# registration_from_features.py FastGlobal FastGlobal_config.json euclidean True --use_random_keypoints=True --n_keypoints=5000 --input_txt=/benchmark/point_clouds_registration_benchmark//planetary/box_met_global.txt --input_pcd_dir=/benchmark/point_clouds_registration_benchmark//planetary/box_met/ --input_features_dir=/benchmark/experiments/FCGF/3dmatch/features_normalized/planetary/box_met/ --output_dir=/benchmark/experiments/3dmatch/results_normalized/FastGlobal
id;initial_error;final_error;transformation;status_code
7680147070030;7.545142590457825;6.1477113371140115;-0.9868009490129215  0.15734338776476636  0.03830072262902621  -141.2390789910242  0.09006786752307826  0.3367172976289456  0.9372882377995082  6.23902333123146  0.1345795908265612  0.928366586970991  -0.34644453225413785  8.348362525900347  0.0  0.0  0.0  1.0;ok
7680147070061;10.640926713711309;11.012578725069242;0.9962324970347909  -0.021589920710266386  -0.0839921852052438  9.511147266804189  0.022170533920903505  0.9997362826936501  0.00598602468616764  10.08927648419534  0.08384079721406307  -0.007825623911596325  0.9964484333536294  22.0244621763347  0.0  0.0  0.0  1.0;ok
7680147070092;9.025949366333345;5.920786105620093;-0.16811678117407722  0.9808462129781729  -0.0983740533578006  -114.33550332438139  0.24559492034056218  0.13832330987429683  0.9594528633801298  36.065540164235564  0.954683132243669  0.13713995928173192  -0.2641453171601275  73.18160531209769  0.0  0.0  0.0  1.0;ok
7680147070123;4.786994884202932;11.91608396094248;-0.39402144359599195  -0.3774485060630635  0.8380213167081688  12.566018136852518  -0.809771446152217  -0.28873455424602806  -0.5107862196466311  18.480648642525335  0.43476120685162367  -0.879866457171262  -0.19187941672261458  27.47788161290154  0.0  0.0  0.0  1.0;ok
7680147070154;3.7582018651582403;6.016039562083047;0.7380630562630806  0.664519434237019  -0.11694805043656807  -5.35286921243795  -0.565169508689997  0.5141809853109358  -0.6451366838056733  -18.218412787566177  -0.36857340032442604  0.5422470247645312  0.7550641116536416  -19.551906491036156  0.0  0.0  0.0  1.0;ok
7680147070185;16.676848449888578;15.408114034155696;0.9929015683652738  -0.10919408518950685  0.047150050873835905  -14.13569207032448  0.1095004984380295  0.9939788618108393  -0.00395766535345064  38.532652512263155  -0.04643400025414241  0.009092526208569535  0.998879977568649  -0.020212178420497887  0.0  0.0  0.0  1.0;ok
7680147070216;7.156480767462807;10.466248541478011;0.8479285794385332  -0.45794451377594847  0.2670279881845  -8.798550369980031  -0.14293386288798562  0.2875621596946299  0.9470363853367398  18.33182774456831  -0.5104772619924114  -0.8411865587456032  0.1783763952277879  -30.21802586707717  0.0  0.0  0.0  1.0;ok
7680147070247;4.543534224825502;6.668107332295242;-0.5629881163867219  -0.1062956010573553  0.8196008943401584  -145.29198918262514  0.678372437606921  -0.6258881729060581  0.3848049257891057  62.68076033132363  0.47207543539415076  0.7726352569046859  0.4244756095292801  37.18231772455076  0.0  0.0  0.0  1.0;ok
7680147070278;7.860980928997323;10.15115945844438;0.7559124641631925  -0.3361138731344609  -0.5618040679892622  -15.58018560854876  -0.0705690204196611  0.811311417599905  -0.5803393809048648  -7.641272627610564  0.6508581718621502  0.47833173421652075  0.5895611861051188  30.36357545332727  0.0  0.0  0.0  1.0;ok
7680147070309;12.21597775439826;10.39766259424358;0.9913778116680433  0.022753936795463378  -0.1290437634781009  -7.930769967015481  0.028434288060566356  0.9239850721756591  0.3813700009951373  -3.115687100260084  0.12791218000946075  -0.38175102456555376  0.9153713068740882  6.222972026810212  0.0  0.0  0.0  1.0;ok
7680147070340;9.621421568796105;11.665192200298627;-0.22984465745258847  -0.3794217930021559  -0.8962201383786962  19.690341004185637  -0.8132528209316165  0.580714906165747  -0.037283334127657344  -7.049633293281528  0.534594503046252  0.7202841805509373  -0.4420400621672142  -36.64816906941899  0.0  0.0  0.0  1.0;ok
7680147070371;4.530868269138677;10.830114922472513;-0.08578935914983314  0.7855843466047709  0.6127784430169  -30.736505369736943  0.4674176866688517  0.5748944003167926  -0.6715780927587908  15.792595964473865  -0.8798641327192509  0.2288092280786563  -0.41651584015526855  -36.192290043486224  0.0  0.0  0.0  1.0;ok
7680147070402;11.153679177023038;13.589180775704131;0.8237071338592488  -0.07070512735836028  0.5625898529076232  -0.6327977249348182  -0.1270946681246225  0.9439259114038501  0.3047143237767211  -9.981144541006953  -0.5525880047229348  -0.32249753292955685  0.7685322623616244  4.376535937575603  0.0  0.0  0.0  1.0;ok
7680147070433;6.5184452824883925;10.446954433644933;0.9922379063307407  -0.10389090828250697  0.06834190820151591  -10.882503911234174  0.08515433819380533  0.16714292296395578  -0.9822484319100946  10.521210915753764  0.09062381545247186  0.9804437375389279  0.1746923054789061  2.8517506798573153  0.0  0.0  0.0  1.0;ok
7680147070464;13.779157588035384;11.352361618687253;0.5883479201446233  0.278469918646927  0.7591450647078396  -26.821727501901325  0.5915674281174259  -0.7882764224605099  -0.16931703925888109  69.77450236748855  0.551266453588489  0.5487028213902624  -0.6285145272357173  -5.61349273093861  0.0  0.0  0.0  1.0;ok
7680147070495;6.966857986828599;10.834602096960113;0.994288053397435  0.007984583242630952  -0.10643079113480493  -12.662984269316086  0.009303529017485865  0.9869179743632969  0.1609545160176223  25.066511724864124  0.106323615528065  -0.16102533437036454  0.9812064667907323  9.99173613909659  0.0  0.0  0.0  1.0;ok
7680147070526;7.628096793483198;10.005877455605196;-0.2700564597709258  -0.2535550782749624  0.9288591555327268  -35.63775653000636  -0.2458896085069815  0.9508764271781517  0.1880753058357118  0.4262404632937819  -0.9309177240574368  -0.17760586284774052  -0.31913688053534583  -37.89789646554989  0.0  0.0  0.0  1.0;ok
7680147070557;12.205672054688245;11.343968363172086;0.7512516380367547  0.44379219079888466  -0.48853809240735635  -58.642624871435466  -0.20450287344098406  0.8602792499534905  0.46700983592836864  -30.72643498641986  0.6275345019211878  -0.25093446053778223  0.7370429739256317  86.09546593942048  0.0  0.0  0.0  1.0;ok
7680147070588;13.972588475444184;10.208660574471278;0.19679142211386225  0.013415447083813006  0.9803535902733999  -69.60859726951203  0.7007502030940248  -0.7012632141872172  -0.13106890283929426  114.20748891200864  0.6857275618247287  0.7127762132726891  -0.14740346246461966  63.95679593231913  0.0  0.0  0.0  1.0;ok
7680147070619;9.983295395716265;7.113335392427514;-0.5497531539091095  -0.17538067539247068  -0.8167086925372279  -2.5371388160396493  0.5447839881090356  0.6658907520201163  -0.5097057118319318  -29.59611456601739  0.6332312974474652  -0.7251421412888407  -0.27053095730440213  -16.379427739824287  0.0  0.0  0.0  1.0;ok
7680147070650;4.983189947689928;14.27028165620062;0.9959382448958248  0.08190012427836293  -0.03740831454389117  3.6398787571436926  -0.07523049123194704  0.9851951710444944  0.15404820070226968  -18.436728950329574  0.04947105762792925  -0.15060824875748222  0.9873549361113149  7.056251553217523  0.0  0.0  0.0  1.0;ok
7680147070681;5.274194441851744;8.295563254413938;0.9994902554240375  0.011487874511093739  -0.02978687717116842  -12.127332586153843  -0.0010409924930009824  0.9442469076153546  0.32923653168120537  -3.029556099530129  0.031908394616815536  -0.3290376972294474  0.9437775416669555  7.876720008586388  0.0  0.0  0.0  1.0;ok
7680147070712;11.641878817863354;15.811829554819269;0.8019246113744063  -0.017028872029000063  -0.597182497390394  7.894627182431597  0.08436716283275837  0.9928042304829041  0.0849820085123843  1.7698580251106262  0.5914381620318044  -0.11853175714831918  0.7975908243201983  20.06384300476693  0.0  0.0  0.0  1.0;ok
7680147070743;6.384964124188179;2.261080323898602;0.8015066089538426  0.29246315583765514  -0.5215864820725238  -8.94154978134355  -0.28848037601150484  0.9531380135047205  0.09114274446457743  -17.509085907836944  0.5237997980713363  0.07741595242424952  0.8483162982347288  42.689570220826276  0.0  0.0  0.0  1.0;ok
7680147070774;9.308681426379255;10.713494989634407;-0.25239130853246916  0.9460257945224644  0.20330721451883607  -107.78054446168771  0.7029040548825289  0.323647492442135  -0.633386288346706  85.80624361138587  -0.6649996368472451  -0.01695572865018715  -0.7466511811140286  -64.62346790619239  0.0  0.0  0.0  1.0;ok
7680147070805;5.341016645242467;9.103790395129923;-0.5736880072473447  0.6080852017483569  -0.5487389705089565  -161.03889002340276  -0.735589825663672  -0.6771710590583184  0.018627000669020427  -38.701733029267615  -0.3602633463463338  0.4143328905463517  0.8357862029794748  -32.91743535986421  0.0  0.0  0.0  1.0;ok
7680147070836;8.834749328032757;9.09541408161396;0.6305791462783146  0.5686303495597643  -0.5282323975661217  -65.92724600737307  -0.32797341409644365  0.812077168999831  0.4826635590503408  -33.932473351633526  0.7034226182920456  -0.13111139213950562  0.6985745650439942  45.4598599964946  0.0  0.0  0.0  1.0;ok
7680147070867;6.947504153427572;9.996046505122392;0.5410856208519753  -0.3337938412650324  -0.7718860164822042  -56.94147851136983  -0.8403386687998556  -0.25009374120340083  -0.4809199957691222  -52.83230595350541  -0.03251572891568643  0.9088645620467443  -0.4158219994524834  -14.793261311857881  0.0  0.0  0.0  1.0;ok
7680147070898;5.179162056037483;10.56972107426055;0.8988478320788529  -0.12214897633744948  0.4208945263921346  -0.20919549857394776  -0.43029823287388036  -0.42820549958073356  0.7946593489756668  0.4024831209868548  0.08316252493017817  -0.8953880040007959  -0.4374520736477414  3.0160490551110692  0.0  0.0  0.0  1.0;ok
7680147070929;8.17206455727507;7.132499169442579;-0.02821183683110451  -0.9913184716198925  0.1284203258359843  -34.2898762796869  -0.9140310841752767  0.07759120065516367  0.39815421979712656  -46.64367136477208  -0.4046619199084386  -0.10614750777147511  -0.9082848876701204  -56.065233250820164  0.0  0.0  0.0  1.0;ok
7680147070960;5.592350273903463;9.777499099845828;0.37249636395160995  0.30568627499447515  0.8762433224412216  -60.49745691888805  -0.7614430704853269  -0.4390855628617468  0.47687348311293276  -16.90419977901936  0.5305194711343846  -0.8448430444564166  0.06920492020736858  33.41260360224449  0.0  0.0  0.0  1.0;ok
7680147070991;17.11154694703765;12.52496349440326;-0.9657855400127243  -0.2528564855933448  -0.05763582562706129  -169.28740038772847  0.16741985094275616  -0.777603799378151  0.6060552158862823  22.4060175992406  -0.1980628289524208  0.5756699826168152  0.7933317004263218  -37.95241717797618  0.0  0.0  0.0  1.0;ok
7680147071022;5.46570017122073;7.35625650741623;0.06468274221739312  -0.22697019306932445  -0.9717513438721401  -36.58260518658281  0.7418698510362834  0.6622253199028778  -0.10529363609892516  39.37171349965061  0.6674168614761244  -0.7141023436018155  0.2112168929791252  28.656950717823882  0.0  0.0  0.0  1.0;ok
7680147071053;12.38045077372445;7.982324418080034;0.8680562365297689  -0.09791348946123209  -0.48671482287197476  8.48956270070646  0.1558341212084567  0.9845491827967978  0.07986634661324765  0.6825758508458505  0.4713746884262681  -0.14517525696786177  0.8699023208816918  42.967894370898925  0.0  0.0  0.0  1.0;ok
7680147071084;11.24151187209145;7.352099114673942;0.9690481270961274  -0.006750674972995273  0.246779569168313  17.527982778520354  0.10957505077532853  0.907525526923695  -0.40545126245882374  -2.7552844820870983  -0.2212216888532258  0.4199426703364142  0.8801756177102663  -19.83160308083316  0.0  0.0  0.0  1.0;ok
7680147071115;12.186276135943615;8.671772367092899;0.8947689679295124  -0.1075074478843836  -0.43339432700456487  -36.85131437906811  -0.04949797107742136  0.9407223609847953  -0.3355464057360967  -18.45103849858231  0.44377747226461584  0.32168865101613525  0.836407775500591  38.745648020246826  0.0  0.0  0.0  1.0;ok
7680147071146;10.370233813456165;10.009027206078727;0.9900843668499653  0.1404720196839848  0.0007471313193089735  5.854694318640355  -0.1380208942487726  0.9717910315596455  0.19123917938281176  -18.576385140613947  0.026137698255109674  -0.1894460415689505  0.9815431819659194  -0.6742466684967539  0.0  0.0  0.0  1.0;ok
7680147071177;13.127472395246876;14.535083887367696;0.9388823081576219  -0.04066935619760612  0.3418274636349296  -10.118447930420322  -0.16658585494691175  0.8153019637374399  0.5545555525440888  -24.62311816141655  -0.301246019658722  -0.5776060174481791  0.7586976500869302  -10.36736675158183  0.0  0.0  0.0  1.0;ok
7680147071208;5.015205060735113;10.204686696063954;0.15012581172449257  -0.8919828722097902  -0.42641387915783974  -34.77153760422309  -0.9092076844495545  -0.2939682606286759  0.29482884574076423  3.488555591971321  -0.38833442699809995  0.343437355899624  -0.8551299055586428  -31.93812168844985  0.0  0.0  0.0  1.0;ok
7680147071239;9.39637988401389;11.55547135259765;0.6620904228171589  -0.7461237752523134  -0.07025371176694795  -0.9567338020709082  0.24376072817185748  0.30305205998783435  -0.9212709462141175  58.11815638295476  0.7086726884923129  0.592839574370981  0.38252354129479466  47.07233876876188  0.0  0.0  0.0  1.0;ok
7680147071270;4.313719660974628;7.441278684743167;0.43926443129760206  -0.032338908911447174  0.8977755590163998  -11.579423125124134  -0.19553787315950072  -0.9788335201834586  0.06041423611630738  62.82768187139828  0.8768190802879778  -0.20208694845455782  -0.4362902310472597  27.469099599970978  0.0  0.0  0.0  1.0;ok
7680147071301;6.640988931646057;8.841514098968894;0.9140951874807519  -0.3613810068791257  0.18393954466496326  -11.778286435283947  0.3160844462586029  0.9191546459182692  0.23504331456191585  39.69496714214132  -0.2540090767234844  -0.1567115335700878  0.9544217538322316  -36.64745439586353  0.0  0.0  0.0  1.0;ok
7680147071332;4.276455914839723;7.604739284998916;0.9116558057878729  0.29746793783716213  -0.2835427970027979  -14.42722429419523  -0.2350596221517661  -0.18849910449857746  -0.9535276931673795  30.012395711467246  -0.33709147987917637  0.9359385201828905  -0.10192360193167445  -35.63826914132143  0.0  0.0  0.0  1.0;ok
7680147071363;8.047719219794603;3.1974986798519245;-0.9312839651055164  0.18742738809670403  -0.3123798177357075  -163.51295435563125  0.2220885641697146  -0.3876122731429368  -0.8946694335753291  26.165605989088426  -0.28876780638149574  -0.9025672827552603  0.3193516151476402  -13.569426516594591  0.0  0.0  0.0  1.0;ok
7680147071394;5.638151908042061;9.329584735403897;0.9206704969367818  -0.01902878575178063  -0.38987657198527914  -10.467056018871586  0.2893605582707876  0.703644041358727  0.6489649685287929  40.82688573881306  0.2619853113962624  -0.7102978025963271  0.6533304892926949  17.103129191229545  0.0  0.0  0.0  1.0;ok
7680147071425;4.625670294189547;6.829298394839955;0.7678777515832328  0.17078163353918535  -0.6174118497965246  -16.91747460365322  -0.31217466842849134  0.9413815379402737  -0.1278584233312933  -28.940012069462966  0.5593842463057391  0.2909199781226628  0.7761796385593156  17.175478225693556  0.0  0.0  0.0  1.0;ok
7680147071456;10.740948031687811;9.741159195306217;-0.874308255399653  0.27612128940244174  -0.3991767880009416  -155.36254718757263  -0.4815962381883616  -0.3911444822723413  0.784264660271466  29.549341976214926  0.060416371149161145  0.8779311063669152  0.47495982416466714  -22.94682189063719  0.0  0.0  0.0  1.0;ok
7680147071487;5.184678901374177;8.192754765264151;0.4944437781875167  -0.2253235446069922  -0.8394966649471555  -3.37675448408504  0.37708916138197024  0.9258008790081559  -0.026391225738244605  -5.475832934701818  0.7831533148623553  -0.3035161160028664  0.5427235509415785  20.46449099845128  0.0  0.0  0.0  1.0;ok
7680147071518;11.14494275938262;5.783324078229697;-0.9914856824112459  -0.04365748504394723  0.12267911628774653  -206.533798144161  0.0788209979939747  -0.9511337865589296  0.2985494437129406  105.36092858799556  0.103650334532691  0.30567718931204263  0.946476657971844  -18.8945787659688  0.0  0.0  0.0  1.0;ok
7680147071549;4.676713782906976;8.601466304301027;-0.10990695910508332  -0.7694355525960292  -0.6291974179393266  -79.29790617208816  -0.8541236143303543  0.3968601426623758  -0.3361173583872933  -63.13277131226628  0.5083240224340443  0.5004707359748837  -0.7008107666476248  28.98062933475121  0.0  0.0  0.0  1.0;ok
7680147071580;8.191691125457401;8.56350222056342;0.7663193206191968  -0.4412232639702214  0.46698686295997205  29.242507160502594  0.14957388786606532  0.8294266200121772  0.5382184817374837  7.982010753755138  -0.6248058505762903  -0.34259818059446384  0.7016011229601918  -13.427316860416767  0.0  0.0  0.0  1.0;ok
7680147071611;7.069420706677954;4.916283272735836;0.10191684274252812  0.1426516982010606  -0.9845117826444468  -103.9748990080343  0.9902113634355482  -0.10942045556286692  0.08665229153073342  141.23181688075695  -0.09536463122409382  -0.9837060825799385  -0.1524071199344849  26.499616434261622  0.0  0.0  0.0  1.0;ok
7680147071642;6.993248935970075;1.9215599729408328;-0.5748239445181578  -0.4834809843523549  -0.6601693499233838  -116.97132799232818  0.38451614403411577  0.5525580167563772  -0.7394775000602749  58.313926756217384  0.722305176352572  -0.6789151463091222  -0.13171733495004603  82.36866477854824  0.0  0.0  0.0  1.0;ok
7680147071673;7.0415274715101805;7.28804467346302;0.19688990749705093  0.7028135147234592  0.68358432387516  -14.789176346681618  -0.1971756876424208  0.7113714204590794  -0.674590579801384  4.557666730167624  -0.9603937278681796  -0.001966132266187541  0.278639591220218  -22.007190981033524  0.0  0.0  0.0  1.0;ok
7680147071704;12.282270297937805;10.91842156183562;-0.8202947998566972  -0.24468149310112416  0.5169597743169829  -77.8581796225714  -0.10997249121638894  0.9544796799886776  0.2772626762915892  3.0238608204114636  -0.5612686455733322  0.17058577731603966  -0.8098629514144715  -58.70622147855342  0.0  0.0  0.0  1.0;ok
7680147071735;4.789280693794925;9.200904351192142;0.04637694998876298  -0.25039394040383806  0.9670326018903278  -57.77146630122914  -0.07142235286358566  0.9647654195416258  0.2532321716688061  8.878049351273065  -0.9963674151743273  -0.08081187948383245  0.026859153246543154  -95.7824903428399  0.0  0.0  0.0  1.0;ok
7680147071766;3.53254216882476;0.19355818750535825;-0.27759814327275345  0.5568116794295914  0.7828793166908399  -9.234639029622974  -0.27912017488596985  0.7330089727035619  -0.6203142541548552  -4.191860494739264  -0.9192557853084992  -0.39071549698836694  -0.04806455648383895  -0.16056068388489864  0.0  0.0  0.0  1.0;ok
7680147071797;10.169462079789488;5.118972956041016;0.9760733750055087  0.21403719078163502  0.038325547193230426  1.410156408356436  -0.1887548208709839  0.9215375181700692  -0.3393231795838778  -16.909674613103075  -0.10794620976818495  0.3239701893187958  0.9398887871601764  -30.620676611957823  0.0  0.0  0.0  1.0;ok
7680147071828;7.018945707073733;6.254984379755975;0.250369804702374  -0.038974042943193156  0.9673654867060105  -31.930034241349173  0.9226025800968899  -0.29326480808683925  -0.25059974368771537  65.49468795127461  0.29346113898070825  0.955236502817209  -0.03746710015058426  2.09724027912774  0.0  0.0  0.0  1.0;ok
7680147071859;4.7455868592045904;8.037652368603334;0.6796275751214984  0.6850570681079756  -0.262303588556802  -28.17291784031079  -0.12493027316537493  -0.2442606957271655  -0.9616283790371951  13.9386360017451  -0.7228407749852637  0.6863188223837262  -0.08042193768194333  -63.949183702425785  0.0  0.0  0.0  1.0;ok
7680147071890;12.81657994950246;10.522551203577038;-0.32154646979015883  -0.9089667148509112  -0.2653061986811254  -6.738348688443006  0.44074467990988825  0.10430983742937792  -0.8915512239611281  44.47298858139601  0.8380644336186902  -0.4036074443176173  0.36708178379590584  33.8187445486081  0.0  0.0  0.0  1.0;ok
7680147071921;5.809282512621437;10.188364310793089;-0.10638768449568485  0.30774761681125784  0.9455014885946171  -87.0907093044008  -0.9304045303936571  0.3046252653318767  -0.20384027458881324  -43.70661064910474  -0.3507550005496795  -0.9013849633028472  0.25392140028150284  -14.39127008878372  0.0  0.0  0.0  1.0;ok
7680147071952;7.620338600713327;8.588902438292088;-0.07140107886329607  -0.9585206976228541  -0.2759346990970017  -56.47371889750466  -0.3764727425675579  -0.23028161355484023  0.8973509082640079  -12.033568407742518  -0.9236721063455472  0.16795371590761046  -0.34441456019164984  -28.447079184265075  0.0  0.0  0.0  1.0;ok
7680147071983;7.6997636782443;3.3528922489960498;-0.8497406346239575  -0.2922244282088193  -0.4388003389092829  -138.78760094550321  -0.32199394819842575  -0.3713715004915573  0.8708634255417081  30.229546980337936  -0.41744550685384346  0.8812990934868139  0.22147495710996198  -55.472378043980264  0.0  0.0  0.0  1.0;ok
7680147072014;9.99620546943226;5.268609925005227;-0.7297085258745505  -0.5693378885916807  0.37865529955351057  -6.918441157064723  0.28214518038982767  -0.7551588884277399  -0.5917171202621873  38.81889266244182  0.6228318910017244  -0.32494525976316435  0.7116818205551315  4.731969490296292  0.0  0.0  0.0  1.0;ok
7680147072045;5.258513746846423;6.751610731711165;0.3732393902999386  -0.8073235288000482  -0.45707885246899105  -27.244063655625176  0.916100827849949  0.39850419182305946  0.04420047864093947  59.622489831891635  0.14646375231151246  -0.43522767483845803  0.8883272146644741  6.410806473692439  0.0  0.0  0.0  1.0;ok
7680147072076;3.639515980188402;8.50690467906547;0.9351057466042311  -0.18244051301329156  -0.30379713935320096  7.1514578812014085  0.19758869898851064  0.9800887864591671  0.01961317641341408  9.46583078759607  0.2941699316717618  -0.0783672754945764  0.9525348400094289  27.939363329128778  0.0  0.0  0.0  1.0;ok
7680147072107;12.029334697397971;6.354720215786395;0.9762234327716134  0.0565283489310207  -0.20926623013458254  -6.912385400018793  0.10126083646328204  0.7346635027741413  0.6708321553789629  33.78532929682085  0.19166129579642222  -0.6760725430445779  0.7114716187135465  40.354360703139264  0.0  0.0  0.0  1.0;ok
7680147072138;7.590759405643051;3.847698700176577;0.9736205485211207  0.15735144271192075  0.16523786180506392  -4.696658107987812  0.00661986963927692  -0.7433519933648544  0.6688676934091377  46.003661293579434  0.22807719049346295  -0.6501294774404388  -0.7247844215624603  -2.3530758834811376  0.0  0.0  0.0  1.0;ok
7680147072169;13.198998208144786;12.916195822693007;0.8321573244871769  0.020654866016953263  -0.5541548193530086  14.396731821499102  0.4441761378561545  0.5734466345098587  0.6883796306751871  -6.597719083879498  0.3319966051957969  -0.8189824991287292  0.4680234184945539  -11.629637531203478  0.0  0.0  0.0  1.0;ok
7680147072200;7.797457719238535;10.436131441964115;-0.07663522017326371  -0.5071019442907679  -0.8584722832599315  -53.19976545838285  -0.24829120031387844  0.8435865458126977  -0.47614411638756404  -27.774916118091426  0.9656492752939296  0.17666170445323903  -0.19055739110301562  35.95313538543396  0.0  0.0  0.0  1.0;ok
7680147072231;7.013635858444267;5.305309600800188;-0.9559436225873222  -0.22915377346597673  -0.18346754083742378  16.228477375075684  0.16032507058467482  -0.931110857370071  0.3276101998253289  55.37060644499135  -0.24590173276462846  0.2837624347828244  0.9268285809304095  -11.134306413771476  0.0  0.0  0.0  1.0;ok
7680147072262;9.795586259580043;6.487987554746588;-0.9215329493189383  0.04305545931992151  -0.3859057537045654  -18.584945255195596  -0.38518604804153767  -0.22697649142299667  0.8944905705123171  -10.957368476860863  -0.04907883162506318  0.972948045768147  0.22575067778915292  -17.716030898404867  0.0  0.0  0.0  1.0;ok
7680147072293;5.948491848371334;6.903217761737137;0.6181213451662356  0.09910006912023085  0.7798109892469137  -43.577360564278024  -0.5602430661582736  0.7514075488022816  0.34858915993548195  -54.32413164873163  -0.5514106541149351  -0.6523541000892947  0.5199811714141451  -42.14118066602689  0.0  0.0  0.0  1.0;ok
7680147072324;9.966999431357419;7.792496492328231;-0.5435624138266768  0.007979121763375762  -0.8393308262483887  -84.88045259734092  0.2694100580303867  0.9487059180679691  -0.16545483267307723  7.236474143169751  0.7949579378224857  -0.31605919483333794  -0.5178305344939793  55.30307399907549  0.0  0.0  0.0  1.0;ok
7680147072355;6.355915528172526;5.612392171441254;-0.7818666467801452  -0.2806611748777959  0.556699067332599  -139.55933185733508  0.4434831480199815  0.37722143242841666  0.8130354779091381  50.0607355443577  -0.4381863120580758  0.8825719777065604  -0.17046835510461789  -55.08044974262652  0.0  0.0  0.0  1.0;ok
7680147072386;11.538831244630613;6.492766164082469;0.8566873884284446  0.4390455823701479  -0.27078717678078196  -37.18253240731652  -0.44548636604247044  0.894362724014233  0.04070891258821214  -46.761923692348304  0.26005502528873087  0.08575718334401314  0.9617780873605825  30.031906300470606  0.0  0.0  0.0  1.0;ok
7680147072417;7.834517591994063;5.988608195615518;-0.4035129779200416  0.7442136229821169  -0.5322812790413817  -110.59796802743419  0.19607320862473573  -0.497897908881282  -0.8447798347446803  29.84989299726204  -0.8937183972089308  -0.44524572507714866  0.05498791495250496  -65.56457322865116  0.0  0.0  0.0  1.0;ok
7680147072448;5.93768874259482;5.807456247544455;-0.7589539557577696  0.12382459170122415  0.6392623589181966  -55.23304764947326  0.32665222569063385  -0.7768776000136822  0.538293152518528  6.578916960944595  0.563282537001627  0.6173561898021319  0.5491667491955482  10.853218124524096  0.0  0.0  0.0  1.0;ok
7680147072479;5.153023825453306;7.482234981477067;-0.8202763150087484  0.18311672248794536  -0.5418625591244915  -75.77415329807529  0.5091706829780688  0.6653553317991925  -0.5459372656652329  20.12141355055979  0.2605609000431879  -0.7237199378154903  -0.6390128863935574  22.598992760240908  0.0  0.0  0.0  1.0;ok
7680147072510;6.21722142776577;8.868599018466432;0.9225753586695834  0.24911348920020449  0.29461360639690365  -5.212972018155075  0.03769756377427037  0.7017524321776025  -0.71142281212954  5.35588590229982  -0.3839708338678531  0.6674473712820485  0.6380285301673481  3.860410201460158  0.0  0.0  0.0  1.0;ok
7680147072541;5.285545613066368;6.902696594838504;0.3213481445477047  -0.8726572177898608  0.36770198562831913  -42.44771707695684  0.7709096220566128  0.015578469432687808  -0.6367540073769974  75.73144934690448  0.5499397463507039  0.48808471757410676  0.6777459581984439  43.05591536160608  0.0  0.0  0.0  1.0;ok
7680147072572;4.133908943366591;5.045967543797932;-0.10226287853280598  -0.8618618040317554  0.4967258141322179  -64.09333216353517  0.9342047937388437  -0.25476555522672073  -0.24971166417567484  117.64502138031463  0.3417655732070577  0.43850740315432635  0.8312084878953655  6.094294402551015  0.0  0.0  0.0  1.0;ok
7680147072603;10.39505673399153;7.839895443757283;0.9590681332458293  0.1829961204600742  -0.2161035300242011  -12.813060470439526  -0.15490577827920018  0.9778745229596654  0.14059024575737902  -15.609828357109741  0.23704960588044457  -0.10135993904382047  0.9661954497455254  12.769356689061551  0.0  0.0  0.0  1.0;ok
7680147072634;11.94624995620377;7.100599813350707;-0.20024355666353535  0.5752038047050393  -0.7931223745851483  -66.1547664821822  0.8614284298453342  0.4890077283460788  0.13715867406769158  52.475214633298826  0.46673716186836595  -0.6557530210915196  -0.5934175570880993  33.634251434404035  0.0  0.0  0.0  1.0;ok
7680147072665;11.239001758552085;6.783387389638474;0.5991219254269736  -0.550252490041893  -0.5816142326967035  2.418994914322323  0.7168347376936537  0.6922233163638752  0.0835155022607766  2.599355384346523  0.3566523199256509  -0.4669572544515139  0.809166265489828  25.80832931419025  0.0  0.0  0.0  1.0;ok
7680147072696;15.19552852059494;10.368855721667853;-0.46908947155033665  0.5125837231127198  0.7191752182052217  -28.089063769383152  -0.19772924673558445  -0.8546134391261022  0.48014478509136627  64.55040949158526  0.8607312081399187  0.08302888933954089  0.502242959999478  -11.051277070595068  0.0  0.0  0.0  1.0;ok
7680147072727;7.340738161603139;5.252448442526748;0.9486877236215784  -0.1191105430129368  -0.29292367878488756  7.381454423040407  0.049685398151579845  0.9709869943416649  -0.23391369782433724  -5.19477205554752  0.3122866700008629  0.20735702390442393  0.9270814960818017  40.259901240867855  0.0  0.0  0.0  1.0;ok
7680147072758;6.227684121791451;5.544356770738765;0.9459944042341192  0.3073321189679248  0.10315791684799426  7.763222005484008  -0.3170599019981645  0.9434555560378712  0.09677103040778513  -5.764081171784074  -0.06758406396959883  -0.12425209226389454  0.9899463681762758  -3.552266184913004  0.0  0.0  0.0  1.0;ok
7680147072789;6.637018428023015;5.704177779844651;0.32468030038797296  0.9452908017659349  -0.03174905725676733  -16.761251185539493  -0.08473465619931829  -0.004361511517973599  -0.9963940060317804  6.13923186477341  -0.9420205627154636  0.3261997506344788  0.07868279422621324  -10.290221887035655  0.0  0.0  0.0  1.0;ok
7680147072820;9.269843228857026;4.540017009053289;0.6652665987682503  -0.6894079855095735  -0.28659550254488503  -34.52701465517683  -0.42723474437403175  -0.03672157171750207  -0.9033947085135331  -28.451973812636446  0.6122832888157074  0.7234418813465443  -0.31896867957652575  55.3867025935126  0.0  0.0  0.0  1.0;ok
7680147072851;4.2982496682405245;7.596927017376809;0.9375932454291637  0.1702355336995179  0.3032140649634284  -6.03123772016317  -0.30946861788363245  0.01083931201531741  0.9508478762979011  -16.238915803454045  0.1585814638310552  -0.9853437838546876  0.06284542105933304  -2.511403013057842  0.0  0.0  0.0  1.0;ok
7680147072882;5.601886242782262;3.6616646533907726;0.47013062671197214  -0.38663918502745465  0.7934023786381755  -28.36200700868523  0.5797089192847863  0.813115101030086  0.05273899296058741  63.453878326674804  -0.6655184165213389  0.4351482196655968  0.6064084961416591  -90.44164890918634  0.0  0.0  0.0  1.0;ok
7680147072913;9.333520172556803;8.574279434855182;0.3384309077942043  0.9408015822401982  0.018891889898333826  -37.584112446352044  -0.9103973605601591  0.33243945085551535  -0.24629384360958068  0.31068647765379326  -0.2379940472673382  0.06615432237747787  0.9690110624219367  8.342609121312167  0.0  0.0  0.0  1.0;ok
7680147072944;12.394403615909951;5.705260186124086;0.828826658582127  -0.004366546646781676  0.559488429991156  16.88037889436187  -0.5484692827277129  -0.2039726466894698  0.8109109724912115  -29.462042615034466  0.110579455269662  -0.9789668496291763  -0.171452883905144  0.01003114795633332  0.0  0.0  0.0  1.0;ok
7680147072975;12.294303809821267;6.4139513747438555;0.9813830641080611  0.1832325829280494  -0.05755955207773247  18.85804058238202  0.02036211031774039  0.19874265786727482  0.9798401606421627  -11.328342645886826  0.1909781818566768  -0.9627705731363876  0.191311676479381  7.147019925842217  0.0  0.0  0.0  1.0;ok
7680147073006;9.313901487860747;6.595864250331039;-0.7130298846825416  0.11970389744668884  -0.6908396054698025  -6.391120667199465  0.1364711729757094  0.9901677773916464  0.030714679909115195  3.8575645758532673  0.6877237835761061  -0.07237920662288214  -0.7223553474242493  -24.84485050584445  0.0  0.0  0.0  1.0;ok
7680147073037;7.4401367907240505;2.4647218898617433;0.608783615793122  0.5518770944699818  0.5699247158539642  3.538916597563536  -0.6532194490717197  -0.058978199835923575  0.7548681496119407  37.22635762728805  0.4502075748988355  -0.8318372704703036  0.3245918898558994  7.735841659298345  0.0  0.0  0.0  1.0;ok
7680147073068;14.611710614672843;7.251874550563564;0.10734364004589224  -0.6297669878981832  -0.7693314525582261  -78.35103101018159  -0.6297205025863629  0.5557336467289968  -0.5427819106378453  -55.13850933314871  0.769369502621514  0.5427279749993925  -0.3369227115956762  89.33439612253606  0.0  0.0  0.0  1.0;ok
7680147073099;5.832775091072886;4.9128572467418055;-0.6147241330429709  0.7867956454767461  0.055379170392811664  -98.95919109896255  0.38871843924062344  0.24111574080538897  0.8892475327658781  40.28232826343209  0.686303296836683  0.5681688233216395  -0.454061640040647  23.464693796030037  0.0  0.0  0.0  1.0;ok
