# registration_from_features.py FastGlobal FastGlobal_config.json euclidean True --use_random_keypoints=True --n_keypoints=5000 --input_txt=/benchmark/point_clouds_registration_benchmark//eth/stairs_global.txt --input_pcd_dir=/benchmark/point_clouds_registration_benchmark//eth/stairs/ --input_features_dir=/benchmark/experiments/FCGF/3dmatch/features_normalized/eth/stairs/ --output_dir=/benchmark/experiments/3dmatch/results_normalized/FastGlobal
id;initial_error;final_error;transformation;status_code
5494384560030;1.9653997219596564;0.19683427507592346;-0.14408759067463472  -0.9771770919202662  0.15608874796035424  8.37172334692909  0.9474543693772025  -0.0907044620131452  0.3067619900166102  -9.766422390346763  -0.2856028434060549  0.19208756231770405  0.9389000927900782  3.296027443808255  0.0  0.0  0.0  1.0;ok
5494384560061;3.2470421696666185;2.847632228546152;-0.3660083067272945  0.6183951990995427  -0.6954317343472716  2.9386503400887776  0.9094732259861061  0.0793198198396681  -0.4081259822591914  -6.027354278774835  -0.19722162817765648  -0.7818540425880259  -0.5914455896088128  -0.7625909989691388  0.0  0.0  0.0  1.0;ok
5494384560092;2.297685819693392;0.08326109810405695;-0.9945437306473832  -0.0793735543755474  -0.06769495325190365  18.385413629136263  -0.006950564228667036  -0.597053890626539  0.8021710175172234  -1.2163268738541633  -0.10408870009222244  0.79826467449932  0.5932445127935072  3.6174899635764466  0.0  0.0  0.0  1.0;ok
5494384560123;8.759025089926762;3.5075243913563714;0.8846986189060193  0.46615444170297643  0.0028965818420304216  3.3678923861178354  -0.01414448565045776  0.02063249998592598  0.9996870677717189  -0.1439153897448247  0.4659488032299956  -0.8844627388561478  0.024847059053691778  -8.629175775588958  0.0  0.0  0.0  1.0;ok
5494384560154;2.6625673868786452;7.405090179711149;-0.8969777626706839  0.2918107074470713  -0.3320804184132677  5.693084017961605  0.41859312074715355  0.8022057093849824  -0.42572972540485865  -1.5559831265251332  0.14216431527443915  -0.5208766752786856  -0.8417106371034964  0.36769090267144977  0.0  0.0  0.0  1.0;ok
5494384560185;6.621620892396294;0.26078434317205573;0.7057297967543701  0.6975121099194873  0.12418659544692617  -2.871361222836922  -0.6993415407464333  0.7139046311338211  -0.03551882644581827  4.877030778420583  -0.11343219719038984  -0.06178215083134623  0.9916229638724653  9.298822547931564  0.0  0.0  0.0  1.0;ok
5494384560216;5.2200031515621825;0.1050935083766616;-0.4481554743541231  0.8429892185410006  0.2975329363785859  7.061240716403227  -0.8355562944816214  -0.276674736133423  -0.4746543680802296  1.8288749794351553  -0.3178086681614775  -0.46132447128797993  0.8283582453457526  7.033310635048181  0.0  0.0  0.0  1.0;ok
5494384560247;8.503686109037535;1.318225206394489;0.9015174395553132  0.3534685631318101  0.24965232034804863  1.3841720594980287  -0.39935836285452375  0.4573645954811479  0.7945631031066829  7.401618031145825  0.16667094586575631  -0.8160132362148905  0.5534827857542779  4.380644055895601  0.0  0.0  0.0  1.0;ok
5494384560278;5.489767218869771;2.214056840342677;-0.8293195165692215  -0.3057687405354944  -0.4676907276702564  1.1251566601184326  -0.5571760519759177  0.3892484778274495  0.7335124195359909  -3.6795256413722237  -0.04223726484900424  0.8689022383561651  -0.4931783791263788  1.8415193818206057  0.0  0.0  0.0  1.0;ok
5494384560309;6.344090179496548;2.3294736009971637;0.2950669196309887  0.8735267247248336  -0.3871518747610335  8.347287017298344  -0.5207891306272436  0.48674719501680347  0.7013243540358438  -0.1421481757982416  0.801070655036122  -0.0053131285300435024  0.5985462190217418  -2.04844061463751  0.0  0.0  0.0  1.0;ok
5494384560340;11.288142510784303;0.10639970291184901;-0.8560923282362484  0.1481043901202096  0.49514746809628246  9.130808752576762  -0.3862940176140556  0.4530999308360443  -0.8034160719278403  8.808107859572615  -0.34334073089371525  -0.8790708403214671  -0.3306835348272969  -2.339606849689686  0.0  0.0  0.0  1.0;ok
5494384560371;4.893298023722126;4.423098190261096;-0.43183205417573367  -0.44404957676244444  0.7850739139491638  4.76353990575692  0.7177671917273873  -0.6962824815858312  0.0009819961593348144  -5.494619092640347  0.5461971580538899  0.5639243559323976  0.6194013120103016  -0.39475360791793457  0.0  0.0  0.0  1.0;ok
5494384560402;1.640061358821845;0.1541242812031916;0.5945615073996151  -0.8030276106009548  0.04053727335699592  0.82218941578176  0.7864095618326071  0.5702747000442407  -0.23737474075330775  -1.9385038116255242  0.16750108947987752  0.17301278305944295  0.9705719766823486  0.9931238665361527  0.0  0.0  0.0  1.0;ok
5494384560433;4.064579359510598;0.052025080700563324;0.18226846219047754  0.8937957014108853  -0.4097651178786985  8.890413296168306  -0.9521017525528044  0.26450067135392297  0.15343287665687305  9.306465077486294  0.24552079438735486  0.3621721123896055  0.8991945843534951  4.79299673630491  0.0  0.0  0.0  1.0;ok
5494384560464;8.086453804333049;0.10246097232082456;-0.8649101959838539  -0.33743429440634687  0.3715756313883668  1.8479482097852502  0.4249969855036848  -0.8861948389402245  0.18448921309521635  2.8421242249202625  0.2670354193659593  0.3174851246817745  0.9098875097559274  -5.163053571117101  0.0  0.0  0.0  1.0;ok
5494384560495;3.79668680245774;3.3245799623928014;-0.8499288692098257  -0.477574051315122  -0.22258468679172272  0.33102583084078807  0.43904220431149044  -0.40835293590978694  -0.8003060805511647  0.5593995311719028  0.29131230684098564  -0.7779273135996189  0.5567461132676769  -0.5164489493635709  0.0  0.0  0.0  1.0;ok
5494384560526;3.919459476654856;0.17169263841520446;0.6617097165142334  0.05993877772329484  -0.7473604177341012  -0.4643953032130068  -0.6098576121380765  0.6228666737650252  -0.49001101990683427  11.078312179844252  0.43613523589351877  0.7800284928372364  0.4487110499800226  -4.073173064675195  0.0  0.0  0.0  1.0;ok
5494384560557;4.769841275602151;0.03306067158831198;-0.9422855104858389  -0.12300234629435108  0.3113975586521635  7.270103427301244  -0.176139762642811  -0.6088415675378741  -0.7734899673907601  -3.0627204991234476  0.2847328585614545  -0.7836978808470195  0.5520369831916274  3.388889248397399  0.0  0.0  0.0  1.0;ok
5494384560588;4.0033637514024445;0.05253095663484168;0.36703525658468056  0.7520047645400185  -0.5475161682844866  9.467977079125513  -0.6644130531712334  0.6238819283861116  0.41149317638194804  2.074900756955979  0.6510302721068332  0.21274438545431734  0.7286284452710923  -7.528092717888737  0.0  0.0  0.0  1.0;ok
5494384560619;2.5680413302481218;4.856999247507204;0.2755386860516678  -0.7654904514528937  0.581466079168309  -1.1175710364937095  0.8113034431376596  0.509630046109713  0.2864680422930123  -7.021809619835905  -0.5156211357594829  0.3928124041277936  0.761467832230254  1.88800999736572  0.0  0.0  0.0  1.0;ok
5494384560650;2.1252762310053015;0.04139000581727535;-0.09061715569081304  0.9663916329801991  0.24057377828926946  10.482371815951018  -0.9958649262268263  -0.08636747201183786  -0.028172832472520483  10.350433002856828  -0.006448240515616092  -0.24213192991456525  0.9702219069419644  -2.122179358284935  0.0  0.0  0.0  1.0;ok
5494384560681;5.499161925361485;0.043911497647411965;0.7739613566821065  0.30301103934881424  0.5560288916913793  2.0291063248390007  -0.2173209118733065  -0.6976475215815385  0.6826855475939788  -3.522164410860111  0.594773435541087  -0.649208938373377  -0.47410158691019316  -10.152797077441072  0.0  0.0  0.0  1.0;ok
5494384560712;3.9543429907625507;0.19645538036063312;-0.1278693077008055  0.983731302270109  0.1261830617875173  3.8620212076726483  -0.7387393195079037  -0.17935963865953938  0.6496878772402316  -2.768125611885614  0.6617504499137988  -0.010141250114019987  0.7496555856425065  -1.2173503043450127  0.0  0.0  0.0  1.0;ok
5494384560743;2.252255054334342;0.21866307716610664;0.49359054693466575  0.8683950723451159  0.04752231374268106  3.2897779260978894  -0.8674103934399823  0.4955163227572263  -0.04541787350209802  10.861748170972323  -0.06298873970030419  -0.018803515838207184  0.9978370841290123  -2.1384239594398387  0.0  0.0  0.0  1.0;ok
5494384560774;4.093777341873709;0.21455797157927012;0.13934338227925178  0.25009200011050836  -0.9581426894235026  8.568622433478176  0.8311748664958932  -0.5554879568383612  -0.024113712138078038  -3.91063657062988  -0.5382673714061748  -0.7930240357569683  -0.28527375552479173  4.148573178482905  0.0  0.0  0.0  1.0;ok
5494384560805;2.4081201720064747;0.39285792548591314;0.6350696739590947  -0.6381101090822442  -0.43531827196263745  3.3740153389001515  0.6608258415106472  0.7406249827280665  -0.1215888241196394  -8.390777901384334  0.39999464547570485  -0.21045218850394187  0.8920281161177976  -1.5871430185261297  0.0  0.0  0.0  1.0;ok
5494384560836;2.3977526989083033;0.07466965707580087;-0.9442342924981446  0.32645130788828297  -0.04302492822256301  16.090235751974223  -0.3126181975258149  -0.9298168268596514  -0.19419199536633935  2.581315995042111  -0.10339953310454465  -0.1699123658439231  0.9800195531146727  3.3921027965461166  0.0  0.0  0.0  1.0;ok
5494384560867;5.82100797182095;0.08969116624574418;-0.09012567892505999  0.24690497259100994  0.9648395185252986  1.8208445941502513  -0.6645293830244093  -0.7364946976474184  0.1263972287450783  0.39298833475834916  0.7418072937734522  -0.6297725739082897  0.23045269375174282  5.689088730084425  0.0  0.0  0.0  1.0;ok
5494384560898;7.426959109966299;0.036282457408201796;0.6582121346691787  0.5161527063232928  -0.5480357374564024  6.923464078609181  -0.7327615370379651  0.6062213058705656  -0.3091217529491355  8.260592951919367  0.1726769110564616  0.6050471982116178  0.7772390702507628  -5.346588101744489  0.0  0.0  0.0  1.0;ok
5494384560929;3.2277640385532322;0.09743463364323236;0.11028075158609998  -0.9523843266770625  0.28425736600742774  7.357412601108889  0.9901928212094792  0.0805993628482762  -0.1141136255390423  -8.562793438556577  0.0857690658385515  0.294054139587131  0.9519326816203201  -6.239068618237356  0.0  0.0  0.0  1.0;ok
5494384560960;7.03502339552627;1.7928779550736766;-0.9226001909320083  0.24241234153051205  -0.3000752311769758  12.86516238874377  -0.36390239243816774  -0.8050339458921107  0.4685033561663737  6.372788557809394  -0.1279997518356947  0.5414393803881201  0.8309389032263023  1.2893190578105347  0.0  0.0  0.0  1.0;ok
5494384560991;7.791752238870199;0.15437061500183885;-0.43184644656565657  -0.8736525314002271  0.2241425907019708  9.079084348790918  -0.6479055973986408  0.12759544671880751  -0.7509578808669213  11.193149184178967  0.6274766796050071  -0.4695217315040955  -0.6211460055391739  -6.0506399391457695  0.0  0.0  0.0  1.0;ok
5494384561022;4.731288337239354;0.024339938833966963;0.21569758154971158  -0.28041300029160127  0.9353304777355799  3.751180177106626  0.8610556417769141  -0.39711252974295025  -0.3176237089470844  -7.295032932051632  0.4604972693488566  0.8738822506428514  0.1557949836600321  2.2425662382848555  0.0  0.0  0.0  1.0;ok
5494384561053;4.703195918816284;4.105175369548568;0.13200572798792334  -0.6491405425851487  0.749126854244751  -6.024792116782281  0.9114786866135889  0.3765189164000018  0.16565056426748132  -2.9512972737743444  -0.389590928574505  0.6609463378862362  0.6413804228437489  -0.609433500478079  0.0  0.0  0.0  1.0;ok
5494384561084;7.769594886748286;0.07553056446284416;-0.5993102244428327  -0.4393916335281457  -0.6691503921120782  17.415495020100536  0.6954177700095037  -0.6998009412011298  -0.16331799609664713  -2.6148571642729816  -0.39651151311568816  -0.5632172183798007  0.7249586090855304  0.489698900797836  0.0  0.0  0.0  1.0;ok
5494384561115;2.7618695788486547;0.3089066428590282;0.4358795951345859  -0.8155568433094006  -0.3806258187203219  10.824450443980757  -0.14335273555499828  -0.48042856539209106  0.8652389188913057  -0.4028026705073748  -0.8885150374384266  -0.3225762373246109  -0.3263213130631964  15.398763236308502  0.0  0.0  0.0  1.0;ok
5494384561146;4.978157980828911;0.2886193490098408;-0.8378363021693669  0.5051475312449233  -0.2070176380029476  16.813605027921273  0.48066278827443015  0.5027969120457755  -0.7184417507393932  -4.324982031145154  -0.25883124760239257  -0.7014422548680628  -0.6640671263887392  2.420574284443716  0.0  0.0  0.0  1.0;ok
5494384561177;7.540163639644457;0.1804317026505606;0.7174631607522599  -0.4553032512699675  -0.5272054270835731  -1.8264450967087014  0.662107211505793  0.6809155980119622  0.31299838474988206  -3.7604957080971864  0.21647321643889392  -0.5736313256500277  0.7899914232430572  4.5836776061591795  0.0  0.0  0.0  1.0;ok
5494384561208;2.258030642572619;0.05249701398084714;-0.2672800541041104  -0.9554823998013856  -0.12495901867368173  2.7236590250900408  0.7487578187818292  -0.28755749693588656  0.597220574636411  -1.316339257123376  -0.6065666504937278  0.06606110524168339  0.7922833008987782  -1.4945525210348272  0.0  0.0  0.0  1.0;ok
5494384561239;3.8492329696698255;0.922613036243257;-0.29302297301780705  0.9018868837188793  -0.3173918497057777  10.090684443470785  0.7847474197731464  0.4165019322844028  0.45901811245608687  -12.119317937009116  0.5461767337073179  -0.11456958313272995  -0.829798039391271  -5.0504593776389495  0.0  0.0  0.0  1.0;ok
5494384561270;9.123550834747231;1.4804718658164426;0.3383634779303535  0.8194817378632243  0.462557929465645  -1.40197022778186  0.11384560609000283  -0.5235901472849962  0.8443296368362745  -10.585660432136699  0.9341034925407758  -0.23303012460784175  -0.270458178372145  -6.879725927932686  0.0  0.0  0.0  1.0;ok
5494384561301;4.160514649695006;0.02972414847323829;-0.18852124265272788  0.6201973670849618  0.7614558207339098  4.828393739421221  -0.19567594463426202  -0.7835335232593914  0.589733959188558  2.8168780183896494  0.9623776107953468  -0.03782120819862539  0.26907041912896296  -3.1728022215223386  0.0  0.0  0.0  1.0;ok
5494384561332;6.482396831003189;3.105785126308174;-0.2144134348347687  -0.9177551660889053  -0.3342937840874156  6.8131979347839025  0.9765567110823984  -0.2081101331608309  -0.05501965572147593  -1.4540939119791485  -0.019075350646452046  -0.3382537916903636  0.9408615750495963  -4.305802843548895  0.0  0.0  0.0  1.0;ok
5494384561363;2.945345827521586;1.907847135547896;0.6432405699308801  0.30231148312359796  -0.7034552838429806  2.9710067790731776  -0.1882330674157985  0.9529927718900914  0.2374301772236999  1.017441786419258  0.742165669865049  -0.020311176648546675  0.6699086315139675  -4.681110302608559  0.0  0.0  0.0  1.0;ok
5494384561394;1.7737978589250467;0.030471334127011716;0.1335090751476728  0.9901728755192821  -0.04162935789908308  1.492536890726381  -0.18251299727537193  -0.016721389894342187  -0.9830612396720568  2.7984540134060256  -0.9740966752221121  0.13884549580695155  0.1784869620318208  1.238769257845464  0.0  0.0  0.0  1.0;ok
5494384561425;2.0770362960670123;0.02395891744028918;0.5271965425680847  -0.6078271249412105  -0.5938097268401391  4.072960524682475  -0.33685708219678406  0.4920622983141661  -0.8027465358079411  2.6859891547267805  0.780122497866921  0.6232342101998914  0.05466267061157802  -3.312459265814255  0.0  0.0  0.0  1.0;ok
5494384561456;3.2026873730298178;0.0725303428122455;-0.013244666295881911  -0.9970901949280548  -0.07507144592350172  1.541319479865867  0.9971126685099782  -0.018784560467246227  0.07357626373337746  -3.5191827332506174  -0.07477235526330486  -0.07388019671323878  0.9944600602447493  3.784754515966098  0.0  0.0  0.0  1.0;ok
5494384561487;2.7650958552301788;2.2477434416797593;0.005776340418489196  0.44973918279196906  -0.8931412549832077  8.30368662673329  0.8542915480032148  0.462017023735013  0.2381726701141644  -5.560203417302578  0.5197620464228219  -0.7643787917260999  -0.3815396150568215  -0.8045776783280002  0.0  0.0  0.0  1.0;ok
5494384561518;5.145762913418466;2.440962996442917;0.5706154105897749  0.7289421418140096  -0.3782081531181845  -3.633137457483013  -0.35584323151677866  0.6345359927429476  0.6861047066573869  0.6060662716889604  0.7401173202818315  -0.25691910750531444  0.6214651433648662  -5.290338916092181  0.0  0.0  0.0  1.0;ok
5494384561549;4.6377896203071325;0.036919001435889484;-0.9704428049606627  -0.23912353980799758  -0.032568312970944875  5.496608467533213  0.2242055322250918  -0.9432601329135911  0.2449330540688578  0.617771053355314  -0.08928965012667404  0.23039152407483926  0.9689928297024327  -4.780282583138019  0.0  0.0  0.0  1.0;ok
5494384561580;4.567914726536869;1.1171255371745947;-0.34402374175135975  0.5792429962658134  -0.7390028527606629  11.265713234442801  -0.6445704933238768  0.4266150529119991  0.6344513186723683  -0.9971675159210076  0.6827712239451876  0.6946057499804458  0.226597237067215  -2.8893977560178867  0.0  0.0  0.0  1.0;ok
5494384561611;3.9710273671971175;0.03411998935716747;-0.3337990392917497  0.6342129256265369  0.6973895370136651  12.176888152402778  -0.817367305387814  -0.5632642350258151  0.12101276636721783  3.3392502989653403  0.46956244467692226  -0.5296294615191002  0.7064019705805044  -4.306246812586723  0.0  0.0  0.0  1.0;ok
5494384561642;3.9300328799679396;0.11515184091891034;-0.35922592108998647  0.12372650163214931  0.9250126974322681  3.741560978454231  0.5754105033943706  0.8097174329088203  0.11515394664095621  -5.110830467903663  -0.7347513118058987  0.5736283044249298  -0.36206501924667  8.72538496013779  0.0  0.0  0.0  1.0;ok
5494384561673;1.856504570527757;0.01771389103517024;0.30650349100566604  0.30741186200878484  -0.9008626738286087  3.1224252517648967  -0.9515216413836511  0.0733656298793324  -0.2987039509798499  0.6707593863660303  -0.02573278025988134  0.9487441338151722  0.3149958611972485  -0.03011355826161632  0.0  0.0  0.0  1.0;ok
5494384561704;3.161923902897827;0.9414424615525671;-0.42075436032507413  0.8061278541367473  0.4160813034159569  7.654493434026789  0.7712244329003232  0.07634750295379894  0.6319683005422778  -0.9767192930679098  0.47768048145702197  0.586795485307789  -0.6538290419195082  1.6342628659789384  0.0  0.0  0.0  1.0;ok
5494384561735;3.569181629467939;0.025201076853320792;-0.025312142854868585  0.18913752356721802  -0.981624313371952  9.578869037872401  0.9995450198857779  0.02089997999136003  -0.021747277022632534  -9.848291056130684  0.016402702388115233  -0.9817281640124331  -0.18958049303434688  -0.4670363459976753  0.0  0.0  0.0  1.0;ok
5494384561766;3.9022771741523186;0.06906472023264366;-0.051573316028880704  -0.8518940334199969  0.5211686376761309  14.711703897574775  0.4920059569949766  0.43246231424190096  0.7555835394196975  -2.8463890642314897  -0.8690629041417222  0.2953860230003251  0.39683342356813794  10.709629468427597  0.0  0.0  0.0  1.0;ok
5494384561797;1.7821658772718727;0.07383825520013243;0.3033005349798151  -0.8240600867290774  0.47847022785229104  4.886006982090063  -0.5719571351197884  -0.5590476808302832  -0.6002755418504452  9.529328381724351  0.7621507863057831  -0.09160056778397055  -0.6408865070471774  -0.9242100103403218  0.0  0.0  0.0  1.0;ok
5494384561828;3.031970333042847;2.0785054117396715;-0.2511394663069913  -0.9664186383038366  -0.054442483429748396  3.3993865354630275  -0.6288934942727021  0.20566731724705972  -0.7497959238872052  2.2692535472826685  0.7358137952801039  -0.1540648245231715  -0.6594255746633836  0.17607337665072048  0.0  0.0  0.0  1.0;ok
5494384561859;3.9115043062921147;0.017170495058366084;-0.3103562666658318  -0.2260551708038918  0.9233515297513031  -2.056965971656305  0.09377323651688493  -0.9738575490189016  -0.20690107378175945  -4.198721473256586  0.9459839152197029  0.022372616559537702  0.3234407181755016  4.062355377010929  0.0  0.0  0.0  1.0;ok
5494384561890;2.700280821168816;2.4057308832765787;0.44210214162831607  -0.4146294104533019  -0.795379248129345  3.527090769091317  0.048348913716333104  0.8964720114374393  -0.44045466878188744  1.172757624254106  0.8956606940745508  0.15627022971909518  0.4163790777565978  -4.8369293956829615  0.0  0.0  0.0  1.0;ok
5494384561921;4.363288827751439;0.1633003809048757;-0.1528792575628161  0.491217796586547  0.8575156027290114  -0.42462744423094  -0.4945283424997222  -0.7892843229298033  0.363966998561293  3.6123281028449026  0.8556106889652084  -0.3684227651678115  0.36358632404778946  -2.648323556781829  0.0  0.0  0.0  1.0;ok
5494384561952;5.900960080460973;0.06312225276951944;-0.12100633057807608  0.7864722173914017  0.6056557761893148  5.916197216433643  -0.13372257937315266  -0.617492894364942  0.7751263104646869  5.220120666086872  0.9836034463775629  0.012805337959570574  0.17988964282003778  -3.701367431752212  0.0  0.0  0.0  1.0;ok
5494384561983;1.9280359265963185;0.13009365979315568;0.5815543945199894  0.7550791846566732  0.3027373632584889  2.0362199507561938  -0.7513017696113156  0.6412315880595736  -0.1561015741544632  2.0506446915310925  -0.31199380954338435  -0.13666556030255073  0.9402033755703051  -0.29768750928578874  0.0  0.0  0.0  1.0;ok
5494384562014;2.290467177188447;2.8527156464528702;0.018213114052741973  0.9786054045068687  -0.20493839256334445  2.404428780949238  -0.17407673309222693  0.20494552332517144  0.9631690523812044  0.43204064119093927  0.9845636462273214  0.018132698059508734  0.17408512799387424  -2.122951318282138  0.0  0.0  0.0  1.0;ok
5494384562045;2.843775395138052;0.17950070629381243;-0.6841371455393958  0.5107280685220493  -0.5206853235083001  6.637576852137133  -0.6834945139014931  -0.19979497972428795  0.7020806332206676  0.7619924402982512  0.2545419720984538  0.8362050024370262  0.4857670000520023  -2.7273330191288725  0.0  0.0  0.0  1.0;ok
5494384562076;7.910208896373804;0.3937795411069026;-0.8305865672930727  0.10188821635181007  -0.5474894935986958  13.64234395469191  -0.5568051278491429  -0.13482432602778865  0.8196282393329607  6.060650892352497  0.009695557395470414  0.9856171632433155  0.1687151554751143  6.601519771280795  0.0  0.0  0.0  1.0;ok
5494384562107;6.000656068192277;0.10500526981566073;-0.10240742642925171  0.9877222091898294  0.11797269381216914  11.368832164607038  -0.9943481960489035  -0.09830532017107475  -0.04009649660947227  2.9420884911394167  -0.028006856775231057  -0.12141211430176546  0.9922069917483678  1.8386063371070982  0.0  0.0  0.0  1.0;ok
5494384562138;3.161989247048879;0.2619636046287058;0.46290565863647637  0.025349133882907347  0.8860450172613777  -0.6416521370813891  0.4227218350419779  -0.8849148065449701  -0.195530139201656  -4.726306320280615  0.7791178353632217  0.46506258349695534  -0.4203477037525775  -2.3960836343268914  0.0  0.0  0.0  1.0;ok
5494384562169;5.267286062056453;2.1351307379313984;-0.7016547464266715  -0.46623364486680924  0.5388012668982247  8.570518992633293  -0.6954197600976438  0.28344666400740864  -0.6603403258387331  -0.9788616950840374  0.15515145530306196  -0.8380239716483527  -0.5231097866223308  -1.0813793378389478  0.0  0.0  0.0  1.0;ok
5494384562200;6.316421781002835;0.043660389760337974;0.073515386382237  -0.996942005888328  -0.02649763877082084  2.883176609338132  0.9969377869139369  0.07417333448024341  -0.024766216409144174  -0.08483649512881056  0.026655899688681328  -0.024595799386082647  0.9993420383754231  -6.138715300538437  0.0  0.0  0.0  1.0;ok
5494384562231;6.809241551181215;0.10465762517491309;-0.22629119441982154  -0.8951639384703798  0.38402320058851935  0.4841339429668513  0.9670696315744985  -0.2536169539560806  -0.02132529841297515  -5.80111446731211  0.1164844324981401  0.3665514478599675  0.9230771436111639  6.545207031596581  0.0  0.0  0.0  1.0;ok
5494384562262;9.226605709293516;0.09735978177603699;-0.5485984819203958  -0.6642765346343734  0.5077168415256512  5.622192558428472  0.1589771675724475  -0.6790531440674916  -0.7166680456966796  -5.105378565424584  0.8208324834125886  -0.3124476165154783  0.47813232593971094  5.709632090510024  0.0  0.0  0.0  1.0;ok
5494384562293;3.35198828640729;2.247054894832922;-0.054380305012432156  -0.8770910572912531  0.4772358532701266  4.5672662157545805  0.9937783879065696  -0.001016742217025007  0.11137092064395926  -3.777114418268195  -0.09719721269961312  0.4803230615481355  0.8716894277140527  -0.5509244163357472  0.0  0.0  0.0  1.0;ok
5494384562324;6.007210908334361;0.0636117990597195;0.9983497818934737  0.027696066298572446  0.05030547589317684  3.6633250386213962  -0.054974300936283714  0.7141612203097992  0.6978191582653672  3.228878159433107  -0.01659937438040467  -0.699433112825812  0.7145052704165126  -3.9586433309335654  0.0  0.0  0.0  1.0;ok
5494384562355;2.8594967283924566;0.1056120893504326;0.04564155146695892  -0.7669605490090086  -0.6400690314673022  2.8288137868771557  0.6387228828931995  0.5150570972688668  -0.5716198609404416  -4.707686681904992  0.7680819797705773  -0.3827371197268047  0.5133832579418041  -2.5359248859046746  0.0  0.0  0.0  1.0;ok
5494384562386;7.555953592991905;0.04999201453351866;0.9245004663081419  -0.15037169411499732  -0.3502673855856609  1.4581973287444538  0.2555296029830486  -0.43736987974823216  0.8622135526007138  5.939884247312694  -0.2828489169068077  -0.886620517413172  -0.3659242384792827  1.9209378700941495  0.0  0.0  0.0  1.0;ok
5494384562417;3.909277903469262;0.06266584821830644;0.1763253656133978  -0.9770687464305101  0.11935673500064176  6.884198968587057  0.9824791502060389  0.18213116967744242  0.03953424392025793  -4.187311831404347  -0.060366255902791904  0.11029461356130893  0.9920640167688969  -0.07511497415013668  0.0  0.0  0.0  1.0;ok
5494384562448;8.322743061723811;0.10719282541499486;-0.22746226959275526  -0.3230661609955363  -0.9186344058064227  6.354193240885667  0.7043961024707726  0.5967801151714728  -0.38429106801994234  -8.207604561501345  0.672374186547712  -0.7344942135616391  0.09182158520072188  0.6135264936854246  0.0  0.0  0.0  1.0;ok
5494384562479;5.142564597723577;0.049265954198232716;0.5216110299083091  -0.7467980411603591  -0.4125707444754705  6.532423368720609  0.8514614438431367  0.42494128033127027  0.3073081806899774  -3.386327560753393  -0.05417880698719692  -0.5115834184074687  0.8575237972697746  3.9930767951819655  0.0  0.0  0.0  1.0;ok
5494384562510;7.409784479444804;0.016127056512812543;-0.054049236379082516  0.9029620393418462  -0.4263076771000642  1.1853293548065347  -0.9971204318257503  -0.07154959375091675  -0.02512966513322018  6.401743112078194  -0.05319327478607687  0.42372185586973565  0.9042290994962724  7.4437907122662414  0.0  0.0  0.0  1.0;ok
5494384562541;3.4584512201369555;2.782565776982317;-0.32374294438509904  0.5933165924532233  -0.7369979152484512  9.208992330526302  0.3037916421333724  -0.672518553133288  -0.6748551206454754  0.6737804202272623  -0.8960475122061183  -0.4423733907133259  0.03747851461863554  7.168892568456396  0.0  0.0  0.0  1.0;ok
5494384562572;8.23556210803444;0.09527779747949525;-0.44668598923796055  0.8835071232674027  -0.14102053096717854  5.5753228145731395  -0.8122138788888519  -0.4665403260730784  -0.3502124199510241  -1.1089486298045845  -0.3752069321838697  -0.0418961487894253  0.9259937746863003  9.938121759096221  0.0  0.0  0.0  1.0;ok
5494384562603;7.97771549928889;0.3048352543510605;-0.43145327995952015  0.2255129948234301  -0.8734941078095138  13.46095662439647  0.29023982756255035  0.9514719395122492  0.10228387369110963  4.629086291079739  0.8541714755882645  -0.2093920664365428  -0.4759685418226732  -4.382476161294215  0.0  0.0  0.0  1.0;ok
5494384562634;7.765621830691003;4.37752042066183;0.5205810110065655  0.8123573063940539  -0.26281365590010475  0.5089604390081244  -0.5301579579920517  0.5488333946927003  0.6463083199586585  7.022955049215308  0.6692741968409349  -0.19712308748160828  0.716389934201088  1.7820946963842004  0.0  0.0  0.0  1.0;ok
5494384562665;9.270386005314265;3.530834045831063;-0.5651030800647109  -0.4494231839058327  0.6918650957154289  -0.3732563087596088  -0.8027818394031799  0.10614257586451525  -0.5867495819455621  -1.050368930575887  0.1902625218634059  -0.8869907301414093  -0.4207702667933973  -3.7801694446119  0.0  0.0  0.0  1.0;ok
5494384562696;6.577937540194185;0.12622026929698796;0.3589673185016482  0.9305218914774375  -0.07260491532249293  2.4212399683376926  -0.9165710402886094  0.3367621047356289  -0.2156126455435426  7.129831064865816  -0.17618170265947664  0.14394545597301542  0.973776007792719  7.447007416597771  0.0  0.0  0.0  1.0;ok
5494384562727;4.59848726203546;4.548300755916367;-0.28330919922920245  -0.9093106650766033  -0.30477862787612453  1.2476997626901012  0.8054962319275577  -0.39809640743073893  0.43897046682122687  -3.860693767463063  -0.5204918039533522  -0.12113366488587936  0.8452306887759703  6.2525750878261865  0.0  0.0  0.0  1.0;ok
5494384562758;5.063388290222;0.04899192007825815;-0.9662936127348756  -0.030660268509300374  0.25561025394674464  4.85470195089402  -0.1629453905187059  0.8415310255709925  -0.5150478936080995  -3.6051786954710465  -0.19931245243709192  -0.5393380024959961  -0.8181620043531368  5.393227520985874  0.0  0.0  0.0  1.0;ok
5494384562789;4.438629717023098;0.7274920311351446;-0.061031281984261485  0.3918545749553271  -0.9180006398178255  1.0843780270049805  -0.8748533200143594  0.4217732902431966  0.23819941246208196  -3.3352646354133393  0.4805276798262613  0.8176535230303887  0.3170739112522209  0.5159701253493012  0.0  0.0  0.0  1.0;ok
5494384562820;8.161517273743991;0.06002400736190947;0.22539258883016852  -0.2335167738665697  0.945868964087196  6.2839889552293835  0.5857997848386836  -0.7432706537757194  -0.32309030830213054  -9.156715074500996  0.7784836497855213  0.6269119966620224  -0.030733620968741188  3.3784904686109947  0.0  0.0  0.0  1.0;ok
5494384562851;6.219799808788275;0.022035079197012256;-0.07173607862622132  0.9446881781581437  -0.3200284066635027  4.6110064512570075  -0.07754434111472054  0.31460168659392806  0.9460510842197363  3.261359926917441  0.9944047516903842  0.0926823868947241  0.050686931008695105  -8.263963915085919  0.0  0.0  0.0  1.0;ok
5494384562882;6.86050681050468;0.03882199264138498;-0.9258891656363587  0.26496198266666693  0.2693035475045896  12.53933947768804  -0.29653093546015497  -0.06799592198130816  -0.9525995795238609  0.8882248037839686  -0.234091130272664  -0.9618584627351677  0.14152611205147256  5.940019768271607  0.0  0.0  0.0  1.0;ok
5494384562913;3.2808971466396697;4.665885709791064;0.9906448245044741  0.09428315036141449  -0.0986585994246059  -4.533195068809776  0.10406671133869862  -0.05426635570402659  0.9930887584852379  -1.9105881773545101  0.08827769408885765  -0.9940653148543762  -0.06357042181567726  0.6565368350368571  0.0  0.0  0.0  1.0;ok
5494384562944;2.926015559566035;0.016168685626982857;-0.5338852941938622  -0.4659642137783944  0.7055805015173089  3.996725208258709  0.31428724853656037  0.6653168856925425  0.6771831118831094  -0.8469058810636634  -0.7849777181874986  0.58329305935375  -0.20875629058519357  2.2151128469387533  0.0  0.0  0.0  1.0;ok
5494384562975;7.45090069206603;4.05859390738833;-0.9377171602535026  0.3469588255327173  0.01749573522495499  7.461666894409038  0.3138228091750127  0.8676107105819036  -0.3857031233021952  -7.536200020371312  -0.14900258993590682  -0.3561898767069649  -0.9224570450291264  7.077153918987211  0.0  0.0  0.0  1.0;ok
5494384563006;1.7422069969351626;4.334709442437265;0.9814660698381606  0.0393579070457513  0.18755081687215364  -4.336257224355075  0.16241242154733784  0.34863951272237015  -0.9230778382649194  -0.7037467559773776  -0.10171803715941388  0.9364301604079653  0.33578563935158057  2.239640237107262  0.0  0.0  0.0  1.0;ok
5494384563037;5.728273913522797;0.17949839152400662;-0.642643998575918  -0.7641589418331648  -0.05540580033507474  1.330340642837427  0.7639222180096195  -0.6335561009988993  -0.12259490902290295  -3.9266824223603374  0.05857931312006151  -0.12111060442209785  0.9909090198251793  4.2180991039938975  0.0  0.0  0.0  1.0;ok
5494384563068;4.596809114569144;0.014525284062655327;0.5880079170390515  -0.43199403096743355  -0.683833200940044  5.801064710982598  0.7676114844084135  0.5645505848761169  0.3034060746266413  -6.806962521083717  0.25498882035043924  -0.7033233924195491  0.6635637928426688  -0.7584983221343398  0.0  0.0  0.0  1.0;ok
5494384563099;7.571012982470478;0.22591757218433264;0.4968779614963485  -0.1077628232740316  -0.8611036321484435  8.908365748949581  -0.2522583881562083  -0.9673496993383588  -0.02450030193321404  6.170438908938318  -0.8303481179505761  0.22939427436184345  -0.5078388227636186  4.363447810248572  0.0  0.0  0.0  1.0;ok
