timestamp, memory.used [MiB]
2023/10/20 12:53:14.324, 16 MiB
2023/10/20 12:53:14.325, 16 MiB
2023/10/20 12:53:14.326, 16 MiB
2023/10/20 12:53:14.328, 16 MiB
2023/10/20 12:53:14.329, 16 MiB
2023/10/20 12:53:14.330, 16 MiB
2023/10/20 12:53:14.331, 16 MiB
2023/10/20 12:53:14.332, 16 MiB
2023/10/20 12:53:14.333, 16 MiB
2023/10/20 12:53:14.334, 16 MiB
2023/10/20 12:53:14.335, 16 MiB
2023/10/20 12:53:14.336, 16 MiB
2023/10/20 12:53:14.337, 16 MiB
2023/10/20 12:53:14.338, 16 MiB
2023/10/20 12:53:14.339, 16 MiB
2023/10/20 12:53:14.341, 16 MiB
2023/10/20 12:53:14.342, 16 MiB
2023/10/20 12:53:14.343, 16 MiB
2023/10/20 12:53:14.344, 16 MiB
2023/10/20 12:53:14.345, 16 MiB
2023/10/20 12:53:14.346, 16 MiB
2023/10/20 12:53:14.347, 16 MiB
2023/10/20 12:53:14.348, 16 MiB
2023/10/20 12:53:14.349, 16 MiB
2023/10/20 12:53:14.350, 16 MiB
2023/10/20 12:53:14.351, 16 MiB
2023/10/20 12:53:14.352, 16 MiB
2023/10/20 12:53:14.354, 16 MiB
2023/10/20 12:53:14.355, 16 MiB
2023/10/20 12:53:14.356, 16 MiB
2023/10/20 12:53:14.357, 16 MiB
2023/10/20 12:53:14.358, 16 MiB
2023/10/20 12:53:14.359, 16 MiB
2023/10/20 12:53:14.360, 16 MiB
2023/10/20 12:53:14.361, 16 MiB
2023/10/20 12:53:14.362, 16 MiB
2023/10/20 12:53:14.363, 16 MiB
2023/10/20 12:53:14.364, 16 MiB
2023/10/20 12:53:14.366, 16 MiB
2023/10/20 12:53:14.367, 16 MiB
2023/10/20 12:53:14.368, 16 MiB
2023/10/20 12:53:14.369, 16 MiB
2023/10/20 12:53:14.370, 16 MiB
2023/10/20 12:53:14.371, 16 MiB
2023/10/20 12:53:14.372, 16 MiB
2023/10/20 12:53:14.373, 16 MiB
2023/10/20 12:53:14.374, 16 MiB
2023/10/20 12:53:14.375, 16 MiB
2023/10/20 12:53:14.376, 16 MiB
2023/10/20 12:53:14.377, 16 MiB
2023/10/20 12:53:14.379, 16 MiB
2023/10/20 12:53:14.380, 16 MiB
2023/10/20 12:53:14.382, 16 MiB
2023/10/20 12:53:14.383, 16 MiB
2023/10/20 12:53:14.384, 16 MiB
2023/10/20 12:53:14.385, 16 MiB
2023/10/20 12:53:14.386, 16 MiB
2023/10/20 12:53:14.387, 16 MiB
2023/10/20 12:53:14.388, 16 MiB
2023/10/20 12:53:14.389, 16 MiB
2023/10/20 12:53:14.390, 16 MiB
2023/10/20 12:53:14.391, 16 MiB
2023/10/20 12:53:14.392, 16 MiB
2023/10/20 12:53:14.393, 16 MiB
2023/10/20 12:53:14.395, 16 MiB
2023/10/20 12:53:14.396, 16 MiB
2023/10/20 12:53:14.397, 16 MiB
2023/10/20 12:53:14.398, 16 MiB
2023/10/20 12:53:14.399, 16 MiB
2023/10/20 12:53:14.400, 16 MiB
2023/10/20 12:53:14.401, 16 MiB
2023/10/20 12:53:14.402, 16 MiB
2023/10/20 12:53:14.403, 16 MiB
2023/10/20 12:53:14.404, 16 MiB
2023/10/20 12:53:14.405, 16 MiB
2023/10/20 12:53:14.406, 16 MiB
2023/10/20 12:53:14.408, 16 MiB
2023/10/20 12:53:14.409, 16 MiB
2023/10/20 12:53:14.410, 16 MiB
2023/10/20 12:53:14.411, 16 MiB
2023/10/20 12:53:14.412, 16 MiB
2023/10/20 12:53:14.413, 16 MiB
2023/10/20 12:53:14.414, 16 MiB
2023/10/20 12:53:14.415, 16 MiB
2023/10/20 12:53:14.416, 16 MiB
2023/10/20 12:53:14.417, 16 MiB
2023/10/20 12:53:14.418, 16 MiB
2023/10/20 12:53:14.419, 16 MiB
2023/10/20 12:53:14.420, 16 MiB
2023/10/20 12:53:14.422, 16 MiB
2023/10/20 12:53:14.423, 16 MiB
2023/10/20 12:53:14.424, 16 MiB
2023/10/20 12:53:14.425, 16 MiB
2023/10/20 12:53:14.426, 16 MiB
2023/10/20 12:53:14.427, 16 MiB
2023/10/20 12:53:14.428, 16 MiB
2023/10/20 12:53:14.429, 16 MiB
2023/10/20 12:53:14.430, 16 MiB
2023/10/20 12:53:14.431, 16 MiB
2023/10/20 12:53:14.432, 16 MiB
2023/10/20 12:53:14.433, 16 MiB
2023/10/20 12:53:14.434, 16 MiB
2023/10/20 12:53:14.435, 16 MiB
2023/10/20 12:53:14.437, 16 MiB
2023/10/20 12:53:14.438, 16 MiB
2023/10/20 12:53:14.439, 16 MiB
2023/10/20 12:53:14.440, 16 MiB
2023/10/20 12:53:14.441, 16 MiB
2023/10/20 12:53:14.442, 16 MiB
2023/10/20 12:53:14.443, 16 MiB
2023/10/20 12:53:14.444, 16 MiB
2023/10/20 12:53:14.445, 16 MiB
2023/10/20 12:53:14.446, 16 MiB
2023/10/20 12:53:14.447, 16 MiB
2023/10/20 12:53:14.448, 16 MiB
2023/10/20 12:53:14.449, 16 MiB
2023/10/20 12:53:14.450, 16 MiB
2023/10/20 12:53:14.452, 16 MiB
2023/10/20 12:53:14.453, 16 MiB
2023/10/20 12:53:14.454, 16 MiB
2023/10/20 12:53:14.455, 16 MiB
2023/10/20 12:53:14.456, 16 MiB
2023/10/20 12:53:14.457, 16 MiB
2023/10/20 12:53:14.458, 16 MiB
2023/10/20 12:53:14.459, 16 MiB
2023/10/20 12:53:14.460, 16 MiB
2023/10/20 12:53:14.461, 16 MiB
2023/10/20 12:53:14.462, 16 MiB
2023/10/20 12:53:14.463, 16 MiB
2023/10/20 12:53:14.464, 16 MiB
2023/10/20 12:53:14.465, 16 MiB
2023/10/20 12:53:14.467, 16 MiB
2023/10/20 12:53:14.468, 16 MiB
2023/10/20 12:53:14.469, 16 MiB
2023/10/20 12:53:14.470, 16 MiB
2023/10/20 12:53:14.471, 16 MiB
2023/10/20 12:53:14.472, 16 MiB
2023/10/20 12:53:14.473, 16 MiB
2023/10/20 12:53:14.474, 16 MiB
2023/10/20 12:53:14.475, 16 MiB
2023/10/20 12:53:14.476, 16 MiB
2023/10/20 12:53:14.477, 16 MiB
2023/10/20 12:53:14.478, 16 MiB
2023/10/20 12:53:14.479, 16 MiB
2023/10/20 12:53:14.480, 16 MiB
2023/10/20 12:53:14.482, 16 MiB
2023/10/20 12:53:14.483, 16 MiB
2023/10/20 12:53:14.484, 16 MiB
2023/10/20 12:53:14.485, 16 MiB
2023/10/20 12:53:14.486, 16 MiB
2023/10/20 12:53:14.487, 16 MiB
2023/10/20 12:53:14.488, 16 MiB
2023/10/20 12:53:14.489, 16 MiB
2023/10/20 12:53:14.490, 16 MiB
2023/10/20 12:53:14.491, 16 MiB
2023/10/20 12:53:14.492, 16 MiB
2023/10/20 12:53:14.493, 16 MiB
2023/10/20 12:53:14.494, 16 MiB
2023/10/20 12:53:14.495, 16 MiB
2023/10/20 12:53:14.497, 16 MiB
2023/10/20 12:53:14.498, 16 MiB
2023/10/20 12:53:14.499, 16 MiB
2023/10/20 12:53:14.500, 16 MiB
2023/10/20 12:53:14.501, 16 MiB
2023/10/20 12:53:14.502, 16 MiB
2023/10/20 12:53:14.503, 16 MiB
2023/10/20 12:53:14.504, 16 MiB
2023/10/20 12:53:14.505, 16 MiB
2023/10/20 12:53:14.506, 16 MiB
2023/10/20 12:53:14.507, 16 MiB
2023/10/20 12:53:14.508, 16 MiB
2023/10/20 12:53:14.509, 16 MiB
2023/10/20 12:53:14.510, 16 MiB
2023/10/20 12:53:14.511, 16 MiB
2023/10/20 12:53:14.513, 16 MiB
2023/10/20 12:53:14.514, 16 MiB
2023/10/20 12:53:14.515, 16 MiB
2023/10/20 12:53:14.516, 16 MiB
2023/10/20 12:53:14.517, 16 MiB
2023/10/20 12:53:14.518, 16 MiB
2023/10/20 12:53:14.519, 16 MiB
2023/10/20 12:53:14.520, 16 MiB
2023/10/20 12:53:14.521, 16 MiB
2023/10/20 12:53:14.522, 16 MiB
2023/10/20 12:53:14.523, 16 MiB
2023/10/20 12:53:14.524, 16 MiB
2023/10/20 12:53:14.525, 16 MiB
2023/10/20 12:53:14.526, 16 MiB
2023/10/20 12:53:14.528, 16 MiB
2023/10/20 12:53:14.529, 16 MiB
2023/10/20 12:53:14.530, 16 MiB
2023/10/20 12:53:14.531, 16 MiB
2023/10/20 12:53:14.532, 16 MiB
2023/10/20 12:53:14.533, 16 MiB
2023/10/20 12:53:14.534, 16 MiB
2023/10/20 12:53:14.535, 16 MiB
2023/10/20 12:53:14.536, 16 MiB
2023/10/20 12:53:14.537, 16 MiB
2023/10/20 12:53:14.538, 16 MiB
2023/10/20 12:53:14.539, 16 MiB
2023/10/20 12:53:14.540, 16 MiB
2023/10/20 12:53:14.541, 16 MiB
2023/10/20 12:53:14.543, 16 MiB
2023/10/20 12:53:14.544, 16 MiB
2023/10/20 12:53:14.545, 16 MiB
2023/10/20 12:53:14.546, 16 MiB
2023/10/20 12:53:14.547, 16 MiB
2023/10/20 12:53:14.548, 16 MiB
2023/10/20 12:53:14.549, 16 MiB
2023/10/20 12:53:14.550, 16 MiB
2023/10/20 12:53:14.551, 16 MiB
2023/10/20 12:53:14.552, 16 MiB
2023/10/20 12:53:14.553, 16 MiB
2023/10/20 12:53:14.554, 16 MiB
2023/10/20 12:53:14.555, 16 MiB
2023/10/20 12:53:14.556, 16 MiB
2023/10/20 12:53:14.558, 16 MiB
2023/10/20 12:53:14.559, 16 MiB
2023/10/20 12:53:14.560, 16 MiB
2023/10/20 12:53:14.561, 16 MiB
2023/10/20 12:53:14.562, 16 MiB
2023/10/20 12:53:14.563, 16 MiB
2023/10/20 12:53:14.564, 16 MiB
2023/10/20 12:53:14.565, 16 MiB
2023/10/20 12:53:14.566, 16 MiB
2023/10/20 12:53:14.567, 16 MiB
2023/10/20 12:53:14.568, 16 MiB
2023/10/20 12:53:14.569, 16 MiB
2023/10/20 12:53:14.570, 16 MiB
2023/10/20 12:53:14.571, 16 MiB
2023/10/20 12:53:14.573, 16 MiB
2023/10/20 12:53:14.574, 16 MiB
2023/10/20 12:53:14.575, 16 MiB
2023/10/20 12:53:14.576, 16 MiB
2023/10/20 12:53:14.577, 16 MiB
2023/10/20 12:53:14.578, 16 MiB
2023/10/20 12:53:14.579, 16 MiB
2023/10/20 12:53:14.580, 16 MiB
2023/10/20 12:53:14.581, 16 MiB
2023/10/20 12:53:14.582, 16 MiB
2023/10/20 12:53:14.583, 16 MiB
2023/10/20 12:53:14.584, 16 MiB
2023/10/20 12:53:14.585, 16 MiB
2023/10/20 12:53:14.586, 16 MiB
2023/10/20 12:53:14.588, 16 MiB
2023/10/20 12:53:14.589, 16 MiB
2023/10/20 12:53:14.590, 16 MiB
2023/10/20 12:53:14.591, 16 MiB
2023/10/20 12:53:14.592, 16 MiB
2023/10/20 12:53:14.593, 16 MiB
2023/10/20 12:53:14.594, 16 MiB
2023/10/20 12:53:14.595, 16 MiB
2023/10/20 12:53:14.596, 16 MiB
2023/10/20 12:53:14.597, 16 MiB
2023/10/20 12:53:14.598, 16 MiB
2023/10/20 12:53:14.599, 16 MiB
2023/10/20 12:53:14.600, 16 MiB
2023/10/20 12:53:14.601, 16 MiB
2023/10/20 12:53:14.603, 16 MiB
2023/10/20 12:53:14.604, 16 MiB
2023/10/20 12:53:14.605, 16 MiB
2023/10/20 12:53:14.606, 16 MiB
2023/10/20 12:53:14.607, 16 MiB
2023/10/20 12:53:14.608, 16 MiB
2023/10/20 12:53:14.609, 16 MiB
2023/10/20 12:53:14.610, 16 MiB
2023/10/20 12:53:14.611, 16 MiB
2023/10/20 12:53:14.612, 16 MiB
2023/10/20 12:53:14.613, 16 MiB
2023/10/20 12:53:14.614, 16 MiB
2023/10/20 12:53:14.615, 16 MiB
2023/10/20 12:53:14.616, 16 MiB
2023/10/20 12:53:14.617, 16 MiB
2023/10/20 12:53:14.619, 16 MiB
2023/10/20 12:53:14.620, 16 MiB
2023/10/20 12:53:14.621, 16 MiB
2023/10/20 12:53:14.622, 16 MiB
2023/10/20 12:53:14.623, 16 MiB
2023/10/20 12:53:14.624, 16 MiB
2023/10/20 12:53:14.625, 16 MiB
2023/10/20 12:53:14.626, 16 MiB
2023/10/20 12:53:14.627, 16 MiB
2023/10/20 12:53:14.628, 16 MiB
2023/10/20 12:53:14.629, 16 MiB
2023/10/20 12:53:14.631, 16 MiB
2023/10/20 12:53:14.632, 16 MiB
2023/10/20 12:53:14.633, 16 MiB
2023/10/20 12:53:14.634, 16 MiB
2023/10/20 12:53:14.635, 16 MiB
2023/10/20 12:53:14.636, 16 MiB
2023/10/20 12:53:14.637, 16 MiB
2023/10/20 12:53:14.638, 16 MiB
2023/10/20 12:53:14.639, 16 MiB
2023/10/20 12:53:14.640, 16 MiB
2023/10/20 12:53:14.641, 16 MiB
2023/10/20 12:53:14.642, 16 MiB
2023/10/20 12:53:14.643, 16 MiB
2023/10/20 12:53:14.644, 16 MiB
2023/10/20 12:53:14.646, 16 MiB
2023/10/20 12:53:14.647, 16 MiB
2023/10/20 12:53:14.648, 16 MiB
2023/10/20 12:53:14.649, 16 MiB
2023/10/20 12:53:14.650, 16 MiB
2023/10/20 12:53:14.651, 16 MiB
2023/10/20 12:53:14.652, 16 MiB
2023/10/20 12:53:14.653, 16 MiB
2023/10/20 12:53:14.654, 16 MiB
2023/10/20 12:53:14.655, 16 MiB
2023/10/20 12:53:14.656, 16 MiB
2023/10/20 12:53:14.657, 16 MiB
2023/10/20 12:53:14.658, 16 MiB
2023/10/20 12:53:14.659, 16 MiB
2023/10/20 12:53:14.661, 16 MiB
2023/10/20 12:53:14.662, 16 MiB
2023/10/20 12:53:14.663, 16 MiB
2023/10/20 12:53:14.664, 16 MiB
2023/10/20 12:53:14.665, 16 MiB
2023/10/20 12:53:14.666, 16 MiB
2023/10/20 12:53:14.667, 16 MiB
2023/10/20 12:53:14.668, 16 MiB
2023/10/20 12:53:14.669, 16 MiB
2023/10/20 12:53:14.670, 16 MiB
2023/10/20 12:53:14.671, 16 MiB
2023/10/20 12:53:14.672, 16 MiB
2023/10/20 12:53:14.673, 16 MiB
2023/10/20 12:53:14.674, 16 MiB
2023/10/20 12:53:14.676, 16 MiB
2023/10/20 12:53:14.677, 16 MiB
2023/10/20 12:53:14.678, 16 MiB
2023/10/20 12:53:14.679, 16 MiB
2023/10/20 12:53:14.680, 16 MiB
2023/10/20 12:53:14.681, 16 MiB
2023/10/20 12:53:14.682, 16 MiB
2023/10/20 12:53:14.683, 16 MiB
2023/10/20 12:53:14.684, 16 MiB
2023/10/20 12:53:14.685, 16 MiB
2023/10/20 12:53:14.686, 16 MiB
2023/10/20 12:53:14.687, 16 MiB
2023/10/20 12:53:14.688, 16 MiB
2023/10/20 12:53:14.689, 16 MiB
2023/10/20 12:53:14.691, 16 MiB
2023/10/20 12:53:14.692, 16 MiB
2023/10/20 12:53:14.693, 16 MiB
2023/10/20 12:53:14.694, 16 MiB
2023/10/20 12:53:14.695, 16 MiB
2023/10/20 12:53:14.696, 16 MiB
2023/10/20 12:53:14.697, 16 MiB
2023/10/20 12:53:14.698, 16 MiB
2023/10/20 12:53:14.699, 16 MiB
2023/10/20 12:53:14.700, 16 MiB
2023/10/20 12:53:14.701, 16 MiB
2023/10/20 12:53:14.702, 16 MiB
2023/10/20 12:53:14.703, 16 MiB
2023/10/20 12:53:14.704, 16 MiB
2023/10/20 12:53:14.706, 16 MiB
2023/10/20 12:53:14.707, 16 MiB
2023/10/20 12:53:14.708, 16 MiB
2023/10/20 12:53:14.709, 16 MiB
2023/10/20 12:53:14.710, 16 MiB
2023/10/20 12:53:14.711, 16 MiB
2023/10/20 12:53:14.712, 16 MiB
2023/10/20 12:53:14.713, 16 MiB
2023/10/20 12:53:14.714, 16 MiB
2023/10/20 12:53:14.715, 16 MiB
2023/10/20 12:53:14.716, 16 MiB
2023/10/20 12:53:14.717, 16 MiB
2023/10/20 12:53:14.718, 16 MiB
2023/10/20 12:53:14.719, 16 MiB
2023/10/20 12:53:14.721, 16 MiB
2023/10/20 12:53:14.722, 16 MiB
2023/10/20 12:53:14.723, 16 MiB
2023/10/20 12:53:14.724, 16 MiB
2023/10/20 12:53:14.725, 16 MiB
2023/10/20 12:53:14.726, 16 MiB
2023/10/20 12:53:14.727, 16 MiB
2023/10/20 12:53:14.728, 16 MiB
2023/10/20 12:53:14.729, 16 MiB
2023/10/20 12:53:14.730, 16 MiB
2023/10/20 12:53:14.731, 16 MiB
2023/10/20 12:53:14.732, 16 MiB
2023/10/20 12:53:14.734, 16 MiB
2023/10/20 12:53:14.735, 16 MiB
2023/10/20 12:53:14.736, 16 MiB
2023/10/20 12:53:14.737, 16 MiB
2023/10/20 12:53:14.738, 16 MiB
2023/10/20 12:53:14.739, 16 MiB
2023/10/20 12:53:14.740, 16 MiB
2023/10/20 12:53:14.741, 16 MiB
2023/10/20 12:53:14.742, 16 MiB
2023/10/20 12:53:14.744, 16 MiB
2023/10/20 12:53:14.745, 16 MiB
2023/10/20 12:53:14.746, 16 MiB
2023/10/20 12:53:14.747, 16 MiB
2023/10/20 12:53:14.748, 16 MiB
2023/10/20 12:53:14.749, 16 MiB
2023/10/20 12:53:14.750, 16 MiB
2023/10/20 12:53:14.751, 16 MiB
2023/10/20 12:53:14.752, 16 MiB
2023/10/20 12:53:14.754, 16 MiB
2023/10/20 12:53:14.755, 16 MiB
2023/10/20 12:53:14.756, 16 MiB
2023/10/20 12:53:14.757, 16 MiB
2023/10/20 12:53:14.758, 16 MiB
2023/10/20 12:53:14.759, 16 MiB
2023/10/20 12:53:14.760, 16 MiB
2023/10/20 12:53:14.761, 16 MiB
2023/10/20 12:53:14.762, 16 MiB
2023/10/20 12:53:14.763, 16 MiB
2023/10/20 12:53:14.765, 16 MiB
2023/10/20 12:53:14.766, 16 MiB
2023/10/20 12:53:14.767, 16 MiB
2023/10/20 12:53:14.768, 16 MiB
2023/10/20 12:53:14.769, 16 MiB
2023/10/20 12:53:14.770, 16 MiB
2023/10/20 12:53:14.771, 16 MiB
2023/10/20 12:53:14.772, 16 MiB
2023/10/20 12:53:14.773, 16 MiB
2023/10/20 12:53:14.775, 16 MiB
2023/10/20 12:53:14.776, 16 MiB
2023/10/20 12:53:14.777, 16 MiB
2023/10/20 12:53:14.778, 16 MiB
2023/10/20 12:53:14.779, 16 MiB
2023/10/20 12:53:14.780, 16 MiB
2023/10/20 12:53:14.781, 16 MiB
2023/10/20 12:53:14.782, 16 MiB
2023/10/20 12:53:14.783, 16 MiB
2023/10/20 12:53:14.784, 16 MiB
2023/10/20 12:53:14.786, 16 MiB
2023/10/20 12:53:14.787, 16 MiB
2023/10/20 12:53:14.788, 16 MiB
2023/10/20 12:53:14.789, 16 MiB
2023/10/20 12:53:14.790, 16 MiB
2023/10/20 12:53:14.791, 16 MiB
2023/10/20 12:53:14.792, 16 MiB
2023/10/20 12:53:14.793, 16 MiB
2023/10/20 12:53:14.794, 16 MiB
2023/10/20 12:53:14.796, 16 MiB
2023/10/20 12:53:14.797, 16 MiB
2023/10/20 12:53:14.798, 16 MiB
2023/10/20 12:53:14.799, 16 MiB
2023/10/20 12:53:14.800, 16 MiB
2023/10/20 12:53:14.801, 16 MiB
2023/10/20 12:53:14.802, 16 MiB
2023/10/20 12:53:14.803, 16 MiB
2023/10/20 12:53:14.804, 16 MiB
2023/10/20 12:53:14.806, 16 MiB
2023/10/20 12:53:14.807, 16 MiB
2023/10/20 12:53:14.808, 16 MiB
2023/10/20 12:53:14.809, 16 MiB
2023/10/20 12:53:14.810, 16 MiB
2023/10/20 12:53:14.811, 16 MiB
2023/10/20 12:53:14.812, 16 MiB
2023/10/20 12:53:14.813, 16 MiB
2023/10/20 12:53:14.814, 16 MiB
2023/10/20 12:53:14.815, 16 MiB
2023/10/20 12:53:14.817, 16 MiB
2023/10/20 12:53:14.818, 16 MiB
2023/10/20 12:53:14.819, 16 MiB
2023/10/20 12:53:14.820, 16 MiB
2023/10/20 12:53:14.821, 16 MiB
2023/10/20 12:53:14.822, 16 MiB
2023/10/20 12:53:14.823, 16 MiB
2023/10/20 12:53:14.824, 16 MiB
2023/10/20 12:53:14.825, 16 MiB
2023/10/20 12:53:14.827, 16 MiB
2023/10/20 12:53:14.828, 16 MiB
2023/10/20 12:53:14.829, 16 MiB
2023/10/20 12:53:14.830, 16 MiB
2023/10/20 12:53:14.831, 16 MiB
2023/10/20 12:53:14.832, 16 MiB
2023/10/20 12:53:14.833, 16 MiB
2023/10/20 12:53:14.834, 16 MiB
2023/10/20 12:53:14.835, 16 MiB
2023/10/20 12:53:14.836, 16 MiB
2023/10/20 12:53:14.838, 16 MiB
2023/10/20 12:53:14.839, 16 MiB
2023/10/20 12:53:14.840, 16 MiB
2023/10/20 12:53:14.841, 16 MiB
2023/10/20 12:53:14.842, 16 MiB
2023/10/20 12:53:14.843, 16 MiB
2023/10/20 12:53:14.844, 16 MiB
2023/10/20 12:53:14.845, 16 MiB
2023/10/20 12:53:14.846, 16 MiB
2023/10/20 12:53:14.848, 16 MiB
2023/10/20 12:53:14.849, 16 MiB
2023/10/20 12:53:14.850, 16 MiB
2023/10/20 12:53:14.851, 16 MiB
2023/10/20 12:53:14.852, 16 MiB
2023/10/20 12:53:14.853, 16 MiB
2023/10/20 12:53:14.854, 16 MiB
2023/10/20 12:53:14.855, 16 MiB
2023/10/20 12:53:14.856, 16 MiB
2023/10/20 12:53:14.857, 16 MiB
2023/10/20 12:53:14.859, 16 MiB
2023/10/20 12:53:14.860, 16 MiB
2023/10/20 12:53:14.861, 16 MiB
2023/10/20 12:53:14.862, 16 MiB
2023/10/20 12:53:14.863, 16 MiB
2023/10/20 12:53:14.864, 16 MiB
2023/10/20 12:53:14.865, 16 MiB
2023/10/20 12:53:14.866, 16 MiB
2023/10/20 12:53:14.867, 16 MiB
2023/10/20 12:53:14.869, 16 MiB
2023/10/20 12:53:14.870, 16 MiB
2023/10/20 12:53:14.871, 16 MiB
2023/10/20 12:53:14.872, 16 MiB
2023/10/20 12:53:14.873, 16 MiB
2023/10/20 12:53:14.874, 16 MiB
2023/10/20 12:53:14.875, 16 MiB
2023/10/20 12:53:14.876, 16 MiB
2023/10/20 12:53:14.877, 16 MiB
2023/10/20 12:53:14.878, 16 MiB
2023/10/20 12:53:14.879, 16 MiB
2023/10/20 12:53:14.881, 16 MiB
2023/10/20 12:53:14.882, 16 MiB
2023/10/20 12:53:14.883, 16 MiB
2023/10/20 12:53:14.884, 16 MiB
2023/10/20 12:53:14.885, 16 MiB
2023/10/20 12:53:14.886, 16 MiB
2023/10/20 12:53:14.887, 16 MiB
2023/10/20 12:53:14.888, 16 MiB
2023/10/20 12:53:14.889, 16 MiB
2023/10/20 12:53:14.890, 16 MiB
2023/10/20 12:53:14.891, 16 MiB
2023/10/20 12:53:14.892, 16 MiB
2023/10/20 12:53:14.893, 16 MiB
2023/10/20 12:53:14.895, 16 MiB
2023/10/20 12:53:14.896, 16 MiB
2023/10/20 12:53:14.897, 16 MiB
2023/10/20 12:53:14.898, 16 MiB
2023/10/20 12:53:14.899, 16 MiB
2023/10/20 12:53:14.900, 16 MiB
2023/10/20 12:53:14.901, 16 MiB
2023/10/20 12:53:14.902, 16 MiB
2023/10/20 12:53:14.903, 16 MiB
2023/10/20 12:53:14.904, 16 MiB
2023/10/20 12:53:14.905, 16 MiB
2023/10/20 12:53:14.906, 16 MiB
2023/10/20 12:53:14.907, 16 MiB
2023/10/20 12:53:14.909, 16 MiB
2023/10/20 12:53:14.910, 16 MiB
2023/10/20 12:53:14.911, 16 MiB
2023/10/20 12:53:14.912, 16 MiB
2023/10/20 12:53:14.913, 16 MiB
2023/10/20 12:53:14.914, 16 MiB
2023/10/20 12:53:14.915, 16 MiB
2023/10/20 12:53:14.916, 16 MiB
2023/10/20 12:53:14.917, 16 MiB
2023/10/20 12:53:14.918, 16 MiB
2023/10/20 12:53:14.919, 16 MiB
2023/10/20 12:53:14.920, 16 MiB
2023/10/20 12:53:14.921, 16 MiB
2023/10/20 12:53:14.923, 16 MiB
2023/10/20 12:53:14.924, 16 MiB
2023/10/20 12:53:14.925, 16 MiB
2023/10/20 12:53:14.926, 16 MiB
2023/10/20 12:53:14.927, 16 MiB
2023/10/20 12:53:14.928, 16 MiB
2023/10/20 12:53:14.929, 16 MiB
2023/10/20 12:53:14.930, 16 MiB
2023/10/20 12:53:14.931, 16 MiB
2023/10/20 12:53:14.932, 16 MiB
2023/10/20 12:53:14.933, 16 MiB
2023/10/20 12:53:14.934, 16 MiB
2023/10/20 12:53:14.935, 16 MiB
2023/10/20 12:53:14.937, 16 MiB
2023/10/20 12:53:14.938, 16 MiB
2023/10/20 12:53:14.941, 16 MiB
2023/10/20 12:53:14.942, 16 MiB
2023/10/20 12:53:14.943, 18 MiB
2023/10/20 12:53:14.944, 18 MiB
2023/10/20 12:53:14.945, 18 MiB
2023/10/20 12:53:14.946, 18 MiB
2023/10/20 12:53:14.947, 18 MiB
2023/10/20 12:53:14.948, 18 MiB
2023/10/20 12:53:14.949, 18 MiB
2023/10/20 12:53:14.950, 18 MiB
2023/10/20 12:53:14.952, 18 MiB
2023/10/20 12:53:14.953, 18 MiB
2023/10/20 12:53:14.954, 18 MiB
2023/10/20 12:53:14.955, 18 MiB
2023/10/20 12:53:14.956, 18 MiB
2023/10/20 12:53:14.957, 18 MiB
2023/10/20 12:53:14.958, 18 MiB
2023/10/20 12:53:14.959, 18 MiB
2023/10/20 12:53:14.960, 18 MiB
2023/10/20 12:53:14.961, 18 MiB
2023/10/20 12:53:14.962, 18 MiB
2023/10/20 12:53:14.963, 18 MiB
2023/10/20 12:53:14.964, 18 MiB
2023/10/20 12:53:14.966, 18 MiB
2023/10/20 12:53:14.967, 18 MiB
2023/10/20 12:53:14.968, 18 MiB
2023/10/20 12:53:14.969, 18 MiB
2023/10/20 12:53:14.970, 18 MiB
2023/10/20 12:53:14.971, 18 MiB
2023/10/20 12:53:14.972, 18 MiB
2023/10/20 12:53:14.973, 18 MiB
2023/10/20 12:53:14.974, 18 MiB
2023/10/20 12:53:14.975, 18 MiB
2023/10/20 12:53:14.976, 18 MiB
2023/10/20 12:53:14.977, 18 MiB
2023/10/20 12:53:14.978, 18 MiB
2023/10/20 12:53:14.980, 18 MiB
2023/10/20 12:53:14.981, 18 MiB
2023/10/20 12:53:14.982, 18 MiB
2023/10/20 12:53:14.983, 18 MiB
2023/10/20 12:53:14.984, 18 MiB
2023/10/20 12:53:14.985, 18 MiB
2023/10/20 12:53:14.986, 18 MiB
2023/10/20 12:53:14.987, 18 MiB
2023/10/20 12:53:14.988, 18 MiB
2023/10/20 12:53:14.989, 18 MiB
2023/10/20 12:53:14.990, 18 MiB
2023/10/20 12:53:14.991, 18 MiB
2023/10/20 12:53:14.992, 18 MiB
2023/10/20 12:53:14.993, 18 MiB
2023/10/20 12:53:14.995, 18 MiB
2023/10/20 12:53:14.996, 18 MiB
2023/10/20 12:53:14.997, 18 MiB
2023/10/20 12:53:14.998, 18 MiB
2023/10/20 12:53:14.999, 18 MiB
2023/10/20 12:53:15.000, 18 MiB
2023/10/20 12:53:15.001, 18 MiB
2023/10/20 12:53:15.002, 18 MiB
2023/10/20 12:53:15.003, 18 MiB
2023/10/20 12:53:15.004, 18 MiB
2023/10/20 12:53:15.005, 18 MiB
2023/10/20 12:53:15.006, 18 MiB
2023/10/20 12:53:15.007, 18 MiB
2023/10/20 12:53:15.008, 18 MiB
2023/10/20 12:53:15.010, 18 MiB
2023/10/20 12:53:15.011, 18 MiB
2023/10/20 12:53:15.012, 18 MiB
2023/10/20 12:53:15.013, 18 MiB
2023/10/20 12:53:15.014, 18 MiB
2023/10/20 12:53:15.015, 18 MiB
2023/10/20 12:53:15.016, 18 MiB
2023/10/20 12:53:15.017, 18 MiB
2023/10/20 12:53:15.018, 18 MiB
2023/10/20 12:53:15.019, 18 MiB
2023/10/20 12:53:15.020, 18 MiB
2023/10/20 12:53:15.021, 18 MiB
2023/10/20 12:53:15.022, 18 MiB
2023/10/20 12:53:15.023, 18 MiB
2023/10/20 12:53:15.025, 18 MiB
2023/10/20 12:53:15.026, 18 MiB
2023/10/20 12:53:15.027, 18 MiB
2023/10/20 12:53:15.028, 18 MiB
2023/10/20 12:53:15.029, 18 MiB
2023/10/20 12:53:15.030, 18 MiB
2023/10/20 12:53:15.031, 18 MiB
2023/10/20 12:53:15.032, 18 MiB
2023/10/20 12:53:15.033, 18 MiB
2023/10/20 12:53:15.034, 18 MiB
2023/10/20 12:53:15.035, 18 MiB
2023/10/20 12:53:15.036, 18 MiB
2023/10/20 12:53:15.038, 18 MiB
2023/10/20 12:53:15.039, 18 MiB
2023/10/20 12:53:15.040, 18 MiB
2023/10/20 12:53:15.041, 18 MiB
2023/10/20 12:53:15.042, 18 MiB
2023/10/20 12:53:15.043, 18 MiB
2023/10/20 12:53:15.044, 18 MiB
2023/10/20 12:53:15.045, 18 MiB
2023/10/20 12:53:15.046, 18 MiB
2023/10/20 12:53:15.047, 18 MiB
2023/10/20 12:53:15.048, 18 MiB
2023/10/20 12:53:15.049, 18 MiB
2023/10/20 12:53:15.050, 18 MiB
2023/10/20 12:53:15.051, 18 MiB
2023/10/20 12:53:15.052, 18 MiB
2023/10/20 12:53:15.054, 18 MiB
2023/10/20 12:53:15.055, 18 MiB
2023/10/20 12:53:15.056, 18 MiB
2023/10/20 12:53:15.057, 18 MiB
2023/10/20 12:53:15.058, 18 MiB
2023/10/20 12:53:15.059, 18 MiB
2023/10/20 12:53:15.060, 18 MiB
2023/10/20 12:53:15.061, 18 MiB
2023/10/20 12:53:15.062, 18 MiB
2023/10/20 12:53:15.063, 18 MiB
2023/10/20 12:53:15.064, 18 MiB
2023/10/20 12:53:15.065, 18 MiB
2023/10/20 12:53:15.066, 18 MiB
2023/10/20 12:53:15.067, 18 MiB
2023/10/20 12:53:15.069, 18 MiB
2023/10/20 12:53:15.070, 18 MiB
2023/10/20 12:53:15.071, 18 MiB
2023/10/20 12:53:15.072, 18 MiB
2023/10/20 12:53:15.073, 18 MiB
2023/10/20 12:53:15.074, 18 MiB
2023/10/20 12:53:15.075, 18 MiB
2023/10/20 12:53:15.076, 18 MiB
2023/10/20 12:53:15.077, 18 MiB
2023/10/20 12:53:15.078, 18 MiB
2023/10/20 12:53:15.079, 18 MiB
2023/10/20 12:53:15.080, 18 MiB
2023/10/20 12:53:15.081, 18 MiB
2023/10/20 12:53:15.082, 18 MiB
2023/10/20 12:53:15.084, 18 MiB
2023/10/20 12:53:15.085, 18 MiB
2023/10/20 12:53:15.086, 18 MiB
2023/10/20 12:53:15.087, 18 MiB
2023/10/20 12:53:15.088, 18 MiB
2023/10/20 12:53:15.089, 18 MiB
2023/10/20 12:53:15.090, 18 MiB
2023/10/20 12:53:15.091, 18 MiB
2023/10/20 12:53:15.092, 18 MiB
2023/10/20 12:53:15.093, 18 MiB
2023/10/20 12:53:15.094, 18 MiB
2023/10/20 12:53:15.095, 18 MiB
2023/10/20 12:53:15.096, 18 MiB
2023/10/20 12:53:15.097, 18 MiB
2023/10/20 12:53:15.099, 18 MiB
2023/10/20 12:53:15.100, 18 MiB
2023/10/20 12:53:15.101, 18 MiB
2023/10/20 12:53:15.102, 18 MiB
2023/10/20 12:53:15.103, 18 MiB
2023/10/20 12:53:15.104, 18 MiB
2023/10/20 12:53:15.105, 18 MiB
2023/10/20 12:53:15.106, 18 MiB
2023/10/20 12:53:15.107, 18 MiB
2023/10/20 12:53:15.108, 18 MiB
2023/10/20 12:53:15.109, 18 MiB
2023/10/20 12:53:15.110, 18 MiB
2023/10/20 12:53:15.111, 18 MiB
2023/10/20 12:53:15.112, 18 MiB
2023/10/20 12:53:15.113, 18 MiB
2023/10/20 12:53:15.115, 18 MiB
2023/10/20 12:53:15.116, 18 MiB
2023/10/20 12:53:15.117, 18 MiB
2023/10/20 12:53:15.118, 18 MiB
2023/10/20 12:53:15.119, 18 MiB
2023/10/20 12:53:15.120, 18 MiB
2023/10/20 12:53:15.121, 18 MiB
2023/10/20 12:53:15.122, 18 MiB
2023/10/20 12:53:15.123, 18 MiB
2023/10/20 12:53:15.124, 18 MiB
2023/10/20 12:53:15.125, 18 MiB
2023/10/20 12:53:15.126, 18 MiB
2023/10/20 12:53:15.127, 18 MiB
2023/10/20 12:53:15.128, 18 MiB
2023/10/20 12:53:15.130, 18 MiB
2023/10/20 12:53:15.131, 18 MiB
2023/10/20 12:53:15.132, 18 MiB
2023/10/20 12:53:15.133, 18 MiB
2023/10/20 12:53:15.134, 18 MiB
2023/10/20 12:53:15.135, 18 MiB
2023/10/20 12:53:15.136, 18 MiB
2023/10/20 12:53:15.137, 18 MiB
2023/10/20 12:53:15.138, 18 MiB
2023/10/20 12:53:15.139, 18 MiB
2023/10/20 12:53:15.140, 18 MiB
2023/10/20 12:53:15.141, 18 MiB
2023/10/20 12:53:15.142, 18 MiB
2023/10/20 12:53:15.143, 18 MiB
2023/10/20 12:53:15.144, 18 MiB
2023/10/20 12:53:15.146, 18 MiB
2023/10/20 12:53:15.147, 18 MiB
2023/10/20 12:53:15.148, 18 MiB
2023/10/20 12:53:15.149, 18 MiB
2023/10/20 12:53:15.150, 18 MiB
2023/10/20 12:53:15.151, 18 MiB
2023/10/20 12:53:15.152, 18 MiB
2023/10/20 12:53:15.153, 18 MiB
2023/10/20 12:53:15.154, 18 MiB
2023/10/20 12:53:15.155, 18 MiB
2023/10/20 12:53:15.156, 18 MiB
2023/10/20 12:53:15.157, 18 MiB
2023/10/20 12:53:15.158, 18 MiB
2023/10/20 12:53:15.159, 18 MiB
2023/10/20 12:53:15.161, 18 MiB
2023/10/20 12:53:15.162, 18 MiB
2023/10/20 12:53:15.163, 18 MiB
2023/10/20 12:53:15.164, 18 MiB
2023/10/20 12:53:15.165, 18 MiB
2023/10/20 12:53:15.166, 18 MiB
2023/10/20 12:53:15.167, 18 MiB
2023/10/20 12:53:15.168, 18 MiB
2023/10/20 12:53:15.169, 18 MiB
2023/10/20 12:53:15.170, 18 MiB
2023/10/20 12:53:15.171, 18 MiB
2023/10/20 12:53:15.172, 18 MiB
2023/10/20 12:53:15.173, 18 MiB
2023/10/20 12:53:15.174, 18 MiB
2023/10/20 12:53:15.176, 18 MiB
2023/10/20 12:53:15.177, 18 MiB
2023/10/20 12:53:15.178, 18 MiB
2023/10/20 12:53:15.179, 18 MiB
2023/10/20 12:53:15.180, 18 MiB
2023/10/20 12:53:15.181, 18 MiB
2023/10/20 12:53:15.182, 18 MiB
2023/10/20 12:53:15.183, 18 MiB
2023/10/20 12:53:15.184, 18 MiB
2023/10/20 12:53:15.185, 18 MiB
2023/10/20 12:53:15.186, 18 MiB
2023/10/20 12:53:15.187, 18 MiB
2023/10/20 12:53:15.188, 18 MiB
2023/10/20 12:53:15.189, 18 MiB
2023/10/20 12:53:15.191, 18 MiB
2023/10/20 12:53:15.192, 18 MiB
2023/10/20 12:53:15.193, 18 MiB
2023/10/20 12:53:15.194, 18 MiB
2023/10/20 12:53:15.195, 18 MiB
2023/10/20 12:53:15.196, 18 MiB
2023/10/20 12:53:15.197, 18 MiB
2023/10/20 12:53:15.198, 18 MiB
2023/10/20 12:53:15.199, 18 MiB
2023/10/20 12:53:15.200, 18 MiB
2023/10/20 12:53:15.201, 18 MiB
2023/10/20 12:53:15.202, 18 MiB
2023/10/20 12:53:15.203, 18 MiB
2023/10/20 12:53:15.204, 18 MiB
2023/10/20 12:53:15.205, 18 MiB
2023/10/20 12:53:15.207, 18 MiB
2023/10/20 12:53:15.208, 18 MiB
2023/10/20 12:53:15.209, 18 MiB
2023/10/20 12:53:15.210, 18 MiB
2023/10/20 12:53:15.211, 18 MiB
2023/10/20 12:53:15.212, 18 MiB
2023/10/20 12:53:15.213, 18 MiB
2023/10/20 12:53:15.214, 18 MiB
2023/10/20 12:53:15.215, 18 MiB
2023/10/20 12:53:15.216, 18 MiB
2023/10/20 12:53:15.217, 18 MiB
2023/10/20 12:53:15.218, 18 MiB
2023/10/20 12:53:15.219, 18 MiB
2023/10/20 12:53:15.220, 18 MiB
2023/10/20 12:53:15.222, 18 MiB
2023/10/20 12:53:15.223, 18 MiB
2023/10/20 12:53:15.224, 18 MiB
2023/10/20 12:53:15.225, 18 MiB
2023/10/20 12:53:15.226, 18 MiB
2023/10/20 12:53:15.227, 18 MiB
2023/10/20 12:53:15.228, 18 MiB
2023/10/20 12:53:15.229, 18 MiB
2023/10/20 12:53:15.230, 18 MiB
2023/10/20 12:53:15.231, 18 MiB
2023/10/20 12:53:15.232, 18 MiB
2023/10/20 12:53:15.233, 18 MiB
2023/10/20 12:53:15.234, 18 MiB
2023/10/20 12:53:15.235, 18 MiB
2023/10/20 12:53:15.237, 18 MiB
2023/10/20 12:53:15.238, 18 MiB
2023/10/20 12:53:15.239, 18 MiB
2023/10/20 12:53:15.240, 18 MiB
2023/10/20 12:53:15.241, 18 MiB
2023/10/20 12:53:15.242, 18 MiB
2023/10/20 12:53:15.243, 18 MiB
2023/10/20 12:53:15.244, 18 MiB
2023/10/20 12:53:15.245, 18 MiB
2023/10/20 12:53:15.246, 18 MiB
2023/10/20 12:53:15.247, 18 MiB
2023/10/20 12:53:15.249, 18 MiB
2023/10/20 12:53:15.250, 18 MiB
2023/10/20 12:53:15.251, 18 MiB
2023/10/20 12:53:15.252, 18 MiB
2023/10/20 12:53:15.253, 18 MiB
2023/10/20 12:53:15.254, 18 MiB
2023/10/20 12:53:15.255, 18 MiB
2023/10/20 12:53:15.256, 18 MiB
2023/10/20 12:53:15.257, 18 MiB
2023/10/20 12:53:15.259, 18 MiB
2023/10/20 12:53:15.260, 18 MiB
2023/10/20 12:53:15.261, 18 MiB
2023/10/20 12:53:15.262, 18 MiB
2023/10/20 12:53:15.263, 18 MiB
2023/10/20 12:53:15.264, 18 MiB
2023/10/20 12:53:15.265, 18 MiB
2023/10/20 12:53:15.266, 18 MiB
2023/10/20 12:53:15.267, 18 MiB
2023/10/20 12:53:15.268, 18 MiB
2023/10/20 12:53:15.270, 18 MiB
2023/10/20 12:53:15.271, 18 MiB
2023/10/20 12:53:15.272, 18 MiB
2023/10/20 12:53:15.273, 18 MiB
2023/10/20 12:53:15.274, 18 MiB
2023/10/20 12:53:15.275, 18 MiB
2023/10/20 12:53:15.276, 18 MiB
2023/10/20 12:53:15.277, 18 MiB
2023/10/20 12:53:15.278, 18 MiB
2023/10/20 12:53:15.280, 18 MiB
2023/10/20 12:53:15.281, 18 MiB
2023/10/20 12:53:15.282, 18 MiB
2023/10/20 12:53:15.283, 18 MiB
2023/10/20 12:53:15.284, 18 MiB
2023/10/20 12:53:15.285, 18 MiB
2023/10/20 12:53:15.286, 18 MiB
2023/10/20 12:53:15.287, 18 MiB
2023/10/20 12:53:15.288, 18 MiB
2023/10/20 12:53:15.289, 18 MiB
2023/10/20 12:53:15.291, 18 MiB
2023/10/20 12:53:15.292, 18 MiB
2023/10/20 12:53:15.293, 18 MiB
2023/10/20 12:53:15.294, 18 MiB
2023/10/20 12:53:15.295, 18 MiB
2023/10/20 12:53:15.296, 18 MiB
2023/10/20 12:53:15.297, 18 MiB
2023/10/20 12:53:15.298, 18 MiB
2023/10/20 12:53:15.299, 18 MiB
2023/10/20 12:53:15.301, 18 MiB
2023/10/20 12:53:15.302, 18 MiB
2023/10/20 12:53:15.303, 18 MiB
2023/10/20 12:53:15.304, 18 MiB
2023/10/20 12:53:15.305, 18 MiB
2023/10/20 12:53:15.306, 18 MiB
2023/10/20 12:53:15.307, 18 MiB
2023/10/20 12:53:15.308, 18 MiB
2023/10/20 12:53:15.309, 18 MiB
2023/10/20 12:53:15.311, 18 MiB
2023/10/20 12:53:15.312, 18 MiB
2023/10/20 12:53:15.313, 18 MiB
2023/10/20 12:53:15.314, 18 MiB
2023/10/20 12:53:15.315, 18 MiB
2023/10/20 12:53:15.316, 18 MiB
2023/10/20 12:53:15.317, 18 MiB
2023/10/20 12:53:15.318, 18 MiB
2023/10/20 12:53:15.319, 18 MiB
2023/10/20 12:53:15.320, 18 MiB
2023/10/20 12:53:15.322, 18 MiB
2023/10/20 12:53:15.323, 18 MiB
2023/10/20 12:53:15.324, 18 MiB
2023/10/20 12:53:15.325, 18 MiB
2023/10/20 12:53:15.326, 18 MiB
2023/10/20 12:53:15.327, 18 MiB
2023/10/20 12:53:15.328, 18 MiB
2023/10/20 12:53:15.329, 18 MiB
2023/10/20 12:53:15.330, 18 MiB
2023/10/20 12:53:15.332, 18 MiB
2023/10/20 12:53:15.333, 18 MiB
2023/10/20 12:53:15.334, 18 MiB
2023/10/20 12:53:15.335, 18 MiB
2023/10/20 12:53:15.336, 18 MiB
2023/10/20 12:53:15.337, 18 MiB
2023/10/20 12:53:15.338, 18 MiB
2023/10/20 12:53:15.339, 18 MiB
2023/10/20 12:53:15.340, 18 MiB
2023/10/20 12:53:15.341, 18 MiB
2023/10/20 12:53:15.343, 18 MiB
2023/10/20 12:53:15.344, 18 MiB
2023/10/20 12:53:15.345, 18 MiB
2023/10/20 12:53:15.346, 18 MiB
2023/10/20 12:53:15.347, 18 MiB
2023/10/20 12:53:15.348, 18 MiB
2023/10/20 12:53:15.349, 18 MiB
2023/10/20 12:53:15.350, 18 MiB
2023/10/20 12:53:15.351, 18 MiB
2023/10/20 12:53:15.353, 18 MiB
2023/10/20 12:53:15.354, 18 MiB
2023/10/20 12:53:15.355, 18 MiB
2023/10/20 12:53:15.356, 18 MiB
2023/10/20 12:53:15.357, 18 MiB
2023/10/20 12:53:15.358, 18 MiB
2023/10/20 12:53:15.359, 18 MiB
2023/10/20 12:53:15.360, 18 MiB
2023/10/20 12:53:15.361, 18 MiB
2023/10/20 12:53:15.363, 18 MiB
2023/10/20 12:53:15.364, 18 MiB
2023/10/20 12:53:15.365, 18 MiB
2023/10/20 12:53:15.366, 18 MiB
2023/10/20 12:53:15.367, 18 MiB
2023/10/20 12:53:15.368, 18 MiB
2023/10/20 12:53:15.369, 18 MiB
2023/10/20 12:53:15.370, 18 MiB
2023/10/20 12:53:15.371, 18 MiB
2023/10/20 12:53:15.372, 18 MiB
2023/10/20 12:53:15.373, 18 MiB
2023/10/20 12:53:15.375, 18 MiB
2023/10/20 12:53:15.376, 18 MiB
2023/10/20 12:53:15.377, 18 MiB
2023/10/20 12:53:15.378, 18 MiB
2023/10/20 12:53:15.379, 18 MiB
2023/10/20 12:53:15.380, 18 MiB
2023/10/20 12:53:15.381, 18 MiB
2023/10/20 12:53:15.382, 18 MiB
2023/10/20 12:53:15.383, 18 MiB
2023/10/20 12:53:15.384, 18 MiB
2023/10/20 12:53:15.385, 18 MiB
2023/10/20 12:53:15.386, 18 MiB
2023/10/20 12:53:15.387, 18 MiB
2023/10/20 12:53:15.389, 18 MiB
2023/10/20 12:53:15.390, 18 MiB
2023/10/20 12:53:15.391, 18 MiB
2023/10/20 12:53:15.392, 18 MiB
2023/10/20 12:53:15.393, 18 MiB
2023/10/20 12:53:15.394, 18 MiB
2023/10/20 12:53:15.395, 18 MiB
2023/10/20 12:53:15.396, 18 MiB
2023/10/20 12:53:15.397, 18 MiB
2023/10/20 12:53:15.398, 18 MiB
2023/10/20 12:53:15.399, 18 MiB
2023/10/20 12:53:15.400, 18 MiB
2023/10/20 12:53:15.401, 18 MiB
2023/10/20 12:53:15.403, 18 MiB
2023/10/20 12:53:15.404, 18 MiB
2023/10/20 12:53:15.405, 18 MiB
2023/10/20 12:53:15.406, 18 MiB
2023/10/20 12:53:15.407, 18 MiB
2023/10/20 12:53:15.408, 18 MiB
2023/10/20 12:53:15.409, 18 MiB
2023/10/20 12:53:15.410, 18 MiB
2023/10/20 12:53:15.411, 18 MiB
2023/10/20 12:53:15.412, 18 MiB
2023/10/20 12:53:15.413, 18 MiB
2023/10/20 12:53:15.414, 18 MiB
2023/10/20 12:53:15.415, 18 MiB
2023/10/20 12:53:15.417, 18 MiB
2023/10/20 12:53:15.418, 18 MiB
2023/10/20 12:53:15.419, 18 MiB
2023/10/20 12:53:15.420, 18 MiB
2023/10/20 12:53:15.421, 18 MiB
2023/10/20 12:53:15.422, 18 MiB
2023/10/20 12:53:15.423, 18 MiB
2023/10/20 12:53:15.424, 18 MiB
2023/10/20 12:53:15.425, 18 MiB
2023/10/20 12:53:15.426, 18 MiB
2023/10/20 12:53:15.427, 18 MiB
2023/10/20 12:53:15.428, 18 MiB
2023/10/20 12:53:15.430, 18 MiB
2023/10/20 12:53:15.431, 18 MiB
2023/10/20 12:53:15.432, 18 MiB
2023/10/20 12:53:15.433, 18 MiB
2023/10/20 12:53:15.434, 18 MiB
2023/10/20 12:53:15.435, 18 MiB
2023/10/20 12:53:15.436, 18 MiB
2023/10/20 12:53:15.437, 18 MiB
2023/10/20 12:53:15.438, 18 MiB
2023/10/20 12:53:15.439, 18 MiB
2023/10/20 12:53:15.440, 18 MiB
2023/10/20 12:53:15.441, 18 MiB
2023/10/20 12:53:15.442, 18 MiB
2023/10/20 12:53:15.444, 18 MiB
2023/10/20 12:53:15.445, 18 MiB
2023/10/20 12:53:15.446, 18 MiB
2023/10/20 12:53:15.447, 18 MiB
2023/10/20 12:53:15.448, 18 MiB
2023/10/20 12:53:15.449, 18 MiB
2023/10/20 12:53:15.450, 18 MiB
2023/10/20 12:53:15.451, 18 MiB
2023/10/20 12:53:15.452, 18 MiB
2023/10/20 12:53:15.453, 18 MiB
2023/10/20 12:53:15.454, 18 MiB
2023/10/20 12:53:15.455, 18 MiB
2023/10/20 12:53:15.456, 18 MiB
2023/10/20 12:53:15.457, 18 MiB
2023/10/20 12:53:15.459, 18 MiB
2023/10/20 12:53:15.460, 18 MiB
2023/10/20 12:53:15.461, 18 MiB
2023/10/20 12:53:15.462, 18 MiB
2023/10/20 12:53:15.463, 18 MiB
2023/10/20 12:53:15.464, 18 MiB
2023/10/20 12:53:15.465, 18 MiB
2023/10/20 12:53:15.466, 18 MiB
2023/10/20 12:53:15.467, 18 MiB
2023/10/20 12:53:15.468, 18 MiB
2023/10/20 12:53:15.469, 18 MiB
2023/10/20 12:53:15.470, 18 MiB
2023/10/20 12:53:15.471, 18 MiB
2023/10/20 12:53:15.473, 18 MiB
2023/10/20 12:53:15.474, 18 MiB
2023/10/20 12:53:15.475, 18 MiB
2023/10/20 12:53:15.476, 18 MiB
2023/10/20 12:53:15.477, 18 MiB
2023/10/20 12:53:15.478, 18 MiB
2023/10/20 12:53:15.479, 18 MiB
2023/10/20 12:53:15.480, 18 MiB
2023/10/20 12:53:15.481, 18 MiB
2023/10/20 12:53:15.482, 18 MiB
2023/10/20 12:53:15.483, 18 MiB
2023/10/20 12:53:15.485, 18 MiB
2023/10/20 12:53:15.486, 18 MiB
2023/10/20 12:53:15.487, 18 MiB
2023/10/20 12:53:15.488, 18 MiB
2023/10/20 12:53:15.489, 18 MiB
2023/10/20 12:53:15.490, 18 MiB
2023/10/20 12:53:15.491, 18 MiB
2023/10/20 12:53:15.492, 18 MiB
2023/10/20 12:53:15.493, 18 MiB
2023/10/20 12:53:15.494, 18 MiB
2023/10/20 12:53:15.495, 18 MiB
2023/10/20 12:53:15.497, 18 MiB
2023/10/20 12:53:15.498, 18 MiB
2023/10/20 12:53:15.499, 18 MiB
2023/10/20 12:53:15.500, 18 MiB
2023/10/20 12:53:15.501, 18 MiB
2023/10/20 12:53:15.502, 18 MiB
2023/10/20 12:53:15.503, 18 MiB
2023/10/20 12:53:15.504, 18 MiB
2023/10/20 12:53:15.505, 18 MiB
2023/10/20 12:53:15.506, 18 MiB
2023/10/20 12:53:15.507, 18 MiB
2023/10/20 12:53:15.509, 18 MiB
2023/10/20 12:53:15.510, 18 MiB
2023/10/20 12:53:15.511, 18 MiB
2023/10/20 12:53:15.512, 18 MiB
2023/10/20 12:53:15.513, 18 MiB
2023/10/20 12:53:15.514, 18 MiB
2023/10/20 12:53:15.515, 18 MiB
2023/10/20 12:53:15.516, 18 MiB
2023/10/20 12:53:15.517, 18 MiB
2023/10/20 12:53:15.518, 18 MiB
2023/10/20 12:53:15.519, 18 MiB
2023/10/20 12:53:15.520, 18 MiB
2023/10/20 12:53:15.522, 18 MiB
2023/10/20 12:53:15.523, 18 MiB
2023/10/20 12:53:15.524, 18 MiB
2023/10/20 12:53:15.525, 18 MiB
2023/10/20 12:53:15.526, 18 MiB
2023/10/20 12:53:15.527, 18 MiB
2023/10/20 12:53:15.528, 18 MiB
2023/10/20 12:53:15.529, 18 MiB
2023/10/20 12:53:15.530, 18 MiB
2023/10/20 12:53:15.531, 18 MiB
2023/10/20 12:53:15.532, 18 MiB
2023/10/20 12:53:15.534, 18 MiB
2023/10/20 12:53:15.535, 18 MiB
2023/10/20 12:53:15.536, 18 MiB
2023/10/20 12:53:15.537, 18 MiB
2023/10/20 12:53:15.538, 18 MiB
2023/10/20 12:53:15.539, 18 MiB
2023/10/20 12:53:15.540, 18 MiB
2023/10/20 12:53:15.541, 18 MiB
2023/10/20 12:53:15.542, 18 MiB
2023/10/20 12:53:15.543, 18 MiB
2023/10/20 12:53:15.544, 18 MiB
2023/10/20 12:53:15.545, 18 MiB
2023/10/20 12:53:15.547, 18 MiB
2023/10/20 12:53:15.548, 18 MiB
2023/10/20 12:53:15.549, 18 MiB
2023/10/20 12:53:15.550, 18 MiB
2023/10/20 12:53:15.551, 18 MiB
2023/10/20 12:53:15.552, 18 MiB
2023/10/20 12:53:15.553, 18 MiB
2023/10/20 12:53:15.554, 18 MiB
2023/10/20 12:53:15.555, 18 MiB
2023/10/20 12:53:15.556, 18 MiB
2023/10/20 12:53:15.557, 18 MiB
2023/10/20 12:53:15.558, 18 MiB
2023/10/20 12:53:15.559, 18 MiB
2023/10/20 12:53:15.561, 18 MiB
2023/10/20 12:53:15.562, 18 MiB
2023/10/20 12:53:15.563, 18 MiB
2023/10/20 12:53:15.564, 18 MiB
2023/10/20 12:53:15.565, 18 MiB
2023/10/20 12:53:15.566, 18 MiB
2023/10/20 12:53:15.567, 18 MiB
2023/10/20 12:53:15.568, 18 MiB
2023/10/20 12:53:15.569, 18 MiB
2023/10/20 12:53:15.570, 18 MiB
2023/10/20 12:53:15.571, 18 MiB
2023/10/20 12:53:15.572, 18 MiB
2023/10/20 12:53:15.573, 18 MiB
2023/10/20 12:53:15.574, 18 MiB
2023/10/20 12:53:15.576, 18 MiB
2023/10/20 12:53:15.577, 18 MiB
2023/10/20 12:53:15.578, 18 MiB
2023/10/20 12:53:15.579, 18 MiB
2023/10/20 12:53:15.580, 18 MiB
2023/10/20 12:53:15.581, 18 MiB
2023/10/20 12:53:15.582, 18 MiB
2023/10/20 12:53:15.583, 18 MiB
2023/10/20 12:53:15.584, 18 MiB
2023/10/20 12:53:15.585, 18 MiB
2023/10/20 12:53:15.586, 18 MiB
2023/10/20 12:53:15.587, 18 MiB
2023/10/20 12:53:15.588, 18 MiB
2023/10/20 12:53:15.589, 18 MiB
2023/10/20 12:53:15.591, 18 MiB
2023/10/20 12:53:15.592, 18 MiB
2023/10/20 12:53:15.593, 18 MiB
2023/10/20 12:53:15.594, 18 MiB
2023/10/20 12:53:15.595, 18 MiB
2023/10/20 12:53:15.596, 18 MiB
2023/10/20 12:53:15.597, 18 MiB
2023/10/20 12:53:15.598, 18 MiB
2023/10/20 12:53:15.599, 18 MiB
2023/10/20 12:53:15.600, 18 MiB
2023/10/20 12:53:15.601, 18 MiB
2023/10/20 12:53:15.602, 18 MiB
2023/10/20 12:53:15.603, 18 MiB
2023/10/20 12:53:15.604, 18 MiB
2023/10/20 12:53:15.606, 18 MiB
2023/10/20 12:53:15.607, 18 MiB
2023/10/20 12:53:15.608, 18 MiB
2023/10/20 12:53:15.609, 18 MiB
2023/10/20 12:53:15.610, 18 MiB
2023/10/20 12:53:15.611, 18 MiB
2023/10/20 12:53:15.612, 18 MiB
2023/10/20 12:53:15.613, 18 MiB
2023/10/20 12:53:15.614, 18 MiB
2023/10/20 12:53:15.615, 18 MiB
2023/10/20 12:53:15.616, 18 MiB
2023/10/20 12:53:15.617, 18 MiB
2023/10/20 12:53:15.618, 18 MiB
2023/10/20 12:53:15.620, 18 MiB
2023/10/20 12:53:15.621, 18 MiB
2023/10/20 12:53:15.632, 18 MiB
2023/10/20 12:53:15.633, 18 MiB
2023/10/20 12:53:15.634, 18 MiB
2023/10/20 12:53:15.635, 18 MiB
2023/10/20 12:53:15.636, 18 MiB
2023/10/20 12:53:15.637, 18 MiB
2023/10/20 12:53:15.638, 18 MiB
2023/10/20 12:53:15.640, 18 MiB
2023/10/20 12:53:15.641, 18 MiB
2023/10/20 12:53:15.642, 18 MiB
2023/10/20 12:53:15.643, 18 MiB
2023/10/20 12:53:15.644, 18 MiB
2023/10/20 12:53:15.645, 18 MiB
2023/10/20 12:53:15.646, 18 MiB
2023/10/20 12:53:15.647, 18 MiB
2023/10/20 12:53:15.649, 18 MiB
2023/10/20 12:53:15.650, 18 MiB
2023/10/20 12:53:15.651, 18 MiB
2023/10/20 12:53:15.652, 18 MiB
2023/10/20 12:53:15.653, 18 MiB
2023/10/20 12:53:15.654, 18 MiB
2023/10/20 12:53:15.655, 18 MiB
2023/10/20 12:53:15.656, 18 MiB
2023/10/20 12:53:15.658, 18 MiB
2023/10/20 12:53:15.659, 18 MiB
2023/10/20 12:53:15.660, 18 MiB
2023/10/20 12:53:15.661, 18 MiB
2023/10/20 12:53:15.662, 18 MiB
2023/10/20 12:53:15.663, 18 MiB
2023/10/20 12:53:15.664, 18 MiB
2023/10/20 12:53:15.665, 18 MiB
2023/10/20 12:53:15.667, 18 MiB
2023/10/20 12:53:15.668, 18 MiB
2023/10/20 12:53:15.669, 18 MiB
2023/10/20 12:53:15.670, 18 MiB
2023/10/20 12:53:15.671, 18 MiB
2023/10/20 12:53:15.672, 18 MiB
2023/10/20 12:53:15.673, 18 MiB
2023/10/20 12:53:15.674, 18 MiB
2023/10/20 12:53:15.676, 18 MiB
2023/10/20 12:53:15.677, 18 MiB
2023/10/20 12:53:15.678, 18 MiB
2023/10/20 12:53:15.679, 18 MiB
2023/10/20 12:53:15.680, 18 MiB
2023/10/20 12:53:15.681, 18 MiB
2023/10/20 12:53:15.682, 18 MiB
2023/10/20 12:53:15.683, 18 MiB
2023/10/20 12:53:15.685, 18 MiB
2023/10/20 12:53:15.686, 18 MiB
2023/10/20 12:53:15.687, 18 MiB
2023/10/20 12:53:15.688, 18 MiB
2023/10/20 12:53:15.689, 18 MiB
