timestamp, memory.used [MiB]
2023/10/20 12:49:08.970, 16 MiB
2023/10/20 12:49:08.971, 16 MiB
2023/10/20 12:49:08.972, 16 MiB
2023/10/20 12:49:08.974, 16 MiB
2023/10/20 12:49:08.975, 16 MiB
2023/10/20 12:49:08.976, 16 MiB
2023/10/20 12:49:08.977, 16 MiB
2023/10/20 12:49:08.978, 16 MiB
2023/10/20 12:49:08.979, 16 MiB
2023/10/20 12:49:08.980, 16 MiB
2023/10/20 12:49:08.981, 16 MiB
2023/10/20 12:49:08.982, 16 MiB
2023/10/20 12:49:08.983, 16 MiB
2023/10/20 12:49:08.984, 16 MiB
2023/10/20 12:49:08.985, 16 MiB
2023/10/20 12:49:08.987, 16 MiB
2023/10/20 12:49:08.988, 16 MiB
2023/10/20 12:49:08.989, 16 MiB
2023/10/20 12:49:08.990, 16 MiB
2023/10/20 12:49:08.991, 16 MiB
2023/10/20 12:49:08.992, 16 MiB
2023/10/20 12:49:08.993, 16 MiB
2023/10/20 12:49:08.994, 16 MiB
2023/10/20 12:49:08.995, 16 MiB
2023/10/20 12:49:08.996, 16 MiB
2023/10/20 12:49:08.997, 16 MiB
2023/10/20 12:49:08.999, 16 MiB
2023/10/20 12:49:09.000, 16 MiB
2023/10/20 12:49:09.001, 16 MiB
2023/10/20 12:49:09.002, 16 MiB
2023/10/20 12:49:09.003, 16 MiB
2023/10/20 12:49:09.004, 16 MiB
2023/10/20 12:49:09.005, 16 MiB
2023/10/20 12:49:09.006, 16 MiB
2023/10/20 12:49:09.007, 16 MiB
2023/10/20 12:49:09.008, 16 MiB
2023/10/20 12:49:09.009, 16 MiB
2023/10/20 12:49:09.011, 16 MiB
2023/10/20 12:49:09.012, 16 MiB
2023/10/20 12:49:09.013, 16 MiB
2023/10/20 12:49:09.014, 16 MiB
2023/10/20 12:49:09.015, 16 MiB
2023/10/20 12:49:09.016, 16 MiB
2023/10/20 12:49:09.017, 16 MiB
2023/10/20 12:49:09.018, 16 MiB
2023/10/20 12:49:09.019, 16 MiB
2023/10/20 12:49:09.020, 16 MiB
2023/10/20 12:49:09.021, 16 MiB
2023/10/20 12:49:09.022, 16 MiB
2023/10/20 12:49:09.024, 16 MiB
2023/10/20 12:49:09.025, 16 MiB
2023/10/20 12:49:09.026, 16 MiB
2023/10/20 12:49:09.027, 16 MiB
2023/10/20 12:49:09.028, 16 MiB
2023/10/20 12:49:09.029, 16 MiB
2023/10/20 12:49:09.030, 16 MiB
2023/10/20 12:49:09.031, 16 MiB
2023/10/20 12:49:09.032, 16 MiB
2023/10/20 12:49:09.033, 16 MiB
2023/10/20 12:49:09.034, 16 MiB
2023/10/20 12:49:09.036, 16 MiB
2023/10/20 12:49:09.037, 16 MiB
2023/10/20 12:49:09.038, 16 MiB
2023/10/20 12:49:09.039, 16 MiB
2023/10/20 12:49:09.040, 16 MiB
2023/10/20 12:49:09.041, 16 MiB
2023/10/20 12:49:09.042, 16 MiB
2023/10/20 12:49:09.043, 16 MiB
2023/10/20 12:49:09.044, 16 MiB
2023/10/20 12:49:09.045, 16 MiB
2023/10/20 12:49:09.046, 16 MiB
2023/10/20 12:49:09.047, 16 MiB
2023/10/20 12:49:09.049, 16 MiB
2023/10/20 12:49:09.050, 16 MiB
2023/10/20 12:49:09.051, 16 MiB
2023/10/20 12:49:09.052, 16 MiB
2023/10/20 12:49:09.053, 16 MiB
2023/10/20 12:49:09.054, 16 MiB
2023/10/20 12:49:09.055, 16 MiB
2023/10/20 12:49:09.056, 16 MiB
2023/10/20 12:49:09.057, 16 MiB
2023/10/20 12:49:09.058, 16 MiB
2023/10/20 12:49:09.059, 16 MiB
2023/10/20 12:49:09.060, 16 MiB
2023/10/20 12:49:09.062, 16 MiB
2023/10/20 12:49:09.063, 16 MiB
2023/10/20 12:49:09.064, 16 MiB
2023/10/20 12:49:09.065, 16 MiB
2023/10/20 12:49:09.066, 16 MiB
2023/10/20 12:49:09.067, 16 MiB
2023/10/20 12:49:09.068, 16 MiB
2023/10/20 12:49:09.069, 16 MiB
2023/10/20 12:49:09.070, 16 MiB
2023/10/20 12:49:09.071, 16 MiB
2023/10/20 12:49:09.072, 16 MiB
2023/10/20 12:49:09.073, 16 MiB
2023/10/20 12:49:09.074, 16 MiB
2023/10/20 12:49:09.076, 16 MiB
2023/10/20 12:49:09.077, 16 MiB
2023/10/20 12:49:09.078, 16 MiB
2023/10/20 12:49:09.079, 16 MiB
2023/10/20 12:49:09.080, 16 MiB
2023/10/20 12:49:09.081, 16 MiB
2023/10/20 12:49:09.082, 16 MiB
2023/10/20 12:49:09.083, 16 MiB
2023/10/20 12:49:09.084, 16 MiB
2023/10/20 12:49:09.085, 16 MiB
2023/10/20 12:49:09.086, 16 MiB
2023/10/20 12:49:09.087, 16 MiB
2023/10/20 12:49:09.088, 16 MiB
2023/10/20 12:49:09.089, 16 MiB
2023/10/20 12:49:09.091, 16 MiB
2023/10/20 12:49:09.092, 16 MiB
2023/10/20 12:49:09.093, 16 MiB
2023/10/20 12:49:09.094, 16 MiB
2023/10/20 12:49:09.095, 16 MiB
2023/10/20 12:49:09.096, 16 MiB
2023/10/20 12:49:09.097, 16 MiB
2023/10/20 12:49:09.098, 16 MiB
2023/10/20 12:49:09.099, 16 MiB
2023/10/20 12:49:09.100, 16 MiB
2023/10/20 12:49:09.101, 16 MiB
2023/10/20 12:49:09.102, 16 MiB
2023/10/20 12:49:09.103, 16 MiB
2023/10/20 12:49:09.104, 16 MiB
2023/10/20 12:49:09.106, 16 MiB
2023/10/20 12:49:09.107, 16 MiB
2023/10/20 12:49:09.108, 16 MiB
2023/10/20 12:49:09.109, 16 MiB
2023/10/20 12:49:09.110, 16 MiB
2023/10/20 12:49:09.111, 16 MiB
2023/10/20 12:49:09.112, 16 MiB
2023/10/20 12:49:09.113, 16 MiB
2023/10/20 12:49:09.114, 16 MiB
2023/10/20 12:49:09.115, 16 MiB
2023/10/20 12:49:09.116, 16 MiB
2023/10/20 12:49:09.117, 16 MiB
2023/10/20 12:49:09.118, 16 MiB
2023/10/20 12:49:09.119, 16 MiB
2023/10/20 12:49:09.121, 16 MiB
2023/10/20 12:49:09.122, 16 MiB
2023/10/20 12:49:09.123, 16 MiB
2023/10/20 12:49:09.124, 16 MiB
2023/10/20 12:49:09.125, 16 MiB
2023/10/20 12:49:09.126, 16 MiB
2023/10/20 12:49:09.127, 16 MiB
2023/10/20 12:49:09.128, 16 MiB
2023/10/20 12:49:09.129, 16 MiB
2023/10/20 12:49:09.130, 16 MiB
2023/10/20 12:49:09.131, 16 MiB
2023/10/20 12:49:09.132, 16 MiB
2023/10/20 12:49:09.133, 16 MiB
2023/10/20 12:49:09.134, 16 MiB
2023/10/20 12:49:09.136, 16 MiB
2023/10/20 12:49:09.137, 16 MiB
2023/10/20 12:49:09.138, 16 MiB
2023/10/20 12:49:09.139, 16 MiB
2023/10/20 12:49:09.140, 16 MiB
2023/10/20 12:49:09.141, 16 MiB
2023/10/20 12:49:09.142, 16 MiB
2023/10/20 12:49:09.143, 16 MiB
2023/10/20 12:49:09.144, 16 MiB
2023/10/20 12:49:09.145, 16 MiB
2023/10/20 12:49:09.146, 16 MiB
2023/10/20 12:49:09.147, 16 MiB
2023/10/20 12:49:09.148, 16 MiB
2023/10/20 12:49:09.149, 16 MiB
2023/10/20 12:49:09.151, 16 MiB
2023/10/20 12:49:09.152, 16 MiB
2023/10/20 12:49:09.153, 16 MiB
2023/10/20 12:49:09.154, 16 MiB
2023/10/20 12:49:09.155, 16 MiB
2023/10/20 12:49:09.156, 16 MiB
2023/10/20 12:49:09.157, 16 MiB
2023/10/20 12:49:09.158, 16 MiB
2023/10/20 12:49:09.159, 16 MiB
2023/10/20 12:49:09.160, 16 MiB
2023/10/20 12:49:09.161, 16 MiB
2023/10/20 12:49:09.162, 16 MiB
2023/10/20 12:49:09.163, 16 MiB
2023/10/20 12:49:09.164, 16 MiB
2023/10/20 12:49:09.166, 16 MiB
2023/10/20 12:49:09.167, 16 MiB
2023/10/20 12:49:09.168, 16 MiB
2023/10/20 12:49:09.169, 16 MiB
2023/10/20 12:49:09.170, 16 MiB
2023/10/20 12:49:09.171, 16 MiB
2023/10/20 12:49:09.172, 16 MiB
2023/10/20 12:49:09.173, 16 MiB
2023/10/20 12:49:09.174, 16 MiB
2023/10/20 12:49:09.175, 16 MiB
2023/10/20 12:49:09.176, 16 MiB
2023/10/20 12:49:09.177, 16 MiB
2023/10/20 12:49:09.178, 16 MiB
2023/10/20 12:49:09.179, 16 MiB
2023/10/20 12:49:09.181, 16 MiB
2023/10/20 12:49:09.182, 16 MiB
2023/10/20 12:49:09.183, 16 MiB
2023/10/20 12:49:09.184, 16 MiB
2023/10/20 12:49:09.185, 16 MiB
2023/10/20 12:49:09.186, 16 MiB
2023/10/20 12:49:09.187, 16 MiB
2023/10/20 12:49:09.188, 16 MiB
2023/10/20 12:49:09.189, 16 MiB
2023/10/20 12:49:09.190, 16 MiB
2023/10/20 12:49:09.191, 16 MiB
2023/10/20 12:49:09.192, 16 MiB
2023/10/20 12:49:09.193, 16 MiB
2023/10/20 12:49:09.194, 16 MiB
2023/10/20 12:49:09.196, 16 MiB
2023/10/20 12:49:09.197, 16 MiB
2023/10/20 12:49:09.198, 16 MiB
2023/10/20 12:49:09.199, 16 MiB
2023/10/20 12:49:09.200, 16 MiB
2023/10/20 12:49:09.201, 16 MiB
2023/10/20 12:49:09.202, 16 MiB
2023/10/20 12:49:09.203, 16 MiB
2023/10/20 12:49:09.204, 16 MiB
2023/10/20 12:49:09.205, 16 MiB
2023/10/20 12:49:09.206, 16 MiB
2023/10/20 12:49:09.207, 16 MiB
2023/10/20 12:49:09.208, 16 MiB
2023/10/20 12:49:09.209, 16 MiB
2023/10/20 12:49:09.211, 16 MiB
2023/10/20 12:49:09.212, 16 MiB
2023/10/20 12:49:09.213, 16 MiB
2023/10/20 12:49:09.214, 16 MiB
2023/10/20 12:49:09.215, 16 MiB
2023/10/20 12:49:09.216, 16 MiB
2023/10/20 12:49:09.217, 16 MiB
2023/10/20 12:49:09.218, 16 MiB
2023/10/20 12:49:09.219, 16 MiB
2023/10/20 12:49:09.220, 16 MiB
2023/10/20 12:49:09.221, 16 MiB
2023/10/20 12:49:09.222, 16 MiB
2023/10/20 12:49:09.223, 16 MiB
2023/10/20 12:49:09.224, 16 MiB
2023/10/20 12:49:09.226, 16 MiB
2023/10/20 12:49:09.227, 16 MiB
2023/10/20 12:49:09.228, 16 MiB
2023/10/20 12:49:09.229, 16 MiB
2023/10/20 12:49:09.230, 16 MiB
2023/10/20 12:49:09.231, 16 MiB
2023/10/20 12:49:09.232, 16 MiB
2023/10/20 12:49:09.233, 16 MiB
2023/10/20 12:49:09.234, 16 MiB
2023/10/20 12:49:09.235, 16 MiB
2023/10/20 12:49:09.236, 16 MiB
2023/10/20 12:49:09.237, 16 MiB
2023/10/20 12:49:09.238, 16 MiB
2023/10/20 12:49:09.239, 16 MiB
2023/10/20 12:49:09.241, 16 MiB
2023/10/20 12:49:09.242, 16 MiB
2023/10/20 12:49:09.243, 16 MiB
2023/10/20 12:49:09.244, 16 MiB
2023/10/20 12:49:09.245, 16 MiB
2023/10/20 12:49:09.246, 16 MiB
2023/10/20 12:49:09.247, 16 MiB
2023/10/20 12:49:09.248, 16 MiB
2023/10/20 12:49:09.249, 16 MiB
2023/10/20 12:49:09.250, 16 MiB
2023/10/20 12:49:09.251, 16 MiB
2023/10/20 12:49:09.252, 16 MiB
2023/10/20 12:49:09.253, 16 MiB
2023/10/20 12:49:09.254, 16 MiB
2023/10/20 12:49:09.256, 16 MiB
2023/10/20 12:49:09.257, 16 MiB
2023/10/20 12:49:09.258, 16 MiB
2023/10/20 12:49:09.259, 16 MiB
2023/10/20 12:49:09.260, 16 MiB
2023/10/20 12:49:09.261, 16 MiB
2023/10/20 12:49:09.262, 16 MiB
2023/10/20 12:49:09.263, 16 MiB
2023/10/20 12:49:09.264, 16 MiB
2023/10/20 12:49:09.265, 16 MiB
2023/10/20 12:49:09.266, 16 MiB
2023/10/20 12:49:09.267, 16 MiB
2023/10/20 12:49:09.268, 16 MiB
2023/10/20 12:49:09.269, 16 MiB
2023/10/20 12:49:09.271, 16 MiB
2023/10/20 12:49:09.272, 16 MiB
2023/10/20 12:49:09.273, 16 MiB
2023/10/20 12:49:09.274, 16 MiB
2023/10/20 12:49:09.275, 16 MiB
2023/10/20 12:49:09.276, 16 MiB
2023/10/20 12:49:09.277, 16 MiB
2023/10/20 12:49:09.278, 16 MiB
2023/10/20 12:49:09.279, 16 MiB
2023/10/20 12:49:09.280, 16 MiB
2023/10/20 12:49:09.281, 16 MiB
2023/10/20 12:49:09.282, 16 MiB
2023/10/20 12:49:09.283, 16 MiB
2023/10/20 12:49:09.284, 16 MiB
2023/10/20 12:49:09.286, 16 MiB
2023/10/20 12:49:09.287, 16 MiB
2023/10/20 12:49:09.288, 16 MiB
2023/10/20 12:49:09.289, 16 MiB
2023/10/20 12:49:09.290, 16 MiB
2023/10/20 12:49:09.291, 16 MiB
2023/10/20 12:49:09.292, 16 MiB
2023/10/20 12:49:09.293, 16 MiB
2023/10/20 12:49:09.294, 16 MiB
2023/10/20 12:49:09.295, 16 MiB
2023/10/20 12:49:09.296, 16 MiB
2023/10/20 12:49:09.297, 16 MiB
2023/10/20 12:49:09.298, 16 MiB
2023/10/20 12:49:09.299, 16 MiB
2023/10/20 12:49:09.301, 16 MiB
2023/10/20 12:49:09.302, 16 MiB
2023/10/20 12:49:09.303, 16 MiB
2023/10/20 12:49:09.304, 16 MiB
2023/10/20 12:49:09.305, 16 MiB
2023/10/20 12:49:09.306, 16 MiB
2023/10/20 12:49:09.307, 16 MiB
2023/10/20 12:49:09.308, 16 MiB
2023/10/20 12:49:09.309, 16 MiB
2023/10/20 12:49:09.310, 16 MiB
2023/10/20 12:49:09.311, 16 MiB
2023/10/20 12:49:09.312, 16 MiB
2023/10/20 12:49:09.313, 16 MiB
2023/10/20 12:49:09.314, 16 MiB
2023/10/20 12:49:09.316, 16 MiB
2023/10/20 12:49:09.317, 16 MiB
2023/10/20 12:49:09.318, 16 MiB
2023/10/20 12:49:09.319, 16 MiB
2023/10/20 12:49:09.320, 16 MiB
2023/10/20 12:49:09.321, 16 MiB
2023/10/20 12:49:09.322, 16 MiB
2023/10/20 12:49:09.323, 16 MiB
2023/10/20 12:49:09.324, 16 MiB
2023/10/20 12:49:09.325, 16 MiB
2023/10/20 12:49:09.326, 16 MiB
2023/10/20 12:49:09.327, 16 MiB
2023/10/20 12:49:09.328, 16 MiB
2023/10/20 12:49:09.329, 16 MiB
2023/10/20 12:49:09.331, 16 MiB
2023/10/20 12:49:09.332, 16 MiB
2023/10/20 12:49:09.333, 16 MiB
2023/10/20 12:49:09.334, 16 MiB
2023/10/20 12:49:09.335, 16 MiB
2023/10/20 12:49:09.336, 16 MiB
2023/10/20 12:49:09.337, 16 MiB
2023/10/20 12:49:09.338, 16 MiB
2023/10/20 12:49:09.339, 16 MiB
2023/10/20 12:49:09.340, 16 MiB
2023/10/20 12:49:09.341, 16 MiB
2023/10/20 12:49:09.342, 16 MiB
2023/10/20 12:49:09.343, 16 MiB
2023/10/20 12:49:09.344, 16 MiB
2023/10/20 12:49:09.346, 16 MiB
2023/10/20 12:49:09.347, 16 MiB
2023/10/20 12:49:09.348, 16 MiB
2023/10/20 12:49:09.349, 16 MiB
2023/10/20 12:49:09.350, 16 MiB
2023/10/20 12:49:09.351, 16 MiB
2023/10/20 12:49:09.352, 16 MiB
2023/10/20 12:49:09.353, 16 MiB
2023/10/20 12:49:09.354, 16 MiB
2023/10/20 12:49:09.355, 16 MiB
2023/10/20 12:49:09.356, 16 MiB
2023/10/20 12:49:09.357, 16 MiB
2023/10/20 12:49:09.358, 16 MiB
2023/10/20 12:49:09.359, 16 MiB
2023/10/20 12:49:09.361, 16 MiB
2023/10/20 12:49:09.362, 16 MiB
2023/10/20 12:49:09.363, 16 MiB
2023/10/20 12:49:09.364, 16 MiB
2023/10/20 12:49:09.365, 16 MiB
2023/10/20 12:49:09.366, 16 MiB
2023/10/20 12:49:09.367, 16 MiB
2023/10/20 12:49:09.368, 16 MiB
2023/10/20 12:49:09.369, 16 MiB
2023/10/20 12:49:09.370, 16 MiB
2023/10/20 12:49:09.371, 16 MiB
2023/10/20 12:49:09.372, 16 MiB
2023/10/20 12:49:09.373, 16 MiB
2023/10/20 12:49:09.374, 16 MiB
2023/10/20 12:49:09.376, 16 MiB
2023/10/20 12:49:09.377, 16 MiB
2023/10/20 12:49:09.378, 16 MiB
2023/10/20 12:49:09.379, 16 MiB
2023/10/20 12:49:09.380, 16 MiB
2023/10/20 12:49:09.381, 16 MiB
2023/10/20 12:49:09.382, 16 MiB
2023/10/20 12:49:09.383, 16 MiB
2023/10/20 12:49:09.384, 16 MiB
2023/10/20 12:49:09.385, 16 MiB
2023/10/20 12:49:09.386, 16 MiB
2023/10/20 12:49:09.387, 16 MiB
2023/10/20 12:49:09.388, 16 MiB
2023/10/20 12:49:09.389, 16 MiB
2023/10/20 12:49:09.391, 16 MiB
2023/10/20 12:49:09.392, 16 MiB
2023/10/20 12:49:09.393, 16 MiB
2023/10/20 12:49:09.394, 16 MiB
2023/10/20 12:49:09.395, 16 MiB
2023/10/20 12:49:09.396, 16 MiB
2023/10/20 12:49:09.397, 16 MiB
2023/10/20 12:49:09.398, 16 MiB
2023/10/20 12:49:09.399, 16 MiB
2023/10/20 12:49:09.400, 16 MiB
2023/10/20 12:49:09.401, 16 MiB
2023/10/20 12:49:09.402, 16 MiB
2023/10/20 12:49:09.403, 16 MiB
2023/10/20 12:49:09.405, 16 MiB
2023/10/20 12:49:09.406, 16 MiB
2023/10/20 12:49:09.407, 16 MiB
2023/10/20 12:49:09.408, 16 MiB
2023/10/20 12:49:09.409, 16 MiB
2023/10/20 12:49:09.410, 16 MiB
2023/10/20 12:49:09.411, 16 MiB
2023/10/20 12:49:09.412, 16 MiB
2023/10/20 12:49:09.413, 16 MiB
2023/10/20 12:49:09.414, 16 MiB
2023/10/20 12:49:09.415, 16 MiB
2023/10/20 12:49:09.416, 16 MiB
2023/10/20 12:49:09.417, 16 MiB
2023/10/20 12:49:09.418, 16 MiB
2023/10/20 12:49:09.420, 16 MiB
2023/10/20 12:49:09.421, 16 MiB
2023/10/20 12:49:09.422, 16 MiB
2023/10/20 12:49:09.423, 16 MiB
2023/10/20 12:49:09.424, 16 MiB
2023/10/20 12:49:09.425, 16 MiB
2023/10/20 12:49:09.426, 16 MiB
2023/10/20 12:49:09.427, 16 MiB
2023/10/20 12:49:09.428, 16 MiB
2023/10/20 12:49:09.429, 16 MiB
2023/10/20 12:49:09.430, 16 MiB
2023/10/20 12:49:09.431, 16 MiB
2023/10/20 12:49:09.432, 16 MiB
2023/10/20 12:49:09.433, 16 MiB
2023/10/20 12:49:09.435, 16 MiB
2023/10/20 12:49:09.436, 16 MiB
2023/10/20 12:49:09.437, 16 MiB
2023/10/20 12:49:09.438, 16 MiB
2023/10/20 12:49:09.439, 16 MiB
2023/10/20 12:49:09.440, 16 MiB
2023/10/20 12:49:09.441, 16 MiB
2023/10/20 12:49:09.442, 16 MiB
2023/10/20 12:49:09.443, 16 MiB
2023/10/20 12:49:09.444, 16 MiB
2023/10/20 12:49:09.445, 16 MiB
2023/10/20 12:49:09.446, 16 MiB
2023/10/20 12:49:09.447, 16 MiB
2023/10/20 12:49:09.448, 16 MiB
2023/10/20 12:49:09.450, 16 MiB
2023/10/20 12:49:09.451, 16 MiB
2023/10/20 12:49:09.452, 16 MiB
2023/10/20 12:49:09.453, 16 MiB
2023/10/20 12:49:09.454, 16 MiB
2023/10/20 12:49:09.455, 16 MiB
2023/10/20 12:49:09.456, 16 MiB
2023/10/20 12:49:09.457, 16 MiB
2023/10/20 12:49:09.458, 16 MiB
2023/10/20 12:49:09.459, 16 MiB
2023/10/20 12:49:09.460, 16 MiB
2023/10/20 12:49:09.461, 16 MiB
2023/10/20 12:49:09.462, 16 MiB
2023/10/20 12:49:09.463, 16 MiB
2023/10/20 12:49:09.465, 16 MiB
2023/10/20 12:49:09.466, 16 MiB
2023/10/20 12:49:09.467, 16 MiB
2023/10/20 12:49:09.468, 16 MiB
2023/10/20 12:49:09.469, 16 MiB
2023/10/20 12:49:09.470, 16 MiB
2023/10/20 12:49:09.471, 16 MiB
2023/10/20 12:49:09.472, 16 MiB
2023/10/20 12:49:09.473, 16 MiB
2023/10/20 12:49:09.474, 16 MiB
2023/10/20 12:49:09.475, 16 MiB
2023/10/20 12:49:09.476, 16 MiB
2023/10/20 12:49:09.477, 16 MiB
2023/10/20 12:49:09.478, 16 MiB
2023/10/20 12:49:09.480, 16 MiB
2023/10/20 12:49:09.481, 16 MiB
2023/10/20 12:49:09.482, 16 MiB
2023/10/20 12:49:09.483, 16 MiB
2023/10/20 12:49:09.484, 16 MiB
2023/10/20 12:49:09.485, 16 MiB
2023/10/20 12:49:09.486, 16 MiB
2023/10/20 12:49:09.487, 16 MiB
2023/10/20 12:49:09.488, 16 MiB
2023/10/20 12:49:09.489, 16 MiB
2023/10/20 12:49:09.490, 16 MiB
2023/10/20 12:49:09.491, 16 MiB
2023/10/20 12:49:09.492, 16 MiB
2023/10/20 12:49:09.493, 16 MiB
2023/10/20 12:49:09.495, 16 MiB
2023/10/20 12:49:09.496, 16 MiB
2023/10/20 12:49:09.497, 16 MiB
2023/10/20 12:49:09.498, 16 MiB
2023/10/20 12:49:09.499, 16 MiB
2023/10/20 12:49:09.500, 16 MiB
2023/10/20 12:49:09.501, 16 MiB
2023/10/20 12:49:09.502, 16 MiB
2023/10/20 12:49:09.503, 16 MiB
2023/10/20 12:49:09.504, 16 MiB
2023/10/20 12:49:09.505, 16 MiB
2023/10/20 12:49:09.506, 16 MiB
2023/10/20 12:49:09.507, 16 MiB
2023/10/20 12:49:09.509, 16 MiB
2023/10/20 12:49:09.510, 16 MiB
2023/10/20 12:49:09.511, 16 MiB
2023/10/20 12:49:09.512, 16 MiB
2023/10/20 12:49:09.513, 16 MiB
2023/10/20 12:49:09.514, 16 MiB
2023/10/20 12:49:09.515, 16 MiB
2023/10/20 12:49:09.516, 16 MiB
2023/10/20 12:49:09.517, 16 MiB
2023/10/20 12:49:09.518, 16 MiB
2023/10/20 12:49:09.519, 16 MiB
2023/10/20 12:49:09.520, 16 MiB
2023/10/20 12:49:09.521, 16 MiB
2023/10/20 12:49:09.523, 16 MiB
2023/10/20 12:49:09.524, 16 MiB
2023/10/20 12:49:09.525, 16 MiB
2023/10/20 12:49:09.526, 16 MiB
2023/10/20 12:49:09.527, 16 MiB
2023/10/20 12:49:09.528, 16 MiB
2023/10/20 12:49:09.529, 16 MiB
2023/10/20 12:49:09.530, 16 MiB
2023/10/20 12:49:09.531, 16 MiB
2023/10/20 12:49:09.532, 16 MiB
2023/10/20 12:49:09.533, 16 MiB
2023/10/20 12:49:09.534, 16 MiB
2023/10/20 12:49:09.535, 16 MiB
2023/10/20 12:49:09.537, 16 MiB
2023/10/20 12:49:09.538, 16 MiB
2023/10/20 12:49:09.539, 16 MiB
2023/10/20 12:49:09.540, 16 MiB
2023/10/20 12:49:09.541, 16 MiB
2023/10/20 12:49:09.542, 16 MiB
2023/10/20 12:49:09.543, 16 MiB
2023/10/20 12:49:09.544, 16 MiB
2023/10/20 12:49:09.545, 16 MiB
2023/10/20 12:49:09.546, 16 MiB
2023/10/20 12:49:09.547, 16 MiB
2023/10/20 12:49:09.548, 16 MiB
2023/10/20 12:49:09.549, 16 MiB
2023/10/20 12:49:09.550, 16 MiB
2023/10/20 12:49:09.552, 16 MiB
2023/10/20 12:49:09.553, 16 MiB
2023/10/20 12:49:09.554, 16 MiB
2023/10/20 12:49:09.555, 16 MiB
2023/10/20 12:49:09.556, 16 MiB
2023/10/20 12:49:09.557, 16 MiB
2023/10/20 12:49:09.558, 16 MiB
2023/10/20 12:49:09.559, 16 MiB
2023/10/20 12:49:09.560, 16 MiB
2023/10/20 12:49:09.561, 16 MiB
2023/10/20 12:49:09.562, 16 MiB
2023/10/20 12:49:09.563, 16 MiB
2023/10/20 12:49:09.564, 16 MiB
2023/10/20 12:49:09.566, 16 MiB
2023/10/20 12:49:09.567, 16 MiB
2023/10/20 12:49:09.568, 16 MiB
2023/10/20 12:49:09.569, 16 MiB
2023/10/20 12:49:09.570, 16 MiB
2023/10/20 12:49:09.571, 16 MiB
2023/10/20 12:49:09.572, 16 MiB
2023/10/20 12:49:09.573, 16 MiB
2023/10/20 12:49:09.574, 16 MiB
2023/10/20 12:49:09.575, 16 MiB
2023/10/20 12:49:09.576, 16 MiB
2023/10/20 12:49:09.580, 16 MiB
2023/10/20 12:49:09.581, 16 MiB
2023/10/20 12:49:09.582, 18 MiB
2023/10/20 12:49:09.583, 18 MiB
2023/10/20 12:49:09.584, 18 MiB
2023/10/20 12:49:09.585, 18 MiB
2023/10/20 12:49:09.586, 18 MiB
2023/10/20 12:49:09.587, 18 MiB
2023/10/20 12:49:09.588, 18 MiB
2023/10/20 12:49:09.589, 18 MiB
2023/10/20 12:49:09.590, 18 MiB
2023/10/20 12:49:09.591, 18 MiB
2023/10/20 12:49:09.593, 18 MiB
2023/10/20 12:49:09.594, 18 MiB
2023/10/20 12:49:09.595, 18 MiB
2023/10/20 12:49:09.596, 18 MiB
2023/10/20 12:49:09.597, 18 MiB
2023/10/20 12:49:09.598, 18 MiB
2023/10/20 12:49:09.599, 18 MiB
2023/10/20 12:49:09.600, 18 MiB
2023/10/20 12:49:09.601, 18 MiB
2023/10/20 12:49:09.602, 18 MiB
2023/10/20 12:49:09.603, 18 MiB
2023/10/20 12:49:09.604, 18 MiB
2023/10/20 12:49:09.605, 18 MiB
2023/10/20 12:49:09.607, 18 MiB
2023/10/20 12:49:09.608, 18 MiB
2023/10/20 12:49:09.609, 18 MiB
2023/10/20 12:49:09.610, 18 MiB
2023/10/20 12:49:09.611, 18 MiB
2023/10/20 12:49:09.612, 18 MiB
2023/10/20 12:49:09.613, 18 MiB
2023/10/20 12:49:09.614, 18 MiB
2023/10/20 12:49:09.615, 18 MiB
2023/10/20 12:49:09.616, 18 MiB
2023/10/20 12:49:09.617, 18 MiB
2023/10/20 12:49:09.618, 18 MiB
2023/10/20 12:49:09.619, 18 MiB
2023/10/20 12:49:09.621, 18 MiB
2023/10/20 12:49:09.622, 18 MiB
2023/10/20 12:49:09.623, 18 MiB
2023/10/20 12:49:09.624, 18 MiB
2023/10/20 12:49:09.625, 18 MiB
2023/10/20 12:49:09.626, 18 MiB
2023/10/20 12:49:09.627, 18 MiB
2023/10/20 12:49:09.628, 18 MiB
2023/10/20 12:49:09.629, 18 MiB
2023/10/20 12:49:09.630, 18 MiB
2023/10/20 12:49:09.631, 18 MiB
2023/10/20 12:49:09.632, 18 MiB
2023/10/20 12:49:09.633, 18 MiB
2023/10/20 12:49:09.635, 18 MiB
2023/10/20 12:49:09.636, 18 MiB
2023/10/20 12:49:09.637, 18 MiB
2023/10/20 12:49:09.638, 18 MiB
2023/10/20 12:49:09.639, 18 MiB
2023/10/20 12:49:09.640, 18 MiB
2023/10/20 12:49:09.641, 18 MiB
2023/10/20 12:49:09.642, 18 MiB
2023/10/20 12:49:09.643, 18 MiB
2023/10/20 12:49:09.644, 18 MiB
2023/10/20 12:49:09.645, 18 MiB
2023/10/20 12:49:09.646, 18 MiB
2023/10/20 12:49:09.647, 18 MiB
2023/10/20 12:49:09.649, 18 MiB
2023/10/20 12:49:09.650, 18 MiB
2023/10/20 12:49:09.651, 18 MiB
2023/10/20 12:49:09.652, 18 MiB
2023/10/20 12:49:09.653, 18 MiB
2023/10/20 12:49:09.654, 18 MiB
2023/10/20 12:49:09.655, 18 MiB
2023/10/20 12:49:09.656, 18 MiB
2023/10/20 12:49:09.657, 18 MiB
2023/10/20 12:49:09.658, 18 MiB
2023/10/20 12:49:09.659, 18 MiB
2023/10/20 12:49:09.660, 18 MiB
2023/10/20 12:49:09.661, 18 MiB
2023/10/20 12:49:09.663, 18 MiB
2023/10/20 12:49:09.664, 18 MiB
2023/10/20 12:49:09.665, 18 MiB
2023/10/20 12:49:09.666, 18 MiB
2023/10/20 12:49:09.667, 18 MiB
2023/10/20 12:49:09.668, 18 MiB
2023/10/20 12:49:09.669, 18 MiB
2023/10/20 12:49:09.670, 18 MiB
2023/10/20 12:49:09.671, 18 MiB
2023/10/20 12:49:09.672, 18 MiB
2023/10/20 12:49:09.673, 18 MiB
2023/10/20 12:49:09.674, 18 MiB
2023/10/20 12:49:09.675, 18 MiB
2023/10/20 12:49:09.677, 18 MiB
2023/10/20 12:49:09.678, 18 MiB
2023/10/20 12:49:09.679, 18 MiB
2023/10/20 12:49:09.680, 18 MiB
2023/10/20 12:49:09.681, 18 MiB
2023/10/20 12:49:09.682, 18 MiB
2023/10/20 12:49:09.683, 18 MiB
2023/10/20 12:49:09.684, 18 MiB
2023/10/20 12:49:09.685, 18 MiB
2023/10/20 12:49:09.686, 18 MiB
2023/10/20 12:49:09.687, 18 MiB
2023/10/20 12:49:09.688, 18 MiB
2023/10/20 12:49:09.689, 18 MiB
2023/10/20 12:49:09.691, 18 MiB
2023/10/20 12:49:09.692, 18 MiB
2023/10/20 12:49:09.693, 18 MiB
2023/10/20 12:49:09.694, 18 MiB
2023/10/20 12:49:09.695, 18 MiB
2023/10/20 12:49:09.696, 18 MiB
2023/10/20 12:49:09.697, 18 MiB
2023/10/20 12:49:09.698, 18 MiB
2023/10/20 12:49:09.699, 18 MiB
2023/10/20 12:49:09.700, 18 MiB
2023/10/20 12:49:09.701, 18 MiB
2023/10/20 12:49:09.702, 18 MiB
2023/10/20 12:49:09.703, 18 MiB
2023/10/20 12:49:09.705, 18 MiB
2023/10/20 12:49:09.706, 18 MiB
2023/10/20 12:49:09.707, 18 MiB
2023/10/20 12:49:09.708, 18 MiB
2023/10/20 12:49:09.709, 18 MiB
2023/10/20 12:49:09.710, 18 MiB
2023/10/20 12:49:09.711, 18 MiB
2023/10/20 12:49:09.712, 18 MiB
2023/10/20 12:49:09.713, 18 MiB
2023/10/20 12:49:09.714, 18 MiB
2023/10/20 12:49:09.715, 18 MiB
2023/10/20 12:49:09.716, 18 MiB
2023/10/20 12:49:09.717, 18 MiB
2023/10/20 12:49:09.719, 18 MiB
2023/10/20 12:49:09.720, 18 MiB
2023/10/20 12:49:09.721, 18 MiB
2023/10/20 12:49:09.722, 18 MiB
2023/10/20 12:49:09.723, 18 MiB
2023/10/20 12:49:09.724, 18 MiB
2023/10/20 12:49:09.725, 18 MiB
2023/10/20 12:49:09.726, 18 MiB
2023/10/20 12:49:09.727, 18 MiB
2023/10/20 12:49:09.728, 18 MiB
2023/10/20 12:49:09.729, 18 MiB
2023/10/20 12:49:09.730, 18 MiB
2023/10/20 12:49:09.731, 18 MiB
2023/10/20 12:49:09.733, 18 MiB
2023/10/20 12:49:09.734, 18 MiB
2023/10/20 12:49:09.735, 18 MiB
2023/10/20 12:49:09.736, 18 MiB
2023/10/20 12:49:09.737, 18 MiB
2023/10/20 12:49:09.738, 18 MiB
2023/10/20 12:49:09.739, 18 MiB
2023/10/20 12:49:09.740, 18 MiB
2023/10/20 12:49:09.741, 18 MiB
2023/10/20 12:49:09.742, 18 MiB
2023/10/20 12:49:09.743, 18 MiB
2023/10/20 12:49:09.744, 18 MiB
2023/10/20 12:49:09.745, 18 MiB
2023/10/20 12:49:09.747, 18 MiB
2023/10/20 12:49:09.748, 18 MiB
2023/10/20 12:49:09.749, 18 MiB
2023/10/20 12:49:09.750, 18 MiB
2023/10/20 12:49:09.751, 18 MiB
2023/10/20 12:49:09.752, 18 MiB
2023/10/20 12:49:09.753, 18 MiB
2023/10/20 12:49:09.754, 18 MiB
2023/10/20 12:49:09.755, 18 MiB
2023/10/20 12:49:09.756, 18 MiB
2023/10/20 12:49:09.757, 18 MiB
2023/10/20 12:49:09.758, 18 MiB
2023/10/20 12:49:09.759, 18 MiB
2023/10/20 12:49:09.761, 18 MiB
2023/10/20 12:49:09.762, 18 MiB
2023/10/20 12:49:09.763, 18 MiB
2023/10/20 12:49:09.764, 18 MiB
2023/10/20 12:49:09.765, 18 MiB
2023/10/20 12:49:09.766, 18 MiB
2023/10/20 12:49:09.767, 18 MiB
2023/10/20 12:49:09.768, 18 MiB
2023/10/20 12:49:09.769, 18 MiB
2023/10/20 12:49:09.770, 18 MiB
2023/10/20 12:49:09.771, 18 MiB
2023/10/20 12:49:09.772, 18 MiB
2023/10/20 12:49:09.773, 18 MiB
2023/10/20 12:49:09.775, 18 MiB
2023/10/20 12:49:09.776, 18 MiB
2023/10/20 12:49:09.777, 18 MiB
2023/10/20 12:49:09.778, 18 MiB
2023/10/20 12:49:09.779, 18 MiB
2023/10/20 12:49:09.780, 18 MiB
2023/10/20 12:49:09.781, 18 MiB
2023/10/20 12:49:09.782, 18 MiB
2023/10/20 12:49:09.783, 18 MiB
2023/10/20 12:49:09.784, 18 MiB
2023/10/20 12:49:09.785, 18 MiB
2023/10/20 12:49:09.786, 18 MiB
2023/10/20 12:49:09.787, 18 MiB
2023/10/20 12:49:09.789, 18 MiB
2023/10/20 12:49:09.790, 18 MiB
2023/10/20 12:49:09.791, 18 MiB
2023/10/20 12:49:09.792, 18 MiB
2023/10/20 12:49:09.793, 18 MiB
2023/10/20 12:49:09.794, 18 MiB
2023/10/20 12:49:09.795, 18 MiB
2023/10/20 12:49:09.796, 18 MiB
2023/10/20 12:49:09.797, 18 MiB
2023/10/20 12:49:09.798, 18 MiB
2023/10/20 12:49:09.799, 18 MiB
2023/10/20 12:49:09.801, 18 MiB
2023/10/20 12:49:09.802, 18 MiB
2023/10/20 12:49:09.803, 18 MiB
2023/10/20 12:49:09.804, 18 MiB
2023/10/20 12:49:09.805, 18 MiB
2023/10/20 12:49:09.806, 18 MiB
2023/10/20 12:49:09.807, 18 MiB
2023/10/20 12:49:09.808, 18 MiB
2023/10/20 12:49:09.809, 18 MiB
2023/10/20 12:49:09.811, 18 MiB
2023/10/20 12:49:09.812, 18 MiB
2023/10/20 12:49:09.813, 18 MiB
2023/10/20 12:49:09.814, 18 MiB
2023/10/20 12:49:09.815, 18 MiB
2023/10/20 12:49:09.816, 18 MiB
2023/10/20 12:49:09.817, 18 MiB
2023/10/20 12:49:09.818, 18 MiB
2023/10/20 12:49:09.819, 18 MiB
2023/10/20 12:49:09.820, 18 MiB
2023/10/20 12:49:09.822, 18 MiB
2023/10/20 12:49:09.823, 18 MiB
2023/10/20 12:49:09.824, 18 MiB
2023/10/20 12:49:09.825, 18 MiB
2023/10/20 12:49:09.826, 18 MiB
2023/10/20 12:49:09.827, 18 MiB
2023/10/20 12:49:09.828, 18 MiB
2023/10/20 12:49:09.829, 18 MiB
2023/10/20 12:49:09.830, 18 MiB
2023/10/20 12:49:09.832, 18 MiB
2023/10/20 12:49:09.833, 18 MiB
2023/10/20 12:49:09.834, 18 MiB
2023/10/20 12:49:09.835, 18 MiB
2023/10/20 12:49:09.836, 18 MiB
2023/10/20 12:49:09.837, 18 MiB
2023/10/20 12:49:09.838, 18 MiB
2023/10/20 12:49:09.839, 18 MiB
2023/10/20 12:49:09.840, 18 MiB
2023/10/20 12:49:09.842, 18 MiB
2023/10/20 12:49:09.843, 18 MiB
2023/10/20 12:49:09.844, 18 MiB
2023/10/20 12:49:09.845, 18 MiB
2023/10/20 12:49:09.846, 18 MiB
2023/10/20 12:49:09.847, 18 MiB
2023/10/20 12:49:09.848, 18 MiB
2023/10/20 12:49:09.849, 18 MiB
2023/10/20 12:49:09.850, 18 MiB
2023/10/20 12:49:09.851, 18 MiB
2023/10/20 12:49:09.853, 18 MiB
2023/10/20 12:49:09.854, 18 MiB
2023/10/20 12:49:09.855, 18 MiB
2023/10/20 12:49:09.856, 18 MiB
2023/10/20 12:49:09.857, 18 MiB
2023/10/20 12:49:09.858, 18 MiB
2023/10/20 12:49:09.859, 18 MiB
2023/10/20 12:49:09.860, 18 MiB
2023/10/20 12:49:09.861, 18 MiB
2023/10/20 12:49:09.862, 18 MiB
2023/10/20 12:49:09.864, 18 MiB
2023/10/20 12:49:09.865, 18 MiB
2023/10/20 12:49:09.866, 18 MiB
2023/10/20 12:49:09.867, 18 MiB
2023/10/20 12:49:09.868, 18 MiB
2023/10/20 12:49:09.869, 18 MiB
2023/10/20 12:49:09.870, 18 MiB
2023/10/20 12:49:09.871, 18 MiB
2023/10/20 12:49:09.872, 18 MiB
2023/10/20 12:49:09.873, 18 MiB
2023/10/20 12:49:09.874, 18 MiB
2023/10/20 12:49:09.875, 18 MiB
2023/10/20 12:49:09.877, 18 MiB
2023/10/20 12:49:09.878, 18 MiB
2023/10/20 12:49:09.879, 18 MiB
2023/10/20 12:49:09.880, 18 MiB
2023/10/20 12:49:09.881, 18 MiB
2023/10/20 12:49:09.882, 18 MiB
2023/10/20 12:49:09.883, 18 MiB
2023/10/20 12:49:09.884, 18 MiB
2023/10/20 12:49:09.885, 18 MiB
2023/10/20 12:49:09.886, 18 MiB
2023/10/20 12:49:09.887, 18 MiB
2023/10/20 12:49:09.888, 18 MiB
2023/10/20 12:49:09.890, 18 MiB
2023/10/20 12:49:09.891, 18 MiB
2023/10/20 12:49:09.892, 18 MiB
2023/10/20 12:49:09.893, 18 MiB
2023/10/20 12:49:09.894, 18 MiB
2023/10/20 12:49:09.895, 18 MiB
2023/10/20 12:49:09.896, 18 MiB
2023/10/20 12:49:09.897, 18 MiB
2023/10/20 12:49:09.898, 18 MiB
2023/10/20 12:49:09.899, 18 MiB
2023/10/20 12:49:09.900, 18 MiB
2023/10/20 12:49:09.901, 18 MiB
2023/10/20 12:49:09.902, 18 MiB
2023/10/20 12:49:09.904, 18 MiB
2023/10/20 12:49:09.905, 18 MiB
2023/10/20 12:49:09.906, 18 MiB
2023/10/20 12:49:09.907, 18 MiB
2023/10/20 12:49:09.908, 18 MiB
2023/10/20 12:49:09.909, 18 MiB
2023/10/20 12:49:09.910, 18 MiB
2023/10/20 12:49:09.911, 18 MiB
2023/10/20 12:49:09.912, 18 MiB
2023/10/20 12:49:09.914, 18 MiB
2023/10/20 12:49:09.915, 18 MiB
2023/10/20 12:49:09.916, 18 MiB
2023/10/20 12:49:09.917, 18 MiB
2023/10/20 12:49:09.918, 18 MiB
2023/10/20 12:49:09.919, 18 MiB
2023/10/20 12:49:09.920, 18 MiB
2023/10/20 12:49:09.921, 18 MiB
2023/10/20 12:49:09.922, 18 MiB
2023/10/20 12:49:09.923, 18 MiB
2023/10/20 12:49:09.925, 18 MiB
2023/10/20 12:49:09.926, 18 MiB
2023/10/20 12:49:09.927, 18 MiB
2023/10/20 12:49:09.928, 18 MiB
2023/10/20 12:49:09.929, 18 MiB
2023/10/20 12:49:09.930, 18 MiB
2023/10/20 12:49:09.931, 18 MiB
2023/10/20 12:49:09.932, 18 MiB
2023/10/20 12:49:09.933, 18 MiB
2023/10/20 12:49:09.934, 18 MiB
2023/10/20 12:49:09.936, 18 MiB
2023/10/20 12:49:09.937, 18 MiB
2023/10/20 12:49:09.938, 18 MiB
2023/10/20 12:49:09.939, 18 MiB
2023/10/20 12:49:09.940, 18 MiB
2023/10/20 12:49:09.941, 18 MiB
2023/10/20 12:49:09.942, 18 MiB
2023/10/20 12:49:09.943, 18 MiB
2023/10/20 12:49:09.944, 18 MiB
2023/10/20 12:49:09.946, 18 MiB
2023/10/20 12:49:09.947, 18 MiB
2023/10/20 12:49:09.948, 18 MiB
2023/10/20 12:49:09.949, 18 MiB
2023/10/20 12:49:09.950, 18 MiB
2023/10/20 12:49:09.951, 18 MiB
2023/10/20 12:49:09.952, 18 MiB
2023/10/20 12:49:09.953, 18 MiB
2023/10/20 12:49:09.954, 18 MiB
2023/10/20 12:49:09.956, 18 MiB
2023/10/20 12:49:09.957, 18 MiB
2023/10/20 12:49:09.958, 18 MiB
2023/10/20 12:49:09.959, 18 MiB
2023/10/20 12:49:09.960, 18 MiB
2023/10/20 12:49:09.961, 18 MiB
2023/10/20 12:49:09.962, 18 MiB
2023/10/20 12:49:09.963, 18 MiB
2023/10/20 12:49:09.964, 18 MiB
2023/10/20 12:49:09.965, 18 MiB
2023/10/20 12:49:09.967, 18 MiB
2023/10/20 12:49:09.968, 18 MiB
2023/10/20 12:49:09.969, 18 MiB
2023/10/20 12:49:09.970, 18 MiB
2023/10/20 12:49:09.971, 18 MiB
2023/10/20 12:49:09.972, 18 MiB
2023/10/20 12:49:09.973, 18 MiB
2023/10/20 12:49:09.974, 18 MiB
2023/10/20 12:49:09.975, 18 MiB
2023/10/20 12:49:09.977, 18 MiB
2023/10/20 12:49:09.978, 18 MiB
2023/10/20 12:49:09.979, 18 MiB
2023/10/20 12:49:09.980, 18 MiB
2023/10/20 12:49:09.981, 18 MiB
2023/10/20 12:49:09.982, 18 MiB
2023/10/20 12:49:09.983, 18 MiB
2023/10/20 12:49:09.984, 18 MiB
2023/10/20 12:49:09.985, 18 MiB
2023/10/20 12:49:09.986, 18 MiB
2023/10/20 12:49:09.988, 18 MiB
2023/10/20 12:49:09.989, 18 MiB
2023/10/20 12:49:09.990, 18 MiB
2023/10/20 12:49:09.991, 18 MiB
2023/10/20 12:49:09.992, 18 MiB
2023/10/20 12:49:09.993, 18 MiB
2023/10/20 12:49:09.994, 18 MiB
2023/10/20 12:49:09.995, 18 MiB
2023/10/20 12:49:09.996, 18 MiB
2023/10/20 12:49:09.997, 18 MiB
2023/10/20 12:49:09.999, 18 MiB
2023/10/20 12:49:10.000, 18 MiB
2023/10/20 12:49:10.001, 18 MiB
2023/10/20 12:49:10.002, 18 MiB
2023/10/20 12:49:10.003, 18 MiB
2023/10/20 12:49:10.004, 18 MiB
2023/10/20 12:49:10.005, 18 MiB
2023/10/20 12:49:10.006, 18 MiB
2023/10/20 12:49:10.007, 18 MiB
2023/10/20 12:49:10.009, 18 MiB
2023/10/20 12:49:10.010, 18 MiB
2023/10/20 12:49:10.011, 18 MiB
2023/10/20 12:49:10.012, 18 MiB
2023/10/20 12:49:10.013, 18 MiB
2023/10/20 12:49:10.014, 18 MiB
2023/10/20 12:49:10.015, 18 MiB
2023/10/20 12:49:10.016, 18 MiB
2023/10/20 12:49:10.017, 18 MiB
2023/10/20 12:49:10.018, 18 MiB
2023/10/20 12:49:10.020, 18 MiB
2023/10/20 12:49:10.021, 18 MiB
2023/10/20 12:49:10.022, 18 MiB
2023/10/20 12:49:10.023, 18 MiB
2023/10/20 12:49:10.024, 18 MiB
2023/10/20 12:49:10.025, 18 MiB
2023/10/20 12:49:10.026, 18 MiB
2023/10/20 12:49:10.027, 18 MiB
2023/10/20 12:49:10.028, 18 MiB
2023/10/20 12:49:10.030, 18 MiB
2023/10/20 12:49:10.031, 18 MiB
2023/10/20 12:49:10.032, 18 MiB
2023/10/20 12:49:10.033, 18 MiB
2023/10/20 12:49:10.034, 18 MiB
2023/10/20 12:49:10.035, 18 MiB
2023/10/20 12:49:10.036, 18 MiB
2023/10/20 12:49:10.037, 18 MiB
2023/10/20 12:49:10.038, 18 MiB
2023/10/20 12:49:10.039, 18 MiB
2023/10/20 12:49:10.041, 18 MiB
2023/10/20 12:49:10.042, 18 MiB
2023/10/20 12:49:10.043, 18 MiB
2023/10/20 12:49:10.044, 18 MiB
2023/10/20 12:49:10.045, 18 MiB
2023/10/20 12:49:10.046, 18 MiB
2023/10/20 12:49:10.047, 18 MiB
2023/10/20 12:49:10.048, 18 MiB
2023/10/20 12:49:10.049, 18 MiB
2023/10/20 12:49:10.051, 18 MiB
2023/10/20 12:49:10.052, 18 MiB
2023/10/20 12:49:10.053, 18 MiB
2023/10/20 12:49:10.054, 18 MiB
2023/10/20 12:49:10.055, 18 MiB
2023/10/20 12:49:10.056, 18 MiB
2023/10/20 12:49:10.057, 18 MiB
2023/10/20 12:49:10.058, 18 MiB
2023/10/20 12:49:10.059, 18 MiB
2023/10/20 12:49:10.060, 18 MiB
2023/10/20 12:49:10.062, 18 MiB
2023/10/20 12:49:10.063, 18 MiB
2023/10/20 12:49:10.064, 18 MiB
2023/10/20 12:49:10.065, 18 MiB
2023/10/20 12:49:10.066, 18 MiB
2023/10/20 12:49:10.067, 18 MiB
2023/10/20 12:49:10.068, 18 MiB
2023/10/20 12:49:10.069, 18 MiB
2023/10/20 12:49:10.070, 18 MiB
2023/10/20 12:49:10.072, 18 MiB
2023/10/20 12:49:10.073, 18 MiB
2023/10/20 12:49:10.074, 18 MiB
2023/10/20 12:49:10.075, 18 MiB
2023/10/20 12:49:10.076, 18 MiB
2023/10/20 12:49:10.077, 18 MiB
2023/10/20 12:49:10.078, 18 MiB
2023/10/20 12:49:10.079, 18 MiB
2023/10/20 12:49:10.080, 18 MiB
2023/10/20 12:49:10.081, 18 MiB
2023/10/20 12:49:10.082, 18 MiB
2023/10/20 12:49:10.083, 18 MiB
2023/10/20 12:49:10.084, 18 MiB
2023/10/20 12:49:10.085, 18 MiB
2023/10/20 12:49:10.087, 18 MiB
2023/10/20 12:49:10.088, 18 MiB
2023/10/20 12:49:10.089, 18 MiB
2023/10/20 12:49:10.090, 18 MiB
2023/10/20 12:49:10.091, 18 MiB
2023/10/20 12:49:10.092, 18 MiB
2023/10/20 12:49:10.093, 18 MiB
2023/10/20 12:49:10.094, 18 MiB
2023/10/20 12:49:10.095, 18 MiB
2023/10/20 12:49:10.096, 18 MiB
2023/10/20 12:49:10.098, 18 MiB
2023/10/20 12:49:10.099, 18 MiB
2023/10/20 12:49:10.100, 18 MiB
2023/10/20 12:49:10.101, 18 MiB
2023/10/20 12:49:10.102, 18 MiB
2023/10/20 12:49:10.103, 18 MiB
2023/10/20 12:49:10.104, 18 MiB
2023/10/20 12:49:10.105, 18 MiB
2023/10/20 12:49:10.106, 18 MiB
2023/10/20 12:49:10.108, 18 MiB
2023/10/20 12:49:10.109, 18 MiB
2023/10/20 12:49:10.110, 18 MiB
2023/10/20 12:49:10.111, 18 MiB
2023/10/20 12:49:10.112, 18 MiB
2023/10/20 12:49:10.113, 18 MiB
2023/10/20 12:49:10.114, 18 MiB
2023/10/20 12:49:10.115, 18 MiB
2023/10/20 12:49:10.116, 18 MiB
2023/10/20 12:49:10.117, 18 MiB
2023/10/20 12:49:10.119, 18 MiB
2023/10/20 12:49:10.120, 18 MiB
2023/10/20 12:49:10.121, 18 MiB
2023/10/20 12:49:10.122, 18 MiB
2023/10/20 12:49:10.123, 18 MiB
2023/10/20 12:49:10.124, 18 MiB
2023/10/20 12:49:10.125, 18 MiB
2023/10/20 12:49:10.126, 18 MiB
2023/10/20 12:49:10.127, 18 MiB
2023/10/20 12:49:10.128, 18 MiB
2023/10/20 12:49:10.129, 18 MiB
2023/10/20 12:49:10.131, 18 MiB
2023/10/20 12:49:10.132, 18 MiB
2023/10/20 12:49:10.133, 18 MiB
2023/10/20 12:49:10.134, 18 MiB
2023/10/20 12:49:10.135, 18 MiB
2023/10/20 12:49:10.136, 18 MiB
2023/10/20 12:49:10.137, 18 MiB
2023/10/20 12:49:10.138, 18 MiB
2023/10/20 12:49:10.139, 18 MiB
2023/10/20 12:49:10.141, 18 MiB
2023/10/20 12:49:10.142, 18 MiB
2023/10/20 12:49:10.143, 18 MiB
2023/10/20 12:49:10.144, 18 MiB
2023/10/20 12:49:10.145, 18 MiB
2023/10/20 12:49:10.146, 18 MiB
2023/10/20 12:49:10.147, 18 MiB
2023/10/20 12:49:10.148, 18 MiB
2023/10/20 12:49:10.149, 18 MiB
2023/10/20 12:49:10.150, 18 MiB
2023/10/20 12:49:10.151, 18 MiB
2023/10/20 12:49:10.153, 18 MiB
2023/10/20 12:49:10.154, 18 MiB
2023/10/20 12:49:10.155, 18 MiB
2023/10/20 12:49:10.156, 18 MiB
2023/10/20 12:49:10.157, 18 MiB
2023/10/20 12:49:10.158, 18 MiB
2023/10/20 12:49:10.159, 18 MiB
2023/10/20 12:49:10.160, 18 MiB
2023/10/20 12:49:10.161, 18 MiB
2023/10/20 12:49:10.162, 18 MiB
2023/10/20 12:49:10.163, 18 MiB
2023/10/20 12:49:10.164, 18 MiB
2023/10/20 12:49:10.166, 18 MiB
2023/10/20 12:49:10.167, 18 MiB
2023/10/20 12:49:10.168, 18 MiB
2023/10/20 12:49:10.169, 18 MiB
2023/10/20 12:49:10.170, 18 MiB
2023/10/20 12:49:10.171, 18 MiB
2023/10/20 12:49:10.172, 18 MiB
2023/10/20 12:49:10.173, 18 MiB
2023/10/20 12:49:10.174, 18 MiB
2023/10/20 12:49:10.175, 18 MiB
2023/10/20 12:49:10.176, 18 MiB
2023/10/20 12:49:10.177, 18 MiB
2023/10/20 12:49:10.179, 18 MiB
2023/10/20 12:49:10.180, 18 MiB
2023/10/20 12:49:10.181, 18 MiB
2023/10/20 12:49:10.182, 18 MiB
2023/10/20 12:49:10.183, 18 MiB
2023/10/20 12:49:10.184, 18 MiB
2023/10/20 12:49:10.185, 18 MiB
2023/10/20 12:49:10.186, 18 MiB
2023/10/20 12:49:10.187, 18 MiB
2023/10/20 12:49:10.188, 18 MiB
2023/10/20 12:49:10.189, 18 MiB
2023/10/20 12:49:10.190, 18 MiB
2023/10/20 12:49:10.191, 18 MiB
2023/10/20 12:49:10.193, 18 MiB
2023/10/20 12:49:10.194, 18 MiB
2023/10/20 12:49:10.195, 18 MiB
2023/10/20 12:49:10.196, 18 MiB
2023/10/20 12:49:10.197, 18 MiB
2023/10/20 12:49:10.198, 18 MiB
2023/10/20 12:49:10.199, 18 MiB
2023/10/20 12:49:10.200, 18 MiB
2023/10/20 12:49:10.201, 18 MiB
2023/10/20 12:49:10.202, 18 MiB
2023/10/20 12:49:10.203, 18 MiB
2023/10/20 12:49:10.204, 18 MiB
2023/10/20 12:49:10.205, 18 MiB
2023/10/20 12:49:10.206, 18 MiB
2023/10/20 12:49:10.207, 18 MiB
2023/10/20 12:49:10.209, 18 MiB
2023/10/20 12:49:10.210, 18 MiB
2023/10/20 12:49:10.211, 18 MiB
2023/10/20 12:49:10.212, 18 MiB
2023/10/20 12:49:10.213, 18 MiB
2023/10/20 12:49:10.214, 18 MiB
2023/10/20 12:49:10.215, 18 MiB
2023/10/20 12:49:10.216, 18 MiB
2023/10/20 12:49:10.217, 18 MiB
2023/10/20 12:49:10.218, 18 MiB
2023/10/20 12:49:10.219, 18 MiB
2023/10/20 12:49:10.220, 18 MiB
2023/10/20 12:49:10.221, 18 MiB
2023/10/20 12:49:10.222, 18 MiB
2023/10/20 12:49:10.224, 18 MiB
2023/10/20 12:49:10.225, 18 MiB
2023/10/20 12:49:10.226, 18 MiB
2023/10/20 12:49:10.227, 18 MiB
2023/10/20 12:49:10.228, 18 MiB
2023/10/20 12:49:10.229, 18 MiB
2023/10/20 12:49:10.230, 18 MiB
2023/10/20 12:49:10.231, 18 MiB
2023/10/20 12:49:10.232, 18 MiB
2023/10/20 12:49:10.233, 18 MiB
2023/10/20 12:49:10.234, 18 MiB
2023/10/20 12:49:10.235, 18 MiB
2023/10/20 12:49:10.236, 18 MiB
2023/10/20 12:49:10.237, 18 MiB
2023/10/20 12:49:10.238, 18 MiB
2023/10/20 12:49:10.240, 18 MiB
2023/10/20 12:49:10.241, 18 MiB
2023/10/20 12:49:10.242, 18 MiB
2023/10/20 12:49:10.243, 18 MiB
2023/10/20 12:49:10.244, 18 MiB
2023/10/20 12:49:10.245, 18 MiB
2023/10/20 12:49:10.246, 18 MiB
2023/10/20 12:49:10.247, 18 MiB
2023/10/20 12:49:10.248, 18 MiB
2023/10/20 12:49:10.249, 18 MiB
2023/10/20 12:49:10.250, 18 MiB
2023/10/20 12:49:10.251, 18 MiB
2023/10/20 12:49:10.252, 18 MiB
2023/10/20 12:49:10.253, 18 MiB
2023/10/20 12:49:10.255, 18 MiB
2023/10/20 12:49:10.256, 18 MiB
2023/10/20 12:49:10.257, 18 MiB
2023/10/20 12:49:10.258, 18 MiB
2023/10/20 12:49:10.259, 18 MiB
2023/10/20 12:49:10.260, 18 MiB
2023/10/20 12:49:10.261, 18 MiB
2023/10/20 12:49:10.262, 18 MiB
2023/10/20 12:49:10.263, 18 MiB
2023/10/20 12:49:10.264, 18 MiB
2023/10/20 12:49:10.266, 18 MiB
2023/10/20 12:49:10.267, 18 MiB
2023/10/20 12:49:10.268, 18 MiB
2023/10/20 12:49:10.269, 18 MiB
2023/10/20 12:49:10.270, 18 MiB
2023/10/20 12:49:10.271, 18 MiB
2023/10/20 12:49:10.272, 18 MiB
2023/10/20 12:49:10.273, 18 MiB
2023/10/20 12:49:10.274, 18 MiB
2023/10/20 12:49:10.275, 18 MiB
2023/10/20 12:49:10.277, 18 MiB
2023/10/20 12:49:10.278, 18 MiB
2023/10/20 12:49:10.279, 18 MiB
2023/10/20 12:49:10.280, 18 MiB
2023/10/20 12:49:10.281, 18 MiB
2023/10/20 12:49:10.282, 18 MiB
2023/10/20 12:49:10.283, 18 MiB
2023/10/20 12:49:10.284, 18 MiB
2023/10/20 12:49:10.285, 18 MiB
2023/10/20 12:49:10.286, 18 MiB
2023/10/20 12:49:10.288, 18 MiB
2023/10/20 12:49:10.289, 18 MiB
2023/10/20 12:49:10.290, 18 MiB
2023/10/20 12:49:10.291, 18 MiB
2023/10/20 12:49:10.292, 18 MiB
2023/10/20 12:49:10.293, 18 MiB
2023/10/20 12:49:10.294, 18 MiB
2023/10/20 12:49:10.295, 18 MiB
2023/10/20 12:49:10.296, 18 MiB
2023/10/20 12:49:10.298, 18 MiB
2023/10/20 12:49:10.299, 18 MiB
2023/10/20 12:49:10.300, 18 MiB
2023/10/20 12:49:10.301, 18 MiB
2023/10/20 12:49:10.302, 18 MiB
2023/10/20 12:49:10.303, 18 MiB
2023/10/20 12:49:10.304, 18 MiB
2023/10/20 12:49:10.305, 18 MiB
2023/10/20 12:49:10.306, 18 MiB
2023/10/20 12:49:10.308, 18 MiB
2023/10/20 12:49:10.309, 18 MiB
2023/10/20 12:49:10.310, 18 MiB
2023/10/20 12:49:10.311, 18 MiB
2023/10/20 12:49:10.312, 18 MiB
2023/10/20 12:49:10.313, 18 MiB
2023/10/20 12:49:10.314, 18 MiB
2023/10/20 12:49:10.315, 18 MiB
2023/10/20 12:49:10.316, 18 MiB
2023/10/20 12:49:10.318, 18 MiB
2023/10/20 12:49:10.319, 18 MiB
2023/10/20 12:49:10.320, 18 MiB
2023/10/20 12:49:10.321, 18 MiB
2023/10/20 12:49:10.322, 18 MiB
2023/10/20 12:49:10.323, 18 MiB
2023/10/20 12:49:10.324, 18 MiB
