# registration_from_features.py TEASER TEASER_config.json euclidean True --use_random_keypoints=True --n_keypoints=5000 --use_status_txt --input_txt=/benchmark/point_clouds_registration_benchmark//tum/pioneer_slam3_global.txt --input_pcd_dir=/benchmark/point_clouds_registration_benchmark//tum/pioneer_slam3/ --input_features_dir=/benchmark/experiments/OverlapPredator/3DMatch/features/tum/pioneer_slam3/ --output_dir=/benchmark/experiments/OverlapPredator/3DMatch/results/TEASER/
id;initial_error;final_error;transformation;status_code
39885980090030;15.205318337116758;0.018746221119708344;0.5907899266387552  -0.6523788752221785  0.4747305190800569  14.00196462556113  -0.8037343005853316  -0.5273236269041573  0.27557388586593856  11.449902527946982  0.07055803742156283  -0.5443634775336152  -0.8358767658469323  0.00396976506058159  0.0  0.0  0.0  1.0;ok
39885980090061;13.318166755923231;0.023145307961509074;0.764544376186902  -0.5085416940750901  -0.39605207009712573  3.159686648323635  0.6425519764614342  0.5527103454660183  0.5306959878879232  10.143850572950077  -0.05097896023346388  -0.6602246734272147  0.7493360569273595  0.07046644051363318  0.0  0.0  0.0  1.0;ok
39885980090092;16.131758473986306;0.01060195909434085;-0.5095357078615445  -0.8438067078302577  0.16841497034021502  7.943617917388865  0.061047307564049046  0.15978442436218712  0.9852624848081976  12.907247513662211  -0.8582811827444513  0.5123076981189187  -0.029903742155115046  7.142701493489418  0.0  0.0  0.0  1.0;ok
39885980090123;12.985542941208589;0.0652223785891354;0.4895828628138081  -0.6726339508816304  0.554862314957868  8.400654075261084  -0.3366839000283162  -0.7328179544795993  -0.591288252085274  -3.8508168601976465  0.8043336197752513  0.10267138702532617  -0.5852401339497637  -8.966312903749632  0.0  0.0  0.0  1.0;ok
39885980090154;12.128119033469892;0.2567885631440218;-0.848492438365538  -0.462530520819642  -0.25714995498116483  11.730335683209548  -0.5253100705422872  0.6772617939602017  0.5151366733486042  -2.794188101731745  -0.06410859398989871  0.5721730330521705  -0.8176234514888367  9.112388713192116  0.0  0.0  0.0  1.0;ok
39885980090185;6.628057703543316;0.0351825195418239;-0.7015972521677749  -0.7079131021480556  -0.08136544449423141  7.110922723145169  -0.16264696245310545  0.04792311738710978  0.9855198325882026  2.8107707837093456  -0.6937631161681956  0.7046718488963624  -0.14876264321924632  6.049920342870349  0.0  0.0  0.0  1.0;ok
39885980090216;5.823010286342225;0.04521356109580562;-0.2626881552205474  -0.48358846165120517  0.8349473832910951  7.871287330491315  -0.9378369174808825  0.33140515304483953  -0.1031142121401504  2.9974425058685883  -0.22684102212074214  -0.8101313623685654  -0.5405833204882201  -0.7147581674744371  0.0  0.0  0.0  1.0;ok
39885980090247;5.3740242030998315;0.019038036624355735;0.7906130179265968  -0.516275913329657  -0.32922672613356735  -3.970892650002168  0.5426185737938293  0.3415970887097569  0.7673828981407973  -0.8701831280460011  -0.2837184154385282  -0.7853474455937618  0.5502120049948055  2.2688554189084296  0.0  0.0  0.0  1.0;ok
39885980090278;4.39500473301532;0.018825123552556628;-0.2603712999660025  -0.12482205568446647  0.957405995682458  2.827723849652084  -0.9335607005024553  0.2855208777666117  -0.21666159520493897  4.685194289152621  -0.2463152545649162  -0.9502090731907838  -0.19087040785447368  5.081162612543865  0.0  0.0  0.0  1.0;ok
39885980090309;6.062761454151005;0.034530703679395536;0.7874344010579436  -0.15238657958819984  -0.5972649281448955  5.590879526601717  0.25040561523934135  -0.8063195869809712  0.5358598244946557  -0.18425498639626847  -0.563244255973485  -0.5715129517449672  -0.5967653258196473  5.842413210274752  0.0  0.0  0.0  1.0;ok
39885980090340;10.653667033347874;0.030112345773409543;-0.13129281667808781  0.833784936686212  0.536250758175598  8.323056796830418  -0.8745028029996548  -0.35218473439844994  0.33348277377166  4.629352407263327  0.4669122442541863  -0.4251688984531478  0.7753865900011786  5.324167634482208  0.0  0.0  0.0  1.0;ok
39885980090371;7.825764243118106;0.03450145929377332;-0.033308369626055045  -0.671663711092827  0.7401070272020567  7.602133486993879  -0.9975789293604209  0.0675747251306793  0.01642973583566515  5.910723898010944  -0.061047786274120816  -0.7377679280942783  -0.6722883697242616  -3.1064587870930502  0.0  0.0  0.0  1.0;ok
39885980090402;6.3535513934385985;0.021593675164248285;-0.42515365650725456  0.8263801032906944  -0.36924286485153923  -1.1999829354858953  -0.7506577375659389  -0.09398880056953489  0.6539717626930732  2.162035641343149  0.5057245588172445  0.555213499703277  0.6602883009385685  1.5548099598226874  0.0  0.0  0.0  1.0;ok
39885980090433;6.8874917645610045;0.05109599017792249;0.010151679844531896  -0.987347275077888  -0.15824759648286213  8.277448492448967  0.8415734625938165  0.0939061468836628  -0.531917044881359  -4.713109254106306  0.5400472668703991  -0.1277771261757465  0.8318785702084656  2.9809927679752204  0.0  0.0  0.0  1.0;ok
39885980090464;6.2677651862134764;0.6548392969736403;0.7652103291352728  0.6162035072351231  0.1864038354107064  -3.4223285744859737  0.6097751386926713  -0.600885029546217  -0.5168282708014101  -5.258162677639653  -0.20646411895780242  0.5091467557967702  -0.835549010318726  1.3390955986898874  0.0  0.0  0.0  1.0;ok
39885980090495;9.69087354585672;0.030313722551501658;0.5314452198206695  -0.8470891869440847  0.0024264567109877344  3.0839493763102115  -0.5418418998946172  -0.34213877284090044  -0.7676903123249076  10.750472043440833  0.651132347413605  0.4066705908734153  -0.6408164297755754  -0.10832491672949696  0.0  0.0  0.0  1.0;ok
39885980090526;2.92110847772627;0.06623407994981997;0.210643008693214  -0.3515463310513079  -0.9121648425657695  0.04288623835797411  0.49568533136700266  0.8426585174496432  -0.2102918810538211  -1.2943261157981343  0.8425708131405074  -0.4078502177196108  0.35175648501457785  -1.2074322108678432  0.0  0.0  0.0  1.0;ok
39885980090557;4.738076726601074;0.18445574877909485;-0.26098690551389553  0.157029420992648  0.9524849584602344  1.8662805405563796  0.8055819760612564  0.5790912129691235  0.12526390903684362  -4.9031509465742475  -0.5319055508222512  0.7999969549971191  -0.27763529494611194  5.101007477437965  0.0  0.0  0.0  1.0;ok
39885980090588;14.769319861057435;0.014444105565001399;-0.08332355763331789  -0.7586605186846423  -0.6461357459021106  -5.9838725914773345  0.3694779840309237  -0.6256965585935843  0.687015164228993  6.529553362640387  -0.9254961934334316  -0.18148838517463123  0.33244362226839774  -2.6825074505821833  0.0  0.0  0.0  1.0;ok
39885980090619;2.836952107880147;0.0384094659834082;-0.14313843070636084  0.9778275517033597  -0.15285505809338862  2.598963204481962  -0.9786471954983091  -0.16286147911473323  -0.1254025731947141  4.184592346168259  -0.14751629197554647  0.13164124638719502  0.9802599276984704  -1.773089669932917  0.0  0.0  0.0  1.0;ok
39885980090650;12.55893498698289;0.018256069033362767;0.23501131357719182  -0.9268310285591036  0.29283771442694584  -5.524468433963993  0.9093169102986307  0.10320805408487  -0.4031015433075973  -7.207507852577055  0.3433838073288764  0.36101570889933476  0.867038187620497  -2.1545370179596492  0.0  0.0  0.0  1.0;ok
39885980090681;13.661467239296929;0.021310579790069933;0.7024350106199536  -0.41547207249357954  -0.5778996563705802  5.63475916469011  0.2728419921139198  0.9071008919000451  -0.32050775225171924  4.941717555035679  0.6573753138007634  0.06746057287061516  0.7505376525620249  -11.76139168317381  0.0  0.0  0.0  1.0;ok
39885980090712;11.512393687205597;0.017064110055867207;0.8605053335845032  -0.49308744497714235  -0.12804429889118538  8.182944973038422  0.007329227663271223  -0.23933402557475755  0.9709096284536687  0.8573168718826916  -0.5093887055034512  -0.8364113795304884  -0.20233425537319083  8.831688743841703  0.0  0.0  0.0  1.0;ok
39885980090743;17.098275178250592;0.025030303422868463;-0.008264630668430164  -0.913482089557468  -0.4067949949761385  5.927296982022794  -0.033788751256358274  0.4068316923712154  -0.9128780282003227  -13.095188948097837  0.9993948249658143  0.006200495149179815  -0.03422773278285618  -6.0647404218934575  0.0  0.0  0.0  1.0;ok
39885980090774;10.611953381784044;0.06714224087108067;-0.666630861154749  0.7453491803861045  -0.007608827363031713  5.477353965444229  -0.2988209614246928  -0.27658551924291286  -0.9133490480415197  -6.140039856150076  -0.6828684558312094  -0.6065929853228529  0.4071064015559187  3.918102697803243  0.0  0.0  0.0  1.0;ok
39885980090805;5.343071835957388;0.05752401629204327;0.12321486165644246  -0.42817666409568744  -0.8952557412219546  -0.20147778879950354  0.6486448547662657  0.7174969228689771  -0.2538858366644304  -6.4706044499034245  0.7510512301116568  -0.5494205220024426  0.36614087418687585  -0.49309275984991335  0.0  0.0  0.0  1.0;ok
39885980090836;5.261479947974986;0.022645769105870014;0.6351646242491552  0.21543885848857164  0.741722318900794  -2.224543305484449  -0.19075614502180988  0.9743186282280657  -0.11964657882363106  2.943389419737848  -0.7484503946413871  -0.06549281594894443  0.6599490115306106  3.9604914715002004  0.0  0.0  0.0  1.0;ok
39885980090867;12.813048896623984;0.016052451456685397;0.7553645732097114  -0.3826826061297798  0.5319571265670106  -5.615705600151858  0.5898503991123193  0.7507027659105281  -0.297526240727302  2.6317658553807397  -0.2854835690661515  0.5385159052618621  0.792779762338349  -7.363685292817291  0.0  0.0  0.0  1.0;ok
39885980090898;9.513150698671726;0.023811693513896975;-0.6073089611917386  0.774969911340703  0.17492130279870158  10.414436550104446  0.6759270593006568  0.6197171596083825  -0.39883988340195486  -1.7561477404739594  -0.4174906420045585  -0.12398499346090922  -0.9001829176534734  -3.3100049721618925  0.0  0.0  0.0  1.0;ok
39885980090929;3.2910700942172166;0.028099966856674482;-0.4240141708462579  -0.2595931962716528  -0.8676539375644117  5.266801540266147  0.4962764603159709  -0.8679947462223945  0.01716960880659363  -0.5181650078128911  -0.7575761729739199  -0.423316067471798  0.4968720651862011  1.491241917594834  0.0  0.0  0.0  1.0;ok
39885980090960;13.148595121958836;0.0177885405601686;0.7063651272356143  -0.7073862347064774  -0.02555429461376275  0.7367872577287116  0.6912415296518322  0.6815701842555578  0.24009837904167633  0.8266012170076247  -0.15242524302099697  -0.18726131175882935  0.970412152854834  12.077542220104762  0.0  0.0  0.0  1.0;ok
39885980090991;4.974292677219224;0.024252968818240864;-0.5559165550424936  0.6652365096922488  0.4984146566887462  5.767523946349839  -0.46464967015161956  -0.7458704576613786  0.47726087668695044  3.6207726152214073  0.6892441279094638  0.03372901659521127  0.7237436601323998  0.9415002515502419  0.0  0.0  0.0  1.0;ok
39885980091022;13.287028172970416;0.01724138963508094;-0.5029707565412167  -0.714111747347423  0.48689303790952365  15.574817353002071  0.6292717317401366  -0.688731590962762  -0.36009149287739495  -3.4317491110561598  0.5924841818117383  0.12527253454094256  0.7957821852696648  -0.678800005958473  0.0  0.0  0.0  1.0;ok
39885980091053;15.533441302838277;0.017686984025399765;-0.5093315876567025  0.8446350976481658  0.16484200203824467  -9.966430289264268  -0.8567999707300978  -0.5156210569932183  -0.005360572926402782  1.7979427779142538  0.0804682792906956  -0.14396693164081312  0.9863054185301452  0.0921202921813709  0.0  0.0  0.0  1.0;ok
39885980091084;7.763469718260981;0.023428868177275023;-0.6030751214230224  -0.02657097622052032  -0.797241733192196  -0.92140576796638  -0.7921894619825766  0.1370591838477192  0.5946853255687039  5.316950736569646  0.09346793163628514  0.9902064246134171  -0.10370623129758925  1.9818261671716269  0.0  0.0  0.0  1.0;ok
39885980091115;3.6651649034345075;0.013816539558206914;0.4362965818059549  -0.8958932022756042  0.08378939563455509  2.6421181433826506  0.8979182020759473  0.43951485677526375  0.023866148715662873  -2.19531075969516  -0.05820820462046837  0.06482330437569359  0.9961976431033546  -2.9768334642072207  0.0  0.0  0.0  1.0;ok
39885980091146;8.080612412768405;0.045978915620757246;-0.5131578746400265  -0.8034754633211614  0.30182142988160354  3.7582488244447823  0.6960804694732631  -0.18386173865422453  0.6940222194403629  5.25258869119064  -0.5021364114588905  0.5662349696900488  0.6536336767542631  -2.5955799413414664  0.0  0.0  0.0  1.0;ok
39885980091177;3.8726541071914253;0.011227773882122778;-0.50532560614847  -0.862728598255156  -0.018584873509779637  6.525056679327997  0.8628325839334032  -0.5054736208392201  0.0040436046412399215  1.702313932461032  -0.012882696669862151  -0.013992297466159154  0.9998191095083805  -1.6874402512555267  0.0  0.0  0.0  1.0;ok
39885980091208;5.2059592602279805;0.034665741177109306;0.18078093260172615  0.9704223452254266  0.1599960196218451  1.845983435195455  -0.9723114610968985  0.15184620263695817  0.1776320730170933  1.4198780643731101  0.1480833448678964  -0.18767845542821218  0.9710036664919535  -3.895852744399802  0.0  0.0  0.0  1.0;ok
39885980091239;9.534104921615693;0.0325440779632719;-0.4745071448004312  -0.10745623585870326  0.8736682018411923  11.873905064915686  0.33404306558275454  0.8962961352395292  0.29166499325554907  1.1777706443989977  -0.814406655098925  0.43023992763313246  -0.3894039095859454  -0.6680332254959503  0.0  0.0  0.0  1.0;ok
39885980091270;6.793393155968177;0.023728554500536486;-0.24366269201514745  -0.9521790206311493  0.18434642711437815  4.761041959402743  0.6941614676537062  -0.30396175310545087  -0.6524929957278571  5.313639228511586  0.6773244048052484  -0.03102201345764407  0.7350301254617048  -4.010462660612241  0.0  0.0  0.0  1.0;ok
39885980091301;9.237550092631151;0.022649702087884534;0.11238486715607326  0.049497923621709766  0.9924311548875577  -2.7577625106372827  0.7064643999067554  0.6983705638680214  -0.11483295340211021  3.532868824963324  -0.698768697995768  0.7140227664996419  0.04351776213797787  -1.962099566163543  0.0  0.0  0.0  1.0;ok
39885980091332;14.314334062580222;0.018867648493708998;0.4365345025817652  0.20467930593603273  0.8760958907432649  8.766084529214107  0.8520820740681707  0.2185043128890273  -0.47561749789150726  7.676506021426213  -0.28877978999122383  0.9541290515283759  -0.07901889598182646  -3.925797197694099  0.0  0.0  0.0  1.0;ok
39885980091363;4.939595963032118;0.024141313362483718;0.4160081098327071  0.9028550571000845  0.10858175915972877  3.215276120879774  -0.9092446783231201  0.41488806000584016  0.03379367700734036  0.37852298137161317  -0.014538483225717078  -0.11278583037506673  0.9935129536005567  -0.6653875530858439  0.0  0.0  0.0  1.0;ok
39885980091394;15.273466798993145;0.01517723452325995;0.1128246651387693  -0.9200518464619007  -0.3752002062344468  0.9911631326185786  -0.8778813792824329  0.08456565285154355  -0.4713522401208733  -3.6640930206979614  0.4653975492474125  0.3825614332101956  -0.7981552925181058  8.779996268956365  0.0  0.0  0.0  1.0;ok
39885980091425;8.06198539416402;0.016520002868038806;0.4446377112539912  0.8711687295670104  -0.20823628491551238  -0.4526589755199428  0.22368941022672306  -0.3331141098732583  -0.9159683605647998  -4.5717995330765  -0.8673294376897589  0.36069382366204805  -0.34298631472526403  -1.1271604954688055  0.0  0.0  0.0  1.0;ok
39885980091456;10.977064992754894;0.1455658179752752;-0.7736855921283335  0.6335231571623539  -0.007682048689853097  -3.702060889092389  -0.6319976517667599  -0.7725627361641765  -0.061039223879595206  0.14744476546560248  -0.044604626378120245  -0.04237013133759345  0.9981058056519374  -3.8930116933703753  0.0  0.0  0.0  1.0;ok
39885980091487;2.767744523025431;0.017559907311632428;0.9058751625677555  -0.3668028798390075  0.21176835737346072  0.31608894406263854  -0.3741334453505746  -0.4586298436628627  0.8060290513200419  0.9333775764325634  -0.198530488623163  -0.8093913230592409  -0.5526946093852005  2.813384215409399  0.0  0.0  0.0  1.0;ok
39885980091518;6.6339837111177165;0.024507338212941605;-0.8965521916054683  -0.44199429332342244  0.028900041469865106  10.227272170131824  0.43923450616335685  -0.8955811072952511  -0.07076389511073894  3.6167238115116116  0.057159568952744294  -0.05074962980495606  0.9970743496609454  -2.3014418997443604  0.0  0.0  0.0  1.0;ok
39885980091549;8.72791924372333;0.019684923097667683;0.48697861996553155  0.4053415783588137  0.7736601505506482  -4.974083686034525  0.36379827001141246  -0.8994272824432985  0.24224240407774575  5.788878235772566  0.7940419651587501  0.1634893527121816  -0.5854644217342181  -0.29605233887018984  0.0  0.0  0.0  1.0;ok
39885980091580;11.404884011730314;0.009696670272535629;-0.00802205737827267  -0.9682836040475238  0.2497248660589473  12.814323076506804  0.9466478887407451  0.07310532338864471  0.3138684221691164  -4.741293038485281  -0.3221698641060469  0.23891938771263618  0.9160371743749873  1.74724629817056  0.0  0.0  0.0  1.0;ok
39885980091611;5.185738995238877;0.007078297657639397;0.9668963372691719  -0.0036625327994551232  0.2551432123905184  -1.330803748821325  0.18340985403859827  0.7051448457498073  -0.6849318009510295  3.4832256458857676  -0.17740433595884944  0.7090538289622121  0.6824737132058836  -3.150192311848265  0.0  0.0  0.0  1.0;ok
39885980091642;11.452810801369598;0.017137738852857392;-0.9887058845470088  -0.03153101330396191  0.14651439882190198  6.717753916577162  0.030124423376241355  -0.9994763865561813  -0.011809819340191728  1.1614029237072256  0.14681005748369869  -0.007262776096258172  0.9891380384481271  8.843745634337624  0.0  0.0  0.0  1.0;ok
39885980091673;6.84357315400721;0.0294980245032373;-0.6876032332794818  0.5016317312584363  -0.5249451397796405  4.499483517457048  -0.7143578595874956  -0.5967941273079955  0.3654170467510521  2.2213428257090664  -0.1299793907862889  0.6262606292953051  0.7687021413821303  5.376190332243074  0.0  0.0  0.0  1.0;ok
39885980091704;11.97004270038415;0.07982935918643376;0.05006301687105412  -0.031378602484920706  -0.9982530128418658  4.249891520427257  0.9969602072089432  0.06131508998475507  0.048070832966185015  -0.18418059905408482  0.0596995777511872  -0.9976251014515695  0.03435283641965042  -10.271050221134619  0.0  0.0  0.0  1.0;ok
39885980091735;9.206758517908435;0.02166879920842641;-0.6665041535449798  0.2014570013585183  -0.7177654839227945  7.727170433198534  0.738385018111871  0.3111032154077204  -0.5983329795280454  -5.125559155220233  0.10276078208743204  -0.9287786959047949  -0.35610441684731736  6.879865022472551  0.0  0.0  0.0  1.0;ok
39885980091766;2.598811728309922;0.008835069670005857;0.8123113960077405  0.17245928905868382  -0.5571427012295224  -0.9696786247431568  0.27172698322929567  -0.957176281903245  0.0998899992340844  3.2473212645750085  -0.5160568210004223  -0.2325324901583699  -0.8243870441241087  0.8874494823013239  0.0  0.0  0.0  1.0;ok
39885980091797;12.542227557622743;0.009800929092273964;0.7679612980628555  0.34774231303476816  -0.5378761273777106  -2.0017725358165492  0.6172339523501648  -0.6260722372319814  0.47650372698808613  11.182222167159868  -0.17104880222851268  -0.6979318286857038  -0.6954376102596262  2.9926645719290734  0.0  0.0  0.0  1.0;ok
39885980091828;9.47715700246654;0.010619765386190255;0.5300138546282137  -0.8450452631157045  0.07059615561666477  -2.3782658238241265  0.8477800610264365  0.5261959446005735  -0.06623289222072141  0.49991445375888666  0.01882238104369362  0.09495436362600745  0.9953036656218173  6.087651950111663  0.0  0.0  0.0  1.0;ok
39885980091859;14.228056617716064;0.013808307972284571;0.24140999946087618  -0.16418773835824324  -0.9564327465813292  12.165855230676156  -0.908391697466231  -0.3849548453327484  -0.16320015633956864  2.51536375720184  -0.3413879554622858  0.9082137158332534  -0.2420787273546264  6.53613257850583  0.0  0.0  0.0  1.0;ok
39885980091890;12.934736653014653;0.03159745257053278;0.53744925950903  -0.05832131004847073  -0.841276956921694  6.235859742473099  -0.7836209768568213  -0.40314146117900407  -0.47266809381258235  12.340134743187633  -0.3115869992203744  0.9132773878032281  -0.26236988173979614  -5.249060769836826  0.0  0.0  0.0  1.0;ok
39885980091921;11.389616762246979;0.014361614580487717;0.590297152375043  0.05255990858373663  0.8054729839712716  4.646647671843817  0.5835202114504552  0.6616927682376265  -0.47081508396698946  0.42989640449894106  -0.5577216462777215  0.7479305692854764  0.3599255878672315  9.241657620119767  0.0  0.0  0.0  1.0;ok
39885980091952;7.751231368250753;0.024918655606674327;0.5784765865263783  -0.5487571249727282  0.6035150840140246  -1.6792244533770053  0.35404544649419595  0.8354624600582577  0.42030262865003687  -4.155720205916244  -0.7348582588890977  -0.029463462543809726  0.6775804333932727  -2.8527684854739546  0.0  0.0  0.0  1.0;ok
39885980091983;14.851121124669065;0.014919431620083495;-0.7980187478983074  0.29981899310385157  0.5227567784132601  4.812739237599265  -0.45598485205025435  0.2667427931180549  -0.8490736699605547  1.2293208904413084  -0.39401001599391466  -0.9159458792383808  -0.07615283056265126  14.902129643456087  0.0  0.0  0.0  1.0;ok
39885980092014;8.09691717384987;0.02340100185633589;0.05746824686761727  -0.27336168449280956  -0.9601931003986724  6.820365564233759  -0.9639093791874963  -0.26562599063949455  0.017931586967221094  4.420720719328124  -0.2599540523175939  0.9245086384388415  -0.2787609515976381  5.051646396615673  0.0  0.0  0.0  1.0;ok
39885980092045;7.770476372289854;0.01474922182496403;-0.8217445830194112  -0.4734603027698766  -0.3171295980814643  1.2390925866716314  0.5252274865756845  -0.8451627632027404  -0.09917656497831875  4.529017086636086  -0.22106996092559367  -0.24806298675249056  0.9431822872487536  -3.166820144631941  0.0  0.0  0.0  1.0;ok
39885980092076;16.718631862778135;0.012513616338768156;-0.538339672031722  -0.4604401029101646  -0.7058224345746279  -0.08099251229901047  0.5164779252432551  0.4815550189902486  -0.7080644860616327  -13.957661592702244  0.6659136207145795  -0.7457209098029762  -0.021433021938607404  1.6927189452808238  0.0  0.0  0.0  1.0;ok
39885980092107;10.262899426928634;0.007253462319915906;0.6586997288403665  -0.6479707710231873  -0.38242456396686  -3.8963302596160885  0.17322215821025105  0.6252152410174117  -0.7609861932417187  -6.464336424383312  0.7321944763043561  0.4350169908166295  0.5240720051388306  -4.20116584481707  0.0  0.0  0.0  1.0;ok
39885980092138;15.257229419744425;0.014344711032571466;-0.11278893363899221  0.9936134391119231  0.0033151266573983873  4.539332147452842  -0.9930311738658942  -0.11260683852560054  -0.03476762355688845  9.407974329498819  -0.03417227207990694  -0.007213427302253786  0.9993899250480022  -10.92756115863691  0.0  0.0  0.0  1.0;ok
39885980092169;15.992191385092843;1.3356698996172562;-0.23671082118075734  0.9577294407098983  -0.16346958595847944  -4.424866586189202  -0.3597363243843811  0.0698985262422364  0.9304321431182276  7.405641447398866  0.902528539191059  0.27904930465182787  0.32798433120956355  -10.39830403932745  0.0  0.0  0.0  1.0;ok
39885980092200;6.917432320039796;0.02110151705479622;0.40291187630826814  0.8963198712676741  -0.18512889644907113  -0.7392016190733761  -0.9132416404362212  0.3803669388891342  -0.14598184124565047  -3.4176464894896372  -0.060429513510462746  0.22788523464851793  0.9718109866255267  -2.590009800167061  0.0  0.0  0.0  1.0;ok
39885980092231;11.63978213050849;0.012421140328956307;-0.8888986652908547  -0.18784463438160837  0.4178200045212971  1.1078558018311802  0.09658624513816645  -0.9684104194176064  -0.2298964045250077  2.66926916038457  0.44780605187318184  -0.16399894175712196  0.8789619371783385  -10.001066437777055  0.0  0.0  0.0  1.0;ok
39885980092262;5.191873642222159;0.009479749839288875;-0.44837503834619347  -0.6460780154298443  0.6176916892481914  7.772344989704412  -0.2710657992486745  0.7567896282230977  0.5948048344554904  1.6223907355816847  -0.8517529908757165  0.09926054902215675  -0.514455232204021  4.724886087484865  0.0  0.0  0.0  1.0;ok
39885980092293;17.8683780302977;0.012067968639322916;-0.29139803775319645  -0.8296359377503709  -0.4762262008611551  10.018675364784189  0.827745056182562  0.03086269885306646  -0.5602549560555732  10.4777975027917  0.479505271669576  -0.5574510782235224  0.6777337160187016  -8.361260649131138  0.0  0.0  0.0  1.0;ok
39885980092324;2.5378082800465176;0.011621057865029894;0.9258957506108658  0.21313177549405818  -0.31191650369207924  -0.24086628521343492  0.06986935455323463  0.7148046748510017  0.6958250858552514  -1.2840855260848303  0.3712618109839132  -0.6660548949492857  0.6469432313727698  -1.6037950443033484  0.0  0.0  0.0  1.0;ok
39885980092355;4.721106299632293;0.012069133431464745;0.5339467273814101  0.8361120825403343  -0.12576755443574933  -0.7953375480076913  -0.8454688464378705  0.5295818625817081  -0.06874213065876691  -0.3669563311436964  0.009128089707069159  0.14303718486657868  0.9896752203241951  1.9462505430464356  0.0  0.0  0.0  1.0;ok
39885980092386;4.150156398285817;0.010097376825640419;-0.08458249457138405  -0.9962231995423242  0.01962494091039714  -0.7801495574516563  0.9533914022386543  -0.07518943684170973  0.2922180396978254  2.00225193928614  -0.28963880221664867  0.043426780689816036  0.9561503432878241  4.775999945195299  0.0  0.0  0.0  1.0;ok
39885980092417;6.211588953303198;0.00845624254315897;-0.9449967415026895  -0.09426702991492943  0.3132010306820804  0.11731610364947959  -0.18044701795434315  -0.6484016878296454  -0.7396040325275763  4.1789665316993885  0.2728003523837248  -0.7554395927476169  0.5957272777442972  0.37586187959044626  0.0  0.0  0.0  1.0;ok
39885980092448;6.198581447326856;0.08917086237493435;0.5788065700501914  0.5046341070298985  -0.6405680077000956  2.6853063063189047  -0.7304988495444262  0.6699844245392242  -0.1322584654724014  2.508248762472237  0.36242845539637564  0.5444862614400674  0.7564260213808196  -7.607250162891208  0.0  0.0  0.0  1.0;ok
39885980092479;13.852347125351322;0.011421234123451862;-0.9631533170161132  -0.23819053026335013  -0.12490379983701136  5.639400709131264  0.19796612927788648  -0.9422172371580291  0.2702519003837386  -3.191988312349393  -0.18205795665004873  0.23556729249867273  0.9546533146253954  -13.374714683648271  0.0  0.0  0.0  1.0;ok
39885980092510;11.087356919905194;0.016760504781781014;0.5227446977236143  -0.7897956998858364  -0.320874949853817  1.312420159675702  0.8051956310588991  0.5810596463925639  -0.11844696305862296  -10.478754914451583  0.2799963869865273  -0.1964495858381767  0.9396858961900518  -3.600136856326833  0.0  0.0  0.0  1.0;ok
39885980092541;8.13198811043238;0.0066742763595466145;-0.6795448960755299  0.7169989745398702  0.15534221810722076  6.42178815104785  0.4343015643942755  0.5638141404406025  -0.7024925381837941  3.2909845592119047  -0.5912705686759502  -0.4099098505134992  -0.6945307977833806  -1.9019854816123607  0.0  0.0  0.0  1.0;ok
39885980092572;12.857597382515118;0.013027907034076523;0.4106268599542865  -0.06791265564580223  -0.9092708359379056  -7.0483453962088385  -0.6517229165148782  -0.7192851301012533  -0.24059539003182226  10.307468259374312  -0.6376855196516726  0.6913875706276168  -0.33961802839104116  -0.5170661937971304  0.0  0.0  0.0  1.0;ok
39885980092603;4.595426400726901;0.012096148591567334;0.661481030532074  -0.19321319094372477  -0.7246457818076147  3.6509844326797993  -0.5964019309293436  0.450301019641154  -0.6644800437137953  5.238176887032276  0.45469504399099814  0.8717210875936641  0.18263286236201662  -2.8514831578088797  0.0  0.0  0.0  1.0;ok
39885980092634;14.955394496186754;0.01049097601930441;-0.3314682178474927  0.9434663606379439  -0.00021656777456849352  10.65518648252043  -0.22155204316669086  -0.07761479180164493  0.9720548524966341  11.283168727579453  0.9170842451627185  0.32225327064000625  0.2347537365754739  -4.162958756018871  0.0  0.0  0.0  1.0;ok
39885980092665;13.790322686089336;0.011167341124840505;-0.4143096476994184  0.6471283971330402  0.6399784007661562  -6.455307752093317  0.7874661993631401  0.6074447249737848  -0.10444084910654047  -6.771900829758297  -0.4563381429200895  0.4606905075270664  -0.7612619493910742  6.109050991589758  0.0  0.0  0.0  1.0;ok
39885980092696;10.060575966549875;0.005903729152372085;-0.4175058694851892  0.886767993123592  -0.19832139399714843  3.752785878353983  0.8406278994708661  0.2940611676475153  -0.45483267727042176  -3.6627441716767732  -0.34501243974183804  -0.35660980925002106  -0.8682141788579867  -6.589801639825819  0.0  0.0  0.0  1.0;ok
39885980092727;5.0885328238275855;0.011431396046028428;0.27149583235682595  0.8909528266410169  0.36399598035315744  2.5455430858203796  -0.9274729993844573  0.1411812506581901  0.34621047048780623  2.4339047601531223  0.25706778955301457  -0.4315911435177643  0.8646648115954272  -3.879791328865952  0.0  0.0  0.0  1.0;ok
39885980092758;7.042514947121556;0.00743195599040909;0.7315212390017113  0.6689475871634962  -0.13185523318222403  0.19272864263562908  -0.5190457481537302  0.6717701181550461  0.5285039448078788  0.1684330193080118  0.44211784425980377  -0.31817296236809944  0.8386285100120151  -7.297347901551493  0.0  0.0  0.0  1.0;ok
39885980092789;9.837958892178126;0.012096689732267036;-0.35022929587711515  0.5234137493967277  -0.7767737683855448  0.971511986600908  -0.19497663437936077  -0.851871328100973  -0.4861063180062375  10.52244125619366  -0.9161460322216741  -0.0187959384427549  0.40040374666396283  4.360464926493096  0.0  0.0  0.0  1.0;ok
39885980092820;8.268718839568454;0.010175718546787725;-0.36091163876704435  -0.5728661354819589  -0.735912481087562  5.420663965374704  0.924107306175785  -0.3259278194357106  -0.1994912108099391  0.9866752827863895  -0.12557259125708592  -0.752060800292003  0.6470209246918776  7.810848965254708  0.0  0.0  0.0  1.0;ok
39885980092851;6.8936455006206945;0.007339723950938387;-0.7626807664251264  0.276092011370439  -0.5848856724032546  8.063902795566989  -0.6461179637472402  -0.2844836830802832  0.7082376797263739  -0.41789297012529053  0.029148335257821473  0.9180643960629903  0.3953582416406609  0.9119569835067584  0.0  0.0  0.0  1.0;ok
39885980092882;8.701798953500287;0.010149559201694237;0.027288190414268124  -0.5770761702631468  -0.8162343097287285  -0.3706070759484968  0.8215906759943084  -0.45218253731737895  0.34715949369768473  1.905136434064236  -0.5694243723121891  -0.6800838526679174  0.4617811576463819  7.859043904380078  0.0  0.0  0.0  1.0;ok
39885980092913;12.068994851548805;0.01828887230808107;-0.17258847711283648  -0.903740291487427  0.3917482649739403  9.831446591113377  0.9213192958225758  -0.28879096865022325  -0.2603277387660776  -1.4257713455518266  0.34840202742358634  0.3159956676416408  0.8824753624429685  7.114527048112539  0.0  0.0  0.0  1.0;ok
39885980092944;3.372320270673433;0.012088089815745278;-0.8583838098578225  -0.5130079689238127  0.0002424760485877156  5.66606170862475  0.5104810984880841  -0.8541087111650414  0.09953571016671077  -1.4892108806479112  -0.050855511602666006  0.08556362154944541  0.9950339610319713  -0.7612990444057104  0.0  0.0  0.0  1.0;ok
39885980092975;6.497637263498034;0.006939527328023725;-0.9383860025120233  0.34549480326162285  -0.008065432952962161  7.20266476560464  -0.34482648387361997  -0.9345112616656772  0.08822356736938552  7.0305706647382005  0.02294354612657174  0.08556893559719612  0.9960680453422356  -2.9433091289235156  0.0  0.0  0.0  1.0;ok
39885980093006;15.880192191604793;0.007127404007341546;0.6082267062790611  -0.4639995730405066  -0.6440222589221214  11.175537975562243  0.6044034803077283  0.7966720704982844  -0.0031693974005582715  -9.265693351669496  0.5145451455031232  -0.3873215825463442  0.7650001862306733  3.3159651106420136  0.0  0.0  0.0  1.0;ok
39885980093037;17.265572118183027;0.011631655117903861;-0.9402488591542855  -0.11569134909743037  0.32023053352714526  -2.3192269789463626  0.2420457915213683  0.43435960594695744  0.8676091098694144  -11.401433598385585  -0.239470076765048  0.8932789287034704  -0.38040351978986964  5.162501225930921  0.0  0.0  0.0  1.0;ok
39885980093068;7.330304072587055;0.0040201381507652826;-0.04459105388639696  0.12555904504285947  0.9910835303450591  -2.1552765954160926  -0.9249450420249024  0.36966691850064076  -0.08844794288050108  6.7470583553166295  -0.37747623388347534  -0.9206417846123247  0.09965137871089387  0.9447696196644136  0.0  0.0  0.0  1.0;ok
39885980093099;11.7148593534829;0.003910091683622059;0.3174056436962367  0.1895332745071986  0.9291559584937064  -1.8381292330257986  -0.2440851534560129  0.9631378147352767  -0.11308398511421233  12.197019773894985  -0.9163384174049091  -0.19089967962659282  0.3519676364473472  -4.914890158775214  0.0  0.0  0.0  1.0;ok
