# registration_from_features.py TEASER TEASER_config.json euclidean --input_txt=/neural_comparison/point_clouds_registration_benchmark//eth/apartment_global.txt --input_pcd_dir=/neural_comparison/point_clouds_registration_benchmark//eth/apartment/ --input_features_dir=/neural_comparison/experiments/3DFeatNet/test//eth/apartment/ --output_dir=/root/neural_registration_comparison/results/3DFeatNet/TEASER/
id;initial_error;final_error;transformation
13001298760030;4.310263072930483;2.2654970210636765;0.9723359411289013  0.2286158528869261  -0.047933385002074724  -4.22241398397465  -0.2271783700442807  0.9732724525350254  0.03362619991139096  0.2900811142161599  0.05433972555136379  -0.021806534461954602  0.9982843629356124  -2.0892604555256256  0.0  0.0  0.0  1.0
13001298760061;11.165739862422033;1.7661108163781878;-0.3781075496594422  -0.8912450924429695  0.2504333565778647  2.098732475223046  0.8555406906213584  -0.23305249192233152  0.4623166260258453  -13.820513066706004  -0.353673306289381  0.3890613334747042  0.8506153485643342  -2.074825029390024  0.0  0.0  0.0  1.0
13001298760092;4.041875262067823;1.07274345346383;0.033683397275374505  -0.9978597717393107  0.05604734331223559  0.6124644941801485  0.8147158739656031  -0.005066838029391535  -0.5798382290439698  -8.285982216899066  0.5788812256900827  0.065193581714416  0.8128015277094365  0.1346240444591944  0.0  0.0  0.0  1.0
13001298760123;2.6347404064812237;10.455411956870362;-0.7704807344360651  0.5335438848775408  -0.34884145506611247  4.610183796528234  0.6351786435906861  0.5962763868350346  -0.49092011695310656  -8.924286386668863  -0.05392150395859954  -0.5998211345165632  -0.7983151495481627  -0.28660602529179147  0.0  0.0  0.0  1.0
13001298760154;4.655949543134552;1.344334014553193;0.4871592955931356  0.7722404997825435  -0.4078240199066353  8.273787809687587  0.7583893657667731  -0.6056469323071862  -0.24090945037247252  -5.0000322446514165  -0.4330374009356144  -0.19192812165626566  -0.88070551577041  -0.7903948434458193  0.0  0.0  0.0  1.0
13001298760185;11.526736439495075;4.609126825468738;-0.4269163066172446  -0.6205382797164908  0.6577801384587326  -2.4538641721684  0.8942468089693711  -0.18158780392106133  0.4090825272670827  0.787097451559211  -0.13440651692677696  0.7628617914626639  0.6324371710565307  7.971203969801923  0.0  0.0  0.0  1.0
13001298760216;5.6572197072150425;3.408568899300875;0.8429302593681365  0.30744546904161846  0.44152673917594737  4.218941014716264  0.44191702880928474  -0.8637297792657864  -0.24223998030434513  0.5647587932674805  0.30688420860308163  0.39930959414376066  -0.8639293550602416  -1.393307930284481  0.0  0.0  0.0  1.0
13001298760247;2.8755933061249292;3.122163120005054;-0.818215678169262  0.1414910411756772  -0.5572283098201648  6.619705186430137  -0.12081771498678875  -0.9899160938930093  -0.07395408573553068  2.13922834582635  -0.5620731124536966  0.0068126587049377255  0.8270594923812822  5.160271070949028  0.0  0.0  0.0  1.0
13001298760278;3.489631205271557;3.4386207186554154;0.11877060727879682  -0.9214329995200162  -0.36993887365640765  -1.367890734694802  0.8484400856779674  0.28772340242949546  -0.4442574306741058  -5.163570295917661  0.5157935283244538  -0.2611062448313718  0.8159537762941421  1.6140892157409101  0.0  0.0  0.0  1.0
13001298760309;15.033436311598187;4.316241806257616;-0.4245177001719631  0.5538237488436446  0.7162848437999216  10.893479306940131  0.23293481292000107  0.8312835925485766  -0.5046869937787727  6.014962365595701  -0.8749434811292844  -0.047400885817699495  -0.48189943022695736  2.5501731441890154  0.0  0.0  0.0  1.0
13001298760340;6.506989460822594;2.382176415632531;-0.01612660532830959  -0.6493343291741683  -0.7603320732130912  -2.562097166153737  0.2374391600683526  -0.7411657341734347  0.6279299322003918  -2.7240935730464186  -0.9712685405523132  -0.1704062306463178  0.16612988500054357  7.2181537130628675  0.0  0.0  0.0  1.0
13001298760371;4.91629017563752;1.4892929957934544;-0.19331318904455674  0.6279415665618356  -0.7538696173247013  2.357306962103575  0.7290684405916577  -0.4222493597229016  -0.5386693671881189  -3.773766207529524  -0.656573849520884  -0.6537544395240981  -0.3761860084158637  -0.32112858321289894  0.0  0.0  0.0  1.0
13001298760402;8.540013131131722;4.583489415313723;-0.4520528535412147  0.3508414858154499  0.8200966220123423  3.0160439555090957  0.01674829078556473  -0.9158993831073554  0.40105836829485336  -3.324652608210686  0.8918339040208156  0.19503479652199374  0.4081589344662411  -4.605328985506976  0.0  0.0  0.0  1.0
13001298760433;5.8803617295845045;5.034707535408189;0.5504989771315346  -0.019145466800857658  -0.8346162754692191  1.7572972746203763  0.12022475671168172  0.9911340500808937  0.05656237834339487  1.9154299570258453  0.826133696232487  -0.13147907008806256  0.5479200398580318  -0.9687355723917888  0.0  0.0  0.0  1.0
13001298760464;2.166048600398045;2.993073773179464;0.42956895714435583  -0.9022206763073387  -0.03831921582495501  2.3984449574933757  0.9030290821158985  0.42932054614162424  0.014911254594285994  -4.9647637500004915  0.002997984461040812  -0.04100877837959155  0.9991542884785038  2.0640495229231473  0.0  0.0  0.0  1.0
13001298760495;4.352922081343947;8.366822035574582;-0.5664304820220678  -0.7238989833712053  -0.3938613600118499  -0.3991039679980876  0.7288789529517733  -0.6630792402300941  0.17047402476567694  -12.198914609242523  -0.38456726457171997  -0.19051557167333405  0.9032230267048156  -1.2530128085797168  0.0  0.0  0.0  1.0
13001298760526;3.427592892868579;2.210696043510149;0.8925129190260783  0.45099365179026596  -0.005041370491159996  3.605650364817012  -0.12409500638927276  0.2562986132586763  0.9585986909186375  -0.46559881161937233  0.4336140204845723  -0.8549361069030595  0.2847158835622717  -3.4986310088015964  0.0  0.0  0.0  1.0
13001298760557;8.921254112295115;4.307564187013758;-0.1857588372142064  -0.6369790883414479  -0.7481652861584293  -2.898300071093263  0.21616856765504763  0.7162708891177962  -0.6634961671029964  6.734790947052951  0.9585221983630798  -0.28498009477523184  0.004641209660081247  -7.639711948043478  0.0  0.0  0.0  1.0
13001298760588;5.635777697146662;1.2375766702199102;-0.8120911965008075  0.20071165998422474  -0.5479258326747013  -3.0295431220167233  0.2693227571018073  -0.7040699668149423  -0.6570774188299946  -12.03428275716175  -0.5176612222998437  -0.6811756831945662  0.5177128041215984  -3.9685501477510394  0.0  0.0  0.0  1.0
13001298760619;9.801579940171315;1.0342813137703348;-0.3937791625012596  -0.8428313168216595  0.3668423947207763  -0.8634550405692637  -0.5737326896787487  0.5371650714554839  0.6182915871999335  -9.207442948452268  -0.7181704337925605  0.033000869577820106  -0.6950842903082421  8.09847032677273  0.0  0.0  0.0  1.0
13001298760650;5.928008986154682;1.8930872261028517;-0.9997946855036899  0.0046141730890444654  0.019730591610036385  -3.325819520871246  0.010692422273610763  -0.7069876508350352  0.7071450584375741  -6.67622846166195  0.01721217431065851  0.7072108391232856  0.7067931593344952  0.5367794672265754  0.0  0.0  0.0  1.0
13001298760681;3.926177848256171;2.005438519558807;-0.5879679938708485  0.3233268215445203  0.7414535755213586  7.347344843183918  0.2822982250853908  0.9410249126855873  -0.1864935007412327  0.2795931374968017  -0.7580246369987765  0.09965881885212215  -0.6445671179387545  2.2825112076582066  0.0  0.0  0.0  1.0
13001298760712;3.640287511906044;1.5768040255502982;0.5275910089886239  -0.6285502351558213  0.571465072528433  -2.2001545491100294  0.7172815121900685  0.6900337336756885  0.09675060030778743  -8.439634478721201  -0.4551427902369694  0.358856584550361  0.8149030569461347  1.549922729949703  0.0  0.0  0.0  1.0
13001298760743;2.23776059014918;2.2171191475103393;0.40125231302879716  0.3780790425496829  -0.8342977998734954  4.878233607965765  -0.6710154730184523  0.741325401044439  0.013224399272714973  5.404936382299714  0.6234860192970351  0.5545204120237743  0.5511554194509211  0.52389490708717  0.0  0.0  0.0  1.0
13001298760774;5.456665076952151;2.2061353327661486;-0.06745984848086695  -0.7189292593511719  -0.6918019144897727  -3.517295531484878  0.9732105004235159  0.10533538747210397  -0.20436677325708308  -0.5482857555947944  0.21979647565042687  -0.6870554389529839  0.6925635949837206  2.3078470159664786  0.0  0.0  0.0  1.0
13001298760805;8.825594568085958;1.4635793049968657;-0.7913093138243437  0.40247176738647467  0.4602673639436698  3.819164791709675  0.5335737926008837  0.8221460479483195  0.19843105526219815  2.2138582822361013  -0.2985440967501387  0.4026069451708054  -0.865320212404562  10.932826884503015  0.0  0.0  0.0  1.0
13001298760836;4.000188739564292;1.6260569596218026;-0.9719591495684986  -0.17212787954381625  -0.16021050107228052  9.095635801631486  0.20602868776076377  -0.9517656777205616  -0.2273637493812468  -2.736942951272868  -0.11334721606488421  -0.2539962357927187  0.9605406398552176  -2.330569015330698  0.0  0.0  0.0  1.0
13001298760867;4.334456072611078;1.6034187110666303;-0.40450945637954133  0.33479819171951675  0.8510477486726996  -0.609139194781053  -0.9035453672480588  -0.29012923214596337  -0.3153264942547089  3.4353341308465404  0.14134308976422993  -0.8965127993931465  0.41986537306637417  -1.493656361886548  0.0  0.0  0.0  1.0
13001298760898;8.680467736983655;3.012843336170838;0.9282582442166092  0.37192301810299294  0.0031465296850494494  -0.7183291337407719  -0.23828057783611642  0.6011620573519304  -0.7627755548170649  -6.373111704664021  -0.2855853607417309  0.7073029403343065  0.6466556675112809  8.764240171531776  0.0  0.0  0.0  1.0
13001298760929;4.363996845460841;6.6230229398758995;0.42780105017195535  0.903807334049906  -0.010888727628787037  6.431666906469455  -0.9038343721841628  0.42786302359142875  0.004081752278263337  2.643604500224702  0.008348001571185676  0.008095428389066267  0.9999323851685996  1.1227470763132854  0.0  0.0  0.0  1.0
13001298760960;8.141769742702108;2.3431716367125337;0.9911381537588922  -0.058113856210429735  -0.11944848211579584  8.98870174053176  0.09556139070825934  0.9365382993371283  0.3372892445374181  -5.609639303413348  0.09226689964075657  -0.3457149021825242  0.9337922818483827  -0.9069031108278527  0.0  0.0  0.0  1.0
13001298760991;5.538685950931398;2.987920680263794;0.7603432661064846  0.5166728446025769  -0.39360804023394225  5.8812193720995225  0.3295695709941814  0.21530082593288563  0.9192548353026642  1.087586170362232  0.5596981468266932  -0.8286704568179672  -0.006577114554780661  1.180949058670576  0.0  0.0  0.0  1.0
13001298761022;8.071467038641245;2.7523636357649206;0.27038420344339914  0.9627301460317066  -0.006561131765736297  -1.9546555701803379  -0.9623310047442281  0.27005791359583997  -0.03142865909048155  -6.430774271645346  -0.0284854320002777  0.01481179347785444  0.9994844625794479  -6.067374597246932  0.0  0.0  0.0  1.0
13001298761053;9.81526024076362;2.1664548960967482;0.24198174521057278  0.9665713789953895  -0.08476204511334798  2.4401305144046246  0.4338532749073267  -0.18592527529162384  -0.8815912476085054  -1.4463245513597534  -0.867880274483199  0.17655469779840374  -0.46434068080266355  10.044111308344645  0.0  0.0  0.0  1.0
13001298761084;5.591627609591558;1.0512720761583307;-0.01747545018943622  0.785076321471764  -0.6191524675756701  2.3954287073367357  0.9577133574723461  -0.16472706054316913  -0.2359027775246694  -11.142199952018442  -0.28719285081582907  -0.5970930957473648  -0.7489994001673874  -6.265419348734232  0.0  0.0  0.0  1.0
13001298761115;4.7915878266942675;5.876976799638151;0.2928711732850629  0.9318463389073525  -0.21421689131250626  6.380973669545734  0.8091975724610256  -0.36090377311553307  -0.46362458441518684  -9.926499026671065  -0.5093385559544983  -0.03756151242875201  -0.8597461068258762  -4.027229165517913  0.0  0.0  0.0  1.0
13001298761146;10.139080917100562;4.189070352952087;0.8929922077848511  0.28889149635014766  0.3451182698324001  4.692588573481849  -0.08936146143719398  0.865347040454983  -0.49314199657462776  -6.857257979791368  -0.4411116027099554  0.40953168731170725  0.7985639304666097  8.302381523400001  0.0  0.0  0.0  1.0
13001298761177;7.93887486463345;0.06572186999621453;-0.3014695606942844  0.9534674522463495  0.003990173135248978  0.9443454007688886  -0.9534688723286695  -0.3014487755952915  -0.005073972052893061  -2.561866820772027  -0.003635034400006898  -0.005334154005422614  0.9999791664459594  5.552254999719991  0.0  0.0  0.0  1.0
13001298761208;3.7143332170860712;2.6381664646578065;0.7996796502407749  -0.21307012039412618  -0.5613497847029294  1.0951688311788887  -0.001323796804878541  0.9342898531989758  -0.3565118760594878  3.0545066407427672  0.6004254362973074  0.2858384054053422  0.7468505214850694  1.1311309922336832  0.0  0.0  0.0  1.0
13001298761239;9.442007376163867;3.9547579126602415;0.4606966629799351  -0.887434396709902  0.014791087021716052  0.338647745423005  0.8414832702615019  0.4314210334982663  -0.3252411378120793  4.130073712703116  0.28224898687003314  0.1622839591315782  0.9455154287579978  -2.4502611082832706  0.0  0.0  0.0  1.0
13001298761270;3.3218855709366024;1.5812974394471964;-0.6765082716339346  -0.46166387404587317  0.5737621683344268  7.582235092403795  -0.7306124720567573  0.5185215206775919  -0.4442306250916433  -0.31788761932886356  -0.09242280068241152  -0.7197234885670708  -0.6880814820345519  -2.457542085332154  0.0  0.0  0.0  1.0
13001298761301;1.702374455622597;2.422610737653383;-0.3811865462949856  0.9125359723615583  0.14823938771408687  4.9843000185770885  -0.7737147885719764  -0.22712259295595588  -0.5914226523510797  4.969711237973003  -0.506025931024017  -0.34013736477357187  0.792618653714488  4.778427362144867  0.0  0.0  0.0  1.0
13001298761332;2.6966908062382884;1.909980602391124;-0.5694715521002909  -0.7921689537344349  -0.2194777895090445  7.660270509436855  0.7351194219014724  -0.6102639812939865  0.29525803744937623  -10.228503105162543  -0.3678336402393479  0.006798667112280166  0.9298667599359421  1.0404805316236188  0.0  0.0  0.0  1.0
13001298761363;3.780503688669632;2.3596400424439548;-0.9051970768214909  0.28493764854826464  -0.31532330797708935  6.8079530897525515  -0.36179380001921346  -0.905937096226614  0.21996186930499884  -8.788496483366977  -0.2229876641912878  0.3131908589347352  0.9231402859252955  0.5412459443265241  0.0  0.0  0.0  1.0
13001298761394;9.713878523349894;4.080416491733583;0.12268466052454978  0.6459893986291781  0.7534229694737801  8.78448774279616  -0.413988330289701  -0.6566437111533827  0.63042263521122  -0.2012336688588546  0.9019767937457825  -0.3892515041222393  0.1868719617349084  -3.6002976277396805  0.0  0.0  0.0  1.0
13001298761425;4.539890497597582;1.1968237288881791;-0.8622706086519004  0.37096541573469805  -0.3447811737665829  8.793048428974284  -0.3436137191304399  -0.9286443299260889  -0.1398188847097261  -8.231403366151417  -0.3720470527775044  -0.0020901734155913607  0.9282115177558752  -3.5385561920915984  0.0  0.0  0.0  1.0
13001298761456;2.8219341713243176;1.5793866117824475;-0.8565873425699582  0.12989923396026207  -0.49938393402819425  12.131675860539344  0.42370905703080597  0.7294178488259752  -0.5370477044026474  -0.4134105010405094  0.2944974694950768  -0.67162176173098  -0.6798495786792639  -2.0071210308858705  0.0  0.0  0.0  1.0
13001298761487;4.817878682726937;3.237542716032778;-0.15139201814050335  -0.9234766532677408  -0.3525213861778577  2.2709479749204244  -0.9515236974014992  0.03955318474187723  0.30502163670820964  -0.6910912137401397  -0.26773701672859074  0.3816102939468322  -0.8846979560432399  1.6316257570038848  0.0  0.0  0.0  1.0
13001298761518;2.4163432216525833;0.2895276374425904;-0.9577495284584809  -0.2844817688869555  0.04226066620991842  2.9916756093358416  0.2873127643144582  -0.9530021299296219  0.09611615791108202  -10.295674264031234  0.012931210289134555  0.10419723374712211  0.9944725839760021  -0.9131000068207854  0.0  0.0  0.0  1.0
13001298761549;2.2392274259590965;1.876133236483502;0.4059012602146398  0.9130310706420817  0.04022972779353968  6.158294667441747  -0.8043016040501731  0.33596815576547573  0.49012684892164804  -0.8848877646193953  0.4339851341676194  -0.2312999402371728  0.870722252482268  -1.4695292004809528  0.0  0.0  0.0  1.0
13001298761580;8.570690654168628;3.3163574258730075;0.8783839630957694  -0.17848708168394392  -0.4433779144794194  0.8834419256417402  0.2915326115073773  0.9351851898227589  0.20109051982592263  -10.204427264697857  0.3787483990776185  -0.30589380903856195  0.8734864783086345  5.483204427307263  0.0  0.0  0.0  1.0
13001298761611;10.391644677470136;1.6284169044196741;-0.8702479635316949  -0.4534931752914938  -0.19238612718431028  4.350655303208052  0.47007545904625087  -0.6477040059325769  -0.5995903464044013  -5.03510712811652  0.14730086480192633  -0.6122282749619884  0.7768391046836362  6.370658634814946  0.0  0.0  0.0  1.0
13001298761642;10.080782196489423;2.305962929240064;-0.28395453079963645  -0.3316446306981683  0.8996564140645216  -7.576793440715562  0.5009540753553033  -0.8513491426858103  -0.155722996481087  -10.602160713638149  0.8175664124848033  0.4064682966446599  0.40788317567597404  -0.47074835488202604  0.0  0.0  0.0  1.0
13001298761673;5.377260718947195;3.4946019095602407;0.9923960625841262  -0.1041314692239301  0.06562539207340723  -5.677693523989835  0.11233307245772978  0.9841701141098858  -0.13707832551188187  -4.886938255568889  -0.05031238217108286  0.1434078924264663  0.9883839540330823  -2.582430101274708  0.0  0.0  0.0  1.0
13001298761704;4.0697080635330884;4.705506842196923;0.33372219395121416  0.8773601864221077  0.3447732596152909  6.731833444013786  0.8935579748094996  -0.4109320816035072  0.18080091250697294  -8.050001134700175  0.300305915557343  0.2477376184401007  -0.9211093471954855  4.438062790449076  0.0  0.0  0.0  1.0
13001298761735;7.748271368017596;2.0207742559018924;0.20658517320854097  0.9559975050648499  0.2083058725052641  6.987973291447886  -0.9141353197175194  0.11268373927735653  0.38943419488717423  2.244686125128832  0.34882543407175165  -0.27087108596573195  0.8971898747380062  5.708186846709808  0.0  0.0  0.0  1.0
13001298761766;4.3143958585213165;4.018028604191209;-0.21409325068672333  0.23361532334359864  -0.9484661094153328  3.334265863621127  -0.9534287179134627  -0.26116468309840335  0.15088634186035862  2.6991878325125676  -0.21245648935319034  0.9365985740973434  0.2786491541895317  3.861399850154818  0.0  0.0  0.0  1.0
13001298761797;8.231005951784896;2.913551657195245;-0.95369047361376  0.27227262828561277  0.1278362093649799  3.328104515487581  -0.03698389328140089  -0.5279216175650105  0.8484874526740473  -9.393727673617688  0.2985074072382665  0.8044665198713907  0.5135435193144784  -0.13178040366896057  0.0  0.0  0.0  1.0
13001298761828;4.4334073516756565;2.3420443852103334;0.47325573406046056  -0.7494359872765162  0.4630061675115888  -3.295924781563312  -0.2492919735716954  -0.6180423273944337  -0.7455717225469334  -5.855795677144721  0.8449156893392529  0.23742237157383997  -0.4793204516653023  -4.564773197388245  0.0  0.0  0.0  1.0
13001298761859;2.6655230457662435;1.6784359909750513;0.027606510409942997  -0.8636944541113578  -0.5032591484715099  -0.541906904485639  -0.703751837378268  -0.3743336132431024  0.6038275394374417  -4.832414822281892  -0.709909312496813  0.33749997916095764  -0.6181606038050758  2.028125955722165  0.0  0.0  0.0  1.0
13001298761890;6.637126318209209;1.663717643168331;-0.4979606013033152  -0.8671022578058654  0.012996694103150783  -2.9726752803926524  0.8529651123242965  -0.4870276013319038  0.18776217057355274  -1.223891872044527  -0.15647925328055584  0.10458389000636048  0.9821285319365775  1.7506739027276936  0.0  0.0  0.0  1.0
13001298761921;6.263021266226115;0.18380527444223352;-0.6435955831027029  0.7647724379257054  -0.030130443074494362  4.271666027309736  -0.7635473968551669  -0.6442808561178301  -0.04356089066782795  -3.4937867086815295  -0.05272663621349477  -0.005029575454210927  0.9985963174398155  6.395809553612785  0.0  0.0  0.0  1.0
13001298761952;8.524152599894595;4.279038189953728;0.2798722947381102  -0.9027486708991641  -0.3266746635841519  -1.3737882262198409  0.7138321187812585  -0.0318550968717354  0.6995919946651425  5.522019620225766  -0.6419619964096664  -0.42898728418577464  0.6354956374143171  3.9245906388245477  0.0  0.0  0.0  1.0
13001298761983;3.259695949088397;1.955722096754233;-0.4755623389777057  0.8770970901829704  -0.06738810086817637  7.3920432055211975  -0.8787812424452776  -0.477145204049868  -0.008716775696608753  -9.396293718886247  -0.03979936773855261  0.05507402876834032  0.9976887599260778  2.8626018970108937  0.0  0.0  0.0  1.0
13001298762014;4.304140440760447;0.5311174383050722;-0.9397520107822764  -0.24756563882685778  -0.23574862184733475  0.42285486305801306  0.20156278099840202  -0.9582499798573303  0.2028038989260713  -7.33119316269389  -0.2761133889308124  0.14306722397417163  0.9504173640445897  2.491700185420119  0.0  0.0  0.0  1.0
13001298762045;5.169410619190491;1.2986694343505378;0.5965482249453095  0.3984067027775184  -0.6967081989588946  5.885963459105608  -0.799287845899274  0.37343241879005584  -0.4708366680647406  4.090193717526973  0.0725889434576574  0.8377471741394027  0.541212081821116  0.01721545650766987  0.0  0.0  0.0  1.0
13001298762076;7.251100765186261;1.2637960561465669;-0.6849886290562407  -0.7268445633406619  0.049875432888095685  -0.5884368222006335  0.724860461324768  -0.6868017225156491  -0.05367220470208238  -7.2235226959475805  0.07326588340897347  -0.0006121206252677805  0.9973122558339707  3.2739184300798483  0.0  0.0  0.0  1.0
13001298762107;3.6083033742486865;1.9905097925741695;-0.9187080991854268  -0.3841565195328225  -0.09164713302405689  11.354661324480304  0.32243106161359664  -0.5955640156000256  -0.7357592770934679  3.6525174641383864  0.22806498854017482  -0.7054978893113725  0.6710134791338915  -3.958413191058886  0.0  0.0  0.0  1.0
13001298762138;7.232928857269941;5.075555613854285;0.4917647889919906  0.3790792758423164  0.7838790052900566  8.363937834432503  0.23165434259473522  -0.924770871868745  0.30188590576594065  -11.233308167021521  0.8393471617064446  0.033132116895639385  -0.5425851131070125  -0.2825845947542642  0.0  0.0  0.0  1.0
13001298762169;6.764347421644368;2.901339035936479;-0.22516417599222965  -0.8818805916957417  -0.414231476158088  1.6365216733261767  0.9667833842733254  -0.2550055209682358  0.017380223494939263  -9.146107678387834  -0.12095859515865587  -0.3965587046908529  0.9100056109668542  -6.910471802591436  0.0  0.0  0.0  1.0
13001298762200;2.173201777732865;1.649056804340431;-0.1759054106844689  0.9043517554227289  -0.3888511141243604  10.895562583778283  -0.9744691465593317  -0.21595553221822228  -0.06142548744838349  -2.368543067953859  -0.1395247967060174  0.36811833772330926  0.91925062988065  1.724263817082237  0.0  0.0  0.0  1.0
13001298762231;5.881331751981235;4.246074031784523;0.6003191752580309  0.451745267271966  0.659956893527825  4.481932906802332  0.46270641038826626  -0.869245633269349  0.1741114781620487  -5.661201993617613  0.6523186840824986  0.20084382624205352  -0.7308502526902005  -1.3086663205528797  0.0  0.0  0.0  1.0
13001298762262;12.753530724937347;0.496456941925282;0.48566453179737457  -0.8735226109656626  -0.032988038525632035  -7.930776905411584  0.8717045491679235  0.486781587945512  -0.05634593682949213  -1.4865479885423292  0.06527741963331918  -0.001390600221940431  0.99786618577695  -4.814604737444513  0.0  0.0  0.0  1.0
13001298762293;4.0873319758586355;2.1119507149319934;0.0943378628750174  -0.1149431456434921  -0.9888824201581063  3.4850297268321633  -0.9681985064804213  0.2206039129868486  -0.11800663381341192  -2.1597145455673257  0.23171538506809636  0.9685669759208548  -0.09047648024914501  4.740592975304134  0.0  0.0  0.0  1.0
13001298762324;5.257805486369847;2.434070645269266;0.07477285488366568  0.3233732285682231  -0.9433126603718994  3.2990308829766204  -0.3110586802862193  0.9063251104565295  0.2860372206104564  0.5655998112923801  0.947444730626089  0.2720377716445329  0.16835656567991375  2.375274074874721  0.0  0.0  0.0  1.0
13001298762355;3.940223826782666;1.98267092982505;-0.5499262843897114  -0.5208495777404734  0.6529140824832141  -0.8955787149791955  -0.6280454497186481  0.7732044107153272  0.0878285394280533  -1.4154203249744963  -0.5505815060688362  -0.361760496209764  -0.7523226359461994  2.1368047378908144  0.0  0.0  0.0  1.0
13001298762386;9.483249247669189;2.060370116886386;-0.35822449764184455  0.3236136011502308  0.8757564995133227  7.736788472297415  -0.9223139590566725  -0.26829535002528454  -0.27812688845923667  -10.14383229474853  0.1449557526228431  -0.9073543091347449  0.3945833086639067  -1.339020481882867  0.0  0.0  0.0  1.0
13001298762417;6.696026314562576;0.5894172703990643;-0.7607639578374067  -0.6440722418089161  -0.08005715325192705  7.084165598061562  0.6484394522878842  -0.7490141042768388  -0.13602995372694482  -4.409710641593225  0.0276491803161307  -0.15539890258815645  0.987464786158091  -3.905091450471315  0.0  0.0  0.0  1.0
13001298762448;6.742317045442832;1.7433420533366035;-0.41404765886749545  0.24557784542112815  -0.876502172287475  2.4301054177959314  -0.25521322813362957  0.8929772512098471  0.3707530674280624  -9.199410551732582  0.8737452399709872  0.3772043884421571  -0.30706042559734076  1.0144497427600678  0.0  0.0  0.0  1.0
13001298762479;4.7976364578938275;0.45623789036373485;0.6744168387565241  0.7356117346995779  0.06353977788703619  4.028670847213441  -0.7383416173213571  0.6723361298837821  0.05306396690957882  2.0499052685610244  -0.0036856116098484635  -0.08270129518439295  0.9965675652166716  -5.717896080126267  0.0  0.0  0.0  1.0
13001298762510;3.641411788076855;2.083819845446962;-0.7223261634941791  0.6546496195309636  -0.22288739125339796  4.028673130956764  -0.6753211925563252  -0.7371508670266077  0.02344965087636286  0.94839596365898  -0.14895032868739616  0.16745887521981406  0.9745621194639322  -1.901595342667939  0.0  0.0  0.0  1.0
13001298762541;3.070002262790549;2.2242310778833287;-0.5842270071874458  0.028725817312390656  -0.8110817662187552  3.2786458757264136  0.2998197937533871  0.9363183201400924  -0.18280069650773184  0.9010270193213828  0.7541796174297453  -0.34997547169733284  -0.5556350185722212  0.6235157655474636  0.0  0.0  0.0  1.0
13001298762572;5.3165421424298245;5.906315360143633;0.8667712088744679  0.24506770973182795  -0.4343379894887044  5.645148975460279  0.3845951060377845  -0.8829197054046586  0.26933139107786197  -1.0111225675350615  -0.31748114255507964  -0.4004929605560469  -0.8595412222034342  4.4221224786752575  0.0  0.0  0.0  1.0
13001298762603;8.701034267553123;3.977433725002882;-0.008255803647889914  -0.9873242838699482  0.15850110468643946  4.666707682539313  0.9950773576594393  0.007542536498116037  0.09881377645188563  -8.382866352699919  -0.09875674143893229  0.15853664757357755  0.9824017698459705  7.560128661797836  0.0  0.0  0.0  1.0
13001298762634;3.6983118308243395;1.4433632332453075;0.8152846956753873  0.4971094027221802  0.29697324243555806  3.108746077237139  0.5034063824262929  -0.8619107306619641  0.06076106073985665  -3.8806669503765527  0.28616931898784065  0.09996066273768295  -0.9529506738415576  -0.9116894906303468  0.0  0.0  0.0  1.0
13001298762665;3.264462073407414;6.332848751475274;0.7670626570985017  0.6190172714647038  -0.1686193871219429  -1.3841328776448654  -0.6162115305415697  0.7840052092918665  0.07496119950236194  2.087909040335631  0.17860075507287848  0.046405273747821274  0.9828266992994172  0.9599931066755449  0.0  0.0  0.0  1.0
13001298762696;11.28400940315467;0.39094483471340735;0.329529547711205  0.9441387550705022  -0.003505475598394764  1.681001863445829  -0.9288960117442275  0.32354034481119703  -0.1802050072698299  -3.2934369812514244  -0.16900436843737612  0.06263909684353706  0.9836228276101104  6.385793635939475  0.0  0.0  0.0  1.0
13001298762727;5.9914853246080435;3.2457467705480973;0.15508586969942062  0.9294443069230581  0.3347859814088583  -2.991160479451846  0.8659096550807138  0.0352400160889593  -0.49895752374731317  -9.49220764998346  -0.47555109321457223  0.3672756752010239  -0.799349570681099  7.311454121385254  0.0  0.0  0.0  1.0
13001298762758;2.650189718750765;5.524314825800868;-0.7327296779699809  0.6788546318096662  -0.04757738845891768  9.616618815390593  -0.6761666124244589  -0.7341562287576304  -0.06175227946242545  -1.7768640895848877  -0.07685005702300818  -0.01307748626214636  0.9969568937966291  3.7625191563069054  0.0  0.0  0.0  1.0
13001298762789;12.47752396560415;3.5324742349617337;0.4596918043289893  -0.5821533495809883  0.6706570827214111  -5.201609185503596  0.8845156595382413  0.3677057012760625  -0.2870967873047513  -0.054541926411033906  -0.07947007653443325  0.7251827320204988  0.6839550512386735  10.945602001423755  0.0  0.0  0.0  1.0
13001298762820;2.5113803815995865;3.130111640237827;-0.13655481792950014  -0.6089147539173402  -0.7813933735078809  5.390041258610109  -0.6930199472561663  0.6223527534980992  -0.3638686616327306  1.4566746068731566  0.7078673141241245  0.4918331756552411  -0.5069753375851525  1.5449857934614692  0.0  0.0  0.0  1.0
13001298762851;8.315224491879562;1.9099569497887923;-0.8933778454836064  -0.21775474041411  0.3930125929614125  5.915013193508179  0.08859301400052677  -0.9429099546844474  -0.32104843127988736  -0.8339531304138469  0.44048530403337194  -0.2519993856821037  0.8616664125672243  3.760157521576752  0.0  0.0  0.0  1.0
13001298762882;7.127338882949794;3.346647785324899;0.08152772226157995  0.9041828311373024  0.41929302209716224  2.8605821384176093  0.9931203894554703  -0.03821949124830298  -0.11068496978603526  -3.5806753348947966  -0.08405428335696712  0.42543234287634213  -0.9010783534654982  9.66197037012365  0.0  0.0  0.0  1.0
13001298762913;2.3308338239256097;2.180238255395475;-0.8765327483490274  0.4782263415966633  0.05468004457544251  10.717185394428403  0.44371746192123923  0.7587574218093978  0.4768668460223775  -4.216717283764373  0.18656139755553522  0.4422518977372826  -0.8772731067859644  4.423637319793837  0.0  0.0  0.0  1.0
13001298762944;13.120560348922597;3.249456501998723;-0.3802914585706625  0.8745041714735051  0.30103298924475974  2.25162706342468  0.9140934929904265  0.4049298282531305  -0.0215620097266287  -13.885951426921844  -0.14075330408469616  0.26697244851543755  -0.9533699277420662  5.073827968715347  0.0  0.0  0.0  1.0
13001298762975;11.342250680316473;0.5941818806035017;-0.6847316794685148  0.7282348511501433  0.028574966361414877  8.728325577019637  -0.7287915410600511  -0.6840764548290004  -0.030038202807476988  4.743625452807132  -0.0023274044649462047  -0.04139330282685427  0.9991402192232786  -6.622173033952646  0.0  0.0  0.0  1.0
13001298763006;4.458598501776789;2.0980315210287848;-0.6993126831975318  0.23337738834907673  0.6756454437990626  3.5766573548338676  -0.526831493819627  -0.8071102779893833  -0.2664987359888973  -11.818995807027422  0.4831256029635027  -0.5423172445822315  0.6873730122647292  -2.3783684319147578  0.0  0.0  0.0  1.0
13001298763037;6.669679305647058;1.4519130292484341;0.960341447194109  0.26426941748836463  -0.08891557670894795  -7.677288365879844  -0.2558868007827404  0.9619855697340365  0.09542383773803714  -2.4540576770174916  0.11075310373212305  -0.06888714396635737  0.99145767000405  -3.8393932058368727  0.0  0.0  0.0  1.0
13001298763068;2.7376255445017748;2.511702882928194;-0.8327384681340693  -0.5530845115651777  -0.025380440430213563  8.220724641684086  0.5536574920334703  -0.8315873115533879  -0.04388535950194805  -6.677899069223364  0.0031662604015949385  -0.05059709804046203  0.9987141274984312  0.8519426022906114  0.0  0.0  0.0  1.0
13001298763099;6.456555758447102;1.0029589611557532;-0.1785655571832211  0.766139146481576  0.6173695408880553  2.4551345764012624  -0.7595042076222581  -0.5062191719193397  0.40852846728885905  -0.2970928992432384  0.6255139489986873  -0.395945650575657  0.6722792138674883  -7.8256211190255165  0.0  0.0  0.0  1.0
