# registration_from_features.py TEASER TEASER_config.json euclidean --input_txt=/neural_comparison/point_clouds_registration_benchmark//planetary/box_met_global.txt --input_pcd_dir=/neural_comparison/point_clouds_registration_benchmark//planetary/box_met/ --input_features_dir=/neural_comparison/experiments/3DFeatNet/test//planetary/box_met/ --output_dir=/root/neural_registration_comparison/results/3DFeatNet/TEASER/
id;initial_error;final_error;transformation
7680147070030;7.545142564026325;inf;5.835517271734979e+252  3.621268590147065e+151  4.272165386392777e+270  3.326516131298901e+63  8.026785005205804e-95  3.9465507802499537e+180  9.052930178902348e+223  1.6949968788136778e+166  6.01347001699904e-154  2.1178482170284684e+214  7.749994917474266e+228  9.921526658434073e+247  0.0  0.0  0.0  1.0
7680147070061;10.640927348979892;11.95780299792204;-0.5993707653149644  0.8003644618111071  -0.01309251524997139  -191.79871251108463  0.7638407216959506  0.5669749123692972  -0.30836147720303375  98.49589202543079  -0.23937844005833786  -0.19482345088218866  -0.9511791552707579  -50.79634864330147  0.0  0.0  0.0  1.0
7680147070092;9.025949398967478;8.662005302950956;-0.17157442081405627  -0.778036747305639  0.6043352033138418  -82.75670182773605  0.5611288125080951  0.42702596856869324  0.7090721246398172  65.44049510150786  -0.8097509949951135  0.4607685340928032  0.3633121028735391  -55.83371372629014  0.0  0.0  0.0  1.0
7680147070123;4.786994751420969;80.64699432653185;-0.17157442081405627  -0.778036747305639  0.6043352033138418  -82.75670182773605  0.5611288125080951  0.42702596856869324  0.7090721246398172  65.44049510150786  -0.8097509949951135  0.4607685340928032  0.3633121028735391  -55.83371372629014  0.0  0.0  0.0  1.0
7680147070154;3.758201806177061;20.49419630220472;-0.17157442081405627  -0.778036747305639  0.6043352033138418  -82.75670182773605  0.5611288125080951  0.42702596856869324  0.7090721246398172  65.44049510150786  -0.8097509949951135  0.4607685340928032  0.3633121028735391  -55.83371372629014  0.0  0.0  0.0  1.0
7680147070185;16.67684111957192;3.1789563072185407;-0.41092739560864466  0.9111350422212927  -0.031170665291245625  -109.61356852128206  -0.8889573681754298  -0.39287242310030407  0.23538491186545396  -49.785371187848064  0.2022213468081654  0.12443550138002449  0.9714022508165162  19.49739917951017  0.0  0.0  0.0  1.0
7680147070216;7.156480741338333;11.755968284558154;0.7578278946239054  -0.2388902888263731  0.6071476855216945  -12.714083632953528  0.2595110307580169  0.9641474678506551  0.05544082568001317  29.343808445319997  -0.5986241784665984  0.11554691749078388  0.7926525107596438  -46.0901025978438  0.0  0.0  0.0  1.0
7680147070247;4.543534343953617;7.2705249378376315;0.7578278946239054  -0.2388902888263731  0.6071476855216945  -12.714083632953528  0.2595110307580169  0.9641474678506551  0.05544082568001317  29.343808445319997  -0.5986241784665984  0.11554691749078388  0.7926525107596438  -46.0901025978438  0.0  0.0  0.0  1.0
7680147070278;7.860981056932645;16.93403550364183;0.5790646497192962  0.01547322560016312  -0.8151347807172724  -37.84772533252473  -0.3165634301510655  -0.9171051231549796  -0.2422927728469862  5.836709611702667  -0.7513133341931718  0.39834504185745334  -0.5261648995240211  -64.39159624645181  0.0  0.0  0.0  1.0
7680147070309;12.215977712507863;17.38903227432772;-0.9513625547123696  -0.2808102719506267  -0.12670785555035086  -104.09973148062265  -0.2912640619056427  0.953856112187632  0.0729641246402748  -20.848374357924456  0.10037198679601471  0.10632078070307223  -0.9892529281520022  1.7725054121532817  0.0  0.0  0.0  1.0
7680147070340;9.621420397831704;13.824896552723065;0.7960199273179134  -0.6051484323110103  -0.01215113921863592  41.689548942324095  0.6029112277809965  0.7945282312421209  -0.07226991887969786  -14.46509360465168  0.05338845126425262  0.05020223730864304  0.9973110891997596  -1.75694186438455  0.0  0.0  0.0  1.0
7680147070371;4.530868242072095;50.57066975653573;0.7960199273179134  -0.6051484323110103  -0.01215113921863592  41.689548942324095  0.6029112277809965  0.7945282312421209  -0.07226991887969786  -14.46509360465168  0.05338845126425262  0.05020223730864304  0.9973110891997596  -1.75694186438455  0.0  0.0  0.0  1.0
7680147070402;11.153677535127484;44.955613044468;0.7960199273179134  -0.6051484323110103  -0.01215113921863592  41.689548942324095  0.6029112277809965  0.7945282312421209  -0.07226991887969786  -14.46509360465168  0.05338845126425262  0.05020223730864304  0.9973110891997596  -1.75694186438455  0.0  0.0  0.0  1.0
7680147070433;6.5184452478862145;32.57067998389907;0.7960199273179134  -0.6051484323110103  -0.01215113921863592  41.689548942324095  0.6029112277809965  0.7945282312421209  -0.07226991887969786  -14.46509360465168  0.05338845126425262  0.05020223730864304  0.9973110891997596  -1.75694186438455  0.0  0.0  0.0  1.0
7680147070464;13.779157687380561;52.25971937528493;0.7960199273179134  -0.6051484323110103  -0.01215113921863592  41.689548942324095  0.6029112277809965  0.7945282312421209  -0.07226991887969786  -14.46509360465168  0.05338845126425262  0.05020223730864304  0.9973110891997596  -1.75694186438455  0.0  0.0  0.0  1.0
7680147070495;6.966857954116943;4.7819541075414;0.9933604450784321  -0.07147403988564698  -0.09014703420526148  0.6207061808603989  -0.08608952454602037  -0.9816127578451397  -0.1703672133924229  1.1369539218845515  -0.07631264585257029  0.17699676623623417  -0.9812484521388535  -19.5978750730846  0.0  0.0  0.0  1.0
7680147070526;7.628096648499513;5.310607792790295;-0.3698926568314893  -0.5578639270884285  0.7429449920926978  -34.40201511710852  0.8610602746404368  -0.5061728949015907  0.048623079942338374  45.54256435633534  0.3489335550764327  0.6577057391572768  0.6675841031819904  3.0598375463463743  0.0  0.0  0.0  1.0
7680147070557;12.205670442716103;86.44437939755672;-0.3698926568314893  -0.5578639270884285  0.7429449920926978  -34.40201511710852  0.8610602746404368  -0.5061728949015907  0.048623079942338374  45.54256435633534  0.3489335550764327  0.6577057391572768  0.6675841031819904  3.0598375463463743  0.0  0.0  0.0  1.0
7680147070588;13.972589640073979;114.07283227870023;-0.3698926568314893  -0.5578639270884285  0.7429449920926978  -34.40201511710852  0.8610602746404368  -0.5061728949015907  0.048623079942338374  45.54256435633534  0.3489335550764327  0.6577057391572768  0.6675841031819904  3.0598375463463743  0.0  0.0  0.0  1.0
7680147070619;9.983295415447671;13.68286255231597;-0.8937828165521612  0.44679709389015443  0.039046558457795325  44.72784874992642  0.03110928549997588  0.1486106590408283  -0.988406335661165  -15.38827934535909  -0.44741981314171425  -0.8822058880503819  -0.14672519176157278  18.8899052206823  0.0  0.0  0.0  1.0
7680147070650;4.983189947689928;4.165927976399903;-0.3335038891575964  0.8841305774529299  0.32724345360832807  -1.7860277127042565  -0.9186474378722356  -0.38275779233318724  0.09789462344276623  0.41073844792432307  0.21180661181260152  -0.2679731225719715  0.9398555020701285  8.981932255451362  0.0  0.0  0.0  1.0
7680147070681;5.27419459849476;13.830804758606273;-0.8552930110047764  0.4337471544886468  0.2834383024564375  -168.5177479582433  -0.44460550456801556  -0.8952755252411827  0.028419697604750993  11.504416137758582  0.26608233807264453  -0.10171106074133324  0.9585692721387787  20.099896143881256  0.0  0.0  0.0  1.0
7680147070712;11.641877588335147;91.9191777097659;-0.8552930110047764  0.4337471544886468  0.2834383024564375  -168.5177479582433  -0.44460550456801556  -0.8952755252411827  0.028419697604750993  11.504416137758582  0.26608233807264453  -0.10171106074133324  0.9585692721387787  20.099896143881256  0.0  0.0  0.0  1.0
7680147070743;6.384964019908019;2.401613681382001;0.15878687552180357  -0.9786883072467326  -0.13021492011496838  -74.9541452478804  0.9852881688723062  0.16551916419830046  -0.04255150483065851  90.82372945966401  0.06319772497709639  -0.12154259969911968  0.990572281065899  0.4319946609666184  0.0  0.0  0.0  1.0
7680147070774;9.308681266179983;13.031446536662752;0.359557435863031  0.8490135027818726  0.38716213969041224  -44.602758261698426  -0.9303400993107243  0.29415217165059043  0.2189561589171542  -75.64232302625749  0.07201215126709343  -0.43891977855560077  0.8956359070864611  -8.062475091161874  0.0  0.0  0.0  1.0
7680147070805;5.341016807889507;10.743859263868396;0.20448679839727757  0.9756365863177159  -0.07948836845441837  -100.85041728556848  -0.9786882037803475  0.20221172525002348  -0.03577454335985801  -83.15991084097124  -0.018829473238209486  0.08510975037986715  0.9961936465004425  7.396936167774128  0.0  0.0  0.0  1.0
7680147070836;8.83474922596794;29.0024732994822;0.20448679839727757  0.9756365863177159  -0.07948836845441837  -100.85041728556848  -0.9786882037803475  0.20221172525002348  -0.03577454335985801  -83.15991084097124  -0.018829473238209486  0.08510975037986715  0.9961936465004425  7.396936167774128  0.0  0.0  0.0  1.0
7680147070867;6.947504424693243;7.418906180386708;0.6844030243996317  -0.7148012485045054  -0.14370690772902234  -28.978120958766162  -0.7265950830143219  -0.6523315637205455  -0.21569217953676367  -34.12930140928078  0.0604324873892193  0.25203711256540984  -0.9658287676175541  -4.093243032170599  0.0  0.0  0.0  1.0
7680147070898;5.179162324391041;8.532725225520673;0.8585552790474525  0.3996787040715898  -0.32115380479048644  -5.487999513230826  -0.42431702561736895  0.9054829303595903  -0.00746489106676655  -37.43042277276859  0.28781573027022067  0.1426800488472869  0.9469976288618442  26.708562142777087  0.0  0.0  0.0  1.0
7680147070929;8.172064813793584;8.857856024606324;-0.8386699710305874  -0.451597686569817  0.30445395247285334  -119.79577030212005  0.5329190830869482  -0.7957786963351227  0.28763434659466214  112.19591805071057  0.11238296389275229  0.40347961031997753  0.9080607212531102  0.22153136109659097  0.0  0.0  0.0  1.0
7680147070960;5.592350345683874;13.813284814351206;0.7179566800488262  -0.6212259631386798  0.31403265482380593  -34.419973787741284  0.25008992275407915  0.6512225637471186  0.7164943844884546  14.440940201025839  -0.6496100646619686  -0.4358755271738139  0.6229119429749469  -26.02785106272671  0.0  0.0  0.0  1.0
7680147070991;17.111542984644494;3.2026525261786687;0.8923787763969873  -0.34283852418079463  0.29346527183595517  -15.808131795775095  0.32651011467689034  0.9393910240070273  0.1045736536069802  34.31789268528208  -0.3115305192912893  0.0025000705116831282  0.9502328584076308  -47.45974411231062  0.0  0.0  0.0  1.0
7680147071022;5.465700088476111;18.083246200788018;0.8923787763969873  -0.34283852418079463  0.29346527183595517  -15.808131795775095  0.32651011467689034  0.9393910240070273  0.1045736536069802  34.31789268528208  -0.3115305192912893  0.0025000705116831282  0.9502328584076308  -47.45974411231062  0.0  0.0  0.0  1.0
7680147071053;12.380450498325937;8.03777098343175;-0.7307454857505866  -0.6812851839929482  -0.043145487908167315  -130.97953495062296  -0.6797188025663881  0.7203023283892893  0.13837234244849536  -74.26027827282068  -0.06319323138481356  0.13044176397405433  -0.989440024316018  -12.454740866918094  0.0  0.0  0.0  1.0
7680147071084;11.24151184560079;195.14506325260191;-0.3309362  -2.317287  -0.9954503  -2.416681  -2.1318259999999998  -0.8799703000000001  -4.1040683  -3.3350773  -1.4228459999999998  -1.963862  -3.719157  -0.4894567  0.0  0.0  0.0  1.0
7680147071115;12.186275917515337;17.75788611631184;-0.9969592109794838  -0.06459358031377978  -0.04358900119768756  -165.78776854896648  -0.06353544224929766  0.9976603447694452  -0.02524052401788701  -34.94390708520534  0.04511739377835204  -0.0223943264412811  -0.9987306518385676  -25.328609491368145  0.0  0.0  0.0  1.0
7680147071146;10.370232338681536;27.95329759220797;0.989347683100972  -0.10278161338238642  0.10308783581612577  38.151315720207535  -0.08158257758750592  -0.977976077361892  -0.1921121420994144  55.82896812903763  0.12056303321050552  0.1816555313178232  -0.9759435552145022  -5.474585178275204  0.0  0.0  0.0  1.0
7680147071177;13.127472395246876;27.05231858144433;0.6847658302489209  -0.7258178469869614  -0.06545388238079233  28.31281201876501  0.679112507732647  0.6029495384192062  0.4186383355130562  -24.284691580694474  -0.26438978717904776  -0.3311197775960817  0.9057912194982568  -10.30782611123606  0.0  0.0  0.0  1.0
7680147071208;5.015205061296216;2.419848324863066;0.36953944807865186  0.7626071760774562  0.53091514511162  -22.37518938281215  -0.9287845047382884  0.28574978654499356  0.2360220397495589  -19.25909442697785  0.028283211836302533  -0.5803252144140023  0.8138935467513949  8.891971674956377  0.0  0.0  0.0  1.0
7680147071239;9.396380850619304;22.115867890220198;0.33465001435806496  0.036492150353513414  -0.9416356465495154  -45.90413112732127  -0.5359786915153041  0.8292486939263669  -0.15834596888761396  -23.34795377754  0.775071745151176  0.5576871224835582  0.29706710232592115  51.8754671448224  0.0  0.0  0.0  1.0
7680147071270;4.313719515461572;15.218378670797957;0.897592601931487  0.33170361877959437  0.29034501932422396  -20.001713285299203  -0.4026977176175338  0.8849335616388029  0.23393832458768166  8.93571757231992  -0.17933786321770326  -0.3269025860616337  0.9278861083358906  -17.26110127795099  0.0  0.0  0.0  1.0
7680147071301;6.640988953970737;0.3799893479146146;0.43130400660301726  0.9021263987468545  -0.012033892646010565  -61.321150962962626  -0.9022022380092368  0.43122177350955776  -0.00888278010517421  -78.00136030142605  -0.002824113898104802  0.01468818352632889  0.9998881345657565  -12.86203856696622  0.0  0.0  0.0  1.0
7680147071332;4.27645581861147;10.951513646955249;0.3207204786715284  -0.22767151259965127  -0.9194041858243265  1.4833714690948827  0.4094884662744984  0.9086087549608013  -0.08215428410461541  -8.588315633584173  0.8540828827162297  -0.3501368486166084  0.38463829332499583  6.373093508820452  0.0  0.0  0.0  1.0
7680147071363;8.04771944655425;3.7829324782200473;-0.5077932207216069  0.12983080025008317  0.8516396000043681  -136.09652666528942  0.8129343475083429  0.39938176379202095  0.42383009967622504  57.56332513876337  -0.28510312455383896  0.9075451338951674  -0.3083472690212139  -32.567902346451476  0.0  0.0  0.0  1.0
7680147071394;5.63815225752638;24.180387047178368;-0.5077932207216069  0.12983080025008317  0.8516396000043681  -136.09652666528942  0.8129343475083429  0.39938176379202095  0.42383009967622504  57.56332513876337  -0.28510312455383896  0.9075451338951674  -0.3083472690212139  -32.567902346451476  0.0  0.0  0.0  1.0
7680147071425;4.625670255377578;23.99843232484454;-0.5077932207216069  0.12983080025008317  0.8516396000043681  -136.09652666528942  0.8129343475083429  0.39938176379202095  0.42383009967622504  57.56332513876337  -0.28510312455383896  0.9075451338951674  -0.3083472690212139  -32.567902346451476  0.0  0.0  0.0  1.0
7680147071456;10.74094788718979;6.428841574213488;-0.23693629001228061  -0.9710196909620629  -0.03133614907988315  -45.40571935904367  -0.9611825320313648  0.23898587645842595  -0.13789086616296425  -42.04637668408829  0.1413836433007405  -0.0025515911385182556  -0.9899515921446215  -34.05463741083198  0.0  0.0  0.0  1.0
7680147071487;5.184679137576186;19.37511123006066;-0.8091726954719827  -0.16446880515169837  0.5640829380814311  18.39738095652228  -0.0914094806990503  0.9835733421862105  0.1556527782565353  -19.942227527206743  -0.580416967137365  0.0743874496983253  -0.8109147005613122  -28.538892931876603  0.0  0.0  0.0  1.0
7680147071518;11.144942838730964;1.834229777587736;0.10346161056273402  -0.9944189199172111  -0.020656883851452673  -31.72369492956747  0.9943738047445774  0.10293778355211772  0.02499098147674153  139.00253285995257  -0.02272513096901034  -0.02312627138266283  0.9994742337821302  -11.956280858642481  0.0  0.0  0.0  1.0
7680147071549;4.676713798522656;10.562735397544293;0.7444098733639976  -0.6334430623100652  0.21119618190072412  0.7442444410567717  0.6272578014051945  0.7718305450391203  0.1040445112484831  70.07003153085155  -0.22891393800841028  0.05502269128151745  0.971890380871022  -23.009150317244234  0.0  0.0  0.0  1.0
7680147071580;8.191691152633943;27.314075163042162;0.7444098733639976  -0.6334430623100652  0.21119618190072412  0.7442444410567717  0.6272578014051945  0.7718305450391203  0.1040445112484831  70.07003153085155  -0.22891393800841028  0.05502269128151745  0.971890380871022  -23.009150317244234  0.0  0.0  0.0  1.0
7680147071611;7.069420748707525;6.746442045943579;0.7444098733639976  -0.6334430623100652  0.21119618190072412  0.7442444410567717  0.6272578014051945  0.7718305450391203  0.1040445112484831  70.07003153085155  -0.22891393800841028  0.05502269128151745  0.971890380871022  -23.009150317244234  0.0  0.0  0.0  1.0
7680147071642;6.993248842026112;7.175355495875784;0.7444098733639976  -0.6334430623100652  0.21119618190072412  0.7442444410567717  0.6272578014051945  0.7718305450391203  0.1040445112484831  70.07003153085155  -0.22891393800841028  0.05502269128151745  0.971890380871022  -23.009150317244234  0.0  0.0  0.0  1.0
7680147071673;7.041527509178438;30.299906422351608;0.7444098733639976  -0.6334430623100652  0.21119618190072412  0.7442444410567717  0.6272578014051945  0.7718305450391203  0.1040445112484831  70.07003153085155  -0.22891393800841028  0.05502269128151745  0.971890380871022  -23.009150317244234  0.0  0.0  0.0  1.0
7680147071704;12.282268918916616;23.17016521946726;0.7444098733639976  -0.6334430623100652  0.21119618190072412  0.7442444410567717  0.6272578014051945  0.7718305450391203  0.1040445112484831  70.07003153085155  -0.22891393800841028  0.05502269128151745  0.971890380871022  -23.009150317244234  0.0  0.0  0.0  1.0
7680147071735;4.789281163838539;9.631054541698562;-0.22747036980652566  0.5849695712556356  0.7785035848119649  -107.22660757418484  0.8452507569228745  -0.2783672610379093  0.4561390422925454  106.88423148616324  0.4835373706151269  0.7617888609629642  -0.43112566907035227  16.26858564766155  0.0  0.0  0.0  1.0
7680147071766;3.5325422548569234;1.7198346971349314;-0.9799184484884086  0.07407427622354723  -0.18512924111016982  -9.561085774681805  0.1258229739445721  0.9499630744023997  -0.2858998714579709  -5.728963106673419  0.15468811699614565  -0.30345207014271364  -0.940206587716917  -1.5657292273571446  0.0  0.0  0.0  1.0
7680147071797;10.169462042227867;17.560096423267094;-0.7426461755630156  0.6632984316671747  0.09225967954362826  -138.97964564337414  0.6370752938410384  0.7422138200553495  -0.20797527568487514  23.999231975076164  -0.20642608337848473  -0.09567568064409933  -0.973773298172787  -19.71542449016405  0.0  0.0  0.0  1.0
7680147071828;7.018945504589687;18.082352888672506;-0.33588876750207175  -0.936402099208918  -0.10163584241334564  -83.19706418562843  0.8176212774412938  -0.23629550808252908  -0.5250332175541719  63.72298041641749  0.4676261140496818  -0.25945238764973955  0.8449912875300214  23.03044278523568  0.0  0.0  0.0  1.0
7680147071859;4.745586814975582;2.716404277983984;0.7059879011088487  0.6491916448347353  0.2830747105707143  -36.06976288880262  -0.28018477341301146  -0.11106797512801922  0.9534990286562756  7.918751341513634  0.6504441376747292  -0.7524720015905794  0.10348096726860037  53.85875433859465  0.0  0.0  0.0  1.0
7680147071890;12.81657864345006;25.503724787129496;0.7059879011088487  0.6491916448347353  0.2830747105707143  -36.06976288880262  -0.28018477341301146  -0.11106797512801922  0.9534990286562756  7.918751341513634  0.6504441376747292  -0.7524720015905794  0.10348096726860037  53.85875433859465  0.0  0.0  0.0  1.0
7680147071921;5.809282261310979;8.255630636128297;0.7059879011088487  0.6491916448347353  0.2830747105707143  -36.06976288880262  -0.28018477341301146  -0.11106797512801922  0.9534990286562756  7.918751341513634  0.6504441376747292  -0.7524720015905794  0.10348096726860037  53.85875433859465  0.0  0.0  0.0  1.0
7680147071952;7.620338870136215;9.714653027575023;0.8501864062894375  0.4835195811105269  0.20830719921153085  -6.009866222106327  -0.5150970645055815  0.8457608658207528  0.13915305236991332  -4.080788222222774  -0.10889485156968863  -0.2256044603478214  0.9681139079533896  -6.820063137136459  0.0  0.0  0.0  1.0
7680147071983;7.6997638172701715;3.467346694204144;-0.37344842095887787  -0.9276508876915084  0.00032779334519306147  -77.74201408547717  -0.9276508851851641  0.37344850085571724  0.00022896243990286336  -51.36471630008399  -0.00033481114397672374  -0.00021857212518553576  -0.9999999200638586  -22.813793434376336  0.0  0.0  0.0  1.0
7680147072014;9.996205289495665;5.474158642454021;-0.7321338223156323  0.6564168073074771  0.18192592257773726  -20.561582456234962  0.16617247576770508  0.4311321675882588  -0.8868549838434021  25.083406010819722  -0.6605806343806437  -0.6190654481998719  -0.4247248477854317  -2.944094230927881  0.0  0.0  0.0  1.0
7680147072045;5.258513707654928;9.517315839217451;0.9689112380449189  -0.1027083318553979  0.2250822324346028  2.087509022454789  0.007577999440666772  -0.8970121829785538  -0.44194085295718855  23.879196508094314  0.2472925124518338  0.42990713201287034  -0.8683468610697734  4.909454314921172  0.0  0.0  0.0  1.0
7680147072076;3.639515910577449;5.018090112183088;-0.36563678985789816  -0.9211156194625095  0.1336254222990858  -63.15675009228693  -0.9297112426710592  0.3682479125745334  -0.005520881771468117  -48.22733689488016  -0.04412191239562374  -0.12625169490623273  -0.9910165318398364  -20.5196023075596  0.0  0.0  0.0  1.0
7680147072107;12.029329944120931;32.89947013641136;-0.36563678985789816  -0.9211156194625095  0.1336254222990858  -63.15675009228693  -0.9297112426710592  0.3682479125745334  -0.005520881771468117  -48.22733689488016  -0.04412191239562374  -0.12625169490623273  -0.9910165318398364  -20.5196023075596  0.0  0.0  0.0  1.0
7680147072138;7.590759272086863;5.955661587669073;-0.6399649349951968  -0.6913379954961911  -0.33540521456873895  10.373527438658222  0.5777499933787014  -0.7206997603363097  0.3831407060103328  41.792255509341246  -0.5066061854414176  0.051416256519645584  0.8606430975950495  15.810197411649971  0.0  0.0  0.0  1.0
7680147072169;13.199001909138557;59.69004455985298;-0.6399649349951968  -0.6913379954961911  -0.33540521456873895  10.373527438658222  0.5777499933787014  -0.7206997603363097  0.3831407060103328  41.792255509341246  -0.5066061854414176  0.051416256519645584  0.8606430975950495  15.810197411649971  0.0  0.0  0.0  1.0
7680147072200;7.797457500134239;5.557162269631332;0.1233336308857663  0.987238685580442  -0.10074022625513092  -50.50530299838554  -0.5950288626211804  -0.007672507939465181  -0.8036677082412005  -25.550282949400337  -0.794184782113255  0.15906259873182088  0.5864892339543852  -38.084323653981244  0.0  0.0  0.0  1.0
7680147072231;7.013635733914746;11.615370726741045;0.7467041995341547  0.6456463234774464  0.1599176768781782  -5.575764579101912  0.6270082532385338  -0.7634833317272371  0.15477032191424744  39.73827568319924  0.22202137007238604  -0.015297946095270826  -0.9749217835685317  -9.90418665477917  0.0  0.0  0.0  1.0
7680147072262;9.795586278474453;12.846177912225938;-0.9993031131785783  -0.0308420573251952  0.021025115732151538  -38.352328758906246  -0.03088096439755401  0.9995219009220129  -0.0015282719399545464  -6.4246123758573725  -0.020967928592924862  -0.002176482757759068  -0.999777779755745  15.637527916701886  0.0  0.0  0.0  1.0
7680147072293;5.948491684290215;104.63606978146142;-0.9993031131785783  -0.0308420573251952  0.021025115732151538  -38.352328758906246  -0.03088096439755401  0.9995219009220129  -0.0015282719399545464  -6.4246123758573725  -0.020967928592924862  -0.002176482757759068  -0.999777779755745  15.637527916701886  0.0  0.0  0.0  1.0
7680147072324;9.966999865530171;24.137421871162108;0.11511738294880192  0.9915632664672994  -0.05958419870837325  -36.89198056178688  0.6932513085697979  -0.03723467603724177  0.719733424308379  58.23355521752687  0.711442626857066  -0.12416065195182283  -0.691688890468552  46.83982438903313  0.0  0.0  0.0  1.0
7680147072355;6.355915505450699;36.976439377806834;0.11511738294880192  0.9915632664672994  -0.05958419870837325  -36.89198056178688  0.6932513085697979  -0.03723467603724177  0.719733424308379  58.23355521752687  0.711442626857066  -0.12416065195182283  -0.691688890468552  46.83982438903313  0.0  0.0  0.0  1.0
7680147072386;11.538831497596764;9.710834433178215;0.9818396923543614  0.12203930090340145  -0.14524884699198382  1.685420069994528  -0.11709957529095558  0.9922266561297826  0.042118313501225316  -23.47984347308568  0.1492598672924824  -0.024344853676265325  0.9884982651048563  25.822174936187242  0.0  0.0  0.0  1.0
7680147072417;7.834517558781045;9.887306852960366;-0.8814897412158637  -0.20039574153583747  -0.42757149449593984  -146.5547500515854  -0.21406502957309503  -0.6375062902755105  0.7401093790603024  -7.232843555747936  -0.4208942851180801  0.7439269296331854  0.5190575345002536  -46.129898273625756  0.0  0.0  0.0  1.0
7680147072448;5.937688742105761;66.06918649475848;-0.8814897412158637  -0.20039574153583747  -0.42757149449593984  -146.5547500515854  -0.21406502957309503  -0.6375062902755105  0.7401093790603024  -7.232843555747936  -0.4208942851180801  0.7439269296331854  0.5190575345002536  -46.129898273625756  0.0  0.0  0.0  1.0
7680147072479;5.153023637941118;59.931732743334265;-0.8814897412158637  -0.20039574153583747  -0.42757149449593984  -146.5547500515854  -0.21406502957309503  -0.6375062902755105  0.7401093790603024  -7.232843555747936  -0.4208942851180801  0.7439269296331854  0.5190575345002536  -46.129898273625756  0.0  0.0  0.0  1.0
7680147072510;6.2172217632284745;6.2172217632284745;1.0  0.0  0.0  0.0  0.0  1.0  0.0  0.0  0.0  0.0  1.0  0.0  0.0  0.0  0.0  1.0
7680147072541;5.285545456378999;7.844181326665951;0.6159112534604031  0.5662024767133395  -0.5477847051757792  -49.56215070416571  -0.18033824032646667  0.7781865052626278  0.6015844762816706  -2.47191169032717  0.7668972857800375  -0.2717361190398115  0.5814017842012464  70.58465080327794  0.0  0.0  0.0  1.0
7680147072572;4.133909065560788;5.187465413906674;0.6159112534604031  0.5662024767133395  -0.5477847051757792  -49.56215070416571  -0.18033824032646667  0.7781865052626278  0.6015844762816706  -2.47191169032717  0.7668972857800375  -0.2717361190398115  0.5814017842012464  70.58465080327794  0.0  0.0  0.0  1.0
7680147072603;10.395055408305826;0.5086974937806843;0.650813675550515  -0.7581875054761485  -0.039915739455548334  30.4868234455165  0.7570527630191316  0.6520289559804343  -0.04158550911270037  -1.6705124071438073  0.05755583134250248  -0.0031539028074985247  0.9983373073142935  8.237307356132828  0.0  0.0  0.0  1.0
7680147072634;11.946248221103541;36.96942411703723;0.650813675550515  -0.7581875054761485  -0.039915739455548334  30.4868234455165  0.7570527630191316  0.6520289559804343  -0.04158550911270037  -1.6705124071438073  0.05755583134250248  -0.0031539028074985247  0.9983373073142935  8.237307356132828  0.0  0.0  0.0  1.0
7680147072665;11.239001405122174;13.153875201266546;0.650813675550515  -0.7581875054761485  -0.039915739455548334  30.4868234455165  0.7570527630191316  0.6520289559804343  -0.04158550911270037  -1.6705124071438073  0.05755583134250248  -0.0031539028074985247  0.9983373073142935  8.237307356132828  0.0  0.0  0.0  1.0
7680147072696;15.195524521954715;25.72342700411076;0.650813675550515  -0.7581875054761485  -0.039915739455548334  30.4868234455165  0.7570527630191316  0.6520289559804343  -0.04158550911270037  -1.6705124071438073  0.05755583134250248  -0.0031539028074985247  0.9983373073142935  8.237307356132828  0.0  0.0  0.0  1.0
7680147072727;7.340738660247694;66.13563389392881;0.650813675550515  -0.7581875054761485  -0.039915739455548334  30.4868234455165  0.7570527630191316  0.6520289559804343  -0.04158550911270037  -1.6705124071438073  0.05755583134250248  -0.0031539028074985247  0.9983373073142935  8.237307356132828  0.0  0.0  0.0  1.0
7680147072758;6.227684121791451;0.41632371334533946;0.1425690885718456  0.9896387550237344  0.01700557375882772  -4.935313008796078  -0.98966704220778  0.14226599908706122  0.017875432063722482  -4.2570940171685  0.015270905392205242  -0.019378339940097983  0.999695593363134  -3.2480736373331616  0.0  0.0  0.0  1.0
7680147072789;6.6370184400482515;11.983248360959985;0.1425690885718456  0.9896387550237344  0.01700557375882772  -4.935313008796078  -0.98966704220778  0.14226599908706122  0.017875432063722482  -4.2570940171685  0.015270905392205242  -0.019378339940097983  0.999695593363134  -3.2480736373331616  0.0  0.0  0.0  1.0
7680147072820;9.269844301300596;6.288105846358823;-0.8522999956731437  0.5082711246277987  -0.12347137824270027  -195.74143955638067  -0.5134108320505462  -0.8580623984845557  0.011757458913276902  -39.418399296947655  -0.09997017009450879  0.07341242521892552  0.9922784795180993  -18.29269421925367  0.0  0.0  0.0  1.0
7680147072851;4.298249925112131;137.72149324847706;-0.8522999956731437  0.5082711246277987  -0.12347137824270027  -195.74143955638067  -0.5134108320505462  -0.8580623984845557  0.011757458913276902  -39.418399296947655  -0.09997017009450879  0.07341242521892552  0.9922784795180993  -18.29269421925367  0.0  0.0  0.0  1.0
7680147072882;5.601886296953832;38.03779938384194;-0.8522999956731437  0.5082711246277987  -0.12347137824270027  -195.74143955638067  -0.5134108320505462  -0.8580623984845557  0.011757458913276902  -39.418399296947655  -0.09997017009450879  0.07341242521892552  0.9922784795180993  -18.29269421925367  0.0  0.0  0.0  1.0
7680147072913;9.333520105944512;7.013430319292497;-0.27783147166513905  0.9593055860497721  0.05042287106151744  -43.8805988005209  -0.9595808479208067  -0.2746932055863265  -0.06122286426078141  28.726949475652077  -0.04488061559258029  -0.06539445984494033  0.9968496852412702  11.81407723626444  0.0  0.0  0.0  1.0
7680147072944;12.394403539673155;47.91862670044643;-0.27783147166513905  0.9593055860497721  0.05042287106151744  -43.8805988005209  -0.9595808479208067  -0.2746932055863265  -0.06122286426078141  28.726949475652077  -0.04488061559258029  -0.06539445984494033  0.9968496852412702  11.81407723626444  0.0  0.0  0.0  1.0
7680147072975;12.294304208336897;62.22878479726221;-0.27783147166513905  0.9593055860497721  0.05042287106151744  -43.8805988005209  -0.9595808479208067  -0.2746932055863265  -0.06122286426078141  28.726949475652077  -0.04488061559258029  -0.06539445984494033  0.9968496852412702  11.81407723626444  0.0  0.0  0.0  1.0
7680147073006;9.313900341752262;20.83600573432343;-0.27783147166513905  0.9593055860497721  0.05042287106151744  -43.8805988005209  -0.9595808479208067  -0.2746932055863265  -0.06122286426078141  28.726949475652077  -0.04488061559258029  -0.06539445984494033  0.9968496852412702  11.81407723626444  0.0  0.0  0.0  1.0
7680147073037;7.440136743478575;4.345097091060395;-0.7817351130704173  -0.3332232764030699  -0.5271171227118178  19.927055119815375  0.47170826710806424  -0.8688490444472733  -0.15030851175155707  23.429973265892144  -0.40789891362283565  -0.3661469459469299  0.8363939802742762  19.341703289442474  0.0  0.0  0.0  1.0
7680147073068;14.611712831992941;15.425824649358415;-0.9915677279783162  0.022592521978385474  0.12760493243827256  -193.0407557891469  -0.05890919441652177  -0.9556471568027436  -0.2885623303690698  2.3669834606424236  0.11542594008764401  -0.29364619807770026  0.9489197872894185  -9.36408647931596  0.0  0.0  0.0  1.0
7680147073099;5.832775396124054;57.940793876621775;-0.9915677279783162  0.022592521978385474  0.12760493243827256  -193.0407557891469  -0.05890919441652177  -0.9556471568027436  -0.2885623303690698  2.3669834606424236  0.11542594008764401  -0.29364619807770026  0.9489197872894185  -9.36408647931596  0.0  0.0  0.0  1.0
