# registration_from_features.py TEASER TEASER_config.json euclidean False --input_txt=/neural_comparison/point_clouds_registration_benchmark//eth/gazebo_winter_global.txt --input_pcd_dir=/neural_comparison/point_clouds_registration_benchmark//eth/gazebo_winter/ --input_features_dir=/neural_comparison/experiments/3DFeatNet/feature_extraction_voxelgrid_0.1_npz//eth/gazebo_winter/ --output_dir=/root/neural_registration_comparison/results/3DFeatNet/TEASER/
id;initial_error;final_error;transformation
38591597440030;3.9584549028563556;8.435931963170441;0.7168427405821612  -0.628786785480066  -0.30127008427705254  -11.96959736371453  -0.6737518700575847  -0.7358930480122837  -0.06722975145795537  11.807202359407896  -0.17942938128568622  0.25117444195784855  -0.9511658618971769  -9.530905167252122  0.0  0.0  0.0  1.0
38591597440061;2.893302858668122;2.142324347431155;-0.31219147921706647  -0.6645516884248838  0.6789017113808867  0.7160308393002226  0.6827413538207352  0.33997541251131747  0.6467464438795085  -6.722737578761668  -0.6606063306442724  0.6654230025325215  0.34757949250972003  3.3378555604330584  0.0  0.0  0.0  1.0
38591597440092;2.596560926939177;0.05454697738790585;0.14776581945709893  -0.9690625210242609  -0.1976944433874557  -0.3901867441589518  0.950941295638374  0.1941420251102046  -0.24087242751240695  -1.6578520944288326  0.271801241442682  -0.1524030984993828  0.9502091247288698  -5.074975351481378  0.0  0.0  0.0  1.0
38591597440123;2.5491129024057546;2.3179726794814677;0.34531488665941135  0.7485847382766708  0.5660198924690246  2.5674315005504753  -0.8562086210946311  0.4982448404167469  -0.1365974969072306  3.954098663699552  -0.38427129246748115  -0.43746196248055513  0.8129960671294989  3.39194099412909  0.0  0.0  0.0  1.0
38591597440154;2.8903184466470044;4.162555392694716;-0.524797463978376  0.7320378988460141  -0.43440549772646303  7.051167141183388  0.48903512449104514  0.6769873204589641  0.5500298309653926  1.2501243760281204  0.696729695661016  0.0762147137428377  -0.7132734739167051  0.4434235593668681  0.0  0.0  0.0  1.0
38591597440185;5.076548343189817;6.120432244823903;0.6224397396352834  -0.5366546262781471  -0.5697109641011164  6.7660081099405325  -0.3002950784532204  0.5084473548412493  -0.8070341710310112  0.5400986283247616  0.7227666541696122  0.6734115379537239  0.1553230960651559  8.690897094032438  0.0  0.0  0.0  1.0
38591597440216;1.6762692747156474;6.099332815890654;-0.581919332666651  0.7159303619761855  0.38576366737867823  3.4639290192363545  -0.6940122355285774  -0.18990599527319396  -0.6944657874193108  10.419334480810216  -0.42393030937339854  -0.6718477727580449  0.6073744010366493  1.9110712679303283  0.0  0.0  0.0  1.0
38591597440247;4.93981129019194;4.390716817586811;0.41450820233211316  0.8987026356032312  0.14323589968721412  13.575428063039054  -0.8650140138221127  0.34018841562436036  0.36881241541784504  -2.5623694336640424  0.28272549600408786  -0.276776831824474  0.9184012626703262  -6.03699062194634  0.0  0.0  0.0  1.0
38591597440278;3.836455877765292;1.3752658448223407;-0.6941636453556722  0.719124326335992  -0.03157588855965552  -3.0388323798837646  -0.3970235242794784  -0.34591486503000946  0.8501265948786534  0.5311554294355498  0.600424145613106  0.602663346672981  0.525630798128968  7.469617408316931  0.0  0.0  0.0  1.0
38591597440309;3.8455601514228666;5.135571447016022;-0.16729397323029369  -0.7150053082231826  0.6788078783672844  -11.474408749851767  -0.4705057412226905  -0.5471476074315275  -0.6922816212773836  3.523839436756738  0.8663931405530114  -0.435197546976804  -0.24487960533303726  8.505742573188051  0.0  0.0  0.0  1.0
38591597440340;3.1249643016133017;4.041673416745459;0.6820049992625131  -0.7298011163021519  -0.047534320496591606  5.5010564385155964  0.7237132366506425  0.664092138562673  0.18767200802439177  3.38287302124608  -0.1053960724011625  -0.16239446463284693  0.9810808864609587  3.154795102121262  0.0  0.0  0.0  1.0
38591597440371;1.9082676334258446;6.818773195237644;-0.7053119426350195  0.7071448142482087  -0.0498124006476383  2.8623255767933014  -0.7075569727882826  -0.6979199295321912  0.11077410446698333  13.808673859444085  0.04356826637698763  0.11337541022482267  0.9925965053944411  3.846956344174635  0.0  0.0  0.0  1.0
38591597440402;1.653095540299216;7.133877254117151;0.048341771445060966  0.9894159375807965  0.13681803826494338  2.0552734742105074  -0.9975451785622446  0.05477224860863816  -0.04363046538341739  15.444282788969153  -0.05066250942041406  -0.1343730004259322  0.9896348856501367  6.127440588814196  0.0  0.0  0.0  1.0
38591597440433;5.513897604577699;6.0257037436888785;0.043386889630266545  0.9079539228368585  0.41681800802432983  2.0878523223402015  -0.9245448462510947  0.19459251559299556  -0.32764398383875276  8.920548550294408  -0.3785953051462077  -0.3711514877787088  0.8478868839891912  -0.8536679942995603  0.0  0.0  0.0  1.0
38591597440464;2.6229936829188185;0.09115480144749193;-0.41396634004201716  0.8831084379510148  -0.22079709267093522  5.923094461004094  -0.7648736085964188  -0.4689617638651101  -0.44163698543624935  0.9735353018083517  -0.4935587423852504  -0.01394097744941758  0.8696007227244267  0.2794058198489385  0.0  0.0  0.0  1.0
38591597440495;7.040304842930483;1.4727045873604714;-0.5970608202624034  -0.5010476053080342  0.6264740011546127  8.227350259794086  0.5609711012420223  -0.8190303447236087  -0.12041892705567184  -14.081646868278048  0.5734368321610481  0.2795363869642212  0.7700841563648031  -1.5801225132255032  0.0  0.0  0.0  1.0
38591597440526;4.4907205692444;3.7182672863186084;-0.35521147512422635  -0.47370788127018115  -0.8058695000821077  6.341243069603975  0.8866480545000343  0.10234475096873347  -0.4509775819266974  0.8788413570985276  0.2961081481340467  -0.8747150365528552  0.38365814136671444  -6.373921240953503  0.0  0.0  0.0  1.0
38591597440557;2.48450718425269;4.075036062578593;-0.7674143713233975  0.5249873152416901  0.3680536666325131  -5.731394595473997  0.6125398288922754  0.4307595475441817  0.6627527217749877  11.164551858490105  0.1893941411631751  0.7340534933060768  -0.6521467076189292  9.754329383885713  0.0  0.0  0.0  1.0
38591597440588;2.328820346378117;1.6064246184429176;0.5262654558819411  0.1672471841112635  0.8337104109654785  -0.8924767328123835  -0.8032596338916531  -0.22387516685454378  0.551954590728348  1.7651518752437751  0.2789599084198676  -0.9601605537995739  0.016525145133271343  -3.5935072419793044  0.0  0.0  0.0  1.0
38591597440619;6.320591373756098;0.061897512527146994;0.5898945439910762  -0.7797890156284148  -0.2096509434150668  -0.8176206336487107  0.806017701504389  0.5842531187353588  0.09478268887084802  -5.702056993065363  0.04857871788285015  -0.22489416255935596  0.9731714770869442  8.881340003757876  0.0  0.0  0.0  1.0
38591597440650;2.279414240855783;2.002301418174319;0.6967845606790354  -0.448723827526135  -0.5595875289975818  -1.8657992513743828  0.372609862464108  0.8930684170142482  -0.2521719511090472  3.4130955014628186  0.6129055117991697  -0.032798310047326196  0.7894752082644753  -1.4301649975108761  0.0  0.0  0.0  1.0
38591597440681;2.179632741963947;1.7873658301986655;0.23863449304135873  0.25296124152274  -0.9375842303591543  5.526038662568851  -0.7086389843698928  0.705500642808877  0.009981624490406581  -0.39120246547623116  0.6639912413293567  0.6620267768629414  0.34761498551467074  0.2924425689091482  0.0  0.0  0.0  1.0
38591597440712;3.8212360075464504;1.813048407257096;-0.04607289374132005  -0.9411119052485364  -0.33494129375425197  7.668855688054962  0.7924593053823357  -0.23857257614988087  0.561330005631408  -3.565754830724856  -0.6081821583828717  -0.2395652472890849  0.7567846156708476  8.160607384671046  0.0  0.0  0.0  1.0
38591597440743;5.199898909440479;4.694570255998475;0.3338722294223819  -0.8014026766040633  -0.4962691652242488  5.47669720478183  -0.19093564467607668  -0.5730627146685174  0.7969584083557192  -0.4097486730519232  -0.9230779566280737  -0.17132680755968632  -0.3443460628477494  13.352113359942695  0.0  0.0  0.0  1.0
38591597440774;4.068195372446665;0.08106371823695718;-0.8145492855802582  -0.5612510188243144  -0.14665181631797225  0.5537425262617591  0.5700859830916435  -0.7277352856072492  -0.3813178804679512  8.946303132862552  0.10729134747558425  -0.39420635199195414  0.9127375958105756  4.147419650499322  0.0  0.0  0.0  1.0
38591597440805;6.856595695350732;3.7505058944494767;0.6526477529086642  -0.6897827461469931  0.3134496350949921  6.709308766164927  -0.5881617222935868  -0.7220441930470098  -0.364304778606778  3.14835213799207  0.47761563945489893  0.05340361790183522  -0.8769443280750963  12.490638107626891  0.0  0.0  0.0  1.0
38591597440836;1.767433218515084;2.755850923055089;-0.3633986145959917  -0.9300769411636424  -0.05383614422854238  9.30648309562391  0.918801031342271  -0.36735239375334694  0.14441912480023167  2.901545238400778  -0.15409773429253523  0.003017005032893825  0.9880510037273067  4.281442180130802  0.0  0.0  0.0  1.0
38591597440867;2.621604289268463;7.612730618420384;0.823007234271675  -0.5648185472217304  -0.060324962087204614  -0.6672677373016769  -0.29992729819713365  -0.5222894829103254  0.7982839794443035  3.6836298884655623  -0.48239269079522384  -0.6389003871931832  -0.5992525236590537  9.701236356765888  0.0  0.0  0.0  1.0
38591597440898;2.670728938211616;0.27495809821745215;-0.09018280043682672  -0.9932918219028568  -0.07237692343748145  4.0806921772033515  0.9909965883956235  -0.0967202782289541  0.0925794230245003  -4.900515823639268  -0.09895869993895015  -0.06337621257394024  0.9930713123367201  -2.2945941608895466  0.0  0.0  0.0  1.0
38591597440929;1.8420211736250836;0.23341673010705377;-0.696401047593905  0.6282021885671022  0.3469691501987098  4.516194538503159  -0.36067476708904206  -0.7243522879949001  0.5875606141172313  -1.8931831040823799  0.6204347615143567  0.2840348097611556  0.7310163702329568  -0.242625949152935  0.0  0.0  0.0  1.0
38591597440960;4.0321706019458725;0.3054220648499934;-0.23779801519956398  0.9673126009430563  0.08808198467296385  0.6060389902413441  -0.8757845467852222  -0.25274457529476885  0.4112439753616711  1.6897371521060263  0.42006372323654867  0.020652160077029108  0.907259586174102  -5.4480269289892735  0.0  0.0  0.0  1.0
38591597440991;5.87031157311765;7.063380781989686;0.9742312316086806  -0.2134696961546086  -0.0728299126862922  -3.8801116411780896  0.14026282845431515  0.3205205126437376  0.936799306110221  -2.2223199719839988  -0.17663478228318794  -0.9228744713113777  0.34220295716068283  4.099866559349901  0.0  0.0  0.0  1.0
38591597441022;4.407785844403787;0.053253976193218436;-0.05994940059759913  0.9428846539644432  0.32768063520192997  5.034258730357884  -0.9310337782873134  -0.17119922191470277  0.32228392777774373  7.741648341805745  0.35997523950410504  -0.28576101157112377  0.8881207526062028  6.469008111476856  0.0  0.0  0.0  1.0
38591597441053;5.317946691794153;3.092209668777597;0.7041937155122573  0.6927012996672381  0.15580796023426857  1.8832789348192769  0.594104803683743  -0.45471456196555843  -0.6635315737599631  3.262433436901378  -0.3887810351251015  0.5598210219130675  -0.7317443065383326  10.921439821564174  0.0  0.0  0.0  1.0
38591597441084;5.062681624331849;2.915343206904225;-0.7680321711308657  -0.46204377791826867  -0.4434434928996281  10.327310065924081  -0.632537256658187  0.6555555882157938  0.4124845326777472  13.83687256228123  0.10011594801700409  0.5972959216720457  -0.7957476854547543  1.1967690780886233  0.0  0.0  0.0  1.0
38591597441115;4.0304954775959185;3.662383017287921;0.8674048004546411  0.37980934071273115  -0.32148682221143304  2.234682032434247  -0.3617160296781258  0.037596828597697154  -0.9315299202673472  -0.325967345400577  -0.34171687991982197  0.9243004615311824  0.16999479636478854  1.818106669238132  0.0  0.0  0.0  1.0
38591597441146;3.50878041807317;3.954524187890856;-0.270191299881113  0.9400292546291578  -0.20818660357935004  2.1856551816271974  -0.8113873736456925  -0.3387153744356868  -0.4763637528289047  2.627990383942961  -0.5183118668879767  0.040210639913378976  0.8542458153721662  3.774019032010762  0.0  0.0  0.0  1.0
38591597441177;1.8734213949510077;6.806017047744569;-0.18320055477392044  0.9550200599817539  0.23318285049071452  0.24550946860950137  -0.1895854253588827  0.1984228771656812  -0.9616058071313756  9.309748020535897  -0.9646216477054721  -0.22037478723697054  0.14470670312131645  8.071084279186564  0.0  0.0  0.0  1.0
38591597441208;4.856694250338816;0.20128111650716576;0.5070189498572384  -0.8398777157527303  0.19374521172828515  5.282989057849996  0.8513112987663729  0.5231375301572608  0.03995243589159131  -6.759458746805089  -0.13491055213871786  0.14468084573617918  0.9802380301736354  7.589142187595635  0.0  0.0  0.0  1.0
38591597441239;3.562972413096303;5.862064813233674;0.6770347627299028  0.3616930655038374  -0.6409384185877012  -2.5934354481768502  0.31649399141593465  0.6431591531049393  0.697264553218468  3.1003862308431946  0.6644211642120357  -0.674925499698875  0.3209674226511925  -0.08475752699865742  0.0  0.0  0.0  1.0
38591597441270;3.8856885051039876;3.1374356271212207;-0.11299026252746339  0.9934598876272653  -0.016451512076296082  12.508176434756498  0.33983027741679106  0.05419869388463999  0.9389237903749306  -7.309324447978964  0.9336747737434066  0.10049852365493123  -0.3437316738654991  0.6003970502303613  0.0  0.0  0.0  1.0
38591597441301;5.885271651627378;7.859875686235011;0.7509322087080433  0.6600568579322842  0.02063400643160473  7.59255610978487  0.40081750343863154  -0.4803882800410257  0.7801105237954735  -7.918094559060607  0.5248296360363828  -0.5775396477262711  -0.6253013740926314  5.991548423585552  0.0  0.0  0.0  1.0
38591597441332;4.848688954378692;2.588143712990742;-0.8059024943515035  -0.5690791802141592  -0.16330969427687103  6.299191843933442  0.5739661848660857  -0.8186290451242617  0.020231290349604525  -6.481495990131005  -0.14520326521223775  -0.07742979481904674  0.9863673953684731  -5.055563383194914  0.0  0.0  0.0  1.0
38591597441363;1.9312590227021411;0.5025705004071452;0.6723654380581685  0.72674096357132  -0.1406139736024727  4.7666021509266985  -0.6678088050042956  0.6774907612500477  0.3082818002730059  2.2301450377018086  0.3193056806002389  -0.11337477800754753  0.9408453868984838  1.5483731977317405  0.0  0.0  0.0  1.0
38591597441394;1.946076302141685;1.7853667773181034;-0.7508204626452346  -0.40478328360193777  0.5219378566358542  4.5003724456891865  0.6191779378391667  -0.706472074803738  0.3428059054563378  -4.10146198108806  0.2299724204473959  0.5805580942842287  0.7810665688624955  -0.30151867663340165  0.0  0.0  0.0  1.0
38591597441425;2.927510512380139;3.6074380518632227;0.8107442039399125  0.453110511954542  -0.37065442090191086  6.092277697760062  0.5244816039813085  -0.2809869933769617  0.8037197002924401  -9.044887494980948  0.26002477355635173  -0.8460125138018164  -0.46545670435358405  -2.003706581907141  0.0  0.0  0.0  1.0
38591597441456;2.426629832247053;8.782644176106826;-0.5996731464946166  0.7987100081162011  0.04954230826541036  -3.666013231884238  -0.7500738677216824  -0.5394227615276577  -0.3826385726856515  11.875645683472047  -0.2788930087583459  -0.26661846762910996  0.9225688496718402  -3.5622126517661403  0.0  0.0  0.0  1.0
38591597441487;5.191066102703561;1.597001257386092;0.7887557475326845  0.6129156660632841  -0.04689090560393977  7.049563097429361  -0.40195725611862404  0.5719785265332649  0.7150321177670429  5.557890100023891  0.4650749778129795  -0.5451375528057449  0.6975172496313049  1.3611121546865947  0.0  0.0  0.0  1.0
38591597441518;4.920812353335283;7.691988907156268;0.40716155534059484  -0.7585027251924673  -0.5088153729283635  1.5629068589534094  0.7814923598681505  0.0009710999982424431  0.623914055325333  12.476585722357179  -0.47274640064239204  -0.6516691436921004  0.5931594792627595  0.4734069439713906  0.0  0.0  0.0  1.0
38591597441549;4.927630398119143;5.393526473025639;0.8743934320240596  0.0847763306016648  0.47775422531140777  -4.002317195831074  -0.2073306692927417  0.9554847866264689  0.20991144822518598  4.9636035118732496  -0.4386913716997515  -0.2825982949260107  0.8530463551889205  -0.31992773887818315  0.0  0.0  0.0  1.0
38591597441580;4.789769207117012;0.5480868640221507;0.6123827065454167  -0.7876307827193035  -0.0680086085513334  -2.752147471301686  0.641076751194919  0.5450876989936844  -0.5402777058912753  4.336442618690356  0.462610008323943  0.28725798599647195  0.8387340637411678  -6.226620555121887  0.0  0.0  0.0  1.0
38591597441611;3.8037185845764383;2.0822523629400496;0.7137765879728695  0.24016922360357834  -0.6579070804418077  9.342792078585342  0.6961940380544587  -0.3457741631839343  0.6290898898026244  -10.010284576132848  -0.07639923978179425  -0.907060622068947  -0.4140098840035824  2.8846931874325588  0.0  0.0  0.0  1.0
38591597441642;2.439160696844833;0.048679605405811746;0.13731101658674338  -0.9856928856055873  -0.09775080557440469  2.4544767943637384  0.9904899911499294  0.13749983611913041  0.004834511249838802  -3.896856243779272  0.008675376402647178  -0.09748502620270613  0.9951991798180552  -2.4017691263875016  0.0  0.0  0.0  1.0
38591597441673;5.598187939653337;1.5920431294006296;0.9674402914072846  -0.2526070150664659  -0.015779052601408203  1.23171754849954  0.13293694235613987  0.5601976676078045  -0.817622371614045  -8.210358652982382  0.21537653520935843  0.7889032064492996  0.5755385989968235  2.087251014309115  0.0  0.0  0.0  1.0
38591597441704;4.778579004204095;0.17146752278054575;0.7310432079254994  -0.661173730527144  0.1685975272855909  -4.6278517142623805  0.6812412590146529  0.721204142747874  -0.12559829417406188  1.5772051738906245  -0.03855094242850554  0.20667337163776967  0.9776502146952922  4.431192602494859  0.0  0.0  0.0  1.0
38591597441735;4.169490407709132;3.3307134840649386;-0.8421053748323242  -0.3574037119909917  0.4038825625520002  12.944458843180257  -0.3443458635672375  -0.22004468550373327  -0.9126917675895279  -2.3422949489617104  0.41507163709731365  -0.9076579328340734  0.062230322518308095  -6.356783270873415  0.0  0.0  0.0  1.0
38591597441766;1.9262032552907409;0.6194360778996156;0.11917365844512734  0.6769380955716484  -0.7263280621706931  8.245228801482002  -0.9889184464673202  0.1461583999420758  -0.026038977764773874  1.2604286103338478  0.08853217138117853  0.7213823791098599  0.6868548010608434  -0.19124452947824044  0.0  0.0  0.0  1.0
38591597441797;2.2135128812075298;1.7669583594079266;-0.520801655876217  -0.759309517069454  0.39014701398875795  2.5416222764130265  0.07491075355567156  -0.4959049070706041  -0.8651397009414248  5.580833843848529  0.8503846272354133  -0.42133998199915595  0.31514854486517807  1.4377875068492136  0.0  0.0  0.0  1.0
38591597441828;5.443305572519713;3.7874480379733266;-0.2658729435629584  -0.2720640114699424  0.924820388802091  9.195635369135811  -0.4916287461431725  -0.7869499892515154  -0.37284164250085117  9.980081642054895  0.8292241879292117  -0.5537967931289628  0.07547422124948946  -9.528926628626174  0.0  0.0  0.0  1.0
38591597441859;1.9328163177142916;0.06260324836711183;0.49665867569299105  -0.8664814818395696  -0.0503984274356645  -2.1238343103778923  0.8568785913409072  0.48025509258029087  0.1873876350038038  -1.9291560830688161  -0.13816381422249155  -0.1362530281491001  0.9809922898574139  -3.2358220597911176  0.0  0.0  0.0  1.0
38591597441890;4.287804159875307;1.3984787404639552;-0.4998066563494634  -0.25702366260513454  -0.8271228101858942  9.221831400896935  0.3036208029649298  0.8423682371461879  -0.4452304583630317  -5.734192618912889  0.8111767466315222  -0.4736608384786165  -0.34298352120187003  -1.49627112703606  0.0  0.0  0.0  1.0
38591597441921;4.652169079942416;0.1259677496780129;-0.30637472529656046  -0.9314448279193699  -0.19632895925388427  7.173966977356175  0.9508024426899901  -0.3093892589185904  -0.015906019003944588  -4.079020300283522  -0.045926492073806086  -0.19154325623227217  0.9804090668275839  -4.16793477086233  0.0  0.0  0.0  1.0
38591597441952;1.783388299920841;0.050731502570640165;0.5411242704491444  -0.8409052082517632  0.007934397642036614  -0.1390863337198251  0.8405968960547797  0.5406071889111989  -0.03377463013273206  -6.028293850540583  0.02411186998042625  0.024945902120224617  0.9993979786318643  0.02209461704528899  0.0  0.0  0.0  1.0
38591597441983;5.49349230429743;1.8078126272087902;-0.14752320648003517  -0.985688213235536  -0.08158216617856054  7.283889114290548  -0.22662371721638055  0.11397712782750666  -0.967290496762592  -9.605366890104753  0.9627453424166114  -0.12420934192213397  -0.2401945982623081  -2.1007318162461783  0.0  0.0  0.0  1.0
38591597442014;1.4576110063785062;1.6115219388142334;0.6142781306126451  0.2700400266132002  -0.7414450500730153  -1.9189151749022728  -0.4389534673282454  0.8977601178624087  -0.03669637987848026  2.3651845330760572  0.6557303041430566  0.34800165919491893  0.6700094129383842  -2.032932847063275  0.0  0.0  0.0  1.0
38591597442045;3.4058146160113;0.027158537207581646;0.5993875044369432  -0.7928221946644983  0.11030678660998856  2.867893160661012  0.7980718439288365  0.602533265546729  -0.005915727987586938  -1.2802331800859608  -0.061773387901925346  0.09157855402310563  0.9938799811798985  7.461108904009726  0.0  0.0  0.0  1.0
38591597442076;1.5195309119701852;3.6579217602618876;-0.6377362605045406  -0.736027322848328  0.22705999660532164  7.746199432866791  -0.7697406472086332  0.61975975808917  -0.1529613620758142  4.760311530218617  -0.02813890673994661  -0.2723263157940811  -0.9617934183874954  4.849218750173693  0.0  0.0  0.0  1.0
38591597442107;3.7055155609155883;2.408380454378987;0.6624521484940736  0.7387194638322124  0.12430086367774867  -0.1311075769417649  -0.736850598742576  0.6126927185483455  0.2857600877843952  8.236576807669474  0.1349383047481072  -0.28089354993179616  0.950205486996587  -0.5691338380307132  0.0  0.0  0.0  1.0
38591597442138;5.646923884727078;3.227679791520572;-0.9711482414088572  -0.23603859647499179  0.03401285319700725  9.429675711269496  0.13841984170851995  -0.6740654088174826  -0.7255865021188789  6.277725391221284  0.1941933073766286  -0.6999440017671681  0.6872898615288088  -6.135255949638644  0.0  0.0  0.0  1.0
38591597442169;1.4800799852740398;1.5063434204893742;-0.33170886824714213  0.9167091994102338  0.22274081449713665  5.197012474410544  -0.6912292438643666  -0.07549531113822644  -0.7186811465614209  4.399272673125342  -0.642005731401906  -0.3923578745390365  0.658698670967472  4.8093294913438545  0.0  0.0  0.0  1.0
38591597442200;3.2131369785042154;3.414380217262912;0.7027279555284531  0.5526526853010928  0.44804958425189073  12.404794972202636  -0.5457513218812151  0.8227496139842264  -0.15886650796726592  1.8189209996716216  -0.45643062472155294  -0.13288371652801634  0.8797800876912331  7.010394291451897  0.0  0.0  0.0  1.0
38591597442231;3.3002375565089763;3.0198628971125974;-0.5117192737110821  -0.474734747340126  -0.716079817185563  7.072151196326156  -0.3682519249584175  -0.6318328910060578  0.6820393812730664  1.5383002291295518  -0.7762305744281286  0.6127104679298647  0.1484990835397439  12.312433842942449  0.0  0.0  0.0  1.0
38591597442262;3.603766945068243;1.0521349675796818;0.5995756264749267  -0.5034519682389387  0.6221295554894806  -1.794908175321487  0.7642317620304656  0.5909577526367702  -0.258299726098014  5.35207489859824  -0.23761077846135242  0.6303213864964745  0.7390778495423568  3.729020383351617  0.0  0.0  0.0  1.0
38591597442293;2.0154890518338;4.258155923330889;-0.5271227609333586  0.6303640165715365  -0.5698971850411197  14.557179222806864  -0.6308382060462088  -0.7396029679710955  -0.23458603445377357  -0.1351527928318833  -0.5693722444046545  0.2358572796844432  0.7875192638415015  6.169420026526151  0.0  0.0  0.0  1.0
38591597442324;5.849680243723311;0.0820010697972732;0.03544898911716343  0.8388034110423299  0.5432791242025802  -3.0750879534230076  -0.9596418948508352  -0.1231850497843398  0.2528099625345638  0.4865922875105692  0.2789817248811633  -0.5303152657932645  0.8005841092908039  -4.391315501451591  0.0  0.0  0.0  1.0
38591597442355;5.300655887315837;1.1092717199711228;-0.4009750169620697  -0.31350895554573543  -0.8607735884452362  -4.615452267147606  -0.8684433290880319  -0.16899322271664327  0.46609813863427835  2.3286509627983154  -0.29159084336577384  0.934426789785302  -0.20450270070776938  2.186194374926188  0.0  0.0  0.0  1.0
38591597442386;1.9258199135952243;3.929226456844308;-0.10316714904687863  -0.3409366543789706  -0.9344082282698578  -3.4411548831997933  0.4612841565686079  0.8158913014125683  -0.3486234518475403  -0.8473645268639789  0.8812340587246544  -0.46699419908622086  0.07309549755964417  6.276663829496978  0.0  0.0  0.0  1.0
38591597442417;4.983836368994222;0.34060594103465497;-0.9167139935472538  0.27279251264601895  0.29192413240244025  6.30847065481232  -0.2719993652286838  -0.9612845489065159  0.04414024636077291  -5.191484843598094  0.2926632866449754  -0.038939197190854244  0.9554223880422172  -7.7517917787884425  0.0  0.0  0.0  1.0
38591597442448;3.9670676070792013;7.172757564970641;0.8831813850625758  0.46527036824597945  0.059280059979745614  2.118050311147449  -0.45538983805820865  0.8203573313775552  0.34588140199845313  8.236717364466033  0.11229753546837046  -0.33247155259863614  0.9364037218210863  8.874184103297493  0.0  0.0  0.0  1.0
38591597442479;2.535069451706357;2.520180179537147;-0.2572656622209576  -0.5760839589485699  -0.7758489874222654  5.102317115940157  -0.3383844776388373  -0.6983345090841293  0.6307335877494713  -4.949534152184743  -0.9051576240274972  0.4248013484728722  -0.015280379593649418  1.6028604962539554  0.0  0.0  0.0  1.0
38591597442510;2.7117678210954486;7.067303220618764;-0.0568464820616614  0.8390816660614688  -0.541027203712275  -3.1232196907797762  0.7562397604040445  0.3899846007415708  0.5253698087713757  -4.198807599807531  0.651820452472341  -0.3792808574973801  -0.6567161707121311  2.832797562466516  0.0  0.0  0.0  1.0
38591597442541;1.1504027505085501;0.5675680842061216;0.5570910851899051  -0.7661951528583063  0.32030377852652725  -0.5051071848805698  0.7299695725266522  0.6357025296692449  0.2510512237719218  -0.28976443815591213  -0.3959721530451235  0.09395361360032677  0.9134433603153782  -2.112362080246307  0.0  0.0  0.0  1.0
38591597442572;2.4453153833729853;5.655749547705772;0.5226375617672528  -0.8220784065480421  0.22591386083508147  5.719051739103474  0.8525481926692626  0.5050073365583617  -0.13464460330292893  -7.419088735300109  -0.0033997362183758027  0.26297278092924586  0.9647972627883975  0.46185445114953194  0.0  0.0  0.0  1.0
38591597442603;2.022769694472952;0.056881039083215394;-0.5599953999860469  -0.7760537561255924  0.29007881618247655  7.080649282755877  0.7833184806516506  -0.609984511339989  -0.11971237945553279  -2.1022214121237695  0.26984682667034865  0.16018571574480436  0.9494857695654355  0.08643631063091528  0.0  0.0  0.0  1.0
38591597442634;2.3143065310168365;1.4460307202042415;0.8383053011345729  0.5348844974175427  -0.10555944539478812  0.37982182460290453  0.2713619862869731  -0.2414236224419191  0.9317066635617728  -2.3261901085656023  0.47287090678964466  -0.8096994559399205  -0.3475340221655064  2.364667269523139  0.0  0.0  0.0  1.0
38591597442665;1.7442633128967042;6.749705289630225;0.19674216123300292  0.50964330220567  -0.837589533429274  -5.991088307694136  -0.6833306254417617  0.6838989116287371  0.2556199033846934  10.25640198814882  0.703101541974371  0.5220593674956232  0.48280662638714117  -2.1839649639962873  0.0  0.0  0.0  1.0
38591597442696;4.239524031860057;0.020732813086808355;-0.09815449108833545  -0.9908249680430861  -0.09290628924678528  -5.21264084451997  0.9920332365838475  -0.10482555390638648  0.06986888263881741  0.7178634752325862  -0.0789667866394936  -0.08530818220215972  0.9932203988326038  -4.227244933774168  0.0  0.0  0.0  1.0
38591597442727;3.3606588330920775;0.3399337422263553;0.47727624080596953  0.799399735657432  -0.36492115942070424  0.38470401686568995  -0.8451416999276244  0.30381648747274237  -0.4398079683034072  -6.597783375651811  -0.24071330874209673  0.5183199828007348  0.8206104425510793  1.2638954435548466  0.0  0.0  0.0  1.0
38591597442758;5.505400493338908;7.394130742086625;-0.7778921869913501  0.2474574169200185  0.5776232095657927  -4.2308957225605495  0.5690073693852781  -0.11270454047495854  0.8145724646350223  -0.25975267898377113  0.2666727563945392  0.9623214189487848  -0.05313311236261528  9.823678880208337  0.0  0.0  0.0  1.0
38591597442789;2.5679788633882894;2.1106341803633533;0.1771345561085492  0.7856961413060771  -0.5927098131201879  4.381383956169703  -0.8296561110987285  -0.2047552414741609  -0.519370800493628  0.900257912211388  -0.5294280747644206  0.5837438347645298  0.6155883762918524  -3.5851135576720257  0.0  0.0  0.0  1.0
38591597442820;4.890369584704633;4.807903316763552;-0.15517507918649304  0.2832540611264439  -0.9464078569278904  7.7633723637651055  0.9317613945676313  -0.2763484366282195  -0.23548300398653274  -4.044373531575051  -0.3282398488801262  -0.9183673983915781  -0.22104280847527305  7.0480855552718085  0.0  0.0  0.0  1.0
38591597442851;3.7198562228278598;2.9108049695656777;-0.5691539085570436  -0.572688176676587  0.5899932886644443  -4.170732620071593  -0.5911868780988151  -0.21367681281644657  -0.7777147901566367  -0.6289683232801793  0.5714559506541308  -0.7914357029850567  -0.2169507421110421  7.398724749356648  0.0  0.0  0.0  1.0
38591597442882;2.8047071756103454;0.907046209657545;-0.6755565209616333  -0.5289931922484663  0.5136045069321254  1.6311571389864683  0.6958762180128623  -0.687675586670901  0.2070231308355384  -7.88957407886179  0.24367945377140462  0.4972609878641292  0.8326775088580568  -2.642530139006854  0.0  0.0  0.0  1.0
38591597442913;2.6498156260201227;5.0070866920659975;-0.6541188286021569  0.6371855799376507  -0.40758200989207294  -4.0096681579901965  -0.6631241659001765  -0.742298430770534  -0.09622567367806684  8.231278050258647  -0.3638610980406361  0.20733445539784812  0.9080845362286157  12.441992240191135  0.0  0.0  0.0  1.0
38591597442944;3.9890625842330967;0.03690710656180591;0.4932573788237526  -0.8676458691272163  -0.0623522575565465  -3.3531622768106715  0.8645159574428858  0.49690327667084816  -0.07549366172325381  1.5946075034658522  0.09648480482714121  -0.016666715940803975  0.9951949070494773  -1.5196241995931432  0.0  0.0  0.0  1.0
38591597442975;4.829702581700206;2.2045600904569147;0.5839624738548866  0.7583089947549538  -0.289750405699479  5.595159324543957  0.5811642751587689  -0.6397345584648945  -0.5029789061033371  1.5679668268467302  -0.5667767765253482  0.12532822179963235  -0.8142830726547606  11.810651729522688  0.0  0.0  0.0  1.0
38591597443006;1.5836086183196916;1.8180701343128856;0.591152849716137  0.21120183097204706  0.7784164019768248  0.11496638572257215  -0.06922987607013922  -0.9482586976459194  0.3098591076572999  0.904680763533412  0.8035829344453528  -0.2370637655419314  -0.5459443547975167  -1.3656054565948323  0.0  0.0  0.0  1.0
38591597443037;3.2675087807083063;7.425513765207991;-0.5534442234296262  -0.8317042998553826  -0.0443559370822586  4.88510760055021  -0.7958815959742662  0.512406753510315  0.3225086109648453  14.381904339908418  -0.2455035167606212  0.21379260174076808  -0.9455267033241739  14.188025776961439  0.0  0.0  0.0  1.0
38591597443068;3.1958174120499194;2.1290585460043094;0.2687323336983969  0.9601608415921914  -0.07664261933146796  3.2756099123868196  -0.9609715251350833  0.2618288867884821  -0.08932727423724574  0.6037711956376198  -0.06570129910865867  0.09765650165800009  0.9930491160961553  -8.31576852200629  0.0  0.0  0.0  1.0
38591597443099;4.778408638902547;9.577617922029752;-0.8614016563134352  -0.5069347141438871  0.031691987888531614  -1.858064983504577  0.5021902942041373  -0.840668503834583  0.20268540911394328  1.3588010300153692  -0.07610581388851748  0.19050895584297264  0.9787309348518558  -4.184867863717859  0.0  0.0  0.0  1.0
