# registration_from_features.py TEASER TEASER_config.json euclidean --input_txt=/neural_comparison/point_clouds_registration_benchmark//eth/gazebo_summer_global.txt --input_pcd_dir=/neural_comparison/point_clouds_registration_benchmark//eth/gazebo_summer/ --input_features_dir=/neural_comparison/experiments/3DFeatNet/test//eth/gazebo_summer/ --output_dir=/root/neural_registration_comparison/results/3DFeatNet/TEASER/
id;initial_error;final_error;transformation
36535719080030;2.8719654907800902;3.2170226714151693;0.29794828847696214  -0.6719547236797228  -0.6780145033243445  0.9106421473578221  -0.8582777946380101  -0.4994717246495711  0.11784406436854472  10.349176605759817  -0.4178349490228933  0.5468133553600272  -0.725540563838402  10.278711696649001  0.0  0.0  0.0  1.0
36535719080061;2.8185456084080336;8.125698609782715;0.056373830228742955  0.18272009191738303  0.9815474309859125  -5.0159464663428235  -0.522215468856447  0.843305290394758  -0.12699287885253296  10.246384533507536  -0.8509482918205915  -0.5054201768844573  0.14295960774184413  6.790544396091938  0.0  0.0  0.0  1.0
36535719080092;1.9001870719663094;2.4285383525991584;-0.5616715084988008  0.6461188108911334  -0.5167742241572318  -3.902317126217471  -0.7358988035548293  -0.6756032981801617  -0.044867966464472275  7.945403317917  -0.37812440739424835  0.35509247485790807  0.8549451835246716  -4.678427229872189  0.0  0.0  0.0  1.0
36535719080123;2.152334886682317;0.21439999214969133;-0.14057180610070508  0.9854585613185927  -0.09545151257824663  2.7763587760038657  -0.9898222525972848  -0.14204066326139717  -0.008738320404957818  -0.28260502243420843  -0.022169248810527953  0.09325166971240667  0.995395725580046  -2.89339294468172  0.0  0.0  0.0  1.0
36535719080154;3.7084111945439853;1.751226118834259;-0.29788379727796466  0.5991427526903939  0.7431643191231929  -5.699241580115865  0.36886222242473254  -0.6457967717631417  0.6684962157321405  6.8068348900250015  0.8804577810361768  0.47325943358678363  -0.02862873266439489  6.605582756125949  0.0  0.0  0.0  1.0
36535719080185;2.3222284832250804;5.227006355572021;-0.989092619302583  -0.14728143788282871  -0.001992108511582529  12.288775118524569  -0.14715351145418493  0.9886452122832198  -0.03043827025589002  4.625087073178758  0.006452480752278347  -0.029813122691761007  -0.9995346633346477  7.9438747588651  0.0  0.0  0.0  1.0
36535719080216;4.7404660091141455;3.7807889419546115;-0.5835724609213354  0.7522537567394992  0.3058716533540283  -0.24305900337183048  -0.15480059762485165  -0.4728054318261398  0.8674628514297815  2.0295628819937144  0.7971699679674374  0.45887831623101166  0.3923655604965688  -7.266012340196007  0.0  0.0  0.0  1.0
36535719080247;2.9917173628249674;5.130043178278164;-0.29000880028365106  -0.3571001635756893  -0.8879044818741784  -0.23242168316940165  0.9567273049162812  -0.08507967934011498  -0.2782702143439245  1.243587993644188  0.023827710457951505  -0.9301832729831258  0.3663213328168765  2.2330402886591427  0.0  0.0  0.0  1.0
36535719080278;1.8936058971638152;1.578568112860192;-0.8949706464279175  -0.14091390338924656  -0.4232857354837295  7.538365497844523  -0.3635905348947585  -0.319410481266075  0.8750879198071004  -3.2993952769419086  -0.25851395507271696  0.9370806882488726  0.23462804338714702  5.122978038246616  0.0  0.0  0.0  1.0
36535719080309;2.0474131250721026;4.224418959953613;-0.43945894829745513  0.5314394555932237  -0.7241877779968902  11.274087790047373  -0.7766214424552225  -0.6299028730356184  0.00902804852914292  6.291153728211284  -0.4513701007821245  0.5663872134681825  0.6895437306942057  -1.746767413185858  0.0  0.0  0.0  1.0
36535719080340;2.643359974182583;4.007495808592415;0.286957330731677  0.6835719099550691  0.6711072449763376  -2.484264062841861  0.05896256647845289  -0.7118462716171426  0.699855914698909  1.749774834734294  0.956127034495744  -0.1612585796326867  -0.24457466017808022  1.725392983626092  0.0  0.0  0.0  1.0
36535719080371;4.184735305781556;0.03270114193113549;-0.9774350984252812  0.14864785457654547  -0.15008145686976684  2.922238042888119  -0.13957871480432937  -0.9877821241900572  -0.06931275138205745  4.5262731726121554  -0.15855097205609706  -0.04680053910340491  0.9862409942806564  -4.599853723530322  0.0  0.0  0.0  1.0
36535719080402;2.5739270336253104;3.6895907804624333;0.3678983373645114  0.9097549744980222  0.19234526180941275  3.6796429724534496  -0.9293333156235819  0.3667360472573965  0.04294484968072962  10.52702090292709  -0.03147065039855956  -0.19455219869773682  0.980387188892923  -2.0420977400667466  0.0  0.0  0.0  1.0
36535719080433;2.734748311517099;5.5575235721898455;0.5670674347096181  -0.814763655084071  0.12080857107795918  -3.7301636258992557  -0.8103909183664657  -0.5256586321656928  0.2587461339978814  -11.790275236251842  -0.14731287764825476  -0.24462867530961743  -0.9583609587703645  6.363862028565496  0.0  0.0  0.0  1.0
36535719080464;3.7323423107611307;0.06477944559078977;0.3122937180455179  0.9037209023760314  0.29285007132995255  -0.775250793750689  -0.9487945981540659  0.2812810672124991  0.1437698568597101  1.5371956196823429  0.04755464417878459  -0.32275298888848236  0.9452878207088993  9.239973750256766  0.0  0.0  0.0  1.0
36535719080495;4.095283908390811;6.023181169239406;0.9290455564721197  -0.23056043584672836  -0.28933758729479997  -5.0302671489447786  -0.21769820707033688  -0.9730256098034634  0.07634561745745247  12.017950658193257  -0.29913516115256317  -0.007940282662831755  -0.9541777126266706  11.971532436780556  0.0  0.0  0.0  1.0
36535719080526;2.3278553928468253;3.3433899043239266;-0.5386334341060233  -0.5759192811086808  0.6149723614199358  3.882239634780747  0.8158194369648759  -0.5388703432355134  0.20989854561562077  -7.411119494976172  0.2105057479820091  0.614764780081374  0.7600997271661362  -3.7178620165227194  0.0  0.0  0.0  1.0
36535719080557;2.2194490343578286;4.479432608128789;0.6577127070796847  0.2089723916785471  -0.7237019652191506  0.16094346134333692  0.5426553931069175  0.534888402796092  0.6476260656321845  3.7189398666683204  0.5224357561249897  -0.8186726672305566  0.23840290403373177  5.467313193811339  0.0  0.0  0.0  1.0
36535719080588;3.796227498088121;5.598588277397986;0.13750569695386455  -0.71749538624393  -0.682856173746643  11.79156914981684  0.39447517567985985  -0.5927038290907856  0.7022047470314224  -0.7954302273873107  -0.9085601350915495  -0.3659269622476519  0.20153396543171037  -1.1794982776099605  0.0  0.0  0.0  1.0
36535719080619;2.4973131938563013;3.9889071088090446;-0.9545384855416832  -0.261214244837214  -0.1436084883073257  8.450302291494136  0.10322973185750228  0.16228258608848248  -0.9813297023493498  -3.220878890650782  0.2796424540022836  -0.9515416336380454  -0.12793989750278256  3.216542488713697  0.0  0.0  0.0  1.0
36535719080650;2.045757500568744;3.7738564862679764;0.07714055374583897  -0.9028022438425406  -0.42308089472423427  -6.763718351227779  -0.501114576764981  -0.40195949765746997  0.7663633232329212  6.249344428861984  -0.8619359117251344  0.1528943123723952  -0.48341474255832667  -6.8746263432119346  0.0  0.0  0.0  1.0
36535719080681;3.422151150058385;5.212861362270977;0.42607010906043713  -0.8423792359347521  0.32994163882603467  -12.80489863600605  0.9006287060369496  0.4294620318650889  -0.06656047662478565  6.858074866786535  -0.0856282431644863  0.32551434077823926  0.9416518560063858  2.9976644204128178  0.0  0.0  0.0  1.0
36535719080712;2.329822326641319;4.279116584594712;0.8985247975882281  -0.09187983685528878  0.4291984199627013  -3.7941488951480626  -0.1074682494135627  0.9020288446804607  0.41808436795988635  4.985662506725141  -0.42556287841753565  -0.42178437494041776  0.8006211198620123  5.94007899592689  0.0  0.0  0.0  1.0
36535719080743;1.5817497009913515;7.5521002865934515;0.48150504613782347  -0.7981967800445584  -0.36198727998413327  13.662385254487413  0.07315111029149857  -0.37497712752899354  0.9241434244170251  5.053247733487398  -0.8733852561195052  -0.47145949365412476  -0.122164398400118  13.293187981339786  0.0  0.0  0.0  1.0
36535719080774;4.455523395855616;3.992470769819784;0.6047545006939118  0.6559111697110731  -0.4517217410516225  1.6241783467334383  -0.6371963543280246  0.7387483033924942  0.21961728134594927  7.42005040761015  0.47775809770377714  0.1550209072446779  0.8647055674595285  -7.481705319890271  0.0  0.0  0.0  1.0
36535719080805;2.6623006804379994;5.353868541962469;0.28432400017164117  -0.6567090251569029  0.6984934639664618  8.773280814749775  0.5706677838183796  -0.4695126376553855  -0.6737181633247701  12.827330976294125  0.770388306919449  0.5901619602781535  0.24126897273050102  4.145262179567078  0.0  0.0  0.0  1.0
36535719080836;2.3641851278479833;1.8717068437620872;0.2898652232529666  0.5361646789718388  -0.792783444183551  10.477126572770281  -0.7633509069483467  0.6291735686091072  0.14641042799205722  2.040952382644193  0.5772984888336752  0.5627326697346676  0.591657330896567  -1.1022043063761187  0.0  0.0  0.0  1.0
36535719080867;2.3245937370798613;3.3581945420793935;0.9964407061785775  0.05605652280280998  -0.06295701169524572  -2.926592369862042  0.07427503636410236  -0.230661624460133  0.9701950494485758  -11.659456337059813  0.039863994323806384  -0.9714179745365386  -0.23400423223497657  -6.889326550127062  0.0  0.0  0.0  1.0
36535719080898;1.1108467191895781;3.9162990536361355;0.688112659873193  -0.09432884700069692  -0.719446339865426  -3.8510989075980624  -0.2944460627241874  0.8699080409623652  -0.39567855187670126  1.3476923082661048  0.6631760576713116  0.48410956290135254  0.5708199783110247  6.253758398704444  0.0  0.0  0.0  1.0
36535719080929;3.0133446968971027;6.506308984925834;0.09593287904216091  0.9818702751026427  -0.16348591862463974  2.927485777110623  0.988875538425438  -0.07525406546456623  0.12830430676658697  -12.956331763991574  0.11367520495904923  -0.17397582734654532  -0.978166836115702  4.748441060138331  0.0  0.0  0.0  1.0
36535719080960;4.172447019856412;6.611858452781486;0.2632634539823455  -0.019056488289975193  0.9645357453466092  -18.045720575954764  -0.5692437827668244  0.8041343176871761  0.17125861992640157  4.293653827518308  -0.7788798813543724  -0.5941421121009965  0.20085139045962558  -2.2430176004759455  0.0  0.0  0.0  1.0
36535719080991;2.0023267432930947;6.102488826387628;0.9465759398142121  -0.27248113190982376  0.1724761517369375  12.204164100305713  -0.16691499925958186  0.043643856354905024  0.985004871472546  9.297168808703688  -0.27592276670658344  -0.9611707686751686  -0.004168963584717522  1.925517845713615  0.0  0.0  0.0  1.0
36535719081022;5.2049478600741095;4.7269443662132;-0.1336222186702623  0.8524988805773573  0.5053620101392577  -0.3869619159504224  -0.7208202959678396  0.2663518387287843  -0.6399021791857198  2.942232164701592  -0.680119992059103  -0.4497803426342132  0.5789079717721776  -0.15472940414890876  0.0  0.0  0.0  1.0
36535719081053;2.759339837400279;4.724046704298836;-0.7591853230636982  0.649738428050336  -0.03843982777467597  6.111926180771917  0.3782028669802321  0.4884341043364656  0.78638077108292  4.2981103595054835  0.5297171289023997  0.5824706866750576  -0.6165449395718743  4.704359334561062  0.0  0.0  0.0  1.0
36535719081084;2.627616704218367;2.335442718974056;0.11026877438594315  0.9575240774413478  -0.26643655626718704  7.31584682739466  0.2491518813508862  -0.28614226082347927  -0.9252275107183864  -1.8961431774173567  -0.9621663772002927  0.03564053438045271  -0.2701214817343115  2.6913615955730994  0.0  0.0  0.0  1.0
36535719081115;3.3642234081663633;0.9804344657159285;0.2897648978339728  -0.6538190009517387  0.6989685386179684  4.6171744858971575  0.21824319166100065  0.7561971120893668  0.6168758683570967  3.2926770267120733  -0.9318831543047055  -0.026203848232126514  0.3618109244632349  0.6388997440318539  0.0  0.0  0.0  1.0
36535719081146;2.4293434851076756;3.306172720510297;-0.6244332622216489  -0.28183603027455545  -0.7284583399689439  8.54976059210084  -0.468617028179759  0.8813119351543289  0.06072358565255101  -0.07724671746027817  0.6248849349529875  0.3792858091118253  -0.6823936496445349  4.390404854685364  0.0  0.0  0.0  1.0
36535719081177;3.5423989428844522;4.714801600993307;0.9875228205187669  0.15694959641018075  0.012864802421355917  -10.453831829467328  0.15677590474096867  -0.9875411564639073  0.013556547590718226  6.056121325075257  0.014832216533944134  -0.01137050907436108  -0.9998253431855385  -8.062619670656623  0.0  0.0  0.0  1.0
36535719081208;2.4968567701157345;1.3629762404686938;-0.283603463403324  0.8945883739201377  0.3453704052065894  12.829833632406315  -0.5608978689010098  -0.4468737914394444  0.6969199345598044  3.017753929122764  0.7777934534360297  0.003931382894124192  0.6285076674318257  0.28879534641462873  0.0  0.0  0.0  1.0
36535719081239;2.6254413723760552;0.990590646331772;0.17765756697225543  0.9625727762228092  -0.2046739831346718  8.504393134930831  -0.49993997148247377  -0.09086434372071389  -0.8612802656245566  0.7500947522996779  -0.8476425035423845  0.25533766176362876  0.4650858680646842  9.844116437752596  0.0  0.0  0.0  1.0
36535719081270;4.852975213123584;6.679652811096717;-0.5477212301982513  0.8163640147881466  -0.18317000122589078  21.978231366335844  -0.8223432987716225  -0.5656168969333569  -0.06187911496528011  -9.648905382954837  -0.15411993042926087  0.11673611807173892  0.9811318595285858  -6.78706959170301  0.0  0.0  0.0  1.0
36535719081301;1.4134837583742463;1.5167328276064584;0.06187563323177994  0.8664294048371872  0.49545079719952534  5.707786319469339  -0.40724787022421743  0.4751162583286833  -0.7800087905078968  4.42900046684905  -0.9112192810789326  -0.15350774412136642  0.3822496491623816  5.511318570157519  0.0  0.0  0.0  1.0
36535719081332;2.6207414559357245;2.9880535868704543;-0.7922969386176133  0.2586077580882712  -0.5526188456013035  3.4131146140908424  -0.018725033634140464  0.8949982004726185  0.4456765579051426  2.016964051187573  0.6098482878327685  0.36345597891262404  -0.7042618953344759  -0.30254058996584  0.0  0.0  0.0  1.0
36535719081363;4.7790429741920475;5.919271682413529;0.6367362759847375  -0.7644088631436328  0.1012225508103134  11.20369379722665  -0.5352446822029474  -0.5326591286487454  -0.6555817133207916  -11.260449694344727  0.5550495878915263  0.363253826703337  -0.7483091689715075  4.25784194997418  0.0  0.0  0.0  1.0
36535719081394;1.4663573651430153;5.886146432327897;0.4441115951397573  -0.18644602553316783  0.8763576727714002  6.011931716189456  0.6889669772568999  -0.5542360736985243  -0.46706196469069616  -16.672336902394697  0.5727908827066903  0.8112091309730975  -0.11768751214109878  4.18679687011923  0.0  0.0  0.0  1.0
36535719081425;2.332117443040167;2.33672864277414;-0.03825217883917528  -0.996324796179896  -0.07663988081374573  2.3013588177718383  -0.9977118027198432  0.03380126448033178  0.058554532130758445  6.794235953690005  -0.05574880740946052  0.07870435208182616  -0.9953379805050154  -1.2718149402733245  0.0  0.0  0.0  1.0
36535719081456;3.9542146055036578;2.8744158266948667;0.6354344149387086  -0.6000741415180834  0.4859363425314436  -8.19433109249594  0.6180323800120544  0.017996125294754473  -0.7859466373304302  12.489563476730845  0.4628812823696119  0.7997419359741688  0.38230060721394754  2.9169965530771913  0.0  0.0  0.0  1.0
36535719081487;3.3533169379046845;1.965147396018864;-0.1930805578533454  0.619530182416155  -0.7608562618881753  4.556768674887749  0.47146250628006925  -0.6214821218300639  -0.6256860853636739  -7.80893920000957  -0.8604899786465604  -0.47952301855177754  -0.17208913773923923  0.9205284820364259  0.0  0.0  0.0  1.0
36535719081518;3.0920879439740774;1.475482629557058;-0.5817243312812994  -0.8096683249066428  0.07767886481016395  0.009874543562307696  -0.551075683138015  0.46256376550232176  0.6945144737860285  3.045990092317678  -0.5982577988202873  0.3612090343377141  -0.7152731224249388  1.5328988042456633  0.0  0.0  0.0  1.0
36535719081549;1.5294161413651834;5.815509146383247;-0.6259033487219674  -0.7378673085790128  -0.2525803495701736  -6.751984760321708  0.25707554723469106  0.11056748649839535  -0.9600453082763392  5.917568321235937  0.7363132221226311  -0.6658278049614563  0.12048308208042216  -2.3253134479829414  0.0  0.0  0.0  1.0
36535719081580;3.0692450464075005;7.93498008073765;-0.7854951577858407  -0.6076754834774648  -0.11716596722354017  2.189884643726607  0.5656521892273771  -0.7817734469362416  0.262426901227186  13.445984915410332  -0.2510676361406885  0.13985987432375896  0.957812224622796  1.5519126919278161  0.0  0.0  0.0  1.0
36535719081611;4.067373545893354;0.4146111041436221;-0.2667546783327587  -0.8717157474941071  0.41103965399748976  2.2784648903289932  0.9312398990414513  -0.3429979087282878  -0.12306374381307583  3.0113778593092473  0.24826234515297668  0.34994869649537375  0.9032727815008786  6.8031308560804895  0.0  0.0  0.0  1.0
36535719081642;1.8617882493278746;0.691359828836178;-0.8570537996815306  -0.5132299560972658  -0.04531883290476191  5.4876309953019256  -0.2781627216197533  0.3868775865963339  0.8791764517379247  0.3611383819263209  -0.4336868510256486  0.7661075284539338  -0.47433634700881067  0.19201441078912934  0.0  0.0  0.0  1.0
36535719081673;1.5998785025075408;3.9015270140205502;0.6682189695492048  0.14877364494483472  -0.7289374536298904  5.188342843971913  0.3457192966336861  0.8054874999602941  0.48131907851530775  -3.025988752499714  0.6587576008439743  -0.5736342824287475  0.4868081073202748  6.701282377138905  0.0  0.0  0.0  1.0
36535719081704;1.9756325052656099;4.261980100693791;-0.01621847615549069  0.7808992810596612  -0.624446373895868  6.226311970180331  0.9988313218128921  0.04109184627621878  0.025445053254458287  -13.545466845874442  0.04552967819680251  -0.6233039170501947  -0.7806531082325745  -4.633304862742322  0.0  0.0  0.0  1.0
36535719081735;3.6039393451346733;4.942271784418474;0.35574462485569147  0.3641226416160371  -0.8607325157961927  -5.069052094160573  0.9213123707953612  0.018019475285599218  0.38840547618418386  -0.9269820578636461  0.15693717630222126  -0.9311766751658843  -0.32906036273196887  12.596265076635229  0.0  0.0  0.0  1.0
36535719081766;4.290345428514503;2.556868384549772;0.2611253988903391  -0.891106254101427  0.3711376698149675  7.8505048720211335  -0.40592491166248973  -0.4501973233881236  -0.7953284454274023  0.3291523964241181  0.8758073373443273  0.05702643172680081  -0.47928018312710063  5.156131736338261  0.0  0.0  0.0  1.0
36535719081797;3.80649089162507;6.28982693073816;0.25212151226885515  0.7631964413704299  -0.5949503634176361  -0.7956677555786764  0.9405801663586282  -0.3377913642315006  -0.03472671742905065  -3.0797880908506037  -0.22747240207119832  -0.5508431592841411  -0.8030119053699175  -16.632533167486184  0.0  0.0  0.0  1.0
36535719081828;1.9802991795936433;0.019602727769828604;0.16555473018105427  -0.9838590781037362  0.0679186700955339  -2.241616818167043  0.9766253327511176  0.17313165466344513  0.12739069660798316  -1.916736978962535  -0.1370933650599034  0.04524096137755294  0.9895244639068751  1.9061034473130796  0.0  0.0  0.0  1.0
36535719081859;4.6068693402346454;4.275043214358483;-0.30136542466361443  0.779798448327514  -0.548719655929438  13.773037288692247  -0.7263821731055669  -0.5605548474803712  -0.3976772580380874  -2.8580808280322447  -0.6176955717922493  0.2787340003520542  0.7353635411386588  -1.856687135592495  0.0  0.0  0.0  1.0
36535719081890;4.508629332811153;1.1323241931654886;0.004997908605373108  0.4698949590721778  -0.8827081898046089  5.173024556673132  -0.9872943916786507  -0.13787931990300123  -0.07898783009406697  11.233029337289473  -0.15882318807232026  0.8718876192386511  0.4632355495305837  3.6142182533565292  0.0  0.0  0.0  1.0
36535719081921;2.2999981710951882;8.417501110950917;-0.8154596772307294  -0.5051391742140401  0.2825949919675032  18.4966485151834  0.578661190938744  -0.722689465767003  0.3779830183629407  -11.525156388177438  0.01329439401063906  0.4717566647581801  0.881628554632918  7.589172466917659  0.0  0.0  0.0  1.0
36535719081952;1.2152378562390587;3.4442209436449533;-0.5820881505063893  -0.6328245122670311  -0.5105942828842159  4.045192112021601  -0.12285093767150365  -0.5522879564174885  0.8245517935881458  11.63402028792803  -0.8037916596689001  0.5426888149484843  0.2437371903844921  -2.7523628688898123  0.0  0.0  0.0  1.0
36535719081983;1.4321260052918148;5.319471081171604;-0.371716081508329  -0.8694010829995543  0.32552866483198634  0.6018787967787169  0.5685468458476686  -0.490396317877152  -0.6605043039142128  4.675386360552643  0.7338812157459549  -0.060441776047148926  0.6765834411833511  -3.704621224343537  0.0  0.0  0.0  1.0
36535719082014;2.1446172376713286;1.5929605888796146;-0.4029989168792736  0.8072505029387231  0.4312058655669134  5.426518286356118  -0.8048442121789499  -0.5368973509173058  0.25291703916506847  0.18009430365308599  0.435680693990654  -0.24512825231530921  0.8660799459638031  -3.767956811921741  0.0  0.0  0.0  1.0
36535719082045;1.9741406690068724;0.014247356055195035;0.5163114314656757  -0.8551257545652609  -0.04671669527114559  0.7056198098023905  0.8469192238386454  0.5179296582025379  -0.12031914829630734  -5.523171004305154  0.12708396448966594  0.022556884390252246  0.9916354435659275  2.5096698308268355  0.0  0.0  0.0  1.0
36535719082076;2.7263856166451443;0.5058358871300241;-0.9237220642835638  0.20929141707469365  -0.3208343041112932  7.743394638363978  -0.19735351466059736  -0.9778527507720453  -0.06968204975927339  -4.71757360523212  -0.3283125617560508  -0.0010490693070956958  0.9445685582565033  1.9286052676044105  0.0  0.0  0.0  1.0
36535719082107;1.536577084651521;2.182244127149684;0.24830730244810306  0.851871223929231  -0.4611495434154301  5.087374715884263  -0.950536431055415  0.3059849508424103  0.05342006265815624  2.3815749788658587  0.18661183453194985  0.42507484952568186  0.8857129306458941  0.5519722124384698  0.0  0.0  0.0  1.0
36535719082138;2.448192473659257;1.9381858495860151;0.3702025313757531  0.8868630435452695  -0.27644896049109446  -2.831286731723304  0.9160135804615823  -0.2990140274555126  0.26741303594773974  -0.5884268350706074  0.15449662188196092  -0.3522279849450583  -0.9230743417778474  4.87927663656215  0.0  0.0  0.0  1.0
36535719082169;2.751939271344588;4.381704805155585;-0.9603754919901833  0.27599626284645  -0.03879403664748848  2.9055743006378676  0.27672307502515686  0.9608371354169032  -0.014708465333291454  13.88490855217695  0.03321526957943616  -0.02486085474461197  -0.9991389711987685  -3.1073056299182387  0.0  0.0  0.0  1.0
36535719082200;3.495996902324403;3.037607656974183;0.21602307785877747  0.42049691814609286  -0.8812016634471699  0.2111595996026242  -0.9761016855060451  0.07114181493036567  -0.2053395766058559  -10.724459193624087  -0.02365437347889704  0.9045005163061278  0.42581602437821575  3.1122771144506776  0.0  0.0  0.0  1.0
36535719082231;4.028218031238248;5.971300277018159;0.6504269400218303  -0.6950585265972766  -0.3063306062055523  -5.125218416776024  -0.7215402442301766  -0.4393775828395332  -0.5350953332391772  -14.089729523115972  0.23732777260593688  0.569070280635452  -0.7872957157557715  -0.2902909756641454  0.0  0.0  0.0  1.0
36535719082262;2.352339194995012;1.517917863290255;-0.6921788455981257  0.01018692199444203  -0.7216541223652262  7.257722435470561  0.3033916470468141  0.9113695523721138  -0.2781349447862932  3.704587015355082  0.6548602554810203  -0.4114629577851837  -0.6339213517164417  -5.653121375566332  0.0  0.0  0.0  1.0
36535719082293;4.915635355433878;5.153826429842672;0.4899599212375232  0.25356838808002086  -0.8340517658679347  2.4979974798856857  0.7495894753089686  0.36588882935561884  0.5515804411496119  11.573977188285097  0.44503358759417927  -0.8954487350592861  -0.010801332963075208  6.356413481687782  0.0  0.0  0.0  1.0
36535719082324;2.6136203318699214;0.20677877320423432;0.1788152314093132  0.9817675682866035  -0.0644791041861019  7.92143242742334  -0.9832821002765548  0.18061137884185388  0.023148242019024157  5.2174199368272385  0.03437185319066641  0.059261890734710096  0.9976505420310192  -4.062499325246277  0.0  0.0  0.0  1.0
36535719082355;2.6932219088290648;10.37084706705294;-0.7944445471595882  0.5713290269562226  0.20601214635465814  -8.091023285042974  -0.5888872645478249  -0.6416691638939624  -0.49139848774798156  -5.175088916603659  -0.1485585781494194  -0.5117067784042725  0.8462189561770308  3.164717668227085  0.0  0.0  0.0  1.0
36535719082386;4.785475193293865;1.504088297691282;-0.16802573385340175  0.9546209241006711  0.24589884918845584  3.395250293634358  -0.09561407461584737  0.2324870365278768  -0.9678882820769352  8.004580964491472  -0.9811347009959346  -0.18614152979834153  0.052211391342811664  1.3173847402581704  0.0  0.0  0.0  1.0
36535719082417;2.477038884971137;1.9530128594765448;0.8837454392676589  0.12781823107320886  -0.45017385350431904  2.689800441063773  -0.15283768790672908  0.988058932453305  -0.019498388511888315  -3.1604514721220687  0.44230604758350045  0.08603514284611269  0.8927280181928381  2.78039495214519  0.0  0.0  0.0  1.0
36535719082448;2.815184467780424;2.6267465384798165;-0.9467143892808269  0.319024705283719  0.044216541557056455  18.224336262036243  -0.24474467876005124  -0.8018393034026793  0.5451181282413424  -4.057342388473502  0.20936071108799287  0.505249412604648  0.8371924054334156  -2.175378310566027  0.0  0.0  0.0  1.0
36535719082479;3.430440585461284;5.390452816708062;0.7071304311546902  -0.701156896996589  0.09135403181631907  -10.0947599601034  0.047506852805475286  -0.08179465685222484  -0.9955163148070182  14.305499129939944  0.7054854018840513  0.7082998234536994  -0.02452973346690268  5.144096346380437  0.0  0.0  0.0  1.0
36535719082510;3.752685809770862;0.3883133553282427;-0.33709420743585705  -0.9392098758489777  -0.06520969575867219  1.088556879321794  0.9413497950578942  -0.33513035438993244  -0.03934728594120074  -4.5459321339405925  0.015101611094566161  -0.07464887590731492  0.9970955253475583  3.2648901368435093  0.0  0.0  0.0  1.0
36535719082541;1.6713742885955687;4.245386941396528;-0.852908337842994  -0.3438477020886853  0.39283091146984833  -0.9076347188420878  -0.34723317825791833  -0.1882555896140888  -0.9186887138176656  12.147188207589856  0.38984161803841044  -0.9199611898049735  0.04116943159446895  -0.4018281856228836  0.0  0.0  0.0  1.0
36535719082572;5.705872389959219;3.579747384380317;-0.8376883880104827  -0.5229374503271196  -0.15752646646760646  3.8997728267565606  -0.21309140012999667  0.5785224187631782  -0.7873397399973145  11.536457431042974  0.5028620285754695  -0.6259778223178298  -0.596054985872269  4.75533468227635  0.0  0.0  0.0  1.0
36535719082603;3.111669804062568;6.139969459264956;-0.7027106350656347  0.4189809195835542  0.575024132007146  5.220276446581746  0.6186469835643386  -0.039338779254288594  0.7846836115107333  3.2452749515837405  0.3513882085278295  0.9071424637132259  -0.2315575035188906  9.793668231006231  0.0  0.0  0.0  1.0
36535719082634;4.355140868473985;2.5641869708470693;-0.5664027120053812  -0.8132495460469751  -0.13346588960231962  12.628223540051225  -0.8184420130235136  0.5360772349145773  0.20681844580297887  -3.672165498359073  -0.09664698210998773  0.22637661995164163  -0.9692331952571068  4.492913367021762  0.0  0.0  0.0  1.0
36535719082665;2.7201030154491477;3.02243693040873;-0.5150124180807192  -0.013315405494907673  0.8570792899138076  3.774019220961532  -0.4546444058405663  0.8518923301166619  -0.25995753908337116  -5.008467910477452  -0.7266778333350542  -0.5235476653227575  -0.44478890349755873  0.24781241500750226  0.0  0.0  0.0  1.0
36535719082696;3.2991237738734345;3.153197042875989;-0.21423926731095874  0.9767812088463022  7.991758549895203e-05  4.452882466879192  0.9767437646859877  0.21423176959938672  -0.008738823797232979  0.32152084162169065  -0.008553039758319612  -0.0017941402041539028  -0.9999618125567696  -6.0635731096869865  0.0  0.0  0.0  1.0
36535719082727;1.2878238866021425;5.402276684719776;0.1197565210356944  0.9605262955690813  -0.2510928338080666  6.921664428465346  -0.8908081807143807  0.21561885887297227  0.3999616142464831  14.806718120586899  0.4383139979988804  0.1757775390050029  0.8814664462925301  11.870097079634133  0.0  0.0  0.0  1.0
36535719082758;3.2221881761895412;0.31098805348152997;-0.6423252536100962  0.7117713740443964  0.2842530205040539  11.267156141266998  -0.6980783299573247  -0.6964192364676076  0.166393786908847  0.2686901623569916  0.31639360584360476  -0.09155194246342542  0.9441998347873478  3.203504028165777  0.0  0.0  0.0  1.0
36535719082789;4.375691271181936;6.45974034381678;0.17646098996126772  0.9839503412784093  -0.026518765431116344  9.942337142814198  0.9569142514782125  -0.1777995740076508  -0.22957009125883532  -24.42899507693521  -0.23060059483830792  0.015133980996389658  -0.9729307931602431  10.24222981819193  0.0  0.0  0.0  1.0
36535719082820;2.9711958970592893;4.302358783922538;-0.8820851442179439  0.39630248962883413  -0.2546961622482699  10.009359987044308  -0.4366362151885544  -0.8907396332829588  0.12622092253170658  10.734339048522118  -0.17684630031703713  0.22254716896183643  0.9587482170263724  -3.734610640041317  0.0  0.0  0.0  1.0
36535719082851;3.748982682712409;7.122787630913736;-0.8726662518954679  -0.17417499120450214  -0.45619807676230606  2.0090060113497414  -0.4861797992872577  0.3972160610276792  0.7783627712234551  8.43046133815767  0.04563787426816884  0.901045211574073  -0.4313174134343711  -0.979942215594153  0.0  0.0  0.0  1.0
36535719082882;4.963661102647681;1.7905623239049042;0.686512957166787  0.2694173023642924  0.6753623300339316  -5.3479355306297895  0.6769471161281164  -0.575856176261322  -0.45840186106463077  3.3676244789094802  0.2654101761574729  0.7718833988682732  -0.5777139923384427  1.7458360073505108  0.0  0.0  0.0  1.0
36535719082913;2.817358654932551;2.633184138970708;0.2655398477264893  -0.9615382302944722  -0.07023404410659513  4.6303178855155505  -0.4999246880144521  -0.1996173296959332  0.8427503948374737  -5.761974706956203  -0.8243566555702974  -0.18867207892859866  -0.5337030551249591  11.473385365824393  0.0  0.0  0.0  1.0
36535719082944;2.334751411184137;1.4725552369463453;0.20094395498097772  0.5187613210611497  0.8309682417081257  6.149505380142842  0.9248782631419871  0.1790847705940231  -0.33545319093540865  -0.01101494672337755  -0.32283389742104907  0.8359517550147121  -0.4438050675282545  -0.125361035799457  0.0  0.0  0.0  1.0
36535719082975;3.599500676289258;2.103444821437714;-0.024463396197600462  -0.5312248595786452  0.8468776126525773  3.02623310342092  0.9723366860974805  0.18420315275054072  0.14363344800474165  -1.2134623404762557  -0.23229918449157166  0.8269639333625202  0.5120231848287158  6.817457245079863  0.0  0.0  0.0  1.0
36535719083006;4.488115034885534;5.875745242199608;0.5800325350515937  -0.7930275648059018  0.18619758252900115  0.62464064536305  0.5894997523942764  0.2508907138651861  -0.7678176161194179  2.4413267045075284  0.5621852899255814  0.5551226271322757  0.6130143298790426  -0.01763436901844462  0.0  0.0  0.0  1.0
36535719083037;2.300426924388642;4.839224608510454;-0.3001460059681742  0.9377398906811294  -0.1748035254984776  9.168724549434106  -0.894142840917934  -0.2127433948423379  0.39401627883396384  9.878338519501835  0.33229648679539125  0.27456173327013594  0.9023274901537351  -2.3197847706901764  0.0  0.0  0.0  1.0
36535719083068;5.209340635066207;0.014180403156602506;0.5131662148842607  0.858274866043104  -0.0049689254426217855  -3.7595870239404174  -0.8579985865670984  0.5128331767207567  -0.028992383540511812  0.9176677999708183  -0.022335204279874676  0.019141242728484047  0.99956728211591  7.489945564390377  0.0  0.0  0.0  1.0
36535719083099;3.2857786138404523;3.996477980865885;0.8574118618981821  -0.4995855266802597  0.12352813690774968  9.202022467674139  -0.49523057209960003  -0.7356836699249567  0.4620781516839437  4.040895372758686  -0.13996992367717823  -0.45736619828902353  -0.87819393138899  2.9253046011567734  0.0  0.0  0.0  1.0
