# registration_from_features.py TEASER TEASER_config.json euclidean --input_txt=/neural_comparison/point_clouds_registration_benchmark//tum/long_office_household_global.txt --input_pcd_dir=/neural_comparison/point_clouds_registration_benchmark//tum/long_office_household/ --input_features_dir=/neural_comparison/experiments/3DFeatNet/test//tum/long_office_household/ --output_dir=/root/neural_registration_comparison/results/3DFeatNet/TEASER/
id;initial_error;final_error;transformation
26456013410030;24.056836472779853;inf;1.099046065394941e+248  6.755932563977788e+173  1.333602988149934e+241  4.55088848384e-313  1.0990465988198181e+248  2.5964120757041537e+180  1.2736218737384e-310  4.24061826579953e+231  6.076149911784313e+228  5.39984197983e-313  1.4697226991737707e-200  1.7094510279215433e+243  0.0  0.0  0.0  1.0
26456013410061;16.110941053263648;inf;1.099046065394941e+248  6.755932563977788e+173  1.333602988149934e+241  4.55088848384e-313  1.0990465988198181e+248  2.5964120757041537e+180  1.2736218737384e-310  4.24061826579953e+231  6.076149911784313e+228  5.39984197983e-313  1.4697226991737707e-200  1.7094510279215433e+243  0.0  0.0  0.0  1.0
26456013410092;32.82719740492137;32.82719740492137;1.0  0.0  0.0  0.0  0.0  1.0  0.0  0.0  0.0  0.0  1.0  0.0  0.0  0.0  0.0  1.0
26456013410123;8.030007789245241;1.9833106690981308;0.5769816559859702  0.6711340327252385  0.46547962229688006  1.680546372477692  -0.815721344988052  0.444815441749403  0.36978089473655495  -2.4846564415258947  0.0411200192919591  -0.5930584565616127  0.8041087060305883  3.4311042436547683  0.0  0.0  0.0  1.0
26456013410154;21.220771897058373;2.188367742301688;-0.9075734124699485  0.3889713058626834  0.15815126997002388  -2.686453435955587  0.06343073653296219  -0.24531878690612924  0.9673650988400354  0.36634932331737396  0.41507474343850237  0.8879864953964021  0.19797207215432577  9.135118728788317  0.0  0.0  0.0  1.0
26456013410185;19.26200113698659;9.68354354783435;0.468052830209032  0.8835847164775618  -0.014303738692459139  -9.134395348723093  0.883589250547457  -0.46818941621361637  -0.008288960280802893  -9.56931990717508  -0.014020857687701551  -0.008758958432376585  -0.9998633387602934  -4.021831685563908  0.0  0.0  0.0  1.0
26456013410216;50.426729253589905;92.33315803911529;0.468052830209032  0.8835847164775618  -0.014303738692459139  -9.134395348723093  0.883589250547457  -0.46818941621361637  -0.008288960280802893  -9.56931990717508  -0.014020857687701551  -0.008758958432376585  -0.9998633387602934  -4.021831685563908  0.0  0.0  0.0  1.0
26456013410247;16.43598563955728;23.240381209903102;0.468052830209032  0.8835847164775618  -0.014303738692459139  -9.134395348723093  0.883589250547457  -0.46818941621361637  -0.008288960280802893  -9.56931990717508  -0.014020857687701551  -0.008758958432376585  -0.9998633387602934  -4.021831685563908  0.0  0.0  0.0  1.0
26456013410278;4.451095854873883;4.40666047084447;-0.33100383734296546  -0.4962844256124954  -0.8025822254191202  -0.18929749308392463  -0.5826024829517121  0.7765437972129661  -0.23990430981657726  3.0515590618128856  0.7423010215018784  0.3881771501576873  -0.5461755153544732  -0.705122252111272  0.0  0.0  0.0  1.0
26456013410309;14.843187227628507;15.41964535149848;-0.33100383734296546  -0.4962844256124954  -0.8025822254191202  -0.18929749308392463  -0.5826024829517121  0.7765437972129661  -0.23990430981657726  3.0515590618128856  0.7423010215018784  0.3881771501576873  -0.5461755153544732  -0.705122252111272  0.0  0.0  0.0  1.0
26456013410340;36.61625219677321;1.4219388126012469;0.9265016058861006  0.03342514944835806  0.3748033266592385  -7.075860493157901  -0.3101740144228189  0.6317636129116021  0.7103990555861632  1.6470053358916366  -0.21304190918058796  -0.7744401182694725  0.5956976146900839  -13.081234299207047  0.0  0.0  0.0  1.0
26456013410371;16.775870467996327;33.193125862299375;0.9265016058861006  0.03342514944835806  0.3748033266592385  -7.075860493157901  -0.3101740144228189  0.6317636129116021  0.7103990555861632  1.6470053358916366  -0.21304190918058796  -0.7744401182694725  0.5956976146900839  -13.081234299207047  0.0  0.0  0.0  1.0
26456013410402;13.98992247418953;22.86738079187005;0.9265016058861006  0.03342514944835806  0.3748033266592385  -7.075860493157901  -0.3101740144228189  0.6317636129116021  0.7103990555861632  1.6470053358916366  -0.21304190918058796  -0.7744401182694725  0.5956976146900839  -13.081234299207047  0.0  0.0  0.0  1.0
26456013410433;17.58225518951724;12.21372078710465;0.9265016058861006  0.03342514944835806  0.3748033266592385  -7.075860493157901  -0.3101740144228189  0.6317636129116021  0.7103990555861632  1.6470053358916366  -0.21304190918058796  -0.7744401182694725  0.5956976146900839  -13.081234299207047  0.0  0.0  0.0  1.0
26456013410464;29.267796526965547;47.94495322913356;0.9265016058861006  0.03342514944835806  0.3748033266592385  -7.075860493157901  -0.3101740144228189  0.6317636129116021  0.7103990555861632  1.6470053358916366  -0.21304190918058796  -0.7744401182694725  0.5956976146900839  -13.081234299207047  0.0  0.0  0.0  1.0
26456013410495;22.000074074649238;48.12460711822377;0.9265016058861006  0.03342514944835806  0.3748033266592385  -7.075860493157901  -0.3101740144228189  0.6317636129116021  0.7103990555861632  1.6470053358916366  -0.21304190918058796  -0.7744401182694725  0.5956976146900839  -13.081234299207047  0.0  0.0  0.0  1.0
26456013410526;28.53243280520365;48.13002111701284;0.9265016058861006  0.03342514944835806  0.3748033266592385  -7.075860493157901  -0.3101740144228189  0.6317636129116021  0.7103990555861632  1.6470053358916366  -0.21304190918058796  -0.7744401182694725  0.5956976146900839  -13.081234299207047  0.0  0.0  0.0  1.0
26456013410557;13.431394888809669;1.4920731864539507;0.9303262537592901  -0.12556032024323893  -0.3445688139495806  -2.08837596726305  0.07668856490248603  0.9853977266681955  -0.1520203416992269  -5.465794865619392  0.35862504873391465  0.11500402713630396  0.926370416282294  -4.951365980755522  0.0  0.0  0.0  1.0
26456013410588;23.13991134769726;1.7530834987805335;0.6334942214277325  -0.7483382493869539  0.1966594414772403  -6.421922438851408  0.7079623662657353  0.45804291686666243  -0.5375741569864579  13.551058043523096  0.3122088393513096  0.4797776055765308  0.8199628588040798  -2.5501091983623816  0.0  0.0  0.0  1.0
26456013410619;11.220211835576826;1.656511458283716;0.39726921432550666  -0.9167875925873072  -0.04095950960600353  -6.726638961247721  0.8779011132568046  0.3666590132665231  0.3079785760939908  -0.9358645341009432  -0.2673327639696587  -0.15830880603551128  0.9505111862781799  -3.140992019777165  0.0  0.0  0.0  1.0
26456013410650;8.379680664534527;8.379680664534527;1.0  0.0  0.0  0.0  0.0  1.0  0.0  0.0  0.0  0.0  1.0  0.0  0.0  0.0  0.0  1.0
26456013410681;3.751139155323144;0.7569122908530165;-0.005393869309440219  -0.9999142229566614  0.011935363540718114  -2.2835201670458565  0.9959440960722677  -0.006443662381401066  -0.08974317084830835  0.5890574173160205  0.08981238039750872  0.011402891917883864  0.9958934232051351  -1.4138008943973237  0.0  0.0  0.0  1.0
26456013410712;8.36841917267873;0.27784379642268253;-0.47089203635696436  0.8800064555998056  -0.06204295446106509  -2.8432346194531712  -0.8637514118882894  -0.4742118646631554  -0.1704599832033314  -3.8587896844910325  -0.17942739076455844  -0.02667855909452438  0.983409409111008  8.1545117823449  0.0  0.0  0.0  1.0
26456013410743;2.3847560530595797;2.373993124793313;0.19098047009631303  0.43963139170144744  -0.8776392763957411  -0.7650180163557881  0.9175394181695246  -0.3976445553792283  0.00047295072269844403  -0.9132259064939098  -0.34878055586130596  -0.8053589553782242  -0.4793214754683688  1.1827995216551608  0.0  0.0  0.0  1.0
26456013410774;15.963195035722586;15.576802459814713;0.19098047009631303  0.43963139170144744  -0.8776392763957411  -0.7650180163557881  0.9175394181695246  -0.3976445553792283  0.00047295072269844403  -0.9132259064939098  -0.34878055586130596  -0.8053589553782242  -0.4793214754683688  1.1827995216551608  0.0  0.0  0.0  1.0
26456013410805;5.1512682190192525;4.886772904001201;0.19098047009631303  0.43963139170144744  -0.8776392763957411  -0.7650180163557881  0.9175394181695246  -0.3976445553792283  0.00047295072269844403  -0.9132259064939098  -0.34878055586130596  -0.8053589553782242  -0.4793214754683688  1.1827995216551608  0.0  0.0  0.0  1.0
26456013410836;18.642995246390836;22.364083767354305;0.19098047009631303  0.43963139170144744  -0.8776392763957411  -0.7650180163557881  0.9175394181695246  -0.3976445553792283  0.00047295072269844403  -0.9132259064939098  -0.34878055586130596  -0.8053589553782242  -0.4793214754683688  1.1827995216551608  0.0  0.0  0.0  1.0
26456013410867;29.507135292695715;1.3953412611502385;-0.29069498539252253  0.05168422004370907  0.9554188436838134  -9.255812637752737  -0.14184107109863806  -0.9898349196244988  0.010389535194290521  -3.7899394010082683  0.9462439093686325  -0.13249744635439495  0.2950709926311498  3.9639121916302913  0.0  0.0  0.0  1.0
26456013410898;5.642843118076654;0.6040024360125567;-0.9994184764154337  0.02701111838071743  0.02081125857023641  -0.09679233783519625  -0.0332867028412476  -0.9052250793172397  -0.4236266648702085  0.21128038068489924  0.0073962431958961225  -0.42407305415331514  0.9055977806552237  3.497345629487153  0.0  0.0  0.0  1.0
26456013410929;7.924184270643275;1.9320946712272176;-0.9231816217116086  0.09700341232817668  0.37192207696050383  0.4330026158803493  0.1219739311936474  0.9915508854198753  0.04414976480377772  -3.1316569484383368  -0.3644969868779337  0.08612304929431652  -0.9272134419523677  2.8406157476024747  0.0  0.0  0.0  1.0
26456013410960;5.477806233433959;2.034822108277613;-0.9648012925304179  0.2561188687008866  0.059679066908028267  -4.987154517578295  0.24092634201488272  0.9518005915593373  -0.1898160468206629  4.960521294563837  -0.10541804235975327  -0.16875650803057723  -0.9800042231247594  -0.35049203456509165  0.0  0.0  0.0  1.0
26456013410991;10.096749814870382;6.095872215822865;0.8273201810942392  -0.18992995959674508  0.5286472627393181  -2.3906469630139444  -0.07998434549534464  0.8916848907023281  0.44553401684816196  6.0010539850644395  -0.5560070345147408  -0.41088278881057505  0.7225174817465444  3.2299428058953077  0.0  0.0  0.0  1.0
26456013411022;35.36518793250331;35.36518793250331;1.0  0.0  0.0  0.0  0.0  1.0  0.0  0.0  0.0  0.0  1.0  0.0  0.0  0.0  0.0  1.0
26456013411053;24.5254343392253;12.570113795083516;0.943147831085784  -0.1440404833623672  -0.2995404945427527  1.470127036441009  -0.003522591350117621  0.8968339652161947  -0.4423532866214257  -15.413856939348973  0.33235487068547875  0.4182597016057521  0.8453396133769584  6.2088815570627895  0.0  0.0  0.0  1.0
26456013411084;24.922393186294816;65.38823312786283;0.943147831085784  -0.1440404833623672  -0.2995404945427527  1.470127036441009  -0.003522591350117621  0.8968339652161947  -0.4423532866214257  -15.413856939348973  0.33235487068547875  0.4182597016057521  0.8453396133769584  6.2088815570627895  0.0  0.0  0.0  1.0
26456013411115;40.938989354120714;88.30133770426696;0.943147831085784  -0.1440404833623672  -0.2995404945427527  1.470127036441009  -0.003522591350117621  0.8968339652161947  -0.4423532866214257  -15.413856939348973  0.33235487068547875  0.4182597016057521  0.8453396133769584  6.2088815570627895  0.0  0.0  0.0  1.0
26456013411146;41.67514629420138;41.67514629420138;1.0  0.0  0.0  0.0  0.0  1.0  0.0  0.0  0.0  0.0  1.0  0.0  0.0  0.0  0.0  1.0
26456013411177;4.1746707975987976;41.75136664341234;0.943147831085784  -0.1440404833623672  -0.2995404945427527  1.470127036441009  -0.003522591350117621  0.8968339652161947  -0.4423532866214257  -15.413856939348973  0.33235487068547875  0.4182597016057521  0.8453396133769584  6.2088815570627895  0.0  0.0  0.0  1.0
26456013411208;35.325158197734496;3.0557271041437386;-0.1373025539149615  0.9904996856579955  -0.007640772201888433  11.259512164287267  0.9844845283297737  0.13560972729523307  -0.11135625416749118  4.9901258426449635  -0.10926217171432878  -0.022811720108851498  -0.993751177739148  0.7245572589850356  0.0  0.0  0.0  1.0
26456013411239;38.287446358366964;74.616042881742;-0.1373025539149615  0.9904996856579955  -0.007640772201888433  11.259512164287267  0.9844845283297737  0.13560972729523307  -0.11135625416749118  4.9901258426449635  -0.10926217171432878  -0.022811720108851498  -0.993751177739148  0.7245572589850356  0.0  0.0  0.0  1.0
26456013411270;39.86833487442807;2.427559026239619;-0.47128150499955757  -0.24445969608832707  -0.8474274010402039  -5.246608950100093  0.7465523037110366  -0.6221776276536339  -0.23570035526286276  1.5520468030317573  -0.46963113277240853  -0.743730096631633  0.47572275801689967  13.855114262770687  0.0  0.0  0.0  1.0
26456013411301;37.42145376735778;1.1927152281218145;0.8842261069108593  -0.17347121823152067  0.4336495454886798  11.055411029533927  0.18232544817159527  0.9830040247567222  0.02145968921286944  4.709348181703832  -0.4300018869799217  0.06009013028241961  0.9008260394972767  5.368407944723195  0.0  0.0  0.0  1.0
26456013411332;43.158266358040244;43.158266358040244;1.0  0.0  0.0  0.0  0.0  1.0  0.0  0.0  0.0  0.0  1.0  0.0  0.0  0.0  0.0  1.0
26456013411363;34.12568423335386;47.216167687322965;0.8842261069108593  -0.17347121823152067  0.4336495454886798  11.055411029533927  0.18232544817159527  0.9830040247567222  0.02145968921286944  4.709348181703832  -0.4300018869799217  0.06009013028241961  0.9008260394972767  5.368407944723195  0.0  0.0  0.0  1.0
26456013411394;6.137811103386027;15.214335250643863;0.8842261069108593  -0.17347121823152067  0.4336495454886798  11.055411029533927  0.18232544817159527  0.9830040247567222  0.02145968921286944  4.709348181703832  -0.4300018869799217  0.06009013028241961  0.9008260394972767  5.368407944723195  0.0  0.0  0.0  1.0
26456013411425;9.98424384019515;15.492055718211077;0.8842261069108593  -0.17347121823152067  0.4336495454886798  11.055411029533927  0.18232544817159527  0.9830040247567222  0.02145968921286944  4.709348181703832  -0.4300018869799217  0.06009013028241961  0.9008260394972767  5.368407944723195  0.0  0.0  0.0  1.0
26456013411456;3.553039626498096;18.50039794502147;0.8842261069108593  -0.17347121823152067  0.4336495454886798  11.055411029533927  0.18232544817159527  0.9830040247567222  0.02145968921286944  4.709348181703832  -0.4300018869799217  0.06009013028241961  0.9008260394972767  5.368407944723195  0.0  0.0  0.0  1.0
26456013411487;8.907789434141892;42.99146033556717;0.8842261069108593  -0.17347121823152067  0.4336495454886798  11.055411029533927  0.18232544817159527  0.9830040247567222  0.02145968921286944  4.709348181703832  -0.4300018869799217  0.06009013028241961  0.9008260394972767  5.368407944723195  0.0  0.0  0.0  1.0
26456013411518;13.190832874792818;1.5083527627825284;-0.9441921550473067  -0.18430364855445458  -0.2730079476437246  -6.517241108055763  0.24428883580290686  -0.9477778540028997  -0.20503683611419313  -5.861616860490113  -0.22096184975959776  -0.2602869658495679  0.9399077382167055  3.5481639065399504  0.0  0.0  0.0  1.0
26456013411549;11.678534346863168;11.678534346863168;1.0  0.0  0.0  0.0  0.0  1.0  0.0  0.0  0.0  0.0  1.0  0.0  0.0  0.0  0.0  1.0
26456013411580;28.01403905500884;28.01403905500884;1.0  0.0  0.0  0.0  0.0  1.0  0.0  0.0  0.0  0.0  1.0  0.0  0.0  0.0  0.0  1.0
26456013411611;4.839169248689441;2.1930437500399376;-0.12208913306394967  -0.3505350078922914  0.9285577267082776  -0.884686751954532  0.8166290230001902  0.496249546962858  0.29470905302164185  1.1058685227962968  -0.5641021914347151  0.7942679619505684  0.22567038405037287  -2.4118302630078  0.0  0.0  0.0  1.0
26456013411642;15.458613024673555;2.093037520722083;-0.46117875603190567  -0.3912015278953983  0.7964141633328539  0.4163451285991484  0.668182180484925  -0.7436833959069304  0.021623605960780626  3.0055681617964813  0.5838208018452882  0.5421220999227403  0.6043648733241227  5.577866786058897  0.0  0.0  0.0  1.0
26456013411673;20.589511477104207;29.19994786458022;-0.46117875603190567  -0.3912015278953983  0.7964141633328539  0.4163451285991484  0.668182180484925  -0.7436833959069304  0.021623605960780626  3.0055681617964813  0.5838208018452882  0.5421220999227403  0.6043648733241227  5.577866786058897  0.0  0.0  0.0  1.0
26456013411704;7.41267435151194;13.561858975211448;-0.46117875603190567  -0.3912015278953983  0.7964141633328539  0.4163451285991484  0.668182180484925  -0.7436833959069304  0.021623605960780626  3.0055681617964813  0.5838208018452882  0.5421220999227403  0.6043648733241227  5.577866786058897  0.0  0.0  0.0  1.0
26456013411735;21.757255182572877;27.391253758862838;-0.46117875603190567  -0.3912015278953983  0.7964141633328539  0.4163451285991484  0.668182180484925  -0.7436833959069304  0.021623605960780626  3.0055681617964813  0.5838208018452882  0.5421220999227403  0.6043648733241227  5.577866786058897  0.0  0.0  0.0  1.0
26456013411766;12.304723833976745;10.35506551104107;0.8584378951852905  0.4955494545877749  -0.13234469452005662  -9.687483044944287  0.49409826179896166  -0.8681917273527718  -0.045935087280371385  0.5602772060775787  -0.13766367638957275  -0.025958863880559915  -0.9901388031932378  -4.137987659428466  0.0  0.0  0.0  1.0
26456013411797;8.573971267035956;30.615181792167764;0.8584378951852905  0.4955494545877749  -0.13234469452005662  -9.687483044944287  0.49409826179896166  -0.8681917273527718  -0.045935087280371385  0.5602772060775787  -0.13766367638957275  -0.025958863880559915  -0.9901388031932378  -4.137987659428466  0.0  0.0  0.0  1.0
26456013411828;17.226941609016762;1.553474120879855;0.6967239668340164  0.7158521071363426  -0.04616789736961774  1.0180110108413896  -0.716661985854246  0.6974191836377094  -0.0014423333733104924  0.6096329746714302  0.031165879909310967  0.03409168524097522  0.9989326528484836  6.660967870390762  0.0  0.0  0.0  1.0
26456013411859;33.57411777214782;2.0927204044019874;0.6201337945857877  -0.7110724133585736  -0.33137607000664115  1.1193049088015772  0.6178827550638644  0.7029863219437514  -0.35218053914815517  10.199338227266198  0.48337871054414594  0.013647495023274565  0.875304957184791  1.6182772314442746  0.0  0.0  0.0  1.0
26456013411890;15.597182184778172;1.7835657566506133;0.7820166268239717  -0.5587351348368002  -0.27616126533198004  -0.27769075280498334  -0.347747687392669  -0.02344565386518438  -0.9372949627667297  9.746332133133091  0.5172248459653772  0.8290146864885671  -0.21263374215386205  0.398026740870416  0.0  0.0  0.0  1.0
26456013411921;20.61504111605992;1.2215478431928688;0.009327949868687159  -0.9698974195245126  0.24333512888799758  -6.180503332225985  0.9999483218592544  0.01003127684078306  0.0016513920808182102  -0.33185457808258867  -0.004042642960771929  0.24330714967841513  0.9699408682766475  -7.163807535799873  0.0  0.0  0.0  1.0
26456013411952;12.058834581084366;12.058834581084366;1.0  0.0  0.0  0.0  0.0  1.0  0.0  0.0  0.0  0.0  1.0  0.0  0.0  0.0  0.0  1.0
26456013411983;10.451393430494422;8.238389688098758;0.009327949868687159  -0.9698974195245126  0.24333512888799758  -6.180503332225985  0.9999483218592544  0.01003127684078306  0.0016513920808182102  -0.33185457808258867  -0.004042642960771929  0.24330714967841513  0.9699408682766475  -7.163807535799873  0.0  0.0  0.0  1.0
26456013412014;47.38630036713764;2.485219990941976;-0.6119043434185545  0.33206941161145576  0.7178460701135929  -5.515934838442084  0.35774644149754353  -0.6932477764681487  0.625639675866079  4.013153448819437  0.7054009909982779  0.6396385122035644  0.30540467515193404  -11.770955054487432  0.0  0.0  0.0  1.0
26456013412045;9.223414713956423;22.61101946533825;-0.6119043434185545  0.33206941161145576  0.7178460701135929  -5.515934838442084  0.35774644149754353  -0.6932477764681487  0.625639675866079  4.013153448819437  0.7054009909982779  0.6396385122035644  0.30540467515193404  -11.770955054487432  0.0  0.0  0.0  1.0
26456013412076;30.520242091779032;25.896503231226067;-0.6119043434185545  0.33206941161145576  0.7178460701135929  -5.515934838442084  0.35774644149754353  -0.6932477764681487  0.625639675866079  4.013153448819437  0.7054009909982779  0.6396385122035644  0.30540467515193404  -11.770955054487432  0.0  0.0  0.0  1.0
26456013412107;33.69151947690923;56.46860398959075;-0.6119043434185545  0.33206941161145576  0.7178460701135929  -5.515934838442084  0.35774644149754353  -0.6932477764681487  0.625639675866079  4.013153448819437  0.7054009909982779  0.6396385122035644  0.30540467515193404  -11.770955054487432  0.0  0.0  0.0  1.0
26456013412138;28.73843283987377;30.136304830797833;-0.6119043434185545  0.33206941161145576  0.7178460701135929  -5.515934838442084  0.35774644149754353  -0.6932477764681487  0.625639675866079  4.013153448819437  0.7054009909982779  0.6396385122035644  0.30540467515193404  -11.770955054487432  0.0  0.0  0.0  1.0
26456013412169;6.10829587109351;1.775906044578173;0.7890598643252376  -0.08116569268074494  0.6089307520914774  2.3513651021016972  0.1276360607842565  0.9912630788015955  -0.03326476502637012  -0.06277843002313638  -0.6009106143999413  0.10396941346586934  0.7925255797544  0.4910830180323564  0.0  0.0  0.0  1.0
26456013412200;27.398770435044117;27.398770435044117;1.0  0.0  0.0  0.0  0.0  1.0  0.0  0.0  0.0  0.0  1.0  0.0  0.0  0.0  0.0  1.0
26456013412231;11.304933685245452;18.82445746444787;0.7890598643252376  -0.08116569268074494  0.6089307520914774  2.3513651021016972  0.1276360607842565  0.9912630788015955  -0.03326476502637012  -0.06277843002313638  -0.6009106143999413  0.10396941346586934  0.7925255797544  0.4910830180323564  0.0  0.0  0.0  1.0
26456013412262;22.777914718070324;1.669285301869812;0.5233462271988457  0.8415843255399021  -0.13358349255160132  -4.086298700698898  -0.8292477243449566  0.5390792724327974  0.1474508382547835  -1.1507876414932925  0.19610440623669428  0.03360596731051865  0.9800069901871511  7.903224844106727  0.0  0.0  0.0  1.0
26456013412293;30.28145528198315;0.7180999783530477;-0.033060061007792144  0.010945556459194677  0.9993934296161648  7.348770207332592  0.7113738755824639  -0.7021199255803295  0.031222095411068497  0.3914340272714614  0.702035783635668  0.7119745816367824  0.015425744655688134  0.3228921062911004  0.0  0.0  0.0  1.0
26456013412324;27.91236336482207;1.0687945594250108;0.9516690058235836  0.08795251990662598  0.2942625657415936  -8.42203366047733  -0.11650847369646825  0.9898869793419691  0.08092925111571683  -0.6859173477152993  -0.2841687507655803  -0.1113019423519011  0.9522919713601617  -8.298697794443198  0.0  0.0  0.0  1.0
26456013412355;17.58982192427501;1.9688472158380272;-0.6341192105299924  0.3959527695435211  0.6641643103386647  2.445243761059202  0.3574476593438358  -0.6115473311779265  0.7058619075702899  -1.594752436438155  0.6856558886689679  0.6850045737219355  0.24626152016422975  5.773205603984948  0.0  0.0  0.0  1.0
26456013412386;20.348425974718353;1.5134407721273622;0.5817385642147533  0.2643705571896441  0.7692128778151042  -7.120435620603494  0.4245372741609968  -0.9053562642492738  -0.009906443991151988  -4.2560366344385265  0.693792725353407  0.3323224989010468  -0.6389158089849207  1.9639451462495858  0.0  0.0  0.0  1.0
26456013412417;25.453268783191263;34.565044533698966;0.5817385642147533  0.2643705571896441  0.7692128778151042  -7.120435620603494  0.4245372741609968  -0.9053562642492738  -0.009906443991151988  -4.2560366344385265  0.693792725353407  0.3323224989010468  -0.6389158089849207  1.9639451462495858  0.0  0.0  0.0  1.0
26456013412448;11.55255178167472;7.874587309576258;0.3937148194931026  -0.8386694393999521  -0.3763272675851212  1.7126356013711646  -0.035041304577814764  -0.4227883923434308  0.9055507066272667  -5.134924960262788  -0.9185645039326298  -0.34334173459721884  -0.19584612684139185  6.732892161352681  0.0  0.0  0.0  1.0
26456013412479;15.024610821793486;15.024610821793486;1.0  0.0  0.0  0.0  0.0  1.0  0.0  0.0  0.0  0.0  1.0  0.0  0.0  0.0  0.0  1.0
26456013412510;44.598779289077456;44.598779289077456;1.0  0.0  0.0  0.0  0.0  1.0  0.0  0.0  0.0  0.0  1.0  0.0  0.0  0.0  0.0  1.0
26456013412541;25.55960109614438;51.40571877217258;0.3937148194931026  -0.8386694393999521  -0.3763272675851212  1.7126356013711646  -0.035041304577814764  -0.4227883923434308  0.9055507066272667  -5.134924960262788  -0.9185645039326298  -0.34334173459721884  -0.19584612684139185  6.732892161352681  0.0  0.0  0.0  1.0
26456013412572;11.855425981755449;0.5620057662532829;0.8839167277336214  0.4623158734138933  0.07039354815774085  -2.9882419191855827  -0.4567295523649038  0.8857817085097556  -0.08239466527690664  -10.157375361364103  -0.10044567899736584  0.040679209174807725  0.9941105911877568  0.18462988227636898  0.0  0.0  0.0  1.0
26456013412603;9.681681139268411;15.545723702316032;0.8839167277336214  0.4623158734138933  0.07039354815774085  -2.9882419191855827  -0.4567295523649038  0.8857817085097556  -0.08239466527690664  -10.157375361364103  -0.10044567899736584  0.040679209174807725  0.9941105911877568  0.18462988227636898  0.0  0.0  0.0  1.0
26456013412634;52.58463844912728;1.7184808827684963;-0.5965380836085582  -0.7579230020368217  -0.26399817762272726  -2.763643017039635  0.5804169291075233  -0.6345809512514778  0.5103167689917336  1.1866385058557345  -0.5543090322284328  0.1511943758618743  0.8184630458962193  -14.890396097472598  0.0  0.0  0.0  1.0
26456013412665;17.137251027096553;17.137251027096553;1.0  0.0  0.0  0.0  0.0  1.0  0.0  0.0  0.0  0.0  1.0  0.0  0.0  0.0  0.0  1.0
26456013412696;25.9043647789081;2.620799648671729;-0.9784684259444667  0.04572586424923493  -0.20126769429895713  -5.79630480537018  -0.20185364263858263  -0.4154719197788859  0.8869262600852356  5.605624679677404  -0.043065605572118526  0.9084559588741263  0.4157560876316774  -7.2216844526464605  0.0  0.0  0.0  1.0
26456013412727;23.252492129236515;1.1151473545815405;0.6705010819672812  -0.22810010212155002  -0.7059735423462014  5.848092225200208  0.12560508878828913  0.9727283460694482  -0.19499468306464646  1.7874154754336506  0.7311987833354152  0.04207027650413489  0.6808659420794042  -5.543314749049077  0.0  0.0  0.0  1.0
26456013412758;14.13602399426325;6.519958193423081;0.6705010819672812  -0.22810010212155002  -0.7059735423462014  5.848092225200208  0.12560508878828913  0.9727283460694482  -0.19499468306464646  1.7874154754336506  0.7311987833354152  0.04207027650413489  0.6808659420794042  -5.543314749049077  0.0  0.0  0.0  1.0
26456013412789;4.621604133291701;1.5131018272569634;0.5938716689106069  -0.041633092146739076  0.8034818768980616  -0.9798833660726943  0.27814727672966644  -0.9264589029413554  -0.25359020802974785  2.60308742666486  0.7549506827026524  0.3740863360228513  -0.5386175636644219  0.9975544624691913  0.0  0.0  0.0  1.0
26456013412820;35.801682263906;36.00053714485614;0.5938716689106069  -0.041633092146739076  0.8034818768980616  -0.9798833660726943  0.27814727672966644  -0.9264589029413554  -0.25359020802974785  2.60308742666486  0.7549506827026524  0.3740863360228513  -0.5386175636644219  0.9975544624691913  0.0  0.0  0.0  1.0
26456013412851;14.022145789999549;13.094360890278468;0.5938716689106069  -0.041633092146739076  0.8034818768980616  -0.9798833660726943  0.27814727672966644  -0.9264589029413554  -0.25359020802974785  2.60308742666486  0.7549506827026524  0.3740863360228513  -0.5386175636644219  0.9975544624691913  0.0  0.0  0.0  1.0
26456013412882;2.3936762370407902;4.9568474391799;0.5938716689106069  -0.041633092146739076  0.8034818768980616  -0.9798833660726943  0.27814727672966644  -0.9264589029413554  -0.25359020802974785  2.60308742666486  0.7549506827026524  0.3740863360228513  -0.5386175636644219  0.9975544624691913  0.0  0.0  0.0  1.0
26456013412913;12.272824290791716;6.44920529974145;0.07923585500117199  0.8897298131829239  -0.4495581595474749  -0.10884488638463496  0.9927217366540445  -0.11145696780302324  -0.04561685985174923  8.822746669782838  -0.09069306950815773  -0.4426716659801432  -0.892085513435541  7.702329630115692  0.0  0.0  0.0  1.0
26456013412944;7.817464008253767;1.0145119391718493;0.2609939255355479  0.9653286374766686  0.004774149241866903  -8.21665891147342  0.29346322235580075  -0.07462961214101595  -0.9530528621835381  -2.2698235852450184  -0.9196529279886493  0.25014204496469666  -0.30276632802011627  1.836054142207558  0.0  0.0  0.0  1.0
26456013412975;18.958736180574377;2.8365775132313624;-0.06460244364950127  -0.9891343855987135  -0.13205942412705401  -8.908902590949413  -0.8754221563017341  0.11969891044225517  -0.46830355443340305  -4.082416256770831  0.47902251776981764  0.08535419184312579  -0.8736429988297686  -2.9696839148703558  0.0  0.0  0.0  1.0
26456013413006;18.3212344447247;1.6720700262925978;-0.059876384096397464  0.4592280609851022  0.8862981477084357  -2.848362875693812  0.006684909458237905  -0.8876868159130701  0.46039920595028216  0.607352845127706  0.9981834153165821  0.03349186256359039  0.05008157873855157  8.37171744732699  0.0  0.0  0.0  1.0
26456013413037;17.624013468308494;1.4804604407273065;0.7974094105065573  0.601533753761924  0.04791007326933798  -0.9081259506697452  0.4307699336430034  -0.5118410966064117  -0.7432738096381092  4.392976655474034  -0.4225819403438661  0.613331749471552  -0.6672695623099997  9.947024363656903  0.0  0.0  0.0  1.0
26456013413068;25.751269723182936;15.752517270084583;0.7974094105065573  0.601533753761924  0.04791007326933798  -0.9081259506697452  0.4307699336430034  -0.5118410966064117  -0.7432738096381092  4.392976655474034  -0.4225819403438661  0.613331749471552  -0.6672695623099997  9.947024363656903  0.0  0.0  0.0  1.0
26456013413099;16.675295180356358;3.551091513269306;-0.5485287032075639  0.08944765170376798  0.8313334946711275  2.839142857613951  0.42110079429049857  0.8885151480344338  0.18224969893324633  11.817503884740798  -0.7223505954904025  0.4500443859421304  -0.5250425391114815  -3.47348889878149  0.0  0.0  0.0  1.0
