# registration_from_features.py TEASER TEASER_config.json euclidean False --input_txt=/neural_comparison/point_clouds_registration_benchmark//planetary/p2at_met_global.txt --input_pcd_dir=/neural_comparison/point_clouds_registration_benchmark//planetary/p2at_met/ --input_features_dir=/neural_comparison/experiments/3DFeatNet/feature_extraction_voxelgrid_0.1_npz//planetary/p2at_met/ --output_dir=/root/neural_registration_comparison/results/3DFeatNet/TEASER/
id;initial_error;final_error;transformation
27844314100030;8.255147930606862;20.582040926750754;0.9930727899283924  0.11633162315207188  -0.016534429492604946  23.306327558911708  -0.08939128052589704  0.8393128201081785  0.5362491855173291  -27.541828714219797  0.07626029681152538  -0.5310564409334124  0.8438977566467146  -16.653779458487506  0.0  0.0  0.0  1.0
27844314100061;18.254613203222405;4.260961981619863;-0.9387955097124595  -0.34447339126065063  -0.001036174266775422  -77.9513928530754  0.34312348775064555  -0.9348419612471802  -0.09130596719469833  -131.70235324538308  0.0304838169781452  -0.08607316774066928  0.9958223469562882  0.3645256389044787  0.0  0.0  0.0  1.0
27844314100092;11.393043179182689;1.1756484178452173;0.5183952769069065  -0.27405820900776723  -0.8100360701574142  -41.47415291500084  -0.5726167455750174  0.5922842380615704  -0.5668416392881712  -68.67020182714408  0.6351192010699157  0.7576882468530712  0.1501070318573783  90.76167217254783  0.0  0.0  0.0  1.0
27844314100123;5.730994932441914;33.05482594101889;-0.9157996650811477  -0.4007139372481764  0.027190327918641677  -77.16016507119535  -0.36758399230427086  0.8635135011083069  0.34529182151526305  27.377856742539937  -0.16184246055628482  0.30622340521054087  -0.938101403933684  -16.78372591431233  0.0  0.0  0.0  1.0
27844314100154;17.463252642790277;12.676067428345357;0.5174327723478156  0.8043670005127079  -0.2919881069267082  52.037993562975146  0.5714029400986613  -0.5787754906933738  -0.5818226632052504  -147.4531305717392  -0.6369945102958577  0.13421125086531882  -0.7590950757277422  -21.90388154326341  0.0  0.0  0.0  1.0
27844314100185;21.245539471637414;24.040557499199288;0.8216523343318206  0.4909836724935205  0.28952111292934346  1.113880076696757  -0.4725695908224235  0.8707983975325381  -0.13560284910241385  7.231505830862728  -0.31869330604359714  -0.025400476364428624  0.947517489275772  5.162618112725958  0.0  0.0  0.0  1.0
27844314100216;3.735345026853811;5.884234624044762;0.15240371359935526  -0.9440372088849582  -0.29251812990278714  -89.78213690382057  -0.9869046786057364  -0.1611918819450117  0.006027648059885274  -93.20762096712355  -0.05284187191266061  0.2877688750294646  -0.9562409796369543  34.86248131163056  0.0  0.0  0.0  1.0
27844314100247;13.271216615726097;2.9217762980599384;0.5821080370616519  -0.7813574981309764  0.22501265142816093  -71.02857498702231  -0.8091743615309069  -0.583866149519168  0.06585720983088386  -128.17707500697625  0.07991924567511291  -0.22041047969677185  -0.9721276328808681  -33.67339674381  0.0  0.0  0.0  1.0
27844314100278;11.802091711636171;12.04583996704227;-0.8737556008562757  0.08779394502823354  -0.47837576567868473  -19.046487718221407  -0.09499902138632269  0.9338212330383833  0.34489576782314274  -4.9197392192082345  0.4769972074424855  0.3467998384415045  -0.807591193704474  47.01412909329085  0.0  0.0  0.0  1.0
27844314100309;7.478645140598016;29.026376559511757;0.993075051793823  0.1139422128455139  0.02862016136508054  9.645664862834435  0.11410297083996593  -0.9934607031000755  -0.004042702239504424  -136.73632296111012  0.027972371193545877  0.007280352173557766  -0.9995821841759885  12.031966077448821  0.0  0.0  0.0  1.0
27844314100340;12.12926847078954;3.6195623199963904;0.9776957168247191  -0.10058953258562897  -0.1843714490825613  -11.115035460567842  -0.053706752351645126  -0.9684021406283096  0.24354235520407314  -138.6442262555324  -0.20304351763707668  -0.22820832579183548  -0.9522049621719315  -45.88452907897649  0.0  0.0  0.0  1.0
27844314100371;7.953713343024883;19.17349015315546;0.905407752955744  0.2599524732726316  -0.33565087893087947  7.482624769663147  0.3909801915481337  -0.8186633115862525  0.4206243836008737  -128.50155400092612  -0.16544271124656681  -0.5120694229321567  -0.8428603771641617  -51.404671269836896  0.0  0.0  0.0  1.0
27844314100402;10.041005189608843;17.813096217607438;-0.8189545216819731  0.465741912847216  0.33525805289965305  11.485398261480041  -0.5173148869751825  -0.8520469449265957  -0.08000819554963318  15.10986326699879  0.2483924296964482  -0.23895705526029143  0.9387229232371102  12.129944720176017  0.0  0.0  0.0  1.0
27844314100433;14.948099495912265;7.658394842398508;-0.8386759853045331  0.4761348313666568  0.2644205249841918  76.88154184242637  -0.5196669738838127  -0.8448962064755523  -0.12687252081385136  -159.54408172454922  0.16299947217065197  -0.24381555045293077  0.9560257054229364  -28.04928030980503  0.0  0.0  0.0  1.0
27844314100464;4.885279212879443;5.561842440236648;-0.9381037218778409  -0.042811000064743795  -0.34369845107651953  16.571501137903812  -0.3189051571441098  -0.28040165339083284  0.9053587209071208  -86.87822563989293  -0.13513292620909548  0.9589275942682759  0.24939318596349705  58.78359569837495  0.0  0.0  0.0  1.0
27844314100495;16.561379565347497;1.2133979783180056;-0.09284138391592466  -0.7988445572318125  -0.5943297492248609  -12.98364758590848  -0.9852325276431804  0.159952984906339  -0.06108935335541657  -34.082507403606066  0.14386571483993776  0.5798813809743012  -0.8018978987956839  5.760034560318435  0.0  0.0  0.0  1.0
27844314100526;4.988304065514908;2.3274853111239273;-0.9719259158984455  -0.06696358194552327  -0.22555685025729666  -56.01859464786847  -0.019309050251988535  -0.9327110901072173  0.3601071826128609  -133.26526195162126  -0.23449344251670134  0.35435279183891205  0.9052330773522557  21.331798759096046  0.0  0.0  0.0  1.0
27844314100557;9.320673558395054;5.017650701442875;0.34246568317719706  0.16041972970226892  -0.9257336367272324  -8.904419729789456  -0.3415534253377851  -0.8966425780821885  -0.28173275423733357  -18.087057981015644  -0.8752476869355339  0.41267129472787256  -0.25227740489710815  -20.898632223267544  0.0  0.0  0.0  1.0
27844314100588;15.87658357879776;1.7004180795102952;0.5672160485406152  -0.8139373016150481  -0.1255867163261511  -12.113858126243894  0.8150837945212972  0.5766399990510411  -0.05589918964690169  -0.6720894023829187  0.11791675956680206  -0.07065677981645085  0.9905065659950142  14.054853996318274  0.0  0.0  0.0  1.0
27844314100619;9.309459031404598;14.146500805660105;-0.3339874045949291  0.761925241888087  0.5549075052166107  49.32013563947052  0.8755730920996215  0.46878282594977183  -0.11668085740879895  -33.279164949124514  -0.3490331989410894  0.4468921434399193  -0.8236887993463455  13.048879091265757  0.0  0.0  0.0  1.0
27844314100650;9.597631194952498;5.812721219540082;-0.9266518369906186  -0.3437041320418925  0.15226241367862886  -44.632552498668524  0.03431842992808162  -0.48069300746607874  -0.8762171408620627  -108.44506299759291  0.3743509294354482  -0.8067228162079874  0.4572304445684585  -63.693389632500356  0.0  0.0  0.0  1.0
27844314100681;7.297471099283818;4.847546321050332;0.3299661662538519  -0.9179929467973931  0.22002563204766606  -5.382219935752164  0.6907012087004989  0.0759020146906727  -0.719145829763037  -1.3349671945855381  0.6434704106852198  0.389265762424769  0.6591039347299169  16.774321993183975  0.0  0.0  0.0  1.0
27844314100712;8.650942439496344;11.28833980250738;-0.7274074658120601  0.6390593071690539  0.2499631584883772  14.254518448001274  0.6814871761318864  0.7154169604291652  0.15412268326914652  -12.287672274675256  -0.08033434787601222  0.28245667747621594  -0.9559103608081839  -1.893246890896593  0.0  0.0  0.0  1.0
27844314100743;12.733448854215453;14.941569981825696;-0.5467841560655873  0.8371090225428299  0.016600332919281993  -29.146202331083035  0.8372204270924894  0.5468654070630281  -0.00042780469616726484  14.568205131041825  -0.009436266990332738  0.013664220986804074  -0.9998621134587061  -16.172679504203757  0.0  0.0  0.0  1.0
27844314100774;4.598125415447288;11.755721746174185;0.13462087349021495  -0.9883168729471878  -0.07146313083417763  -103.23800453111208  0.9908440910829689  0.13500965756747368  -0.0006160596385149452  -86.63058485723175  0.01025707495810796  -0.07072588643067508  0.9974430517086671  -11.506899825656644  0.0  0.0  0.0  1.0
27844314100805;11.913189531673748;20.81955980121002;-0.8946679375822149  -0.07249938394470723  -0.440809619665932  -32.759209655002856  -0.19183739339218603  -0.8287809479378007  0.5256620157780203  -5.336840589754142  -0.40344478675387185  0.5548567199403444  0.7275756485604542  3.0939048745005087  0.0  0.0  0.0  1.0
27844314100836;8.640990827250187;9.152823093746488;0.7349581027807978  -0.16670969138622274  -0.6573008945336687  -3.648659545139692  -0.6562962700076767  0.06901884021770083  -0.7513398736051579  -77.09556892302122  0.17062178386965055  0.9835874534035671  -0.05868499276837642  50.73707705497158  0.0  0.0  0.0  1.0
27844314100867;6.409696051288649;11.701471152410889;-0.2602944281531922  0.9109652194341047  0.3199830927623771  66.38016659552427  0.6811983549467454  -0.06160101039169413  0.7295026502601406  -71.97826301433025  0.6842628236944118  0.4078574315862047  -0.6045136091186488  38.97562669627178  0.0  0.0  0.0  1.0
27844314100898;22.51393172662874;17.31375443588828;-0.9513747924148865  -0.17187911973796227  -0.25562388885946097  34.83217188610775  0.30366836527133045  -0.3840809509037541  -0.8719331092958363  -0.21961726495174833  0.051686828989295504  -0.9071600693102458  0.41759918625167386  -5.725206968341565  0.0  0.0  0.0  1.0
27844314100929;11.35647365629622;3.7557581305001406;0.8788106046787467  -0.052302964380102845  0.4742956051042739  15.897624266015667  0.22121200065218732  -0.8360542944714874  -0.5020741653015421  6.829336965301501  0.4227968446803173  0.5461479805078814  -0.723163336678188  -7.79856146486083  0.0  0.0  0.0  1.0
27844314100960;8.931838196630506;15.585575351656306;0.0970601973705263  -0.9952047109162976  -0.012120291102257388  -56.72250265349504  0.8445798979706016  0.07591512427261887  0.5300204617282629  -63.973235716888205  -0.5265587469887504  -0.06168044484828122  0.8478982301508573  -19.154391381571056  0.0  0.0  0.0  1.0
27844314100991;2.7303992422678602;6.612335068057059;-0.8555910953443511  0.4882913275326737  0.17185882876312383  -23.365559844006988  -0.4733391275920837  -0.8723738552667184  0.12212258979176494  1.668297039154136  0.20955655050085814  0.023139492290490685  0.9775226933625224  18.59737270200407  0.0  0.0  0.0  1.0
27844314101022;3.041428379569016;3.948354351062117;-0.8912755290221471  -0.3889548309437673  0.2331138581290208  -17.85892977259626  0.44145433025151787  -0.8617625049782265  0.24996691644262886  22.24217314446406  0.10366294259992637  0.3256985178031331  0.9397736269082926  2.348810510341304  0.0  0.0  0.0  1.0
27844314101053;13.922293305846535;16.42250596723544;-0.8734265237772163  -0.3821359143116682  -0.3018248673579318  -13.658122739433077  -0.3387669343417655  0.9220793530633087  -0.18710059019423686  -12.987211170468438  0.34980433353394824  -0.06117033306706124  -0.9348235761860818  0.5792761242562926  0.0  0.0  0.0  1.0
27844314101084;10.548695524568679;8.485873255619195;-0.22955686183487542  -0.9533698747065273  -0.1959324607781559  -116.40526435418009  0.9239249938438828  -0.15015076387437226  -0.3518769015700294  -115.18265262633979  0.3060494289083146  -0.26180265489486976  0.9153103937762822  -8.297801447967867  0.0  0.0  0.0  1.0
27844314101115;4.295014706995369;6.173029314230456;0.8127114599602445  0.2097032918741073  0.5436217547398657  17.11952066046517  0.35432311073391126  0.5627897388818033  -0.7468084379606298  -29.88259680845253  -0.46255293324022073  0.7995575271276696  0.38308294762930006  62.5977788548359  0.0  0.0  0.0  1.0
27844314101146;10.908481463882481;5.113975461105289;0.27589246619713875  -0.3762450202555753  -0.8844902666669333  -36.2548674898605  0.05027947484922897  -0.9132957812630881  0.4041816303791301  -198.95902505689602  -0.9598725548241007  -0.15598237291414646  -0.23305402342702813  -30.267081579587224  0.0  0.0  0.0  1.0
27844314101177;7.524206569447689;9.283678036297095;-0.8929708191203531  0.44675074812823506  0.05492617997265786  -21.49192299956608  0.37400357156092134  0.6685340352626156  0.6427935688501861  -7.266655160739774  0.25044848703715716  0.5945384871834177  -0.7640677604757662  20.62898551884186  0.0  0.0  0.0  1.0
27844314101208;16.92222694472815;8.921796220653416;-0.9105205280216575  0.038009281010207056  -0.41171308287234315  3.828882523920786  0.04214023876507995  0.9991112471734477  -0.0009571041423220352  -13.072335401684754  0.41131079286591027  -0.01822115058398647  -0.9113130205058041  9.876765099854778  0.0  0.0  0.0  1.0
27844314101239;4.364181244222641;9.064255392234449;0.40255869521122084  -0.691845467726361  0.5994133346000343  -51.435933140080266  0.7753297150565674  0.6058015957601547  0.17851683260900655  -37.73483854260782  -0.48663161617402284  0.39287946670822993  0.7802790493015402  35.8449491367138  0.0  0.0  0.0  1.0
27844314101270;10.750785704410854;11.190352605964206;0.1383793751231283  0.8100953152571138  -0.569733910469625  47.39044954332063  0.9830619558165301  -0.18215351520881318  -0.020230865608056012  -74.45259256745955  -0.12016796397838787  -0.5572841977802265  -0.8215801746255431  -22.270356208154706  0.0  0.0  0.0  1.0
27844314101301;12.136609704346055;9.856266777298433;-0.08234767201957194  0.9966024096108845  -0.001580528625491193  2.597072988589611  0.9925062210452918  0.08215266663563935  0.09045629083180545  15.518751903333301  0.09027880204871835  0.005880180476184355  -0.9958991722951758  2.897607826000821  0.0  0.0  0.0  1.0
27844314101332;6.935112362192998;15.137880603416852;-0.6453379211526848  0.240497244895299  -0.7250517517530058  12.654729665447682  0.674146774277438  0.6256794447089901  -0.39249376963204907  -41.27514916790536  0.3592563071870231  -0.7420824129882213  -0.5659051140252425  -63.336934528705086  0.0  0.0  0.0  1.0
27844314101363;7.8460839984677655;8.798147540383104;-0.7924828578959808  -0.3384282280415542  -0.5073827494167223  -10.657940865454071  -0.4728726532395311  -0.18444745456424202  0.8616093025977482  -106.31344948932869  -0.38517836616199624  0.92273802943708  -0.01386200820045319  82.53363148887894  0.0  0.0  0.0  1.0
27844314101394;13.188484809554595;9.535547904709318;0.482066438555926  -0.8609579664634682  -0.16236788106363645  -48.874617168070706  0.8689950137073419  0.4934663965409679  -0.036586631939124814  -1.2642665374895223  0.11162264541652142  -0.1234596916728764  0.9860517681958975  -19.53443828221955  0.0  0.0  0.0  1.0
27844314101425;12.438217758874531;0.4375891175295014;0.638177205783734  0.7662231641898154  0.07504609701385437  59.65655864655039  -0.76647732856217  0.6414902998778353  -0.031665437985980906  -29.62371814750322  -0.07240413536715329  -0.03731297122438517  0.9966771710840694  7.707739421438026  0.0  0.0  0.0  1.0
27844314101456;13.306910826894018;3.2498835971549855;0.34217544549482026  0.8480696056792166  0.4045910384864203  99.44692324365683  -0.9231382286004175  0.38374086918356914  -0.02363802476357388  -42.04805346931759  -0.17530480711294133  -0.365405102921864  0.9141921763840234  -23.520203884280715  0.0  0.0  0.0  1.0
27844314101487;11.823132391507976;3.7884659962253435;0.3228912603365968  0.9403615656127209  -0.10705774104022506  -14.759560680063078  -0.7567348344147323  0.18857877869654227  -0.6259316533045985  -20.35945143195312  -0.5684132514126949  0.28312218235898173  0.772494793169984  -0.9998072815291438  0.0  0.0  0.0  1.0
27844314101518;11.362927964176022;4.3268801735771225;0.47703819741265263  0.07983976197817533  0.8752486335987938  -13.345173334868168  -0.4546482642849106  0.8746814903167757  0.1680096612696506  -2.6797387888889017  -0.7521499278681115  -0.47807729804341575  0.45355549065522494  -4.52941962031946  0.0  0.0  0.0  1.0
27844314101549;8.602285781784683;0.17973303601929763;-0.589731235738587  0.7915043089103856  0.1604306659293446  -38.45352760364111  -0.7959947490038467  -0.6032281127483464  0.0500819682956978  -11.120680806626662  0.13641638154027708  -0.0981670666077061  0.9857757340699236  5.049082635254679  0.0  0.0  0.0  1.0
27844314101580;8.529179145836824;9.282502039606593;0.2298787014119745  -0.9731660839225916  0.010176234073143109  -65.84793136018277  0.9592478169931233  0.22480079282568738  -0.17119646356998677  -0.2018214935911065  0.16431496654617833  0.049115951051664525  0.9851843559056441  10.143819982856623  0.0  0.0  0.0  1.0
27844314101611;6.938820905749202;12.843802016052134;-0.895446362643181  -0.3859752124228648  0.2218083565247737  -29.567986163764655  0.05186943817989287  -0.5853230147234949  -0.809139376014974  18.30674805108047  0.44213727846902817  -0.7130358362874362  0.5441456819252333  14.946123582224136  0.0  0.0  0.0  1.0
27844314101642;12.547466022442515;7.445785288659271;0.9259190280509295  -0.19266545467164198  -0.3248907140399554  -18.02432993948675  0.1709838807965311  0.9807500821407575  -0.09430688675094362  -14.36127028555345  0.3368062736959932  0.03176946579763518  0.9410378499518248  2.225684648997859  0.0  0.0  0.0  1.0
27844314101673;7.73561147720838;0.1403619742699396;0.0161443803922681  0.9998696580690082  -0.0001607940142976244  -24.677196486635964  -0.9984942978034912  0.016113740740269836  -0.05243552815858246  -20.491661924951234  -0.052426102617530765  0.0010070910190587562  0.9986242984886836  -11.749789125277017  0.0  0.0  0.0  1.0
27844314101704;7.852470163017852;12.861811509470723;-0.4470363501256175  -0.8937464904193724  -0.037090598935870744  -43.49458956092698  -0.24374613871693313  0.1616033162043348  -0.9562803919627065  -68.02421969290356  0.8606662079615721  -0.4184514058463861  -0.2900898126757144  -45.561081540015685  0.0  0.0  0.0  1.0
27844314101735;7.401041146075741;28.74910632233402;0.7712500474207021  0.24086263427283547  -0.5892016257315615  -13.311062615300564  -0.6355327457732338  0.34323504485016243  -0.6915835690909967  -67.9481329192881  0.03565800616269417  0.9078407874720422  0.4177961359307241  60.60477963941328  0.0  0.0  0.0  1.0
27844314101766;17.078221026612844;7.968963105257379;0.32566162836173995  -0.1279013677178188  0.9367954653758157  -12.881117261465112  0.20332297480633027  0.977100646840024  0.0627223553504816  -6.228977125670074  -0.9233657302113205  0.17004577642717011  0.3442094742894166  6.344036269594314  0.0  0.0  0.0  1.0
27844314101797;5.658008139654423;8.114258463630813;-0.9195723882455357  0.3160654873048146  -0.23342928374814528  39.543977861162944  -0.30220309270540924  -0.18923730265390615  0.9342711244834448  -91.7380397545657  0.25111733021774474  0.9296729806867815  0.26953336610755285  51.34292665460129  0.0  0.0  0.0  1.0
27844314101828;12.532088953947076;13.38729848121127;-0.8478306349464427  0.19144265146438394  0.49450270539866537  -36.65013970826413  -0.08056606661901396  -0.9682336634119443  0.2367122344650301  -9.67153345062637  0.5241109838153111  0.1608517461396462  0.836321943038669  11.025729695688606  0.0  0.0  0.0  1.0
27844314101859;13.452993466710405;2.9832313595406617;-0.5615351652801328  0.7734405494707194  -0.2940543735234105  10.21089891787931  -0.7819191988484665  -0.612258649157895  -0.11722505279812005  -132.1934126204968  -0.27070394276032644  0.1641007707653482  0.948572776548132  16.465115318521555  0.0  0.0  0.0  1.0
27844314101890;10.240194569123585;7.2472017267972895;0.7231221122009043  -0.6587480156942201  0.20771485903765166  -50.95813855593072  -0.22865368405974623  -0.5120662298213841  -0.8279526973459411  -132.02847960989664  0.6517759612106062  0.5512161355543228  -0.5209115743507234  57.35970385630544  0.0  0.0  0.0  1.0
27844314101921;5.39778345406533;26.74683016336374;-0.03809507207573083  -0.9893169222753831  -0.14071528979861536  -26.690624477147733  0.987952709056954  -0.05842530269894085  0.1433036240698844  -60.85701595775936  -0.14999403371657985  -0.13356088987462078  0.9796240495952153  2.0811462372065073  0.0  0.0  0.0  1.0
27844314101952;13.302221500961894;0.3456901534238071;-0.06966181162131536  -0.9956560175040114  0.06177642600287045  5.420567621543811  0.9953150162658968  -0.07353299484849324  -0.06277672390487446  25.924806310240054  0.06704662853010362  0.05711386413703128  0.9961138268923303  7.760280666983401  0.0  0.0  0.0  1.0
27844314101983;10.786030610610256;16.14578777366976;-0.2557832315724106  0.9073373613640816  0.3336373047475985  -20.44797820037126  0.6374053852447928  0.4177615015415904  -0.6474486100770109  25.104695392539032  -0.7268351348877626  0.047055717002113945  -0.6851981072581165  -22.40328453180467  0.0  0.0  0.0  1.0
27844314102014;18.074211930870813;18.92110280792043;0.9493248946398476  0.3141435790003305  0.009800825980793258  7.257166156390887  0.31393304736349503  -0.9492652471870616  0.018480591331356773  -81.60362116324832  0.015109142600169989  -0.014467282251692616  -0.9997811818363743  2.929204775540683  0.0  0.0  0.0  1.0
27844314102045;5.527523174873733;5.543663137705693;-0.7287955499554803  -0.6445048261101111  0.23123705474224077  -65.8201888697289  0.5291959829353119  -0.744464088939569  -0.4070931489530471  -108.17639627205496  0.43452118246435206  -0.17431795489895754  0.8836314800807105  -8.286194428095543  0.0  0.0  0.0  1.0
27844314102076;12.49337546729974;3.155176094492187;0.5037563302958273  0.8637975192054967  -0.009132661239225848  47.986816437265034  0.8638121287340156  -0.5038018831569481  -0.003502681761303715  -85.95977589501098  -0.007626659746536937  -0.006124405435793838  -0.9999521617153335  -17.370627388789586  0.0  0.0  0.0  1.0
27844314102107;8.34390181428472;2.3938372886241472;-0.7678222873264763  0.19669678826852802  -0.609720680778981  -21.181266642479656  -0.1746543427931774  -0.9799209128676226  -0.09618141747847817  -12.131005168085146  -0.6163966220123382  0.03264012882223398  0.7867590650016351  -15.06137372020642  0.0  0.0  0.0  1.0
27844314102138;13.875093444885819;6.039141826207662;-0.5994845519597222  -0.7613717888634791  -0.24684260386828843  -95.29179364739952  -0.7960797582413079  0.599144199970587  0.08534193670210574  -55.980663402258415  0.08291737140136612  0.2476675730983588  -0.9652903618888238  9.557164590386904  0.0  0.0  0.0  1.0
27844314102169;7.7056993337980995;23.509848466323472;-0.2061674901420244  -0.6069697708905818  0.7675172071253994  -31.5571759291652  -0.9146929588732717  0.3981827011950509  0.06919051565549092  24.919106342272134  -0.3476086261820874  -0.6877777502173561  -0.6372833038058928  -14.58354540010978  0.0  0.0  0.0  1.0
27844314102200;9.927306225231835;5.343583581184361;-0.3582626675896508  -0.9319953416869521  0.055068539887754495  -31.539939557934044  0.9202738990670571  -0.3624640726486179  -0.1473626368347582  1.0394607903724713  0.15730165831122897  -0.0021163914570318312  0.9875483325790883  12.74663385002133  0.0  0.0  0.0  1.0
27844314102231;10.287771982386351;2.147510811442699;0.47704806253900167  -0.8668161804976221  0.1451029126354771  -15.735613434868686  0.8767299143297447  0.45781790917331683  -0.14747006258740009  25.219630873258968  0.06139872431202255  0.19756637180372277  0.9783648222341043  10.993675727698154  0.0  0.0  0.0  1.0
27844314102262;8.065900080817094;16.97375496272305;0.3954156783098385  0.8954641177117922  -0.2044271391900096  16.143457135120677  0.9116914498128265  -0.4096929149146044  -0.031151497668030173  1.70866683856795  -0.11164739891711223  -0.17405668432845692  -0.9783859815817205  -7.126715305554307  0.0  0.0  0.0  1.0
27844314102293;15.344796486985695;3.512409574052292;-0.06006880337341486  -0.8159440854535694  -0.5750017289318567  -54.397650821990844  0.8151904482132127  0.2923411490544309  -0.50000118571007  -58.06958018158903  0.5760696763441268  -0.4987703900422251  0.6475892417373068  -26.35810577895081  0.0  0.0  0.0  1.0
27844314102324;11.120662662609497;2.8494737279774336;-0.142320171214122  -0.8922804844295021  0.4284629575258947  -28.00459303734536  0.7157666734391158  -0.3917630592223965  -0.5781001423824526  -6.304323263574233  0.6836834340975987  0.22440419455741575  0.6944204197786467  6.46196727768245  0.0  0.0  0.0  1.0
27844314102355;17.81708979026515;0.4142664084190043;0.6514895660101053  -0.7488436331784346  -0.121632883827058  5.336288649199425  0.756707620102731  0.6528967504077763  0.0334575998156971  -9.175478671440795  0.054359203989995976  -0.11383780723067322  0.9920111040641052  -8.898044610417804  0.0  0.0  0.0  1.0
27844314102386;12.639375851730701;5.019751008486005;0.44590087294005426  -0.7162881930181739  -0.5367528631074607  -74.53768890616459  0.1142803285488472  0.6403197110282302  -0.7595595264200765  -44.145834714120305  0.8877569588677213  0.2773479623351913  0.36737676814198844  9.458030182074678  0.0  0.0  0.0  1.0
27844314102417;4.852743056092726;0.8310258130281429;-0.6019173828563888  0.6537280234736166  0.45862308657610723  -34.11826203959955  -0.17297250513483625  -0.6674118359724148  0.7243217197290929  14.295581754439697  0.7795998824286057  0.35665264968763416  0.5148037594929699  4.214246381428857  0.0  0.0  0.0  1.0
27844314102448;8.862723016525484;16.675925511591768;-0.657571905170946  -0.5792549297319453  -0.48172908974971784  -64.5157656826101  -0.7066279837866564  0.25243432660920595  0.6610248129071721  -8.901430666871068  -0.26129692317258046  0.7750746010098615  -0.5753114641739261  -6.937883207051865  0.0  0.0  0.0  1.0
27844314102479;8.845892927971892;7.273387928925734;0.7328686454889968  0.6382774010478451  -0.2355960690901499  52.16013543722038  0.07900900881797403  -0.4237737747452916  -0.9023155569775624  -118.01938954755171  -0.6757670641461626  0.642664568145572  -0.3610001770990437  55.93758387973494  0.0  0.0  0.0  1.0
27844314102510;12.811880985162878;15.50329667032332;0.6295916109520622  0.7202363149235108  -0.291331519208251  1.608138215856838  0.13501509449014776  -0.4707017787153105  -0.8719006593494807  23.53998086444353  -0.7651047821564066  0.5096071881161446  -0.39359266525400727  -26.155455568883966  0.0  0.0  0.0  1.0
27844314102541;16.755247254223338;10.423079595269368;0.6123440373627894  -0.0851258021119845  -0.7859951512070736  26.24556902272428  -0.6671119684745787  0.4778807732904229  -0.5714819227563726  -0.7829013422735808  0.42425982772849447  0.8742903203937114  0.23583900067980584  5.599974845572969  0.0  0.0  0.0  1.0
27844314102572;6.047632241354357;3.6211658713419297;0.8835832394767574  0.45028609111084417  0.12854219178104775  -5.585995622342842  0.4590160522441716  -0.8871580041796087  -0.04748620223001069  26.769128862930497  0.09265485792949624  0.10096094181499099  -0.9905664871829123  -15.814669717306172  0.0  0.0  0.0  1.0
27844314102603;5.000465750138839;10.268298386501323;-0.16425759717294353  0.9210276397319037  0.3531678476600745  43.439748972585846  0.7139973235383452  -0.13602114552184383  0.6868086123156909  -65.38604518165218  0.6806080103488724  0.3649744303657501  -0.6352687631452897  21.022641467323258  0.0  0.0  0.0  1.0
27844314102634;4.837279486815611;10.065757350135227;-0.30509018235622865  0.9257617598202267  -0.2233498257989031  35.28133346248236  0.6874756511873754  0.05180270410366984  -0.7243574455143273  -29.28146726874206  -0.6590122985607607  -0.37454191207674575  -0.6522431651183153  -15.250808603039184  0.0  0.0  0.0  1.0
27844314102665;12.464679441521291;6.153090593902484;-0.25670997278064  0.7357301585061476  0.626738481138251  29.047802328980275  -0.9664721307418329  -0.19164240280824324  -0.1708941483644899  -28.229353993491223  -0.0056223104062560255  -0.6495955074586044  0.7602592099509837  -33.15330365068834  0.0  0.0  0.0  1.0
27844314102696;10.865536856965761;7.504532890312418;0.9126760259477451  -0.3101826231478589  -0.2661000036778348  -40.17119764797073  0.3822042957105329  0.8783799242260064  0.2869992771021034  5.911381829119499  0.14471471245400697  -0.36364192416968055  0.9202294295367466  -6.892808391432784  0.0  0.0  0.0  1.0
27844314102727;12.326628554608499;0.19765294192982133;-0.7820774635736751  -0.6152059785159303  0.09938030473099219  -40.68601864494576  0.6185019221542579  -0.7857774315673187  0.003033204733613997  -106.98592393942133  0.07622475491371417  0.06383911056495893  0.9950449008464991  8.551038942272035  0.0  0.0  0.0  1.0
27844314102758;6.140194318079895;9.762353444069168;-0.3324687910453627  -0.2571776240557936  0.9073721246907755  -56.09616854630333  -0.9104998029784357  -0.1632997690370651  -0.37989905792021983  -117.9532824258896  0.24587519548963127  -0.9524667212650839  -0.1798680992435226  -57.43499754028003  0.0  0.0  0.0  1.0
27844314102789;11.79753658561828;13.709666485737081;-0.6901724481084482  0.6445889845656121  0.3288875687049667  -10.937541406987974  0.6984542198422579  0.7122450193786835  0.06977632230780118  18.101304533485898  -0.18927148400256863  0.27787060540282366  -0.9417877850113225  -33.86056649024685  0.0  0.0  0.0  1.0
27844314102820;13.718009914125455;0.5894004396359107;-0.4770760074654464  -0.87750431701562  0.04883294707244017  -21.007555138626476  0.6089398263299403  -0.3701072891294926  -0.7015788497684922  5.077743752184108  0.6337118990598893  -0.30497011026028253  0.7109166342390222  -4.478401941899616  0.0  0.0  0.0  1.0
27844314102851;14.126286162245718;4.332418273191225;-0.2686016705925208  0.963234064286993  0.005768877886368007  -18.766241506372367  -0.9563185123940443  -0.26594642851411426  -0.12135649967360025  -20.21208069168969  -0.1153605019378315  -0.03811344326806409  0.992592222433212  -16.752828460475236  0.0  0.0  0.0  1.0
27844314102882;16.65338049572903;3.039332548499753;0.27371767209356956  -0.6834366947198327  -0.6767517419956206  -82.49207108328868  -0.029626203559692282  0.6972981822888977  -0.7161686484615467  -14.753332851294426  0.9613536935209207  0.21607760015103117  0.17061520057326163  48.35989773284491  0.0  0.0  0.0  1.0
27844314102913;3.6628597101339557;3.0138753252166395;-0.8032266956217636  -0.43898297380615425  -0.4026423029797647  -32.27576707641282  0.29648875850227635  -0.8808961092360825  0.36893964386402156  18.262038078306833  -0.516644260127142  0.17696325449380054  0.8377127879151902  -10.260687825405123  0.0  0.0  0.0  1.0
27844314102944;9.703443455187617;0.12089846444309954;0.6408560909822758  -0.7664274139748102  -0.04350275576100629  -17.899203202355743  0.767389221876015  0.6411076047413646  0.009737622467215767  17.647085149979965  0.020426766739776198  -0.03962396056270179  0.9990058503081372  2.5978727572288935  0.0  0.0  0.0  1.0
27844314102975;6.1736923351409825;9.194104841388539;-0.3973070053142085  -0.6931112301797456  -0.601451549276395  -85.20966536057517  -0.6733527705878055  -0.22510812845463887  0.7042175635734855  -128.63177726307543  -0.6234927344163539  0.6847796383526381  -0.3772713307788552  43.77242658625233  0.0  0.0  0.0  1.0
27844314103006;8.779326562990162;8.843859043959545;-0.8322700432692248  0.005569448280755573  0.5543424540142046  14.13284238296597  -0.2923403784399974  -0.8540222137633511  -0.43032913163333897  -85.10946617297142  0.4710240739178853  -0.5202067277963565  0.7124052794198017  -41.78591397109546  0.0  0.0  0.0  1.0
27844314103037;4.983612374719573;2.2562094129549237;0.869090922797924  0.4284019031640691  0.24729087584392484  -3.6812531178698973  0.4892430579365574  -0.8181910796314961  -0.30200097263474646  22.35640676950168  0.07295339725563371  0.38345164829069384  -0.9206750975517971  -15.017763652735685  0.0  0.0  0.0  1.0
27844314103068;8.080951485631328;3.896280280881266;0.1600939056162147  0.8843126858048037  -0.4385898027875723  22.932177200790306  0.8100809856443143  -0.3715908134242544  -0.4535295625163123  -33.94816266141989  -0.564037887098095  -0.2826859407600525  -0.775854316746721  -14.19518563719405  0.0  0.0  0.0  1.0
27844314103099;5.35424278701302;0.6849404137201925;0.6594645569543173  0.7510588384390009  -0.03189230822166805  30.170402116443555  -0.7417683245834716  0.6432490813543481  -0.18976399021262383  -10.517718700871134  -0.12200922410078534  0.1487993297681378  0.9813116266991228  11.8376095481412  0.0  0.0  0.0  1.0
