# registration_from_features.py TEASER TEASER_config.json euclidean False --input_txt=/neural_comparison/point_clouds_registration_benchmark//tum/pioneer_slam3_global.txt --input_pcd_dir=/neural_comparison/point_clouds_registration_benchmark//tum/pioneer_slam3/ --input_features_dir=/neural_comparison/experiments/3DFeatNet/feature_extraction_voxelgrid_0.1_npz//tum/pioneer_slam3/ --output_dir=/root/neural_registration_comparison/results/3DFeatNet/TEASER/
id;initial_error;final_error;transformation
39885980090030;15.205318337116758;4.412094932347699;0.33242574289410726  -0.10094906997185568  0.9377112619208107  10.025946068634548  -0.061565935997243505  -0.9944571713558501  -0.08523244607369364  10.276519726816407  0.9411178252408593  -0.029397612330581517  -0.3367981879452096  -3.232575963260937  0.0  0.0  0.0  1.0
39885980090061;13.318166755923231;1.6217212437614064;0.5238840971772273  -0.6761151520123613  -0.5180866278375689  1.190572971603571  0.8510542226554416  0.44074628074967254  0.2853934584142981  8.696068953818733  0.035385912806431545  -0.5904329066241425  0.8063106224962086  1.1284618231166939  0.0  0.0  0.0  1.0
39885980090092;16.131758473986306;5.217092947618806;-0.8947186169932092  -0.44430567605416954  -0.045508929143697724  12.791016975987693  0.4460629688400727  -0.8940653282250499  -0.04092696782579697  -5.485725319339222  -0.022503871563342687  -0.05691796809339292  0.9981252029043147  12.973914229539917  0.0  0.0  0.0  1.0
39885980090123;12.985542941208589;5.965868062622039;0.1963903113742753  -0.9791335703520829  0.052233102606465125  0.8304192370501251  0.010903049617802696  -0.05108652959677351  -0.9986347129970945  -7.1116599089397585  0.9804651799566096  0.19669168234406964  0.0006426424454640811  -5.7874508044384925  0.0  0.0  0.0  1.0
39885980090154;12.128119033469892;0.9429778336952059;-0.7059837595150185  -0.6403763228392816  -0.30249809329627353  11.505739997129066  0.6657474653558891  -0.7457585698560614  0.0249893549026679  -2.092420627336645  -0.24159313664351056  -0.18374526016494286  0.9528223526417018  -9.18412867654937  0.0  0.0  0.0  1.0
39885980090185;6.628057703543316;4.920613277094758;0.29233108419203546  -0.5881751829189997  -0.7540507220428286  -2.7304333932508844  -0.6214039509363339  0.4825171176746441  -0.6172798076331905  -0.30433266086002325  0.7269110447474461  0.6490201732990705  -0.22443963035752257  -5.2117412577192805  0.0  0.0  0.0  1.0
39885980090216;5.823010286342225;2.309243072184218;-0.45308500309979605  -0.4365250932413997  0.7772771853956895  7.510017946537799  -0.7823341731832197  0.612720352827946  -0.11192412921316591  3.960189257811821  -0.42739586034001975  -0.658801648602206  -0.6191229008550962  -0.43357660878523446  0.0  0.0  0.0  1.0
39885980090247;5.3740242030998315;7.260208058830007;-0.3722360797300985  0.9271361736639919  0.0431139934459787  11.219242923880294  -0.8352052783939837  -0.3143428513464094  -0.4512435204523573  -0.2368947050422081  -0.4048116153101286  -0.2039781539555191  0.8913587767105362  6.716413877013287  0.0  0.0  0.0  1.0
39885980090278;4.39500473301532;9.720373102408516;-0.8105981447887148  -0.5124606057698079  -0.2833986153797043  8.468123918362044  -0.5634280927475355  0.814405741655017  0.138895904411238  -1.8182749327437455  0.15962278022878476  0.2722635037851796  -0.9488904850079648  7.707903403564374  0.0  0.0  0.0  1.0
39885980090309;6.062761454151005;9.50503713453183;-0.4246908312095343  -0.05559405259281272  0.9036299016759362  7.933421947569833  -0.3632543309012526  0.9247099345465505  -0.11383245597103808  2.5142259134471714  -0.8292671396890379  -0.3765910756606198  -0.41291061110698  7.090044857428132  0.0  0.0  0.0  1.0
39885980090340;10.653667033347874;3.994247193253082;0.8667102338704041  0.30215733354254204  0.3968807330808212  2.4742537336431334  -0.4940351432952641  0.629834610389811  0.5993643639259365  4.2992380648918145  -0.06886688386689889  -0.7155482578705474  0.6951604440450329  7.663130769752288  0.0  0.0  0.0  1.0
39885980090371;7.825764243118106;5.585296331357257;0.7841163956101012  0.39816684189465384  -0.4760510940551047  -0.6434678001294912  0.6164455785411675  -0.5884389629773367  0.5231963642335463  -1.01442137515525  -0.07180756807237626  -0.7037064394090725  -0.706852827893994  -3.1760816784715233  0.0  0.0  0.0  1.0
39885980090402;6.3535513934385985;5.730483263838114;-0.5086743187274868  0.30304913686814083  -0.805860818076299  1.3292259018801869  -0.7394205326623404  -0.6332450255571265  0.22860011698268023  3.8857541046116917  -0.4410302861986554  0.712153044120875  0.5461962361687444  -4.5781389264230095  0.0  0.0  0.0  1.0
39885980090433;6.8874917645610045;7.470949150988256;0.7527548756892558  0.5069762392917223  -0.4199228380544154  -3.4942518735148944  -0.5602681515713278  0.8283000016773396  -0.004324992042427506  5.432674780383575  0.3456294192641892  0.23852505112658748  0.9075495052745921  3.6794025768114618  0.0  0.0  0.0  1.0
39885980090464;6.2677651862134764;7.174977097680201;-0.12904486461905706  -0.9900315976917742  0.056434550475056126  10.495587667567131  0.9715315688137948  -0.1148210464826716  0.20722581422889993  -11.44166793324381  -0.1986802298006916  0.08156937450107486  0.9766640176794922  2.939617510082649  0.0  0.0  0.0  1.0
39885980090495;9.69087354585672;8.383877069988332;-0.1810258474603209  0.908575704592979  0.3764569451805134  4.258729668652657  -0.7833054359871515  0.09826248987753952  -0.6138216980818169  10.218513518405366  -0.5946950785942748  -0.4059983646598072  0.6939042379098941  -0.5344452642076868  0.0  0.0  0.0  1.0
39885980090526;2.92110847772627;3.8498905992064687;-0.6496102347907606  0.7571404987878533  -0.06888256637476105  5.645538604661543  0.5929765180770497  0.447882387107121  -0.669163818753259  -3.9414776162407192  -0.47579973924363445  -0.47554140977890363  -0.7399155193136453  -3.1324300470164905  0.0  0.0  0.0  1.0
39885980090557;4.738076726601074;7.2784412074558436;0.6341861830986556  0.7167692163029896  -0.28991339349391276  6.625093915851645  0.6741792389684638  -0.6962124857728398  -0.2465167913102594  1.362112340233863  -0.3785369716562187  -0.03911604804170961  -0.9247592637410762  10.771759425566573  0.0  0.0  0.0  1.0
39885980090588;14.769319861057435;7.084982240704751;-0.024510859811890273  -0.2942332499759666  -0.9554192861565348  -11.253162573757885  -0.12701078421199247  0.948878339192689  -0.28896047844779615  5.233271553367091  0.9915984461691824  0.11426588300759281  -0.06062861977118206  5.969191920099041  0.0  0.0  0.0  1.0
39885980090619;2.836952107880147;0.31202990407437753;-0.055432407113835985  0.9975576489865626  -0.042496884473661775  1.9125410077702052  -0.9981639786064629  -0.054325010893244  0.026785537216294564  3.7357780520503545  0.0244114738203681  0.04390364608834596  0.9987374779220342  -2.391311431937484  0.0  0.0  0.0  1.0
39885980090650;12.55893498698289;6.68556090358254;-0.7586757612095948  -0.3590615677436628  0.5435861292587446  12.281257740618752  -0.5549666229137366  0.7932292944850973  -0.25059795255028966  15.734759549160767  -0.3412083480877398  -0.4917947508261323  -0.8010710244760435  1.112714243635408  0.0  0.0  0.0  1.0
39885980090681;13.661467239296929;10.454321471754028;-0.7624551002158881  0.5596748039293127  0.32469421615031024  12.053545737362537  -0.6299177545789073  -0.5273702190829128  -0.570161621376524  10.152534499208707  -0.14787103374578156  -0.6392532877280529  0.7546452090272808  -7.2256182069119825  0.0  0.0  0.0  1.0
39885980090712;11.512393687205597;10.364731221575337;0.011021723046322679  -0.9689216551794281  -0.24712213123362065  16.385729654051218  -0.5009226236811413  -0.21924098070973574  0.8372633501245798  3.297186364330887  -0.8654218894305206  0.11456098158531122  -0.4877711910237406  7.557575027721241  0.0  0.0  0.0  1.0
39885980090743;17.098275178250592;2.128068812381729;-0.2513098561747213  -0.6995127863101399  -0.6689732565492178  2.8471860482631652  0.9678287498749473  -0.1903795248762139  -0.16450880652233624  -5.876698228940107  -0.012282797113738494  -0.6887942350924054  0.7248528365113373  14.059203873354383  0.0  0.0  0.0  1.0
39885980090774;10.611953381784044;2.79131425990781;-0.4538483327847964  0.8904531725662973  0.03338919428612215  7.712745763340757  -0.8818145126577364  -0.44342511961893316  -0.1605531954124041  0.08904645319317588  -0.12815949475032862  -0.10230987614864268  0.9864622816650368  8.186111584469234  0.0  0.0  0.0  1.0
39885980090805;5.343071835957388;2.780556388263233;0.6334694815503767  0.25499269647150324  -0.7305444139068404  -0.9520418757000583  0.35801469641411887  0.7404081441620971  0.5688771899188304  -2.7403407851869943  0.6859605623472854  -0.6219119751256046  0.37773483040297784  -0.08692091765730726  0.0  0.0  0.0  1.0
39885980090836;5.261479947974986;4.516751536922199;0.46438055917222093  0.877031124356415  -0.12315479354461863  4.965598177254592  -0.88556534246606  0.45807866380343526  -0.07705817277245194  4.8920292437527095  -0.011167832639567568  0.14484593428253795  0.9893911940359853  -1.1756617576938393  0.0  0.0  0.0  1.0
39885980090867;12.813048896623984;2.2533163117971653;0.5847093074594641  -0.5060340961526146  0.6340698063315121  -5.881429772636679  0.7636085751184816  0.6071970318471144  -0.21957620208387307  -0.7018924457198626  -0.2738922594302321  0.6125693903934977  0.7414457311072348  -6.4371494616840055  0.0  0.0  0.0  1.0
39885980090898;9.513150698671726;3.8458300703985304;0.912079971826592  0.40844410739691345  0.035826472412766645  3.1773625789662656  0.4056291733881757  -0.9116207235407809  0.06642763060210499  -4.089570805157501  0.0597921289906088  -0.04605504905787034  -0.9971478495022934  -5.216852046414454  0.0  0.0  0.0  1.0
39885980090929;3.2910700942172166;13.708311678850514;0.23108386709026202  0.9130983478213531  -0.3359340018166146  11.96433369993688  -0.9722603325726908  0.20387694598028017  -0.11464744481842927  2.450813999085128  -0.03619519410434224  0.3531084792293567  0.9348819764120387  5.443757784214508  0.0  0.0  0.0  1.0
39885980090960;13.148595121958836;0.8559529308148371;0.8036911312372506  -0.5936825889328466  -0.040268463697811625  -0.0612842395921246  0.5910458485643535  0.7886231713660534  0.1695237401645897  0.9502044719597349  -0.06888664939908548  -0.16004523480110477  0.9847030782687881  11.79588989586138  0.0  0.0  0.0  1.0
39885980090991;4.974292677219224;2.7892201237677683;0.2552503193403401  0.9655812312613616  0.05000160309877316  -0.20126096180418182  -0.9668747424165968  0.254870617668953  0.013935592053667706  2.285849478609283  0.0007120066673143755  -0.051902351438438576  0.9986519108085992  5.258896090552885  0.0  0.0  0.0  1.0
39885980091022;13.287028172970416;2.6212632475984123;-0.24459012786410317  0.4932734744421784  0.8347795809452718  5.402490523726762  0.5637000282568215  0.7728309751544402  -0.2915039656421433  -12.156558175909243  -0.7889346915269226  0.3992662811377625  -0.4670850985117604  0.11875537632919775  0.0  0.0  0.0  1.0
39885980091053;15.533441302838277;3.0841910141597753;0.4992252567769068  0.8622874777077065  0.08505556292514546  -3.377465697015058  -0.8615117626753825  0.4834811722452819  0.15505946877338167  -12.374169479124626  0.0925830749542645  -0.15068597105507117  0.9842368172138265  0.2786758533955452  0.0  0.0  0.0  1.0
39885980091084;7.763469718260981;8.926462909335374;-0.9280232886579565  -0.3715541667398024  0.026837974714239772  -0.9568028272536289  -0.36073214096858863  0.9142985664684885  0.18420220906896034  2.131085002316226  -0.09297902011039541  0.16126261976030848  -0.9825218925231909  -10.957792617692627  0.0  0.0  0.0  1.0
39885980091115;3.6651649034345075;2.89685005834969;0.9868564294389759  -0.11429821481133712  0.11423793488109385  1.832583167413884  0.12988338393726845  0.9816128340522432  -0.13988048684833637  1.0828547281683358  -0.09614933308120044  0.15287956735569636  0.9835563754219561  -2.727554943807373  0.0  0.0  0.0  1.0
39885980091146;8.080612412768405;4.784157402616429;0.7692344471344001  0.6386384295602082  0.02047734432748774  7.675974995353961  0.49268779206289787  -0.6132350127135527  0.6174152239250312  4.448167408427389  0.40686251350305264  -0.4648481208643113  -0.7863708537547013  1.9583572422007687  0.0  0.0  0.0  1.0
39885980091177;3.8726541071914253;8.216096085406503;0.679592494491312  0.7313873024554932  0.056803655146068444  5.563303272195006  0.7241531713238588  -0.6564563149742909  -0.2113463768129766  1.9866766089207446  -0.1172869382867266  0.18476395843684382  -0.9757592191571  1.84547209299209  0.0  0.0  0.0  1.0
39885980091208;5.2059592602279805;3.4522701492779797;0.35517595957079673  -0.9114637717341714  -0.2075664485389728  6.024755093371365  -0.9283377721138542  -0.36997824916767996  0.03612583576202094  2.2020597246743523  -0.10972246173710326  0.1798607460201821  -0.9775536268826451  3.9979129951167676  0.0  0.0  0.0  1.0
39885980091239;9.534104921615693;9.611141960265025;-0.3047235529634459  -0.929558179946236  -0.20752143591536337  4.205649498407584  0.7587788602492395  -0.3686237489491744  0.537002023226654  1.9310719307138997  -0.5756719530324524  0.006174285845039873  0.8176574348014605  0.5444836214555289  0.0  0.0  0.0  1.0
39885980091270;6.793393155968177;10.087361572295407;0.3745487052381023  0.8624367389260679  -0.3404645925129818  9.78114353727578  -0.9255481422313706  0.3697175635216718  -0.08166737191594606  2.3064922095003833  0.05544279769744761  0.34570477950726697  0.9367039562259313  -4.61482788233754  0.0  0.0  0.0  1.0
39885980091301;9.237550092631151;2.801148458293497;-0.15007053894367073  0.5275179472112608  0.8361839801809012  -1.8741049865281243  0.7642732338752752  -0.47463048761852833  0.43659171339459363  -1.2728720335494355  0.6271883746714261  0.7045925883750237  -0.33193979436638726  5.501946945335266  0.0  0.0  0.0  1.0
39885980091332;14.314334062580222;9.270409111266336;-0.3824149172658324  -0.8683517270103319  -0.3157912431508207  4.4266884056594  0.8230277478875984  -0.4754618208865154  0.31074327520695794  5.730930382201453  -0.4199811391713143  -0.1410720917738623  0.8965012591529989  -5.086594083435838  0.0  0.0  0.0  1.0
39885980091363;4.939595963032118;1.4340222537786187;0.07301895867720024  0.985372906199136  0.15397554157192161  2.2327008159205524  0.4763801860397486  0.10117716390152487  -0.8733985916255989  3.499807849540923  -0.8762021171067965  0.13712555281023747  -0.4620242772236699  -0.7883276360439279  0.0  0.0  0.0  1.0
39885980091394;15.273466798993145;2.93857252746081;0.513679293807441  -0.8439268440240265  -0.15466436256984567  1.444592540977494  -0.8473711867894648  -0.47075220638091  -0.24567139024827633  -7.4643273677460185  0.1345200911109707  0.2572544307162727  -0.9569349523161662  5.743206000084278  0.0  0.0  0.0  1.0
39885980091425;8.06198539416402;11.566122642405738;-0.6766647372123257  -0.28494307098558086  0.6789199361564514  17.34125105181727  0.36646333294396904  -0.9300934775487087  -0.02511470941394548  4.632791056346855  0.6386152668242215  0.23180502436024858  0.7337826460610614  2.510649680853568  0.0  0.0  0.0  1.0
39885980091456;10.977064992754894;0.7741242449372476;-0.8864120591896193  0.45735171014532194  0.07143580720037593  -3.8554810225450455  -0.4620360436881655  -0.8647561514087743  -0.196772693567156  2.5346304720255852  -0.02821977420546362  -0.2074276062336831  0.9778432555967028  -2.7150900649195027  0.0  0.0  0.0  1.0
39885980091487;2.767744523025431;5.51916440302461;0.943435058230501  0.2042224861498446  0.261196223273592  -3.0103462948814994  -0.006988143851655023  0.7998587587421178  -0.6001475917714141  4.9852943067522135  -0.3314837201841445  0.564375001408014  0.7560419307410036  0.7688458352533798  0.0  0.0  0.0  1.0
39885980091518;6.6339837111177165;0.8798447256057554;-0.6944738292503732  -0.7192746856908026  -0.018709008811803797  10.71107984258746  0.7194016204931273  -0.6945943436704296  -7.856785162090086e-05  1.421793157777067  -0.012938659829579119  -0.013513854573802993  0.9998249680901014  -2.2459791570279704  0.0  0.0  0.0  1.0
39885980091549;8.72791924372333;5.371294983582815;0.590675563015002  -0.799406380772811  0.10978077079628017  10.255963935706985  0.4410883025188984  0.43380900743664996  0.785653138762791  -8.108100913823035  -0.6756800194159268  -0.41564309623346773  0.6088491832264781  2.0544357441763608  0.0  0.0  0.0  1.0
39885980091580;11.404884011730314;6.140336529228133;0.8022698333276586  -0.5795233906075468  0.14323321636807113  7.824526454397419  0.5806447799088164  0.8132608760507257  0.03818883409908995  -7.447701278496818  -0.13861729364351433  0.05252986982601604  0.988951899072452  2.395779204476678  0.0  0.0  0.0  1.0
39885980091611;5.185738995238877;7.433598357269869;-0.7111200196855324  0.26063170801920466  -0.6529773582425651  13.856943446247207  0.48391204700725166  0.8551967969580594  -0.1856544349966539  -0.8675538206461594  0.5100367127606588  -0.4480061955460743  -0.7342703864303894  1.6198192849643365  0.0  0.0  0.0  1.0
39885980091642;11.452810801369598;5.375125159309388;0.8675696082771662  -0.48775865967634463  -0.0970281644912433  3.310293343880948  -0.4799973457728143  -0.8723049785930914  0.09320178309860362  1.7152250634196369  -0.13009812775308124  -0.03428577303258415  -0.9909081505985811  -8.671994520339814  0.0  0.0  0.0  1.0
39885980091673;6.84357315400721;3.5572597065032614;-0.716584607820474  -0.5985329042566053  0.35814084150921655  6.619660759003499  -0.6267755673636655  0.3272704800695018  -0.7071396050505393  0.18703596084596671  0.3060373963925515  -0.7311992856925059  -0.6096627892630783  -5.00089487368116  0.0  0.0  0.0  1.0
39885980091704;11.97004270038415;9.01597937434083;-0.6850003132593606  -0.7265362419922536  -0.05403387739513013  -0.448476224854555  0.7282974510020283  -0.6848082337495142  -0.024909954893950093  -10.555885094748888  -0.01890485912474975  -0.05641606208026183  0.9982283477445574  5.953742945074552  0.0  0.0  0.0  1.0
39885980091735;9.206758517908435;3.6675356046172554;-0.6697380706851593  -0.21221951929078237  -0.7116275657300732  13.766419811932547  0.36132857810890406  0.7440752811873482  -0.5619551891100983  -6.656449455927592  0.6487623411671781  -0.6334941606344592  -0.42165456611463864  1.248598223455199  0.0  0.0  0.0  1.0
39885980091766;2.598811728309922;6.544585424357191;-0.019727363987222222  -0.8895349733371747  0.4564409735334322  11.07658279165366  -0.9550209566869177  0.15187037774501072  0.2546966051057455  4.669786305648847  -0.2958814009006311  -0.4308862025797757  -0.8525205434635932  0.677694931953671  0.0  0.0  0.0  1.0
39885980091797;12.542227557622743;5.144144141460274;0.6973714015103905  -0.6522730453644109  -0.29700673838563096  10.5318734580595  -0.36621764997200457  -0.6805193611890442  0.6346479590259763  14.197078961161804  -0.6160825928432125  -0.3338162268942182  -0.7134486424807968  0.03218000904500045  0.0  0.0  0.0  1.0
39885980091828;9.47715700246654;0.9714876469978121;0.6212573585010489  -0.783410076403791  -0.01754841010765033  -3.364751947667317  0.782853538355434  0.6214862247345944  -0.02992005931677447  1.9602709394182412  0.03434577110325823  0.004850222072047675  0.9993982406194115  5.457332830648304  0.0  0.0  0.0  1.0
39885980091859;14.228056617716064;1.5262775559405835;0.8689574442708831  0.20879257944301394  -0.4486854341470745  8.42525308878924  -0.36530737516409056  -0.34102066360636485  -0.8661728630268888  9.335307396041458  -0.33386147081826967  0.9165754555752669  -0.22005897514087994  6.352938892788887  0.0  0.0  0.0  1.0
39885980091890;12.934736653014653;5.872775473777474;-0.5330691122275601  -0.400125267420087  -0.7454777608761539  18.922951541212903  0.7845236560336839  0.09615333638360579  -0.6125987014562164  -2.606637398375038  0.3167963931493888  -0.9114023843913864  0.2626513640041354  5.371504756728411  0.0  0.0  0.0  1.0
39885980091921;11.389616762246979;6.439538596611998;-0.1295803038467959  -0.9216523249783207  -0.36574025854016684  -2.150268763612868  0.6442019323205126  -0.3586525076032762  0.675553291150594  -4.709277915170442  -0.7537989222926027  -0.14807218054698237  0.6402045095893748  4.362295086187498  0.0  0.0  0.0  1.0
39885980091952;7.751231368250753;1.2936428439932373;0.18350723597748234  -0.9626395934377504  0.19912334742542673  2.9626308839260056  0.9086290010521334  0.24340315820682856  0.3393349982273334  -4.383382632875856  -0.37512455636882436  0.11865882066220049  0.9193484929492995  -6.1620120231563105  0.0  0.0  0.0  1.0
39885980091983;14.851121124669065;7.636375316130376;0.10394178586650715  0.3435888736100539  -0.9333503045921479  2.2493628441765057  -0.17592285553538348  0.9299878539787292  0.32275957050460036  -12.189176208915685  0.9789010440545853  0.13064944463491562  0.15710973415237628  -6.35424769169825  0.0  0.0  0.0  1.0
39885980092014;8.09691717384987;10.003251500386572;0.1813338761895944  0.1694573066889519  0.9687116426242552  5.43011414312339  0.9830120154383071  -0.05965973608557977  -0.1735744606620335  -2.0002353947278486  0.02837962032821592  0.9837301139539872  -0.17739689977590045  3.981927678368113  0.0  0.0  0.0  1.0
39885980092045;7.770476372289854;5.12992426579621;-0.6164453384272001  -0.7333726049552773  -0.286635250854611  5.310958828044832  -0.7338855737770055  0.6670384314016627  -0.12834210390672715  -4.648286651643635  0.28531931118199916  0.13124158386091084  -0.9494043065692871  3.756392376647595  0.0  0.0  0.0  1.0
39885980092076;16.718631862778135;5.543555221582599;-0.25994280204086817  -0.27043346414684605  0.9269819206093926  21.66940300903595  0.6777880840541731  0.6326561636315103  0.3746324755453458  0.26812701353484897  -0.6877739837921444  0.7256803153514618  0.018842163625422854  -1.466337605851665  0.0  0.0  0.0  1.0
39885980092107;10.262899426928634;1.900969675603501;0.6137796815026672  -0.6394342003686434  -0.4630317548218465  -3.829788041005533  0.44267011369342507  0.7643778559979801  -0.46879597236173176  -5.9609336990636885  0.6536953977328699  0.08276712305526396  0.752218007178783  -2.0028879516337192  0.0  0.0  0.0  1.0
39885980092138;15.257229419744425;1.2657123527637169;-0.5969726525554613  0.8022329581801475  0.006777382269469312  8.38311960452849  0.7952544472745295  0.5906233421104358  0.1368737807046404  -6.680237630235145  0.10580177782523048  0.08709964732321869  -0.9905653109438018  10.344031901752825  0.0  0.0  0.0  1.0
39885980092169;15.992191385092843;3.9920281682565344;-0.45947696657193116  0.39969575927989925  0.7931735101499048  9.751281839291337  0.10771179359130617  -0.8613563860076838  0.4964507486197636  10.511148356686617  0.8816343270944025  0.31354182543553194  0.3527214722572955  -10.415808901333353  0.0  0.0  0.0  1.0
39885980092200;6.917432320039796;3.4115175658922117;0.7104179823850901  0.7037399404229957  -0.007509098303822265  2.606005877940748  -0.6853626340595111  0.6942124646411476  0.21987977117477708  -6.160135406232052  0.15995108670748856  -0.15106008801236104  0.9754980777381324  2.443095586464258  0.0  0.0  0.0  1.0
39885980092231;11.63978213050849;11.611213283171475;0.7932802952180705  -0.2753495408166474  -0.5430368344696259  14.89714306794529  0.39381467248434865  0.9122507985971268  0.1127319129392822  1.8887495204977722  0.46434510544935836  -0.3032838782905649  0.8321072720594732  -9.687509277203416  0.0  0.0  0.0  1.0
39885980092262;5.191873642222159;7.5738627230008095;0.8169045554747024  0.1185282053747225  -0.5644625866922683  1.4114545152987548  0.37089455262923987  -0.8574306145606383  0.35672114045024295  -1.936745579617159  -0.4417059860072476  -0.5007632232351069  -0.7444004407444637  2.773769067630087  0.0  0.0  0.0  1.0
39885980092293;17.8683780302977;1.4249539291500466;-0.42554512205968603  -0.7904381510747227  -0.4405892400147571  10.42804486270375  0.8748546203365324  -0.2348543936186639  -0.4236423102970617  8.643185332890772  0.23138872566965943  -0.5657304509424821  0.7914596101566947  -10.322469419645797  0.0  0.0  0.0  1.0
39885980092324;2.5378082800465176;2.172062948886806;0.5557438123309903  -0.05691217736304102  -0.8294032910011957  4.145376004522189  0.5005025076606862  0.8195020177733272  0.2791302253264766  -1.9010758522295292  0.663811761632152  -0.5702433225678691  0.4839178630569201  -2.5992377399563913  0.0  0.0  0.0  1.0
39885980092355;4.721106299632293;2.380118379371132;0.9266531275931427  0.3738358386613894  -0.039506288792814495  1.4711192881921786  -0.37587952868333224  0.9199345048792487  -0.11151271967523316  -3.819608711704104  -0.005344252860968808  0.11818321566494294  0.9929774249681873  2.142438652555651  0.0  0.0  0.0  1.0
39885980092386;4.150156398285817;3.9053599900586238;-0.722672009957814  -0.2914686305954964  -0.6267305668326051  -1.4001148259855463  0.31986091709012826  -0.9448320069194013  0.07057954674633626  4.273248505968083  -0.6127268230963898  -0.1494607509664067  0.7760330689981985  4.225312852834986  0.0  0.0  0.0  1.0
39885980092417;6.211588953303198;8.664358180823607;0.5063363521517045  -0.6440433957468817  -0.573438403740568  -1.6485426413629403  0.8282775674347347  0.5482673718584562  0.11558183351988865  3.6340142771490407  0.23995784999474945  -0.5334894500833612  0.8110543982222467  1.1890346200241548  0.0  0.0  0.0  1.0
39885980092448;6.198581447326856;2.1769426196263093;-0.23356771843716775  0.969788016035917  -0.07040827264728891  -2.061776883251947  0.9720226621044885  0.23102699928555473  -0.04240837130113731  -1.1974336177545584  -0.024860918312862135  -0.07834366314023936  -0.9966163781447752  7.027192410437358  0.0  0.0  0.0  1.0
39885980092479;13.852347125351322;1.8744907969862268;0.9141102991818616  0.3824970785405766  0.1345300926840232  -0.4478242610939088  -0.39902110478829056  0.9075428891257531  0.13095061027277738  -3.7855530160695823  -0.07200360312637083  -0.1733836477445463  0.9822187087566674  -12.983059247298627  0.0  0.0  0.0  1.0
39885980092510;11.087356919905194;0.7252939696675529;0.6204072796870095  -0.7390362222883918  -0.26252670236962256  -0.31737223980609  0.7842761703437029  0.5856331058710763  0.20480418437818249  -10.255314778266346  0.0023866173511064223  -0.33295544364599344  0.942939540269746  0.2797477057697176  0.0  0.0  0.0  1.0
39885980092541;8.13198811043238;5.38607276935114;0.0719292911594494  0.7418128148022683  0.6667382731390438  5.9687062873712655  -0.13918605174335572  0.6693943855333021  -0.7297522864757522  11.282943546562862  -0.9876504543984144  -0.040310103096218255  0.15139906048247853  3.399107315076772  0.0  0.0  0.0  1.0
39885980092572;12.857597382515118;8.29357970110185;-0.8159181237635842  -0.5781669190050995  -0.000793147062999322  4.738794723434041  0.5781599267942144  -0.815899716484385  -0.006225085542323483  7.0325095124069605  0.0029520100647165808  -0.005537725963841167  0.9999803094200047  6.465504885115968  0.0  0.0  0.0  1.0
39885980092603;4.595426400726901;2.2312242662643684;0.6667237347419375  -0.4735630525089337  -0.5755149840188213  3.801317496438914  0.4906141215497976  0.860152704902326  -0.13940985612621673  -2.151950188023649  0.5610501272325704  -0.18940791838683246  0.8058209448659697  -4.652359992703108  0.0  0.0  0.0  1.0
39885980092634;14.955394496186754;5.301477587728358;0.984928966531983  -0.16535493936048545  0.050721542911567635  -2.846844830819667  0.1698556164239885  0.980034358883992  -0.10335243091514669  1.73976452694734  -0.03261901984221223  0.11041014190704371  0.9933506934152714  9.572564273806734  0.0  0.0  0.0  1.0
39885980092665;13.790322686089336;3.002675008349914;-0.6961963653838356  0.524602957147225  0.4900024062989121  -1.7097154972959787  0.5539204252742991  0.8267657956731316  -0.09813501703731248  -9.030678592508954  -0.45659914946293645  0.20310109910426552  -0.8661796350944546  10.925292109439118  0.0  0.0  0.0  1.0
39885980092696;10.060575966549875;3.6258132955526774;0.8019629942990814  -0.5922487367054187  -0.07808194186677943  1.8313915204326894  0.4851301562303368  0.7219607043737004  -0.493377616898212  -2.0174694560113426  0.34857436407570247  0.3577906863112364  0.866303490410926  6.665389023473728  0.0  0.0  0.0  1.0
39885980092727;5.0885328238275855;3.353549097171692;-0.1432634149706546  0.8142541594401419  0.5625528933045982  3.4449057398639265  0.9456795363167587  0.28023876193579933  -0.16479214453489754  -2.587250951820759  -0.2918318154736836  0.5083860739075363  -0.8101714579854163  3.843702664854516  0.0  0.0  0.0  1.0
39885980092758;7.042514947121556;4.5719286145857385;0.9977226625925165  -0.038370563048339495  -0.05547241152727991  -0.5594948061792663  0.03508859800319872  0.9976426596895407  -0.05897384045277748  5.882473529053088  0.05760450363876431  0.056893087971502665  0.996717060003288  -8.613013313171116  0.0  0.0  0.0  1.0
39885980092789;9.837958892178126;9.478834761916687;0.4726988247212968  -0.21089103452176597  0.8556171998419871  8.402756279712984  0.877036039979208  0.20713472442130162  -0.4334777854936739  -4.846935940930422  -0.08581145427443077  0.9553115604331655  0.2828713785770072  -10.713878761410575  0.0  0.0  0.0  1.0
39885980092820;8.268718839568454;10.17520726238715;0.7135789941364019  -0.6406677472386625  -0.28346050302540954  9.834968914670625  -0.6957324315291866  -0.6955394647832693  -0.1793912947929449  0.23791513878671697  -0.0822277498522668  0.3252225247075308  -0.9420556812508972  -6.696300284490251  0.0  0.0  0.0  1.0
39885980092851;6.8936455006206945;4.197400312412347;-0.11104658979064226  -0.08589744657842252  -0.9900960981476372  7.9382110915611115  0.9819838353196102  0.14378549145704478  -0.1226110909234793  1.8554501527523628  0.15289343369438213  -0.9858739073115602  0.06838301554756425  -1.325794755511533  0.0  0.0  0.0  1.0
39885980092882;8.701798953500287;2.0673895855742828;-0.4243204628426254  -0.22332815929893904  -0.8775401290409278  -1.0693055057377223  0.8959382649639638  -0.24409499263797924  -0.37109602523124263  -5.056396009397629  -0.13132695909973055  -0.9436854178343612  0.3036627438136017  5.5269380298539295  0.0  0.0  0.0  1.0
39885980092913;12.068994851548805;0.6885657767921499;-0.42626725494712003  -0.8521076334098623  0.3036590332008763  8.948343822506425  0.9045374751544054  -0.4053660950079505  0.13225084143134622  2.5004643647523275  0.010401124994001408  0.3310451783407351  0.9435575798520245  7.635214625121981  0.0  0.0  0.0  1.0
39885980092944;3.372320270673433;2.061553904939294;-0.9343595160005153  -0.2776248602779652  -0.2233757637142465  6.956027009444584  0.29380016882030896  -0.9549401316224948  -0.04208094364400909  -1.798507580741846  -0.20162776510302488  -0.10494656722567233  0.9738236300106434  -1.2482331997581266  0.0  0.0  0.0  1.0
39885980092975;6.497637263498034;1.7322963522487984;-0.8489203959724361  0.5284513432338652  0.008563827200812793  5.553234103675953  -0.5138109135494844  -0.8289810647232327  0.22088173181089288  5.9299381294358975  0.12382449846232432  0.18311081935445106  0.9752630011519434  -3.762956906182425  0.0  0.0  0.0  1.0
39885980093006;15.880192191604793;2.6062734261390803;0.8002864136289936  -0.32823015043211407  -0.5018033723562993  8.790503704378562  0.39481550985827896  0.9183027172879025  0.028997113597764995  -9.05619465806615  0.45128967342073145  -0.22132575035220406  0.8644955424378099  1.2484143958413725  0.0  0.0  0.0  1.0
39885980093037;17.265572118183027;1.4423472425965094;-0.9719818100520242  0.12806493234905764  0.19710589547353047  0.136816367604732  -0.12248749233257522  -0.9916521557966296  0.040284192010934056  0.8675025657282787  0.20061947849116843  0.015012495006751534  0.9795542097523775  -14.396417343854136  0.0  0.0  0.0  1.0
39885980093068;7.330304072587055;2.8086249857302223;-0.23281392557785638  -0.1752355771730138  0.9566034541803984  -1.2911514431369855  0.6205596134698889  0.7305883879386355  0.28486202544271993  -5.343592108803261  -0.748801336929316  0.6599493161615272  -0.06134702854093321  4.6952643187619225  0.0  0.0  0.0  1.0
39885980093099;11.7148593534829;0.5662280956614141;0.8286058354982422  0.43449894168816033  0.353019884780062  4.417364630599908  -0.3792238566659568  0.8995003324813422  -0.2169986599068121  11.61561627798181  -0.41182719180945015  0.04593279370801592  0.9101035889109105  -3.4060447568045253  0.0  0.0  0.0  1.0
