# registration_from_features.py TEASER TEASER_config.json euclidean False --input_txt=/neural_comparison/point_clouds_registration_benchmark//eth/plain_global.txt --input_pcd_dir=/neural_comparison/point_clouds_registration_benchmark//eth/plain/ --input_features_dir=/neural_comparison/experiments/3DFeatNet/feature_extraction_voxelgrid_0.1_npz//eth/plain/ --output_dir=/root/neural_registration_comparison/results/3DFeatNet/TEASER/
id;initial_error;final_error;transformation
4215528470030;7.9427285406441825;6.74986711592843;0.9278999366743771  -0.3450438069727604  0.14123200341789133  5.060980216256815  0.2694448077020957  0.8824378766857809  0.38562013613486384  0.05554209179216619  -0.25768430903349043  -0.31976266989758945  0.9117843121143828  11.50714642647367  0.0  0.0  0.0  1.0
4215528470061;8.5731783167614;0.19672761351536863;0.6100699951101776  0.7852392273140504  0.10589597231954631  -0.5824869852126363  -0.7883235441242057  0.6149787701142548  -0.018630675999810692  12.680786746969662  -0.0797533124435574  -0.07211427179131957  0.994202665938031  7.21833081436262  0.0  0.0  0.0  1.0
4215528470092;7.21989676751356;5.836655090647286;-0.7756987908759303  -0.35793006720906884  -0.5197859682805327  13.265210076078613  -0.626801608033037  0.5329378740914057  0.5684161912948399  -1.2012446750724408  0.07356038336508501  0.7667224330529562  -0.6377504062347099  -10.07321266800378  0.0  0.0  0.0  1.0
4215528470123;3.699125908164359;2.6558621409298016;0.6683991694478828  0.25551719311964066  0.6985366950287156  -2.5879603903043007  0.5270516909487545  0.4999751489316279  -0.687198199589358  -2.440896197234182  -0.5248419432071327  0.8274876521562464  0.19951220559029556  3.7936614117569407  0.0  0.0  0.0  1.0
4215528470154;6.304867582126328;6.077077968924312;-0.7105730210979677  0.6909574261372439  0.13290529317337996  0.4338055499292826  0.6528576136976203  0.7178831735697498  -0.24170371396085985  2.361736279404491  -0.26241744973373243  -0.0849799056908118  -0.9612052318334651  -2.754218387000682  0.0  0.0  0.0  1.0
4215528470185;10.45878331764484;9.48085718185574;-0.5453764312768343  0.8381350257099139  -0.009707053414237724  20.609388244869617  0.8300178649239636  0.5416354832462832  0.13304640993138817  -9.548778536643468  0.1167685407753739  0.06450334849298678  -0.9910622714634949  -1.6571890135975267  0.0  0.0  0.0  1.0
4215528470216;5.914600834043442;8.430175161406346;0.4781695290224194  0.8534404152256662  -0.20734840046144698  1.4829135605632255  -0.8396809313147444  0.37502774841606673  -0.39279781249948315  14.576360718620105  -0.2574681244365629  0.36193044301000493  0.8959444845087784  -3.427509863586029  0.0  0.0  0.0  1.0
4215528470247;6.661053221913973;2.759524260149008;-0.8381918409804263  -0.5426602925453479  0.05435296319836341  32.41284502417941  -0.5117135907803876  0.817012392185988  0.2657817751938083  5.0969241610451235  -0.18863626036498563  0.19496296548095524  -0.9624997679825106  10.885125156166813  0.0  0.0  0.0  1.0
4215528470278;5.936222330533173;4.763244433852339;-0.23554642902300246  0.6881565176951315  0.6862641524429367  10.713564613333064  -0.9551550952761128  -0.033545718138416544  -0.29419964099682006  16.8007421058493  -0.17943417662917951  -0.7247863767678638  0.6651977783404877  2.6798922606232205  0.0  0.0  0.0  1.0
4215528470309;13.3828056546087;13.734210359325921;0.6031926912654195  -0.7884887952572333  -0.12018318084398294  13.194045660352218  -0.7972745254670167  -0.6003400455706707  -0.06281051445059574  26.136596085817292  -0.022625389396067605  0.1337058317277235  -0.9907627578369477  -0.6112311951302806  0.0  0.0  0.0  1.0
4215528470340;6.643852363898183;4.724611511730163;-0.8462375678626558  0.527849052112315  -0.0725076335431511  18.25130732709513  0.4742809708196199  0.8082849929831383  0.3489024660799166  -4.082356811722025  0.24277466806958298  0.2608653834880723  -0.9343498874839796  -1.237979732320163  0.0  0.0  0.0  1.0
4215528470371;8.616592423121881;5.358086490127091;-0.46563281345823065  -0.22815594527044358  0.8550619554562842  6.658048867597772  0.14347329312503362  -0.9728755645176305  -0.18146225537108732  0.5169366104494316  0.8732705750171773  0.038183774070328545  0.48573707106511355  -11.169383775933458  0.0  0.0  0.0  1.0
4215528470402;8.051064745866395;7.20505300755762;-0.0823789092526424  0.7316823165181293  0.6766496161271424  4.4592522147716185  -0.972443865789459  0.08956938498058825  -0.21524463561875845  11.233821993998095  -0.218097783571493  -0.6757353867963874  0.7041413521675454  7.477272264030404  0.0  0.0  0.0  1.0
4215528470433;3.035557231842426;5.436685205492738;-0.88837369511818  0.4582854159999626  0.02768854101992596  7.176540697379365  0.45495186722406034  0.8868131050219328  -0.08112530598216451  0.48504743758293406  -0.0617331056355682  -0.059472634405243176  -0.9963192407182995  6.40356020169388  0.0  0.0  0.0  1.0
4215528470464;11.371431429449434;14.561870387132782;-0.9827188390201058  -0.1176808146371241  0.14288075203231043  36.74632997089428  -0.08472386260473647  0.97225222364746  0.21805384820705087  -11.178869111350314  -0.16457688337160065  0.20218021534985245  -0.9654209496280768  16.3749251484082  0.0  0.0  0.0  1.0
4215528470495;6.926527848736154;2.4541670151463073;-0.39437039979845734  -0.31900628563318373  0.8618044891327291  14.24944636508903  -0.8116473762021492  -0.3188579913061216  -0.4894467469341194  11.824744554178045  0.43092983705815874  -0.8925046616722763  -0.1331724612158387  3.5629618771501357  0.0  0.0  0.0  1.0
4215528470526;13.514784535064075;1.6316748443582167;-0.994855859186579  -0.06326218196122381  0.07911836560267443  22.425570971852025  0.03615443408268601  -0.951327056185821  -0.3060550425413385  13.432327252683516  0.09462915163042618  -0.30162017257193663  0.9487205042368276  -8.482948593382043  0.0  0.0  0.0  1.0
4215528470557;10.446360986706342;7.9792096019281935;-0.7486297163547829  -0.28662013658839897  0.597831452077093  27.46852186223346  0.6589068784213348  -0.2217499311550517  0.7187966983798573  6.143949407021282  -0.07345252452850498  0.9320278243350775  0.3548645675544574  0.44705818552915877  0.0  0.0  0.0  1.0
4215528470588;3.580277951137834;10.250772878142797;-0.22511400415926164  -0.965702537766568  -0.12939201552876606  16.634847611260124  0.7479168062097927  -0.25638410358414865  0.6122806892417041  3.3289310244596244  -0.6244550713384656  0.041058494621269676  0.7799808099556731  7.43228870449775  0.0  0.0  0.0  1.0
4215528470619;3.9070449392142814;3.410571008065345;0.7831453020531056  0.03439873390379086  -0.620886594297192  5.142006270157934  -0.08079142133358697  0.9956343323873511  -0.04674422328472591  0.5764434707366438  0.6165680677030303  0.08676982930379479  0.7825054725760973  -4.828268428883531  0.0  0.0  0.0  1.0
4215528470650;5.1845358049870764;12.084279217963983;0.43918549979698107  -0.522924850819214  0.7305242618584122  12.579480924591232  -0.8677343241804609  -0.4575350923755769  0.19416174155572202  19.780083785371314  0.23270848589416396  -0.7191739981677415  -0.6547026202424046  7.826047766434605  0.0  0.0  0.0  1.0
4215528470681;3.380804448922173;9.519426773705575;0.3656712849605736  0.39280981770181217  -0.8437920113821601  5.126429405926236  -0.6769040379663228  -0.5099912719862405  -0.530763436836735  -4.029290892480097  -0.6388156500432416  0.7652511676664889  0.07940538800928573  -0.2699737521831901  0.0  0.0  0.0  1.0
4215528470712;10.187008660188404;8.054154013266878;0.24851780144059696  0.2264321149889638  0.9417894667433679  -1.8508831632761504  -0.0557925787609681  -0.9673324040361952  0.24729579102111124  10.801668167681234  0.9670191779496071  -0.11400226928960949  -0.22776609070378803  -10.72667543880944  0.0  0.0  0.0  1.0
4215528470743;11.416465271917176;5.417183721104141;0.8654515842936982  -0.09998250296678221  0.49091450818245885  4.1464630163248355  0.2028592513184074  0.9658968565212177  -0.160908007000787  -6.909243050137705  -0.45808479498676136  0.23884463917561022  0.8562193404373728  0.836181624418556  0.0  0.0  0.0  1.0
4215528470774;8.6384432610346;0.8242107151955392;-0.19110283966587016  -0.9812583774603613  -0.02473259661862788  19.429572797538757  0.9799099061904233  -0.18925422623040158  -0.06292387149411507  -3.5454410455855374  0.05706382761011257  -0.03626064695770091  0.9977118246571464  -5.755305769596851  0.0  0.0  0.0  1.0
4215528470805;4.364926864890053;5.877024847286928;-0.2009723534656726  -0.8605472065763886  0.4680476667990596  16.881657661134376  -0.8902188726281565  0.35983321350368663  0.27933925122736447  14.291973212264145  -0.4088037083480569  -0.3605253995395956  -0.8383918918546934  13.082077703454097  0.0  0.0  0.0  1.0
4215528470836;7.998596834151955;18.05627096531581;0.8825692577371863  -0.14276616733672068  -0.44798362331810226  10.265459984484893  0.3658169571854598  0.8070637730518585  0.46349327941499807  14.933001458065332  0.2953801942121432  -0.5729449255306146  0.7645159600531013  12.026590910491652  0.0  0.0  0.0  1.0
4215528470867;4.496746515697113;3.057103368870776;-0.6780199123258925  -0.7345785597626739  -0.026140735004684654  32.119126672986916  0.7346095726277363  -0.6759690955576704  -0.05843421647151688  -13.795983475517804  0.025254193578177757  -0.0588227964988164  0.9979489487537799  2.322367239589433  0.0  0.0  0.0  1.0
4215528470898;3.0735426127890535;10.2284064381707;0.3223113699809716  -0.914142584086324  -0.2458835430462308  12.041005357327885  -0.9462487886154828  -0.3037156734577382  -0.11122059044909002  13.172238479071131  0.02699279208827706  0.2685146656257177  -0.962897327610368  5.802945960077519  0.0  0.0  0.0  1.0
4215528470929;7.751781789465057;1.7956529042251743;0.14358518069853474  0.9557010470746328  0.25694124718351435  4.2100300430444415  -0.9869375714630856  0.11911609390951813  0.10846928692623527  6.8541287950868774  0.07305837336210164  -0.26915955266753866  0.9603205763126677  6.710723540982409  0.0  0.0  0.0  1.0
4215528470960;7.051327912203398;4.309650159073875;0.24219638533922833  0.6437160849599419  0.7259273468415807  1.8879606916928102  0.028578384045636562  0.7431455977115947  -0.6685191818992308  5.749686892069664  -0.9698062625565744  0.1826587598932007  0.16159081205416964  8.738352210284708  0.0  0.0  0.0  1.0
4215528470991;7.811575106800094;14.55408200187034;-0.9994198343520734  0.031756850301598485  0.012308418362952434  17.94315642078481  -0.02361188741626182  -0.9064855152453094  0.42157619646167055  17.230991714040915  0.024545335123346286  0.42104098744584156  0.9067094426630365  -2.0637154443811485  0.0  0.0  0.0  1.0
4215528471022;6.397326685010671;7.998623337739379;-0.965702519757513  0.0271899303798684  -0.2582234517233642  38.063561483869776  0.1338959822331423  -0.7999245070725882  -0.584972348856336  5.2884741837501625  -0.22246462477394627  -0.5994843539831668  0.7688484896607215  10.626953005694363  0.0  0.0  0.0  1.0
4215528471053;4.989390319330123;6.646365419258702;0.7461030815470593  -0.6580402253980153  0.1015541897910245  -0.4211522842120123  -0.6554178796334923  -0.6989738641515038  0.2861170045450854  10.555334777738604  -0.11729277370204538  -0.28003321051483265  -0.9527978832082051  8.10263604254861  0.0  0.0  0.0  1.0
4215528471084;7.283065117516562;8.791104401569648;-0.20665582123176227  -0.924580008791989  0.3200705842360899  6.202138746814607  0.9717217733052198  -0.23214485681098146  -0.04319213748783762  -3.1885714276681836  0.11423732680514383  0.30209364905342667  0.9464086117349099  7.1394321955460995  0.0  0.0  0.0  1.0
4215528471115;13.751336068378958;16.72511691178951;0.7901599214934935  -0.6108932478280015  0.04956549428334517  12.608996616268703  0.6070929001662709  0.7912155444077273  0.07359465235524842  -2.7021379075303877  -0.08417546574330516  -0.028060685054713333  0.9960557659695346  12.16867057974941  0.0  0.0  0.0  1.0
4215528471146;11.525962444638278;11.792998646463944;0.7757213513974333  -0.6310478337781242  -0.005917471594936928  13.65926434087791  0.5495521444819771  0.6800923134089993  -0.48524930266539923  -5.042495429528323  0.3102399482358783  0.3731662856233569  0.8743558187561099  -1.0542391717188915  0.0  0.0  0.0  1.0
4215528471177;6.697705102568167;3.459463325318714;-0.8905503352033024  -0.4496771529597139  0.06863350912879132  34.188199916962965  0.4548588483842698  -0.8819140936760209  0.12381825157115617  -5.560217267628878  0.004850620148155772  0.1414849443638732  0.9899285236836696  1.582281270506263  0.0  0.0  0.0  1.0
4215528471208;6.121585792418238;5.581136119642166;-0.10254481421789265  -0.9784941838981398  0.17897958865337443  23.8792575329756  0.9911310237383052  -0.11579482148217861  -0.06519856671254508  -17.943181704135004  0.08452132784379153  0.17070644801946924  0.9816901006652249  2.3279936055356267  0.0  0.0  0.0  1.0
4215528471239;7.5967337800512365;3.4005385733097193;0.02675677224452122  -0.8427469212831799  0.5376445868850316  17.559216144712167  -0.4049900477111055  -0.5008600247025742  -0.7649328708520069  7.305604144407033  0.9139295029672755  -0.19727357228645145  -0.3547055134662145  -5.699482023001954  0.0  0.0  0.0  1.0
4215528471270;4.659737430181631;14.26951862796826;0.9207444500348533  -0.36113814674565564  -0.14767835554044018  0.44007535353721633  0.008720039848986512  0.39745383807040247  -0.9175807362342226  -4.868670334092401  0.39006873578261503  0.8435696092014098  0.36910255457898566  -5.179916935072298  0.0  0.0  0.0  1.0
4215528471301;12.269791784026703;3.825824843609448;-0.7049351469508838  -0.7092614240514686  0.003830267069003246  21.53099358268757  0.7028030733716812  -0.6992235000466386  -0.13097456639305324  -9.724637560315484  0.0955734202205622  -0.08963665173918545  0.9913783294042351  0.1851755692139367  0.0  0.0  0.0  1.0
4215528471332;10.27674754914434;9.879795751925863;0.8428244735211007  -0.5161798856677703  0.1523326375596788  7.434817351375546  0.45085739678145265  0.8317538899092288  0.32390287801796247  -5.304339997949924  -0.2938954143931688  -0.20431297622244918  0.9337460538849913  10.41774283659144  0.0  0.0  0.0  1.0
4215528471363;7.251183878607266;10.36214589218933;-0.6547161666509937  -0.755689886927377  -0.01671932778303271  31.854071358717782  -0.7517050161242675  0.6486249553611336  0.11926959384680866  18.424853177233484  -0.07928625265103126  0.09065573384213502  -0.992721123005903  -1.3217260945799951  0.0  0.0  0.0  1.0
4215528471394;7.752494131188369;2.6059092699715336;0.9700799730344936  0.2425650049996441  0.010347186425247859  3.2787003207236336  -0.12350672387041757  0.4563460025120849  0.8811892050802921  -1.564472052853068  0.20902376677352427  -0.8561019473992351  0.4726505269044397  4.461656335966863  0.0  0.0  0.0  1.0
4215528471425;6.845520635125362;11.074477838533477;-0.4993847413184689  0.8192019883296308  0.2819981958365426  -0.749704419472388  0.825607084015879  0.3512920359824271  0.44155050478752494  1.8955150595068333  0.26265533111110234  0.4533232927747043  -0.8517688473211595  -1.0137324777320078  0.0  0.0  0.0  1.0
4215528471456;8.696136189115853;15.310335910761149;-0.21544486436428853  0.8364622998346172  -0.5038991281739195  18.27424019524288  -0.8084242385516016  -0.4422263956251969  -0.38844055598586896  6.508529241321024  -0.5477533760200088  0.3236767461028521  0.7714918036447006  6.1394104639585505  0.0  0.0  0.0  1.0
4215528471487;4.397592397978111;4.231218423295583;-0.388131686989615  0.9212923368064176  -0.02396296509962197  21.69406929513919  -0.8687636493289005  -0.37443212647836877  -0.3241146467927936  18.21042075164274  -0.3075768443158979  -0.10498101162904153  0.9457142655358522  3.7317557400117045  0.0  0.0  0.0  1.0
4215528471518;4.316883413942118;4.792902631556843;-0.3179352318268719  0.10882886802479069  0.941845776041723  15.095564270190641  -0.8966715620833547  0.2882513508630119  -0.3359929589688516  19.523167018334526  -0.3080540506375286  -0.9513503225469003  0.005938491030511771  8.58114847721099  0.0  0.0  0.0  1.0
4215528471549;1.9026528424683027;1.8333018510073393;0.36428664995767623  -0.8963414754902027  0.2527195995142806  2.0216809879607776  -0.7791758859461297  -0.44198034370008876  -0.4444528260038562  2.2651070356378744  0.5100785972991576  -0.035004786798323764  -0.8594152020289881  -0.2536214916575863  0.0  0.0  0.0  1.0
4215528471580;8.32112714146523;0.39831435028399087;-0.5290298667584957  0.8369938760555251  0.1398879963507863  19.76159108321154  -0.8449644052535366  -0.5348043810463852  0.004407705540321272  17.620668401843957  0.07850193584890611  -0.11586856976394411  0.9901575231289377  -3.7850635623558846  0.0  0.0  0.0  1.0
4215528471611;14.49435390175508;6.276284181822903;0.8619178396403567  0.3906721789485492  0.32322265747514184  0.12304282115351839  -0.12481264813954773  0.781315616753792  -0.6115289934917519  -0.912874236315526  -0.4914462743516261  0.48674547312967836  0.7221906976787172  12.504090091350955  0.0  0.0  0.0  1.0
4215528471642;10.551955767567739;1.8101177566953681;0.004355616079471117  -0.6594599289338273  -0.75172709857977  18.233487701469727  0.7235303096459151  -0.5168329025089066  0.45758894425882374  0.9790350080965992  -0.6902788709154107  -0.5458904221680485  0.47488812087999804  17.90812871788017  0.0  0.0  0.0  1.0
4215528471673;5.301269378770812;16.651103082308797;-0.8967774341631793  -0.30756829940085156  0.3181068606292119  31.32244467753449  0.3530282055761797  -0.9307450309601645  0.09531407771481051  5.936159956990997  0.26676079105327166  0.19777620824212017  0.9432514255541851  -5.107429217176513  0.0  0.0  0.0  1.0
4215528471704;14.231622672185328;5.4171379278174;0.9768158092129674  -0.14897115250583104  0.15374807508616162  -1.4858307066106649  0.02459070441310205  0.7914997502518644  0.6106745799586744  1.2844050174094404  -0.21266445901485978  -0.5927358105195943  0.7768127746114866  -1.8771791622336915  0.0  0.0  0.0  1.0
4215528471735;9.260585039119485;3.626326829837148;0.8740190803116632  0.009864390049495991  0.48579145840587445  -0.45529927619531924  0.4224809552592537  -0.5092659803953122  -0.7497719677710218  12.871830873752721  0.24000102019446498  0.8605526451187943  -0.44927570075028933  2.452881432814518  0.0  0.0  0.0  1.0
4215528471766;10.023762998931376;0.11428369626320542;0.24226433294021704  -0.9440656640528148  0.22371413666004292  -0.3575790227419971  0.9633270012604693  0.26148148361455953  0.060237217475908794  2.5053867737279805  -0.11536499307650594  0.20091653909831816  0.9727915823490715  -2.4949576768628954  0.0  0.0  0.0  1.0
4215528471797;16.49642327605817;1.9391823699231496;-0.3291261098754929  0.9192867642562255  -0.21584218508332542  24.9246003933534  -0.9341320928724715  -0.35039776136388884  -0.06796059076311853  11.71428523475761  -0.138105890040656  0.17925750721934847  0.9740603211514081  -4.166051085227832  0.0  0.0  0.0  1.0
4215528471828;6.120378490255965;10.962023215035092;0.8184422715056552  -0.5258629029149138  0.2315609111023787  9.480246125592975  0.5740530254250836  0.7657377538754888  -0.2900152001017006  -9.220548762653365  -0.02480669693796783  0.37028894073091256  0.9285853370366173  6.480776734929479  0.0  0.0  0.0  1.0
4215528471859;3.3560635566366703;15.938682780612272;-0.48731309806690365  0.7512254883354105  -0.44518109812486395  15.914133238898637  -0.7250094786332774  -0.632224114890273  -0.2732287035490866  13.414298069535695  -0.48671059197878563  0.18961258984158835  0.8527366917338696  -1.65388215860771  0.0  0.0  0.0  1.0
4215528471890;6.397138347400414;2.620544560267961;0.9111807841523588  -0.17072369456317643  -0.3749706637941056  4.220460262030085  -0.051889798461631866  0.8553088295808056  -0.5155135835811946  3.108901367872642  0.40872610316335845  0.4891832235020059  0.7704821519263656  -7.420118045406717  0.0  0.0  0.0  1.0
4215528471921;4.826841366204702;6.054091127732666;-0.6221727773701198  -0.7813797808335322  0.048442473141790454  8.21731838847425  -0.4201168055427058  0.2810236026365224  -0.8628601303002603  14.144435935174874  0.6606079811810814  -0.5571995808197738  -0.5031160127983652  -1.4377162442995628  0.0  0.0  0.0  1.0
4215528471952;10.627445185868936;8.718961673773926;-0.28407448686816905  0.9470814602490649  -0.14946034110454073  18.40813677322346  -0.7907301506440458  -0.31957512815387246  -0.5221279214214477  13.862064674135251  -0.5422614819190387  -0.030140423320437475  0.8396690062810663  0.622592963530266  0.0  0.0  0.0  1.0
4215528471983;2.5890048286559675;7.227716856961166;-0.9598815808773896  0.0512126552620954  -0.2756893444319699  14.815410298222094  -0.05821303443030745  -0.9981548990239508  0.017263840155136795  7.85747167398778  -0.27429654265910697  0.03261995547961431  0.9610917464996609  -4.269904264063703  0.0  0.0  0.0  1.0
4215528472014;9.471090222260203;2.5352033215271;0.38141796004853057  0.9099076919007528  0.16305928974536532  0.8506943328831272  -0.8309197491225717  0.4147679011537988  -0.37086380072818687  7.65105825698276  -0.40508358430143915  0.005964930202266017  0.9142601978305637  -6.282639461044711  0.0  0.0  0.0  1.0
4215528472045;3.9958979372442767;4.400789645488099;-0.9161667933012075  0.34628423459607516  0.20180593579573775  11.685028602130432  -0.3356882433284064  -0.9380679606290869  0.08568491426310243  10.283494383178494  0.21897901758678112  0.010757793054199077  0.9756702617920319  1.6212957580103549  0.0  0.0  0.0  1.0
4215528472076;8.69484171943448;12.157072980249238;-0.8324813613904941  0.2736400604159708  -0.48176332391847076  17.726063955414862  0.19063756660575165  -0.6749646833695672  -0.7127973024657555  7.311855532524656  -0.5202231262987709  -0.6852326565038799  0.5097294432584496  -1.827392561767812  0.0  0.0  0.0  1.0
4215528472107;10.315265354533507;4.41657187191806;-0.48339613591201297  -0.6530493223322382  -0.5829706325251209  27.564512268093257  -0.8188303717898969  0.5728232292525173  0.03728766904939368  13.500916366173128  0.30958843327836666  0.495378774908779  -0.8116371549837545  -4.3813634554625205  0.0  0.0  0.0  1.0
4215528472138;6.670306263270432;6.6328438531009155;-0.020081905440792032  -0.6340756838982756  -0.7730101837380942  0.12430331631846082  -0.8266627409905953  0.44539985446608077  -0.3438716072889869  8.480214179203175  0.5623392479027083  0.6321131202012257  -0.5331112206075646  -4.145145475490901  0.0  0.0  0.0  1.0
4215528472169;13.267182160692693;10.2579471583765;-0.42650994971070466  -0.6866363751373062  0.5887442153737675  17.510959199425994  -0.9007030266150122  0.3818772499280053  -0.20713238238860712  8.720906263833957  -0.08260339366108801  -0.6186277186852563  -0.7813299079325882  12.414536891059196  0.0  0.0  0.0  1.0
4215528472200;8.200847505154186;4.704359394398941;-0.17255476000341902  0.06067274521913163  -0.9831295300151134  9.019915796369768  0.24220729504119573  -0.9648421264019555  -0.10205536413623884  10.052143775448057  -0.9547567653748207  -0.2557312830056724  0.1517927200602284  2.8135212027519945  0.0  0.0  0.0  1.0
4215528472231;10.278644612899345;5.907471055913114;-0.654590353733691  0.2711976865080425  0.7056651356213417  9.62288178667318  0.7199945449682542  -0.060931788820204655  0.6912996255800565  -5.216338726522095  0.23047629816264795  0.9605931146660667  -0.155375493696357  1.2815363408868805  0.0  0.0  0.0  1.0
4215528472262;4.061839555975304;7.551426472309053;-0.8229330743667012  -0.5206764066758343  -0.22732627354644175  28.218916079382538  -0.5662019255070817  0.7186079189674935  0.4037549236223408  13.544889993375742  -0.04686720244951256  0.4609758543875704  -0.8861742080461417  5.31582422240162  0.0  0.0  0.0  1.0
4215528472293;4.76530520571006;13.874188689922347;0.7744530188530582  -0.14742392345189248  0.6152143597019142  -9.546151287423783  -0.5589491988937523  -0.6149320815150684  0.5562682160429253  15.96764738419507  0.29630780388882494  -0.7746771727097661  -0.5586384908301483  2.5477833088405473  0.0  0.0  0.0  1.0
4215528472324;7.620481991712362;2.563220633809917;-0.8445472276917606  0.12471228536572747  0.5207560139614509  7.214290515264932  0.26730843038296614  0.9408511948355954  0.20819517819255126  -2.099039405487952  -0.46398942147893496  0.3150331332658364  -0.827929913519468  6.99939119100481  0.0  0.0  0.0  1.0
4215528472355;4.274579483987271;6.473149534041654;0.7633180800980675  0.16402078812183152  0.624854134706088  1.855153343523808  0.6446639567038677  -0.256096011090752  -0.7202938400613454  5.272574705524096  0.041879488085630134  0.9526342499444892  -0.3012210057588729  0.18474477085330954  0.0  0.0  0.0  1.0
4215528472386;6.98607721477994;0.3497570061293416;0.5359656726270622  -0.8159299733755966  0.21679270355046396  5.16145902479298  0.8365444252562757  0.47867902151623243  -0.26657047648400556  -5.62150609948179  0.11372872257292  0.3242293523226435  0.9391171943662681  4.628769413207037  0.0  0.0  0.0  1.0
4215528472417;3.9350110134314358;9.821277258212252;-0.760571704756102  0.6161784707225693  -0.2045843936921721  -1.0543995725179796  0.6385615536125705  0.7668895416763231  -0.0641839007491734  8.600262509322288  0.11734489410408319  -0.1794561870916544  -0.9767423676396082  -6.7096665914725175  0.0  0.0  0.0  1.0
4215528472448;8.44720383204338;5.901316295092781;-0.8620060927147856  -0.45075095688104594  -0.2318815883018953  12.947533614647963  0.46406534990780984  -0.8857949941235164  -0.00325259906255894  -4.480331650014604  -0.20393343800743008  -0.11041197062158192  0.9727385823570113  -4.339439445400139  0.0  0.0  0.0  1.0
4215528472479;4.6646235313045;6.853221266716871;-0.880300292589766  0.4632251245766419  0.102439635040971  0.05628092221394349  0.44684036029275565  0.7370260915126201  0.5070761607915237  1.8312371596714054  0.1593897339222727  0.4921534561400394  -0.8557919655673346  -1.94036199069762  0.0  0.0  0.0  1.0
4215528472510;4.403148072732226;0.33285022377678003;-0.9972801334799303  0.07368877239394418  -0.00151663750665193  9.49071207854968  -0.07368437401683399  -0.9963189698819104  0.04380779929644221  5.147876252370559  0.0017170882331236093  0.04380040041510616  0.9990388263383347  -3.686848480498617  0.0  0.0  0.0  1.0
4215528472541;10.318454924319978;8.270049817257496;-0.9432108806742447  -0.3321466558661662  -0.005642125010898502  25.680271713007603  0.3281999039663924  -0.9291082373838406  -0.1704192074325655  2.400604991176565  0.051362025020113944  -0.16259299561302037  0.9853554993825412  4.566434344114469  0.0  0.0  0.0  1.0
4215528472572;7.24244761931414;4.253561499704604;0.22118064919703695  0.9090846774759673  -0.3530498117818411  3.6274648587326275  0.6107563751322256  -0.41135343847050004  -0.6765833273838785  6.136251819135659  -0.7602997899882133  -0.06598028369833414  -0.646212682873809  1.7236400318900065  0.0  0.0  0.0  1.0
4215528472603;5.1560174420135;5.585271006346037;-0.6186433677089347  0.7636155163093672  0.18485596241757032  13.105097697559804  0.7854783848072137  0.5959056889568  0.1670931383078669  -4.0327522109467875  0.017438193438499783  0.24857142458556974  -0.9684565846175559  4.711045445028369  0.0  0.0  0.0  1.0
4215528472634;2.054122432201142;5.596008423089483;0.6139119001776938  0.14102803523336463  -0.7766744955890017  -0.4468762738564316  0.776716638510754  0.06757255102882902  0.6262149900856836  -5.150385686270853  0.14079574667144262  -0.9876968379141823  -0.06805522826027242  0.22904489859813534  0.0  0.0  0.0  1.0
4215528472665;3.1616134532515607;4.371804013288473;-0.2138536571877354  -0.27072999159030214  0.9386010254420907  -3.8220765620548587  0.18195082704158735  0.9329759267741209  0.3105637077941516  1.2208972019054554  -0.9597710715823391  0.23719441754283305  -0.1502607681339452  4.40057996638855  0.0  0.0  0.0  1.0
4215528472696;6.874583370600295;0.4675155718792308;0.027801656742036995  -0.9995626692936459  0.010076608405602865  20.83964061161297  0.9991338516386744  0.028099134015139138  0.030691777030125378  -13.746815716024757  -0.030961498543604665  0.009214598317949949  0.9994781022042319  1.026171726799223  0.0  0.0  0.0  1.0
4215528472727;10.234961895922138;7.953854474515137;-0.45313217229511576  0.4516422615458823  0.7685639218808211  -3.087555496273796  0.887916202447062  0.30528611882288986  0.3441005711794798  0.19737492923564573  -0.0792215366115643  0.8383433981607874  -0.5393554439301841  6.346068075430367  0.0  0.0  0.0  1.0
4215528472758;6.7270965623001775;0.47962322435345817;-0.4913119695904622  -0.8689986579373369  -0.05876972894482241  9.945991075513207  0.8498936359600943  -0.49308138521877176  0.18588048607981195  -1.3301848312651412  -0.19050815229714133  0.04137728910700064  0.980813215579034  -5.274037170262229  0.0  0.0  0.0  1.0
4215528472789;6.2551636084248825;3.0815276694495166;0.6747369569490393  0.004928040848193892  0.7380418371207347  3.952405893803304  -0.11600158636248029  0.9882574346440016  0.09945287744577666  -1.5760958891085042  -0.7288852247703599  -0.15271855579547355  0.6673854746900074  6.514286003970626  0.0  0.0  0.0  1.0
4215528472820;11.132084316276776;10.636541246236488;-0.8470852409981018  -0.5063374965180282  -0.1614587690497006  35.95457291093705  -0.4812719554448554  0.6019662871568231  0.6371921955178937  18.627253730010857  -0.2254415653455965  0.6174616820066534  -0.7536027944932541  10.39110830718838  0.0  0.0  0.0  1.0
4215528472851;7.769777714220737;7.4093839642694475;-0.07851269811466287  0.9629384254063704  -0.25804136317779547  3.3261456354087944  0.954545149645517  0.14727143404086837  0.2591422042118249  6.31631481771011  0.28754010767712535  -0.22596617798123075  -0.9307308810207069  -6.012204528605891  0.0  0.0  0.0  1.0
4215528472882;7.042666088122157;14.011232054320336;0.6409023970389537  -0.07428509085594032  0.7640195303434645  12.770254859522453  0.6627758141130644  -0.4485777247582846  -0.5995883963832567  -5.692187071409132  0.3872626210938623  0.8906513067004423  -0.23826017748735573  -1.275978381480797  0.0  0.0  0.0  1.0
4215528472913;11.695730771155905;6.362081967013077;0.10251362330536129  0.5784455048892666  0.8092538260090018  2.9869016246694278  -0.8113021496305555  0.5193483805352812  -0.26845126492572247  1.6932854514849824  -0.5755690914578772  -0.6290294567894115  0.5225343658072372  14.286752118274947  0.0  0.0  0.0  1.0
4215528472944;6.966974866703557;12.554625112531294;-0.15472257034570824  -0.5670599493104339  0.8090141779435429  9.493206833156185  -0.05670282298801682  0.8226222296358959  0.565753883923088  3.6875478834260114  -0.9863294156065749  0.04166150737691918  -0.15943212572212667  12.918291051105024  0.0  0.0  0.0  1.0
4215528472975;4.140007954611918;7.174593549082716;0.19284018221093485  -0.9644075334772872  0.18091648210461286  12.91742014112913  0.8583185889585537  0.07644375332319658  -0.5073909266296146  -3.931953290036425  0.47550169712951673  0.25312933838280677  0.8425103406349573  -10.958919750402117  0.0  0.0  0.0  1.0
4215528473006;2.4517018405060282;9.548494629620368;-0.8813046493654355  0.4715952871594268  -0.03000000226474301  14.113632244882037  -0.46572252499508515  -0.8560703274688364  0.22415647244637316  14.016058150781252  0.08002902422914719  0.21152181815693816  0.9740913076937465  0.6128210701916884  0.0  0.0  0.0  1.0
4215528473037;9.53731782294903;2.0842141521996265;0.18839358671615355  0.9739333249204866  0.12633976054096765  9.433803645258164  0.9389349419014805  -0.1409011070337013  -0.31392364185123306  -8.37679904576869  -0.2879392841567243  0.1777660165667314  -0.9410048947764885  14.982752872624895  0.0  0.0  0.0  1.0
4215528473068;7.896574012257276;9.33569320550351;-0.9830391267449532  -0.1665482245222443  -0.0767838797991334  7.71174818285247  -0.1762466937476157  0.973690378565352  0.14444427864160958  9.372490534912037  0.050706786839178286  0.1555272824868642  -0.9865293133864279  4.707926243469879  0.0  0.0  0.0  1.0
4215528473099;4.933808374600305;8.22430868758275;0.23406696454355516  0.7775224972396263  0.5836706454804976  7.17839453160446  -0.8911579989666619  0.4115777091795606  -0.19089580976082168  9.1227567620291  -0.3886516139000334  -0.47546036174718054  0.7892321378530772  6.727656705594611  0.0  0.0  0.0  1.0
