# registration_from_features.py TEASER TEASER_config.json euclidean --input_txt=/neural_comparison/point_clouds_registration_benchmark//planetary/planetary_map_global.txt --input_pcd_dir=/neural_comparison/point_clouds_registration_benchmark//planetary/p2at_met/ --input_features_dir=/neural_comparison/experiments/3DFeatNet/test//planetary/planetary_map/ --output_dir=/root/neural_registration_comparison/results/3DFeatNet/TEASER/
id;initial_error;final_error;transformation
25528382210030;15.683526663035371;58.578947891962216;-0.7490620320723933  -0.6149561987747562  0.246444609793111  -55.35314853478824  -0.581029580129288  0.431080767433546  -0.6903433920620139  20.88910554242957  0.3182934167122522  -0.6603016322389388  -0.6802139776130987  -47.10394247335377  0.0  0.0  0.0  1.0
25528382210061;9.694920160715437;inf;1.1411571153500348e+243  3.7836355325902207e-109  5.037345733881366e+180  3.671464326083137e+228  1.17574221276916e+214  1.9608652923211385e+243  4.272557066120363e+180  5.285598728249007e+180  5.082006983546843e+233  5.504096537973088e+257  2.658652402804469e-260  6.01718206017174e+175  0.0  0.0  0.0  1.0
25528382210092;12.399804628975684;inf;1.1411571153500348e+243  3.7836355325902207e-109  5.037345733881366e+180  3.671464326083137e+228  1.17574221276916e+214  1.9608652923211385e+243  4.272557066120363e+180  5.285598728249007e+180  5.082006983546843e+233  5.504096537973088e+257  2.658652402804469e-260  6.01718206017174e+175  0.0  0.0  0.0  1.0
25528382210123;6.953048353590656;7.518104464122362;-0.6091316934840213  -0.69410626096874  0.38363404238581866  -36.29445709992311  -0.791893224129173  0.5059990120158011  -0.3418627230590332  -4.144254199763674  0.0431706100442452  -0.5120366181466216  -0.8578780799772067  -4.404161585458608  0.0  0.0  0.0  1.0
25528382210154;10.183163861597526;60.07195200930367;0.541207499629154  0.6436618993046161  -0.5411042429409827  24.317819535544693  -0.6729762097961888  0.7173699750495776  0.18023135117322067  52.52297169183316  0.5041799910681857  0.26660772359581586  0.821415155889847  34.600035414053785  0.0  0.0  0.0  1.0
25528382210185;7.249832144325139;8.681873846543054;0.9431877649489199  0.1286195452650017  -0.30635576153629823  39.40742086027089  0.32681705338977585  -0.19291917815455023  0.9251879832303256  -68.02785715873698  0.059895355949234466  -0.9727482733348832  -0.22399406925121346  -65.6598295675943  0.0  0.0  0.0  1.0
25528382210216;9.448765572705636;58.303871955434424;0.9431877649489199  0.1286195452650017  -0.30635576153629823  39.40742086027089  0.32681705338977585  -0.19291917815455023  0.9251879832303256  -68.02785715873698  0.059895355949234466  -0.9727482733348832  -0.22399406925121346  -65.6598295675943  0.0  0.0  0.0  1.0
25528382210247;9.372654796950922;58.461743216166724;-0.06383593790776704  -0.9677313157955426  0.24376438103230674  -104.5449036403898  -0.9772065338559179  0.011059084088729632  -0.2120025633062516  -6.90383777673363  0.20246570875271336  -0.25174152833361907  -0.9463793318175938  -37.99833168078856  0.0  0.0  0.0  1.0
25528382210278;17.919495398511156;52.06516699746064;0.9004965987073688  -0.40240916521570436  0.16484155867638417  -29.10251760243171  0.41926148005956004  0.7027712591343559  -0.5747454816464234  33.577400700118105  0.11543693973216287  0.5866680672110185  0.8015577907176508  34.998382246759675  0.0  0.0  0.0  1.0
25528382210309;18.244330532647695;28.73627849370574;0.9581262452090991  -0.2862991148728622  0.0051879730655389165  3.967130327330347  0.2836453027947526  0.9514159659864574  0.11980401440907151  41.532256002416695  -0.039235703689194254  -0.11331582629567466  0.9927840062505752  10.48092002321435  0.0  0.0  0.0  1.0
25528382210340;8.030201317376237;79.3634776603389;-0.3804693351628557  0.6544440103191822  -0.6534111434296797  47.27317722960695  0.9049682796618433  0.4089865179089778  -0.11731343049528968  14.86518311287721  0.19046127639659027  -0.6359505212876518  -0.747857898712948  -68.97495228321603  0.0  0.0  0.0  1.0
25528382210371;14.777020539726172;61.02673309971667;-0.3804693351628557  0.6544440103191822  -0.6534111434296797  47.27317722960695  0.9049682796618433  0.4089865179089778  -0.11731343049528968  14.86518311287721  0.19046127639659027  -0.6359505212876518  -0.747857898712948  -68.97495228321603  0.0  0.0  0.0  1.0
25528382210402;6.835161306041792;84.3446189812617;-0.3804693351628557  0.6544440103191822  -0.6534111434296797  47.27317722960695  0.9049682796618433  0.4089865179089778  -0.11731343049528968  14.86518311287721  0.19046127639659027  -0.6359505212876518  -0.747857898712948  -68.97495228321603  0.0  0.0  0.0  1.0
25528382210433;17.430375538815767;24.82125158204323;-0.8973496999857481  0.42704316058253833  -0.11134475710676713  -6.074220403930863  0.4398161294825591  0.8861726112049374  -0.14580766576968512  -4.889457930017165  0.0364045077218346  -0.17981168524292315  -0.9830271968097483  10.927323437702322  0.0  0.0  0.0  1.0
25528382210464;9.567579060620492;5.095460114044609;-0.1591846086792134  -0.9816958632557546  0.10456334169384877  -71.77613616262313  -0.9844605420780752  0.16579675828189044  0.057869474116831354  -53.30094130805498  -0.07414648643724109  -0.09372655445366172  -0.9928331337839493  -0.684350009684431  0.0  0.0  0.0  1.0
25528382210495;9.764115823017264;16.117150383391916;0.06073473200240853  -0.9906808085303711  -0.12191319837575212  -29.31605926734008  0.9676748745258149  0.08839158083713211  -0.23620386459277243  4.8085976579992415  0.24477873588210974  -0.10362656052732151  0.9640253660631726  10.23348488973753  0.0  0.0  0.0  1.0
25528382210526;4.636809275772577;34.683890927611756;-0.7802209773452379  0.5798848126611648  0.23449697344607076  -56.951235024999775  0.2615766159385432  0.6430193312297606  -0.7197942856531793  -68.01333896617994  -0.5681838615312663  -0.5002596762779874  -0.653381477994029  -90.43911224771885  0.0  0.0  0.0  1.0
25528382210557;6.91062999272005;37.122392239156575;0.24752950647206512  0.7543306975428512  0.6080413984016313  11.448234004131693  0.8652504225326331  -0.45449456820306133  0.21160433308657187  -28.138748157870214  0.4359711569964186  0.47372976074807494  -0.765185770939826  5.2901038002517184  0.0  0.0  0.0  1.0
25528382210588;6.684883534881991;2.3255668691521487;0.2910750531068238  -0.8158043227030993  0.4997385521628254  -14.034709549944191  -0.8907828251273957  -0.04056802877765824  0.45261484012253805  -8.028505457694042  -0.3489717351260919  -0.5769034079462804  -0.7385128204595045  -3.7369213684837397  0.0  0.0  0.0  1.0
25528382210619;3.0499892934791095;24.126428355544316;-0.2946021806136657  -0.899988707706065  -0.3212940727421544  -98.02284100730687  0.9236138585183891  -0.35444517262196656  0.14596595479000507  -33.531072869090934  -0.24524884409604614  -0.2537497696679779  0.9356623637097956  -25.877837410248816  0.0  0.0  0.0  1.0
25528382210650;9.772391176497468;15.4612932622599;0.5726946663511229  -0.8042887166571182  0.15855749553717646  -42.73038860506517  0.7962548961105682  0.5917563249198344  0.12570836224101978  -24.395451564228832  -0.19493321818747053  0.054259673565339395  0.9793145195858473  13.462310947206447  0.0  0.0  0.0  1.0
25528382210681;21.011024087836613;50.396069854300684;0.3343877759453808  -0.7295783369762597  -0.5965737720628164  -46.78556430490609  -0.8741940266153275  -0.4766122433146242  0.09287396488080557  12.763687409273878  -0.3520931966516559  0.49046530941296607  -0.797166332162907  2.3314524593732906  0.0  0.0  0.0  1.0
25528382210712;9.118066866210063;51.31541663735508;-0.3848071764232178  0.8459024851929411  0.3692863692550772  11.152940945015263  0.8141275455370446  0.4995766141263178  -0.29600599016896917  63.0122604846657  -0.43487903671138084  0.1867409761206429  -0.8809131803228347  17.36192127278583  0.0  0.0  0.0  1.0
25528382210743;20.13332180163335;5.139546909444167;0.76342811975533  0.6075163765921735  0.21932021826352113  -10.706389797332175  0.6343160058929124  -0.7691995841388446  -0.0772994464966718  -3.7530593240255863  0.12174034103330242  0.19813089595756034  -0.9725859537501812  -16.47007024763262  0.0  0.0  0.0  1.0
25528382210774;20.739154808696746;59.06231199577393;0.76342811975533  0.6075163765921735  0.21932021826352113  -10.706389797332175  0.6343160058929124  -0.7691995841388446  -0.0772994464966718  -3.7530593240255863  0.12174034103330242  0.19813089595756034  -0.9725859537501812  -16.47007024763262  0.0  0.0  0.0  1.0
25528382210805;7.825028269463657;3.483309668728306;0.9304200323624655  0.36608341864197624  0.017363581831875193  -6.237586846909115  -0.26350554670349435  0.635281433878736  0.7259354837900337  5.878307716144536  0.254722182455948  -0.6800003164443242  0.6875435836370651  17.27469922463502  0.0  0.0  0.0  1.0
25528382210836;18.891614934549192;129.8386105923383;0.9304200323624655  0.36608341864197624  0.017363581831875193  -6.237586846909115  -0.26350554670349435  0.635281433878736  0.7259354837900337  5.878307716144536  0.254722182455948  -0.6800003164443242  0.6875435836370651  17.27469922463502  0.0  0.0  0.0  1.0
25528382210867;11.40364716584565;72.69629564380618;-0.5713900019181258  -0.8092321039373013  -0.13659014483194834  -27.001975320433807  0.14571927155646452  -0.2638315866708663  0.9534981844617146  -0.9460321761777147  -0.8076381365469668  0.5249155130418054  0.26867144351977734  16.14974136825491  0.0  0.0  0.0  1.0
25528382210898;8.960325021546454;26.94788830278301;-0.6793941865008974  0.5618418898679163  0.4719716412438695  -35.15052677704387  0.3213889866423988  0.8060795566384646  -0.49693547632917906  -41.74172962788264  -0.6596458584829858  -0.18592858618078162  -0.7282155602752939  -48.34209981879966  0.0  0.0  0.0  1.0
25528382210929;20.960366730846324;69.00151116731222;-0.9970104824362794  -0.0772491077989338  0.0016350096164668491  -15.419171792343711  -0.07726569964085549  0.9966874383652606  -0.025380344046199644  -61.658855614988106  0.00033101538685999314  -0.0254307992238361  -0.9996765301234448  5.926493951185977  0.0  0.0  0.0  1.0
25528382210960;12.492536214211547;27.780169331557893;-0.7556127340342732  0.6548221989162794  0.016040073930619035  -2.532712950383795  0.6550186128448221  0.7553818718049472  0.018677381382303668  -18.863550601274113  0.00011398287715732336  0.02461941418684578  -0.9996968897885999  -6.911938455657508  0.0  0.0  0.0  1.0
25528382210991;21.169336560628633;8.275201568379371;0.6568037591653384  0.5792953009217653  -0.48272743476649643  -32.86117606959345  -0.7537754234652787  0.4867533874885658  -0.44146772333676565  -31.521772387106065  -0.020770963531360417  0.6538257367971745  0.7563600154527017  -24.67059829936477  0.0  0.0  0.0  1.0
25528382211022;20.78353201086023;33.12204034739964;-0.999746433475012  -0.022419096159937608  0.0021101851495129685  -0.7385393760364708  -0.016729264865406594  0.67673804452118  -0.7360337973182434  -24.298588807439657  0.015073169907382685  -0.7358824656322649  -0.676941501404606  -16.084173967654085  0.0  0.0  0.0  1.0
25528382211053;13.710252605486271;21.327104816509134;0.7670285795043453  0.5892823588749413  -0.25379806883097256  27.136711265584267  0.5206535470718682  -0.8028208176763273  -0.2905144034759635  -9.036038474301444  -0.37494938611101647  0.09069198544688453  -0.9225984617539061  -7.331536570965931  0.0  0.0  0.0  1.0
25528382211084;8.456027515763575;28.80874911988942;0.7670285795043453  0.5892823588749413  -0.25379806883097256  27.136711265584267  0.5206535470718682  -0.8028208176763273  -0.2905144034759635  -9.036038474301444  -0.37494938611101647  0.09069198544688453  -0.9225984617539061  -7.331536570965931  0.0  0.0  0.0  1.0
25528382211115;8.58618635194452;40.818393250571184;0.08480480856914914  0.9576436864850421  -0.27518487272902226  33.081871171863426  0.24349260052381488  0.24788842133535519  0.9376900788949489  21.287962300983303  0.9661881276095768  -0.14652610792348114  -0.21215702147960241  -3.359804091114642  0.0  0.0  0.0  1.0
25528382211146;12.191514888658181;63.34198365022121;0.08480480856914914  0.9576436864850421  -0.27518487272902226  33.081871171863426  0.24349260052381488  0.24788842133535519  0.9376900788949489  21.287962300983303  0.9661881276095768  -0.14652610792348114  -0.21215702147960241  -3.359804091114642  0.0  0.0  0.0  1.0
25528382211177;18.082566832098863;63.04044549425115;0.08480480856914914  0.9576436864850421  -0.27518487272902226  33.081871171863426  0.24349260052381488  0.24788842133535519  0.9376900788949489  21.287962300983303  0.9661881276095768  -0.14652610792348114  -0.21215702147960241  -3.359804091114642  0.0  0.0  0.0  1.0
25528382211208;15.216848440223977;19.20204428028161;-0.7990839930162901  0.6010584660535245  0.013910157818157576  -40.605903571492576  -0.6012159489666812  -0.7987870570777016  -0.021877389086399912  -35.627903017493736  -0.002038335898475161  -0.025844880160851347  0.9996638871922081  -12.78951243319618  0.0  0.0  0.0  1.0
25528382211239;11.671911420801475;22.222257646312674;-0.057427071809416884  0.8906152183335055  0.4511171292426813  -22.35093745345521  -0.190192310164104  -0.4533470256220715  0.8708061549587612  19.691347495868158  0.9800658225740949  -0.03579116137236531  0.1954225580371417  34.01156565596824  0.0  0.0  0.0  1.0
25528382211270;18.471821681962687;45.29983205338846;0.9926676030622107  -0.12081985778375011  -0.0036867052824973486  -34.33320494580667  -0.1208452757782567  -0.9912641544448636  -0.0528374434921583  -11.823503219505787  0.002729313613837353  0.05289553929987231  -0.9985963212276385  -17.720336491163604  0.0  0.0  0.0  1.0
25528382211301;9.301264776858527;124.67702471873378;0.9926676030622107  -0.12081985778375011  -0.0036867052824973486  -34.33320494580667  -0.1208452757782567  -0.9912641544448636  -0.0528374434921583  -11.823503219505787  0.002729313613837353  0.05289553929987231  -0.9985963212276385  -17.720336491163604  0.0  0.0  0.0  1.0
25528382211332;18.114374089714;56.40243561317125;0.3450533894924401  0.8933005272798432  0.2880144551256631  43.4568506256061  -0.8524881470086568  0.4266667663417499  -0.3020255447958356  -7.545396100167221  -0.39268577464624954  -0.1413139712166806  0.9087509251326492  -4.039305813039653  0.0  0.0  0.0  1.0
25528382211363;14.154563908634087;60.4868665592512;-0.9350620406382197  -0.3496631130543597  -0.058263947056675675  -90.13918538360672  0.24710411706857016  -0.525102478409994  -0.8143751853387016  -31.774898540177027  0.2541624194983424  -0.7758885838423042  0.5774065898289805  -60.62955062500298  0.0  0.0  0.0  1.0
25528382211394;15.624373069503454;30.55125003132304;-0.8839017688211551  -0.4365686130442323  0.16770661638548595  -119.62310251789509  0.3197646174649049  -0.3024812496357364  0.8979174143741315  -113.87183176786597  -0.34127445332511497  0.8472974328554514  0.4069629071355339  39.12286494881987  0.0  0.0  0.0  1.0
25528382211425;8.428891844194663;77.8661216486448;-0.8839017688211551  -0.4365686130442323  0.16770661638548595  -119.62310251789509  0.3197646174649049  -0.3024812496357364  0.8979174143741315  -113.87183176786597  -0.34127445332511497  0.8472974328554514  0.4069629071355339  39.12286494881987  0.0  0.0  0.0  1.0
25528382211456;7.093295871774291;43.2142255110206;-0.8633128572901027  -0.28014682185137413  0.4197721627790168  -43.88761198513864  -0.3916194240232859  0.8965184439079231  -0.20709636998408612  49.71866764499072  -0.3183160963025096  -0.3431798915138973  -0.8836868364388153  -21.02871272907731  0.0  0.0  0.0  1.0
25528382211487;10.502857338251829;30.33116865357939;0.26284233637581905  -0.19834512356740674  -0.9442314960673208  -64.03487296460943  -0.17273684373422543  0.9531563860265252  -0.2483040204942142  -31.723284359332673  0.9492501719911555  0.22836837726332326  0.21626834081963525  64.5626304629781  0.0  0.0  0.0  1.0
25528382211518;5.90067579224309;11.56680973044624;0.5974999333496562  -0.801756358407743  -0.013437685809372685  -7.465247131726574  0.7780673141967268  0.575630433849655  0.25151711314491126  18.468698647986166  -0.19392030379990774  -0.16073688244710052  0.9677595622856631  7.931812874352698  0.0  0.0  0.0  1.0
25528382211549;9.273592136553932;6.53433758555117;-0.12338931402083429  -0.9755994092131686  0.1816063598236164  -4.974977817880947  -0.9720837098449318  0.08202357109929785  -0.21983037742367012  -13.358772232223448  0.19957038417456327  -0.20366130346002226  -0.9584851252019416  3.2335860667997856  0.0  0.0  0.0  1.0
25528382211580;4.164998600241185;7.175686967760736;-0.12338931402083429  -0.9755994092131686  0.1816063598236164  -4.974977817880947  -0.9720837098449318  0.08202357109929785  -0.21983037742367012  -13.358772232223448  0.19957038417456327  -0.20366130346002226  -0.9584851252019416  3.2335860667997856  0.0  0.0  0.0  1.0
25528382211611;11.572839674945431;21.301748737652325;-0.980601262196662  -0.19505964695052846  -0.019310585435158817  -56.27075060941898  0.19553665665712808  -0.9803240021965003  -0.027023445760831502  -130.97962952208127  -0.013659446609057803  -0.030275152336057196  0.9994482651289976  -4.129942370529256  0.0  0.0  0.0  1.0
25528382211642;5.72156680482253;44.68220397562363;0.08796334528658797  0.813488849997518  -0.5748898510286189  67.37595776275843  -0.9914193351195231  0.015473263059110537  -0.12980092480974834  -72.61121455433802  -0.09669618315711781  0.5813746374413133  0.807869654772864  63.75866576404997  0.0  0.0  0.0  1.0
25528382211673;14.291403794964067;56.6547684508095;0.7096310745013037  0.3059803065605463  -0.6346651007415165  12.211171233302313  -0.6585108686966479  0.608381270415047  -0.4429849496501659  -63.48207155812408  0.2505736895815517  0.7322897526288946  0.6332176121083497  0.7758545333081128  0.0  0.0  0.0  1.0
25528382211704;21.73324130112813;30.96785432900214;-0.3054154359666032  -0.9305433933649163  -0.20201585219540508  -45.35445269169967  0.9478304433340141  -0.3174328521643625  0.029220456123132815  -63.7756844650487  -0.09131737054129241  -0.1825523964008799  0.9789462500085081  -21.110638678410645  0.0  0.0  0.0  1.0
25528382211735;15.219178573330824;101.90150194719497;-0.9475399229047089  -0.23411051877035355  -0.2176243541123436  -25.17271997331412  -0.1823677542466386  0.9551167219707215  -0.23343960594325383  107.03083224912481  0.2625073269696992  -0.181505681489533  -0.9477054346548004  -3.0893996462992765  0.0  0.0  0.0  1.0
25528382211766;8.120431397107039;60.93085098667522;0.007880538337325632  0.7435403402081028  -0.6686446437374135  40.8583250799162  -0.9779612515598494  -0.1337824230277698  -0.16029364845904526  -11.128276117593336  -0.2086376944921676  0.6551717528801417  0.7260993641816216  36.04228212636916  0.0  0.0  0.0  1.0
25528382211797;10.704272615652533;51.01972945749568;0.007880538337325632  0.7435403402081028  -0.6686446437374135  40.8583250799162  -0.9779612515598494  -0.1337824230277698  -0.16029364845904526  -11.128276117593336  -0.2086376944921676  0.6551717528801417  0.7260993641816216  36.04228212636916  0.0  0.0  0.0  1.0
25528382211828;14.19066388465987;5.534939845056429;0.5296556144776412  0.07076846174287849  -0.8452554376487966  -11.538939009810608  -0.20600097205222834  -0.95594568262392  -0.2091206622651731  -82.31144533528278  -0.8228174339219175  0.2848853746601153  -0.4917436260277467  -2.909887252622315  0.0  0.0  0.0  1.0
25528382211859;15.636492466966827;53.134753093887134;0.5296556144776412  0.07076846174287849  -0.8452554376487966  -11.538939009810608  -0.20600097205222834  -0.95594568262392  -0.2091206622651731  -82.31144533528278  -0.8228174339219175  0.2848853746601153  -0.4917436260277467  -2.909887252622315  0.0  0.0  0.0  1.0
25528382211890;12.685237572837845;67.70798858797637;0.5296556144776412  0.07076846174287849  -0.8452554376487966  -11.538939009810608  -0.20600097205222834  -0.95594568262392  -0.2091206622651731  -82.31144533528278  -0.8228174339219175  0.2848853746601153  -0.4917436260277467  -2.909887252622315  0.0  0.0  0.0  1.0
25528382211921;17.65776473630698;21.576744080402385;-0.34314324782979816  -0.6220333347657216  -0.7037948862481547  -55.14257989025532  -0.6293256301137287  0.708494019689958  -0.3193516484152283  -33.469445344987236  0.6972818388218465  0.33333279842193875  -0.634576459337583  61.05618965469974  0.0  0.0  0.0  1.0
25528382211952;5.3309939895303184;2.5044104256001245;0.4923098376393232  0.8591373306981708  0.139692772770696  -5.732892300164282  0.8087879801729385  -0.5108370753053756  0.2913888906963149  24.82402377776136  0.3217033212314139  -0.030471781934636816  -0.9463500639902795  2.07052030664683  0.0  0.0  0.0  1.0
25528382211983;5.937684277188093;72.08254499378101;0.5297327829398948  -0.8479650383407877  -0.01839762023905646  -36.00608508461686  -0.8476041058338638  -0.5300466081408847  0.024857050748617507  -118.61645436312004  -0.030829506196666315  0.0024263037834530952  -0.9995217129195444  -0.758853137109674  0.0  0.0  0.0  1.0
25528382212014;5.706074287891998;21.280591478899012;0.5034332353042366  -0.85723587585243  0.10817407611173008  -11.541599191816806  -0.3472178204856984  -0.3153589935740755  -0.8831695705294126  -29.00662813979368  0.7911983080923961  0.4070569472733062  -0.45640977087291423  28.7617817699948  0.0  0.0  0.0  1.0
25528382212045;13.03254592804802;24.27584314031787;0.5034332353042366  -0.85723587585243  0.10817407611173008  -11.541599191816806  -0.3472178204856984  -0.3153589935740755  -0.8831695705294126  -29.00662813979368  0.7911983080923961  0.4070569472733062  -0.45640977087291423  28.7617817699948  0.0  0.0  0.0  1.0
25528382212076;6.239869401775077;27.892193212805836;-0.7970096134888263  -0.6027788866381109  0.03785881442559419  -64.89578611783566  0.5909951931053793  -0.765437022330748  0.25461902240754275  -79.2724959081857  -0.1245004326608036  0.22530818597813318  0.9663000898264031  21.194561647327895  0.0  0.0  0.0  1.0
25528382212107;9.253104797075562;13.93279058923918;-0.34954507208228636  -0.0037820318268181607  -0.9369119162537373  -65.61271959642995  -0.5344527315527096  0.8221401782495444  0.19607601853274867  -66.66277386566591  0.7695313640904031  0.5692725388977306  -0.289396365108643  74.75141927032314  0.0  0.0  0.0  1.0
25528382212138;13.001581628756192;42.3769958995194;-0.25268388435528893  0.9625486758113936  -0.09823900081360659  11.232074638887696  0.9672352649248717  0.25388154721097356  -0.0003197991174883018  57.1561868373428  0.024633247305954523  -0.0951010340611238  -0.9951627989669172  -10.805583320936691  0.0  0.0  0.0  1.0
25528382212169;16.977214459145614;122.30936672071381;-0.25268388435528893  0.9625486758113936  -0.09823900081360659  11.232074638887696  0.9672352649248717  0.25388154721097356  -0.0003197991174883018  57.1561868373428  0.024633247305954523  -0.0951010340611238  -0.9951627989669172  -10.805583320936691  0.0  0.0  0.0  1.0
25528382212200;12.284350643893093;8.088572492036143;-0.5863272851458501  0.8027019800258107  -0.10904057023025585  -14.592119634384078  0.8092017848246603  0.5741198810203931  -0.12481519800774721  13.482844181467955  -0.037587047371142  -0.16141838024144592  -0.986170026106121  2.8825572440315366  0.0  0.0  0.0  1.0
25528382212231;9.397506716358016;50.94336982677351;-0.2936029946432824  0.5311192815340846  0.794801604376347  -18.873819214484243  -0.03926436170787659  0.8240434527356107  -0.5651643105356591  -71.88665123966858  -0.9551207208704932  -0.19714131171900898  -0.22108756585918352  -48.61717186781933  0.0  0.0  0.0  1.0
25528382212262;16.50683836669155;17.844181691885233;0.8921185227429399  0.4511856779273148  0.023580191098132815  30.242608556005138  0.40235261907676334  -0.8171359787976256  0.4127967563783854  -127.02219175147019  0.2055162069059862  -0.35877608084669804  -0.9105178814890237  -38.173752867117805  0.0  0.0  0.0  1.0
25528382212293;13.349273618262057;71.93574290195089;-0.8011470736658388  0.5873644405333204  -0.11474484891986539  15.498472983868218  0.5782120252854441  0.8091313591152691  0.10477259904947636  58.62467299716615  0.15438335458192448  0.01759140964382456  -0.9878544033078839  10.713819037557402  0.0  0.0  0.0  1.0
25528382212324;12.545894920084725;67.00051878457195;0.8436253182816382  -0.536932091859053  0.0005010848885403724  -40.458094025249466  0.5365652480737118  0.8430827033067242  0.03618411177052867  83.50806112047806  -0.019850866827428513  -0.030256968071624986  0.9993450149819695  -16.883477906678248  0.0  0.0  0.0  1.0
25528382212355;12.823791017106068;41.16089721608616;0.905319290604235  -0.2816542094434882  0.31791176191296827  -35.92247927725358  -0.3678361276675743  -0.8941544809627839  0.2553122546152031  -36.353390935122114  0.21235245523037466  -0.34807854067284566  -0.9130978941387903  -6.021798859580293  0.0  0.0  0.0  1.0
25528382212386;16.104432155396697;62.280888752912944;0.8586733684752075  0.4808189327097214  -0.17746323624718907  15.854033346856042  -0.4249261235153816  0.4742784568317535  -0.7710367922086994  16.827497024104556  -0.28656209767802826  0.7374775246291747  0.6115628053120896  50.44861302035146  0.0  0.0  0.0  1.0
25528382212417;9.853473476029952;99.38828173666118;-0.078832459851636  0.8341146818491976  0.5459286957079208  42.788018733477465  -0.9007667779337685  0.17501736602844653  -0.3974772111194322  -11.27321192061215  -0.4270885798573371  -0.5230885385019214  0.7375457449157757  -55.48162448984587  0.0  0.0  0.0  1.0
25528382212448;10.900268136326943;36.12874711017844;-0.978665841570472  -0.20492912932405968  -0.014738469989877934  -46.9113456063075  -0.20519803325318642  0.9785178756172455  0.01991316766706784  -9.371439297807363  0.01034106823224765  0.022512642048308926  -0.999693074526287  -7.197459727833032  0.0  0.0  0.0  1.0
25528382212479;11.26380918649009;49.532877985775286;-0.19677307871058514  0.39701964172492554  -0.896468493355661  23.334894213270722  -0.9732647877101804  -0.18958262495703884  0.1296691224534798  -62.76181279513887  -0.11847366162238195  0.898016610313534  0.4237099941030126  94.79910107181225  0.0  0.0  0.0  1.0
25528382212510;10.577823908438841;31.100500282727104;-0.19677307871058514  0.39701964172492554  -0.896468493355661  23.334894213270722  -0.9732647877101804  -0.18958262495703884  0.1296691224534798  -62.76181279513887  -0.11847366162238195  0.898016610313534  0.4237099941030126  94.79910107181225  0.0  0.0  0.0  1.0
25528382212541;12.4785018390389;45.26515177907573;-0.7026914768823478  0.6696665971938932  -0.24035668686278827  7.279332746506456  0.7039653104232776  0.7033982450433265  -0.09830437727093853  65.32255860888377  0.1032353139074195  -0.23828041772818848  -0.9656940056196455  -33.94883078696387  0.0  0.0  0.0  1.0
25528382212572;13.17354424027735;32.096545691874994;0.6713497983865835  -0.7188973250994403  -0.18021122099126619  -34.30081526395665  -0.7397890209528457  -0.6353351970632892  -0.22149806285875523  -50.479223575776786  0.04473983330236474  0.2820209625850899  -0.9583645047572744  8.259260727419031  0.0  0.0  0.0  1.0
25528382212603;6.049856593200579;39.49429652787355;0.05841421374820535  0.9981841053392619  -0.014706171501657636  80.98094818443602  -0.9982900770388271  0.0583757401053433  -0.003032334573553633  -1.5123613031808203  -0.0021683445278665742  0.014858156521271634  0.9998872603782878  5.16978767769954  0.0  0.0  0.0  1.0
25528382212634;5.22985118888438;92.37802532982339;-0.1509415860560979  0.49597328476971425  -0.8551182014163946  62.272305043687055  -0.9740858320241673  0.07277472382056267  0.21415095475534576  3.7632100431731357  0.16844414340859373  0.8652828094718977  0.4721358175183964  90.14664581767656  0.0  0.0  0.0  1.0
25528382212665;14.028454806891109;39.566855025109334;-0.2793546474542642  -0.9312488784582384  -0.23395834525824682  -79.87262469833469  -0.9116044165185277  0.3337507395737716  -0.2399746478648844  -22.88034495141683  0.30155989244197995  0.1462394276665283  -0.9421654106716865  1.359713803402635  0.0  0.0  0.0  1.0
25528382212696;4.140656319801549;10.351229427677128;0.6058104551727838  0.3833883861523461  -0.6971420499201322  -2.1645321611657664  0.07460819544858263  -0.8997513432350246  -0.42997806632277774  -222.72483792028584  -0.7921030927696536  0.20847269775744862  -0.5736826864343046  -16.94664059894338  0.0  0.0  0.0  1.0
25528382212727;6.813729438443701;31.189383292205452;-0.6469467190553659  -0.17924768777401073  -0.7411681382325933  -9.79412361738749  0.005908944343629069  0.9707712719102192  -0.23993378672158575  -59.477092296499734  0.7625123127400907  -0.1596038973881474  -0.6269781247047398  10.83908042970715  0.0  0.0  0.0  1.0
25528382212758;8.119755599812619;50.445058205939816;-0.6469467190553659  -0.17924768777401073  -0.7411681382325933  -9.79412361738749  0.005908944343629069  0.9707712719102192  -0.23993378672158575  -59.477092296499734  0.7625123127400907  -0.1596038973881474  -0.6269781247047398  10.83908042970715  0.0  0.0  0.0  1.0
25528382212789;14.49002705766472;56.46176568203615;0.9832951305995008  0.17860541339041153  0.03508265165221716  49.13961271613678  -0.17675734374013813  0.9829750721545961  -0.05016820663126348  33.332550360368764  -0.04344568532364512  0.04312903697402448  0.9981244203988058  23.6006926625836  0.0  0.0  0.0  1.0
25528382212820;6.569850259432595;31.68283479898273;0.6203679496119501  -0.7348830277528826  0.2740265363336571  -51.86827470156462  0.7179766655680575  0.39148527657012333  -0.5755421669422565  36.1029646623646  0.3156788158778454  0.5537925728551895  0.7704937841776471  69.33064804648046  0.0  0.0  0.0  1.0
25528382212851;11.42180800956712;81.45047079628714;-0.6109218593370472  -0.15728635534426022  -0.7759094561910452  -25.907786081101587  0.12574026136216226  -0.9869029533087319  0.10105418063137084  -103.5820957910648  -0.7816417775789237  -0.03582684988973631  0.6226978146502832  -22.29573200956642  0.0  0.0  0.0  1.0
25528382212882;29.01962600839923;40.36233135421181;0.29240575143081216  0.9507792109062496  -0.10255617308905011  -3.4440413199494735  -0.8851746362025129  0.30968265031685205  0.3472211392131527  29.29518185679394  0.3618905082396212  -0.010749334919862644  0.9321586301938365  2.1397178978875893  0.0  0.0  0.0  1.0
25528382212913;4.000226151736474;52.2759805871501;0.9544777127430892  0.1917858317119979  -0.22845238153991412  -39.7023408171803  -0.2545995098998586  0.9228594723059225  -0.2889800753235184  -108.30632357927524  0.15540716018083964  0.33398890569863504  0.9296773770694622  1.8492942042831728  0.0  0.0  0.0  1.0
25528382212944;10.14110014173418;57.08143424816024;-0.9965186168561537  -0.06972717122037454  -0.0457030398628287  -42.29119121942495  -0.06997099991684674  0.9975419577443406  0.0037552243908911542  -111.43019859909863  0.04532885868555933  0.0069400384144368416  -0.9989480118790327  -17.80955000173528  0.0  0.0  0.0  1.0
25528382212975;20.06496742865844;33.377601401360494;-0.9692637383880831  -0.1532530952004917  0.19246114999507388  -22.411875221546413  -0.24580009164202501  0.6365909854797637  -0.7309816907109752  -39.407353023153796  -0.010493826505587212  -0.7558210145380801  -0.6546941832549746  -25.5767373788533  0.0  0.0  0.0  1.0
25528382213006;18.17453748105815;12.818733890606836;-0.9692637383880831  -0.1532530952004917  0.19246114999507388  -22.411875221546413  -0.24580009164202501  0.6365909854797637  -0.7309816907109752  -39.407353023153796  -0.010493826505587212  -0.7558210145380801  -0.6546941832549746  -25.5767373788533  0.0  0.0  0.0  1.0
25528382213037;5.701290745392533;54.39005964594305;0.9668730249860983  0.18713087962627503  0.17360468727695266  -6.745319729480461  0.2387311774593064  -0.903670685235481  -0.3555090963040608  -31.357544195639157  0.09035473680513419  0.38517700675966293  -0.9184087842570661  17.25815299329354  0.0  0.0  0.0  1.0
25528382213068;4.547083976710081;74.0296981318431;-0.42562898720665887  0.7722688235215289  -0.471636331791888  54.53146415206246  -0.31497331865610684  -0.6150482390293639  -0.7228467833515186  -74.77759347398246  -0.8483111302960682  -0.15911168368021433  0.5050264333005301  -49.06776236409529  0.0  0.0  0.0  1.0
25528382213099;3.400518070650358;5.141181315861521;0.8388697042262389  0.5389795893630528  -0.07614868075953433  42.63068304278643  -0.21189565064219332  0.4522000230819969  0.8663806163364709  -21.311691541246567  0.5013959040222649  -0.7106448771184357  0.49354433038483936  -60.33397778453788  0.0  0.0  0.0  1.0
25528382213130;4.188278019443553;106.1246634959291;-0.6420304902382818  0.7666778444613528  -0.001390113839034648  -67.97133882925166  -0.38552183911627486  -0.32127494574802323  0.8649597220674556  -122.13089597458575  0.6626988465123481  0.5558664336391421  0.5018393635263225  9.096127813122589  0.0  0.0  0.0  1.0
25528382213161;10.413101164301901;41.514022668486845;0.6079565173700068  -0.6621752093966995  -0.4380786060146844  -27.271583149849743  -0.5436918204036081  -0.7493028163546972  0.378080009824811  -26.19508542581175  -0.5786087429459934  0.008323548723688743  -0.8155627757095718  -13.912411507075783  0.0  0.0  0.0  1.0
