# registration_from_features.py TEASER TEASER_config.json euclidean --input_txt=/neural_comparison/point_clouds_registration_benchmark//eth/stairs_global.txt --input_pcd_dir=/neural_comparison/point_clouds_registration_benchmark//eth/stairs/ --input_features_dir=/neural_comparison/experiments/3DFeatNet/test//eth/stairs/ --output_dir=/root/neural_registration_comparison/results/3DFeatNet/TEASER/
id;initial_error;final_error;transformation
5494384560030;1.9653997219596564;0.29492216331289245;-0.2566977598357228  -0.9590984851482607  0.11931620125377942  9.47791726576056  0.9662812141640851  -0.25210212753408  0.05239401155067308  -8.932417571416654  -0.020171148923728816  0.1287424292108131  0.9914729001198141  0.9009532104344058  0.0  0.0  0.0  1.0
5494384560061;3.2470421696666185;2.086675841730391;-0.46849311922682524  0.748910300215283  0.46866572252360716  7.025176345226725  0.15916925555343542  -0.45025374794491824  0.8785992889526598  -1.1291750820814872  0.8690105553580378  0.4862148955893976  0.09173728785671709  -0.2627255377453651  0.0  0.0  0.0  1.0
5494384560092;2.297685819693392;4.737631964830169;0.3563345432802346  0.5826623502297887  0.7304315702993446  6.446660728274754  0.9295736351042637  -0.14205773977396802  -0.3401653355198859  -3.2785643349014744  -0.09443807592444636  0.8002025894703241  -0.5922476387632777  7.714188352215903  0.0  0.0  0.0  1.0
5494384560123;8.759025089926762;2.689687010741229;0.3352176439962148  0.677478006822184  -0.6547157256595174  8.582981484650922  -0.88636054896842  -0.00878590686779998  -0.4629122865866846  3.250057380855813  -0.3193651646407752  0.7354905561003154  0.5975445870403477  10.813131227322355  0.0  0.0  0.0  1.0
5494384560154;2.6625673868786452;2.0817694567929186;0.9821433942748784  0.07148499425876642  0.17402370148357912  0.5279703272082523  0.047408356841217136  0.8011092097554039  -0.5966376469404937  0.1885923812429844  -0.18206262874032547  0.5942339014570754  0.7834151323374254  3.255044161745776  0.0  0.0  0.0  1.0
5494384560185;6.621620892396294;0.10579625438415712;0.6793381646469494  0.7328129766658339  -0.03853309336499129  -3.2927542993366012  -0.7327999850732502  0.6802279347259375  0.017150472154760982  5.8822420307108185  0.038779375069224534  0.01658607996624789  0.9991101350805097  7.196878002189664  0.0  0.0  0.0  1.0
5494384560216;5.2200031515621825;4.374088724578163;0.043192502278078644  -0.8436982353836879  -0.5350772797992914  1.1721424642586324  -0.5943794151950554  0.40878246968784093  -0.6925388099365222  1.4066718616874385  0.8030239837883688  0.34795140477710496  -0.4838205259952259  -1.1440015174183067  0.0  0.0  0.0  1.0
5494384560247;8.503686109037535;3.856603519367234;0.8022141669269351  -0.5611825787342579  -0.20378062642678202  -4.3161611345018  0.5867031098051178  0.8042160508286165  0.09495264364212291  -2.405783768606266  0.11059788120360647  -0.19573108315950377  0.9744010733565928  8.539422998898813  0.0  0.0  0.0  1.0
5494384560278;5.489767218869771;4.245015922128092;-0.7327075597917236  -0.4273899342343991  0.5296012423882459  0.5118671459884665  -0.6802896838248883  0.48123522568000515  -0.5528278245947358  2.5828296322377096  -0.018589725804628497  -0.7653433880813436  -0.6433536511240752  6.945737520367925  0.0  0.0  0.0  1.0
5494384560309;6.344090179496548;2.8318508578862502;-0.13989736252688686  -0.02999749081116595  -0.9897115127667532  5.644155895438417  0.36379720347371347  -0.9311892248455697  -0.023199618018669287  -5.519513797725783  -0.9209127660656716  -0.36329984596272635  0.14118391983768203  0.06907383029705184  0.0  0.0  0.0  1.0
5494384560340;11.288142510784303;3.8888393841951956;-0.9255546238914589  -0.09585023665319242  0.3662804531048133  6.770807155696266  -0.06187952366349622  0.9927116074787748  0.1034146456169817  9.392198923183049  -0.37352317564552695  0.07305064346351858  -0.9247399854798357  11.304318623994604  0.0  0.0  0.0  1.0
5494384560371;4.893298023722126;5.114955866529015;-0.5441918206440353  0.8365373055100275  -0.06372282820271356  4.591315637872358  0.7686701254340206  0.46672383139364837  -0.4373958201383274  -5.399383493050018  -0.3361569582938554  -0.2870090620507578  -0.8970085271007001  0.615948483511798  0.0  0.0  0.0  1.0
5494384560402;1.640061358821845;0.18007429959394297;0.6233995446423019  -0.7699322586248859  -0.1362986605530384  0.5078312207796452  0.7199882349262675  0.6332303015230016  -0.28396536197368577  -1.5497945077131312  0.30494253443481517  0.07889044531418532  0.9490976495232727  0.32906480144732275  0.0  0.0  0.0  1.0
5494384560433;4.064579359510598;0.27089982172155935;0.17105460648918214  0.9554734738692401  -0.24043868725951453  9.27546282061141  -0.9717707319273561  0.20385731689799166  0.11875958452488292  9.177524434605022  0.16248681844445734  0.21333690510410822  0.9633718901610114  5.114388545628762  0.0  0.0  0.0  1.0
5494384560464;8.086453804333049;0.4657369761063621;-0.807239353734529  -0.4770615129412614  0.34752976657036877  2.4410818557743412  0.530127437678322  -0.844891663155994  0.07157497712270612  3.643338700029447  0.25947933559895864  0.2420132029449923  0.9349331976122305  -5.447746577191875  0.0  0.0  0.0  1.0
5494384560495;3.79668680245774;0.31641941181220873;0.6050968668944399  0.7926193092469536  0.07491603488849874  4.239607697042581  -0.7960866355913796  0.6011582385029887  0.06967668844586218  -0.5460776471589136  0.010190697097376078  -0.10180080004040248  0.9947526058291092  -0.7449560127790982  0.0  0.0  0.0  1.0
5494384560526;3.919459476654856;1.6615288107676975;0.7913326855476887  -0.14863394671691843  0.5930434475375607  -5.052964389687539  -0.17879242438621698  -0.9838542171243083  -0.008009271428366946  3.2796837691984826  0.5846587464204928  -0.09969367748291076  -0.8051306235040073  -7.3594897023608485  0.0  0.0  0.0  1.0
5494384560557;4.769841275602151;1.4183443453082474;0.5460232645457939  0.7296307191164371  -0.41170087235320096  -0.4626319747754481  -0.7774719482729524  0.2582518127480652  -0.5734486645385077  -0.6703543898347919  -0.31208326488841764  0.633202191194859  0.7082789145828192  4.6411395400214985  0.0  0.0  0.0  1.0
5494384560588;4.0033637514024445;6.176213291342435;0.7322822300271858  0.6809629639752696  0.007223384277979472  -2.5598601799232963  -0.6808558704446271  0.7323038693884178  -0.012896765479767702  0.11039580294724916  -0.014071931903640311  0.00452598859552214  0.9998907421112231  -3.057054560040646  0.0  0.0  0.0  1.0
5494384560619;2.5680413302481218;3.1585346858254706;-0.46070453253751864  -0.687179801975217  -0.561725247302173  7.109761302158645  0.7086680324748231  -0.665842939436445  0.2333298089634024  -1.0858663952900498  -0.5343603217377291  -0.29058062523151157  0.7937392183786902  2.4188291471565  0.0  0.0  0.0  1.0
5494384560650;2.1252762310053015;0.39243699917415725;-0.12249810348256092  0.9924285509499071  -0.008932295485675978  12.326520176075949  -0.9924676973363554  -0.12250610489663072  -0.00035214617314258817  10.126164125535523  -0.001443740644070355  0.008821877494237988  0.9999600442469833  -2.4060722321451298  0.0  0.0  0.0  1.0
5494384560681;5.499161925361485;2.0758166464193737;0.6671631094142028  -0.6529983608917961  0.35845017242205557  -5.520332084329361  0.3822199806560218  0.7131116059898888  0.5876901596843636  3.17135336524392  -0.6393756891093721  -0.25507837633784314  0.7253507772800457  10.606499891679501  0.0  0.0  0.0  1.0
5494384560712;3.9543429907625507;0.7156735998702982;0.4402490290012901  0.8460661398911442  -0.30058755694991757  5.187309009449948  -0.7905598670728032  0.5239755396175364  0.31696171765111375  -1.028836723702749  0.42567110430149435  0.09809037063958131  0.8995456576241899  -1.611915459297359  0.0  0.0  0.0  1.0
5494384560743;2.252255054334342;0.09276762003547542;0.500476474189809  0.86572364012651  -0.006773308544783141  3.352121387623888  -0.8624092505623224  0.49784324806669633  -0.0916645236661179  11.463002419327818  -0.07598409917260121  0.05171730155864118  0.9957669091672119  -2.0143907838750414  0.0  0.0  0.0  1.0
5494384560774;4.093777341873709;1.455914061333679;0.7020413693296964  -0.6873934847672502  -0.18608630484058097  1.23479332660447  0.7117403272040724  0.6859840491431757  0.15116742689009957  -2.9145344249518956  0.023740732531348993  -0.23857091486740406  0.9708348449649946  -3.8409301057306555  0.0  0.0  0.0  1.0
5494384560805;2.4081201720064747;3.292434371958791;-0.6866845261496509  0.5449099927311145  -0.48118339681290606  18.438262551496162  0.5779815846168059  0.007779700713617221  -0.8160127230017021  -8.534446599925795  -0.4409100241437883  -0.8384584522077309  -0.32029014117037785  13.231546037934319  0.0  0.0  0.0  1.0
5494384560836;2.3977526989083033;0.3850200851606965;-0.8960859883625294  0.4308095159518681  0.10692549941742925  15.320304278900108  -0.4313868418716268  -0.9019697344630463  0.018867717739219747  3.4860707240057294  0.104571956663217  -0.02921915601073713  0.9940879975141269  1.6202143124562802  0.0  0.0  0.0  1.0
5494384560867;5.82100797182095;1.7703373685080623;-0.3746229538325084  0.43073093250271743  0.8210532907474066  2.489710844424833  -0.7301870620282768  -0.6827885544464551  0.02503286566561358  -0.0474222790071647  0.5713882190842919  -0.590144604060953  0.5703024192386192  5.4638416581724565  0.0  0.0  0.0  1.0
5494384560898;7.426959109966299;6.192521945418201;-0.6994125817051698  -0.21114251172852144  0.6828183362311533  9.416376186864529  -0.5277148253238813  0.796872052186113  -0.2941292157846245  6.418017969688277  -0.4820156674693206  -0.5660510331990075  -0.6687653730034483  13.377771460567935  0.0  0.0  0.0  1.0
5494384560929;3.2277640385532322;2.197985694225805;-0.28326465209773977  -0.9567900384916005  -0.06568073625643658  15.940700780589971  0.13565537975203895  -0.10777059751178927  0.9848772087200933  -8.488553981573439  -0.9493991546321688  0.27007095466783015  0.16032131682508846  13.721436796348751  0.0  0.0  0.0  1.0
5494384560960;7.03502339552627;3.619148014539646;0.6841602358716871  0.6949696138406176  -0.22122840570374738  -7.605356923815134  -0.25260599490798014  0.5103519100266634  0.822028673021013  -0.9377967343892855  0.6841892888583895  -0.5065157093026443  0.5247159738764311  -3.3192503223829886  0.0  0.0  0.0  1.0
5494384560991;7.791752238870199;2.879037654940498;0.10712731144403487  -0.9164154659013891  -0.38562473079343906  2.9257601061202836  0.1785184330811646  -0.3638243099391612  0.9142007659959264  -6.832322947088759  -0.9780873724739616  -0.16677699287981154  0.12462153286229788  17.080422699806014  0.0  0.0  0.0  1.0
5494384561022;4.731288337239354;3.9042525376816983;-0.3016872983161662  -0.4843573359832938  0.8212081009791972  8.249013113203253  -0.7607745295491619  -0.3968473831053873  -0.5135506496068885  4.417166121503994  0.5746363103946215  -0.7796859147128237  -0.24876290956347077  -1.7166937543320318  0.0  0.0  0.0  1.0
5494384561053;4.703195918816284;4.773556445973711;0.6984836443204693  0.6075409002331527  0.3781727821521361  -3.6749963433193344  -0.13394016765018027  0.6300983300480799  -0.7648765429534772  7.967817171822273  -0.7029798219768744  0.4836012293351948  0.5214875078837947  0.465679275069274  0.0  0.0  0.0  1.0
5494384561084;7.769594886748286;2.036078780138184;0.5110549981513922  -0.006830579759077943  -0.8595208735363179  11.338720046312067  0.7795257174813953  -0.4176454418732213  0.46681039048808387  -8.338702090357202  -0.3621635606319279  -0.9085844088815724  -0.20811517793694748  8.586711072656069  0.0  0.0  0.0  1.0
5494384561115;2.7618695788486547;2.7341606470664526;-0.24985611545001363  0.9662672399815124  -0.062446317031031554  9.096724090196423  -0.9678574256272853  -0.2511382097709695  -0.013476025050296919  11.229650092662691  -0.028704097797235595  0.057072064370785214  0.9979573408909344  -1.6212423601796497  0.0  0.0  0.0  1.0
5494384561146;4.978157980828911;2.6063166315106248;-0.5052428864796679  0.8629115988667168  0.010639464412205934  15.285122109300783  -0.7987220536326561  -0.4629199986332086  -0.3843802230946104  4.076115249966875  -0.32676093203215933  -0.20270334828688855  0.9231135606688693  7.471491311993335  0.0  0.0  0.0  1.0
5494384561177;7.540163639644457;1.9681619135694417;-0.9166817610856298  -0.3776988431507279  0.13053019871106192  12.3956287226722  0.3711040158712532  -0.9257520860524953  -0.07255952434850554  -4.600070185779228  0.14824425215560985  -0.018073711629175822  0.9887856100544594  6.235966763160371  0.0  0.0  0.0  1.0
5494384561208;2.258030642572619;2.380247624961171;-0.6092202330603848  -0.2587589978160402  0.7495962170923016  -3.531030040401019  0.37423643900375003  -0.9271967826212609  -0.015912699914695905  1.676069558578398  0.6991407550355241  0.2708318802246538  0.661704085904218  0.1813380594899198  0.0  0.0  0.0  1.0
5494384561239;3.8492329696698255;3.664343732571633;-0.9606882652966297  -0.235844198258205  0.14647720324097332  26.076551722124552  0.26707977846289466  -0.9291458195619536  0.25564905227040613  -3.1423051767847716  0.07580533528429312  0.28472014354184727  0.9556087018251485  4.021675529723305  0.0  0.0  0.0  1.0
5494384561270;9.123550834747231;11.229742290628959;0.06656178642661778  0.9754379980001253  -0.2099767621552552  -0.9889266601903826  -0.98230588339208  0.10098321306945329  0.15772616184854865  10.665971485415282  0.1750562196581501  0.19576287374187337  0.9649001073807179  -10.809943331349652  0.0  0.0  0.0  1.0
5494384561301;4.160514649695006;2.777776957443581;-0.5301940524662528  -0.8478487810424642  -0.006834560279908274  7.964804931419155  0.8126822338115187  -0.5104682747198989  0.28101552866631724  -3.8084669324361426  -0.24174749962829467  0.14343843623414584  0.9596788845411629  5.4387106157120995  0.0  0.0  0.0  1.0
5494384561332;6.482396831003189;2.136865072821629;0.6194598138934739  -0.676920648219493  -0.3975524807936242  7.611178483627072  0.6907837072989644  0.710610950886963  -0.13360369085405283  -3.4641479714373165  0.37294424342167043  -0.19186065905658722  0.9078006823113813  -4.674851290463321  0.0  0.0  0.0  1.0
5494384561363;2.945345827521586;1.559317063786708;0.4168901765409413  -0.9027195034490217  0.10630182875385995  -0.8625667925558103  0.6834918457456096  0.38842527040929337  0.6180329328658198  -4.853492794996356  -0.5992006988504958  -0.18499542534943803  0.7789320991568252  2.0459119431256876  0.0  0.0  0.0  1.0
5494384561394;1.7737978589250467;2.3153835401739205;-0.13870161439964548  -0.8235378948211104  0.5500429055596902  0.8691903238698839  0.6381406376299261  -0.49905337136589467  -0.5862783120102651  3.1919167675938374  0.7573231732676636  0.26968698211435493  0.5947525055935856  -2.1532066800559297  0.0  0.0  0.0  1.0
5494384561425;2.0770362960670123;6.704284787387653;-0.37301779927862405  0.9043267317301881  -0.20748706875255782  15.659593345574237  0.9268979525593696  0.35321819027308793  -0.12687432995469855  -11.15509153434781  -0.04144764121854381  -0.23964572255394262  -0.9699752680862629  1.7448900096404276  0.0  0.0  0.0  1.0
5494384561456;3.2026873730298178;0.07966169235058455;-0.01703157289392654  -0.987889526310336  -0.15422129986191854  1.3468192136370298  0.999052684340205  -0.022991945478305492  0.0369473186544586  -3.563028203457552  -0.04004571684200878  -0.15344593265858683  0.9873452720873013  3.575156751976297  0.0  0.0  0.0  1.0
5494384561487;2.7650958552301788;0.48247740213681284;0.22413770875695965  -0.9707462559122584  -0.08610455357013852  3.85934780319768  0.974342928325156  0.22506586683888846  -0.0011016382434828609  -5.401131823806898  0.020448607188269477  -0.0836484441958858  0.9962854973588987  -3.0656785386150656  0.0  0.0  0.0  1.0
5494384561518;5.145762913418466;2.465923131102231;0.623752669822696  0.7589620122001262  0.1868402283401372  -4.796285486081675  -0.7517740482105009  0.6479684126834944  -0.12236305243670778  5.85980148452416  -0.21393547467929347  -0.06413735418278824  0.9747399717217802  3.3465482451835014  0.0  0.0  0.0  1.0
5494384561549;4.6377896203071325;0.3837389832129456;-0.9309224149174413  -0.3522738793993935  -0.09636685787749721  6.059920583751741  0.3519826898141899  -0.9357804198580768  0.02057162806901633  1.9281803680442169  -0.0974250659504418  -0.014768876163871111  0.9951332759090159  -4.083365550607206  0.0  0.0  0.0  1.0
5494384561580;4.567914726536869;2.514009490275656;-0.07598781661381665  -0.9331146918855995  -0.3514581390628292  7.368229589466017  0.8406316769663094  0.12961260446240547  -0.5258697143259743  -2.253386359449531  0.5362501612186934  -0.33540653623880684  0.7745567894229646  -5.112127847317382  0.0  0.0  0.0  1.0
5494384561611;3.9710273671971175;1.7283492186274354;0.08882388352950088  0.520195438021082  0.8494156956265836  7.73176956159368  -0.7719876977747324  0.5748283876547078  -0.27130668851091394  9.992760808670505  -0.629400756433615  -0.6316399536194206  0.4526429683453061  4.799391254894902  0.0  0.0  0.0  1.0
5494384561642;3.9300328799679396;7.002636606244355;0.2842482018546487  -0.1827788930235076  -0.9411667418728202  12.571533352336909  -0.39446099897327813  0.872428582853074  -0.2885634906047223  0.39523393449406813  0.87384408222028  0.45327722652487173  0.17588711118930309  -1.834820697464009  0.0  0.0  0.0  1.0
5494384561673;1.856504570527757;3.6928877106388387;0.6782591047007059  0.7348172392150981  0.0028656313263574745  -2.822340163121957  0.7064531767637763  -0.6531414164488989  0.27263565276664625  -5.765708352941627  0.20220904018111058  -0.18289317940105895  -0.9621130853478744  3.6227114612791986  0.0  0.0  0.0  1.0
5494384561704;3.161923902897827;4.014136872626563;-0.8259384979267219  -0.4929495508489189  0.27354403294607  0.4967061137092303  0.06384014434754677  -0.5638738953631799  -0.8233897413118765  -1.7025698215256375  0.560133942563951  -0.6626061955987159  0.49719512863860704  0.16910758340032114  0.0  0.0  0.0  1.0
5494384561735;3.569181629467939;5.739812097047959;0.9206448479742791  0.3552207725038446  -0.16196069486201548  4.206631649771076  -0.3513699721164326  0.9347457365324435  0.052816197603730665  6.1261653554642335  0.17015347952161397  0.008283164624158323  0.9853827594343711  5.538568165896302  0.0  0.0  0.0  1.0
5494384561766;3.9022771741523186;1.96262309015046;-0.7126631308746552  0.5870041933933726  -0.38410589533425493  12.605262312353899  -0.595526043466356  -0.7956324430616626  -0.11098534633472149  8.116329075334333  -0.3707559756028779  0.14964989972040055  0.9165941926874902  9.685699409611145  0.0  0.0  0.0  1.0
5494384561797;1.7821658772718727;4.146204742729004;-0.07532222287275023  -0.044130170627755705  0.9961822578132347  8.750648831410597  0.6892647321683196  0.7196242137644913  0.08399476146029458  -3.6657222939553615  -0.7205835772000649  0.692959969265327  -0.023786325175514877  14.188892270783342  0.0  0.0  0.0  1.0
5494384561828;3.031970333042847;0.6698110599347434;-0.6216083969330937  0.514062276557257  0.5910524314162322  5.484822494931244  -0.5306533743757629  -0.8313748370193912  0.16499356543392066  -0.21170063765279626  0.5762030867028448  -0.21108258145036773  0.7895784613845305  -0.8602115176174284  0.0  0.0  0.0  1.0
5494384561859;3.9115043062921147;4.22166980486021;0.7139757806013152  0.5160760462280518  -0.47318505811613  12.571772958403585  -0.4208906404933964  0.8564232782548811  0.2989820014787211  0.07881201922699527  0.5595441479095301  -0.014306745709110835  0.8286770562573896  -0.41558423781786463  0.0  0.0  0.0  1.0
5494384561890;2.700280821168816;2.917608334053869;-0.19325643701321865  -0.10275840443427614  -0.9757523558111851  6.4056331370158555  0.49385809293445226  0.8491443312367362  -0.18723805374886135  -1.1869850067043235  0.8477948652805709  -0.5180681567580052  -0.11335453831788511  -1.7264679891935297  0.0  0.0  0.0  1.0
5494384561921;4.363288827751439;2.6098737307831588;0.3793383317520417  -0.8038111734956723  -0.4582466883972965  5.074657793717994  0.8993443269026364  0.4367096046622539  -0.021552328500246527  -7.451905939098812  0.21744473259111757  -0.40394593519337296  0.8885637116769569  -0.3578281472074519  0.0  0.0  0.0  1.0
5494384561952;5.900960080460973;2.0163075334168132;0.6886948038882424  0.6883967276503172  0.22761681057793276  -0.7119434049555403  -0.704001367693494  0.7099905129630938  -0.017191445200834432  1.946660852964267  -0.17344031072108385  -0.14840288697575177  0.9735990148691795  8.715626297712177  0.0  0.0  0.0  1.0
5494384561983;1.9280359265963185;0.654954261172589;0.6617367652209103  0.7131567524252093  0.2313263928420069  2.7810343270347144  -0.6681274871868016  0.7009240184728519  -0.24962207673464973  2.206830080044409  -0.34016189442736827  0.010628584016595975  0.9403068216180217  0.2892759265383251  0.0  0.0  0.0  1.0
5494384562014;2.290467177188447;1.178476444059438;0.7103720639728045  -0.24821516619399703  0.6586051639626764  1.2902719305306394  0.00388854528523587  -0.9343511221896672  -0.3563325128001581  -1.426678648070607  0.7038156079134521  0.25568967858362335  -0.6627717392309518  -1.3878244331612808  0.0  0.0  0.0  1.0
5494384562045;2.843775395138052;2.536814932818111;-0.37168700712792024  -0.6551113652638882  0.657782538407925  7.056097729420031  -0.9120930935834108  0.12564114346156233  -0.39025695600093313  3.688833716861514  0.1730172169748797  -0.7450123503484725  -0.6442217323705495  2.638480916695261  0.0  0.0  0.0  1.0
5494384562076;7.910208896373804;2.2145508559705056;0.6765016281607404  0.733356175385319  0.06733696696528775  -1.886064150445695  0.735490999942739  -0.6681554398170358  -0.11234454702446811  -13.045761102506725  -0.03739700655262301  0.12552700214344426  -0.9913851096490115  1.783391499922649  0.0  0.0  0.0  1.0
5494384562107;6.000656068192277;0.11855683993687093;-0.057948790975548836  0.9927995939904652  0.10483751140140612  11.337873238553447  -0.9952633032663847  -0.0492410800084093  -0.08382286806647074  3.157509462051955  -0.0780569970967093  -0.10919836176414599  0.9909504644492944  2.2048223747432596  0.0  0.0  0.0  1.0
5494384562138;3.161989247048879;2.480946747509546;-0.0128051823097713  -0.1894441194634326  0.9818080020588233  1.4637745337556312  -0.007852482446394915  0.9818772812279581  0.18935507156615214  -0.480051484150688  -0.9998871765481561  -0.005284903889212489  -0.014060724214605747  9.900938486063868  0.0  0.0  0.0  1.0
5494384562169;5.267286062056453;4.095127342594579;-0.4581646610355394  -0.22095050758050694  -0.860968069430049  -1.8780049534951933  0.8063995183499391  0.3041280741927231  -0.507174458438919  -6.391534800049935  0.3739050149211355  -0.9266536503396192  0.03883364686819546  0.28225447732270376  0.0  0.0  0.0  1.0
5494384562200;6.316421781002835;0.15904309430701385;0.04828656517507332  -0.9974447131998828  -0.05265407613088091  3.1574577613700288  0.990641898815658  0.05456148958047709  -0.1251066431716038  0.696507910762063  0.12765984464388488  -0.046120363879339904  0.990745111570648  -6.103844075564274  0.0  0.0  0.0  1.0
5494384562231;6.809241551181215;0.18504282375115766;-0.22540278646064255  -0.9036782722040289  0.3640867536757137  0.4510785043415787  0.9479261248753611  -0.28972790430761597  -0.13226414194444092  -6.136678992414722  0.22501032339552857  0.3153146393871663  0.9219257196507655  5.9607981405541395  0.0  0.0  0.0  1.0
5494384562262;9.226605709293516;2.9757351186198586;-0.8710195491508305  -0.13842318651459465  -0.47134272714472836  0.5110571707357996  -0.136063413136841  -0.8539627891436662  0.5022293324403941  0.1454444620622678  -0.4720293344725912  0.501584066925093  0.7249839523770486  5.689307374548281  0.0  0.0  0.0  1.0
5494384562293;3.35198828640729;2.140174791791486;-0.15371980656587791  -0.98754137686537  0.03364892343297568  5.528096320249498  0.987921413692655  -0.15427377159445388  -0.014521837539634652  -3.6851552000350933  0.019532061766603936  0.03101019794956765  0.9993282074405154  0.29274346287577063  0.0  0.0  0.0  1.0
5494384562324;6.007210908334361;4.039134947429409;0.689959898161008  -0.5948419842720897  0.41245406129276263  2.541263702471241  -0.64278386589392  -0.7655076292334672  -0.028757109239691894  -4.221612563317836  0.3328426665500055  -0.24527756385898702  -0.910524396153822  3.8691355737604636  0.0  0.0  0.0  1.0
5494384562355;2.8594967283924566;2.27102355761106;-0.9351732210837452  0.34846423489576783  -0.0634328271982175  9.739024982604281  -0.28848595103346075  -0.6454729961749704  0.707206099567322  1.2036464325054392  0.20549185537186465  0.6796596855834636  0.7041560971605763  1.3529454276700434  0.0  0.0  0.0  1.0
5494384562386;7.555953592991905;2.3327544991397433;-0.7436860188988899  0.6413355054978502  0.18873228309469697  4.192574708703965  -0.6279068627415678  -0.7669931827957879  0.13211521209470134  2.056360892946709  0.22948655083982836  -0.020254059657353503  0.9731010718579207  8.633462566774323  0.0  0.0  0.0  1.0
5494384562417;3.909277903469262;0.06399088110395254;0.22484029011642492  -0.9660059424446013  0.12759060742108258  6.701899776345499  0.9699899518765769  0.23433439136272632  0.06486051405237275  -4.4869684151591915  -0.09255450933822366  0.10917835035564277  0.9897038701625762  0.08960740851914216  0.0  0.0  0.0  1.0
5494384562448;8.322743061723811;8.312948258591792;0.33856749283973686  0.36443591433746875  0.8675013067040472  10.857019413538398  -0.1830922854880768  0.9298433201063556  -0.3191686310531525  -2.639457311621038  -0.9229568071079862  -0.050772673699580294  0.3815401260921694  11.473682283090119  0.0  0.0  0.0  1.0
5494384562479;5.142564597723577;1.6144036513818756;0.03516158372341516  -0.2653973117701349  0.9634977581371151  6.0502936128672715  0.4675437440452985  -0.8477140419114764  -0.25056685844343457  0.8272938631592418  0.8832703495726353  0.45928767679014987  0.09427788454638128  -0.3876884333969873  0.0  0.0  0.0  1.0
5494384562510;7.409784479444804;0.42676701590352534;0.15311057952033577  0.9170165882816261  -0.3682902758087333  0.2112021670073538  -0.9801758647888367  0.18834852888753706  0.061482564612721086  6.39847850210199  0.1257474632921223  0.3515756084858942  0.9276756798544249  6.287129852494355  0.0  0.0  0.0  1.0
5494384562541;3.4584512201369555;8.834467767425142;0.9258389470882564  -0.17250053987494152  0.33625259522769946  -12.29012164030958  -0.050297625808491564  0.8255898558260679  0.5620245001733659  -5.6122591363677  -0.37455626131802733  -0.5372568786902094  0.7556868752383594  0.8549573386794357  0.0  0.0  0.0  1.0
5494384562572;8.23556210803444;2.200270963488982;0.5822925076191496  0.6317699007189128  -0.5116661295378244  -0.14084150425874672  0.8126982515628179  -0.46889495937646125  0.3459177199538716  -1.2017719749578353  -0.0213772654317792  -0.6172554654411428  -0.7864723154095749  -4.058860490548024  0.0  0.0  0.0  1.0
5494384562603;7.97771549928889;3.6101518100051546;0.20753857520319596  0.9491761235247358  0.23662718849106096  12.973886269730652  -0.9678315626074623  0.23440602118280635  -0.09141052266584901  8.004370392826257  -0.1422315233112043  -0.21004405196006432  0.9672909024759675  -1.3728760977576475  0.0  0.0  0.0  1.0
5494384562634;7.765621830691003;3.4553099594195973;-0.9754203428141915  0.22030728048776568  0.004456118078499452  6.759631087072027  -0.22021558947443465  -0.9753279919563363  0.015504910797801974  -1.4974690872874157  0.007762021429492338  0.014142498736271047  0.9998698619084501  7.1822652612762425  0.0  0.0  0.0  1.0
5494384562665;9.270386005314265;3.252173224856771;0.888114996739118  -0.4586581513349519  0.029739750857747382  2.1471211125493377  -0.4583416627959117  -0.8886114220529128  -0.017107330083304687  -5.788087458575199  0.034273498691487575  0.0015623095418730928  -0.9994112699366262  0.24119106044657987  0.0  0.0  0.0  1.0
5494384562696;6.577937540194185;0.3145077488083151;0.4840558454471972  0.8712779994488952  -0.08102213379521264  1.1375213880058754  -0.859003113525443  0.45550057060425064  -0.23373677745018537  6.870577324667283  -0.166744083679136  0.18273991861531552  0.9689182280783417  7.547345716118996  0.0  0.0  0.0  1.0
5494384562727;4.59848726203546;6.360413106971155;-0.9921227140876968  0.06312801784420119  0.10820061716240004  5.880931485151217  -0.07228015085723043  -0.9939364895578197  -0.08286033138682172  -4.030445092490569  0.1023137331120218  -0.09002837379704323  0.990669870303999  3.259811708047394  0.0  0.0  0.0  1.0
5494384562758;5.063388290222;2.041338793147652;0.6863726223384036  -0.5598267811497913  -0.46420534078332915  4.685292914892978  0.7039796354756986  0.6716302384263018  0.2309231380068501  -4.53095375097241  0.1824973866656862  -0.4852904263828952  0.8550952613137921  2.6844491305778626  0.0  0.0  0.0  1.0
5494384562789;4.438629717023098;7.313930773134094;0.37372279615197423  -0.3211768156505699  0.870159022664771  -2.1132900901594893  0.9274742805017266  0.14060364619612525  -0.34644202066747104  -3.7717106499614306  -0.011078386351596858  0.936523394136481  0.3504300238149267  0.8688153664682953  0.0  0.0  0.0  1.0
5494384562820;8.161517273743991;1.9811618253306766;0.9585388917707527  0.0038539427756510147  -0.28493567710622103  0.4526975021772543  -0.027306334912379937  -0.9940649604804025  -0.10530535797740681  -8.274458942596151  -0.28365041342566677  0.10871983016073372  -0.9527446885148565  -4.202497876996799  0.0  0.0  0.0  1.0
5494384562851;6.219799808788275;3.2207764597717796;0.14575355223317285  0.5285520448825902  0.8362945879663723  2.928658456750776  -0.9583964415705267  -0.1342644982289646  0.2518914553935408  10.218570117204663  0.24542241706161147  -0.8382158316124536  0.4869928714446236  1.7045094045245408  0.0  0.0  0.0  1.0
5494384562882;6.86050681050468;3.066557549831905;0.7319509126948558  -0.6739519074819531  0.10018327109155586  -4.073696967005068  0.5766981330395674  0.6910909391598656  0.4356748525676136  -7.249822461241101  -0.36285964883663296  -0.2611171005747645  0.8945114504765067  7.232009422421539  0.0  0.0  0.0  1.0
5494384562913;3.2808971466396697;7.337377815057253;0.9187394337687266  0.33627543283985684  0.2069702541591101  -6.456111012379591  -0.3948292647318721  0.7753628707844263  0.49287145415434885  3.0503638235497066  0.005263511148373645  -0.5345383539815454  0.8451278267653309  2.332872972985572  0.0  0.0  0.0  1.0
5494384562944;2.926015559566035;2.1019112575576364;-0.7562699217167475  0.5290793355656112  0.38487772367856826  3.568972966066621  0.4717036842452051  0.03328131462578959  0.8811288148541503  -1.6703656191074108  0.4533778112965441  0.8479194600752071  -0.2747383290509804  0.014579939523522071  0.0  0.0  0.0  1.0
5494384562975;7.45090069206603;3.734202729489548;0.8437900495916775  -0.5150370726768683  0.15084815536995158  -3.0737116710049204  0.5269346382053087  0.8483818947132187  -0.0508728589942552  -9.857596910660636  -0.10177543549164932  0.12241313038743662  0.9872470745660551  -1.0731752358577626  0.0  0.0  0.0  1.0
5494384563006;1.7422069969351626;8.172178983725255;0.8065417067832907  -0.5871889997830853  -0.06855329133481855  -5.809127456525542  -0.48182496040452233  -0.7201084537872666  0.4992880153932129  -3.934988745934415  -0.34254223498756653  -0.36966592122868513  -0.8637198179571142  6.0597402281342925  0.0  0.0  0.0  1.0
5494384563037;5.728273913522797;0.3000394588387474;-0.5133772675700945  -0.8506691376302681  -0.1131627121698755  0.9480634828235439  0.8549117168764142  -0.5184339980900772  0.018765552796559393  -3.2232993368034704  -0.07463067391954928  -0.08711032032840033  0.9933992423001928  4.205425343344556  0.0  0.0  0.0  1.0
5494384563068;4.596809114569144;3.821608538600561;0.8341357033277434  0.5467048429746766  0.07301673165764688  -6.0558806176080715  0.5502335406353033  -0.8156338717231583  -0.17884193595974296  -2.135440472539002  -0.03821883297366101  0.18935469882188033  -0.9811646746801513  6.986037544550605  0.0  0.0  0.0  1.0
5494384563099;7.571012982470478;4.210294018187081;0.733667161340735  0.4112413757201485  0.5409371749713896  -4.619736183182848  -0.5393105373881122  0.8366881970431992  0.09537822178436164  -8.679384491273154  -0.4133722785001109  -0.36170898775728744  0.8356374617878412  0.6469610377761925  0.0  0.0  0.0  1.0
