# registration_from_features.py TEASER TEASER_config.json euclidean False --input_txt=/neural_comparison/point_clouds_registration_benchmark//eth/wood_autumn_global.txt --input_pcd_dir=/neural_comparison/point_clouds_registration_benchmark//eth/wood_autumn/ --input_features_dir=/neural_comparison/experiments/3DFeatNet/feature_extraction_voxelgrid_0.1_npz//eth/wood_autumn/ --output_dir=/root/neural_registration_comparison/results/3DFeatNet/TEASER/
id;initial_error;final_error;transformation
26875431820030;2.0535532931381004;3.616395535203441;0.48386649368793394  -0.20804964651687013  0.8500520930333331  0.9392948769767234  0.18427537915077494  0.9737746304064361  0.13343745282209057  2.4696385874197846  -0.8555207776114988  0.09207775931795331  0.5095153435511073  10.490260716431639  0.0  0.0  0.0  1.0
26875431820061;1.6463845109934325;0.8277998744299983;0.544272974048275  -0.3956814109505498  -0.7397318100155138  -0.6393653936294915  -0.7494187678877258  0.1669505888057746  -0.6407019675598383  0.7714524279115929  0.37701251976332195  0.9030856669915586  -0.20566438198220865  -1.643288248734151  0.0  0.0  0.0  1.0
26875431820092;3.1454983955145077;0.3299027114740711;-0.2806372221322061  0.14278705701563832  -0.9491336080356287  -0.8211692572405452  -0.8787400894852382  -0.43599241040334213  0.19423303838986541  4.225130752745715  -0.38608108563538046  0.8885507719987058  0.24782841018557444  3.524708350426936  0.0  0.0  0.0  1.0
26875431820123;5.022952331012622;5.051330255984272;-0.38318586595470194  0.8964109033994659  0.22274668212814897  -4.456765780214642  -0.4324296244493245  -0.3871927509936231  0.8143011687800816  5.791388339750593  0.8161943469732942  0.21570643440691284  0.5360014198901853  -2.65538085059684  0.0  0.0  0.0  1.0
26875431820154;4.9039779898946945;2.249852487457776;0.8687143021976061  -0.24135052376853822  -0.4325336817335482  -2.598735820727674  0.3018731996719013  0.9503119507901828  0.07602478217795583  -8.576022986319678  0.3926933058726294  -0.19661414207022188  0.8984068380532375  -5.951355138386835  0.0  0.0  0.0  1.0
26875431820185;2.518490360471434;2.7487928942781945;-0.9951458526438616  -0.09837274495876847  -0.0027449981783239726  12.709225905051477  0.09251582407129094  -0.9256595964161677  -0.3668720946856917  3.1296359216766305  0.033549281097094215  -0.36534519924577397  0.9302673438995552  -0.6483257816765943  0.0  0.0  0.0  1.0
26875431820216;3.040176925026691;5.988168562357783;-0.9718678249617532  -0.08531838714423312  0.219530643918377  0.8159787055182234  0.0005943029960615437  -0.9329683854641048  -0.3599578288195024  1.594077635643441  0.2355261718112432  -0.3497009644533569  0.9067726605121779  8.932697004571027  0.0  0.0  0.0  1.0
26875431820247;4.293952946805166;0.19163526323655591;-0.8719937126008465  0.48729145409539243  -0.046626215267695226  6.41532414999571  -0.47739958355977274  -0.8254801818907525  0.30111809464488176  -0.03816223888413015  0.10824325753388388  0.2848324210324502  0.9524462657427168  -7.7316558069634755  0.0  0.0  0.0  1.0
26875431820278;1.9928622542605958;0.0872972324748444;0.6170390569103684  0.7679040432456689  0.1720063446914611  -5.010305382926224  -0.7804751062558561  0.6251219139888228  0.00901116895091772  9.735838174180083  -0.10060522233996738  -0.1398069133408842  0.9850546260081323  5.573731203835672  0.0  0.0  0.0  1.0
26875431820309;3.3178555720271428;3.766776389712881;0.9660523524675416  -0.14685265077984477  0.21254917372425575  6.56462091674681  -0.2540306761606319  -0.6897157492951098  0.6780564878707804  21.46979080465999  0.0470241199949861  -0.7090320755320024  -0.703606600314039  16.28192778372401  0.0  0.0  0.0  1.0
26875431820340;3.1987335091215683;4.423982059671987;0.015569446430289291  -0.7263999294675606  -0.6870958701719709  10.089077889791017  -0.9890212416398221  -0.11218205006355148  0.09618820732690495  8.480850396355075  -0.1469509303239671  0.6780548135018751  -0.72017157258799  13.311194544336642  0.0  0.0  0.0  1.0
26875431820371;3.5265759616751016;1.7436588961091326;-0.40469481283484376  -0.042682866650871426  0.913455133741682  1.4822611166540705  -0.8334430599777319  -0.3938286991753991  -0.387648837842663  23.831433728737682  0.3762908107295805  -0.9181923156944171  0.12380669271165441  7.209464918695177  0.0  0.0  0.0  1.0
26875431820402;5.0883567835047625;0.48896715327977663;0.7824077698586641  -0.6217365194353112  -0.03580198409664929  0.6598174271040411  0.5426958193949504  0.6524844574127697  0.528909520093944  -2.954980039931824  -0.30548212595180624  -0.43325250516901526  0.8479227190544765  -7.072989913261452  0.0  0.0  0.0  1.0
26875431820433;1.6687229373662258;0.6118858749387334;-0.552609005642017  -0.789999195865821  -0.2655646012078764  15.418320971113035  0.8014467381557667  -0.5911352785217432  0.09078660907041067  10.906720893697116  -0.22870595266154278  -0.16266638564367925  0.9598089571361579  4.658710986463109  0.0  0.0  0.0  1.0
26875431820464;4.58945846466715;3.9506193286211397;-0.44326523425951103  0.7853311894207999  0.4321699376631527  4.882289044602932  0.1942827952674182  0.5548319607973792  -0.80895963480313  15.000630955019359  -0.8750829261046863  -0.2746204985077548  -0.39851405776887333  12.717114586486097  0.0  0.0  0.0  1.0
26875431820495;2.035425071867048;3.4093942183433104;0.5807743505710625  0.595708326961324  0.5548267683770318  -3.903615491945216  -0.7697920544427959  0.6235799182583479  0.13626547054060392  15.413070357396705  -0.264804355393752  -0.5062407280472919  0.8207307589158864  5.10317713866337  0.0  0.0  0.0  1.0
26875431820526;3.855140063669406;3.9467513605283315;-0.31738995798204955  0.8380417279051158  -0.4437901270442609  2.4328673646451473  0.1412211230063144  0.5045395477621372  0.8517607875224202  11.444153248082165  0.9377207521373236  0.20766778044219286  -0.27848497980541953  1.4219881420173068  0.0  0.0  0.0  1.0
26875431820557;2.7573624115491;1.9751513198290793;-0.5621795461929815  -0.7017244659921469  0.43764932499695475  12.6224978535174  -0.8254261256955479  0.5088837586482173  -0.24435431488578502  8.739161487911824  -0.051243232348200995  -0.49861818459829516  -0.8653057477715085  2.923271942473153  0.0  0.0  0.0  1.0
26875431820588;1.5947841889661274;2.318081699706424;-0.038702805311700963  -0.659318353950494  0.7508670994290637  9.285965112207794  0.4380933006250057  -0.6865581412094994  -0.5802690571505992  12.904103387774564  0.8980959596883248  0.3064918055722989  0.31541467991921224  -3.825446295050243  0.0  0.0  0.0  1.0
26875431820619;3.5884439472599823;3.3335042319081425;0.8616598710509332  0.32170501144349506  -0.39248968423721686  5.714680177315521  -0.48281467395586913  0.28145675615425864  -0.8292599622723926  0.6294837906622028  -0.15630821230305597  0.9040398110853652  0.39784389242435264  -0.8286141241046685  0.0  0.0  0.0  1.0
26875431820650;3.205971749881819;2.030671476938433;0.38430122398666156  0.5625634835332056  -0.7320074427472302  -4.527962660122441  0.5476281050938312  0.4994276674405595  0.6713236652362428  -0.48073409529540667  0.7432469493739577  -0.6588583550277456  -0.11614491059206349  -4.498148540126724  0.0  0.0  0.0  1.0
26875431820681;1.5831696178308692;1.6206344872749303;0.3124267305622072  -0.03148601462514283  -0.9494199117952152  0.21895235125394175  0.9466384545672863  0.09359754709483303  0.30840741805652117  1.0775894491123834  0.0791528544315947  -0.9951121193417632  0.05904824785270896  0.8033950418696117  0.0  0.0  0.0  1.0
26875431820712;2.1253878571825364;2.3765359988543784;-0.06955396287482152  -0.619512853812255  -0.7818990153528802  7.951148865783945  0.9932629664045235  -0.11583171084377758  0.0034196976899151937  -1.8199811495459717  -0.0926872473304435  -0.7763934818920104  0.623395729419047  4.411065302664159  0.0  0.0  0.0  1.0
26875431820743;1.5610088030304428;3.3089813280427065;-0.881786205707341  -0.38246022308698757  -0.27600229198414783  6.548664608428436  -0.46678270134790883  0.6238146195414753  0.6268725788935686  1.9404398795476363  -0.06757956160408307  0.6816006882351104  -0.7285969425209138  6.405428380881209  0.0  0.0  0.0  1.0
26875431820774;3.330059369423353;3.9454364409564033;-0.5894253826316482  -0.8048644516344519  0.06907193934377132  2.5418664162534976  -0.7622312421337866  0.5258044604834492  -0.3775356974524323  6.906707179518936  0.2675467283012848  -0.27517791305059824  -0.9234153260285413  8.422107280497583  0.0  0.0  0.0  1.0
26875431820805;4.120916915159846;1.5069200189970295;0.8804170336897733  -0.4022069841325904  0.25118795493388335  -8.05989144172718  -0.4000137334297537  -0.914402490718704  -0.062105539487391705  1.2206208357704698  0.25466617336523184  -0.04579985679449493  -0.9659438458115014  -1.5536040067646968  0.0  0.0  0.0  1.0
26875431820836;1.4675689642071519;2.6532424969646153;0.3193790216976717  -0.821347245383368  -0.47263700976604817  14.229447395859273  0.7246267470243366  0.5330844769464931  -0.4367344936407147  -2.103645636211929  0.6106661264523896  -0.20300158358948156  0.7654261813289357  1.2350952468374328  0.0  0.0  0.0  1.0
26875431820867;3.4095493357026116;0.5849469342912469;-0.8355892520421312  -0.5361379688193361  0.11977762838672844  15.635231529314478  0.45443066650155906  -0.797088668955944  -0.3976712501111825  5.389814530333522  0.3086800466739324  -0.277859194939305  0.9096762592115181  -6.249434112781797  0.0  0.0  0.0  1.0
26875431820898;2.851643886467438;1.7228836774121263;-0.9008354764021799  0.3336446566359486  0.2778069249560541  5.543292083438756  -0.27804673872140073  0.048085243162599156  -0.9593632369839837  5.970771980064026  -0.3334448313314391  -0.9414717481094557  0.04945191573715173  4.491850805862127  0.0  0.0  0.0  1.0
26875431820929;4.31324373702403;2.1181862441841988;0.34705074376530576  0.41629643994108695  0.8403886335168543  10.160407737763405  -0.9371695599602865  0.18797631172237292  0.2939015517398579  2.011661542867981  -0.035622986059439185  -0.8895853979937115  0.4553776702261308  6.537805856011611  0.0  0.0  0.0  1.0
26875431820960;2.9706078354575314;3.6445234876433172;-0.8295918581350377  0.5394910521609673  -0.14396789070590746  4.194439335635038  -0.546715117629253  -0.7324056904934652  0.4058133618899478  13.516159544484733  0.1134897751856396  0.41536888324842414  0.902545711727262  -9.170470205461196  0.0  0.0  0.0  1.0
26875431820991;2.9933660743599426;2.5819227469693167;0.26163437230750936  0.13043270462890702  -0.9563131102261666  3.82618312226367  0.9412088737991076  0.18491521381155776  0.2827228671028241  -3.6656643297435347  0.2137131514649276  -0.974060405346719  -0.07438424313464892  2.33684060924247  0.0  0.0  0.0  1.0
26875431821022;1.656409031130035;3.2646604714190866;0.005507094645774008  -0.9996005786018001  -0.02771922018218393  5.420516850329014  0.9741080110805466  0.011627703602565098  -0.22578392161009192  -1.3317171468702547  0.2260160495568041  -0.025758101014570135  0.9737829663610159  -0.2997661795057155  0.0  0.0  0.0  1.0
26875431821053;1.9984878364331908;0.026083258704264527;-0.7060174291238973  -0.7079433124740473  -0.01885884663910936  17.609583173391382  0.7080974038815202  -0.7052294832483531  -0.03534745497928677  12.316323445892511  0.011724179695604575  -0.038309819635901826  0.9991971283635329  0.7628842267309751  0.0  0.0  0.0  1.0
26875431821084;2.6465098846802793;1.179095498440653;0.37082440546335055  -0.7451816156843759  0.5542505028944723  1.6844112440258205  0.6619464844009744  0.6306779681567505  0.4050582084970795  2.91325511674365  -0.6513955112694154  0.2166787025244885  0.7271411333230714  3.1640057038746003  0.0  0.0  0.0  1.0
26875431821115;1.5027097041887814;3.9438741147130627;-0.8621326336936709  -0.5059752441093831  0.026765168948934673  18.94434067806239  0.024550487536904142  0.01104736145305534  0.9996375489979484  7.358516229749699  -0.5060875373708734  0.8624772508033911  0.0028976480996008858  -0.8576333786375205  0.0  0.0  0.0  1.0
26875431821146;3.393986024931288;4.077805695674573;0.9681356138454973  0.020132156840559606  0.24961596396254318  -3.9197127774701  0.22547202436134206  -0.5038279860643541  -0.8338583373024075  5.341913328465404  0.10897614158338018  0.8635693699519944  -0.4923130547185549  8.903837245349825  0.0  0.0  0.0  1.0
26875431821177;4.551379335696718;0.887563758284373;-0.347512909740651  -0.3734006896356695  -0.860120167501723  8.778662547960446  0.3116902635092944  -0.911129881367295  0.26961364749048716  12.034172354100445  -0.8843551080855997  -0.17439685851306116  0.43301475557269714  -0.21282373901259766  0.0  0.0  0.0  1.0
26875431821208;2.543233512385254;2.973546287706164;-0.10325480271812218  -0.7317014000617831  0.6737592350857009  3.818605280674029  0.9939699241745027  -0.05076996191989409  0.09719156755185085  -1.196273084501311  -0.03690847534341061  0.6797319119434364  0.732531427539833  5.310727791346732  0.0  0.0  0.0  1.0
26875431821239;2.014421766667579;3.8433957308694593;0.7914790001859844  0.5962397357762527  0.1343844103535059  2.5593959141831593  -0.6030698340545131  0.7975798563968362  0.013158568442803942  5.856798920394279  -0.09933663734019152  -0.09145791464639147  0.9908419058207405  5.066906652708376  0.0  0.0  0.0  1.0
26875431821270;2.8934216940175648;2.5786216750870494;-0.9873711336284421  0.1519813159907325  -0.04472051058530368  10.991403186306007  -0.12474434463672227  -0.919853133975432  -0.37189926108656185  -1.6239344625700847  -0.09765804093078977  -0.3616239642298352  0.9271952413252881  1.3064280335060745  0.0  0.0  0.0  1.0
26875431821301;2.825654895817324;2.2912195330889324;0.42696076730352367  0.5880702815503327  0.6869336555599084  5.25365007296741  0.671245596156104  -0.7151265660563273  0.19499575421408943  1.2403273572432556  0.6059157142908764  0.37784565430582556  -0.7000705740834845  0.07596630878065562  0.0  0.0  0.0  1.0
26875431821332;1.854867411473609;2.8312542028128975;0.6352575070961494  0.571439681649883  0.5195234257604429  1.4148899642524544  0.7363154171412256  -0.6510847717469772  -0.18419616304182235  1.4204183768447307  0.23299679430869671  0.4995451033040629  -0.8343663365733325  -2.6248648229551423  0.0  0.0  0.0  1.0
26875431821363;4.467403769838114;2.9109838662468426;-0.8978004379026282  -0.43927569891015783  -0.031483869661158  5.80795283278319  0.30968416066817234  -0.6805330483518475  0.6640560900497727  7.025365462668631  -0.31312951686658064  0.5864397926879913  0.7470195949364165  10.848941953710142  0.0  0.0  0.0  1.0
26875431821394;5.784727726475907;2.8495581913329078;0.2940560552357204  0.9315518331899104  -0.21387430528168766  0.8571824496837842  0.9263690942828772  -0.22268739645184588  0.3037278792258298  0.3233087662325861  0.23531115047257894  -0.28743956850443564  -0.9284434053410338  14.361853501275379  0.0  0.0  0.0  1.0
26875431821425;1.4999174095934682;4.653416349852144;0.620503633830233  0.7601678762512866  -0.19266561789557746  -9.26986734467156  -0.5383663962315216  0.23428742635246727  -0.8094881254606646  18.125686266000926  -0.5702077374187058  0.6060150177749274  0.5546250394808138  2.301483660653939  0.0  0.0  0.0  1.0
26875431821456;2.5138223759986826;1.973822422128842;-0.299344203814225  0.8864290166743843  0.35303915652588996  -3.3229135201151676  -0.8342155131490298  -0.422735441930688  0.35408928783170923  15.286706467886312  0.46311718308040484  -0.1885161651778171  0.8660162413040082  -0.8860647184521859  0.0  0.0  0.0  1.0
26875431821487;2.043897772459037;3.847451695245269;0.5003374205807192  0.8049186682924198  0.31901160323879885  2.836662673275444  0.8658060486515313  -0.4623558229481728  -0.19132950400902415  1.7627794709825169  -0.006507817226502122  0.37193148619103816  -0.9282373715244784  -0.6928238495595401  0.0  0.0  0.0  1.0
26875431821518;1.5491762003112224;2.129512991997566;-0.4164369631250875  0.29163638954956284  0.8611204747499915  2.5176345527565984  0.37697483048496233  -0.8065102567462724  0.45544613616090307  17.973329735545004  0.8273271619643521  0.5142853508059098  0.22592110353495928  -8.56979443633233  0.0  0.0  0.0  1.0
26875431821549;1.5883996969544905;1.5974156847533485;0.7725875534697058  0.16875692525174177  0.6120699081014128  0.531842864150657  -0.015464322435400796  0.9687446347205022  -0.24757763920001935  -2.603827262673207  -0.6347198806995953  0.18181015615146218  0.7510497587809163  3.8681567941524  0.0  0.0  0.0  1.0
26875431821580;4.425160905918537;3.6945103293658024;-0.8498209575487442  -0.29086625243214737  0.43954654282227434  7.4289438602015325  0.3816327333285502  -0.9147662089493654  0.13251128184643463  3.3993470827143475  0.36353926467867936  0.2803562129871278  0.888391578571297  -8.574199824116805  0.0  0.0  0.0  1.0
26875431821611;3.353273937562721;7.290335696108408;-0.48514267974323566  0.6580054305611606  -0.5759040142624239  -8.112724091379881  0.09472333461922111  0.6942715951911411  0.7134524805404799  0.21243383879710814  0.8692894053019217  0.29157469962733445  -0.3991492507409505  -1.4688137616761232  0.0  0.0  0.0  1.0
26875431821642;1.3671223414634766;2.6219326456181107;-0.7781739992365772  -0.6270385758188735  -0.035606900274948616  7.195195095985967  -0.5664905123352831  0.7252511099321438  -0.39127909090098506  2.6200084100463177  0.2711710278519069  -0.2843122438046448  -0.919582960736283  1.9895241190539943  0.0  0.0  0.0  1.0
26875431821673;4.231146946497155;0.4700570169580339;0.32397389471715565  -0.9229211672921055  -0.20798421696363179  10.619402182331015  0.9446050491614366  0.30334720493815026  0.12530672110837598  5.257604922651131  -0.0525567944277216  -0.2370590479614516  0.9700725700374655  10.61529782506588  0.0  0.0  0.0  1.0
26875431821704;5.916097515817769;5.343336955120795;-0.9467340573678454  0.3211069926737909  0.024185199519758838  3.0112538181362747  -0.318417939988278  -0.9223133308634646  -0.21897062635239878  11.81947205023977  -0.04800666738524889  -0.21500795094027209  0.97543166901584  -0.17622456865024616  0.0  0.0  0.0  1.0
26875431821735;2.456523073906335;2.803872859704834;0.8132429186260168  -0.37913043243434374  -0.4414703506542487  -0.05043114484645822  -0.12234292553100867  0.6302910533235305  -0.7666585919904825  0.335822735279376  0.5689184158358315  0.6774904451742938  0.4661958095268402  -0.6039785975474  0.0  0.0  0.0  1.0
26875431821766;3.6833967010897686;3.136986279156595;0.14939928885646553  -0.47037224896797536  0.8697297280707327  0.44934983788145766  0.7570557712613086  -0.5113962222722417  -0.4066207853093899  -3.715446552142264  0.6360396305963392  0.7191827662329571  0.279695793791011  1.573315322745727  0.0  0.0  0.0  1.0
26875431821797;3.7834060321852396;2.100454642672183;0.22406480947837354  -0.9492810020637619  -0.22059134224679058  12.268695482552301  -0.31533534770807115  0.14355317917119728  -0.938059754618901  4.302082637761398  0.9221488923374853  0.2797464278067953  -0.2671766391174333  -9.276986890189859  0.0  0.0  0.0  1.0
26875431821828;3.309200691813214;0.08443940866579187;0.3495901943794921  0.9368893453800228  -0.005005048161805248  -2.236031246645151  -0.8547708011813071  0.32112672102719797  0.40773092412789513  16.146792483768483  0.3836060133021591  -0.13826056399318346  0.913088409193059  1.7266688541389943  0.0  0.0  0.0  1.0
26875431821859;1.3587079118313974;4.179394103159821;-0.7336535139746322  -0.06971157596141189  0.6759384717632605  15.827857853299172  0.6187607419765458  -0.47968655384520065  0.6221221377259863  -5.8197643671710475  0.2808694814701484  0.8746662827828067  0.3950585123011505  0.9696134947326897  0.0  0.0  0.0  1.0
26875431821890;5.99180136419761;0.0171001924390596;-0.35022605180770133  -0.9365792260184069  0.012691179060760411  6.073022108767011  0.9366352112298811  -0.35007425032403827  0.012747562293264  -10.112596537468246  -0.007496247030822703  0.016351533592474113  0.9998382037257967  6.144515445744432  0.0  0.0  0.0  1.0
26875431821921;1.334025833505696;1.5381064162506357;0.34966656275619845  0.12028850595133467  0.9291199977539297  1.1296887530630577  -0.4991049304417506  0.8631952492184636  0.07608041886983538  1.4574742090221613  -0.7928603680970574  -0.49033115041028175  0.3618671021774832  1.1618806640853263  0.0  0.0  0.0  1.0
26875431821952;1.5331962113685564;3.6227930066901455;-0.48984571820486345  -0.42829175437671363  -0.7593532415742218  1.6777372089080187  0.8718070279034339  -0.23872867591534075  -0.4277395532258963  -5.984584512625955  0.0019179297543949897  -0.8715358813202271  0.490327981168557  4.663340400503907  0.0  0.0  0.0  1.0
26875431821983;5.104278779962253;0.1515736964050328;-0.900928782687732  -0.4225386720926227  0.09893633867798343  13.66587264458794  0.4274608266605728  -0.9033811082391489  0.03434843442236772  26.086928017509944  0.07486367741075249  0.07323690232943426  0.9945007722177641  5.4027481957273045  0.0  0.0  0.0  1.0
26875431822014;4.051816939242429;3.401133895996316;-0.53417526718204  0.8442433791999495  0.04370240963660645  3.735302228150118  -0.6053336144083155  -0.34590103164646  -0.7168847128885358  5.346461905347372  -0.5901084639270651  -0.40939662062963356  0.6958206721696868  12.837829645140426  0.0  0.0  0.0  1.0
26875431822045;4.351333545702148;2.1154584018034575;-0.0947977605088376  0.9574441966268383  0.27260593344257417  1.0668254416336287  -0.9931142343199911  -0.0720224931523643  -0.09239522753440864  16.54483131002809  -0.06882951542417454  -0.2794876935138749  0.9576790312942888  -1.715722459670293  0.0  0.0  0.0  1.0
26875431822076;1.1412009696094776;0.7867680404613892;0.9897791052446466  -0.14243694816743532  -0.007002757874810351  0.8309578937262415  0.14001692471734017  0.9612968105280397  0.23728401307571523  -4.055363724228425  -0.027066281861471364  -0.23583926277311154  0.9714150804475038  0.05989453124352617  0.0  0.0  0.0  1.0
26875431822107;1.4325003679545003;5.0481591382412345;-0.9604820362906902  0.22551813865232392  0.16314357818093922  -5.4791259780461985  -0.2783413890305718  -0.7769917005493112  -0.564632595968406  -4.697958098396093  -0.0005736858207171144  -0.5877290756941336  0.8090576026886457  3.2658726803166758  0.0  0.0  0.0  1.0
26875431822138;4.104686773760169;3.1240905049918988;0.9904588481519097  0.08910475538735818  -0.10512665068834927  -7.7054609586069285  -0.019791973822527315  0.8469113379487205  0.5313656588697795  -4.169620892509682  0.13638015944337173  -0.5242151545131692  0.8405943872575726  5.162129709577675  0.0  0.0  0.0  1.0
26875431822169;2.4370489578780687;3.9863995388371234;0.2565993189814401  0.9525419183251205  -0.16377021503240766  -2.2989410032390096  0.6739165539158667  -0.05487005011884826  0.7367670974996904  6.710625847134733  0.6928154645043831  -0.29942139441505333  -0.6560133845510476  5.585137851304467  0.0  0.0  0.0  1.0
26875431822200;3.7431807365241796;1.5210818391806251;-0.9114638073231363  0.4011568043694561  0.09114245030773416  8.055673742984066  0.41067012078171533  0.9002905553098876  0.1443155151636378  -8.536746064008526  -0.024161536315877363  0.16896784998306785  -0.9853253705426223  4.2878318223637795  0.0  0.0  0.0  1.0
26875431822231;2.9987588218906187;4.1200418251350435;0.7968571357726562  -0.5468046463176207  0.2569501584620235  -0.19588268761461544  0.5323643143367853  0.4343935474080529  -0.7265607220260204  -10.878992867121054  0.28566928779433354  0.7157561908469312  0.6372488785987539  3.751576265740201  0.0  0.0  0.0  1.0
26875431822262;1.4232017099761387;3.726027632914936;-0.743966475853958  -0.3947308277203463  -0.539167373319873  10.353757960211137  0.09531942080601807  -0.861313662556098  0.4990520841669783  0.30950882417614417  -0.661383467303686  0.31988489858292746  0.6784140040093091  -0.8045524210841398  0.0  0.0  0.0  1.0
26875431822293;1.6014741833671042;4.2891692133363515;0.4571950770162895  0.29911400618082606  0.8375580414863955  -4.219320837494063  0.2360329748118672  -0.948784109506837  0.20999321024447315  20.181780475917375  0.8574736709389565  0.10168345417901598  -0.5043801927045652  1.7420639344045403  0.0  0.0  0.0  1.0
26875431822324;2.782792515369427;3.9082796895664846;-0.33094833779150945  0.8213170048897978  -0.46466286185996036  1.5209525794620893  -0.6522779914791588  -0.5549387064470122  -0.516310423988158  -2.952316432327252  -0.6819139385178687  0.1322172816456626  0.7193830487920052  9.379613462317554  0.0  0.0  0.0  1.0
26875431822355;3.517315059062168;2.368398320421409;-0.5659239194499404  0.5503317898853985  -0.613893344511855  -7.590560442362793  -0.7996969533378994  -0.5475267143382196  0.24637223850928305  -1.9840175250994003  -0.20053653087779078  0.6303565801413729  0.7499571198781796  1.4971952083919018  0.0  0.0  0.0  1.0
26875431822386;2.6396216123483303;0.4075226204713497;0.09735289250216994  -0.9864594090854288  0.13198578919068416  12.135274844409036  0.892686849367155  0.14518351932018614  0.42665200654016455  -0.12171609895186997  -0.44003704763167867  0.07628617138532927  0.8947333774745209  -1.5042309227190074  0.0  0.0  0.0  1.0
26875431822417;3.186775984733459;0.0897488517266145;0.6838714566911762  -0.72682344949328  -0.06361999677599867  14.42574648591613  0.7295421472757362  0.6800885173693834  0.07244214167610918  -4.443584003182428  -0.009385418019276705  -0.09595458201150682  0.9953414650860275  -0.710683568545341  0.0  0.0  0.0  1.0
26875431822448;3.9599817839126596;4.482985232152627;0.03260747142766884  -0.9906325723559797  0.1326041454648652  0.5792038011971342  0.02552908081821113  0.1334569285341477  0.9907257512847879  -1.0591760318263408  -0.9991421414591972  -0.028919799681272035  0.02964163198482994  7.0702006225999545  0.0  0.0  0.0  1.0
26875431822479;2.9073535472467738;3.8332458739880986;0.3265613094686142  0.6224981195204929  -0.7112339997157011  1.959896147258086  -0.707508803418265  -0.33796737560423235  -0.6206523552785761  11.245929806502371  -0.6267288123612951  0.7058853619537937  0.33005583093707513  2.600594741875981  0.0  0.0  0.0  1.0
26875431822510;3.7711636163769215;0.0449358499208766;-0.9942820386399943  0.10427118934831817  -0.023037940658511225  7.557205805258272  -0.10403215093686133  -0.9945092291635124  -0.011344808506393009  -3.157529819291684  -0.02409438128170119  -0.008883252809856107  0.9996702199276365  -6.6598464237478545  0.0  0.0  0.0  1.0
26875431822541;2.7225886157360173;3.4700561668913155;0.9722152335868196  0.23408394875702607  0.0014981708995154166  2.414675929108764  0.22193946665591038  -0.9197030595838152  -0.32386595272220264  -5.698366884067802  -0.07443394872110574  0.3151999161270319  -0.9461017916436348  7.44770262359735  0.0  0.0  0.0  1.0
26875431822572;6.3174187801669905;0.0642461156619356;0.5740477433857749  -0.8077340006106728  0.13429435048123234  1.2515256162315358  0.7825731312717454  0.5894644150593569  0.2002773017350321  -3.001932527170005  -0.24093252691414455  -0.009873582744184012  0.9704916433635881  -9.083380497502004  0.0  0.0  0.0  1.0
26875431822603;4.291318477345014;7.381922855984195;-0.6437972832822733  -0.3622226428402984  0.6740325029641793  1.0270686094311996  0.010289481310508122  0.8766848003024713  0.4809551824161772  14.31031768530534  -0.7651269075210514  0.3165730846619897  -0.5606802096158446  11.62730753303642  0.0  0.0  0.0  1.0
26875431822634;2.1517287473981175;0.12020723929932825;-0.9010833225725468  -0.23991743322490644  -0.3612318798450553  8.122709981960197  0.25653118715061846  -0.9665338276042249  0.002027342057973957  7.4519264836824854  -0.3496292261821286  -0.09084043885571128  0.9324738167196905  3.4876241111231447  0.0  0.0  0.0  1.0
26875431822665;1.5906219386342715;1.3775918355695915;0.019115518608589455  0.9830225771893539  0.1824861903934772  3.9808685044564687  -0.42788539116789254  0.17300375355676495  -0.887121070249359  3.120705954843408  -0.9036308366658493  -0.06112539563282804  0.42392805643800746  4.766731908141804  0.0  0.0  0.0  1.0
26875431822696;2.534146944068928;0.19212584913411293;0.09812546262247218  -0.940927472887186  -0.32407851571997104  2.0133325644129787  0.993378110337976  0.0730538474890686  0.08867392665488263  -0.42545652430245645  -0.059760551256471936  -0.3306336736226019  0.9418651975629766  -0.5607709547491808  0.0  0.0  0.0  1.0
26875431822727;3.2280913866871095;4.67038387684182;-0.13016723320745938  0.9723348877425968  -0.19396225786917057  -0.2938086204260334  -0.9892724189123987  -0.140449082406154  -0.04017631678590035  3.298089533024109  -0.06630665561108008  0.1866518720234578  0.9801859548533702  2.1457922326332155  0.0  0.0  0.0  1.0
26875431822758;5.123607463454776;4.879908790606828;-0.29894495650512665  0.2492661718386256  0.92113966832238  1.5953451793282005  -0.6876977888395  0.6129516528894186  -0.389052724505809  2.6678367949164685  -0.661591765521164  -0.749771062923241  -0.011819010006862612  11.934172976767716  0.0  0.0  0.0  1.0
26875431822789;3.4449919855173357;1.5036867394892321;-0.7716961422092293  0.6135801200775706  0.16734545211922294  5.404155780080305  -0.5037761953160224  -0.7503348276908074  0.42802709188452015  6.700721755127223  0.3881940354156746  0.24600220039625784  0.8881375503084494  -0.9848330869576334  0.0  0.0  0.0  1.0
26875431822820;3.2885712155089486;4.621773613090657;-0.6891098172819283  -0.7239665480409953  -0.03162431095334406  3.849460350601211  -0.033180038079962546  0.075116995097887  -0.9966225575013227  -0.9636269998392168  0.723896915864877  -0.6857330926570993  -0.07578509639929118  8.2441059049575  0.0  0.0  0.0  1.0
26875431822851;5.9287144767363475;4.636500880847991;0.9992310999941555  -0.025706431194717272  0.02960385447372077  8.408958673437656  0.024948025336266832  0.9993581136742402  0.025709077488028587  2.55359235273747  -0.030245740795870057  -0.024950752066736304  0.999231031911546  0.5458525018419956  0.0  0.0  0.0  1.0
26875431822882;5.41078833518639;4.184419913403737;0.27708821687300306  -0.4170803025843684  -0.8656016065525011  -9.624597771374138  -0.733278631814462  0.4903628966643616  -0.47100602724301416  3.7582381681221886  0.6209062475079874  0.7652373819744221  -0.1699622929784187  6.546026527614973  0.0  0.0  0.0  1.0
26875431822913;4.777035883166865;0.632504543144339;-0.842708945204205  0.4796121304540875  -0.24456867745912958  2.7203466136913677  -0.34278104913894275  -0.8282926520023934  -0.44320698887771126  3.709141078868137  -0.4151418866171203  -0.28966098625830355  0.8624115763461456  -2.390505256168382  0.0  0.0  0.0  1.0
26875431822944;2.976285503595206;3.1257784909840414;-0.2568277900310306  -0.955734972048725  -0.14356235394698474  16.01168191121152  0.6277745563587663  -0.27791486646560637  0.7270917640751804  6.023216833357618  -0.7348051392419152  0.09661257785830364  0.6713623590455776  2.9384427545205165  0.0  0.0  0.0  1.0
26875431822975;3.393796302193077;2.3198593254259747;-0.33565135283008996  -0.8212158511574573  0.46145714335251453  2.8521102726411143  0.9415536964567643  -0.2776390628294937  0.19076998579379248  -1.2820560415613655  -0.028544807442577758  0.49851888289100277  0.8664087472833899  7.5093930742921176  0.0  0.0  0.0  1.0
26875431823006;5.039958847236191;2.326676294484227;-0.3924039053694508  -0.719066959246826  0.5735519882018776  -3.3104670998698293  0.7863314998336898  -0.5857588680434934  -0.19639073521351577  -8.299891576705376  0.47718125216745877  0.3739375036392161  0.7952790679704631  -4.315524313515817  0.0  0.0  0.0  1.0
26875431823037;5.369728603719778;6.796558912798804;0.2756578349463746  0.30284905344002444  -0.9123021477905006  0.4276039180709104  -0.7140410932483932  -0.5708828128417605  -0.40526303946266984  8.874820102692912  -0.6435511441877162  0.7631351550232524  0.0588783490114998  2.9621056713199234  0.0  0.0  0.0  1.0
26875431823068;4.204830814786546;2.450051907430445;0.9818564204723449  0.024546454420121072  -0.18803042613533097  3.464701373739578  0.18404761391330654  0.11538240327452982  0.9761215994062479  -7.63701772177212  0.045655726804549684  -0.9930178108120684  0.10877123709857155  3.5980082727842984  0.0  0.0  0.0  1.0
26875431823099;2.356510122240444;5.020452780265595;-0.9697757054950124  0.20112799063537112  0.13813982921166928  13.294524774365923  0.2060728283072523  0.9782818582974149  0.02232924449251872  1.592355193416063  -0.13064865274889295  0.050121224138432896  -0.9901609931853325  5.874331361093162  0.0  0.0  0.0  1.0
