# registration_from_features.py TEASER TEASER_config.json euclidean False --input_txt=/neural_comparison/point_clouds_registration_benchmark//eth/wood_summer_global.txt --input_pcd_dir=/neural_comparison/point_clouds_registration_benchmark//eth/wood_summer/ --input_features_dir=/neural_comparison/experiments/3DFeatNet/feature_extraction_voxelgrid_0.1_npz//eth/wood_summer/ --output_dir=/root/neural_registration_comparison/results/3DFeatNet/TEASER/
id;initial_error;final_error;transformation
2318808360030;4.969564550018172;0.8124659969491986;0.6325145664237831  0.15309300917956475  0.7592679723273462  -7.189886289754651  0.7745405909839314  -0.12059822263719921  -0.6209210429797106  2.136884171043866  -0.0034923029646489814  0.9808254682853087  -0.1948568823082956  -7.986353449213378  0.0  0.0  0.0  1.0
2318808360061;1.6724101210514537;0.30553450922039094;0.18615406996678863  -0.9632135629100744  0.1938202632876188  1.017451488421164  0.9444833526824383  0.22978867338315984  0.23483688400792158  -5.286927168424869  -0.2707357729236066  0.13934417035128968  0.952515272029047  -1.5109182132565375  0.0  0.0  0.0  1.0
2318808360092;1.584883217651029;2.059082478790649;0.8750492326875997  -0.43991742385723454  -0.20189477595930475  2.3945348381354306  -0.12138558619838886  0.20433657661212307  -0.9713455116083625  -1.9978486313377337  0.46856630249743414  0.8744822603376539  0.12540493020065402  -6.707873896639914  0.0  0.0  0.0  1.0
2318808360123;2.8011658140671436;3.2417891504678473;0.17553295677088193  -0.5206161773209996  -0.8355518996441458  -2.2050193406837653  0.9250813325962879  -0.20310641695915016  0.3208929906867579  -2.4201429210849907  -0.3367680346605769  -0.8292807602384639  0.44596043717931616  10.130986010198862  0.0  0.0  0.0  1.0
2318808360154;5.158117208596515;0.06267099235964903;0.6372923473933557  -0.7704544728613587  0.016073867045389323  -6.879094306600444  0.7689687121941824  0.6371522720301215  0.052192929724966836  -5.816017523725358  -0.050453777066618855  -0.020901853859887076  0.9985076508895327  3.4854280816817784  0.0  0.0  0.0  1.0
2318808360185;2.9373278081057164;2.522544748065791;-0.6539077625832073  0.5542770820978459  -0.5149578179759203  6.415608927726483  -0.5697732124747823  -0.8085827132048549  -0.14680763690095222  14.566401745989939  -0.49775809825616135  0.197410516861115  0.8445507465232844  7.0904840574682675  0.0  0.0  0.0  1.0
2318808360216;2.8192109211834575;2.4342734278455276;-0.7757944810880355  0.20003930404633155  0.5984372982610675  5.34801166091459  -0.4490798205036338  0.4911921811363057  -0.7463628849339866  7.592360469576587  -0.4432496338743782  -0.8477703215064909  -0.29123056852434226  2.5583410119740404  0.0  0.0  0.0  1.0
2318808360247;5.338906233558544;0.08854646876624325;-0.35143521603773104  0.9338927351015166  0.06586082487429609  -2.575536153804878  -0.8925994126529213  -0.35545493365662684  0.2773410872388413  5.124452660065349  0.2824173816537734  0.038680091310287726  0.9585114882337378  -3.559194418229918  0.0  0.0  0.0  1.0
2318808360278;3.9358878406157967;2.95807287563742;0.5986198948234593  -0.21557919014042268  0.7714789914832095  0.2943846290835049  0.5408974287263444  0.8191614788323459  -0.1907994842614445  7.991721773701788  -0.5908334732551811  0.5315073700106172  0.6069725879359105  9.007144221405376  0.0  0.0  0.0  1.0
2318808360309;2.1234453820707166;2.5955517562477226;0.2427183756095709  -0.40156368554367583  0.8830823271892776  4.809260271347378  0.7713454521417901  0.6319397694645398  0.07535463641529039  -2.142593371239043  -0.5883145277839292  0.662871581998869  0.46312771691693133  8.414623483532441  0.0  0.0  0.0  1.0
2318808360340;2.3866042493559383;0.9358546623610069;0.057062516178748766  -0.961506323980005  -0.26879259326441196  16.51365924266968  -0.9908146217186691  -0.08760066262924843  0.10301703400606677  22.17995362272666  -0.1225979389542928  0.2604452204464005  -0.9576732389029075  -1.1976710325294764  0.0  0.0  0.0  1.0
2318808360371;4.044074629937958;3.8650398712725296;0.3364248833982586  0.7714018868793779  0.540145745840327  13.890218574669218  0.5384939120682948  0.31296545205355025  -0.7823534575153999  -4.097730630764986  -0.7725558908557048  0.5540683664854478  -0.31010585412774133  -4.163012366552365  0.0  0.0  0.0  1.0
2318808360402;4.2662430875772905;0.25777474781802845;0.6993157655551266  -0.6906394721214231  -0.18432194550266995  3.8117558246700023  0.6419536246364285  0.7202166527852434  -0.26302759715849555  4.527530309522677  0.3144089754797067  0.06561320445354163  0.9470173723534006  -4.893769351630183  0.0  0.0  0.0  1.0
2318808360433;3.0557917853126377;2.6976165157735936;-0.5639269345729165  -0.37432340435481476  -0.7361171112094973  17.446902748739866  -0.8114511056662002  0.08558089716315176  0.5781202410864469  11.17300746485112  -0.15340637397544873  0.9233406191611911  -0.35200651333566646  2.5677024049684407  0.0  0.0  0.0  1.0
2318808360464;1.0653308809730693;1.6287728348348105;0.3142232207504058  -0.16856554381582733  0.9342641087932877  5.7445809070129785  -0.7408278929809702  0.5718637257392849  0.3523434576729936  3.669210095905924  -0.593664720631619  -0.8028434072854174  0.05481480507785402  9.368176093167428  0.0  0.0  0.0  1.0
2318808360495;1.7172042102086578;0.014659457277089907;0.10429693403959564  0.9934786346106688  -0.046068993065426  -5.156666181175082  -0.9941615956330678  0.10285657925888683  -0.0326074511649313  24.070121643978165  -0.02765630702485865  0.04920088083848126  0.9984059304744066  1.0135623591449012  0.0  0.0  0.0  1.0
2318808360526;3.6807220373796983;0.9869388314224415;0.3968783109729665  -0.8076550706987421  -0.4360973435528528  4.511893143295965  0.6416726226019315  0.5838633483597832  -0.4973528283273983  -3.9515720679032817  0.6563107889425596  -0.08244317568308873  0.7499728469090612  3.707914498934474  0.0  0.0  0.0  1.0
2318808360557;2.560279020018075;1.7585772751960767;-0.14949904148689505  -0.8511197141685889  -0.503234804786075  4.656328406756438  0.21298996828306  -0.5247267815901546  0.8241948059123029  -2.1933810713740094  -0.9655492271268614  0.016032368372048994  0.2597261118160866  0.9797158086560322  0.0  0.0  0.0  1.0
2318808360588;3.9226564362176193;0.47372314188811654;-0.39854030009312946  0.8987109789626051  -0.18298689978726534  -4.062061163381198  -0.9031274565863224  -0.4193124963073604  -0.09240036580236288  25.141361139604513  -0.1597699169480875  0.1284352238779006  0.9787634887478361  5.830943278424298  0.0  0.0  0.0  1.0
2318808360619;3.5577362196516864;3.3220987054476523;0.4418165414544656  0.8063136365318258  0.3932638595650987  -0.7127325945316272  0.17757432063196085  -0.5082990868336017  0.842673957694329  16.86363216932543  0.8793551639407777  -0.3024737308708796  -0.3677555407927103  7.174243786426015  0.0  0.0  0.0  1.0
2318808360650;2.026557361496415;0.10785530530972705;-0.3662468657085971  0.9297876328601377  0.03685364485326642  -1.606948074277088  -0.8781901194986714  -0.3584740515360576  0.3166677571055083  24.024811978815706  0.307644839666681  0.08361406673321206  0.9478203102227745  -2.916364817668428  0.0  0.0  0.0  1.0
2318808360681;3.2402694513344694;0.03447717837154695;0.14723611724841992  0.9886815838259199  0.028814086504353797  6.216119968653538  -0.9603282960037892  0.1498677468616688  -0.23517912820882975  8.681027623740848  -0.23683557518258982  0.0069558791017044624  0.9715248458345543  1.8887335006212265  0.0  0.0  0.0  1.0
2318808360712;4.183482302346372;3.412177449584377;-0.6391343935395463  -0.7627161945732263  0.09884954997658008  20.300093070131258  0.15843632147339015  -0.004801596618736553  0.9873575222318871  5.204934393195457  -0.7525989363750236  0.646715510255976  0.12391081373930204  2.5575730722092134  0.0  0.0  0.0  1.0
2318808360743;4.6928323050556155;3.4999701347349976;0.027027848507090876  -0.8911192397054782  0.45296357031422213  0.6039807936017043  -0.9506713991025819  -0.1629908417573393  -0.26392778639539427  -0.35230074562055386  0.3090200419607385  -0.42348611090561583  -0.8515668661570972  -0.8127184548035281  0.0  0.0  0.0  1.0
2318808360774;2.6368253275423768;2.918534028930034;-0.02864457146256888  0.9528892527085577  0.3019628463871875  1.6227718975303773  -0.8182566204375753  -0.19586375499806746  0.5404567444191393  -0.23109964642209876  0.5741390002741524  -0.23160194634454914  0.7853183728995605  -0.3319939792396006  0.0  0.0  0.0  1.0
2318808360805;3.822501238380734;3.0779096310599057;-0.7546909440798337  -0.054245611859420895  0.6538340710898191  4.72141256802441  0.54444713114254  -0.6078603981068765  0.577999184950988  -3.463995481790265  0.3660859193065843  0.7921888348161354  0.4882806054699552  -2.543618233850902  0.0  0.0  0.0  1.0
2318808360836;3.8885550361159975;0.20679902034259331;-0.32352590612701126  0.9181624702646148  -0.22871087919527816  2.16388486388367  -0.9230247968859018  -0.25304762322944563  0.2898139484422186  15.080548730967644  0.20822154643176713  0.30486813309283334  0.9293541892228462  3.1279346241950385  0.0  0.0  0.0  1.0
2318808360867;3.4260014484993295;7.221325795726625;0.0843799080035707  0.36749471218886376  0.9261898658690523  6.211232334802021  -0.9694570162422779  0.24509869415771135  -0.008928817435996078  -3.9516296340570904  -0.23028921986043854  -0.8971478510454167  0.3769517324282535  -1.6857691421883456  0.0  0.0  0.0  1.0
2318808360898;3.99662055613861;2.0567552797136814;0.7660574661455845  -0.5959535866660112  -0.24082209429893073  8.95232436630751  0.398067541943546  0.7340299621474415  -0.5502201802195631  -5.223590052557542  0.5046763226203795  0.32563681795789323  0.7995389122341878  -7.6732597097433475  0.0  0.0  0.0  1.0
2318808360929;3.423510523147215;3.300111315995291;-0.9802462999661065  -0.18477983923750219  -0.0705237719788202  7.31998709742475  -0.16241626972160778  0.9555382219100058  -0.24610498125552505  -11.624125876433556  0.112863398550973  -0.22978928930745923  -0.9666740587121894  -2.3939142422834885  0.0  0.0  0.0  1.0
2318808360960;3.2303591939848126;0.04937771181484196;0.4471397133175279  -0.8884040350577266  -0.10394396215013568  6.006923824571103  0.7831646826453018  0.44498842676656064  -0.43432520062840696  3.032384100652279  0.43211012095460477  0.11279880556535772  0.8947386617508076  -6.806242328653899  0.0  0.0  0.0  1.0
2318808360991;1.4400202981915988;3.08868293290988;0.6939697031501841  0.34933923484241286  0.6295777554118033  0.8214526623625995  -0.6244917695613432  -0.14315865772173925  0.767799211037269  -2.3424245655938494  0.35835189529258704  -0.9259955171160543  0.11881170574141037  3.691163702251925  0.0  0.0  0.0  1.0
2318808361022;4.853359975936401;3.15095025091489;0.7839543069491746  -0.6201948757592183  -0.027820149134160393  4.397226462364582  -0.5771211310170072  -0.7445570904420096  0.3355084785906012  16.500140053883516  -0.22879432849065529  -0.24696772087569785  -0.9416263059706715  -2.9525062006983704  0.0  0.0  0.0  1.0
2318808361053;1.3356595994763014;2.5025273250063056;-0.3404522626012847  0.8114330399219581  -0.47504597526205394  4.443568997558171  -0.7770251978067512  -0.5272895702140301  -0.34379870726470385  16.894454058778443  -0.5294564182848718  0.2520756451276334  0.810020845577719  6.280760000865105  0.0  0.0  0.0  1.0
2318808361084;4.199949712177371;0.7940432393238053;0.4114102224130481  0.9054843200784392  0.10411424007373998  -2.1522989612528254  -0.9064801381320864  0.41840146577813375  -0.05686802798358789  -0.45464787421952657  -0.09505465830815002  -0.0709814026826418  0.9929381916348694  2.7150935215766085  0.0  0.0  0.0  1.0
2318808361115;2.9319105454862306;2.3727940325764165;0.3109424798760705  -0.590283214927461  0.7449030140786252  16.30526084904324  0.37707665940029156  -0.642813476231627  -0.6667863433743431  10.27095514667266  0.8724264823720311  0.4882177392822918  0.02270400638769165  -13.421521626522644  0.0  0.0  0.0  1.0
2318808361146;2.1018359827685917;4.725364696884352;-0.15162480065743333  -0.9843994424274627  0.08926173633811035  13.132851953720127  -0.6276733780473578  0.02612944744229495  -0.7780381626032106  9.23853114801136  0.7635679736056333  -0.1739970968863015  -0.6218431956361076  7.270036741139597  0.0  0.0  0.0  1.0
2318808361177;2.9797821204083887;1.8423407737281368;-0.1134972219544037  -0.5300722962109765  -0.8403224032466683  18.282792123413603  -0.3361180289844618  0.8164026521887109  -0.469586392574188  10.075649702885787  0.9349561760854003  0.2291507588659959  -0.27082628844132717  -15.72488557721297  0.0  0.0  0.0  1.0
2318808361208;2.047594508282059;2.136616250794703;0.6792818283537742  -0.4457140818652904  -0.5830224308680882  8.626454943469774  0.2071637580676614  0.87859023023771  -0.43030499029656977  -2.4270681226093114  0.704030805442231  0.1715172427420308  0.689146182192526  -10.380440526401859  0.0  0.0  0.0  1.0
2318808361239;2.8811770696532393;2.7610507637605637;-0.9932960896169988  0.10456943451211742  -0.0492758735832636  4.5080076205705755  -0.057920993107062446  -0.08131439684582542  0.995004084123824  1.583649955175808  0.10004017647460114  0.9911877734472992  0.08682603791210902  -7.589642530224996  0.0  0.0  0.0  1.0
2318808361270;2.4139519301703216;3.8494992485153245;0.3410289408497832  -0.7854178249648421  0.5165443850535709  -3.0519832918571215  0.7601624522040926  -0.0928591914717201  -0.6430631515009078  0.7676976162097859  0.5530391557222115  0.6119607918704557  0.565377468114311  2.022936586067341  0.0  0.0  0.0  1.0
2318808361301;3.633939948710988;0.7555103581222726;0.44812009288100796  0.88438240126815  0.13059919863267996  -12.963266449700408  -0.6863075487779181  0.43394709187831865  -0.5836710288688265  14.97406949639429  -0.5728615285099554  0.1719234997826969  0.8014187291146289  -0.1193019757871229  0.0  0.0  0.0  1.0
2318808361332;6.355512347551134;0.0997550904745484;0.3020040512160269  -0.5375027609486569  -0.7873273366406621  -5.324023125100132  0.9353394135623125  0.3266597035504585  0.13577046627759554  -2.9658855377620874  0.18421111390471653  -0.7774215201863771  0.6014000710551054  6.797047179530863  0.0  0.0  0.0  1.0
2318808361363;3.0049062450558113;1.5952595316822884;-0.07075360443492422  -0.4753720897591137  0.8769351764740195  1.893122135870728  0.9549083473484765  0.22185455869026277  0.19730839554501967  -3.5421634519514886  -0.2883469708938649  0.8513530002686325  0.43823976691981137  0.4208105797482801  0.0  0.0  0.0  1.0
2318808361394;4.888364505047668;1.5342899226850246;-0.9561871066711167  0.10748778623294941  0.27230973696630356  6.244556398549078  -0.2030292177855131  0.42665892734568234  -0.8813292781030454  -0.6714989419842858  -0.2109155133254079  -0.8980025253455424  -0.3861426041136978  8.510943162399569  0.0  0.0  0.0  1.0
2318808361425;1.9513800093892786;4.476151539637852;0.5238101580171075  -0.49813057883199086  0.6910056763808803  -0.21951031299250623  0.5533222532640694  0.8157261365318501  0.16859820349455984  -12.985217122499499  -0.6476553114125326  0.2940353662594455  0.7029123707744858  6.0353414681358295  0.0  0.0  0.0  1.0
2318808361456;2.9799420916800283;2.4257551410103417;0.6887162382489528  0.45246671409620254  0.5665190339319555  -1.819006499950282  0.09998728082430768  0.7146329994415439  -0.6923165603844406  2.1464639907396323  -0.7181033956510524  0.533454354883496  0.4469384346979574  5.646190328598719  0.0  0.0  0.0  1.0
2318808361487;3.3327799764990607;1.5541357274308485;-0.7511228509600555  0.39940043843894646  -0.5256365213152671  11.061001596814185  -0.4577473378432399  -0.8888281506101272  -0.021257783995702856  19.345972534291167  -0.47569090538191394  0.22464151098529964  0.8504436219286826  0.5333103092846103  0.0  0.0  0.0  1.0
2318808361518;4.4213036334582645;3.8581453283509357;0.4920215697693851  0.7767143503686148  -0.3932296947245091  2.40570662351127  0.5180129384001826  0.10182954657998476  0.8492899028561003  0.36959259647461495  0.6996980566870822  -0.6215670208229964  -0.3522457495748464  10.505571374047097  0.0  0.0  0.0  1.0
2318808361549;2.6879622013693756;5.282313130897383;0.9845901276448437  0.06955691222071002  0.16044973202417867  -10.349508663051125  0.08116251912953856  0.6309444051441505  -0.7715709968018765  -1.8863573741630753  -0.15490295682412708  0.7727036906729607  0.6155762181789741  -2.8230579428413267  0.0  0.0  0.0  1.0
2318808361580;1.329810775815828;0.9285470977149459;0.4938227585824274  -0.8502905767710685  0.18205773304192657  4.612696251943658  0.8678409955807498  0.46875414034816926  -0.16468625411934554  -2.4049950009553  0.054690853855600255  0.2393229846061018  0.9693984833616013  -1.0052390950254317  0.0  0.0  0.0  1.0
2318808361611;3.0580385862811856;2.8913871358135212;0.09812065101707862  0.5963358390484123  0.7967156989230298  -1.6141564848872978  -0.8719109027783022  0.43744031141458045  -0.22003943184311878  11.657971474206192  -0.47973296265767673  -0.6730746920037496  0.5628736479208696  11.432479394359978  0.0  0.0  0.0  1.0
2318808361642;5.3800009482235644;0.1122773511137361;0.038792905291243185  0.9776009689220292  0.20686095828303508  4.454483084413847  -0.8574859490467291  -0.0737201931473713  0.5091985666807657  7.71932748747413  0.5130428419601002  -0.19713365690572773  0.8354192741542894  4.32865523729807  0.0  0.0  0.0  1.0
2318808361673;3.504208192072817;1.7095255317083633;0.7708074825364016  0.11569620429748548  0.6264744313833158  6.184557338893156  -0.6342237470224711  0.23218095008808118  0.737463385619226  10.58751198107089  -0.06013371415995156  -0.9657672570176271  0.252344093836132  9.77446877556862  0.0  0.0  0.0  1.0
2318808361704;2.519718137010217;3.1506042919154056;-0.1610185032598504  -0.9852547790916161  0.057845154378635855  11.539181062647542  0.42043462285859445  -0.015448930671121838  0.90719130201015  2.2135912554840895  -0.8929209200761901  0.17039469128540818  0.416722785160641  7.921859283439343  0.0  0.0  0.0  1.0
2318808361735;5.251465982301738;2.5038508190582167;0.9047644368219757  0.19909836384410612  0.37651182634389174  -5.3173983101697155  -0.3612379932233057  -0.10958905845312912  0.9260115282864225  5.649302267540598  0.2256289567281021  -0.9738326754540314  -0.02723038934410743  12.020662675114746  0.0  0.0  0.0  1.0
2318808361766;5.291135375928377;0.03182637873983445;-0.9183812773043506  -0.210449459553466  -0.3350923073878074  23.249870113790795  0.21954770039025717  -0.9755401753606786  0.010962367928845362  10.444484115148681  -0.3292030327171671  -0.0635011120446851  0.9421215272027854  5.041992467001247  0.0  0.0  0.0  1.0
2318808361797;3.384830345230238;0.06376706038181576;-0.6266927893305704  0.7771606902653299  -0.05724866205759399  7.04257507120007  -0.7729027044115421  -0.6105258845305779  0.17285703292454957  17.048425237867722  0.09938590098395506  0.15257590184714914  0.9832817688033967  -7.024391243264431  0.0  0.0  0.0  1.0
2318808361828;1.4149627962549474;2.1526611538578897;0.475085795559439  -0.46793813267784273  0.7452029192398727  0.6128346299716402  0.4497014220213994  -0.5988158136746415  -0.6627127977677115  2.9890777696893323  0.7563478815264746  0.6499642492315639  -0.07405644354992555  -2.5265000390433987  0.0  0.0  0.0  1.0
2318808361859;2.242344127922003;4.854959918615853;-0.26535753589702904  0.3240874010999382  -0.908048861345547  -4.922897817778766  -0.4037042364950711  -0.8926248053950022  -0.20060868931695203  3.983363248883452  -0.8755616869065184  0.31335014479304346  0.36770017565890556  5.985711266590253  0.0  0.0  0.0  1.0
2318808361890;3.1043376176245805;3.8853869868976676;-0.1591483104078226  -0.7411956617913833  -0.6521509075635559  7.547443448944542  -0.8587493072851332  0.429817192969288  -0.2789387170424824  3.3618225103248087  0.48705383945888303  0.5156415145909377  -0.7049059411713916  8.584927816082265  0.0  0.0  0.0  1.0
2318808361921;2.582712583147148;1.083590418439698;0.9725882387442615  0.07885264903382644  0.21875643441207426  -1.4185630012774442  -0.20612317762184762  0.7278008894483532  0.6540788186184123  1.3110050952614751  -0.10763528001268073  -0.6812401375862507  0.7241039438078336  14.75082639735195  0.0  0.0  0.0  1.0
2318808361952;1.429597864979908;0.08418078030858069;0.7406222034742558  0.6137808456483532  -0.2734078002474183  -2.3428673274206764  -0.47656047145576486  0.7666837350972883  0.4302164192393545  3.1488461094685207  0.4736759111109612  -0.1883324822022612  0.8603266864283221  -3.2220386954148785  0.0  0.0  0.0  1.0
2318808361983;3.430782124719056;2.765373049267841;0.9773849003420754  0.19297724915642114  0.08647854006244438  0.2748228153042375  -0.028126448685289837  -0.28667966783188253  0.9576135290064335  15.700781411789103  0.20958926372232164  -0.938389337833621  -0.2747686138781369  1.9901648779515984  0.0  0.0  0.0  1.0
2318808362014;3.6985124006147214;4.445728074248921;-0.9019347366366262  0.33886313373876253  -0.2677414936855433  19.40082110079201  -0.35892073259802937  -0.9329380433190921  0.02832869639145058  23.08621379106625  -0.24018667440038083  0.1216486083795876  0.9630742326112747  -1.52218138619796  0.0  0.0  0.0  1.0
2318808362045;2.2111434334810025;0.03506782569004753;0.11159245678640822  0.9937342898779484  -0.006267751522242959  -3.6730900273488167  -0.9937083858162077  0.11152464170613974  -0.010290687579806307  17.73905185240637  -0.009527200371653388  0.007376680356917187  0.9999274058850425  3.4910864949340046  0.0  0.0  0.0  1.0
2318808362076;1.35138127439203;4.676556708928311;-0.0001774175253910805  0.7212061760619204  0.6927204487620994  -0.6804749899381742  -0.9875994270775338  0.10862708410714436  -0.11334693747299185  1.7226960713013644  -0.15699471379364544  -0.6841504280554982  0.712243533935079  7.690321340529391  0.0  0.0  0.0  1.0
2318808362107;2.3703459450599085;1.3144417635570147;-0.7860257907041883  0.5521621148292749  0.27799362455840154  9.270527954321231  -0.6162628254210704  -0.6643604484170513  -0.42290108132178283  6.9461862534185315  -0.04882198635752205  -0.5037282933550162  0.862481431754764  5.67653481605441  0.0  0.0  0.0  1.0
2318808362138;3.4849647346435484;0.4627728522995842;0.8576750978814804  0.43794148585730447  -0.26944513623201627  1.1575112191657326  -0.46716133207353117  0.44473553636796676  -0.7641796860076696  3.9685976740668116  -0.2148341599682813  0.7812922357585497  0.5860279225891286  -8.169226166030912  0.0  0.0  0.0  1.0
2318808362169;3.48714335094723;3.966047168247844;0.9395138954916019  0.20088190451844792  0.27741683549351454  2.260410950301255  0.08715838989075664  0.6430695159993237  -0.7608317899930609  4.056902682716502  -0.3312356491228645  0.7389912435404328  0.5866642026924068  0.6083993095914667  0.0  0.0  0.0  1.0
2318808362200;1.6972551672156184;1.7185593238767078;-0.8832135113104154  0.4098514554781655  -0.2279378816282116  12.227466524872828  -0.1905006697562612  0.13058934470662337  0.9729624442246012  2.2298100318624403  0.42853633248669026  0.9027558958497719  -0.037261296908894015  -3.914168649047619  0.0  0.0  0.0  1.0
2318808362231;2.3843011935207;3.3665842437349505;-0.09498940753516422  0.5257731991492718  -0.8453044158836849  3.557308203117728  -0.96291318872875  0.16688623833405514  0.21200748672379255  10.567921356365495  0.25253752875235913  0.8340932361019652  0.4904215228358172  4.117137164123678  0.0  0.0  0.0  1.0
2318808362262;5.232306399155367;3.72926261856063;0.9066265538746475  0.20755667434260655  -0.36735339762307617  0.3920954906204775  -0.2190805981375174  -0.5125120608189142  -0.8302620544351389  28.49101603421991  -0.36059947771605017  0.8332176273045279  -0.41918540315703395  -6.253668828478951  0.0  0.0  0.0  1.0
2318808362293;3.4552109610591604;3.769747625247991;-0.10848238068758485  0.8246315747694571  -0.5551705494472842  -7.15473898073467  -0.1611033288991761  -0.5656676210013895  -0.8087433832608663  8.86664491001305  -0.9809573336786661  0.0017054160412714977  0.1942158620148426  8.786895271191637  0.0  0.0  0.0  1.0
2318808362324;3.901348001708932;0.4575860431560795;0.6308216049735016  0.761372403990867  -0.14958664759871787  -3.7944574745199513  -0.6928980241850987  0.4659853719228924  -0.5502271905624713  18.269787130576525  -0.34922260920370224  0.450743492016304  0.8215070746049037  -5.493825446133842  0.0  0.0  0.0  1.0
2318808362355;2.04977221751585;3.056619493656373;-0.07595782888081111  0.933565472923391  0.35026549358599124  1.3249455440689062  -0.9856912897403514  -0.12331505405073417  0.11491770435605808  6.108146363288688  0.15047620928809755  -0.3365247468014634  0.9295740988369319  2.8692593332807306  0.0  0.0  0.0  1.0
2318808362386;3.0729207631497046;1.8429736894698023;0.9593554067411609  0.10919196712154974  0.26021974919791924  -0.8636256688754931  -0.2783655057135722  0.2146534990107114  0.9361818843532945  -2.74495387977166  0.04636646185907231  -0.9705673545295992  0.23632427199948441  1.4935849163683823  0.0  0.0  0.0  1.0
2318808362417;1.4050409535936035;2.201873449675838;-0.1312644333538584  -0.8763319907537473  -0.4634780367157265  15.778480444098754  0.12931717197323062  0.4483922326432297  -0.8844328548499687  3.167574464722499  0.9828767560427587  -0.1760302465111994  0.05446682241576095  -3.036150374206551  0.0  0.0  0.0  1.0
2318808362448;2.5537408364538483;0.03040641395835676;-0.03449888898785408  0.9846240229584758  -0.17124648922436408  2.059381621872551  -0.9515622702258109  0.020019020225308826  0.30680365824402933  21.116484119748534  0.30551443916990906  0.17353608340136448  0.9362404366488404  -4.296747276313884  0.0  0.0  0.0  1.0
2318808362479;3.2775968567417544;0.02195934624171235;0.2764267054991541  0.9610342920227466  0.001168778517219915  2.4071151947382807  -0.9565925609727214  0.2752655041106799  -0.09570566617679029  12.371840657051758  -0.09229815154451348  0.025337557163855183  0.9954089910275248  5.906259239230499  0.0  0.0  0.0  1.0
2318808362510;1.7896114733317854;0.06710075541766089;-0.9382578516298988  0.34395417620167024  0.0369828139583433  11.00633158053057  -0.345437694019505  -0.9372752016277578  -0.046776019113783145  25.074686241131484  0.01857426728929326  -0.056663225173619665  0.9982205545407234  1.655124759553686  0.0  0.0  0.0  1.0
2318808362541;4.507281674743628;1.1883531940439387;0.053146623495864576  0.8263245495612925  -0.5606809923684917  -0.6760578775672734  -0.748324122131397  0.4047295538080745  0.5255520873430072  10.891865480612836  0.6612007597146752  0.3916397924964274  0.6398686023599627  -11.948376581069027  0.0  0.0  0.0  1.0
2318808362572;1.6524012560965744;0.29119663926689676;-0.2845304931724436  0.8851783107792602  0.3681056323679691  2.359740087183691  -0.8954860075087538  -0.38249376643614513  0.2276034467962292  8.214853586455327  0.3422677443334067  -0.2648733221059978  0.901495931452524  -0.21707801015445413  0.0  0.0  0.0  1.0
2318808362603;2.7922284303351215;2.6576326534781423;0.4521019822374551  0.7281347462730181  0.5151927687059407  8.020079547909235  0.5096174910375582  -0.6848977449004019  0.520773551420316  -3.2404358145640004  0.7320476832048237  0.027108491294650733  -0.6807138306323588  -3.3753988342035757  0.0  0.0  0.0  1.0
2318808362634;4.154034979657225;3.1563189460211434;-0.1654556642078518  0.9073199641162442  -0.3865163720951996  6.632652863278023  -0.8695676302111424  -0.31911104181346683  -0.37685578074603115  20.299077513026123  -0.4652704156407491  0.27374920220672777  0.841774800419129  -0.8696073418638607  0.0  0.0  0.0  1.0
2318808362665;2.2058351322628655;0.8103269180261825;-0.8441159033415797  0.17513410994635248  0.5067508117991796  12.064236639481157  0.5099967136156937  -0.029374548901515585  0.8596746407670898  7.406568135872957  0.16544392955627138  0.9841062846106271  -0.06452229663339518  -6.533928030026049  0.0  0.0  0.0  1.0
2318808362696;1.9478287065829136;0.23212244533934004;0.47943343469203037  0.8674723333677627  0.1327980893721451  -0.5717371732978761  -0.6226564821946248  0.4428846554016934  -0.6450985096795205  2.1267763486262248  -0.6184193454933449  0.226594203039735  0.752470983007564  0.2240697518685524  0.0  0.0  0.0  1.0
2318808362727;4.3430344902627;0.36525664807897507;-0.09690404848889281  0.9866883863339329  0.1305972191901621  0.5791467823782748  -0.9803133754702236  -0.11730028425958339  0.1588279861573498  -4.51914269471024  0.17203282030078101  -0.11263512589934704  0.9786306949779359  -3.0034855901784687  0.0  0.0  0.0  1.0
2318808362758;1.6605101549061114;0.11750398924325749;-0.01267068772969341  -0.9822920468388463  0.1869272275234567  3.1450533991058194  0.997473433030801  -0.025485433620760764  -0.0663117114159256  -4.469096470927677  0.06990138818509828  0.18561472837657872  0.9801331381702616  2.4256430975895187  0.0  0.0  0.0  1.0
2318808362789;3.2529369529640206;3.687987378850736;0.7509307086162486  0.42628153915234135  0.5043680404575713  1.097419439524948  0.018519370441372293  -0.7770462893953048  0.6291709601177122  -3.0304821971329776  0.6601212795960713  -0.46312321634193615  -0.5914023864591232  -0.6026951723977746  0.0  0.0  0.0  1.0
2318808362820;2.400344764826293;0.4709099941201226;-0.7328221849021366  0.4866290131485864  -0.4755668710889057  11.024042025830283  -0.6168231728022701  -0.7701632312922274  0.1624123476206673  17.84760131272595  -0.28722955768757524  0.4123600377431692  0.8645567537548078  -3.485138161111681  0.0  0.0  0.0  1.0
2318808362851;2.213741788563696;4.838566303748825;0.4726423090625247  -0.831822735280379  0.2909985992315334  4.616303989919917  -0.8741735951966697  -0.48432142527045297  0.035401729970826135  3.454629383705962  0.11148889247353116  -0.2711156470856435  -0.956068267834655  12.65704038927211  0.0  0.0  0.0  1.0
2318808362882;2.8118491113323465;4.149555314930018;-0.006144592333891585  -0.9786971425982688  -0.20521731665489473  16.62452233588478  -0.9462778797939456  -0.06065763764610982  0.3176142711023381  17.518142533726905  -0.3232961772086497  0.1961442175165463  -0.9257467406030098  14.870867957342671  0.0  0.0  0.0  1.0
2318808362913;3.693761787700806;0.0946205050042383;0.01082226354959509  -0.9473558847608992  0.31999954096929095  8.826701327081977  0.9944082005387676  -0.023423043627138318  -0.10297422846757108  -5.979156707000252  0.1050486045262545  0.3193245819477962  0.9418049702836312  7.219731063576636  0.0  0.0  0.0  1.0
2318808362944;2.216755272952035;3.162748865766909;0.7537064897463954  0.3773451504929892  -0.5380865773401062  -3.3327217683271133  -0.5895877751143215  0.7499552513936139  -0.2999222838384722  5.364171016673491  0.2903666350493995  0.5433026397014498  0.7877242277240966  0.9606036260295807  0.0  0.0  0.0  1.0
2318808362975;4.0877051608656085;0.13402003814267704;-0.7625318971187394  0.6163515891244542  -0.19661084522542557  5.632077280347148  -0.5528949214105536  -0.7786551419597028  -0.29665362930214234  25.829430584939367  -0.3359349814397331  -0.1175027169195477  0.9345270460300283  0.037225134595444666  0.0  0.0  0.0  1.0
2318808363006;1.8159881834797982;2.3011506494952014;0.3648953857337406  0.43872187016575925  0.8212030675225731  0.7351068426483905  -0.7917925004761951  0.6102446845640044  0.025808160551139298  9.548391595346382  -0.48981220244077117  -0.6596397089318065  0.5700521561580862  9.125506228581834  0.0  0.0  0.0  1.0
2318808363037;2.514235334584633;2.705349462829753;0.6009919062863038  -0.7514635026076766  -0.2722339670705297  8.983453514896919  -0.501431111104191  -0.08926145662372409  -0.8605807534323712  11.03752271851567  0.6223950268078723  0.6537086481071017  -0.4304525920409985  1.8579819231931083  0.0  0.0  0.0  1.0
2318808363068;1.8909816795339536;2.024339120301962;0.3413184362321863  0.5291780256124525  -0.7768348230460081  4.961510716312949  0.27572624345104224  -0.8464756626248637  -0.45547117500032297  -1.1987444836321424  -0.8985971086979926  -0.05873303834048425  -0.43482601859468356  4.824720306362315  0.0  0.0  0.0  1.0
2318808363099;3.0749693121327226;2.4879653641827595;-0.3558522177836406  0.9044002038935055  0.2354346412400903  3.6563103809676476  0.1931290995886506  -0.17531968639634055  0.9653829076868755  -4.263791450975172  0.9143688260163629  0.38900292898546984  -0.11227809782047464  -14.723219394826518  0.0  0.0  0.0  1.0
