# registration_from_features.py RANSAC RANSAC_config.json l2 True --use_random_keypoints=True --n_keypoints=5000 --input_txt=/neural_comparison/point_clouds_registration_benchmark//tum/long_office_household_global.txt --input_pcd_dir=/neural_comparison/point_clouds_registration_benchmark//tum/long_office_household/ --input_features_dir=/neural_comparison/experiments/FCGF/kitti_notnormalized_20cm_32/tum/long_office_household/ --output_dir=/root/neural_registration_comparison/results/FCGF/kitti_notnormalized_20cm_32/RANSAC
id;initial_error;final_error;transformation
26456013410030;24.056836472779853;1.4918519628712619;0.9192367289412098  0.01565176575568278  -0.3933940243498799  -2.796939262632434  -0.28661736651547104  -0.658431096299377  -0.6959302958182926  13.700542060096252  -0.2699153967027463  0.7524782479611816  -0.6007679793132032  -2.2133586430021692  0.0  0.0  0.0  1.0
26456013410061;16.110941053263648;14.467642693544336;1.0  0.0  0.0  4.940533527292492  0.0  1.0  0.0  1.1979911188982313  0.0  0.0  1.0  4.652964624045795  0.0  0.0  0.0  1.0
26456013410092;32.82719740492137;45.20465908797654;-0.8000903706596894  -0.23421157888624258  -0.552268354238458  16.44893231823628  0.2766448295152888  -0.9609485723547986  0.006743855850404262  9.468356816704429  -0.5322809756886848  -0.14738649057796185  0.8336391217517414  -13.346106652916426  0.0  0.0  0.0  1.0
26456013410123;8.030007789245241;9.319253619378278;0.11721955855581506  0.9815268051192285  0.1512107996289301  1.5417651333696971  -0.6882777334489795  0.19005461224758222  -0.7001092814709409  -3.4468308895312783  -0.7159143361676145  -0.022008525526754863  0.6978411624960391  5.129033687486878  0.0  0.0  0.0  1.0
26456013410154;21.220771897058373;20.71355529940787;1.0  0.0  0.0  10.23153151058283  0.0  1.0  0.0  0.07813873712607844  0.0  0.0  1.0  1.5865458033693705  0.0  0.0  0.0  1.0
26456013410185;19.26200113698659;2.939735135887441;-0.9519988022762909  -0.293942683195821  -0.08541650578283336  6.0982381928909115  0.2987748872713605  -0.9529892660404535  -0.050448246229805524  -3.5180254594280633  -0.06657212029441004  -0.07354697687409387  0.9950673318887463  5.83571934632929  0.0  0.0  0.0  1.0
26456013410216;50.426729253589905;18.213826471951478;1.0  0.0  0.0  13.577465632055265  0.0  1.0  0.0  -6.303331833062548  0.0  0.0  1.0  -10.000668616104386  0.0  0.0  0.0  1.0
26456013410247;16.43598563955728;6.71610411458547;1.0  0.0  0.0  7.349841709861983  0.0  1.0  0.0  3.5192139408206424  0.0  0.0  1.0  14.364435075535226  0.0  0.0  0.0  1.0
26456013410278;4.451095854873883;0.23630035538600486;0.681595139861767  -0.7207999235571037  0.1259981567995828  -2.3918971194410714  0.7316965743124075  0.6730177432038871  -0.10801500114444595  -3.1987586341866407  -0.006941790569167501  0.16581491951214988  0.9861324576398822  -2.125662593165787  0.0  0.0  0.0  1.0
26456013410309;14.843187227628507;32.944644919241526;-0.9171788885926816  -0.171171216426018  0.35983788153435303  2.5717186473563483  -0.3594848033817408  0.7450264543527989  -0.5618774407751999  2.580929145223012  -0.1719114960015327  -0.644698376748177  -0.7448559864569664  7.55511127267042  0.0  0.0  0.0  1.0
26456013410340;36.61625219677321;19.20380802112566;1.0  0.0  0.0  0.6003622707380982  0.0  1.0  0.0  9.143853978030325  0.0  0.0  1.0  -3.1451159160039968  0.0  0.0  0.0  1.0
26456013410371;16.775870467996327;30.851027331220436;-0.5994846545820556  -0.7065435812572478  -0.3760509496129695  -0.5092987809687859  -0.7683574836876277  0.3764392410076369  0.5176101574455537  7.449090935027559  -0.22415380028420223  0.5992409078273755  -0.7685475965770586  2.2427681489720843  0.0  0.0  0.0  1.0
26456013410402;13.98992247418953;8.320873445634426;-0.8711618359613601  -0.1482988367416087  -0.46806464359692646  -3.400060877082713  -0.49099578613260564  0.26226858784693446  0.8307456444837971  -14.101058532316845  -0.00043995960786048105  0.9535316685091592  -0.30129248843222595  3.1399577698125705  0.0  0.0  0.0  1.0
26456013410433;17.58225518951724;13.665616074897699;1.0  0.0  0.0  -1.8690526059860297  0.0  1.0  0.0  3.322967883067382  0.0  0.0  1.0  -1.5977723314684766  0.0  0.0  0.0  1.0
26456013410464;29.267796526965547;19.454627854737975;1.0  0.0  0.0  -5.433779338137946  0.0  1.0  0.0  -8.104464805464186  0.0  0.0  1.0  -9.001539851494229  0.0  0.0  0.0  1.0
26456013410495;22.000074074649238;8.212008812576638;0.2235209905396865  0.36675983936245593  0.9030645530741325  -1.2979040033685738  0.9746336795200006  -0.07336513623769209  -0.211439701877696  -2.6299135676931904  -0.011294137127795083  0.9274183398098458  -0.3738551396609229  -12.478820097738865  0.0  0.0  0.0  1.0
26456013410526;28.53243280520365;13.029416851909033;0.6388909717348725  -0.062449937242133075  -0.7667583267067422  -2.5354927957089837  0.22237267736705632  0.9691433864877989  0.10635548311002835  -3.7233411618544787  0.7364568681167123  -0.23845565995676027  0.6330641196895531  -3.8394973622145088  0.0  0.0  0.0  1.0
26456013410557;13.431394888809669;4.959660809838474;-0.740410977710539  0.58270240797314  0.33503654700349983  -7.492280166392025  -0.5861629993316296  -0.8036939866245059  0.10241539961429885  4.956828165166336  0.3289445580949347  -0.12055654111624538  0.9366224415920299  -3.5830005671391385  0.0  0.0  0.0  1.0
26456013410588;23.13991134769726;21.531459389482734;0.9964677171386573  0.06077939724323064  0.05794785217091675  13.053248086809926  -0.05774371492413071  0.9969396913512192  -0.05269644385816241  6.500757796463538  -0.06097337195230068  0.049164180856445416  0.9969278465533408  -1.6536790181606893  0.0  0.0  0.0  1.0
26456013410619;11.220211835576826;2.598035345237385;-0.9697229149714421  0.014637658508759532  0.2437687574991307  -0.4000498215193167  -0.1521636913746121  0.7445262235328454  -0.6500207023619871  5.844003722978923  -0.19100701350092059  -0.6674327242691207  -0.7197568196051767  0.6636985115265164  0.0  0.0  0.0  1.0
26456013410650;8.379680664534527;37.028539064176165;0.5883411436737246  -0.8015486665502538  0.10665099067614559  -4.196726777811058  0.7990826543513507  0.5561378245397719  -0.2284242360848977  9.400444981716959  0.12378049190196708  0.21961433301968117  0.9677023997887096  -5.277060455429007  0.0  0.0  0.0  1.0
26456013410681;3.751139155323144;3.751139155323144;1.0  1.734723475976807e-18  3.469446951953614e-18  0.0  5.204170427930421e-18  1.0  5.692061405548898e-18  0.0  6.938893903907228e-18  3.355605723842636e-17  1.0000000000000002  -4.440892098500626e-16  0.0  0.0  0.0  1.0
26456013410712;8.36841917267873;9.797186115173375;0.4940872296238356  0.5954842149578954  0.6334637789634245  -2.7780005321579844  0.28116213600950757  -0.7989000111286221  0.531701632020496  -0.1535234593635968  0.8226941489990155  -0.08460095717346791  -0.5621539070824988  0.8200038451189986  0.0  0.0  0.0  1.0
26456013410743;2.3847560530595797;1.3531575567936722;0.29011540448580586  0.43753681561829577  -0.8511137333274789  -0.9563605823982249  -0.6518255558807116  0.7415118499202277  0.15900824232939315  0.08190899301332366  0.7006828788980352  0.5086469418039226  0.5003216883292971  -0.7098399417317404  0.0  0.0  0.0  1.0
26456013410774;15.963195035722586;1.8209116904677543;-0.799000007288971  -0.4873581680641653  0.3522513369362354  -7.604891641914591  0.4903363364456903  -0.8671292497340137  -0.08750509366171379  -6.4844622495090025  0.3480937596585772  0.10280505958787874  0.9318056955234226  -3.555295777635996  0.0  0.0  0.0  1.0
26456013410805;5.1512682190192525;0.7557920129174424;-0.056229678005631945  -0.46965760825441644  0.8810561584372043  1.8912547408883027  0.8782518508125955  0.3964568008546532  0.2673867827704733  1.5688324666048605  -0.47488094282212817  0.7888242745154557  0.3901850254424581  1.500242954999628  0.0  0.0  0.0  1.0
26456013410836;18.642995246390836;12.892159393503515;-0.9514915962072065  -0.25974110735999656  0.16491906952946517  -5.6740396824793615  -0.2965455949327771  0.9170621614898901  -0.26656650594074216  -3.9268028161754263  -0.08200275893545934  -0.30254181382231  -0.9496020210678154  -1.119153591095032  0.0  0.0  0.0  1.0
26456013410867;29.507135292695715;29.507135292695715;1.0  0.0  0.0  0.0  0.0  1.0  0.0  0.0  0.0  0.0  1.0  0.0  0.0  0.0  0.0  1.0
26456013410898;5.642843118076654;0.49924952902603;-0.9837161693160364  0.15925250577015593  0.08331349009680154  0.10042587538857317  -0.16097141838852894  -0.986855538711981  -0.014295040240287608  1.318613831405871  0.07994185817310334  -0.02747335289717511  0.9964208519458123  2.646287863054734  0.0  0.0  0.0  1.0
26456013410929;7.924184270643275;1.8787391834305442;1.0  0.0  0.0  -5.00338590632718  0.0  1.0  0.0  -1.7773011229498001  0.0  0.0  1.0  -2.8809957674236775  0.0  0.0  0.0  1.0
26456013410960;5.477806233433959;5.477806233433959;1.0  0.0  2.7755575615628914e-17  0.0  0.0  1.0  5.551115123125783e-17  0.0  0.0  0.0  1.0  0.0  0.0  0.0  0.0  1.0
26456013410991;10.096749814870382;13.43458115023009;1.0  0.0  0.0  0.248034614249368  0.0  1.0  0.0  -1.76894235744781  0.0  0.0  1.0  19.93893588234652  0.0  0.0  0.0  1.0
26456013411022;35.36518793250331;12.051083821362653;0.1570401077922203  0.31245564733406445  0.9368617149791416  -9.493611313881702  -0.9105738036394996  -0.3214594131715744  0.25984455701222847  -1.9924277899099834  0.38235291638759866  -0.8938877525352037  0.2340319063663332  -5.094196814504561  0.0  0.0  0.0  1.0
26456013411053;24.5254343392253;5.969196477312737;-0.21329945843538242  0.47985214729074993  0.8510260029938157  0.09970127837677947  -0.30462036243389456  0.7949837140789807  -0.5246020674185655  -15.90848490398298  -0.928283241161778  -0.3711371863471065  -0.023396860655604645  -3.503429773039511  0.0  0.0  0.0  1.0
26456013411084;24.922393186294816;8.375448670849794;0.9299003192897691  0.33660033654448884  0.14827545185539695  -3.237613397187584  -0.36132905518261965  0.9113460452715899  0.19720471507717188  6.021184697446492  -0.06875107319613798  -0.23695695644139664  0.9690844600592919  -4.357370073208834  0.0  0.0  0.0  1.0
26456013411115;40.938989354120714;40.938989354120714;1.0  -2.7755575615628914e-17  3.469446951953614e-17  -6.661338147750939e-16  0.0  1.0000000000000002  0.0  1.7763568394002505e-15  -3.469446951953614e-17  0.0  0.9999999999999999  1.7763568394002505e-15  0.0  0.0  0.0  1.0
26456013411146;41.67514629420138;30.189107629422377;1.0  0.0  0.0  -0.5081018094467022  0.0  1.0  0.0  1.425785203560834  0.0  0.0  1.0  22.600588970133067  0.0  0.0  0.0  1.0
26456013411177;4.1746707975987976;4.1746707975987976;1.0  -3.63207727782644e-18  6.938893903907228e-18  0.0  2.325613659981407e-17  1.0  0.0  0.0  -7.37257477290143e-18  0.0  1.0  0.0  0.0  0.0  0.0  1.0
26456013411208;35.325158197734496;2.437718571831473;1.0  0.0  0.0  3.356068061550317  0.0  1.0  0.0  12.798452055656712  0.0  0.0  1.0  -0.37889876455689175  0.0  0.0  0.0  1.0
26456013411239;38.287446358366964;1.8157612197123738;-0.18797183742076123  0.6714579704365774  0.7168059585925985  -8.577796183851502  -0.5163088130582607  0.5532884663048123  -0.6536796483082805  -4.555412377845611  -0.835518879436624  -0.4929665982510981  0.2426770180995877  11.015466778377062  0.0  0.0  0.0  1.0
26456013411270;39.86833487442807;29.713267191063164;1.0  0.0  0.0  -5.557648009913008  0.0  1.0  0.0  -15.82640649645429  0.0  0.0  1.0  2.5667232524962325  0.0  0.0  0.0  1.0
26456013411301;37.42145376735778;29.439729457108854;-0.5873368794583622  -0.7981596971859801  0.13407642528087482  -6.923777602152253  0.2803576952544844  -0.3560475768245599  -0.8914200388980228  -7.0167343763051155  0.759233134642915  -0.4859745063533103  0.4328900858589269  21.008544578900757  0.0  0.0  0.0  1.0
26456013411332;43.158266358040244;43.158266358040244;0.9999999999999998  0.0  -2.0816681711721685e-17  1.7763568394002505e-15  1.734723475976807e-18  1.0  0.0  0.0  0.0  0.0  1.0  0.0  0.0  0.0  0.0  1.0
26456013411363;34.12568423335386;2.644623403689528;0.09223972400051178  -0.9638750317395005  -0.2498734809968559  -9.626054320378687  0.9466696095193634  0.00708525287727052  0.32212800189384505  -5.703509356320277  -0.30872072124942523  -0.26626062867206235  0.9131247416921704  6.325769504941498  0.0  0.0  0.0  1.0
26456013411394;6.137811103386027;0.22603393392078913;-0.4215569046965269  -0.869343093545903  0.2579386783844644  -1.7261356677154036  0.8595780425972068  -0.2924990297714648  0.4190106278693984  2.2582447181272385  -0.28881718229260406  0.39835524759539975  0.8705732203127828  3.37077773683989  0.0  0.0  0.0  1.0
26456013411425;9.98424384019515;3.0573608061612187;0.6755473536372335  -0.665694839913671  0.3169955095991772  4.596026047470261  0.7334365817381047  0.5626675197203479  -0.38141321794095673  6.889458457429436  0.07554173390950662  0.490158793009024  0.8683535017916849  1.4684639170005718  0.0  0.0  0.0  1.0
26456013411456;3.553039626498096;0.7138585538271892;1.0  0.0  0.0  0.598178141349405  0.0  1.0  0.0  -0.0586635384290364  0.0  0.0  1.0  -2.9199271105292617  0.0  0.0  0.0  1.0
26456013411487;8.907789434141892;2.2774677679714106;0.2166666622118548  0.22981670099786428  0.9488096971618877  -1.5934021271585088  0.34685436350491017  -0.926606503230457  0.14523236102408107  -1.6517429773364731  0.9125500578070107  0.29763177268813834  -0.2804776637861537  0.19301575139190597  0.0  0.0  0.0  1.0
26456013411518;13.190832874792818;9.840589003236124;1.0  0.0  0.0  4.597187637453665  0.0  1.0  0.0  5.17749832733468  0.0  0.0  1.0  12.213349944569444  0.0  0.0  0.0  1.0
26456013411549;11.678534346863168;20.42788713977581;0.8655816178292814  -0.30829365840546363  -0.39461814842074716  0.35678266941416814  0.09435554162085838  0.8743188538381548  -0.4760919801766984  4.329221966416593  0.4917982255371389  0.374862057309233  0.7858835431209967  12.124003360850665  0.0  0.0  0.0  1.0
26456013411580;28.01403905500884;38.41409590857902;0.446656105071895  0.8818203485846354  0.15129836953541959  8.410930359196298  -0.8917433087963826  0.4250162018596553  0.1554191087790424  12.17690925809712  0.07274747431274586  -0.2043382024460051  0.976193476725926  12.869624623078867  0.0  0.0  0.0  1.0
26456013411611;4.839169248689441;0.9344440900581782;-0.6570805323494033  0.5351490379413297  -0.5309055294474654  -2.9138934855231136  -0.596588479422576  -0.7996863647001989  -0.06770453701812551  0.8372596646478817  -0.4607899306925912  0.2722447893037613  0.8447220930396386  -1.332381597128948  0.0  0.0  0.0  1.0
26456013411642;15.458613024673555;1.4969405368422521;1.0  0.0  0.0  3.046635076448867  0.0  1.0  0.0  0.5359417884681632  0.0  0.0  1.0  4.727790767096902  0.0  0.0  0.0  1.0
26456013411673;20.589511477104207;13.365288598679811;0.31343854050512643  -0.6029538460097532  -0.7336231600134109  5.617286009695048  0.4835946939255259  0.7662217756977183  -0.4231316136306909  7.986362903799694  0.817246874165385  -0.22215051210537962  0.5317487156902447  4.93766402638016  0.0  0.0  0.0  1.0
26456013411704;7.41267435151194;23.075695124494715;1.0  0.0  0.0  -7.602761491442919  0.0  1.0  0.0  -12.911507887575045  0.0  0.0  1.0  -14.837296479321507  0.0  0.0  0.0  1.0
26456013411735;21.757255182572877;5.80182845563953;-0.978211746765338  -0.20718773954905806  -0.013229477346367353  -11.181441058358875  -0.20268354030964444  0.9668589542247005  -0.15525187639145538  -2.978438154837743  0.04495732396234352  -0.14918781188847394  -0.9877863310484076  7.557535431743972  0.0  0.0  0.0  1.0
26456013411766;12.304723833976745;27.841650976510593;0.5551471244198548  -0.602897622152962  0.57299749340697  -3.8778728829373486  0.8065692754043647  0.2219810124924264  -0.547878119718716  -15.999201390140161  0.20311985186594816  0.7663151357601792  0.6095108190039074  -7.7192591013607945  0.0  0.0  0.0  1.0
26456013411797;8.573971267035956;8.573971267035956;1.0  0.0  0.0  0.0  -5.551115123125783e-17  0.9999999999999999  -2.7755575615628914e-17  -4.440892098500626e-16  0.0  -2.7755575615628914e-17  1.0  0.0  0.0  0.0  0.0  1.0
26456013411828;17.226941609016762;38.369276253947795;-0.2289560093422882  0.9660856101131524  -0.11940577757525586  1.7986392891861844  0.8146094815433078  0.25730475682203136  0.5198130959263132  4.142863390572788  0.5329076264849258  0.021745253483294008  -0.8458939682874861  -18.1287748427615  0.0  0.0  0.0  1.0
26456013411859;33.57411777214782;22.76556424818932;0.9208442182208755  0.2444582415210729  0.303786263549901  6.959301614931139  -0.33849800133681074  0.8878837986362804  0.3115789839032692  -4.286398700542321  -0.19355885115429242  -0.38974674889167976  0.9003512885914012  -9.874147311978273  0.0  0.0  0.0  1.0
26456013411890;15.597182184778172;15.597182184778172;1.0  0.0  -6.938893903907228e-18  0.0  0.0  1.0  0.0  0.0  0.0  -5.551115123125783e-17  1.0  0.0  0.0  0.0  0.0  1.0
26456013411921;20.61504111605992;16.612414210517557;0.7274988778623132  0.5458660954005613  -0.4156628304301711  3.974636660609925  -0.6658085942463056  0.7079494415279419  -0.23559818349901174  -1.7985678963755576  0.1656632081568928  0.4481492989310831  0.8784747619201962  -8.942869410229955  0.0  0.0  0.0  1.0
26456013411952;12.058834581084366;12.058834581084366;1.0  -5.551115123125783e-17  0.0  0.0  0.0  1.0  0.0  0.0  0.0  5.551115123125783e-17  1.0000000000000002  -8.881784197001252e-16  0.0  0.0  0.0  1.0
26456013411983;10.451393430494422;10.451393430494422;1.0  0.0  0.0  0.0  0.0  1.0  0.0  0.0  -2.7755575615628914e-17  -1.3877787807814457e-17  1.0  0.0  0.0  0.0  0.0  1.0
26456013412014;47.38630036713764;47.38630036713764;1.0  0.0  0.0  0.0  5.551115123125783e-17  1.0  2.7755575615628914e-16  -1.7763568394002505e-15  1.1102230246251565e-16  1.6653345369377348e-16  1.0000000000000002  -3.552713678800501e-15  0.0  0.0  0.0  1.0
26456013412045;9.223414713956423;6.875285001156653;0.4381740560318024  0.8718759689937783  -0.21871394859907506  -3.058471167837676  -0.8735934379218033  0.4703624998192727  0.1248744328664931  -0.38002825774087357  0.2117498567664271  0.13635033353433662  0.9677657695457474  2.653697045716407  0.0  0.0  0.0  1.0
26456013412076;30.520242091779032;30.520242091779032;1.0  0.0  0.0  0.0  0.0  1.0  0.0  0.0  0.0  0.0  1.0  0.0  0.0  0.0  0.0  1.0
26456013412107;33.69151947690923;25.413537473059577;1.0  0.0  0.0  -5.399965627502695  0.0  1.0  0.0  6.186301527538748  0.0  0.0  1.0  20.215553472579984  0.0  0.0  0.0  1.0
26456013412138;28.73843283987377;23.908984255514152;1.0  0.0  0.0  -11.081900862864604  0.0  1.0  0.0  0.6094824826221434  0.0  0.0  1.0  8.416030712239353  0.0  0.0  0.0  1.0
26456013412169;6.10829587109351;6.10829587109351;1.0  -6.938893903907228e-18  0.0  0.0  -6.938893903907228e-18  1.0  -3.469446951953614e-18  -1.3877787807814457e-17  0.0  -5.204170427930421e-18  1.0  0.0  0.0  0.0  0.0  1.0
26456013412200;27.398770435044117;27.398770435044117;1.0  0.0  0.0  0.0  0.0  0.9999999999999999  0.0  4.440892098500626e-16  0.0  0.0  0.9999999999999999  1.7763568394002505e-15  0.0  0.0  0.0  1.0
26456013412231;11.304933685245452;11.304933685245452;1.0  0.0  0.0  0.0  -1.6653345369377348e-16  1.0  -1.1102230246251565e-16  4.440892098500626e-16  0.0  -5.551115123125783e-17  1.0000000000000002  -8.881784197001252e-16  0.0  0.0  0.0  1.0
26456013412262;22.777914718070324;1.5428587453978093;0.12015157560116718  0.9882797944536991  -0.09416287354956696  -4.926825423048172  -0.9899424954797288  0.12640626940947247  0.06352409540754778  -0.7107136265285232  0.07468235751450508  0.08558330987134474  0.9935280783891015  7.7450329144094825  0.0  0.0  0.0  1.0
26456013412293;30.28145528198315;48.89617726750242;-0.27660601053944767  -0.7561041558825371  -0.5931236130779212  -3.6317827865789143  -0.7873520377208341  -0.17555494271254166  0.5909798903398041  5.077503143681937  -0.5509681330442819  0.6304656751531782  -0.546760595529109  -18.424291725375014  0.0  0.0  0.0  1.0
26456013412324;27.91236336482207;27.91236336482207;1.0000000000000002  5.551115123125783e-17  1.6653345369377348e-16  -2.6645352591003757e-15  0.0  1.0  0.0  0.0  -2.7755575615628914e-17  0.0  0.9999999999999998  1.7763568394002505e-15  0.0  0.0  0.0  1.0
26456013412355;17.58982192427501;17.58982192427501;1.0  -4.163336342344337e-17  0.0  -2.220446049250313e-16  -2.7755575615628914e-17  0.9999999999999996  2.1033522146218786e-17  -2.6645352591003757e-15  -6.938893903907228e-18  -6.5052130349130266e-18  0.9999999999999997  -8.881784197001252e-16  0.0  0.0  0.0  1.0
26456013412386;20.348425974718353;20.348425974718353;0.9999999999999998  2.7755575615628914e-17  -1.6653345369377348e-16  1.7763568394002505e-15  8.326672684688674e-17  1.0000000000000002  1.6653345369377348e-16  -8.881784197001252e-16  -1.1102230246251565e-16  1.1102230246251565e-16  0.9999999999999996  3.552713678800501e-15  0.0  0.0  0.0  1.0
26456013412417;25.453268783191263;24.851026577135535;0.6266682504190776  0.4755505936708886  0.6173641848827626  -2.225326964886242  0.4713003148314809  -0.8621934795145578  0.18573749519772995  -2.7216178684835852  0.6206149507999621  0.17456814354814332  -0.7644364238455121  4.453411547730473  0.0  0.0  0.0  1.0
26456013412448;11.55255178167472;2.8778766115780923;1.0  0.0  0.0  0.5777046384225888  0.0  1.0  0.0  3.1459232638912527  0.0  0.0  1.0  -10.265815302596586  0.0  0.0  0.0  1.0
26456013412479;15.024610821793486;36.25125597590969;0.9897332489098735  0.06387338754335464  0.12786041751082805  -2.9019157455396374  -0.06688209819652433  0.9975727836309909  0.01937333991718064  3.1747168429151347  -0.12631263176395818  -0.02772601165787432  0.9916029383449863  10.605787824339203  0.0  0.0  0.0  1.0
26456013412510;44.598779289077456;44.598779289077456;1.0  -8.470329472543003e-22  0.0  0.0  -8.470329472543003e-22  1.0  0.0  0.0  0.0  0.0  0.9999999999999999  -1.7763568394002505e-15  0.0  0.0  0.0  1.0
26456013412541;25.55960109614438;4.258794725596938;-0.9969823135609953  0.07039978558126592  0.03271294295346579  -0.6764487291429208  0.07762809365690287  0.9020560952054837  0.4245805932656722  2.933485919457841  0.0003814731445869169  0.4258387855664945  -0.9047989739082891  -4.714928915940371  0.0  0.0  0.0  1.0
26456013412572;11.855425981755449;0.4197704271563488;0.545341006860872  0.6882101823271569  0.47850802624114097  -6.297431631747999  -0.7847609738420624  0.6197914671546518  0.0029582387905785204  -8.234576783088682  -0.29453930157184205  -0.3771276735848299  0.8780781956329777  3.6502804852983077  0.0  0.0  0.0  1.0
26456013412603;9.681681139268411;9.681681139268411;1.0  -5.551115123125783e-17  -3.469446951953614e-18  0.0  0.0  1.0  0.0  0.0  0.0  0.0  1.0  0.0  0.0  0.0  0.0  1.0
26456013412634;52.58463844912728;34.92864773351524;1.0  0.0  0.0  10.812912936234847  0.0  1.0  0.0  1.6024298177271825  0.0  0.0  1.0  -2.3172617360917656  0.0  0.0  0.0  1.0
26456013412665;17.137251027096553;17.137251027096553;1.0  -5.551115123125783e-17  0.0  0.0  0.0  1.0  0.0  0.0  -5.551115123125783e-17  -8.326672684688674e-17  1.0000000000000004  -2.6645352591003757e-15  0.0  0.0  0.0  1.0
26456013412696;25.9043647789081;25.9043647789081;1.0  0.0  0.0  0.0  -5.551115123125783e-17  1.0  5.551115123125783e-17  0.0  0.0  0.0  1.0  0.0  0.0  0.0  0.0  1.0
26456013412727;23.252492129236515;23.252492129236515;1.0  0.0  0.0  0.0  0.0  1.0  0.0  0.0  1.1102230246251565e-16  0.0  1.0  0.0  0.0  0.0  0.0  1.0
26456013412758;14.13602399426325;14.13602399426325;1.0  0.0  0.0  0.0  -5.551115123125783e-17  1.0  0.0  0.0  0.0  6.938893903907228e-17  1.0  0.0  0.0  0.0  0.0  1.0
26456013412789;4.621604133291701;4.621604133291701;1.0  5.421010862427522e-19  -1.3010426069826053e-18  0.0  8.673617379884035e-19  1.0  5.551115123125783e-17  0.0  4.336808689942018e-19  0.0  1.0  0.0  0.0  0.0  0.0  1.0
26456013412820;35.801682263906;35.801682263906;1.0  0.0  0.0  0.0  0.0  1.0  0.0  0.0  0.0  0.0  1.0  0.0  0.0  0.0  0.0  1.0
26456013412851;14.022145789999549;1.284811972384674;0.9917455074644403  -0.07298731789725202  0.10542153409178162  -7.5552476328464895  0.05736536354669129  0.9878725627972172  0.14428102694953893  -8.02918536749455  -0.11467372623777052  -0.13704251566073616  0.9839051201269977  -5.904643718150574  0.0  0.0  0.0  1.0
26456013412882;2.3936762370407902;2.3936762370407902;1.0  0.0  0.0  0.0  0.0  1.0  -1.734723475976807e-18  0.0  0.0  -1.734723475976807e-18  1.0  0.0  0.0  0.0  0.0  1.0
26456013412913;12.272824290791716;4.3420019963951795;0.747720109438401  0.10591655170118233  0.6555122592424621  -8.832526745950627  0.06172804531219139  0.97183406718164  -0.2274383307341314  3.5515566882209013  -0.6611386287030594  0.2105237039882275  0.7201218533663  -14.057759916807878  0.0  0.0  0.0  1.0
26456013412944;7.817464008253767;7.817464008253767;1.0  0.0  0.0  0.0  0.0  1.0  1.3877787807814457e-17  0.0  0.0  -6.938893903907228e-18  1.0  0.0  0.0  0.0  0.0  1.0
26456013412975;18.958736180574377;18.958736180574377;1.0  0.0  0.0  0.0  0.0  1.0  0.0  0.0  0.0  2.7755575615628914e-17  1.0  0.0  0.0  0.0  0.0  1.0
26456013413006;18.3212344447247;14.972046712060804;0.7721202470953926  0.635428632510586  -0.0077959612028922765  -0.5017387238207309  -0.6354764518636484  0.7720632231845423  -0.009383950803579844  -8.325480182165848  5.6143907461278465e-05  0.01219968817727174  0.999925579458911  0.6086590241846872  0.0  0.0  0.0  1.0
26456013413037;17.624013468308494;17.624013468308494;1.0  5.551115123125783e-17  0.0  0.0  5.551115123125783e-17  1.0  0.0  0.0  5.551115123125783e-17  5.551115123125783e-17  1.0  0.0  0.0  0.0  0.0  1.0
26456013413068;25.751269723182936;12.005558224397134;1.0  0.0  0.0  -2.621733361015375  0.0  1.0  0.0  6.562013125088299  0.0  0.0  1.0  -7.427884843887248  0.0  0.0  0.0  1.0
26456013413099;16.675295180356358;16.675295180356358;1.0  4.228388472693467e-18  6.938893903907228e-18  0.0  5.984795992119984e-17  1.0000000000000002  -3.469446951953614e-18  1.7763568394002505e-15  0.0  3.469446951953614e-18  1.0  0.0  0.0  0.0  0.0  1.0
