timestamp, memory.used [MiB]
2023/10/20 10:44:16.488, 16 MiB
2023/10/20 10:44:16.490, 16 MiB
2023/10/20 10:44:16.491, 16 MiB
2023/10/20 10:44:16.492, 16 MiB
2023/10/20 10:44:16.493, 16 MiB
2023/10/20 10:44:16.494, 16 MiB
2023/10/20 10:44:16.495, 16 MiB
2023/10/20 10:44:16.496, 16 MiB
2023/10/20 10:44:16.497, 16 MiB
2023/10/20 10:44:16.498, 16 MiB
2023/10/20 10:44:16.499, 16 MiB
2023/10/20 10:44:16.500, 16 MiB
2023/10/20 10:44:16.501, 16 MiB
2023/10/20 10:44:16.502, 16 MiB
2023/10/20 10:44:16.503, 16 MiB
2023/10/20 10:44:16.505, 16 MiB
2023/10/20 10:44:16.506, 16 MiB
2023/10/20 10:44:16.507, 16 MiB
2023/10/20 10:44:16.508, 16 MiB
2023/10/20 10:44:16.509, 16 MiB
2023/10/20 10:44:16.510, 16 MiB
2023/10/20 10:44:16.511, 16 MiB
2023/10/20 10:44:16.512, 16 MiB
2023/10/20 10:44:16.513, 16 MiB
2023/10/20 10:44:16.514, 16 MiB
2023/10/20 10:44:16.515, 16 MiB
2023/10/20 10:44:16.516, 16 MiB
2023/10/20 10:44:16.517, 16 MiB
2023/10/20 10:44:16.519, 16 MiB
2023/10/20 10:44:16.520, 16 MiB
2023/10/20 10:44:16.521, 16 MiB
2023/10/20 10:44:16.522, 16 MiB
2023/10/20 10:44:16.523, 16 MiB
2023/10/20 10:44:16.524, 16 MiB
2023/10/20 10:44:16.525, 16 MiB
2023/10/20 10:44:16.526, 16 MiB
2023/10/20 10:44:16.527, 16 MiB
2023/10/20 10:44:16.528, 16 MiB
2023/10/20 10:44:16.529, 16 MiB
2023/10/20 10:44:16.530, 16 MiB
2023/10/20 10:44:16.531, 16 MiB
2023/10/20 10:44:16.532, 16 MiB
2023/10/20 10:44:16.534, 16 MiB
2023/10/20 10:44:16.535, 16 MiB
2023/10/20 10:44:16.536, 16 MiB
2023/10/20 10:44:16.537, 16 MiB
2023/10/20 10:44:16.538, 16 MiB
2023/10/20 10:44:16.539, 16 MiB
2023/10/20 10:44:16.540, 16 MiB
2023/10/20 10:44:16.541, 16 MiB
2023/10/20 10:44:16.542, 16 MiB
2023/10/20 10:44:16.543, 16 MiB
2023/10/20 10:44:16.544, 16 MiB
2023/10/20 10:44:16.545, 16 MiB
2023/10/20 10:44:16.546, 16 MiB
2023/10/20 10:44:16.548, 16 MiB
2023/10/20 10:44:16.549, 16 MiB
2023/10/20 10:44:16.550, 16 MiB
2023/10/20 10:44:16.551, 16 MiB
2023/10/20 10:44:16.552, 16 MiB
2023/10/20 10:44:16.553, 16 MiB
2023/10/20 10:44:16.554, 16 MiB
2023/10/20 10:44:16.555, 16 MiB
2023/10/20 10:44:16.556, 16 MiB
2023/10/20 10:44:16.557, 16 MiB
2023/10/20 10:44:16.558, 16 MiB
2023/10/20 10:44:16.559, 16 MiB
2023/10/20 10:44:16.560, 16 MiB
2023/10/20 10:44:16.562, 16 MiB
2023/10/20 10:44:16.563, 16 MiB
2023/10/20 10:44:16.564, 16 MiB
2023/10/20 10:44:16.565, 16 MiB
2023/10/20 10:44:16.566, 16 MiB
2023/10/20 10:44:16.567, 16 MiB
2023/10/20 10:44:16.568, 16 MiB
2023/10/20 10:44:16.569, 16 MiB
2023/10/20 10:44:16.570, 16 MiB
2023/10/20 10:44:16.571, 16 MiB
2023/10/20 10:44:16.572, 16 MiB
2023/10/20 10:44:16.573, 16 MiB
2023/10/20 10:44:16.575, 16 MiB
2023/10/20 10:44:16.576, 16 MiB
2023/10/20 10:44:16.577, 16 MiB
2023/10/20 10:44:16.578, 16 MiB
2023/10/20 10:44:16.579, 16 MiB
2023/10/20 10:44:16.580, 16 MiB
2023/10/20 10:44:16.581, 16 MiB
2023/10/20 10:44:16.582, 16 MiB
2023/10/20 10:44:16.583, 16 MiB
2023/10/20 10:44:16.584, 16 MiB
2023/10/20 10:44:16.585, 16 MiB
2023/10/20 10:44:16.586, 16 MiB
2023/10/20 10:44:16.587, 16 MiB
2023/10/20 10:44:16.589, 16 MiB
2023/10/20 10:44:16.590, 16 MiB
2023/10/20 10:44:16.591, 16 MiB
2023/10/20 10:44:16.592, 16 MiB
2023/10/20 10:44:16.593, 16 MiB
2023/10/20 10:44:16.594, 16 MiB
2023/10/20 10:44:16.595, 16 MiB
2023/10/20 10:44:16.596, 16 MiB
2023/10/20 10:44:16.597, 16 MiB
2023/10/20 10:44:16.598, 16 MiB
2023/10/20 10:44:16.599, 16 MiB
2023/10/20 10:44:16.600, 16 MiB
2023/10/20 10:44:16.601, 16 MiB
2023/10/20 10:44:16.603, 16 MiB
2023/10/20 10:44:16.604, 16 MiB
2023/10/20 10:44:16.605, 16 MiB
2023/10/20 10:44:16.606, 16 MiB
2023/10/20 10:44:16.607, 16 MiB
2023/10/20 10:44:16.608, 16 MiB
2023/10/20 10:44:16.609, 16 MiB
2023/10/20 10:44:16.610, 16 MiB
2023/10/20 10:44:16.611, 16 MiB
2023/10/20 10:44:16.612, 16 MiB
2023/10/20 10:44:16.613, 16 MiB
2023/10/20 10:44:16.614, 16 MiB
2023/10/20 10:44:16.616, 16 MiB
2023/10/20 10:44:16.617, 16 MiB
2023/10/20 10:44:16.618, 16 MiB
2023/10/20 10:44:16.619, 16 MiB
2023/10/20 10:44:16.620, 16 MiB
2023/10/20 10:44:16.621, 16 MiB
2023/10/20 10:44:16.622, 16 MiB
2023/10/20 10:44:16.623, 16 MiB
2023/10/20 10:44:16.624, 16 MiB
2023/10/20 10:44:16.625, 16 MiB
2023/10/20 10:44:16.626, 16 MiB
2023/10/20 10:44:16.627, 16 MiB
2023/10/20 10:44:16.628, 16 MiB
2023/10/20 10:44:16.630, 16 MiB
2023/10/20 10:44:16.631, 16 MiB
2023/10/20 10:44:16.632, 16 MiB
2023/10/20 10:44:16.633, 16 MiB
2023/10/20 10:44:16.634, 16 MiB
2023/10/20 10:44:16.635, 16 MiB
2023/10/20 10:44:16.636, 16 MiB
2023/10/20 10:44:16.637, 16 MiB
2023/10/20 10:44:16.638, 16 MiB
2023/10/20 10:44:16.639, 16 MiB
2023/10/20 10:44:16.640, 16 MiB
2023/10/20 10:44:16.641, 16 MiB
2023/10/20 10:44:16.643, 16 MiB
2023/10/20 10:44:16.644, 16 MiB
2023/10/20 10:44:16.645, 16 MiB
2023/10/20 10:44:16.646, 16 MiB
2023/10/20 10:44:16.647, 16 MiB
2023/10/20 10:44:16.648, 16 MiB
2023/10/20 10:44:16.649, 16 MiB
2023/10/20 10:44:16.650, 16 MiB
2023/10/20 10:44:16.651, 16 MiB
2023/10/20 10:44:16.652, 16 MiB
2023/10/20 10:44:16.653, 16 MiB
2023/10/20 10:44:16.654, 16 MiB
2023/10/20 10:44:16.655, 16 MiB
2023/10/20 10:44:16.657, 16 MiB
2023/10/20 10:44:16.658, 16 MiB
2023/10/20 10:44:16.659, 16 MiB
2023/10/20 10:44:16.660, 16 MiB
2023/10/20 10:44:16.661, 16 MiB
2023/10/20 10:44:16.662, 16 MiB
2023/10/20 10:44:16.663, 16 MiB
2023/10/20 10:44:16.664, 16 MiB
2023/10/20 10:44:16.665, 16 MiB
2023/10/20 10:44:16.666, 16 MiB
2023/10/20 10:44:16.667, 16 MiB
2023/10/20 10:44:16.668, 16 MiB
2023/10/20 10:44:16.670, 16 MiB
2023/10/20 10:44:16.671, 16 MiB
2023/10/20 10:44:16.672, 16 MiB
2023/10/20 10:44:16.673, 16 MiB
2023/10/20 10:44:16.674, 16 MiB
2023/10/20 10:44:16.675, 16 MiB
2023/10/20 10:44:16.676, 16 MiB
2023/10/20 10:44:16.677, 16 MiB
2023/10/20 10:44:16.678, 16 MiB
2023/10/20 10:44:16.679, 16 MiB
2023/10/20 10:44:16.680, 16 MiB
2023/10/20 10:44:16.681, 16 MiB
2023/10/20 10:44:16.682, 16 MiB
2023/10/20 10:44:16.684, 16 MiB
2023/10/20 10:44:16.685, 16 MiB
2023/10/20 10:44:16.686, 16 MiB
2023/10/20 10:44:16.687, 16 MiB
2023/10/20 10:44:16.688, 16 MiB
2023/10/20 10:44:16.689, 16 MiB
2023/10/20 10:44:16.690, 16 MiB
2023/10/20 10:44:16.691, 16 MiB
2023/10/20 10:44:16.692, 16 MiB
2023/10/20 10:44:16.693, 16 MiB
2023/10/20 10:44:16.694, 16 MiB
2023/10/20 10:44:16.695, 16 MiB
2023/10/20 10:44:16.697, 16 MiB
2023/10/20 10:44:16.698, 16 MiB
2023/10/20 10:44:16.699, 16 MiB
2023/10/20 10:44:16.700, 16 MiB
2023/10/20 10:44:16.701, 16 MiB
2023/10/20 10:44:16.702, 16 MiB
2023/10/20 10:44:16.703, 16 MiB
2023/10/20 10:44:16.704, 16 MiB
2023/10/20 10:44:16.705, 16 MiB
2023/10/20 10:44:16.706, 16 MiB
2023/10/20 10:44:16.707, 16 MiB
2023/10/20 10:44:16.708, 16 MiB
2023/10/20 10:44:16.709, 16 MiB
2023/10/20 10:44:16.711, 16 MiB
2023/10/20 10:44:16.712, 16 MiB
2023/10/20 10:44:16.713, 16 MiB
2023/10/20 10:44:16.714, 16 MiB
2023/10/20 10:44:16.715, 16 MiB
2023/10/20 10:44:16.716, 16 MiB
2023/10/20 10:44:16.717, 16 MiB
2023/10/20 10:44:16.718, 16 MiB
2023/10/20 10:44:16.719, 16 MiB
2023/10/20 10:44:16.720, 16 MiB
2023/10/20 10:44:16.721, 16 MiB
2023/10/20 10:44:16.722, 16 MiB
2023/10/20 10:44:16.724, 16 MiB
2023/10/20 10:44:16.725, 16 MiB
2023/10/20 10:44:16.726, 16 MiB
2023/10/20 10:44:16.727, 16 MiB
2023/10/20 10:44:16.728, 16 MiB
2023/10/20 10:44:16.729, 16 MiB
2023/10/20 10:44:16.730, 16 MiB
2023/10/20 10:44:16.731, 16 MiB
2023/10/20 10:44:16.732, 16 MiB
2023/10/20 10:44:16.733, 16 MiB
2023/10/20 10:44:16.734, 16 MiB
2023/10/20 10:44:16.735, 16 MiB
2023/10/20 10:44:16.736, 16 MiB
2023/10/20 10:44:16.738, 16 MiB
2023/10/20 10:44:16.739, 16 MiB
2023/10/20 10:44:16.740, 16 MiB
2023/10/20 10:44:16.741, 16 MiB
2023/10/20 10:44:16.742, 16 MiB
2023/10/20 10:44:16.743, 16 MiB
2023/10/20 10:44:16.744, 16 MiB
2023/10/20 10:44:16.745, 16 MiB
2023/10/20 10:44:16.746, 16 MiB
2023/10/20 10:44:16.747, 16 MiB
2023/10/20 10:44:16.748, 16 MiB
2023/10/20 10:44:16.749, 16 MiB
2023/10/20 10:44:16.751, 16 MiB
2023/10/20 10:44:16.752, 16 MiB
2023/10/20 10:44:16.753, 16 MiB
2023/10/20 10:44:16.754, 16 MiB
2023/10/20 10:44:16.755, 16 MiB
2023/10/20 10:44:16.756, 16 MiB
2023/10/20 10:44:16.757, 16 MiB
2023/10/20 10:44:16.758, 16 MiB
2023/10/20 10:44:16.759, 16 MiB
2023/10/20 10:44:16.760, 16 MiB
2023/10/20 10:44:16.762, 16 MiB
2023/10/20 10:44:16.763, 16 MiB
2023/10/20 10:44:16.764, 16 MiB
2023/10/20 10:44:16.765, 16 MiB
2023/10/20 10:44:16.766, 16 MiB
2023/10/20 10:44:16.767, 16 MiB
2023/10/20 10:44:16.768, 16 MiB
2023/10/20 10:44:16.769, 16 MiB
2023/10/20 10:44:16.770, 16 MiB
2023/10/20 10:44:16.771, 16 MiB
2023/10/20 10:44:16.772, 16 MiB
2023/10/20 10:44:16.773, 16 MiB
2023/10/20 10:44:16.774, 16 MiB
2023/10/20 10:44:16.775, 16 MiB
2023/10/20 10:44:16.777, 16 MiB
2023/10/20 10:44:16.778, 16 MiB
2023/10/20 10:44:16.779, 16 MiB
2023/10/20 10:44:16.780, 16 MiB
2023/10/20 10:44:16.781, 16 MiB
2023/10/20 10:44:16.782, 16 MiB
2023/10/20 10:44:16.783, 16 MiB
2023/10/20 10:44:16.784, 16 MiB
2023/10/20 10:44:16.785, 16 MiB
2023/10/20 10:44:16.786, 16 MiB
2023/10/20 10:44:16.787, 16 MiB
2023/10/20 10:44:16.788, 16 MiB
2023/10/20 10:44:16.789, 16 MiB
2023/10/20 10:44:16.791, 16 MiB
2023/10/20 10:44:16.792, 16 MiB
2023/10/20 10:44:16.793, 16 MiB
2023/10/20 10:44:16.794, 16 MiB
2023/10/20 10:44:16.795, 16 MiB
2023/10/20 10:44:16.796, 16 MiB
2023/10/20 10:44:16.797, 16 MiB
2023/10/20 10:44:16.798, 16 MiB
2023/10/20 10:44:16.799, 16 MiB
2023/10/20 10:44:16.800, 16 MiB
2023/10/20 10:44:16.801, 16 MiB
2023/10/20 10:44:16.802, 16 MiB
2023/10/20 10:44:16.803, 16 MiB
2023/10/20 10:44:16.804, 16 MiB
2023/10/20 10:44:16.806, 16 MiB
2023/10/20 10:44:16.807, 16 MiB
2023/10/20 10:44:16.808, 16 MiB
2023/10/20 10:44:16.809, 16 MiB
2023/10/20 10:44:16.810, 16 MiB
2023/10/20 10:44:16.811, 16 MiB
2023/10/20 10:44:16.812, 16 MiB
2023/10/20 10:44:16.813, 16 MiB
2023/10/20 10:44:16.814, 16 MiB
2023/10/20 10:44:16.815, 16 MiB
2023/10/20 10:44:16.816, 16 MiB
2023/10/20 10:44:16.817, 16 MiB
2023/10/20 10:44:16.818, 16 MiB
2023/10/20 10:44:16.820, 16 MiB
2023/10/20 10:44:16.821, 16 MiB
2023/10/20 10:44:16.822, 16 MiB
2023/10/20 10:44:16.823, 16 MiB
2023/10/20 10:44:16.824, 16 MiB
2023/10/20 10:44:16.825, 16 MiB
2023/10/20 10:44:16.826, 16 MiB
2023/10/20 10:44:16.827, 16 MiB
2023/10/20 10:44:16.828, 16 MiB
2023/10/20 10:44:16.829, 16 MiB
2023/10/20 10:44:16.830, 16 MiB
2023/10/20 10:44:16.831, 16 MiB
2023/10/20 10:44:16.832, 16 MiB
2023/10/20 10:44:16.834, 16 MiB
2023/10/20 10:44:16.835, 16 MiB
2023/10/20 10:44:16.836, 16 MiB
2023/10/20 10:44:16.837, 16 MiB
2023/10/20 10:44:16.838, 16 MiB
2023/10/20 10:44:16.839, 16 MiB
2023/10/20 10:44:16.840, 16 MiB
2023/10/20 10:44:16.841, 16 MiB
2023/10/20 10:44:16.842, 16 MiB
2023/10/20 10:44:16.843, 16 MiB
2023/10/20 10:44:16.845, 16 MiB
2023/10/20 10:44:16.846, 16 MiB
2023/10/20 10:44:16.847, 16 MiB
2023/10/20 10:44:16.848, 16 MiB
2023/10/20 10:44:16.849, 16 MiB
2023/10/20 10:44:16.850, 16 MiB
2023/10/20 10:44:16.851, 16 MiB
2023/10/20 10:44:16.852, 16 MiB
2023/10/20 10:44:16.853, 16 MiB
2023/10/20 10:44:16.855, 16 MiB
2023/10/20 10:44:16.856, 16 MiB
2023/10/20 10:44:16.857, 16 MiB
2023/10/20 10:44:16.858, 16 MiB
2023/10/20 10:44:16.859, 16 MiB
2023/10/20 10:44:16.860, 16 MiB
2023/10/20 10:44:16.861, 16 MiB
2023/10/20 10:44:16.862, 16 MiB
2023/10/20 10:44:16.863, 16 MiB
2023/10/20 10:44:16.864, 16 MiB
2023/10/20 10:44:16.866, 16 MiB
2023/10/20 10:44:16.867, 16 MiB
2023/10/20 10:44:16.868, 16 MiB
2023/10/20 10:44:16.869, 16 MiB
2023/10/20 10:44:16.870, 16 MiB
2023/10/20 10:44:16.871, 16 MiB
2023/10/20 10:44:16.872, 16 MiB
2023/10/20 10:44:16.873, 16 MiB
2023/10/20 10:44:16.874, 16 MiB
2023/10/20 10:44:16.876, 16 MiB
2023/10/20 10:44:16.877, 16 MiB
2023/10/20 10:44:16.878, 16 MiB
2023/10/20 10:44:16.879, 16 MiB
2023/10/20 10:44:16.880, 16 MiB
2023/10/20 10:44:16.881, 16 MiB
2023/10/20 10:44:16.882, 16 MiB
2023/10/20 10:44:16.883, 16 MiB
2023/10/20 10:44:16.884, 16 MiB
2023/10/20 10:44:16.886, 16 MiB
2023/10/20 10:44:16.887, 16 MiB
2023/10/20 10:44:16.888, 16 MiB
2023/10/20 10:44:16.889, 16 MiB
2023/10/20 10:44:16.890, 16 MiB
2023/10/20 10:44:16.891, 16 MiB
2023/10/20 10:44:16.892, 16 MiB
2023/10/20 10:44:16.893, 16 MiB
2023/10/20 10:44:16.894, 16 MiB
2023/10/20 10:44:16.895, 16 MiB
2023/10/20 10:44:16.897, 16 MiB
2023/10/20 10:44:16.898, 16 MiB
2023/10/20 10:44:16.899, 16 MiB
2023/10/20 10:44:16.900, 16 MiB
2023/10/20 10:44:16.901, 16 MiB
2023/10/20 10:44:16.902, 16 MiB
2023/10/20 10:44:16.903, 16 MiB
2023/10/20 10:44:16.904, 16 MiB
2023/10/20 10:44:16.905, 16 MiB
2023/10/20 10:44:16.906, 16 MiB
2023/10/20 10:44:16.908, 16 MiB
2023/10/20 10:44:16.909, 16 MiB
2023/10/20 10:44:16.910, 16 MiB
2023/10/20 10:44:16.911, 16 MiB
2023/10/20 10:44:16.912, 16 MiB
2023/10/20 10:44:16.913, 16 MiB
2023/10/20 10:44:16.914, 16 MiB
2023/10/20 10:44:16.915, 16 MiB
2023/10/20 10:44:16.916, 16 MiB
2023/10/20 10:44:16.917, 16 MiB
2023/10/20 10:44:16.919, 16 MiB
2023/10/20 10:44:16.920, 16 MiB
2023/10/20 10:44:16.921, 16 MiB
2023/10/20 10:44:16.922, 16 MiB
2023/10/20 10:44:16.923, 16 MiB
2023/10/20 10:44:16.924, 16 MiB
2023/10/20 10:44:16.925, 16 MiB
2023/10/20 10:44:16.926, 16 MiB
2023/10/20 10:44:16.927, 16 MiB
2023/10/20 10:44:16.928, 16 MiB
2023/10/20 10:44:16.929, 16 MiB
2023/10/20 10:44:16.931, 16 MiB
2023/10/20 10:44:16.932, 16 MiB
2023/10/20 10:44:16.933, 16 MiB
2023/10/20 10:44:16.934, 16 MiB
2023/10/20 10:44:16.935, 16 MiB
2023/10/20 10:44:16.936, 16 MiB
2023/10/20 10:44:16.937, 16 MiB
2023/10/20 10:44:16.938, 16 MiB
2023/10/20 10:44:16.939, 16 MiB
2023/10/20 10:44:16.940, 16 MiB
2023/10/20 10:44:16.941, 16 MiB
2023/10/20 10:44:16.943, 16 MiB
2023/10/20 10:44:16.944, 16 MiB
2023/10/20 10:44:16.945, 16 MiB
2023/10/20 10:44:16.946, 16 MiB
2023/10/20 10:44:16.947, 16 MiB
2023/10/20 10:44:16.948, 16 MiB
2023/10/20 10:44:16.949, 16 MiB
2023/10/20 10:44:16.950, 16 MiB
2023/10/20 10:44:16.951, 16 MiB
2023/10/20 10:44:16.952, 16 MiB
2023/10/20 10:44:16.953, 16 MiB
2023/10/20 10:44:16.955, 16 MiB
2023/10/20 10:44:16.956, 16 MiB
2023/10/20 10:44:16.957, 16 MiB
2023/10/20 10:44:16.958, 16 MiB
2023/10/20 10:44:16.959, 16 MiB
2023/10/20 10:44:16.960, 16 MiB
2023/10/20 10:44:16.961, 16 MiB
2023/10/20 10:44:16.962, 16 MiB
2023/10/20 10:44:16.963, 16 MiB
2023/10/20 10:44:16.964, 16 MiB
2023/10/20 10:44:16.965, 16 MiB
2023/10/20 10:44:16.966, 16 MiB
2023/10/20 10:44:16.968, 16 MiB
2023/10/20 10:44:16.969, 16 MiB
2023/10/20 10:44:16.970, 16 MiB
2023/10/20 10:44:16.971, 16 MiB
2023/10/20 10:44:16.972, 16 MiB
2023/10/20 10:44:16.973, 16 MiB
2023/10/20 10:44:16.974, 16 MiB
2023/10/20 10:44:16.975, 16 MiB
2023/10/20 10:44:16.976, 16 MiB
2023/10/20 10:44:16.977, 16 MiB
2023/10/20 10:44:16.978, 16 MiB
2023/10/20 10:44:16.979, 16 MiB
2023/10/20 10:44:16.980, 16 MiB
2023/10/20 10:44:16.982, 16 MiB
2023/10/20 10:44:16.983, 16 MiB
2023/10/20 10:44:16.984, 16 MiB
2023/10/20 10:44:16.985, 16 MiB
2023/10/20 10:44:16.986, 16 MiB
2023/10/20 10:44:16.987, 16 MiB
2023/10/20 10:44:16.988, 16 MiB
2023/10/20 10:44:16.989, 16 MiB
2023/10/20 10:44:16.990, 16 MiB
2023/10/20 10:44:16.991, 16 MiB
2023/10/20 10:44:16.992, 16 MiB
2023/10/20 10:44:16.993, 16 MiB
2023/10/20 10:44:16.994, 16 MiB
2023/10/20 10:44:16.996, 16 MiB
2023/10/20 10:44:16.997, 16 MiB
2023/10/20 10:44:16.998, 16 MiB
2023/10/20 10:44:16.999, 16 MiB
2023/10/20 10:44:17.000, 16 MiB
2023/10/20 10:44:17.001, 16 MiB
2023/10/20 10:44:17.002, 16 MiB
2023/10/20 10:44:17.003, 16 MiB
2023/10/20 10:44:17.004, 16 MiB
2023/10/20 10:44:17.005, 16 MiB
2023/10/20 10:44:17.006, 16 MiB
2023/10/20 10:44:17.007, 16 MiB
2023/10/20 10:44:17.008, 16 MiB
2023/10/20 10:44:17.009, 16 MiB
2023/10/20 10:44:17.011, 16 MiB
2023/10/20 10:44:17.012, 16 MiB
2023/10/20 10:44:17.013, 16 MiB
2023/10/20 10:44:17.014, 16 MiB
2023/10/20 10:44:17.015, 16 MiB
2023/10/20 10:44:17.016, 16 MiB
2023/10/20 10:44:17.017, 16 MiB
2023/10/20 10:44:17.018, 16 MiB
2023/10/20 10:44:17.019, 16 MiB
2023/10/20 10:44:17.020, 16 MiB
2023/10/20 10:44:17.021, 16 MiB
2023/10/20 10:44:17.022, 16 MiB
2023/10/20 10:44:17.023, 16 MiB
2023/10/20 10:44:17.024, 16 MiB
2023/10/20 10:44:17.026, 16 MiB
2023/10/20 10:44:17.027, 16 MiB
2023/10/20 10:44:17.028, 16 MiB
2023/10/20 10:44:17.029, 16 MiB
2023/10/20 10:44:17.030, 16 MiB
2023/10/20 10:44:17.031, 16 MiB
2023/10/20 10:44:17.032, 16 MiB
2023/10/20 10:44:17.033, 16 MiB
2023/10/20 10:44:17.034, 16 MiB
2023/10/20 10:44:17.035, 16 MiB
2023/10/20 10:44:17.036, 16 MiB
2023/10/20 10:44:17.037, 16 MiB
2023/10/20 10:44:17.038, 16 MiB
2023/10/20 10:44:17.039, 16 MiB
2023/10/20 10:44:17.041, 16 MiB
2023/10/20 10:44:17.042, 16 MiB
2023/10/20 10:44:17.043, 16 MiB
2023/10/20 10:44:17.044, 16 MiB
2023/10/20 10:44:17.045, 16 MiB
2023/10/20 10:44:17.046, 16 MiB
2023/10/20 10:44:17.047, 16 MiB
2023/10/20 10:44:17.048, 16 MiB
2023/10/20 10:44:17.049, 16 MiB
2023/10/20 10:44:17.050, 16 MiB
2023/10/20 10:44:17.051, 16 MiB
2023/10/20 10:44:17.052, 16 MiB
2023/10/20 10:44:17.053, 16 MiB
2023/10/20 10:44:17.055, 16 MiB
2023/10/20 10:44:17.056, 16 MiB
2023/10/20 10:44:17.057, 16 MiB
2023/10/20 10:44:17.058, 16 MiB
2023/10/20 10:44:17.059, 16 MiB
2023/10/20 10:44:17.060, 16 MiB
2023/10/20 10:44:17.061, 16 MiB
2023/10/20 10:44:17.062, 16 MiB
2023/10/20 10:44:17.063, 16 MiB
2023/10/20 10:44:17.064, 16 MiB
2023/10/20 10:44:17.065, 16 MiB
2023/10/20 10:44:17.066, 16 MiB
2023/10/20 10:44:17.068, 16 MiB
2023/10/20 10:44:17.069, 16 MiB
2023/10/20 10:44:17.070, 16 MiB
2023/10/20 10:44:17.071, 16 MiB
2023/10/20 10:44:17.072, 16 MiB
2023/10/20 10:44:17.073, 16 MiB
2023/10/20 10:44:17.074, 16 MiB
2023/10/20 10:44:17.075, 16 MiB
2023/10/20 10:44:17.076, 16 MiB
2023/10/20 10:44:17.078, 16 MiB
2023/10/20 10:44:17.079, 16 MiB
2023/10/20 10:44:17.080, 16 MiB
2023/10/20 10:44:17.081, 16 MiB
2023/10/20 10:44:17.082, 16 MiB
2023/10/20 10:44:17.083, 16 MiB
2023/10/20 10:44:17.084, 16 MiB
2023/10/20 10:44:17.085, 16 MiB
2023/10/20 10:44:17.086, 16 MiB
2023/10/20 10:44:17.087, 16 MiB
2023/10/20 10:44:17.089, 16 MiB
2023/10/20 10:44:17.090, 16 MiB
2023/10/20 10:44:17.091, 16 MiB
2023/10/20 10:44:17.092, 16 MiB
2023/10/20 10:44:17.093, 16 MiB
2023/10/20 10:44:17.094, 16 MiB
2023/10/20 10:44:17.095, 16 MiB
2023/10/20 10:44:17.096, 16 MiB
2023/10/20 10:44:17.097, 16 MiB
2023/10/20 10:44:17.099, 16 MiB
2023/10/20 10:44:17.100, 16 MiB
2023/10/20 10:44:17.101, 16 MiB
2023/10/20 10:44:17.102, 16 MiB
2023/10/20 10:44:17.103, 16 MiB
2023/10/20 10:44:17.104, 16 MiB
2023/10/20 10:44:17.105, 16 MiB
2023/10/20 10:44:17.106, 16 MiB
2023/10/20 10:44:17.107, 16 MiB
2023/10/20 10:44:17.109, 16 MiB
2023/10/20 10:44:17.110, 16 MiB
2023/10/20 10:44:17.111, 16 MiB
2023/10/20 10:44:17.112, 16 MiB
2023/10/20 10:44:17.113, 16 MiB
2023/10/20 10:44:17.114, 16 MiB
2023/10/20 10:44:17.115, 16 MiB
2023/10/20 10:44:17.116, 16 MiB
2023/10/20 10:44:17.117, 16 MiB
2023/10/20 10:44:17.118, 16 MiB
2023/10/20 10:44:17.119, 16 MiB
2023/10/20 10:44:17.121, 16 MiB
2023/10/20 10:44:17.122, 16 MiB
2023/10/20 10:44:17.123, 16 MiB
2023/10/20 10:44:17.124, 16 MiB
2023/10/20 10:44:17.125, 16 MiB
2023/10/20 10:44:17.126, 16 MiB
2023/10/20 10:44:17.127, 16 MiB
2023/10/20 10:44:17.128, 16 MiB
2023/10/20 10:44:17.129, 16 MiB
2023/10/20 10:44:17.130, 16 MiB
2023/10/20 10:44:17.131, 16 MiB
2023/10/20 10:44:17.132, 16 MiB
2023/10/20 10:44:17.133, 16 MiB
2023/10/20 10:44:17.134, 16 MiB
2023/10/20 10:44:17.136, 16 MiB
2023/10/20 10:44:17.137, 16 MiB
2023/10/20 10:44:17.138, 16 MiB
2023/10/20 10:44:17.139, 16 MiB
2023/10/20 10:44:17.140, 16 MiB
2023/10/20 10:44:17.141, 16 MiB
2023/10/20 10:44:17.142, 16 MiB
2023/10/20 10:44:17.143, 16 MiB
2023/10/20 10:44:17.144, 16 MiB
2023/10/20 10:44:17.145, 16 MiB
2023/10/20 10:44:17.146, 16 MiB
2023/10/20 10:44:17.147, 16 MiB
2023/10/20 10:44:17.148, 16 MiB
2023/10/20 10:44:17.149, 16 MiB
2023/10/20 10:44:17.151, 16 MiB
2023/10/20 10:44:17.152, 16 MiB
2023/10/20 10:44:17.153, 16 MiB
2023/10/20 10:44:17.154, 16 MiB
2023/10/20 10:44:17.155, 16 MiB
2023/10/20 10:44:17.156, 16 MiB
2023/10/20 10:44:17.157, 16 MiB
2023/10/20 10:44:17.158, 16 MiB
2023/10/20 10:44:17.159, 16 MiB
2023/10/20 10:44:17.160, 16 MiB
2023/10/20 10:44:17.162, 16 MiB
2023/10/20 10:44:17.163, 16 MiB
2023/10/20 10:44:17.164, 16 MiB
2023/10/20 10:44:17.165, 16 MiB
2023/10/20 10:44:17.166, 16 MiB
2023/10/20 10:44:17.167, 16 MiB
2023/10/20 10:44:17.168, 16 MiB
2023/10/20 10:44:17.169, 16 MiB
2023/10/20 10:44:17.170, 16 MiB
2023/10/20 10:44:17.171, 16 MiB
2023/10/20 10:44:17.173, 16 MiB
2023/10/20 10:44:17.174, 16 MiB
2023/10/20 10:44:17.175, 16 MiB
2023/10/20 10:44:17.176, 16 MiB
2023/10/20 10:44:17.177, 16 MiB
2023/10/20 10:44:17.178, 16 MiB
2023/10/20 10:44:17.179, 16 MiB
2023/10/20 10:44:17.180, 16 MiB
2023/10/20 10:44:17.181, 16 MiB
2023/10/20 10:44:17.183, 16 MiB
2023/10/20 10:44:17.184, 16 MiB
2023/10/20 10:44:17.185, 16 MiB
2023/10/20 10:44:17.186, 16 MiB
2023/10/20 10:44:17.187, 16 MiB
2023/10/20 10:44:17.188, 16 MiB
2023/10/20 10:44:17.189, 16 MiB
2023/10/20 10:44:17.190, 16 MiB
2023/10/20 10:44:17.191, 16 MiB
2023/10/20 10:44:17.193, 16 MiB
2023/10/20 10:44:17.194, 16 MiB
2023/10/20 10:44:17.195, 16 MiB
2023/10/20 10:44:17.196, 16 MiB
2023/10/20 10:44:17.197, 16 MiB
2023/10/20 10:44:17.198, 16 MiB
2023/10/20 10:44:17.199, 16 MiB
2023/10/20 10:44:17.200, 16 MiB
2023/10/20 10:44:17.201, 16 MiB
2023/10/20 10:44:17.202, 16 MiB
2023/10/20 10:44:17.204, 16 MiB
2023/10/20 10:44:17.205, 16 MiB
2023/10/20 10:44:17.206, 16 MiB
2023/10/20 10:44:17.207, 16 MiB
2023/10/20 10:44:17.208, 16 MiB
2023/10/20 10:44:17.209, 16 MiB
2023/10/20 10:44:17.210, 16 MiB
2023/10/20 10:44:17.211, 16 MiB
2023/10/20 10:44:17.212, 16 MiB
2023/10/20 10:44:17.214, 16 MiB
2023/10/20 10:44:17.215, 16 MiB
2023/10/20 10:44:17.216, 16 MiB
2023/10/20 10:44:17.217, 16 MiB
2023/10/20 10:44:17.218, 16 MiB
2023/10/20 10:44:17.219, 16 MiB
2023/10/20 10:44:17.220, 16 MiB
2023/10/20 10:44:17.221, 16 MiB
2023/10/20 10:44:17.222, 16 MiB
2023/10/20 10:44:17.223, 16 MiB
2023/10/20 10:44:17.224, 16 MiB
2023/10/20 10:44:17.225, 16 MiB
2023/10/20 10:44:17.227, 16 MiB
2023/10/20 10:44:17.228, 16 MiB
2023/10/20 10:44:17.229, 16 MiB
2023/10/20 10:44:17.230, 16 MiB
2023/10/20 10:44:17.231, 16 MiB
2023/10/20 10:44:17.232, 16 MiB
2023/10/20 10:44:17.233, 16 MiB
2023/10/20 10:44:17.234, 16 MiB
2023/10/20 10:44:17.235, 16 MiB
2023/10/20 10:44:17.236, 16 MiB
2023/10/20 10:44:17.237, 16 MiB
2023/10/20 10:44:17.238, 16 MiB
2023/10/20 10:44:17.239, 16 MiB
2023/10/20 10:44:17.240, 16 MiB
2023/10/20 10:44:17.242, 16 MiB
2023/10/20 10:44:17.243, 16 MiB
2023/10/20 10:44:17.244, 16 MiB
2023/10/20 10:44:17.245, 16 MiB
2023/10/20 10:44:17.246, 16 MiB
2023/10/20 10:44:17.247, 16 MiB
2023/10/20 10:44:17.248, 16 MiB
2023/10/20 10:44:17.249, 16 MiB
2023/10/20 10:44:17.250, 16 MiB
2023/10/20 10:44:17.251, 16 MiB
2023/10/20 10:44:17.252, 16 MiB
2023/10/20 10:44:17.253, 16 MiB
2023/10/20 10:44:17.254, 16 MiB
2023/10/20 10:44:17.255, 16 MiB
2023/10/20 10:44:17.257, 16 MiB
2023/10/20 10:44:17.258, 16 MiB
2023/10/20 10:44:17.259, 16 MiB
2023/10/20 10:44:17.260, 16 MiB
2023/10/20 10:44:17.261, 16 MiB
2023/10/20 10:44:17.262, 16 MiB
2023/10/20 10:44:17.263, 16 MiB
2023/10/20 10:44:17.264, 16 MiB
2023/10/20 10:44:17.265, 16 MiB
2023/10/20 10:44:17.266, 16 MiB
2023/10/20 10:44:17.267, 16 MiB
2023/10/20 10:44:17.268, 16 MiB
2023/10/20 10:44:17.269, 16 MiB
2023/10/20 10:44:17.270, 16 MiB
2023/10/20 10:44:17.272, 16 MiB
2023/10/20 10:44:17.273, 16 MiB
2023/10/20 10:44:17.274, 16 MiB
2023/10/20 10:44:17.275, 16 MiB
2023/10/20 10:44:17.276, 16 MiB
2023/10/20 10:44:17.277, 16 MiB
2023/10/20 10:44:17.278, 16 MiB
2023/10/20 10:44:17.279, 16 MiB
2023/10/20 10:44:17.280, 16 MiB
2023/10/20 10:44:17.281, 16 MiB
2023/10/20 10:44:17.282, 16 MiB
2023/10/20 10:44:17.283, 16 MiB
2023/10/20 10:44:17.284, 16 MiB
2023/10/20 10:44:17.286, 16 MiB
2023/10/20 10:44:17.287, 16 MiB
2023/10/20 10:44:17.288, 16 MiB
2023/10/20 10:44:17.289, 16 MiB
2023/10/20 10:44:17.290, 16 MiB
2023/10/20 10:44:17.291, 16 MiB
2023/10/20 10:44:17.292, 16 MiB
2023/10/20 10:44:17.293, 16 MiB
2023/10/20 10:44:17.294, 16 MiB
2023/10/20 10:44:17.295, 16 MiB
2023/10/20 10:44:17.296, 16 MiB
2023/10/20 10:44:17.297, 16 MiB
2023/10/20 10:44:17.298, 16 MiB
2023/10/20 10:44:17.299, 16 MiB
2023/10/20 10:44:17.301, 16 MiB
2023/10/20 10:44:17.302, 16 MiB
2023/10/20 10:44:17.303, 16 MiB
2023/10/20 10:44:17.304, 16 MiB
2023/10/20 10:44:17.305, 16 MiB
2023/10/20 10:44:17.306, 16 MiB
2023/10/20 10:44:17.307, 16 MiB
2023/10/20 10:44:17.308, 16 MiB
2023/10/20 10:44:17.309, 16 MiB
2023/10/20 10:44:17.310, 16 MiB
2023/10/20 10:44:17.311, 16 MiB
2023/10/20 10:44:17.312, 16 MiB
2023/10/20 10:44:17.313, 16 MiB
2023/10/20 10:44:17.314, 16 MiB
2023/10/20 10:44:17.316, 16 MiB
2023/10/20 10:44:17.317, 16 MiB
2023/10/20 10:44:17.318, 16 MiB
2023/10/20 10:44:17.319, 16 MiB
2023/10/20 10:44:17.320, 16 MiB
2023/10/20 10:44:17.321, 16 MiB
2023/10/20 10:44:17.322, 16 MiB
2023/10/20 10:44:17.323, 16 MiB
2023/10/20 10:44:17.324, 16 MiB
2023/10/20 10:44:17.325, 16 MiB
2023/10/20 10:44:17.326, 16 MiB
2023/10/20 10:44:17.327, 16 MiB
2023/10/20 10:44:17.328, 16 MiB
2023/10/20 10:44:17.330, 16 MiB
2023/10/20 10:44:17.331, 16 MiB
2023/10/20 10:44:17.332, 16 MiB
2023/10/20 10:44:17.333, 16 MiB
2023/10/20 10:44:17.334, 16 MiB
2023/10/20 10:44:17.335, 16 MiB
2023/10/20 10:44:17.336, 16 MiB
2023/10/20 10:44:17.337, 16 MiB
2023/10/20 10:44:17.338, 16 MiB
2023/10/20 10:44:17.340, 16 MiB
2023/10/20 10:44:17.341, 16 MiB
2023/10/20 10:44:17.342, 16 MiB
2023/10/20 10:44:17.343, 16 MiB
2023/10/20 10:44:17.344, 16 MiB
2023/10/20 10:44:17.345, 16 MiB
2023/10/20 10:44:17.346, 16 MiB
2023/10/20 10:44:17.347, 16 MiB
2023/10/20 10:44:17.348, 16 MiB
2023/10/20 10:44:17.349, 16 MiB
2023/10/20 10:44:17.350, 16 MiB
2023/10/20 10:44:17.351, 16 MiB
2023/10/20 10:44:17.352, 16 MiB
2023/10/20 10:44:17.353, 16 MiB
2023/10/20 10:44:17.355, 16 MiB
2023/10/20 10:44:17.356, 16 MiB
2023/10/20 10:44:17.357, 16 MiB
2023/10/20 10:44:17.358, 16 MiB
2023/10/20 10:44:17.359, 16 MiB
2023/10/20 10:44:17.360, 16 MiB
2023/10/20 10:44:17.361, 16 MiB
2023/10/20 10:44:17.362, 16 MiB
2023/10/20 10:44:17.363, 16 MiB
2023/10/20 10:44:17.365, 16 MiB
2023/10/20 10:44:17.366, 16 MiB
2023/10/20 10:44:17.367, 16 MiB
2023/10/20 10:44:17.368, 16 MiB
2023/10/20 10:44:17.369, 16 MiB
2023/10/20 10:44:17.370, 16 MiB
2023/10/20 10:44:17.371, 16 MiB
2023/10/20 10:44:17.372, 16 MiB
2023/10/20 10:44:17.373, 16 MiB
2023/10/20 10:44:17.375, 16 MiB
2023/10/20 10:44:17.376, 16 MiB
2023/10/20 10:44:17.377, 16 MiB
2023/10/20 10:44:17.378, 16 MiB
2023/10/20 10:44:17.379, 16 MiB
2023/10/20 10:44:17.380, 16 MiB
2023/10/20 10:44:17.381, 16 MiB
2023/10/20 10:44:17.382, 16 MiB
2023/10/20 10:44:17.383, 16 MiB
2023/10/20 10:44:17.384, 16 MiB
2023/10/20 10:44:17.386, 16 MiB
2023/10/20 10:44:17.387, 16 MiB
2023/10/20 10:44:17.388, 16 MiB
2023/10/20 10:44:17.389, 16 MiB
2023/10/20 10:44:17.390, 16 MiB
2023/10/20 10:44:17.391, 16 MiB
2023/10/20 10:44:17.392, 16 MiB
2023/10/20 10:44:17.393, 16 MiB
2023/10/20 10:44:17.394, 16 MiB
2023/10/20 10:44:17.396, 16 MiB
2023/10/20 10:44:17.397, 16 MiB
2023/10/20 10:44:17.398, 16 MiB
2023/10/20 10:44:17.399, 16 MiB
2023/10/20 10:44:17.400, 16 MiB
2023/10/20 10:44:17.401, 16 MiB
2023/10/20 10:44:17.402, 16 MiB
2023/10/20 10:44:17.403, 16 MiB
2023/10/20 10:44:17.404, 16 MiB
2023/10/20 10:44:17.405, 16 MiB
2023/10/20 10:44:17.407, 16 MiB
2023/10/20 10:44:17.408, 16 MiB
2023/10/20 10:44:17.409, 16 MiB
2023/10/20 10:44:17.410, 16 MiB
2023/10/20 10:44:17.411, 16 MiB
2023/10/20 10:44:17.412, 16 MiB
2023/10/20 10:44:17.413, 16 MiB
2023/10/20 10:44:17.414, 16 MiB
2023/10/20 10:44:17.415, 16 MiB
2023/10/20 10:44:17.417, 16 MiB
2023/10/20 10:44:17.418, 16 MiB
2023/10/20 10:44:17.419, 16 MiB
2023/10/20 10:44:17.420, 16 MiB
2023/10/20 10:44:17.421, 16 MiB
2023/10/20 10:44:17.422, 16 MiB
2023/10/20 10:44:17.423, 16 MiB
2023/10/20 10:44:17.424, 16 MiB
2023/10/20 10:44:17.425, 16 MiB
2023/10/20 10:44:17.427, 16 MiB
2023/10/20 10:44:17.430, 16 MiB
2023/10/20 10:44:17.431, 16 MiB
2023/10/20 10:44:17.433, 16 MiB
2023/10/20 10:44:17.434, 16 MiB
2023/10/20 10:44:17.435, 16 MiB
2023/10/20 10:44:17.436, 16 MiB
2023/10/20 10:44:17.437, 16 MiB
2023/10/20 10:44:17.438, 16 MiB
2023/10/20 10:44:17.439, 16 MiB
2023/10/20 10:44:17.440, 16 MiB
2023/10/20 10:44:17.441, 16 MiB
2023/10/20 10:44:17.442, 16 MiB
2023/10/20 10:44:17.444, 16 MiB
2023/10/20 10:44:17.445, 16 MiB
2023/10/20 10:44:17.446, 16 MiB
2023/10/20 10:44:17.447, 16 MiB
2023/10/20 10:44:17.448, 16 MiB
2023/10/20 10:44:17.449, 16 MiB
2023/10/20 10:44:17.450, 16 MiB
2023/10/20 10:44:17.451, 16 MiB
2023/10/20 10:44:17.452, 16 MiB
2023/10/20 10:44:17.453, 16 MiB
2023/10/20 10:44:17.454, 16 MiB
2023/10/20 10:44:17.455, 16 MiB
2023/10/20 10:44:17.456, 16 MiB
2023/10/20 10:44:17.457, 16 MiB
2023/10/20 10:44:17.459, 16 MiB
2023/10/20 10:44:17.460, 16 MiB
2023/10/20 10:44:17.461, 16 MiB
2023/10/20 10:44:17.462, 16 MiB
2023/10/20 10:44:17.463, 16 MiB
2023/10/20 10:44:17.464, 16 MiB
2023/10/20 10:44:17.465, 16 MiB
2023/10/20 10:44:17.466, 16 MiB
2023/10/20 10:44:17.467, 16 MiB
2023/10/20 10:44:17.468, 16 MiB
2023/10/20 10:44:17.469, 16 MiB
2023/10/20 10:44:17.470, 16 MiB
2023/10/20 10:44:17.471, 16 MiB
2023/10/20 10:44:17.472, 16 MiB
2023/10/20 10:44:17.474, 16 MiB
2023/10/20 10:44:17.475, 16 MiB
2023/10/20 10:44:17.476, 16 MiB
2023/10/20 10:44:17.477, 16 MiB
2023/10/20 10:44:17.478, 16 MiB
2023/10/20 10:44:17.479, 16 MiB
2023/10/20 10:44:17.480, 16 MiB
2023/10/20 10:44:17.481, 16 MiB
2023/10/20 10:44:17.482, 16 MiB
2023/10/20 10:44:17.483, 16 MiB
2023/10/20 10:44:17.484, 16 MiB
2023/10/20 10:44:17.485, 16 MiB
2023/10/20 10:44:17.486, 16 MiB
2023/10/20 10:44:17.487, 16 MiB
2023/10/20 10:44:17.489, 16 MiB
2023/10/20 10:44:17.490, 16 MiB
2023/10/20 10:44:17.491, 16 MiB
2023/10/20 10:44:17.492, 16 MiB
2023/10/20 10:44:17.493, 16 MiB
2023/10/20 10:44:17.494, 16 MiB
2023/10/20 10:44:17.495, 16 MiB
2023/10/20 10:44:17.496, 16 MiB
2023/10/20 10:44:17.497, 16 MiB
2023/10/20 10:44:17.498, 16 MiB
2023/10/20 10:44:17.499, 16 MiB
2023/10/20 10:44:17.500, 16 MiB
2023/10/20 10:44:17.501, 16 MiB
2023/10/20 10:44:17.502, 16 MiB
2023/10/20 10:44:17.504, 16 MiB
2023/10/20 10:44:17.505, 16 MiB
2023/10/20 10:44:17.506, 16 MiB
2023/10/20 10:44:17.507, 16 MiB
2023/10/20 10:44:17.508, 16 MiB
2023/10/20 10:44:17.509, 16 MiB
2023/10/20 10:44:17.510, 16 MiB
2023/10/20 10:44:17.511, 16 MiB
2023/10/20 10:44:17.512, 16 MiB
2023/10/20 10:44:17.513, 16 MiB
2023/10/20 10:44:17.514, 16 MiB
2023/10/20 10:44:17.515, 16 MiB
2023/10/20 10:44:17.516, 16 MiB
2023/10/20 10:44:17.517, 16 MiB
2023/10/20 10:44:17.519, 16 MiB
2023/10/20 10:44:17.520, 16 MiB
2023/10/20 10:44:17.521, 16 MiB
2023/10/20 10:44:17.522, 16 MiB
2023/10/20 10:44:17.523, 16 MiB
2023/10/20 10:44:17.524, 16 MiB
2023/10/20 10:44:17.525, 16 MiB
2023/10/20 10:44:17.526, 16 MiB
2023/10/20 10:44:17.527, 16 MiB
2023/10/20 10:44:17.528, 16 MiB
2023/10/20 10:44:17.529, 16 MiB
2023/10/20 10:44:17.530, 16 MiB
2023/10/20 10:44:17.531, 16 MiB
2023/10/20 10:44:17.532, 16 MiB
2023/10/20 10:44:17.534, 16 MiB
2023/10/20 10:44:17.535, 16 MiB
2023/10/20 10:44:17.536, 16 MiB
2023/10/20 10:44:17.537, 16 MiB
2023/10/20 10:44:17.538, 16 MiB
2023/10/20 10:44:17.539, 16 MiB
2023/10/20 10:44:17.540, 16 MiB
2023/10/20 10:44:17.541, 16 MiB
2023/10/20 10:44:17.542, 16 MiB
2023/10/20 10:44:17.543, 16 MiB
2023/10/20 10:44:17.544, 16 MiB
2023/10/20 10:44:17.545, 16 MiB
2023/10/20 10:44:17.547, 16 MiB
2023/10/20 10:44:17.548, 16 MiB
2023/10/20 10:44:17.549, 16 MiB
2023/10/20 10:44:17.550, 16 MiB
2023/10/20 10:44:17.551, 16 MiB
2023/10/20 10:44:17.552, 16 MiB
2023/10/20 10:44:17.553, 16 MiB
2023/10/20 10:44:17.554, 16 MiB
2023/10/20 10:44:17.555, 16 MiB
2023/10/20 10:44:17.556, 16 MiB
2023/10/20 10:44:17.557, 16 MiB
2023/10/20 10:44:17.558, 16 MiB
2023/10/20 10:44:17.560, 16 MiB
2023/10/20 10:44:17.561, 16 MiB
2023/10/20 10:44:17.562, 16 MiB
2023/10/20 10:44:17.563, 16 MiB
2023/10/20 10:44:17.564, 16 MiB
2023/10/20 10:44:17.565, 16 MiB
2023/10/20 10:44:17.566, 16 MiB
2023/10/20 10:44:17.567, 16 MiB
2023/10/20 10:44:17.568, 16 MiB
2023/10/20 10:44:17.569, 16 MiB
2023/10/20 10:44:17.570, 16 MiB
2023/10/20 10:44:17.571, 16 MiB
2023/10/20 10:44:17.573, 16 MiB
2023/10/20 10:44:17.574, 16 MiB
2023/10/20 10:44:17.575, 16 MiB
2023/10/20 10:44:17.576, 16 MiB
2023/10/20 10:44:17.577, 16 MiB
2023/10/20 10:44:17.578, 16 MiB
2023/10/20 10:44:17.579, 16 MiB
2023/10/20 10:44:17.580, 16 MiB
2023/10/20 10:44:17.581, 16 MiB
2023/10/20 10:44:17.582, 16 MiB
2023/10/20 10:44:17.583, 16 MiB
2023/10/20 10:44:17.585, 16 MiB
2023/10/20 10:44:17.586, 16 MiB
2023/10/20 10:44:17.587, 16 MiB
2023/10/20 10:44:17.588, 16 MiB
2023/10/20 10:44:17.589, 16 MiB
2023/10/20 10:44:17.590, 16 MiB
2023/10/20 10:44:17.591, 16 MiB
2023/10/20 10:44:17.592, 16 MiB
2023/10/20 10:44:17.593, 16 MiB
2023/10/20 10:44:17.594, 16 MiB
2023/10/20 10:44:17.596, 16 MiB
2023/10/20 10:44:17.597, 16 MiB
2023/10/20 10:44:17.598, 16 MiB
2023/10/20 10:44:17.599, 16 MiB
2023/10/20 10:44:17.600, 16 MiB
2023/10/20 10:44:17.601, 16 MiB
2023/10/20 10:44:17.602, 16 MiB
2023/10/20 10:44:17.603, 16 MiB
2023/10/20 10:44:17.604, 16 MiB
2023/10/20 10:44:17.605, 16 MiB
2023/10/20 10:44:17.607, 16 MiB
2023/10/20 10:44:17.608, 16 MiB
2023/10/20 10:44:17.609, 16 MiB
2023/10/20 10:44:17.610, 16 MiB
2023/10/20 10:44:17.611, 16 MiB
2023/10/20 10:44:17.612, 16 MiB
2023/10/20 10:44:17.613, 16 MiB
2023/10/20 10:44:17.614, 16 MiB
2023/10/20 10:44:17.615, 16 MiB
2023/10/20 10:44:17.616, 16 MiB
2023/10/20 10:44:17.617, 16 MiB
2023/10/20 10:44:17.619, 16 MiB
2023/10/20 10:44:17.620, 16 MiB
2023/10/20 10:44:17.621, 16 MiB
2023/10/20 10:44:17.622, 16 MiB
2023/10/20 10:44:17.623, 16 MiB
2023/10/20 10:44:17.624, 16 MiB
2023/10/20 10:44:17.625, 16 MiB
2023/10/20 10:44:17.626, 16 MiB
2023/10/20 10:44:17.627, 16 MiB
2023/10/20 10:44:17.629, 16 MiB
2023/10/20 10:44:17.630, 16 MiB
2023/10/20 10:44:17.631, 16 MiB
2023/10/20 10:44:17.632, 16 MiB
2023/10/20 10:44:17.633, 16 MiB
2023/10/20 10:44:17.634, 16 MiB
2023/10/20 10:44:17.635, 16 MiB
2023/10/20 10:44:17.636, 16 MiB
2023/10/20 10:44:17.637, 16 MiB
2023/10/20 10:44:17.638, 16 MiB
2023/10/20 10:44:17.640, 16 MiB
2023/10/20 10:44:17.641, 16 MiB
2023/10/20 10:44:17.642, 16 MiB
2023/10/20 10:44:17.643, 16 MiB
2023/10/20 10:44:17.644, 16 MiB
2023/10/20 10:44:17.645, 16 MiB
2023/10/20 10:44:17.646, 16 MiB
2023/10/20 10:44:17.647, 16 MiB
2023/10/20 10:44:17.648, 16 MiB
2023/10/20 10:44:17.650, 16 MiB
2023/10/20 10:44:17.651, 16 MiB
2023/10/20 10:44:17.652, 16 MiB
2023/10/20 10:44:17.653, 16 MiB
2023/10/20 10:44:17.654, 16 MiB
2023/10/20 10:44:17.655, 16 MiB
2023/10/20 10:44:17.656, 16 MiB
2023/10/20 10:44:17.657, 16 MiB
2023/10/20 10:44:17.658, 16 MiB
2023/10/20 10:44:17.659, 16 MiB
2023/10/20 10:44:17.661, 16 MiB
2023/10/20 10:44:17.662, 16 MiB
2023/10/20 10:44:17.663, 16 MiB
2023/10/20 10:44:17.664, 16 MiB
2023/10/20 10:44:17.665, 16 MiB
2023/10/20 10:44:17.666, 16 MiB
2023/10/20 10:44:17.667, 16 MiB
2023/10/20 10:44:17.668, 16 MiB
2023/10/20 10:44:17.669, 16 MiB
2023/10/20 10:44:17.671, 16 MiB
2023/10/20 10:44:17.672, 16 MiB
2023/10/20 10:44:17.673, 16 MiB
2023/10/20 10:44:17.674, 16 MiB
2023/10/20 10:44:17.675, 16 MiB
2023/10/20 10:44:17.676, 16 MiB
2023/10/20 10:44:17.677, 16 MiB
2023/10/20 10:44:17.678, 16 MiB
2023/10/20 10:44:17.679, 16 MiB
2023/10/20 10:44:17.680, 16 MiB
2023/10/20 10:44:17.682, 16 MiB
2023/10/20 10:44:17.683, 16 MiB
2023/10/20 10:44:17.684, 16 MiB
2023/10/20 10:44:17.685, 16 MiB
2023/10/20 10:44:17.686, 16 MiB
2023/10/20 10:44:17.687, 16 MiB
2023/10/20 10:44:17.688, 16 MiB
2023/10/20 10:44:17.689, 16 MiB
2023/10/20 10:44:17.690, 16 MiB
2023/10/20 10:44:17.692, 16 MiB
2023/10/20 10:44:17.693, 16 MiB
2023/10/20 10:44:17.694, 16 MiB
2023/10/20 10:44:17.695, 16 MiB
2023/10/20 10:44:17.696, 16 MiB
2023/10/20 10:44:17.697, 16 MiB
2023/10/20 10:44:17.698, 16 MiB
2023/10/20 10:44:17.699, 16 MiB
2023/10/20 10:44:17.700, 16 MiB
2023/10/20 10:44:17.702, 16 MiB
2023/10/20 10:44:17.703, 16 MiB
2023/10/20 10:44:17.704, 16 MiB
2023/10/20 10:44:17.705, 16 MiB
2023/10/20 10:44:17.706, 16 MiB
2023/10/20 10:44:17.707, 16 MiB
2023/10/20 10:44:17.708, 16 MiB
2023/10/20 10:44:17.709, 16 MiB
2023/10/20 10:44:17.710, 16 MiB
2023/10/20 10:44:17.711, 16 MiB
2023/10/20 10:44:17.713, 16 MiB
2023/10/20 10:44:17.714, 16 MiB
2023/10/20 10:44:17.715, 16 MiB
2023/10/20 10:44:17.716, 16 MiB
2023/10/20 10:44:17.717, 16 MiB
2023/10/20 10:44:17.718, 16 MiB
2023/10/20 10:44:17.719, 16 MiB
2023/10/20 10:44:17.720, 16 MiB
2023/10/20 10:44:17.722, 16 MiB
2023/10/20 10:44:17.723, 16 MiB
2023/10/20 10:44:17.724, 16 MiB
2023/10/20 10:44:17.725, 16 MiB
2023/10/20 10:44:17.726, 16 MiB
2023/10/20 10:44:17.727, 16 MiB
2023/10/20 10:44:17.728, 16 MiB
2023/10/20 10:44:17.729, 16 MiB
2023/10/20 10:44:17.730, 16 MiB
2023/10/20 10:44:17.731, 16 MiB
2023/10/20 10:44:17.733, 16 MiB
2023/10/20 10:44:17.734, 16 MiB
2023/10/20 10:44:17.735, 16 MiB
2023/10/20 10:44:17.736, 16 MiB
2023/10/20 10:44:17.737, 16 MiB
2023/10/20 10:44:17.738, 16 MiB
2023/10/20 10:44:17.739, 16 MiB
2023/10/20 10:44:17.740, 16 MiB
2023/10/20 10:44:17.741, 16 MiB
2023/10/20 10:44:17.742, 16 MiB
2023/10/20 10:44:17.744, 16 MiB
2023/10/20 10:44:17.745, 16 MiB
2023/10/20 10:44:17.746, 16 MiB
2023/10/20 10:44:17.747, 16 MiB
2023/10/20 10:44:17.748, 16 MiB
2023/10/20 10:44:17.749, 16 MiB
2023/10/20 10:44:17.752, 16 MiB
2023/10/20 10:44:17.754, 16 MiB
2023/10/20 10:44:17.755, 16 MiB
2023/10/20 10:44:17.756, 16 MiB
2023/10/20 10:44:17.757, 16 MiB
2023/10/20 10:44:17.758, 16 MiB
2023/10/20 10:44:17.759, 16 MiB
2023/10/20 10:44:17.760, 16 MiB
2023/10/20 10:44:17.761, 16 MiB
2023/10/20 10:44:17.762, 16 MiB
2023/10/20 10:44:17.763, 16 MiB
2023/10/20 10:44:17.764, 16 MiB
2023/10/20 10:44:17.766, 16 MiB
2023/10/20 10:44:17.767, 16 MiB
2023/10/20 10:44:17.768, 16 MiB
2023/10/20 10:44:17.769, 16 MiB
2023/10/20 10:44:17.770, 16 MiB
2023/10/20 10:44:17.771, 16 MiB
2023/10/20 10:44:17.772, 16 MiB
2023/10/20 10:44:17.773, 16 MiB
2023/10/20 10:44:17.774, 16 MiB
2023/10/20 10:44:17.775, 16 MiB
2023/10/20 10:44:17.777, 16 MiB
2023/10/20 10:44:17.778, 16 MiB
2023/10/20 10:44:17.779, 16 MiB
2023/10/20 10:44:17.780, 16 MiB
2023/10/20 10:44:17.781, 16 MiB
2023/10/20 10:44:17.782, 16 MiB
2023/10/20 10:44:17.783, 16 MiB
2023/10/20 10:44:17.784, 16 MiB
2023/10/20 10:44:17.785, 16 MiB
2023/10/20 10:44:17.786, 16 MiB
2023/10/20 10:44:17.787, 16 MiB
2023/10/20 10:44:17.789, 16 MiB
2023/10/20 10:44:17.790, 16 MiB
2023/10/20 10:44:17.791, 16 MiB
2023/10/20 10:44:17.792, 16 MiB
2023/10/20 10:44:17.793, 16 MiB
2023/10/20 10:44:17.794, 16 MiB
2023/10/20 10:44:17.795, 16 MiB
2023/10/20 10:44:17.796, 16 MiB
2023/10/20 10:44:17.797, 16 MiB
2023/10/20 10:44:17.798, 16 MiB
2023/10/20 10:44:17.799, 16 MiB
2023/10/20 10:44:17.800, 16 MiB
2023/10/20 10:44:17.802, 16 MiB
2023/10/20 10:44:17.803, 16 MiB
2023/10/20 10:44:17.804, 16 MiB
2023/10/20 10:44:17.805, 16 MiB
2023/10/20 10:44:17.806, 16 MiB
2023/10/20 10:44:17.807, 16 MiB
2023/10/20 10:44:17.808, 16 MiB
2023/10/20 10:44:17.809, 16 MiB
2023/10/20 10:44:17.810, 16 MiB
2023/10/20 10:44:17.811, 16 MiB
2023/10/20 10:44:17.812, 16 MiB
2023/10/20 10:44:17.813, 16 MiB
2023/10/20 10:44:17.814, 16 MiB
2023/10/20 10:44:17.816, 16 MiB
2023/10/20 10:44:17.817, 16 MiB
2023/10/20 10:44:17.818, 16 MiB
2023/10/20 10:44:17.819, 16 MiB
2023/10/20 10:44:17.820, 16 MiB
2023/10/20 10:44:17.821, 16 MiB
2023/10/20 10:44:17.822, 16 MiB
2023/10/20 10:44:17.823, 16 MiB
2023/10/20 10:44:17.824, 16 MiB
2023/10/20 10:44:17.825, 16 MiB
2023/10/20 10:44:17.826, 16 MiB
2023/10/20 10:44:17.827, 16 MiB
2023/10/20 10:44:17.828, 16 MiB
2023/10/20 10:44:17.829, 16 MiB
2023/10/20 10:44:17.831, 16 MiB
2023/10/20 10:44:17.832, 16 MiB
2023/10/20 10:44:17.833, 16 MiB
2023/10/20 10:44:17.834, 16 MiB
2023/10/20 10:44:17.835, 16 MiB
2023/10/20 10:44:17.836, 16 MiB
2023/10/20 10:44:17.837, 16 MiB
2023/10/20 10:44:17.838, 16 MiB
2023/10/20 10:44:17.839, 16 MiB
2023/10/20 10:44:17.840, 16 MiB
2023/10/20 10:44:17.841, 16 MiB
2023/10/20 10:44:17.842, 16 MiB
2023/10/20 10:44:17.843, 16 MiB
2023/10/20 10:44:17.845, 16 MiB
2023/10/20 10:44:17.846, 16 MiB
2023/10/20 10:44:17.847, 16 MiB
2023/10/20 10:44:17.848, 16 MiB
2023/10/20 10:44:17.849, 16 MiB
2023/10/20 10:44:17.850, 16 MiB
