# registration_from_features.py FastGlobal FastGlobal_config.json l2 True --use_random_keypoints=True --n_keypoints=5000 --input_txt=/neural_comparison/point_clouds_registration_benchmark//eth/gazebo_winter_global.txt --input_pcd_dir=/neural_comparison/point_clouds_registration_benchmark//eth/gazebo_winter/ --input_features_dir=/neural_comparison/experiments/FCGF/all_kitti//eth/gazebo_winter/ --output_dir=/root/neural_registration_comparison/results/FCGF/all_kitti/FastGlobal
id;initial_error;final_error;transformation
38591597440030;3.9584549028563556;1.7338155127807964;-0.5805178812476022  -0.45167996277823913  -0.6774837273148656  -3.458529462174683  -0.004692404620474404  0.8338785826722264  -0.5519279760072313  -5.471379723257035  0.8142339779760316  -0.317225031460646  -0.4862008931749509  -3.4530905285954487  0.0  0.0  0.0  1.0
38591597440061;2.893302858668122;4.468815492346488;0.4478029669629497  0.6254454669482675  -0.6389761111755604  7.977525931418128  0.13966741014978376  0.6569311750191142  0.7409011039471171  -0.46740614126384444  0.8831565644443978  -0.4210218511691143  0.20682138070542844  -9.452326061100377  0.0  0.0  0.0  1.0
38591597440092;2.596560926939177;4.662615801054498;0.8854393012025695  0.15011761272351387  0.4398430927456957  -7.736112820718489  0.10823068896814941  0.853774825762369  -0.5092687550399261  5.097698904475547  -0.4519771696130082  0.4985310915526027  0.7397184524560576  5.130911173876721  0.0  0.0  0.0  1.0
38591597440123;2.5491129024057546;5.940866894671632;-0.10688023616216895  0.9434520795849844  -0.3138069289303291  -0.544544385036576  0.5057742406042717  0.3233186230646595  0.7997858998011553  4.468255774920608  0.8560192945600521  -0.07323415532617568  -0.5117301298873953  -0.6659037345976102  0.0  0.0  0.0  1.0
38591597440154;2.8903184466470044;7.60450407042832;0.897141781872786  -0.4292867433277804  0.10416100624105286  5.112857265920159  0.4272599183711155  0.7833778947695123  -0.4514067302776884  -0.15953991236043688  0.11218549537096045  0.4494796613746991  0.8862180593053032  -7.065904288912669  0.0  0.0  0.0  1.0
38591597440185;5.076548343189817;1.0189316282170746;0.5688478549912208  0.31896021510739986  0.7580742041848733  8.412094866485896  -0.30866922117270623  0.9371532774492621  -0.1626869585023375  0.986283807749696  -0.7623223922806706  -0.1414500468177634  0.6315508328572849  -1.3321261826276367  0.0  0.0  0.0  1.0
38591597440216;1.6762692747156474;3.3731973938030286;0.5159276966056899  -0.4624224874946127  0.7210991990943004  -1.4207645972701608  -0.805889024870771  -0.5474239178437885  0.22554364048980566  1.2208149611329422  0.29045049744833384  -0.6974901413151676  -0.6550923685253583  2.861433733426385  0.0  0.0  0.0  1.0
38591597440247;4.93981129019194;4.642058749673984;-0.49834108080629336  -0.4250357392319587  -0.7556459406073429  9.674448031594844  0.7014109193783843  -0.7099457770983161  -0.06324330602551706  -13.492821536413373  -0.50958697918764  -0.5615350514044603  0.6519198544963977  -9.892300298144114  0.0  0.0  0.0  1.0
38591597440278;3.836455877765292;3.517412456310964;0.42675531308331704  -0.7619364639683517  -0.48716806918204614  -2.4639007483774717  0.8960795298907378  0.28348969125313644  0.3415773280883795  0.8811206840805946  -0.12215309601461306  -0.5823112740009455  0.803736400385998  7.470177752383918  0.0  0.0  0.0  1.0
38591597440309;3.8455601514228666;4.570797121539933;-0.6668429078018893  -0.7418504392605003  -0.070558217688131  -5.265267393093489  -0.7041479506943662  0.6582699544109619  -0.26618852464505804  3.335487812796883  0.24391842867492616  -0.12782250540806148  -0.9613351170450194  4.953013467411536  0.0  0.0  0.0  1.0
38591597440340;3.1249643016133017;2.3864966165374826;0.792119223559191  0.586619461182011  -0.1685963921040695  5.673978666012292  -0.6102504827670634  0.7665393875416381  -0.20002928693033012  4.751517686776294  0.01189470262549082  0.2613330731266453  0.9651753938738983  3.9199296253778404  0.0  0.0  0.0  1.0
38591597440371;1.9082676334258446;2.328482258724199;0.07574800950451759  -0.7618615055268848  -0.6432956438935457  3.2587419468672203  0.9512424693264782  0.24866683672670237  -0.18248991441172924  -5.691530128492342  0.2989983337842678  -0.5981068890329247  0.7435510377140158  2.432411846593834  0.0  0.0  0.0  1.0
38591597440402;1.653095540299216;5.784122769452829;0.7447848184449727  -0.49156373565669625  0.4512877884467105  -0.14076924414602698  0.5389514663762254  0.04433494991985802  -0.8411692630538286  -1.605978401177641  0.3934804837661021  0.8697123122060743  0.2979489937763799  7.40620756986987  0.0  0.0  0.0  1.0
38591597440433;5.513897604577699;8.834981475630952;0.9964775817136114  -0.0640107182825145  0.05417616715080666  6.763362560745555  0.02447896509740635  0.8399260410222312  0.5421485275092818  1.1967026497642037  -0.08020729025441233  -0.538912677117247  0.8385343863148168  -4.009520947954973  0.0  0.0  0.0  1.0
38591597440464;2.6229936829188185;4.298019529930688;0.9723493084626924  -0.2168797465750076  -0.08660252800976793  0.025716503582277995  0.137284161324612  0.8308446104541601  -0.5393053794731448  -2.030016681227667  0.18891765767529464  0.5125040573545102  0.8376453365319027  7.396089531057944  0.0  0.0  0.0  1.0
38591597440495;7.040304842930483;6.379984455859686;0.3766507051834689  -0.30503588276878335  -0.8746927211931416  -1.6516001943345713  0.8182727120566294  0.5521737146046356  0.1597934842326332  -3.4247207399468396  0.43423958247525357  -0.7759235137068518  0.4575791580574122  -12.413698473482341  0.0  0.0  0.0  1.0
38591597440526;4.4907205692444;3.1955377877260713;-0.19622346744265765  -0.8530291697141805  0.4835675614032829  -6.956819411682072  -0.9476406052780374  0.29168086343568606  0.12999829665687054  7.367074763588057  -0.2519397429010666  -0.4327395400493793  -0.865599709117786  6.536104657160654  0.0  0.0  0.0  1.0
38591597440557;2.48450718425269;3.5939966408044284;-0.951275383011999  -0.3054451964611223  0.042170814957719384  -8.951191014948927  0.1264223272335587  -0.5111057360939915  -0.8501695840881806  4.541337053366057  0.28123396105773346  -0.8034140641603467  0.5248173974413681  -2.9261349193762074  0.0  0.0  0.0  1.0
38591597440588;2.328820346378117;3.4496922072728613;0.8820724187213241  -0.23661727254515216  -0.4073825161496342  -0.8844239503106304  0.32175188792188264  0.9342071970482914  0.15405400222609802  1.422156181258647  0.3441278407072259  -0.2669628800347864  0.9001704560435853  -6.142104001972818  0.0  0.0  0.0  1.0
38591597440619;6.320591373756098;3.1455604277313975;0.8316381154493154  0.23504760785316337  0.5031209267903833  -1.8270548490231235  0.28580162811001214  0.5956382177275207  -0.7506880463628341  -6.486200349040311  -0.4761254816763916  0.7680935721804262  0.42817845587270664  6.516631665990006  0.0  0.0  0.0  1.0
38591597440650;2.279414240855783;3.498457186303175;0.5391082146798171  0.8364803073801915  -0.09830070309962238  -1.226289984139791  -0.8347090560922784  0.5462077989661261  0.07012725594316019  5.172766829069798  0.11235267928393135  0.04424630734558123  0.9926827991579192  -2.7466801382839647  0.0  0.0  0.0  1.0
38591597440681;2.179632741963947;2.1975015663288313;0.8523409892951992  0.37745398745875397  0.3619990681186434  -1.2577299125279364  0.254527266753627  0.305286291750046  -0.9176143800902601  -0.26406751953964214  -0.45687055983747454  0.8742589818932323  0.16413568817536273  -1.9112768831913305  0.0  0.0  0.0  1.0
38591597440712;3.8212360075464504;6.0367475615198725;-0.2835654956664093  0.9533520319160631  0.10349160791569913  10.460505571621832  -0.1394255195518298  -0.14776247364420395  0.9791459420741372  -2.1941172929815225  0.948762949405786  0.2632226331911057  0.17482194144550356  -14.186146468381747  0.0  0.0  0.0  1.0
38591597440743;5.199898909440479;3.2836115988659964;0.9228911874251289  0.15764953968678505  0.3513096622775711  -5.094510871374321  -0.2683044316067821  0.91768640849007  0.2930262576165469  -5.524274011429089  -0.27619664761397406  -0.3646892900938306  0.8892227693540357  3.1258929438174294  0.0  0.0  0.0  1.0
38591597440774;4.068195372446665;4.068195372446663;1.0  -2.2857004204389046e-16  1.3427894351051645e-16  5.329070518200751e-15  2.2857004204389046e-16  1.0  2.572830448650179e-16  8.881784197001251e-16  -1.3427894351051645e-16  -2.572830448650179e-16  1.0  -2.220446049250313e-16  0.0  0.0  0.0  1.0
38591597440805;6.856595695350732;8.689423611549923;-0.6361324533609798  0.5675902295135278  -0.5226632119651454  2.012067572600768  0.10518948298529024  0.734864963191862  0.6700064615675794  -3.586619746394339  0.7643760033191959  0.37123418112264966  -0.5271759747142957  18.597924278215107  0.0  0.0  0.0  1.0
38591597440836;1.767433218515084;2.411650563531892;0.18312306714860227  -0.9800343318850869  0.0774509561247667  0.7217782203781881  0.656375834713572  0.0632340348437463  -0.7517793695236931  -2.937755460272012  0.7318720556778675  0.18850507994197865  0.6548504630477999  -0.4619671647703835  0.0  0.0  0.0  1.0
38591597440867;2.621604289268463;3.4101883472815087;0.5972308247684119  0.026411619480146673  -0.8016344355770164  0.13261095306990203  0.4574119272642953  0.8097826002651856  0.3674594795404241  -6.444985099841665  0.6588548176516628  -0.586135280173607  0.4715461404708994  -6.427887654307389  0.0  0.0  0.0  1.0
38591597440898;2.670728938211616;4.748923323517987;0.5911753353486553  -0.8021569440183943  0.08399976213344196  2.011082857122502  0.7645675726536801  0.5905215161038619  0.25830363114919175  -12.19072977978711  -0.25680371827889414  -0.08847924152854669  0.9624049428887345  -4.3578964918845555  0.0  0.0  0.0  1.0
38591597440929;1.8420211736250836;1.3254553498123356;-0.5073254951005275  0.846743285406687  -0.16014571689462964  5.842124689847811  -0.7804882266832054  -0.3726980151352777  0.5019305903440513  0.21100002863977077  0.3653203662949957  0.3796340318423962  0.8499523703344668  1.4816986815080786  0.0  0.0  0.0  1.0
38591597440960;4.0321706019458725;2.243435759074862;0.8365236438057677  -0.1172404564832005  -0.5352409445451007  5.317301930419346  0.19144005083197585  0.9778153228624681  0.08501706483299071  -4.04409504984503  0.5133993575096994  -0.17358533849083352  0.8404101557987335  -5.277665891234647  0.0  0.0  0.0  1.0
38591597440991;5.87031157311765;5.87031157311765;1.0  3.0696692410807294e-16  -1.3560093430738812e-16  -4.440892098500626e-16  -3.0696692410807294e-16  1.0  2.1425706565168997e-16  -1.7763568394002503e-15  1.3560093430738817e-16  -2.1425706565168997e-16  1.0  -4.3790577010150533e-47  0.0  0.0  0.0  1.0
38591597441022;4.407785844403787;5.440772078915114;-0.8385730434481159  0.23487104572705536  0.49155960236907537  8.491386534209074  0.5208277927032862  0.6102793041600739  0.5969066771797077  4.0305680377758915  -0.15979255661634076  0.7565677516210809  -0.6340911417588461  7.027553034355427  0.0  0.0  0.0  1.0
38591597441053;5.317946691794153;6.151465136068509;-0.8460744602789633  0.533064652555852  -0.00028958448001318584  6.854448618508906  0.5307899562757142  0.842513971520935  0.09182717521978105  -1.1828425962693059  0.04919380022406457  0.07753891917953465  -0.9957749173543105  17.744283676768692  0.0  0.0  0.0  1.0
38591597441084;5.062681624331849;5.008921050722064;0.0492075712127131  -0.687656351384439  0.7243668665365539  -6.8999349386840425  -0.8817356245732832  0.3107679305927418  0.35491630234953564  10.673145730120082  -0.4691704416240516  -0.6561646407082186  -0.5910389674044736  4.942342716377776  0.0  0.0  0.0  1.0
38591597441115;4.0304954775959185;4.04593734076789;0.7945942050640286  0.501345332184814  0.342451320883953  2.972137105707089  0.06946231752833314  -0.6354033060502704  0.7690498196501836  6.572756497504968  0.6031542387501382  -0.5872950677103336  -0.5397123935216388  -6.022862675683954  0.0  0.0  0.0  1.0
38591597441146;3.50878041807317;2.8259095067422644;0.6589704567488771  -0.47205476542656044  -0.5855956246167228  4.683394820203585  -0.5274963632807971  -0.8450293454234247  0.08759561689257801  -0.1254728740073814  -0.5361954157373124  0.25117663866556655  -0.80585654575176  5.072855280447731  0.0  0.0  0.0  1.0
38591597441177;1.8734213949510077;2.904702749159665;0.026691120756897068  -0.006567729519905989  0.9996221531167124  4.85416068829967  0.12755045277450222  0.9918272052864909  0.0031107636695625663  1.7205868836670786  -0.991472877122597  0.12741922846470857  0.027310696580241604  0.9202859167432931  0.0  0.0  0.0  1.0
38591597441208;4.856694250338816;2.8510481341136114;0.4890753264879994  0.8494184417190851  0.1982262240173555  -0.7225814767855392  -0.8622417388420978  0.5051316497694909  -0.0371645018762402  4.60165022471772  -0.1316985528364455  -0.15274268319194173  0.9794514607228433  7.163902332250123  0.0  0.0  0.0  1.0
38591597441239;3.562972413096303;3.5629724130963014;1.0  2.240821376867416e-16  -3.3594723320604897e-16  1.3322676295501878e-15  -2.240821376867416e-16  1.0  3.7291759142168576e-16  -5.204170427930421e-16  3.3594723320604897e-16  -3.729175914216857e-16  1.0  -2.6645352591003757e-15  0.0  0.0  0.0  1.0
38591597441270;3.8856885051039876;4.598472867371308;0.8619695793475134  0.2226068558201438  -0.45547187840890907  6.932024085015325  -0.47153932039474244  0.6819781125837876  -0.5590675480461357  1.7392236567003723  0.18616958291067232  0.6966721192200283  0.6928122723367012  -2.055315260182792  0.0  0.0  0.0  1.0
38591597441301;5.885271651627378;8.098560163419647;0.769796489373537  -0.45411174426032375  0.44854864694147  9.13608134913038  0.4369080014402992  0.8871853387266937  0.14836971734773388  3.8135603998603447  -0.46532221441235894  0.08176000534031855  0.8813572137908261  -1.5171667296317124  0.0  0.0  0.0  1.0
38591597441332;4.848688954378692;1.0573524340575562;0.4709291724590738  0.06807416537901928  0.8795405746950867  -1.4043437609572813  0.7802285603506074  0.43311923228427046  -0.45127721440230306  3.07100391571252  -0.411666258199807  0.8987622814924058  0.15085507358499967  5.775470882682818  0.0  0.0  0.0  1.0
38591597441363;1.9312590227021411;4.596468147839786;0.4109322564348048  0.905933736935886  -0.10207225334429192  8.514111276505506  -0.6948032256355092  0.38370033200270265  0.608294774650831  -1.4950413139286143  0.5902399158544693  -0.17904781345326798  0.7871205258597409  -6.571065512725761  0.0  0.0  0.0  1.0
38591597441394;1.946076302141685;6.158803238843136;0.30464251100099926  -0.9249967783407899  -0.2270988783551486  4.396096843729975  0.8519412085117555  0.15801533737662884  0.49922673245057686  -14.841540091663136  -0.42589801329724014  -0.3455605782101173  0.8361810623642194  -2.704812891436858  0.0  0.0  0.0  1.0
38591597441425;2.927510512380139;2.995588027429038;0.20151139438256047  0.709372859817575  0.6754134316759098  2.798227668194192  -0.610573132109436  0.6301634611148123  -0.4796816263125714  6.861284166023914  -0.7658939928476184  -0.31572798106920236  0.5601091265904323  0.10579952487604458  0.0  0.0  0.0  1.0
38591597441456;2.426629832247053;2.426629832247055;1.0  -6.358630924457896e-17  2.9271160359564175e-16  1.3322676295501878e-15  6.358630924457896e-17  1.0  8.737212110649502e-17  2.220446049250313e-16  -2.9271160359564175e-16  -8.737212110649501e-17  1.0  4.440892098500626e-15  0.0  0.0  0.0  1.0
38591597441487;5.191066102703561;4.840799463270548;0.9125172374657493  0.16012366714436607  0.37639434446882575  6.639739789271653  0.04061164237331311  0.8801802258685367  -0.47289900030953136  3.4084081821274097  -0.40701718124867753  0.44681448187167383  0.7966767430759668  12.806619999567147  0.0  0.0  0.0  1.0
38591597441518;4.920812353335283;4.0300843841287435;0.16362944962508494  -0.6236614490063095  -0.7643767397290036  3.294686742393452  -0.4921562034740994  0.6199079171678497  -0.6111435556516802  -9.478273005304855  0.854989868125554  0.476193837902139  -0.20550365969169335  9.600292766966758  0.0  0.0  0.0  1.0
38591597441549;4.927630398119143;5.073657104183158;0.17266836698891358  -0.5687600026818879  0.804175163997669  -5.392745053064683  0.9570295519724591  -0.09623986749026887  -0.2735549753831042  -4.390164411807705  0.23298083975463924  0.816853687789162  0.5277025497877291  4.46028638245264  0.0  0.0  0.0  1.0
38591597441580;4.789769207117012;3.0324960510418935;0.8322561267735245  -0.5543380147839861  -0.007687965483792371  -3.7353651795013953  0.4933934590447634  0.7342907748429165  0.46624023051687924  -4.0721864509212455  -0.25280948166509576  -0.39182448027903843  0.8846247467905743  -2.66146850525953  0.0  0.0  0.0  1.0
38591597441611;3.8037185845764383;3.803718584576438;1.0  1.7869027640516117e-16  -1.216852821285741e-17  -8.881784197001252e-16  -1.7869027640516117e-16  1.0  3.174779164317411e-16  -2.6645352591003757e-15  1.2168528212857437e-17  -3.174779164317411e-16  1.0  -8.881784197001252e-16  0.0  0.0  0.0  1.0
38591597441642;2.439160696844833;1.634934683624743;0.6348111287602015  -0.6692459772527861  0.3861666126598233  -0.89572874390353  0.4605104950912661  0.7290244793285875  0.5064122751775261  -2.5634795286425645  -0.6204392917224024  -0.14364237003977456  0.770987648938918  0.5947577898008983  0.0  0.0  0.0  1.0
38591597441673;5.598187939653337;2.2435877736857184;0.6497554146782742  -0.30313785284369743  -0.6970834550249893  -5.553025343148778  0.23656099133448424  0.9521426003164873  -0.19355455572371386  -4.210444314231335  0.7223965659352962  -0.039139632546448214  0.6903704010812008  2.687924264417264  0.0  0.0  0.0  1.0
38591597441704;4.778579004204095;4.7785790042040945;1.0  5.225290476322072e-16  8.714643297989808e-17  7.105427357601002e-15  -5.225290476322072e-16  1.0  -9.519158130457099e-17  3.552713678800501e-15  -8.71464329798981e-17  9.519158130457098e-17  1.0  1.2212453270876722e-15  0.0  0.0  0.0  1.0
38591597441735;4.169490407709132;4.169490407709131;1.0  2.275586916530288e-16  3.0640764049791053e-16  1.7763568394002505e-15  -2.275586916530288e-16  1.0  5.099067960490919e-17  2.6645352591003757e-15  -3.0640764049791053e-16  -5.0990679604909214e-17  1.0  1.3322676295501878e-15  0.0  0.0  0.0  1.0
38591597441766;1.9262032552907409;4.717900987225514;-0.5294089632373951  -0.24591658643440711  -0.8119428441462826  7.695136280746739  0.7079398408130554  -0.6554472669531736  -0.2630780531196051  -1.8135163734588797  -0.4674904613288844  -0.714082567186782  0.5210938071081268  -7.113231873107945  0.0  0.0  0.0  1.0
38591597441797;2.2135128812075298;6.330354672355074;0.13728223994135227  -0.23472615992015905  -0.9623186667865387  10.37176223937904  0.7168274156743306  0.6940218891157464  -0.06702293313389197  -1.5770501246121704  0.6836022547756438  -0.6806153445797014  0.2635350261128662  -11.917063155179822  0.0  0.0  0.0  1.0
38591597441828;5.443305572519713;3.712336568503415;0.9291233941401589  0.3613133205538873  0.07862825733663086  -10.412044887483749  -0.25837372738557335  0.7864880799624212  -0.560963026476709  5.381279148541317  -0.2645236009477361  0.5008883952212794  0.8240983436910275  4.959789645518447  0.0  0.0  0.0  1.0
38591597441859;1.9328163177142916;0.31940025108609776;0.5845714074634444  -0.8112037450099012  -0.0149917863552668  -2.4115691300332194  0.7971968558176293  0.5708462577506168  0.19649865924886156  -2.190573423629582  -0.15084244313420023  -0.1268189027472951  0.9803894752878972  -3.3184391277265965  0.0  0.0  0.0  1.0
38591597441890;4.287804159875307;4.287804159875307;1.0  1.250295624373345e-16  2.3990542045924087e-16  -8.881784197001252e-16  -1.250295624373345e-16  1.0  -1.1271159589838164e-16  1.7763568394002505e-15  -2.3990542045924087e-16  1.1271159589838164e-16  1.0  -5.551115123125783e-17  0.0  0.0  0.0  1.0
38591597441921;4.652169079942416;4.710147637646576;0.058211652582335585  0.9872194745274012  0.14835468518881675  2.404159224993647  -0.9977663096414456  0.06241220822178288  -0.02381402127677904  -0.5810935473076331  -0.03276880907392767  -0.14663705322571202  0.9886474496872776  2.4697259669596012  0.0  0.0  0.0  1.0
38591597441952;1.783388299920841;4.528745476796709;-0.36639789088678537  0.5463345135615146  -0.7531740734021705  9.939255309633424  0.6796839997922828  -0.39565530110478975  -0.6176459690907437  -5.190901743310994  -0.6354386248726778  -0.7382245471394064  -0.2263675595590916  -1.7912655428062187  0.0  0.0  0.0  1.0
38591597441983;5.49349230429743;5.445429517232672;0.5558380902118483  -0.02786693780242475  0.8308233574275347  9.696872176306462  -0.2836335165927777  -0.9458211918315084  0.1580325958390834  7.135878450098466  0.7814064536045628  -0.3234898867970077  -0.5336274425150936  -0.4289621451348698  0.0  0.0  0.0  1.0
38591597442014;1.4576110063785062;5.46139379246703;-0.5766931775589055  -0.7949476154055729  0.1883700287147753  4.963168255092196  -0.10584942889806813  -0.15592475163797387  -0.9820811423851851  -2.067593424983447  0.8100746122172727  -0.5862983545837636  0.005775989387625491  4.949063836002905  0.0  0.0  0.0  1.0
38591597442045;3.4058146160113;4.3723091144170825;0.9270637957807678  0.21408946127542536  -0.30776357991704034  0.9058190669358717  -0.1608205932101111  0.9686436402054581  0.18938383006229817  -8.188522597206578  0.33865831652581957  -0.1260761708663283  0.9324244440101204  2.871163660283732  0.0  0.0  0.0  1.0
38591597442076;1.5195309119701852;1.5195309119701834;1.0  -2.2821650503376594e-16  -2.2196800511724776e-16  1.776356839400251e-15  2.2821650503376594e-16  1.0  -4.33182070967593e-16  6.661338147750939e-16  2.2196800511724778e-16  4.33182070967593e-16  1.0  -2.220446049250313e-15  0.0  0.0  0.0  1.0
38591597442107;3.7055155609155883;4.358697437464785;0.6813344957163406  0.48796174601457476  0.545597506751422  1.6484385990232064  -0.6598512965946597  0.7320828842573133  0.1692658174583396  -0.4984729553871898  -0.31682735255862415  -0.4753398626287314  0.8207755135643319  6.311936852454667  0.0  0.0  0.0  1.0
38591597442138;5.646923884727078;3.6983232862338196;0.2347356277782864  0.9692339095664111  0.07405952739617022  5.37414765038383  0.05000448298698457  -0.08812753876212563  0.994853300036209  -4.894491775542334  0.9707722373104515  -0.22982420555359376  -0.06915271367720492  -4.46636260966738  0.0  0.0  0.0  1.0
38591597442169;1.4800799852740398;3.313012392398348;0.5786988696178089  0.8150614686424564  0.02797178287972907  0.32011312534308134  0.058881846196975784  -0.007548394413185248  -0.9982364198576499  6.067267226279117  -0.8134129003719487  0.5793253180003296  -0.05236057135202609  5.666654736313002  0.0  0.0  0.0  1.0
38591597442200;3.2131369785042154;3.0953687899226145;0.40692901771865425  0.15334645480539041  0.900496329441242  7.5174061459542445  -0.9035985140218897  -0.07688662995052352  0.42142398079877125  -6.213087152317839  0.1338600014790198  -0.9851767917148012  0.10727622789121093  -3.6297245031411416  0.0  0.0  0.0  1.0
38591597442231;3.3002375565089763;2.50847949790562;-0.2914144208558324  0.9508934705526073  0.10430360961000054  11.914176723722116  -0.6414330440880537  -0.11334759160146009  -0.7587594964348592  -3.37889661580095  -0.7096768879350597  -0.28801724104394255  0.6429656161819569  7.165230409140468  0.0  0.0  0.0  1.0
38591597442262;3.603766945068243;3.6037669450682417;1.0  -1.8949998148872087e-16  -3.2837663611679718e-16  2.2204460492503128e-16  1.8949998148872087e-16  1.0  2.3001083654362543e-16  8.881784197001252e-16  3.2837663611679718e-16  -2.300108365436255e-16  1.0  -1.5543122344752192e-15  0.0  0.0  0.0  1.0
38591597442293;2.0154890518338;4.8934102673834445;-0.07951219245724558  0.38975234377782514  -0.9174807473567687  6.689427091344551  0.006784759499252375  0.9205850939640959  0.39048310054297414  -3.6506454289572825  0.9968108036579346  0.024823281225665003  -0.07584211508134757  3.538074032517683  0.0  0.0  0.0  1.0
38591597442324;5.849680243723311;5.849680243723312;1.0  -2.327359919332672e-16  -1.6180341560885065e-16  3.5527136788005005e-15  2.327359919332672e-16  1.0  4.486474555012005e-16  -3.1086244689504383e-15  1.618034156088506e-16  -4.486474555012005e-16  1.0  1.7763568394002505e-15  0.0  0.0  0.0  1.0
38591597442355;5.300655887315837;4.710351170338963;0.7796810233329938  -0.5274059105019253  0.33755074792103734  4.79062937985087  0.5706021376213424  0.8204326717459697  -0.03610307014263189  1.2995540354721473  -0.257896689386217  0.22075605699369685  0.9406147250092484  5.276086618199517  0.0  0.0  0.0  1.0
38591597442386;1.9258199135952243;2.876822103446716;0.4888820479156318  0.3736053198871924  0.7882977915596404  0.6456062100545218  0.01125601982873546  0.9008718079647938  -0.433939267215885  -2.71008946947858  -0.8722772754367909  0.2210182132002546  0.43621474549851463  8.389753028035587  0.0  0.0  0.0  1.0
38591597442417;4.983836368994222;4.983836368994222;1.0  -4.5031326071831e-17  -8.660561973855946e-17  8.881784197001252e-16  4.5031326071831e-17  1.0  1.1989992898352413e-17  -8.881784197001252e-16  8.660561973855946e-17  -1.1989992898352416e-17  1.0  1.0947644252537633e-47  0.0  0.0  0.0  1.0
38591597442448;3.9670676070792013;3.9670676070792004;1.0  2.4585158169274937e-16  2.9261245930802363e-16  2.4424906541753444e-15  -2.4585158169274937e-16  1.0  4.358114019266994e-16  3.5527136788005005e-15  -2.926124593080236e-16  -4.3581140192669945e-16  1.0  -4.107825191113079e-15  0.0  0.0  0.0  1.0
38591597442479;2.535069451706357;4.437804470944827;0.6401979959661614  -0.5436928770842849  0.5427196157950469  1.5967660267415065  -0.4949602022008573  -0.832219201297019  -0.24985115414950013  -1.3236165844127885  0.5875039780275501  -0.10867040259594607  -0.8018914012517144  8.201055547811011  0.0  0.0  0.0  1.0
38591597442510;2.7117678210954486;1.1760863479085697;0.11118812606474995  -0.7256091698601191  0.6790644544055572  -0.15760273613831735  0.8519279494287039  -0.28224649740242175  -0.4410846672536566  -1.5230397115358212  0.5117186430104071  0.6275573657594763  0.5867842730310807  -4.805048805347317  0.0  0.0  0.0  1.0
38591597442541;1.1504027505085501;2.4678530495737827;0.7698436992886512  0.5549364079961737  0.3152558671077662  -3.9675757567674825  -0.380038783334674  0.0017454042859770453  0.924968905815422  -1.8178801092905668  0.5127486731597326  -0.8318909403546726  0.21224104581525097  1.363814165853597  0.0  0.0  0.0  1.0
38591597442572;2.4453153833729853;2.445315383372984;1.0  -1.8257598579988527e-16  -2.585608269198019e-16  0.0  1.8257598579988527e-16  1.0  -1.4908181113643028e-17  -3.552713678800501e-15  2.585608269198019e-16  1.4908181113642994e-17  1.0  6.661338147750939e-16  0.0  0.0  0.0  1.0
38591597442603;2.022769694472952;2.0227696944729523;1.0  -1.0301966046787527e-16  -1.240654891645007e-16  4.4408920985006257e-16  1.0301966046787527e-16  1.0  -6.08756392154476e-17  4.440892098500626e-16  1.240654891645007e-16  6.087563921544759e-17  1.0  -2.220446049250313e-16  0.0  0.0  0.0  1.0
38591597442634;2.3143065310168365;2.314306531016836;1.0  1.815450312572483e-16  1.7253089879287775e-16  4.440892098500626e-16  -1.815450312572483e-16  1.0  4.896390872994005e-17  3.7632527118098115e-48  -1.7253089879287772e-16  -4.8963908729940066e-17  1.0  1.1657341758564144e-15  0.0  0.0  0.0  1.0
38591597442665;1.7442633128967042;1.7442633128967042;1.0  -1.4161694544933777e-17  -1.6409474566999227e-16  8.881784197001252e-16  1.4161694544933777e-17  1.0  -2.2038261038340862e-17  2.7755575615628914e-16  1.6409474566999227e-16  2.2038261038340862e-17  1.0  -9.71445146547012e-16  0.0  0.0  0.0  1.0
38591597442696;4.239524031860057;4.239524031860057;1.0  2.9914337451837616e-16  -1.479099793053818e-16  8.881784197001252e-16  -2.9914337451837616e-16  1.0  -8.61554542354303e-17  3.5527136788005005e-15  1.4790997930538177e-16  8.615545423543032e-17  1.0  8.881784197001252e-16  0.0  0.0  0.0  1.0
38591597442727;3.3606588330920775;6.002032967475633;0.6950770858698738  0.3510006663773463  0.6274283838824172  9.190920318132589  -0.07844442451671318  -0.8304809267639174  0.5514960585023116  -2.116938892588925  0.7146427897634489  -0.4325505317116157  -0.5497142171666225  13.318569045321999  0.0  0.0  0.0  1.0
38591597442758;5.505400493338908;5.505400493338906;1.0  -4.0631400554445494e-16  1.7597296707874195e-16  -1.9984014443252818e-15  4.0631400554445494e-16  1.0  2.781044892934109e-16  -3.1086244689504383e-15  -1.7597296707874198e-16  -2.781044892934109e-16  1.0  -1.7763568394002505e-15  0.0  0.0  0.0  1.0
38591597442789;2.5679788633882894;4.349308843096912;0.8873618671480799  -0.284497784947087  0.36283595066045166  9.522879757475954  0.3354142221500459  0.9382634353833861  -0.08461102411650806  1.7329593055078263  -0.31636405660402084  0.196780934500184  0.928003797140013  -10.922136692942848  0.0  0.0  0.0  1.0
38591597442820;4.890369584704633;4.890369584704632;1.0  9.828025734934486e-17  4.559893543455067e-16  -6.772360450213455e-15  -9.828025734934486e-17  1.0  -2.0280030146066834e-16  5.551115123125783e-16  -4.559893543455067e-16  2.0280030146066827e-16  1.0  -1.7763568394002505e-15  0.0  0.0  0.0  1.0
38591597442851;3.7198562228278598;6.33746697659491;0.6242582514365163  -0.7520381754900659  0.21151883632196683  11.029395572336636  -0.08357833809651473  -0.3334927049879926  -0.93904061526689  -2.0265581435325433  0.7767343798973034  0.5685254596984795  -0.27103967377523314  -2.1568610407952677  0.0  0.0  0.0  1.0
38591597442882;2.8047071756103454;4.528862198752452;-0.31140035003005695  -0.5327523572189139  -0.7868956397635255  6.949532208286189  -0.08648271365601137  0.8405199339000126  -0.5348336011839651  5.904940318171787  0.9463353328708848  -0.09849450032568971  -0.3078120711826327  -4.748909816016948  0.0  0.0  0.0  1.0
38591597442913;2.6498156260201227;2.6498156260201213;1.0  -1.865838741755902e-16  -8.169203475834607e-18  -1.7763568394002505e-15  1.865838741755902e-16  1.0  -1.3363381467635992e-16  -1.3600232051658168e-15  8.169203475834618e-18  1.3363381467635995e-16  1.0  8.881784197001252e-16  0.0  0.0  0.0  1.0
38591597442944;3.9890625842330967;5.674523792353071;0.21152747035560251  -0.43722505066549344  -0.874122636908298  2.7878626113577445  -0.5058618230200013  0.7162731840349994  -0.4806834112419984  7.59530612919538  0.8362774332097226  0.5438630166714046  -0.0696640064971826  -0.6026490175029898  0.0  0.0  0.0  1.0
38591597442975;4.829702581700206;4.829702581700206;1.0  -2.323064558539444e-17  -9.746901516185547e-17  8.881784197001252e-16  2.323064558539444e-17  1.0  -8.834933985239742e-17  1.6653345369377348e-15  9.746901516185547e-17  8.834933985239742e-17  1.0  0.0  0.0  0.0  0.0  1.0
38591597443006;1.5836086183196916;3.0733365665451924;0.9848291543530454  0.17183901534076157  -0.024143105495851833  -2.955702321746115  -0.11861024540717678  0.7681660621418134  0.6291681100135238  0.7275863280042811  0.1266615427851547  -0.6167594780627689  0.7768942011619249  7.261347795061105  0.0  0.0  0.0  1.0
38591597443037;3.2675087807083063;3.2675087807083063;1.0  -6.511333519882644e-17  2.5578602501867166e-17  8.881784197001252e-16  6.511333519882644e-17  1.0  5.311513940731167e-16  -2.7200464103316335e-15  -2.557860250186718e-17  -5.311513940731167e-16  1.0  0.0  0.0  0.0  0.0  1.0
38591597443068;3.1958174120499194;3.195817412049921;1.0  2.5615872520245774e-16  -3.1702278253418e-16  -4.3790577010150533e-47  -2.5615872520245774e-16  1.0  2.1941172036435036e-16  -8.881784197001252e-16  3.1702278253418007e-16  -2.194117203643503e-16  1.0  2.6645352591003757e-15  0.0  0.0  0.0  1.0
38591597443099;4.778408638902547;4.778408638902546;1.0  2.1886424327928573e-16  1.3048657105135114e-16  -8.881784197001252e-16  -2.1886424327928573e-16  1.0  3.9589895807059944e-16  4.6074255521944e-15  -1.3048657105135112e-16  -3.9589895807059944e-16  1.0  4.218847493575595e-15  0.0  0.0  0.0  1.0
