# registration_from_features.py RANSAC RANSAC_config.json euclidean False --use_random_keypoints=True --n_keypoints=5000 --input_txt=/neural_comparison/point_clouds_registration_benchmark//eth/apartment_global.txt --input_pcd_dir=/neural_comparison/point_clouds_registration_benchmark//eth/apartment/ --input_features_dir=/neural_comparison/experiments/3DFeatNet/feature_extraction_voxelgrid_0.1_npz/eth/apartment/ --output_dir=/root/neural_registration_comparison/results/3DFeateNet/RANSAC_mutual_off
id;initial_error;final_error;transformation
13001298760030;4.310263072930483;1.2299755259014833;-0.44811813066846357  -0.4348145548538306  0.7811059107787286  2.0488957071385467  0.5621512121759675  -0.8164361760595715  -0.13197721420879532  -9.429198595938448  0.69510873654076  0.37995825205999895  0.6102913821087586  -3.320413010366023  0.0  0.0  0.0  1.0
13001298760061;11.165739862422033;4.758820747580108;0.7420357536773242  0.6644860251862889  -0.08855090398551416  -2.8781526463769045  -0.6670601466803349  0.7450035376449622  0.0006997194448290664  4.36145029727381  0.06643569052350745  0.05854956215564691  0.996071406976451  -7.533424388064404  0.0  0.0  0.0  1.0
13001298760092;4.041875262067823;1.7153394920858716;-0.0014093627381581708  -0.9852911376681468  0.17087828337527639  0.8825885917136169  0.9407357209667719  -0.0592577062498128  -0.33392338574460284  -9.162247184604507  0.3391376077550239  0.16028068593133676  0.9269820843595522  1.7669736295707512  0.0  0.0  0.0  1.0
13001298760123;2.6347404064812237;5.2800333948949545;0.20141561821648699  0.0408466963772275  -0.9786538183308419  2.167217147889149  0.3871089369007789  0.9144729553659495  0.11783838456044371  -5.357949716451475  0.8997657582448999  -0.4025801302838148  0.1683770144367932  -4.484396047439837  0.0  0.0  0.0  1.0
13001298760154;4.655949543134552;2.0580396610808545;-0.38418259011337064  0.9009532492107021  -0.20171013903733226  6.68302257471529  -0.8328919778441441  -0.43247537348909515  -0.3453346269465846  -8.105505033202766  -0.39836502192919887  0.03533120521784747  0.9165462428274979  -2.2546454989169415  0.0  0.0  0.0  1.0
13001298760185;11.526736439495075;4.704147066552715;0.7083715996908936  -0.43408584776640263  0.5565780749547088  3.174637452605616  0.2909501359386687  -0.5388520304357545  -0.790560881711546  -7.548667455406827  0.6430845163340791  0.7219473429996053  -0.255410138379774  8.356140971127413  0.0  0.0  0.0  1.0
13001298760216;5.6572197072150425;2.837616114506526;0.22011859203273015  -0.9714038698125115  -0.08900745561359454  5.174151884906378  0.9266427354908371  0.23673510070204842  -0.29204405978833037  -1.267876858872695  0.30476391880205794  -0.018193784896730743  0.9522541362407118  2.89547208946811  0.0  0.0  0.0  1.0
13001298760247;2.8755933061249292;2.390540814307744;0.18789781140760442  0.8906184338770508  0.4141173960444322  4.482895794063097  -0.8252165859508783  0.37180079184347375  -0.42518438054112795  -1.6049821688911154  -0.532646222872001  -0.2618453291982782  0.8048136584559411  3.502997056649919  0.0  0.0  0.0  1.0
13001298760278;3.489631205271557;5.488055481948051;-0.4720121724644158  -0.8188538985327685  0.326623333372112  0.07236779052997766  -0.7815274620100491  0.5600994838931704  0.27477880971198576  -2.200678696884999  -0.40794526001604003  -0.12556616184422817  -0.904330583265962  -0.8621722119168922  0.0  0.0  0.0  1.0
13001298760309;15.033436311598187;5.138706153999804;0.9343813451647557  0.32147709423543597  -0.15357076443790274  5.789010353103942  -0.29662323228738174  0.9407215075769071  0.16449225893523467  8.023881059402987  0.19734781446848415  -0.10814584164067917  0.9743502024735978  -0.05911601153254531  0.0  0.0  0.0  1.0
13001298760340;6.506989460822594;2.7787285702905007;-0.17622487703167894  0.6104620845243822  -0.7721922274105811  3.0645831613960555  -0.36388879189140194  0.6884972283660417  0.6273408273563056  6.079372672920642  0.9146199975131668  0.3915451568981841  0.10080997102762723  -1.0461158000766397  0.0  0.0  0.0  1.0
13001298760371;4.91629017563752;2.0213620442437468;0.40452116588381537  0.8574413685506841  -0.3180517659908991  3.7192035446820126  -0.8139296687951746  0.4961229304871646  0.3022921303967507  2.4609389293384227  0.41699055217951414  0.1365882035270971  0.8985891953781016  5.46692027278684  0.0  0.0  0.0  1.0
13001298760402;8.540013131131722;2.186133835594142;0.9646211254912868  -0.21511776186046633  0.15241532989849388  -3.6715716741795013  -0.23998281286863968  -0.955811384272674  0.16980237696336956  -2.7848663397104043  0.10915280016370844  -0.20037201957084355  -0.9736204188437726  3.241462811541979  0.0  0.0  0.0  1.0
13001298760433;5.8803617295845045;2.2799390124957832;0.7427960938171487  -0.33050806500642405  -0.5822528505517983  2.3978880076863107  0.11416697285113192  0.9194501428602134  -0.37626764025669585  2.013841083260384  0.6597119563263911  0.21301608803102845  0.7206970798608546  0.21559702970081718  0.0  0.0  0.0  1.0
13001298760464;2.166048600398045;3.26348524454734;0.44949842049355637  0.8929816936378889  -0.023127144255310428  5.272201392034181  -0.8915135801213476  0.44683072629549375  -0.07447038671484613  2.2042109299148027  -0.056166773389750846  0.05409248437490241  0.9969550123757518  2.9330105320926534  0.0  0.0  0.0  1.0
13001298760495;4.352922081343947;2.6328126373576803;-0.41178294612988164  -0.7110416720779882  0.5699601265396855  -0.34037024824082307  0.1702613855480678  -0.6744659010833678  -0.7184057411150426  -2.878037771168149  0.8952350897210452  -0.19878503174117423  0.39879649608266754  -3.7853711704182023  0.0  0.0  0.0  1.0
13001298760526;3.427592892868579;2.247619651569963;-0.8626560934413376  -0.033058868355813335  -0.504709397249113  10.90818464580989  0.49189893206119845  0.1774274801858038  -0.8523819155237683  3.1460119316793174  0.11772809811418228  -0.9835784668738683  -0.13679727488684917  -1.3316898770678232  0.0  0.0  0.0  1.0
13001298760557;8.921254112295115;3.199937750222552;-0.6272425604289223  0.3582489499444164  0.6915377504159075  13.229029928910016  -0.10027699234261578  -0.9176836393836605  0.384449298106109  -9.394497569687788  0.7723414369262406  0.1717976363960919  0.6115343628410647  -0.2892564447837451  0.0  0.0  0.0  1.0
13001298760588;5.635777697146662;1.8600571596145605;-0.9143267355054571  -0.23034153818762604  0.33309067312864266  -1.5520529387638025  0.09962766260963785  -0.9251510350949703  -0.3662920844157643  -12.810562670890238  0.3925314631757234  -0.3017256005844775  0.8688387148194208  5.434561482290005  0.0  0.0  0.0  1.0
13001298760619;9.801579940171315;1.6247517389267407;-0.0555399204835872  0.7686354230476268  0.6372714521058298  -3.38484347391916  -0.9130279509087107  0.21921929001329088  -0.34398090607693693  -0.051850940343293406  -0.40409810453913175  -0.6009513202601896  0.6896102033652179  -5.137030021931947  0.0  0.0  0.0  1.0
13001298760650;5.928008986154682;0.5253161817319155;0.17573203807098134  -0.6667444321033769  0.7242721263824563  0.406577400136674  0.9837704766674265  0.14602966428811387  -0.1042640224883189  -0.6340402289416587  -0.03624775900608085  0.7308400641775504  0.6815855783098633  -0.5815890902290588  0.0  0.0  0.0  1.0
13001298760681;3.926177848256171;0.9875879290278425;-0.9483364849879781  -0.2599222749016917  -0.1819294430557501  2.2124934792538777  0.30486215966228636  -0.9053283033770967  -0.29570209114984924  -13.013978138062715  -0.08784631379114648  -0.3358884846407759  0.9377963270556307  -0.559649036104718  0.0  0.0  0.0  1.0
13001298760712;3.640287511906044;1.8204274905248405;-0.9696018182383535  0.23378510932609856  0.07222767285648334  4.49633340435108  -0.23171109160198167  -0.9721187072707255  0.03598873438885554  -5.8885285234769205  0.07862750217002397  0.018158789378084916  0.9967386689954519  -1.5942514827785623  0.0  0.0  0.0  1.0
13001298760743;2.23776059014918;2.0829565168484203;-0.5318889378813101  -0.07437384484434446  -0.8435417529456155  5.67574866192902  0.11816517196273563  -0.9929083934643838  0.013035118833121084  -4.7970251133773045  -0.8385291586429829  -0.09274402078326072  0.5369053889787712  4.441870945225259  0.0  0.0  0.0  1.0
13001298760774;5.456665076952151;2.1646628087759403;-0.46879868489503496  -0.48952650344632775  -0.7352493423759713  -4.736653065697071  0.8824068425567809  -0.29707173970579837  -0.36483769771933156  -2.8150176658408794  -0.03982407876722138  -0.8198244835888847  0.5712283771474944  0.3468169150386711  0.0  0.0  0.0  1.0
13001298760805;8.825594568085958;1.2784486741931826;-0.7062681175541774  0.6940764805393012  0.13943882274551703  8.76282348003388  0.3297974022276901  0.14828620998770142  0.9323330270945839  -9.30036056843671  0.6264335715862823  0.7044636534908388  -0.33363444261645747  9.47200504044001  0.0  0.0  0.0  1.0
13001298760836;4.000188739564292;1.4784425907967709;-0.4980807113624276  0.7457818088754549  -0.4424082939086388  10.30805036574129  -0.6822417445491198  -0.6519501999185404  -0.3309186287000914  1.2918978756287496  -0.5352212691618965  0.137005220253209  0.8335273016884918  0.44024699446695137  0.0  0.0  0.0  1.0
13001298760867;4.334456072611078;2.8370221643374722;0.16809768771682937  -0.9843716341252842  0.052494316966450585  3.029370961662522  0.9847573642601455  0.1701002083726918  0.03631601089022381  -1.826021947507329  -0.04467774523929659  0.04558952775677269  0.9979606675812668  -5.731203951387855  0.0  0.0  0.0  1.0
13001298760898;8.680467736983655;1.7531754511740132;-0.46276965043777696  0.8136925764666977  -0.35177925128791493  5.217565341764052  0.8194889591545644  0.24134449561757465  -0.5197986920519018  -8.16207296659725  -0.3380563510089215  -0.5288262715089775  -0.7784989904325158  -5.276127376639735  0.0  0.0  0.0  1.0
13001298760929;4.363996845460841;1.8533671490611205;-0.9667939873345447  -0.10691514119057735  0.23211751040792272  4.932909780472643  0.25161154954559517  -0.23923918534331345  0.9377932823024122  -4.781372803748774  -0.04473269709102809  0.9650563531631027  0.25819609026957796  3.0130794338330915  0.0  0.0  0.0  1.0
13001298760960;8.141769742702108;2.7113205126654316;-0.9865206829449418  0.098426129884606  -0.13072581641659153  -5.462933579088483  -0.1581302486022018  -0.7789131433100096  0.606868305034895  -6.528149085512088  -0.04209235796259933  0.6193598405893451  0.7839780744805873  -1.7454664866872336  0.0  0.0  0.0  1.0
13001298760991;5.538685950931398;1.1429537533145433;0.2966073436228433  0.8069944260609877  0.5106702262864917  7.837991359350122  -0.39814398178023713  0.5905388442660153  -0.7019581491692627  -1.6295006450830094  -0.8680469189399722  0.004885664689183979  0.4964581319702255  1.0092701635168146  0.0  0.0  0.0  1.0
13001298761022;8.071467038641245;2.4734234664987524;-0.644262347518066  0.6782054667509705  0.3535015876054993  -3.3881781353499205  -0.6751399987429063  -0.721489423275742  0.15374977788167415  -3.201786920332742  0.3593215964396498  -0.13960786858316357  0.9227121075187681  -5.096337948869687  0.0  0.0  0.0  1.0
13001298761053;9.81526024076362;2.6205015147847432;0.17154331293299896  0.968983048212719  0.17788969634118457  1.6064775410805834  -0.9750182660284574  0.19284713464033298  -0.11022415149083098  5.787936177694059  -0.1411108525196823  -0.1545374871589446  0.977857807845173  -3.3540078480245983  0.0  0.0  0.0  1.0
13001298761084;5.591627609591558;2.073268950527639;-0.0019925678068141717  -0.9603578226430601  -0.2787631291290421  -5.8466641452153425  0.7537375081060601  0.1817538705392538  -0.6315420013095461  -10.271101437057006  0.6571725789681138  -0.2113726165620328  0.7234955552179413  1.9201379202735172  0.0  0.0  0.0  1.0
13001298761115;4.7915878266942675;4.004958627668656;0.33856354005113976  0.47937139629249303  0.8096775863049601  4.781345034390138  0.4228518688555485  -0.8462234688117011  0.32419459871759493  -7.7326648303736  0.8405777931598064  0.23261320953221434  -0.48920350407341906  -4.033812220778036  0.0  0.0  0.0  1.0
13001298761146;10.139080917100562;4.45289129158021;0.737304020662728  -0.6098512386995004  -0.29062733486590975  0.4029571776174641  0.34920107916763576  0.712317000510249  -0.6088210714916511  -8.462790336736997  0.5783090760335123  0.34739884490419415  0.7381548991482054  6.10353793204555  0.0  0.0  0.0  1.0
13001298761177;7.93887486463345;0.0411888449929214;-0.29882052395126085  0.9540338955938539  -0.022926415409046275  0.8011501465731206  -0.9540180072613896  -0.29923665174760605  -0.017523357894204172  -2.573715489297177  -0.02357830117927079  0.016635874154853847  0.9995835689949101  5.440125940865805  0.0  0.0  0.0  1.0
13001298761208;3.7143332170860712;2.5069964893974364;-0.9591930013473933  -0.2805159438620745  0.03549072280681226  6.239358321923809  0.27798723550886634  -0.9126242789474712  0.2997332520254431  -4.0120792557786435  -0.051690260787874594  0.29736800553317644  0.9533626729765035  2.9551430081531174  0.0  0.0  0.0  1.0
13001298761239;9.442007376163867;2.6660413295350485;0.03936982406692491  -0.23531028539368548  0.9711225908920471  -4.17479668829147  0.674835685651247  0.7230092587046321  0.14783236857667778  1.4335105186047918  -0.7369171013923829  0.6495280451337893  0.18726052509839758  -1.4628295347732796  0.0  0.0  0.0  1.0
13001298761270;3.3218855709366024;1.8334439772747115;-0.9156740443581624  -0.37030890647886544  -0.1562445463726482  6.376670571098939  -0.27820610831194525  0.8645300971235514  -0.4185559370806566  0.3546059655966669  0.2900731042111455  -0.33979262050546544  -0.8946499702472129  -3.0056247108656615  0.0  0.0  0.0  1.0
13001298761301;1.702374455622597;2.617485854584452;0.38790832169644285  -0.9017671156510617  0.19063893382258995  4.143753881044925  0.7031854862305569  0.42326110315110277  0.5712969547564619  -4.850698040758364  -0.5958668525042691  -0.08755631153535484  0.7982960518485482  4.686826056798601  0.0  0.0  0.0  1.0
13001298761332;2.6966908062382884;0.3723232292249498;-0.2078482944107154  -0.8471001786624721  -0.48910159866899294  6.188802766875034  0.8703102682532422  0.06808961161823829  -0.4877743758774609  -6.691621344729837  0.44649649884800424  -0.5270532156240822  0.7230876740871668  -3.4039255344719486  0.0  0.0  0.0  1.0
13001298761363;3.780503688669632;3.939582267308299;0.11426358026823397  -0.9384264064634205  -0.32603636894744803  -5.068763712394287  -0.589208316152732  0.2002182059933222  -0.7827810870002404  1.8297895823990844  0.7998608594004005  0.2815467095189841  -0.5300509937338911  0.956659808892592  0.0  0.0  0.0  1.0
13001298761394;9.713878523349894;4.294681958598721;0.8011338944540362  0.573189408115932  -0.17215802502531297  -1.0298846117617062  0.5875307517171198  -0.6984443027463407  0.4086357445793179  -6.615625693792129  0.11398288881944062  -0.42852007932521075  -0.8963138081450548  -6.569715004691188  0.0  0.0  0.0  1.0
13001298761425;4.539890497597582;0.3336999272527205;-0.12166935099181012  0.9900224417573261  -0.07107836412083657  8.710558788418625  -0.9880361156704485  -0.12763982132603216  -0.08656044213559994  -2.097110408518429  -0.09476920997921073  0.05969623797795917  0.9937077820019298  -4.399074586999464  0.0  0.0  0.0  1.0
13001298761456;2.8219341713243176;1.8020023206180829;-0.946318424303112  0.03956349382414098  0.3208055014816648  8.371819832513346  -0.07879198854591538  -0.9907776132809895  -0.11023403994323572  -7.740202778990342  0.31348566532691  -0.12959340638185912  0.9407083961870917  -4.756885378398479  0.0  0.0  0.0  1.0
13001298761487;4.817878682726937;4.095353805692241;0.9525909264285398  -0.2395867486605987  -0.1875332417259907  2.509219563048978  -0.2717787390373689  -0.9471377416846888  -0.17048875412673115  -1.7359429299909297  -0.136772964774744  0.21337358820311034  -0.967349403247894  1.7957136120813577  0.0  0.0  0.0  1.0
13001298761518;2.4163432216525833;2.1650692796564486;-0.3192059837126049  -0.3108274235697686  -0.8952618905767451  2.805412544525426  0.7790999387659479  0.4517666494582693  -0.4346379871250855  -4.607795638983947  0.5395468704171724  -0.8362375303669581  0.09795900892110987  -4.757241891472257  0.0  0.0  0.0  1.0
13001298761549;2.2392274259590965;2.3870793419244545;0.7969024323397261  0.3327111642606736  -0.5042318856511702  2.40551939919985  0.2018594058763322  0.6400428651577583  0.7413487108101706  -2.922601983582082  0.5693850134928756  -0.6925665397179932  0.44289083809982277  -3.9693444226372234  0.0  0.0  0.0  1.0
13001298761580;8.570690654168628;2.738498874373755;0.18998190641780888  0.9791397369584263  0.07205727404529402  -0.9092542612415331  -0.9270204904955375  0.15472994731783962  0.34160160070531287  -0.742438084984963  0.32332628324228163  -0.1316966928666103  0.9370784895902424  4.410234306209979  0.0  0.0  0.0  1.0
13001298761611;10.391644677470136;0.19674172815713745;0.521075692940657  0.8510419925912874  0.06486639401619129  2.900534731997401  -0.8535087596125756  0.5194154803036676  0.04159754903249885  -3.971397723026846  0.0017086518120447425  -0.07703950718404251  0.9970265767981434  6.256278813558491  0.0  0.0  0.0  1.0
13001298761642;10.080782196489423;2.9887444485604076;0.1342365634035091  -0.34464028805393104  -0.929087518426396  5.966210027923479  -0.6811621751124892  -0.7130455241088935  0.16608483297488205  -11.985121815583536  -0.7197212211972337  0.6105646177091951  -0.33047270894884234  8.744761297863874  0.0  0.0  0.0  1.0
13001298761673;5.377260718947195;0.19765833572389027;-0.9794022773043414  -0.17268642016852132  0.10464501660590682  8.121211390885236  0.17751836007980867  -0.9833563238641347  0.03869847737301263  -6.319519740775032  0.09622063731676861  0.05647778860574404  0.9937564331105276  -3.5241457308634594  0.0  0.0  0.0  1.0
13001298761704;4.0697080635330884;2.4291546657065104;-0.4184325364254072  -0.7277182561364758  -0.5434522537871084  -3.406167577581507  -0.7735563099072849  -0.028009463084901653  0.6331082888261067  -2.30125265531894  -0.475946265730939  0.6853040271758093  -0.5512109781865673  5.623514553599577  0.0  0.0  0.0  1.0
13001298761735;7.748271368017596;1.930373300483577;0.6905627541951853  0.722570403946659  0.0318605376402023  1.1130903536917773  -0.7184546210361862  0.6903728745572806  -0.08490142276350893  -0.2085216420800835  -0.08334290629748159  0.03573940984235781  0.9958798394153834  9.796765299778396  0.0  0.0  0.0  1.0
13001298761766;4.3143958585213165;0.43797665009903175;0.2772226450486518  0.928558293055858  -0.24683415782549206  3.5481440418419563  -0.9603538986031469  0.27566984336321043  -0.04155149693861257  0.8316098391344915  0.029461746553209434  0.24856716166318868  0.968166499953774  3.346437029293573  0.0  0.0  0.0  1.0
13001298761797;8.231005951784896;2.634596994445582;0.782320917397096  0.42410155515034687  -0.4561927806553091  8.46504392165486  -0.46247540865628867  -0.09511165417862671  -0.8815158930090844  4.848985958147258  -0.41724151110737323  0.9006062647786002  0.12172870347774577  3.932500014074086  0.0  0.0  0.0  1.0
13001298761828;4.4334073516756565;2.5680291038730485;-0.9863903051593659  -0.1644179508791741  0.0009504295378260641  6.0699107354963475  0.16323594345791292  -0.9799590591873717  -0.11416772345985508  -10.28964542308563  0.019702605183521724  -0.1124587913206194  0.9934610347686956  2.0681196279209715  0.0  0.0  0.0  1.0
13001298761859;2.6655230457662435;1.458792346488119;0.7700624229380123  0.04689511366750715  -0.6362426526828812  0.8489998362536751  -0.38535604119643463  0.8289923641854369  -0.4053052943592654  -2.7359539973075817  0.5084334629941749  0.5572903268820939  0.6564471839161168  2.657708427513187  0.0  0.0  0.0  1.0
13001298761890;6.637126318209209;1.6738094359370688;-0.5185182716781845  -0.8470153560948082  -0.11706318155360973  -3.3544837368885356  0.8447422817843462  -0.5286446786447521  0.08333835315365301  -1.5599471772722762  -0.13247369286633662  -0.05567576025679305  0.9896216097166552  1.4960898154704583  0.0  0.0  0.0  1.0
13001298761921;6.263021266226115;0.1331842299221259;-0.6394704590879063  0.7687950939972518  0.005624535506104367  4.537253682507816  -0.7687760026184757  -0.6393460405928456  -0.014835706124392056  -3.388577525105467  -0.00780959357841593  -0.01381100372922682  0.9998741252898442  6.285688808502194  0.0  0.0  0.0  1.0
13001298761952;8.524152599894595;1.5758171355034432;-0.7585784436739148  -0.11671901960372028  -0.6410424441922764  -1.0604844858360485  -0.42057788076416125  0.83913997030133  0.34490340162806443  5.9810122517710065  0.49766755068538293  0.531244558283122  -0.6856429306055615  -0.9429460985316129  0.0  0.0  0.0  1.0
13001298761983;3.259695949088397;2.1340267405274;-0.41892930678292517  0.4079899436019959  -0.8111981520183686  1.9577211402127497  -0.006433577115459332  -0.894682746423682  -0.4466557873097304  -11.666759976407187  -0.9079960600156123  -0.18189829348131903  0.37743365751441205  -1.6299113635224551  0.0  0.0  0.0  1.0
13001298762014;4.304140440760447;1.7597034556370104;-0.5071630472139581  -0.8521542076448545  -0.12891411844256512  -2.2091419341590215  0.7156522724439687  -0.49974137523156303  0.487955308227558  -5.925195828832781  -0.48023688788600716  0.15521521921138126  0.8632964538550625  2.653410627014331  0.0  0.0  0.0  1.0
13001298762045;5.169410619190491;0.6369703062164151;0.3604614823930745  0.8414295026109555  -0.4025716232509031  7.350985483041473  -0.9234710001076478  0.3827217529848217  -0.026932726419837016  3.0801003743800375  0.13141092675713043  0.38147143002865225  0.9149921947212046  -2.866135844947105  0.0  0.0  0.0  1.0
13001298762076;7.251100765186261;0.8113219810800456;0.5477427856555935  -0.7974287274790033  0.253150677173632  1.0799095012646682  0.7600227434994752  0.3477554775644418  -0.5490278291557342  -0.7624637632290492  0.3497760285179383  0.49312630472845875  0.7965445232120257  7.33910592321242  0.0  0.0  0.0  1.0
13001298762107;3.6083033742486865;1.858363314897664;-0.46555870409018185  -0.1755599033502545  -0.8674294284733021  13.239409923760512  0.12362415451020801  -0.9834184556362724  0.132684624337582  -0.4913202225351522  -0.8763402087474403  -0.04546274793298789  0.4795424664019605  2.807124264779875  0.0  0.0  0.0  1.0
13001298762138;7.232928857269941;2.1276663483002785;-0.9670917906510541  0.08449273205634833  -0.23998843031486228  7.273243989847298  0.22664328682874804  -0.14252557606143015  -0.9634932696722999  -8.925594134267692  -0.11561266795122072  -0.9861781980950559  0.11868560406043005  -6.056124837081015  0.0  0.0  0.0  1.0
13001298762169;6.764347421644368;1.3597510763067593;0.5545054978383082  -0.22927810863615367  -0.7999720006145956  6.262622279346419  0.7628060362054894  -0.24421416251016206  0.5987373330250332  -11.44652614120275  -0.3326418554475068  -0.9422266137876225  0.039476629475573025  -4.542739612193716  0.0  0.0  0.0  1.0
13001298762200;2.173201777732865;1.5271137439156974;-0.9801777175322379  -0.1232595713026584  0.15510873649017093  7.040362168207084  0.19094925915922134  -0.7964692656761885  0.5737378227551131  -9.633110126823095  0.052820663379372045  0.5919829278919435  0.8042177507395898  2.458815753282509  0.0  0.0  0.0  1.0
13001298762231;5.881331751981235;3.631114981495688;0.30430851645915125  0.8497785603173468  -0.4304331832414968  1.3973399030856708  -0.9470978726656144  0.2215292014885539  -0.23222926706190694  0.8009287025964651  -0.10198993284975444  0.47833169591071517  0.87223668937077  3.833588653928537  0.0  0.0  0.0  1.0
13001298762262;12.753530724937347;0.9221027007463042;0.7415314750802839  -0.6702365855642738  0.03023228136286346  -8.141769751871347  0.6536782622573094  0.7115939241887466  -0.25756322817887944  3.6266192194469373  0.15111519088934533  0.21075342566327465  0.9657883788147752  -3.140642837474714  0.0  0.0  0.0  1.0
13001298762293;4.0873319758586355;2.8890785622444555;-0.411038460766832  -0.11556807538897337  0.9042629063061928  5.678149908803069  -0.6975919612611092  -0.5986955533036534  -0.39361032765707693  -6.759168989743087  0.5868669690435078  -0.7925955175279007  0.16546753832811492  -0.9753677230907158  0.0  0.0  0.0  1.0
13001298762324;5.257805486369847;2.9558760727830204;0.7241895404983945  0.6703348442210944  -0.1618663215613625  4.964199526638627  0.5128244415876242  -0.3665717872139853  0.7762964748915762  -1.4726807192197784  0.46104294978132676  -0.6451947934088023  -0.6092315463065805  -0.41488795701232717  0.0  0.0  0.0  1.0
13001298762355;3.940223826782666;2.7426996619519355;-0.952975398115592  0.2783600060047819  0.11980650083967578  1.8965057322292167  -0.2667831711983675  -0.9581236641981968  0.10404702623700457  -7.010203143885257  0.1437519744273868  0.06719189802676423  0.9873300454699985  -2.885067561144682  0.0  0.0  0.0  1.0
13001298762386;9.483249247669189;2.112242523611271;0.3170533243542145  0.27032443137167084  0.9090664944433519  10.559931742576687  -0.9441850803401511  0.18031677346257455  0.2756816919403782  -5.261915456169224  -0.08939644052759596  -0.945732817983827  0.3124063274157017  -2.769246375211392  0.0  0.0  0.0  1.0
13001298762417;6.696026314562576;1.9641189668205454;0.7967560044915926  -0.5737267692191662  0.18978267462529436  -0.8657678253799168  0.57787118977879  0.8152228162589039  0.038427176249984346  -4.712339775205285  -0.1767618661652993  0.07905285657228867  0.9810738445894489  -2.6937875828610225  0.0  0.0  0.0  1.0
13001298762448;6.742317045442832;1.9054082068115366;0.5705927744878911  -0.8008771045931999  0.18171337056095996  5.4947331620248425  0.6745129215801379  0.5832549297864443  0.45259916648314524  -8.128158368053814  -0.4684615291821077  -0.13568179766727773  0.8730030042663879  -0.6443739557982395  0.0  0.0  0.0  1.0
13001298762479;4.7976364578938275;0.35520976060582815;0.5833612651316727  0.784470964072644  0.21046363313150349  4.239742714014795  -0.7635450313106704  0.6180242276461625  -0.18720320297247314  3.535683463178623  -0.27692710142700544  -0.05149136402642801  0.9595103021468483  -4.2328253333751835  0.0  0.0  0.0  1.0
13001298762510;3.641411788076855;2.404519102373123;-0.5019836661344754  0.6967503576431189  0.5123976366635367  1.6814603000447763  0.8252517436512732  0.5631469521984829  0.042720836018186076  -1.0484659307053712  -0.2587894096262921  0.444302204984114  -0.8576850191716829  4.500284132521159  0.0  0.0  0.0  1.0
13001298762541;3.070002262790549;1.5791624039940158;0.7321452111759188  -0.6659081550666183  -0.14328195548616846  -0.5329381020880732  0.5901490315334749  0.7251788233192268  -0.35473905168368747  -1.2164587738228603  0.34012866731910385  0.17516279064091395  0.9239212555421686  -1.758951568511383  0.0  0.0  0.0  1.0
13001298762572;5.3165421424298245;0.40726465101716525;0.6275411851926694  0.7781230616810032  -0.026768671374594905  4.4515157256069084  -0.7345871899409466  0.5803362688421502  -0.35155579278549126  2.249267761495597  -0.258018838966545  0.24027966194947178  0.9357841432679888  -1.9326561764958399  0.0  0.0  0.0  1.0
13001298762603;8.701034267553123;1.6414078020239629;-0.9175558978534439  -0.21818439322673966  -0.3323954645698994  7.429925224577387  0.23220206251016334  -0.9726643013890911  -0.002521699684227219  -5.04949889220557  -0.3227590068152804  -0.07949671286003257  0.9431367324858382  6.436268895562913  0.0  0.0  0.0  1.0
13001298762634;3.6983118308243395;2.1926202738599447;0.20315526592253952  0.8368034904856947  0.5084170101785548  3.375164081983597  0.9738860976171639  -0.22644034600079552  -0.01645109634803072  -2.2797402135312472  0.10135978885117333  0.4984823848582799  -0.860953834528918  1.1184251978895423  0.0  0.0  0.0  1.0
13001298762665;3.264462073407414;3.0466083284638925;0.9320511203264928  0.18399623242877883  -0.3121315356546741  -0.10816008871650373  0.34915331298525176  -0.2259235682144867  0.9094231717724472  -1.136161233076256  0.09681256700218908  -0.9566106458623852  -0.27481520899178324  1.218454159260307  0.0  0.0  0.0  1.0
13001298762696;11.28400940315467;0.4579962303009588;0.2979650513472905  0.9545529924322683  -0.006738903042018421  1.5947616911345115  -0.8957237663729603  0.277147024370057  -0.34766141752783336  -4.247030807468712  -0.3299935795288237  0.1096271477391714  0.9375959289311834  5.712724517797214  0.0  0.0  0.0  1.0
13001298762727;5.9914853246080435;2.0740352696171835;-0.9196049981820706  -0.33277688447168996  0.20877306454585753  17.6488625569488  0.37977753514671253  -0.8890085297591274  0.2557984710927765  -1.199865167033853  0.10047721690234447  0.31452087240250026  0.9439178723314484  -1.493306097502094  0.0  0.0  0.0  1.0
13001298762758;2.650189718750765;6.076664431767843;0.9002437383948928  0.42104426799894124  -0.11082840730617208  3.537798875801622  -0.37638405243471795  0.880562914136263  0.28799999882061067  4.127995816555222  0.21885213399372372  -0.21755615052920868  0.9511955975577818  2.6127702338804966  0.0  0.0  0.0  1.0
13001298762789;12.47752396560415;2.237126697605476;0.09390082525034729  -0.9951238259699164  -0.030186188966143834  -9.3337815695415  -0.7370846517202652  -0.04910639655059568  -0.674013930135151  -1.186368611869061  0.6692449859473885  0.08554024085079326  -0.7381016298447454  -0.6876280204712228  0.0  0.0  0.0  1.0
13001298762820;2.5113803815995865;0.15521820765073926;-0.04211628138296717  -0.99872084807726  0.02798010826120742  1.347192135526416  0.9970433816238117  -0.040211072201665005  0.06547949933029557  -8.295042053233688  -0.06427063094932531  0.030655134777565013  0.9974615524967093  -1.3876355248256897  0.0  0.0  0.0  1.0
13001298762851;8.315224491879562;4.274538283506718;-0.1097175124096913  0.6907807430504455  0.7146915645936385  1.7042852362670142  -0.9584672525813047  -0.263965861024815  0.10799328656297297  -1.5925622487823543  0.2632538569515623  -0.6731597056004629  0.6910523985603583  5.180992335750156  0.0  0.0  0.0  1.0
13001298762882;7.127338882949794;0.9288103615501544;-0.36369306977242155  0.9103870486336808  0.19728855182085203  5.008235008244144  -0.8965076424593255  -0.3996025120073963  0.19129004001620548  -4.1807130559089245  0.25298497586128627  -0.10729983260674311  0.9615016109768253  -5.588485231686336  0.0  0.0  0.0  1.0
13001298762913;2.3308338239256097;1.959737950674033;-0.6955212023053702  0.7179153219315821  0.02911782408706548  10.972307391009608  -0.672111325237025  -0.664402905668377  0.3268564599752434  -4.954915145671767  0.25400122761873106  0.20776517868808247  0.9446253261970519  -1.882609193865814  0.0  0.0  0.0  1.0
13001298762944;13.120560348922597;3.8531188674885817;0.36578702818029807  -0.7171828891846608  -0.5931682337042063  2.685597963405133  0.6971512583870974  -0.2110968099518156  0.6851410509942113  -11.654918084049427  -0.6165873603507546  -0.6641436894896382  0.4227684789181645  5.8228106974504055  0.0  0.0  0.0  1.0
13001298762975;11.342250680316473;3.9954448176259496;0.6382027917889349  -0.16087487721749943  -0.7528721474679916  5.999752087853016  0.14709521963957012  -0.9344265417050839  0.32436096330518205  -5.304202138705002  -0.7556852472504655  -0.3177519662210344  -0.5726897022390665  13.999161107046357  0.0  0.0  0.0  1.0
13001298763006;4.458598501776789;1.7001516307792168;0.0183933437380239  0.14292048806570562  0.9895632465877033  3.092493786501297  0.7341832150664529  -0.6737767228242098  0.08366561118496989  -10.369994570569906  0.6787022112980194  0.7249818355457802  -0.1173228302925314  7.304068544083765  0.0  0.0  0.0  1.0
13001298763037;6.669679305647058;0.3573947049746398;0.5431359664070273  -0.8321359265102587  0.11204071494781875  -5.332582893119643  0.8395910132761949  0.5367345355785188  -0.08368374240653718  -11.122328062485966  0.009500127417907053  0.13952002769575989  0.9901736764077389  -2.9590720876233245  0.0  0.0  0.0  1.0
13001298763068;2.7376255445017748;3.0919533247662723;-0.6548247679946668  -0.6328606304636133  -0.41314881777627005  4.452019970575485  0.7228278787962831  -0.364759576056345  -0.5869159303597596  -5.427731586312292  0.22073599809636332  -0.6829625715106167  0.6963029118566207  -0.49354057224027836  0.0  0.0  0.0  1.0
13001298763099;6.456555758447102;0.8464506697820017;-0.8860252286497213  0.4608784013898849  -0.05050141907426059  9.61034460431964  -0.4309848620072044  -0.7785718677491601  0.4561555606042923  -3.7590603842438464  0.17091326138378285  0.4259306820151478  0.8884659313678102  -2.8691380327576876  0.0  0.0  0.0  1.0
