# registration_from_features.py RANSAC RANSAC_config.json euclidean False --input_txt=/neural_comparison/point_clouds_registration_benchmark//eth/apartment_global.txt --input_pcd_dir=/neural_comparison/point_clouds_registration_benchmark//eth/apartment/ --input_features_dir=/neural_comparison/experiments/3DFeatNet/feature_extraction_voxelgrid_0.1_npz//eth/apartment/ --output_dir=/root/neural_registration_comparison/results/3DFeatNet/RANSAC/
id;initial_error;final_error;transformation
13001298760030;4.310263072930483;1.4607756344719285;0.36715884948222577  -0.7056903264403224  0.6059666182352289  -3.3493432098602227  -0.7793771187594458  -0.5889890666894946  -0.21368946177681108  -0.714572442705478  0.5077062989574913  -0.3938185400521277  -0.7662514414407962  -2.7589245144201007  0.0  0.0  0.0  1.0
13001298760061;11.165739862422033;1.1589110032078707;0.8957077759198776  0.4444370558356098  0.013538225764141647  -2.0564154817433087  -0.24442648819450083  0.5175889285004859  -0.8199740196875891  6.771447112880976  -0.3714340749387024  0.731148004506539  0.5722406167693234  1.3594607313047709  0.0  0.0  0.0  1.0
13001298760092;4.041875262067823;1.5217654627054626;-0.5552261829946554  -0.7853439511702663  0.2737859822515748  4.691866166827789  -0.8283873786355279  0.5515411808964863  -0.09786049607818112  2.670799165238845  -0.07415009531041691  -0.28113556184798716  -0.9567991216707261  -2.5867491705345245  0.0  0.0  0.0  1.0
13001298760123;2.6347404064812237;5.2800333948949545;0.20141561821648707  0.04084669637722746  -0.9786538183308422  2.167217147889149  0.38710893690077947  0.9144729553659499  0.11783838456044379  -5.357949716451476  0.8997657582448999  -0.40258013028381495  0.16837701443679332  -4.484396047439837  0.0  0.0  0.0  1.0
13001298760154;4.655949543134552;1.5641852698260827;-0.11494090869557466  -0.9876430914725505  -0.10653502416941302  -3.839579718510106  0.6921823443570689  -0.0027052955570250805  -0.7217175926470825  0.8750574840005072  0.7125111856445386  -0.1566965387061595  0.6839400595731477  1.025740390741935  0.0  0.0  0.0  1.0
13001298760185;11.526736439495075;3.368921473429965;-0.030528324215570682  -0.46942835760727986  0.8824426545077705  2.8756427006652028  -0.3506437894715257  0.831776427480924  0.4303451029024491  3.7007152378958352  -0.9360111934830897  -0.296285321541928  -0.18999487864981773  -5.782769132227091  0.0  0.0  0.0  1.0
13001298760216;5.6572197072150425;1.8533101015642548;0.40953734703211897  -0.5581413411760011  0.721635229639011  5.9596113085264495  -0.19511449972245848  0.719122634729746  0.6669280082718092  -3.419731950287951  -0.891184320656478  -0.4139334239821691  0.1856061074599902  -0.14845888784225236  0.0  0.0  0.0  1.0
13001298760247;2.8755933061249292;2.3909314551275647;-0.806840766045964  -0.5381920937705056  -0.24363343048375075  7.097795724773649  0.5613617829019749  -0.8269385890766662  -0.03233447994028092  -1.7768193725298  -0.18406772379610073  -0.16285527347559683  0.969328237986344  3.2074969869495504  0.0  0.0  0.0  1.0
13001298760278;3.489631205271557;0.5061297580983961;0.5481793050438665  -0.78953330188649  0.27592864065522527  0.5267624347438782  0.7799622085426224  0.601689961899538  0.1721282748262094  -3.5582759697422497  -0.3019244984543962  0.12085675389298199  0.9456401230232951  2.8168595591892465  0.0  0.0  0.0  1.0
13001298760309;15.033436311598187;6.805869051258394;-0.9985766149622971  0.021438928452257422  -0.048837653478219244  7.8261905480657035  0.015166197580744972  -0.7637248172018622  -0.6453637656708997  -11.609657924198167  -0.05113443557311882  -0.6451858460449991  0.7623125956993084  -5.759474208773925  0.0  0.0  0.0  1.0
13001298760340;6.506989460822594;2.6546619451292273;0.16639192542513834  -0.2126118307079212  -0.962865482087888  -3.288249247789526  0.48709344522543857  -0.8312990699242094  0.2677346297391443  -6.9535055207659635  -0.8573527294945338  -0.5135543455041252  -0.03475962373360686  3.7855786143689487  0.0  0.0  0.0  1.0
13001298760371;4.91629017563752;2.0077572192733997;0.40463228383949756  0.856088212063187  -0.32153644900895406  3.701638579918227  -0.8141365696093429  0.49736250130608933  0.2996868170595457  2.432566672403292  0.4164785239355855  0.14051162037712583  0.8982216450517267  5.437541850789495  0.0  0.0  0.0  1.0
13001298760402;8.540013131131722;6.384340548842058;-0.8681834113668759  0.45632419592164863  -0.19500203189668433  5.553202047583602  -0.31707791322319073  -0.812386066801954  -0.4893776408992129  -0.06974764526264199  -0.3817317921963032  -0.3630387123744699  0.8499904306191256  1.2127140672631864  0.0  0.0  0.0  1.0
13001298760433;5.8803617295845045;2.2799390124957823;0.7427960938171485  -0.33050806500642405  -0.5822528505517981  2.397888007686311  0.11416697285113186  0.9194501428602132  -0.3762676402566958  2.0138410832603815  0.6597119563263909  0.21301608803102834  0.7206970798608544  0.21559702970081696  0.0  0.0  0.0  1.0
13001298760464;2.166048600398045;3.2100523701478676;0.7733188712240155  0.39742175487856624  0.4939978463091266  4.220672815863761  0.5383851353946653  -0.00013070647973986022  -0.8426988957521452  -2.8476063073212243  -0.3348423052645571  0.917636056214585  -0.21406704309645627  2.7325373075628097  0.0  0.0  0.0  1.0
13001298760495;4.352922081343947;3.308283627577243;-0.4159583889240409  -0.9072623256256223  0.06207810551316609  1.2416642120112025  0.8148595706172385  -0.4021579955131907  -0.41745997031847515  -6.3358425273108665  0.40371091000517423  -0.12306103829076034  0.9065723810030805  -4.178906516928597  0.0  0.0  0.0  1.0
13001298760526;3.427592892868579;1.5865420686952967;0.6440839834260885  0.4230091531374661  0.6373531820395238  -0.5400871702797181  0.41087627634796126  -0.8941059934718647  0.17819976984307276  -5.709635301703672  0.6452414337505123  0.1470976845487858  -0.7496837755827251  2.482314108641898  0.0  0.0  0.0  1.0
13001298760557;8.921254112295115;1.507914112066263;-0.2625871963692877  -0.9580211792679817  -0.11507990431392781  -5.91403183387717  -0.8782275663789458  0.28669690317447066  -0.3827809130067518  5.68542074633801  0.3997052738644207  0.0005529775346236269  -0.9166435448203488  -2.5769729675092776  0.0  0.0  0.0  1.0
13001298760588;5.635777697146662;1.8379692597096198;-0.9148561044043341  -0.2707741493528311  0.2995324160694095  -2.0599794637103424  0.14669472659735333  -0.9140198280962534  -0.37821741239057777  -12.58512290091416  0.37619006555550455  -0.30207468263518483  0.8759177590894013  5.386446853875096  0.0  0.0  0.0  1.0
13001298760619;9.801579940171315;2.5903235145289547;0.8824802927415977  0.46969429141553365  -0.02481542936085413  0.48981633543333614  -0.47030564876893194  0.8818886702702297  -0.03293888257120596  -3.194129424847043  0.006413240891926415  0.04073875133905504  0.9991492503528171  -7.338776098317915  0.0  0.0  0.0  1.0
13001298760650;5.928008986154682;1.9532115007052124;-0.9673845441940414  0.1862589236131421  0.1716821395164952  -3.5702412914282626  -0.18818104073185044  -0.9821208189287043  0.005156833901709013  -5.781665499385664  0.1695731097891564  -0.027318682275795564  0.9851388988539385  -1.0857099930708982  0.0  0.0  0.0  1.0
13001298760681;3.926177848256171;1.8895278599070884;0.8809992874053145  0.39993169238957194  0.2527743994429424  1.3864603971365845  -0.3477336892791203  0.9096391470386341  -0.2272397489770614  2.7357737972525618  -0.32081386648905896  0.11229988244534543  0.9404611631912831  4.057892205274177  0.0  0.0  0.0  1.0
13001298760712;3.640287511906044;1.2877842837466074;0.31458342238855896  -0.197132894211868  0.9285342709765501  -1.1485820263021558  -0.8142196535293432  -0.5588680069376026  0.15720339254655905  -2.861040939933538  0.48793813764129695  -0.8054844336430369  -0.33632008711032796  -1.3270692377321502  0.0  0.0  0.0  1.0
13001298760743;2.23776059014918;2.53963528757604;0.9495036700414038  -0.30780171281780055  0.0608349090928412  -2.7671489363226653  0.13931906600649835  0.5873425115264729  0.7972571555030744  -0.24686611200403175  -0.2811280463151678  -0.7485231324015339  0.6005665174106974  0.3177825067942097  0.0  0.0  0.0  1.0
13001298760774;5.456665076952151;2.1617783799929824;-0.4667196116542065  -0.48923286083531925  -0.7367659139619828  -4.729902613803711  0.8833764367425541  -0.29805072669173993  -0.36167918840673424  -2.8143769448752662  -0.04264827200924995  -0.819644418145707  0.5712829007568934  0.33894801628928  0.0  0.0  0.0  1.0
13001298760805;8.825594568085958;0.40120588037647864;-0.02542724161065052  0.7212779024024518  0.6921789095963511  4.738293199199129  -0.9426841155052836  0.21314806402892722  -0.2567383126351476  0.4378033093431668  -0.33271626614594  -0.6590342102703324  0.6745174541368552  -10.153010306442052  0.0  0.0  0.0  1.0
13001298760836;4.000188739564292;1.8173306642748979;-0.5806222733141443  -0.7254669956268602  0.3695611099502389  3.7573821516772954  0.7317857889226298  -0.6639768999204733  -0.15370177455996153  -4.165952123880096  0.35688560472846054  0.18119689464263522  0.9164062147920355  -3.5441693060124613  0.0  0.0  0.0  1.0
13001298760867;4.334456072611078;2.205991918235441;-0.6805622982173731  0.43587274945461624  -0.5889396442148896  9.419654818926311  -0.3883743137918754  0.46698725097689187  0.794410661944901  -2.4052510222242383  0.6212892648612057  0.7693749760083956  -0.14853213679303212  0.46860889468437783  0.0  0.0  0.0  1.0
13001298760898;8.680467736983655;1.5829474577526157;-0.4453029971192197  -0.06978203549128116  -0.892656545530998  0.2748000830692714  0.33589169749781733  0.9111300161357963  -0.23878622499721325  -4.144960915684458  0.8299891615609665  -0.4061681440229878  -0.3822897205945332  -5.502767455038177  0.0  0.0  0.0  1.0
13001298760929;4.363996845460841;1.8533671490611205;-0.9667939873345447  -0.10691514119057735  0.23211751040792272  4.932909780472643  0.25161154954559517  -0.23923918534331345  0.9377932823024122  -4.781372803748774  -0.04473269709102809  0.9650563531631027  0.25819609026957796  3.0130794338330915  0.0  0.0  0.0  1.0
13001298760960;8.141769742702108;2.7119663375132492;-0.9865206829449418  0.098426129884606  -0.13072581641659153  -5.463668244821772  -0.1581302486022018  -0.7789131433100096  0.606868305034895  -6.52473854763557  -0.04209235796259933  0.6193598405893451  0.7839780744805873  -1.7437433779752636  0.0  0.0  0.0  1.0
13001298760991;5.538685950931398;1.6732081725356651;-0.9541463048063662  0.2777726820323644  0.1115668684731419  4.32492062486591  -0.28253994173997843  -0.9588124250113769  -0.029153301105909107  -4.263284772168401  0.09887370907337306  -0.05933861104162386  0.9933292097254186  2.819051048697909  0.0  0.0  0.0  1.0
13001298761022;8.071467038641245;0.3050436723176657;0.4650449548628339  -0.8852831673322772  0.002627469268273841  4.236739067379351  0.8852870557012669  0.46504243935577416  -0.0015357753132139718  -6.242817912504657  0.0001377113157423164  0.0030402690936687238  0.999995368888992  -5.9872575892518345  0.0  0.0  0.0  1.0
13001298761053;9.81526024076362;3.615561414957803;0.5699820285569492  0.5920930880764986  0.5696896191560283  -4.294593727673795  0.8023943093597229  -0.25185368255779617  -0.5410481447054504  -5.687713306643005  -0.1768724382973161  0.7655034275782915  -0.6186441973676384  8.504101469165805  0.0  0.0  0.0  1.0
13001298761084;5.591627609591558;1.853755599109561;0.6859811454236338  0.7268524719883135  -0.03339688739625166  2.9096813834503967  0.3035076841343713  -0.2441226861395427  0.9210250809741316  -0.7360083921433427  0.661296419009411  -0.6419420519614625  -0.3880688703424139  -9.025783188687965  0.0  0.0  0.0  1.0
13001298761115;4.7915878266942675;3.7947474901833704;0.8483053102592151  -0.4258912823682207  0.3146342578117796  -1.4193309259930182  0.2196764262049778  0.8237205989676424  0.5227108594684041  0.08625111525598039  -0.48178871754725205  -0.37430066849945814  0.7923248331366579  5.590435281035027  0.0  0.0  0.0  1.0
13001298761146;10.139080917100562;3.2293775431601612;-0.6665638402804555  -0.726019903125995  -0.16907911490037092  3.637378073652485  0.5835975117866027  -0.6493581756071284  0.48759399504984535  1.2509758539992961  -0.4637958506358781  0.2263383750871768  0.8565420882220784  9.909476833978022  0.0  0.0  0.0  1.0
13001298761177;7.93887486463345;0.14176898471737479;-0.31045698686984463  0.9486149940383641  -0.061205002975985856  0.5811506098090229  -0.9492264814176823  -0.31281336911545715  -0.03341980068825365  -2.5499413862167177  -0.050848267218290964  0.04772199899658813  0.9975655690392822  5.16673770135819  0.0  0.0  0.0  1.0
13001298761208;3.7143332170860712;2.9698229384770523;-0.7294736698927395  -0.6229012639442825  0.2825989743609033  5.690091053378433  0.6725991986658341  -0.7283702601034122  0.130717566344258  -7.221656225121218  0.1244125511646499  0.28543086653952376  0.9502898176552254  2.36985706970112  0.0  0.0  0.0  1.0
13001298761239;9.442007376163867;3.5431742874819223;0.9971294358842127  0.07430790269073478  -0.014533536766274002  3.0185599094296283  -0.07456268393397891  0.997056503626742  -0.017853143705769403  0.9252123251884163  0.01316412768829986  0.01888555462044028  0.9997349856681443  -3.6137030397102956  0.0  0.0  0.0  1.0
13001298761270;3.3218855709366024;0.32010143683732245;-0.6198562605091823  0.12977589834054948  0.7739098348757925  9.152265333750133  -0.6248300334678785  0.5150117234484142  -0.5868137302306617  0.12103250852032632  -0.47472691685231244  -0.8473022724627838  -0.23814536211167364  0.15543007564986966  0.0  0.0  0.0  1.0
13001298761301;1.702374455622597;0.12226232518057929;0.6857902705744162  0.64857831412937  0.3302088357790776  2.1819955737942864  -0.5564149596236226  0.7596907284293106  -0.33655963787356635  1.5424242436948405  -0.46914187352283077  0.04707618909436165  0.8818671866714622  3.5840617173223484  0.0  0.0  0.0  1.0
13001298761332;2.6966908062382884;1.4290439672948572;0.8245395355503857  -0.35844340055212065  -0.43778177544866653  2.327288849280942  0.4615557649021724  0.8736413081111727  0.15400370335602154  -5.2053643874088475  0.3272626318416523  -0.3290428442656534  0.8857934163435877  -2.9027741721155818  0.0  0.0  0.0  1.0
13001298761363;3.780503688669632;1.7336558985162946;-0.49493622010548927  -0.14559152362682345  0.8566453445129498  -0.07728111721935293  0.11445526187972259  0.9663500018385347  0.23036420506386873  -0.7394900970538121  -0.8613583058493919  0.2120631561461918  -0.46161790124472113  6.145529363994165  0.0  0.0  0.0  1.0
13001298761394;9.713878523349894;1.4287991713591814;0.37621347993319754  0.9262053995515988  -0.024636869890809175  4.902969654434311  -0.9172342366750007  0.36854831199320764  -0.15117373051620397  0.9760283743722731  -0.1309380486634124  0.07947137578034222  0.9882001456404453  7.942014867587539  0.0  0.0  0.0  1.0
13001298761425;4.539890497597582;0.21677677365031858;-0.030053593176772975  0.9981602371685345  -0.052658546056824795  8.206638989184293  -0.9544446107712286  -0.044304518259212555  -0.29508065784048904  -0.6498718655138731  -0.2968707909291881  0.04139143144991242  0.9540201690192952  -3.6483744453761653  0.0  0.0  0.0  1.0
13001298761456;2.8219341713243176;2.2130857579163825;0.22939011337342896  -0.7175125511669842  0.6576898317629444  -3.19628896702954  0.9090454157846752  0.39943152594928166  0.11870504672799531  -7.308216759428444  -0.34787441401659935  0.5706401624453659  0.7438771384287419  3.0448357495638865  0.0  0.0  0.0  1.0
13001298761487;4.817878682726937;4.123784573518145;-0.8815841092569069  -0.40876728079168734  0.23604823333351976  1.8682742621178714  -0.11114126650667866  -0.3062588774449046  -0.9454380565988859  0.08100022592244938  0.45875601051648074  -0.8597178665936612  0.22456204638060712  -0.6647742631534685  0.0  0.0  0.0  1.0
13001298761518;2.4163432216525833;0.585237422736588;-0.9217196708205135  -0.2606459403233329  0.2872221130336068  2.380226084904214  0.3405862352220883  -0.898216498301822  0.27786352505440126  -10.280537206604473  0.18556364083453633  0.35393617499681923  0.9166762346809547  -0.4825190792722174  0.0  0.0  0.0  1.0
13001298761549;2.2392274259590965;1.0558290905663565;0.9173116873179703  -0.3904376068565188  -0.07808804941866054  -2.7362167173091456  -0.22610678527228506  -0.34936495928399297  -0.9092963471159039  -5.754132381073768  0.3277422614855915  0.8517644042671937  -0.40875715242630595  5.773865061755129  0.0  0.0  0.0  1.0
13001298761580;8.570690654168628;0.136488655900068;-0.9592561607799384  0.28243816422757645  -0.007503425450410106  7.740898865547765  -0.2824279991564678  -0.9592854886101313  -0.0024034630217673186  2.569997122680034  -0.007876756833103196  -0.00018635927405807884  0.9999689605042814  4.8631277857876665  0.0  0.0  0.0  1.0
13001298761611;10.391644677470136;0.38324266304969146;0.4840032481481041  0.8736662896472477  0.04947797607114432  2.9359134796732516  -0.8750617192826673  0.48304551800274975  0.030561658716718496  -3.9401724046476634  0.002800576395487364  -0.05808822489512773  0.9983075252147439  6.234954587654492  0.0  0.0  0.0  1.0
13001298761642;10.080782196489423;1.076259564665447;-0.5446908067728206  0.8299557424897769  -0.1203552679587285  9.592834028238657  -0.01021689205240739  0.13693517391692778  0.9905273208049995  -11.27408914500122  0.8385747075448696  0.5407607822804683  -0.06610776212709413  5.986818663656058  0.0  0.0  0.0  1.0
13001298761673;5.377260718947195;0.1276557499833313;-0.9887215809930391  -0.13710812710145404  -0.06025775270748371  8.691681444056787  0.12103218699411605  -0.9684784680677447  0.2177169414643128  -6.4257741665565495  -0.0882090981137777  0.207968310980027  0.9741500585834139  -2.227798941391879  0.0  0.0  0.0  1.0
13001298761704;4.0697080635330884;1.377820756770422;0.4082974829931899  -0.7611457429602655  -0.503934840386028  -3.919652944085391  0.8214912964043515  0.5470946158097217  -0.1607467924529482  -1.5106767768187952  0.3980517746642063  -0.34834557457427057  0.8486519577313172  -0.07898349095762103  0.0  0.0  0.0  1.0
13001298761735;7.748271368017596;0.5507260315694876;-0.088948017599283  -0.9954049381824813  0.0354578511346833  -0.6586970101242215  0.9866365492431719  -0.08317359640508293  0.14010878829884876  -8.529658851681457  -0.13651582275577018  0.0474464108545222  0.9895010198248103  9.924745849867922  0.0  0.0  0.0  1.0
13001298761766;4.3143958585213165;0.36781894786328906;0.3258767717687213  0.938463990814371  0.1144100850727815  3.8948511988569705  -0.9267421629055476  0.3410248859961503  -0.15764196974302627  0.5906703771640909  -0.1869579982636339  -0.05465679350343705  0.9808462375975029  3.3011179975043534  0.0  0.0  0.0  1.0
13001298761797;8.231005951784896;2.180457539679042;-0.36498072170222395  -0.8303779226207454  0.42102443920724825  -2.628304240008207  -0.9309737763627586  0.3212545522770984  -0.17344549681702387  -0.5797277764546043  0.008769293619602547  -0.45526697471406297  -0.8903117887707184  7.866763067210755  0.0  0.0  0.0  1.0
13001298761828;4.4334073516756565;0.2252688250420305;0.7774760053295292  -0.5076694356107128  -0.3712180023699545  -5.673982971988192  0.6270051765220179  0.5797530695089097  0.5203372819715977  -3.8712137451275352  -0.04894455793478633  -0.6373053605154269  0.7690554646492481  -0.26845389250287344  0.0  0.0  0.0  1.0
13001298761859;2.6655230457662435;1.3590741080266353;0.9531468393807405  0.28182660393045034  0.10993119618895089  1.274068550243744  -0.3012764588542007  0.9171263013398061  0.260982456749568  -3.0713091092404508  -0.027268991891476663  -0.2818742852900853  0.9590637566780561  1.5674954812982138  0.0  0.0  0.0  1.0
13001298761890;6.637126318209209;1.6773253098340073;-0.5161768752876725  -0.8484469337924003  -0.11704372668592283  -3.3179939602954387  0.8435275410145175  -0.5272784446466714  0.10217010013202937  -1.5624423274935504  -0.1484005423448864  -0.04599176392857235  0.9878572957074732  1.4283922134252538  0.0  0.0  0.0  1.0
13001298761921;6.263021266226115;0.13318422992212564;-0.6394704590879062  0.768795093997252  0.005624535506104089  4.5372536825078145  -0.7687760026184757  -0.6393460405928457  -0.01483570612439239  -3.388577525105469  -0.007809593578416152  -0.01381100372922682  0.9998741252898442  6.285688808502195  0.0  0.0  0.0  1.0
13001298761952;8.524152599894595;4.263629657216948;0.6500809398144812  -0.34888401386985646  -0.6750368260739406  -0.9249095482705858  0.7222406464746545  0.007622925620581492  0.6915998406483747  5.695052892289957  -0.23614237288084278  -0.9371349080420823  0.2569337343736007  -2.154467180382362  0.0  0.0  0.0  1.0
13001298761983;3.259695949088397;1.6003250062831977;-0.397947821010277  0.9070564702946047  -0.13742667663108715  6.163249249856041  -0.8126548724898921  -0.2790189601241656  0.5116057838899658  -7.076379434392367  0.42571068811061086  0.3152728652896123  0.8481588474103586  4.016246640974369  0.0  0.0  0.0  1.0
13001298762014;4.304140440760447;0.3284211688787446;-0.9478629655609458  -0.1355590403807517  -0.2884086425353094  0.812614395696825  0.13982949613384169  -0.99015834560626  0.005844881284564618  -7.903247885855752  -0.286362550849384  -0.03478788865861826  0.9574895781540965  1.9883961732095816  0.0  0.0  0.0  1.0
13001298762045;5.169410619190491;2.506009364126018;0.8228218508458609  0.06841527943423825  0.5641662443912501  -1.5322990138909143  0.1474395047208065  0.9330363301206503  -0.3281840933419431  1.4693119424177996  -0.5488404086966228  0.3532174347550318  0.757635565141183  -0.2065562894904429  0.0  0.0  0.0  1.0
13001298762076;7.251100765186261;2.0396654343291;0.9451986634191948  -0.22060365416829203  -0.2406938188615672  6.155854438350602  0.22407793850557073  0.9744818899188498  -0.01319559378279804  1.781166020972159  0.23746276370341088  -0.04146171713500987  0.9705113919303343  3.396309685499085  0.0  0.0  0.0  1.0
13001298762107;3.6083033742486865;2.1036187352383062;0.032694711195568826  -0.5455801511926437  -0.8374206556351765  9.833102260264706  -0.07319626126390522  -0.8369256905057424  0.5423999409185722  -3.254787108956191  -0.9967815022344781  0.04356245167683698  -0.06729747103033486  5.603023103914543  0.0  0.0  0.0  1.0
13001298762138;7.232928857269941;2.2252960869927176;-0.33842225259246056  0.8879382411060502  -0.311506113795121  11.355283083475271  -0.14578725576288928  0.2775670467338687  0.9495802286403001  2.3413523541329333  0.9296324300536053  0.3667727014772667  0.03551521425666522  1.2270990349450694  0.0  0.0  0.0  1.0
13001298762169;6.764347421644368;2.0402963586018124;0.35075669439849366  0.9266520427855456  -0.1352247497169708  6.643272073581998  -0.923287112407458  0.3663365664080145  0.1154921130410414  -2.8571726094501524  0.15655877297979842  0.08434163689283031  0.9840608918605078  -6.004839309597074  0.0  0.0  0.0  1.0
13001298762200;2.173201777732865;1.3729824991817252;0.32520738988222336  -0.5771658471064781  -0.7490792604924089  2.737274344853108  0.7226557037090445  0.6626003797465313  -0.19679804535751788  -2.9897081058476713  0.6099253130201912  -0.47732622146035014  0.6325747314298973  -3.7438078543005835  0.0  0.0  0.0  1.0
13001298762231;5.881331751981235;4.563593947858644;-0.7955968078220214  -0.5289922990660995  0.29528438311596006  4.751722514569624  -0.1707078575122531  0.6634066890011076  0.7285261782339497  -0.18079695678122665  -0.5812783728705094  0.5292057374191539  -0.6181073860711122  2.26069683119848  0.0  0.0  0.0  1.0
13001298762262;12.753530724937347;0.9334776423619612;0.7405113517354618  -0.6714476480663208  0.028301834872048515  -8.155585741448327  0.6542623893694024  0.7106554393698512  -0.2586688468886108  3.6104359744657666  0.15356973597541637  0.21006404356826308  0.9655513625862644  -3.160600389581246  0.0  0.0  0.0  1.0
13001298762293;4.0873319758586355;2.934005280452609;0.699032454778614  0.7128800539259113  0.05617522479505577  7.88689617360247  -0.6745466673713983  0.6834373528588696  -0.27910603407200085  -2.4590804809735287  -0.23736137155048004  0.15721136546653022  0.9586157550675994  5.017416760614721  0.0  0.0  0.0  1.0
13001298762324;5.257805486369847;3.7951363041870008;-0.48181585076323524  0.6194761811869091  -0.6197602333930309  2.3937785839455192  0.7944314302569844  0.010348309546434564  -0.6072656874131568  -2.152171449345539  -0.36977315826482393  -0.7849472424511187  -0.4971173281985274  -0.2715538734329517  0.0  0.0  0.0  1.0
13001298762355;3.940223826782666;1.668183438944306;0.32167055899268027  -0.9449061765135106  0.060666045395721305  -2.267432391484997  0.9468501988673059  0.3208968737526637  -0.022358383678401008  -4.925050756798445  0.0016590305241558343  0.06463369092343578  0.9979076779017859  -2.8895027762204872  0.0  0.0  0.0  1.0
13001298762386;9.483249247669189;2.0844676233457995;0.817072148566327  -0.2968521738418222  -0.4942386983256073  3.863133399632768  0.4817018895436918  -0.11953809229505014  0.8681439593180946  2.7569926783282392  -0.3167907726674547  -0.9474119649739732  0.04532300714772164  -5.073958062017894  0.0  0.0  0.0  1.0
13001298762417;6.696026314562576;0.35395611249615166;-0.7871606377335134  -0.6025235993077303  -0.13169450512540998  7.528573509846711  0.6153941507181818  -0.7814585114657625  -0.10301763984659654  -4.378796279471874  -0.0408432327909641  -0.16213545921535133  0.9859228789313144  -3.4796167293298668  0.0  0.0  0.0  1.0
13001298762448;6.742317045442832;1.9054082068115363;0.5705927744878911  -0.8008771045931999  0.18171337056095996  5.4947331620248425  0.6745129215801379  0.5832549297864443  0.45259916648314524  -8.128158368053814  -0.4684615291821077  -0.13568179766727773  0.8730030042663879  -0.6443739557982402  0.0  0.0  0.0  1.0
13001298762479;4.7976364578938275;0.20404530963215967;0.6606084804305188  0.6426407348998016  0.38808416797226425  1.7194540668859895  -0.6913134503813347  0.722297182180432  -0.019300101970230188  2.866816272602601  -0.29271513268899413  -0.2555379941645671  0.9214218277386392  -5.335247276492951  0.0  0.0  0.0  1.0
13001298762510;3.641411788076855;0.6741346300294603;0.672379571875757  -0.6714270067719486  0.3115950671968915  -1.0131159836778258  0.723730795875741  0.68464899587742  -0.08642619709964283  -0.1299141303216154  -0.1553043670514136  0.2836221553780691  0.9462764007167552  -1.2892378300618133  0.0  0.0  0.0  1.0
13001298762541;3.070002262790549;0.19743439656647224;-0.9269216673712951  0.37113532993014453  -0.05545078390123035  3.2970784804907973  -0.37362972721123333  -0.926513236102734  0.04443028550998687  -8.079793784579657  -0.03488623656512281  0.06190145558936545  0.9974723857301713  -2.2003190818255556  0.0  0.0  0.0  1.0
13001298762572;5.3165421424298245;0.604601000557124;0.5977703636567596  0.8011034716482323  -0.03006360003086343  4.4377925508269325  -0.7554251435537648  0.5503407291382578  -0.3556092438876485  2.3268625047613813  -0.2683345762670917  0.23528346640748285  0.9341510828633874  -1.9088334629517405  0.0  0.0  0.0  1.0
13001298762603;8.701034267553123;2.222762356995343;-0.6751949618081018  -0.22445741079383208  -0.7026596859708721  4.274995309889913  0.7345012889540767  -0.11680925949904808  -0.6684784614481494  -10.50629450377637  0.06796778703000478  -0.9674577342886939  0.24373328104965664  1.109433140273588  0.0  0.0  0.0  1.0
13001298762634;3.6983118308243395;2.1926202738599447;0.20315526592253952  0.8368034904856947  0.5084170101785548  3.375164081983597  0.9738860976171639  -0.22644034600079552  -0.01645109634803072  -2.2797402135312472  0.10135978885117333  0.4984823848582799  -0.860953834528918  1.1184251978895423  0.0  0.0  0.0  1.0
13001298762665;3.264462073407414;3.142950496413002;-0.031067739108747994  0.2592869030847577  0.9653005218455989  1.648619200451744  0.16034303645450892  -0.9519659627301089  0.2608657058025924  0.20835537643706983  0.9865723015811958  0.16288372445413962  -0.01199941918298908  -2.00321127445566  0.0  0.0  0.0  1.0
13001298762696;11.28400940315467;0.6720948520413992;0.35106806853007083  0.9363373523977854  -0.004855281997197515  1.8354054049252402  -0.7046349030787719  0.26077219013153785  -0.6599147810264379  -5.5906306526261496  -0.6166367363543435  0.23509620872891157  0.7513247686716822  3.55633076338588  0.0  0.0  0.0  1.0
13001298762727;5.9914853246080435;2.0681024210550123;-0.9930096823718015  -0.11321433161884287  0.033380920178343154  14.092989756907945  0.09733253219584093  -0.9454097054876784  -0.3110094322461084  2.3766808110134314  0.06676937091361318  -0.3055863280413567  0.949820428934859  1.0034993419532225  0.0  0.0  0.0  1.0
13001298762758;2.650189718750765;6.076664431767843;0.9002437383948925  0.42104426799894124  -0.11082840730617222  3.5377988758016228  -0.37638405243471756  0.8805629141362625  0.28799999882061045  4.12799581655522  0.21885213399372344  -0.2175561505292084  0.9511955975577815  2.6127702338804975  0.0  0.0  0.0  1.0
13001298762789;12.47752396560415;3.6706887055369104;-0.02579303643189622  -0.9977791928344985  0.06141173843948522  -8.624587904184466  0.9996398872721786  -0.026198591934753143  -0.0058077151361208106  -8.721078223189975  0.007403718396111189  0.06123982468274347  0.998095621083841  0.830631553269182  0.0  0.0  0.0  1.0
13001298762820;2.5113803815995865;0.16193626761141566;-0.045139585842678714  -0.9985820438084101  0.028219134879898355  1.3240134176855305  0.996951909054505  -0.043230569761268905  0.06494619981718971  -8.286473491404896  -0.06363417967201052  0.03106476495218491  0.9974896849371104  -1.3841014538099234  0.0  0.0  0.0  1.0
13001298762851;8.315224491879562;1.2601883666690017;0.922499427760715  -0.3562005544117838  -0.14871439344559462  4.667767133494296  0.3848624915455311  0.8192440322362178  0.4251118420447836  -3.693982963086345  -0.029591694485434215  -0.44940002301077014  0.8928403837951103  4.509634234577286  0.0  0.0  0.0  1.0
13001298762882;7.127338882949794;0.48991856219216745;-0.31325443768622596  0.8649091646308265  0.3921782684028944  3.4907145188359427  -0.5116626144201202  -0.5016109073188674  0.6975585041152537  -8.600158043776538  0.8000456401197711  0.0178503388300882  0.5996735271203801  -3.4545729889048173  0.0  0.0  0.0  1.0
13001298762913;2.3308338239256097;1.9573680460370237;-0.7042550927119616  0.709199556233226  0.03256921595405496  10.990496064103201  -0.6618079923827123  -0.6724159615060561  0.3314618468696666  -5.045124425847476  0.25697265536945646  0.21187912627364308  0.9429062998208718  -1.8311450330197991  0.0  0.0  0.0  1.0
13001298762944;13.120560348922597;1.4083110145221234;-0.3606273596657149  0.7269135043338332  0.5844182275371306  0.18025392639941396  -0.919313660328857  -0.1712056517032266  -0.35433179190926717  5.944883380058983  -0.15751286104091283  -0.665045398481923  0.7300029565451954  0.9820588863538818  0.0  0.0  0.0  1.0
13001298762975;11.342250680316473;0.4004909575569583;-0.4233558718126092  0.8808907866322948  0.21166300533659987  4.6147080134569896  -0.8790957026213937  -0.45590784576412785  0.13906394861109522  4.1060438251049085  0.21899897587519102  -0.12719849919338003  0.9673985685169108  -8.20859679767409  0.0  0.0  0.0  1.0
13001298763006;4.458598501776789;1.8240426074849456;0.8775749683663884  0.4437259159986925  0.18157501581399715  5.471777217574572  -0.19168715694122967  -0.02240484840838558  0.9812003142231378  -4.02814145404824  0.43945216891093003  -0.8958824332684048  0.06539462516568972  -7.155115287325989  0.0  0.0  0.0  1.0
13001298763037;6.669679305647058;0.5570367081024812;0.3187497907106124  -0.8548541531811131  0.4094178155759006  -4.597859770261547  0.9431490971448236  0.24314144200322613  -0.2266098403324434  -11.905274036353408  0.09417192509896302  0.45837388229434833  0.8837562065148749  -3.02615714986912  0.0  0.0  0.0  1.0
13001298763068;2.7376255445017748;3.0845406619645885;-0.6592558922147917  -0.6308855990933858  -0.40910271257553266  4.4865913189935185  0.7185704187307497  -0.36837096699053384  -0.5898808218645304  -5.399955182798456  0.22144575386580367  -0.6828515149979817  0.6961864596211043  -0.49865598647918175  0.0  0.0  0.0  1.0
13001298763099;6.456555758447102;0.846450669782001;-0.8860252286497207  0.46087840138988523  -0.0505014190742607  9.610344604319636  -0.4309848620072043  -0.7785718677491601  0.45615556060429174  -3.7590603842438455  0.1709132613837829  0.4259306820151474  0.88846593136781  -2.8691380327576885  0.0  0.0  0.0  1.0
