# registration_from_features.py RANSAC RANSAC_config.json euclidean False --input_txt=/neural_comparison/point_clouds_registration_benchmark//eth/gazebo_summer_global.txt --input_pcd_dir=/neural_comparison/point_clouds_registration_benchmark//eth/gazebo_summer/ --input_features_dir=/neural_comparison/experiments/3DFeatNet/feature_extraction_voxelgrid_0.1_npz//eth/gazebo_summer/ --output_dir=/root/neural_registration_comparison/results/3DFeatNet/RANSAC/
id;initial_error;final_error;transformation
36535719080030;2.8719654907800902;1.2812141577818963;0.7746147670247943  -0.19109890453964082  0.6028707750346451  -2.381466397940355  0.42028947995878896  0.8678540626316145  -0.2649265539914294  -0.6606980491667787  -0.4725766771044623  0.4585962654204153  0.7525694317465688  7.734612055842588  0.0  0.0  0.0  1.0
36535719080061;2.8185456084080336;2.757391598306693;-0.4212134161330157  -0.6654105382854453  -0.6162857077754029  7.32017770810371  -0.6224986786143115  -0.2820754128586681  0.7300197645160359  8.88335501610373  -0.6596018899252726  0.6911311575954932  -0.2954032325613969  0.2103996713023022  0.0  0.0  0.0  1.0
36535719080092;1.9001870719663094;4.127192132552825;0.12789994286365705  0.10850954701070618  0.9858332936267701  -1.7839137713242783  0.8546441606372279  0.4922775427574291  -0.16506416808440516  12.08465819232622  -0.5032146294615869  0.863648365426717  -0.029774781134353678  -5.3614106328983135  0.0  0.0  0.0  1.0
36535719080123;2.152334886682317;0.36502389083741343;-0.19886638696354567  0.9681141916896525  -0.15233867527701775  2.433517768739053  -0.9797495364207888  -0.19269754469731082  0.05439211478585964  -0.7972602520589014  0.023302489551880995  0.1600705098283855  0.9868304950010238  -2.2394826961467187  0.0  0.0  0.0  1.0
36535719080154;3.7084111945439853;3.0963357549463533;-0.8535248935358869  -0.5109571807325552  -0.10206868066351699  -4.409954539604231  -0.08255231480460928  -0.060808048126097636  0.9947298611198392  2.8510557988952057  -0.5144709626742341  0.8574527046671042  0.009720484767442444  -3.3714895564386973  0.0  0.0  0.0  1.0
36535719080185;2.3222284832250804;6.436539577946785;-0.9978525552840156  0.02456066066034812  0.06072109897792967  12.936743752289997  -0.05164356842031985  -0.8652308788706855  -0.4987067957121467  -13.502007710093418  0.04028920145617239  -0.500771704668493  0.8646412435510092  -9.078704200271986  0.0  0.0  0.0  1.0
36535719080216;4.7404660091141455;5.382733957548071;-0.4584628776302578  -0.30136925918482704  0.8360552370826771  -5.233573585732415  -0.3425145862240494  0.9279908118090607  0.1466860982565444  6.388113471357475  -0.8200582589418578  -0.2191109828747726  -0.5286727051067603  10.758394973824041  0.0  0.0  0.0  1.0
36535719080247;2.9917173628249674;5.465476513385472;-0.8992073394752886  -0.09899711873590619  0.42617570451136993  -5.680053850986557  -0.138887422262828  -0.8590979956687855  -0.4926062502395409  3.2543179767789123  0.41489329299346345  -0.5021456007174246  0.7587577684012048  -2.5831599723476977  0.0  0.0  0.0  1.0
36535719080278;1.8936058971638152;3.803809647267052;-0.07189473949560837  -0.9453569688119013  0.3180115531732013  0.818610997344317  -0.5907034104572512  -0.21655080138514837  -0.777287097084225  10.562280952978458  0.8036794306855377  -0.24373336238238555  -0.5428567221235692  0.832930078154619  0.0  0.0  0.0  1.0
36535719080309;2.0474131250721026;0.7285542803359416;0.04552950277282949  -0.9989618281722035  0.0015265097797884327  1.310815534239738  0.4574277816468919  0.02220653422021257  0.8889694564019226  2.271058320348536  -0.8880804518481769  -0.03977606934798115  0.4579639454720888  -1.0984965776878441  0.0  0.0  0.0  1.0
36535719080340;2.643359974182583;3.2396577117556418;-0.838149560240415  -0.26808157840106533  0.47501324401619804  4.96216962320427  0.3605487094455717  0.38117215928673204  0.8513004247043593  0.012621647613730858  -0.4092797854596917  0.884782488698032  -0.22282281056342762  -0.9971872336157954  0.0  0.0  0.0  1.0
36535719080371;4.184735305781556;0.022794214114754952;-0.9757235800467599  0.15701392152627325  -0.1526765331924828  2.99395509925142  -0.1476773244864729  -0.9865016441043174  -0.0707524841400993  4.5204745867688985  -0.16172477600309432  -0.04648800518864328  0.9857403117456082  -4.6178966105184385  0.0  0.0  0.0  1.0
36535719080402;2.5739270336253104;4.022706600082175;0.9959347431912382  0.04420566032671388  0.07848469213598769  1.4515377805984553  0.06895916291941723  -0.9347394790476791  -0.34857816936682406  8.43107217046575  0.05795361208807315  0.352573348262106  -0.9339879083484927  6.019765550092181  0.0  0.0  0.0  1.0
36535719080433;2.734748311517099;2.927868693149777;0.9991437743791851  0.03728804840921723  -0.01792538884230857  5.489609534972087  -0.0336737268243468  0.984643902848714  0.1712964235021024  -1.283160120944081  0.02403743416164367  -0.17054614046844985  0.9850564530676607  -7.0420229719210194  0.0  0.0  0.0  1.0
36535719080464;3.7323423107611307;0.03319669255719455;0.30645467816991706  0.9048402493055285  0.29554974786739835  -0.8461311275894612  -0.949772142631871  0.26998505398302813  0.15824331804612413  1.6516103969853004  0.06339090871913888  -0.32919932239069266  0.9421302451515243  9.268146604049916  0.0  0.0  0.0  1.0
36535719080495;4.095283908390811;4.903699171831514;0.6633252460746383  -0.6652981718143717  0.3426046708678613  -4.22212448288288  -0.7252965205556301  -0.6842890450903468  0.07545501997374418  12.412308058174327  0.18424053622891237  -0.29854119539821716  -0.9364446483697186  11.669805381686926  0.0  0.0  0.0  1.0
36535719080526;2.3278553928468253;5.53843299453441;0.857788048538123  -0.4348261332420702  -0.2740910389540452  5.198840968772939  0.4665622889511161  0.8824360519052696  0.06021830972831579  7.332661596013464  0.2156833195076842  -0.17953508890350506  0.9598165749446903  1.3613774840627688  0.0  0.0  0.0  1.0
36535719080557;2.2194490343578286;4.659508383599401;-0.883528596242088  0.4623781642073226  0.07472384416472316  -4.032739293132561  -0.12815701658730816  -0.3921035159828662  0.9109503893480237  3.0671371888623495  0.4505030507354286  0.7952743338107566  0.4056916751178554  -3.157445404854781  0.0  0.0  0.0  1.0
36535719080588;3.796227498088121;11.14300864813221;0.2073844560118322  0.9304058700964226  0.3022194637921179  3.381866451297781  -0.966478469181098  0.24266545244919552  -0.08386207007335235  19.291325259513474  -0.1513639851947522  -0.2746969149403502  0.9495422838969402  8.048903287220698  0.0  0.0  0.0  1.0
36535719080619;2.4973131938563013;5.524492718790582;-0.4656014738533873  -0.8784388392904762  -0.10751964086414262  0.9270923670597642  -0.3862002774038785  0.09236403249586544  0.9177789664370554  16.004147655905854  -0.7962817423994607  0.4688433545728288  -0.3822581530774403  2.4515301771032654  0.0  0.0  0.0  1.0
36535719080650;2.045757500568744;3.7049714197605583;0.19080106579585498  -0.42198964859072724  -0.8862954867161636  -8.911149687537446  -0.6025439490814755  0.6624292571064754  -0.44511601718503047  -1.1870035097513933  0.7749424125162244  0.6189605931007552  -0.12787510106308872  5.946338639786836  0.0  0.0  0.0  1.0
36535719080681;3.422151150058385;5.311177735372607;0.1332671187663355  0.48765953027602793  -0.8628024441241938  6.917098498479156  -0.9834371257356573  -0.04284065271247578  -0.17611387849899224  18.560421472092564  -0.12284663113210786  0.8719821448895227  0.4738732364391968  14.280987660935653  0.0  0.0  0.0  1.0
36535719080712;2.329822326641319;4.1134108724907685;-0.031467231959535075  -0.7933777920695904  -0.607915695112066  -2.6281276904926454  -0.9817248748486923  0.13874388371369908  -0.13025515281691818  0.9381606250407951  0.1876861300579347  0.5927071905948343  -0.7832445995990363  -2.9102633729349168  0.0  0.0  0.0  1.0
36535719080743;1.5817497009913515;6.005030269984716;-0.999564795264008  -0.005105973873073738  0.0290542440897882  7.34313949427672  -0.0014870015171001283  -0.9749333676135639  -0.22249206174639735  12.401359704785717  0.029461990688167117  -0.2224384358524444  0.9745014794038066  -2.3642335089439666  0.0  0.0  0.0  1.0
36535719080774;4.455523395855616;5.299036590931958;0.5771550893142058  -0.7651869685309631  -0.2852733882946429  6.481557815204598  -0.7759937105186173  -0.6227101935160131  0.10032834159298355  13.262203383213253  -0.2544125863911998  0.16346534214213349  -0.9531806323064353  12.02222024593316  0.0  0.0  0.0  1.0
36535719080805;2.6623006804379994;4.325757030029374;0.5467932067947856  -0.5046344935611874  0.6681026993743686  17.696428888291912  0.8287397844846018  0.21260526955542142  -0.5176768963066455  1.543896813566123  0.11919546390483911  0.8367454973081778  0.5344617985590736  -1.2941217167108046  0.0  0.0  0.0  1.0
36535719080836;2.3641851278479833;6.68543941380806;0.8546760533381238  0.5189898188275884  -0.013357088143618467  5.459833867676822  -0.4485370859848875  0.7511205697805547  0.48438865815450416  10.816444168308214  0.2614255655947885  -0.4080042372400587  0.8747509451538782  6.153012288307819  0.0  0.0  0.0  1.0
36535719080867;2.3245937370798613;5.9459971339393665;0.50228681103741  0.7227923610025664  -0.47463582074492217  13.21233353545658  0.801525902810779  -0.18322700024499608  0.5691960062268419  -16.577750544591026  0.32444442757001635  -0.6663325515518186  -0.671369305346326  1.97309357955696  0.0  0.0  0.0  1.0
36535719080898;1.1108467191895781;5.3319737740379;0.26509556747733504  0.6496561576672255  -0.7125105030165704  5.479925430624434  -0.6639445344736509  -0.41286759703147546  -0.6234725354528635  -9.54594121709121  -0.6992152710334893  0.6383472598253336  0.3218862852422442  14.502840132199717  0.0  0.0  0.0  1.0
36535719080929;3.0133446968971027;1.3299237492246516;-0.0026003415648140696  0.9067482962064511  0.42166428061960004  10.15461646178778  0.4364471394832966  -0.37835585606822214  0.816309218749691  -6.934239411531835  0.8997261431461209  0.18615685188996217  -0.3947638456518334  -3.564019265306722  0.0  0.0  0.0  1.0
36535719080960;4.172447019856412;4.1069088741777025;-0.8557614975355597  0.39571532850686386  0.3332891209151607  -7.583018253456851  0.4419968741618945  0.22435311266824062  0.86850702015999  -6.472370828325431  0.26890708909734984  0.8905476178289261  -0.36689769393171867  7.262496579154792  0.0  0.0  0.0  1.0
36535719080991;2.0023267432930947;1.5308466274246704;-0.41662763183128754  0.6881528617772092  0.5940261401844946  3.797720550269739  -0.37421982504016893  0.46568166311457593  -0.8019352287970314  -6.320333909420464  -0.8284811035512865  -0.5564047335049174  0.0635045950444778  3.0755312148480556  0.0  0.0  0.0  1.0
36535719081022;5.2049478600741095;4.790391891614587;-0.3207889060215905  -0.9469473321659863  -0.01962722285989424  -2.1750094125476354  0.9471488496884866  -0.3207605220361166  -0.004663050170725082  -1.631902952642418  -0.0018799753317346249  -0.020085756317319098  0.9997964933354752  -0.7753222313823709  0.0  0.0  0.0  1.0
36535719081053;2.759339837400279;8.622045371495908;0.6585297783878828  -0.25574782146903985  -0.7077652031502015  -1.7864627002563913  -0.6223799564489005  0.3436267568956111  -0.7032523314970732  20.054626652397825  0.42306231312546666  0.9036114783241994  0.0671161340788114  4.214121348690448  0.0  0.0  0.0  1.0
36535719081084;2.627616704218367;1.7991441249037783;0.973885761500085  -0.14914846710364804  0.17117610320378274  6.448186985406444  -0.058723532654933505  -0.8937731727483469  -0.4446583659258863  -1.7902220431677693  0.21931272252180226  0.42299438582088345  -0.8791914918287647  1.9518439259973472  0.0  0.0  0.0  1.0
36535719081115;3.3642234081663633;4.167782411302166;-0.7966772804870639  0.3768425944381668  -0.4725409715282346  4.737275343685549  -0.604362549394068  -0.4874306810562561  0.6302041257044716  4.600974984401981  0.007156790177117385  0.7876553752639195  0.6160745005047805  -0.49746573598672894  0.0  0.0  0.0  1.0
36535719081146;2.4293434851076756;8.055239219792279;-0.29577601493190175  0.9435698527257789  -0.14897141342571535  5.564663643105579  -0.924369444346082  -0.3220466025976501  -0.2045167868773295  18.352596513591436  -0.2409516120517131  0.07721346244252536  0.9674608012045337  -1.9184313192758218  0.0  0.0  0.0  1.0
36535719081177;3.5423989428844522;1.3222690195138236;0.12085317261234732  0.427142777437152  0.8960711792892376  9.64289690872201  0.8530884858378258  -0.5062571316277913  0.1262685709387985  0.5373468425934274  0.5075771330551204  0.74916804814359  -0.42557336575526894  -6.3034525629033915  0.0  0.0  0.0  1.0
36535719081208;2.4968567701157345;2.866549997257785;-0.6463953897577807  -0.7241498971345703  0.2403745547679237  12.476078768918239  -0.17593132097031453  0.4480034734525952  0.8765506591612655  2.9325488086308162  -0.7424427051305217  0.5243088920230146  -0.4169880278186324  3.530463565183903  0.0  0.0  0.0  1.0
36535719081239;2.6254413723760552;2.5461984440723424;0.7665946318085571  -0.4271484042714842  -0.47945480622330583  -1.7166037734967148  0.2739223618185299  -0.4577842830195085  0.8458132713052406  -7.646994219070333  -0.5807746638568707  -0.7797293062009654  -0.23392947414402315  5.0292694195557734  0.0  0.0  0.0  1.0
36535719081270;4.852975213123584;3.5713806004767084;-0.03164138683599931  0.9657670910792527  -0.2574737820194783  7.684286670034268  0.9423109349231434  0.11471075489742039  0.3144702603349575  -8.19635207787944  0.33324004045637523  -0.23267008509729634  -0.9136824978828533  9.956212292444906  0.0  0.0  0.0  1.0
36535719081301;1.4134837583742463;2.5907944218092065;-0.8813122696439768  0.41241803393788296  0.2306513573725365  13.415190592113099  -0.40049398592810065  -0.9109782788934649  0.09860599687504831  0.48976107930921353  0.2507852679293673  -0.005471806567398211  0.968027276848377  -4.734121987884242  0.0  0.0  0.0  1.0
36535719081332;2.6207414559357245;1.9223058139132114;0.7755866707342676  -0.5766917803239684  -0.2566941890384469  7.905187918448799  0.6228061384720084  0.7653512062616373  0.16232696927942028  -4.961709636744168  0.10284857831258512  -0.2857693503170482  0.9527633747990376  1.4272263058065258  0.0  0.0  0.0  1.0
36535719081363;4.7790429741920475;2.3238551378056034;-0.19349480061464844  -0.1849154996099528  -0.9635175245625263  11.455372590068357  0.8688832811687904  0.42378850082523456  -0.25582249759092157  -2.949704251282472  0.4556331922066853  -0.8866845913696151  0.07866911457010228  3.0944740927376753  0.0  0.0  0.0  1.0
36535719081394;1.4663573651430153;5.702400990953842;-0.9746996598764193  0.17924803011005283  -0.13353170686566634  12.259954789491632  -0.07499974263188469  -0.8250485205238636  -0.5600624763243252  -14.388093826849255  -0.21056023281223774  -0.5358778615347437  0.8176180684616785  1.231785458868366  0.0  0.0  0.0  1.0
36535719081425;2.332117443040167;5.877365132520101;0.4023246603458545  0.2872298744391907  -0.8692720327419026  -12.082297510704795  -0.48110085283295034  -0.7414981601104227  -0.4676777180455214  4.931380323947845  -0.77889462514579  0.6063657953599503  -0.16013645786170605  -3.5572451487898693  0.0  0.0  0.0  1.0
36535719081456;3.9542146055036578;8.486845351032981;-0.6641837132245083  0.6032167693774447  0.44157618168232593  -1.3226756064962313  -0.714832171376756  -0.6853480237186613  -0.13897141126763085  12.891676379442462  0.21880347769653008  -0.4079554087480194  0.8863957483094898  2.4902867616373117  0.0  0.0  0.0  1.0
36535719081487;3.3533169379046845;0.30058960190704465;-0.5020567041169062  -0.8132413560076526  -0.2942406544481998  5.542432441901344  0.8640753441216159  -0.4574367122331598  -0.21006059597751764  -6.1054262200788365  0.03623348634041368  -0.35970842522820323  0.9323609726320952  5.317799005307485  0.0  0.0  0.0  1.0
36535719081518;3.0920879439740774;0.7910088249733824;-0.23262975727053675  -0.94355199751169  0.2357817296228692  0.47409314432780814  0.9039653626822637  -0.2992069452247623  -0.30548621409155174  -6.534477304938283  0.35878965857863687  0.14207333289877566  0.9225427626815249  3.9898333151766314  0.0  0.0  0.0  1.0
36535719081549;1.5294161413651834;4.7152480946826065;0.1359200632663401  -0.5067449429606288  0.8513138664355844  -7.2767543027736314  -0.9599943930661984  0.14497504667453326  0.23956836419523111  3.8095800818485044  -0.24481932457045924  -0.8498186857356963  -0.4667672864408104  1.5737906116342972  0.0  0.0  0.0  1.0
36535719081580;3.0692450464075005;6.081075763750027;0.014813676132677644  -0.9400246332772465  -0.3407847470639115  3.4526975427400663  -0.9125419388643587  0.1266041951486239  -0.3888940570186777  8.300943916767775  0.408714771953637  0.3167413244316995  -0.8559364278871061  3.502476867335944  0.0  0.0  0.0  1.0
36535719081611;4.067373545893354;2.7881487170508863;-0.20896643123587438  0.9199989930468526  0.3315642975492398  6.114343988867495  0.9749419923719007  0.22244206821205015  -0.0027636568990370147  4.201587101190902  -0.0762964096563694  0.32267844533269346  -0.9434285764122388  0.6098108465614214  0.0  0.0  0.0  1.0
36535719081642;1.8617882493278746;2.3296630802567253;-0.42697068169015995  0.22871810450774893  -0.874862312394027  4.982785139733644  0.09434823713618712  0.9734712544953842  0.20845173738896441  0.9604903584396562  0.8993299990138968  0.006461063501199543  -0.43722283509910514  2.3948523612957877  0.0  0.0  0.0  1.0
36535719081673;1.5998785025075408;4.487797854127321;0.9230676531031344  -0.3778750329414696  0.07180924226139218  0.39496042895211936  -0.32395137562305526  -0.6631106923159987  0.6747886454054538  8.005885907195466  -0.2073683052604766  -0.6461382740680827  -0.7345091672387194  5.217920213969323  0.0  0.0  0.0  1.0
36535719081704;1.9756325052656099;5.879843769608214;0.9712675202675641  -0.1671305075893329  0.16943080447849432  0.37700469501155  0.23707635001334226  0.7417940886323457  -0.627324743920132  -10.727880738725458  -0.020837666319649985  0.6494681851353769  0.7601031957302318  2.5590544911994013  0.0  0.0  0.0  1.0
36535719081735;3.6039393451346733;2.605303769238778;0.7184063347250337  -0.4229982574689561  0.5522361925889767  -1.230071430677988  -0.10643609136522525  -0.8513660337106933  -0.5136606224917539  13.142560547571453  0.6874326852004029  0.3102391832472958  -0.6566490329667858  -4.2096986270959675  0.0  0.0  0.0  1.0
36535719081766;4.290345428514503;1.95404649714008;-0.21158053136948232  0.1395983719907496  0.9673396369853453  3.6922732380633243  -0.9068979427250182  0.3409520155986864  -0.24756381912614528  -1.9687658361949372  -0.36437590511247736  -0.9296580110969439  0.054462667734306414  4.15445441776434  0.0  0.0  0.0  1.0
36535719081797;3.80649089162507;3.9216211397895777;0.7012411187070426  0.47707870722350404  0.5297705168735289  6.502696175223363  0.6935023809226036  -0.6287446740111494  -0.3517592679053308  -12.633186250013566  0.16527353414620358  0.6140651773358947  -0.7717568379316504  7.161304716740302  0.0  0.0  0.0  1.0
36535719081828;1.9802991795936433;0.023082932363702457;0.16807958975751253  -0.9832602725261831  0.07034549010904881  -2.3201652462697666  0.9761315995123057  0.17596765516456278  0.12728898133551625  -1.9380149376918663  -0.13753672942343115  0.04727177601509758  0.9893679938485397  1.8750649308321383  0.0  0.0  0.0  1.0
36535719081859;4.6068693402346454;2.829082428274556;0.934117892750786  -0.32664073218639283  0.14397775703062002  4.420544419144237  0.3431038506095706  0.9328786202546271  -0.10962311603265434  7.116233092640803  -0.09850639644062126  0.15180023698453252  0.9834903039235938  -3.1701889572972655  0.0  0.0  0.0  1.0
36535719081890;4.508629332811153;2.643305358477384;-0.5117006257744078  -0.7523291444266661  -0.41492568976663813  15.250679503992712  0.6017552156927052  0.03087330243136427  -0.7980836419721978  -15.009359026186019  0.6132317098525693  -0.6580635969594597  0.436920098402525  -6.715462904415047  0.0  0.0  0.0  1.0
36535719081921;2.2999981710951882;1.6972450128111924;-0.1984170478035956  -0.7084618855377811  0.6772831253480017  4.7119854151149925  0.5588899497009723  -0.6494491530315325  -0.5156140240042641  -9.376250751115172  0.8051538357755932  0.27622011941000335  0.5248140112163289  -0.07617398408623632  0.0  0.0  0.0  1.0
36535719081952;1.2152378562390587;2.8704770358989666;0.8287655596905872  -0.46567461831555235  0.31031402953687687  3.8553689872940833  -0.30930083545254017  0.08093416568362388  0.947513933413888  6.320888106053777  -0.46634819637167  -0.8812473039287901  -0.07695809937316382  9.704431008568845  0.0  0.0  0.0  1.0
36535719081983;1.4321260052918148;7.029443039999553;0.6658929146098442  0.7212717051883348  -0.19066660317716605  10.403876539636702  -0.7435303532718412  0.6625827505414464  -0.09025914052539347  -3.480078081251695  0.0612310381739371  0.20186932897209375  0.9774965646919171  -7.65271462056352  0.0  0.0  0.0  1.0
36535719082014;2.1446172376713286;2.780261542392989;0.5894687589933758  0.4883267196534797  -0.6434777362452274  10.332108008667145  0.600482311288096  -0.797723590871853  -0.05529978658751471  -4.953113299111273  -0.5403217337854518  -0.3537995017506247  -0.7634646924122254  5.333781040267421  0.0  0.0  0.0  1.0
36535719082045;1.9741406690068724;0.010587217129920596;0.5232146052804814  -0.8507385008002007  -0.04990470997229199  0.6526746834066648  0.8414840117780072  0.5250060998526347  -0.12756666116002932  -5.521395855165602  0.1347261472142005  0.024750724711691464  0.9905737059316  2.4353264544542146  0.0  0.0  0.0  1.0
36535719082076;2.7263856166451443;2.2721673589284723;0.3836237774545765  -0.13225629732487915  -0.9139699498284367  6.3148703979800835  0.39895990758274613  -0.8688356221059788  0.29318194675198594  -3.708784386472761  -0.8328648086652775  -0.47710893261144327  -0.28054104318142253  0.5695107298849801  0.0  0.0  0.0  1.0
36535719082107;1.536577084651521;1.5185840710179301;-0.514908759647292  -0.7480112685576074  0.41874587920280065  6.143890681000881  0.6663991753052014  -0.041998823406158736  0.7444113365505972  -4.344562734836154  -0.539241233949181  0.6623558265338485  0.5200996545524978  1.84542319348372  0.0  0.0  0.0  1.0
36535719082138;2.448192473659257;3.6397893096561535;-0.7910862111420396  -0.6114586227705869  0.017348175132558152  -0.09243485130859641  0.4555747118150121  -0.5700086528135041  0.6837702959857229  3.6726005510022057  -0.40820863353878467  0.5488246426293479  0.7294910713279275  3.12830582202007  0.0  0.0  0.0  1.0
36535719082169;2.751939271344588;1.607535871564255;-0.0912564614691815  0.9684483494017946  -0.2319052668247611  -0.1412789692772769  0.8699826583294492  -0.035784380803593724  -0.49178211872385974  -1.7612485941067912  -0.4845641675218555  -0.24663185648136215  -0.8392677134993385  0.020190784806599416  0.0  0.0  0.0  1.0
36535719082200;3.495996902324403;4.973730290224277;0.48435997865301483  0.8370619276351097  0.2544066437478488  5.3318729304379  -0.5516309561999716  0.06650150559125831  0.8314330026622713  2.7753169206813455  0.6790424870662777  -0.5430514515751615  0.4939599393685223  10.933760922741556  0.0  0.0  0.0  1.0
36535719082231;4.028218031238248;5.748506294261409;-0.7136131443191023  0.05940248165720596  -0.6980169234538443  2.6904216709410704  0.0006426338242836171  -0.9963424663770136  -0.08544750853908527  -16.924627916012945  -0.7005396971455455  -0.061425034527743866  0.710964906205991  10.692626783318262  0.0  0.0  0.0  1.0
36535719082262;2.352339194995012;1.770842087351431;0.00012086071646288943  -0.9813768593068187  -0.19209228357685565  1.3901325277202963  -0.43009836503806365  0.17336644905201692  -0.8859793850506221  8.678242200652614  0.9027820234055788  0.08272565720608208  -0.4220676294808097  -5.380919482656736  0.0  0.0  0.0  1.0
36535719082293;4.915635355433878;4.176182778511141;0.6848306038179388  -0.2501186785979663  -0.684432385769964  4.177840348801685  0.604639673164894  -0.3291887148527901  0.725290049324144  12.083965556357526  -0.4067160062124525  -0.9105357964572152  -0.07420683028277814  1.1620116368624196  0.0  0.0  0.0  1.0
36535719082324;2.6136203318699214;0.031382937939378464;0.18900383707871432  0.9819737300286263  0.0022678410855402065  7.430573272941556  -0.9817827812405688  0.18892022329594713  0.020290876997902663  5.118824673386343  0.019496667126902845  -0.0060615809386692365  0.9997915468773813  -3.90309378600711  0.0  0.0  0.0  1.0
36535719082355;2.6932219088290648;1.354782204302292;0.9275449203691967  -0.260712932058889  0.26774836648345335  -2.618832924412506  0.04863811292834881  0.7945804217945234  0.6052076397994381  1.5991132459229664  -0.3705330682517684  -0.5483344967791962  0.7496896190916854  4.82706485275355  0.0  0.0  0.0  1.0
36535719082386;4.785475193293865;1.6807088317943313;-0.5508181162551937  -0.6965904136829373  -0.4597403597359207  9.340977623749795  -0.8306113112992405  0.5114678673710514  0.2201941647470815  -0.5200643815689117  0.08175727702679286  0.5031524780938109  -0.8603216441780488  9.078180151465332  0.0  0.0  0.0  1.0
36535719082417;2.477038884971137;1.9078939385991203;0.9394722797665818  -0.3051984590573187  0.1557104239902377  9.338636152070864  0.3246055587515198  0.9382790249839115  -0.11943074354140956  -1.7384824640368222  -0.1096497459084837  0.16274634209185318  0.9805562509912047  0.12458596110964537  0.0  0.0  0.0  1.0
36535719082448;2.815184467780424;0.5123581203290454;0.756075379630627  0.6273085125241417  -0.1866388234830886  1.6233348955506424  -0.6518671762960537  0.7472609409704465  -0.1291134019680841  8.950009235802629  0.058473966722059414  0.21928318725955948  0.9739074283529601  -1.0765365072612803  0.0  0.0  0.0  1.0
36535719082479;3.430440585461284;1.6382254134524559;0.20992391802227572  0.6456143198081161  0.7342438959234738  1.2588280457210732  0.4511447569076861  -0.7302132774732211  0.5130857410964779  -3.670888337791273  0.867410143448232  0.22354131488501247  -0.4445547475650191  3.4611844405420866  0.0  0.0  0.0  1.0
36535719082510;3.752685809770862;0.0487975796118033;-0.4433360898615659  -0.8946927914481793  -0.05457032487463313  1.2221908097080822  0.8962765346404268  -0.4432826598108959  -0.013742523928524472  -5.278858589741789  -0.011894741662017122  -0.05500265849613952  0.9984153557909412  3.484510196680528  0.0  0.0  0.0  1.0
36535719082541;1.6713742885955687;3.1642450473992114;0.04549347831116718  -0.6113211898323759  0.790073886603703  0.24367911561335465  -0.7631839473451939  -0.531589341202987  -0.36737315475410526  6.4295736310324445  0.6445778509580988  -0.586258624824662  -0.4907343669164984  4.147502383852064  0.0  0.0  0.0  1.0
36535719082572;5.705872389959219;9.972494438724343;0.06236073267460682  0.9777523675942035  -0.20027842291224549  -4.529267133741654  -0.9749206507615255  0.10263022306790312  0.19747597836637332  5.75069461854858  0.21363722460987528  0.1829408237025368  0.9596310704036352  -14.598675979278953  0.0  0.0  0.0  1.0
36535719082603;3.111669804062568;3.016588534185251;-0.0903718607494764  0.3069392171407801  0.9474287539259522  5.235152958174892  -0.9930422184589052  0.04434630985687021  -0.10908967485648785  -1.1894751612340788  -0.07549886848750136  -0.9506953885357202  0.3007959425823818  -7.075259508613169  0.0  0.0  0.0  1.0
36535719082634;4.355140868473985;1.4053248661612836;0.20974297086936988  -0.7858903812209648  -0.581707997946785  10.047309333353878  0.8482308561047652  -0.1496652922514121  0.5080400722847327  -1.160705027646302  -0.4863253036010643  -0.5999805071830796  0.6352252278347157  3.545675205503491  0.0  0.0  0.0  1.0
36535719082665;2.7201030154491477;3.7826013687975517;0.7469179436503344  -0.6595272243383197  0.08448328716229903  1.2883084834564382  0.6614279365543951  0.7239797695070902  -0.19587337259019055  11.311365058133816  0.06801963097923133  0.20218094297201272  0.9769832117802213  1.8197651817993774  0.0  0.0  0.0  1.0
36535719082696;3.2991237738734345;3.8184235902943757;-0.17811671507346766  0.9512241693670209  -0.25188690998830887  8.44457835891561  -0.7950199216078367  0.011727522250994831  0.6064699411088083  2.839184946690002  0.5798428753189143  0.3082775451340458  0.7541532968223503  6.411531978210846  0.0  0.0  0.0  1.0
36535719082727;1.2878238866021425;4.184799269784331;-0.3365895239184965  -0.5752305024074899  0.745531596572773  -2.2225710060313673  -0.24177463296981389  0.8179786525618156  0.5219731322639795  12.170652499859647  -0.9100837979222755  -0.004559940041802157  -0.41439918883388704  -2.4170716217155483  0.0  0.0  0.0  1.0
36535719082758;3.2221881761895412;0.10766057061124126;-0.6779016045668022  0.6599576358162348  0.3238909283286602  12.210793329148977  -0.6503361305250583  -0.7437912470049747  0.15439397077761563  -0.27398386284592124  0.3428007174138488  -0.10597405251584417  0.9334115749946104  2.832100100222354  0.0  0.0  0.0  1.0
36535719082789;4.375691271181936;0.5232829720962345;-0.14059428401311955  0.7782228244489308  -0.612047778208178  14.22786445455309  -0.9631250940931698  0.0357295422326738  0.2666710575594335  6.07725703601683  0.229397690552589  0.6269710003808568  0.7445025616145095  -3.2303513465243325  0.0  0.0  0.0  1.0
36535719082820;2.9711958970592893;5.1708260647388835;0.02517449915128739  -0.007002468979574489  -0.9996585467151636  11.632375328621487  -0.6253237936247027  -0.7802976608235241  -0.010281713872108939  12.560186604203155  -0.7799592282416389  0.6253691117584298  -0.024022413267200254  6.495603102175538  0.0  0.0  0.0  1.0
36535719082851;3.748982682712409;4.975145327159336;-0.6777112197893413  0.6205620374751202  0.39447466359244304  -1.8452512417171876  0.6839733843324046  0.33503102174924704  0.6480236291915078  6.9935483951657185  0.269977614065537  0.7089830548824024  -0.6515021993770217  1.5228881914427348  0.0  0.0  0.0  1.0
36535719082882;4.963661102647681;1.3659454209714448;0.7650709592965388  0.6438744308189667  -0.009599196769781732  -2.2941584056770314  0.5718947116357017  -0.6862431390385827  -0.44945165805188647  4.353727622318351  -0.2959778134323434  0.3383726813145881  -0.8932530786377314  8.727549444831098  0.0  0.0  0.0  1.0
36535719082913;2.817358654932551;1.8510973163985602;-0.8676743229039893  0.49622762044262997  0.029990299814252764  11.069552665489724  0.2300611339812198  0.3473293751440847  0.9090842534074025  -8.083601773924117  0.4406962037553521  0.7956886664216504  -0.41553146947464314  4.166334051553248  0.0  0.0  0.0  1.0
36535719082944;2.334751411184137;5.796018530455307;0.7972865877661806  0.5270530746601134  0.29419237491730127  0.0005801790011274455  -0.47467758458815246  0.8485461223341189  -0.23377482533687985  10.387663595765982  -0.3728475394282754  0.04673900686847848  0.9267147228674149  3.98160882778827  0.0  0.0  0.0  1.0
36535719082975;3.599500676289258;0.87221874851359;0.4983162912319778  -0.8587120170918501  0.11955979924227422  -2.3996221902051627  0.8234266888703011  0.5119184455515737  0.2447610940491849  -0.01856107885262226  -0.2713841593551467  -0.023519711012407372  0.962183694127578  8.43648287653414  0.0  0.0  0.0  1.0
36535719083006;4.488115034885534;3.1867605520335363;0.542333479295891  0.7746010111317514  -0.32537312548592895  2.2023103785148823  0.6298957137996533  -0.11859839662159061  0.7675713713105863  -1.8053383674304557  0.5559728293465782  -0.6212307895399718  -0.5522377378954688  -5.333717589905255  0.0  0.0  0.0  1.0
36535719083037;2.300426924388642;3.9257075644403296;-0.9498830162447858  -0.30219463576159644  0.0800041096858449  11.873959815921731  -0.3007502351068849  0.8136119867631013  -0.4975789696907948  3.821622500053783  0.0852733928776268  -0.49670306734739966  -0.8637213157927864  -1.0106730188152981  0.0  0.0  0.0  1.0
36535719083068;5.209340635066207;0.04355550203604809;0.507752602850166  0.8603856938995359  -0.04386059771475759  -3.984015500291494  -0.8614193935965366  0.5063359919122087  -0.03975539749588333  0.9198968799407562  -0.011996776010983326  0.057968276042106026  0.9982463405082183  7.161188376132637  0.0  0.0  0.0  1.0
36535719083099;3.2857786138404523;3.099599983126904;0.6801257533555548  -0.5769508988302509  -0.4522793605300889  7.1027365069940185  -0.4819560575205546  -0.8167756932434117  0.31716844979598424  3.7298119133898666  -0.5524014104270405  0.0022643466408914653  -0.8335751642728488  1.0019078643797847  0.0  0.0  0.0  1.0
