# registration_from_features.py RANSAC RANSAC_config.json euclidean False --input_txt=/neural_comparison/point_clouds_registration_benchmark//eth/hauptgebaude_global.txt --input_pcd_dir=/neural_comparison/point_clouds_registration_benchmark//eth/hauptgebaude/ --input_features_dir=/neural_comparison/experiments/3DFeatNet/feature_extraction_voxelgrid_0.1_npz//eth/hauptgebaude/ --output_dir=/root/neural_registration_comparison/results/3DFeatNet/RANSAC/
id;initial_error;final_error;transformation
3394309160030;3.936759879304484;2.4800212528965506;0.09092848398148076  0.6184074169469573  0.7805794498100889  -4.535703381537388  -0.3962030576226822  0.7415861733111831  -0.541362249038583  -0.7662044929395071  -0.9136493572105584  -0.26004271614230523  0.3124462159317429  10.97341015399336  0.0  0.0  0.0  1.0
3394309160061;3.7772892530728184;2.9428057770133194;0.08831604430617818  0.9811401945190956  0.1719424177366975  6.369554767418385  0.4759922678613327  -0.19320212115730617  0.8579652098520912  -12.372442712455051  0.8750037927085427  0.006071167873594546  -0.4840779933712297  -0.46797052476847645  0.0  0.0  0.0  1.0
3394309160092;3.061336083217481;2.3762788979047613;0.13132561262871545  -0.9913117664680919  -0.007386821346336725  -3.31534003734566  0.9842597732249623  0.13127307177682218  -0.11832193134589249  -11.180057918983469  0.1182636135032133  0.008268149018213461  0.9929478110318661  4.781672587279253  0.0  0.0  0.0  1.0
3394309160123;1.9832381539954238;3.06399476831446;-0.8136247053121182  -0.5367325645340073  0.2234569154770476  35.54045451228254  -0.5731210505103764  0.6758505267959934  -0.46342024868520826  13.029987988437636  0.0977092644924288  -0.5051180254141849  -0.8575014169282886  10.274620416487597  0.0  0.0  0.0  1.0
3394309160154;1.9207102010338835;0.3907028166890599;-0.2665197269033288  -0.7280347752746722  -0.6316111154516932  15.455552516774272  -0.9636984396769117  0.21209503155164047  0.16217587661361477  8.802596437992495  0.015891901574727717  0.6519057167887592  -0.7581334868494287  5.080493502263202  0.0  0.0  0.0  1.0
3394309160185;2.640555800877831;3.9804056333344677;-0.83305662331908  -0.5345330381979118  0.14244680908719434  28.87655151071036  0.4055159254943169  -0.7652267436175594  -0.4999848647938803  -5.056838265868195  0.37626253668775045  -0.3587512535551308  0.854238866803614  -2.678314324519956  0.0  0.0  0.0  1.0
3394309160216;2.7201455624554285;1.7637731770375857;-0.10183177999694804  0.8716386717096611  -0.47945418400809764  13.881563147580811  -0.9270123518277532  -0.25801226992973036  -0.2721723132952445  11.4298102411893  -0.36094097598004854  0.41674415958226124  0.8342936637135897  -5.274876596401587  0.0  0.0  0.0  1.0
3394309160247;2.5310221937667676;4.717955325024439;-0.9271566781143695  -0.16171616635492256  -0.3379768864395827  33.26180418203809  0.19025562501655013  -0.9803105905052675  -0.05285776473495352  -3.318061934855648  -0.32277436604769194  -0.11330943333492077  0.9396689209183359  10.307003637265044  0.0  0.0  0.0  1.0
3394309160278;1.96744994252244;2.0614600291741394;-0.7025089821050636  -0.7028961395417184  0.11143674025677636  15.944442160818753  0.7067511343676742  -0.7074301575865732  -0.006738412798397087  -8.422161413231624  0.08357011506341713  0.07402424707070687  0.9937486838803371  -0.9043386917640786  0.0  0.0  0.0  1.0
3394309160309;1.4697744642858348;1.4697744642858348;1.0  0.0  0.0  0.0  0.0  1.0  0.0  0.0  0.0  0.0  1.0  0.0  0.0  0.0  0.0  1.0
3394309160340;3.1108095863624285;3.600385289739893;-0.8204419481321249  -0.5707339515389941  -0.03373079165761117  13.904319073628397  0.5702939353183537  -0.8211346119986117  0.022422674171348245  -3.8976960789426762  -0.04049490195406347  -0.0008399634363496916  0.9991793919898249  -2.1695229648642123  0.0  0.0  0.0  1.0
3394309160371;4.078910422747308;2.1842558671995578;-0.5321617704078376  0.8405061365886042  0.10175109077201233  18.78707080345426  -0.7628938060579114  -0.5281622552520691  0.37287755739052225  13.631987714168378  0.36714696075940756  0.12080590417668594  0.9222846863746487  -8.251789893525618  0.0  0.0  0.0  1.0
3394309160402;3.021814741136945;8.205273788050185;-0.21116608117714541  0.8674321789394352  0.45052225372413207  11.232410713046873  -0.8825304045596873  0.028934360320482466  -0.46936434442824826  33.91302705167937  -0.42017730922552476  -0.49671341609949304  0.7594253163272666  11.600461860075042  0.0  0.0  0.0  1.0
3394309160433;1.3594709122664788;0.044741115100278984;0.12923100248041988  -0.9678914654884762  -0.21560486783112354  12.714721710291018  0.9860677842088599  0.1483989153455887  -0.07515375486084311  -14.181207472132392  0.10473620645859089  -0.20288881920604512  0.9735843333260048  -3.473943426025118  0.0  0.0  0.0  1.0
3394309160464;1.5447184908495197;0.8105145548903018;0.32856611569334154  -0.9294421595406814  -0.16787370159302495  3.784490228665299  0.9440738757785145  0.31797697632977645  0.08726488180653494  -6.421580914522883  -0.027727688160490566  -0.18715745935582434  0.9819385218621113  -2.3892192241676655  0.0  0.0  0.0  1.0
3394309160495;2.78060091011266;4.228836174964122;-0.018760632530321848  -0.9928112550980823  -0.11821104186002704  -7.916485724518538  -0.9997987432280265  0.017788134652000374  0.009276599876100383  2.284177553229603  -0.007107158836074523  0.11836128596873702  -0.9929451617673081  6.261492953549456  0.0  0.0  0.0  1.0
3394309160526;1.34399863829473;1.6406144245424252;-0.6122484805696714  0.7646125741049843  -0.20129433563982388  22.142493181922408  0.7862906734651683  0.6155429813875877  -0.053421108994214206  -12.226195705150644  0.0830588638365619  -0.19098285154701525  -0.9780729909128202  0.7108736751972264  0.0  0.0  0.0  1.0
3394309160557;2.19301441794297;2.3646899042166316;-0.04654096918378636  -0.8606294807791963  0.5071004190504731  0.555679619262301  0.9237678369366835  -0.2302559832376079  -0.30599863663847215  -10.970085322110934  0.38011435335797983  0.45420158409786937  0.8057381704835828  0.13581744671420903  0.0  0.0  0.0  1.0
3394309160588;3.3552539819811384;0.40276778043988626;-0.22707598961682304  -0.9016182871245616  -0.368131714556234  16.532043376330652  0.775257087943574  -0.39613215287381975  0.4919916310800436  -15.616869201580442  -0.5894174603222997  -0.17367723449584518  0.788938068345726  1.695746862467879  0.0  0.0  0.0  1.0
3394309160619;3.0056203551742433;5.344712168603879;-0.17746767633506913  -0.822012473025704  -0.5411106338323034  23.722553031592895  0.46001588393813736  -0.5553617382076462  0.6927905356307892  -6.199028561096214  -0.8699946036504166  -0.1259715599853686  0.4766975515922094  1.2473384558973448  0.0  0.0  0.0  1.0
3394309160650;2.0651927868102353;2.958615339116649;0.3371934368669658  0.7426153769791289  -0.5786389098634741  6.895145609010299  0.821152386517266  -0.5326092860283943  -0.20502708736487213  -9.18985314131935  -0.46044472442503104  -0.406016933526756  -0.7893927447340057  16.375794772290046  0.0  0.0  0.0  1.0
3394309160681;2.0883872688177947;8.281870594567778;0.8453312557228909  -0.5341468457435559  0.010110157277221934  16.451452975932924  -0.48659805619777186  -0.7776176738391951  -0.39816213410804113  14.984458103509214  0.2205388850123945  0.33165931392790676  -0.9172593415617855  8.731645058876243  0.0  0.0  0.0  1.0
3394309160712;2.2055221376060135;3.3232992136445847;-0.7968845250199375  -0.5921043603601249  0.11994782293262192  23.722377361292924  -0.5991510497516844  0.8000230819451595  -0.031322323292219935  7.294355856887089  -0.07741494277723558  -0.09682713874475124  -0.9922859627331742  5.681615476137513  0.0  0.0  0.0  1.0
3394309160743;2.1472367397073575;8.543677013765533;0.38798861123549877  0.8963801678089688  0.21440016863406133  8.413882927451766  -0.3036759862805491  -0.09530317918156277  0.9479969406039362  16.223654143467414  0.8701986743888347  -0.4329201991090874  0.2352325834047303  5.387846532898641  0.0  0.0  0.0  1.0
3394309160774;3.3639630831655443;2.4249899968061106;0.8835902276968393  -0.4648757066764611  -0.05620397548846555  -3.8196829485310744  0.46763994982988405  0.8698596652401922  0.15702560336239507  3.318290586983882  -0.024107817025826497  -0.16502951290687828  0.9859939518211903  5.281156497366136  0.0  0.0  0.0  1.0
3394309160805;1.324119052607352;3.2633946157777975;-0.944229961002424  0.059173037505813944  0.3239264305018915  33.01711386228862  0.052969341746343206  0.9982050982969917  -0.027943345698973537  2.245411115930069  -0.32499850704321753  -0.009226774421691251  -0.9456695178832039  14.747170876866912  0.0  0.0  0.0  1.0
3394309160836;1.3305106697980524;3.583163131300459;0.5213529494491396  0.8041087688687499  0.28565746958387966  -6.155072891459918  -0.5488800350881016  0.5723091154567259  -0.609256090200848  2.4317551100856445  -0.653392538358349  0.16084577766768515  0.7397342946113221  9.84146310815942  0.0  0.0  0.0  1.0
3394309160867;3.084620563102242;5.110816298195755;-0.40548791589839883  -0.25162075570106285  -0.8787869738228941  28.347624348454456  -0.869539579896706  0.4026767971914992  0.28592361916542763  17.641721166505995  0.28192280690542504  0.8800786284781736  -0.3820747814794172  3.680186610350928  0.0  0.0  0.0  1.0
3394309160898;2.141076967332666;3.0629365878605186;-0.6122236840607559  0.6619088263392489  0.43250302460130086  34.33877485294623  0.44267537161313875  0.7401717744681088  -0.5061464804262699  -3.145972747484956  -0.655149353996663  -0.11841642578176889  -0.746161426276396  20.387539479374766  0.0  0.0  0.0  1.0
3394309160929;4.439440389033587;13.30069132481699;-0.07869505945918191  -0.9225377185284049  0.37779788976266354  1.7182967163510625  0.9964539179959861  -0.08411235188856545  0.00216831045352846  15.437092848064587  0.029777120867615175  0.3766288227846882  0.9258855506598295  7.252157109418764  0.0  0.0  0.0  1.0
3394309160960;2.4847882689820464;4.664308518403548;-0.36538143339104145  0.7841314348221391  -0.5016316388116697  11.894895152606901  0.9021169730150687  0.4311610573062821  0.016885190572184617  -13.616249042553864  0.22952423647893483  -0.4463608804390259  -0.8649165215686768  4.9799587806753  0.0  0.0  0.0  1.0
3394309160991;2.9477521292476965;13.2931506972833;-0.7686155663269233  0.2374504091693031  -0.5940096079907079  19.023093178570594  0.18653584028654485  0.9713973112568444  0.14694095403108853  20.224405756223923  0.6119105257213153  0.0021370232343957264  -0.7909241061209095  22.365761002431032  0.0  0.0  0.0  1.0
3394309161022;4.019397668082857;0.8125559498716782;0.5664946954309401  -0.8139624669227619  0.12864238216706905  11.13244679715975  0.815387116035658  0.5762526611768426  0.05546820250972295  -8.276442750202508  -0.1192795500144875  0.07347089850831601  0.9901385842500645  -3.5116381643036743  0.0  0.0  0.0  1.0
3394309161053;2.8365870008578016;0.15161906042231024;-0.9987639819327587  -0.01661883653331528  -0.046843597920102675  36.05963183853926  0.03105281090019435  -0.9445152902914578  -0.3269963139560455  -0.15939205564506675  -0.038810196199169644  -0.32804676599217186  0.9438639139161213  -5.098807645527175  0.0  0.0  0.0  1.0
3394309161084;1.9084522891745812;1.1841265620828982;-0.8520518878481933  -0.35113116378466214  0.3882196365893411  36.584840505259265  0.22257395944802488  -0.9142856330120708  -0.3384414481758221  -8.753228100449522  0.4737809757577443  -0.20196209319312258  0.8571714530495598  -8.946450295273909  0.0  0.0  0.0  1.0
3394309161115;2.6459747141640655;1.113166260547185;0.019522779285595142  0.583115087814428  -0.812154945470467  9.506486183454335  0.9978402303947733  -0.062321145490992685  -0.02075932153023441  -2.988722332629412  -0.06271950011496469  -0.8099955982521517  -0.5830723755396634  6.395640492229434  0.0  0.0  0.0  1.0
3394309161146;1.4245283483443059;2.114165691268669;-0.6590084813742941  0.7353140410051979  0.15818053792218784  1.4030702261989336  -0.7516668774720413  -0.6512912327177511  -0.10400305522638865  2.798762058398582  0.026546690719896175  -0.187437966499848  0.9819176553694432  1.6119412169796679  0.0  0.0  0.0  1.0
3394309161177;1.4359728733692718;0.8383826509344214;-0.18958969336279502  -0.9817818245849188  0.012656898724039689  4.982785804752507  0.9814728943136422  -0.18913501291806512  0.03064155048437195  -3.137999085426085  -0.027689454638984146  0.01823172518421065  0.9994502980631925  1.4263011827923893  0.0  0.0  0.0  1.0
3394309161208;3.0244753449661483;6.005479010783992;0.24959643882193835  -0.825592431262964  -0.5060620072369736  9.154756274301263  -0.7448218926070787  0.17028995105911976  -0.6451679477945974  17.450522654032618  0.6188230490379427  0.5379576842183694  -0.5724155518238419  10.790378734161681  0.0  0.0  0.0  1.0
3394309161239;2.9239237120023964;8.65869013750476;-0.8873295320947877  -0.45818271566984026  -0.05210470740590742  6.180220686824756  -0.45944394807423056  0.8880824962647152  0.01485726779041519  0.7774747234416106  0.03946593531653437  0.037122484960498775  -0.9985311016988645  27.83693825460303  0.0  0.0  0.0  1.0
3394309161270;1.0304885640464179;1.9570325886041389;-0.7076460162129189  0.21020581110298836  -0.6745744085840493  7.396102241039473  0.5288185724541661  0.7907455200966711  -0.30833819074935  -2.034169615958941  0.4686022120792035  -0.5749217680916072  -0.6707286540836748  1.760388663673702  0.0  0.0  0.0  1.0
3394309161301;2.0398930971718565;0.8440190213500317;-0.48014536051314194  0.5646368572065598  0.6713014615369202  -2.5031996247150623  -0.6842342326061175  -0.7199514398621918  0.116161263639286  4.3939423622606055  0.5488933846455284  -0.4035531485743327  0.7320252103364476  0.6625121907980955  0.0  0.0  0.0  1.0
3394309161332;2.256914975873143;3.1400546924840427;-0.9846619136543587  0.11520355077838819  0.1310307509197257  8.900558037575758  -0.11404198541409863  -0.9933412216642626  0.016359795394819257  0.2767029692684758  0.13204295271367716  0.0011658604552707433  0.9912433098932132  -1.6355467736727625  0.0  0.0  0.0  1.0
3394309161363;3.66917130522765;0.05389959895241177;-0.17482200350014382  0.9533358700246087  -0.2461462695565716  29.442888112149387  -0.9845991831516673  -0.16893812720498752  0.04499286291779231  13.369654536273318  0.0013098203172503403  0.25022115837972664  0.9681878207609528  -3.7668570334660445  0.0  0.0  0.0  1.0
3394309161394;2.752686316258313;3.2973142466555556;0.7680132751033768  0.5133165817204307  0.3829643536882227  11.692727498215936  0.05778530184084138  0.5399951298968685  -0.8396821533049434  3.692998546569586  -0.6378216585818863  0.6670167513777417  0.38506127463734385  12.916687038415436  0.0  0.0  0.0  1.0
3394309161425;1.9040075588087033;0.049642058696514335;-0.1304464584078668  0.9909717824120822  -0.03096204049906194  22.084703352360073  -0.9673499793481212  -0.12036841327986733  0.2230369084695981  17.107768795681206  0.21729643104301896  0.05904550404144188  0.9743181664674317  -0.408683020103231  0.0  0.0  0.0  1.0
3394309161456;1.9884497529698029;3.7720737508714475;-0.2560081058105287  -0.8970967617915151  -0.360107275325677  -4.681299002634131  -0.9657840885060529  0.25334920857636906  0.05545514315426775  4.048707774468983  0.041484263857974386  0.36198284282118287  -0.9312612293847825  2.6292714116980154  0.0  0.0  0.0  1.0
3394309161487;2.3504147878262693;2.9558490171711647;-0.8303069173556055  0.2164239144681834  -0.5135670474608935  22.50561924249  0.5127559704811866  0.657692091763498  -0.551835507345849  -1.1939144533270818  0.21833858506303414  -0.7215274088196668  -0.657058947579781  6.773766582740924  0.0  0.0  0.0  1.0
3394309161518;2.2062122654647958;10.128306493693538;0.4223607561051775  0.8664352200284148  0.26627317025298575  -22.528546842935338  -0.7359311392550476  0.499281579517335  -0.45729997007373957  14.524728157840428  -0.5291660892168268  -0.002813156410113378  0.8485136040005378  6.459156515818954  0.0  0.0  0.0  1.0
3394309161549;1.3852236987168691;3.4255209752381606;-0.8431234407923538  0.4442216690587536  0.3030016044926477  -0.1581911916959653  0.06625036708959679  -0.4733843269638268  0.8783610691768496  -3.6518123646349827  0.5336232307976829  0.7606407744288104  0.3696915739226182  1.9906667346150289  0.0  0.0  0.0  1.0
3394309161580;2.2986137988137836;0.5992652812059106;-0.28319492115509504  0.9455132112555463  -0.1606406049950759  25.039603682399182  -0.9226580558979312  -0.31430683027260203  -0.22341290994622462  15.10188631450412  -0.26173029728827646  0.08494694688577281  0.9613954793404096  1.912594129929304  0.0  0.0  0.0  1.0
3394309161611;3.407144086678155;0.14252722102023263;-0.9744870093816485  0.14559746399676313  -0.1708111443206271  23.93279041336899  -0.1681592833454113  -0.9776740216674761  0.12599985230666072  1.529859282853268  -0.14865235945375455  0.15150869887321328  0.9772141987274727  7.852200385443813  0.0  0.0  0.0  1.0
3394309161642;1.7425026346266586;7.825944189777516;0.5762114571199092  -0.7053703630994567  -0.4128353273942186  0.2384392688063257  0.6552925780275509  0.09685037687419396  0.7491406020776958  -19.027128356919746  -0.4884383214549786  -0.7021913238998808  0.5180302604809645  20.135755291106307  0.0  0.0  0.0  1.0
3394309161673;2.6456540480703254;0.1113829305042194;0.6002572404836977  0.7975509796339382  -0.060030659931752835  8.690200815226945  -0.7580550733293273  0.5433840802647955  -0.3606747109438786  6.324931482850305  -0.25503676410777354  0.26200415302000113  0.9307577948928002  9.243679668999343  0.0  0.0  0.0  1.0
3394309161704;3.077519635932954;0.24042317103180344;-0.8384964295701873  -0.5300464594721396  0.1263902227195492  23.425870085444686  0.5072518149981016  -0.8439928761580424  -0.17427455687967502  -0.8305920484116136  0.19904605944147558  -0.08201692383602838  0.9765520418417523  -2.4837415866098436  0.0  0.0  0.0  1.0
3394309161735;3.1217165961473894;0.25632956975096227;0.6449303414746835  0.7472271926918437  0.16036326620275224  9.136082664246327  -0.7402222058706878  0.662947420305211  -0.11212405561073413  11.667394592553737  -0.19009455694806554  -0.04639224517667226  0.980669067018118  9.537593831386246  0.0  0.0  0.0  1.0
3394309161766;2.088824937831005;2.1310654118682604;-0.7531311628020554  -0.12366984299850695  0.646141796782369  8.721544275110377  -0.21924780500895372  0.9732062391817708  -0.0692821478912818  2.6830481480687163  -0.6202611156724074  -0.1938437152718609  -0.7600662881844071  4.83950560903329  0.0  0.0  0.0  1.0
3394309161797;2.586432702881334;5.72437840488237;-0.8432604378698271  -0.36837357117238073  0.3914239977125753  32.32376690005053  0.46558514086238456  -0.8644879573507326  0.1894493288552676  5.919008057045166  0.2685932064139764  0.34199632111656497  0.9004977544730437  -8.491971515735806  0.0  0.0  0.0  1.0
3394309161828;3.2220836563382176;1.1782233498007848;0.012979396694691128  0.9960614882663268  0.08771001570010332  13.886489913103702  -0.8441205914529176  0.05793502305249984  -0.5330140337637301  16.976192037810527  -0.5359962335190598  -0.06711962974105896  0.8415479742455593  13.004242253207003  0.0  0.0  0.0  1.0
3394309161859;1.6225102333552934;4.0593309459190055;0.0782106156577373  0.24286227939429095  0.9669027938970116  9.270655161319782  0.9963663751030447  0.013764312279798945  -0.08405111701507842  -18.728217431624397  -0.03372159786332678  0.969963121440642  -0.24090329363184426  1.3470088450769784  0.0  0.0  0.0  1.0
3394309161890;1.282929335068904;7.6333103797376545;-0.0948637606411987  -0.9940131315365762  0.054210342646570375  18.532492550440317  -0.9834185576368893  0.1020291902603665  0.14992659814120413  22.583193655820583  -0.15456004468293066  -0.03908885605467542  -0.9872098327711022  18.345847769958386  0.0  0.0  0.0  1.0
3394309161921;1.558203848860055;4.54491990817015;0.9746936778752592  -0.026841008513300707  -0.2219274533986048  8.487656534922245  0.0036545116769185638  0.9945459910029931  -0.1042349093359715  6.653106399748176  0.22351482915995585  0.10078607067379824  0.9694757805658334  0.0966018603450598  0.0  0.0  0.0  1.0
3394309161952;3.0446776651304432;5.747132481941668;-0.9034060745451435  0.39126677247539704  0.17540746059281795  24.435207581874465  -0.42241024059381643  -0.8823820823564226  -0.20729556043923897  -2.0863452274019227  0.07366853545720316  -0.26136597615801094  0.9624244247682834  16.965912554477796  0.0  0.0  0.0  1.0
3394309161983;3.4771226457556867;5.389277042996339;0.5142802102718148  -0.8112945711983801  0.27805931753281493  -2.078773846066351  0.7324898675157105  0.5841497841265986  0.3496106744532622  -5.579075483245913  -0.4460655325281188  0.02387778149002573  0.8946817267841786  14.79042204961463  0.0  0.0  0.0  1.0
3394309162014;3.770407506413389;8.700383989761205;0.7879672359854895  -0.6157116552757657  -0.0026062561203267394  -16.98947330849036  -0.6155663311450679  -0.7878608298717531  0.018799061529589822  -4.194260903437964  -0.01362816840183366  -0.01320872103457811  -0.9998198851366391  8.499454475520821  0.0  0.0  0.0  1.0
3394309162045;1.518228345276698;1.8840015932882888;-0.4670886469461073  -0.8476125792504509  -0.2517560553203312  10.487746750991736  0.041497900370188356  -0.3054245116865685  0.951311616625114  -5.788297137324047  -0.8832361632988777  0.43389950813226374  0.17783446427410854  11.599050428525887  0.0  0.0  0.0  1.0
3394309162076;2.477253977533275;3.4964523712278868;0.8489094748984797  0.5231089561380426  -0.07556271194017924  4.988326298182415  0.5008616754734153  -0.7505366457635052  0.4310827361516925  2.805180852633473  0.16879065575306706  -0.4037966856900064  -0.8991428980736131  2.8129409149155373  0.0  0.0  0.0  1.0
3394309162107;3.7764439721661978;0.04002839642971034;-0.3979193504622311  -0.8909268192614765  -0.2188826015204125  19.480211555842153  0.9125314252572755  -0.4089669981219416  0.005691429087069488  -13.494269078081457  -0.09458640729851936  -0.19747252256391384  0.9757346024337781  -8.071421238673148  0.0  0.0  0.0  1.0
3394309162138;3.5448738491278085;0.4406847930722658;0.09508083897895957  0.9896069716607712  0.10787805939788966  0.789294716152126  -0.91539937160333  0.0443359419365058  0.40009788142507197  7.877174864529812  0.3911567774272676  -0.13679315002221515  0.9101010985487896  2.8839114172909452  0.0  0.0  0.0  1.0
3394309162169;3.3386677234651425;6.928336791790928;0.19949470770758304  -0.8790805539749903  0.43291943964170804  -10.280882134865642  -0.7620598985628614  -0.4169185794556697  -0.49542265703844035  10.82290631104911  0.616008581595279  -0.23107634610165295  -0.7530850879371346  -5.37754510983907  0.0  0.0  0.0  1.0
3394309162200;3.9550078381949887;3.0382176039582456;0.8212191474209969  -0.48935303745137093  0.29348375874356003  2.521697666372063  0.4494391415366059  0.871609599682294  0.19570683124640806  -4.088784498883702  -0.3515729937921419  -0.02881510851599812  0.9357169013955241  2.509286670707599  0.0  0.0  0.0  1.0
3394309162231;2.42664388566255;9.021281625563972;-0.04927824889947248  0.611954360506424  -0.7893563927926192  15.556238619618489  0.06194679945628557  -0.7869224008669923  -0.6139346292976573  9.398510382579193  -0.9968622012206726  -0.07915172563439664  0.0008695438878031925  23.93314088166008  0.0  0.0  0.0  1.0
3394309162262;2.736577686008396;2.4785700582342547;0.3786709061815293  0.10014997240122828  0.9200969121998467  10.91739353777526  0.6830419895036951  0.6405989372071998  -0.3508370593649408  -12.17257758503885  -0.6245494258955755  0.7613166126369756  0.17416954365350007  9.516470825848987  0.0  0.0  0.0  1.0
3394309162293;2.8148683419657083;8.729402170161062;-0.07095821599319435  0.9939860190596583  -0.08340698709937203  12.841569415498142  0.4357076170209031  -0.044332112449503136  -0.8989958488645707  19.256244759391976  -0.8972869128952166  -0.10013220121267774  -0.4299415521059522  14.722436640494692  0.0  0.0  0.0  1.0
3394309162324;2.2219663596591737;1.4476191745778388;0.548147778497172  0.8175804440830386  0.17634123278914846  13.774344760763206  -0.7579444673748367  0.5747198534288716  -0.3085729645490211  8.848633077514144  -0.35363002885005435  0.03548672325923933  0.9347119851418574  10.56240819418576  0.0  0.0  0.0  1.0
3394309162355;3.4807471093941937;7.2389743731960445;0.3176795399072349  -0.4120316471107714  -0.8539962714810365  -4.178728092603272  -0.42101461713928023  0.7457070430997433  -0.5163987781032251  24.191864163874992  0.8496036735321902  0.523594239512452  0.06342452419990259  -14.387893539931099  0.0  0.0  0.0  1.0
3394309162386;1.7900521026949254;7.46940284106308;-0.5490875593883864  -0.7277609436803665  -0.41093413216520175  -8.382542081134726  -0.13851983156195238  0.564131436597947  -0.8139827875981066  13.230577117139344  0.8242057439674594  -0.3900252954558189  -0.41056687703180283  -8.123839016553314  0.0  0.0  0.0  1.0
3394309162417;3.2825031286422393;7.871524784034704;-0.5823934898994355  0.43421650698854464  -0.6872218331670077  -3.9176064350013085  -0.35125817563539913  -0.8968132194974683  -0.2689679225927809  5.547824316423487  -0.7330999365516592  0.08474712026524685  0.6748202787666513  9.531611132239277  0.0  0.0  0.0  1.0
3394309162448;2.5548125902487047;0.05189393856055946;0.45668500250541716  -0.8624590234068333  -0.21818167070301342  15.590292570494947  0.8706420732481899  0.4836866982502476  -0.08960780226000564  -16.96787181926052  0.1828146295478606  -0.14903560272600952  0.9717855732327854  -1.0616554497787476  0.0  0.0  0.0  1.0
3394309162479;2.7901407133897638;0.7385500486392782;-0.9939891619058612  -0.10917879247297846  -0.008095510349989177  18.517580656781426  0.10947693376078749  -0.9916513803108106  -0.06813472610938198  1.7509340969957483  -0.0005890568907876981  -0.06861145095249532  0.9976432838495796  3.885777703413012  0.0  0.0  0.0  1.0
3394309162510;2.4626078118590478;2.126455889109233;-0.24521793288532406  0.9024440387845653  0.35420745651899055  24.60542018928551  -0.93279078771457  -0.12008311541311903  -0.3398255313355847  18.46411348832363  -0.2641391900992382  -0.4137327667164922  0.8712380191422069  0.8015982148502601  0.0  0.0  0.0  1.0
3394309162541;2.621200470666735;7.935784148244606;0.8852931961514036  -0.46448503422641896  -0.022574539368835495  2.285305265426537  -0.46494695256783364  -0.8850206734415852  -0.023722117925851466  12.477627021540162  -0.00896036527812813  0.031496992883220165  -0.9994636818281077  16.70096351285541  0.0  0.0  0.0  1.0
3394309162572;1.826907686892434;5.972248180993959;-0.3613151287879392  0.9161452979647131  -0.17357756400555482  -7.532924839542118  0.9290618028045238  0.3695523675834541  0.016589580557456234  -3.601811470826693  0.07934446596054165  -0.1552702181057631  -0.9846804634452875  4.294818844614048  0.0  0.0  0.0  1.0
3394309162603;1.9909019248105964;2.176255902920752;-0.2525499432342547  -0.9640037239365119  -0.08315856184971197  3.822996637438699  0.46774482529666483  -0.1968698731888198  0.861659463731938  -3.0522020727344366  -0.8470143473286431  0.17871506166844386  0.5006272287363893  6.078203444977325  0.0  0.0  0.0  1.0
3394309162634;3.01258289883689;8.062096349368389;0.9637294872940333  0.04997059082105379  -0.26216104854263694  -10.747988425485511  -0.030850667061811696  0.9965883522291449  0.07654993496430271  9.635540386457222  0.26509189286325086  -0.06568558635037468  0.9619832077973018  11.29308189307189  0.0  0.0  0.0  1.0
3394309162665;3.8547413171629152;2.508171700308791;0.9962584075756526  0.08633563259106444  -0.0039171264883347545  6.4194092916085435  -0.019819530598482127  0.27235133865981836  0.9619937289489268  -0.4938069601379089  0.08412117178024062  -0.9583167048921277  0.2730434426662057  3.804595818937047  0.0  0.0  0.0  1.0
3394309162696;3.0132495381752045;1.3116530352777154;-0.05276563971353096  -0.8517496745956739  0.5212852185625304  -6.945924306850047  0.7197455806332829  0.32941872132993305  0.6111052325059982  -1.9529178636619546  -0.6922297930777611  0.40743809083530147  0.5956610745314859  2.0208804433282923  0.0  0.0  0.0  1.0
3394309162727;3.502392525482743;1.488773115364745;-0.7391490960860858  -0.6296950571617526  0.239045495128396  28.213513776640514  0.6645522697478319  -0.739599893889835  0.10659398543609597  -4.894883219157954  0.10967631707952352  0.2376470743438735  0.9651398725198691  1.0009270346967174  0.0  0.0  0.0  1.0
3394309162758;3.457925038615682;3.367687155377678;0.24616560033046542  0.8778769677405797  -0.41077308422600733  1.5581872317312992  -0.19738090159152316  -0.3695273267116195  -0.9080145012610099  -1.4915069061779143  -0.9489168967306136  0.3046006965257446  0.0823112311605903  18.366341487909118  0.0  0.0  0.0  1.0
3394309162789;2.1605956540110696;6.343869165493718;0.09200761832285204  -0.9953962876155955  -0.026848254536310248  -7.541898166889547  0.99008099543241  0.09432486833460874  -0.10412704594496985  5.080489125907236  0.1061801330481531  -0.017001465076541905  0.9942015537762587  -2.9531416174922445  0.0  0.0  0.0  1.0
3394309162820;3.736908019221678;7.171475710852309;-0.41938525426372664  0.8410293062215192  -0.34173924940325406  -3.51630768124984  -0.773015537642223  -0.5282237039475596  -0.35132135880362503  16.07604246521552  -0.4759863307594596  0.1168307522207701  0.8716579537098686  0.8258096960725503  0.0  0.0  0.0  1.0
3394309162851;3.0196041882655598;1.5185389809853627;0.8048626935001584  -0.4129174487620118  0.4262572288179307  0.8333516302857316  0.06271213757464505  0.773411840731811  0.6307941918063699  0.9215342684230845  -0.5901383163398978  -0.480971210285713  0.6483852731700557  9.689438802055118  0.0  0.0  0.0  1.0
3394309162882;1.0159530457947656;0.8942069035886968;0.8494375663287614  0.4380018613221799  -0.29429609305557647  1.858451302694193  -0.5230505650363102  0.6250824807295132  -0.5793876066160146  -0.7179451554669996  -0.06981351820863395  0.6460853362856512  0.7600656622371447  1.9845406125129026  0.0  0.0  0.0  1.0
3394309162913;3.707565587024253;1.793013521368045;-0.7593637252487551  -0.6208679553205049  0.19465280586846878  36.217909188392525  0.6307418542071501  -0.7758644056901643  -0.014111602827952888  -6.734658055674609  0.15978562553514863  0.11205983240743701  0.9807706907494518  1.3914872409469963  0.0  0.0  0.0  1.0
3394309162944;2.7894836947736765;5.45223467545476;0.2529756683034231  -0.7283370137267461  0.636811200970933  4.553325867662478  -0.42005227621814534  0.5102577104461833  0.7504619605111067  18.17593863894319  -0.8715270486280913  -0.45734261048564545  -0.17685683516274842  21.158058637097177  0.0  0.0  0.0  1.0
3394309162975;2.6130962231388835;3.16501098254283;-0.4899946037189038  -0.7582266917587772  0.4301134411186122  30.352430502490392  0.7771700275560884  -0.15647521520757662  0.609526254803031  -17.908188488375675  -0.3948569824567137  0.632935850564875  0.6659430699953981  4.04941945201148  0.0  0.0  0.0  1.0
3394309163006;2.118558382630927;2.5541424343001564;0.14952684855254958  -0.8968436265494146  0.41630905716743344  0.34262171209864345  0.988757110277608  0.1360731854219292  -0.06199568601607991  1.217172914861942  -0.0010480636516921327  0.4208985599011048  0.9071071071465371  8.913023519706076  0.0  0.0  0.0  1.0
3394309163037;1.6957835337450329;2.1826921897290292;-0.10731118720549643  -0.9710056442211168  -0.21361729328703782  19.630487421063222  0.9924865583606362  -0.09191959477463879  -0.08075406844194677  -14.76419047389488  0.05877704121514932  -0.220678107176946  0.9735740508244833  -0.6054303480628995  0.0  0.0  0.0  1.0
3394309163068;2.3800172959411823;2.525972552483727;-0.783788577612322  -0.02222829491584463  0.6206298160011227  0.6912043976722546  -0.09326433042563421  -0.9838124976251302  -0.1530187380253203  8.012557340962136  0.6139847150171664  -0.17781696325642754  0.7690278911089967  5.082703002177676  0.0  0.0  0.0  1.0
3394309163099;2.23708937419933;4.23174417564881;0.3502456024874132  0.04248383006331449  -0.9356939361358393  -3.135018380247196  0.0798394874443371  0.9939810513913401  0.07501550319494903  1.4991872597891813  0.9332489883106514  -0.1009791743782711  0.3447456049887051  0.010709039034696222  0.0  0.0  0.0  1.0
