# registration_from_features.py RANSAC RANSAC_config.json euclidean False --use_random_keypoints=True --n_keypoints=5000 --input_txt=/neural_comparison/point_clouds_registration_benchmark//tum/long_office_household_global.txt --input_pcd_dir=/neural_comparison/point_clouds_registration_benchmark//tum/long_office_household/ --input_features_dir=/neural_comparison/experiments/3DFeatNet/feature_extraction_voxelgrid_0.1_npz/tum/long_office_household/ --output_dir=/root/neural_registration_comparison/results/3DFeateNet/RANSAC_mutual_off
id;initial_error;final_error;transformation
26456013410030;24.056836472779853;9.580928331739068;-0.5028315777127255  0.7935145716979674  -0.34277547893325583  -0.584552174744011  0.8419084316002245  0.5394447617117388  0.013767420318109316  -9.792253083809218  0.19583308519088777  -0.2816628721801241  -0.9393164691305385  9.16214524582768  0.0  0.0  0.0  1.0
26456013410061;16.110941053263648;16.110941053263648;1.0  0.0  0.0  0.0  0.0  1.0  0.0  0.0  0.0  0.0  1.0  0.0  0.0  0.0  0.0  1.0
26456013410092;32.82719740492137;32.82719740492137;1.0  0.0  0.0  0.0  0.0  1.0  0.0  0.0  0.0  0.0  1.0  0.0  0.0  0.0  0.0  1.0
26456013410123;8.030007789245241;1.9833106690981308;0.5769816559859702  0.6711340327252389  0.4654796222968803  1.6805463724776923  -0.8157213449880523  0.444815441749403  0.36978089473655495  -2.484656441525895  0.04112001929195909  -0.5930584565616127  0.8041087060305884  3.4311042436547683  0.0  0.0  0.0  1.0
26456013410154;21.220771897058373;21.220771897058373;1.0  0.0  0.0  0.0  0.0  1.0  0.0  0.0  0.0  0.0  1.0  0.0  0.0  0.0  0.0  1.0
26456013410185;19.26200113698659;9.697964983338556;0.2979923881403078  0.9542941458355547  0.022873999091238294  -7.32874378698779  0.9543695900643486  -0.2983336724731116  0.013255392454166737  -9.850422822431462  0.01947362757279984  0.017880243082683205  -0.9996504762848165  -4.281344240865742  0.0  0.0  0.0  1.0
26456013410216;50.426729253589905;50.426729253589905;1.0  0.0  0.0  0.0  0.0  1.0  0.0  0.0  0.0  0.0  1.0  0.0  0.0  0.0  0.0  1.0
26456013410247;16.43598563955728;1.2190284999244372;0.3760975602735724  0.882073193146226  0.2837208259699797  8.928355452433605  0.8884340382312683  -0.4302466679045271  0.15991486631683943  2.1493442030126806  0.2631265567523505  0.19192364807358228  -0.9454785711171778  -8.323545980153073  0.0  0.0  0.0  1.0
26456013410278;4.451095854873883;1.2552388769084437;-0.3078092784795988  -0.9337516672442548  0.1826506830002077  1.686182691241042  0.950982139918321  -0.2959290838873177  0.08977163731370558  -4.690270415786744  -0.029772766721274813  0.20133008028654442  0.9790708764607257  -2.0081839296916253  0.0  0.0  0.0  1.0
26456013410309;14.843187227628507;2.3277920077264427;0.819349732458943  0.4032608813039492  0.40748825446805337  2.3244620520609427  -0.48311526267320964  0.8683548677100448  0.11206902648130102  3.6669938637162964  -0.3086513549162784  -0.28868752195796943  0.9063078151346332  0.342715466595198  0.0  0.0  0.0  1.0
26456013410340;36.61625219677321;1.662236501297712;1.0  0.0  0.0  -5.086356540000001  0.0  1.0  0.0  11.35941178  0.0  0.0  1.0  -8.7204975  0.0  0.0  0.0  1.0
26456013410371;16.775870467996327;16.775870467996327;1.0  0.0  0.0  0.0  0.0  1.0  0.0  0.0  0.0  0.0  1.0  0.0  0.0  0.0  0.0  1.0
26456013410402;13.98992247418953;5.752527941199154;1.0  0.0  0.0  0.8650887000000007  0.0  1.0  0.0  0.97499464  0.0  0.0  1.0  -9.681800943  0.0  0.0  0.0  1.0
26456013410433;17.58225518951724;1.1856303579889418;1.0  0.0  0.0  -3.0352943000000003  0.0  1.0  0.0  4.08658375  0.0  0.0  1.0  -10.569609  0.0  0.0  0.0  1.0
26456013410464;29.267796526965547;18.071050562885887;1.0  0.0  0.0  -4.7948688  0.0  1.0  0.0  -8.1632517  0.0  0.0  1.0  -9.64058042  0.0  0.0  0.0  1.0
26456013410495;22.000074074649238;3.8486185222590934;-0.7215841634546403  0.4998084632303372  -0.4790697184489915  -6.14338923360026  0.10085742747354008  0.7604771272108243  0.6414844645917718  -5.13255300808792  0.6849409276535362  0.41456729136836284  -0.5991576474957258  -7.676310084585892  0.0  0.0  0.0  1.0
26456013410526;28.53243280520365;1.5243233170541064;0.9170468278181468  0.28045409677129546  0.2834971167276137  -12.065126622365451  -0.295493116231764  0.9552835787721602  0.010821385673523011  -3.5495079009746284  -0.26778523829426193  -0.09369516386906374  0.9589120305946912  0.8287162400268195  0.0  0.0  0.0  1.0
26456013410557;13.431394888809669;4.053262973808094;-0.05621508050086732  0.9984186740807907  0.00012637656917517063  -8.329889122318644  -0.9981801400402504  -0.056198882407863526  -0.021865352623115175  0.9136063901149385  -0.021823674152329442  -0.0013553091394053474  0.9997609166113812  -4.05604232211641  0.0  0.0  0.0  1.0
26456013410588;23.13991134769726;2.103443501319673;0.9832358805789062  0.17841993042905477  -0.037596962216574686  6.2913130428998105  -0.1818082927432796  0.9750193920659563  -0.12760458371511418  8.018820738726793  0.013890566295052219  0.13230084474796405  0.991112273482161  -8.624341230209987  0.0  0.0  0.0  1.0
26456013410619;11.220211835576826;9.487813236791581;0.8695331995055112  -0.4938735356739477  0.0009724806539982101  -10.097043575555215  0.49370164055686744  0.8692792759237211  0.024743293252681473  6.355811300562005  -0.013065415001676524  -0.021034999654018532  0.9996933648476362  -3.3450670243602585  0.0  0.0  0.0  1.0
26456013410650;8.379680664534527;8.379680664534527;1.0  0.0  0.0  0.0  0.0  1.0  0.0  0.0  0.0  0.0  1.0  0.0  0.0  0.0  0.0  1.0
26456013410681;3.751139155323144;1.4985128113969037;1.0  0.0  0.0  -0.32122554000000003  0.0  1.0  0.0  1.1093743100000002  0.0  0.0  1.0  -1.4363400600000003  0.0  0.0  0.0  1.0
26456013410712;8.36841917267873;0.3682843345037927;-0.5358557504025829  0.7766695405242062  -0.33112390367112376  -5.214695857935182  -0.8382183703837935  -0.5363946072294505  0.09834016924075925  -1.6313225722827016  -0.10123526219466158  0.3302502841135537  0.9384488113537657  8.238245149558418  0.0  0.0  0.0  1.0
26456013410743;2.3847560530595797;1.1805529173251081;0.47254417053058295  0.3728337969992384  -0.7985593069476392  -0.8795578906203168  -0.8552960116754708  0.41252307574174574  -0.31351785338733495  -0.7931502467226534  0.21253408975878638  0.8311556242940912  0.513818634242379  -0.07974978821317302  0.0  0.0  0.0  1.0
26456013410774;15.963195035722586;22.726583520001114;-0.9506890249096186  -0.31008743728940713  0.006013248014715063  4.468512675838465  -0.309999948937283  0.9506579297941878  0.012228335058825203  15.701077804948834  -0.009508394989715351  0.009761237355833747  -0.9999071500244425  4.265185106421727  0.0  0.0  0.0  1.0
26456013410805;5.1512682190192525;1.020096293455;-0.09418589452166765  -0.5277053970614023  0.8441895706447821  1.8049686083820835  0.8752274758700914  0.3602231047184297  0.3228253092759059  1.4392198723413632  -0.47445324612149337  0.7692634975996739  0.4279343273277977  1.3347338759861778  0.0  0.0  0.0  1.0
26456013410836;18.642995246390836;1.7014603171076774;0.4328342433186909  0.9005250566682246  0.041341747948380504  0.36403586950242817  0.47330121979398504  -0.1879812964859826  -0.86060966036466  6.164179959676986  -0.7672290877907735  0.3920684308690771  -0.5075843499986947  -11.780010511529037  0.0  0.0  0.0  1.0
26456013410867;29.507135292695715;29.507135292695715;1.0  0.0  0.0  0.0  0.0  1.0  0.0  0.0  0.0  0.0  1.0  0.0  0.0  0.0  0.0  1.0
26456013410898;5.642843118076654;0.6117288597818025;-0.9993971828677319  0.02705452411249054  0.021756001495869478  -0.09978972270976066  -0.03372791753310017  -0.9051484378560639  -0.42375551090883545  0.20890358368154915  0.008227907080296623  -0.4242338484512691  0.9055152916286423  3.502904614842483  0.0  0.0  0.0  1.0
26456013410929;7.924184270643275;1.1699016817191497;-0.9391321397012844  0.22793939644653072  0.2570495199911469  0.5605706988963064  -0.23928128666757  -0.9708591445174536  -0.013303659554804073  3.409598406447025  0.2465264489477748  -0.07400103414432349  0.9663066578031901  -2.831581817901954  0.0  0.0  0.0  1.0
26456013410960;5.477806233433959;1.1328065492598152;0.7063818215078963  -0.6698048617308542  -0.22888025132129242  -1.4413910410767412  0.581006120276736  0.3639746691873315  0.727979620862389  4.283271238496408  -0.40429767553643137  -0.6472123974335504  0.6462658138600204  -3.240236408583291  0.0  0.0  0.0  1.0
26456013410991;10.096749814870382;5.794965063935427;0.1681066890173504  0.9255389412445998  0.33929015509950844  2.4505349700020265  0.9189114774005054  -0.27172741144689083  0.2859473912627846  -1.4408286406111561  0.35684988133561657  0.2637079485116004  -0.8961675513443672  -3.8359338413857644  0.0  0.0  0.0  1.0
26456013411022;35.36518793250331;35.36518793250331;1.0  0.0  0.0  0.0  0.0  1.0  0.0  0.0  0.0  0.0  1.0  0.0  0.0  0.0  0.0  1.0
26456013411053;24.5254343392253;2.2785713637994554;0.005047218481508797  -0.9849961163315019  0.1725026851891266  8.78664511188163  -0.840554757802812  -0.09762653258927112  -0.532857165917521  -9.257297042871377  0.5417030780055218  -0.1423085062336577  -0.8284359144393058  2.0383102520907164  0.0  0.0  0.0  1.0
26456013411084;24.922393186294816;8.800638426088888;0.8488329773866555  0.47589083420342493  0.23024007127794566  -2.397374171108059  -0.5176905916456673  0.8365102389081988  0.17957469622223154  5.90272214875827  -0.10714022504393068  -0.27162204277804136  0.9564216842243904  -4.678469305798277  0.0  0.0  0.0  1.0
26456013411115;40.938989354120714;18.408565827831463;1.0  0.0  0.0  0.18896960000000007  0.0  1.0  0.0  1.2680660000000001  0.0  0.0  1.0  -11.240759999999998  0.0  0.0  0.0  1.0
26456013411146;41.67514629420138;41.67514629420138;1.0  0.0  0.0  0.0  0.0  1.0  0.0  0.0  0.0  0.0  1.0  0.0  0.0  0.0  0.0  1.0
26456013411177;4.1746707975987976;11.714605322580708;0.8576256457626956  0.08319506856961462  -0.507500573690136  -2.9207996697004743  -0.2393570522427827  0.9380013766653329  -0.25072219470080115  4.117510065910497  0.45517738659973617  0.33649962546730683  0.8243673627628624  0.11061520651334705  0.0  0.0  0.0  1.0
26456013411208;35.325158197734496;35.325158197734496;1.0  0.0  0.0  0.0  0.0  1.0  0.0  0.0  0.0  0.0  1.0  0.0  0.0  0.0  0.0  1.0
26456013411239;38.287446358366964;38.287446358366964;1.0  0.0  0.0  0.0  0.0  1.0  0.0  0.0  0.0  0.0  1.0  0.0  0.0  0.0  0.0  1.0
26456013411270;39.86833487442807;1.8781500348497273;0.3644669396536265  0.6091364510481835  0.7043554741066076  -0.9080510040734711  -0.9109570819628058  0.07630583794494761  0.40538205919518633  6.671619468603924  0.19318655419394487  -0.7893859658620386  0.5827081191975332  13.216933403311982  0.0  0.0  0.0  1.0
26456013411301;37.42145376735778;37.42145376735778;1.0  0.0  0.0  0.0  0.0  1.0  0.0  0.0  0.0  0.0  1.0  0.0  0.0  0.0  0.0  1.0
26456013411332;43.158266358040244;43.158266358040244;1.0  0.0  0.0  0.0  0.0  1.0  0.0  0.0  0.0  0.0  1.0  0.0  0.0  0.0  0.0  1.0
26456013411363;34.12568423335386;3.216335825325557;1.0  0.0  0.0  -7.967172910000001  0.0  1.0  0.0  7.5816764  0.0  0.0  1.0  5.748813500000001  0.0  0.0  0.0  1.0
26456013411394;6.137811103386027;1.5031201553795261;-0.5114871307520957  -0.7417294013165608  0.4338414575597454  -1.4083838965186168  -0.8436531937950403  0.5293568077926413  -0.08961394223564106  -1.584123349188507  -0.1631876333378746  -0.4118481094604668  -0.8965215731143464  -2.3385223847832144  0.0  0.0  0.0  1.0
26456013411425;9.98424384019515;1.9040814144717175;-0.3780159315308507  -0.8354248026752749  -0.39896034211916476  -3.940601202299608  -0.859718869636779  0.15688002044963303  0.48607831094812437  -8.578999586959544  -0.3434929703783206  0.5267390798665889  -0.7775336140913637  -1.2194331769517892  0.0  0.0  0.0  1.0
26456013411456;3.553039626498096;1.3689215682204974;-0.3200687990795248  0.9406850331232355  0.11255057669211693  -3.382194020727255  -0.9472754582539269  -0.3158806042375679  -0.05374616317768072  -2.1046328639526832  -0.015005667116250773  -0.12381886901618128  0.9921913714752563  -2.4687262524374876  0.0  0.0  0.0  1.0
26456013411487;8.907789434141892;2.0288748598347977;1.0  0.0  0.0  -2.6847875  0.0  1.0  0.0  1.8472756  0.0  0.0  1.0  -0.6317018400000001  0.0  0.0  0.0  1.0
26456013411518;13.190832874792818;1.447677699693532;-0.3473515301536285  0.9180917616614933  -0.19093043672821847  0.8380765917553141  -0.9376521356891002  -0.3373387379043901  0.08373200312152018  -5.812146565393558  0.012465429699850872  0.20811077117335552  0.9780258278716512  7.2850008930407135  0.0  0.0  0.0  1.0
26456013411549;11.678534346863168;11.678534346863168;1.0  0.0  0.0  0.0  0.0  1.0  0.0  0.0  0.0  0.0  1.0  0.0  0.0  0.0  0.0  1.0
26456013411580;28.01403905500884;28.01403905500884;1.0  0.0  0.0  0.0  0.0  1.0  0.0  0.0  0.0  0.0  1.0  0.0  0.0  0.0  0.0  1.0
26456013411611;4.839169248689441;2.343312099421243;0.8895239580627303  0.4300227401091703  0.15436181853494496  -0.5658663906438414  -0.44045193414857703  0.8969052166427203  0.03953638910994177  -2.4467616112156394  -0.12144637391536958  -0.10315752686099178  0.9872230259240979  0.1273313968805394  0.0  0.0  0.0  1.0
26456013411642;15.458613024673555;2.792049776674528;1.0  0.0  0.0  2.5796530000000004  0.0  1.0  0.0  1.182516695  0.0  0.0  1.0  4.9826689  0.0  0.0  0.0  1.0
26456013411673;20.589511477104207;20.589511477104207;1.0  0.0  0.0  0.0  0.0  1.0  0.0  0.0  0.0  0.0  1.0  0.0  0.0  0.0  0.0  1.0
26456013411704;7.41267435151194;10.30572945993023;-0.8905609491925424  -0.415652589533262  0.18475421669767472  -4.705207610038198  -0.4539502253785581  0.7864239313415794  -0.4188873274426078  0.6995525615548099  0.028816464946867976  -0.45691391424156463  -0.8890440294610935  7.954971349358187  0.0  0.0  0.0  1.0
26456013411735;21.757255182572877;3.9380229414803467;0.820565097286077  -0.5714146471530596  0.01257863803579296  7.84261377641375  -0.56789843866434  -0.8176055431524009  -0.09493439402594184  -2.0371530858589  0.06453126744839505  0.07075646136864103  -0.9954040580066428  8.280408935977437  0.0  0.0  0.0  1.0
26456013411766;12.304723833976745;11.061152467688515;0.9849915929039885  0.0001745033068465407  0.17260223479740783  -7.174243737570589  0.040009410848908966  0.9725318660413901  -0.2293055092612807  -4.315092098131402  -0.16790118806008134  0.23276971255437842  0.9579287301074987  5.130894005174529  0.0  0.0  0.0  1.0
26456013411797;8.573971267035956;14.262794019027424;1.0  0.0  0.0  -5.28965984  0.0  1.0  0.0  -0.5365839000000006  0.0  0.0  1.0  -0.8978590000000002  0.0  0.0  0.0  1.0
26456013411828;17.226941609016762;17.226941609016762;1.0  0.0  0.0  0.0  0.0  1.0  0.0  0.0  0.0  0.0  1.0  0.0  0.0  0.0  0.0  1.0
26456013411859;33.57411777214782;33.57411777214782;1.0  0.0  0.0  0.0  0.0  1.0  0.0  0.0  0.0  0.0  1.0  0.0  0.0  0.0  0.0  1.0
26456013411890;15.597182184778172;2.20428321839434;0.39102747163711654  0.8962496894304861  0.2093657341133965  -4.6602048593803245  -0.8915468968728117  0.42533887109992996  -0.15566301875492886  3.7552263684312033  -0.22856431720971707  -0.12579085390915598  0.9653678127901618  -7.809210482140395  0.0  0.0  0.0  1.0
26456013411921;20.61504111605992;20.61504111605992;1.0  0.0  0.0  0.0  0.0  1.0  0.0  0.0  0.0  0.0  1.0  0.0  0.0  0.0  0.0  1.0
26456013411952;12.058834581084366;12.058834581084366;1.0  0.0  0.0  0.0  0.0  1.0  0.0  0.0  0.0  0.0  1.0  0.0  0.0  0.0  0.0  1.0
26456013411983;10.451393430494422;2.0661905062790655;1.0  0.0  0.0  -0.9944654000000002  0.0  1.0  0.0  -0.7943195800000001  0.0  0.0  1.0  -5.6884426  0.0  0.0  0.0  1.0
26456013412014;47.38630036713764;47.38630036713764;1.0  0.0  0.0  0.0  0.0  1.0  0.0  0.0  0.0  0.0  1.0  0.0  0.0  0.0  0.0  1.0
26456013412045;9.223414713956423;6.360525704972929;-0.8153498690934855  -0.5690273463284276  0.1068291631515666  -4.66781613422425  -0.036245517033797525  -0.13398702502264997  -0.9903200187921741  -7.596565153646092  0.5778328940655671  -0.8113293759355734  0.08862161293839958  0.07885343009440093  0.0  0.0  0.0  1.0
26456013412076;30.520242091779032;1.8627477162541526;-0.9897726186007341  0.14114985748689485  -0.020661103544473425  6.303450862259447  0.14132183302001902  0.989938192472171  -0.007107362154335564  -7.002034344762649  0.019450012342104195  -0.009954537475961867  -0.9997612736066206  3.4101359577222627  0.0  0.0  0.0  1.0
26456013412107;33.69151947690923;33.69151947690923;1.0  0.0  0.0  0.0  0.0  1.0  0.0  0.0  0.0  0.0  1.0  0.0  0.0  0.0  0.0  1.0
26456013412138;28.73843283987377;3.485545073907044;1.0  0.0  0.0  -11.6571473  0.0  1.0  0.0  -1.87756035  0.0  0.0  1.0  -1.2237380999999998  0.0  0.0  0.0  1.0
26456013412169;6.10829587109351;0.5177014909561415;0.6376472069878528  -0.29424009077663243  0.711919102426918  2.234624728900351  -0.6953982680291891  0.17771952597335636  0.6963023904237358  -0.013686901621916436  -0.3314020039809555  -0.9390625852772346  -0.09129169014670582  -0.20413765241221757  0.0  0.0  0.0  1.0
26456013412200;27.398770435044117;27.398770435044117;1.0  0.0  0.0  0.0  0.0  1.0  0.0  0.0  0.0  0.0  1.0  0.0  0.0  0.0  0.0  1.0
26456013412231;11.304933685245452;1.6218397940987666;0.44815176225407716  -0.8927786381654946  -0.045894457442372825  -2.916685158697372  0.6344064265516837  0.28144603330112483  0.7199420923164479  -3.126493946551282  -0.6298321077386322  -0.3517590561370477  0.6925150413435689  -3.0158406129140047  0.0  0.0  0.0  1.0
26456013412262;22.777914718070324;1.6673886941365652;0.5224519366115751  0.840933558114104  -0.1409777456493313  -4.136040465748233  -0.8285659505515479  0.5397298714469805  0.14889637824485874  -1.1422936129773793  0.2013018616839513  0.03901815866207657  0.9787518295140992  7.881799811300511  0.0  0.0  0.0  1.0
26456013412293;30.28145528198315;30.28145528198315;1.0  0.0  0.0  0.0  0.0  1.0  0.0  0.0  0.0  0.0  1.0  0.0  0.0  0.0  0.0  1.0
26456013412324;27.91236336482207;1.3586508239585067;0.8003482020059062  0.5982697256429581  0.03893701227640334  -5.236352658584012  0.5983551544462109  -0.801159431577563  0.010708610645976516  -1.9204633028537674  0.037601392175877504  0.014727544717832712  -0.9991842846707609  11.92500939769097  0.0  0.0  0.0  1.0
26456013412355;17.58982192427501;17.58982192427501;1.0  0.0  0.0  0.0  0.0  1.0  0.0  0.0  0.0  0.0  1.0  0.0  0.0  0.0  0.0  1.0
26456013412386;20.348425974718353;20.348425974718353;1.0  0.0  0.0  0.0  0.0  1.0  0.0  0.0  0.0  0.0  1.0  0.0  0.0  0.0  0.0  1.0
26456013412417;25.453268783191263;25.453268783191263;1.0  0.0  0.0  0.0  0.0  1.0  0.0  0.0  0.0  0.0  1.0  0.0  0.0  0.0  0.0  1.0
26456013412448;11.55255178167472;0.4782923934441958;-0.9405511997952134  -0.1884301563257204  -0.2825907230445651  1.49713627063535  -0.2658069945990663  -0.10960689774986895  0.9577750098994349  -10.96606587478885  -0.211447587326026  0.9759510254888385  0.053004845639698456  1.3136386594430103  0.0  0.0  0.0  1.0
26456013412479;15.024610821793486;15.024610821793486;1.0  0.0  0.0  0.0  0.0  1.0  0.0  0.0  0.0  0.0  1.0  0.0  0.0  0.0  0.0  1.0
26456013412510;44.598779289077456;44.598779289077456;1.0  0.0  0.0  0.0  0.0  1.0  0.0  0.0  0.0  0.0  1.0  0.0  0.0  0.0  0.0  1.0
26456013412541;25.55960109614438;1.216787300493413;1.0  0.0  0.0  -0.17184544000000002  0.0  1.0  0.0  0.62173897  0.0  0.0  1.0  6.9793805  0.0  0.0  0.0  1.0
26456013412572;11.855425981755449;0.22503034561633858;0.6387774462656284  0.6561787479660919  0.4017372584911862  -5.783311889047212  -0.7236996449511838  0.689690585582102  0.024201654012651355  -9.042165931068283  -0.2611937940302044  -0.3061965820793391  0.9154351178991538  3.0956794534275254  0.0  0.0  0.0  1.0
26456013412603;9.681681139268411;0.6571542539146312;0.8397961727553258  -0.4634106157099702  0.28283031922481966  1.6313040775186387  0.4489351025663505  0.8857106542743095  0.11821129636678317  4.350546434497051  -0.3052861967224315  0.027699064104797777  0.9518577099222711  -8.33901762482184  0.0  0.0  0.0  1.0
26456013412634;52.58463844912728;2.007030896522959;-0.21262945910027492  -0.9401395930929553  -0.26631984271123615  1.7149982468879166  0.9673863415160311  -0.16413917697104763  -0.1929300309218252  12.2166925243225  0.13766764097257486  -0.2986567864326546  0.9443790258930818  -7.931313031846754  0.0  0.0  0.0  1.0
26456013412665;17.137251027096553;17.137251027096553;1.0  0.0  0.0  0.0  0.0  1.0  0.0  0.0  0.0  0.0  1.0  0.0  0.0  0.0  0.0  1.0
26456013412696;25.9043647789081;2.6207996486717295;-0.9784684259444664  0.04572586424923496  -0.20126769429895708  -5.796304805370179  -0.20185364263858258  -0.4154719197788858  0.8869262600852352  5.605624679677402  -0.04306560557211852  0.9084559588741258  0.41575608763167754  -7.221684452646455  0.0  0.0  0.0  1.0
26456013412727;23.252492129236515;23.252492129236515;1.0  0.0  0.0  0.0  0.0  1.0  0.0  0.0  0.0  0.0  1.0  0.0  0.0  0.0  0.0  1.0
26456013412758;14.13602399426325;1.387144530537793;-0.12207379002389675  0.3952672464335401  -0.9104184717403576  5.709264185750764  -0.9757512735513633  0.12011256768045106  0.18298202985020595  -2.5130558073527203  0.1816795033901573  0.9106792931554203  0.37101992273441287  -6.034532830539651  0.0  0.0  0.0  1.0
26456013412789;4.621604133291701;1.5836003949886288;0.5642598857822636  -0.5187249470692079  0.6422890397516012  0.20383804069917338  -0.5276194014867905  -0.8249389086035055  -0.20271547609094365  2.473675618617115  0.6350027940660636  -0.2244999473498922  -0.739169280454882  2.4732144989413705  0.0  0.0  0.0  1.0
26456013412820;35.801682263906;35.801682263906;1.0  0.0  0.0  0.0  0.0  1.0  0.0  0.0  0.0  0.0  1.0  0.0  0.0  0.0  0.0  1.0
26456013412851;14.022145789999549;6.056843175161648;-0.7364653467562484  -0.6683688055633772  0.10441232100180131  6.040846821579916  0.363490771543823  -0.5211555312488872  -0.772186098846105  2.805246241935565  0.5705201591790382  -0.5307353879274254  0.6267588818452039  -3.968154817407552  0.0  0.0  0.0  1.0
26456013412882;2.3936762370407902;1.1963286736695704;0.8909588972663455  0.45408329341615067  0.0007784743280254024  -0.29498972820245806  -0.45284225558430635  0.8883945425647954  0.07542564748416081  0.05109979958244354  0.03355793407310878  -0.0675536777787055  0.99715112479469  -1.6567394666699355  0.0  0.0  0.0  1.0
26456013412913;12.272824290791716;1.0534047742565864;0.94422362528341  0.3264015003135369  -0.04363262597788109  6.960466555157717  0.037339011200120065  0.025525604809268937  0.9989765971942073  -13.82116053649019  0.3271812092698033  -0.9448865032860788  0.011914369834616315  4.019025796315093  0.0  0.0  0.0  1.0
26456013412944;7.817464008253767;1.2407637505898867;-0.8523389144699429  -0.5188561077251881  0.06562556176115171  5.1248699810998835  0.33442941803802767  -0.637199539725717  -0.6943584887679277  1.4715745949077141  0.40208872059651835  -0.5698816421412453  0.7166307101425762  4.750916218656822  0.0  0.0  0.0  1.0
26456013412975;18.958736180574377;2.001927557567067;-0.2834734128704627  0.9573650006823993  -0.05563344015933158  3.213908301981882  -0.936824891810033  -0.2888559640050611  -0.19728495670939145  -5.093000964569363  -0.20494376370285522  -0.003806248428126923  0.9787663491315031  7.116875626724902  0.0  0.0  0.0  1.0
26456013413006;18.3212344447247;1.8796505438938744;1.0  0.0  0.0  6.961480900000001  0.0  1.0  0.0  -0.47518041  0.0  0.0  1.0  -0.48396589999999995  0.0  0.0  0.0  1.0
26456013413037;17.624013468308494;2.593321601833956;0.9750044451832833  -0.15819612311686165  0.1560138407438012  -6.235794001752141  0.1485844232096377  0.9863092727736854  0.07153102557703944  2.7016716185120884  -0.16519382873550886  -0.04656184136649462  0.9851614049871544  -8.325585416812007  0.0  0.0  0.0  1.0
26456013413068;25.751269723182936;25.751269723182936;1.0  0.0  0.0  0.0  0.0  1.0  0.0  0.0  0.0  0.0  1.0  0.0  0.0  0.0  0.0  1.0
26456013413099;16.675295180356358;2.338124529780372;-0.9536314082409552  0.2687846968300272  -0.13543235937678827  -4.3845214542949105  -0.27278424880965346  -0.9620059978139373  0.011541827037546692  -8.140991709150411  -0.1271844755374112  0.04795046318860552  0.9907193660478595  6.640314417311296  0.0  0.0  0.0  1.0
