# registration_from_features.py RANSAC RANSAC_config.json euclidean False --input_txt=/neural_comparison/point_clouds_registration_benchmark//eth/plain_global.txt --input_pcd_dir=/neural_comparison/point_clouds_registration_benchmark//eth/plain/ --input_features_dir=/neural_comparison/experiments/3DFeatNet/feature_extraction_voxelgrid_0.1_npz//eth/plain/ --output_dir=/root/neural_registration_comparison/results/3DFeatNet/RANSAC/
id;initial_error;final_error;transformation
4215528470030;7.9427285406441825;12.673796162270815;0.9422460299044569  0.09137018005184394  0.32221717726803867  8.900995791794012  -0.032817518472897544  0.9826257818508422  -0.1826734335454994  2.484832779482967  -0.33330981025251877  0.16154894935998368  0.9288737844024424  12.322931091823722  0.0  0.0  0.0  1.0
4215528470061;8.5731783167614;0.6489222007051492;0.5941787172972155  0.7977307694579098  0.1028458621974068  -0.4258609299419813  -0.7975890268919574  0.6008836404056409  -0.05282608138416017  13.094836166562603  -0.10393938662786695  -0.050640597873215176  0.9932935788348107  7.42637733622734  0.0  0.0  0.0  1.0
4215528470092;7.21989676751356;6.2798404589063255;-0.9155423856027999  -0.35647758164993887  -0.1862951259312617  12.060592414549589  -0.36722795165783156  0.9297788688477058  0.025590751561336715  -9.748403006541643  0.16409074223101972  0.0918421952334098  -0.9821604957891459  0.8741648750517315  0.0  0.0  0.0  1.0
4215528470123;3.699125908164359;1.954028636973417;0.7543498358295622  -0.3586235632693627  0.5498594957367736  -2.094187343765606  0.5185834250739361  -0.18805120699226155  -0.8340911070065067  -0.8234950472470839  0.40252646673541703  0.9143445102458595  0.04411983863028206  -4.500145372372129  0.0  0.0  0.0  1.0
4215528470154;6.304867582126328;14.223830873637421;-0.020985394008880137  0.875890784179307  -0.4820528471319825  9.684248261238517  0.9901147833907786  0.08508809864135167  0.11150215773979458  16.873817841921007  0.13868067258750408  -0.4749477336079814  -0.8690180213271299  2.431473226138026  0.0  0.0  0.0  1.0
4215528470185;10.45878331764484;11.102392947894907;-0.7393792051908928  -0.5460253493622046  -0.39392221159153445  25.6454078030282  0.3663840547964509  -0.8171571809196079  0.4449908606504526  10.634915459243745  -0.5648726540754071  0.1846901717076511  0.8042440084653437  13.079940824792342  0.0  0.0  0.0  1.0
4215528470216;5.914600834043442;11.154984371787096;-0.8478201964804395  -0.44339771247002896  -0.2908597308260704  19.901718198417075  -0.22291512351727313  0.795684101508492  -0.5632012591551111  7.96932433328454  0.48115461355695993  -0.4126563693716228  -0.7734371071198245  -0.027884668326662254  0.0  0.0  0.0  1.0
4215528470247;6.661053221913973;12.068096609103034;0.6914549953026603  0.6642976248009897  0.28389902281403084  0.14672553399137556  -0.5247236560856854  0.7319366823944932  -0.4346651328429904  18.180609137944717  -0.4965431242249456  0.15158284417804785  0.8546739537015412  6.51026942948234  0.0  0.0  0.0  1.0
4215528470278;5.936222330533173;11.908463731057967;0.727475405555724  -0.06033659716888451  0.6834756977052034  9.577809009857393  0.5591879197875652  -0.5251025984779835  -0.6415419950676072  5.550982259059543  0.39760332578487134  0.8488973766679633  -0.34825972952820705  0.34689583809545965  0.0  0.0  0.0  1.0
4215528470309;13.3828056546087;13.16201269751467;-0.9159177554347374  -0.38147990229461926  0.12477078754532872  39.586871983102675  -0.09205510469265435  0.5022403550050349  0.8598142145280239  11.983061576316349  -0.39066676718069904  0.7760333175513181  -0.4951280309888309  4.8548395903426815  0.0  0.0  0.0  1.0
4215528470340;6.643852363898183;6.440727937748865;-0.9915682765211944  0.12881551699356436  0.014103743420363857  22.112778772776412  0.12682167702587716  0.9422988535778797  0.3098211303028836  3.396764259411568  0.026619827819330977  0.3089974645971922  -0.9506902501021955  2.4203387324101167  0.0  0.0  0.0  1.0
4215528470371;8.616592423121881;13.276303780547355;0.05968535280386497  -0.9631751874446735  -0.2621663917278422  12.741648007540173  0.1997727149116682  0.2688468466498623  -0.9422378868540826  -7.314603035508117  0.9780227610017569  0.0038641088679871594  0.20846234102388095  -10.213198572830148  0.0  0.0  0.0  1.0
4215528470402;8.051064745866395;5.036861578662855;0.23420494683276072  -0.242712765991502  0.9414024410972267  13.59581037041894  0.9699296301884045  0.12428854496259961  -0.20925790325257662  -9.734694252051995  -0.06621597512419879  0.962103357657499  0.2645232954250291  -4.254086733241332  0.0  0.0  0.0  1.0
4215528470433;3.035557231842426;15.123118995365322;-0.2342223619371949  0.26217160898616654  0.936165547651785  18.12497612606866  -0.9463178028754047  -0.2821288972777213  -0.15775265855738643  15.14979525169758  0.22276108531255667  -0.9228593244706701  0.31417855768322295  6.702258893244355  0.0  0.0  0.0  1.0
4215528470464;11.371431429449434;5.372264511983484;-0.8980973873324236  0.13626886590053228  0.4181529373959455  33.05051305964872  0.4261713167365566  0.5044811436399929  0.7509172953812651  -11.613018969200299  -0.10862362384722893  0.852601649011933  -0.5111470790725778  7.4904535291285885  0.0  0.0  0.0  1.0
4215528470495;6.926527848736154;1.6544859832575738;-0.8083018659427413  0.5425770652455627  -0.2286005725780122  10.313244383754071  -0.5781706399701236  -0.8048156264113285  0.13412873875750525  14.871959878730339  -0.11120613557722525  0.2405866491592039  0.9642361016142913  2.0405132603496554  0.0  0.0  0.0  1.0
4215528470526;13.514784535064075;5.199869044454264;-0.3683739667654006  0.6227627854160105  0.690265987652887  4.3500961928278254  0.8786624672215313  0.4757941752817196  0.03965061744991501  -12.432736723662861  -0.3037316073537532  0.6211170709849154  -0.7224684732397839  8.77888299595707  0.0  0.0  0.0  1.0
4215528470557;10.446360986706342;0.5327249073118193;-0.26128328397944356  0.09854613999769168  -0.9602185708496126  0.9929625532088195  -0.929003339971417  -0.29576202962731446  0.2224356449687958  16.612403546912233  -0.2620760191907489  0.9501649752134032  0.16882736757659683  -0.7559328772119143  0.0  0.0  0.0  1.0
4215528470588;3.580277951137834;10.298514011958911;0.8527032424185798  0.3454552767015824  0.3918645584482914  9.212812703025474  -0.253280999132946  0.929460307480716  -0.26823920723128786  3.940503738972504  -0.4568872025424414  0.12947659486133456  0.8800510755269016  9.833740221508839  0.0  0.0  0.0  1.0
4215528470619;3.9070449392142814;9.20008829257652;-0.5231765825325717  -0.8453958378315938  0.10766680484976068  26.243901381062628  0.5526405564271184  -0.24037275453244417  0.7980033547989694  1.9375532447256454  -0.6487485482692534  0.47699771095415444  0.5929574224706471  9.37765267974007  0.0  0.0  0.0  1.0
4215528470650;5.1845358049870764;7.307117133585576;0.39598544574149497  -0.89666997050741  0.19793557222275854  11.110845424659848  0.9182509885091991  0.3859079577445129  -0.0888266303049843  -6.185224908525514  0.0032632595343666804  0.21692858764971618  0.9761820214475943  -3.159416457255702  0.0  0.0  0.0  1.0
4215528470681;3.380804448922173;3.8661706879771445;0.6925820236295004  0.5073651748087709  -0.5127482032504196  3.1178281884267935  -0.4074690358439721  -0.3113829117143295  -0.858492671559106  2.992439789813738  -0.5952303128820404  0.8035056077486789  -0.008922608518618091  -0.7586888404027491  0.0  0.0  0.0  1.0
4215528470712;10.187008660188404;13.834885532112402;-0.7060066947573695  0.6859247244404375  0.1762436363647881  25.861692926704944  0.4054202591894475  0.18739880984293017  0.8947156528798488  -5.5378868246339295  0.5806797399570052  0.7031279815728874  -0.41039259390576477  -4.433174786401056  0.0  0.0  0.0  1.0
4215528470743;11.416465271917176;9.580288475121595;0.5073780031619051  0.039527283388935186  0.860816563371854  11.560557462029653  -0.8606732449609421  -0.02606199731302744  0.5084902533033042  13.351676228164804  0.04253383730443783  -0.9988785542617017  0.020796791103750656  10.234964863395811  0.0  0.0  0.0  1.0
4215528470774;8.6384432610346;0.9190738826243819;-0.2574111573854675  -0.9657643456530005  -0.03222925253407671  19.889332179572193  0.965388745129942  -0.2555750914159746  -0.05201868341424936  -2.9552447948736766  0.042000795586628004  -0.0445039471636785  0.9981259098214726  -5.486830851980448  0.0  0.0  0.0  1.0
4215528470805;4.364926864890053;4.334866968093576;0.6659375020312301  0.5356264071870729  -0.5192606236874437  4.312802812978013  -0.5530850987713677  0.8215881096977007  0.13816602882193899  10.0421573779527  0.5006237278690167  0.19518537324099497  0.843373317794262  -11.030551080241594  0.0  0.0  0.0  1.0
4215528470836;7.998596834151955;21.021181014024034;-0.8920046303794374  -0.4515112350789628  -0.02157183300306975  25.795432994424477  -0.18130707563927412  0.3136586193581931  0.932065456298776  12.687273817388053  -0.41407183399112935  0.8353178287931973  -0.3616471224763736  0.25978605569999047  0.0  0.0  0.0  1.0
4215528470867;4.496746515697113;3.1228442674724817;0.8023500153641565  -0.5641858804957502  -0.19475303616214196  1.7757947745286806  0.5119131222644718  0.8182733147428225  -0.2614837234575676  -10.472744911092743  0.30688663721083975  0.11010483472140853  0.9453557622780928  -3.5308981315196006  0.0  0.0  0.0  1.0
4215528470898;3.0735426127890535;15.217786345802498;0.37181408667656174  0.9175373454851011  0.1409946970244916  14.302417733395254  -0.9181212869531294  0.3859061004914126  -0.09016531509977221  9.288889279022543  -0.13714075759016237  -0.09592549840196656  0.9858958927614675  1.1097542016230633  0.0  0.0  0.0  1.0
4215528470929;7.751781789465057;18.667765748583417;-0.708060621246434  -0.692363541312854  -0.13886282188130497  25.79926007534864  0.12864180138769682  0.06688575629758638  -0.9894329601040334  -2.469645885253387  0.6943352530124358  -0.7184420799655497  0.04170772301304365  0.817923507176006  0.0  0.0  0.0  1.0
4215528470960;7.051327912203398;2.912727720004261;0.007432227666361313  -0.36908558324240637  0.9293656945651302  5.880912622370557  -0.1449793839287281  -0.9199692166422981  -0.36419447918138664  16.074952010303306  0.9894067617656355  -0.1320320895584392  -0.06034722113958946  -5.929888327721294  0.0  0.0  0.0  1.0
4215528470991;7.811575106800094;11.603914952324011;-0.9043677597101537  -0.0368321717017403  -0.425161553206038  24.077089411867693  -0.0989176088837512  -0.9510436490301613  0.29279905104374293  11.953183091618518  -0.41513161991055136  0.3068539860701317  0.8564498639052451  2.5087714460259085  0.0  0.0  0.0  1.0
4215528471022;6.397326685010671;6.589254484942606;-0.3882273999264595  0.8433514046200178  0.37153451289454087  18.520983613587028  -0.8265142910745599  -0.14031435881021526  -0.545147693163234  22.214384269867786  -0.40761944580191267  -0.5187198560274331  0.7515158670094862  12.523514107643651  0.0  0.0  0.0  1.0
4215528471053;4.989390319330123;5.6722508938858525;-0.9082454769164352  -0.016396586124062473  0.41811637808666924  21.590985138650183  -0.17373508448369335  0.9238086179076821  -0.3411652941008837  4.180181841841755  -0.3806655672375454  -0.38250331951889593  -0.8418936610265829  10.616345919025315  0.0  0.0  0.0  1.0
4215528471084;7.283065117516562;13.850646992346105;-0.8384660073987401  0.5101657383772152  -0.19158724859146348  6.994205469649867  -0.5402174716654298  -0.8243697525362197  0.16905500409861624  9.158485197651936  -0.07169266171810625  0.2452456533547609  0.9668064603457976  7.574758279766885  0.0  0.0  0.0  1.0
4215528471115;13.751336068378958;15.334617315782259;-0.5099924723053655  -0.7363262783359492  0.4446698663320823  24.113924898965745  -0.8589888493018681  0.4631402838762049  -0.21826413866258773  23.319768525815793  -0.04523090720860988  -0.493279524491945  -0.8686941209367581  0.386112392580618  0.0  0.0  0.0  1.0
4215528471146;11.525962444638278;10.233793342822642;0.8541407671762066  0.3939250924774647  -0.3395093096871766  12.780065617074174  -0.39105129296333513  0.0561559147266305  -0.91865412398406  13.730947810888107  -0.34281545490153464  0.91742549275559  0.20200997283009947  6.57128238357547  0.0  0.0  0.0  1.0
4215528471177;6.697705102568167;13.939697572354387;0.4563550632568666  -0.30246085709877296  0.8368138898004122  7.677920928073782  0.611030465393203  -0.5771230047928959  -0.5418217490099345  -5.35764517213399  0.6468244171343461  0.7585818790756172  -0.07856020708296466  -2.2552691319887037  0.0  0.0  0.0  1.0
4215528471208;6.121585792418238;7.097947826901821;0.38823900591623206  -0.887470640147008  0.24832707698162032  14.543064690749999  0.9037645950995861  0.31396204658382587  -0.2909250589917907  -19.506392041917934  0.18022217102692184  0.33737767587965184  0.9239568566163616  -0.017302188755339287  0.0  0.0  0.0  1.0
4215528471239;7.5967337800512365;5.233434855200183;-0.6823353666393361  0.7292301294223403  -0.051399083414387786  7.545600506173258  0.7309939259279064  0.6813877833321104  -0.03685877076435781  -10.717446952300337  0.0081441813381909  -0.06272246063755257  -0.9979977781748318  -2.885610001016137  0.0  0.0  0.0  1.0
4215528471270;4.659737430181631;5.269307976918293;0.6059284577371763  0.6319695820930362  -0.48318231695023817  9.766592091472539  -0.44673368882595255  -0.2322551973782878  -0.8639945222967155  15.464874332113315  -0.6582398615795036  0.7393726872152676  0.14159206908534835  15.649387389718125  0.0  0.0  0.0  1.0
4215528471301;12.269791784026703;1.887424862254883;-0.5143929940117894  -0.8081253098385065  0.286937852696372  18.371714155501365  0.7616808887662714  -0.5842833659523718  -0.28009850402954434  -11.877024953398575  0.3940077047467597  0.0744743705564776  0.9160848741958393  -2.8249366838024894  0.0  0.0  0.0  1.0
4215528471332;10.27674754914434;10.436294720472546;-0.41647955039644763  0.7466370843889338  0.5187271424523348  18.54094536550801  0.48340029869967654  -0.30136506797459706  0.8218900455789265  1.18496617712991  0.769979827864754  0.5930532522631156  -0.23541220159861115  -14.968921827542193  0.0  0.0  0.0  1.0
4215528471363;7.251183878607266;9.958579101352326;-0.7516366763167468  0.6557513564098185  0.07093987159698747  29.466442293431978  -0.6445827227788037  -0.7530913020215362  0.13178241276654257  20.44928361739046  0.1398406961888347  0.05332587914128073  0.9887370379950535  4.410757331358756  0.0  0.0  0.0  1.0
4215528471394;7.752494131188369;12.570137847699842;0.9898033407142546  -0.0927459601428331  0.10810889689607651  1.4563354238807928  0.07146688061876835  -0.3331755161350387  -0.9401524134004944  0.8027105136994422  0.12321457578357048  0.9382922051926759  -0.3231499744532564  -4.916366139824756  0.0  0.0  0.0  1.0
4215528471425;6.845520635125362;9.8032997987418;0.6576948372816133  -0.7166663156748947  0.23200623480864646  8.128401632218974  0.7362691013982057  0.6766818460360545  0.0030805148135893967  -0.06794368324372257  -0.15920210846402627  0.16879298333227577  0.972709420864422  -3.771350385659135  0.0  0.0  0.0  1.0
4215528471456;8.696136189115853;2.10383951225568;-0.38533921353852013  -0.9042279958614045  -0.18407993375156884  24.088762509583617  0.7793142107938157  -0.4257158120629539  0.45982106108179943  -11.649308272678644  -0.4941488149984036  0.033730977751126684  0.8687227231836551  6.618965606454986  0.0  0.0  0.0  1.0
4215528471487;4.397592397978111;2.485363795236561;-0.0934378215597403  0.981204739331858  0.168839074313  18.762890536072902  -0.9854670118920714  -0.06698258409951117  -0.15610285679597252  17.371871830555538  -0.14185958541699642  -0.1809712489321233  0.9732036092644054  2.2062152846556464  0.0  0.0  0.0  1.0
4215528471518;4.316883413942118;4.587334173132638;0.9121037322507225  -0.017007554888960302  -0.40960654864272183  2.0865900883618806  0.4049247076051711  -0.11873253150755221  0.906608276563079  -11.104935130939623  -0.0640528124688535  -0.9927806046848955  -0.10140960593712353  4.964862271738463  0.0  0.0  0.0  1.0
4215528471549;1.9026528424683027;15.260212537609753;0.45442985941768127  -0.8901344579094067  0.0339727789848515  2.1563704139614943  0.8672596260115387  0.4508144338449348  0.21125124219137045  15.119052180911703  -0.20335742907489918  -0.06653565269386005  0.9768412168621108  3.182144313292287  0.0  0.0  0.0  1.0
4215528471580;8.32112714146523;2.5004500425348564;-0.4567406058386732  0.8159270570404997  0.3544729278342018  16.32649082231565  -0.8829994161329955  -0.4642563981117695  -0.0691232806012228  18.724941662928554  0.10816676979049938  -0.34457079737191276  0.9325078635119245  -2.9153497107786226  0.0  0.0  0.0  1.0
4215528471611;14.49435390175508;14.050839768343824;-0.990315844061727  0.0027900150138877033  0.13880470026815667  31.624231855556133  0.08081000874813421  -0.8013922556658746  0.5926552075573867  13.78504731316848  0.11289052877206746  0.5981326511527227  0.7934059869566017  0.36056264812419503  0.0  0.0  0.0  1.0
4215528471642;10.551955767567739;7.321111273534241;0.7708307682554071  -0.5048658053290838  0.38849767736782437  11.97481830890234  0.3152636983739756  0.832257643732089  0.45602194567484744  -5.412842750812226  -0.5535600484124027  -0.22903653214918843  0.800695659875044  15.483156963778026  0.0  0.0  0.0  1.0
4215528471673;5.301269378770812;17.41152773563016;-0.20582975829165104  0.3015971966623815  -0.9309528675325052  32.04920107598187  -0.9782273710306463  -0.08923055324900347  0.18737427500419837  22.505181826219342  -0.026557883350759703  0.9492507778939504  0.31339693600872665  5.879136935654962  0.0  0.0  0.0  1.0
4215528471704;14.231622672185328;10.823332161652703;-0.4428173457135649  0.888035722540499  -0.12371480843927421  38.716649343441276  0.062879840786531  0.1683985714757263  0.9837113635348508  -0.29670077950965545  0.8944042284995375  0.42782528749117676  -0.13040935328893574  -7.616138000695029  0.0  0.0  0.0  1.0
4215528471735;9.260585039119485;11.990849368749231;0.9229201009073907  0.3445168973099971  -0.17183304341419556  14.094691964026847  -0.18391575472182278  0.7866474519277582  0.5893732107422838  1.0850156620052598  0.3382210556813312  -0.5123415792647116  0.7893748308948974  -4.203208323763157  0.0  0.0  0.0  1.0
4215528471766;10.023762998931376;3.241228813097159;0.8315679799888523  -0.5339398441674182  0.1529801865201239  2.25154355132425  0.5541685761372404  0.7790976841190185  -0.293093820853334  9.774228043794572  0.03730795999893821  0.3285042486952883  0.943765370582043  -1.6547065574693276  0.0  0.0  0.0  1.0
4215528471797;16.49642327605817;1.013872298981139;-0.35643909742861646  0.9337411825701302  -0.03284164729132094  23.605486650433548  -0.9338536218831781  -0.35715033591615175  -0.019001327602327228  10.563905180685758  -0.02947172746793464  0.0238964752110907  0.999279928624878  -5.253494172689277  0.0  0.0  0.0  1.0
4215528471828;6.120378490255965;17.27245794112605;-0.9212478990737346  -0.2427420619870778  0.30393848027930204  34.10479976806556  -0.2702693130687058  0.9614140326776627  -0.051357143454868984  4.547500836619601  -0.279744181111243  -0.1294579047904598  -0.9513063880904324  2.6480687494736177  0.0  0.0  0.0  1.0
4215528471859;3.3560635566366703;12.707065251796733;0.6665815396580993  0.7330259542929478  0.13543264495663987  8.580802579891897  0.4056643941869313  -0.5091408535086227  0.7590862866482709  7.515615211149683  0.6253842421071929  -0.4510527038178844  -0.6367464237061622  3.2367541996453277  0.0  0.0  0.0  1.0
4215528471890;6.397138347400414;11.700924137900559;-0.7037579636575401  0.5737494172626477  -0.41897056552861245  12.879553305923986  -0.668106185794537  -0.7350175533532288  0.11568630327618401  16.710052826041004  -0.24157577091187882  0.3613319837122172  0.9005999913696011  -2.1079980890214216  0.0  0.0  0.0  1.0
4215528471921;4.826841366204702;11.253297303012511;0.035966958856246234  -0.8166166370841716  0.5760587174134  13.773171146814368  0.9698670791987128  0.1675129777205343  0.17691029077404963  -1.7977085346682173  -0.24096519781327794  0.5523374605551739  0.7980345250114624  0.6208456788365377  0.0  0.0  0.0  1.0
4215528471952;10.627445185868936;3.882595383530864;-0.10414032174907242  0.8778585692932758  -0.4674602931847398  16.27303318693353  0.8500959528855245  0.32253031821159267  0.41630645529703364  -8.40231935346007  0.5162283063467675  -0.3540318151701791  -0.7798524280744764  4.128082724679703  0.0  0.0  0.0  1.0
4215528471983;2.5890048286559675;8.211525847525367;-0.7139929516629061  0.39200496266366147  -0.580125998575096  8.437042424165574  0.6922601653400976  0.5193080715852538  -0.5010937938846436  4.468830766258065  0.10483285963376063  -0.7593755566473457  -0.6421517231212123  3.7974626453093356  0.0  0.0  0.0  1.0
4215528472014;9.471090222260203;0.3105847816341261;0.46362976788921956  0.8784636369619907  0.11553820520719615  -1.4635522955045328  -0.8610695818635554  0.47745517710572827  -0.17491634870491463  6.668724912005246  -0.2088219660771109  -0.018390007896936567  0.9777807495002346  -7.642451688715589  0.0  0.0  0.0  1.0
4215528472045;3.9958979372442767;18.23826699999992;0.7708961026529579  -0.6362028905571409  0.03106575222359753  21.38573369455432  -0.3833709617260138  -0.42448235767130466  0.8202691227463588  7.126881606714986  -0.5086707231792982  -0.6442519771584316  -0.5711335091795088  6.319016695501314  0.0  0.0  0.0  1.0
4215528472076;8.69484171943448;18.973019264230842;0.36140565114347745  0.8251007431709683  0.43427493473636564  25.13758985124465  -0.8951625916385483  0.4373629397904746  -0.08600926362195613  6.974293277713354  -0.26090206946767697  -0.3576624421386024  0.8966647576608188  0.08488966369733308  0.0  0.0  0.0  1.0
4215528472107;10.315265354533507;11.66515940815455;0.9630053184679616  -0.020145553090822388  0.26872832618294196  4.0115934439715435  -0.12024595971728494  0.860300589932231  0.49540266867864696  -3.9576990498274185  -0.24116729830988654  -0.5093889002058454  0.8260516222204217  9.765743078300257  0.0  0.0  0.0  1.0
4215528472138;6.670306263270432;2.0229853199716477;0.767570424665792  -0.5128305493353755  -0.38450028718682755  0.44394284727031685  0.19481364231113996  -0.38484178350397286  0.9021886978004925  7.510714537356174  -0.610641701775962  -0.767399263315947  -0.19548678398883787  2.136181053093365  0.0  0.0  0.0  1.0
4215528472169;13.267182160692693;5.295369113392427;-0.9682463104652681  -0.2359872360295472  -0.0825173115263153  23.438370589776728  -0.24868557213832831  0.8754038453077831  0.4145160959849211  4.357675223375168  -0.025584535966643285  0.4218745453941052  -0.9062931641957197  9.173106068725117  0.0  0.0  0.0  1.0
4215528472200;8.200847505154186;7.564677283043261;0.599655501549822  -0.29535125147290364  0.7437613311502693  4.078389932384269  -0.7845247811575078  -0.03357581243766275  0.6191878007268189  5.598713465868158  -0.15790550088833305  -0.9547985667524538  -0.25184429657362534  2.8315237637146335  0.0  0.0  0.0  1.0
4215528472231;10.278644612899345;8.64602561172972;0.13805292516863682  -0.15375119281512292  0.9784180908795127  3.3770162574609186  0.766936722286313  -0.6084900632034987  -0.203833037045836  1.4405414778105392  0.6266972585396473  0.7785245106549495  0.03391360270394991  -3.730726715750105  0.0  0.0  0.0  1.0
4215528472262;4.061839555975304;11.481579059012514;-0.5572132436427896  0.8042416154128484  0.20666113603484673  20.955201506108878  -0.7120388905388731  -0.3347285567387129  -0.6172174751769335  23.36087057492726  -0.42721659549840957  -0.49107251739610763  0.7591664924040035  8.950036441023428  0.0  0.0  0.0  1.0
4215528472293;4.76530520571006;7.017763329356386;0.15074203770733105  0.8611030230393315  -0.48557020273114526  9.384654310711815  0.75907324125911  0.21384584064154535  0.6148802898489258  -4.031022378113642  0.6333124445897382  -0.46127165548387505  -0.6214047049829396  -0.20504684219742053  0.0  0.0  0.0  1.0
4215528472324;7.620481991712362;4.112842919434393;-0.9240879856988352  0.38148471296076064  -0.023039280898385306  13.54040242637144  -0.38212904697101285  -0.9232672051717374  0.03943424039326168  11.878700458063648  -0.006227852606969619  0.04524468622517037  0.9989565216866504  -6.469728797396423  0.0  0.0  0.0  1.0
4215528472355;4.274579483987271;14.279088988798549;0.8083247979322963  0.04825915882467082  0.586755549302474  9.447342258546776  0.349669661804231  -0.841161104935951  -0.4125277241066894  9.291601363028107  0.47364770522132527  0.5386270037163616  -0.696806143921039  2.774710970139212  0.0  0.0  0.0  1.0
4215528472386;6.98607721477994;6.647590782772529;-0.8337320888477014  -0.5317177105291965  0.14888613211188562  12.838463465400004  0.5431682130493358  -0.8382519546699125  0.047978670519958355  8.175996669630967  0.09929298242292389  0.12087157151978067  0.9876897118224424  6.298712838707827  0.0  0.0  0.0  1.0
4215528472417;3.9350110134314358;18.77433766104823;-0.2912557830265813  0.35940734478599334  -0.8865643966274841  9.933570203098249  0.8749673197604477  0.4747756782338999  -0.09497496885368698  14.91923208859075  0.38678451133000585  -0.8033768828335939  -0.45275084309561014  -7.676180713283305  0.0  0.0  0.0  1.0
4215528472448;8.44720383204338;12.84321236890294;0.4458521293460602  -0.8885848960593101  -0.10785527920713378  3.738273216930251  -0.8912902176714135  -0.45183152915387587  0.038079090662916794  20.93986272080737  -0.08256892055021849  0.07915271162591422  -0.9934370748071747  9.206375729593047  0.0  0.0  0.0  1.0
4215528472479;4.6646235313045;4.8227130951288615;-0.053597803086919  -0.8616526242964857  -0.5046603120389358  0.3538916739832345  -0.9494139651007368  -0.11262878091679854  0.2931345775934542  7.518287442320188  -0.309419453777478  0.4948429172496823  -0.8120283793512835  0.02356507284877485  0.0  0.0  0.0  1.0
4215528472510;4.403148072732226;0.6923342406556006;-0.9960531790709684  0.0884004732546434  -0.00796371715797406  9.662764956495561  -0.08870858975245366  -0.9944857435888279  0.05593649884204635  4.878794277215498  -0.002974990209734296  0.05642217761599108  0.9984025677582773  -3.6846954114994794  0.0  0.0  0.0  1.0
4215528472541;10.318454924319978;7.965500886779516;-0.8666756382574455  0.47984125899884855  -0.13647602065363096  20.646353375065935  -0.49283480593012213  -0.8659573522394449  0.0850395094427848  13.910894945975896  -0.07737694821372387  0.14096180427637323  0.9869866147118111  5.175720107571172  0.0  0.0  0.0  1.0
4215528472572;7.24244761931414;6.79717682017274;0.9926098347616857  -0.07226054926438323  -0.097489122236225  1.0334023456594408  -0.12134082592817383  -0.6006702511596842  -0.790235188620977  8.153693094440198  -0.0014559867611753097  0.7962246306110935  -0.6049993534796381  -4.2819384411526995  0.0  0.0  0.0  1.0
4215528472603;5.1560174420135;1.3471148016146668;-0.09175558938479  0.9887631101073808  0.11801874388176603  4.1002843617102105  -0.9571005646236668  -0.12028196060989324  0.2636109996735707  11.419308920333  0.27484435779857064  -0.08876802376205167  0.9573822731509454  -5.7775037379357865  0.0  0.0  0.0  1.0
4215528472634;2.054122432201142;2.8837476360071332;0.2790425626459135  -0.9492366255088789  -0.14520701437781203  3.8554522290494266  -0.8638093136244838  -0.31417943301870693  0.3938587990176716  -1.7440101570877244  -0.4194862547540746  0.015527802824625467  -0.9076288720682257  -0.350543502207084  0.0  0.0  0.0  1.0
4215528472665;3.1616134532515607;6.712410965205544;0.042153530176935974  0.7409247211125924  -0.6702638566548612  -0.931022230034223  0.07834150700833731  -0.6712458078860991  -0.7370832203184394  5.720897587960623  -0.9960349834083557  -0.021438820852955523  -0.08634053965056109  4.262795348583731  0.0  0.0  0.0  1.0
4215528472696;6.874583370600295;1.2097820008802576;-0.0027861902453391024  -0.9968570214921102  0.07917269634031554  20.570588134716207  0.9999648845089796  -0.0034031115185052425  -0.007658236150453704  -13.28840450245232  0.007903599993691293  0.07914857884934924  0.9968314980844396  0.3189501184187842  0.0  0.0  0.0  1.0
4215528472727;10.234961895922138;4.831520438563621;0.8124288337116922  0.02322042150419882  -0.5825978048182345  8.175487324000763  0.26664594215845905  0.8737993632019672  0.4066627772470233  -8.149064650491813  0.518516471950782  -0.48573190639796565  0.7037081663748905  -6.671509504806208  0.0  0.0  0.0  1.0
4215528472758;6.7270965623001775;0.18286547860005328;-0.5443726975930536  -0.838493714547086  -0.024220998746786626  9.951418278456046  0.8251174571848688  -0.5404438979345136  0.16462556008750784  -1.4509959265735146  -0.15112758836174925  0.06963249134117744  0.9860587042289027  -5.327711412271151  0.0  0.0  0.0  1.0
4215528472789;6.2551636084248825;3.622091640241898;-0.6892593383940517  -0.4320833736502242  -0.5815715971844183  -0.782854548813511  0.027615157976073168  0.7864541029659129  -0.6170310745643515  -6.556761626914554  0.7239882371189127  -0.44135462175344037  -0.5301387840653867  -4.646518850895098  0.0  0.0  0.0  1.0
4215528472820;11.132084316276776;2.364849347748401;0.019538999668864243  0.9849719375935385  0.17160568069027005  21.548828694685962  -0.9798912783217129  -0.0152237320899678  0.19895054825330966  20.32660445782265  0.1985731859063045  -0.17204220451529814  0.9648679545432821  0.04005151170993759  0.0  0.0  0.0  1.0
4215528472851;7.769777714220737;7.660714660514616;-0.20945511390274812  0.8155121816251673  0.5395075874174035  8.911394113258146  0.8853432995633536  -0.07604975619457748  0.45867600384260393  8.889275592778844  0.4150852890410138  0.573721462212898  -0.7060792353681223  -6.60194823307825  0.0  0.0  0.0  1.0
4215528472882;7.042666088122157;5.129044217870619;0.5619340561933331  0.6949236909172686  -0.4486771448291393  9.906049631432666  0.6198720008625307  -0.7129280294487201  -0.3278602253599052  -3.0222952515172072  -0.547712350633789  -0.09388657320557413  -0.8313822780977014  12.940161431706754  0.0  0.0  0.0  1.0
4215528472913;11.695730771155905;4.635924604598863;0.025404290399178797  -0.5065556074330113  0.861832952843814  18.11990555709872  0.5225202797011098  -0.7282415180184882  -0.44343753645265777  5.755251568062346  0.8522483084937095  0.4615904115255226  0.24618511867558202  -12.254117686687506  0.0  0.0  0.0  1.0
4215528472944;6.966974866703557;8.548161292410306;0.5083146372347785  -0.8603583546348696  0.037412981475083915  6.95132995788407  -0.7097246334849874  -0.3939198685129739  0.5840531498205631  12.425014778107947  -0.48775729025558956  -0.323435679541854  -0.810852752971724  10.613089974001824  0.0  0.0  0.0  1.0
4215528472975;4.140007954611918;6.7206834662747825;-0.7489746361081377  0.5672048882482997  0.3425136628134945  18.467455439761313  -0.42286382995884464  -0.8071420389167185  0.41195619952356555  14.272734639443435  0.5101207462740757  0.16370810536010738  0.8443793463012843  -5.153991532256314  0.0  0.0  0.0  1.0
4215528473006;2.4517018405060282;8.548501392237661;-0.737135243801038  -0.6755898629881544  0.014490320011357277  19.115464475410157  0.6757107903125272  -0.7367116449466062  0.02590135238333638  0.6750275632350915  -0.006823503616496376  0.02888406529062293  0.9995594782556378  1.9976455524794834  0.0  0.0  0.0  1.0
4215528473037;9.53731782294903;13.814372375726736;-0.6049033030084874  0.7368591312486575  -0.3018784767168681  31.47367792991843  -0.793110563893556  -0.5913998409637568  0.14567725130743175  21.95078632282318  -0.07118727027965038  0.3275436593853061  0.9421504782924092  -1.578054736181251  0.0  0.0  0.0  1.0
4215528473068;7.896574012257276;12.80083596219687;-0.20723975295140035  -0.882303065820448  -0.42260263231608136  8.954314436693977  -0.9514709543999381  0.28223709133184194  -0.1226590690076052  20.025569419851173  0.22749661037016264  0.3766742947433232  -0.8979764851875058  8.267675036548278  0.0  0.0  0.0  1.0
4215528473099;4.933808374600305;16.500114110325892;0.21511890202495365  -0.8140707463213879  -0.5394559092041873  12.095254699828219  -0.9608722124551435  -0.2751342949895284  0.03202672403122444  16.54669491555547  -0.17449484039115717  0.5114586392899754  -0.8414045465603992  -1.694792691159352  0.0  0.0  0.0  1.0
