# registration_from_features.py RANSAC RANSAC_config.json euclidean False --input_txt=/neural_comparison/point_clouds_registration_benchmark//eth/stairs_global.txt --input_pcd_dir=/neural_comparison/point_clouds_registration_benchmark//eth/stairs/ --input_features_dir=/neural_comparison/experiments/3DFeatNet/feature_extraction_voxelgrid_0.1_npz//eth/stairs/ --output_dir=/root/neural_registration_comparison/results/3DFeatNet/RANSAC/
id;initial_error;final_error;transformation
5494384560030;1.9653997219596564;0.7141924701052857;-0.4691832542390777  -0.8829706757725976  0.015161123550437638  11.745763244951783  0.4226730540872101  -0.20945526761824018  0.8817459839520456  -6.969793907002872  -0.7753802701192616  0.42010864855731533  0.471480816276895  9.672039320915342  0.0  0.0  0.0  1.0
5494384560061;3.2470421696666185;2.3429013067016906;0.45200519532107575  0.6871456615667868  -0.5687900695271491  3.251010086559152  0.8873701672831695  -0.281390438812729  0.36523089568192235  -5.919001409125162  0.09091473818141747  -0.6698136014853107  -0.7369425009094547  -1.571137135250254  0.0  0.0  0.0  1.0
5494384560092;2.297685819693392;3.7342239937794166;-0.21105703402408899  -0.5643694199947203  -0.7980865154629402  16.025146686148343  -0.7068462285517892  -0.47582596123777804  0.5234100340977962  4.249877183453195  -0.6751469007342525  0.6745938128881463  -0.2984959799427225  10.353794032594223  0.0  0.0  0.0  1.0
5494384560123;8.759025089926762;1.7758073133423256;0.7907825648614796  -0.40697428374421507  0.45720331088257044  -1.1357931514264834  0.47902181549320866  0.8764709922053067  -0.04833942598167662  4.230259809665677  -0.38105253626329805  0.2572363352901966  0.8880475395009995  6.619411333227316  0.0  0.0  0.0  1.0
5494384560154;2.6625673868786452;1.6025455583405606;0.7770874584376761  -0.23552308511253556  0.5836642513619846  1.5235605420033913  0.5933894942940345  0.5833039828880624  -0.5546578869973755  -2.330482458074582  -0.20981894576120277  0.7773579226623971  0.5930351339285568  3.4250829299737306  0.0  0.0  0.0  1.0
5494384560185;6.621620892396294;0.13295274506188673;0.6524919053534579  0.7573562510496387  -0.025803535499052392  -2.8692130096369652  -0.7566014197019134  0.6491748682644929  -0.07827056994060538  5.736466068775673  -0.04252769865937964  0.0705939049055582  0.996598161465755  7.819992928191723  0.0  0.0  0.0  1.0
5494384560216;5.2200031515621825;0.5220144368570997;-0.357850299376019  0.8416242757506184  0.40448948280980246  7.061631341406506  -0.9293971178439917  -0.3629360289890453  -0.06707038247203928  3.9804305327396396  0.0903557445864751  -0.3999325159685202  0.9120799428182342  5.288263034223055  0.0  0.0  0.0  1.0
5494384560247;8.503686109037535;5.209264502463859;-0.9593124533903599  -0.28214111823166865  -0.010770616191844645  0.2327040429067902  -0.11904705799974298  0.3695945519325866  0.9215354931652694  5.969725546913751  -0.25602229346635863  0.8853226850051534  -0.38814472644039827  2.775289348320518  0.0  0.0  0.0  1.0
5494384560278;5.489767218869771;1.4536257321812898;0.5820864274223274  0.5672214838834694  -0.5826106583574885  4.655104656657326  -0.8054481653784844  0.500454257463747  -0.3174882502941529  -1.9542975764052661  0.11148382797134601  0.6540682872662793  0.7481751343725684  -1.399339132318541  0.0  0.0  0.0  1.0
5494384560309;6.344090179496548;2.536678070795856;-0.9643016377623859  -0.26364878924975155  0.02473190926557009  1.4819050180709945  0.2606157180062808  -0.9614431045017653  -0.08778726749408428  -8.460358093385045  0.046923330410905045  -0.07820788152831731  0.9958321787982157  -3.7278512968558712  0.0  0.0  0.0  1.0
5494384560340;11.288142510784303;2.936860816306786;0.2660669473823156  -0.1092600119673258  -0.9577424650163296  8.349940307047959  0.10761906258174637  0.9907111404779171  -0.08312384436472817  8.24964583169042  0.9579282420305197  -0.08095483875498247  0.2753539489502057  -1.5079532896192633  0.0  0.0  0.0  1.0
5494384560371;4.893298023722126;5.328624676425979;0.687024789214642  0.6788348861494781  -0.2591913122598871  4.773682972581296  -0.6879629577625183  0.722488267898574  0.06868530771253611  4.004971492571128  0.23388866529018554  0.1311255127553124  0.9633806060708469  -0.8691092136502132  0.0  0.0  0.0  1.0
5494384560402;1.640061358821845;0.16622673262039453;0.5834394256759823  -0.7970761661086772  0.15578196939432076  0.5389571907621216  0.8045030226775172  0.5409384618804599  -0.24527630737831432  -2.055576245931715  0.11123543980952737  0.2684309331651168  0.9568550104642219  1.3250308987897714  0.0  0.0  0.0  1.0
5494384560433;4.064579359510598;0.14747352667111108;0.14220596226050616  0.9154558790036144  -0.3764545097289759  9.248125068639665  -0.953210298131713  0.22915384737588407  0.19717667653269863  9.13677268565716  0.2667725470006499  0.33080061643012393  0.9052090147232497  4.718315044497446  0.0  0.0  0.0  1.0
5494384560464;8.086453804333049;0.3446290987884261;-0.8999859123147178  -0.3226172146156714  0.2931612021886098  1.95115295404957  0.3972008067037854  -0.8839871155609578  0.24657311020482345  2.291770800386552  0.17960199550368885  0.3383561915435329  0.9237197685744576  -5.724253682586136  0.0  0.0  0.0  1.0
5494384560495;3.79668680245774;0.3069599935891337;0.7056496790910223  0.702186379472551  0.09483047443711455  4.289901974802596  -0.7063933964722555  0.7076224780482615  0.016697244719690946  -0.9016623964527138  -0.05537959749879649  -0.0787700263048631  0.9953533961045207  -0.6013345141825637  0.0  0.0  0.0  1.0
5494384560526;3.919459476654856;2.2351739335902416;-0.9026216264778566  0.10072161554438361  0.41848459419266315  25.05378412284648  0.42463617511439067  0.0493184437312954  0.9040198061393033  -8.386913206365486  0.07041532644736609  0.9936915252079255  -0.08728593547220781  3.4832787598413084  0.0  0.0  0.0  1.0
5494384560557;4.769841275602151;1.607123635213674;0.7666080419438165  0.35913054188944216  -0.5322944334757431  -1.3617422297584536  -0.2783068610015048  0.9328938164521283  0.22859225346645354  1.0426367018363762  0.5786686453805465  -0.027099466924234372  0.8151123957748805  3.236777286280889  0.0  0.0  0.0  1.0
5494384560588;4.0033637514024445;2.0043526710984847;0.7612755878333604  -0.5069037281484123  0.40436133563709087  -1.5968851769955883  0.6263693865433041  0.7361477811655124  -0.25641340816435054  -1.2544505286162981  -0.16769278747261768  0.4484808297735069  0.8779203120758341  -1.388603745119526  0.0  0.0  0.0  1.0
5494384560619;2.5680413302481218;3.3717062251429635;-0.9481454607181665  -0.12701247868122112  -0.29135547974731685  4.276432980491537  0.24594315026155616  -0.8738397525680102  -0.41942347773020666  -1.0669749221189604  -0.20132598480811742  -0.4693313510635445  0.8597650439218325  0.9178556002765905  0.0  0.0  0.0  1.0
5494384560650;2.1252762310053015;0.05562960025955326;-0.09087757604004286  0.9743738953946601  0.20575902931954862  10.743719486457799  -0.9958615991605881  -0.08871531490421365  -0.01972988136714094  10.323005417166097  -0.0009703042829065367  -0.2067005197740995  0.9784037784241819  -2.1918986753244267  0.0  0.0  0.0  1.0
5494384560681;5.499161925361485;0.26737996701297806;0.9254962837247657  0.04469788452119018  0.3761099944577099  -2.234143561124858  -0.2662629718071426  -0.6294472319213869  0.7300001452540485  -2.3036184226106124  0.2693708571023912  -0.7757565864018391  -0.57064968237798  -7.626360593587824  0.0  0.0  0.0  1.0
5494384560712;3.9543429907625507;1.9978253632447103;0.9988792232867887  -0.03180821778646045  0.035050457446826944  2.9112301344939775  0.03756723732005718  0.9832592233419012  -0.17829751090023727  0.11491801717685979  -0.028792359509446936  0.1794144280550782  0.9833521561676413  -0.8107584783685997  0.0  0.0  0.0  1.0
5494384560743;2.252255054334342;0.12544056958812688;0.4985216328038678  0.866799633210261  -0.011600753989360196  3.618078557380378  -0.863784537247689  0.49556919752347106  -0.09103539793804583  11.533242611365436  -0.07316047319667374  0.05540366713944826  0.9957800855756955  -2.0645301611213194  0.0  0.0  0.0  1.0
5494384560774;4.093777341873709;2.81164615432604;0.4084223269729976  0.7390089822576978  0.5357769377011317  0.9682879273744076  0.32886665956101363  0.42841122657694636  -0.8416118708597309  1.12033968205674  -0.8514915871922291  0.5199322504762299  -0.06806270532076102  6.267225499376085  0.0  0.0  0.0  1.0
5494384560805;2.4081201720064747;1.1388506376787624;0.6115158650600886  -0.6240559709580591  -0.48641802175845167  3.6535999131027035  0.7073265000110953  0.7066728929850179  -0.017396686530454446  -10.202280726304114  0.3545949367403103  -0.3334180070598768  0.8735530112170382  -0.6021055335188237  0.0  0.0  0.0  1.0
5494384560836;2.3977526989083033;0.024120497970276534;-0.9275446967143256  0.3713468735873735  -0.04198017477350907  16.05200621358316  -0.3549512041491422  -0.9105490519404448  -0.21191995348110132  2.9604597122531837  -0.11692082051630148  -0.18166431539309363  0.9763849641624731  3.506284660616632  0.0  0.0  0.0  1.0
5494384560867;5.82100797182095;2.1614122403027944;-0.3220971766629802  0.6863117234025649  0.6520963326886132  1.3228215478611272  -0.9416692095643169  -0.1612983545925556  -0.29536746700381367  -2.686975542229434  -0.0975320898179245  -0.7091960653627005  0.6982323627058635  5.292050072501802  0.0  0.0  0.0  1.0
5494384560898;7.426959109966299;1.7883277639277737;-0.7152356625484263  -0.4071894180292214  0.5680094408228953  5.834261323504696  -0.08809354263535119  0.8587828785946645  0.5047093175072317  -3.8773454563856817  -0.6933090759285268  0.31094813920923514  -0.6501028995147207  13.972328909586258  0.0  0.0  0.0  1.0
5494384560929;3.2277640385532322;0.15419231312175918;0.09065721351710142  -0.9824045496293586  0.16328677382094303  8.797869081048157  0.9840216850817758  0.06313577731141938  -0.16647881820851773  -7.813097458577432  0.15324031103510777  0.17577023209525552  0.9724310940025749  -6.673997306170551  0.0  0.0  0.0  1.0
5494384560960;7.03502339552627;2.825130774585281;0.323776478329029  -0.33670897711265185  -0.8841922058085576  1.216431564345584  0.6779874459661417  0.7344025259917564  -0.031399887408001786  -12.527493510632913  0.6599256133786287  -0.5893046703944228  0.46606672296803303  -2.631672797981386  0.0  0.0  0.0  1.0
5494384560991;7.791752238870199;1.4405391652604822;-0.508467210674125  -0.7737565513227034  0.37783845086818557  10.505606623333604  -0.8551124298917028  0.4021587047138036  -0.32718665692173593  14.213436653864328  0.10121179730634766  -0.4894580426431986  -0.8661333595803288  0.4592114000400649  0.0  0.0  0.0  1.0
5494384561022;4.731288337239354;3.6146626956888457;-0.12913389099924982  -0.07325740567620649  0.988917484277119  8.390616259873804  -0.9916219305642197  0.006298930041433731  -0.12902042591939886  5.909038790215334  0.003222579631882142  -0.9972931745449405  -0.07345705539014846  0.8869399547630865  0.0  0.0  0.0  1.0
5494384561053;4.703195918816284;8.063706614988812;-0.7523083576198661  0.6492143557466917  -0.11203952582775478  3.9161104071772863  -0.6587641948145583  -0.743327208475865  0.11616538542012023  -6.277742443269824  -0.00786579211691504  0.16119981833701513  0.9868904437081593  -4.678521422971718  0.0  0.0  0.0  1.0
5494384561084;7.769594886748286;2.165247008712594;-0.8232614218428369  -0.547633322394087  0.1494602807066998  11.747013009792132  0.5619393477241713  -0.7489141264670734  0.35121475005670516  -5.737089248929791  -0.08040398488038031  0.3731291671548543  0.9242888205716224  -3.8388393486440657  0.0  0.0  0.0  1.0
5494384561115;2.7618695788486547;3.373656170520789;-0.11313290942287074  -0.4023505268379742  -0.9084684905701037  15.35984981408487  -0.8471870594156083  -0.4386460114594275  0.29977285232233997  8.626225237545562  -0.5191098449887579  0.8035569240470409  -0.29124086020304074  11.705956884698569  0.0  0.0  0.0  1.0
5494384561146;4.978157980828911;1.6759985541990676;-0.9620837760846841  0.24024857178307063  -0.12913338666213045  17.7910997538959  -0.0258651909849522  0.39094765591661196  0.9200494129277071  3.4909330218089054  0.27152495224186757  0.8885046730825347  -0.36991032186267836  1.5069951933159498  0.0  0.0  0.0  1.0
5494384561177;7.540163639644457;2.5831406828443613;-0.8927062900515692  0.38105315764401854  -0.24057009529841047  11.036618270725903  -0.40675625853419983  -0.9111358836673896  0.06618721656712814  0.9990923183517653  -0.19397119849509273  0.15693913642927812  0.9683724911474973  9.064959411509351  0.0  0.0  0.0  1.0
5494384561208;2.258030642572619;0.3535486400620443;-0.4052333122920333  -0.9139379404600779  0.022436657425265245  1.8978950961617953  0.7105795981265235  -0.29943455321183965  0.6367225322455419  -1.8151372145125704  -0.5752065692733145  0.27396421176937924  0.7707665102574233  -1.9112157937293892  0.0  0.0  0.0  1.0
5494384561239;3.8492329696698255;3.4127796478551202;0.7684071474204607  -0.6354692857652066  0.07569176072868639  1.6739832003321373  0.6274360504440398  0.7713657227985228  0.10639043328559743  -11.29409435443533  -0.12599388237662568  -0.03425942995105041  0.9914392735125507  10.112003228371222  0.0  0.0  0.0  1.0
5494384561270;9.123550834747231;2.5317966569198536;-0.33206976183731807  -0.8397918036844922  -0.429510651483353  13.115086109591944  0.6591345945940049  -0.5323185779928055  0.531204779471265  -13.984371303244023  -0.6747379191083782  -0.10670828453341877  0.7303027334805967  3.914888439706857  0.0  0.0  0.0  1.0
5494384561301;4.160514649695006;2.8737233754538005;0.5649107356656716  -0.368105152459376  -0.7384947240586953  -2.1213694560889964  0.7561864452928471  0.5891327403463567  0.2847888238807103  -6.290528122673266  0.33023918708269107  -0.7193199642612804  0.6111635364860307  2.236831819638235  0.0  0.0  0.0  1.0
5494384561332;6.482396831003189;0.28407971532349025;-0.9227516240102993  0.3769662251591677  0.08016174571204837  4.512425617285054  -0.3834957617298558  -0.9187470201942223  -0.09399422120255191  3.150555454986076  0.03821571825300968  -0.11747500999567556  0.9923402546026853  -4.467958984130558  0.0  0.0  0.0  1.0
5494384561363;2.945345827521586;1.410581151555532;-0.04795595623848492  -0.9902587993311376  0.13072006964695887  0.40425067217296395  0.993108006574646  -0.061281990164828326  -0.09990497964951592  -6.078336260269328  0.10694257121738204  0.12502810895431138  0.9863727786353007  -2.37282587335625  0.0  0.0  0.0  1.0
5494384561394;1.7737978589250467;2.367076931856123;0.20462195316026072  0.8962783526820172  0.3934653362095445  -0.6043197962003359  0.17245247863176102  -0.4286925398311806  0.8868386825724579  -5.6833972056079265  0.9635299678259321  -0.11361259088103298  -0.2422853282694945  2.0577040524335355  0.0  0.0  0.0  1.0
5494384561425;2.0770362960670123;1.9973762470556347;0.5671575503082082  -0.10954207784099382  -0.8162921329466984  3.1526230495834318  0.7784387046057202  -0.2524232756191297  0.5747309571421029  -5.956908683318591  -0.26900835730542094  -0.9613963922898752  -0.057891973466556834  5.784502823835749  0.0  0.0  0.0  1.0
5494384561456;3.2026873730298178;0.18481715978372115;0.0007704666649159531  -0.9890171433712105  -0.1477988379486404  1.1987409423610416  0.9896422450646499  -0.020462953831672237  0.1420897403188634  -3.4450529032247723  -0.1435535898698378  -0.14637744921378057  0.9787573801495186  4.054186683634393  0.0  0.0  0.0  1.0
5494384561487;2.7650958552301788;1.7464378044012256;0.6644547019308794  0.5813172761236838  -0.4696489897381745  4.934607659675215  -0.7465662242439721  0.5447035421802565  -0.3820169157961226  4.9510976526309  0.03374643536798996  0.6044570089066909  0.7959226736835253  -1.11111616957825  0.0  0.0  0.0  1.0
5494384561518;5.145762913418466;2.467718201854977;-0.32858874405371125  -0.8984818248411712  0.29113544564563676  8.342030949681705  0.022851771084484718  -0.31572461616550873  -0.9485756497535895  0.3419497133057803  0.9441966076191477  -0.3050383208339918  0.12427545607750556  -6.400873426502337  0.0  0.0  0.0  1.0
5494384561549;4.6377896203071325;0.37102319433365466;-0.9330888996862248  -0.17481219217066601  0.31430208836537593  3.139873330286723  0.30756916431724257  -0.8408226378329832  0.4454419163805498  -1.0651241182544817  0.18640363312860445  0.5123065382913534  0.8383291098252441  -5.4830165047366055  0.0  0.0  0.0  1.0
5494384561580;4.567914726536869;1.8748194346675713;0.7525478706365886  -0.5672039573410803  -0.3345913525137104  2.294897067708957  0.6114779233667917  0.7904743386026  0.03528553876332039  -3.5746756383689933  0.2444717808569572  -0.2311492824721714  0.9417024782686026  -5.200475411119438  0.0  0.0  0.0  1.0
5494384561611;3.9710273671971175;0.7481762770521495;-0.4441789535104093  0.6079424249732092  0.6581117421654867  12.898697747068933  -0.8787462572065906  -0.4388233216467109  -0.18772082416278685  5.635909904470842  0.17467132765226873  -0.6616948694803678  0.729143214327304  -2.5478111659495295  0.0  0.0  0.0  1.0
5494384561642;3.9300328799679396;6.304270978255384;0.6189311670495206  -0.5174573872203891  -0.5908993677994313  9.759737406904499  -0.7086968881392288  -0.6922621473654705  -0.13609496708813643  5.285874973965372  -0.3386339191464611  0.5030019599723207  -0.7951830588408633  9.680866671815448  0.0  0.0  0.0  1.0
5494384561673;1.856504570527757;2.788319477007503;-0.8828962143209071  0.2054654453375509  -0.422230062300225  -1.0695981374404693  -0.4548985553691668  -0.5972544223138558  0.6605713128418353  -5.653821195117731  -0.11645419297240604  0.7752877567708544  0.6207796027096584  -0.4410512138380174  0.0  0.0  0.0  1.0
5494384561704;3.161923902897827;3.3982464935979224;0.06644535537162252  -0.5348685572077158  -0.842318610301396  -2.261415185021751  -0.9977182432207675  -0.025486967360576856  -0.06251976998698833  1.7394043399061294  0.01197171224194056  0.8445507924366048  -0.5353416078549276  3.7010631021025997  0.0  0.0  0.0  1.0
5494384561735;3.569181629467939;0.7987401049617486;0.17219958829985765  0.14167404485004115  -0.9748208896023867  7.305681482152967  0.9737351997056679  0.12515855156196226  0.19019752318333738  -8.5452766159592  0.14895322300482108  -0.9819693488020599  -0.11640075330398836  -1.5319555643353744  0.0  0.0  0.0  1.0
5494384561766;3.9022771741523186;2.525526649056507;-0.8362583833175333  -0.4358464441341479  -0.33273081231945434  20.969190910658778  -0.1629076874431616  -0.3819232894799322  0.909722862373343  4.438216781552493  -0.5235771210653364  0.8149677773313778  0.24838381631758336  5.501509215276731  0.0  0.0  0.0  1.0
5494384561797;1.7821658772718727;1.2759388048383407;0.7457944880606712  -0.6660888183395389  0.010782748321211386  2.749171345827719  0.5663986464187426  0.642529701290064  0.5160892910099161  -7.835455508358084  -0.3506895420643993  -0.37878921452852704  0.8564669147395738  2.9771843598346237  0.0  0.0  0.0  1.0
5494384561828;3.031970333042847;2.615274514105079;0.6264119699389711  -0.38075136372387325  -0.6801738328836153  2.281627165700471  0.7224399976764712  0.6112685611220973  0.32315815932905245  -2.6969084103719334  0.29272597027663594  -0.6938149214351992  0.6579759578582416  0.01093126102381814  0.0  0.0  0.0  1.0
5494384561859;3.9115043062921147;1.6315753655460128;0.39101423453178047  0.15043025883732275  -0.9080080427064853  4.533380171985764  -0.9080091611538743  0.22428689302724353  -0.3538569666925092  -1.0049490332783753  0.15042350765144216  0.9628427321438962  0.2242914209315965  5.793562168081538  0.0  0.0  0.0  1.0
5494384561890;2.700280821168816;1.8723488763286045;-0.7655955850774395  -0.21136988970835807  0.6076069204959812  4.356543951119573  0.21843070911034504  -0.9737825709394801  -0.06352582035714344  -2.675615701476966  0.6051044748037195  0.08408492290043842  0.7916933120301965  -5.20257132705928  0.0  0.0  0.0  1.0
5494384561921;4.363288827751439;1.0678329504143131;0.35650086164440054  0.3586207473327959  0.8627272426608925  -3.307988549691281  -0.46606190894880306  -0.7320448250665512  0.4968869802281797  2.899886629276634  0.8097489936232078  -0.5792249422079034  -0.09383514080798028  -0.006665292914949772  0.0  0.0  0.0  1.0
5494384561952;5.900960080460973;1.6367455544018648;-0.04631851081411473  0.8774855747441412  0.47736114386479633  4.525733710047247  -0.9802564809442649  -0.13188677845200325  0.14731975168428163  6.98855239450665  0.19222858040033708  -0.46111272351291344  0.8662697207520156  6.301246849350944  0.0  0.0  0.0  1.0
5494384561983;1.9280359265963185;0.23149746302773144;0.5596070569228865  0.7627454993417306  0.32412843916577166  2.058806629716361  -0.646510343455815  0.6464716093319289  -0.4050911429943006  2.5459127305118665  -0.5185212798398433  0.01713947378770836  0.8548929294312424  0.6846737246357004  0.0  0.0  0.0  1.0
5494384562014;2.290467177188447;0.14122746010817913;-0.2685937330586504  -0.9444243841204023  0.18952569546216386  4.016439068258008  0.9585800931864656  -0.28142388715594335  -0.043872550469123764  -4.48920395565289  0.09477136438948916  0.16989166670804473  0.9808951065607969  1.8517595829398124  0.0  0.0  0.0  1.0
5494384562045;2.843775395138052;1.7567587160842082;0.5505453361968442  0.7146243143311702  -0.4315227944832223  -0.3752735856606608  -0.7300836766500485  0.6628316850886912  0.16622870489669983  0.39302175430739994  0.40481805528045745  0.22353131013169472  0.8866544397394948  -2.8908613996460577  0.0  0.0  0.0  1.0
5494384562076;7.910208896373804;0.4938258338608946;-0.9614817123882609  0.07058860382368232  -0.2656504578448171  15.443044753432257  -0.2729393475314529  -0.3594980035721552  0.8923369867918396  1.6292842678692143  -0.032511987205372905  0.9304721567235947  0.36491716354550924  6.82703834020733  0.0  0.0  0.0  1.0
5494384562107;6.000656068192277;0.15952010487120918;-0.15034273233911027  0.9863295948291483  0.06746104948027107  11.672447464579623  -0.9879611589420368  -0.15240720074850395  0.02654794873270397  2.550017999009551  0.036466577227917435  -0.06265760547750153  0.9973686445949198  1.9960983129932437  0.0  0.0  0.0  1.0
5494384562138;3.161989247048879;2.4348834796373553;0.8549482775613265  0.4943467733635891  0.1571136860999977  -2.5328706435635984  -0.5119522952194375  0.8529113237322671  0.10221116019702181  3.451018447035814  -0.0834762847428584  -0.1678199675672688  0.9822770323952658  1.3352829645693352  0.0  0.0  0.0  1.0
5494384562169;5.267286062056453;3.270047127518676;0.6968235399779018  0.5705638751975551  -0.4346191648468966  -4.006024337092377  -0.010509624018360017  0.6140156801330964  0.7892238543998039  4.5673329384658565  0.7171656028670487  -0.5453820760441612  0.4338569916390681  -0.06868885266822444  0.0  0.0  0.0  1.0
5494384562200;6.316421781002835;0.1921602545890309;0.017122482463765964  -0.9955007216743823  0.09319406494011101  1.8406381825074727  0.9911349085584632  0.004617245671809267  -0.13277904231923174  0.6482724549179342  0.1317513325590455  0.09464139785627539  0.98675457545467  -5.938574159763194  0.0  0.0  0.0  1.0
5494384562231;6.809241551181215;0.2617392309467491;-0.1980894195634998  -0.9514747763631446  0.23549168096071105  -0.20163220519269665  0.9801784113905223  -0.1930942609771792  0.04432705969980888  -5.242897105526121  0.0032960128866708627  0.2396045832666447  0.9708649648517909  6.237190129890983  0.0  0.0  0.0  1.0
5494384562262;9.226605709293516;2.5269364940169106;-0.7882890716593591  -0.5453919817735535  -0.2848647498718329  1.5081583489359325  -0.6151751106363866  0.7080884354032586  0.3466559546606337  -0.33320351479341026  0.012646056932320635  0.44850680470343113  -0.8936899481245065  -4.110126167390905  0.0  0.0  0.0  1.0
5494384562293;3.35198828640729;2.128781438049504;0.8798593019801402  0.16694553824523883  -0.4449458348822128  -0.3126409483997512  -0.32688832224812037  0.8921987677343836  -0.31164945633043895  -2.8768427316189564  0.34495163935953527  0.4196552705653265  0.8395819319101105  -1.0913122605999925  0.0  0.0  0.0  1.0
5494384562324;6.007210908334361;2.03216000172177;-0.586770487568624  -0.5248751915464862  -0.616608812958037  1.0781490000278549  -0.7608030336418057  0.0966072623852261  0.6417521179208203  -0.6039599514317999  -0.27727087643657344  0.8456790585993437  -0.45601292846433916  9.229095319982653  0.0  0.0  0.0  1.0
5494384562355;2.8594967283924566;2.64280021525875;-0.3704252291623892  0.13043989125060135  0.919657862669875  4.836381562140218  -0.928677104858833  -0.03223896759725657  -0.36948543121384253  4.717430771785153  -0.018546819431038856  -0.9909319268944738  0.13307866752488218  2.269637414729106  0.0  0.0  0.0  1.0
5494384562386;7.555953592991905;1.481082457674202;0.8995734811893094  -0.3919760494732446  0.19267155623053367  5.540420567770861  -0.3450569519855197  -0.9082441907947627  -0.23670274559884016  0.22174325155453162  0.26777462879707253  0.1464488529382015  -0.9522864493657752  -4.602127332552466  0.0  0.0  0.0  1.0
5494384562417;3.909277903469262;0.08916381724121035;0.20916967290073857  -0.9715357621273571  0.11120391560647977  6.838211266557401  0.9745117490672688  0.2165267214719775  0.05867733649756579  -4.416825325557463  -0.08108575009488372  0.09609600301891716  0.9920638383366958  0.12539248148677729  0.0  0.0  0.0  1.0
5494384562448;8.322743061723811;8.419076713051226;-0.18333106250911024  0.14055191707990664  0.9729516329830808  15.171233308713724  -0.5051875076798136  -0.8625084734421927  0.02940604231576638  3.525397189400686  0.8433121033185399  -0.48613196957779015  0.22912966754848574  -0.4507110698973449  0.0  0.0  0.0  1.0
5494384562479;5.142564597723577;0.2831450996244379;0.4978569687128575  -0.7753085298462865  -0.38863237416822954  6.539666131306936  0.8632262959772692  0.48616733413296087  0.13594736170817978  -3.626189465237985  0.08353921616468057  -0.40316002625463826  0.9113085057174384  3.22045077442807  0.0  0.0  0.0  1.0
5494384562510;7.409784479444804;0.11868208881515885;-0.09401887591855926  0.9057358361241821  -0.41328325169481445  1.555248704748951  -0.9954513390970012  -0.07910464606431543  0.05309507002562687  6.8678353930014175  0.015397482294105765  0.4163953051265927  0.909053280840862  6.890253761469706  0.0  0.0  0.0  1.0
5494384562541;3.4584512201369555;3.3760734039429425;-0.11501588519992212  0.9889612095638904  0.09341879965833896  3.0864234589712445  -0.7329762329509004  -0.021017724688593115  -0.6799294795624191  9.894157292062692  -0.6704604299142388  -0.14667645082575814  0.7273024341306534  2.520553731615881  0.0  0.0  0.0  1.0
5494384562572;8.23556210803444;0.3613634393522345;-0.5288875738135084  0.8038148757087199  -0.272322565820455  5.142153128739309  -0.7526320508491258  -0.5925079028309074  -0.2871922372167449  -1.1347243428707823  -0.39220266483069643  0.0530662856463064  0.9183469056012574  10.056478100512013  0.0  0.0  0.0  1.0
5494384562603;7.97771549928889;2.861872752180482;-0.7829563143280663  -0.6160097522736094  0.08666830422719793  3.585236354485551  0.14875173901190492  -0.32067474561415027  -0.9354360628424769  -1.6785100215790487  0.6040300737502611  -0.7195135110816943  0.3427068388231373  -11.4518137734075  0.0  0.0  0.0  1.0
5494384562634;7.765621830691003;3.009024557969576;-0.20109765297706084  -0.9149030184550297  0.35001742926459095  0.7696653214334426  0.977960908567816  -0.16703333985476967  0.12526900929668636  -2.680602513094076  -0.056144414506964294  0.3674946668984958  0.928329399793432  8.780978564170098  0.0  0.0  0.0  1.0
5494384562665;9.270386005314265;6.938453328059205;0.8942390469229773  -0.20525374619359227  -0.39775297187045766  9.451495430990661  0.43350863814028706  0.6183233705471815  0.6555505091851628  2.0389877986075255  0.1113857603827278  -0.7586482116954271  0.6419081735538908  -6.657399348370458  0.0  0.0  0.0  1.0
5494384562696;6.577937540194185;0.11417470730639503;0.3662318585981181  0.9274987138516945  -0.07496907063063184  2.2945100371924685  -0.9223703124428052  0.351200890022781  -0.1609066237647436  7.3493257088927155  -0.12291148226235973  0.1280783769832328  0.9841182331800435  7.047159568196183  0.0  0.0  0.0  1.0
5494384562727;4.59848726203546;4.417182371158408;0.9993567758100987  -0.03395257833327216  0.011543702480861555  -5.174962052144414  0.034446889073423456  0.9983599686372072  -0.045725100938956764  0.6012012020361968  -0.009972285375323492  0.046093334086802024  0.998887360054754  4.885699157591835  0.0  0.0  0.0  1.0
5494384562758;5.063388290222;0.4251142521014967;-0.9381942832916631  -0.017567209360058927  0.34566295716223777  4.813356984750881  -0.2705914195670673  0.6599426629997154  -0.7008965438704376  -2.4954150641777892  -0.21580493612408988  -0.7511105609084089  -0.6239079698451793  6.059696891323787  0.0  0.0  0.0  1.0
5494384562789;4.438629717023098;2.2504126179981463;-0.15567599368400567  0.213212126533046  0.9645234958723161  -0.9090309727167583  0.8335007059351598  -0.49567333147216003  0.24409940940707  1.140548136193288  0.5301335286473472  0.8419314328177483  -0.10054801955964038  1.454460627554349  0.0  0.0  0.0  1.0
5494384562820;8.161517273743991;2.607917206855517;0.5876139550364956  -0.6042190310002915  -0.538172093686988  -4.63460101473154  0.008557847799133322  -0.6604368953365467  0.7508327846593209  -1.425609201546912  -0.8090961643015089  -0.4458054170322432  -0.3829111216160921  0.5468849268199856  0.0  0.0  0.0  1.0
5494384562851;6.219799808788275;2.2079186628842797;-0.3573096744597273  0.8787530839431719  -0.31642189241240504  5.552640901385341  -0.9271750080040339  -0.37456765825711136  0.006750845910255765  8.766909864343276  -0.11258908059933581  0.2957906131846446  0.9485945456735706  6.05476609185344  0.0  0.0  0.0  1.0
5494384562882;6.86050681050468;1.7610664449111906;0.9992880657202761  0.030128890124490548  0.022707084552959868  -6.77185238879588  -0.029435414205308708  0.999107960696951  -0.030279353733885545  -1.9693932766220148  -0.023599112262769784  0.029589404384783177  0.9992835178509467  3.4297148299107505  0.0  0.0  0.0  1.0
5494384562913;3.2808971466396697;5.6417615312523415;0.8833295443160383  0.33838638815881605  -0.3243818250877364  -4.730710458959645  0.366996871909084  -0.06872832651608246  0.9276797470804486  -3.901808232497329  0.2916199789921244  -0.9384940433711494  -0.18489650729395374  0.3013841673156281  0.0  0.0  0.0  1.0
5494384562944;2.926015559566035;2.893090031178293;0.11996358897052317  -0.45800523762097034  0.8808177675507403  4.166621288211675  0.8996209832378078  -0.32507852154909517  -0.2915579553805624  -3.1055056800254066  0.4198700082639277  0.8273784848176877  0.3730335360543823  2.296408469163131  0.0  0.0  0.0  1.0
5494384562975;7.45090069206603;5.143144748739645;0.04483617272031115  -0.5375412071493199  -0.8420446355343915  5.873857775891606  -0.9762977309345207  0.15507351459462276  -0.15097995113053206  7.11162352623867  0.21173676626391777  0.8288556301840045  -0.5178473579389737  -4.325153879278981  0.0  0.0  0.0  1.0
5494384563006;1.7422069969351626;10.365613960019664;0.8885709192177089  0.025608740961508114  -0.45802392285443155  -6.758160366812825  0.05105471644981002  0.9867173043241049  0.15421536005081016  -6.166391665781873  0.45588939168270326  -0.16041556574640095  0.8754608551028638  -3.913290672843766  0.0  0.0  0.0  1.0
5494384563037;5.728273913522797;0.04793324755787013;-0.5956398321095444  -0.8010304710336223  -0.059694010421206326  1.110172690136991  0.8018084969036194  -0.5884728400016391  -0.10393676382090922  -3.8245481227515636  0.048128211037518465  -0.1097720413222717  0.9927909015730696  4.173153901098874  0.0  0.0  0.0  1.0
5494384563068;4.596809114569144;2.74410309837474;0.826806069477461  -0.43224128984442184  -0.3599433161330565  3.565016533057806  -0.47777647230307996  -0.8773860083948566  -0.04385698104709132  1.5453917835263047  -0.2968524313339136  0.20823366592981724  -0.9319427956610712  6.059128810157396  0.0  0.0  0.0  1.0
5494384563099;7.571012982470478;2.9222497887028047;-0.5794792937291787  0.5857712823538547  -0.5666354673938552  2.783600537994424  -0.8088620009682637  -0.32829025917226806  0.487819402158444  -1.2110745696374152  0.09972969231251452  0.7410111406059463  0.6640455390777996  -7.467639027526915  0.0  0.0  0.0  1.0
