# registration_from_features.py RANSAC RANSAC_config.json euclidean False --input_txt=/neural_comparison/point_clouds_registration_benchmark//kaist/urban05_global.txt --input_pcd_dir=/neural_comparison/point_clouds_registration_benchmark//kaist/urban05/ --input_features_dir=/neural_comparison/experiments/3DFeatNet/feature_extraction_voxelgrid_0.1_npz//kaist/urban05/ --output_dir=/root/neural_registration_comparison/results/3DFeatNet/RANSAC/
id;initial_error;final_error;transformation
34562489690030;3.026378295279987;3.026378295279987;1.0  0.0  0.0  0.0  0.0  1.0  0.0  0.0  0.0  0.0  1.0  0.0  0.0  0.0  0.0  1.0
34562489690061;2.3389289960652655;0.6820339255923756;-0.4262012129062433  0.0594753715541039  0.9026711506942868  523175.27757042076  0.8147481391864431  -0.4083806423769808  0.4115953360085519  10758931.332198655  0.3931132099147462  0.9108720717588531  0.12559487680737152  -7604558.9404057395  0.0  0.0  0.0  1.0
34562489690092;2.8315574878443655;2.8315574878443655;1.0  0.0  0.0  0.0  0.0  1.0  0.0  0.0  0.0  0.0  1.0  0.0  0.0  0.0  0.0  1.0
34562489690123;1.8101091339027975;0.04051422942910051;-0.09669171699928253  -0.9950066520936607  -0.024748215149679065  8775868.068442028  0.9951807267336774  -0.09705630823200506  0.013978346475997924  8127376.953181995  -0.016310518126647078  -0.023277356416443795  0.9995959842239771  198727.98404737405  0.0  0.0  0.0  1.0
34562489690154;2.62470578061902;2.421907989076945;-0.9984803130712736  0.054796943209904886  0.005861691218537024  963094.0609474462  0.05469424662452057  0.9983677789702444  -0.016441329027697238  -25308.100163768977  -0.006753058215886287  -0.016095742569739502  -0.9998476500326746  134553.41449959544  0.0  0.0  0.0  1.0
34562489690185;5.512606798611554;5.425262633640531;-0.8678162176431179  -0.09571757301187805  0.48757887424734503  2082303.2756151771  0.34049935793979225  -0.829208358881547  0.443253522043041  14477929.067657258  0.36187732678102635  0.5506828885826099  0.752192233796741  -4684831.651658961  0.0  0.0  0.0  1.0
34562489690216;1.5460191220852306;1.5460191220852306;1.0  0.0  0.0  0.0  0.0  1.0  0.0  0.0  0.0  0.0  1.0  0.0  0.0  0.0  0.0  1.0
34562489690247;5.3501947700473025;4.644690517875041;0.8971639281036785  -0.39511111284527517  -0.19744390245268617  3251221.448491308  -0.3858769583270609  -0.9186333373583653  0.08492210858243832  15707793.863084555  -0.21493221987834513  0.0  -0.9766289678573776  151264.61265280377  0.0  0.0  0.0  1.0
34562489690278;1.7336325432466153;1.7336325432466153;1.0  0.0  0.0  0.0  0.0  1.0  0.0  0.0  0.0  0.0  1.0  0.0  0.0  0.0  0.0  1.0
34562489690309;1.8806280573322476;1.8806280573322476;1.0  0.0  0.0  0.0  0.0  1.0  0.0  0.0  0.0  0.0  1.0  0.0  0.0  0.0  0.0  1.0
34562489690340;1.342499596526476;9.998348892850908;-0.554700196225229  0.7730367340708886  0.307769231868143  -5127598.018497596  0.8320502943378437  0.5153578227139256  0.20517948791209523  3314759.7551562404  0.0  0.36989258217025167  -0.9290745275032696  -2975793.641607486  0.0  0.0  0.0  1.0
34562489690371;2.166541248145545;2.166541248145545;1.0  0.0  0.0  0.0  0.0  1.0  0.0  0.0  0.0  0.0  1.0  0.0  0.0  0.0  0.0  1.0
34562489690402;1.8237522520831808;1.8237522520831808;1.0  0.0  0.0  0.0  0.0  1.0  0.0  0.0  0.0  0.0  1.0  0.0  0.0  0.0  0.0  1.0
34562489690433;1.485279001754726;1.485279001754726;1.0  0.0  0.0  0.0  0.0  1.0  0.0  0.0  0.0  0.0  1.0  0.0  0.0  0.0  0.0  1.0
34562489690464;3.2048953782106575;3.2048953782106575;1.0  0.0  0.0  0.0  0.0  1.0  0.0  0.0  0.0  0.0  1.0  0.0  0.0  0.0  0.0  1.0
34562489690495;1.6045786219463427;1.6045786219463427;1.0  0.0  0.0  0.0  0.0  1.0  0.0  0.0  0.0  0.0  1.0  0.0  0.0  0.0  0.0  1.0
34562489690526;5.298220209160753;5.242993371701738;0.57731622892326  0.8160681861170582  -0.02717880478315187  -6268859.877724023  0.8162723387158788  -0.5776416895880454  -0.005435760956630377  12119725.400557281  -0.02013556229996678  -0.01904715352703555  -0.999615808735227  167660.6490890143  0.0  0.0  0.0  1.0
34562489690557;4.725165945981713;4.251475648029059;0.07717549431308286  0.08829884296861079  0.9930998224790586  -62215.58771010314  -0.30821231022570555  -0.9451685437464489  0.1079888685816836  15866698.785897475  0.9481820051566399  -0.3144196848841103  -0.04572905919119652  1863721.7380586115  0.0  0.0  0.0  1.0
34562489690588;1.3460500527468555;0.14349910810815997;-0.8423619271822723  -0.5216925811234874  0.13514153482361252  5491488.524433584  0.5336554811441994  -0.8424321725082422  0.07429577489869035  14448891.390157472  0.07508802220408684  0.13470295291402165  0.9880368937432052  -1136527.3399766488  0.0  0.0  0.0  1.0
34562489690619;1.8205673160604245;1.8205673160604245;1.0  0.0  0.0  0.0  0.0  1.0  0.0  0.0  0.0  0.0  1.0  0.0  0.0  0.0  0.0  1.0
34562489690650;2.1392684506950816;2.1392684506950816;1.0  0.0  0.0  0.0  0.0  1.0  0.0  0.0  0.0  0.0  1.0  0.0  0.0  0.0  0.0  1.0
34562489690681;1.8732202401465774;1.8732202401465774;1.0  0.0  0.0  0.0  0.0  1.0  0.0  0.0  0.0  0.0  1.0  0.0  0.0  0.0  0.0  1.0
34562489690712;2.5869430889270166;1.886646280257319;0.7869418539991967  -0.43406611852808963  0.4385306410848232  3641933.5071177348  -0.6146261174573038  -0.614081130568513  0.49511523993819645  13417977.077780904  0.05438064144222629  -0.6591592901762486  -0.7500345165461897  5265387.1409468  0.0  0.0  0.0  1.0
34562489690743;3.8819775247609996;3.8819775247609996;1.0  0.0  0.0  0.0  0.0  1.0  0.0  0.0  0.0  0.0  1.0  0.0  0.0  0.0  0.0  1.0
34562489690774;1.586561897713293;0.09551512473026992;0.5893239964332445  -0.7876721338803652  0.17963807151130945  6625793.402371703  0.806133481095318  0.5879997061644918  -0.06637135080451244  2748547.0117717013  -0.05334826974789336  0.18392649362944966  0.981491215985188  -1442331.3195958992  0.0  0.0  0.0  1.0
34562489690805;1.205521164189387;1.205521164189387;1.0  0.0  0.0  0.0  0.0  1.0  0.0  0.0  0.0  0.0  1.0  0.0  0.0  0.0  0.0  1.0
34562489690836;2.065099418152508;2.065099418152508;1.0  0.0  0.0  0.0  0.0  1.0  0.0  0.0  0.0  0.0  1.0  0.0  0.0  0.0  0.0  1.0
34562489690867;2.727894652051314;2.727894652051314;1.0  0.0  0.0  0.0  0.0  1.0  0.0  0.0  0.0  0.0  1.0  0.0  0.0  0.0  0.0  1.0
34562489690898;2.29580039724926;4.020499491958098;0.1587713763011872  0.8596879802815155  -0.48551851316599176  -6325891.095845114  -0.9852008629512515  0.10578446608240734  -0.13486625365809218  7886646.392959827  -0.06458258052707112  0.49974615885982415  0.863760885313358  -3975449.4865809013  0.0  0.0  0.0  1.0
34562489690929;2.300657442855721;2.300657442855721;1.0  0.0  0.0  0.0  0.0  1.0  0.0  0.0  0.0  0.0  1.0  0.0  0.0  0.0  0.0  1.0
34562489690960;1.3464116655749152;1.3464116655749152;1.0  0.0  0.0  0.0  0.0  1.0  0.0  0.0  0.0  0.0  1.0  0.0  0.0  0.0  0.0  1.0
34562489690991;1.2386766652537227;0.956463219693366;0.25592986897286274  -0.9567372067886564  -0.13839732408458322  8220181.395430282  0.9515035268819715  0.2745942643703127  -0.13870482437931547  5168011.131766614  0.17070717764260313  -0.09618683444820575  0.9806157006596062  653979.9768832976  0.0  0.0  0.0  1.0
34562489691022;4.77837015482652;3.062726378556099;0.9291721689683657  0.2926797212244855  0.22578233145793397  -2305053.225249801  0.01123990981122934  -0.6328929805033913  0.7741576968918988  13129588.637263276  0.3694763116115277  -0.716788013302044  -0.5913562370893283  5507690.020680939  0.0  0.0  0.0  1.0
34562489691053;2.167491542430286;0.06533796350447235;-0.9426120421315285  -0.28987270986672836  -0.16569957786050374  3696633.331267099  0.3205695159219576  -0.924474627573704  -0.20635369740817056  15258189.275397595  -0.09336875007298368  -0.24762971357852165  0.9643452708769968  2057888.7202782948  0.0  0.0  0.0  1.0
34562489691084;2.4865787628779126;2.4865787628779126;1.0  0.0  0.0  0.0  0.0  1.0  0.0  0.0  0.0  0.0  1.0  0.0  0.0  0.0  0.0  1.0
34562489691115;1.9042244213164048;1.9042244213164048;1.0  0.0  0.0  0.0  0.0  1.0  0.0  0.0  0.0  0.0  1.0  0.0  0.0  0.0  0.0  1.0
34562489691146;2.204368269441607;2.204368269441607;1.0  0.0  0.0  0.0  0.0  1.0  0.0  0.0  0.0  0.0  1.0  0.0  0.0  0.0  0.0  1.0
34562489691177;3.9205161639220982;3.712438566128121;0.8881471936145089  -0.459535944078763  0.004612870506792672  3775755.1996416626  -0.45929728756167354  -0.8879352729181159  -0.02483853349778073  15512000.69595037  0.01551012937281953  0.01994159490791081  -0.999680833406026  -171027.18247586582  0.0  0.0  0.0  1.0
34562489691208;2.3565380774100433;2.294067888068223;0.9459143872604581  0.17403842895921295  -0.27378202501092125  -1362223.2222328486  -0.3243884834177622  0.4963452841245  -0.8052412500321213  4280182.05695547  -0.004252505096516467  0.8505010195013161  0.5259562073287337  -6839766.380541625  0.0  0.0  0.0  1.0
34562489691239;2.888227844794611;0.04788257324564879;-0.9908440657885739  -0.05901568310561933  -0.12142975928143601  1873150.6070072276  0.036887017070405786  -0.9835183898168399  0.17700543738467303  15932422.530341035  -0.12987449812498952  0.1709056056414445  0.9766902726540868  -1283785.6336409096  0.0  0.0  0.0  1.0
34562489691270;2.5432202258587244;1.3053422898885352;-0.6356212873092173  -0.4826649077917296  0.6025115483588473  5032201.47263085  -0.5749336435464345  -0.22489180582103607  -0.7866860753775774  10258988.56619162  0.5152056721716056  -0.8464385757164873  -0.1345542749274414  6448398.120525941  0.0  0.0  0.0  1.0
34562489691301;2.1034157138496146;2.1034157138496146;1.0  0.0  0.0  0.0  0.0  1.0  0.0  0.0  0.0  0.0  1.0  0.0  0.0  0.0  0.0  1.0
34562489691332;1.5400005703685937;1.5400005703685937;1.0  0.0  0.0  0.0  0.0  1.0  0.0  0.0  0.0  0.0  1.0  0.0  0.0  0.0  0.0  1.0
34562489691363;3.2280224062918226;3.2280224062918226;1.0  0.0  0.0  0.0  0.0  1.0  0.0  0.0  0.0  0.0  1.0  0.0  0.0  0.0  0.0  1.0
34562489691394;2.3976719802288198;2.3976719802288198;1.0  0.0  0.0  0.0  0.0  1.0  0.0  0.0  0.0  0.0  1.0  0.0  0.0  0.0  0.0  1.0
34562489691425;1.0094624480211292;0.016226248606593812;0.21091445858218422  0.9774673494728018  -0.008524780090996498  -7309985.546562633  -0.9527333007620866  0.20751265146919318  0.22189582488006623  7045368.144844431  0.2186649235244737  -0.03867919589186003  0.9750331127839689  157585.44857391345  0.0  0.0  0.0  1.0
34562489691456;2.09075176249572;2.09075176249572;1.0  0.0  0.0  0.0  0.0  1.0  0.0  0.0  0.0  0.0  1.0  0.0  0.0  0.0  0.0  1.0
34562489691487;4.819526363868169;4.819526363868169;1.0  0.0  0.0  0.0  0.0  1.0  0.0  0.0  0.0  0.0  1.0  0.0  0.0  0.0  0.0  1.0
34562489691518;0.9081270063423241;0.9081270063423241;1.0  0.0  0.0  0.0  0.0  1.0  0.0  0.0  0.0  0.0  1.0  0.0  0.0  0.0  0.0  1.0
34562489691549;2.7018815013951687;2.7018815013951687;1.0  0.0  0.0  0.0  0.0  1.0  0.0  0.0  0.0  0.0  1.0  0.0  0.0  0.0  0.0  1.0
34562489691580;4.668438872941319;2.369661255615698;-0.7277135062670905  -0.18969999828922235  -0.6591259086438085  2740150.148792742  -0.5678515547525984  -0.37234058769498946  0.7341029209313954  11440205.863893677  -0.38467865103422844  0.9085022825530044  0.1632358356319698  -7039121.338428389  0.0  0.0  0.0  1.0
34562489691611;3.9959073484826004;0.00845969172430798;-0.7054764604989863  -0.698618706056321  -0.11930996282798265  6818638.2646210585  0.7066183577501426  -0.70632870728324  -0.04231139040588247  13231934.440566365  -0.05471252299349888  -0.11415629993907249  0.9919550791300515  956865.3417971872  0.0  0.0  0.0  1.0
34562489691642;3.292173022565408;2.359546202832944;-0.029679650946199773  0.9748219370752039  0.22100069981033804  -7119819.185263002  0.600139217149033  0.19419026180793036  -0.7759658898809365  6061793.133559625  -0.7993447556339242  0.1096007902157412  -0.590792373363627  -320113.98731799616  0.0  0.0  0.0  1.0
34562489691673;1.953679954832125;1.953679954832125;1.0  0.0  0.0  0.0  0.0  1.0  0.0  0.0  0.0  0.0  1.0  0.0  0.0  0.0  0.0  1.0
34562489691704;2.008186623570813;2.008186623570813;1.0  0.0  0.0  0.0  0.0  1.0  0.0  0.0  0.0  0.0  1.0  0.0  0.0  0.0  0.0  1.0
34562489691735;2.8076941945791956;6.146808503405088;0.4419157302228398  0.8850523052160275  -0.14626313415693734  -6728867.749624212  -0.8953374897724974  0.425077278992666  -0.13296648559721574  5254685.27443205  -0.055509159509919304  0.18971484896018856  0.9802688454166617  -1487414.010022905  0.0  0.0  0.0  1.0
34562489691766;1.8275291698076832;3.343569700217845;-0.6312757854571323  0.7706446840246343  0.08716452076419463  -5054466.32827946  0.7378520820153383  0.5621615106052592  0.37356223184315984  3004333.922153322  0.238883209458326  0.3001353144476404  -0.9235007337627325  -2582381.588787842  0.0  0.0  0.0  1.0
34562489691797;3.7232768051076097;0.03691380327272518;-0.738850500470818  0.6734863449149388  -0.02271741990494533  -4197078.44342501  -0.6568963895234299  -0.7273500287404017  -0.19861789728626955  14359329.496934287  -0.15028995769879022  -0.13182594169757547  0.9798136811202642  1166220.6121171315  0.0  0.0  0.0  1.0
34562489691828;2.886530052875628;2.886530052875628;1.0  0.0  0.0  0.0  0.0  1.0  0.0  0.0  0.0  0.0  1.0  0.0  0.0  0.0  0.0  1.0
34562489691859;3.863192297346279;2.962108665233629;0.42130830827484517  0.7169610863648271  -0.5553972542398414  -5361848.947203769  -0.824767809648637  0.5575810594653684  0.0941351278368898  4138993.8278582473  0.3771702129622357  0.41841386540606473  0.8262399576938756  -3631398.3660862474  0.0  0.0  0.0  1.0
34562489691890;3.6706534983214847;0.09955819089593758;0.7060450412091861  -0.7080768689461213  0.011293690600386243  5903423.468715126  0.7080860959727578  0.7061156216616413  0.003848315924246024  1867053.0047311513  -0.010699554849501582  0.005279820911031484  0.9999288189752157  -34971.01716390914  0.0  0.0  0.0  1.0
34562489691921;3.2786406111649433;0.432580509640743;-0.9523345971316997  -0.3000421019653567  0.05507769198335706  3785641.2171470793  0.3048970152541248  -0.93037950589838  0.20354799211343683  15316937.445118459  -0.00982981155104452  0.2106388189591279  0.9775145332691347  -1687815.7818007143  0.0  0.0  0.0  1.0
34562489691952;2.441651137137093;2.441651137137093;1.0  0.0  0.0  0.0  0.0  1.0  0.0  0.0  0.0  0.0  1.0  0.0  0.0  0.0  0.0  1.0
34562489691983;3.0513635683647133;0.04474777225900651;-0.026415343328933596  0.9768964053694167  -0.21207461614518391  -7138717.7847410375  -0.9945344542905804  -0.04711900056259251  -0.09317198621323806  9123553.733979484  -0.10101212237029758  0.2084543426323734  0.9728017979896797  -1606207.4125950176  0.0  0.0  0.0  1.0
34562489692014;1.9745718167701451;0.019076869619287253;-0.9880137196655635  -0.15382103118960386  0.0129607143470203  2634243.5752915065  0.15398245395249596  -0.9879940120043449  0.012539382693217083  15886685.675842911  0.010876287389803174  0.014384804737166912  0.9998373786597942  -123375.29467412939  0.0  0.0  0.0  1.0
34562489692045;1.2175878921579373;9.890692925167214;-0.5705971163997997  0.8209850745259124  0.02006086144502014  -5501962.259573601  -0.8184173072568292  -0.5704931283758261  0.06878009638292622  13210615.945673686  0.06791201615851962  0.02282756845671225  0.997430127968691  -231374.3619158055  0.0  0.0  0.0  1.0
34562489692076;4.820847866328376;12.946525204798592;-0.5791297203291843  0.6158836284484334  -0.5341311854223014  -3845680.950950753  0.30341363769592233  0.7709518609976849  0.5599762427856508  1629570.0742383236  0.7566696316699703  0.1622361988996258  -0.6333486277517562  -1836672.8419028341  0.0  0.0  0.0  1.0
34562489692107;1.0951736045872003;3.5375708278721696;-0.27936223108970665  -0.3647978577600658  0.888188756298034  3833431.478212104  -0.1851122724746727  0.9281265176610584  0.32297772956292137  708231.0907673603  -0.9421731212573642  -0.0741868599417967  -0.32681205515117157  1258819.5145513774  0.0  0.0  0.0  1.0
34562489692138;2.6395870453587285;2.6395870453587285;1.0  0.0  0.0  0.0  0.0  1.0  0.0  0.0  0.0  0.0  1.0  0.0  0.0  0.0  0.0  1.0
34562489692169;2.994782826868506;2.994782826868506;1.0  0.0  0.0  0.0  0.0  1.0  0.0  0.0  0.0  0.0  1.0  0.0  0.0  0.0  0.0  1.0
34562489692200;5.292190560418294;5.292190560418294;1.0  0.0  0.0  0.0  0.0  1.0  0.0  0.0  0.0  0.0  1.0  0.0  0.0  0.0  0.0  1.0
34562489692231;1.8630711678931846;0.11811259792232387;0.6321511109678863  -0.7744285463401431  -0.02540471443569938  6489230.72999683  0.773422567548632  0.632637119242358  -0.039847300576217645  2412321.7079207264  0.04693085241659457  0.005540935861628897  0.9988827724619286  -77547.63804550779  0.0  0.0  0.0  1.0
34562489692262;5.46562893652775;4.938345120653481;0.6407820798414314  -0.5423617545131829  0.5433618070820502  4615972.3942990545  0.5734640135818277  0.8087003243799067  0.13093055592356928  1136231.174918144  -0.5104285956729997  0.22770048877684773  0.8292256243810088  -1473378.096070145  0.0  0.0  0.0  1.0
34562489692293;5.069828729190322;0.07856278450865657;0.7056808468471676  0.7008712964825791  -0.10389402369672052  -5432192.574881547  -0.7073877576430277  0.7052501863827596  -0.04716709598706115  2868428.880719685  0.04021321586039728  0.10677827669480558  0.9934693235808814  -887359.6358643649  0.0  0.0  0.0  1.0
34562489692324;3.2273635158321206;3.2273635158321206;1.0  0.0  0.0  0.0  0.0  1.0  0.0  0.0  0.0  0.0  1.0  0.0  0.0  0.0  0.0  1.0
34562489692355;1.3752959580528585;0.11391988751329668;-0.15928187278157885  0.9871771851059036  -0.010511432327527366  -7128275.481075116  -0.986851257425326  -0.15950735692961318  -0.026115106803952834  10022331.145767959  -0.027456888411574606  0.0062135570901369844  0.9996036769575439  -30707.361608350177  0.0  0.0  0.0  1.0
34562489692386;5.158940174423677;3.0777028705643805;0.08003602621174055  0.9962706232179612  -0.03223476106827019  -7369343.122922122  -0.9954716751956904  0.08155209895877048  0.04884054707417044  8088791.733553337  0.05128721469644185  0.028179788294339703  0.9982862921729252  -262738.30395632685  0.0  0.0  0.0  1.0
34562489692417;4.03283871174125;6.612914812876837;0.7621684583839436  0.42382373183579974  -0.48935946437911976  -3242783.669209544  -0.6051155120576645  0.7350450321865019  -0.30584966523626517  2556877.1057864614  0.23007489674415535  0.5292279707184048  0.8166904535363722  -4419597.763087835  0.0  0.0  0.0  1.0
34562489692448;4.000054921873328;5.002964150261751;-0.7405004264957785  -0.06218681917781177  0.6691725621094423  1722840.978031938  0.5362721568202282  0.5454514828188605  0.6441233218181794  3280418.7936447123  -0.4050571468064102  0.8358322076895889  -0.37055799601384676  -6440189.735315095  0.0  0.0  0.0  1.0
34562489692479;2.0170795377863655;3.988582863473604;-0.27587182213884076  0.3559636414587779  0.892851960690686  -1967850.050805381  -0.7904150521663331  -0.6125716654473115  0.0  13529307.125867333  0.5469358125581909  -0.7057236290861413  0.450350281770532  5293864.196516155  0.0  0.0  0.0  1.0
34562489692510;1.1740247611060295;1.838019282587385;-0.9131175957948839  -0.3694631772648233  -0.17237522123307697  4316365.277587477  -0.07735091984986261  0.5721200808176008  -0.8165142058308853  3496994.3805247424  0.40029125827096274  -0.7322401066389651  -0.5509912293142296  5610355.718267804  0.0  0.0  0.0  1.0
34562489692541;3.354655951863199;3.354655951863199;1.0  0.0  0.0  0.0  0.0  1.0  0.0  0.0  0.0  0.0  1.0  0.0  0.0  0.0  0.0  1.0
34562489692572;1.8393631220032445;2.308538273714758;0.9823958450880431  0.16190085908387652  0.09320147735767004  -1290251.557597915  -0.08288768459562063  0.8248727647358074  -0.55920886414602  1467329.16362024  -0.16741575581804252  0.5416392100143856  0.8237711641462486  -4240226.120216187  0.0  0.0  0.0  1.0
34562489692603;2.6663199487245373;0.3596494656924786;-0.9726444291522478  0.21864839231413058  0.07845823715547377  -373645.0926522452  -0.20925076112653218  -0.9713298019308733  0.1128385344148819  16007771.707361868  0.10088078809696854  0.0933343260509103  0.9905108632284441  -821805.0428508159  0.0  0.0  0.0  1.0
34562489692634;2.141177615887272;6.515996326968824;-0.7734626200835475  -0.5951155112207294  0.21815843700848142  6034007.979891025  0.37438990822990564  -0.15121873763338814  0.914857961655342  8999262.92250458  -0.5114565200963779  0.7892847532374196  0.33976728264776934  -5990971.653583096  0.0  0.0  0.0  1.0
34562489692665;3.9424089616480122;3.6305057127654994;-0.7613739377089762  0.40750445546715286  0.5042319364656972  -2041319.221525314  0.1917829277099464  0.8845206445598889  -0.4252558500319075  794460.4103043294  -0.6192972110517933  -0.22707564405232417  -0.7516033636577825  2262322.9229427124  0.0  0.0  0.0  1.0
34562489692696;1.8711162461125304;1.8711162461125304;1.0  0.0  0.0  0.0  0.0  1.0  0.0  0.0  0.0  0.0  1.0  0.0  0.0  0.0  0.0  1.0
34562489692727;3.310271605615024;2.2168222426035196;-0.7111548438348091  -0.6400118337813266  -0.290935801698848  6351251.1188889155  -0.2512282639003291  0.6178518509970607  -0.7450794921598176  3251180.914439981  0.6566149156910117  -0.45677559352418207  -0.6001773984854114  3214033.426616482  0.0  0.0  0.0  1.0
34562489692758;4.511424934062755;0.11494217359532999;-0.6862602690774854  0.7273464612052847  -0.003737440012500662  -4667564.661955482  -0.7216443672658074  -0.6802196133348335  0.12857171083929098  14025517.97052428  0.09097389888990207  0.09093075940933937  0.9916931716584578  -795519.9362672649  0.0  0.0  0.0  1.0
34562489692789;1.931706743686756;0.0173426257164141;-0.9969080393741172  -0.0009087582550826734  0.07857184730988412  1410147.9998901663  -0.00985845171959023  -0.9905855514623314  -0.13653965051867295  16022737.26463737  0.07795621823143056  -0.13689207205862086  0.9875137409912589  1046640.5747271457  0.0  0.0  0.0  1.0
34562489692820;4.539455050249923;2.467000726454552;-0.6889779570689312  0.7210367269903504  -0.07358948976698854  -4614879.3777265325  -0.7247171248963863  -0.6867173381303702  0.056607299821267325  14079960.686684197  -0.009719236340270441  0.09233274523256918  0.9956807724380239  -736054.0979866995  0.0  0.0  0.0  1.0
34562489692851;3.0455147307974437;3.1613780845366266;-0.6663521715246485  0.11526357784831023  0.7366743453697787  243160.52704601415  -0.6688991942444467  0.34414238717644313  -0.6588929239926842  5746800.493196891  -0.3294672236255303  -0.9318156067431501  -0.15222031266023237  7728658.253026722  0.0  0.0  0.0  1.0
34562489692882;3.605304913385411;3.798880074654423;0.046661178136164216  -0.9966810924316594  0.066704830740952  8688715.267393569  0.9841414169485396  0.03442798009202241  -0.17401260193820284  7077300.54538063  0.1711385576118523  0.07376661965968892  0.982481592663454  -713723.514285493  0.0  0.0  0.0  1.0
34562489692913;4.484860766274024;4.484860766274024;1.0  0.0  0.0  0.0  0.0  1.0  0.0  0.0  0.0  0.0  1.0  0.0  0.0  0.0  0.0  1.0
34562489692944;1.7079159739228686;6.540565658901899;0.15761307139514943  0.957001393805341  -0.24352916043057724  -7107905.565641519  -0.9569186255398194  0.20891310939849403  0.201648349401713  7037121.922732208  0.24385418557074243  0.20125517378712798  0.9486998952269063  -1790556.197154443  0.0  0.0  0.0  1.0
34562489692975;1.881460468963167;4.819472234988322;-0.8860401048176153  -0.45360360020429413  0.09579512793713583  4974561.604564441  0.4217979211310483  -0.8744896213648164  -0.2394878198463246  14785355.77414361  0.19240438244571031  -0.17178962718081295  0.966161931359729  1247003.3762355682  0.0  0.0  0.0  1.0
34562489693006;1.115739312366094;1.115739312366094;1.0  0.0  0.0  0.0  0.0  1.0  0.0  0.0  0.0  0.0  1.0  0.0  0.0  0.0  0.0  1.0
34562489693037;3.6096861314976527;3.6096861314976527;1.0  0.0  0.0  0.0  0.0  1.0  0.0  0.0  0.0  0.0  1.0  0.0  0.0  0.0  0.0  1.0
34562489693068;5.981505073479419;3.274020873210333;0.050445230856880796  0.9970766213553911  -0.0573889347375696  -7355177.028990706  -0.955839770338217  0.06485726254586671  0.2866424060302998  8195381.978559763  0.28952653094937386  0.04039488385394323  0.9563172283478149  -528390.1793826881  0.0  0.0  0.0  1.0
34562489693099;4.279282882274275;0.08978709351133243;-0.5509400167301406  -0.7198463180366308  0.4222397143501516  6881062.530509468  0.7939003637897293  -0.6080474291135729  -0.0007323407063727361  12380277.376893297  0.2572689455412902  0.33481278702803563  0.9064839145305291  -2874519.126600424  0.0  0.0  0.0  1.0
