# registration_from_features.py RANSAC RANSAC_config.json euclidean False --use_random_keypoints=True --n_keypoints=5000 --input_txt=/neural_comparison/point_clouds_registration_benchmark//eth/wood_autumn_global.txt --input_pcd_dir=/neural_comparison/point_clouds_registration_benchmark//eth/wood_autumn/ --input_features_dir=/neural_comparison/experiments/3DFeatNet/feature_extraction_voxelgrid_0.1_npz/eth/wood_autumn/ --output_dir=/root/neural_registration_comparison/results/3DFeateNet/RANSAC_mutual_off
id;initial_error;final_error;transformation
26875431820030;2.0535532931381004;2.0535532931381004;1.0  0.0  0.0  0.0  0.0  1.0  0.0  0.0  0.0  0.0  1.0  0.0  0.0  0.0  0.0  1.0
26875431820061;1.6463845109934325;1.6463845109934325;1.0  0.0  0.0  0.0  0.0  1.0  0.0  0.0  0.0  0.0  1.0  0.0  0.0  0.0  0.0  1.0
26875431820092;3.1454983955145077;3.1454983955145077;1.0  0.0  0.0  0.0  0.0  1.0  0.0  0.0  0.0  0.0  1.0  0.0  0.0  0.0  0.0  1.0
26875431820123;5.022952331012622;5.022952331012622;1.0  0.0  0.0  0.0  0.0  1.0  0.0  0.0  0.0  0.0  1.0  0.0  0.0  0.0  0.0  1.0
26875431820154;4.9039779898946945;4.9039779898946945;1.0  0.0  0.0  0.0  0.0  1.0  0.0  0.0  0.0  0.0  1.0  0.0  0.0  0.0  0.0  1.0
26875431820185;2.518490360471434;2.518490360471434;1.0  0.0  0.0  0.0  0.0  1.0  0.0  0.0  0.0  0.0  1.0  0.0  0.0  0.0  0.0  1.0
26875431820216;3.040176925026691;3.040176925026691;1.0  0.0  0.0  0.0  0.0  1.0  0.0  0.0  0.0  0.0  1.0  0.0  0.0  0.0  0.0  1.0
26875431820247;4.293952946805166;4.293952946805166;1.0  0.0  0.0  0.0  0.0  1.0  0.0  0.0  0.0  0.0  1.0  0.0  0.0  0.0  0.0  1.0
26875431820278;1.9928622542605958;4.388454636002026;-0.6284591550820892  0.7759439927889096  0.054313998640414134  -0.34069313722290406  -0.315046853981461  -0.3177639902813125  0.8942994611856149  9.75988425873467  0.7111853275974482  0.5449192293682633  0.44416040264166645  -7.700892477210815  0.0  0.0  0.0  1.0
26875431820309;3.3178555720271428;3.3178555720271428;1.0  0.0  0.0  0.0  0.0  1.0  0.0  0.0  0.0  0.0  1.0  0.0  0.0  0.0  0.0  1.0
26875431820340;3.1987335091215683;3.1987335091215683;1.0  0.0  0.0  0.0  0.0  1.0  0.0  0.0  0.0  0.0  1.0  0.0  0.0  0.0  0.0  1.0
26875431820371;3.5265759616751016;3.5265759616751016;1.0  0.0  0.0  0.0  0.0  1.0  0.0  0.0  0.0  0.0  1.0  0.0  0.0  0.0  0.0  1.0
26875431820402;5.0883567835047625;5.0883567835047625;1.0  0.0  0.0  0.0  0.0  1.0  0.0  0.0  0.0  0.0  1.0  0.0  0.0  0.0  0.0  1.0
26875431820433;1.6687229373662258;1.6687229373662258;1.0  0.0  0.0  0.0  0.0  1.0  0.0  0.0  0.0  0.0  1.0  0.0  0.0  0.0  0.0  1.0
26875431820464;4.58945846466715;4.58945846466715;1.0  0.0  0.0  0.0  0.0  1.0  0.0  0.0  0.0  0.0  1.0  0.0  0.0  0.0  0.0  1.0
26875431820495;2.035425071867048;2.035425071867048;1.0  0.0  0.0  0.0  0.0  1.0  0.0  0.0  0.0  0.0  1.0  0.0  0.0  0.0  0.0  1.0
26875431820526;3.855140063669406;3.855140063669406;1.0  0.0  0.0  0.0  0.0  1.0  0.0  0.0  0.0  0.0  1.0  0.0  0.0  0.0  0.0  1.0
26875431820557;2.7573624115491;2.7573624115491;1.0  0.0  0.0  0.0  0.0  1.0  0.0  0.0  0.0  0.0  1.0  0.0  0.0  0.0  0.0  1.0
26875431820588;1.5947841889661274;2.416432860125963;-0.8012382750196244  0.45756376134095605  0.3855549648896953  4.692553347239382  -0.5788019513753951  -0.7560482933987758  -0.30558023354404606  19.2370458948038  0.15167573216441735  -0.4680025452455532  0.8706136283771763  7.066022164834577  0.0  0.0  0.0  1.0
26875431820619;3.5884439472599823;3.5884439472599823;1.0  0.0  0.0  0.0  0.0  1.0  0.0  0.0  0.0  0.0  1.0  0.0  0.0  0.0  0.0  1.0
26875431820650;3.205971749881819;3.205971749881819;1.0  0.0  0.0  0.0  0.0  1.0  0.0  0.0  0.0  0.0  1.0  0.0  0.0  0.0  0.0  1.0
26875431820681;1.5831696178308692;4.599676096835396;-0.992751566323511  0.1022904490779723  -0.0630950995691621  0.5682967975324386  -0.10034535488994822  -0.9943962285214355  -0.03327086494750814  -5.414173599675651  -0.06614482076645245  -0.02669840313149252  0.9974527848254284  1.0304076857358302  0.0  0.0  0.0  1.0
26875431820712;2.1253878571825364;2.1253878571825364;1.0  0.0  0.0  0.0  0.0  1.0  0.0  0.0  0.0  0.0  1.0  0.0  0.0  0.0  0.0  1.0
26875431820743;1.5610088030304428;1.5610088030304428;1.0  0.0  0.0  0.0  0.0  1.0  0.0  0.0  0.0  0.0  1.0  0.0  0.0  0.0  0.0  1.0
26875431820774;3.330059369423353;3.330059369423353;1.0  0.0  0.0  0.0  0.0  1.0  0.0  0.0  0.0  0.0  1.0  0.0  0.0  0.0  0.0  1.0
26875431820805;4.120916915159846;4.120916915159846;1.0  0.0  0.0  0.0  0.0  1.0  0.0  0.0  0.0  0.0  1.0  0.0  0.0  0.0  0.0  1.0
26875431820836;1.4675689642071519;1.4675689642071519;1.0  0.0  0.0  0.0  0.0  1.0  0.0  0.0  0.0  0.0  1.0  0.0  0.0  0.0  0.0  1.0
26875431820867;3.4095493357026116;3.4095493357026116;1.0  0.0  0.0  0.0  0.0  1.0  0.0  0.0  0.0  0.0  1.0  0.0  0.0  0.0  0.0  1.0
26875431820898;2.851643886467438;2.689741354073413;-0.5338330347154159  -0.8252508234951242  0.18434578749499253  4.213678542427664  0.7966860776554218  -0.5639263897808926  -0.2174357849543357  -5.5348930206810625  0.283396515004241  0.030791317433783938  0.9585083776650798  -2.625845999691469  0.0  0.0  0.0  1.0
26875431820929;4.31324373702403;4.31324373702403;1.0  0.0  0.0  0.0  0.0  1.0  0.0  0.0  0.0  0.0  1.0  0.0  0.0  0.0  0.0  1.0
26875431820960;2.9706078354575314;2.9706078354575314;1.0  0.0  0.0  0.0  0.0  1.0  0.0  0.0  0.0  0.0  1.0  0.0  0.0  0.0  0.0  1.0
26875431820991;2.9933660743599426;2.9933660743599426;1.0  0.0  0.0  0.0  0.0  1.0  0.0  0.0  0.0  0.0  1.0  0.0  0.0  0.0  0.0  1.0
26875431821022;1.656409031130035;1.656409031130035;1.0  0.0  0.0  0.0  0.0  1.0  0.0  0.0  0.0  0.0  1.0  0.0  0.0  0.0  0.0  1.0
26875431821053;1.9984878364331908;1.9984878364331908;1.0  0.0  0.0  0.0  0.0  1.0  0.0  0.0  0.0  0.0  1.0  0.0  0.0  0.0  0.0  1.0
26875431821084;2.6465098846802793;2.6465098846802793;1.0  0.0  0.0  0.0  0.0  1.0  0.0  0.0  0.0  0.0  1.0  0.0  0.0  0.0  0.0  1.0
26875431821115;1.5027097041887814;1.5027097041887814;1.0  0.0  0.0  0.0  0.0  1.0  0.0  0.0  0.0  0.0  1.0  0.0  0.0  0.0  0.0  1.0
26875431821146;3.393986024931288;3.393986024931288;1.0  0.0  0.0  0.0  0.0  1.0  0.0  0.0  0.0  0.0  1.0  0.0  0.0  0.0  0.0  1.0
26875431821177;4.551379335696718;4.551379335696718;1.0  0.0  0.0  0.0  0.0  1.0  0.0  0.0  0.0  0.0  1.0  0.0  0.0  0.0  0.0  1.0
26875431821208;2.543233512385254;2.543233512385254;1.0  0.0  0.0  0.0  0.0  1.0  0.0  0.0  0.0  0.0  1.0  0.0  0.0  0.0  0.0  1.0
26875431821239;2.014421766667579;2.014421766667579;1.0  0.0  0.0  0.0  0.0  1.0  0.0  0.0  0.0  0.0  1.0  0.0  0.0  0.0  0.0  1.0
26875431821270;2.8934216940175648;2.8934216940175648;1.0  0.0  0.0  0.0  0.0  1.0  0.0  0.0  0.0  0.0  1.0  0.0  0.0  0.0  0.0  1.0
26875431821301;2.825654895817324;4.4680081725204035;0.12111331012240376  0.20813507679962528  0.9705726948131242  5.893375691360495  -0.14968902729719297  -0.9627594807630362  0.2251385735668369  -6.781532567033512  0.981287298000955  -0.17255136048870756  -0.08544745037437532  1.4731543102793403  0.0  0.0  0.0  1.0
26875431821332;1.854867411473609;1.854867411473609;1.0  0.0  0.0  0.0  0.0  1.0  0.0  0.0  0.0  0.0  1.0  0.0  0.0  0.0  0.0  1.0
26875431821363;4.467403769838114;4.467403769838114;1.0  0.0  0.0  0.0  0.0  1.0  0.0  0.0  0.0  0.0  1.0  0.0  0.0  0.0  0.0  1.0
26875431821394;5.784727726475907;5.784727726475907;1.0  0.0  0.0  0.0  0.0  1.0  0.0  0.0  0.0  0.0  1.0  0.0  0.0  0.0  0.0  1.0
26875431821425;1.4999174095934682;1.4999174095934682;1.0  0.0  0.0  0.0  0.0  1.0  0.0  0.0  0.0  0.0  1.0  0.0  0.0  0.0  0.0  1.0
26875431821456;2.5138223759986826;2.5138223759986826;1.0  0.0  0.0  0.0  0.0  1.0  0.0  0.0  0.0  0.0  1.0  0.0  0.0  0.0  0.0  1.0
26875431821487;2.043897772459037;2.043897772459037;1.0  0.0  0.0  0.0  0.0  1.0  0.0  0.0  0.0  0.0  1.0  0.0  0.0  0.0  0.0  1.0
26875431821518;1.5491762003112224;1.5491762003112224;1.0  0.0  0.0  0.0  0.0  1.0  0.0  0.0  0.0  0.0  1.0  0.0  0.0  0.0  0.0  1.0
26875431821549;1.5883996969544905;1.5883996969544905;1.0  0.0  0.0  0.0  0.0  1.0  0.0  0.0  0.0  0.0  1.0  0.0  0.0  0.0  0.0  1.0
26875431821580;4.425160905918537;4.425160905918537;1.0  0.0  0.0  0.0  0.0  1.0  0.0  0.0  0.0  0.0  1.0  0.0  0.0  0.0  0.0  1.0
26875431821611;3.353273937562721;3.353273937562721;1.0  0.0  0.0  0.0  0.0  1.0  0.0  0.0  0.0  0.0  1.0  0.0  0.0  0.0  0.0  1.0
26875431821642;1.3671223414634766;1.3671223414634766;1.0  0.0  0.0  0.0  0.0  1.0  0.0  0.0  0.0  0.0  1.0  0.0  0.0  0.0  0.0  1.0
26875431821673;4.231146946497155;4.231146946497155;1.0  0.0  0.0  0.0  0.0  1.0  0.0  0.0  0.0  0.0  1.0  0.0  0.0  0.0  0.0  1.0
26875431821704;5.916097515817769;5.916097515817769;1.0  0.0  0.0  0.0  0.0  1.0  0.0  0.0  0.0  0.0  1.0  0.0  0.0  0.0  0.0  1.0
26875431821735;2.456523073906335;2.456523073906335;1.0  0.0  0.0  0.0  0.0  1.0  0.0  0.0  0.0  0.0  1.0  0.0  0.0  0.0  0.0  1.0
26875431821766;3.6833967010897686;3.6833967010897686;1.0  0.0  0.0  0.0  0.0  1.0  0.0  0.0  0.0  0.0  1.0  0.0  0.0  0.0  0.0  1.0
26875431821797;3.7834060321852396;3.7834060321852396;1.0  0.0  0.0  0.0  0.0  1.0  0.0  0.0  0.0  0.0  1.0  0.0  0.0  0.0  0.0  1.0
26875431821828;3.309200691813214;3.309200691813214;1.0  0.0  0.0  0.0  0.0  1.0  0.0  0.0  0.0  0.0  1.0  0.0  0.0  0.0  0.0  1.0
26875431821859;1.3587079118313974;1.3587079118313974;1.0  0.0  0.0  0.0  0.0  1.0  0.0  0.0  0.0  0.0  1.0  0.0  0.0  0.0  0.0  1.0
26875431821890;5.99180136419761;1.0739201205398718;-0.7160687850174983  -0.6858594614723896  -0.1297778649553434  10.312613288395399  0.6216277255431129  -0.711147856287591  0.32840173162402686  -6.293483872081245  -0.3175286852548282  0.15448470994362812  0.9355800384969599  9.525708995234597  0.0  0.0  0.0  1.0
26875431821921;1.334025833505696;2.3669390107946886;0.8049585879947744  0.17179920938049198  0.5679143450113732  1.0306186269817244  -0.3222140645520533  0.930298197329238  0.17528080514082497  2.92238649741237  -0.49821658765872545  -0.32408377883227724  0.8042076448775446  2.774716290502768  0.0  0.0  0.0  1.0
26875431821952;1.5331962113685564;1.5331962113685564;1.0  0.0  0.0  0.0  0.0  1.0  0.0  0.0  0.0  0.0  1.0  0.0  0.0  0.0  0.0  1.0
26875431821983;5.104278779962253;5.104278779962253;1.0  0.0  0.0  0.0  0.0  1.0  0.0  0.0  0.0  0.0  1.0  0.0  0.0  0.0  0.0  1.0
26875431822014;4.051816939242429;4.051816939242429;1.0  0.0  0.0  0.0  0.0  1.0  0.0  0.0  0.0  0.0  1.0  0.0  0.0  0.0  0.0  1.0
26875431822045;4.351333545702148;4.351333545702148;1.0  0.0  0.0  0.0  0.0  1.0  0.0  0.0  0.0  0.0  1.0  0.0  0.0  0.0  0.0  1.0
26875431822076;1.1412009696094776;1.1412009696094776;1.0  0.0  0.0  0.0  0.0  1.0  0.0  0.0  0.0  0.0  1.0  0.0  0.0  0.0  0.0  1.0
26875431822107;1.4325003679545003;1.4325003679545003;1.0  0.0  0.0  0.0  0.0  1.0  0.0  0.0  0.0  0.0  1.0  0.0  0.0  0.0  0.0  1.0
26875431822138;4.104686773760169;6.590270761978657;0.3004689082358334  0.9149364268955611  -0.269462000889087  -6.692085663042731  0.9301280720034448  -0.2185370543136748  0.2951327253339704  -7.475654244970955  0.211140249253242  -0.33931237913092116  -0.9166716448727936  6.499404742345831  0.0  0.0  0.0  1.0
26875431822169;2.4370489578780687;2.4370489578780687;1.0  0.0  0.0  0.0  0.0  1.0  0.0  0.0  0.0  0.0  1.0  0.0  0.0  0.0  0.0  1.0
26875431822200;3.7431807365241796;3.7431807365241796;1.0  0.0  0.0  0.0  0.0  1.0  0.0  0.0  0.0  0.0  1.0  0.0  0.0  0.0  0.0  1.0
26875431822231;2.9987588218906187;2.9987588218906187;1.0  0.0  0.0  0.0  0.0  1.0  0.0  0.0  0.0  0.0  1.0  0.0  0.0  0.0  0.0  1.0
26875431822262;1.4232017099761387;1.4232017099761387;1.0  0.0  0.0  0.0  0.0  1.0  0.0  0.0  0.0  0.0  1.0  0.0  0.0  0.0  0.0  1.0
26875431822293;1.6014741833671042;1.2800497921087484;-0.7357241912971433  0.23030390095625047  -0.6369223088764423  8.553629088145868  0.07739378828672772  -0.9056622302743008  -0.41687663185792545  19.686761066855475  -0.672844793302879  -0.3560000531726264  0.6484935206047115  10.127110946762738  0.0  0.0  0.0  1.0
26875431822324;2.782792515369427;2.782792515369427;1.0  0.0  0.0  0.0  0.0  1.0  0.0  0.0  0.0  0.0  1.0  0.0  0.0  0.0  0.0  1.0
26875431822355;3.517315059062168;3.517315059062168;1.0  0.0  0.0  0.0  0.0  1.0  0.0  0.0  0.0  0.0  1.0  0.0  0.0  0.0  0.0  1.0
26875431822386;2.6396216123483303;2.6396216123483303;1.0  0.0  0.0  0.0  0.0  1.0  0.0  0.0  0.0  0.0  1.0  0.0  0.0  0.0  0.0  1.0
26875431822417;3.186775984733459;3.186775984733459;1.0  0.0  0.0  0.0  0.0  1.0  0.0  0.0  0.0  0.0  1.0  0.0  0.0  0.0  0.0  1.0
26875431822448;3.9599817839126596;3.9599817839126596;1.0  0.0  0.0  0.0  0.0  1.0  0.0  0.0  0.0  0.0  1.0  0.0  0.0  0.0  0.0  1.0
26875431822479;2.9073535472467738;2.9073535472467738;1.0  0.0  0.0  0.0  0.0  1.0  0.0  0.0  0.0  0.0  1.0  0.0  0.0  0.0  0.0  1.0
26875431822510;3.7711636163769215;0.11917175873410674;-0.9908882710233312  0.1328073760553204  -0.02241952750829662  7.766425408116423  -0.13213520595753186  -0.990801658891359  -0.029195206536227564  -2.811183238255957  -0.02609064382025017  -0.02596677884207252  0.9993222726936554  -6.69787852960902  0.0  0.0  0.0  1.0
26875431822541;2.7225886157360173;2.7225886157360173;1.0  0.0  0.0  0.0  0.0  1.0  0.0  0.0  0.0  0.0  1.0  0.0  0.0  0.0  0.0  1.0
26875431822572;6.3174187801669905;6.3174187801669905;1.0  0.0  0.0  0.0  0.0  1.0  0.0  0.0  0.0  0.0  1.0  0.0  0.0  0.0  0.0  1.0
26875431822603;4.291318477345014;4.291318477345014;1.0  0.0  0.0  0.0  0.0  1.0  0.0  0.0  0.0  0.0  1.0  0.0  0.0  0.0  0.0  1.0
26875431822634;2.1517287473981175;2.1517287473981175;1.0  0.0  0.0  0.0  0.0  1.0  0.0  0.0  0.0  0.0  1.0  0.0  0.0  0.0  0.0  1.0
26875431822665;1.5906219386342715;1.5906219386342715;1.0  0.0  0.0  0.0  0.0  1.0  0.0  0.0  0.0  0.0  1.0  0.0  0.0  0.0  0.0  1.0
26875431822696;2.534146944068928;2.534146944068928;1.0  0.0  0.0  0.0  0.0  1.0  0.0  0.0  0.0  0.0  1.0  0.0  0.0  0.0  0.0  1.0
26875431822727;3.2280913866871095;3.2280913866871095;1.0  0.0  0.0  0.0  0.0  1.0  0.0  0.0  0.0  0.0  1.0  0.0  0.0  0.0  0.0  1.0
26875431822758;5.123607463454776;3.555314106190894;0.5855912232198167  0.059980266387959835  -0.8083843683124685  7.3619356212914795  0.6673338186697482  -0.6017910848913278  0.4387631076161389  12.47470784239846  -0.46016137793992573  -0.7963980523515544  -0.39243043773779923  10.371048524214903  0.0  0.0  0.0  1.0
26875431822789;3.4449919855173357;3.4449919855173357;1.0  0.0  0.0  0.0  0.0  1.0  0.0  0.0  0.0  0.0  1.0  0.0  0.0  0.0  0.0  1.0
26875431822820;3.2885712155089486;3.2885712155089486;1.0  0.0  0.0  0.0  0.0  1.0  0.0  0.0  0.0  0.0  1.0  0.0  0.0  0.0  0.0  1.0
26875431822851;5.9287144767363475;5.9287144767363475;1.0  0.0  0.0  0.0  0.0  1.0  0.0  0.0  0.0  0.0  1.0  0.0  0.0  0.0  0.0  1.0
26875431822882;5.41078833518639;5.41078833518639;1.0  0.0  0.0  0.0  0.0  1.0  0.0  0.0  0.0  0.0  1.0  0.0  0.0  0.0  0.0  1.0
26875431822913;4.777035883166865;4.777035883166865;1.0  0.0  0.0  0.0  0.0  1.0  0.0  0.0  0.0  0.0  1.0  0.0  0.0  0.0  0.0  1.0
26875431822944;2.976285503595206;2.976285503595206;1.0  0.0  0.0  0.0  0.0  1.0  0.0  0.0  0.0  0.0  1.0  0.0  0.0  0.0  0.0  1.0
26875431822975;3.393796302193077;3.393796302193077;1.0  0.0  0.0  0.0  0.0  1.0  0.0  0.0  0.0  0.0  1.0  0.0  0.0  0.0  0.0  1.0
26875431823006;5.039958847236191;4.393898741974026;0.8754565834134163  0.22340558789030718  -0.42856238035727634  0.9825163859986872  0.462813216615393  -0.13210829030119448  0.8765565162382908  -5.005250350374076  0.13921098047288488  -0.9657315066482409  -0.21905013120903732  -10.779109704223977  0.0  0.0  0.0  1.0
26875431823037;5.369728603719778;5.369728603719778;1.0  0.0  0.0  0.0  0.0  1.0  0.0  0.0  0.0  0.0  1.0  0.0  0.0  0.0  0.0  1.0
26875431823068;4.204830814786546;4.204830814786546;1.0  0.0  0.0  0.0  0.0  1.0  0.0  0.0  0.0  0.0  1.0  0.0  0.0  0.0  0.0  1.0
26875431823099;2.356510122240444;2.356510122240444;1.0  0.0  0.0  0.0  0.0  1.0  0.0  0.0  0.0  0.0  1.0  0.0  0.0  0.0  0.0  1.0
