# ransac_benchmark.py --distance_metric=euclidean --max_correspondence_distance=0.30000000000000004 --estimation_method=TransformationEstimationPointToPoint --ransac_n=3 --ransac_confidence=0.999 --ransac_max_iteration=100000 --input_txt=/neural_comparison/point_clouds_registration_benchmark//planetary/box_met_global.txt --input_pcd_dir=/neural_comparison/point_clouds_registration_benchmark//planetary/box_met/ --input_features_dir=/neural_comparison/experiments/FCGF/features//planetary/box_met/ --output_dir=/root/neural_registration_comparison/results/FCGF/
id;initial_error;final_error;transformation
7680147070030;7.545142564026325;20.07675586825207;-0.1136425715374141  -0.39977898193677974  0.9095395162036418  -100.87457407180322  -0.9739898852180058  -0.1358036997540922  -0.18138648964604867  -48.83840879289881  0.19603333754078536  -0.9064955161139473  -0.3739476030648254  10.815579747393157  0.0  0.0  0.0  1.0
7680147070061;10.640927348979892;24.282743356742337;0.7376196055346892  0.5177286759795908  0.4334447318854714  -29.92261794979744  -0.4738268195799994  0.8542232365944511  -0.21398786673268028  -15.460219919737028  -0.4810462166752289  -0.04753609292442873  0.8754055387601383  -50.03306077548932  0.0  0.0  0.0  1.0
7680147070092;9.025949398967478;12.808173326747957;0.9108275037911492  -0.2434955817499292  0.3333214064620622  10.95321244199856  0.3146611497878185  0.9322020065286019  -0.17885127854800545  15.677444066833585  -0.2671733878061048  0.2677859605959809  0.9256938263572339  -11.474277614587734  0.0  0.0  0.0  1.0
7680147070123;4.786994751420969;14.305036069321394;0.9720146562483114  -0.003910965737925139  -0.23488765907444847  11.24581756031668  0.22196836203502793  -0.31211895849820015  0.9237487764546626  49.376499740176484  -0.07692564132956164  -0.9500349783523737  -0.3025160914943866  20.820898968517668  0.0  0.0  0.0  1.0
7680147070154;3.758201806177061;4.538186045555522;0.7740473190443794  0.5782251390323706  0.25788841864497636  -11.684783650834092  0.29834592787458675  -0.6923862912742269  0.6569558059536231  14.648209795281417  0.558426767983827  -0.4315749207802955  -0.70845086812892  22.375120192629584  0.0  0.0  0.0  1.0
7680147070185;16.67684111957192;40.72948830168824;-0.9994484859043508  0.0034374386983922027  -0.033028897025126645  -144.24258550429818  0.0038586338127161463  0.9999119439972505  -0.012697054648195594  41.26438129300604  0.03298234328547607  -0.012817498462441762  -0.9993737422829184  -9.407835774171005  0.0  0.0  0.0  1.0
7680147070216;7.156480741338333;12.818400539042523;0.3129314655592191  -0.06036160781160481  0.9478556715900145  -56.60439514945754  0.9321041198049895  0.2111347828878165  -0.29428559818224276  79.93803962060676  -0.18236174956806317  0.9755914000017182  0.12233402035886189  -39.31858807569307  0.0  0.0  0.0  1.0
7680147070247;4.543534343953617;11.042449759380165;0.3598075306741385  -0.8412807817321637  0.40346646348649506  -75.13493167854236  -0.8406135267524183  -0.10465666387229003  0.5314281525737841  -70.37649909593944  -0.40485483757890495  -0.5303712181060011  -0.7448482607173874  -44.60202283932228  0.0  0.0  0.0  1.0
7680147070278;7.860981056932645;5.701216448168381;0.7292650999344978  -0.5510388380117128  -0.4056212679584595  -14.891566969689833  0.11485990287417877  0.6829902986943539  -0.7213400408968932  13.395392249056957  0.6745217689068762  0.4794584975700177  0.5613732558455562  30.814103507635274  0.0  0.0  0.0  1.0
7680147070309;12.215977712507863;17.8314365274782;-0.8758560480551968  0.42973855206970957  0.21954717021670458  -114.18704201953898  -0.43022453008727396  -0.901437702272671  0.04813442253265522  -20.903035518023312  0.21859331370450802  -0.052295753043601984  0.974413730105075  9.901045485176198  0.0  0.0  0.0  1.0
7680147070340;9.621420397831704;13.33925753750911;0.662243720977012  -0.34454590427305093  -0.6653731087707015  21.982958038967773  -0.4638742662269104  -0.8858961198771971  -0.0029546436286647104  56.07504210771551  -0.58843344496975  0.31060615678893533  -0.7465051213527207  -25.337532509583628  0.0  0.0  0.0  1.0
7680147070371;4.530868242072095;5.379840015746627;-0.001087944585727335  0.96180133763375  0.27374623888285315  -36.774451253835906  0.9676902963039169  -0.06800973097175911  0.2427965546139134  40.55369287227875  0.25213945906148105  0.26516572821365636  -0.930651830581719  16.13224219348423  0.0  0.0  0.0  1.0
7680147070402;11.153677535127484;13.552134984278586;0.7979498238456347  -0.3461774259289675  0.49339362420071486  7.579126971435677  0.085791866545019  0.8755066176640646  0.47552909276000443  -0.5867156437723455  -0.5965868203869771  -0.33711919583972894  0.7283095588669228  3.0464093183334637  0.0  0.0  0.0  1.0
7680147070433;6.5184452478862145;14.672571675007985;0.6623641293540676  0.36405794496986776  0.6547790259693306  -6.184249611012056  -0.20485570869099295  -0.7526716755746025  0.6257151807367565  -31.101762961603715  0.7206302094429151  -0.5485865123132698  -0.4239633707600501  14.922502796075555  0.0  0.0  0.0  1.0
7680147070464;13.779157687380561;14.226714008693383;-0.6182478411795838  0.7705922878222226  -0.1547809188036363  -135.25936076461548  0.5408136086795687  0.5599674957899475  0.6276599750866052  46.79718288544628  0.5703422196749652  0.30434179733919087  -0.7629454914006535  -0.7570238275634473  0.0  0.0  0.0  1.0
7680147070495;6.966857954116943;13.57953659846123;0.9824133274896892  0.101505041424017  0.15671879445728176  -20.535711892432722  0.025188302527269214  -0.9037016152381887  0.4274212676408157  22.64742927744886  0.18501244116661428  -0.4159568693763763  -0.8903652505753878  2.158184467990203  0.0  0.0  0.0  1.0
7680147070526;7.628096648499513;5.063251197795143;0.2540931980635376  0.4102230996809179  -0.8758730816653881  -23.25362126364105  0.04574653073997759  0.8994838889752198  0.4345526301833542  1.0258128155558168  0.966097252673405  -0.15048502238493477  0.20978645431653958  32.035438578809064  0.0  0.0  0.0  1.0
7680147070557;12.205670442716103;5.80188266459038e-15;1.0  -1.3877787807814457e-17  2.220446049250313e-16  0.0  0.0  1.0000000000000004  1.3877787807814457e-17  -2.842170943040401e-14  1.1102230246251565e-16  8.326672684688674e-17  1.0000000000000004  1.7763568394002505e-14  0.0  0.0  0.0  1.0
7680147070588;13.972589640073979;17.957832907402146;0.5571345920376292  -0.5946123559797563  0.5796871505141957  -17.09019645335978  0.3194630025665993  -0.49087392221592185  -0.810546841631925  60.22649407223008  0.766514472365785  0.6367722815925332  -0.08352619379118628  75.48106772747072  0.0  0.0  0.0  1.0
7680147070619;9.983295415447671;7.16392621249982;0.23655848270499927  0.45596861385016013  -0.8579817640508869  -4.179174309965493  0.8635658304541642  0.30604022918047075  0.4007411066950517  -10.972665391294177  0.4453023026353196  -0.8357224427444362  -0.3213625024189254  -14.909379625574537  0.0  0.0  0.0  1.0
7680147070650;4.983189947689928;10.792650999851329;0.6200494976286927  0.7845285990462062  -0.00731421690978383  -2.0794966753008386  0.7661831680266948  -0.607503707316179  -0.20952946959718066  -13.697494358651701  -0.16882527513077902  0.12431461247856565  -0.9777749759537322  -6.374810392769507  0.0  0.0  0.0  1.0
7680147070681;5.27419459849476;4.67799568837909e-17;1.0000000000000002  -1.3530843112619095e-16  1.3877787807814457e-17  1.4210854715202004e-14  -7.632783294297951e-17  0.9999999999999999  -4.163336342344337e-17  0.0  -4.5102810375396984e-17  1.3877787807814457e-17  1.0  -3.9968028886505635e-15  0.0  0.0  0.0  1.0
7680147070712;11.641877588335147;12.77119681306629;-0.3612303147106202  0.8961363329968295  0.25778349911711396  -64.98273075714786  0.5497104969532246  0.4279566889458126  -0.7174060509404541  37.83738442264344  -0.7532138005065406  -0.11744251815051356  -0.6472064783799376  -34.85795462175462  0.0  0.0  0.0  1.0
7680147070743;6.384964019908019;12.86266587967295;-0.9464466711204429  -0.13150516960153463  -0.2948645266781055  -185.54751500165816  0.32268257691802643  -0.415577152369765  -0.8503949582292798  7.7476113135828975  -0.010707627121514407  -0.9000011226639156  0.4357560394591427  -6.173882492706316  0.0  0.0  0.0  1.0
7680147070774;9.308681266179983;14.787194984036747;-0.6737279340104739  0.6592615310840921  0.33386360173974894  -153.19520505811013  -0.16158132418490384  -0.5722799925442802  0.8039820183363384  16.344703462013985  0.7210978758869226  0.4877190213290626  0.4920853682291214  38.799450160597665  0.0  0.0  0.0  1.0
7680147070805;5.341016807889507;14.46212808562616;-0.5733223225021302  -0.8192634774333092  -0.010434033958416675  -123.04638298994338  -0.6648251891837219  0.47261357926638203  -0.57848411604801  -73.70626913870694  0.47886217468870074  -0.32472104834288307  -0.8156269112869599  35.456725398849244  0.0  0.0  0.0  1.0
7680147070836;8.83474922596794;25.329876548932;-0.5700116230202545  0.7575138935740747  0.31821290147330716  -160.72688630252628  -0.1944751625198226  -0.5006746034610058  0.8435071740133888  35.964458865218276  0.798289521905871  0.41892438755867434  0.4327079808876723  15.244728839768658  0.0  0.0  0.0  1.0
7680147070867;6.947504424693243;10.063315196675179;0.6980580907672551  0.036741860878429455  0.7150978517472736  -28.739268908201254  -0.70629910431402  0.19951014603613182  0.679218136443555  -27.401101616670815  -0.11771353855690739  -0.9792066877262595  0.16522041505994323  -3.955082903882739  0.0  0.0  0.0  1.0
7680147070898;5.179162324391041;12.255969048562639;-0.9423171311070659  0.333733208313097  0.02570155814724073  -177.06867100629637  0.20332723282162032  0.6317171832822364  -0.7480584447348082  28.8230000290066  -0.26588806068579235  -0.6996824608456356  -0.6631349735685361  -23.75914048412164  0.0  0.0  0.0  1.0
7680147070929;8.172064813793584;10.629512291449144;0.36135688076735556  0.8876537403193552  -0.28546811033659597  -85.01277131700895  -0.6958410746771105  0.46051121176329934  0.5511212413185524  -41.16731234379868  0.6206660966367437  -0.0005110160048443224  0.7840748276461578  60.6251319801097  0.0  0.0  0.0  1.0
7680147070960;5.592350345683874;6.898125878058498;-0.31082219571541914  0.2606347161737216  0.9140345219824516  -80.22628988348126  0.8860704220628067  0.4274125586590253  0.17943720864409546  50.16397718245779  -0.3439022677972403  0.8656720218567707  -0.36379002292301316  -36.74075148002489  0.0  0.0  0.0  1.0
7680147070991;17.111542984644494;33.913410107741555;-0.2642501709647113  -0.6090932059788634  -0.7477815948360255  -79.01239221245918  0.5674130234706218  0.5287773528542736  -0.6312186403334059  57.61808996765921  0.7798809575448343  -0.5911006492458081  0.20587791168587194  83.62250584241616  0.0  0.0  0.0  1.0
7680147071022;5.465700088476111;16.26739151837285;-0.5588566467986771  0.823853410936946  0.09457698248780294  -68.78649281396173  -0.7997379155310996  -0.5656039908046059  0.20127441975540442  -27.628371148334935  0.2193137359832031  0.03684674847883798  0.9749583592829116  -0.5604276129748396  0.0  0.0  0.0  1.0
7680147071053;12.380450498325937;1.8194577743315234e-15;1.0  0.0  0.0  0.0  0.0  0.9999999999999999  1.6653345369377348e-16  1.7763568394002505e-15  0.0  5.551115123125783e-17  0.9999999999999999  -4.440892098500626e-16  0.0  0.0  0.0  1.0
7680147071084;11.24151184560079;2.9045450252345973e-15;0.9999999999999999  1.734723475976807e-17  2.0816681711721685e-17  -1.4210854715202004e-14  -1.0408340855860843e-17  1.0  -1.1102230246251565e-16  -3.552713678800501e-15  3.469446951953614e-17  -2.220446049250313e-16  1.0  1.0658141036401503e-14  0.0  0.0  0.0  1.0
7680147071115;12.186275917515337;15.826279035181285;0.8849324212236844  -0.4639214160077404  -0.04088434463901411  -25.748830317229505  -0.35399110896787317  -0.7270813251267269  0.5882542319640885  -1.2496639741623294  -0.3026299797423979  -0.5060925472888701  -0.807641893997445  -31.587981229416215  0.0  0.0  0.0  1.0
7680147071146;10.370232338681536;9.654085673115114;0.41135715284120894  -0.9106300748016932  -0.03921937879464508  22.42681060313572  0.8985375856207021  0.3979193761708503  0.1851766110898475  53.821798830859926  -0.15302124046449833  -0.1114138094423876  0.9819223304479038  -12.405304220438575  0.0  0.0  0.0  1.0
7680147071177;13.127472395246876;27.780470806648886;0.6669003282391539  -0.7450962307971172  0.008692470675119308  -25.87577259796906  0.40289886128766306  0.3507534308038509  -0.8453665112555813  9.632393968040567  0.6268304872671827  0.5672773903755176  0.5341160010719863  -20.25722894516009  0.0  0.0  0.0  1.0
7680147071208;5.015205061296216;6.937048173496591;0.02324149516443219  0.7683708184719245  0.639582768860534  -38.052706029438774  0.2925376961735382  0.6065263678060256  -0.7392884832550206  15.994681823476501  -0.9559715106738282  0.20428423942344526  -0.21068084939828807  -30.275240158395086  0.0  0.0  0.0  1.0
7680147071239;9.396380850619304;20.64326624812085;-0.4686650794384908  -0.004863064059471622  -0.8833625495360711  -158.5018907510354  0.0169362744537207  0.9997515806814912  -0.014489290268620822  0.07628900488984414  0.883213567560271  -0.021751494955831785  -0.46846629179125093  92.10652689857709  0.0  0.0  0.0  1.0
7680147071270;4.313719515461572;9.675991534381707;0.5483765457597628  0.5817980919854953  0.6006614222859906  -28.34649038392068  -0.035643227874612424  0.7339048528323012  -0.6783164654465331  15.884767581992925  -0.835471558083978  0.3505633283035125  0.4231933700821577  -50.43404155774089  0.0  0.0  0.0  1.0
7680147071301;6.640988953970737;7.9437723138985294;0.8509170810729946  0.5121852906942836  0.11664625641068226  -22.021026784431626  -0.5158921465807609  0.8566515208040211  0.0018614511683145152  -40.56045172358739  -0.0989717850425505  -0.06176082820501882  0.9931717806426645  -22.498694101602194  0.0  0.0  0.0  1.0
7680147071332;4.27645581861147;12.583661000331594;-0.931242331686746  -0.3280698524548165  0.1586123941717915  23.527326279221015  0.0620573384857879  0.2861321623459955  0.956178473095512  22.339859826970166  -0.3590774379081665  0.9002769338272975  -0.24609924015288437  -32.66528858633904  0.0  0.0  0.0  1.0
7680147071363;8.04771944655425;2.1230266444673041e-16;1.0  5.551115123125783e-17  -6.938893903907228e-17  0.0  0.0  1.0  -1.1102230246251565e-16  0.0  1.3877787807814457e-17  0.0  0.9999999999999998  6.661338147750939e-16  0.0  0.0  0.0  1.0
7680147071394;5.63815225752638;8.722879772916137;-0.15223196317722731  -0.9808750288089516  0.12128316967430386  -129.75405780115173  -0.11101220107833329  0.13890654735217434  0.9840636474915847  -5.1751190856792215  -0.9820904849345349  0.13634202932968567  -0.13003511233244747  -98.59727678182762  0.0  0.0  0.0  1.0
7680147071425;4.625670255377578;8.792846512315123;-0.39152075060125513  0.6670389631749278  0.6338537082443768  -102.39264975576748  0.9124503514260556  0.37047260806011056  0.17373659044544498  55.10052355316181  -0.11893636126558946  0.6463815191383941  -0.7536876499487334  -35.799792688496346  0.0  0.0  0.0  1.0
7680147071456;10.74094788718979;8.152156367920176;0.9003741030727084  -0.07957357014800231  -0.4277785892841257  -18.801605266364398  0.16500648577620136  0.9721429205806555  0.16646621764400948  6.990707976458133  0.40261561590157363  -0.22046811311120615  0.8884224653470788  35.14598222364654  0.0  0.0  0.0  1.0
7680147071487;5.184679137576186;14.791517782941503;0.552275141636015  0.1460969549365717  -0.8207605300507455  -24.54095282632582  0.19170326730943776  0.9358848921611573  0.2955830271300865  -10.2492966167585  0.8113211603513159  -0.3205856334628245  0.4888586977680094  22.62472205880932  0.0  0.0  0.0  1.0
7680147071518;11.144942838730964;8.218981447694837;0.34631617436439155  -0.919416890724991  0.18638049367678736  -10.64144754501585  0.6959810816846165  0.11859141405327711  -0.7081994143247764  104.60488738149108  0.6290273772346671  0.37497820945014226  0.6809668869532807  34.12250543175672  0.0  0.0  0.0  1.0
7680147071549;4.676713798522656;2.9043650523489244e-16;1.0  8.326672684688674e-17  1.1102230246251565e-16  0.0  -2.7755575615628914e-17  0.9999999999999998  0.0  0.0  1.6653345369377348e-16  -5.551115123125783e-17  1.0  1.532107773982716e-14  0.0  0.0  0.0  1.0
7680147071580;8.191691152633943;7.420306929617471;0.39947251719638843  -0.16427794776575944  0.9019060172116894  11.361082895336938  0.1411560147488728  -0.9610587641491849  -0.23757321261509678  60.36761183165811  0.9058127220927056  0.22221342832941574  -0.36072774327058615  2.742974356986771  0.0  0.0  0.0  1.0
7680147071611;7.069420748707525;7.965581833530803;0.29012276983546975  0.8828094563484468  -0.3694269105043049  -113.58214296082049  0.7810192080871934  -0.44150149274451017  -0.44168476145688246  124.0300022329796  -0.5530260165867867  -0.16038670670018113  -0.8175807784506812  -52.28594814258364  0.0  0.0  0.0  1.0
7680147071642;6.993248842026112;8.770287857342923e-17;0.9999999999999998  0.0  -8.326672684688674e-17  -1.4210854715202004e-14  5.551115123125783e-17  1.0  -8.326672684688674e-17  7.105427357601002e-15  -1.1102230246251565e-16  -1.3877787807814457e-16  1.0  -3.552713678800501e-15  0.0  0.0  0.0  1.0
7680147071673;7.041527509178438;13.554286743403708;0.9999207051240874  -0.003956492200350423  0.011955318214722482  15.708360917801688  -0.00975466617517795  0.3570640159904212  0.9340289797284683  3.7412977547090343  -0.007964292307389393  -0.934071536154625  0.3569971083829413  -3.3269618821274296  0.0  0.0  0.0  1.0
7680147071704;12.282268918916616;29.821475658653913;-0.5575652237767078  0.4164179641675395  0.7181344584083064  -93.5707256698472  -0.3787475440472964  -0.897404780583919  0.2263072196445992  34.19882403220528  0.7386956877584779  -0.1458106268544559  0.6580789785301906  49.40382542061293  0.0  0.0  0.0  1.0
7680147071735;4.789281163838539;7.043408424448639;-0.12860042120984508  -0.9916203705130384  -0.012287084610916614  -71.32542115300191  -0.06917188676309943  -0.003390460286930297  0.9975989950178764  39.84351396287457  -0.9892811439354758  0.1291415717831719  -0.06815623736011633  -100.68477883086648  0.0  0.0  0.0  1.0
7680147071766;3.5325422548569234;12.97977308391609;-0.24742039370628427  -0.7752309999343544  0.5812056826279384  19.617559940039513  -0.9638216119173377  0.2583090223224003  -0.06575978549166955  15.098885070984547  -0.09915164738567106  -0.5764489099023653  -0.8110953119659132  -16.38674354203164  0.0  0.0  0.0  1.0
7680147071797;10.169462042227867;8.615645734387531;-0.9155165707815093  -0.04049657834903456  -0.40023672465990234  -119.38999483958735  0.19035651671330378  0.8328723247064185  -0.5196999973859007  9.446604696073095  0.3543921629625065  -0.5519816282088997  -0.7547996270207147  31.756382065934538  0.0  0.0  0.0  1.0
7680147071828;7.018945504589687;9.77866275322085;-0.8500356435621863  0.5212215935643129  0.07594376258850007  -108.12010540088775  -0.17242773683293797  -0.13912184075833778  -0.9751480856745214  -0.8335288465608457  -0.4977028031310367  -0.8420054416844885  0.2081315832093215  -25.310371863217956  0.0  0.0  0.0  1.0
7680147071859;4.745586814975582;8.752543911829012;-0.4827997968156741  -0.4049677688065009  0.7764698721924942  -71.67821767597309  0.28259147722048633  0.7671759370202493  0.5758325613053201  9.002255107470098  -0.8288826293252184  0.4974356117981371  -0.25595194650153735  -64.58331225580339  0.0  0.0  0.0  1.0
7680147071890;12.81657864345006;11.493027191185625;0.2536938103346028  0.8732470693927322  0.4160276509980031  -63.406525477463084  0.21265429106590508  0.3692243794507211  -0.9046830992731592  34.63114475033812  -0.9436194164434986  0.3179825677867193  -0.09202979677580786  -52.854648376576236  0.0  0.0  0.0  1.0
7680147071921;5.809282261310979;10.435408178777928;0.8966060616533507  0.047246287694713396  -0.44030144049904807  -12.486358849367349  0.2537155672092495  -0.869725483994027  0.4233272888050623  59.42470476032521  -0.3629407405653947  -0.4912691429251631  -0.791788259604435  -38.49288217404279  0.0  0.0  0.0  1.0
7680147071952;7.620338870136215;7.954751274843417;-0.9664912032850633  -0.2556395154619594  0.023306482080419744  -77.83232614935845  -0.027749593106658504  0.01378678365761618  -0.9995198270563688  -7.522176565502288  0.25519544285704865  -0.9666738657534675  -0.02041869766273305  -5.908289705363604  0.0  0.0  0.0  1.0
7680147071983;7.6997638172701715;1.96182222479849e-15;1.0  -5.551115123125783e-17  -5.551115123125783e-17  0.0  0.0  1.0000000000000002  0.0  -7.105427357601002e-15  -2.7755575615628914e-17  -2.7755575615628914e-17  0.9999999999999999  -3.552713678800501e-15  0.0  0.0  0.0  1.0
7680147072014;9.996205289495665;17.852264980256756;-0.8518006934119308  0.01828458165601965  -0.523546800942015  -8.072956927408756  -0.29776621474756476  -0.8391489028002339  0.45515316134689343  23.958966541924376  -0.43101143843042145  0.5435943276036171  0.7202321479490561  -39.404723139529224  0.0  0.0  0.0  1.0
7680147072045;5.258513707654928;8.549900375629868;0.48028498730199265  0.3084133331306736  -0.8211014230407546  -23.809189380552628  -0.6692218849988253  0.7339914483670846  -0.1157524183877287  -41.92465466190652  0.5669818335810621  0.6050931908980769  0.5589220256152366  21.406896048337735  0.0  0.0  0.0  1.0
7680147072076;3.639515910577449;1.6516373032469898e-15;0.9999999999999998  -2.168404344971009e-17  2.7755575615628914e-17  -1.4210854715202004e-14  3.5561831257524545e-17  0.9999999999999998  0.0  7.105427357601002e-15  5.551115123125783e-17  0.0  0.9999999999999997  -1.7763568394002505e-15  0.0  0.0  0.0  1.0
7680147072107;12.029329944120931;1.084486138103779e-15;1.0  -5.551115123125783e-17  5.551115123125783e-17  0.0  9.71445146547012e-17  1.0  1.1102230246251565e-16  7.105427357601002e-15  -8.326672684688674e-17  5.551115123125783e-17  1.0  -1.0658141036401503e-14  0.0  0.0  0.0  1.0
7680147072138;7.590759272086863;2.2894739797565072e-15;1.0  1.3877787807814457e-17  -5.551115123125783e-17  -1.3322676295501878e-15  6.938893903907228e-18  0.9999999999999999  2.220446049250313e-16  7.105427357601002e-15  -5.551115123125783e-17  2.220446049250313e-16  1.0  -3.552713678800501e-15  0.0  0.0  0.0  1.0
7680147072169;13.199001909138557;25.06006620447495;0.6347495956569185  -0.6570206588814331  -0.40671464765408416  2.3479841413822697  -0.736911530626033  -0.6730672774317096  -0.06278404320416564  4.376790639149228  -0.23249590715489027  0.3395648595683498  -0.9113952815889228  15.165046433176112  0.0  0.0  0.0  1.0
7680147072200;7.797457500134239;2.941787614925927e-15;0.9999999999999999  -8.326672684688674e-17  -5.551115123125783e-17  -7.105427357601002e-15  2.7755575615628914e-17  1.0  -3.469446951953614e-16  -3.552713678800501e-15  2.220446049250313e-16  4.163336342344337e-17  0.9999999999999999  7.105427357601002e-15  0.0  0.0  0.0  1.0
7680147072231;7.013635733914746;1.3907927526487752e-15;1.0000000000000002  3.469446951953614e-18  -5.551115123125783e-17  -1.7763568394002505e-15  -1.1102230246251565e-16  1.0  -2.7755575615628914e-17  0.0  -2.7755575615628914e-17  -3.469446951953614e-17  1.0000000000000004  2.220446049250313e-15  0.0  0.0  0.0  1.0
7680147072262;9.795586278474453;15.076889672068008;0.5404309581347515  0.7492146180896789  -0.38289924984294665  -0.9698036111556823  0.766775754717584  -0.6259066729256473  -0.14246325408478558  4.314014103950093  -0.34639474803587095  -0.216606308375087  -0.9127389471833018  15.016099858486745  0.0  0.0  0.0  1.0
7680147072293;5.948491684290215;9.30219626853193;-0.7199531146013737  0.6870821220599984  -0.0979064365673242  -195.860842442055  0.388898735521182  0.5162368777140649  0.7630578350282892  47.139278835915945  0.5748263096673706  0.5112901755691804  -0.638871716450673  35.00293723506098  0.0  0.0  0.0  1.0
7680147072324;9.966999865530171;22.093218697472214;-0.5240316515340786  -0.7313101562214471  -0.4365504364879579  -73.62820006970409  0.19967497318886823  -0.6037689472600142  0.7717466964014538  4.6221010184113  -0.8279617945729678  0.3172514991799015  0.4624183744139223  -61.34535382601449  0.0  0.0  0.0  1.0
7680147072355;6.355915505450699;5.554411581691719;-0.23999622318174885  -0.06313294504082381  -0.9687187641978288  -109.4281648930257  0.944365626454346  0.21598659203734613  -0.24803902038103656  92.99844718647542  0.2248896983634143  -0.974353130702912  0.007784616846525073  27.034225281146185  0.0  0.0  0.0  1.0
7680147072386;11.538831497596764;6.761174440397085;0.7774312576397487  0.4932870772234902  -0.39021596467723474  -54.46686905507907  0.5128598228533644  -0.8563213748691428  -0.06073306385353225  128.8877849214772  -0.36410910692743514  -0.1529103083069547  -0.9187181264490099  -53.12344982103275  0.0  0.0  0.0  1.0
7680147072417;7.834517558781045;2.815477330920613e-15;1.0000000000000004  5.551115123125783e-17  0.0  2.842170943040401e-14  1.6653345369377348e-16  1.0000000000000002  2.7755575615628914e-17  1.1102230246251565e-14  -2.7755575615628914e-17  1.5265566588595902e-16  0.9999999999999998  0.0  0.0  0.0  0.0  1.0
7680147072448;5.937688742105761;6.8721238427265305;-0.005096400871872284  -0.7984391512502591  0.6020539414777706  -35.627958066511525  -0.9142147325422066  0.2476775999860486  0.3207292148650188  -23.88674700900232  -0.40519803738534316  -0.5487720184338087  -0.7312070994479943  -11.96102085282531  0.0  0.0  0.0  1.0
7680147072479;5.153023637941118;2.876188475309451e-15;1.0000000000000002  0.0  5.551115123125783e-17  7.105427357601002e-15  -5.551115123125783e-17  1.0000000000000004  -5.551115123125783e-17  -1.4210854715202004e-14  -1.1102230246251565e-16  2.220446049250313e-16  1.0000000000000004  -9.992007221626409e-15  0.0  0.0  0.0  1.0
7680147072510;6.2172217632284745;2.8375098994318425e-15;1.0  2.220446049250313e-16  2.7755575615628914e-17  2.6645352591003757e-15  -5.551115123125783e-17  0.9999999999999998  -1.1102230246251565e-16  -1.7763568394002505e-15  2.220446049250313e-16  -3.885780586188048e-16  0.9999999999999996  -3.9968028886505635e-15  0.0  0.0  0.0  1.0
7680147072541;5.285545456378999;4.048070853917373;0.04692427619891291  -0.7475957400813599  0.6624943182514187  -65.23209059839242  -0.7585366604236884  0.4048623623288372  0.5105963203576691  -58.80168358997067  -0.6499386487173128  -0.5264855904787112  -0.5480809027158278  -59.70443249315408  0.0  0.0  0.0  1.0
7680147072572;4.133909065560788;12.854154770255164;0.5431745040978856  -0.8344801708862205  0.09275937955657111  -24.240220958940867  -0.7439527773855831  -0.4271240961224605  0.5139058975453066  -10.083802059038199  -0.3892245150530632  -0.3481491791018256  -0.852816759903575  -29.665486433951845  0.0  0.0  0.0  1.0
7680147072603;10.395055408305826;22.028423705741478;-0.5897759278096604  -0.7557138215552146  0.2847120912196526  50.544309507359955  0.798596452124454  -0.5981788218214383  0.06652671477346957  24.061011832741446  0.12003358542711737  0.2666059208546001  0.9563018463512355  0.7636522050594099  0.0  0.0  0.0  1.0
7680147072634;11.946248221103541;12.764827618450711;0.8047315839926781  0.581144279160993  0.12115446555156743  -36.71325137946917  -0.33151643275426157  0.6092409512408166  -0.7203626296144703  10.055764587194972  -0.49244688296152855  0.5395338637468788  0.6829343140682271  -51.357591959480274  0.0  0.0  0.0  1.0
7680147072665;11.239001405122174;23.079312421001884;0.313547240808437  0.9314280903995283  0.1847426323188655  -33.10259272975084  0.535321295711837  -0.012694000528697597  -0.8445531201221019  11.221499994889443  -0.7842953768439644  0.36370396583659204  -0.5025934610556713  -30.294698433012677  0.0  0.0  0.0  1.0
7680147072696;15.195524521954715;21.21122050795336;-0.2933067168516432  0.8415421490576258  0.4536275798594948  -41.77786217160955  -0.4045767291744212  -0.539174893711098  0.738652898323802  61.28517678112486  0.8661921496182227  0.033124693977442256  0.49861198801138396  -11.007661713199699  0.0  0.0  0.0  1.0
7680147072727;7.340738660247694;2.0874153977957254e-15;1.0  5.551115123125783e-17  -2.7755575615628914e-16  0.0  -1.942890293094024e-16  1.0  -3.3306690738754696e-16  -2.4868995751603507e-14  5.551115123125783e-17  1.6653345369377348e-16  1.0000000000000004  9.769962616701378e-15  0.0  0.0  0.0  1.0
7680147072758;6.227684121791451;2.381157110121279e-15;0.9999999999999999  7.37257477290143e-18  2.7755575615628914e-17  2.220446049250313e-16  6.5052130349130266e-18  1.0000000000000002  0.0  -1.7763568394002505e-15  5.551115123125783e-17  -1.0408340855860843e-17  0.9999999999999994  1.3322676295501878e-15  0.0  0.0  0.0  1.0
7680147072789;6.6370184400482515;3.6963324364884965e-16;1.0000000000000002  -1.6653345369377348e-16  6.245004513516506e-17  3.1086244689504383e-15  -5.551115123125783e-17  1.0  -5.204170427930421e-18  0.0  -6.591949208711867e-17  7.632783294297951e-17  0.9999999999999997  -2.6645352591003757e-15  0.0  0.0  0.0  1.0
7680147072820;9.269844301300596;5.460276534033354e-15;1.0  5.551115123125783e-17  2.7755575615628914e-17  0.0  1.6653345369377348e-16  0.9999999999999999  5.551115123125783e-17  1.5987211554602254e-14  -5.551115123125783e-17  -5.551115123125783e-17  1.0000000000000004  -1.0658141036401503e-14  0.0  0.0  0.0  1.0
7680147072851;4.298249925112131;8.57974696597012;0.6933533662900463  -0.15483006756230552  -0.7037675465897186  2.5295162625567578  -0.7131720981226747  -0.007594992889532803  -0.7009478401010378  -23.299970703094647  0.10318269192826313  0.9879119223198287  -0.11568649802279149  5.719191867929321  0.0  0.0  0.0  1.0
7680147072882;5.601886296953832;4.913269219969742e-16;0.9999999999999996  5.551115123125783e-17  1.1102230246251565e-16  -4.263256414560601e-14  5.551115123125783e-17  1.0  -1.1102230246251565e-16  7.105427357601002e-15  2.7755575615628914e-17  0.0  1.0  2.6645352591003757e-15  0.0  0.0  0.0  1.0
7680147072913;9.333520105944512;2.2997821043363417e-15;1.0000000000000002  6.938893903907228e-18  1.1102230246251565e-16  3.552713678800501e-15  6.938893903907228e-18  1.0000000000000004  -1.457167719820518e-16  -1.4210854715202004e-14  1.6653345369377348e-16  -9.020562075079397e-17  1.0000000000000002  7.105427357601002e-15  0.0  0.0  0.0  1.0
7680147072944;12.394403539673155;3.274814598211817e-15;1.0  -1.1102230246251565e-16  -3.469446951953614e-18  0.0  -2.7755575615628914e-17  1.0000000000000007  1.3877787807814457e-17  1.3322676295501878e-15  1.734723475976807e-17  3.469446951953614e-17  0.9999999999999998  2.220446049250313e-16  0.0  0.0  0.0  1.0
7680147072975;12.294304208336897;5.505468768081674e-16;1.0  0.0  1.3877787807814457e-17  0.0  0.0  1.0  1.1102230246251565e-16  4.440892098500626e-16  0.0  1.6653345369377348e-16  1.0  4.440892098500626e-16  0.0  0.0  0.0  1.0
7680147073006;9.313900341752262;21.412566562079515;-0.5184726661559725  0.7859433769116001  -0.3368665948679219  -26.891740540667513  0.6022697858768051  0.6153006901617848  0.5086021684050698  33.310452221491886  0.6070067540555253  0.060811750305533596  -0.7923665386396328  -31.251885070168544  0.0  0.0  0.0  1.0
7680147073037;7.440136743478575;3.1726210558686815e-15;1.0  -5.551115123125783e-17  2.7755575615628914e-17  0.0  -5.551115123125783e-17  1.0  5.551115123125783e-17  1.7763568394002505e-15  5.551115123125783e-17  5.551115123125783e-17  1.0000000000000002  3.552713678800501e-15  0.0  0.0  0.0  1.0
7680147073068;14.611712831992941;1.3246368564598223e-15;1.0000000000000002  0.0  2.7755575615628914e-17  2.842170943040401e-14  -1.6653345369377348e-16  1.0  5.551115123125783e-17  -1.7763568394002505e-14  5.551115123125783e-17  2.7755575615628914e-17  1.0  5.329070518200751e-15  0.0  0.0  0.0  1.0
7680147073099;5.832775396124054;5.151967856450194e-15;1.0  -2.220446049250313e-16  0.0  0.0  -2.220446049250313e-16  1.0  8.326672684688674e-17  -1.0658141036401503e-14  5.551115123125783e-17  1.3877787807814457e-16  1.0  1.7763568394002505e-15  0.0  0.0  0.0  1.0
