# fmr_benchmark.py --model_path=/root/fmr_benchmark/result/fmr_model_7scene.pth --voxel_size=0.1 --n_iter=10 --input_txt=/neural_comparison/point_clouds_registration_benchmark//eth/apartment_global.txt --input_pcd_dir=/neural_comparison/point_clouds_registration_benchmark//eth/apartment/ --output_dir=/root/neural_registration_comparison/results/FMR/7scene
id;initial_error;final_error;transformation
13001298760030;4.310263072930483;6.113040922811118;0.96397036  -0.19527622  -0.1806331  -2.7389927  -0.19608065  -0.062743366  -0.9785784  -3.4820328  0.17975958  0.97873914  -0.098772615  8.433387  0.0  0.0  0.0  1.0
13001298760061;11.165739862422033;3.25336821937848;0.22352014  -0.9707137  0.08805737  -2.1436706  0.7704371  0.1206167  -0.62600195  -2.0598984  0.5970472  0.20776668  0.77483386  -8.065057  0.0  0.0  0.0  1.0
13001298760092;4.041875262067823;2.0067638211964396;0.57550824  -0.75881404  -0.30494538  -2.136105  0.5358508  0.63158464  -0.56032586  -3.571915  0.6177819  0.15906698  0.77009314  0.4406073  0.0  0.0  0.0  1.0
13001298760123;2.6347404064812237;4.874938811520443;0.9165268  0.28215814  0.28348777  -3.3974009  -0.048823737  0.78239036  -0.6208717  -0.9597714  -0.39698204  0.55520463  0.73085773  2.1684532  0.0  0.0  0.0  1.0
13001298760154;4.655949543134552;0.8799672665272869;0.15774739  -0.9740017  -0.16259253  -3.3143954  0.85456234  0.05214525  0.51672435  -2.865724  -0.49481198  -0.2204575  0.840571  -4.412928  0.0  0.0  0.0  1.0
13001298760185;11.526736439495075;3.62111220026223;0.26965615  0.2195634  0.93759125  7.767478  -0.07784195  0.9754427  -0.20603964  3.9112158  -0.95980537  -0.017424084  0.2801254  -2.5102365  0.0  0.0  0.0  1.0
13001298760216;5.6572197072150425;0.7048329506066279;0.8747309  -0.14928009  -0.4610437  5.129442  0.31417993  0.899039  0.304991  -4.132057  0.36896735  -0.41163573  0.83331823  3.3819337  0.0  0.0  0.0  1.0
13001298760247;2.8755933061249292;1.9073606360437634;0.6923161  0.7080648  0.13907766  4.4353256  -0.6840003  0.70534223  -0.18610801  1.6492903  -0.2298739  0.033716444  0.9726363  4.3395414  0.0  0.0  0.0  1.0
13001298760278;3.489631205271557;0.917839029233976;0.6633986  -0.3990439  0.63298166  1.2071227  0.6908045  0.65171045  -0.3131496  -4.342304  -0.28756043  0.64500964  0.7080053  3.1478944  0.0  0.0  0.0  1.0
13001298760309;15.033436311598187;7.890291321634152;0.6816753  -0.7080525  -0.18433821  -4.3233485  0.1836372  0.4094556  -0.89365727  -0.46076202  0.70823455  0.57533264  0.40914044  6.791139  0.0  0.0  0.0  1.0
13001298760340;6.506989460822594;4.0172439279441186;-0.011009298  0.12705825  0.9918343  10.610241  -0.24603485  -0.9617451  0.12047278  -4.018757  0.96919835  -0.24269962  0.041848958  -3.6726792  0.0  0.0  0.0  1.0
13001298760371;4.91629017563752;3.2778129172998614;0.73244166  0.46758673  -0.4948654  1.5411336  -0.45978698  0.8757809  0.14698222  5.7142124  0.5021206  0.1198767  0.85644877  5.1836743  0.0  0.0  0.0  1.0
13001298760402;8.540013131131722;0.9506862234058803;0.43223417  0.06839381  0.89916396  -3.4089525  0.1605417  -0.9870268  -0.0020965226  -4.216727  0.8873557  0.1452594  -0.43760672  -1.6305132  0.0  0.0  0.0  1.0
13001298760433;5.8803617295845045;4.9100634448355525;0.77568823  0.43432242  -0.45789886  3.2239518  -0.42834833  0.8951445  0.123425804  1.8400986  0.46349236  0.10040031  0.8803946  -0.4840144  0.0  0.0  0.0  1.0
13001298760464;2.166048600398045;4.647951055533178;0.5382384  -0.781639  -0.31518242  2.1557856  0.78441715  0.32784805  0.526503  0.5623231  -0.30820343  -0.53061867  0.78959143  3.736117  0.0  0.0  0.0  1.0
13001298760495;4.352922081343947;3.3296841945580393;0.91335845  -0.32634747  0.24346188  -3.6730697  0.3068988  0.9447619  0.11505703  -2.8786972  -0.2675621  -0.030370139  0.96306187  -1.291507  0.0  0.0  0.0  1.0
13001298760526;3.427592892868579;2.2593246415922814;0.4902843  -0.06628373  0.86903846  0.9450784  0.26017454  0.9627716  -0.073349394  3.2777607  -0.8318235  0.26206368  0.48927706  3.9078727  0.0  0.0  0.0  1.0
13001298760557;8.921254112295115;2.6009867390226606;0.95785934  -0.008249879  0.28711987  -1.1148849  0.2650418  0.4106866  -0.87240446  -0.033543825  -0.11071905  0.9117393  0.39556655  12.675016  0.0  0.0  0.0  1.0
13001298760588;5.635777697146662;2.0135004281791122;0.43075764  -0.8954069  -0.1126696  -4.9892983  0.77646327  0.30408615  0.55193895  4.07668  -0.45994866  -0.3252357  0.82623786  1.324995  0.0  0.0  0.0  1.0
13001298760619;9.801579940171315;2.46683796304692;0.7819224  -0.6154194  -0.09928001  0.9980922  0.09565155  0.2758236  -0.9564373  3.6766293  0.6159939  0.73836327  0.27453837  -2.390998  0.0  0.0  0.0  1.0
13001298760650;5.928008986154682;2.045358578348727;0.0811195  -0.37945938  0.92164546  1.7423526  0.93515897  -0.29092616  -0.20208882  0.33620048  0.34481528  0.87827826  0.33125487  2.9281588  0.0  0.0  0.0  1.0
13001298760681;3.926177848256171;1.6968618329925833;0.8069954  -0.5633374  0.17722762  -6.752794  0.50261676  0.8127269  0.29470572  0.9389701  -0.31005645  -0.14874855  0.93900937  0.77713585  0.0  0.0  0.0  1.0
13001298760712;3.640287511906044;1.517800196901718;-0.18673402  0.1604509  0.96921927  0.8034651  0.85633165  -0.45693937  0.2406294  -8.3846655  0.48148364  0.87490666  -0.05207299  0.38354114  0.0  0.0  0.0  1.0
13001298760743;2.23776059014918;2.1543824171387658;-0.07651691  -0.04851354  0.9958873  1.4546396  -0.9862923  0.15013322  -0.06846616  4.2053943  -0.14619419  -0.9874747  -0.0593362  -0.72457266  0.0  0.0  0.0  1.0
13001298760774;5.456665076952151;1.4094572197135424;0.3932262  -0.8511324  0.34777403  2.1315393  0.40476215  0.4998685  0.7657017  0.6702452  -0.82555485  -0.16032828  0.54106766  -2.0369668  0.0  0.0  0.0  1.0
13001298760805;8.825594568085958;3.8167837334505825;0.9314152  -0.01146106  -0.36377817  3.34619  -0.2311123  0.75350773  -0.6154781  8.773889  0.28116357  0.6573393  0.69917953  4.6143637  0.0  0.0  0.0  1.0
13001298760836;4.000188739564292;2.926363562312118;0.7763643  -0.55377275  -0.30098858  1.5839825  -0.29552817  0.10196356  -0.94987714  5.97808  0.55670613  0.82640135  -0.08449462  1.5406554  0.0  0.0  0.0  1.0
13001298760867;4.334456072611078;4.593258436560634;0.18232857  0.2144939  0.9595567  -3.9294698  0.39930683  -0.9079664  0.12708813  0.9107909  0.8985048  0.3599856  -0.25119698  1.2216952  0.0  0.0  0.0  1.0
13001298760898;8.680467736983655;1.7792626679781638;0.59654623  0.54354686  0.59049916  7.9595075  0.016243331  0.7274253  -0.6859949  -6.3809834  -0.8024142  0.4188195  0.42511386  7.7264867  0.0  0.0  0.0  1.0
13001298760929;4.363996845460841;5.161786876885336;-0.22421095  0.26462543  -0.93792474  4.6228113  0.10751863  0.96326923  0.24607378  1.031712  0.9685914  -0.045671985  -0.2444278  -1.4697654  0.0  0.0  0.0  1.0
13001298760960;8.141769742702108;2.403834016096884;0.7974079  0.572075  0.19201736  6.4435134  -0.5064372  0.8074616  -0.3025346  -7.8925905  -0.32811925  0.14399876  0.9335964  -3.0020318  0.0  0.0  0.0  1.0
13001298760991;5.538685950931398;2.3331663151920976;0.74761266  -0.03857917  0.66301346  6.57607  -0.3843954  0.788963  0.4793515  -0.3136779  -0.54158574  -0.6132286  0.57500905  -0.19717813  0.0  0.0  0.0  1.0
13001298761022;8.071467038641245;2.4876271527876006;0.9648452  0.15079305  0.21525611  -2.3749619  0.24873966  -0.25945586  -0.9331726  3.4298055  -0.08486646  0.95390993  -0.28784305  -0.3634479  0.0  0.0  0.0  1.0
13001298761053;9.81526024076362;3.7286888366782147;0.85218596  -0.46369582  0.24241509  -7.6376133  0.16226737  0.6746617  0.7200703  -7.760272  -0.4974417  -0.57429767  0.65018004  0.2104435  0.0  0.0  0.0  1.0
13001298761084;5.591627609591558;6.502136416919934;0.7252826  0.21099359  -0.655322  -3.5353193  -0.50371563  0.8114975  -0.2962139  3.6662571  0.46929294  0.54493475  0.6948459  12.570332  0.0  0.0  0.0  1.0
13001298761115;4.7915878266942675;2.6137502130874313;0.6827898  0.08583098  0.72555566  2.752825  0.39845356  0.7886476  -0.46826234  -5.1676335  -0.61239916  0.608825  0.50428104  6.7933674  0.0  0.0  0.0  1.0
13001298761146;10.139080917100562;5.744578113537731;0.4933222  0.018183393  0.8696565  5.7388067  0.03935481  0.99829113  -0.043197475  -4.6689124  -0.8689559  0.05553543  0.4917636  8.835025  0.0  0.0  0.0  1.0
13001298761177;7.93887486463345;3.386002270825741;0.8222341  -0.5273004  0.21420874  5.380692  0.5661461  0.7191424  -0.4028805  -0.79946876  0.058392495  0.4525355  0.8898325  5.009536  0.0  0.0  0.0  1.0
13001298761208;3.7143332170860712;3.2932475555817327;0.47272453  0.5652274  -0.67605466  7.2048984  -0.880325  0.33729276  -0.3335591  3.8817918  0.039491665  0.752829  0.6570303  5.30387  0.0  0.0  0.0  1.0
13001298761239;9.442007376163867;4.657765335345209;0.20355906  -0.47011536  -0.8588105  8.125347  0.04200729  0.8805623  -0.47206536  3.6505427  0.97816086  0.060016885  0.19899467  3.1782222  0.0  0.0  0.0  1.0
13001298761270;3.3218855709366024;5.4590074541704;-0.44226483  0.03550242  0.8961819  11.734411  0.28853405  -0.9404653  0.17964794  -8.644479  0.8492058  0.33803087  0.4056909  0.32953978  0.0  0.0  0.0  1.0
13001298761301;1.702374455622597;2.030645298255824;0.25227168  0.16554394  -0.95339113  1.5267606  0.4823407  0.83261824  0.2722029  -1.0900514  0.8388723  -0.52852833  0.13019744  -0.18536186  0.0  0.0  0.0  1.0
13001298761332;2.6966908062382884;1.5553448334823796;0.115848534  0.49327925  -0.8621221  6.6550136  0.436247  0.75450116  0.49032295  -5.749939  0.8923382  -0.43290153  -0.12778363  -3.506373  0.0  0.0  0.0  1.0
13001298761363;3.780503688669632;3.243958080504007;0.35923126  -0.15448686  0.92037326  -2.0488005  -0.89993805  0.20379129  0.3854619  0.65510726  -0.24711275  -0.96674883  -0.06582043  -1.4448917  0.0  0.0  0.0  1.0
13001298761394;9.713878523349894;0.6440127424979155;0.92765146  -0.32883418  0.17700484  0.24297523  0.35001284  0.6003186  -0.7191028  -8.534161  0.13020626  0.7290307  0.6719826  6.4434485  0.0  0.0  0.0  1.0
13001298761425;4.539890497597582;3.8456299972284698;0.77684206  -0.5850603  0.23285393  -4.5802803  0.48566878  0.321318  -0.81294554  2.958522  0.40080202  0.74462026  0.5337589  3.632307  0.0  0.0  0.0  1.0
13001298761456;2.8219341713243176;0.7385231125502029;0.5931426  -0.7673973  -0.24348193  0.65411806  0.70612925  0.6411408  -0.3005328  -2.815046  0.38673428  0.0063290484  0.92216945  -4.193997  0.0  0.0  0.0  1.0
13001298761487;4.817878682726937;2.41781494785722;0.64223176  -0.20050314  0.73982215  1.7212716  -0.4455532  0.68772465  0.573164  0.37629175  -0.6237152  -0.6977345  0.35234374  -1.6834543  0.0  0.0  0.0  1.0
13001298761518;2.4163432216525833;3.280284272298566;0.5880139  0.80632335  0.063894436  5.304513  -0.60982454  0.49383634  -0.6198708  3.2391088  -0.5313695  0.32552814  0.78209835  3.9128835  0.0  0.0  0.0  1.0
13001298761549;2.2392274259590965;1.4404266475681906;0.69534385  -0.052367248  -0.71676666  1.7502248  -0.47643268  -0.78028  -0.40518546  -7.8843946  -0.5380601  0.62323415  -0.56751233  6.5409927  0.0  0.0  0.0  1.0
13001298761580;8.570690654168628;2.843094509941185;0.93158555  -0.34623554  -0.11076773  3.1377692  0.36351967  0.8884191  0.2802945  -9.45155  0.0013602797  -0.30138457  0.9535017  6.4161396  0.0  0.0  0.0  1.0
13001298761611;10.391644677470136;0.5379405513633865;0.47930938  0.8092446  0.3396842  4.0319605  -0.8753356  0.46885476  0.11816393  -3.5180998  -0.06363896  -0.35397488  0.9330871  6.2755694  0.0  0.0  0.0  1.0
13001298761642;10.080782196489423;3.462683153065924;0.106659874  -0.22151802  0.9693059  -10.300909  0.7263751  -0.6483451  -0.22809659  -8.367846  0.6789719  0.7284083  0.0917527  6.1580133  0.0  0.0  0.0  1.0
13001298761673;5.377260718947195;5.548243912825997;0.3944252  -0.61130273  0.68610334  -4.8314285  -0.9185455  -0.24073455  0.31356198  3.2649984  -0.026512634  -0.75389385  -0.65646124  5.6841793  0.0  0.0  0.0  1.0
13001298761704;4.0697080635330884;2.776780010729752;0.75286317  0.55216575  0.35820422  6.3806047  -0.3502884  -0.124613434  0.92831564  -2.3009176  0.55722094  -0.82436943  0.099600464  -2.449333  0.0  0.0  0.0  1.0
13001298761735;7.748271368017596;0.1787990941501436;0.08855265  -0.93641186  0.33954525  0.84850407  0.9868271  0.12881117  0.097878404  -8.105294  -0.13539165  0.3264051  0.93548334  10.482349  0.0  0.0  0.0  1.0
13001298761766;4.3143958585213165;2.6499537212168143;0.64963925  0.73984  0.17494467  1.3625783  -0.7395986  0.6682995  -0.079810195  0.7465718  -0.17596218  -0.07754101  0.98133826  3.2680078  0.0  0.0  0.0  1.0
13001298761797;8.231005951784896;2.374610215557293;0.75528693  -0.22089319  0.6170477  -3.4038377  0.5607594  -0.26953748  -0.7828782  2.8246474  0.33924994  0.937313  -0.07971017  4.796768  0.0  0.0  0.0  1.0
13001298761828;4.4334073516756565;0.3271118325881188;0.7411054  -0.54942775  -0.3858657  -5.4002767  0.6585429  0.70676506  0.25846615  -3.9960093  0.13070792  -0.44565964  0.88560873  -0.21245909  0.0  0.0  0.0  1.0
13001298761859;2.6655230457662435;2.0255161816124954;0.7656731  -0.2836257  -0.57732236  1.8013214  -0.14055367  0.80207366  -0.58045036  -2.8613532  0.62768555  0.52557975  0.57426155  2.831347  0.0  0.0  0.0  1.0
13001298761890;6.637126318209209;2.179538066846709;0.9230259  0.32308412  0.2089008  7.4813585  -0.30332962  0.9451146  -0.12144717  -2.320221  -0.23667291  0.048733056  0.9703664  0.28068256  0.0  0.0  0.0  1.0
13001298761921;6.263021266226115;3.6333717008013666;0.95816916  0.18901107  0.21491037  1.733462  0.021599041  0.70100784  -0.7128263  -4.71386  -0.28538597  0.68765  0.66760176  8.039765  0.0  0.0  0.0  1.0
13001298761952;8.524152599894595;4.527854886941627;0.29379916  0.76251566  0.5764127  12.151648  -0.6292275  0.6082231  -0.48387748  -3.9074087  -0.7195517  -0.22053197  0.65849155  4.024305  0.0  0.0  0.0  1.0
13001298761983;3.259695949088397;0.11943844173624932;0.9789146  -0.19083154  -0.07286701  1.7889508  0.1202326  0.24989825  0.96077865  -1.9124312  -0.16513747  -0.949281  0.26757318  -5.1310444  0.0  0.0  0.0  1.0
13001298762014;4.304140440760447;3.9923889786040974;-0.12963676  -0.7956805  0.5916815  -0.85640526  -0.3290919  -0.5283674  -0.78264064  -4.511656  0.935357  -0.2961766  -0.19335619  -1.1768222  0.0  0.0  0.0  1.0
13001298762045;5.169410619190491;3.9919269844866614;0.8716912  0.19299889  0.45045048  -3.2212863  0.048518233  0.88067853  -0.4712233  2.0289257  -0.4876476  0.4326164  0.7583157  -0.07869339  0.0  0.0  0.0  1.0
13001298762076;7.251100765186261;0.8218159060646897;0.3007174  -0.79802555  0.5222299  0.62305975  0.91042936  0.07711657  -0.4064128  -2.307208  0.28405526  0.5976689  0.7497363  6.9857597  0.0  0.0  0.0  1.0
13001298762107;3.6083033742486865;2.274775049642094;0.5184108  0.26939923  0.8115875  -3.1956646  -0.56605685  -0.6032683  0.5618248  0.34379005  0.6409601  -0.7506607  -0.16024536  0.5787754  0.0  0.0  0.0  1.0
13001298762138;7.232928857269941;6.148318877082061;0.5472418  -0.32540557  -0.77112764  1.2459464  -0.03886492  0.91045403  -0.41178036  1.0204892  0.8360718  0.25531322  0.48559147  3.5696077  0.0  0.0  0.0  1.0
13001298762169;6.764347421644368;1.8940945774426385;0.52452445  -0.36171332  0.7707383  -8.316006  0.69121873  -0.347615  -0.63354594  -2.0964715  0.49708226  0.8650591  0.06769039  3.0172918  0.0  0.0  0.0  1.0
13001298762200;2.173201777732865;1.0347520883972379;0.21241033  -0.8107762  -0.54545784  1.0506229  0.84762585  0.4306184  -0.30999738  -3.931921  0.48622248  -0.39649746  0.77870244  -2.8529887  0.0  0.0  0.0  1.0
13001298762231;5.881331751981235;2.6832941522079894;0.9822555  -0.13045792  -0.13473968  -0.4148152  -0.04029388  0.5548578  -0.8309689  -4.2404556  0.18316786  0.8216529  0.53975546  3.0773027  0.0  0.0  0.0  1.0
13001298762262;12.753530724937347;4.820253960397613;0.79408866  0.34111148  0.50305676  -3.3157396  -0.51564693  0.81624496  0.26048508  10.172025  -0.32176307  -0.46624795  0.82406396  -6.25354  0.0  0.0  0.0  1.0
13001298762293;4.0873319758586355;2.3873282514968173;0.9475327  -0.039973505  -0.31714958  1.5536726  0.22451176  0.78946674  0.57125884  -0.24909401  0.22754379  -0.61249036  0.7570199  0.7034142  0.0  0.0  0.0  1.0
13001298762324;5.257805486369847;0.570700991809876;0.6166291  -0.48979533  -0.6163351  0.42893672  0.39745992  0.86947787  -0.2933159  -0.76216114  0.6795542  -0.06410129  0.73081946  1.606433  0.0  0.0  0.0  1.0
13001298762355;3.940223826782666;2.0979644324486237;0.42544556  -0.9005166  0.08980968  -1.8852415  0.069551304  -0.066409834  -0.99536556  0.046936095  0.9023074  0.4297202  0.03437824  1.0825536  0.0  0.0  0.0  1.0
13001298762386;9.483249247669189;1.5291378543651264;0.6514939  0.7555186  -0.06890382  11.011227  0.24343759  -0.29420888  -0.9242181  -6.6483536  -0.71853614  0.5853486  -0.37559685  -0.43400013  0.0  0.0  0.0  1.0
13001298762417;6.696026314562576;2.503201214244027;0.91237146  0.40521917  0.058102142  -1.5259991  -0.39934805  0.9122424  -0.091295525  -0.6369512  -0.08999798  0.06009245  0.99412745  -2.7034678  0.0  0.0  0.0  1.0
13001298762448;6.742317045442832;2.063400284992361;0.48996055  -0.41772816  0.7651418  3.6100156  0.82200783  0.51361865  -0.24596547  -5.4553766  -0.29024434  0.74946594  0.5950286  -3.0363228  0.0  0.0  0.0  1.0
13001298762479;4.7976364578938275;0.14504944113818818;0.47404486  0.7957956  0.37681714  3.5705857  -0.8372839  0.53984076  -0.08676034  2.4751015  -0.27246478  -0.27437457  0.9222156  -5.499627  0.0  0.0  0.0  1.0
13001298762510;3.641411788076855;2.382565043094385;0.7922028  -0.6021488  0.09915485  -0.5072967  0.16169898  0.05044656  -0.98555  3.8157527  0.5884457  0.79678845  0.13733076  0.51720405  0.0  0.0  0.0  1.0
13001298762541;3.070002262790549;2.292036020010301;0.97086906  -0.23355012  0.05354981  -1.1857306  0.23489664  0.88358295  -0.40509832  0.29456925  0.047294986  0.40587607  0.91270363  -0.6125437  0.0  0.0  0.0  1.0
13001298762572;5.3165421424298245;0.43340244032829167;0.7796423  0.6155005  -0.11540076  4.279021  -0.60537887  0.6936289  -0.39037842  2.6140525  -0.16023274  0.37421668  0.9133931  -1.9244559  0.0  0.0  0.0  1.0
13001298762603;8.701034267553123;4.15992702728247;0.8569043  0.43577445  0.27534613  2.0492876  -0.48649925  0.5071239  0.7114379  1.5413027  0.17039193  -0.74358976  0.6465606  2.3335886  0.0  0.0  0.0  1.0
13001298762634;3.6983118308243395;5.485134413113863;0.5037364  -0.8631819  -0.03415454  2.7154016  0.86363727  0.50232166  0.04247104  -0.73683465  -0.019503653  -0.050891332  0.9985138  2.4303486  0.0  0.0  0.0  1.0
13001298762665;3.264462073407414;5.758727136527199;0.13523325  -0.36992332  -0.9191674  6.761156  0.1557765  0.9240902  -0.34898573  -0.14022636  0.97849154  -0.095990196  0.18259326  -0.26409054  0.0  0.0  0.0  1.0
13001298762696;11.28400940315467;2.5735038584171965;0.8525978  0.46067563  -0.2466878  2.9576795  -0.52204835  0.77190894  -0.36279783  -2.971565  0.023288341  0.43810353  0.89862275  6.1622934  0.0  0.0  0.0  1.0
13001298762727;5.9914853246080435;2.1726041068451933;0.10327454  -0.95592606  -0.27484486  5.1552124  0.65082616  0.27390292  -0.7080982  -8.301354  0.7521703  -0.105747655  0.6504288  -6.206652  0.0  0.0  0.0  1.0
13001298762758;2.650189718750765;6.2456920069018045;0.7977246  0.60130227  0.045506362  3.4280682  -0.5670692  0.7223576  0.39576796  5.6781087  0.20510425  -0.3415191  0.9172223  2.170004  0.0  0.0  0.0  1.0
13001298762789;12.47752396560415;3.751994218320219;0.7428254  -0.22753763  0.6296325  -1.6653581  0.3889442  0.9121522  -0.129232  8.913351  -0.5449154  0.34088874  0.7660692  7.6185374  0.0  0.0  0.0  1.0
13001298762820;2.5113803815995865;2.003871282483445;0.24969573  -0.95791173  -0.14162448  -1.3149183  0.87723166  0.2857039  -0.38579503  -5.098594  0.41002014  -0.027906047  0.91164947  -3.5094688  0.0  0.0  0.0  1.0
13001298762851;8.315224491879562;0.12845542025891432;0.28848597  -0.83468324  -0.4691263  4.4316897  0.87200004  0.026669763  0.48877874  -1.9691026  -0.39546412  -0.550084  0.73553765  4.481262  0.0  0.0  0.0  1.0
13001298762882;7.127338882949794;2.2727321028402225;0.58009684  -0.7230618  -0.37505946  4.629998  0.7134683  0.67320055  -0.19432923  -2.1207693  0.3930024  -0.15486322  0.906403  -5.7695975  0.0  0.0  0.0  1.0
13001298762913;2.3308338239256097;3.3380007503625015;0.18659247  0.61503255  -0.76610595  9.745725  0.84862804  0.2919907  0.44110277  -6.562934  0.49498838  -0.73244536  -0.4674506  -1.667983  0.0  0.0  0.0  1.0
13001298762944;13.120560348922597;5.039061186775356;0.58739036  -0.7991639  0.12771028  -2.68664  0.5007515  0.48285878  0.71839803  -11.409618  -0.6357837  -0.35802904  0.68380874  4.2914543  0.0  0.0  0.0  1.0
13001298762975;11.342250680316473;4.070804352564082;0.27820024  -0.78408533  -0.5548107  8.671265  0.96052057  0.22577927  0.16255453  -14.921211  -0.0021919534  -0.5781299  0.8159418  -4.315365  0.0  0.0  0.0  1.0
13001298763006;4.458598501776789;1.5389998848423858;0.6944182  -0.69642943  0.18102345  -4.3345275  0.69843245  0.59181106  -0.40243244  1.2057695  0.17313406  0.40588903  0.8973734  3.6054018  0.0  0.0  0.0  1.0
13001298763037;6.669679305647058;0.42705324859703425;0.53437  -0.8435177  0.05409616  -5.3441353  0.6783622  0.38980272  -0.6227988  -8.080793  0.50425506  0.36950195  0.7805096  -6.41184  0.0  0.0  0.0  1.0
13001298763068;2.7376255445017748;3.689351667638377;0.766301  -0.49680787  0.40738696  -4.69341  0.6351171  0.49003217  -0.5970714  -3.2832584  0.09699712  0.71627516  0.6910437  2.488522  0.0  0.0  0.0  1.0
13001298763099;6.456555758447102;1.7636218662398429;0.7024282  -0.60929793  0.36790013  -7.9743614  0.2105964  -0.31582865  -0.9251495  -3.5179405  0.67988515  0.72732973  -0.09353094  -2.9515698  0.0  0.0  0.0  1.0
