# fmr_benchmark.py --model_path=/root/fmr_benchmark/result/fmr_model_7scene.pth --voxel_size=0.1 --n_iter=10 --input_txt=/neural_comparison/point_clouds_registration_benchmark//planetary/box_met_global.txt --input_pcd_dir=/neural_comparison/point_clouds_registration_benchmark//planetary/box_met/ --output_dir=/root/neural_registration_comparison/results/FMR/7scene
id;initial_error;final_error;transformation
7680147070030;7.545142564026325;8.899092216686904;0.06348743  0.17172216  0.9830976  -66.67853  -0.9979729  0.015316635  0.061772794  -74.570564  -0.004450038  -0.9850266  0.17234656  -2.0034022  0.0  0.0  0.0  1.0
7680147070061;10.640927348979892;11.626390480760078;0.9899533  -0.043263774  -0.13461535  8.365967  0.04671838  0.9986522  0.022609232  14.144381  0.13345575  -0.028671063  0.9906401  27.48599  0.0  0.0  0.0  1.0
7680147070092;9.025949398967478;5.842441623092839;0.27704665  0.08271627  0.9572895  -42.703735  -0.6285173  0.7691818  0.11543503  -63.75395  -0.72678155  -0.63365394  0.26508778  -49.088257  0.0  0.0  0.0  1.0
7680147070123;4.786994751420969;10.999239788077363;0.99169123  0.106001586  0.07288583  9.0797615  0.0102156345  0.49989867  -0.86602366  2.8269882  -0.12823544  0.8595725  0.49466237  -32.39508  0.0  0.0  0.0  1.0
7680147070154;3.758201806177061;7.206916006992392;0.46647644  -0.17074516  -0.8678974  -32.10814  -0.8010767  0.3345042  -0.49637005  -34.074677  0.37506825  0.9267972  0.019258425  37.5846  0.0  0.0  0.0  1.0
7680147070185;16.67684111957192;14.873136714636292;0.95164984  -0.2896263  0.102366984  -16.614159  0.28938305  0.9570526  0.017546782  52.061443  -0.10305257  0.01292487  0.9945919  -4.3118644  0.0  0.0  0.0  1.0
7680147070216;7.156480741338333;10.899153301358576;0.13771021  0.3579315  0.9235371  -57.47929  -0.93658924  0.3504078  0.00385046  -40.768345  -0.32223645  -0.86550546  0.38348967  -15.974667  0.0  0.0  0.0  1.0
7680147070247;4.543534343953617;9.819117876553094;0.7563745  -0.63287437  -0.16543071  -33.299995  0.12575896  0.38886786  -0.9126701  -3.8271494  0.64193624  0.6695161  0.37371942  52.72723  0.0  0.0  0.0  1.0
7680147070278;7.860981056932645;9.092268671049814;0.60746217  -0.78917634  0.090500414  -16.319672  0.45851493  0.25532275  -0.85121924  45.900585  0.6486554  0.55857927  0.51694816  27.929907  0.0  0.0  0.0  1.0
7680147070309;12.215977712507863;10.12526559228071;0.9812957  0.18364559  -0.0577317  -8.547829  -0.14709426  0.9087586  0.39053994  -12.5888405  0.12418512  -0.3747432  0.9187739  5.9153075  0.0  0.0  0.0  1.0
7680147070340;9.621420397831704;10.717482663546813;0.8319157  0.14730954  0.53499174  7.3768945  -0.5257117  0.51781094  0.6749067  1.7219105  -0.17760429  -0.84271693  0.50821733  31.790977  0.0  0.0  0.0  1.0
7680147070371;4.530868242072095;11.942756588014273;0.29095718  -0.41834003  -0.8604275  -18.49039  0.6310572  0.7598768  -0.15605767  22.499493  0.71910405  -0.4975728  0.48508826  25.429352  0.0  0.0  0.0  1.0
7680147070402;11.153677535127484;12.658262118305181;0.7763377  0.2281259  0.5875872  -4.962863  -0.3732132  0.9175968  0.13685097  -16.399738  -0.50794876  -0.3255379  0.7975044  5.458657  0.0  0.0  0.0  1.0
7680147070433;6.5184452478862145;10.747172192696222;0.46580738  -0.012657964  0.88479567  -21.883724  0.8765949  0.14315887  -0.45944214  13.530033  -0.12085055  0.9896187  0.07778036  1.7173305  0.0  0.0  0.0  1.0
7680147070464;13.779157687380561;16.657849392759264;0.52683365  -0.2929497  0.79788893  -20.48013  -0.4677846  0.68384004  0.55994684  -15.324499  -0.7096647  -0.6682388  0.22323245  -21.79888  0.0  0.0  0.0  1.0
7680147070495;6.966857954116943;11.283845296913382;0.99740773  -0.04457131  -0.056491572  -12.315063  0.05649003  0.9713055  0.23102966  29.527828  0.044573277  -0.23362193  0.9713053  4.7181606  0.0  0.0  0.0  1.0
7680147070526;7.628096648499513;9.221291283973446;-0.17300507  -0.93986475  0.29448855  -22.674263  0.44393766  -0.34131423  -0.828507  36.783157  0.8791978  -0.012601376  0.4762904  26.207083  0.0  0.0  0.0  1.0
7680147070557;12.205670442716103;10.863337439370481;0.21616386  -0.86971706  -0.4436953  -35.813904  0.8449612  0.3943342  -0.36130464  84.22858  0.48919705  -0.29680425  0.820118  76.948555  0.0  0.0  0.0  1.0
7680147070588;13.972589640073979;9.212323908477842;0.34892702  0.0616935  0.935117  -51.815468  -0.66449475  0.71990675  0.2004526  -75.951225  -0.6608303  -0.6913237  0.29218978  -71.03663  0.0  0.0  0.0  1.0
7680147070619;9.983295415447671;8.45807356466416;0.7095786  0.7019832  0.060973372  -12.509779  -0.34921128  0.42550495  -0.83486354  -20.702417  -0.61200464  0.5711088  0.5470696  19.04707  0.0  0.0  0.0  1.0
7680147070650;4.983189947689928;16.535201557925298;0.9612406  -0.2747435  -0.02307858  5.200875  0.2722204  0.9324621  0.23750888  -20.902985  -0.043734152  -0.2345856  0.9711111  6.9623213  0.0  0.0  0.0  1.0
7680147070681;5.27419459849476;8.157848543276891;0.99622184  -0.021230476  -0.084209055  -10.458252  0.04625225  0.95040137  0.30756786  -0.4452095  0.07350257  -0.31030077  0.9477926  11.078966  0.0  0.0  0.0  1.0
7680147070712;11.641877588335147;14.61293746625688;0.60603994  -0.7078694  -0.36281735  20.14925  0.65315  0.7031854  -0.28093642  29.27313  0.45399407  -0.06671544  0.88850325  14.674515  0.0  0.0  0.0  1.0
7680147070743;6.384964019908019;2.9184584345543834;0.7543237  -0.5555563  -0.34978962  -26.002594  0.47546408  0.8297051  -0.29244432  54.9141  0.45269135  0.054285247  0.8900132  35.26684  0.0  0.0  0.0  1.0
7680147070774;9.308681266179983;11.200754420705913;0.7949708  -0.385533  -0.46838647  7.289688  0.4375191  0.89920586  0.0024370602  52.113335  0.4202364  -0.20686536  0.8835205  30.05595  0.0  0.0  0.0  1.0
7680147070805;5.341016807889507;8.10390585221986;0.62319285  0.706159  0.33611038  -50.034  -0.6010465  0.707429  -0.37187022  -63.33742  -0.5003736  0.02972888  0.8652989  -36.269447  0.0  0.0  0.0  1.0
7680147070836;8.83474922596794;10.62735983623023;0.8188286  -0.058300998  -0.5710699  -22.06414  0.24814016  0.93302965  0.2605419  -10.767986  0.51763546  -0.3550445  0.778458  46.54629  0.0  0.0  0.0  1.0
7680147070867;6.947504424693243;8.275956488547571;0.99287474  0.09662729  0.06973377  -17.790684  -0.1020428  0.38723424  0.9163169  4.0014567  0.06153798  -0.9169039  0.39433536  11.7506695  0.0  0.0  0.0  1.0
7680147070898;5.179162324391041;9.135084090128968;0.8858603  -0.18295588  0.42635506  2.5714493  0.44433817  0.5989377  -0.66621095  45.17471  -0.13347289  0.7796155  0.6118697  -16.37409  0.0  0.0  0.0  1.0
7680147070929;8.172064813793584;7.422918048491881;0.7504891  -0.5723032  -0.33050728  14.02832  0.50183845  0.81890684  -0.27847692  43.613632  0.43002805  0.04313271  0.90178466  42.76842  0.0  0.0  0.0  1.0
7680147070960;5.592350345683874;10.887679251960424;-0.6266534  -0.47685808  0.61637026  -98.19301  -0.36538088  -0.5188216  -0.7728656  7.830311  0.6883333  -0.7095287  0.15088633  39.967163  0.0  0.0  0.0  1.0
7680147070991;17.111542984644494;14.739840721033076;0.9700779  0.2306548  -0.07581047  10.556747  -0.24246377  0.9040464  -0.3520104  -15.506161  -0.012656667  0.3598588  0.9329209  -20.305525  0.0  0.0  0.0  1.0
7680147071022;5.465700088476111;7.159580813356463;0.08053192  -0.082940474  -0.99329513  -36.01379  0.775094  0.6317655  0.010088461  40.283016  0.62669295  -0.7707095  0.11516379  26.244709  0.0  0.0  0.0  1.0
7680147071053;12.380450498325937;8.409401661097553;0.89256763  -0.30960563  -0.32782176  13.644165  0.33203602  0.94317317  0.013278213  17.244791  0.30508173  -0.12070033  0.9446462  26.540594  0.0  0.0  0.0  1.0
7680147071084;11.24151184560079;7.649428334233095;0.9739018  0.122023255  0.19137742  13.414566  -0.022166427  0.8902912  -0.454852  -14.675887  -0.22588412  0.43873903  0.86976105  -20.330849  0.0  0.0  0.0  1.0
7680147071115;12.186275917515337;9.155336914419946;0.8963341  -0.35533664  -0.26518092  -29.029701  0.20490512  0.8623701  -0.46296003  0.03781414  0.39319068  0.36063  0.845782  34.426258  0.0  0.0  0.0  1.0
7680147071146;10.370232338681536;10.34325853609675;0.8678698  -0.488413  -0.090856396  28.291689  0.49678794  0.8524997  0.16262189  11.221285  -0.0019715684  -0.18627094  0.98249626  -1.8631763  0.0  0.0  0.0  1.0
7680147071177;13.127472395246876;14.040908909524548;0.9498882  -0.14067484  0.27914673  -6.9554152  -0.02465158  0.85652006  0.5155248  -23.987698  -0.31161618  -0.49657235  0.8101306  -10.807417  0.0  0.0  0.0  1.0
7680147071208;5.015205061296216;8.64860007894084;0.84194654  0.34747916  -0.4127767  -25.02344  -0.069393024  0.82840407  0.55581623  18.809004  0.53508043  -0.43932348  0.72158426  21.939732  0.0  0.0  0.0  1.0
7680147071239;9.396380850619304;10.253369001496061;0.6611469  -0.7354517  -0.14830971  0.8129883  0.17924437  0.34679234  -0.9206554  48.007668  0.7285302  0.5821048  0.36110625  49.268276  0.0  0.0  0.0  1.0
7680147071270;4.313719515461572;6.728957710317578;0.5926304  0.56701595  0.5720858  -24.112818  -0.17747201  0.78471154  -0.59391207  10.810705  -0.7856799  0.2504412  0.5656733  -45.240566  0.0  0.0  0.0  1.0
7680147071301;6.640988953970737;8.752758573644062;0.9642036  -0.24377833  0.104325086  -6.987175  0.23057322  0.965103  0.124146566  32.915768  -0.13094868  -0.09564799  0.98676443  -25.176561  0.0  0.0  0.0  1.0
7680147071332;4.27645581861147;7.815642687142924;0.9059883  0.41808587  -0.066254005  -19.137865  0.030362906  0.09192926  0.9953026  33.316833  0.42221263  -0.903744  0.07059249  20.323296  0.0  0.0  0.0  1.0
7680147071363;8.04771944655425;4.817103056325316;0.75241816  -0.22322506  0.61970764  -17.898857  -0.5142402  0.38884655  0.7644314  -51.228275  -0.41161165  -0.89385056  0.17778397  -26.536545  0.0  0.0  0.0  1.0
7680147071394;5.63815225752638;8.712215651240161;0.94115627  0.10743124  -0.3204424  -7.636986  0.14504829  0.7279819  0.67007715  24.504608  0.30526346  -0.6771268  0.6695622  20.943623  0.0  0.0  0.0  1.0
7680147071425;4.625670255377578;7.281989835634118;0.9413584  -0.19954513  -0.27207744  1.8261719  0.10763913  0.9418451  -0.31834176  -6.326378  0.31977844  0.27038762  0.90809274  4.682986  0.0  0.0  0.0  1.0
7680147071456;10.74094788718979;9.61375736121859;0.9491178  -0.04789795  0.31125757  0.62309265  0.2547714  0.6977541  -0.6695005  0.9219122  -0.18511352  0.7147343  0.67445385  -29.349846  0.0  0.0  0.0  1.0
7680147071487;5.184679137576186;5.6782076009335976;0.09820522  -0.96746194  -0.23318042  27.035496  0.5849139  0.24568196  -0.77299166  13.526978  0.8051283  -0.060478553  0.5900091  13.263176  0.0  0.0  0.0  1.0
7680147071518;11.144942838730964;6.181844226722381;0.97396535  -0.10354459  -0.20166785  2.057747  0.10884142  0.9939409  0.015325093  0.5813446  0.19885913  -0.036875922  0.9793341  10.111206  0.0  0.0  0.0  1.0
7680147071549;4.676713798522656;7.833636732619757;0.75996196  0.094723895  0.643028  -13.870583  -0.54374814  0.63465405  0.5491375  -36.54774  -0.3560841  -0.7669691  0.5338189  -22.439068  0.0  0.0  0.0  1.0
7680147071580;8.191691152633943;8.065484934014021;-0.04588682  0.9846755  0.16825049  -36.495102  -0.851186  0.049615204  -0.5225138  -9.764324  -0.5228542  -0.16718902  0.83586544  -15.109076  0.0  0.0  0.0  1.0
7680147071611;7.069420748707525;5.020177057572442;0.9499833  0.03190254  0.3106669  -2.0764236  0.28200388  0.33978775  -0.897228  40.666126  -0.1341847  0.93996096  0.31379598  -63.366577  0.0  0.0  0.0  1.0
7680147071642;6.993248842026112;2.125223174509757;0.5644034  0.40027994  0.7219587  -59.717937  0.16347675  0.8030546  -0.5730432  29.463923  -0.8091501  0.44145122  0.38781035  -101.916336  0.0  0.0  0.0  1.0
7680147071673;7.041527509178438;6.779400385824988;0.22079697  0.52232397  0.8236664  -13.410197  -0.22763231  0.8487837  -0.47723138  1.867281  -0.94838405  -0.08212188  0.30630678  -22.2361  0.0  0.0  0.0  1.0
7680147071704;12.282268918916616;11.210440950521615;0.3919007  -0.71807146  -0.5751411  -22.61024  0.830561  0.5450249  -0.114527225  57.240135  0.39570495  -0.43280637  0.8099977  40.86815  0.0  0.0  0.0  1.0
7680147071735;4.789281163838539;10.08259812558168;0.14539844  0.9658071  0.21465334  -85.433655  -0.28517672  0.24866222  -0.9256572  -6.858143  -0.9473825  0.07337493  0.31158063  -90.87164  0.0  0.0  0.0  1.0
7680147071766;3.5325422548569234;4.488430482008235;-0.09537255  0.88925874  -0.44735125  -29.065964  0.12110822  -0.43569565  -0.89190924  21.513477  -0.988047  -0.13924146  -0.06614327  -3.246356  0.0  0.0  0.0  1.0
7680147071797;10.169462042227867;5.17016616403468;0.9906541  0.07609209  0.1132026  6.4747124  -0.03583978  0.9459834  -0.32222798  -7.959202  -0.13160676  0.31515923  0.93986917  -31.69955  0.0  0.0  0.0  1.0
7680147071828;7.018945504589687;6.529961460291531;0.35884959  0.07987574  0.9299713  -29.701557  -0.8871784  0.33881828  0.3132356  -26.030191  -0.2900713  -0.9374549  0.19244875  -11.686382  0.0  0.0  0.0  1.0
7680147071859;4.745586814975582;6.362968403574557;0.114772506  -0.33831152  -0.9340092  -33.86871  0.70806146  0.68732864  -0.16195273  36.611576  0.6967616  -0.64274776  0.3184315  51.270947  0.0  0.0  0.0  1.0
7680147071890;12.81657864345006;9.757769104382188;-0.013537366  -0.4127301  -0.9107526  -13.585276  0.5729442  0.743281  -0.34535232  20.299046  0.8194825  -0.5264857  0.22640923  40.51575  0.0  0.0  0.0  1.0
7680147071921;5.809282261310979;9.624329594599567;0.32070544  0.04945507  0.9458869  -52.53456  -0.88804525  0.36302546  0.2821135  -43.105637  -0.32942915  -0.9304657  0.16034262  -11.332044  0.0  0.0  0.0  1.0
7680147071952;7.620338870136215;7.961378910003329;0.122818656  0.8667171  -0.4834428  -41.162163  0.081806116  0.47663155  0.87528855  3.9087229  0.98905176  -0.14705034  -0.012363385  25.792755  0.0  0.0  0.0  1.0
7680147071983;7.6997638172701715;3.93407650562257;0.8434265  0.43324345  0.3176969  -15.891418  0.021143634  0.56411934  -0.8254224  -0.6618967  -0.53682786  0.7029005  0.46663317  -55.523186  0.0  0.0  0.0  1.0
7680147072014;9.996205289495665;8.692142710422685;0.7686674  0.3938693  -0.5040018  0.25575697  0.23583327  0.5579193  0.79568124  -7.880555  0.5945869  -0.7304745  0.33596686  15.939427  0.0  0.0  0.0  1.0
7680147072045;5.258513707654928;5.7839459121127135;0.9734082  -0.06748429  -0.21891163  3.5951195  0.14981273  0.91047233  0.38548183  6.815768  0.17329904  -0.40802696  0.89637125  3.273222  0.0  0.0  0.0  1.0
7680147072076;3.639515910577449;9.818351082984972;0.9644481  -0.11842521  -0.23625278  9.407028  0.15704846  0.97582895  0.15196544  6.454584  0.21254578  -0.18366599  0.95973486  24.296875  0.0  0.0  0.0  1.0
7680147072107;12.029329944120931;6.148388668666001;0.7892152  -0.42533544  -0.4429776  -11.3192215  0.6138571  0.56735325  0.54889864  92.907234  0.01785883  -0.705124  0.708859  23.761177  0.0  0.0  0.0  1.0
7680147072138;7.590759272086863;4.706269054984238;0.8507666  0.5055033  -0.14374459  -23.320238  -0.4521443  0.56461644  -0.6904879  -5.839101  -0.26788333  0.6524376  0.70891744  -8.244463  0.0  0.0  0.0  1.0
7680147072169;13.199001909138557;11.801824100133276;0.81143147  -0.1439832  -0.5664343  11.72682  0.5276897  0.597119  0.6041458  -5.521463  0.2512419  -0.7891246  0.56049967  -12.125726  0.0  0.0  0.0  1.0
7680147072200;7.797457500134239;9.716659206862573;0.29116926  0.041608676  0.9557663  -17.813005  -0.34976137  0.9345205  0.065869235  -24.502403  -0.8904423  -0.3534693  0.28665677  -34.744812  0.0  0.0  0.0  1.0
7680147072231;7.013635733914746;5.792865510037373;0.99337184  -0.114488296  0.010227748  -0.07638025  0.109309964  0.9684488  0.2239601  0.8496742  -0.03554588  -0.22135766  0.97454476  0.5426574  0.0  0.0  0.0  1.0
7680147072262;9.795586278474453;6.947596229321967;0.9692806  -0.1516236  0.1936633  -12.088879  0.24489559  0.66803825  -0.70267415  1.3323231  -0.022832485  0.72851557  0.6846486  -21.16898  0.0  0.0  0.0  1.0
7680147072293;5.948491684290215;6.075618867423637;0.6140261  0.20678195  0.76171714  -45.56375  -0.62746704  0.7133314  0.3121595  -58.223854  -0.47880787  -0.6696266  0.5677531  -34.154636  0.0  0.0  0.0  1.0
7680147072324;9.966999865530171;6.451912295921067;0.5644572  0.44610897  0.69453204  -24.931164  -0.29017177  0.89492077  -0.33899468  -28.973904  -0.7727796  -0.010185702  0.6345925  -56.55669  0.0  0.0  0.0  1.0
7680147072355;6.355915505450699;6.047471042762128;0.90243155  0.26755777  0.33768302  -27.199253  0.2577134  0.29286712  -0.9207673  33.598763  -0.34525472  0.9179552  0.19533934  -47.789898  0.0  0.0  0.0  1.0
7680147072386;11.538831497596764;6.9609741247683665;0.8777336  -0.4678691  -0.10335532  24.866768  0.45010442  0.87907624  -0.15694284  26.162243  0.16428599  0.0912333  0.9821845  22.063433  0.0  0.0  0.0  1.0
7680147072417;7.834517558781045;5.163845474004958;0.2825133  -0.8086367  0.5160356  -60.863983  0.5449163  -0.30744308  -0.780093  52.885086  0.78946346  0.5015829  0.35378247  47.799053  0.0  0.0  0.0  1.0
7680147072448;5.937688742105761;6.560702086426048;0.77115005  -0.6312197  -0.08300239  -11.870047  0.41344982  0.5956598  -0.6886573  3.1310062  0.4841352  0.49674073  0.7203206  9.385143  0.0  0.0  0.0  1.0
7680147072479;5.153023637941118;6.495340544532281;0.768217  0.637622  -0.05727536  -31.084435  -0.59283775  0.6747752  -0.43956992  -18.446028  -0.24163161  0.37164024  0.8963804  -25.626144  0.0  0.0  0.0  1.0
7680147072510;6.2172217632284745;9.305262684807886;0.89181834  0.16405016  0.42160147  -7.0945015  0.1741135  0.73568135  -0.65456676  7.3831363  -0.4175461  0.65716106  0.6275307  3.322151  0.0  0.0  0.0  1.0
7680147072541;5.285545456378999;7.375238534409831;0.5479725  -0.82352805  0.1467238  -26.321053  0.57737404  0.24544293  -0.77871495  50.306126  0.60528123  0.5114291  0.6099797  47.069717  0.0  0.0  0.0  1.0
7680147072572;4.133909065560788;5.525079425965884;0.67453015  -0.7227529  -0.15045667  -9.778671  0.5739032  0.6415615  -0.508954  56.858482  0.46437505  0.2569572  0.84754276  21.609894  0.0  0.0  0.0  1.0
7680147072603;10.395055408305826;9.726783220808564;0.42206547  0.8389265  -0.343603  -38.09002  -0.6860475  0.54333216  0.48386875  8.287144  0.5926208  0.03150376  0.80486506  6.154118  0.0  0.0  0.0  1.0
7680147072634;11.946248221103541;6.390953722276582;0.80206424  0.19789414  0.56349903  -25.434448  0.14460872  0.85108453  -0.5047215  18.25865  -0.57946664  0.4863058  0.65400696  -52.289345  0.0  0.0  0.0  1.0
7680147072665;11.239001405122174;6.605680483329705;0.8688028  0.1954746  -0.45494106  -26.612183  0.055283584  0.87474173  0.48142552  0.6171608  0.49206236  -0.4434146  0.7491715  23.965042  0.0  0.0  0.0  1.0
7680147072696;15.195524521954715;8.69409618930533;0.41219032  -0.53907555  -0.7345044  18.786896  0.4703768  0.81633794  -0.3351688  10.851059  0.78028494  -0.20734051  0.59005517  -1.034853  0.0  0.0  0.0  1.0
7680147072727;7.340738660247694;4.624437372642941;0.66616935  -0.745788  -0.0042970246  -22.169754  0.68713176  0.61599475  -0.3852278  69.33447  0.2899452  0.25367427  0.9228116  38.970894  0.0  0.0  0.0  1.0
7680147072758;6.227684121791451;5.191968738711588;0.68703943  0.7263589  0.019483915  4.6693063  -0.7263069  0.6857094  0.047755748  -5.4040384  0.021327447  -0.046961337  0.998669  -3.028991  0.0  0.0  0.0  1.0
7680147072789;6.6370184400482515;5.0969620058970415;0.69220155  -0.7132968  -0.109840974  6.1150146  -0.07608819  0.07922067  -0.99394923  3.1728196  0.71768224  0.6963707  0.00056325644  -8.444665  0.0  0.0  0.0  1.0
7680147072820;9.269844301300596;5.809622252345698;0.6361307  0.09470362  0.7657473  -51.699318  -0.6672416  0.5658884  0.48431262  -64.2397  -0.3874616  -0.8190248  0.4231692  -42.44288  0.0  0.0  0.0  1.0
7680147072851;4.298249925112131;7.322446999132373;0.97882545  0.09300777  -0.18234628  -7.405301  0.17583565  0.074021675  0.9816328  -7.7446957  0.10479711  -0.99291015  0.05610025  -3.127439  0.0  0.0  0.0  1.0
7680147072882;5.601886296953832;3.458189741477935;0.82612056  0.35844564  0.43478948  -26.926926  -0.06408984  0.8263583  -0.5594861  3.282177  -0.559837  0.4343373  0.70564425  -80.346275  0.0  0.0  0.0  1.0
7680147072913;9.333520105944512;8.040453869697172;0.5816962  0.79453886  0.17417717  -30.024511  -0.767717  0.6070437  -0.20520419  -5.4063625  -0.26877585  -0.014352364  0.96309584  9.970009  0.0  0.0  0.0  1.0
7680147072944;12.394403539673155;5.702482548360723;0.70939976  -0.031895645  0.7040841  14.686202  0.6957998  0.19088525  -0.6924056  -0.44480705  -0.11231456  0.9810941  0.15760687  0.7264259  0.0  0.0  0.0  1.0
7680147072975;12.294304208336897;6.041982407200836;0.9165472  0.08741667  -0.3902556  14.690681  0.35329866  0.28028774  0.892535  6.5944223  0.18740633  -0.9559274  0.22601283  7.44382  0.0  0.0  0.0  1.0
7680147073006;9.313900341752262;6.876125892752187;0.71912974  0.20146689  0.665029  1.6327486  -0.32412446  0.94380826  0.06457077  10.23745  -0.614651  -0.26198694  0.7440208  18.824776  0.0  0.0  0.0  1.0
7680147073037;7.440136743478575;3.9870155096678044;0.9950233  0.08159745  0.057190098  -4.309661  -0.069488145  0.15687004  0.9851716  29.757385  0.0714161  -0.9842426  0.16175954  12.103273  0.0  0.0  0.0  1.0
7680147073068;14.611712831992941;6.918057758094837;-0.4427395  0.7712722  0.4572973  -132.16362  -0.60073054  0.12347533  -0.7898587  -53.69254  -0.66566104  -0.6244141  0.40865934  -84.429665  0.0  0.0  0.0  1.0
7680147073099;5.832775396124054;4.173101647717357;-0.05670156  0.5723888  0.8180194  -55.669106  -0.7670281  0.4995105  -0.40268713  -40.590576  -0.6391027  -0.65027714  0.41071543  -31.138414  0.0  0.0  0.0  1.0
