# fmr_benchmark.py --model_path=/root/fmr_benchmark/result/fmr_model_7scene.pth --voxel_size=0.1 --n_iter=10 --input_txt=/neural_comparison/point_clouds_registration_benchmark//eth/gazebo_summer_global.txt --input_pcd_dir=/neural_comparison/point_clouds_registration_benchmark//eth/gazebo_summer/ --output_dir=/root/neural_registration_comparison/results/FMR/7scene
id;initial_error;final_error;transformation
36535719080030;2.8719654907800902;1.6271209153952544;0.82880574  -0.3060712  0.46840307  -6.3508916  0.115161955  0.9125144  0.39249846  -1.0644863  -0.5475571  -0.27136275  0.79154503  6.7837133  0.0  0.0  0.0  1.0
36535719080061;2.8185456084080336;4.085445893524301;0.24723928  0.5940577  -0.7654857  -1.1027278  0.7713351  -0.5988061  -0.21557699  3.201621  -0.5864424  -0.5371468  -0.60626596  5.951148  0.0  0.0  0.0  1.0
36535719080092;1.9001870719663094;1.3073538002457294;0.755984  0.031001428  0.6538556  -2.553437  -0.3298103  0.88086563  0.33956015  -5.1544147  -0.56543195  -0.47235045  0.67614496  -1.5662099  0.0  0.0  0.0  1.0
36535719080123;2.152334886682317;2.777988138201476;0.6893274  0.69213694  0.21394894  -0.6741955  -0.6828449  0.7194  -0.1272245  -4.2564898  -0.24197166  -0.05839457  0.96852463  -6.583555  0.0  0.0  0.0  1.0
36535719080154;3.7084111945439853;2.3570145421507362;0.6018906  -0.7549705  0.26028284  5.0253515  0.68797165  0.655708  0.31103328  1.8813277  -0.40549043  -0.008140821  0.914063  -5.2556963  0.0  0.0  0.0  1.0
36535719080185;2.3222284832250804;4.715669618876438;0.6484556  -0.34101573  0.68059814  -11.158005  -0.029813245  0.8819879  0.47032806  0.1666274  -0.7606685  -0.32527763  0.5617634  0.6130128  0.0  0.0  0.0  1.0
36535719080216;4.7404660091141455;2.0998921627333047;0.90690523  -0.37792656  -0.1862651  0.34972107  0.30901903  0.29610893  0.90378475  -11.858869  -0.28640944  -0.8772064  0.38532913  2.2811308  0.0  0.0  0.0  1.0
36535719080247;2.9917173628249674;5.295447075648005;0.999956  -0.007253108  -0.005913352  -3.2268472  0.008670251  0.9558455  0.29374203  9.67162  0.003521711  -0.29378045  0.95586646  -2.7546544  0.0  0.0  0.0  1.0
36535719080278;1.8936058971638152;3.414180901691382;0.72232664  0.6439083  0.25224257  3.7853947  -0.5786382  0.7624947  -0.28944755  8.899744  -0.37871122  0.06311845  0.92336005  -2.7192883  0.0  0.0  0.0  1.0
36535719080309;2.0474131250721026;2.0711432769220566;0.8587787  0.20567869  0.46924964  1.8121852  0.2687655  0.59889954  -0.75437677  4.313069  -0.43619263  0.773961  0.45904282  -0.00826776  0.0  0.0  0.0  1.0
36535719080340;2.643359974182583;2.08432562376676;-0.09804342  -0.32988504  0.938916  1.1187274  -0.6867631  0.70523494  0.17606878  -1.077749  -0.7202389  -0.6275505  -0.29569656  6.758149  0.0  0.0  0.0  1.0
36535719080371;4.184735305781556;5.329453289899671;0.9983061  0.026311314  0.05189522  -4.231004  -0.033083946  0.9903886  0.13429894  3.2103767  -0.047862835  -0.13578825  0.98958117  -5.484852  0.0  0.0  0.0  1.0
36535719080402;2.5739270336253104;4.070405112918512;0.9882367  -0.112695165  0.103382476  2.9174986  -0.11372109  -0.089528374  0.9894708  -3.7290845  -0.10225287  -0.98958814  -0.10129119  9.382286  0.0  0.0  0.0  1.0
36535719080433;2.734748311517099;0.2115363944693938;0.2329782  -0.40512407  -0.88407886  7.8638916  0.7078713  0.69399697  -0.13147737  -3.6843746  0.6668127  -0.5951828  0.44846186  -7.5231843  0.0  0.0  0.0  1.0
36535719080464;3.7323423107611307;2.659138594689811;0.99918085  0.037966784  -0.014004903  2.2316859  -0.031510238  0.9470886  0.31942165  3.8498688  0.025391284  -0.31871873  0.94750935  8.233559  0.0  0.0  0.0  1.0
36535719080495;4.095283908390811;3.899932336467191;-0.04233339  0.5595582  0.82770926  -8.632486  0.0864212  0.82739776  -0.5549275  5.2466784  -0.9953588  0.048039746  -0.08338417  9.581219  0.0  0.0  0.0  1.0
36535719080526;2.3278553928468253;1.803284309609682;0.7835197  -0.096351236  0.6138512  -4.424567  0.46841177  0.7406976  -0.48161966  0.80757236  -0.40827346  0.66489375  0.6254831  -2.0723915  0.0  0.0  0.0  1.0
36535719080557;2.2194490343578286;6.09345304736437;0.64474714  0.46233934  0.608723  -9.967776  0.6504018  0.08656653  -0.7546416  3.7229185  -0.40159547  0.8824672  -0.24489272  -0.62485313  0.0  0.0  0.0  1.0
36535719080588;3.796227498088121;1.6740292472522695;0.09804374  -0.35115296  0.9311709  5.5712824  -0.8352898  0.47961393  0.2688152  -2.7648296  -0.5409976  -0.80415326  -0.24629131  5.4756103  0.0  0.0  0.0  1.0
36535719080619;2.4973131938563013;6.982655923438747;0.73697174  0.6306178  -0.24329813  -9.517802  -0.3163734  0.6399123  0.7003002  14.728934  0.597311  -0.4391284  0.671108  7.970931  0.0  0.0  0.0  1.0
36535719080650;2.045757500568744;2.634779273437336;0.68789804  0.28460518  0.66767955  2.733231  0.40704396  0.6103592  -0.6795418  3.1600614  -0.60092545  0.73923045  0.30401796  1.2424308  0.0  0.0  0.0  1.0
36535719080681;3.422151150058385;2.8432125927036846;0.8008226  0.24680689  -0.5456825  -3.8174844  0.030817356  0.89295036  0.44909903  7.937047  0.59810823  -0.37646517  0.70748883  -9.704634  0.0  0.0  0.0  1.0
36535719080712;2.329822326641319;1.4782211633773115;0.23410648  0.3936182  0.88896495  2.8845654  -0.31619027  0.8954911  -0.3132399  0.27649248  -0.91935736  -0.2077506  0.33409873  3.8365173  0.0  0.0  0.0  1.0
36535719080743;1.5817497009913515;2.458842393430307;0.49249455  0.5026625  0.71047866  -0.812624  -0.6159264  0.77805954  -0.12352373  -5.290289  -0.61488533  -0.37676772  0.692793  3.4440072  0.0  0.0  0.0  1.0
36535719080774;4.455523395855616;2.6988710635501465;0.33314958  -0.6017788  -0.72586054  10.861684  0.78393537  0.6045294  -0.14138418  1.3172145  0.52388597  -0.5219257  0.6731545  -5.670821  0.0  0.0  0.0  1.0
36535719080805;2.6623006804379994;5.052678946250272;0.8186854  0.09611726  0.56614107  9.451427  0.32281333  -0.8923974  -0.3153063  12.85634  0.47491646  0.4408945  -0.76162076  0.69904023  0.0  0.0  0.0  1.0
36535719080836;2.3641851278479833;3.5351695528200437;-0.21787386  -0.045002032  0.97493863  3.8294806  -0.8689404  0.46377775  -0.17277865  -0.6971414  -0.44437963  -0.8848078  -0.14014918  1.825857  0.0  0.0  0.0  1.0
36535719080867;2.3245937370798613;4.119815922405572;0.8371161  -0.20667402  0.50648034  -6.750305  0.5416391  0.44276863  -0.71455085  4.422237  -0.07657452  0.87249166  0.48259142  5.648139  0.0  0.0  0.0  1.0
36535719080898;1.1108467191895781;0.7836655423030298;0.985289  -0.16986421  -0.018746434  -1.6745679  0.03138878  0.07204891  0.99690694  -0.6884378  -0.16798823  -0.9828303  0.07632085  -2.7552447  0.0  0.0  0.0  1.0
36535719080929;3.0133446968971027;3.1255160509569753;0.95694953  -0.17832512  0.2290154  -4.020206  0.17613539  0.98390454  0.030138576  6.209823  -0.23070368  0.011496611  0.97295606  4.791746  0.0  0.0  0.0  1.0
36535719080960;4.172447019856412;4.781253798336628;0.4226617  0.6206359  0.66043025  -6.2347765  0.43307418  0.50182414  -0.74874526  9.865944  -0.796118  0.60248137  -0.056679495  5.86828  0.0  0.0  0.0  1.0
36535719080991;2.0023267432930947;5.3083649463311815;0.8401971  0.5287396  0.120428964  11.390475  -0.16458029  0.4602327  -0.87241006  2.5919857  -0.51670325  0.71317613  0.47370636  1.6527027  0.0  0.0  0.0  1.0
36535719081022;5.2049478600741095;2.4007791856209333;0.20990339  -0.85580045  0.472807  -9.21179  0.8932695  -0.028746888  -0.4486014  -0.13668914  0.39750493  0.5165071  0.75842625  0.09035802  0.0  0.0  0.0  1.0
36535719081053;2.759339837400279;2.2607682869694896;0.45994627  -0.6768058  0.57478976  -4.8870106  0.8878565  0.34131563  -0.30856836  -1.6787763  0.012656167  0.6522559  0.7578933  -1.176308  0.0  0.0  0.0  1.0
36535719081084;2.627616704218367;2.0690262868474005;0.937107  -0.13250425  0.32291374  9.628304  -0.114118576  0.7579877  0.64220846  -1.1426663  -0.3298599  -0.6386683  0.6951943  2.1814814  0.0  0.0  0.0  1.0
36535719081115;3.3642234081663633;1.59185294835323;0.4838148  -0.18855573  0.85461694  10.447207  0.19917752  0.9746122  0.10227226  -1.0863854  -0.85220397  0.12073959  0.5090877  1.0711942  0.0  0.0  0.0  1.0
36535719081146;2.4293434851076756;2.867565368073097;0.87055826  0.49204773  0.004179295  -1.3925223  -0.4751787  0.8428578  -0.25257888  2.1057591  -0.12780333  0.2178987  0.96756727  -2.0072207  0.0  0.0  0.0  1.0
36535719081177;3.5423989428844522;4.032024631682063;0.79104865  -0.6113913  0.021041725  -9.290406  0.4491798  0.55713296  -0.69845575  -6.2060757  0.4153068  0.5619639  0.71534395  5.49219  0.0  0.0  0.0  1.0
36535719081208;2.4968567701157345;4.354984908028243;0.37933415  0.08292407  0.9215364  0.45090342  0.44325608  0.85796267  -0.2596618  -0.910992  -0.8121759  0.50697523  0.28869793  15.350092  0.0  0.0  0.0  1.0
36535719081239;2.6254413723760552;3.054544050414479;0.675129  -0.70753574  -0.2087917  -10.334858  0.70914656  0.70044243  -0.0805704  -5.8576794  0.20325294  -0.09366849  0.9746356  -2.339162  0.0  0.0  0.0  1.0
36535719081270;4.852975213123584;2.9042791006026407;0.908116  0.007242945  0.4186564  -5.537168  -0.27693975  0.76031274  0.5875617  -1.957294  -0.3140542  -0.6495167  0.69245785  -8.188108  0.0  0.0  0.0  1.0
36535719081301;1.4134837583742463;1.5450668927137052;0.41720596  -0.6331494  0.6519671  -0.30468822  0.90169275  0.3779986  -0.2099217  -3.4299083  -0.1135308  0.67545474  0.7286095  0.6679145  0.0  0.0  0.0  1.0
36535719081332;2.6207414559357245;1.3978206252238259;-0.0331202  0.19175005  0.9808847  6.049769  -0.65702593  0.7353779  -0.1659416  -1.6217517  -0.7531403  -0.64996266  0.10162889  2.4046824  0.0  0.0  0.0  1.0
36535719081363;4.7790429741920475;3.515023047097447;0.4896  -0.5759152  -0.6546859  5.426302  0.38042265  0.8166895  -0.43393177  -0.93301594  0.784583  -0.036604375  0.6189424  3.3775363  0.0  0.0  0.0  1.0
36535719081394;1.4663573651430153;1.196914959006041;0.8172452  0.21014431  0.5366094  4.898013  -0.5725837  0.40153003  0.7147878  -2.0703297  -0.065256216  -0.8914107  0.44847342  -3.2427676  0.0  0.0  0.0  1.0
36535719081425;2.332117443040167;3.3749933787916357;0.7361844  -0.10515075  0.66856235  4.1213975  -0.024258384  0.983122  0.18133622  8.941413  -0.6763459  -0.14971513  0.72120833  11.656879  0.0  0.0  0.0  1.0
36535719081456;3.9542146055036578;0.4605719912199073;0.9051905  -0.382199  -0.18588792  1.6159108  0.13191167  0.66842806  -0.73198587  10.201963  0.40401694  0.6380657  0.6554711  -1.033844  0.0  0.0  0.0  1.0
36535719081487;3.3533169379046845;3.7282640047003777;0.8585277  0.1267308  0.49685973  1.872824  -0.4945567  -0.05129078  0.86763066  0.9349263  0.13543977  -0.9906102  0.018640935  4.8776636  0.0  0.0  0.0  1.0
36535719081518;3.0920879439740774;6.301214841215419;0.9587193  0.096788734  -0.2673746  -9.277739  -0.15730575  0.96382976  -0.21514438  3.6976426  0.23688012  0.2483226  0.93926764  4.838559  0.0  0.0  0.0  1.0
36535719081549;1.5294161413651834;5.623970178877372;-0.8026547  0.40557355  0.43732774  -7.3073344  -0.24174638  0.44908124  -0.8601657  1.3609881  -0.54525584  -0.79613835  -0.26241127  0.45311755  0.0  0.0  0.0  1.0
36535719081580;3.0692450464075005;4.928515622065066;0.8286607  -0.16620897  -0.5345053  -6.5343194  0.06582842  0.977209  -0.20181552  5.352324  0.5558669  0.13205099  0.8207159  3.290928  0.0  0.0  0.0  1.0
36535719081611;4.067373545893354;3.792071289044567;0.8820486  -0.40451354  -0.24157672  -2.7329955  0.23313819  0.8202773  -0.52229446  -0.56014204  0.40943518  0.40436837  0.817832  6.095027  0.0  0.0  0.0  1.0
36535719081642;1.8617882493278746;1.6882851530924772;0.8204332  0.3738077  -0.4326169  2.2716722  0.08640218  0.666912  0.74011016  -1.8792801  0.5651761  -0.6445899  0.5148589  2.3518257  0.0  0.0  0.0  1.0
36535719081673;1.5998785025075408;3.1230169853670975;0.90162915  0.06279713  0.42792693  -6.7506604  -0.17892154  0.9549291  0.2368489  -0.085671425  -0.39376652  -0.29011512  0.8722277  2.4936996  0.0  0.0  0.0  1.0
36535719081704;1.9756325052656099;4.106289965029138;0.3505982  -0.40653875  0.8436866  0.5135958  0.7234205  0.68967927  0.03170795  -8.825621  -0.59476376  0.59922343  0.53589886  9.989689  0.0  0.0  0.0  1.0
36535719081735;3.6039393451346733;1.4470285138884476;-0.44769752  0.65391797  0.60988367  2.4758444  -0.23601884  0.5714504  -0.78596413  8.501052  -0.8624744  -0.49581826  -0.10149996  13.537069  0.0  0.0  0.0  1.0
36535719081766;4.290345428514503;2.3104796629736444;0.9510471  0.30419514  0.054540083  10.390394  -0.24780211  0.8560642  -0.4535948  -6.9160514  -0.1846711  0.4178749  0.88953763  2.0152428  0.0  0.0  0.0  1.0
36535719081797;3.80649089162507;3.0896489905967663;-0.4782032  0.6624112  0.57665706  9.114439  -0.30111435  0.49313834  -0.81617695  -7.694055  -0.82501644  -0.5639379  -0.036359  -7.2312193  0.0  0.0  0.0  1.0
36535719081828;1.9802991795936433;4.133309267838903;0.91489434  -0.21038765  0.34453675  -11.582728  0.25480235  0.96292454  -0.088611364  2.877727  -0.31312007  0.16885878  0.9345814  3.0525994  0.0  0.0  0.0  1.0
36535719081859;4.6068693402346454;2.5445996445517935;0.8347544  0.5035511  0.22275826  3.26971  -0.5440344  0.8166537  0.19262205  -2.7924528  -0.08492132  -0.2819803  0.95565444  -3.373675  0.0  0.0  0.0  1.0
36535719081890;4.508629332811153;3.139154797338839;0.62187237  0.100804  0.7766039  -8.627377  -0.7591037  0.32129523  0.5661546  5.974294  -0.19244859  -0.9415987  0.27632526  5.6074233  0.0  0.0  0.0  1.0
36535719081921;2.2999981710951882;5.775832627721007;0.42833734  -0.17705454  -0.88610303  -8.704803  0.4631579  0.88502586  0.047048762  -4.202997  0.775894  -0.43055844  0.4610939  -0.32921672  0.0  0.0  0.0  1.0
36535719081952;1.2152378562390587;4.181007528158052;0.23275958  0.671725  -0.7032844  0.7750213  0.89805406  0.12908912  0.4205171  5.106383  0.37325835  -0.7294667  -0.5731987  9.420869  0.0  0.0  0.0  1.0
36535719081983;1.4321260052918148;3.048509494344033;0.24500172  -0.020167556  0.96931297  5.987035  -0.96879464  0.033649504  0.24557081  10.598513  -0.037569456  -0.99923027  -0.011294164  2.362001  0.0  0.0  0.0  1.0
36535719082014;2.1446172376713286;3.706232464945457;0.2238628  -0.60177654  0.766649  -1.3735526  -0.8664258  0.23733586  0.43929285  5.5551963  -0.44630945  -0.7625855  -0.46826392  7.89164  0.0  0.0  0.0  1.0
36535719082045;1.9741406690068724;1.6978385727096654;0.7314034  -0.68114495  -0.033027977  -2.9115362  0.68181884  0.7313423  0.01617727  -8.582793  0.0131357  -0.03435126  0.99932367  3.7207904  0.0  0.0  0.0  1.0
36535719082076;2.7263856166451443;5.194983090908418;0.74583364  0.035534877  0.66518366  -5.3873396  -0.22533914  0.95316464  0.20174114  5.4158134  -0.62686074  -0.30035734  0.7189096  4.392714  0.0  0.0  0.0  1.0
36535719082107;1.536577084651521;1.8374797914482934;0.8590066  -0.110120565  -0.49998122  3.247081  0.16742578  0.9833193  0.07107489  -0.438613  0.4838145  -0.14476354  0.8631146  -1.3052648  0.0  0.0  0.0  1.0
36535719082138;2.448192473659257;4.044385426038907;0.85372543  -0.22409408  0.47003716  -2.9748647  0.27767673  0.95952994  -0.046878457  5.3900957  -0.4405096  0.17053966  0.88140076  1.4515259  0.0  0.0  0.0  1.0
36535719082169;2.751939271344588;3.031819997702354;0.44204602  -0.63399315  0.63454574  -0.8539889  0.70581067  -0.19071889  -0.6822447  -5.0617476  0.5535581  0.74945253  0.36317253  5.3845506  0.0  0.0  0.0  1.0
36535719082200;3.495996902324403;2.8083091296977023;0.24787156  0.3238553  0.9130594  4.0225544  -0.56292295  0.81518966  -0.13632286  4.24681  -0.7884652  -0.48019144  0.38436785  -6.613186  0.0  0.0  0.0  1.0
36535719082231;4.028218031238248;4.608348851979805;0.52513206  0.52808595  -0.6673539  3.3053534  0.3365616  0.59137845  0.73280144  -5.5514774  0.78164077  -0.6094234  0.1328183  -3.8441918  0.0  0.0  0.0  1.0
36535719082262;2.352339194995012;1.043176689552775;0.6582258  -0.3399109  0.67171395  -6.9792876  0.7521837  0.33364692  -0.56824267  -2.0027885  -0.030963425  0.879284  0.47529036  3.3207731  0.0  0.0  0.0  1.0
36535719082293;4.915635355433878;0.8446600449050552;-0.5914191  0.6794609  0.43423107  3.7290056  -0.3155838  0.30051643  -0.9000539  -7.2450576  -0.7420446  -0.6693452  0.036695797  0.98126507  0.0  0.0  0.0  1.0
36535719082324;2.6136203318699214;5.297521817840789;0.22139412  -0.9363764  -0.27236682  -8.09554  0.93709123  0.2815797  -0.2063321  -3.789012  0.26989746  -0.20955186  0.93981  -5.701927  0.0  0.0  0.0  1.0
36535719082355;2.6932219088290648;0.9298684424294374;0.8591674  -0.33866394  0.3835858  -0.74464417  -0.09949278  0.62476665  0.7744467  2.0250814  -0.5019287  -0.7035434  0.50308436  1.4323542  0.0  0.0  0.0  1.0
36535719082386;4.785475193293865;3.7022197438595117;0.7624244  0.3709431  0.5301986  -2.862588  -0.64307  0.34330913  0.6845436  1.752817  0.07190474  -0.8628673  0.5002896  -2.7179213  0.0  0.0  0.0  1.0
36535719082417;2.477038884971137;4.83441866577627;0.40185112  0.8237809  0.3998757  -10.449806  -0.83420396  0.50943065  -0.2111491  2.5905275  -0.3776496  -0.24872738  0.89191663  7.50914  0.0  0.0  0.0  1.0
36535719082448;2.815184467780424;1.2098272092068703;0.9614166  -0.23626086  0.14092194  -5.939839  0.23848253  0.97114617  0.0011546733  3.2020304  -0.1371286  0.032497335  0.9900199  -1.5951445  0.0  0.0  0.0  1.0
36535719082479;3.430440585461284;5.678799753652408;0.68128824  -0.731721  -0.020760689  -9.321322  0.71236277  0.6692583  -0.2112644  11.422792  0.16848086  0.12914284  0.9772085  -1.1434376  0.0  0.0  0.0  1.0
36535719082510;3.752685809770862;2.7209646195365607;0.30669937  -0.012728699  0.9517212  2.6761684  -0.8858108  0.3620281  0.29030114  9.374787  -0.34824497  -0.93208027  0.09975848  -0.14243889  0.0  0.0  0.0  1.0
36535719082541;1.6713742885955687;2.009808513933295;0.4108113  -0.43783173  -0.7997109  6.222475  0.71257263  0.701369  -0.01794248  -0.37425986  0.5687483  -0.5624811  0.600117  -0.04950869  0.0  0.0  0.0  1.0
36535719082572;5.705872389959219;5.500856503479613;0.41034198  -0.093460225  0.90712994  -16.37062  0.6205809  0.7574967  -0.20267719  3.2861962  -0.6682056  0.64611447  0.36883232  4.220584  0.0  0.0  0.0  1.0
36535719082603;3.111669804062568;4.790839995800533;0.90625834  0.1668059  0.38842192  -2.413043  -0.35808575  -0.18539807  0.9150968  -8.474508  0.22465628  -0.96840256  -0.1082878  -9.087293  0.0  0.0  0.0  1.0
36535719082634;4.355140868473985;1.0236584473300059;0.8338418  -0.4012708  0.37906453  4.7803507  0.1630688  0.83512247  0.52533716  -7.612646  -0.52736783  -0.37623444  0.7617945  0.9233706  0.0  0.0  0.0  1.0
36535719082665;2.7201030154491477;3.2145409752816456;0.31177497  0.25364596  0.9156746  1.6469691  -0.25195834  0.9512794  -0.17772014  4.703678  -0.9161406  -0.17530319  0.3604933  2.0972626  0.0  0.0  0.0  1.0
36535719082696;3.2991237738734345;2.194952992849649;0.8821477  0.26586542  0.38875553  5.985109  0.29267332  0.3372513  -0.8947648  -7.0946407  -0.3689952  0.9030932  0.21969382  3.0765758  0.0  0.0  0.0  1.0
36535719082727;1.2878238866021425;2.5888534750006653;0.03256984  0.70723623  0.7062268  10.168152  -0.7314212  0.49842152  -0.46540213  4.8362513  -0.6811479  -0.50139123  0.5335208  2.7817097  0.0  0.0  0.0  1.0
36535719082758;3.2221881761895412;4.738918555618299;0.6899718  -0.2809292  -0.66709644  -11.715969  0.29016635  0.95166814  -0.10065229  1.256613  0.6631306  -0.12412165  0.7381405  -0.10767555  0.0  0.0  0.0  1.0
36535719082789;4.375691271181936;5.298901923213976;0.06155664  -0.98613155  0.15412623  -12.455124  0.6768297  -0.072249226  -0.7325855  -3.5052814  0.73356134  0.14941281  0.6629959  -11.453949  0.0  0.0  0.0  1.0
36535719082820;2.9711958970592893;2.6994599762859197;0.37915465  -0.27228862  -0.8843644  9.091822  0.6548872  0.75416434  0.04856958  -7.0900526  0.65373105  -0.5975744  0.46426353  -1.094851  0.0  0.0  0.0  1.0
36535719082851;3.748982682712409;2.0844181347297823;0.08500691  0.9156817  0.39281136  -3.4536903  0.37502354  0.33584318  -0.864041  4.407984  -0.92310953  0.22076297  -0.31485304  0.02121532  0.0  0.0  0.0  1.0
36535719082882;4.963661102647681;3.1105921410822317;0.5775919  0.42127106  -0.699227  8.952088  0.5922245  0.37327865  0.71409595  -9.824195  0.5618346  -0.8265554  -0.033884265  6.2260284  0.0  0.0  0.0  1.0
36535719082913;2.817358654932551;2.639832516810791;0.4474678  0.1518929  0.8813065  -2.428986  0.8751248  0.12860525  -0.46649438  1.5509043  -0.18419768  0.97999454  -0.07537848  7.369817  0.0  0.0  0.0  1.0
36535719082944;2.334751411184137;1.9099578179526615;-0.12035036  -0.6704186  -0.7321574  -0.62715405  0.59631544  0.5408162  -0.5932333  -0.80055654  0.7936773  -0.5079925  0.33469364  -0.38556677  0.0  0.0  0.0  1.0
36535719082975;3.599500676289258;4.302802522147278;0.9656479  0.22533171  0.12942007  -8.279982  -0.2597104  0.85343367  0.45188633  8.175133  -0.008627108  -0.4699748  0.8826376  5.445087  0.0  0.0  0.0  1.0
36535719083006;4.488115034885534;3.562253440386474;0.9538877  -0.28677732  -0.08863983  -3.7933846  0.23846419  0.90336573  -0.3564621  2.7272396  0.18229935  0.31888738  0.9300957  1.6130672  0.0  0.0  0.0  1.0
36535719083037;2.300426924388642;2.990097590315802;0.38996384  0.3924167  0.8330292  1.4049911  -0.31645674  0.906662  -0.27896097  3.5992274  -0.8647449  -0.154833  0.4777482  6.7454987  0.0  0.0  0.0  1.0
36535719083068;5.209340635066207;1.068489436974067;0.5579849  0.50810385  0.6561125  1.1046066  -0.7337953  0.6713395  0.10415369  -0.078439  -0.3875533  -0.5395682  0.7474414  10.583303  0.0  0.0  0.0  1.0
36535719083099;3.2857786138404523;4.620239033901913;0.19921112  -0.48394552  0.8521217  3.0874586  -0.55280244  0.6624916  0.5054843  2.7704294  -0.80915064  -0.5717531  -0.13555059  13.121749  0.0  0.0  0.0  1.0
