# fmr_benchmark.py --model_path=/home/docker/fmr_benchmark/result/fmr_model_7scene.pth --n_iter=10 --input_txt=/benchmark/point_clouds_registration_benchmark/dataset_voxelgrid_0.1/tum/long_office_household_global.txt --input_pcd_dir=/benchmark/point_clouds_registration_benchmark/dataset_voxelgrid_0.1/tum/long_office_household/ --output_dir=/benchmark/neural_registration_comparison/results/FMR
id;initial_error;final_error;transformation;status_code
26456013410030;5.761795837628704;0.6206873878190988;0.29042828  -0.5586192  -0.77691436  9.510536  0.36715415  -0.6847136  0.62957525  1.591239  -0.8836568  -0.4680939  0.0062392503  10.708432  0.0  0.0  0.0  1.0;ok
26456013410061;14.905862034790653;17.219517132117534;0.9598192  0.15275213  -0.23540182  -1.1504707  -0.14540516  0.98818946  0.048364744  4.4163275  0.24000931  -0.012192875  0.970694  1.10048  0.0  0.0  0.0  1.0;ok
26456013410092;27.235836398316934;11.446520123316056;0.438026  0.49479988  -0.75053746  3.6538234  0.45218557  0.60030985  0.65966374  -7.204742  0.7769567  -0.62833214  0.039209835  1.455575  0.0  0.0  0.0  1.0;ok
26456013410123;1.661493002418093;2.474246088942638;-0.09505823  0.96218437  0.25527498  -3.7766376  0.2707647  -0.22177719  0.93675035  -3.4098537  0.95794076  0.15816523  -0.2394439  4.0026693  0.0  0.0  0.0  1.0;ok
26456013410154;23.598348517673536;17.06202147685378;0.66985583  0.40014997  0.6254383  6.0787716  0.2568122  -0.91522455  0.31050217  -10.402264  0.69666386  -0.047371536  -0.7158321  4.3486133  0.0  0.0  0.0  1.0;ok
26456013410185;6.922371246852926;1.9892304390059419;0.68087214  0.717826  -0.14539228  -12.362406  -0.0024679676  0.2007617  0.97963715  4.1230893  0.7323982  -0.66664886  0.13846463  -5.8223133  0.0  0.0  0.0  1.0;ok
26456013410216;46.40288825755714;2.2388054393135395;0.76687163  -0.031528153  -0.6410256  12.651807  -0.35693526  -0.8510319  -0.38515162  5.158845  -0.5333902  0.5241665  -0.66388565  -1.0608726  0.0  0.0  0.0  1.0;ok
26456013410247;9.280860752125282;1.0943957423519957;0.9032902  0.31539062  0.2908534  5.9395494  -0.04582237  0.744976  -0.66551566  -4.4593663  -0.42657632  0.5878261  0.68738127  9.9556265  0.0  0.0  0.0  1.0;ok
26456013410278;2.270971198913891;1.957030368010629;0.10698717  0.62596303  0.77247924  -9.461587  -0.90574044  0.3818272  -0.18396229  -2.4167929  -0.41010714  -0.67998415  0.60781074  2.0981584  0.0  0.0  0.0  1.0;ok
26456013410309;10.7780438721563;1.8439786399129539;0.9395093  0.33615148  -0.06576053  1.6551044  -0.028481904  0.26799348  0.96299946  2.68295  0.34133703  -0.9028741  0.26135665  -2.2550964  0.0  0.0  0.0  1.0;ok
26456013410340;29.80658425255083;0.9930759655047963;0.7368568  -0.6751759  -0.034346443  -11.290332  0.2720691  0.24964866  0.92932993  -6.7868724  -0.6188864  -0.69412774  0.36764985  -8.367599  0.0  0.0  0.0  1.0;ok
26456013410371;17.432626333268523;13.361417552284669;0.22597297  -0.6864317  0.69119287  -10.50317  -0.9713043  -0.10473045  0.21354112  -0.3648821  -0.07419257  -0.71961313  -0.69040024  4.774437  0.0  0.0  0.0  1.0;ok
26456013410402;11.075722176236196;3.4052428107760364;0.8413486  0.49994346  0.20539993  -0.39221692  -0.49847588  0.864634  -0.06268857  -4.195506  -0.20893651  -0.049644012  0.97666836  -10.186316  0.0  0.0  0.0  1.0;ok
26456013410433;6.4101850629680985;0.6606773633321874;0.617718  -0.783963  -0.061863236  -5.6376834  0.7192015  0.5313641  0.44766262  -4.131515  -0.31807902  -0.32102126  0.89206016  -10.068719  0.0  0.0  0.0  1.0;ok
26456013410464;21.620298909732675;18.07713710989748;0.3391834  -0.82941806  0.4438695  -6.1944366  0.31090704  -0.346489  -0.8850323  4.520932  0.8878577  0.43819046  0.14034876  -1.6308234  0.0  0.0  0.0  1.0;ok
26456013410495;5.945238542341777;1.6678603939199599;0.7991745  -0.12471832  0.5880182  2.9987364  0.0036461987  0.97922635  0.20273767  -7.507476  -0.601088  -0.15987882  0.7830275  7.2885885  0.0  0.0  0.0  1.0;ok
26456013410526;29.512098213637376;18.701668237842213;0.50953364  -0.5905319  0.62581754  -7.505554  0.0765471  -0.6933204  -0.7165526  -0.17746568  0.8570392  0.41301215  -0.30806655  -8.192025  0.0  0.0  0.0  1.0;ok
26456013410557;10.609440280769768;2.055745104582329;0.49359158  0.093464896  0.86465704  -8.708748  -0.869161  0.018213997  0.49419364  -4.02266  0.030440945  -0.9954559  0.09022629  5.969476  0.0  0.0  0.0  1.0;ok
26456013410588;16.707064853843768;1.6562578867572064;0.8677994  -0.46460944  0.17624502  -1.9634073  0.28345427  0.17152116  -0.94352216  12.540368  0.40813956  0.86874527  0.2805416  7.151452  0.0  0.0  0.0  1.0;ok
26456013410619;4.447598453097694;0.7196102068798597;0.43627548  0.7291978  0.52719456  1.7826021  -0.7341591  -0.050293975  0.6771124  -1.8326691  0.52026355  -0.6824522  0.5134053  -6.1265926  0.0  0.0  0.0  1.0;ok
26456013410650;8.855719573632655;17.231152222609545;0.33913133  -0.8307846  0.44134653  -7.2206044  -0.7887541  -0.50679016  -0.34789464  1.2093265  0.5126956  -0.2301322  -0.82715327  1.5453784  0.0  0.0  0.0  1.0;ok
26456013410681;1.631326913036167;0.9095856628093042;0.3514398  -0.9258154  -0.13912587  -0.3886598  0.6941322  0.35739306  -0.6248607  1.8542807  0.6282282  0.12302903  0.7682402  -0.1347928  0.0  0.0  0.0  1.0;ok
26456013410712;3.3932764469649466;1.7839386872928324;0.6750314  0.43821415  0.59354925  0.81512153  -0.56025165  0.82791704  0.0259163  -2.0642433  -0.48005265  -0.3500313  0.8043803  6.110037  0.0  0.0  0.0  1.0;ok
26456013410743;1.267261364312436;2.8800168004356426;0.7880792  -0.37939623  -0.48475754  0.46703935  -0.09849934  0.69962114  -0.7076919  -3.7856133  0.6076424  0.60546553  0.5139866  -0.23689431  0.0  0.0  0.0  1.0;ok
26456013410774;4.962075670946854;2.651393105336816;0.25322157  0.85439235  0.45375425  8.17887  -0.94856703  0.12716411  0.28991368  2.3976338  0.1899987  -0.5038286  0.842649  -10.044163  0.0  0.0  0.0  1.0;ok
26456013410805;2.8056519491770384;2.201113217220505;-0.12111435  0.06262152  0.9906612  0.2943232  -0.8157266  0.56239665  -0.13527769  -7.666272  -0.56561613  -0.82449275  -0.017032295  1.9546113  0.0  0.0  0.0  1.0;ok
26456013410836;7.819083125291141;1.5453756923069748;0.67201614  -0.35293654  0.6510225  10.266517  0.7298625  0.16693902  -0.66289675  10.972344  0.12527937  0.9206342  0.3697809  -0.8938351  0.0  0.0  0.0  1.0;ok
26456013410867;29.788893002383485;1.7439954694818698;0.83947265  0.21994428  -0.49690083  8.390574  -0.54143053  0.41637063  -0.7304032  2.9510684  0.046246924  0.8821905  0.46861643  0.02649784  0.0  0.0  0.0  1.0;ok
26456013410898;2.0314797941900666;2.3031310407978562;0.87862414  0.45606604  -0.14150459  4.887101  -0.42915812  0.8841229  0.18479805  -1.425056  0.20938754  -0.10164022  0.97253597  3.3868315  0.0  0.0  0.0  1.0;ok
26456013410929;3.156504527308024;3.440709883291122;0.9176928  -0.37424076  -0.13335599  4.3829494  -0.2519569  -0.28869563  -0.9236734  5.6673875  0.30717698  0.8812485  -0.35922626  0.33343744  0.0  0.0  0.0  1.0;ok
26456013410960;3.897282920382311;0.23685422305727866;0.8751159  0.4636812  -0.1384625  3.8395686  -0.060163736  0.38816285  0.9196246  2.0877738  0.48015878  -0.7964479  0.36758435  -0.35525686  0.0  0.0  0.0  1.0;ok
26456013410991;3.7298446910041374;1.8180995766272543;0.9658801  0.09439083  0.24117602  -2.3585339  0.16485703  0.4941205  -0.8536199  -8.630613  -0.19974396  0.86425424  0.46170023  8.937301  0.0  0.0  0.0  1.0;ok
26456013411022;29.455514905348274;2.670776664076257;-0.8669923  0.48518232  -0.11367691  6.349681  -0.10938335  -0.4078459  -0.9064751  6.237446  -0.4861686  -0.77347237  0.40667003  -7.0314965  0.0  0.0  0.0  1.0;ok
26456013411053;21.551112679409634;12.386862757575177;0.3669898  -0.5500178  0.75019926  7.7900176  0.6863433  -0.38425937  -0.6174767  -0.7429724  0.6278943  0.74150205  0.23648176  1.3923184  0.0  0.0  0.0  1.0;ok
26456013411084;8.197246282808248;1.9760359018455673;0.422009  0.14370339  0.8951298  -5.780452  0.11386808  0.9711366  -0.20958857  6.5544167  -0.8994122  0.19037497  0.39346522  2.7012165  0.0  0.0  0.0  1.0;ok
26456013411115;29.95249078949855;17.06538369666002;0.53651285  -0.84054863  0.075049795  -12.552458  0.4636023  0.21926081  -0.8584858  7.5842333  0.7051433  0.495382  0.5073164  -1.3254495  0.0  0.0  0.0  1.0;ok
26456013411146;41.716241884216956;9.161254748281213;0.7465185  0.61239314  0.26016298  -1.5538005  0.25580448  0.09680089  -0.9618699  -12.9158945  -0.6142266  0.7846043  -0.08438927  -1.541626  0.0  0.0  0.0  1.0;ok
26456013411177;2.701136202509211;1.986794245268854;0.366852  -0.9302235  0.010175481  -8.029267  0.88176715  0.34421462  -0.322495  0.44093037  0.29648995  0.12728041  0.94651634  -0.98901135  0.0  0.0  0.0  1.0;ok
26456013411208;33.30418263979996;2.501989315854032;-0.7486011  0.16379422  -0.6424702  -0.8690376  -0.13730854  -0.9862968  -0.09146013  -14.707702  -0.64864683  0.019749574  0.76083326  -2.7533705  0.0  0.0  0.0  1.0;ok
26456013411239;27.974607992607694;18.73963524543899;0.25283197  -0.85801315  0.44709006  3.802701  -0.284837  -0.5076343  -0.81312704  1.1299338  0.92463183  0.07823664  -0.37273994  -3.5133252  0.0  0.0  0.0  1.0;ok
26456013411270;29.31835676216627;14.01992404750112;0.80275345  -0.5728206  -0.16572143  -3.3337805  0.18365195  0.5018952  -0.8452062  -18.176952  0.56732637  0.648057  0.5080975  -1.4983935  0.0  0.0  0.0  1.0;ok
26456013411301;38.32707724963143;1.3428121405936446;0.93175423  0.07533244  0.3551887  11.575478  0.33385175  0.20684344  -0.91965157  -5.3102746  -0.14274806  0.9754695  0.16757743  4.304116  0.0  0.0  0.0  1.0;ok
26456013411332;24.90295977260129;0.2969830005559426;0.943189  -0.17877565  0.28006008  -8.988165  0.33093217  0.5806571  -0.7438556  -11.235853  -0.029635616  0.79427737  0.60683215  -3.340515  0.0  0.0  0.0  1.0;ok
26456013411363;35.27180028502434;16.930179090600113;0.8771349  -0.41409564  -0.24322681  -16.620882  0.2297252  0.8065473  -0.54470944  -3.3624792  0.4217355  0.42190844  0.8025789  5.4807587  0.0  0.0  0.0  1.0;ok
26456013411394;3.420071050918628;2.059855410613572;0.7581649  0.5269277  -0.38410044  -4.584238  -0.6438239  0.51158416  -0.5690099  -3.1055627  -0.10332745  0.6786964  0.72711384  2.7623134  0.0  0.0  0.0  1.0;ok
26456013411425;4.0113024699998885;1.1455316697810005;0.99035513  -0.08303876  -0.110911496  6.905631  0.138093  0.6567227  0.74138075  1.7841722  0.0112747345  -0.7495463  0.66185576  0.007319927  0.0  0.0  0.0  1.0;ok
26456013411456;2.4684988981659974;0.8546623099844957;0.78729796  0.61173224  0.07710641  -0.8616352  -0.36023447  0.35487798  0.86272424  -4.105031  0.50039285  -0.7069975  0.49976167  -0.24707824  0.0  0.0  0.0  1.0;ok
26456013411487;6.6799620032473515;6.5701471883284555;0.73661697  -0.50324667  0.45181674  -1.1735075  -0.6241171  -0.24847335  0.7407692  -1.7765627  -0.26052523  -0.8276496  -0.49711454  0.49784118  0.0  0.0  0.0  1.0;ok
26456013411518;11.14144225342874;2.4051618321101342;0.86568636  -0.48528272  -0.12283276  1.4277797  -0.019256594  0.21291281  -0.97688156  -4.878044  0.50021625  0.84803843  0.1749709  8.033659  0.0  0.0  0.0  1.0;ok
26456013411549;11.93131068189085;1.9555419559643064;0.7418947  -0.66851884  -0.05172183  -2.2650614  0.66837335  0.7434825  -0.02260727  5.1826496  0.053567696  -0.017797258  0.9984056  1.1956263  0.0  0.0  0.0  1.0;ok
26456013411580;28.493371761007047;2.1024571498997164;0.8201526  -0.5721449  -0.00052287616  -0.3958143  0.377839  0.54230636  -0.75042754  -5.09919  0.4296369  0.6152674  0.6609525  8.852968  0.0  0.0  0.0  1.0;ok
26456013411611;4.917360328793357;1.9587340223557208;0.57853776  0.8147377  -0.038686384  -1.8955112  -0.8115925  0.57027984  -0.12687987  -1.9923749  -0.081311695  0.10480228  0.99116355  -0.4851157  0.0  0.0  0.0  1.0;ok
26456013411642;14.150678871290063;1.745763439327072;0.2748362  -0.6456817  -0.71243274  -2.9450107  0.87354547  0.4772692  -0.09556275  3.9322035  0.40172526  -0.5960783  0.6952032  5.100549  0.0  0.0  0.0  1.0;ok
26456013411673;21.104784408492343;1.677412125434456;-0.1239862  0.8135535  0.568118  -4.308464  -0.8509131  0.20736094  -0.4826473  1.4216397  -0.51046497  -0.5432607  0.6665534  -8.43813  0.0  0.0  0.0  1.0;ok
26456013411704;2.8759697925277434;1.599429439659675;0.71756417  -0.64742583  -0.2567904  -1.2393332  0.31594542  0.63114786  -0.70840013  2.2722218  0.62070936  0.42719072  0.6574404  -4.2769485  0.0  0.0  0.0  1.0;ok
26456013411735;16.958173743744695;2.044413427786433;0.68708277  -0.45024866  0.57025737  1.6530733  -0.48883152  -0.86711764  -0.09565998  -1.1008441  0.537551  -0.21303338  -0.8158772  13.235375  0.0  0.0  0.0  1.0;ok
26456013411766;4.435220542548605;2.1721661022691316;0.2569454  0.11016904  -0.96012604  -8.663097  0.9621042  -0.12301068  0.2433601  -5.9469204  -0.09129495  -0.9862715  -0.13760114  3.481873  0.0  0.0  0.0  1.0;ok
26456013411797;9.109534164029903;19.098830410163597;0.6445598  -0.6027702  0.47033045  -8.607632  0.39833933  -0.260319  -0.8795226  -5.0818076  0.6525858  0.754256  0.07231592  3.1373107  0.0  0.0  0.0  1.0;ok
26456013411828;16.41710940594266;1.8280548150170006;0.87538415  -0.21955672  -0.4306941  -3.3245604  -0.0827036  0.8097673  -0.58089316  -1.8863415  0.47630104  0.5441246  0.69069934  6.332945  0.0  0.0  0.0  1.0;ok
26456013411859;31.341427908760785;2.3623075678170333;0.9993414  -0.02581667  0.025502939  7.0982323  0.035894893  0.8065261  -0.590108  6.3914824  -0.005334176  0.59063464  0.8069216  1.3002024  0.0  0.0  0.0  1.0;ok
26456013411890;4.423171754341051;1.676121264536796;-0.061826658  -0.6970333  -0.7143686  6.2155066  0.38851187  0.64247954  -0.660514  2.8247957  0.9193675  -0.31837782  0.23108342  -4.391181  0.0  0.0  0.0  1.0;ok
26456013411921;16.9122684531128;0.40303327368264175;0.23405163  -0.97125435  -0.043415055  -3.6736178  0.6935652  0.13550772  0.7075347  -6.1280847  -0.6813129  -0.19571076  0.70534396  -6.101652  0.0  0.0  0.0  1.0;ok
26456013411952;9.969038030736034;1.9096842558538814;0.78618366  -0.47572228  0.39446613  0.16706967  0.58797044  0.7723244  -0.2404283  1.4557325  -0.19027868  0.42095518  0.88689935  -3.2172773  0.0  0.0  0.0  1.0;ok
26456013411983;9.480657689251887;0.5702118557288484;0.65600634  -0.7044467  -0.27094385  0.75455576  0.64265347  0.7095894  -0.28892794  2.127588  0.39579323  0.015415648  0.9182103  -5.1487703  0.0  0.0  0.0  1.0;ok
26456013412014;49.222659132378126;2.709715687944735;0.9576493  -0.012585957  -0.2876615  -3.762332  -0.28155047  0.16831127  -0.9446694  2.5654368  0.060306177  0.98565364  0.1576396  -12.719298  0.0  0.0  0.0  1.0;ok
26456013412045;2.154642229002188;0.10871834357327875;0.32341006  0.18571794  -0.9278549  -5.9069543  -0.93674237  0.20155159  -0.28616565  -1.8214442  0.1338645  0.96171  0.23915368  3.150114  0.0  0.0  0.0  1.0;ok
26456013412076;26.461109147861453;1.453118611544398;0.5029063  -0.39291632  0.7698713  -3.627485  -0.12446855  0.8484984  0.514352  -5.1781125  -0.8553319  -0.35449573  0.37780952  8.370808  0.0  0.0  0.0  1.0;ok
26456013412107;31.76790498689142;6.226557482947699;0.8654538  0.3687869  0.33909577  -2.927574  0.18680096  0.3904993  -0.90145206  -9.321567  -0.4648604  0.8435087  0.2690695  8.290754  0.0  0.0  0.0  1.0;ok
26456013412138;23.769740550894355;4.554281076177085;0.92755437  0.3128825  0.20432161  -13.842343  0.21304248  0.006450355  -0.9770219  -1.1708307  -0.30701092  0.94976985  -0.0606744  1.8339298  0.0  0.0  0.0  1.0;ok
26456013412169;1.695713868703732;2.1749430765758646;0.8827367  -0.10375808  -0.45826894  3.4082918  -0.43616644  0.18176888  -0.8813166  1.2317153  0.17474273  0.97785187  0.11519817  0.55822396  0.0  0.0  0.0  1.0;ok
26456013412200;27.903199309802453;6.817203959856986;0.76932186  0.29196015  0.5682457  -9.424287  0.53767896  0.18447594  -0.82272124  7.3582306  -0.34502944  0.9384712  -0.0150594115  -2.1716623  0.0  0.0  0.0  1.0;ok
26456013412231;10.751107185655684;13.386704889512078;0.8393296  -0.004209742  -0.54360706  -3.6405365  -0.2822307  0.85127324  -0.44235718  5.898021  0.4646204  0.5247059  0.7133107  -1.7047195  0.0  0.0  0.0  1.0;ok
26456013412262;22.003772612712012;1.8029440453888934;0.86917627  -0.4852263  0.09533026  2.147204  0.48658416  0.8735763  0.010014773  -1.64854  -0.08813774  0.037681587  0.99539554  7.7698383  0.0  0.0  0.0  1.0;ok
26456013412293;31.299212270978913;1.658874957200765;0.8063257  -0.046468005  0.58964366  3.7226021  -0.19113804  0.92294925  0.33411208  1.7718679  -0.5597368  -0.38210663  0.7353158  7.1379476  0.0  0.0  0.0  1.0;ok
26456013412324;31.260103779706405;1.2485324472047554;0.8385456  -0.051797878  -0.5423634  1.444232  0.26215786  0.911015  0.3183154  -5.113405  0.4776132  -0.4091069  0.777507  -9.862461  0.0  0.0  0.0  1.0;ok
26456013412355;17.96887292310376;2.479536413158823;0.94925755  0.30205923  0.08757996  1.7769592  0.0804206  0.03608323  -0.99610764  -2.9778385  -0.30404377  0.9526061  0.009960413  5.3499417  0.0  0.0  0.0  1.0;ok
26456013412386;20.825424810424174;2.010951213594963;0.38576674  0.8554465  -0.345536  0.9647431  -0.90514195  0.4234291  0.037758984  4.3126273  0.1786108  0.2981931  0.9376455  -4.98551  0.0  0.0  0.0  1.0;ok
26456013412417;28.465731213896238;17.115431003977207;0.8374534  -0.5003108  -0.21991119  5.2354894  0.17099619  0.62206775  -0.76406306  1.9712751  0.5190685  0.60226315  0.60650396  1.098824  0.0  0.0  0.0  1.0;ok
26456013412448;3.092000186015822;1.8274824030445802;0.3604175  -0.32377258  0.8747976  -8.70791  0.8468548  0.50675845  -0.1613479  -3.0126448  -0.39107105  0.7989789  0.45683274  -2.1860964  0.0  0.0  0.0  1.0;ok
26456013412479;15.713730092122224;1.2390076931133405;0.8696775  0.2811222  -0.40574798  -1.8310068  -0.22646675  0.9576036  0.17806765  2.9083707  0.43860453  -0.06297295  0.8964711  -1.652945  0.0  0.0  0.0  1.0;ok
26456013412510;44.98580179817995;2.0121530488116477;0.9682849  -0.15352589  -0.19711459  -4.2634363  0.1578391  0.98744494  0.0062647294  -0.44593078  0.193678  -0.037178367  0.9803603  14.215166  0.0  0.0  0.0  1.0;ok
26456013412541;9.31682395777251;1.8481651862250654;0.73493904  0.40211937  0.5460446  4.5306244  0.6452972  -0.1671741  -0.7454156  -5.4161453  -0.20846164  0.9001959  -0.38234916  -1.2785119  0.0  0.0  0.0  1.0;ok
26456013412572;4.506511175168512;1.9743246430137007;0.7493441  0.202385  -0.6304948  1.695195  0.28550172  0.7603585  0.5833898  -10.564792  0.5974713  -0.61716706  0.51198906  8.325638  0.0  0.0  0.0  1.0;ok
26456013412603;2.4569552328959454;0.22907444058112686;0.62760067  -0.4455433  0.6384425  -3.0744257  0.13395943  0.86962503  0.4751918  -1.2493303  -0.766924  -0.21270515  0.60546166  -9.76076  0.0  0.0  0.0  1.0;ok
26456013412634;17.239023798643238;3.50553856652168;0.7874371  0.474691  0.39320704  -0.8358207  -0.6163548  0.613681  0.49345955  -12.409205  -0.0070628375  -0.6309234  0.77581304  -8.265234  0.0  0.0  0.0  1.0;ok
26456013412665;17.315981455712578;3.616692686677221;-0.71123534  0.23621997  -0.6620758  3.906012  -0.23521253  -0.9675301  -0.09252483  -0.33024627  -0.6624346  0.08992161  0.7437033  -3.9798312  0.0  0.0  0.0  1.0;ok
26456013412696;8.530552805337638;2.9130524513418132;0.63728476  0.31328857  0.70407283  -3.7362723  -0.75578386  0.07562604  0.6504393  -1.3008088  0.15052901  -0.9466419  0.28497386  10.704021  0.0  0.0  0.0  1.0;ok
26456013412727;22.29925306399334;0.9347917103347345;0.8642347  0.19727093  -0.46279922  3.1755462  -0.30827197  0.9346345  -0.17727572  1.7815764  0.3975768  0.29587576  0.8685565  -7.1710663  0.0  0.0  0.0  1.0;ok
26456013412758;6.240458777655871;1.255740840243922;0.6430169  -0.7320031  -0.22516836  0.9583492  -0.053145256  0.2506523  -0.9666174  10.882116  0.7640058  0.63351786  0.12227102  -2.4411044  0.0  0.0  0.0  1.0;ok
26456013412789;4.846548481535424;19.67970697818712;0.47363377  -0.808334  0.34966773  -4.252117  0.4816694  -0.094645634  -0.87122715  -4.9420443  0.73733693  0.58106685  0.3445223  -0.5373125  0.0  0.0  0.0  1.0;ok
26456013412820;37.40281129519915;1.245941270488633;0.7238802  0.35646683  -0.5907021  6.3086963  -0.68703336  0.29412252  -0.6644377  7.047844  -0.06311117  0.8868052  0.45781383  -4.3612967  0.0  0.0  0.0  1.0;ok
26456013412851;5.79540391518352;0.26592152867968855;0.4496299  0.761651  -0.46660554  -5.0178905  -0.31863233  0.62478995  0.71281916  -8.444341  0.83444977  -0.17182928  0.5236109  -7.4023075  0.0  0.0  0.0  1.0;ok
26456013412882;1.4947701322716793;2.359738607433333;0.94393086  -0.27839825  0.17745085  0.70915043  0.058434628  0.66989815  0.7401499  -3.5633588  -0.32493043  -0.6882809  0.6486056  -1.8735175  0.0  0.0  0.0  1.0;ok
26456013412913;4.475351578476609;1.9131194750272575;0.1736139  0.9266297  0.3334899  -7.1128664  -0.7283159  0.34874514  -0.58985853  -2.489565  -0.66288346  -0.14047842  0.735426  -15.240528  0.0  0.0  0.0  1.0;ok
26456013412944;4.078301583733984;0.9584806077105994;0.92212343  -0.05658322  -0.3827359  -1.4816519  -0.25465596  -0.83351123  -0.4903159  4.6109743  -0.291271  0.5495976  -0.7830094  -0.9813404  0.0  0.0  0.0  1.0;ok
26456013412975;3.171813598920279;2.0436015107948795;0.852442  0.21751398  0.47542632  1.658469  -0.2013016  0.9757904  -0.085502386  -0.033596516  -0.48251438  -0.02281824  0.8755909  7.218058  0.0  0.0  0.0  1.0;ok
26456013413006;18.492379570459807;21.44905458581556;0.545078  -0.51107234  0.66460145  -0.42174482  0.27901906  -0.63694465  -0.71864444  -3.4649732  0.79059386  0.5771537  -0.2045856  7.4839683  0.0  0.0  0.0  1.0;ok
26456013413037;3.3440216070765594;2.2443327746298625;0.46678403  -0.68552387  -0.5587218  4.1630974  0.26776478  0.7116713  -0.64948136  1.1416684  0.84286124  0.15356135  0.5157557  -5.4289665  0.0  0.0  0.0  1.0;ok
26456013413068;26.150104383872083;17.107555850389442;-0.6202264  0.69859153  -0.35677585  4.1535378  0.54768515  0.06004885  -0.8345269  2.2320676  -0.56156945  -0.7129964  -0.4198521  -2.1537304  0.0  0.0  0.0  1.0;ok
26456013413099;5.6345049987305895;2.148481356630788;0.48568982  -0.69572484  -0.5292185  -10.700908  0.8639052  0.28970528  0.41199374  7.6294475  -0.133317  -0.6572957  0.7417472  -1.1909757  0.0  0.0  0.0  1.0;ok
