# fmr_benchmark.py --model_path=/root/fmr_benchmark/result/fmr_model_7scene.pth --voxel_size=0.1 --n_iter=10 --input_txt=/neural_comparison/point_clouds_registration_benchmark//planetary/p2at_met_global.txt --input_pcd_dir=/neural_comparison/point_clouds_registration_benchmark//planetary/p2at_met/ --output_dir=/root/neural_registration_comparison/results/FMR/7scene
id;initial_error;final_error;transformation
27844314100030;8.255147930606862;3.489049551239167;0.97221977  0.22247393  -0.07275891  9.675398  -0.18120852  0.91213197  0.36766693  -6.6475296  0.148162  -0.3442686  0.927107  -3.4088898  0.0  0.0  0.0  1.0
27844314100061;18.254613203222405;10.275780941861843;0.90938985  -0.12330794  -0.3972471  -4.126627  0.20516384  0.96376044  0.17051005  5.7673187  0.36182573  -0.2365608  0.9017324  0.35305834  0.0  0.0  0.0  1.0
27844314100092;11.393043179182689;4.908518883517548;0.04787254  -0.9333008  0.35589075  -116.51814  0.12512916  -0.3478888  -0.9291481  -103.58906  0.9909848  0.0890129  0.10012875  59.574215  0.0  0.0  0.0  1.0
27844314100123;5.730994932441914;7.577932934841922;0.33666107  0.7322337  0.5920247  -10.254982  -0.94056183  0.2913815  0.17447123  -30.571348  -0.044751383  -0.6155736  0.78680795  -9.936193  0.0  0.0  0.0  1.0
27844314100154;17.463252642790277;12.854577852535998;0.5525318  0.07055716  -0.8304998  -18.015734  -0.01794042  0.99718636  0.07278264  -12.262611  0.8332985  -0.025315221  0.5522433  26.477287  0.0  0.0  0.0  1.0
27844314100185;21.245539471637414;8.109435990022897;-0.016618237  0.46701849  0.88409156  -31.223976  -0.5141228  0.7543757  -0.40816048  -4.1392646  -0.8575558  -0.46131444  0.22756843  -22.693296  0.0  0.0  0.0  1.0
27844314100216;3.735345026853811;2.1571336506081535;0.96595097  0.07458203  -0.24774313  1.2378368  0.0218757  0.9305777  0.3654399  -9.984131  0.25779942  -0.35841656  0.8972607  -43.860035  0.0  0.0  0.0  1.0
27844314100247;13.271216615726097;8.784510260493024;0.7490982  -0.3698814  -0.5495816  -51.816578  0.13740435  0.89831954  -0.41730347  6.0474396  0.64805263  0.23708627  0.72375274  38.02861  0.0  0.0  0.0  1.0
27844314100278;11.802091711636171;13.79367593197187;0.24057607  0.63189644  0.73677  42.747856  -0.6752112  0.6542534  -0.34065017  -47.66589  -0.6972897  -0.415523  0.5840614  -61.43653  0.0  0.0  0.0  1.0
27844314100309;7.478645140598016;8.45091049628767;0.37669802  0.16237085  0.9119949  19.249907  0.87015647  -0.39966735  -0.28826016  -88.86229  0.31768936  0.902165  -0.29184192  54.604034  0.0  0.0  0.0  1.0
27844314100340;12.12926847078954;7.687404180013592;0.5805953  -0.6120838  -0.5369008  -57.56258  0.4782628  0.79005665  -0.38350406  -11.430153  0.6589187  -0.034118988  0.75143987  29.863651  0.0  0.0  0.0  1.0
27844314100371;7.953713343024883;5.39690390161909;0.584187  -0.7738443  0.24472538  -61.11828  0.620632  0.2316211  -0.74911106  -48.517704  0.5230118  0.5895054  0.6155827  52.649414  0.0  0.0  0.0  1.0
27844314100402;10.041005189608843;17.651448605679384;0.09801499  -0.40409172  -0.90945184  13.421831  0.64318997  0.7230659  -0.25195676  -3.1321692  0.7594073  -0.56025493  0.3307791  13.491377  0.0  0.0  0.0  1.0
27844314100433;14.948099495912265;6.3878318344080105;0.75868577  0.06841584  0.6478542  -8.160881  -0.21951321  0.9631611  0.1553532  10.14521  -0.6133593  -0.2600768  0.7457551  -14.4621  0.0  0.0  0.0  1.0
27844314100464;4.885279212879443;3.157689165656508;-0.31124312  0.64569175  0.6972876  72.35232  0.4241872  -0.5621916  0.7099336  -137.55331  0.85040754  0.5167425  -0.09891608  16.097012  0.0  0.0  0.0  1.0
27844314100495;16.561379565347497;15.418312396873596;0.27859157  0.6453076  0.711312  -28.365532  -0.8663754  -0.15075947  0.47609377  -43.357197  0.414464  -0.7488989  0.5170783  11.620202  0.0  0.0  0.0  1.0
27844314100526;4.988304065514908;10.73478788845322;0.88221043  -0.36703143  -0.29494506  -27.399736  0.44799846  0.8470958  0.28587773  16.59032  0.14492056  -0.38433918  0.91174626  -20.637205  0.0  0.0  0.0  1.0
27844314100557;9.320673558395054;29.0136892450309;0.69746953  0.6071176  -0.38071597  10.68725  0.7048404  -0.6770983  0.21151319  -18.247284  -0.12936878  -0.415868  -0.9001766  -8.729759  0.0  0.0  0.0  1.0
27844314100588;15.87658357879776;10.506601563095003;0.9024393  -0.3933716  -0.17567568  0.56673527  0.4029705  0.91496605  0.021259747  9.335744  0.15237428  -0.089977734  0.98421854  13.203333  0.0  0.0  0.0  1.0
27844314100619;9.309459031404598;6.682401020736292;0.93224734  -0.082748406  -0.35223198  -9.115813  0.20015782  0.92891705  0.31152824  -8.074207  0.30141595  -0.3609235  0.88254327  -11.0616865  0.0  0.0  0.0  1.0
27844314100650;9.597631194952498;11.334430506943695;0.40249994  0.74871933  0.5267003  34.341667  0.14002872  -0.6189503  0.77284694  -127.2259  0.9046467  -0.23731768  -0.35396978  -13.473048  0.0  0.0  0.0  1.0
27844314100681;7.297471099283818;9.886860932314898;-0.32813936  0.43561244  0.83819246  -18.17471  0.91018635  -0.091619864  0.40393913  6.484352  0.2527558  0.89545953  -0.36642426  -5.7668204  0.0  0.0  0.0  1.0
27844314100712;8.650942439496344;4.522734146787479;0.77861387  -0.3443189  -0.52459997  -23.741398  0.3297031  0.9357922  -0.12485625  -2.1200256  0.5339068  -0.07574742  0.8421436  6.815461  0.0  0.0  0.0  1.0
27844314100743;12.733448854215453;9.195645563014935;0.7087635  0.65689534  0.25718284  -28.936008  -0.6345801  0.752939  -0.17433089  -13.399189  -0.30816013  -0.03964372  0.9505082  7.5580254  0.0  0.0  0.0  1.0
27844314100774;4.598125415447288;6.8982542917948555;0.95947987  -0.2505551  0.12891856  -33.479565  0.24596299  0.967955  0.050648052  -0.7694397  -0.13747752  -0.016886566  0.99036086  -5.7167273  0.0  0.0  0.0  1.0
27844314100805;11.913189531673748;15.695497627049658;0.8490922  0.5229214  0.074805096  -9.557635  -0.4357493  0.7734076  -0.46039474  -25.556553  -0.29860514  0.3583213  0.88455683  0.94957495  0.0  0.0  0.0  1.0
27844314100836;8.640990827250187;10.462401036457285;0.28606027  -0.0385902  0.95743424  -11.405137  -0.871969  0.40379658  0.2768005  -68.91019  -0.39729056  -0.9140345  0.08186066  -58.518757  0.0  0.0  0.0  1.0
27844314100867;6.409696051288649;2.4030582532710167;0.21561885  0.6379621  0.7392652  31.716335  -0.56899494  0.6973485  -0.43583256  -27.165539  -0.79357  -0.3266644  0.51335865  -36.90774  0.0  0.0  0.0  1.0
27844314100898;22.51393172662874;16.21623202152767;0.15800884  0.32715788  0.93166584  8.93272  -0.51993275  0.8296938  -0.20317048  4.634493  -0.8394661  -0.4523008  0.30119896  4.687092  0.0  0.0  0.0  1.0
27844314100929;11.35647365629622;17.39480011058542;0.7124415  0.68933815  0.13130094  -23.870502  -0.5638287  0.4509322  0.69192284  17.6727  0.417761  -0.5669859  0.70993155  21.77669  0.0  0.0  0.0  1.0
27844314100960;8.931838196630506;21.78050404390273;-0.49194488  0.69809043  0.52025014  42.233852  -0.4273473  0.3270013  -0.8428789  -63.564552  -0.75852805  -0.6369773  0.13746028  -40.15659  0.0  0.0  0.0  1.0
27844314100991;2.7303992422678602;1.537429708824174;0.75226074  -0.52845687  0.3934937  -2.1482658  0.6363506  0.42795473  -0.6418041  3.133231  0.1707683  0.73320395  0.65821713  4.603733  0.0  0.0  0.0  1.0
27844314101022;3.041428379569016;2.5669646593475286;0.82820237  -0.27254534  -0.4896938  -6.794841  0.18122086  0.9570792  -0.22618194  -3.608006  0.5303206  0.09858162  0.84204614  9.458107  0.0  0.0  0.0  1.0
27844314101053;13.922293305846535;18.174596902525195;0.68771434  -0.3121158  0.65546393  -20.043264  -0.71576244  -0.14054722  0.6840545  0.43500948  -0.12138066  -0.93959045  -0.3200571  11.474795  0.0  0.0  0.0  1.0
27844314101084;10.548695524568679;5.1696142747001295;0.7848407  -0.5017541  -0.363686  -51.98191  0.529086  0.84809643  -0.028287053  -14.355469  0.32263395  -0.17022039  0.931092  1.3418665  0.0  0.0  0.0  1.0
27844314101115;4.295014706995369;3.9470175090788673;-0.25933436  0.15022656  0.9540325  9.277161  -0.89997405  0.3208244  -0.29515824  -63.848152  -0.35041752  -0.9351491  0.051999155  -83.11628  0.0  0.0  0.0  1.0
27844314101146;10.908481463882481;11.633712701950776;0.25965565  0.59967846  0.7569441  87.52081  -0.06198111  0.7925614  -0.606634  -35.55197  -0.9637101  0.11059971  0.2429618  4.9671526  0.0  0.0  0.0  1.0
27844314101177;7.524206569447689;4.397139173188807;0.88251495  0.4610787  0.09259431  17.283985  -0.077720396  -0.051191032  0.9956601  -61.784866  0.46381757  -0.88588136  -0.00934178  -37.3495  0.0  0.0  0.0  1.0
27844314101208;16.92222694472815;8.856487983324708;0.7403284  0.21250068  0.63777536  17.560045  -0.52193385  0.7796156  0.34609947  -45.687927  -0.42367315  -0.5891037  0.68808293  -56.890564  0.0  0.0  0.0  1.0
27844314101239;4.364181244222641;7.0300467408631215;0.6037996  -0.22780856  0.76389104  -21.832747  -0.20832658  0.8798928  0.4270696  -21.666817  -0.7694325  -0.41700324  0.4838201  -40.882633  0.0  0.0  0.0  1.0
27844314101270;10.750785704410854;8.337766411548992;0.5631594  -0.5686547  0.59956914  -36.008965  0.80010515  0.19383092  -0.5676808  -47.17241  0.20659924  0.7994131  0.5641414  32.672073  0.0  0.0  0.0  1.0
27844314101301;12.136609704346055;18.98364748523782;0.5485492  -0.019997416  0.8358791  -25.976543  0.37157732  -0.8897377  -0.26513517  -29.941048  0.7490151  0.45603344  -0.48063454  13.017614  0.0  0.0  0.0  1.0
27844314101332;6.935112362192998;9.389075924363814;0.90516883  0.27437335  0.32463625  18.579668  0.16565424  0.47565264  -0.8638942  -46.67624  -0.3914437  0.83574736  0.38509473  67.024414  0.0  0.0  0.0  1.0
27844314101363;7.8460839984677655;5.328518398015692;0.34271643  0.914037  -0.21698357  92.52178  -0.11493828  0.270033  0.95596635  -64.20961  0.93238133  -0.30268562  0.19760236  -31.135237  0.0  0.0  0.0  1.0
27844314101394;13.188484809554595;3.2736871349384606;0.9683794  0.06405025  0.24112043  1.5498104  -0.10778895  0.97903574  0.17283113  -8.414291  -0.22499558  -0.19335629  0.954982  -31.681911  0.0  0.0  0.0  1.0
27844314101425;12.438217758874531;14.497401219963418;0.92373264  0.3655202  0.114511944  28.786734  -0.38239667  0.89730173  0.2205052  -18.069115  -0.022152668  -0.24747685  0.96864057  -9.250706  0.0  0.0  0.0  1.0
27844314101456;13.306910826894018;4.63821381486534;0.7081889  0.51149404  -0.48666447  54.107784  -0.6737734  0.69557744  -0.24940212  -12.760277  0.21094514  0.50452536  0.8372313  59.664253  0.0  0.0  0.0  1.0
27844314101487;11.823132391507976;10.742410452071933;0.52002436  -0.16821772  0.8374232  8.048478  0.7879447  -0.2839894  -0.5463456  27.895218  0.32972428  0.94395596  -0.015135208  -4.9379196  0.0  0.0  0.0  1.0
27844314101518;11.362927964176022;13.219747888678024;0.42318708  -0.8773391  -0.22624928  -22.44135  -0.13132697  -0.30647036  0.9427774  -13.141338  -0.8964745  -0.3692584  -0.2449126  4.5191007  0.0  0.0  0.0  1.0
27844314101549;8.602285781784683;9.315042972138425;0.7738399  -0.5485778  -0.3165978  10.361286  0.5973308  0.7983133  0.07675792  27.880709  0.21063663  -0.24851194  0.94544923  7.8854103  0.0  0.0  0.0  1.0
27844314101580;8.529179145836824;3.089017344077812;0.8002427  0.12827118  -0.58579683  6.3877354  0.47545022  0.45960504  0.75014025  -5.204838  0.36545646  -0.8788114  0.30680895  -40.034344  0.0  0.0  0.0  1.0
27844314101611;6.938820905749202;9.633471221470229;0.9968735  -0.05858412  -0.053022023  -13.974414  0.07185742  0.39306968  0.9166968  4.9361005  -0.032862462  -0.91764075  0.39605033  7.579157  0.0  0.0  0.0  1.0
27844314101642;12.547466022442515;18.74038379167351;0.77097446  -0.6002877  -0.21272834  -39.579765  0.5418476  0.793797  -0.27620146  -1.1514282  0.33466348  0.09767789  0.9372617  2.955953  0.0  0.0  0.0  1.0
27844314101673;7.73561147720838;9.482803985686179;0.98238385  0.025247535  0.18516186  -14.480375  -0.06401323  0.9763513  0.20649587  0.53995717  -0.17556946  -0.21471097  0.9607676  -18.381151  0.0  0.0  0.0  1.0
27844314101704;7.852470163017852;14.6154042502627;0.9147809  -0.13684385  0.3800655  -20.579542  0.17037912  0.9837937  -0.05586787  -17.27753  -0.36626086  0.115862064  0.9232709  15.5355215  0.0  0.0  0.0  1.0
27844314101735;7.401041146075741;16.500817667032194;0.7794665  0.5418119  -0.31443918  16.971712  0.3463566  0.04550612  0.9369988  -59.741478  0.52198577  -0.8392673  -0.15218966  -54.427803  0.0  0.0  0.0  1.0
27844314101766;17.078221026612844;10.724085511683016;0.97525066  0.05966205  -0.21289977  21.676193  0.15254205  0.5154741  0.8432185  -40.74472  0.16005237  -0.8548256  0.4936159  -38.56553  0.0  0.0  0.0  1.0
27844314101797;5.658008139654423;7.608607228029497;0.8678223  -0.35865286  0.3438783  -18.75896  0.44039652  0.23474137  -0.8665723  -52.07912  0.23007616  0.9034738  0.36166313  65.12735  0.0  0.0  0.0  1.0
27844314101828;12.532088953947076;4.7407612823500855;0.19957075  0.3462365  -0.91667426  -11.210833  0.1996811  0.9014933  0.38397557  11.226576  0.95932215  -0.25967282  0.110774934  18.748804  0.0  0.0  0.0  1.0
27844314101859;13.452993466710405;8.618825388857593;0.9811997  -0.17778221  0.0751033  -19.564463  0.19297263  0.8978444  -0.39577404  -4.4478073  0.002930517  0.40282628  0.91527194  42.604454  0.0  0.0  0.0  1.0
27844314101890;10.240194569123585;6.4013175167543155;0.7513641  0.1559443  0.6411973  22.501907  -0.33337656  0.928262  0.16489471  -5.0185776  -0.56948435  -0.33765593  0.74945056  -41.041965  0.0  0.0  0.0  1.0
27844314101921;5.39778345406533;13.771327231363625;0.69580066  0.62584454  -0.35239163  11.852638  -0.22870581  0.6581581  0.71730155  -5.620701  0.6808487  -0.41850498  0.60108125  -20.806795  0.0  0.0  0.0  1.0
27844314101952;13.302221500961894;3.784646782479815;0.5218586  -0.85293365  -0.012970184  14.543642  0.83723956  0.51505005  -0.18372118  6.73788  0.16338225  0.08501723  0.9828929  8.874755  0.0  0.0  0.0  1.0
27844314101983;10.786030610610256;7.599491073992028;0.97345215  -0.037804842  -0.22574706  -11.764823  0.10063797  0.95651215  0.27378172  0.41110086  0.20557953  -0.2892321  0.9349234  7.4588366  0.0  0.0  0.0  1.0
27844314102014;18.074211930870813;13.27879110933036;0.7327807  -0.5693264  -0.37269276  -30.329971  0.30911624  0.7664418  -0.5630401  7.9802017  0.60620093  0.29737955  0.7376216  3.7253418  0.0  0.0  0.0  1.0
27844314102045;5.527523174873733;3.2788997737786376;0.47728482  -0.61426944  -0.6283887  -51.0634  0.48352206  0.7806884  -0.39589408  -16.183784  0.7337616  -0.11488553  0.6696234  0.18030065  0.0  0.0  0.0  1.0
27844314102076;12.49337546729974;4.772106793367195;0.9797883  -0.18692641  -0.071225524  -14.325919  0.15084966  0.92428845  -0.35062087  -7.555229  0.13137327  0.33278996  0.93380505  41.817673  0.0  0.0  0.0  1.0
27844314102107;8.34390181428472;35.83243099115183;0.4585432  0.5646368  0.68623877  -31.165136  0.77384114  0.12596941  -0.62072664  -14.015044  -0.4369302  0.8156699  -0.37917688  -9.199747  0.0  0.0  0.0  1.0
27844314102138;13.875093444885819;9.863435864019666;0.24130183  -0.04551992  -0.969382  -25.431307  0.71296906  0.6859839  0.14526245  15.742081  0.6583682  -0.7261914  0.19798361  -39.85539  0.0  0.0  0.0  1.0
27844314102169;7.7056993337980995;8.405860415733914;0.6733881  0.5335621  0.51172256  -7.4994316  0.25585523  0.48121172  -0.8384352  8.0096855  -0.693604  0.69551915  0.18752751  6.500062  0.0  0.0  0.0  1.0
27844314102200;9.927306225231835;10.354758947405875;0.9401626  -0.1693897  -0.2956377  -17.30576  0.32930487  0.67449814  0.66076535  9.107538  0.087480254  -0.7185817  0.6899185  3.331345  0.0  0.0  0.0  1.0
27844314102231;10.287771982386351;5.129356332926382;0.7221591  -0.6879576  0.07211444  -4.868328  0.6627496  0.6582779  -0.35697788  15.507647  0.19811432  0.30558866  0.9313251  16.458067  0.0  0.0  0.0  1.0
27844314102262;8.065900080817094;14.631662629507039;0.3381127  -0.15545735  -0.92817706  -31.793818  0.1793364  0.97883284  -0.098613605  17.66809  0.9238605  -0.13311338  0.35883486  14.028404  0.0  0.0  0.0  1.0
27844314102293;15.344796486985695;5.067662779777524;-0.388524  -0.9125559  -0.12763517  -52.755173  0.1746558  0.0630727  -0.98260736  -83.92019  0.9047346  -0.40405875  0.1348779  -20.457949  0.0  0.0  0.0  1.0
27844314102324;11.120662662609497;3.902897360824821;0.5148843  0.20544396  0.83227825  -10.243459  -0.76531035  -0.3272836  0.55424327  -16.660847  0.3862568  -0.9223222  -0.011284821  -11.359301  0.0  0.0  0.0  1.0
27844314102355;17.81708979026515;7.212579012314043;0.99945796  -0.023021635  0.023531348  3.6958919  0.019648187  0.99069077  0.13470487  -3.4596539  -0.026413437  -0.13416952  0.9906063  -10.501514  0.0  0.0  0.0  1.0
27844314102386;12.639375851730701;9.335178603614061;0.42180416  -0.8670114  0.2652786  -83.25736  0.5644272  0.022114383  -0.82518685  -109.287445  0.7095797  0.49779776  0.4986923  32.316673  0.0  0.0  0.0  1.0
27844314102417;4.852743056092726;1.782373791676093;-0.21777658  -0.06520108  0.9738184  -20.30351  0.04320386  -0.9974321  -0.057120413  21.792599  0.9750419  0.029633192  0.22003433  12.223393  0.0  0.0  0.0  1.0
27844314102448;8.862723016525484;6.667098461453354;0.9427878  0.3326318  0.02252443  14.428312  -0.13152643  0.3090062  0.9419214  -1.0929193  0.30635267  -0.8909946  0.33507714  -5.6597867  0.0  0.0  0.0  1.0
27844314102479;8.845892927971892;6.93206054053623;0.56391454  0.35654098  -0.7449021  15.30295  0.3094756  0.74503493  0.5908873  -21.87344  0.7656536  -0.5637391  0.30979532  -53.53598  0.0  0.0  0.0  1.0
27844314102510;12.811880985162878;14.626780496656743;0.27818134  0.8851151  -0.3730769  -5.7663975  -0.05558475  0.40259123  0.9136906  -8.295068  0.9589189  -0.23343435  0.16119231  28.546415  0.0  0.0  0.0  1.0
27844314102541;16.755247254223338;5.848758020402198;-0.07724331  0.91325784  0.3999921  12.994274  0.9257017  -0.0833057  0.3689667  -22.707886  0.37028325  0.39877355  -0.8389696  20.30423  0.0  0.0  0.0  1.0
27844314102572;6.047632241354357;11.552582585985677;-0.28348327  0.27961484  -0.9173076  -35.284325  0.50017613  0.85924494  0.107342385  -1.3721776  0.8182061  -0.42838547  -0.3834383  12.340095  0.0  0.0  0.0  1.0
27844314102603;5.000465750138839;6.553638620289105;0.4059902  0.57840276  0.7075465  35.7344  -0.5505811  0.77274996  -0.31578153  -14.082058  -0.7294053  -0.26135755  0.63218665  -7.761985  0.0  0.0  0.0  1.0
27844314102634;4.837279486815611;3.545453153428219;0.2082428  -0.14561887  0.9671765  -16.566149  0.9642229  0.19641231  -0.17803487  -35.91101  -0.16404004  0.9696481  0.18131049  43.96567  0.0  0.0  0.0  1.0
27844314102665;12.464679441521291;9.906480816837755;0.12070428  -0.228634  -0.96600044  -4.0943375  0.004185848  0.97322416  -0.22982061  5.198948  0.9926796  0.023696804  0.1184294  -19.150272  0.0  0.0  0.0  1.0
27844314102696;10.865536856965761;9.180320929103116;0.46433514  -0.80751646  -0.3637446  -73.589905  0.5888722  0.5882647  -0.55423295  -34.023434  0.6615303  0.043150686  0.7486758  19.25848  0.0  0.0  0.0  1.0
27844314102727;12.326628554608499;9.730156486354288;0.5599137  0.77239186  -0.2998458  47.559326  -0.76977575  0.6188082  0.15659447  -19.028225  0.3064993  0.14313465  0.9410475  21.429974  0.0  0.0  0.0  1.0
27844314102758;6.140194318079895;16.029906010240136;0.49758002  -0.001155972  0.8674175  -17.665619  0.78788644  0.4188949  -0.4514001  -34.303017  -0.3628348  0.90803415  0.20934424  40.800762  0.0  0.0  0.0  1.0
27844314102789;11.79753658561828;2.411782519178706;0.84809184  0.07847905  0.52400506  7.112623  -0.4249237  0.6915147  0.584164  3.21072  -0.3165124  -0.7180869  0.61981547  7.624268  0.0  0.0  0.0  1.0
27844314102820;13.718009914125455;3.867360938851492;0.28209198  -0.9571975  -0.06478479  -16.400175  0.9398807  0.28927356  -0.1815077  3.8259082  0.19247927  -0.009687986  0.9812532  -9.782301  0.0  0.0  0.0  1.0
27844314102851;14.126286162245718;21.031591463862945;0.9948187  0.10154565  -0.004919006  -22.358482  0.01833982  -0.22684112  -0.9737593  6.57248  -0.099996954  0.9686238  -0.22752815  -1.4743303  0.0  0.0  0.0  1.0
27844314102882;16.65338049572903;22.997079767514123;0.40839607  -0.7362961  0.539519  -122.293076  0.6540321  -0.1762728  -0.7356428  -85.979034  0.63675314  0.6532963  0.4095721  75.76798  0.0  0.0  0.0  1.0
27844314102913;3.6628597101339557;4.29166740690909;0.8719275  0.13185276  0.4715475  5.1501503  -0.0672708  0.9861862  -0.15136567  -5.3549957  -0.48499167  0.10025853  0.8687527  -11.883271  0.0  0.0  0.0  1.0
27844314102944;9.703443455187617;43.528279127248766;-0.23154756  -0.20468988  -0.95104575  9.353392  0.5153946  0.80332947  -0.2983789  -6.103174  0.8250781  -0.559253  -0.080512896  11.625124  0.0  0.0  0.0  1.0
27844314102975;6.1736923351409825;20.231891862358623;0.28322196  0.89464295  0.34554183  76.76811  -0.6100928  -0.109925054  0.78466755  -110.77861  0.7399811  -0.43304765  0.5146822  -18.820538  0.0  0.0  0.0  1.0
27844314103006;8.779326562990162;20.002561053042953;-0.11746262  0.9010161  -0.41757965  41.76317  0.8230292  -0.1469797  -0.54865265  -80.131424  -0.5557206  -0.4081263  -0.72429794  -5.0737267  0.0  0.0  0.0  1.0
27844314103037;4.983612374719573;6.405537101563228;0.8804185  -0.16502324  -0.44455695  -6.1402035  0.089964636  0.9785943  -0.18509278  -11.06348  0.46558556  0.122964665  0.87641877  3.3873467  0.0  0.0  0.0  1.0
27844314103068;8.080951485631328;9.821286372469167;0.22516909  -0.8141613  0.53520125  -44.79428  0.7210051  -0.23022605  -0.65356576  -29.86185  0.6553252  0.5330455  0.53517437  20.725027  0.0  0.0  0.0  1.0
27844314103099;5.35424278701302;3.2044059567487055;0.93785155  -0.2958142  0.18146208  -22.458591  0.31304663  0.9468151  -0.07445042  -4.416176  -0.14978756  0.1266296  0.98057574  11.237625  0.0  0.0  0.0  1.0
