# fmr_benchmark.py --model_path=/root/fmr_benchmark/result/fmr_model_7scene.pth --voxel_size=0.1 --n_iter=10 --input_txt=/neural_comparison/point_clouds_registration_benchmark//tum/pioneer_slam3_global.txt --input_pcd_dir=/neural_comparison/point_clouds_registration_benchmark//tum/pioneer_slam3/ --output_dir=/root/neural_registration_comparison/results/FMR/7scene
id;initial_error;final_error;transformation
39885980090030;15.205318337116758;2.9875422372735643;0.41019696  -0.8042812  0.42996556  14.711145  0.9072254  0.40801954  -0.102284655  -2.0498261  -0.09316866  0.4320324  0.8970327  3.696164  0.0  0.0  0.0  1.0
39885980090061;13.318166755923231;1.6119869571656602;0.9151061  -0.39770514  -0.0664187  5.339304  0.34324223  0.6819227  0.64588404  10.473278  -0.21157897  -0.61385  0.76054084  -0.17202902  0.0  0.0  0.0  1.0
39885980090092;16.131758473986306;9.540317881737991;0.9184876  -0.208172  -0.3362211  -3.2568636  -0.10200453  0.6967341  -0.71004003  -2.6509366  0.3820671  0.68645895  0.6187073  9.616464  0.0  0.0  0.0  1.0
39885980090123;12.985542941208589;8.164724654204695;0.7433998  0.6660818  -0.06076168  2.8071272  -0.5773254  0.59315324  -0.5611282  1.4552071  -0.3377161  0.4522218  0.8254958  11.8269005  0.0  0.0  0.0  1.0
39885980090154;12.128119033469892;8.703775179005381;0.9702051  0.04773261  0.23753665  3.1659255  -0.05818907  0.99761206  0.037201397  2.022553  -0.23519374  -0.04991504  0.9706659  -8.5519  0.0  0.0  0.0  1.0
39885980090185;6.628057703543316;4.0016348513496345;0.7588046  0.5038979  0.41267735  0.9104748  -0.44602895  -0.059699725  0.8930253  4.269601  0.4746303  -0.8616977  0.17945261  -2.9009144  0.0  0.0  0.0  1.0
39885980090216;5.823010286342225;10.169920900273734;0.7320772  0.32922006  -0.59638673  5.045519  -0.6675484  0.1721728  -0.72438616  2.3864503  -0.13580082  0.9284239  0.34581414  2.6917832  0.0  0.0  0.0  1.0
39885980090247;5.3740242030998315;0.9566929816120078;0.83575463  -0.40300167  -0.37296638  -3.6784418  0.52394104  0.38201892  0.7612802  -0.020725727  -0.16431701  -0.8316557  0.5304232  1.4305822  0.0  0.0  0.0  1.0
39885980090278;4.39500473301532;10.282426936555819;0.7894573  -0.004083925  -0.613792  8.33506  -0.60831535  0.12824032  -0.78326696  6.8269773  0.08191165  0.99173486  0.098756  -2.916293  0.0  0.0  0.0  1.0
39885980090309;6.062761454151005;9.595394680332776;-0.16228312  0.9842744  0.06977486  8.80643  0.2622698  0.11119442  -0.9585669  2.7718227  -0.95125127  -0.13725944  -0.2761905  7.3655868  0.0  0.0  0.0  1.0
39885980090340;10.653667033347874;4.864021253535928;0.38173032  -0.5921353  -0.70968825  -3.4963598  0.7202696  0.67175865  -0.17306654  -6.8642883  0.5792181  -0.4451023  0.6829276  4.138088  0.0  0.0  0.0  1.0
39885980090371;7.825764243118106;10.411947402177365;0.53129697  0.66424644  -0.5258328  4.879937  -0.8086482  0.21254854  -0.54855376  3.489691  -0.25260997  0.71665853  0.6500682  5.462665  0.0  0.0  0.0  1.0
39885980090402;6.3535513934385985;10.579362599910578;0.7367884  -0.54849434  -0.39534408  11.911947  0.24881294  -0.3237334  0.91284657  8.773337  -0.6286772  -0.77094156  -0.102050506  3.2544188  0.0  0.0  0.0  1.0
39885980090433;6.8874917645610045;8.071863225894473;0.92394745  0.36914867  -0.10024994  -2.1379743  -0.38052496  0.8602798  -0.33929214  3.316672  -0.039006237  0.35163578  0.93532383  6.0436335  0.0  0.0  0.0  1.0
39885980090464;6.2677651862134764;3.5502492986879806;0.5535482  0.23635718  -0.7985734  -0.6089492  0.26530156  0.8588817  0.43810624  -3.3882084  0.7894297  -0.45437565  0.4127265  -6.5072603  0.0  0.0  0.0  1.0
39885980090495;9.69087354585672;5.652501922001629;0.7540598  -0.27334154  0.59722537  -5.9153337  -0.0026972294  0.90799147  0.41898018  -1.0848415  -0.65680015  -0.31754702  0.6839427  0.93762255  0.0  0.0  0.0  1.0
39885980090526;2.92110847772627;0.46562875897944356;0.5495703  -0.26874045  -0.7910443  -0.6751349  0.572276  0.81092185  0.12208958  -0.9254428  0.6086649  -0.51979244  0.59945226  -0.18211484  0.0  0.0  0.0  1.0
39885980090557;4.738076726601074;4.5418675592445314;0.41873875  0.59875727  0.6827498  -2.5446646  0.85259193  -0.00037422776  -0.5225769  2.2860498  -0.31264132  0.80093044  -0.5106526  6.1713705  0.0  0.0  0.0  1.0
39885980090588;14.769319861057435;7.658015516186751;0.56636417  0.8075901  -0.16440754  12.846769  0.5513434  -0.5195451  -0.6527583  -6.0613227  -0.61257815  0.27905387  -0.73951125  -8.817523  0.0  0.0  0.0  1.0
39885980090619;2.836952107880147;5.5539516251597085;0.9051485  -0.2876908  0.31295374  3.846394  0.36948398  0.896485  -0.24453259  -3.0699615  -0.21020852  0.33696988  0.91774917  -2.5628457  0.0  0.0  0.0  1.0
39885980090650;12.55893498698289;3.79952865919336;0.76810116  -0.61249423  0.1867389  -10.054955  0.6159116  0.62693214  -0.47708395  1.9848365  0.17513858  0.48146352  0.85878944  1.0906475  0.0  0.0  0.0  1.0
39885980090681;13.661467239296929;0.5603162069972351;0.61976784  -0.5623843  -0.547368  5.704025  0.3084456  0.8159031  -0.4890432  6.250946  0.72162956  0.13425986  0.67913556  -11.254449  0.0  0.0  0.0  1.0
39885980090712;11.512393687205597;5.684045160470857;-0.10779704  -0.07318806  0.9914754  3.7283792  0.38173002  -0.9238882  -0.026695497  7.779422  0.91796607  0.3755983  0.12753046  -3.8717957  0.0  0.0  0.0  1.0
39885980090743;17.098275178250592;7.386279002213522;0.97584206  0.04358442  -0.21408656  -3.4709196  -0.013261792  0.9899095  0.14107929  -0.51674795  0.21807523  -0.13483195  0.9665733  13.995682  0.0  0.0  0.0  1.0
39885980090774;10.611953381784044;5.922949294265241;0.5549305  -0.14045812  0.81995344  11.964909  -0.28819722  0.89214754  0.34787196  3.8972757  -0.78038096  -0.42935303  0.45460024  4.195756  0.0  0.0  0.0  1.0
39885980090805;5.343071835957388;1.7682094652891864;0.6063979  0.060942784  -0.79282254  -1.6021268  0.44196746  0.8030247  0.3997702  -3.1569529  0.661019  -0.59282166  0.46001798  0.6503327  0.0  0.0  0.0  1.0
39885980090836;5.261479947974986;0.7008190147785142;0.61242104  0.21881863  0.75964385  -2.4048572  -0.17053927  0.9748711  -0.14332789  3.2950191  -0.77191764  -0.04177207  0.6343488  4.40226  0.0  0.0  0.0  1.0
39885980090867;12.813048896623984;5.368109980178395;0.7444282  0.6286409  0.22502747  -1.0011985  -0.3597148  0.6615165  -0.6580281  13.964672  -0.5625229  0.40890914  0.718583  -4.82769  0.0  0.0  0.0  1.0
39885980090898;9.513150698671726;7.526904018095032;0.7674923  -0.61915034  0.1661569  3.4442585  0.60495436  0.61376184  -0.5072738  -2.0226076  0.212098  0.4898462  0.84561545  5.171016  0.0  0.0  0.0  1.0
39885980090929;3.2910700942172166;9.88479690974154;0.16544908  0.87452704  0.4558829  9.728107  -0.32881117  0.48471943  -0.8105126  2.2224832  -0.9297904  -0.0158008  0.36775053  2.3120759  0.0  0.0  0.0  1.0
39885980090960;13.148595121958836;1.034412948032515;0.78253096  -0.61681074  0.08479309  1.1183829  0.5782604  0.77049744  0.26823217  2.1232982  -0.23078132  -0.1608675  0.9596154  12.489602  0.0  0.0  0.0  1.0
39885980090991;4.974292677219224;6.106846946487088;0.46586075  -0.7912564  -0.3960898  3.3447905  0.63205874  0.6108335  -0.4768481  -7.724948  0.6192541  -0.02820729  0.78468394  1.6263604  0.0  0.0  0.0  1.0
39885980091022;13.287028172970416;6.083029781026395;0.7339256  0.38421842  -0.5601157  -7.159667  -0.32532153  0.92273754  0.20669118  -6.1802044  0.59625435  0.030521808  0.80221516  -0.06545162  0.0  0.0  0.0  1.0
39885980091053;15.533441302838277;4.73083748479167;0.9625383  0.21181336  0.16927817  8.700319  -0.21470971  0.97667706  -0.0012226603  -13.924079  -0.16558906  -0.035168808  0.9855676  -3.3305378  0.0  0.0  0.0  1.0
39885980091084;7.763469718260981;10.301355855842893;0.7112097  -0.17219968  0.6815631  14.304744  -0.50867766  0.54312706  0.6680272  7.350238  -0.4852093  -0.8218031  0.2986832  0.11415291  0.0  0.0  0.0  1.0
39885980091115;3.6651649034345075;3.1408053406866023;0.8293006  -0.51988614  0.20488739  0.16034889  0.5286439  0.84873044  0.013854444  0.9567251  -0.1810969  0.09682295  0.9786875  -2.4020638  0.0  0.0  0.0  1.0
39885980091146;8.080612412768405;9.305238891217773;0.9082841  0.034436677  0.41693446  11.062546  0.3330437  0.5436179  -0.7704296  5.902037  -0.25318402  0.838626  0.48229036  -0.20831466  0.0  0.0  0.0  1.0
39885980091177;3.8726541071914253;9.349149718184263;0.986934  -0.019950312  0.15988429  5.1174717  0.094145566  0.8766925  -0.47174868  5.030272  -0.13075788  0.48063728  0.86711603  -0.77035975  0.0  0.0  0.0  1.0
39885980091208;5.2059592602279805;4.526183738178694;0.9273583  -0.18980822  -0.32245827  5.6535177  0.18800016  0.9814697  -0.037051376  -1.7433617  0.3235157  -0.026262261  0.94585824  -4.4913154  0.0  0.0  0.0  1.0
39885980091239;9.534104921615693;9.4614942833391;0.9088785  -0.40988594  0.07702749  6.0079393  -0.19005822  -0.5714575  -0.7983198  -0.7149221  0.37123793  0.7109361  -0.5972877  -1.7095178  0.0  0.0  0.0  1.0
39885980091270;6.793393155968177;3.7223923845014575;0.32140762  -0.9391701  -0.12106395  5.214075  0.6996692  0.32168  -0.63795376  6.2190833  0.63809097  0.120338395  0.76049894  -3.7902718  0.0  0.0  0.0  1.0
39885980091301;9.237550092631151;7.005853976258841;0.48151222  0.87643534  -0.0027582624  6.5759506  0.86065334  -0.47343174  -0.18745328  5.0024824  -0.1655964  0.08788728  -0.98227  11.142994  0.0  0.0  0.0  1.0
39885980091332;14.314334062580222;5.987598792842109;0.7978902  0.55211407  -0.24195318  9.897055  -0.09728837  -0.27817255  -0.9555914  2.9775867  -0.5949002  0.78599626  -0.16823684  -5.772444  0.0  0.0  0.0  1.0
39885980091363;4.939595963032118;1.3832450508065042;0.6079705  0.77610016  -0.16745155  4.3013477  -0.77040255  0.6276562  0.11192499  -0.24173844  0.1919671  0.060958114  0.97950625  -0.8103508  0.0  0.0  0.0  1.0
39885980091394;15.273466798993145;4.413599669325086;0.6698762  -0.66316414  -0.33388552  5.799107  0.7261335  0.6789774  0.108258896  13.096728  0.15490735  -0.3149654  0.9363764  -2.20841  0.0  0.0  0.0  1.0
39885980091425;8.06198539416402;0.7860204781035514;0.5612867  0.80879444  -0.17552374  0.14934206  0.090773195  -0.27096397  -0.95829993  -4.959821  -0.8226284  0.5219482  -0.22550535  -0.88467014  0.0  0.0  0.0  1.0
39885980091456;10.977064992754894;4.929106002339514;0.9359121  0.30541557  0.1754706  11.134005  -0.28032526  0.9474784  -0.15395644  -6.494382  -0.21327528  0.09490085  0.9723722  -6.3321023  0.0  0.0  0.0  1.0
39885980091487;2.767744523025431;0.05186440729728718;0.8909112  -0.37426254  0.2573024  0.24010801  -0.4018657  -0.38563183  0.8305373  0.8639339  -0.21161498  -0.8433361  -0.49396712  2.754857  0.0  0.0  0.0  1.0
39885980091518;6.6339837111177165;8.332033066757488;0.6387796  -0.76882356  0.029511184  5.994661  0.7069485  0.5713698  -0.41684562  1.2230453  0.3036189  0.28713527  0.90849805  -3.075266  0.0  0.0  0.0  1.0
39885980091549;8.72791924372333;1.5625373463689125;0.79693794  0.07829767  0.5989653  -2.0023737  -0.20965394  0.96577805  0.15270172  -6.402607  -0.56651133  -0.24726935  0.7860806  -0.24416447  0.0  0.0  0.0  1.0
39885980091580;11.404884011730314;9.620154053923052;0.8271934  0.55163646  0.10699554  -1.0624709  0.2249609  -0.1506177  -0.96265614  0.7171484  -0.51492083  0.8203729  -0.24868685  -1.3596945  0.0  0.0  0.0  1.0
39885980091611;5.185738995238877;0.09001931210299616;0.9707564  -0.014232325  0.23964357  -1.2217255  0.18537302  0.6787311  -0.710606  3.5624137  -0.15253995  0.734249  0.66152096  -3.176155  0.0  0.0  0.0  1.0
39885980091642;11.452810801369598;12.132001653557603;0.65652597  0.19043733  -0.729868  3.032258  -0.020160193  0.97168964  0.23539925  4.277954  0.75403404  -0.13983147  0.6417788  8.197607  0.0  0.0  0.0  1.0
39885980091673;6.84357315400721;11.2127931532193;0.5957016  -0.7982578  0.08901882  8.117296  0.80281603  0.5882912  -0.096953325  1.7135291  0.025024863  0.12922098  0.99130005  6.725626  0.0  0.0  0.0  1.0
39885980091704;11.97004270038415;8.21911367395682;0.66229415  0.6104274  0.43444833  14.664616  -0.47328362  -0.10866824  0.8741823  3.4711137  0.58083516  -0.78458273  0.21693477  -7.634223  0.0  0.0  0.0  1.0
39885980091735;9.206758517908435;9.514447960842507;0.87377393  0.24333362  -0.42107958  -0.82075834  0.03672435  0.8303411  0.5560442  -2.9448204  0.484944  -0.5013207  0.71659404  5.0842156  0.0  0.0  0.0  1.0
39885980091766;2.598811728309922;1.116872138749488;0.77175486  -0.04254722  -0.63449544  -0.118844986  -0.14570935  0.95938313  -0.24156348  -1.3893709  0.61900216  0.2788798  0.7342087  -1.1162777  0.0  0.0  0.0  1.0
39885980091797;12.542227557622743;4.62723150201707;0.091680124  -0.9617442  -0.2581525  14.184151  0.49426326  0.26900542  -0.82664376  -6.156786  0.8644642  -0.05180852  0.5000174  4.954604  0.0  0.0  0.0  1.0
39885980091828;9.47715700246654;9.535175602167412;0.39937875  0.8664622  -0.29956618  9.2345705  -0.9072881  0.32663295  -0.26483837  9.345212  -0.13162416  0.37756371  0.91658086  9.051206  0.0  0.0  0.0  1.0
39885980091859;14.228056617716064;9.501361198592987;0.5088519  0.10524842  0.8543958  1.0324293  0.8594826  -0.11811624  -0.49733117  3.8441846  0.04857464  0.98740643  -0.15056296  6.0425177  0.0  0.0  0.0  1.0
39885980091890;12.934736653014653;3.079477757889766;0.98335963  -0.036900792  -0.17788267  0.72202635  -0.18054037  -0.30751103  -0.9342602  9.307593  -0.02022595  0.9508287  -0.30905616  -7.1224794  0.0  0.0  0.0  1.0
39885980091921;11.389616762246979;0.20850995513520537;0.6618958  0.097878985  0.74317783  4.4464884  0.51524466  0.66068804  -0.54590666  0.29080486  -0.5444416  0.744252  0.386875  9.250336  0.0  0.0  0.0  1.0
39885980091952;7.751231368250753;0.5664422470493606;0.60207397  -0.39134946  0.69595444  -2.9172566  0.21258417  0.9187506  0.3327245  -3.0027995  -0.76962006  -0.052375898  0.6363504  -2.2944283  0.0  0.0  0.0  1.0
39885980091983;14.851121124669065;9.892414242226382;0.63058084  -0.23042978  0.7411275  6.552549  0.5965797  -0.4668998  -0.6527611  8.320299  0.49644804  0.8537602  -0.15694834  -11.931004  0.0  0.0  0.0  1.0
39885980092014;8.09691717384987;12.497274675742903;0.2733359  -0.28859982  0.9176043  5.596277  0.9606566  0.033051822  -0.27576503  -0.806885  0.049257033  0.9568792  0.2862796  4.6500783  0.0  0.0  0.0  1.0
39885980092045;7.770476372289854;10.429580108203302;0.40980676  0.91215354  -0.005839817  11.590573  -0.8086543  0.3603301  -0.4650167  -2.0757096  -0.42206234  0.1952895  0.88528275  -3.7242858  0.0  0.0  0.0  1.0
39885980092076;16.718631862778135;10.475775288895063;0.6074984  0.55506295  0.56819934  11.245184  0.71841675  -0.07879086  -0.6911361  -11.598553  -0.33885512  0.8280683  -0.44663173  -8.812182  0.0  0.0  0.0  1.0
39885980092107;10.262899426928634;1.5115359532817534;0.56417745  -0.82074255  -0.08991784  -0.18819475  0.34621578  0.33403394  -0.8766734  -9.014553  0.74955875  0.46346843  0.47260845  -4.606689  0.0  0.0  0.0  1.0
39885980092138;15.257229419744425;4.729014409160968;0.8731231  0.29832402  -0.38556245  3.3317165  -0.38392234  0.9081917  -0.16670749  4.781928  0.3004318  0.29358235  0.9074966  -12.649525  0.0  0.0  0.0  1.0
39885980092169;15.992191385092843;4.347453010833778;0.80857664  0.55429155  -0.19739413  -8.308954  0.58806986  -0.7723773  0.2400149  3.105378  -0.019424554  -0.31015205  -0.95048845  0.7394278  0.0  0.0  0.0  1.0
39885980092200;6.917432320039796;6.063656261473086;0.61945313  -0.7814612  0.07480729  13.070428  0.691163  0.49771425  -0.5239985  3.1168728  0.3722518  0.37629652  0.8484278  -1.5026242  0.0  0.0  0.0  1.0
39885980092231;11.63978213050849;8.559712492228876;0.3519483  -0.93591714  -0.013837062  3.052568  0.56924593  0.22575116  -0.7905664  13.924494  0.7430284  0.27036184  0.61221975  -5.336763  0.0  0.0  0.0  1.0
39885980092262;5.191873642222159;10.697517698822162;0.54172754  -0.6145935  -0.5734164  6.649085  0.097019225  0.7233479  -0.6836338  3.3408759  0.83493626  0.31471083  0.45148492  -2.5918634  0.0  0.0  0.0  1.0
39885980092293;17.8683780302977;8.51050225114788;0.86650836  0.002208352  -0.4991581  12.480668  0.09390863  0.9814129  0.16736165  4.2625227  0.49024975  -0.19189547  0.85019493  -8.956284  0.0  0.0  0.0  1.0
39885980092324;2.5378082800465176;0.5440145528350149;0.90588576  0.20352148  -0.37141678  0.25883532  0.16961515  0.62923086  0.75848484  -1.9463928  0.3880749  -0.7500983  0.5354908  -1.429754  0.0  0.0  0.0  1.0
39885980092355;4.721106299632293;4.371904081600235;0.821793  -0.0008872356  -0.56978554  3.565868  -0.1251108  0.9753135  -0.181964  -4.797295  0.5558809  0.22082311  0.80139476  0.7301853  0.0  0.0  0.0  1.0
39885980092386;4.150156398285817;4.313477721495806;0.34042042  0.6545108  0.6750774  -1.9826832  -0.44348946  0.74484736  -0.49851736  -1.9531398  -0.8291147  -0.12968424  0.5438298  4.07736  0.0  0.0  0.0  1.0
39885980092417;6.211588953303198;6.4441671503175275;-0.95119077  0.07019909  0.3005131  -0.60250974  0.2660504  0.6799706  0.6832695  0.6525716  -0.15637527  0.72987133  -0.6654585  1.7060986  0.0  0.0  0.0  1.0
39885980092448;6.198581447326856;1.1969230263040262;0.72155243  -0.14957055  -0.67601097  5.549066  -0.24650632  0.85690737  -0.45270747  1.8710513  0.6469907  0.49329308  0.58143383  -7.573122  0.0  0.0  0.0  1.0
39885980092479;13.852347125351322;4.146305629101339;0.7963568  0.592916  0.119442225  -0.115428805  -0.5562677  0.7955256  -0.24021874  -1.7150675  -0.23744887  0.12485795  0.96334237  -12.936653  0.0  0.0  0.0  1.0
39885980092510;11.087356919905194;5.003829096694239;0.98985296  -0.085099645  -0.113794565  -7.910588  0.098561145  0.9880577  0.11843854  -0.9363811  0.10235648  -0.12845245  0.98641926  -1.3340695  0.0  0.0  0.0  1.0
39885980092541;8.13198811043238;0.14279426381626936;-0.51301533  0.8011676  0.30813295  6.764738  0.3981976  0.54013175  -0.7414153  3.190449  -0.76043004  -0.25765955  -0.5961188  -0.044559836  0.0  0.0  0.0  1.0
39885980092572;12.857597382515118;6.5951773746338205;-0.5571997  -0.12534036  0.8208642  6.904203  0.73572224  0.38383827  0.5580151  -2.3475854  -0.3850209  0.91485405  -0.121658824  -2.701697  0.0  0.0  0.0  1.0
39885980092603;4.595426400726901;3.1873043559360776;0.9395853  -0.27855074  -0.19896957  3.1223354  -0.27535185  -0.2696766  -0.9227435  4.649212  0.20337349  0.9217829  -0.3300837  -0.2699021  0.0  0.0  0.0  1.0
39885980092634;14.955394496186754;7.901593235887384;0.954289  -0.09209504  0.2843436  1.6251984  0.1598925  0.96107066  -0.22533962  -0.57061017  -0.25252154  0.26050353  0.9318644  10.390378  0.0  0.0  0.0  1.0
39885980092665;13.790322686089336;11.94205325471538;0.5465428  -0.8374219  -0.003948559  15.773144  -0.7299598  -0.47870803  0.48784977  4.947177  -0.41042638  -0.2637487  -0.8729187  16.540724  0.0  0.0  0.0  1.0
39885980092696;10.060575966549875;9.701383350524267;0.9763231  -0.19182563  0.09998064  8.095327  -0.047872595  0.25913057  0.9646555  10.411138  -0.2109534  -0.9466019  0.2438116  4.2738037  0.0  0.0  0.0  1.0
39885980092727;5.0885328238275855;4.829495022844291;0.718494  -0.41112313  -0.5610207  5.492467  0.50602305  0.8623698  0.016103223  -0.019557476  0.47718692  -0.29545945  0.8276451  -4.403115  0.0  0.0  0.0  1.0
39885980092758;7.042514947121556;0.03963732872307829;0.76276904  0.6417945  -0.07926766  -0.30026677  -0.51011807  0.6724997  0.5362123  0.106918454  0.39744556  -0.36857027  0.84035295  -7.398261  0.0  0.0  0.0  1.0
39885980092789;9.837958892178126;1.3769564113911381;0.05271198  0.7105918  -0.7016272  -2.0369768  -0.30580303  -0.6573631  -0.68873644  9.133433  -0.9506346  0.2508644  0.18265027  2.004877  0.0  0.0  0.0  1.0
39885980092820;8.268718839568454;9.962707238799787;0.95074916  0.2269931  0.21106957  5.3412952  -0.29570848  0.8683607  0.39812824  2.2138462  -0.09291217  -0.4409352  0.89271706  8.504171  0.0  0.0  0.0  1.0
39885980092851;6.8936455006206945;8.533535181273917;0.8856745  -0.008133171  0.46423584  5.2531767  0.39655232  0.5333228  -0.74720347  4.101621  -0.24151051  0.8458727  0.4755757  0.5169531  0.0  0.0  0.0  1.0
39885980092882;8.701798953500287;8.820015001324983;0.6835266  0.64178276  -0.34771556  1.3810625  -0.12572801  0.57276994  0.81001675  8.089833  0.71901596  -0.5099506  0.47219366  3.6829367  0.0  0.0  0.0  1.0
39885980092913;12.068994851548805;8.835926875831921;0.8407178  0.0016732737  -0.541471  1.4229566  -0.29566026  0.83918077  -0.45646518  -0.70667493  0.45362827  0.5438498  0.706009  6.044893  0.0  0.0  0.0  1.0
39885980092944;3.372320270673433;9.253557758654196;0.70336336  -0.5052052  -0.5000479  5.386709  0.48657697  0.85501575  -0.17941879  4.9378796  0.5181922  -0.11711522  0.84720767  -0.5692536  0.0  0.0  0.0  1.0
39885980092975;6.497637263498034;9.552868183825414;0.8734514  0.3769109  -0.3082546  4.146272  -0.48479837  0.73210853  -0.4785267  1.1613941  0.04531382  0.56741095  0.8221869  -4.8650723  0.0  0.0  0.0  1.0
39885980093006;15.880192191604793;1.8710782961984476;0.78919977  -0.2513048  -0.5603658  7.7704287  0.3617342  0.92758465  0.09346419  -10.042072  0.49629855  -0.27646542  0.8229549  2.051299  0.0  0.0  0.0  1.0
39885980093037;17.265572118183027;9.375944496093048;0.9322392  -0.15321423  -0.327804  15.713621  0.3612982  0.44381836  0.82005435  -10.980798  0.019841531  -0.8829217  0.46910092  -6.7803054  0.0  0.0  0.0  1.0
39885980093068;7.330304072587055;6.356146700092106;0.78717905  -0.1747502  0.59144855  -4.492228  0.47974762  -0.42912966  -0.76530385  7.09637  0.38754502  0.88617736  -0.25396585  1.8763726  0.0  0.0  0.0  1.0
39885980093099;11.7148593534829;0.04777796416013755;0.36015165  0.20525187  0.9100342  -1.527704  -0.23326938  0.96432143  -0.12517811  12.290564  -0.9032586  -0.16720006  0.39518097  -4.7451344  0.0  0.0  0.0  1.0
