# fmr_benchmark.py --model_path=/root/fmr_benchmark/result/fmr_model_7scene.pth --voxel_size=0.1 --n_iter=10 --input_txt=/neural_comparison/point_clouds_registration_benchmark//kaist/urban05_global.txt --input_pcd_dir=/neural_comparison/point_clouds_registration_benchmark//kaist/urban05/ --output_dir=/root/neural_registration_comparison/results/FMR/7scene
id;initial_error;final_error;transformation
34562489690030;3.026378295279987;8.359790476113657;0.41452032  0.6413084  0.6456754  -4748502.0  0.5462287  0.39214802  -0.74017185  4506917.0  -0.72787863  0.65950257  -0.18774766  -4794565.0  0.0  0.0  0.0  1.0
34562489690061;2.3389289960652655;1.2953426503820118;-0.3261182  -0.21823545  0.9197938  2687235.5  0.94390446  -0.02177804  0.3294997  7557752.5  -0.05187741  0.9756532  0.2130956  -7813197.0  0.0  0.0  0.0  1.0
34562489690092;2.8315574878443655;8.5110265662014;0.1255495  -0.8359382  0.5342699  7339903.5  -0.2499614  0.4945037  0.83245736  4242529.0  -0.96008146  -0.23806158  -0.14686762  2590083.8  0.0  0.0  0.0  1.0
34562489690123;1.8101091339027975;5.254208467659512;0.9840148  0.14836444  0.09850264  -1182512.9  -0.1169473  0.9554841  -0.2708756  440385.0  -0.13430597  0.25502607  0.9575612  -1957494.6  0.0  0.0  0.0  1.0
34562489690154;2.62470578061902;5.60650603978738;0.03872597  0.6937241  0.7191992  -4906276.0  0.6541442  -0.56168336  0.5065645  12105149.0  0.755378  0.4508426  -0.47554722  -4157734.8  0.0  0.0  0.0  1.0
34562489690185;5.512606798611554;3.738805344511608;0.6558822  0.44441307  0.61017674  -3333943.5  0.23595844  0.6471212  -0.7249536  2673478.5  -0.7170373  0.6194606  0.31957218  -4480127.5  0.0  0.0  0.0  1.0
34562489690216;1.5460191220852306;3.5686254101822628;0.07308582  0.99653023  -0.039827544  -7366692.5  0.019062575  -0.041322913  -0.99896395  8364888.5  -0.9971435  0.07225104  -0.022016466  119253.13  0.0  0.0  0.0  1.0
34562489690247;5.3501947700473025;1.4877571453891278;0.59569836  0.8022777  -0.038650278  -6170820.5  -0.78627276  0.59229195  0.1759695  3832660.0  0.16406868  -0.0744351  0.98363656  483626.78  0.0  0.0  0.0  1.0
34562489690278;1.7336325432466153;7.500206240646804;0.7761531  0.504829  0.37780192  -3904413.5  0.36273536  0.13261758  -0.9224076  6723881.0  -0.5157613  0.8529713  -0.08018785  -6500113.5  0.0  0.0  0.0  1.0
34562489690309;1.8806280573322476;10.661196269531093;0.94950277  -0.16205837  0.26866648  1339268.5  0.14707857  -0.52648324  -0.83736706  12178588.0  0.2771508  0.83459723  -0.47606197  -6909450.5  0.0  0.0  0.0  1.0
34562489690340;1.342499596526476;12.339968884997052;0.9613804  -0.1311668  0.24195647  1082374.0  0.18269765  0.9616429  -0.20460847  180314.5  -0.20583788  0.24091138  0.9484685  -1793705.1  0.0  0.0  0.0  1.0
34562489690371;2.166541248145545;0.78603382502931;0.6934589  -0.714399  -0.09353574  5962832.5  0.68743545  0.69491374  -0.21101505  1972077.5  0.21574824  0.082030505  0.9729971  -811394.0  0.0  0.0  0.0  1.0
34562489690402;1.8237522520831808;4.944476173205988;0.66000974  -0.40887645  -0.63024384  3528656.5  0.6576005  0.72006625  0.22150889  1790222.0  0.3632475  -0.5606467  0.7441279  4255652.5  0.0  0.0  0.0  1.0
34562489690433;1.485279001754726;5.712994669439791;0.76946324  0.033110186  0.6378322  -104580.19  0.36989182  0.79102993  -0.48728997  1421524.0  -0.5206787  0.6108806  0.59642136  -4549082.0  0.0  0.0  0.0  1.0
34562489690464;3.2048953782106575;8.52534964444762;0.3780685  -0.07662896  0.92260087  1053223.6  0.9245624  -0.019789975  -0.38051608  7555376.5  0.04741677  0.9968632  0.06336625  -8053381.5  0.0  0.0  0.0  1.0
34562489690495;1.6045786219463427;3.55251925471929;0.8520805  -0.48716053  -0.19139917  4023371.2  0.36710623  0.816888  -0.44488984  1215441.0  0.3730845  0.30881813  0.874894  -2746604.2  0.0  0.0  0.0  1.0
34562489690526;5.298220209160753;12.973809150284561;0.15491281  -0.96084255  0.2297469  8324289.0  0.9853672  0.16700953  0.03405386  6009675.0  -0.071090296  0.22110972  0.9726545  -1729015.0  0.0  0.0  0.0  1.0
34562489690557;4.725165945981713;13.316151375808122;0.81993777  -0.5517662  -0.15249957  4565828.0  0.5504147  0.6866781  0.4748863  2134102.5  -0.15730812  -0.47331515  0.8667333  3918685.5  0.0  0.0  0.0  1.0
34562489690588;1.3460500527468555;6.177957094731435;0.9464555  -0.14499061  -0.28844374  1204250.6  0.11625675  0.98660165  -0.11446294  26200.0  0.30117518  0.074800566  0.95063066  -813367.94  0.0  0.0  0.0  1.0
34562489690619;1.8205673160604245;1.7657335797881546;0.525114  -0.16116601  -0.8356318  1630391.1  0.59682745  0.76970816  0.22659695  1433564.5  0.60667306  -0.6177173  0.500373  4543857.5  0.0  0.0  0.0  1.0
34562489690650;2.1392684506950816;3.52600012159981;-0.16707936  -0.98325175  -0.07280308  8730469.0  0.44224936  -0.008743834  -0.89684945  7805321.0  0.88119215  -0.18204221  0.43630362  845777.4  0.0  0.0  0.0  1.0
34562489690681;1.8732202401465774;12.703820544823971;0.8414562  -0.24046907  -0.48386598  2046034.1  0.47360954  0.7593029  0.44626576  1603974.5  0.2600877  -0.6046767  0.75280833  4682401.5  0.0  0.0  0.0  1.0
34562489690712;2.5869430889270166;15.753721247473568;0.62819815  0.5514564  -0.548874  -4175579.2  -0.520436  0.82221955  0.23043741  1795948.5  0.57837105  0.14089341  0.8035147  -1539858.0  0.0  0.0  0.0  1.0
34562489690743;3.8819775247609996;7.5969714788061875;0.83899516  0.54282135  0.037839048  -4254236.5  -0.41034582  0.58550215  0.69914484  3623083.5  0.35735598  -0.6021062  0.713978  4593297.0  0.0  0.0  0.0  1.0
34562489690774;1.586561897713293;2.553125473590101;0.8350828  -0.50338566  0.22190058  4165873.0  0.52968055  0.84467775  -0.0771892  877592.0  -0.14857848  0.18199581  0.9720092  -1359909.9  0.0  0.0  0.0  1.0
34562489690805;1.205521164189387;6.707584767596706;0.90596086  0.40152094  0.13422264  -3164490.0  -0.059169255  0.43401432  -0.89896077  4595438.0  -0.4192063  0.80648166  0.41695783  -6194075.0  0.0  0.0  0.0  1.0
34562489690836;2.065099418152508;3.32145512397097;0.6456114  0.05389838  -0.7617618  -184577.75  0.6422571  0.5013353  0.57980067  3560903.5  0.41314822  -0.8635728  0.28905123  6657989.5  0.0  0.0  0.0  1.0
34562489690867;2.727894652051314;6.926193193599192;0.07761121  -0.5508055  -0.8310174  5079719.0  0.4008658  0.780426  -0.4798352  1485057.5  0.91284335  -0.29588568  0.281369  1739412.4  0.0  0.0  0.0  1.0
34562489690898;2.29580039724926;23.164626400521307;0.9538125  0.1904709  -0.23229931  -1499953.1  -0.29480934  0.74203765  -0.60205245  2282688.0  0.05770121  0.6427291  0.76391715  -5211733.0  0.0  0.0  0.0  1.0
34562489690929;2.300657442855721;2.5169537590289512;0.35746354  -0.077372245  -0.9307167  1073965.9  0.27223435  0.9619166  0.024591986  115173.0  0.89336926  -0.26216376  0.36491323  1481827.0  0.0  0.0  0.0  1.0
34562489690960;1.3464116655749152;2.497042116677712;0.9178299  -0.34049004  -0.20409563  2797214.0  0.3656273  0.9253133  0.10055933  344065.0  0.15461293  -0.16691937  0.97377247  1234361.8  0.0  0.0  0.0  1.0
34562489690991;1.2386766652537227;14.031791664348926;0.8364898  -0.2718632  -0.47578913  2302189.5  0.06702383  0.9124953  -0.40355927  657057.0  0.54386836  0.30568397  0.7815141  -2841375.2  0.0  0.0  0.0  1.0
34562489691022;4.77837015482652;0.5723158983064666;0.9172803  0.3612719  -0.16756876  -2848511.8  -0.30891076  0.37991208  -0.87191796  5206090.5  -0.2513381  0.85155725  0.46008667  -6674672.5  0.0  0.0  0.0  1.0
34562489691053;2.167491542430286;1.8562657811029186;0.9742707  -0.01599958  0.22481248  146763.94  -0.08632709  0.89491546  0.43780592  906027.0  -0.20819293  -0.44594887  0.8705086  3734123.2  0.0  0.0  0.0  1.0
34562489691084;2.4865787628779126;6.466722958558803;0.9415883  0.33626598  0.018343564  -2664453.0  -0.25064388  0.73613226  -0.6287185  2298964.5  -0.22491993  0.5873964  0.7774166  -4567954.0  0.0  0.0  0.0  1.0
34562489691115;1.9042244213164048;5.1493566270702456;0.58406544  -0.70385474  -0.40429682  5955203.5  0.67371964  0.6981736  -0.24218927  1955119.5  0.45273542  -0.13092835  0.88197976  735351.44  0.0  0.0  0.0  1.0
34562489691146;2.204368269441607;4.419844878574911;0.87998164  0.44050553  0.17772864  -3459885.5  -0.27641255  0.7791625  -0.5625852  1971036.0  -0.38630134  0.44593796  0.80740976  -3316445.8  0.0  0.0  0.0  1.0
34562489691177;3.9205161639220982;4.9108337394510215;0.9514395  0.12387299  -0.28181234  -962459.3  -0.081199914  0.98403096  0.15839641  185481.0  0.29693308  -0.12782149  0.9463047  819835.0  0.0  0.0  0.0  1.0
34562489691208;2.3565380774100433;4.000263966995425;0.8898457  -0.31663552  -0.32850632  2624942.8  0.12698655  0.86341965  -0.48824295  1009745.5  0.4382338  0.39274493  0.8085187  -3467682.8  0.0  0.0  0.0  1.0
34562489691239;2.888227844794611;2.6646540842151714;0.9486448  -0.21108232  0.2356216  1734298.5  0.19903918  0.97718906  0.07405902  43722.0  -0.24587943  -0.02335779  0.969019  360640.6  0.0  0.0  0.0  1.0
34562489691270;2.5432202258587244;4.142440860569114;0.5054121  -0.10837666  -0.85604507  1219509.8  0.31130928  0.9481675  0.06375868  198346.5  0.80476415  -0.29871917  0.5129539  1838175.8  0.0  0.0  0.0  1.0
34562489691301;2.1034157138496146;17.565689204851175;-0.346992  -0.2996061  -0.8887255  3357023.5  0.57985264  0.67625135  -0.4543734  2197507.0  0.7371347  -0.6729935  -0.060926277  4897048.0  0.0  0.0  0.0  1.0
34562489691332;1.5400005703685937;0.8830842354595854;0.85634923  0.5163782  0.004361156  -4053677.5  -0.4060651  0.67857814  -0.6120807  2871409.5  -0.31902462  0.52238405  0.7907832  -3978738.2  0.0  0.0  0.0  1.0
34562489691363;3.2280224062918226;11.282688566150597;0.8886418  -0.037438985  -0.4570714  379499.56  -0.12033515  0.9427038  -0.31117395  545586.5  0.44253293  0.33152395  0.8332206  -2978171.5  0.0  0.0  0.0  1.0
34562489691394;2.3976719802288198;2.0966507317073644;0.87189806  0.18359637  -0.45396703  -1387109.5  -0.11477803  0.97785103  0.17502391  258803.0  0.47604603  -0.100497626  0.8736593  474201.0  0.0  0.0  0.0  1.0
34562489691425;1.0094624480211292;2.381918536841855;0.9846045  0.05151886  -0.16703226  -403664.56  -0.0383601  0.99596965  0.08107229  59391.5  0.17053586  -0.07341675  0.98261267  470884.06  0.0  0.0  0.0  1.0
34562489691456;2.09075176249572;2.378202353766853;0.95829487  -0.110341124  0.26362103  917017.2  0.16912183  0.96254784  -0.2118949  182553.5  -0.23036721  0.24764185  0.9410657  -1830594.9  0.0  0.0  0.0  1.0
34562489691487;4.819526363868169;3.7114602476123153;0.67639077  -0.40971777  -0.61206776  3523903.0  0.21582994  0.904777  -0.3671455  614559.0  0.704211  0.11623127  0.7004122  -1429857.5  0.0  0.0  0.0  1.0
34562489691518;0.9081270063423241;3.661179831778822;0.08360937  -0.9813528  0.17307879  8539460.0  0.32228866  -0.13772218  -0.9365696  8927607.0  0.9429421  0.13408741  0.30476412  -1741105.0  0.0  0.0  0.0  1.0
34562489691549;2.7018815013951687;5.656710190839313;0.8630809  -0.4343629  0.25772023  3590899.0  0.41880727  0.33028778  -0.8458784  5094214.0  0.28229633  0.8379969  0.4669796  -6940454.0  0.0  0.0  0.0  1.0
34562489691580;4.668438872941319;6.751355153788351;0.9920962  -0.11735727  0.044410247  949751.8  0.120464906  0.9898541  -0.07534653  -2987.0  -0.03511715  0.08010092  0.99616784  -619796.9  0.0  0.0  0.0  1.0
34562489691611;3.9959073484826004;4.703120033222913;0.80473804  -0.5828933  -0.1123919  4826834.5  0.5891993  0.7611961  0.27097017  1507433.0  -0.07239436  -0.28428122  0.9560036  2338028.8  0.0  0.0  0.0  1.0
34562489691642;3.292173022565408;7.6909185930914585;0.90678287  -0.2443218  0.34358668  2031126.2  -0.14850047  0.57763803  0.80267155  3502328.5  -0.394579  -0.77887154  0.48751044  6543729.5  0.0  0.0  0.0  1.0
34562489691673;1.953679954832125;4.335529098583549;-0.27532277  0.72178984  0.6349937  -4911488.5  -0.60429937  0.3837709  -0.698242  5382403.0  -0.74767613  -0.57596815  0.33051628  5159204.5  0.0  0.0  0.0  1.0
34562489691704;2.008186623570813;6.841529586984161;0.39408505  -0.50903493  -0.76523244  4521267.0  -0.64494  0.44002664  -0.62484324  4958480.0  0.6547896  0.73977023  -0.15488902  -6411667.5  0.0  0.0  0.0  1.0
34562489691735;2.8076941945791956;18.962892373725396;0.11132806  -0.94437337  -0.30945888  8222518.0  0.3474614  0.32873008  -0.87818414  5156906.5  0.93106216  -0.00975848  0.36473033  -575488.06  0.0  0.0  0.0  1.0
34562489691766;1.8275291698076832;4.016621955628307;0.85005164  -0.33657432  -0.40512964  2813409.5  0.12814437  0.87823313  -0.46074477  889729.5  0.5108731  0.33974177  0.7896734  -3092328.2  0.0  0.0  0.0  1.0
34562489691797;3.7232768051076097;13.362388192765824;0.7803524  0.20391479  -0.59115887  -1486215.1  -0.1535635  0.9788808  0.13494626  277778.5  0.6061917  -0.014525144  0.79518586  -308970.34  0.0  0.0  0.0  1.0
34562489691828;2.886530052875628;1.0844850831817672;0.57617354  -0.8126915  -0.086928666  6836014.5  0.7397153  0.56373954  -0.36744922  2990695.0  0.347628  0.147412  0.9259722  -1430006.5  0.0  0.0  0.0  1.0
34562489691859;3.863192297346279;2.011561408804755;0.5564616  0.62718576  -0.5449664  -4734490.5  -0.37182817  -0.39857548  -0.8383802  11513902.0  -0.7430304  0.66916037  0.01141349  -4861744.5  0.0  0.0  0.0  1.0
34562489691890;3.6706534983214847;24.454012546943762;-0.09543769  0.95416665  0.2836506  -6907380.5  -0.922372  0.022387836  -0.38565364  8513575.0  -0.37432823  -0.29843718  0.87796  2664107.2  0.0  0.0  0.0  1.0
34562489691921;3.2786406111649433;15.653891615151556;0.8813209  0.07482581  0.46655616  -518760.3  -0.0512375  0.9966936  -0.06306139  62616.0  -0.46973214  0.031672176  0.88224065  75202.46  0.0  0.0  0.0  1.0
34562489691952;2.441651137137093;4.243536904713227;0.72926086  0.52671885  0.43674397  -4047741.2  -0.6630071  0.3862026  0.64130265  5404113.0  0.16911456  -0.7572416  0.6308609  5973859.0  0.0  0.0  0.0  1.0
34562489691983;3.0513635683647133;9.333571346490931;0.3809956  -0.65542185  -0.6521229  5708345.5  0.80278045  0.58441114  -0.11835163  2779752.5  0.45867813  -0.47842026  0.7488182  3527047.5  0.0  0.0  0.0  1.0
34562489692014;1.9745718167701451;16.135407697692525;0.75795686  0.6365353  -0.14256227  -4951283.5  -0.6491456  0.7145686  -0.26077163  2752608.5  -0.06411979  0.2901973  0.9548164  -2289781.5  0.0  0.0  0.0  1.0
34562489692045;1.2175878921579373;6.823355200170802;0.7055263  0.21540642  0.6751539  -1526292.4  0.6927384  -0.008665496  -0.7211371  7628798.0  -0.1494871  0.9764859  -0.15533392  -7751283.0  0.0  0.0  0.0  1.0
34562489692076;4.820847866328376;0.6972468733146466;0.9908175  0.10491108  0.085289404  -837642.6  0.08550217  0.0024762242  -0.9963349  7965827.0  -0.10473784  0.9944786  -0.0065167113  -7927541.0  0.0  0.0  0.0  1.0
34562489692107;1.0951736045872003;3.8415539782537107;0.8632887  -0.50125897  0.058922943  4128881.5  0.5037819  0.8628861  -0.040389664  749301.5  -0.030598087  0.06455225  0.9974451  -497848.0  0.0  0.0  0.0  1.0
34562489692138;2.6395870453587285;7.27089625885009;0.6312975  -0.44793987  -0.63309824  3863129.0  0.12205838  0.8635444  -0.48927763  1012191.0  0.7658756  0.23160493  0.5998285  -2401413.8  0.0  0.0  0.0  1.0
34562489692169;2.994782826868506;4.765246560183669;0.58913624  -0.59141004  -0.55059326  5046836.0  0.44124752  0.8062981  -0.3939345  1248548.5  0.676919  -0.010866707  0.7359774  -387981.62  0.0  0.0  0.0  1.0
34562489692200;5.292190560418294;17.31320392429748;0.00042382628  0.88550705  0.4646262  -6422298.5  -0.43585855  0.4183344  -0.796884  4986267.0  -0.900015  -0.20217356  0.386133  2259013.2  0.0  0.0  0.0  1.0
34562489692231;1.8630711678931846;10.754049900177437;0.87611824  -0.030629188  0.48112217  333373.7  -0.11443367  0.95624506  0.26925907  432386.0  -0.4683179  -0.29095933  0.8342788  2669999.0  0.0  0.0  0.0  1.0
34562489692262;5.46562893652775;9.024073521163109;0.87570083  -0.3164976  0.36466083  2633699.2  0.4677303  0.7435551  -0.47786418  1734741.0  -0.11990253  0.58902884  0.7991672  -4654863.0  0.0  0.0  0.0  1.0
34562489692293;5.069828729190322;5.798255272842445;-0.8766303  -0.37847355  -0.29711443  4363535.5  -0.22060607  0.8649076  -0.4508523  1241935.5  0.4276122  -0.3296855  -0.8416978  2352392.8  0.0  0.0  0.0  1.0
34562489692324;3.2273635158321206;4.244914076971249;0.82847744  0.5392099  -0.1512538  -4217769.5  -0.25933447  0.60877347  0.74976027  3329782.0  0.49635756  -0.5819342  0.64419097  4333393.5  0.0  0.0  0.0  1.0
34562489692355;1.3752959580528585;10.530425351953218;0.86647403  0.3056438  -0.39472064  -2365304.5  -0.36158472  0.9293916  -0.07408056  822122.5  0.3442077  0.20691389  0.91581  -1906547.6  0.0  0.0  0.0  1.0
34562489692386;5.158940174423677;0.7369084309754659;0.4984434  0.8668057  0.014216473  -6621647.0  -0.35701022  0.22018175  -0.90777975  6525035.0  -0.7899987  0.44740126  0.41920668  -3044564.5  0.0  0.0  0.0  1.0
34562489692417;4.03283871174125;15.016235004804567;-0.05883757  0.7607633  -0.6463568  -5376855.0  -0.7021342  0.42871663  0.5685153  5089591.5  0.70960957  0.4872794  0.5089334  -4418932.0  0.0  0.0  0.0  1.0
34562489692448;4.000054921873328;11.766590153267595;0.7053801  -0.070024  0.7053621  770219.7  -0.6898224  0.16108182  0.7058311  7234216.0  -0.16304614  -0.98445386  0.06531975  8035351.5  0.0  0.0  0.0  1.0
34562489692479;2.0170795377863655;19.734464829279208;-0.26238245  -0.23503897  -0.9359019  2777862.5  0.39345697  0.8595382  -0.32616812  853721.0  0.88110566  -0.45381773  -0.13305017  3032520.8  0.0  0.0  0.0  1.0
34562489692510;1.1740247611060295;11.939712095452744;0.2939857  0.7300909  -0.61687875  -5378004.0  -0.953919  0.18353885  -0.23738602  7238958.5  -0.060092162  0.65824044  0.7504053  -5253644.5  0.0  0.0  0.0  1.0
34562489692541;3.354655951863199;17.757057866541526;0.34801844  0.81158835  -0.4692626  -6071774.5  0.6349552  -0.57231957  -0.5189243  12204571.0  -0.68972105  -0.11736553  -0.71450037  1428987.0  0.0  0.0  0.0  1.0
34562489692572;1.8393631220032445;8.57703572264756;-0.090441436  0.05294521  0.9944934  339987.84  -0.7400736  0.6646398  -0.10268835  3218177.0  -0.66641676  -0.7452856  -0.02092751  6464677.0  0.0  0.0  0.0  1.0
34562489692603;2.6663199487245373;21.51153665283966;0.2990036  0.9533664  -0.041102067  -7178108.5  -0.9083003  0.27113578  -0.3185528  6502298.0  -0.2925533  0.1325815  0.9470136  -861236.56  0.0  0.0  0.0  1.0
34562489692634;2.141177615887272;2.2278762028101595;0.8984849  0.43593946  0.05178512  -3436135.8  0.04944748  0.016715033  -0.99863684  7876651.0  -0.4362109  0.89982074  -0.006537804  -6933127.5  0.0  0.0  0.0  1.0
34562489692665;3.9424089616480122;9.28124256592245;0.87134653  -0.48825082  -0.048642248  4018749.0  0.39349505  0.75456244  -0.525164  1698374.0  0.2931154  0.43845946  0.8496098  -3733639.5  0.0  0.0  0.0  1.0
34562489692696;1.8711162461125304;20.164743766988508;0.7508324  0.52726704  0.39779404  -4067221.5  -0.4788371  0.8493667  -0.22201636  1548415.5  -0.45493498  -0.023781456  0.8902071  510956.56  0.0  0.0  0.0  1.0
34562489692727;3.310271605615024;21.504641145649742;0.9875796  -0.065396585  -0.14286308  534943.9  0.12271395  -0.24679595  0.9612666  9944933.0  -0.09812167  -0.96685845  -0.2357055  7848038.5  0.0  0.0  0.0  1.0
34562489692758;4.511424934062755;10.979842964998657;0.75534564  -0.6067782  -0.24753433  5053870.0  0.6504024  0.7403502  0.16987678  1632215.0  0.080184564  -0.2893126  0.9538705  2271400.5  0.0  0.0  0.0  1.0
34562489692789;1.931706743686756;11.145118540402509;0.9225204  0.117347725  -0.36767638  -889655.75  -0.09651649  0.992531  0.074611254  127858.0  0.3736857  -0.033343576  0.9269558  5773.6265  0.0  0.0  0.0  1.0
34562489692820;4.539455050249923;0.5856242484811367;0.010827053  0.98176414  0.18979421  -7204229.5  -0.33994314  0.1821141  -0.9226446  6819414.5  -0.94038355  -0.054529645  0.33571577  1099375.8  0.0  0.0  0.0  1.0
34562489692851;3.0455147307974437;15.54221502052697;0.4645076  -0.29555392  0.8347937  2753978.5  0.3994765  0.91123617  0.10033561  433520.0  -0.7903488  0.28687373  0.5413429  -1752740.9  0.0  0.0  0.0  1.0
34562489692882;3.605304913385411;1.5682584846152716;0.274621  0.8076554  0.5218009  -5988587.5  -0.8622366  -0.03334734  0.5054065  8919664.0  0.42559493  -0.588711  0.6872324  4437624.0  0.0  0.0  0.0  1.0
34562489692913;4.484860766274024;17.018805372450068;0.27896595  -0.8777842  0.38945222  7568695.0  0.43642363  0.4771378  0.7628064  3900021.5  -0.85540193  -0.04283101  0.5161909  945553.1  0.0  0.0  0.0  1.0
34562489692944;1.7079159739228686;0.3216396043202858;0.7558671  0.59047997  -0.28284007  -4579272.0  -0.6293635  0.53621876  -0.56246865  4173687.5  -0.18046224  0.60316074  0.77693677  -4726036.0  0.0  0.0  0.0  1.0
34562489692975;1.881460468963167;1.9626149254739667;0.24067499  0.1487715  0.9591362  -663660.3  -0.9445083  0.26350772  0.19613178  6589148.0  -0.22356108  -0.9531163  0.2039354  7825691.0  0.0  0.0  0.0  1.0
34562489693006;1.115739312366094;9.193594030931633;0.66308147  -0.28924063  0.6904077  2563658.5  -0.12662506  0.86569595  0.4842895  1169437.5  -0.7377595  -0.4085462  0.53740203  3805308.2  0.0  0.0  0.0  1.0
34562489693037;3.6096861314976527;23.292816511744725;0.8193177  -0.45876724  -0.3438773  3817995.5  0.571416  0.7024878  0.42425823  1992230.0  0.046933785  -0.5440991  0.83770716  4344674.5  0.0  0.0  0.0  1.0
34562489693068;5.981505073479419;19.406090920130353;0.47243333  0.88077617  -0.032245174  -6715860.0  -0.746742  0.38057008  -0.5454748  5508422.5  -0.46816966  0.28177944  0.83750665  -1938214.0  0.0  0.0  0.0  1.0
34562489693099;4.279282882274275;14.301488586435074;0.567188  0.37142962  -0.73507684  -2684305.0  -0.62977487  0.77076375  -0.09647488  2286819.5  0.5307367  0.5176523  0.67108476  -4537656.5  0.0  0.0  0.0  1.0
