# fmr_benchmark.py --model_path=/root/fmr_benchmark/result/fmr_model_7scene.pth --voxel_size=0.1 --n_iter=10 --input_txt=/neural_comparison/point_clouds_registration_benchmark//eth/wood_summer_global.txt --input_pcd_dir=/neural_comparison/point_clouds_registration_benchmark//eth/wood_summer/ --output_dir=/root/neural_registration_comparison/results/FMR/7scene
id;initial_error;final_error;transformation
2318808360030;4.969564550018172;5.139111774022777;-0.48080158  0.036110803  0.8760856  6.530983  -0.63315964  0.6769019  -0.37538314  5.458123  -0.6065795  -0.73518676  -0.3025917  26.52103  0.0  0.0  0.0  1.0
2318808360061;1.6724101210514537;0.2911482422498822;0.26569554  -0.9591887  0.0967605  0.82562494  0.9384905  0.2803046  0.20165542  -4.3776727  -0.22054805  0.037229836  0.9746652  -1.6570165  0.0  0.0  0.0  1.0
2318808360092;1.584883217651029;4.064313806424897;-0.4102201  0.17288232  0.8954501  1.0811558  -0.84992105  0.28355423  -0.4441075  4.623665  -0.330687  -0.9432436  0.030616602  13.531881  0.0  0.0  0.0  1.0
2318808360123;2.8011658140671436;2.8381798159803457;0.44799286  -0.6239229  0.64033026  7.533799  0.15419698  0.7594122  0.63207316  5.9482474  -0.88063973  -0.18442723  0.43641835  11.175966  0.0  0.0  0.0  1.0
2318808360154;5.158117208596515;1.4363946323043804;0.9143837  -0.3050255  -0.26619983  -7.1393533  0.36957648  0.8973307  0.24127  -2.2402658  0.16527589  -0.31899443  0.9332345  0.19357038  0.0  0.0  0.0  1.0
2318808360185;2.9373278081057164;1.5028108998689802;0.7789114  0.25667533  -0.5722017  -6.0996842  -0.5279861  0.7607559  -0.37746686  1.3217062  0.33841944  0.59612775  0.7280824  -8.254129  0.0  0.0  0.0  1.0
2318808360216;2.8192109211834575;4.36531986231681;0.9572805  0.20138551  -0.20750473  -6.0121202  -0.28910467  0.6523387  -0.7006232  3.8704379  -0.0057319524  0.73068345  0.6826924  6.6583285  0.0  0.0  0.0  1.0
2318808360247;5.338906233558544;7.3427922423601935;0.05228351  -0.64370245  -0.76348794  24.023659  0.94989675  0.2679777  -0.16088513  14.898895  0.30815995  -0.716823  0.6254618  11.854065  0.0  0.0  0.0  1.0
2318808360278;3.9358878406157967;4.1308866721600115;0.5251047  0.83447886  0.16706355  5.58989  0.26435262  0.026658745  -0.9640576  5.8469296  -0.8089392  0.55039495  -0.20659803  12.668018  0.0  0.0  0.0  1.0
2318808360309;2.1234453820707166;3.265496299187078;0.5993763  -0.79802674  -0.062459975  2.250289  0.7905192  0.6023863  -0.110499166  0.9177599  0.12580629  0.016854804  0.99191153  3.9281626  0.0  0.0  0.0  1.0
2318808360340;2.3866042493559383;6.53892744912871;0.8249903  -0.3968875  -0.40233216  -0.93238497  0.4563351  0.88778603  0.059952565  5.528653  0.33339038  -0.23305854  0.91352874  13.2503605  0.0  0.0  0.0  1.0
2318808360371;4.044074629937958;2.9862385224320933;0.5473543  -0.7708837  -0.32579386  3.9212446  0.58657634  0.6310387  -0.50765944  -4.8227077  0.59693503  0.08676662  0.797584  10.15596  0.0  0.0  0.0  1.0
2318808360402;4.2662430875772905;2.673617248834587;0.7996168  -0.51986414  0.30058986  -2.952395  0.60020393  0.70787644  -0.37237903  2.4008536  -0.019193955  0.4781758  0.8780544  -1.7744886  0.0  0.0  0.0  1.0
2318808360433;3.0557917853126377;3.2063371318805522;0.7535005  0.41470462  0.51015395  -1.913682  -0.63937336  0.6429211  0.42172733  12.88168  -0.15309656  -0.6439505  0.7495926  1.5028577  0.0  0.0  0.0  1.0
2318808360464;1.0653308809730693;0.5409230532824856;0.7871135  -0.5297912  -0.31587026  1.8452513  0.6164367  0.69343907  0.3730259  -4.127499  0.02141098  -0.48832768  0.87239754  2.752877  0.0  0.0  0.0  1.0
2318808360495;1.7172042102086578;0.35032225915414184;0.094594985  0.9954834  -0.0080281915  -5.15954  -0.9783314  0.09146712  -0.1857464  24.500572  -0.18417309  0.025424907  0.98256505  2.702777  0.0  0.0  0.0  1.0
2318808360526;3.6807220373796983;2.252658468072284;0.9427687  0.09938634  -0.31829143  -1.6268278  -0.019435942  0.96930397  0.2450962  -0.048161745  0.33288032  -0.22488263  0.9157609  5.4859467  0.0  0.0  0.0  1.0
2318808360557;2.560279020018075;1.413804594267038;0.95787275  0.16873994  -0.23239344  -1.2852246  0.0244452  0.75834805  0.65139127  -4.5696945  0.28615072  -0.62963074  0.72227615  -0.51929295  0.0  0.0  0.0  1.0
2318808360588;3.9226564362176193;4.570974545778661;0.28006357  -0.07978831  0.95666015  11.389623  -0.270306  0.9496652  0.15833741  -9.378511  -0.92114013  -0.30293542  0.24439938  15.890741  0.0  0.0  0.0  1.0
2318808360619;3.5577362196516864;5.265227891713084;0.5039326  -0.3967718  -0.76721853  13.710185  -0.64497685  0.4179477  -0.63978475  9.355625  0.5745057  0.8172467  -0.04529114  -1.6820259  0.0  0.0  0.0  1.0
2318808360650;2.026557361496415;4.942370567473202;0.28303835  -0.6640234  -0.692071  23.890669  0.95722705  0.15039879  0.24717654  2.3083477  -0.060044542  -0.7324297  0.67819  14.139125  0.0  0.0  0.0  1.0
2318808360681;3.2402694513344694;5.103882674769617;-0.58332  -0.79716724  0.15576342  5.568325  -0.77463794  0.48831365  -0.4018532  10.496893  0.24428278  -0.355069  -0.90235925  8.962464  0.0  0.0  0.0  1.0
2318808360712;4.183482302346372;2.803777668948349;0.08789259  -0.41578504  0.9052057  11.36533  -0.82383627  0.48049518  0.30069605  3.2339728  -0.55997217  -0.7721701  -0.30030692  18.632034  0.0  0.0  0.0  1.0
2318808360743;4.6928323050556155;3.2911656677082415;0.7299158  -0.57715315  -0.3662195  -1.0085416  0.08831116  0.6109072  -0.78676134  2.4389224  0.6778079  0.5419286  0.49687994  6.793657  0.0  0.0  0.0  1.0
2318808360774;2.6368253275423768;4.134763521198764;-0.36821318  0.92918605  0.032128982  0.5699893  0.29245558  0.14855719  -0.9446695  4.558726  -0.8825466  -0.3384434  -0.32644635  15.344021  0.0  0.0  0.0  1.0
2318808360805;3.822501238380734;1.6720592597132868;-0.24207689  0.6615244  0.70977783  -2.794034  -0.80186313  0.27546513  -0.5302213  10.32346  -0.54627335  -0.697499  0.46376827  0.47921777  0.0  0.0  0.0  1.0
2318808360836;3.8885550361159975;7.2462831856113965;0.20412233  -0.8758763  0.43723527  15.921012  0.9760252  0.14761366  -0.15995333  11.438059  0.07555725  0.45940274  0.8850085  2.2138932  0.0  0.0  0.0  1.0
2318808360867;3.4260014484993295;0.41916929407281356;0.3139571  0.64650637  0.6953134  0.32456923  -0.79537493  0.5790123  -0.17923054  6.547263  -0.51846856  -0.49676412  0.6960001  0.010002583  0.0  0.0  0.0  1.0
2318808360898;3.99662055613861;4.3802771202627895;-0.18350402  -0.123411  -0.97524166  13.953047  0.9715409  0.12839511  -0.19905524  1.9859972  0.14978187  -0.9840144  0.09633782  25.50047  0.0  0.0  0.0  1.0
2318808360929;3.423510523147215;3.445722429301174;0.18932432  0.8057078  0.5612408  -0.60330296  -0.6955764  0.5134808  -0.50250447  0.3551287  -0.69305813  -0.2952497  0.6576457  13.131878  0.0  0.0  0.0  1.0
2318808360960;3.2303591939848126;0.41509720686604606;0.50877327  -0.8526276  -0.119062975  5.0932236  0.7525731  0.50764215  -0.41944396  2.7489135  0.41807073  0.123798355  0.89993924  -6.877982  0.0  0.0  0.0  1.0
2318808360991;1.4400202981915988;1.6130740999230848;-0.6801872  0.01748186  0.73283017  6.5551834  -0.5978272  0.56529754  -0.5683676  3.7222629  -0.42420304  -0.8247019  -0.37405697  4.7285037  0.0  0.0  0.0  1.0
2318808361022;4.853359975936401;5.478351287293859;0.77698874  -0.6295062  0.0032153407  8.093176  0.5981551  0.7366812  -0.31545335  -2.6764665  0.19621122  0.247027  0.9489357  15.359353  0.0  0.0  0.0  1.0
2318808361053;1.3356595994763014;2.947990635064688;0.72041684  0.5887274  -0.3666058  -6.6668434  -0.09335638  0.6061074  0.78988516  3.4057553  0.68722934  -0.53482175  0.4916114  3.2693925  0.0  0.0  0.0  1.0
2318808361084;4.199949712177371;2.917816334982928;0.05086773  0.42476684  0.9038725  -3.2232614  -0.7558384  0.60793376  -0.24315618  -0.70840216  -0.65277946  -0.67081285  0.35197932  9.550932  0.0  0.0  0.0  1.0
2318808361115;2.9319105454862306;3.9357647181903834;0.5741204  -0.074801445  -0.81534684  -1.4994249  -0.8156127  0.035133496  -0.5775308  23.877995  0.07184613  0.99657923  -0.040838197  -3.5314927  0.0  0.0  0.0  1.0
2318808361146;2.1018359827685917;6.966326694580642;-0.323732  0.89736974  0.29987472  -2.0899043  -0.7378452  -0.04104435  -0.6737211  9.972126  -0.59226876  -0.43936628  0.6754074  15.87567  0.0  0.0  0.0  1.0
2318808361177;2.9797821204083887;0.6008985442652388;0.6249791  0.28147143  -0.728131  -1.9726954  -0.7054853  0.60296583  -0.37245476  17.582798  0.3342028  0.7464621  0.57541513  -10.174445  0.0  0.0  0.0  1.0
2318808361208;2.047594508282059;6.8150349760389375;-0.42477635  -0.5799728  0.69512355  16.3645  -0.7494698  0.655984  0.08933054  13.911419  -0.5077992  -0.4830285  -0.7133187  26.241146  0.0  0.0  0.0  1.0
2318808361239;2.8811770696532393;5.6554506771508795;0.7905007  -0.0938882  0.605222  5.856122  -0.5310756  0.3871382  0.75371253  4.6347604  -0.3050692  -0.9172289  0.25617126  19.91948  0.0  0.0  0.0  1.0
2318808361270;2.4139519301703216;3.104024470352855;0.29219002  0.20314842  0.9345351  2.9895625  -0.7465767  0.6591653  0.09013446  2.0430307  -0.59770244  -0.7240384  0.3442674  7.3578434  0.0  0.0  0.0  1.0
2318808361301;3.633939948710988;4.7495288486330836;0.17129043  0.027245592  -0.9848438  16.403988  0.09579098  0.99442095  0.044171076  -10.253419  0.9805526  -0.10190529  0.16772488  1.2230811  0.0  0.0  0.0  1.0
2318808361332;6.355512347551134;1.5320477609640812;0.9584929  0.2625978  -0.11105821  -1.4104722  -0.036223583  0.49851876  0.86612177  7.0769706  0.2828063  -0.82614845  0.48733893  5.090126  0.0  0.0  0.0  1.0
2318808361363;3.0049062450558113;3.252823040078852;0.41299093  0.04509407  0.9096181  -2.3151293  -0.8909913  -0.18683627  0.41379607  3.427256  0.18860945  -0.98135555  -0.036983274  5.4334736  0.0  0.0  0.0  1.0
2318808361394;4.888364505047668;9.106215363549287;0.79792637  -0.49767807  0.34004387  21.44203  0.4842524  0.19338155  -0.85328984  14.098854  0.35890523  0.84552956  0.39530596  3.8744006  0.0  0.0  0.0  1.0
2318808361425;1.9513800093892786;0.9526599783438285;0.54270095  -0.23257199  -0.8070848  4.3393497  0.5524004  0.8226759  0.13438106  -3.0850456  0.6327158  -0.5187627  0.57493985  -4.9920807  0.0  0.0  0.0  1.0
2318808361456;2.9799420916800283;2.9447019244764903;0.56314534  -0.7461669  -0.3551091  7.22711  0.50232613  0.6503215  -0.569869  -4.263977  0.65615225  0.14253831  0.7410446  -0.580935  0.0  0.0  0.0  1.0
2318808361487;3.3327799764990607;2.9096284055201544;0.9344685  -0.22279961  -0.27772218  8.313962  0.32566997  0.85012335  0.4137988  0.33190966  0.14390393  -0.47712752  0.86697257  4.07475  0.0  0.0  0.0  1.0
2318808361518;4.4213036334582645;6.980168362107275;0.90633917  -0.2725063  -0.32293922  18.308767  -0.1949671  0.40835088  -0.8917608  18.590591  0.37488294  0.8712002  0.31697467  -4.9806213  0.0  0.0  0.0  1.0
2318808361549;2.6879622013693756;3.496594040522064;0.41399917  -0.09354723  0.90545774  -0.90819955  0.9102684  0.03812076  -0.4122604  3.1799552  0.0040491093  0.9948847  0.1009351  3.631826  0.0  0.0  0.0  1.0
2318808361580;1.329810775815828;0.9555006128296882;0.41050243  -0.85894346  -0.30611062  4.967286  0.5666974  0.5033106  -0.6523286  0.12189007  0.714382  0.09431057  0.69337124  -4.877801  0.0  0.0  0.0  1.0
2318808361611;3.0580385862811856;3.1293527234774747;0.26524788  0.5112426  -0.8174806  7.9224415  -0.94798803  -0.016449237  -0.31788063  22.389551  -0.17596118  0.8592789  0.48028857  -6.680737  0.0  0.0  0.0  1.0
2318808361642;5.3800009482235644;2.0889892038003746;0.72388554  0.49487004  -0.48072192  -2.6944902  -0.3847137  0.8679283  0.31415898  2.2417436  0.57269996  -0.04247477  0.81866384  4.686801  0.0  0.0  0.0  1.0
2318808361673;3.504208192072817;1.7434411027848538;-0.06992894  0.8455861  0.52923906  6.6428957  0.038824428  0.53244287  -0.84557515  -5.929627  -0.9967963  -0.038582735  -0.07006256  6.6926074  0.0  0.0  0.0  1.0
2318808361704;2.519718137010217;5.211707816772993;0.29271942  -0.4798347  0.82708764  4.5750036  0.3759279  0.853073  0.36186317  -3.275477  -0.87920046  0.20500082  0.43009442  12.148525  0.0  0.0  0.0  1.0
2318808361735;5.251465982301738;6.316874734165758;0.91430193  0.34118506  0.21827646  1.1988392  -0.38387927  0.90183395  0.19832332  0.735662  -0.12918417  -0.2651193  0.9555225  4.4530396  0.0  0.0  0.0  1.0
2318808361766;5.291135375928377;3.000735840782396;0.85372  -0.51936406  0.037722837  -4.722116  0.52066445  0.85019827  -0.077917926  3.8420067  0.008395761  0.08616107  0.9962458  1.462635  0.0  0.0  0.0  1.0
2318808361797;3.384830345230238;7.194861188020347;0.25218257  0.33387482  -0.9082576  15.126793  0.9557572  0.060944464  0.28777432  5.257764  0.15143378  -0.9406451  -0.30373412  15.55384  0.0  0.0  0.0  1.0
2318808361828;1.4149627962549474;1.8356099736752816;0.8592211  0.1526286  -0.48830688  -2.060721  0.08711825  0.8968719  0.43362528  -1.5223482  0.50413245  -0.41512045  0.75731474  -2.59534  0.0  0.0  0.0  1.0
2318808361859;2.242344127922003;1.3608995427937107;0.41099924  0.37478322  0.83103365  3.7241771  0.715689  0.43200463  -0.5487815  -1.7272261  -0.5646846  0.82031053  -0.090674594  4.0794396  0.0  0.0  0.0  1.0
2318808361890;3.1043376176245805;1.4950525095034195;0.6647536  0.5466027  0.5092427  1.5641681  -0.7392269  0.57974774  0.34268945  -1.1131765  -0.1079173  -0.60424995  0.7894528  -1.9825736  0.0  0.0  0.0  1.0
2318808361921;2.582712583147148;0.840932751241926;0.6392677  0.76405793  0.086904004  -8.86673  -0.55486065  0.3800639  0.740055  10.03332  0.53241587  -0.5213128  0.6669081  4.0588026  0.0  0.0  0.0  1.0
2318808361952;1.429597864979908;0.8700434173305422;0.7414738  0.62936264  -0.23263542  -3.0604892  -0.47124645  0.7352612  0.48715264  1.6517026  0.47764346  -0.25158235  0.8417618  -2.8890553  0.0  0.0  0.0  1.0
2318808361983;3.430782124719056;5.871790828172304;0.9210921  -0.31247893  -0.23226328  5.2364235  0.012283075  0.61957395  -0.7848422  1.1811074  0.38915092  0.72005904  0.57452273  9.040182  0.0  0.0  0.0  1.0
2318808362014;3.6985124006147214;0.8690056906151284;0.4868776  0.104314566  -0.867219  8.778687  0.6941039  0.55651647  0.4566279  -6.799515  0.53025466  -0.8242619  0.1985502  2.3016696  0.0  0.0  0.0  1.0
2318808362045;2.2111434334810025;6.905308990962048;0.10096992  -0.58528525  0.8045161  5.224784  -0.9480661  0.18855464  0.25615954  13.064734  -0.30162174  -0.78859884  -0.53585076  19.21978  0.0  0.0  0.0  1.0
2318808362076;1.35138127439203;2.1569395252702295;0.52925235  0.766531  0.3637612  -0.88904595  0.39210624  0.1592328  -0.9060341  -4.131442  -0.75242585  0.6221537  -0.21628731  4.434709  0.0  0.0  0.0  1.0
2318808362107;2.3703459450599085;4.49892615950099;-0.5096412  -0.2598948  0.8201954  8.555416  0.7735242  0.27900392  0.5690492  -0.77483463  -0.37673068  0.924452  0.058843013  8.145393  0.0  0.0  0.0  1.0
2318808362138;3.4849647346435484;1.1344427131221295;0.59652823  0.46486777  -0.6542569  3.5651855  -0.80253994  0.33621028  -0.49284106  6.5976477  -0.009138015  0.8190608  0.57363397  -8.028671  0.0  0.0  0.0  1.0
2318808362169;3.48714335094723;6.02625689234392;0.76228994  0.5754374  0.29628697  3.836533  -0.24600814  0.68101496  -0.68970925  6.267148  -0.59866035  0.4528694  0.66069293  4.253394  0.0  0.0  0.0  1.0
2318808362200;1.6972551672156184;1.9252879087446586;0.7877694  -0.53991026  0.29650706  3.4056463  0.59464926  0.541043  -0.594697  -2.5242357  0.16065986  0.64480186  0.74727446  -1.95115  0.0  0.0  0.0  1.0
2318808362231;2.3843011935207;4.5606551264499275;0.42593235  -0.46341404  0.7770644  8.440821  0.8856896  0.38895223  -0.25351542  -4.991745  -0.18475838  0.79621816  0.57610846  9.253518  0.0  0.0  0.0  1.0
2318808362262;5.232306399155367;2.904914663166397;-0.30645162  0.86678195  0.39341617  -7.8026  -0.46408457  0.22480366  -0.8567899  18.58646  -0.83109146  -0.44514298  0.33336884  16.513508  0.0  0.0  0.0  1.0
2318808362293;3.4552109610591604;4.962424970244151;-0.054755747  0.0054510236  0.99848485  16.15368  -0.15443057  0.9879063  -0.013862099  -5.8654356  -0.9864852  -0.15495557  -0.053251877  13.028266  0.0  0.0  0.0  1.0
2318808362324;3.901348001708932;1.6741206245523335;0.6439967  0.701688  -0.3047983  0.26229763  -0.7192584  0.4195993  -0.5537182  19.023417  -0.2606443  0.57582146  0.7749155  -6.453744  0.0  0.0  0.0  1.0
2318808362355;2.04977221751585;4.225607906782096;0.24383023  0.23527505  0.94084656  3.9406781  -0.8906427  0.4382455  0.12122834  4.9239464  -0.3837999  -0.8675173  0.31640345  8.908148  0.0  0.0  0.0  1.0
2318808362386;3.0729207631497046;0.6804876411725641;0.85080665  0.25748602  0.45807096  -4.4265184  -0.5003388  0.6633562  0.55643505  -5.5928836  -0.16059001  -0.7026094  0.69321793  0.032526016  0.0  0.0  0.0  1.0
2318808362417;1.4050409535936035;6.757624113604708;-0.30862525  -0.33193302  0.891387  -1.04894  -0.4685685  0.86859304  0.16121265  -6.500933  -0.8277644  -0.3679216  -0.42360303  14.315535  0.0  0.0  0.0  1.0
2318808362448;2.5537408364538483;5.880262173336561;-0.64308345  -0.18760578  0.7424606  13.033445  -0.6340984  0.67405576  -0.37890404  16.645885  -0.42937526  -0.71446  -0.55243456  22.204082  0.0  0.0  0.0  1.0
2318808362479;3.2775968567417544;1.8881203320491133;0.32765794  0.74726  0.57813764  0.34831667  -0.8011934  0.54407007  -0.24915259  10.521498  -0.5007289  -0.3815631  0.7769684  9.692111  0.0  0.0  0.0  1.0
2318808362510;1.7896114733317854;5.830799472339769;0.69373393  0.03697844  -0.7192816  11.627486  0.45056975  0.75684094  0.47347555  5.62416  0.56188995  -0.65255255  0.50838476  10.284025  0.0  0.0  0.0  1.0
2318808362541;4.507281674743628;6.909057272208338;0.19918308  -0.8512572  -0.48547658  18.968613  0.97195333  0.23481666  -0.012962012  -0.91638756  0.12503205  -0.4692786  0.87415373  8.465775  0.0  0.0  0.0  1.0
2318808362572;1.6524012560965744;1.7963518368336648;0.11296703  -0.64282066  -0.75764114  10.298224  0.98210096  0.187907  -0.012995103  -2.3630998  0.15071966  -0.742612  0.65254194  2.709769  0.0  0.0  0.0  1.0
2318808362603;2.7922284303351215;2.2019742511912006;-0.15115356  0.8322648  0.53337437  7.5120025  -0.25602797  0.48820034  -0.83433217  -1.6501391  -0.9547788  -0.262671  0.13928983  9.812435  0.0  0.0  0.0  1.0
2318808362634;4.154034979657225;4.086710225743395;0.080583215  0.67306733  -0.7351782  4.1154075  -0.76810783  0.5119923  0.3845443  9.921852  0.6352299  0.53370804  0.5582462  -3.8181238  0.0  0.0  0.0  1.0
2318808362665;2.2058351322628655;6.08185853416221;0.994228  -0.07186021  0.07966604  3.9190764  -0.06156124  0.22603731  0.97217155  7.891564  -0.08786787  -0.9714643  0.2203088  18.784245  0.0  0.0  0.0  1.0
2318808362696;1.9478287065829136;1.1746274469535167;0.24879138  0.9140662  0.3202902  -2.1950164  -0.6301557  0.40388772  -0.6631581  3.6586294  -0.73553157  -0.036844738  0.6764878  1.5428609  0.0  0.0  0.0  1.0
2318808362727;4.3430344902627;3.907243870495598;0.8987268  -0.20302418  -0.38867876  14.552499  0.32703036  0.90080905  0.2856471  -5.224084  0.29213217  -0.3838285  0.87597644  -1.6043458  0.0  0.0  0.0  1.0
2318808362758;1.6605101549061114;4.08639113330491;-0.27829817  -0.098711014  0.95540893  4.72266  -0.78419906  0.59770566  -0.1666731  3.3242395  -0.5546009  -0.7956155  -0.24374945  9.9717045  0.0  0.0  0.0  1.0
2318808362789;3.2529369529640206;1.5581613515954564;0.6184749  -0.24345432  -0.7471403  -1.7416184  0.4558406  0.88562465  0.08876082  -2.1447444  0.64007664  -0.39547327  0.6587131  2.4935107  0.0  0.0  0.0  1.0
2318808362820;2.400344764826293;7.223986830952284;0.45810708  0.37841886  -0.804324  10.206756  0.65836614  0.46351427  0.59305024  4.417572  0.5972371  -0.8012201  -0.03679881  9.534342  0.0  0.0  0.0  1.0
2318808362851;2.213741788563696;3.3452782837466875;0.14054364  0.9343512  0.3274678  -4.6118693  -0.37277743  0.35634944  -0.8567683  12.170489  -0.9172158  -0.0016593225  0.39838773  9.8760805  0.0  0.0  0.0  1.0
2318808362882;2.8118491113323465;1.409012793478923;0.2431036  -0.32847798  -0.91268986  12.148158  0.20252445  0.9373683  -0.28341553  3.056611  0.94862235  -0.11594271  0.2944024  -6.3021073  0.0  0.0  0.0  1.0
2318808362913;3.693761787700806;1.253626063730204;0.99813455  0.0054941764  -0.060802232  0.73945236  -0.021841347  0.96216017  -0.27160785  -4.7920375  0.057009183  0.2724293  0.9604856  6.3966446  0.0  0.0  0.0  1.0
2318808362944;2.216755272952035;3.8593958525397802;0.8261115  -0.55613023  -0.09088137  -2.9522083  0.37496704  0.4221223  0.825356  -3.5997696  -0.42064238  -0.7159136  0.55725044  14.190675  0.0  0.0  0.0  1.0
2318808362975;4.0877051608656085;4.600926450598074;0.77101034  -0.5869623  -0.24701934  17.636614  0.60939884  0.5674356  0.5537597  -1.8691959  -0.18486845  -0.5774877  0.7951929  6.741848  0.0  0.0  0.0  1.0
2318808363006;1.8159881834797982;1.9693070321927018;0.94895345  -0.3154143  -0.0010285787  -0.21956396  0.16896167  0.51108515  -0.84275967  -0.24100924  0.26634407  0.7995661  0.5382891  -4.712242  0.0  0.0  0.0  1.0
2318808363037;2.514235334584633;3.578552133991059;0.4050603  0.25710225  0.87739664  2.7120605  -0.8519085  0.45453122  0.2601028  5.382827  -0.3319311  -0.85281885  0.4031402  9.348132  0.0  0.0  0.0  1.0
2318808363068;1.8909816795339536;1.3965511808234459;0.068737775  0.9566295  -0.28308132  6.2113314  0.40227425  -0.28623948  -0.86962193  -0.8278888  -0.91293514  -0.054100312  -0.40450305  5.8947887  0.0  0.0  0.0  1.0
2318808363099;3.0749693121327226;4.397574875708223;-0.08551014  0.8837633  0.46005479  -1.8324504  -0.056918185  0.45665905  -0.8878193  4.9178743  -0.99471  -0.102103055  0.011253351  21.367928  0.0  0.0  0.0  1.0
