# registration_from_features.py FastGlobal FastGlobal_config.json euclidean True --use_random_keypoints=True --n_keypoints=5000 --use_status_txt --input_txt=/benchmark/point_clouds_registration_benchmark//tum/long_office_household_global.txt --input_pcd_dir=/benchmark/point_clouds_registration_benchmark//tum/long_office_household/ --input_features_dir=/benchmark/experiments/OverlapPredator/3DMatch/features/tum/long_office_household/ --output_dir=/benchmark/experiments/OverlapPredator/3DMatch/results/FastGlobal/
id;initial_error;final_error;transformation;status_code
26456013410030;24.056836472779853;1.0177793738233745;-0.3040454804914978  -0.568187969489113  -0.7646690637919982  11.751978173310007  -0.8197993420157278  -0.2528165704589348  0.5138217789583884  2.1912303678386658  -0.48526836350958835  0.7831003850268619  -0.3889323878870281  -3.468437818426051  0.0  0.0  0.0  1.0;ok
26456013410061;16.110941053263648;1.4809919071001725;1.0  0.0  0.0  3.1145884658258884  0.0  1.0  0.0  3.027512741683214  0.0  0.0  1.0  1.042961997227208  0.0  0.0  0.0  1.0;ok
26456013410092;32.82719740492137;0.029684452268989206;0.6576885379298864  0.6201341104250676  0.4276440952041302  -4.915943093648181  -0.7185543583359154  0.6868680292000933  0.10905019293535748  -3.6193311598043008  -0.22610931248426794  -0.37900659037817447  0.8973452976740905  -9.15410144299259  0.0  0.0  0.0  1.0;ok
26456013410123;8.030007789245241;0.7613802411379557;-0.4928367586365963  -0.1688901844934453  -0.8535736845277875  -3.9326252550540777  0.8560496951810251  0.08160004354199657  -0.5104119437027473  2.6299814420057084  0.1558552171633851  -0.9822512603584244  0.10436288999083806  2.7791688158354186  0.0  0.0  0.0  1.0;ok
26456013410154;21.220771897058373;0.04181186450509715;-0.24525560312711034  0.9684647192408004  -0.043883672596952014  4.142958285833092  -0.8222874656609543  -0.23178769687603726  -0.5197285708846378  -6.672390579173068  -0.5135104798849229  -0.09138135019106  0.8532036309613413  -1.636975938772143  0.0  0.0  0.0  1.0;ok
26456013410185;19.26200113698659;0.6907452851925047;-0.7965035802962459  -0.5394676611412376  -0.273050708034357  4.589662643570195  0.5007548969170187  -0.841656452055747  0.20213596890845043  -3.946541819571868  -0.33886070853506695  0.024270543787368058  0.9405234504866843  9.141141852272597  0.0  0.0  0.0  1.0;ok
26456013410216;50.426729253589905;0.06174271216348521;0.59780612255945  0.8013600600655548  0.021210703952614186  -0.6518074301399962  0.43030041336112884  -0.343099060929706  0.834939871278402  -2.7919489557283756  0.6763648380065878  -0.49000519234073786  -0.5499322843654832  15.88728654804153  0.0  0.0  0.0  1.0;ok
26456013410247;16.43598563955728;4.049914845890041;-0.09536384438508065  0.7910528934886156  -0.6042690269138298  -5.486268210354599  0.9269875507342487  0.2917923766180955  0.23569321104198598  10.106214409229873  0.36276689205027607  -0.5376732545429901  -0.7611226270328135  -10.609641022220673  0.0  0.0  0.0  1.0;ok
26456013410278;4.451095854873883;0.2060762021935584;0.6518846398820929  -0.7455058474935214  0.13880723193968791  -2.161343837539933  0.7541637214999772  0.6564937922930201  -0.015905403296770402  -3.531877136622628  -0.07926851492929717  0.11505186671104027  0.9901916837194756  -1.671171066271025  0.0  0.0  0.0  1.0;ok
26456013410309;14.843187227628507;0.05944324108678931;-0.4518121984209163  0.8255546869469846  0.3381200914141658  2.6427401139434274  0.11196301177545502  0.42848692406654415  -0.8965842068083522  1.2533453698528756  -0.8850593321084349  -0.3672307377710326  -0.28602720829304873  -2.390110089663699  0.0  -0.0  0.0  1.0;ok
26456013410340;36.61625219677321;0.04390971715130119;0.420571172038524  -0.891009925977954  0.17094209855650644  -14.41187821649605  0.9001380349272142  0.43335760962392994  0.04418936816030407  0.8501807217977385  -0.11345222486807086  0.1352867103221669  0.9842896416617879  -6.386177272276145  -0.0  -0.0  -0.0  1.0;ok
26456013410371;16.775870467996327;3.082133603133029;1.0  0.0  0.0  -3.142408598368853  0.0  1.0  0.0  -0.13468854910926598  0.0  0.0  1.0  -5.968683973169899  0.0  0.0  0.0  1.0;ok
26456013410402;13.98992247418953;3.7195425120863668;1.0  0.0  0.0  1.939773795199394  0.0  1.0  0.0  0.2800464177329326  0.0  0.0  1.0  -9.03454992212162  0.0  0.0  0.0  1.0;ok
26456013410433;17.58225518951724;1.1039244391300196;1.0  0.0  0.0  -2.8731966461986302  0.0  1.0  0.0  3.564577664994495  0.0  0.0  1.0  -10.435805227207908  0.0  0.0  0.0  1.0;ok
26456013410464;29.267796526965547;0.172042359595582;-0.20685028373096315  0.8827878492938508  -0.42178024285112786  -0.7267972918915558  0.8388436574868807  -0.06185350701151871  -0.5408469857218458  6.8884024379542605  -0.5035417345309625  -0.46568203402054636  -0.7277265728115438  10.152862455231046  0.0  0.0  0.0  1.0;ok
26456013410495;22.000074074649238;1.6261711556959173;-0.6014397467412395  0.16093155578462437  -0.7825415422791134  -5.138537436737694  -0.7723865842325318  0.13320222394021072  0.6210282860184272  3.8817225425237822  0.20417932201238428  0.977935683923091  0.04418826283574282  -7.7860213192950205  0.0  0.0  0.0  1.0;ok
26456013410526;28.53243280520365;0.4211403598047993;0.9054888797206418  0.18203373951417398  0.38334528349876146  -11.599771934492892  -0.2469452808187594  -0.5086143818251799  0.8248208525988749  3.5494868549718808  0.3451201486201625  -0.8415314184741265  -0.41559229388587227  4.489890720869208  0.0  0.0  0.0  1.0;ok
26456013410557;13.431394888809669;1.1234769283203991;0.5439232989597188  0.2811006528654259  -0.790651546389057  -1.734147109337576  0.7613406262203791  0.23088900105366866  0.6058471094746587  -5.064835444026327  0.35285676373726577  -0.9314895019006239  -0.08842743993689553  6.16060537602745  0.0  0.0  0.0  1.0;ok
26456013410588;23.13991134769726;1.6575133499552825;0.05266473846440887  0.06559632787545717  -0.9964554917765927  9.80586774919487  0.5144007012298373  -0.8570515695589432  -0.02923227139312745  -4.363337017976734  -0.8559312728816061  -0.5110378937865626  -0.0788791938185706  -7.8992035040315605  0.0  0.0  0.0  1.0;ok
26456013410619;11.220211835576826;1.6362608722564225;1.0  0.0  0.0  -2.615133602401614  0.0  1.0  0.0  5.991447260294855  0.0  0.0  1.0  -2.559465786956501  0.0  0.0  0.0  1.0;ok
26456013410650;8.379680664534527;3.854214985633984;1.0  0.0  0.0  -2.978780353069909  0.0  1.0  0.0  -0.1892306883437848  0.0  0.0  1.0  -1.7799027414356337  0.0  0.0  0.0  1.0;ok
26456013410681;3.751139155323144;1.306135819752639;1.0  0.0  0.0  -0.33037399186789984  0.0  1.0  0.0  0.4896825928241014  0.0  0.0  1.0  -1.5692390956985474  0.0  0.0  0.0  1.0;ok
26456013410712;8.36841917267873;0.32793757902522075;-0.6585101455384936  0.7525281894445958  -0.008106313225634626  -2.718235713118433  -0.7496416776384928  -0.6568577512512134  -0.08108791382531591  -3.1366970972055386  -0.06634563565313292  -0.04732038368859362  0.9966739877800288  8.89038167167198  0.0  0.0  0.0  1.0;ok
26456013410743;2.3847560530595797;0.16554541195327158;0.36027177753698086  0.40340146532321075  -0.8411132528295049  -0.6531428101672667  -0.8820310814377259  0.44084350299116537  -0.16636759674971632  -0.2961201362710418  0.30368638047851587  0.8018255818103873  0.5146361031508511  -0.24864302056995793  0.0  0.0  0.0  1.0;ok
26456013410774;15.963195035722586;1.5172549913611912;0.48790241007383706  -0.8648381533164111  -0.11834782132511282  -7.310164748973824  -0.8351194520353995  -0.42302094433565  -0.35160884727985564  -2.2692840366769684  0.254021139034206  0.2703853716857366  -0.9286361029499826  8.234924536640754  0.0  0.0  0.0  1.0;ok
26456013410805;5.1512682190192525;1.2086827339768873;0.01976999348843891  -0.7790288810697802  0.6266762719432043  0.4308488321562538  0.29095465982047397  0.6041534999360888  0.7418516930247764  2.1945176681715606  -0.9565325573581994  0.16766797838031092  0.23860619384173679  1.2031256122509482  0.0  0.0  0.0  1.0;ok
26456013410836;18.642995246390836;1.3492463410043507;0.7582690485071171  0.6503889949359877  0.044968937526560136  6.683119546911465  0.6129473401989836  -0.7347144716807773  0.29067198565707514  10.93487418855393  0.22208918978442588  -0.19284397934338585  -0.9557654479064964  2.8633876782702967  0.0  0.0  0.0  1.0;ok
26456013410867;29.507135292695715;0.05469211508484106;0.02420205365501528  -0.5709673773198628  0.8206159361329507  -8.254221518673502  0.9843017293212835  -0.1299400112191318  -0.11943910222160177  6.063733847760431  0.17482667489262033  0.8106243566047405  0.5588593617585195  -0.08506310695413079  0.0  0.0  0.0  1.0;ok
26456013410898;5.642843118076654;1.3811665101969994;-0.7719992132053188  -0.6353796836063405  0.017603194899673182  0.7777225850220288  -0.6303774769486846  0.7688847601652524  0.10696009602385374  0.1855804132970154  -0.0814951002587176  0.07147645238768854  -0.9941074717493532  -2.0806751719841956  0.0  0.0  0.0  1.0;ok
26456013410929;7.924184270643275;0.13838899802989718;-0.9006595891961614  0.1974957224395344  0.3870500536198019  0.11207181527422412  -0.3860252681758562  0.04527429774468704  -0.9213765409936834  3.7921172009277773  -0.19949134497206664  -0.9792577176524122  0.035461608810429986  3.2355498670806635  0.0  0.0  0.0  1.0;ok
26456013410960;5.477806233433959;0.6366599584531795;0.8366615056241697  0.39847772828560657  -0.3757832155206489  2.888694119463942  0.18430853849716672  0.4412511572139728  0.8782526851051297  3.995402044380215  0.5157789135314996  -0.8040602690829044  0.2957350098290584  -0.32256270802876463  0.0  0.0  0.0  1.0;ok
26456013410991;10.096749814870382;0.9273387742009231;-0.7716987288682104  0.6240380361265659  -0.12270941826317923  0.2106762759197468  -0.5983489215017543  -0.6469946936367394  0.47262716229982965  -0.8152999761318251  0.21554498370612823  0.4381488284512492  0.8726774685563521  9.944628393955991  0.0  0.0  0.0  1.0;ok
26456013411022;35.36518793250331;0.14682931055422555;-0.020242512779280776  -0.6455769935350244  0.7634268701680985  -12.317563827851018  0.12821368838859912  0.7556023534741612  0.6423599719270343  -2.0249654329920905  -0.9915399592483259  0.1108847547798475  0.06747651718369312  2.998511576000761  0.0  0.0  0.0  1.0;ok
26456013411053;24.5254343392253;1.6799355722979055;-0.7053960271489665  0.6641712557904879  -0.24757420678281947  -14.925516708153326  0.4474027375094673  0.14629488162689006  -0.8822860069607867  -2.6891649920685  -0.549770165934356  -0.7331264219706318  -0.40034786630760116  0.28331835285365903  0.0  0.0  0.0  1.0;ok
26456013411084;24.922393186294816;0.5270055677245612;-0.22627505297041378  -0.9003926957387152  0.3716081186728924  -9.717402344018662  -0.4357368364601165  -0.24763659367444033  -0.8653378108143951  1.4662061630963585  0.8711676128937337  -0.3577277050127507  -0.33630028146188745  -3.3707578241145155  0.0  0.0  0.0  1.0;ok
26456013411115;40.938989354120714;12.298373258597099;1.0  0.0  0.0  -1.783886780586074  0.0  1.0  0.0  4.03959034063633  0.0  0.0  1.0  -11.961226234048853  0.0  0.0  0.0  1.0;ok
26456013411146;41.67514629420138;0.22689797454992874;0.4921449965477943  0.8464615688848668  0.20321445513038594  0.2792332246093495  0.0590926292102855  -0.26538864256227157  0.9623289092467142  12.273331674375063  0.868505246700322  -0.46159688127187637  -0.18062933220850302  -0.669972307974194  0.0  0.0  0.0  1.0;ok
26456013411177;4.1746707975987976;6.69013480971199;-0.27304150441370745  -0.9173390112105034  0.2897196496250061  -6.601856699574531  -0.7539339683397025  0.3911107319395452  0.5278408536152369  -0.6703786278856689  -0.5975214709540134  -0.0743070243856498  -0.7984025036758734  0.3974535627753868  0.0  0.0  0.0  1.0;ok
26456013411208;35.325158197734496;0.03894550598260632;-0.5885922275973462  -0.5185426472789548  -0.6202198904944345  -10.123582421640338  -0.2053577462627205  -0.6461243438013233  0.7350860687002619  -10.439062413515195  -0.7819126457999569  0.5600329055513109  0.273817017436583  4.713954014941528  0.0  0.0  0.0  1.0;ok
26456013411239;38.287446358366964;13.186122995923508;1.0  0.0  0.0  -5.766911832728347  0.0  1.0  0.0  -16.985380013117833  0.0  0.0  1.0  1.3542333912547893  0.0  0.0  0.0  1.0;ok
26456013411270;39.86833487442807;0.12758453353143928;-0.32879261031655543  -0.9408049742365616  0.08234937676127557  10.106915385598187  0.92895614344645  -0.33788920474926176  -0.15123282999074122  -0.8735398515560713  0.17010556414862602  0.026774722513157916  0.9850620342293284  9.198094515232953  0.0  0.0  0.0  1.0;ok
26456013411301;37.42145376735778;0.030102680593075293;0.5358145335806107  -0.1143456665857798  0.8365571433780515  11.75266530598818  -0.8428042989611535  -0.012785344869073267  0.538068256459325  -3.1392089057415213  -0.050830101872714556  -0.9933587486349701  -0.10322159296376368  -3.8656808731656507  0.0  0.0  -0.0  1.0;ok
26456013411332;43.158266358040244;0.026017445514625162;0.9181237835236459  -0.3352236115134574  0.21136188968709266  -7.655008311688252  0.3499018898330251  0.43531850527224164  -0.8294977193813244  -10.50411801040808  0.18605747934308284  0.8355375091828112  0.5169716482836193  -6.159726579090194  0.0  0.0  0.0  1.0;ok
26456013411363;34.12568423335386;0.3428721012558919;-0.5267305736787228  -0.6909261139146756  0.4951525097006474  0.5533721932981085  -0.8019837721343284  0.5970083596179196  -0.020076049898174627  11.241335090131749  -0.28173912043817656  -0.40767894679157335  -0.8685740868559433  -4.498003828523786  0.0  0.0  0.0  1.0;ok
26456013411394;6.137811103386027;0.40911979398499704;-0.4996943860281433  -0.8147866360111122  0.2939868336331597  -1.395989026565242  0.8431849886487438  -0.37982433060541515  0.38048988527629335  2.062378355150945  -0.19835472136900528  0.438013944592912  0.8768119461166013  3.466513466943269  0.0  0.0  0.0  1.0;ok
26456013411425;9.98424384019515;1.3054138715649561;0.17047986306583376  -0.13039794368451832  0.9766949332170741  -2.212956435887673  0.6992495356573526  0.7143797856363884  -0.026675995896818173  6.365438511217361  -0.6942526220130762  0.6875011986585617  0.21296806960436337  -6.844040843060784  0.0  0.0  0.0  1.0;ok
26456013411456;3.553039626498096;2.6891566708723604;-0.9149087378096066  -0.3192334604454768  -0.2470465527216275  -4.597560846301925  0.31249415047846774  -0.1727312985178283  -0.9340831357160275  3.1617601253621035  0.2555179199124295  -0.9318014253285675  0.2577919633333711  -0.3156826827229893  0.0  0.0  0.0  1.0;ok
26456013411487;8.907789434141892;0.010736471289302621;-0.47968933436296163  0.00828397927218608  -0.8773992923326503  1.476610932513746  0.7704846121828816  -0.47446661457154704  -0.42571691773572873  -1.316067206584462  -0.4198233019828856  -0.8802345183781605  0.22121389596441185  0.2915029365547705  0.0  0.0  0.0  1.0;ok
26456013411518;13.190832874792818;1.426718746830164;-0.39268941442575594  0.8995091512010939  0.19151582363722394  3.403406541599102  0.8233681921393754  0.2510904970967768  0.5089384859104563  7.124658045042492  0.4097070221159157  0.35754279348517337  -0.8392278039100741  -0.4453182248172981  0.0  0.0  0.0  1.0;ok
26456013411549;11.678534346863168;0.01957394532910387;-0.11341777821704499  0.9821868262629111  -0.14981804263805565  3.054632466543891  -0.9745965394474556  -0.1392932703889811  -0.17538235407642166  -2.4890255959409875  -0.19312688285516952  0.12612066896401744  0.9730342152148173  0.9633376132915432  0.0  0.0  0.0  1.0;ok
26456013411580;28.01403905500884;0.032045480439892866;0.5401520306758251  -0.8397339234365233  -0.055522262081857  -1.6253712462548677  0.7578201267576707  0.45664848999134966  0.46602662163186553  6.865103988621365  -0.36598420626821004  -0.29380111371219153  0.8830268774752579  7.137607858093222  0.0  0.0  0.0  1.0;ok
26456013411611;4.839169248689441;0.022713954571614424;-0.9062050236448193  -0.3488030870604199  -0.23901644625007304  -1.8732358454741025  0.2060014258771674  -0.8578357134785874  0.470830437861929  2.0828723813820833  -0.36926395391029765  0.3774311793397616  0.849228966301038  -1.365939793541749  0.0  0.0  0.0  1.0;ok
26456013411642;15.458613024673555;0.029189587649930918;-0.06640773307539562  0.8871774501578223  -0.4566247747541203  -3.0769671341865035  -0.9963719906915919  -0.08337309040455708  -0.01708168497744152  -3.880857000141935  -0.053224704349221566  0.4538337798444029  0.889495380043696  4.090541939429406  -0.0  -0.0  -0.0  1.0;ok
26456013411673;20.589511477104207;0.027356284221942435;0.1813346880392325  0.9745530659294782  -0.13177273087087774  3.711197652737939  -0.9807995791934894  0.1694424283947763  -0.09654765099968082  -2.5079252691681533  -0.07176291777505532  0.14675007716228133  0.986567026858933  -7.062462202144083  0.0  0.0  0.0  1.0;ok
26456013411704;7.41267435151194;0.36318327156302516;0.5510347225153174  -0.006588946447152646  -0.83445630225146  2.5386258975986147  -0.10518468628226949  -0.9925416609147042  -0.061621693585796465  -2.1706872765393115  -0.8278266221583873  0.12172771719455486  -0.547617974972  6.778452652598978  0.0  0.0  0.0  1.0;ok
26456013411735;21.757255182572877;1.4707570043837435;-0.825449314631768  -0.5608541029900252  -0.06384437432694921  -6.88836629047114  0.01055081254913615  0.0977542378497364  -0.9951546559891918  8.660406824817937  0.5643776300744898  -0.8221233387647332  -0.07477370212735422  9.247502126168635  0.0  0.0  0.0  1.0;ok
26456013411766;12.304723833976745;0.4507791156010659;-0.9686676465044712  0.0799475919228602  -0.23514117708564594  -0.08230460873803158  0.07480459680444018  -0.8088912326576206  -0.5831802860407402  -0.6340199884303526  -0.23682749610721385  -0.5824975161109028  0.7775663192372829  7.738490602686094  0.0  0.0  0.0  1.0;ok
26456013411797;8.573971267035956;0.0373996440599224;-0.7296779845871375  0.5518009695595647  0.4038387410860642  0.30680605630436714  0.143940623340492  0.7013058493260623  -0.6981770568082296  3.6259597768897183  -0.6684692481791539  -0.45131562757584054  -0.5911540142337031  0.619906575498094  0.0  0.0  0.0  1.0;ok
26456013411828;17.226941609016762;0.033142540268152054;-0.6081990588038255  0.7936538517799029  -0.014403764267185083  0.22370907075951582  -0.6230712249135026  -0.488562235150888  -0.6108102742007171  -5.291159685396753  -0.4918090620911007  -0.362519662831262  0.7916459691716867  4.122060793508064  0.0  -0.0  -0.0  1.0;ok
26456013411859;33.57411777214782;0.06407261509011807;0.3489065248567614  0.5373613154276129  0.7677936269560219  2.597066265281116  -0.9180936146578283  0.36040093600969847  0.16497054297011765  -6.430574132517327  -0.18806475384000157  -0.762465725134735  0.6190942305964914  -7.527487270627072  0.0  0.0  0.0  1.0;ok
26456013411890;15.597182184778172;0.6157331410471933;0.8486925873254548  0.12144040625160087  0.5147553981730246  -8.318404925351441  0.20969966433667644  -0.9707748709966538  -0.11671418345048742  1.3410679710050555  0.4855377874026981  0.20699849654254693  -0.8493554494045571  7.364280771287616  0.0  0.0  0.0  1.0;ok
26456013411921;20.61504111605992;0.29677652531364096;0.14879036045208768  -0.9693315532080276  -0.1955959319409482  -2.4273807554960434  0.6033238406628393  -0.06773188911506371  0.7946148340452417  -7.421684262470127  -0.7834933132607957  -0.23623871645480693  0.5747429833616121  -4.992810361560917  0.0  0.0  0.0  1.0;ok
26456013411952;12.058834581084366;0.023430942275393454;-0.6310678934260434  -0.5579868975110432  -0.5388913954525685  1.00570694757958  0.7620235775928794  -0.5759148181336905  -0.29604423562465715  2.8018661407278533  -0.14516673544364622  -0.5974719612333612  0.7886405229637873  -2.1951852325451564  0.0  0.0  0.0  1.0;ok
26456013411983;10.451393430494422;1.7553467273498358;-0.4624901186055984  0.7786050486358272  0.4241191677240978  -3.8150592662429696  -0.6823014850236164  -0.6180177240585975  0.3905365236235936  -1.9687986855691808  0.5661868717364869  -0.10875785483463819  0.8170704714313299  -4.459806671054758  0.0  0.0  0.0  1.0;ok
26456013412014;47.38630036713764;0.07056490216999985;-0.6121111631785078  -0.782049720374277  -0.11712454386152854  11.867172165681136  -0.292322159170494  0.36140393519394987  -0.8854010113413173  0.1972724365630316  0.7347568843979317  -0.5077257433780984  -0.4498298459873478  6.110064282104565  0.0  0.0  0.0  1.0;ok
26456013412045;9.223414713956423;0.4812477451736863;0.3445461438462023  0.00808455149073757  -0.9387345709985888  -6.313629607965606  -0.9325103460189698  0.11822584255673199  -0.34124346839072456  -1.9731505984735593  0.10822388520235793  0.9929538207685916  0.048273186063926034  2.389945734324518  0.0  0.0  0.0  1.0;ok
26456013412076;30.520242091779032;0.023193771812744266;0.4295652211476244  -0.9003626129988057  0.0694325996514144  1.3547337470868357  0.7522232450547168  0.31422514597268925  -0.5791569279891176  -6.41557952668826  0.4996337762599147  0.3010144892731964  0.8122538807958105  -6.526889937262168  0.0  0.0  0.0  1.0;ok
26456013412107;33.69151947690923;0.03611373654171334;0.48630575295125095  0.6755038228807608  0.5542574310913605  4.578079287022946  0.3816668587685528  -0.7348186005884754  0.5606888915851109  1.2969795627760468  0.7860261595928365  -0.06112454091993263  -0.6151639350068117  -9.727469737558065  0.0  0.0  0.0  1.0;ok
26456013412138;28.73843283987377;1.8569613936801488;1.0  0.0  0.0  -11.538984726718068  0.0  1.0  0.0  -2.597919710612297  0.0  0.0  1.0  -0.67890257407404  0.0  0.0  0.0  1.0;ok
26456013412169;6.10829587109351;1.264421262495137;0.881952273071861  0.220391728455857  0.4166385412460259  1.448705771655244  -0.16822830563424446  0.972915620468969  -0.158538426354334  -1.0027805113454897  -0.44029470267856796  0.06973292963669951  0.8951412700336611  1.8182481380860727  0.0  0.0  0.0  1.0;ok
26456013412200;27.398770435044117;0.05214465647686453;0.9577362969916855  0.0827684775319767  -0.27548242149308194  2.192124133566593  -0.28172188099002654  0.4632980845626713  -0.84023072224955  6.562158407692518  0.058085860552242706  0.8823288865086523  0.4670350830893829  -6.574476722632385  0.0  0.0  0.0  1.0;ok
26456013412231;11.304933685245452;0.07713824750684382;0.5562197437702018  0.7890751320326143  0.2607298077472569  -0.11481897774200832  -0.7546857829369669  0.6109757266876259  -0.2390774569702136  2.2597607765337244  -0.34794965968229835  -0.06378947723754004  0.9353405459621291  -3.450929855452459  0.0  0.0  0.0  1.0;ok
26456013412262;22.777914718070324;0.02695750663971029;-0.96107989202273  0.07997405360475958  -0.26444203882817247  -4.3879544874691545  -0.11341901418660659  -0.9870192173908692  0.11370660368709716  4.259801429679127  -0.2519157961909414  0.13927388574725433  0.957674901194735  6.877268866808403  0.0  0.0  0.0  1.0;ok
26456013412293;30.28145528198315;0.09542578687488894;-0.19346963624859698  0.5705138955024006  0.7981750402565291  5.326719435573229  0.09297413884089419  -0.79922349609004  0.5937993034724852  4.992775741802039  0.9766909999363307  0.18909177225963814  0.10158244093877186  1.3486151511712008  0.0  0.0  0.0  1.0;ok
26456013412324;27.91236336482207;0.011253283747868537;0.5135428422527276  -0.7676138342267547  0.3834615374124129  -6.971270949382377  0.7681999435449355  0.6103957806340997  0.19309541092849722  -5.787621870044693  -0.3822860132264162  0.19541236523769098  0.9031452882032122  -7.69354418263761  -0.0  -0.0  -0.0  1.0;ok
26456013412355;17.58982192427501;0.0555187355449132;-0.6937060213588035  -0.6702697693020689  -0.26364823589451325  -6.178649610825339  0.09860867084635594  0.27421808090533295  -0.956598543872251  -1.2671145685630478  0.7134761985970198  -0.6895961720197882  -0.12413232283011466  -2.6823423088867413  0.0  0.0  0.0  1.0;ok
26456013412386;20.348425974718353;0.04616171912054711;-0.5605388663786464  0.26173176106324764  0.785679746798702  -2.373024242376759  -0.8255974416832786  -0.10250415217892747  -0.5548709427174082  6.119753719535613  -0.06469191267049608  -0.9596819181566415  0.27354263360255643  -2.6966138652002964  0.0  0.0  0.0  1.0;ok
26456013412417;25.453268783191263;0.04255554580509789;0.192594092025294  0.7760789494379946  0.6005072688620607  -4.769319013580831  0.5841607847531731  0.401035816681385  -0.7056390375363683  10.658940440977617  -0.7884565259248657  0.48669470716036567  -0.3761177591507431  -3.689355826897067  0.0  0.0  0.0  1.0;ok
26456013412448;11.55255178167472;0.3130575566212154;-0.976848447124541  -0.19587624512270502  -0.08602097387849607  -0.9899084495604485  -0.10238010711566628  0.07496686447044061  0.9919164697183199  -11.044664040267989  -0.18784415087342946  0.977758899641471  -0.09328509610082245  2.5717706168431675  0.0  0.0  0.0  1.0;ok
26456013412479;15.024610821793486;0.019139669371580587;0.9217089300540702  -0.20622922124838503  -0.3285150781347289  -3.555558410697328  -0.0566721737491548  -0.9094568179738581  0.41191814837830437  -3.43695461807167  -0.3837198365749785  -0.36105097222435184  -0.8499419288838047  1.7359317438160324  0.0  0.0  0.0  1.0;ok
26456013412510;44.598779289077456;0.03884359673830914;-0.9432812774958855  0.26364248408714686  0.20177480543935283  2.6339245964755458  -0.3167804420342915  -0.8966242105521673  -0.3093786944769507  -4.368388128488499  0.09935080810083469  -0.35574944221468807  0.9292856134115334  13.57399801958413  0.0  0.0  0.0  1.0;ok
26456013412541;25.55960109614438;0.08664814961314883;0.560901611749268  0.5841855547506836  0.5866145408679446  3.625451392480307  -0.447403173447238  0.8100843087184674  -0.3789377431154916  -2.2901101122649665  -0.6965771905011057  -0.04990641630850382  0.715744065490471  4.621776770839649  0.0  0.0  0.0  1.0;ok
26456013412572;11.855425981755449;1.369091322234305;-0.9644884942257951  -0.17765582972096913  0.19544909995241896  -2.817601011869812  -0.17156098648285686  0.9840121057084243  0.047822627869049984  -9.77702603902297  -0.20082024903650908  0.012592933948317057  -0.9795471635360334  -0.8502733885905966  0.0  0.0  0.0  1.0;ok
26456013412603;9.681681139268411;0.18577399651360946;0.6609333881407908  -0.37170334485088324  0.651923062843614  -2.34487049861866  0.01986643104631936  0.8770777112504073  0.4799375098335489  -1.284946037177071  -0.7501815655947673  -0.30425533989465364  0.5870743622296685  -9.454870497817598  0.0  0.0  0.0  1.0;ok
26456013412634;52.58463844912728;5.009838633649701;1.0  0.0  0.0  8.562983256377276  0.0  1.0  0.0  -1.9122038523481344  0.0  0.0  1.0  -10.493085218061763  0.0  0.0  0.0  1.0;ok
26456013412665;17.137251027096553;1.6262765214600579;-0.5711679730406156  0.8207847734869058  -0.00891639976243842  -0.35142279202507626  0.7667997278480853  0.5374139007044948  0.3510049525315542  -3.1233270602566328  0.2928913176329667  0.1936456943534427  -0.9363311492808497  6.245108318052723  0.0  0.0  0.0  1.0;ok
26456013412696;25.9043647789081;0.5561245246169361;-0.52247696951515  -0.12660042455823897  -0.8432023178501943  -4.289391297504818  0.8404502648115375  -0.243177130024822  -0.48426050407926674  3.067694096317213  -0.14373993427186604  -0.9616845719541126  0.23345581029598547  10.183077420743768  0.0  0.0  0.0  1.0;ok
26456013412727;23.252492129236515;0.015433720457209183;0.5883327937039774  0.4524767644880392  -0.6701710986389281  5.052851757326044  0.3743277191955466  0.5822344521070448  0.7217214153823266  -6.458700382055565  0.7167588733279369  -0.6754759954121574  0.17317302655905478  -0.6315707864826016  0.0  0.0  0.0  1.0;ok
26456013412758;14.13602399426325;6.561742118995962;-0.2849931942867974  -0.34702724279776426  0.8935048807736805  -11.53495904018603  0.6430041254780107  -0.7605223821056544  -0.09028510915205411  3.807076746359217  0.7108618528437609  0.5487966828184397  0.439883651775117  -5.598894716786685  0.0  0.0  0.0  1.0;ok
26456013412789;4.621604133291701;29594599.87053415;0.8981630910970979  0.3491199568080869  -0.2672420579722298  -12230765.309599943  0.05235709656958318  0.5185782460840704  0.8534256482712371  -2001986.046935501  0.43653384316650135  -0.7805074365095412  0.4474889331856087  -24183.39288858761  0.0  0.0  0.0  1.0;ok
26456013412820;35.801682263906;0.012180838074128546;0.4635568399035679  0.45470816238686823  -0.7604969054752124  8.082658008173395  0.6431037738774008  0.4177653747613167  0.6417862788149827  -7.440765682305535  0.6095347342057409  -0.7865828492341383  -0.09876653829836732  1.9843523301435404  0.0  0.0  0.0  1.0;ok
26456013412851;14.022145789999549;1.0829474521410885;-0.759664815417625  -0.1947421777697446  -0.6204714759068307  8.99537746435325  -0.6476426376790378  0.14014835713232737  0.7489442247946435  -3.304153492692393  -0.05889297136876795  0.9707903595476246  -0.23258911353016992  -3.2187169911861933  0.0  0.0  0.0  1.0;ok
26456013412882;2.3936762370407902;1.582151986291424;0.020479274339854674  -0.29514639762027534  -0.9552325388586211  -0.6369440657101134  0.37342502541491324  -0.8840290431105525  0.28115191859724425  -0.9152604105571498  -0.9274342832332566  -0.3624655223725626  0.09211077773421057  -1.4231571936364318  0.0  0.0  0.0  1.0;ok
26456013412913;12.272824290791716;0.23638862587334847;0.6403086992963958  0.7105113047467143  0.291853482817115  -0.41893915156580774  0.533723444926499  -0.6847996563763078  0.49617407727800517  -1.9208198713621216  0.5523984557736813  -0.16193553178352144  -0.8176997184815704  15.608681798915184  0.0  0.0  0.0  1.0;ok
26456013412944;7.817464008253767;0.30307006451776103;0.35539311433339144  0.8018912429480476  -0.4802771791035344  -8.329958373669509  0.07417120812941348  -0.5363943098260866  -0.8407019544825738  1.219593371081197  -0.9317694812393436  0.2631569472186351  -0.2501080865576564  1.3350578568988847  0.0  0.0  0.0  1.0;ok
26456013412975;18.958736180574377;0.2914251155155129;-0.38950548858915135  0.9065872419714581  -0.1624347470632811  2.874978225423592  -0.8893127060683631  -0.416079472748569  -0.18973872346634454  -5.821699065540373  -0.23960046991667572  0.07055101028233618  0.9683047917695393  7.41049145430287  0.0  0.0  0.0  1.0;ok
26456013413006;18.3212344447247;11.738222780512928;1.0  0.0  0.0  5.616683455550218  0.0  1.0  0.0  -4.9271772594806444  0.0  0.0  1.0  0.595448058519172  0.0  0.0  0.0  1.0;ok
26456013413037;17.624013468308494;1.6188195354540114;0.25965597384916683  0.7251881676715936  -0.6377153728063618  6.735713114827242  -0.944090379539904  0.0517021697370367  -0.3256074951604873  6.065809032478666  -0.2031554343468186  0.6866068795996734  0.6980679496881065  -2.492953551359484  0.0  0.0  0.0  1.0;ok
26456013413068;25.751269723182936;0.30087381102938393;-0.9763685354367995  -0.1871643569036719  -0.10804622396842004  -4.167864404780759  0.21221121886091487  -0.9248858525155074  -0.3155195055875754  -3.230480239106244  -0.0408764186122507  -0.33099193845394176  0.942747821572629  -9.333803890032842  0.0  0.0  0.0  1.0;ok
26456013413099;16.675295180356358;0.23760832198058074;0.516619172547634  0.5087791580436966  0.6886569529864236  10.227568858363574  0.4470710006397616  0.5256627740601917  -0.7237445463382124  1.8738524994550034  -0.7302274652073555  0.6817788617342816  0.04410706008281931  2.862977168089412  0.0  0.0  0.0  1.0;ok
