# registration_from_features.py TEASER TEASER_config.json euclidean True --use_random_keypoints=True --n_keypoints=5000 --use_status_txt --input_txt=/benchmark/point_clouds_registration_benchmark//tum/pioneer_slam_global.txt --input_pcd_dir=/benchmark/point_clouds_registration_benchmark//tum/pioneer_slam/ --input_features_dir=/benchmark/experiments/FCGF/KITTI/features/tum/pioneer_slam/ --output_dir=/benchmark/experiments/FCGF/KITTI/results/TEASER/
id;initial_error;final_error;transformation;status_code
1807261650030;4.242065528890624;5.584042096787253;0.9865245564661846  0.15859690209067262  -0.040203509006557836  2.685789832385069  -0.15796516499566038  0.9872722789825975  0.018451390202415506  2.589064633439217  0.042618143285370835  -0.011851995601996956  0.9990211329412195  2.0561864583353295  0.0  0.0  0.0  1.0;ok
1807261650061;7.372035540033227;11.734741960683062;0.8687635515364334  -0.18968016358345124  0.4574618312654718  -1.1153876316956972  0.2078250262263432  0.9781055265148767  0.010878302950223025  9.157911609679406  -0.44950934361348227  0.08562134397457255  0.8891627159638251  5.477333373645891  0.0  0.0  0.0  1.0;ok
1807261650092;12.102589230009645;1.8542908254909098;0.7135569947109894  -0.6986719010056418  -0.051903661182850336  0.05485756744004127  0.6599540169001424  0.6951812305931342  -0.2849276262639028  -5.404342737799386  0.23515337734420896  0.16905807101756043  0.957142757245456  13.989074142672722  0.0  0.0  0.0  1.0;ok
1807261650123;9.366919006451113;13.416202854112132;-0.20642071655837976  0.40882458632056645  0.8889617232453506  16.786340113627045  0.21919224399589532  -0.8661175471688068  0.4492161558296114  4.161857091120606  0.9535959563397745  0.2875810357205555  0.08917342623407265  11.457710498167168  0.0  0.0  0.0  1.0;ok
1807261650154;4.484926530514292;0.34265671114174995;0.710161855201436  0.3710795929662275  -0.5983060045669558  -0.673684312542546  -0.3846259886413365  0.9162818911286583  0.1117602113963854  -3.2165889547940485  0.5896888910930321  0.15075619945365168  0.793435303000668  -1.8455602435711336  0.0  0.0  0.0  1.0;ok
1807261650185;4.785592360357215;16.33095052664229;0.7185025911479178  0.663126198252665  0.20980388867867927  9.747128899779375  -0.5184466603156954  0.7117100810232044  -0.4740061402317971  9.161646530429051  -0.46364543233081745  0.23180251456986223  0.8551611002132048  -2.9762172012357553  0.0  0.0  0.0  1.0;ok
1807261650216;5.7139193037879235;5.11503230928363;0.2731599717930032  0.26968697733321034  -0.9233918800091991  -5.192656498353446  -0.5405940006357682  0.8370248823229138  0.08454272794822677  6.565611012436729  0.7957020524584952  0.4760864213871147  0.3744328552412969  -1.4605210036639438  0.0  0.0  0.0  1.0;ok
1807261650247;12.652214164961155;5.1382262830195;0.16291328983109954  0.576646749066809  0.8005859021910702  -6.2974505889118495  -0.9858101219512969  0.12841680443832615  0.10810887010888001  4.931289158212548  -0.04046805474417997  -0.8068380575608279  0.5893850061010145  11.209034878638407  0.0  0.0  0.0  1.0;ok
1807261650278;6.989420057286833;3.7742087256006585;0.7022753949990882  0.6557544069171313  0.2771198790914078  9.56694641182307  -0.6899701695047246  0.7228367852966187  0.03805452687488338  0.41629633795193627  -0.17535801884286983  -0.21792920784238975  0.960081468208137  0.7264038031919983  0.0  0.0  0.0  1.0;ok
1807261650309;8.352466281140485;4.322435897777808;-0.7731729397935847  0.4837916740353899  -0.41006002158828153  1.021635050238422  0.27911253049037876  0.8401753487457742  0.46497481510633953  1.1733624421582964  0.5694732658292259  0.24505305444730224  -0.7846331627020643  -4.18353617534199  0.0  0.0  0.0  1.0;ok
1807261650340;10.036300996119001;2.090039969278857;0.7862057168573036  0.6157853696116138  -0.05185508030254443  -0.08082364745681526  -0.6037491978329427  0.747515750733475  -0.2769604818768354  3.7394621138369075  -0.13178572341863654  0.24905537733134542  0.95948107960781  -11.53465222022073  0.0  0.0  0.0  1.0;ok
1807261650371;3.1812712757927435;10.994343524970645;0.9889421840446244  0.07088738503119996  -0.13026256277414133  3.4313934058163644  -0.05406984291762143  0.9902488896374656  0.12838842883465051  14.841667421086447  0.13809347813677636  -0.1199254569105524  0.9831317694393171  2.308970809419016  0.0  0.0  0.0  1.0;ok
1807261650402;12.640830633455;5.477535240265772;0.6552976144826825  0.003532391961986514  0.755362534588744  -15.67290973730385  0.483940725586922  0.7658476518762105  -0.4234132121628905  3.7498178568117515  -0.5799882848572955  0.6430123609408457  0.5001486710025043  1.4165841592246824  0.0  0.0  0.0  1.0;ok
1807261650433;17.72602606662104;15.042355121660327;0.30020901298965125  0.7477816268676621  -0.5921969157627659  4.414737479463537  0.1175682138475127  0.5870928480257442  0.8009367658496681  9.22142753602824  0.9466003716524121  -0.3100719695750862  0.0883352142202739  11.08462418715335  0.0  0.0  0.0  1.0;ok
1807261650464;13.516242316124647;1.370852771336505;-0.8170315649420014  0.4756371853306757  0.3259274302956659  -8.269384135365826  -0.5369248595653193  -0.833649451719985  -0.12938426035546682  2.907568995277337  0.2101692581449198  -0.28070956445707634  0.9364993450895375  9.38679335610901  0.0  0.0  0.0  1.0;ok
1807261650495;7.578236265964046;7.211665608277735;-0.09675859868927751  -0.7803475833437998  -0.6178150392707975  8.758037140311984  0.8547882234561228  0.25283590014848945  -0.45322301424003975  -3.492675810521399  0.5098773054573142  -0.5719542435943566  0.6425678770480162  -15.183816139155958  0.0  0.0  0.0  1.0;ok
1807261650526;15.116037694080763;15.496655971113036;0.9890324447825726  0.09527004553723553  -0.11286470480509792  0.25347779666617054  -0.09975483775601596  0.9944045082124251  -0.03476559205703378  7.141702010516515  0.10892105173785142  0.04564309882269457  0.9930019697957212  8.335074163374667  0.0  0.0  0.0  1.0;ok
1807261650557;24.456095870239103;1.3589644108097354;0.7964873021752992  -0.22227414216856656  -0.5623185780291652  2.1319239627289184  0.11371412699559846  0.9684520206846727  -0.22174260067340335  -1.6095214459967584  0.5938662095077843  0.11267159959370121  0.796635447271745  -8.414234135180996  0.0  0.0  0.0  1.0;ok
1807261650588;6.853314294203077;1.6503381057521096;0.6110675019719463  -0.069243704149345  -0.788544112570403  -0.6416992747853842  0.5320331959981638  0.7735337216986123  0.3443635575247088  -5.151174588947508  0.5861204538230562  -0.6299610232631634  0.5095212682307609  3.636705563089915  0.0  0.0  0.0  1.0;ok
1807261650619;35.588647047747834;44.64489237643272;0.6110675019719463  -0.069243704149345  -0.788544112570403  -0.6416992747853842  0.5320331959981638  0.7735337216986123  0.3443635575247088  -5.151174588947508  0.5861204538230562  -0.6299610232631634  0.5095212682307609  3.636705563089915  0.0  0.0  0.0  1.0;ok
1807261650650;3.7851067611784845;3.3504527980113736;-0.3252992357455344  0.9447759058871364  -0.03973531022292953  0.49224996867522763  0.5131836910833338  0.21167849659161758  0.8317660207575195  -3.354983278416686  0.7942436064769154  0.2501813377049808  -0.5537024397947776  2.8061355395239795  0.0  0.0  0.0  1.0;ok
1807261650681;15.599629407378206;2.7373312571404482;0.09286529893166484  0.5821933799173016  0.8077294749077818  4.637254350519754  -0.578201210026845  0.6919673284442512  -0.43227835602678133  -1.299892779640369  -0.8105920040179426  -0.42688650101191217  0.4008846695447237  -2.247636286947526  0.0  0.0  0.0  1.0;ok
1807261650712;15.285930710511307;13.445562241593112;-0.5466275306621035  0.7498235171195147  0.37277746162660175  11.715888127924467  -0.6324672398544139  -0.6614575982226861  0.40306207495175617  2.65487165735172  0.5488019070968966  -0.015444705500489389  0.8358097438046606  3.631263156760894  0.0  0.0  0.0  1.0;ok
1807261650743;12.892867624387561;1.337499143673672;0.9554373822741022  -0.2722671637972297  0.11406138729221074  -6.8106553477255085  0.2873040476081723  0.9464156186442012  -0.14749190152098013  -3.448274466900567  -0.06779227670739585  0.17368957454069073  0.9824643194104816  -2.550337891443711  0.0  0.0  0.0  1.0;ok
1807261650774;8.730798497462562;15.726799066691928;0.8459184352310198  -0.28642419749963  0.44987018130011264  3.8931543519219165  0.22242196722767033  0.956151883921952  0.19053095120498262  10.082255123826585  -0.4847168961681412  -0.06111263338455695  0.8725335389599237  3.4978011747665017  0.0  0.0  0.0  1.0;ok
1807261650805;27.065215252830498;14.116279904573926;0.37709169658999986  0.18446119441009043  -0.9076210222993286  -11.34644040891761  -0.4874022314267094  0.87281631434694  -0.025114661257683555  3.9049357230983595  0.7875537550943044  0.4518470417814267  0.4190385825556326  0.4758824438850585  0.0  0.0  0.0  1.0;ok
1807261650836;7.792680035821759;1.5010450145457754;0.3921865178669887  -0.8262923051155566  0.40426570681939833  -0.2585239843907151  0.8373897297536547  0.5025917789410695  0.2148951936269245  -2.057837878241572  -0.38074686565547516  0.2542489532872701  0.8890384097697127  -3.659040424881253  0.0  0.0  0.0  1.0;ok
1807261650867;39.325074377946905;1.8518060257292255;0.22342188538133512  -0.18165350514534093  -0.9576453754919203  12.216817626004051  -0.40537179861420436  0.876168463529859  -0.26077294415642704  -6.392108160600304  0.886428996604316  0.4464648111376055  0.12211800192816707  4.029308664046276  0.0  0.0  0.0  1.0;ok
1807261650898;3.285326842341318;9.14934787523916;0.4147684234950393  0.8849618793045595  -0.2116828454296255  -0.5195786522434654  -0.9049738019005424  0.37695228748345205  -0.1973053238883103  1.592371182157261  -0.09481335741929087  0.27340344756190593  0.9572152224636563  -3.377924750695284  0.0  0.0  0.0  1.0;ok
1807261650929;12.554732005914778;1.3409233933431963;-0.39520408087946174  0.9090110268489517  0.13233551119497322  -1.1545362549661364  -0.8227234844935516  -0.4143440335134677  0.3891594659706731  2.9147863580576803  0.408582675255583  0.04492187617191819  0.9116151723848097  0.6326908212204123  0.0  0.0  0.0  1.0;ok
1807261650960;16.500132258179224;6.077676435964215;0.713454642485217  0.6595148240587958  -0.23669108551651863  9.538223731740782  -0.6290102194787643  0.7516557519219771  0.19839297969909264  0.2255225854306331  0.30875332695789487  0.007336719246619217  0.9511138499901722  -9.516088678652633  0.0  0.0  0.0  1.0;ok
1807261650991;6.090238403131256;3.840891213020305;0.6568312630046262  0.7409922539930535  -0.1396537556317076  3.259035653004497  -0.7521486045868446  0.6569521413257431  -0.05183011311566643  0.9644601893202304  0.05334012146413955  0.1390840160831372  0.988842994571118  -1.9126227241336329  0.0  0.0  0.0  1.0;ok
1807261651022;18.00713753417378;6.686385421428334;0.7658089234247076  0.5648819635907338  -0.3073191500915099  7.31623304301276  -0.621847108260647  0.7722564987627969  -0.1301002462199779  6.181746404353935  0.16383792830404886  0.29073745429253534  0.9426711334927651  -7.341096952734577  0.0  0.0  0.0  1.0;ok
1807261651053;17.655152207016677;15.768577271285531;0.42438455756546944  0.2099185746204086  -0.880813226132134  5.44803873865096  -0.6943451308430306  0.6998153059975685  -0.16775987829664568  4.670681167147464  0.5811906628418395  0.682783076475147  0.4427467491745116  -1.5346303043872254  0.0  0.0  0.0  1.0;ok
1807261651084;7.048108031378534;1.8002552201282114;0.8374425677525777  0.5270137502988007  0.14472889383935233  2.3555716183979705  -0.5448446980624297  0.8258134951534897  0.1455208789680617  0.32829151935742157  -0.042827569499437765  -0.200720149009437  0.9787120215223684  -3.6045773552533715  0.0  0.0  0.0  1.0;ok
1807261651115;29.330989838652297;2.587138294675546;-0.6638221976458084  0.6542237387678131  -0.3623967294904223  8.786867759238808  -0.5223825790106059  -0.058826392224178764  0.8506796675154027  -5.899471553145354  0.5352163404259234  0.7540097845588956  0.3808053488733198  -6.151203009041375  0.0  0.0  0.0  1.0;ok
1807261651146;12.978837113850958;4.4523286836470835;0.9968491728378597  -0.0784049542137581  -0.012016229325997801  -4.3643047257162975  0.07891072800226889  0.9956319888002583  0.04990029943593288  1.7643532776379096  0.008051311609195422  -0.05069128162102793  0.9986819165024416  11.362788041808338  0.0  0.0  0.0  1.0;ok
1807261651177;4.659029665212119;12.99472589225379;0.9160402956983412  0.34488253794349766  0.20475891110901182  -0.22696593894624187  -0.300696617844565  0.9283672411504343  -0.21843948721687667  10.166225974104519  -0.2654274301456728  0.1385290604183259  0.9541268148133561  -3.2762642114468403  0.0  0.0  0.0  1.0;ok
1807261651208;13.18942876420926;6.155571779160853;0.8046006068360766  -0.3018134478603368  0.5113966231504397  -7.918253028070021  0.311466795750865  0.9477280253426805  0.0692822136247973  4.492426127554135  -0.5055752155947774  0.10353855644502155  0.8565474118258575  -1.2952257546625123  0.0  0.0  0.0  1.0;ok
1807261651239;14.502722552119096;9.09453278734607;0.9931328807189295  0.03761768407952376  0.11077901913004323  -8.727415030834994  -0.03530339272138347  0.999116989178495  -0.022779648751895698  -4.397069972829301  -0.11153811768754676  0.018712342969098128  0.9935839655123899  0.3214073240526849  0.0  0.0  0.0  1.0;ok
1807261651270;5.3367863312056185;7.765320561731791;0.7731248301125111  0.45319836923264367  -0.44372202468254074  1.98088492654815  -0.591122823679189  0.7684400816635965  -0.2450992619703028  0.8099026755575749  0.22989520305792252  0.45178654143048225  0.8619960072954163  2.3835806827543844  0.0  0.0  0.0  1.0;ok
1807261651301;18.499291020604566;6.107191295674424;-0.4183696545196371  0.46959052349148217  0.7774648367766318  6.686969155687411  -0.7791147594360877  0.2544236868905267  -0.5729299950062641  5.924220560697979  -0.46684796647941607  -0.845430853349951  0.25942175775753074  4.072629600497041  0.0  0.0  0.0  1.0;ok
1807261651332;12.390821196249583;9.33906957927569;0.6146810650382984  -0.7884837575346229  -0.021460484325047442  -2.539404832863503  0.7886350121179292  0.6138299382366471  0.03560371590364251  11.532166413566587  -0.014899863930126867  -0.03880941932671236  0.9991355378658029  -2.9067194921480386  0.0  0.0  0.0  1.0;ok
1807261651363;14.174233102738592;16.338758727106587;-0.42565419659477416  -0.18737123606153952  -0.8852742653087962  -0.04168141102477518  -0.18769979947200738  0.9753308749644783  -0.1161829144891531  2.5644965422000037  0.8852046600642284  0.11671205695126985  -0.45032322343265585  -4.526184092645046  0.0  0.0  0.0  1.0;ok
1807261651394;15.37282925956283;4.686023776096346;0.9189539136743506  0.2504661680836296  -0.3046151722880818  3.0441630646728983  -0.19603865080533633  0.9603502257267085  0.19823292193044995  3.932158615545732  0.3421878898105807  -0.12245057203689833  0.9316186480931017  13.934558059313824  0.0  0.0  0.0  1.0;ok
1807261651425;13.890754583273365;7.225336511837531;0.17358520471945305  0.9770034421796698  -0.12382427335374041  10.607542066470147  -0.9799063483376842  0.1588058094388028  -0.12068248993118844  4.420277391328981  -0.09824319411547212  0.14228488625838967  0.9849382142817015  -13.441004163230948  0.0  0.0  0.0  1.0;ok
1807261651456;9.3716141831985;4.361632773733346;0.4567814454382293  -0.5499857898457104  -0.6991897754337892  5.571150305620778  0.08001695533547912  0.808194540282889  -0.5834542586319604  2.138773223594608  0.8859729103997497  0.21056404257308803  0.41317645868693537  -3.4210752386618863  0.0  0.0  0.0  1.0;ok
1807261651487;17.785414458371655;6.429510262624869;0.20491637849703165  -0.4555652440421914  -0.8662964771049462  -0.6479502013043483  0.4658690020617849  0.8237890211118891  -0.3230135006674969  -3.1157957405197907  0.8607992511274727  -0.33738991851608957  0.3810415884678319  -9.027226920744033  0.0  0.0  0.0  1.0;ok
1807261651518;16.45702919953805;9.491580107701708;0.8691612190368131  0.35481803050421273  -0.34447487651721764  12.756489584851012  -0.3595894037449131  0.9316427498314038  0.05231870985563017  3.6934543216793903  0.3394911427958301  0.0783961218153762  0.937336552177226  -12.218711296127804  0.0  0.0  0.0  1.0;ok
1807261651549;5.869275751550298;2.3123072660833204;0.7044410624756732  -0.3079472871889455  0.63947733174141  -1.547992952213883  0.06366339014884653  0.9247567579385749  0.3751958307360194  -6.037067383052455  -0.7069015223161573  -0.2235920547781278  0.6710416013833976  -0.3099944048870082  0.0  0.0  0.0  1.0;ok
1807261651580;10.82780923860347;1.8035118247597437;0.28938991873849  0.903042655915708  -0.31743887053924885  1.5111551889157837  -0.0625455719304619  0.3487592201679208  0.9351230174579999  3.081439235975132  0.9551657062334371  -0.2507607783218252  0.15740872177554488  -1.5940735284575573  0.0  0.0  0.0  1.0;ok
1807261651611;22.621753926741967;17.09390765492641;0.7928613780888082  -0.5562469666282849  0.2489179528518333  5.967852857177015  0.503703642523189  0.8280867164526369  0.2460793175859386  8.666719377833891  -0.3430065242003238  -0.06972590731945677  0.9367415984168157  -0.5127257468316679  0.0  0.0  0.0  1.0;ok
1807261651642;7.769711969705423;13.205649325845704;0.8768979367720309  0.3508292777811485  -0.3285861018614656  11.109949097660929  -0.22854875806075578  0.9056865989287325  0.3570675702297692  3.520222466908992  0.42286578683294057  -0.2380138701262241  0.8743763056909171  -6.420140650393424  0.0  0.0  0.0  1.0;ok
1807261651673;8.158437860854828;13.397635584598847;0.9057827493869399  0.4053434040073476  0.1235084440059615  2.633456240265201  -0.3047995516364982  0.8257266821641005  -0.4746289916181453  4.572116707692042  -0.2943719487913669  0.39226543461029556  0.8714774722130053  -0.7656335846389853  0.0  0.0  0.0  1.0;ok
1807261651704;36.66570801263619;2.1459577627350024;0.6148579762515474  0.6992953836896038  -0.36460339464994107  -10.048431108453249  -0.7886104379630162  0.5413284291397192  -0.29164551932252064  5.701839470216117  -0.006576182451134283  0.4668506165311692  0.8843117412252514  -2.5694550780826875  0.0  0.0  0.0  1.0;ok
1807261651735;13.857565236918324;1.8063177799033827;-0.7588073354002661  -0.027841501729858123  0.6507198156842731  10.86561117826308  -0.0832529173472605  0.9950365823498885  -0.054508270369034634  -5.866058626920555  -0.6459724293620571  -0.09553559842739187  -0.7573589439210461  0.21269331932771662  0.0  0.0  0.0  1.0;ok
1807261651766;22.45262214999514;2.8547005237890803;0.9812819012422349  0.08817429943328675  -0.17120491585779163  -2.8551165827487646  -0.10840952858131986  0.9877002029315946  -0.11267512255002415  3.0630548206780706  0.15916408014121922  0.12912630269753722  0.978771267224607  -7.559844975061167  0.0  0.0  0.0  1.0;ok
1807261651797;21.051230087920704;2.0606558040366294;0.9170008083765065  -0.0670396064252719  0.3932114044724256  -1.5420425598820824  0.1083889224543848  0.9905627764018217  -0.0838881844856044  0.7796171385340323  -0.3838767496554207  0.1195452934140781  0.9156132174103488  7.111437854943712  0.0  0.0  0.0  1.0;ok
1807261651828;3.434283833819833;7.94915228507258;0.8304603708330363  -0.17132272385593084  -0.5300793306349911  4.07658635269155  0.10079608248858163  0.9820413432012189  -0.15948338470982137  3.303162086628673  0.54788294573824  0.0790147108716491  0.8328150774542085  -2.3938105684859905  0.0  0.0  0.0  1.0;ok
1807261651859;30.81758641329856;1.8359577936233231;0.9773045558296207  -0.20039025494389692  0.0686989874611528  -6.190598862766679  0.20911247559485152  0.9644509746264989  -0.1615744103891109  8.801356615296779  -0.03387886812247867  0.1722732227176242  0.984466433673197  0.13734396186285414  0.0  0.0  0.0  1.0;ok
1807261651890;5.456298175072451;6.936389095215742;0.9633235439782133  -0.21388976490463696  -0.16204603693486577  -4.6554812560101695  0.0521763728826584  0.7416511172693993  -0.6687535019466152  4.620260597328345  0.26322115365233584  0.6357710190957833  0.7256099748128076  -1.4978060801036772  0.0  0.0  0.0  1.0;ok
1807261651921;13.250946855243232;5.303210604244573;-0.5833610189332008  0.3651195592111022  0.7255188688591829  3.098846158610241  -0.6722897150309537  0.2841737222807112  -0.6835728451516518  -3.613907177213438  -0.45575921345905507  -0.8865286250576543  0.07969025223054307  -0.6626285463776638  0.0  0.0  0.0  1.0;ok
1807261651952;9.163995689044379;6.4607899226952705;0.9241343880260287  -0.287104874646113  0.2520841601969432  -5.149959080125505  0.2987934766495856  0.9542797926685117  -0.008516784381236885  -8.330621114555987  -0.23811360981559176  0.0831917559556397  0.9676678358618754  5.487386099516269  0.0  0.0  0.0  1.0;ok
1807261651983;6.588263075805257;16.107891443066375;0.9363303163099911  -0.2797796115942278  0.212153028955553  -0.02525613870433067  0.2969863139425497  0.953384578699811  -0.05345067285078629  6.702821994032158  -0.1873090176410353  0.11305403147861537  0.975773599702709  0.9361724184309811  0.0  0.0  0.0  1.0;ok
1807261652014;17.758751011909293;2.4953228236406413;0.7816307665482292  0.5744253937572138  -0.24308190346485384  -1.3721182019180125  -0.5871343570192686  0.8091301347514124  0.02411787396787097  0.7462412791010264  0.21053881255672807  0.12387046477683572  0.9697058916822012  8.278652811896562  0.0  0.0  0.0  1.0;ok
1807261652045;29.809431639619387;16.234463497008242;0.799716467820615  -0.4047480451822797  -0.44343273561797697  -0.8369874523063554  0.32816979882553254  0.9131807876691712  -0.24167215845173737  -2.8591241463559913  0.5027505884982421  0.047747973287200096  0.8631117985589327  7.109645910703705  0.0  0.0  0.0  1.0;ok
1807261652076;4.484716985902588;2.366246171008498;0.6280648699617221  0.6905173299700935  -0.35877616438517834  0.38257191458484563  -0.7008971388324894  0.7022821637694606  0.1246714210543734  1.090785951951445  0.3380498778233737  0.17316344724640786  0.9250603767545896  1.178522547585384  0.0  0.0  0.0  1.0;ok
1807261652107;29.336704611392904;0.8952106767989603;0.43281232444540196  0.7567520447647924  0.4898977796974331  4.835158455260576  -0.4647508460492851  0.6529590302490975  -0.5980394267208752  -8.610079765129246  -0.7724507381734077  0.031158426797009198  0.634309868703691  11.299830318278943  0.0  0.0  0.0  1.0;ok
1807261652138;8.336172594373753;3.953834817626742;0.9010443880781165  -0.35375298345766193  0.2509538551362346  2.827224866943912  0.42943366930988325  0.6464205938063432  -0.6306561183133853  -1.770028167758859  0.06087474333403203  0.6760171910520176  0.7343670901028699  0.45349971388565063  0.0  0.0  0.0  1.0;ok
1807261652169;11.016264409904746;3.5174170777712552;0.9177318169201758  0.25789661202648834  0.30208881097725554  0.11472231229635632  -0.3511137186270186  0.8823183955561192  0.31342208833326063  3.021225243058756  -0.18570802030149322  -0.39370494836683784  0.9002827027257415  -2.817544107380166  0.0  0.0  0.0  1.0;ok
1807261652200;7.691976379282801;2.674303225816505;-0.9065179334810554  -0.27318960776650486  -0.32185815895456305  2.1902102906775145  0.24161870123704343  -0.960921065839289  0.13509666331486278  -1.143748088381203  -0.3461872896132409  0.044700597699227934  0.9370998970630453  -1.6000424675804132  0.0  0.0  0.0  1.0;ok
1807261652231;30.250277525569288;1.8807141415463724;-0.14860465220303398  0.6936004815903828  -0.7048652561172266  5.4843477902281315  -0.437788667086213  0.5929835010781769  0.6758044468779001  9.439274013494769  0.886711757176193  0.4090097057364974  0.21553032338594963  3.335830624547751  0.0  0.0  0.0  1.0;ok
1807261652262;34.4089756725358;15.970890188915233;0.9537744345055216  0.14603679759932103  0.2626548720861817  -1.866514777138803  -0.06685638331767302  0.9551978614591943  -0.2883180006060376  8.326017205862117  -0.29299240961730355  0.25743018317733773  0.9208067922729121  -11.033359187685946  0.0  0.0  0.0  1.0;ok
1807261652293;40.84770933151314;2.2895365295607424;0.09532009637713881  -0.7965110230872499  0.5970630363095307  -1.6630067270695148  0.6689915068603061  0.49540803723711496  0.5540949741602489  -2.6050083568422493  -0.7371325816808196  0.3466137140122592  0.5800814514214342  14.49004452279539  0.0  0.0  0.0  1.0;ok
1807261652324;17.8904122783438;2.621230656705286;-0.5214348166399742  0.24343122544939427  0.8178306490171683  2.351445190689121  0.8532872215883912  0.1516533204565163  0.49890098002356836  -2.771392982837571  -0.002578656549520269  0.9579887832697832  -0.2867940753566577  -8.549752058361895  0.0  0.0  0.0  1.0;ok
1807261652355;3.608779537763446;1.5335234108018325;0.28846861133385376  -0.9546144533728238  0.07414246884763886  0.864111598869652  0.9513186685289963  0.27697195914639483  -0.13520105308327163  -0.3833990938643119  0.10852949453183644  0.10953437477939437  0.9880402671745474  -1.797341446246618  0.0  0.0  0.0  1.0;ok
1807261652386;28.030315095757214;6.123963512878853;0.4527057844310811  0.826009849516214  -0.3358053025859487  -5.686784585842184  0.8125521052895406  -0.5372494156152684  -0.2261020601644038  -3.9031147828484616  -0.36717373126651454  -0.17050159507539395  -0.9143919603455467  11.919304980828066  0.0  0.0  0.0  1.0;ok
1807261652417;16.760798496759268;1.2583448514852698;0.8332472932247365  -0.11176066567598789  -0.5414873054295097  7.86198169765113  0.05519008205344638  0.9912787200080023  -0.11966851759017963  3.7950914576268495  0.5501390762130836  0.06982873954867966  0.8321483905869543  -2.0833633476700193  0.0  0.0  0.0  1.0;ok
1807261652448;11.541073086658493;1.989737815634836;-0.866281201215901  0.08552665439866816  -0.4921809340144197  5.766261203631379  0.03419797810774059  0.9930770644254887  0.11237634273011868  -7.257384753317307  0.49838476974450024  0.08051792036202454  -0.8632088309252267  6.375499690158083  0.0  0.0  0.0  1.0;ok
1807261652479;17.131314427617824;2.658811168043984;0.6628799604891963  0.4833185573557203  -0.5718333062155667  1.8031060820667792  0.215077203012573  0.6086343870299116  0.7637447084392865  2.049992502518895  0.7171694044827407  -0.6292593702443439  0.2995007349466142  -5.451161024021482  0.0  0.0  0.0  1.0;ok
1807261652510;16.88386035870282;11.542769621261819;0.7643155070466163  -0.014678238228401197  -0.6446753873156502  2.69386811642637  0.09399034400911621  0.991599924161159  0.08885609510118259  9.008274995913276  0.6379558142388243  -0.12850735280945147  0.7592748114831578  8.98800978650346  0.0  0.0  0.0  1.0;ok
1807261652541;12.460236884144733;13.298521308703048;-0.6620535897326789  0.5625944892846286  -0.49514895228470623  3.4943328506660385  -0.34848119791346616  0.3538253938392958  0.8679679978981161  12.795624843018533  0.6635102855441429  0.7471914288193059  -0.03819777056446297  6.4259876402486125  0.0  0.0  0.0  1.0;ok
1807261652572;42.08124229642907;16.233144490689014;-0.6851248870181756  -0.6857433117198368  -0.24568272145155423  1.9899276193575808  0.6887702900872577  -0.5001007038977336  -0.5248759600649522  4.101658544151721  0.23706407716363598  -0.5288245421616711  0.814951057994314  -14.347046051421318  0.0  0.0  0.0  1.0;ok
1807261652603;27.455101979184786;20.00872258484801;0.33315619865572255  0.18896115746079917  -0.9237427283980881  13.799099503559285  0.07140649225649343  0.9718419252817283  0.22455374663613845  9.189172540781685  0.9401638475079181  -0.14077270060554686  0.31028210809411694  -5.569378496507668  0.0  0.0  0.0  1.0;ok
1807261652634;28.71491398766282;1.9125385845279277;0.1688262482894476  0.506804853837246  -0.8453676939743543  -8.46362238668321  -0.7843082445812585  0.5885300107774766  0.19619634017006454  1.1341530935908033  0.5969575155489492  0.6299057600477002  0.4968505389836614  -0.3607821662942981  0.0  0.0  0.0  1.0;ok
1807261652665;10.293881191059828;1.2664805472325327;0.987993416805482  0.14829305635772913  -0.043337948556804506  1.5844670287381553  -0.14945255549118683  0.9884566148629548  -0.02484862553184243  0.06673909089935923  0.03915280329915827  0.031027245603684986  0.9987514045166926  -3.3089011118591714  0.0  0.0  0.0  1.0;ok
1807261652696;33.77779932650991;3.8091703308395464;-0.6805069567410957  0.7327392225367376  0.0018744554486851374  -2.539374565436594  0.7326945389778303  0.6804900041814301  -0.009595142584704633  -2.268955020010733  -0.008306285513759268  -0.005156158009005398  -0.9999522086857701  11.413806419343407  0.0  0.0  0.0  1.0;ok
1807261652727;26.404805354969792;7.130385796027743;-0.35476808563239265  -0.22251945985022623  0.9080884843475828  -9.165374877385625  -0.3421257908127936  0.934798357728547  0.09540426431104346  12.897427949654922  -0.8701089292022275  -0.27683410262461217  -0.4077662699961556  5.587553155044398  0.0  0.0  0.0  1.0;ok
1807261652758;11.706876263611738;10.695151414566656;0.8233157656308083  -0.47194330817076524  -0.3153104247191824  -5.825108900667598  0.563904122554874  0.7432989688120749  0.3598871816674283  9.126882035368425  0.06452356646508595  -0.4741056388989071  0.8781005366897832  0.888415461044818  0.0  0.0  0.0  1.0;ok
1807261652789;37.4807323049303;1.6781419527027983;0.1457066657328966  -0.4803852922174977  0.8648696656618909  5.190208621301987  0.5237209017898463  0.7791157808360322  0.34452143196133656  8.50151132012505  -0.8393366336514999  0.4027512521065191  0.36511018109222776  -6.1736774575509035  0.0  0.0  0.0  1.0;ok
1807261652820;24.622197736499775;4.500681858535787;-0.764923930214692  0.6302569811050065  0.13291921890122838  0.7299883335016032  -0.6329933581532388  -0.7737215704252883  0.025968057157034152  -0.259553205748882  0.11920901609691564  -0.06427339439479562  0.9907866275107756  -8.534260872317121  0.0  0.0  0.0  1.0;ok
1807261652851;31.035011037167635;17.15007415594158;0.18935638075934758  0.9602694863224059  0.20500408460278152  2.030080630838145  -0.94878393043152  0.1251648381189822  0.29007381242291774  -2.3335193187574084  0.25288972778789975  -0.24943190841741253  0.9347890182509684  -5.484912286134411  0.0  0.0  0.0  1.0;ok
1807261652882;15.670251551388807;1.4247200417392005;-0.5151550966312038  -0.7597561422755604  -0.39671883077244136  -5.30779432217628  -0.24504074961460998  0.5740978980784415  -0.7812596459885953  5.147082360453329  0.8213222616264608  -0.30525760874460484  -0.48192067278787776  2.297211016223703  0.0  0.0  0.0  1.0;ok
1807261652913;15.719459525657804;10.681664462459269;-0.0031611689856509972  -0.5453824557066984  -0.8381813550884892  -2.3274526264853113  0.7209243557282393  0.5796280557549596  -0.37986759574824136  -11.190771293296391  0.6930065514325734  -0.6054661790629244  0.39134719327277073  4.769879678088618  0.0  0.0  0.0  1.0;ok
1807261652944;19.564049308117394;9.748361895383107;0.7067859979598686  -0.6936685960626524  0.13884319185448737  -3.6430192671178583  0.6904518683340235  0.7191467001577819  0.07812964332588862  9.351301805388047  -0.15404470325827324  0.04064360329305328  0.987227596306661  5.537301034847069  0.0  0.0  0.0  1.0;ok
1807261652975;27.89646367782606;15.700584938762695;0.0345098077219787  -0.7979580626705067  0.6017241921263621  -6.842034534754874  0.8859354230279936  -0.25421767637583254  -0.3879327251499689  6.81755825304996  0.4625229717486483  0.5464762604516352  0.6981663106793357  -7.495265238856531  0.0  0.0  0.0  1.0;ok
1807261653006;6.365423988371116;9.510283073617126;0.7660721641233953  0.45981358504835934  -0.449115693736339  2.039969834788441  -0.6167199787623399  0.7226857470961042  -0.3120605369788443  6.649556952339646  0.18107983640007277  0.5160395120038005  0.8372056586647054  1.1786628573564089  0.0  0.0  0.0  1.0;ok
1807261653037;10.197467142422473;10.33056038628276;-0.383845746190479  0.7614198406082522  -0.5224004876142228  4.560582987319226  0.9233803485415703  0.3130869792899484  -0.22213796462186214  1.1778492329004138  -0.005583462968686724  -0.5676410571190201  -0.823257222995388  1.7182137009944074  0.0  0.0  0.0  1.0;ok
1807261653068;11.981883041146329;17.515059503346226;0.6379283526900396  0.7681877470639289  0.054175659617744815  -1.9926542018180058  -0.7377912222106382  0.5894920216943359  0.3288818462421672  3.1021725941843914  0.22070688540030747  -0.24977338052636808  0.9428158511169219  2.627144676979494  0.0  0.0  0.0  1.0;ok
1807261653099;8.993075075233714;15.063243478552236;0.6379283526900396  0.7681877470639289  0.054175659617744815  -1.9926542018180058  -0.7377912222106382  0.5894920216943359  0.3288818462421672  3.1021725941843914  0.22070688540030747  -0.24977338052636808  0.9428158511169219  2.627144676979494  0.0  0.0  0.0  1.0;ok
