# registration_from_features.py TEASER TEASER_config.json euclidean True --use_random_keypoints=True --n_keypoints=5000 --use_status_txt --input_txt=/benchmark/point_clouds_registration_benchmark//eth/plain_global.txt --input_pcd_dir=/benchmark/point_clouds_registration_benchmark//eth/plain/ --input_features_dir=/benchmark/experiments/FCGF/KITTI/features/eth/plain/ --output_dir=/benchmark/experiments/FCGF/KITTI/results/TEASER/
id;initial_error;final_error;transformation;status_code
4215528470030;7.9427285406441825;10.278879661501879;-0.17351740902000007  -0.9843215974749424  -0.03166546243722215  17.14228788753481  -0.4346762807832483  0.1053978995249418  -0.894398017495663  -4.1033487096628996  0.8837127585881217  -0.14142940118697883  -0.4461496215267522  -8.30244348642082  0.0  0.0  0.0  1.0;ok
4215528470061;8.5731783167614;2.6922594613004014;0.9788233534177578  -0.1660010828493465  -0.11978515474323174  -3.771314096673086  0.17352162434232368  0.9832772645560055  0.0552817048657151  4.181064856593353  0.10860519642087609  -0.07489633836245214  0.9912595269707527  5.432859662421041  0.0  0.0  0.0  1.0;ok
4215528470092;7.21989676751356;8.707661125626942;0.46650152521327526  -0.2638437605511994  -0.8442528039585592  9.32501265595025  0.8500989011267635  0.39741554764637865  0.34553254664647604  5.210635121825605  0.24435258393714238  -0.878889840939768  0.40968825003423215  9.682426219325013  0.0  0.0  0.0  1.0;ok
4215528470123;3.699125908164359;1.344385372479794;0.885478223143458  -0.2700949960418714  0.378123008360832  -1.149716962590018  0.4010266549999999  0.03310248972862459  -0.9154681027503239  2.226636558736658  0.23474654058838718  0.9622644741893509  0.13762682658143693  -2.669153273555949  0.0  0.0  0.0  1.0;ok
4215528470154;6.304867582126328;16.727161536810915;0.8746601264347339  0.37131455681967  -0.31160096777607804  6.039489139394685  -0.4839706110707141  0.7050681804691373  -0.5183158385673547  -14.358796800399036  0.027241711492048543  0.6041559076792621  0.7964003568377103  1.3793691774112389  0.0  0.0  0.0  1.0;ok
4215528470185;10.45878331764484;10.790970625375198;0.9242732925625208  0.37237918962978417  0.0839798772701115  0.6948701985390754  -0.28537374899275375  0.8201540641974613  -0.4958922608452445  -5.396730040354041  -0.25353639589111965  0.4343743202711834  0.8643137427158555  6.317339039092768  0.0  0.0  0.0  1.0;ok
4215528470216;5.914600834043442;6.214658295126551;0.9866296180051694  0.1624031205925711  -0.013682956433750712  -6.425636728374635  0.16254870898759674  -0.9866468255852741  0.010293627590265223  2.4572696465139647  -0.01182852828710488  -0.012380144760710561  -0.9998533982210913  8.958019120356298  0.0  0.0  0.0  1.0;ok
4215528470247;6.661053221913973;8.440963725076955;0.9858596304020023  -0.03757512725444  0.16330615100307871  0.42109712901389906  0.05122100928625828  0.9954644172995176  -0.0801685854822764  2.821599849980125  -0.15955311764840138  0.08739967793044034  0.9833128184592785  -0.07626337137398888  0.0  0.0  0.0  1.0;ok
4215528470278;5.936222330533173;19.27177875739629;0.5244411399686062  0.8408624450267194  0.13383511965144584  9.960952526929972  0.8464200704873948  -0.5319189935563089  0.02520413795704296  6.748759690081181  0.09238265521483496  0.10006264456694813  -0.9906830533413429  8.707175659887275  0.0  0.0  0.0  1.0;ok
4215528470309;13.3828056546087;23.377866981294517;0.9927515902633498  0.050808772414999176  -0.10891624614937057  10.254392678058714  -0.04340625894026892  0.9966516582720706  0.06929190968895743  0.7133227841408999  0.1120721942071265  -0.06406200675293483  0.9916329374200851  9.639303276183123  0.0  0.0  0.0  1.0;ok
4215528470340;6.643852363898183;11.282894801786869;0.8224930621345242  -0.084802219092779  0.562417768547113  1.8807371473129322  0.061102375182068805  0.9962742052920164  0.06086220187333613  7.109010342178006  -0.5654835651791158  -0.015693677284222246  0.8246102388435496  8.015607442357558  0.0  0.0  0.0  1.0;ok
4215528470371;8.616592423121881;1.4832063732776066;0.4137593774055405  -0.08027833354539596  -0.9068398793459372  5.947132418252981  0.02372146124410323  -0.9948156215520115  0.09888969305508781  3.788131424821608  -0.9100771779829578  -0.06242810488281003  -0.4097099728287278  11.391782924454452  0.0  0.0  0.0  1.0;ok
4215528470402;8.051064745866395;6.281169030512428;0.13861076751785636  0.9866840393650954  0.0850979529148  -2.563876116037752  -0.09701009785487544  0.09904166386176566  -0.9903432686365272  -0.6297211466509727  -0.9855841395042325  0.1290168798323373  0.10944655625477659  7.03558425260146  0.0  0.0  0.0  1.0;ok
4215528470433;3.035557231842426;12.704101731053582;-0.2015600104306675  -0.2041692101427156  0.9579605919999472  18.514510848973686  0.750343082010908  0.5964571308580691  0.2849985093415983  -4.100532888602888  -0.6295703467235108  0.7762434055618513  0.03297504887301948  1.4735978017059486  0.0  0.0  0.0  1.0;ok
4215528470464;11.371431429449434;5.238802617544687;0.9610564592756461  0.09423014657677056  0.2597906109940834  -4.728290244904299  -0.11890508173572736  0.9896021216443798  0.08092726595136746  3.458174037114473  -0.24946355169037998  -0.10866609550850603  0.9622679543998949  0.775924705526799  0.0  0.0  0.0  1.0;ok
4215528470495;6.926527848736154;34.77381865890532;-0.8370800902783249  0.21016792722568722  0.505100351242493  22.01782757975104  0.16564864282351954  0.9772944087807527  -0.1321217835809263  -26.592600567204933  -0.5213995105390464  -0.026927326854653127  -0.852887723840662  6.63029033402377  0.0  0.0  0.0  1.0;ok
4215528470526;13.514784535064075;9.206409218133402;-0.6116844349829261  0.03296452946291747  0.7904147593491071  9.473256662273975  -0.07768302221293306  0.9917999037425527  -0.10148053506032244  -4.500955548803352  -0.7872785403270455  -0.12347587105808486  -0.6041077794623771  16.874250836981208  0.0  0.0  0.0  1.0;ok
4215528470557;10.446360986706342;19.201010194806777;-0.6116844349829261  0.03296452946291747  0.7904147593491071  9.473256662273975  -0.07768302221293306  0.9917999037425527  -0.10148053506032244  -4.500955548803352  -0.7872785403270455  -0.12347587105808486  -0.6041077794623771  16.874250836981208  0.0  0.0  0.0  1.0;ok
4215528470588;3.580277951137834;1.3043135673279025;0.4517562653465148  -0.3975085019648157  0.7986884671671788  4.856449903235157  0.5783944519607587  0.8121116155422909  0.07703623720239251  -2.408891815702739  -0.6792467406334632  0.4271553754396378  0.5967932226255922  4.313295208626175  0.0  0.0  0.0  1.0;ok
4215528470619;3.9070449392142814;17.31340163532928;-0.2544544194193825  0.9663922946362933  0.03659072704313464  17.746505737904286  -0.9203190799551986  -0.23035275055613258  -0.31614933398892725  16.583811557593698  -0.29709550570206045  -0.11412073947720637  0.9480035428798845  -4.4770049258732465  0.0  0.0  0.0  1.0;ok
4215528470650;5.1845358049870764;9.048282569881865;0.7733796534864527  0.4856321794353636  0.4074865615821377  -1.1542363099020179  -0.36355666937732745  0.8663361775256894  -0.3424736130878424  2.055747682082381  -0.5193365572771083  0.11671766707330775  0.8465615904755696  3.329749779461418  0.0  0.0  0.0  1.0;ok
4215528470681;3.380804448922173;3.847783231052923;-0.025832321805812575  0.9616539931682749  -0.2730463121406935  -3.1962629268406824  -0.09099695823127049  0.26974146815764055  0.9586235413074402  0.7783344331592404  0.9955160695552727  0.04960985567075055  0.08053953983944745  -3.319778130886964  0.0  0.0  0.0  1.0;ok
4215528470712;10.187008660188404;26.230157148408196;-0.19817167151039347  0.9171123478044417  -0.34587993598270717  2.243063396133301  -0.9800966034795693  -0.1811707417080446  0.08116532632084308  11.841963798208837  0.011774398438504013  0.35508041885407016  0.9347616058053677  -13.659266600670357  0.0  0.0  0.0  1.0;ok
4215528470743;11.416465271917176;18.625553103673557;-0.7281799072420059  -0.6340904169432219  -0.26016026950669296  15.819107501448777  -0.34882259201439014  0.669609949215439  -0.655702154344531  1.8355388565828883  0.5899803572911442  -0.3867193543804971  -0.7087815735176425  3.6170869740241756  0.0  0.0  0.0  1.0;ok
4215528470774;8.6384432610346;26.995542975015862;-0.8777481840224419  0.006782386191883134  0.4790742371312085  9.048314640681157  -0.1298439298476255  0.9591145421455837  -0.25147534456998455  -12.471859799064198  -0.46119267050445417  -0.28293690866059124  -0.8409803959609031  9.230240967975764  0.0  0.0  0.0  1.0;ok
4215528470805;4.364926864890053;5.422827002777444;-0.626955155695506  -0.06368298407685524  0.7764481375377821  25.20740293217374  0.0970169772754088  0.9825128614074106  0.1589219408683564  -4.352377210609813  -0.7729909047764836  0.17496558149558883  -0.6098131733775055  21.434787599627427  0.0  0.0  0.0  1.0;ok
4215528470836;7.998596834151955;19.94584781480488;0.5416591258432247  0.616492475899625  0.5714389018520739  11.281721646410187  -0.4649726904925081  0.7860689940259575  -0.4073032454169473  8.621961656049558  -0.700289788935204  -0.04508396378059115  0.7124336093439994  17.30241931011445  0.0  0.0  0.0  1.0;ok
4215528470867;4.496746515697113;18.29203224651144;-0.9542401448668216  0.1456100723522459  0.26119619590285303  30.953700784680848  0.04046744644608581  0.9282876132437081  -0.3696545588470844  -12.043881935989372  -0.2962906203420568  -0.34216927671530256  -0.8917017743446771  8.006824484217482  0.0  0.0  0.0  1.0;ok
4215528470898;3.0735426127890535;6.676735943758483;0.5948974537629484  -0.750788869959874  -0.28707680549068465  8.969570763421864  0.7292140433030929  0.654347974217204  -0.20018892998214705  -1.7472375678105507  0.3381477466373483  -0.09024855335248913  0.9367557312671576  -7.241766769047383  0.0  0.0  0.0  1.0;ok
4215528470929;7.751781789465057;2.5758561202416805;0.32878414529265143  -0.8812299086676796  0.33960982593814076  5.907124552303495  0.2679624595181689  0.4318707347764497  0.8612106529372611  7.441658565792633  -0.9055921300967419  -0.19214972420798213  0.3781287841379469  7.096392993217008  0.0  0.0  0.0  1.0;ok
4215528470960;7.051327912203398;20.478901480342827;-0.24231101857133525  0.9157215533559234  0.3205298847195651  13.373728747435624  -0.9698251302850486  -0.23778337300355845  -0.05383571482426952  4.3956296319830175  0.026918152732153346  -0.32390292410298843  0.9457073061000545  -8.134613043197705  0.0  0.0  0.0  1.0;ok
4215528470991;7.811575106800094;36.31132079024489;0.10347748037218439  -0.994581835625746  0.009969117270154926  24.533228141019517  0.9945841728440173  0.10336924716013252  -0.0108222857904188  -21.300029468246773  0.009733148720034182  0.011034989119582284  0.9998917415556167  4.163280220470239  0.0  0.0  0.0  1.0;ok
4215528471022;6.397326685010671;7.074700277764904;0.343761353323618  0.5433361968085786  0.7659072458194297  8.66029133159989  0.5286888708309834  -0.7860496046889667  0.32033435161995877  -1.0270895440848506  0.7760903361211082  0.2948080667246219  -0.5574692762597022  -14.917801452851911  0.0  0.0  0.0  1.0;ok
4215528471053;4.989390319330123;12.770923851498244;0.343761353323618  0.5433361968085786  0.7659072458194297  8.66029133159989  0.5286888708309834  -0.7860496046889667  0.32033435161995877  -1.0270895440848506  0.7760903361211082  0.2948080667246219  -0.5574692762597022  -14.917801452851911  0.0  0.0  0.0  1.0;ok
4215528471084;7.283065117516562;22.838393432868337;-0.5979119499457202  -0.4165541969153867  0.6848239928217201  13.828640586420422  -0.4768299926275815  0.8715920725129277  0.11384382839398516  -17.608766828075026  -0.6443092877204913  -0.2584760340240383  -0.7197608502775881  -4.683034972945242  0.0  0.0  0.0  1.0;ok
4215528471115;13.751336068378958;17.930849176430563;0.6719958365096524  0.7348919356510216  0.09140808842103845  4.177117757749802  -0.7014158886874188  0.6712092677967303  -0.23977879372583416  1.4933546672579356  -0.2375654579490291  0.09701526549400652  0.9665147135199729  11.342410082385895  0.0  0.0  0.0  1.0;ok
4215528471146;11.525962444638278;8.286377267160322;-0.8113088479583571  -0.5752123413578532  -0.10444479677848663  25.49180095961564  0.3461876917575017  -0.6166596854103736  0.7070253987412274  -6.42867098357084  -0.47109663053358314  0.5374584586172177  0.6994328916777566  4.34729674505971  0.0  0.0  0.0  1.0;ok
4215528471177;6.697705102568167;16.976293108687386;-0.48868506661578365  0.6885359235095675  -0.5358219738901664  29.190470993668747  0.8678853969556717  0.44645357427120086  -0.21783972037157545  -20.557722357566565  0.08922916237320616  -0.5714870847685855  -0.8157454679769169  -5.574901947428974  0.0  0.0  0.0  1.0;ok
4215528471208;6.121585792418238;19.668656610627323;0.9945614363848188  0.10289312558659103  -0.016141684025751724  -12.820642281879616  -0.10129962573473439  0.9196198500542737  -0.3795230127570096  -1.3327011144570131  -0.024206095971223075  0.37909409925924237  0.9250414741105694  0.5868386513528022  0.0  0.0  0.0  1.0;ok
4215528471239;7.5967337800512365;1.9688058037482559;0.8551212789562579  -0.12304315195430976  0.503614913434226  3.2514123621495807  0.07093020761951095  0.9900594932243434  0.12145412929748206  -4.802097882748835  -0.5135528248615401  -0.06813650000920993  0.855348416403063  7.390848019850207  0.0  0.0  0.0  1.0;ok
4215528471270;4.659737430181631;25.237557502385734;-0.2103122306093267  -0.5991674677981971  0.7725070298634349  33.96584231830709  -0.8362951103564774  0.5195126005615596  0.17526307726276208  10.854706766754791  -0.5063390702384883  -0.6091838830682097  -0.6103406774580579  12.839017053286675  0.0  0.0  0.0  1.0;ok
4215528471301;12.269791784026703;21.454344161234353;0.6446012356840009  0.656237674144265  -0.39222616178473363  4.960730517925319  -0.7185116671315044  0.6952939749784822  -0.01752919149669735  2.349885105199129  0.26120917126043863  0.29311841189585264  0.9197017807186672  -0.10165106992508373  0.0  0.0  0.0  1.0;ok
4215528471332;10.27674754914434;7.567425760360119;0.9833982176296414  0.008631188062593234  0.18125520173355542  0.8200134564242045  -0.00893913963969735  0.9999596559837679  0.0008821492651752694  -3.0753182266435326  -0.1812402751745476  -0.0024877695737745356  0.983435698791335  6.9633891788975175  0.0  0.0  0.0  1.0;ok
4215528471363;7.251183878607266;19.230083079242;-0.903294020822495  -0.42304366622585965  0.07137204223302682  38.8858308572842  0.427636445103882  -0.9011895641456383  0.07060056865146377  -11.008213248280942  0.03445261623221965  0.09429435794987107  0.9949480344689248  6.437482886937553  0.0  0.0  0.0  1.0;ok
4215528471394;7.752494131188369;6.782553204573042;0.049604666193857144  -0.12123328699478048  0.9913838142799374  11.344294088847679  0.9065165807492175  0.4221237694806651  0.0062619538629605925  -5.020746417475379  -0.41924582993578324  0.8983952434000728  0.1308392934770779  -1.604303023363679  0.0  0.0  0.0  1.0;ok
4215528471425;6.845520635125362;17.235318267599524;0.9199719922813825  -0.018870127191063513  0.3915296307019655  9.46178221977788  0.09247234241850301  0.9810964052400465  -0.16999620440672703  -7.664076953619393  -0.3809204632275083  0.19259740892559202  0.9043261794118803  -1.2947279008503163  0.0  0.0  0.0  1.0;ok
4215528471456;8.696136189115853;32.87268999488494;0.9896628994077349  0.09177604599438188  0.11020210033166747  2.533031836073179  -0.09959412941456508  0.9927251337651278  0.06765957565019211  -16.294210913058702  -0.10319086646612005  -0.07793565405285535  0.9916035895988491  4.0477377723707635  0.0  0.0  0.0  1.0;ok
4215528471487;4.397592397978111;9.89991917380143;0.9994052352052631  0.025911470970802583  0.02275459330426935  3.4867826289572856  -0.02688474544390744  0.9986888800043832  0.04356295924300363  3.528430224489677  -0.021595978948168615  -0.04414880097715576  0.9987915183187883  0.5791440329237311  0.0  0.0  0.0  1.0;ok
4215528471518;4.316883413942118;18.75546785559459;-0.31833159190042964  -0.6617956635870968  0.6787425854147157  12.9599565944873  0.010887333548820044  0.713389232516155  0.7006834298727265  1.9840039505190572  -0.9479169075221389  0.23043936857083655  -0.2198891399008579  26.953284096440687  0.0  0.0  0.0  1.0;ok
4215528471549;1.9026528424683027;4.545067548470248;0.5637553025710061  -0.805941256924291  -0.18066169823835654  5.530967038187843  0.8247936021084932  0.5378089923113049  0.1745766356360307  2.8795493661409104  -0.04353702727529699  -0.2474271168978705  0.9679278635723003  -0.17363415674082638  0.0  0.0  0.0  1.0;ok
4215528471580;8.32112714146523;14.088138579805454;-0.31384826340268124  -0.34563364037159067  0.8843283633371734  17.144700024056682  0.6928171573540418  0.553501144646615  0.46221301296128864  -6.263442066288488  -0.6492331276475242  0.7577426142948338  0.06574554316943809  5.614141382452874  0.0  0.0  0.0  1.0;ok
4215528471611;14.49435390175508;24.241443620131395;-0.31384826340268124  -0.34563364037159067  0.8843283633371734  17.144700024056682  0.6928171573540418  0.553501144646615  0.46221301296128864  -6.263442066288488  -0.6492331276475242  0.7577426142948338  0.06574554316943809  5.614141382452874  0.0  0.0  0.0  1.0;ok
4215528471642;10.551955767567739;8.913078503232624;0.9868654922394853  0.08352419196828567  0.13827584598535006  0.18049234729567826  -0.12580016883849926  0.9343367820722004  0.33345028892950573  2.423994734350626  -0.10134504303183485  -0.34646570829305884  0.9325720858088481  9.828212149860914  0.0  0.0  0.0  1.0;ok
4215528471673;5.301269378770812;27.12331125960123;0.743769902477701  -0.39877119639344316  -0.53645863316313  8.656718671675769  0.36828142220004545  0.9142287120262806  -0.1689812302271475  -19.794312264915927  0.5578307325978229  -0.0718845952462023  0.8268358233262916  -8.212468276503417  0.0  0.0  0.0  1.0;ok
4215528471704;14.231622672185328;14.760514932049492;0.23519695439720084  -0.9204865081029854  -0.312068872274461  15.416129975724955  0.9384977754443388  0.13156995907361024  0.31923544814978794  -12.310645765453721  -0.25279303417679144  -0.36795914755546083  0.8948193938454564  -1.0228237801152225  0.0  0.0  0.0  1.0;ok
4215528471735;9.260585039119485;3.49373159878075;-0.6999706601379283  -0.48528597841570875  -0.5239643061308479  16.54472125499052  0.5589607127903791  0.08439522374862649  -0.824888094086277  7.478330814075986  0.44452671067433486  -0.8702729257891039  0.21218161592260676  0.23912074955027543  0.0  0.0  0.0  1.0;ok
4215528471766;10.023762998931376;16.15719310840365;0.798686256146879  -0.5390429426619692  0.26745648283114676  5.73851456313418  0.5826428481264851  0.8038520883894841  -0.11978786048228583  -8.00025055777646  -0.15042465146757072  0.2515045247270731  0.9560951303466981  -2.131717436610691  0.0  0.0  0.0  1.0;ok
4215528471797;16.49642327605817;3.2118594060247965;-0.22558619981677136  0.9481522376082854  -0.22387094668721372  24.414913687655382  -0.9736291740838965  -0.22743900194350264  0.01782503205195457  9.173643404434511  -0.03401614065318651  0.22198836616666415  0.9744557801469074  -5.773486990650445  0.0  0.0  0.0  1.0;ok
4215528471828;6.120378490255965;8.970558745588402;0.7910169247231057  -0.07664754921936866  0.606973951665362  5.325048225436397  0.3472391798994857  0.8730820451999384  -0.3422757576753361  -9.024914461209766  -0.5037034611200655  0.4815110544402458  0.717237706557254  6.925016793224897  0.0  0.0  0.0  1.0;ok
4215528471859;3.3560635566366703;3.5567394033514823;0.8740652032667793  0.3283450058520727  0.3580496858959751  0.13059186643901835  -0.11053366396897274  0.8520997183740067  -0.5115744120619528  0.5277992625206744  -0.4730669398381144  0.40757284879999206  0.7810838900868851  1.3284629601444395  0.0  0.0  0.0  1.0;ok
4215528471890;6.397138347400414;25.132337512946666;0.5813049944427667  -0.7921159406900384  -0.18610975240602082  11.18450080145174  0.7657289934921809  0.6099049318772792  -0.2041447589266578  -24.296893737187947  0.2752155736170222  -0.02383926543556064  0.9610869250292328  -2.1030879301486216  0.0  0.0  0.0  1.0;ok
4215528471921;4.826841366204702;8.080295431618582;-0.01801612544444603  0.836719335625543  0.5473355210602724  6.8878939918085464  -0.6814928015740905  0.3902858774129017  -0.6190674400214715  14.960422409655951  -0.7316030211984282  -0.3841584143063784  0.563186764839997  -1.0157257989728143  0.0  0.0  0.0  1.0;ok
4215528471952;10.627445185868936;11.216794086880313;0.1690104746318322  -0.7791013330703622  0.6036858224877466  5.1974325511366475  0.7467403873680057  0.5009796612765776  0.4374907688862546  -14.836044486517688  -0.6432839601126424  0.3768560624365623  0.666457241589141  3.0292093266077367  0.0  0.0  0.0  1.0;ok
4215528471983;2.5890048286559675;14.75012790965525;0.9660330239670466  0.0628636110100707  0.2506558657120509  11.54158554911134  -0.07017453885586016  -0.8696974673964497  0.4885712325757302  6.821001514084114  0.2487081235131868  -0.48956560501629953  -0.8357450494520284  -4.85014166560479  0.0  0.0  0.0  1.0;ok
4215528472014;9.471090222260203;4.732636319289693;0.9931064231031911  0.07229709962787009  0.09226462906544758  2.4765727542089824  -0.07991682139670006  0.9934434526935003  0.08175211286728394  -2.2952360891819987  -0.08574925101150827  -0.08856204427301277  0.9923728282581861  -8.18712855894727  0.0  0.0  0.0  1.0;ok
4215528472045;3.9958979372442767;7.825896107901982;-0.721413453281521  0.2805936861296482  0.6331112167136259  2.591291178065943  -0.00977198217244371  0.9100181490872505  -0.4144532261863054  -1.576849321903394  -0.6924356560640509  -0.30517888464962944  -0.6537573789833319  4.44430428650075  0.0  0.0  0.0  1.0;ok
4215528472076;8.69484171943448;21.445701534484964;-0.4735653539239535  0.8108952475691666  -0.3437800940028677  28.938967934545335  -0.6841817281564895  -0.5844900335709815  -0.4361957857579467  11.340852682719476  -0.5546451283655887  0.028640847158083443  0.8315939414488224  -3.7570799953476524  0.0  0.0  0.0  1.0;ok
4215528472107;10.315265354533507;22.1258115192809;0.9900192008085391  0.12349834671359727  0.06789801462067363  5.902854718847794  -0.11530760678366181  0.9868129658232246  -0.11359721079760787  3.17676315503154  -0.08103170890611598  0.10463426227665529  0.9912040825730966  6.947070932841778  0.0  0.0  0.0  1.0;ok
4215528472138;6.670306263270432;4.253111134804082;-0.2192859106832905  -0.9382905700032104  0.2674406394302293  6.7978189633656765  -0.9592555249854664  0.1572854637242183  -0.23471284729625366  7.8505167764193935  0.17816432628519327  -0.30801313144752057  -0.9345508994673514  -5.11143810159025  0.0  0.0  0.0  1.0;ok
4215528472169;13.267182160692693;10.210242677661878;0.9969767136693327  0.043778715055995454  -0.06419389775627932  7.123232863770849  -0.04765389946963021  0.9970522277850663  -0.060132860685109535  8.948891646063437  0.06137212939467017  0.06301015137961796  0.9961240799000302  -4.856881990669703  0.0  0.0  0.0  1.0;ok
4215528472200;8.200847505154186;20.121237883996482;-0.6368087625107054  0.771013837235807  -0.0035018253099235452  15.342579798944653  0.4857800008651778  0.4047423064163542  0.7747266977174587  2.505417251494251  0.5987423408687678  0.4916516329553762  -0.6322865498042016  3.8498857138943468  0.0  0.0  0.0  1.0;ok
4215528472231;10.278644612899345;13.889674864196847;-0.2533286740962822  -0.7820859451036527  0.5693559144787608  4.278818553697399  0.38752800049103636  0.4572218462724319  0.8004812503279816  -19.16665270790578  -0.8863670976046205  0.42342621289022087  0.1872527984341118  9.88871579254297  0.0  0.0  0.0  1.0;ok
4215528472262;4.061839555975304;8.591472864991065;-0.7591752158168622  -0.4907545326482644  0.4275663461670065  24.251019863210335  0.028368628520012443  0.6313265110450392  0.7749981015251532  3.921031169629774  -0.6502678006831603  0.6004888218250874  -0.4653654072423133  10.062252416485467  0.0  0.0  0.0  1.0;ok
4215528472293;4.76530520571006;13.763809929821196;0.9969359210205846  -0.059544130182042194  0.05072736874411407  0.32416802250749077  0.06467117039547228  0.9922304844060323  -0.10628407940538287  -9.3326656075952  -0.04400464860122322  0.10923901489959488  0.9930410004250824  -6.434315091934658  0.0  0.0  0.0  1.0;ok
4215528472324;7.620481991712362;3.087224249585105;-0.979405254490098  0.1434981287816411  0.1420339202914383  13.174797412673085  -0.13560928692926366  -0.9887063806895514  0.06379509450031806  6.45908677402396  0.14958431995273963  0.04322013211381387  0.9878039033149952  -7.924833439965128  0.0  0.0  0.0  1.0;ok
4215528472355;4.274579483987271;4.767380675985008;0.052969994758677336  0.20033159528468297  0.9782951658809114  8.046769246843228  0.9894121197589949  0.12203196257732951  -0.07856116969303178  -6.149405612311021  -0.1351215635243975  0.9720984785710854  -0.19174647592720678  1.2079336177312485  0.0  0.0  0.0  1.0;ok
4215528472386;6.98607721477994;14.79004174003143;0.9979818982850822  0.06212818455975541  -0.013123238114614272  2.396777679373637  -0.06346349828897006  0.9828054485678108  -0.1733950248719667  -15.295971002939314  0.002124871814906542  0.17387794267454695  0.9847649191411306  6.875117714120299  0.0  0.0  0.0  1.0;ok
4215528472417;3.9350110134314358;10.108274834684321;0.3004886868201978  -0.8614217510118639  -0.4094619835549187  9.531640913920205  -0.2120797095793553  -0.47889975499403525  0.8518669036013723  -2.109036982222424  -0.9299079233331706  -0.16913778865265056  -0.3265940332766077  1.7814612220917647  0.0  0.0  0.0  1.0;ok
4215528472448;8.44720383204338;2.927744049090069;-0.027586135665468477  -0.7694948756830553  -0.6380569264701746  9.438421260358597  -0.7233375520735554  -0.42519211768357135  0.5440537186896137  5.199001372711657  -0.6899433243964922  0.4765388749695871  -0.5448751322674195  7.187916397696875  0.0  0.0  0.0  1.0;ok
4215528472479;4.6646235313045;9.77351804498833;0.893364297374752  -0.434176992507887  -0.11571763630891466  0.2775043609999945  0.415746454596945  0.8964017308249381  -0.15368416464986237  -6.419160815977482  0.17045561787804572  0.08918674874028008  0.9813208477266498  -2.483657463423964  0.0  0.0  0.0  1.0;ok
4215528472510;4.403148072732226;6.833624702353796;0.7214290886541785  0.5847167428477039  -0.3710072784692692  4.329925940083801  -0.5934956446776666  0.7981167542459158  0.10379097427332477  -2.2839836752427325  0.35679544530759194  0.14531337593469137  0.9228114829054849  -5.79430658830593  0.0  0.0  0.0  1.0;ok
4215528472541;10.318454924319978;31.51005412404836;0.18836802493792476  -0.9434843080869036  0.27268085296690875  6.549465703745256  0.8094157254905681  0.306389029944641  0.5009710028116979  -24.771993090521903  -0.5562047019844057  0.12634525208078629  0.8213849321524473  17.102424820719026  0.0  0.0  0.0  1.0;ok
4215528472572;7.24244761931414;8.283018587962845;-0.7771234490207589  -0.4892832586090888  0.3958295565353249  5.747869894913175  -0.014946557115574334  0.6431228111062784  0.7656171695208711  -6.863195463778653  -0.6291706806681883  0.5890627663327827  -0.5070989172813315  -1.6754512231672207  0.0  0.0  0.0  1.0;ok
4215528472603;5.1560174420135;0.16002535324667977;-0.1803071037072148  0.967557460892126  0.17697996560259888  3.5444091023127795  -0.9601575951416683  -0.21219227069674257  0.18185662690242685  12.94956961577393  0.21351051694116574  -0.13713861647450645  0.9672674185699498  -5.363602093086811  0.0  0.0  0.0  1.0;ok
4215528472634;2.054122432201142;5.5424902124694695;0.3228489366774682  -0.48404126711785356  -0.8133096678468607  7.753725431133201  0.18071200330827666  0.8750428844983926  -0.44904690417487814  0.33687114261024537  0.9290380702353038  -0.002000503855426909  0.3699787318722346  0.16570986643440408  0.0  0.0  0.0  1.0;ok
4215528472665;3.1616134532515607;7.713427987356819;0.3228489366774682  -0.48404126711785356  -0.8133096678468607  7.753725431133201  0.18071200330827666  0.8750428844983926  -0.44904690417487814  0.33687114261024537  0.9290380702353038  -0.002000503855426909  0.3699787318722346  0.16570986643440408  0.0  0.0  0.0  1.0;ok
4215528472696;6.874583370600295;9.742920988730727;0.9921264830414782  -0.05083127103593269  0.11446057632485862  -0.971751208928057  0.06686581543893244  0.9877597580002654  -0.14092417536016535  1.0857636377501787  -0.10589619621796575  0.14746810624717338  0.9833814891823209  0.5833141583020999  0.0  0.0  0.0  1.0;ok
4215528472727;10.234961895922138;9.479583082832779;-0.1363522407113762  -0.34179164048653216  -0.9298314583549607  16.89396134821136  -0.6449970124384728  0.7430348003016356  -0.17854450281695353  10.980061369898914  0.7519221504906155  0.5753935696844674  -0.32176904693791564  4.279939349585935  0.0  0.0  0.0  1.0;ok
4215528472758;6.7270965623001775;8.7751814419426;0.7238744648908064  0.6859780742780636  0.07375527566763787  0.8183243565060034  -0.6434073088112214  0.7097842680005695  -0.2867635399893057  -1.7047933917672642  -0.2490638352859587  0.1601261206320073  0.955158013861577  -3.5431623692537366  0.0  0.0  0.0  1.0;ok
4215528472789;6.2551636084248825;13.670491788127281;0.39046635602907426  0.24033594537786696  0.8886926680066081  2.9346011915226637  -0.2027909030031445  0.9640657335194016  -0.17161908726265615  -14.3934768851921  -0.8980043844372624  -0.11320730900884876  0.4251731773271096  5.982835587300229  0.0  0.0  0.0  1.0;ok
4215528472820;11.132084316276776;11.82596071210418;-0.5950701196187517  -0.17144664345431387  -0.7851736121299383  33.57999410184453  0.2613755150353537  0.88258231546235  -0.3908085165053611  -3.0579257628786873  0.7599831530217818  -0.43778362792750347  -0.48038640930162124  -17.518248785393205  0.0  0.0  0.0  1.0;ok
4215528472851;7.769777714220737;9.126733438100995;-0.006169300901634367  -0.09531495769295362  -0.9954280479102322  -4.570706687720001  -0.6575922530949545  0.7503197340923901  -0.06776964881881797  0.847827081900684  0.7533487694261444  0.6541676814636407  -0.06730732599501048  5.589458862608492  0.0  0.0  0.0  1.0;ok
4215528472882;7.042666088122157;15.992716945497145;-0.8229064499784852  -0.3894488696839699  -0.41370829395322106  23.50963025931991  0.3931463307538272  -0.9159672629873536  0.08024921027809788  6.479705630842938  -0.4101962179233358  -0.0966103050266081  0.9068657628139111  10.006684834517968  0.0  0.0  0.0  1.0;ok
4215528472913;11.695730771155905;9.77971370368349;-0.8229064499784852  -0.3894488696839699  -0.41370829395322106  23.50963025931991  0.3931463307538272  -0.9159672629873536  0.08024921027809788  6.479705630842938  -0.4101962179233358  -0.0966103050266081  0.9068657628139111  10.006684834517968  0.0  0.0  0.0  1.0;ok
4215528472944;6.966974866703557;6.91348092075883;-0.039627374001685534  0.44461587994487756  0.894844338715161  -4.472817780700108  -0.5785031721924406  0.7199828593197006  -0.3833520080149744  -0.10492730967638693  -0.8147169760064013  -0.5328615219610738  0.22868066691418018  6.159280073493511  0.0  0.0  0.0  1.0;ok
4215528472975;4.140007954611918;22.10610703638205;0.7519829388760295  0.6123896571840068  -0.2439273814343626  2.4447728237610584  -0.6580449199178541  0.7191279935692579  -0.22323040168256453  -7.383037866880731  0.0387110192280624  0.3283806276854784  0.9437518849524043  -9.295478509954105  0.0  0.0  0.0  1.0;ok
4215528473006;2.4517018405060282;17.51727971294422;-0.8736797663663095  0.039263114625136694  0.4849145014041596  17.577283001408144  -0.0023577112861075666  0.9963846126381424  -0.08492434807185957  -16.015501590319218  -0.4864957420570119  -0.0753399729749912  -0.8704285044921986  3.8650092109195118  0.0  0.0  0.0  1.0;ok
4215528473037;9.53731782294903;28.7991460385546;0.21097452465350947  -0.5276423889861777  -0.8228506907648462  25.19736106819076  -0.5341609183892966  0.6427608017664921  -0.5491180792671095  -3.331621423801184  0.8186341449101238  0.5553846064282439  -0.14623978846338512  -9.636796814750396  0.0  0.0  0.0  1.0;ok
4215528473068;7.896574012257276;4.02450647654355;-0.9298289996475941  -0.36785632592103945  -0.009987737192575619  12.070313703899176  -0.35454906215324317  0.8882632317158963  0.2920332065157786  4.458849457799447  -0.09855452267962832  0.27508208713310645  -0.9563560275325734  8.254432575006133  0.0  0.0  0.0  1.0;ok
4215528473099;4.933808374600305;0.8406426685913522;0.2944699341310486  0.7883965453887276  0.5401095676915718  2.349659489077372  -0.8868527099082574  0.4360106774674004  -0.1529279571000646  1.763575850342422  -0.3560614115868733  -0.43396494830059584  0.8275836482345609  5.167631843381634  0.0  0.0  0.0  1.0;ok
