# registration_from_features.py TEASER TEASER_config.json euclidean True --use_random_keypoints=True --n_keypoints=5000 --use_status_txt --input_txt=/benchmark/point_clouds_registration_benchmark//eth/stairs_global.txt --input_pcd_dir=/benchmark/point_clouds_registration_benchmark//eth/stairs/ --input_features_dir=/benchmark/experiments/FCGF/KITTI/features/eth/stairs/ --output_dir=/benchmark/experiments/FCGF/KITTI/results/TEASER/
id;initial_error;final_error;transformation;status_code
5494384560030;1.9653997219596564;2.1530376900824653;0.9548198269360629  0.26755317171866866  -0.1293615027473998  0.22694424604711833  -0.27774161847055845  0.9582365519886578  -0.06813445385591362  2.557916909715024  0.10572933112027041  0.10098520057993304  0.9892539096736946  -0.7370879893214132  0.0  0.0  0.0  1.0;ok
5494384560061;3.2470421696666185;2.15334746713005;0.9493513307452933  -0.0988396366496277  0.29826628545497824  -0.7709782886838732  0.10623195825457377  0.9943039018345204  -0.008632603433871941  0.9190011001477103  -0.29571408802682986  0.039880785142942715  0.9544436605262995  5.924120821921723  0.0  0.0  0.0  1.0;ok
5494384560092;2.297685819693392;11.177674538294305;0.987215049885659  -0.11798278369420863  -0.10717512785633901  2.174048287447946  0.09244181009264997  0.971555270659536  -0.2180249247230015  -5.449585140929055  0.12984974788597575  0.20533002412078363  0.9700405270752906  15.412553233296245  0.0  0.0  0.0  1.0;ok
5494384560123;8.759025089926762;1.7392382224286949;0.6429298579952417  -0.7413248154058033  0.19255834378642422  -3.279013468302213  0.7240756609600341  0.6702440893384065  0.1627491871322842  2.6609296046431674  -0.249711102883929  0.03479049827872406  0.9676951928815244  4.338099397640495  0.0  0.0  0.0  1.0;ok
5494384560154;2.6625673868786452;12.204350968784523;-0.6285412786089835  0.5920388515499888  0.504406442603537  2.9760102838628257  -0.4117142147357633  0.2969484945774179  -0.8615758799738528  -3.855145443311007  -0.6598691282891617  -0.7492073076416005  0.05710642439626372  1.8211015099388117  0.0  0.0  0.0  1.0;ok
5494384560185;6.621620892396294;1.4685544829575181;0.9851279459293365  -0.07251475659704582  0.15577079387586507  -4.249851623210642  0.06879487726300143  0.9972049400876819  0.02914742402151882  -5.398139705715554  -0.1574490235327438  -0.017997709309599874  0.9873630980790157  9.60556614578764  0.0  0.0  0.0  1.0;ok
5494384560216;5.2200031515621825;3.1996573892947464;0.06781455160036809  -0.9856338213871703  0.15468405454010098  7.125421514747334  0.9250499247453925  0.12019546667958536  0.3603271936979241  -3.711189120947204  -0.37374299099753694  0.11865504594158949  0.9199114939779884  6.93446147152326  0.0  0.0  0.0  1.0;ok
5494384560247;8.503686109037535;1.5993551615609238;0.685386030127293  0.7179133133533877  0.12184606770967274  1.8207033593451045  -0.6891335737806408  0.5854316217622765  0.42704184072419993  6.063931799675147  0.2352464817902101  -0.37665672800409566  0.8959848224465506  7.9368294149556755  0.0  0.0  0.0  1.0;ok
5494384560278;5.489767218869771;3.4132708543964263;-0.9785571375969047  0.20396765417009077  0.028690146575136827  0.6600299295233679  -0.1605634191519984  -0.8426216212607928  0.5140118596044774  2.1891231274283847  0.1290167310404829  0.4983833859953434  0.8573031457281868  -1.917381356506289  0.0  0.0  0.0  1.0;ok
5494384560309;6.344090179496548;7.556681291537434;0.7768024507909483  -0.20093392926561943  -0.5968278717645945  -1.5916301453320427  0.21971250314720067  0.97465285809911  -0.042168971531523367  -0.42581245158039677  0.5901731681514905  -0.0983735852203946  0.8012604254079425  -4.884539310755083  0.0  0.0  0.0  1.0;ok
5494384560340;11.288142510784303;4.961943445874937;0.9442290147352465  -0.18402323022985706  -0.2730696220158428  6.102922528366784  0.04578607260663968  0.8945852404194002  -0.4445457042633784  9.945852559021247  0.3260907899456311  0.4072501668011109  0.8531190411385163  2.1192985761767154  0.0  0.0  0.0  1.0;ok
5494384560371;4.893298023722126;4.058231066967476;0.8258821913028802  -0.04949041866273349  -0.5616665421309515  0.7375837095682201  0.06786453356041927  0.9976237550820825  0.01188479619312919  2.864182297634614  0.559743701325329  -0.04793267942138074  0.8272783371212542  -1.9095367044308469  0.0  0.0  0.0  1.0;ok
5494384560402;1.640061358821845;1.9966093302392014;0.8894272138835381  -0.3005390913939462  -0.34437695298534277  -1.522706415595734  0.24072504104910047  0.9484771866821204  -0.20601572987391042  -0.9325815276379313  0.3885494637948642  0.10033584049417493  0.9159487066954414  -0.3044475114306511  0.0  0.0  0.0  1.0;ok
5494384560433;4.064579359510598;2.2539703559304565;0.720242918657741  0.36746796117661507  0.588402443597986  6.580381239244304  -0.47697862009525704  0.8782017031678967  0.03540006391279188  5.3621812165862845  -0.5037276388043485  -0.3061520309612643  0.8077929189110844  11.903331493855788  0.0  0.0  0.0  1.0;ok
5494384560464;8.086453804333049;6.119695294393057;0.9997553636980312  0.008386497217959837  0.020466543954232697  9.969942886045608  -0.011030906419362052  0.9910915191775349  0.13272497774696804  -7.035005574887356  -0.019171120483285037  -0.13291827293031977  0.9909415728793688  -0.6378034744830718  0.0  0.0  0.0  1.0;ok
5494384560495;3.79668680245774;2.8614049547202196;0.6813363377496029  -0.7188870809214108  -0.13777575892097724  3.9055453241570794  0.7315949430933872  0.662785975449767  0.159635804214733  2.9484687140927646  -0.023444276532699725  -0.20956172272481932  0.9775143222820137  -0.4961501951335493  0.0  0.0  0.0  1.0;ok
5494384560526;3.919459476654856;2.0234295963733513;0.5802288516455879  0.28830631782831145  0.7617177606031793  -2.277677222965354  -0.17054199873041814  0.9575251560130815  -0.23251021971336464  3.1308699758785186  -0.7963980828625066  0.005004268418424607  0.6047520573842808  12.472800696963509  0.0  0.0  0.0  1.0;ok
5494384560557;4.769841275602151;1.9971332770431829;0.25361836590392006  -0.36256614873385296  0.8967850981525771  7.827479945549121  0.4023882078322368  0.8826184623101527  0.24303987365620344  -1.6975049113550065  -0.8796371153343785  0.2992163728500902  0.36974059493738265  5.8318196886938205  0.0  0.0  0.0  1.0;ok
5494384560588;4.0033637514024445;7.032983970424613;0.9900443340644426  0.09059015035005966  0.10772948178864111  1.5781362871553601  -0.0849054480327307  0.9948004125976564  -0.05624236828134349  -7.014831350331944  -0.11226433753092224  0.046535618133711605  0.9925881093201029  -3.2700080116485633  0.0  0.0  0.0  1.0;ok
5494384560619;2.5680413302481218;2.7719948196777127;0.9299036321674332  -0.033316999339909614  0.36629115801067363  -0.7368173054917956  0.038075047563685516  0.9992582184560062  -0.005770927235048656  -1.6126838612705292  -0.3658271800110524  0.01931295946025971  0.9304823931499446  0.9739239369641252  0.0  0.0  0.0  1.0;ok
5494384560650;2.1252762310053015;2.1299388668705714;-0.26041202323801715  0.7803179743213082  0.5685854703597102  10.127378737044696  0.9510017252381697  0.30897042629856414  0.011532314030961329  -6.724104233293775  -0.16667722324033224  0.5437289164868594  -0.8225433536470397  7.449906380778033  0.0  0.0  0.0  1.0;ok
5494384560681;5.499161925361485;1.712854971144139;0.9281889950190919  0.3000767540048795  0.22004347577545552  -1.437445642764575  0.23507202210609948  -0.9312577795487949  0.2783883841915784  -12.420806971506382  0.2884550813357216  -0.20667096974597887  -0.9349228718540685  -4.784421832125683  0.0  0.0  0.0  1.0;ok
5494384560712;3.9543429907625507;2.1731422067777717;0.9547433393703733  0.24255272980278153  0.1721433390902161  1.7017628666285234  -0.1658811931312626  0.9146243352501126  -0.36870822493353717  0.5885639677020319  -0.24687767354149096  0.32346637944848317  0.9134664283230295  -0.9394512899429814  0.0  0.0  0.0  1.0;ok
5494384560743;2.252255054334342;1.564101044968671;0.9951324664470454  0.040872601776427056  -0.0896705338840198  -0.9556829260423655  -0.04608128540563469  0.9973211786306838  -0.05680652946684854  -0.5839300426143815  0.08710849188445395  0.060662155243026705  0.9943501463583575  -4.112674661735575  0.0  0.0  0.0  1.0;ok
5494384560774;4.093777341873709;1.9321266770139474;0.95365646277483  -0.06307411533752583  0.29421252009761145  -0.8336333424920782  0.009751725281107793  0.9837480112869488  0.1792895818027774  -0.6244096286302188  -0.30073951330319215  -0.16811158872416104  0.938772730150806  -2.0516715126964726  0.0  0.0  0.0  1.0;ok
5494384560805;2.4081201720064747;0.9707074255293081;0.5278840797414197  -0.7859713169404081  -0.32185010067190545  4.87817983273195  0.8270941074648979  0.5618497610715458  -0.015497850841072261  -10.859166494098353  0.19301226839866664  -0.25801925302350814  0.9466637889540261  0.5286792258389412  0.0  0.0  0.0  1.0;ok
5494384560836;2.3977526989083033;1.6984549940672231;0.9900117064561247  0.08247024047408219  -0.11434806739066233  -1.0048296042518352  -0.08092764897724541  0.996556065619896  0.018075500192507588  0.9565146461237842  0.11544495099764235  -0.00864103653161519  0.9932762937757107  1.9638820639364583  0.0  0.0  0.0  1.0;ok
5494384560867;5.82100797182095;1.7810686977592685;0.5473246519998382  -0.29391870550815735  0.7836118426017218  5.409510384955632  0.4935822710390194  0.8694998550364588  -0.01861568713591894  -2.8122407717349263  -0.6758788848819147  0.3969657373678328  0.6209717677373041  -2.663115091819905  0.0  0.0  0.0  1.0;ok
5494384560898;7.426959109966299;4.897704126789574;0.9577362891079372  -0.2774804751521147  0.07580096592467989  0.1437475249837302  0.2534141371353417  0.6892490128638917  -0.678761425956205  0.9899188297038387  0.13609730205153966  0.6692834856587357  0.7304362670341503  -5.85457112331037  0.0  0.0  0.0  1.0;ok
5494384560929;3.2277640385532322;1.8045212027781745;0.9297691816839406  0.23150223292271832  0.2862446243033588  -1.7800731656914834  -0.12849633247887732  0.9327099233941897  -0.3369582931780751  5.342074971683801  -0.3449897988785373  0.2765120520950205  0.8969521301139468  -1.9925289253197327  0.0  0.0  0.0  1.0;ok
5494384560960;7.03502339552627;2.4186091209762695;0.027809226370677453  -0.057466172906004816  0.997960062277144  6.302855917569794  0.09329601065923995  0.9941376361081599  0.05464627039745133  -5.7054275276570445  -0.9952499692658799  0.09158602210390793  0.03300756324612647  11.537111311184754  0.0  0.0  0.0  1.0;ok
5494384560991;7.791752238870199;4.083908816826321;0.7796565198346839  -0.2593753625407249  -0.5699650273360085  0.6252686049187937  0.2546502514840267  0.9628518608910297  -0.08983063730044519  -0.9431247531473508  0.5720917413303495  -0.07510469549601823  0.816743732278405  -7.225148073893569  0.0  0.0  0.0  1.0;ok
5494384561022;4.731288337239354;2.8437342334029467;0.8811066897276358  0.376085942367059  0.2867234996840823  0.8391071788475091  -0.348807679775532  0.9262202843123813  -0.14300065544570711  3.7105707564764194  -0.31934965765883755  0.02598747548672392  0.9472805536223203  4.134581119434402  0.0  0.0  0.0  1.0;ok
5494384561053;4.703195918816284;2.6999781530231948;0.6508244549471464  0.1364140883384819  0.7468726299346704  -4.398620150514988  -0.08368677264773221  0.9906212615920579  -0.10800944479798026  2.4544476803328035  -0.7546019168585227  0.007791828061632811  0.6561365974314355  -0.9469381623069572  0.0  0.0  0.0  1.0;ok
5494384561084;7.769594886748286;2.1698780574076117;0.8504605443817411  -0.33731259762534804  0.40365464686183605  -1.948566253304782  0.286448924665499  0.9405616895267601  0.18245745189645257  -5.024796204594012  -0.44120729369299044  -0.039546424336557695  0.8965334373654454  -0.4750382365440714  0.0  0.0  0.0  1.0;ok
5494384561115;2.7618695788486547;3.168850592720873;0.8562330368895054  0.2275285769469373  -0.4637841450626319  0.09941383205816162  -0.07814364919289787  0.9444960031884756  0.31909382640817785  -1.3198714567640184  0.5106452355890455  -0.23697689050516463  0.8264885944383692  -3.428020618082238  0.0  0.0  0.0  1.0;ok
5494384561146;4.978157980828911;5.221251876088618;0.07276275209596413  -0.9934619527955378  0.08797118991520642  7.675017274931809  0.8932365741793615  0.10415010865939092  0.43735703654400593  -4.3217271335869  -0.44365978458244226  0.04675578267886412  0.8949747998297761  9.503132335020464  0.0  0.0  0.0  1.0;ok
5494384561177;7.540163639644457;3.758924275423186;-0.9550819469197551  0.08865113294696506  0.28277102272897436  16.73730865329071  0.29493691624198587  0.37716417392963775  0.8779290411768153  1.1403942340796918  -0.028821695051444995  0.9218937913508225  -0.38636918531783515  2.1704835529743773  0.0  0.0  0.0  1.0;ok
5494384561208;2.258030642572619;1.952025990270013;-0.8562883815146336  -0.023481648353369328  0.5159639714879896  -1.3883255534503665  -0.36367244137985427  0.7367655374350313  -0.5700165771527059  0.7957810377789445  -0.36675954393017035  -0.6757404494616842  -0.6394233979902949  2.010241129393634  0.0  0.0  0.0  1.0;ok
5494384561239;3.8492329696698255;3.103591818850943;0.7785645601092316  0.014557955307672767  -0.627395642062629  -5.348919445854488  -0.010309269731926918  0.9998926900378963  0.010408043349946106  -4.640244934918581  0.627479836089984  -0.0016353427896895825  0.7786310942638031  -6.579519732033224  0.0  0.0  0.0  1.0;ok
5494384561270;9.123550834747231;2.9173714207722004;0.7556558134154745  0.6531112793931741  -0.04929450659869508  -3.0372976916257324  -0.6267221537282545  0.7428801259037827  0.23526253540119432  6.457455681033915  0.19027252475755943  -0.14688354321227048  0.9706809934555187  -8.636952854420137  0.0  0.0  0.0  1.0;ok
5494384561301;4.160514649695006;2.6552337792288436;0.92409773704456  -0.02403255261560741  0.38139980178796673  -1.8018048255845611  0.08145732489686544  0.9874722280840964  -0.13514178844190766  -4.192649214853069  -0.3733739099210992  0.1559520284491643  0.9144784788133737  5.295053451071358  0.0  0.0  0.0  1.0;ok
5494384561332;6.482396831003189;2.553368593270422;0.9674431845894965  -0.19362975997111365  -0.16297607384172186  6.7486915097100315  0.13152795340119872  0.9348157452634718  -0.32987864417326623  -1.5579386503862085  0.21622692261932963  0.29770293660128533  0.9298488476486627  -6.377657774382249  0.0  0.0  0.0  1.0;ok
5494384561363;2.945345827521586;2.3392483854339736;0.5924614600718876  -0.7498977431113925  0.2943514790279262  -3.633036868473036  0.7160765600278096  0.6576119132253757  0.2340532669346878  -4.144269377058428  -0.36908505592644414  0.07211065427869562  0.9265939105299974  0.7099393495390687  0.0  0.0  0.0  1.0;ok
5494384561394;1.7737978589250467;1.5554326437950592;0.9872771989416829  -0.1156042739264197  0.10917593278653535  0.7835177462620717  0.05940526164132467  0.9050492161771383  0.42113766298738164  -1.125623588357797  -0.14749490614658733  -0.40929398743090867  0.900401957191185  -1.6369071095486643  0.0  0.0  0.0  1.0;ok
5494384561425;2.0770362960670123;7.730670704516624;0.5959435500992556  0.7882749446298005  0.15321193414346215  6.84919491539844  -0.793632776300973  0.6072505101845431  -0.03733408980303705  12.004923053152082  -0.12246755274727109  -0.09934500263977164  0.9874878576340055  6.6553155700647775  0.0  0.0  0.0  1.0;ok
5494384561456;3.2026873730298178;2.4805016822546673;0.9987076850920893  0.048017372568977035  -0.016652077034783767  -2.199434850201291  -0.047067826070808796  0.9974651306910121  0.05336602668861695  3.4535599018547676  0.019172362581810622  -0.05251328391116017  0.998436164972953  3.732938433478588  0.0  0.0  0.0  1.0;ok
5494384561487;2.7650958552301788;6.458179848512381;0.13275356077121098  -0.4243038372130695  0.8957358683388923  -5.295829214919605  0.2673320100972445  0.8855698151907344  0.37986800181170055  0.6860682261554094  -0.9544160981877514  0.189030040335689  0.23099254397221758  9.478413372963532  0.0  0.0  0.0  1.0;ok
5494384561518;5.145762913418466;3.551964330105229;0.9212025168944453  0.17922297705619084  -0.34534771949797993  -6.64884531513494  -0.17029605552661198  0.9837838800926599  0.056289703693554446  -1.847105179329011  0.34983592774244365  0.0069571376978717625  0.9367851524739471  -1.142390246759697  0.0  0.0  0.0  1.0;ok
5494384561549;4.6377896203071325;2.20001166637099;0.993460915484801  0.0887370858795726  0.07184106759856736  0.2199589003555393  -0.08625490565069997  0.9955875895101062  -0.03695189933742754  -4.563910212260307  -0.07480307918320855  0.030513623237103094  0.9967313670902772  -3.5579460301855326  0.0  0.0  0.0  1.0;ok
5494384561580;4.567914726536869;3.2652413997316114;0.9254800353104027  0.039060556736388974  0.3767770921238438  -5.174923650711005  0.06622779155073834  0.9626632954559012  -0.26247525446848563  1.0299385665243668  -0.37296190672529556  0.2678687224918723  0.8883387662611626  -2.0076190227595347  0.0  0.0  0.0  1.0;ok
5494384561611;3.9710273671971175;5.627930953721197;-0.4063654789151941  0.7024136814667711  0.5843647128586077  8.535252070206408  -0.8741594126917701  -0.11274131965914741  -0.47237137513178584  3.9979344142402815  -0.2659180677359208  -0.702783334271532  0.6598357116144773  -3.859018963931125  0.0  0.0  0.0  1.0;ok
5494384561642;3.9300328799679396;2.1029917127477233;0.9816685645025122  -0.16724667890130065  -0.0914077560388761  1.234751543875042  0.11616794365381473  0.9052386137895249  -0.4087151342581577  -0.11978291331880322  0.1511020791876193  0.3906041480846114  0.9080729933019009  -3.8989167923835795  0.0  0.0  0.0  1.0;ok
5494384561673;1.856504570527757;2.6574362760984203;-0.3836777798849348  0.21572415345964668  0.89791672823079  2.0267633615718563  -0.9090327854058691  0.08301566378376979  -0.40837212762845226  1.0526639082889757  -0.1626368847457923  -0.9729190558215309  0.16424906252251434  1.1700909538689925  0.0  0.0  0.0  1.0;ok
5494384561704;3.161923902897827;7.785271429511634;0.8682584620192332  0.443435217238244  -0.22246898940047585  -2.6057295528739237  -0.463005136265018  0.8853446623446538  -0.04232106626780325  -3.709119339088434  0.17819508108870294  0.13974990866080525  0.9740207780664063  2.2120599139461037  0.0  0.0  0.0  1.0;ok
5494384561735;3.569181629467939;10.864317879874672;0.06712825762380337  -0.6040291622894299  0.7941300700340737  12.793646315629685  0.4883115909108283  0.7139767049065986  0.5017858657164955  -4.899124625008526  -0.8700836667875853  0.3540989070226656  0.34288245337845097  22.36731206696136  0.0  0.0  0.0  1.0;ok
5494384561766;3.9022771741523186;3.1084034239612377;0.7567617797227129  -0.46010660343521187  0.4643420315093456  7.309492109972426  0.4313769509034676  0.8852132143667171  0.1741019567373448  -0.644253054923009  -0.4911471622438032  0.06855274309506332  0.8683749112186521  9.559511986039299  0.0  0.0  0.0  1.0;ok
5494384561797;1.7821658772718727;1.959268133098092;0.21389142468263772  0.36688576163693853  -0.9053426403054892  11.069557518404146  0.06791563576740739  0.9189632318246054  0.3884508269688515  -4.182725046043208  0.9744936761547194  -0.14457322180320706  0.17164107513034385  -5.13191870427807  0.0  0.0  0.0  1.0;ok
5494384561828;3.031970333042847;4.040559961204926;-0.9900947801187133  0.13994191960010527  0.011339555560722567  7.405156302618642  0.13877557855698025  0.9631856754971696  0.2302491982901078  -0.4206928303889054  0.02129941731251072  0.22954218273707258  -0.9730656304517429  -0.3455864274473279  0.0  0.0  0.0  1.0;ok
5494384561859;3.9115043062921147;2.9756557814134945;0.8289201162911671  0.19827652400050289  0.5230467099964551  3.8264453394204163  -0.1692065343050357  0.9801421319840593  -0.10339511525319134  -0.7360380961157709  -0.5331609415142078  -0.002796630118537563  0.8460092134862739  -2.2785102806129665  0.0  0.0  0.0  1.0;ok
5494384561890;2.700280821168816;4.214976773147829;0.8908270684979169  -0.1688813219691881  0.42178932314764334  -3.8914910584585662  0.3556329777898345  0.8369410652396629  -0.41599860387245724  -2.7937724676428015  -0.2827584112625878  0.5205850097778825  0.8056295230779591  2.689172942470186  0.0  0.0  0.0  1.0;ok
5494384561921;4.363288827751439;2.627599908148207;0.7917881491553324  -0.16034681144751312  0.5893729098930393  -2.5069355552949815  0.2903783553851632  0.947727019262628  -0.13226453675639166  -6.024851696483629  -0.5373564343906014  0.2758666290405395  0.7969602658858396  1.2707805734388238  0.0  0.0  0.0  1.0;ok
5494384561952;5.900960080460973;3.0550804730423318;0.2764551915508465  -0.39440715992774045  0.8763649463906675  7.602812240243619  0.9138833407076837  -0.1742157168808967  -0.36669622791711215  -10.386381116383987  0.2973041651937425  0.9022704008164117  0.31227929353231687  -0.9669792006229012  0.0  0.0  0.0  1.0;ok
5494384561983;1.9280359265963185;0.6216901867778463;0.5835459400158349  0.8107945599644943  0.04567622382616537  3.24794977720599  -0.7482287597719961  0.5586740053491853  -0.3578226918421464  3.116109057380889  -0.3156388108916539  0.174629714765502  0.9326717556460161  0.18923002795571056  0.0  0.0  0.0  1.0;ok
5494384562014;2.290467177188447;2.8303221244208356;0.9407868344687936  0.33531248856064994  -0.04985646503163865  -1.5756523888738978  -0.33764079526329926  0.9136788187412124  -0.22625142995709457  0.41017760416847726  -0.03031213394259824  0.22968794308567225  0.9727921789040653  2.094449212473039  0.0  0.0  0.0  1.0;ok
5494384562045;2.843775395138052;4.116440770569537;0.9310714882725067  -0.13307746028804357  -0.3397002697810296  -3.241085111546253  0.1397173215529144  0.9901790262412203  -0.0049564150421035885  -4.010863136216152  0.3370236694715963  -0.042847235094860436  0.9405206859291432  -3.2198494988359534  0.0  0.0  0.0  1.0;ok
5494384562076;7.910208896373804;3.327863242276471;-0.18040404414245587  -0.15820450680029072  -0.9707861324128622  4.948117189446559  0.3161878828360455  0.9252655752926062  -0.20954435789612724  -0.5079561566164347  0.9313858510868123  -0.3447534614859115  -0.11689930362827738  -14.548436566560047  0.0  0.0  0.0  1.0;ok
5494384562107;6.000656068192277;2.009074491591639;0.0017048791800250707  0.9830031419223784  -0.18358081696548453  12.052517566304607  -0.995982063953672  -0.014768096582799373  -0.08832684532974237  1.5935868730258163  -0.08953670571092417  0.18299378758322454  0.9790283203444023  4.329495764587721  0.0  0.0  0.0  1.0;ok
5494384562138;3.161989247048879;2.681026005538713;0.45120945641765675  -0.06483129550857493  -0.8900600707603741  0.5859137295301143  0.20202348173029663  0.978886354153197  0.03111299539148467  -1.1808899281246974  0.8692505618455769  -0.19385151218224184  0.45478022379585337  -4.308912755173026  0.0  0.0  0.0  1.0;ok
5494384562169;5.267286062056453;3.229608048429335;0.18019226430164637  0.037210649559168224  -0.9829273195131115  -3.836734290137832  -0.18349232044158723  0.9830146398947983  0.003575764458419506  0.5645533371872846  0.966365001552109  0.17971528958851823  0.18395950223706223  -0.3613529877787552  0.0  0.0  0.0  1.0;ok
5494384562200;6.316421781002835;2.8372275666129227;0.9397846858241178  0.19755726368187324  -0.2788832584738536  3.834269929409148  -0.1553211261940474  0.9737505263439945  0.16638888244893602  1.4867112457321483  0.3044340520511397  -0.11305326183407505  0.9458006491541435  -6.789818350235829  0.0  0.0  0.0  1.0;ok
5494384562231;6.809241551181215;2.4997099406827674;0.9598356362887321  -0.23749587657485466  -0.14936954147397913  -2.194321629998947  0.25671439535367296  0.9582329809281397  0.12604472809194023  2.8743961175535757  0.1131957178006456  -0.15932753331271537  0.9807147733159136  4.325498690291078  0.0  0.0  0.0  1.0;ok
5494384562262;9.226605709293516;2.7779244414324618;0.6140399320952806  -0.3646776255283525  0.6999751361522968  8.39412181682636  0.2131927095767409  0.9305268822328295  0.2977727153810064  1.015636637769929  -0.7599367278765724  -0.03361474201972403  0.6491272746874812  5.022446129661179  0.0  0.0  0.0  1.0;ok
5494384562293;3.35198828640729;1.5631011732038804;0.8764105342225018  -0.48008645326655947  0.0377037517200256  2.160879560938743  0.47583921663012574  0.8512949189854764  -0.22107464989532355  -4.867326976839315  0.07403793230944439  0.21169307570028684  0.9745277965660573  0.08325634139647765  0.0  0.0  0.0  1.0;ok
5494384562324;6.007210908334361;0.9463338574571888;0.9946594625480385  -0.0987478829689927  -0.03002347702697733  2.879097964262655  0.10179427883475274  0.9866169131371969  0.12737735869510403  6.581760134614604  0.017043425716678356  -0.12975331333253445  0.991399818095136  -0.4450099677586991  0.0  0.0  0.0  1.0;ok
5494384562355;2.8594967283924566;2.9296367921416877;0.12382909657149566  -0.12986738955916133  0.9837686801130514  4.608542248157562  -0.24556411476422813  0.9565518280331404  0.15718417804129628  3.632905838316181  -0.961438828206115  -0.26104225982692186  0.08655817813532016  6.841390685483565  0.0  0.0  0.0  1.0;ok
5494384562386;7.555953592991905;3.6407315595009;0.17831965042628145  0.6905335757696379  0.7009746664513967  7.924210698168318  -0.33840065218177817  0.7119753940530804  -0.6152853296365095  -7.751856781770197  -0.9239518931604591  -0.1274928193968557  0.36063621577351995  2.0177224158872624  0.0  0.0  0.0  1.0;ok
5494384562417;3.909277903469262;0.9333653298067255;0.9529181411255268  -0.26632778509171595  0.14497078051115  2.0307689845926693  0.2701827214056316  0.9627820084345753  -0.007218122230332755  -4.932237505431008  -0.137652872718727  0.04604687962094617  0.9894096075485908  0.44639999838989125  0.0  0.0  0.0  1.0;ok
5494384562448;8.322743061723811;14.842775384652839;-0.6284611187370002  0.1380457005243642  0.7654933094433789  22.662301942686884  0.07542718559365873  0.9903033333211001  -0.11666210904375651  -3.2267564785574123  -0.7741752785443738  -0.015578593641766808  -0.632779539421817  2.5661669054345664  0.0  0.0  0.0  1.0;ok
5494384562479;5.142564597723577;2.4745907484030623;0.9908245593710352  -0.1306144942508929  0.034735377337489916  5.977730681172049  0.1348172845940538  0.9732939133020988  -0.18580435437247755  -3.104085077241374  -0.009538989562855649  0.18878244680231993  0.9819726042295932  2.670566577346566  0.0  0.0  0.0  1.0;ok
5494384562510;7.409784479444804;8.438504514508798;0.34105815360660807  0.9245336631611406  0.17004952672763785  11.16029023013055  -0.8679724268243201  0.3791788684767378  -0.32069806979993  6.661237852327675  -0.36097534837042744  -0.038221608842947855  0.9317917720640724  12.433304931029184  0.0  0.0  0.0  1.0;ok
5494384562541;3.4584512201369555;3.0075785360011915;0.8867161274097718  0.17738887162697833  0.42692821131230696  -6.193908257468624  -0.2003334177166432  0.9796862015755952  0.009025972986432318  0.6146115354833372  -0.41665457052261823  -0.09353146350448235  0.9042404736558322  -0.41650415686320225  0.0  0.0  0.0  1.0;ok
5494384562572;8.23556210803444;1.881488330153045;0.9915827720088303  -0.013838994559606084  0.1287326240114131  0.4343820206238447  0.039637260032648204  0.97897951742328  -0.20006996796817372  -0.3905071925714952  -0.12325783493307374  0.2034885419262249  0.9712877634523925  10.156086890879344  0.0  0.0  0.0  1.0;ok
5494384562603;7.97771549928889;2.3102686623504094;0.8708502032976639  -0.03940202410423204  0.4899667375576706  -6.495434056214475  0.06977831621956526  0.9965970856124133  -0.04387750601853625  7.5174209608896385  -0.4865705601472211  0.07239978898680469  0.8706361815090653  2.7315469546225577  0.0  0.0  0.0  1.0;ok
5494384562634;7.765621830691003;7.218251142194544;0.9424665296497758  -0.2848865229262074  0.17491857975905017  -2.6904413424455194  0.301871058209453  0.9500574401582281  -0.07915001336386619  -4.596342247900221  -0.1436339260252012  0.12739909518913545  0.9813963347392204  7.427209257288055  0.0  0.0  0.0  1.0;ok
5494384562665;9.270386005314265;4.062609518643757;0.9261903426571899  -0.07620525080043487  -0.3692752481808115  3.0259844498966535  -0.21699887960489897  0.6931915175008141  -0.6873114332783483  1.3338256843574932  0.3083552098129293  0.7167135270213347  0.6254908350774315  6.492367440397682  0.0  0.0  0.0  1.0;ok
5494384562696;6.577937540194185;0.8267481010343901;0.5469157890018128  0.8368599520276792  -0.02342094004849008  0.7790654478712631  -0.7756494798977172  0.5170435027058209  0.36198605034461845  8.14600194667635  0.315041273605421  -0.17980944636454987  0.9318892417681129  3.481074701936916  0.0  0.0  0.0  1.0;ok
5494384562727;4.59848726203546;4.728524648519203;0.9240515865884316  -0.009806186963624217  -0.3821419945787641  -5.821781250015982  -0.01891184124154062  0.9972740715149181  -0.07132158540661679  1.4616380573872791  0.3817996956314354  0.07313183288618576  0.9213472349958238  2.075966986426293  0.0  0.0  0.0  1.0;ok
5494384562758;5.063388290222;2.9307878710499526;0.5179640417593657  0.002176592485363893  0.8553996223341785  3.266210809355579  -0.1390212488036729  0.986916013020148  0.08166930650790905  -4.33984142678845  -0.8440298240141578  -0.1612204878096083  0.5114895995864066  4.704717428290481  0.0  0.0  0.0  1.0;ok
5494384562789;4.438629717023098;3.3402520282029413;0.9657093160118952  0.1780927692287866  -0.18891395532426836  1.0245670864256964  -0.042567488968284536  0.8264041504548494  0.5614661067187704  -3.1564660268206155  0.2561123305324689  -0.5341714571740246  0.8056471488746217  1.2082962345988142  0.0  0.0  0.0  1.0;ok
5494384562820;8.161517273743991;5.18477280825293;-0.8210948408548205  0.07640098646000028  -0.5656555061073263  7.335599732344528  -0.14136891460653175  0.9329057164102633  0.33121255150133466  6.018008799848203  0.553008220829101  0.35192302220370864  -0.755203346217719  1.7053185174953966  0.0  0.0  0.0  1.0;ok
5494384562851;6.219799808788275;1.3876840869018232;-0.07935136405968427  0.9411355395838671  -0.3285837140730672  4.545475934978949  -0.9633957803042466  0.012270981703617095  0.26780215365079146  9.212425952354906  0.2560701691213563  0.33780662980500153  0.9057122883929245  2.538070948886768  0.0  0.0  0.0  1.0;ok
5494384562882;6.86050681050468;1.661031561900698;0.42626893714715264  -0.1647987945206621  0.8894583467189308  2.488757544911058  -0.09195698718879763  0.9702774133266099  0.22384292192379612  -1.264749433792756  -0.8999103876112312  -0.17720919421057155  0.3984447210801567  11.62832365892924  0.0  0.0  0.0  1.0;ok
5494384562913;3.2808971466396697;5.138171457600522;-0.04631773363935436  -0.10500236196267144  0.9933927579425842  7.9252969917253395  0.45481802109113967  0.8831855179902438  0.11455962859159004  -6.401292745511643  -0.8893791290789617  0.4571190706966443  0.006849814901350518  11.12655796354097  0.0  0.0  0.0  1.0;ok
5494384562944;2.926015559566035;4.267850647717423;0.9768751236207157  -0.011984506365048754  -0.2134745054056726  2.884578818475331  0.01822673039975225  0.9994611878303744  0.027296892124021473  -0.0040767720195350144  0.21303234296684903  -0.030556597125364127  0.9765672097823953  2.428528079298474  0.0  0.0  0.0  1.0;ok
5494384562975;7.45090069206603;9.060084615126812;0.8716747617815916  0.2529545097663645  -0.41975841344976444  -10.388084559169831  -0.3257869428258571  0.9389388542915654  -0.11070996245064817  -8.859970464062023  0.36612289952581084  0.23325489038924865  0.9008585785528779  -6.815345990782749  0.0  0.0  0.0  1.0;ok
5494384563006;1.7422069969351626;3.6060498793305173;-0.057392272845685766  -0.9875048843997024  -0.1467659030713111  2.426302257941939  0.9983421078309608  -0.05612358060667311  -0.012774170482706904  -7.384458720641051  0.0043775277544938485  -0.14725571970764784  0.9890887676362223  -0.3638969246026985  0.0  0.0  0.0  1.0;ok
5494384563037;5.728273913522797;2.5275783290931733;0.875924170856093  -0.42731893799126847  0.22395395094545897  4.270619864675578  0.4048801383514233  0.9035228992301311  0.14042237761592516  1.884402630776759  -0.26235266432533  -0.032324848039725296  0.9644304970917339  4.670602499881486  0.0  0.0  0.0  1.0;ok
5494384563068;4.596809114569144;0.9150588419125576;0.6298179378883704  -0.6913118208289702  -0.3541430946611473  4.454267238879588  0.7765383387134285  0.5708594807798298  0.266660198964846  -7.741235232188902  0.01782059545102148  -0.44295306702394166  0.8963676738882626  -1.9639944210696092  0.0  0.0  0.0  1.0;ok
5494384563099;7.571012982470478;2.360543793115534;0.7047751836578261  -0.08620681404210337  0.7041735054038796  -0.29574998970556293  0.1288760877430487  0.9916316737703571  -0.007587989420539197  -8.093932181481492  -0.697626615395459  0.09609895310621408  0.7099873919329596  -2.070646514437296  0.0  0.0  0.0  1.0;ok
