# registration_from_features.py TEASER TEASER_config.json l2 True --use_random_keypoints=True --n_keypoints=5000 --input_txt=/neural_comparison/point_clouds_registration_benchmark//eth/apartment_global.txt --input_pcd_dir=/neural_comparison/point_clouds_registration_benchmark//eth/apartment/ --input_features_dir=/neural_comparison/experiments/FCGF/3dmatch_normalized_5cm_32//eth/apartment/ --output_dir=/root/neural_registration_comparison/results/FCGF/3dmatch_normalized_5cm_32/TEASER/
id;initial_error;final_error;transformation
13001298760030;4.310263072930483;4.797567192170346;-0.44664986675657153  0.8946927833377906  -0.005359101567857627  8.192206108345417  -0.030581134047709735  -0.009279939908449802  0.9994892080236044  -7.639849778983332  0.8941860493022095  0.4465856089917962  0.03150560386238982  1.058502582836512  0.0  0.0  0.0  1.0
13001298760061;11.165739862422033;9.71382469549052;-0.5616897136524356  0.5917979605307889  -0.5781693865024701  10.957460508039267  -0.38426628020136266  -0.8054808404841423  -0.45115412168478186  6.990579434799295  -0.7326964524803241  -0.031237629944632833  0.6798383035679805  -2.670241923492784  0.0  0.0  0.0  1.0
13001298760092;4.041875262067823;0.026746388338992795;0.11292197514762381  -0.9873353056663077  -0.11143438299545527  -0.00913543407206168  0.8997263287019048  0.14919461388451732  -0.4101627733332731  -7.456090407718387  0.42159359692641396  -0.05394405780684274  0.9051789202461467  0.13262777639598622  0.0  0.0  0.0  1.0
13001298760123;2.6347404064812237;6.337340779040241;-0.9132261017196256  -0.3959114356178151  -0.09629237916375816  7.017966080416989  -0.2971398798525402  0.8088192168657643  -0.5074636600091379  1.5200361630749901  0.27879379286346084  -0.4348167540190841  -0.8562758968259668  3.164987071640628  0.0  0.0  0.0  1.0
13001298760154;4.655949543134552;9.136586455073298;0.6919442260720751  0.2056112961119788  0.6920528758098394  11.523161405792031  -0.11569774562478446  0.9777787820203273  -0.17482186673350497  7.746203192044429  -0.7126199686108008  0.040898023693043795  0.7003571460298978  -0.05749438201745301  0.0  0.0  0.0  1.0
13001298760185;11.526736439495075;5.558767500436221;-0.26932230383459876  -0.2247361412736634  -0.9364609780779163  -4.176528251036607  -0.7483291189718775  -0.5632356854646137  0.35038420671882464  -6.589642344505047  -0.6061922354798  0.7951473004573625  -0.016484666189271135  -0.8642808877916939  0.0  0.0  0.0  1.0
13001298760216;5.6572197072150425;3.967118001159506;-0.019084518319146204  0.7653787927279626  0.6432970424328195  -2.4935297855413685  -0.11987710636958154  -0.6405243691891588  0.758523573689893  1.9312103974965695  0.992605289392003  -0.062640530945367  0.10397549400652162  -0.871046882113544  0.0  0.0  0.0  1.0
13001298760247;2.8755933061249292;3.3282954499560216;0.2738558285209859  0.9565251040521121  0.1003130624753362  0.7250935776067314  -0.9581427311178642  0.2803856299333471  -0.05784812298493541  1.1947406143323216  -0.08345952307007537  -0.08027218599849216  0.9932728145700656  5.823813021381718  0.0  0.0  0.0  1.0
13001298760278;3.489631205271557;10.296285504990212;-0.10002255915139888  -0.06972256215140077  0.9925392949338833  1.560469503693218  -0.033268076163009475  0.9972183917664017  0.06669868238012233  -7.035381166963926  -0.9944288424865896  -0.02634849995495399  -0.10206387108525061  -0.34342764577401064  0.0  0.0  0.0  1.0
13001298760309;15.033436311598187;10.011874925650572;-0.11469710329735539  0.4385225847114609  0.8913711444696737  5.658091512083386  0.7521889171424541  -0.5477737157738153  0.3662728344218422  -6.026794151836356  0.6488885939999705  0.7124899290553707  -0.2670237696749383  4.110032351646304  0.0  0.0  0.0  1.0
13001298760340;6.506989460822594;3.228001956094959;-0.8706115332922135  0.038690047975531675  0.4904473858491163  8.545669175362649  -0.2575000386223638  0.8136089303150805  -0.521281343058651  1.4864747301711878  -0.41920077314821624  -0.5801237701553016  -0.6983746294738498  -5.540935805214587  0.0  0.0  0.0  1.0
13001298760371;4.91629017563752;4.2454512087218275;-0.2747676605993199  -0.4566166610010129  0.8461701705833548  5.486644838352479  0.5889080406157785  0.6157396617882915  0.5234997503332025  3.5197824723603666  -0.7600592426823463  0.6421572189091443  0.09971987673484047  7.822715489700562  0.0  0.0  0.0  1.0
13001298760402;8.540013131131722;13.803571861880307;0.414978506547725  0.8635933819940448  0.28635521591112517  -9.460725331477018  0.5760029236881485  -0.49299606304263444  0.6520548395090459  -6.41475614035313  0.7042822381731093  -0.10564730190852127  -0.7020150828816465  -2.2559566891825775  0.0  0.0  0.0  1.0
13001298760433;5.8803617295845045;6.007677585455874;0.7284193920095038  -0.5638846678559458  -0.389151989204083  1.530361548536638  0.4387525487961107  0.8201709774889716  -0.36717266865835896  4.491965863396902  0.5262142056894905  0.09671426493426077  0.844834280015202  2.7315419865897343  0.0  0.0  0.0  1.0
13001298760464;2.166048600398045;2.048133514668191;-0.20689162180122378  -0.6902880443274418  -0.6933240747926296  1.95072120151649  0.9761581230394669  -0.19320307409377893  -0.09893377069928694  -4.802837892864693  -0.06565954349921097  -0.6972624957785342  0.7138023790435036  -1.1331533956227233  0.0  0.0  0.0  1.0
13001298760495;4.352922081343947;4.352922081343947;1.0000000000000002  -1.4224732503009818e-16  0.0  -1.0791927681358392e-15  -1.214306433183765e-16  1.0  -5.551115123125783e-17  6.461557580227789e-16  8.326672684688674e-17  -8.673617379884035e-17  1.0  -4.021227795192317e-16  0.0  0.0  0.0  1.0
13001298760526;3.427592892868579;3.920797962884975;-0.9101116738088797  0.40839462020168726  0.07007549776576505  6.385137850848161  -0.15540515021908055  -0.49318885084950753  0.855928733413669  -3.7383317824031224  0.3841171442179913  0.7681006389712627  0.5123235578516304  4.81847113108345  0.0  0.0  0.0  1.0
13001298760557;8.921254112295115;0.05205111805364632;0.8256524101397255  -0.5413416683883959  0.15889397627641927  -7.090561759414963  -0.38283668547211824  -0.33071431081799674  0.8625915121753174  -2.645112055900488  -0.414408216481268  -0.7730312042127705  -0.4803005178283375  -5.990348126737518  0.0  0.0  0.0  1.0
13001298760588;5.635777697146662;3.5405106801087842;-0.8552808093128382  -0.0035306600233645236  0.5181527493519421  -1.4751631181131222  -0.49602272000198927  -0.2836159126027208  -0.8206847600390509  -16.576371291601312  0.14985392374911433  -0.958931461866971  0.24081995967666261  -4.910122412300089  0.0  0.0  0.0  1.0
13001298760619;9.801579940171315;6.520307417429068;-0.5069441688927724  -0.8021084200972108  0.3156417146620098  -2.283533521590474  -0.6712924329256493  0.1376717129737055  -0.728294561934695  -1.4822437286482117  0.5407162648953514  -0.5810925759773933  -0.6082411849107048  2.914926987302997  0.0  0.0  0.0  1.0
13001298760650;5.928008986154682;7.850140111761838;0.5607115256530698  0.4383142132835879  0.7024836193345696  0.11142731291956003  -0.7532966246100083  0.6222222199080767  0.21303451458351264  1.2334305418616671  -0.34372486140949277  -0.6486294469774356  0.6790677876050162  -0.5023417244300431  0.0  0.0  0.0  1.0
13001298760681;3.926177848256171;2.9064150683592196;-0.8569279117559785  -0.3407447399964233  -0.3867396749989691  -2.0219834181004845  0.4707149369031372  -0.8230481918890635  -0.31783505471300566  -14.702507503125679  -0.2100047671597333  -0.45440587143314237  0.8656866071375213  -2.956919800649502  0.0  0.0  0.0  1.0
13001298760712;3.640287511906044;2.774031592271169;-0.18032862160372126  0.08744141331195306  0.979711992102021  -2.58752111123226  0.605102294448928  0.7951214998360334  0.04041056484559069  -7.590010877728645  -0.7754565116646742  0.6001131557768962  -0.19629416389783533  3.217101504576767  0.0  0.0  0.0  1.0
13001298760743;2.23776059014918;7.552434050188706;-0.7980796435764042  -0.5712363910012814  0.19172341564031775  1.940171050264199  -0.4210379512839597  0.7562984982283869  0.5007390789184444  -2.294260149348341  -0.4310405155986671  0.31890683149364696  -0.8440986356695032  -3.3645370673832664  0.0  0.0  0.0  1.0
13001298760774;5.456665076952151;2.9920671614461356;-0.33924771629093753  0.9205019828286206  0.19387389354929083  2.606639087815058  0.4723861312730958  0.3449272659676215  -0.8110958785328274  -2.703369292589485  -0.8134877564980444  -0.1835790859566524  -0.5518481577636185  -6.7585164425266075  0.0  0.0  0.0  1.0
13001298760805;8.825594568085958;7.022690575076884;0.7609499663778913  -0.32657345262831666  -0.5606290473280059  1.8848854430720305  0.5686435046300543  0.7517599269189617  0.3339185183856208  3.289989254637826  0.3124095282022245  -0.5728933516084987  0.7577555637349321  -16.531782958332016  0.0  0.0  0.0  1.0
13001298760836;4.000188739564292;0.040128419469812944;-0.9098694573835518  0.3737008925453057  0.18023654854497212  9.15472896043163  0.058505380344783364  -0.31451023948980317  0.9474494338627157  -4.702179200456053  0.4107489391237359  0.8726001101116764  0.2642997480926101  0.4403578404091898  0.0  0.0  0.0  1.0
13001298760867;4.334456072611078;4.334456072611078;0.9999999999999998  -2.7755575615628914e-16  -7.632783294297951e-17  8.862035237588996e-16  -1.6653345369377348e-16  0.9999999999999998  3.0357660829594124e-17  1.348168863872512e-16  -1.1102230246251565e-16  1.1102230246251565e-16  1.0  1.2523315717771767e-16  0.0  0.0  0.0  1.0
13001298760898;8.680467736983655;8.902869211765207;0.4083826082978981  -0.35184955927860995  -0.8422740248133349  -10.100292907135332  0.6650141996509747  -0.5173939458624806  0.5385718327646057  -5.96101824223599  -0.6252837431937445  -0.7800675563182334  0.022690263932351656  -2.169017833180106  0.0  0.0  0.0  1.0
13001298760929;4.363996845460841;8.625278833505728;-0.3863310146871652  -0.6663187606468465  -0.6377833929327708  4.365416440562782  -0.20917856623561532  -0.6101590830649887  0.7641663567449863  -0.3200605758936456  -0.898327709980271  0.42863177969364735  0.0963437746730877  9.129454470727982  0.0  0.0  0.0  1.0
13001298760960;8.141769742702108;8.125513367347097;0.015427609526359742  0.9705139720875097  -0.24055065754894184  -1.8787746520892699  -0.699683063399118  0.18234170523945148  0.6907931045709681  -1.8672298678597066  0.7142867769017773  0.157651934695693  0.6818652856906395  4.236297348182266  0.0  0.0  0.0  1.0
13001298760991;5.538685950931398;3.7762944402534506;0.3016976473801757  0.8846628702311563  0.3554576424830962  4.184641088632776  -0.9525781591505948  0.2641913353610363  0.15098936727272394  -2.2151404264457626  0.03966585779397924  -0.38415432361815977  0.9224164327303271  4.867768572183674  0.0  0.0  0.0  1.0
13001298761022;8.071467038641245;6.862148303596783;0.8490472287935839  -0.2260788018177603  0.4775009724038075  6.6790262601654815  0.1267919693487261  0.9645967263966546  0.23125084201690813  -6.473099130582971  -0.5128767881144629  -0.13579959791362825  0.8476531539609166  -1.5543221223082588  0.0  0.0  0.0  1.0
13001298761053;9.81526024076362;0.08385717213930746;-0.8920348944777436  -0.1071755816639342  -0.43907532580307645  13.247947392120256  0.3573098255734317  -0.7621375081755649  -0.5398852722390413  -3.7543819713295363  -0.27677325662492014  -0.6384824299281363  0.7181481400729925  -2.394154093396573  0.0  0.0  0.0  1.0
13001298761084;5.591627609591558;6.782335782124616;0.3604132362768882  0.4779111568108485  -0.8010638085147379  5.936773859741717  -0.2904523390030306  -0.7585884612952102  -0.5832503623294494  -8.35501078703058  -0.8864196172716898  0.44288200752060536  -0.13459490900635718  9.307669298943338  0.0  0.0  0.0  1.0
13001298761115;4.7915878266942675;6.786654081005676;-0.9759132454335524  0.1749531407668655  -0.1303254998960719  9.829706559321039  0.213924910544611  0.8845705781881812  -0.4144526810774749  -1.179193105662318  0.042772304541979556  -0.432349731975904  -0.9006909787627121  -8.050095971932938  0.0  0.0  0.0  1.0
13001298761146;10.139080917100562;6.397755826582063;0.4046707639236141  0.9095567818546719  0.09459404530757252  0.15278112932917354  0.8909727185791118  -0.3688659435874406  -0.26477448972492384  -5.580427219577842  -0.20593491101128417  0.19142720873355393  -0.9596595418080595  -10.05649685243603  0.0  0.0  0.0  1.0
13001298761177;7.93887486463345;4.277037510939111;0.42662807602956193  -0.047858929169596665  -0.9031600122027409  3.301856008391663  -0.8240568554299115  -0.4320961170832353  -0.3663649063714448  -2.8027000176827617  -0.3727181022733947  0.900556754735831  -0.22378281376680562  0.34677335755000666  0.0  0.0  0.0  1.0
13001298761208;3.7143332170860712;8.48612821401567;0.19539797032034048  0.032280315160670314  0.9801926414985065  -0.786834547829116  -0.8722078669807156  -0.45125758972774394  0.1887326799737079  -4.618637571951457  0.4484117192621554  -0.8918097156715862  -0.06001967229269739  -12.213627324104246  0.0  0.0  0.0  1.0
13001298761239;9.442007376163867;2.230631408483852;0.39131267277164516  -0.9160890778554591  0.08749396300458119  1.8017520161062341  -0.907223641099407  -0.3999678552999392  -0.13027271301812177  -1.4215956360911  0.1543361822731347  -0.028399228170898128  -0.9876101592635885  6.973311255511934  0.0  0.0  0.0  1.0
13001298761270;3.3218855709366024;3.543870685829463;0.14640240077433284  -0.04790251843100879  -0.9880646161944464  3.063420795745209  0.7876454982363071  -0.5986464481329368  0.1457291983299809  -8.99336589009785  -0.5984821686195768  -0.7995797514105687  -0.04991307422532318  2.7638174355262217  0.0  0.0  0.0  1.0
13001298761301;1.702374455622597;0.01166182662571047;0.7084631247015316  0.641823328969804  0.2935009630789308  1.9873263741471678  -0.5517068437123527  0.7630084095854861  -0.3368051744002466  1.4011267152701201  -0.4401131212984851  0.07668755630443015  0.8946616450753655  3.5796736992956797  0.0  0.0  0.0  1.0
13001298761332;2.6966908062382884;8.465431480929894;-0.4994130902465469  0.2271098123301532  0.8360668026143349  9.675674585525025  -0.750373669939718  -0.595748953143522  -0.28639577561409196  6.381758422446092  0.4330426315636762  -0.7703923143254738  0.46794204905804865  3.7909800936293805  0.0  0.0  0.0  1.0
13001298761363;3.780503688669632;5.780612101782713;-0.9763286697888526  0.13411021810162327  0.16969613416063523  6.946093066604358  0.08911501777110599  -0.46546458641782495  0.880568698284545  -11.349979783806596  0.1970808010841869  0.8748469398652647  0.4424951860217202  8.327343635389921  0.0  0.0  0.0  1.0
13001298761394;9.713878523349894;3.004511230589179;0.2611902863525513  0.4664808347152067  -0.8450889096174884  -1.0866611817085867  -0.9465424009478095  0.29546489344534216  -0.1294526166181543  1.0412417712824844  0.18930693997586742  0.8337242515272876  0.5187164494135854  7.601012700289395  0.0  0.0  0.0  1.0
13001298761425;4.539890497597582;6.53175425847719;0.6151484193011932  -0.7807757206515392  0.10946093491430398  -4.421872938920961  0.7634139934461776  0.6245592550736161  0.16469611869273038  -0.49307401915035043  -0.19695557073056721  -0.01774854762959395  0.9802517494068744  -10.71882746964363  0.0  0.0  0.0  1.0
13001298761456;2.8219341713243176;2.299224977653831;-0.04483345426026209  0.998718817528538  0.023466676234447675  9.2833640988395  -0.9613834743435238  -0.04951850083276632  0.270720766352438  -0.5351692560606143  0.27153595827858423  -0.010423127634002896  0.9623718521299637  -2.536867211434058  0.0  0.0  0.0  1.0
13001298761487;4.817878682726937;9.976102759865833;-0.41423374636283017  0.6483795244994429  -0.6387600453880089  2.5682280330266574  -0.2781046627335295  0.5780742062671046  0.7671297208520395  -2.8094251075072383  0.8666419098682481  0.4954131652050986  -0.059140475153498705  -4.866701847756444  0.0  0.0  0.0  1.0
13001298761518;2.4163432216525833;5.070283952935517;-0.6635516798137718  0.7035992260240242  -0.25425832799480613  9.203065770445917  -0.6571125163067331  -0.7105969977907279  -0.2515055618546773  -7.787707437470204  -0.35763432319808813  0.00018939164943200526  0.9338616894387777  4.691027305486774  0.0  0.0  0.0  1.0
13001298761549;2.2392274259590965;5.019545445812676;0.8779870554800455  0.47824048395056773  -0.020609947117994732  4.257237510541065  0.3222166651612959  -0.6222916349011991  -0.7133929785359018  -11.052456075270717  -0.35399880098923125  0.6197089321953653  -0.7004610540604435  10.77550122873574  0.0  0.0  0.0  1.0
13001298761580;8.570690654168628;7.466659266280472;-0.7952416933341554  -0.5873036656885877  0.1505491728697731  5.141776146918443  0.5036660129860742  -0.5017128087507403  0.7032814549653322  -3.32379203004134  -0.3375073281363479  0.6351052367948089  0.6947878393078515  -1.2286538491886523  0.0  0.0  0.0  1.0
13001298761611;10.391644677470136;8.23745310785788;0.2892352998041645  -0.8345615962622055  0.4688815238324866  4.49123735327532  0.9404384778521788  0.3391486981178406  0.023529342108323945  -2.6651266999175713  -0.17865724368821947  0.43414871024713786  0.8829476126410192  10.051822200029422  0.0  0.0  0.0  1.0
13001298761642;10.080782196489423;9.184332819271711;-0.7217200201340546  0.5354439104892033  -0.4386570770633137  2.072492433168659  -0.4650021979384106  0.09437589038509923  0.8802648165333357  -7.746965210551775  0.5127310878522457  0.8392812460874183  0.18086962574131404  3.7944710739819767  0.0  0.0  0.0  1.0
13001298761673;5.377260718947195;7.33194903478174;0.5664863227537814  0.8099648604348216  -0.15182282764360472  -0.39164781766987866  -0.8203233789499167  0.536706333073607  -0.19752434277039257  5.156754846148983  -0.07850350362303557  0.2364386535646896  0.9684699081641231  -8.588515636384024  0.0  0.0  0.0  1.0
13001298761704;4.0697080635330884;6.683581295894061;0.13563266407925734  0.6433605118000162  0.7534527405824379  7.098779705884161  -0.9306315672924427  -0.17816487868528044  0.3196594468522287  -1.359117226150656  0.33989508144952185  -0.7445431672236891  0.5745666242890743  -9.524103250385327  0.0  0.0  0.0  1.0
13001298761735;7.748271368017596;6.733820435043924;-0.7391954068836677  -0.672922366294549  -0.027670189421703573  -4.37444675031663  0.6265482665301028  -0.7021623157041053  0.33823860234037645  -4.612076567834147  -0.2470372849393616  0.23268771206402983  0.9406535007664593  8.270694529982181  0.0  0.0  0.0  1.0
13001298761766;4.3143958585213165;10.30544571433213;-0.05703011222309959  -0.5406520345383119  -0.8393109935235004  -1.7384566059922788  0.928029074873556  -0.3386799170826471  0.15510625375600623  -6.775116221070964  -0.36811628935589363  -0.7700592777926094  0.5210557611200292  -5.321539639889718  0.0  0.0  0.0  1.0
13001298761797;8.231005951784896;3.8383295331950134;-0.7360433882040864  0.19321928085495815  -0.6487730267103757  7.770392486860817  0.1300176565901644  -0.9002030091441973  -0.4156079297878411  -0.4276134407664678  -0.6643308962074936  -0.3902574173973196  0.6374665548172109  -8.626934812462755  0.0  0.0  0.0  1.0
13001298761828;4.4334073516756565;8.13953866667277;-0.1617062290165439  -0.8378591156088624  -0.5213858435826433  -9.855545746431803  0.9762904218938963  -0.058782753101821544  -0.20833050678191067  -7.707233039095375  0.14390311885253432  -0.5427123458416121  0.8274993668007289  -3.085312528902466  0.0  0.0  0.0  1.0
13001298761859;2.6655230457662435;7.352543407373821;0.861541850526468  -0.5059584034752461  0.041853718403620344  -2.258112378346206  -0.47413858627161887  -0.831343082808284  -0.28993323313336933  2.362382302133658  0.181488955035231  0.22994515132874177  -0.9561312601210266  2.201076506537752  0.0  0.0  0.0  1.0
13001298761890;6.637126318209209;6.637126318209209;1.0  -2.7538735181131813e-17  3.469446951953614e-18  0.0  -2.7972416050126014e-17  1.0  0.0  -6.413779013100806e-17  1.3877787807814457e-17  0.0  1.0000000000000002  2.9527283396113546e-16  0.0  0.0  0.0  1.0
13001298761921;6.263021266226115;6.263021266226115;0.9999999999999998  -3.469446951953614e-17  2.7755575615628914e-17  5.47701814457291e-16  -6.591949208711867e-17  1.0000000000000004  0.0  7.186337299975449e-16  2.7755575615628914e-17  -5.551115123125783e-17  1.0  -3.2862601528904635e-18  0.0  0.0  0.0  1.0
13001298761952;8.524152599894595;8.524152599894595;1.0  2.7755575615628914e-16  5.551115123125783e-17  1.792528633664213e-15  2.636779683484747e-16  1.0000000000000004  9.71445146547012e-17  3.0456748234541923e-15  3.608224830031759e-16  1.1102230246251565e-16  1.0000000000000002  2.1195489807723785e-15  0.0  0.0  0.0  1.0
13001298761983;3.259695949088397;3.259695949088397;1.0  -1.1102230246251565e-16  -2.7755575615628914e-17  -7.401415025027995e-16  -5.551115123125783e-17  0.9999999999999999  5.551115123125783e-17  -9.318767979493713e-16  -1.6653345369377348e-16  5.898059818321144e-17  1.0000000000000004  4.980519469066636e-16  0.0  0.0  0.0  1.0
13001298762014;4.304140440760447;4.304140440760447;1.0  -4.85722573273506e-17  -1.1102230246251565e-16  -3.0835616178503943e-16  2.0816681711721685e-17  0.9999999999999999  1.3877787807814457e-17  -6.87760959294792e-16  5.551115123125783e-17  2.7755575615628914e-17  1.0  9.232375064102684e-17  0.0  0.0  0.0  1.0
13001298762045;5.169410619190491;3.307524490189896;0.8763422387799091  -0.055109068166055326  0.4785261446735023  1.724018442022215  0.065320082376779  -0.9706613315977977  -0.23140844016388284  -3.6119297554636605  0.477239528296334  0.2340503577152999  -0.8470317955571874  3.9442025664312736  0.0  0.0  0.0  1.0
13001298762076;7.251100765186261;7.251100765186261;0.9999999999999994  1.6653345369377348e-16  -2.3592239273284576e-16  -5.800432345808709e-16  1.3877787807814457e-16  0.9999999999999999  1.6653345369377348e-16  -4.971134615061601e-16  -1.6653345369377348e-16  2.220446049250313e-16  1.0000000000000002  1.4614027923996048e-15  0.0  0.0  0.0  1.0
13001298762107;3.6083033742486865;3.6083033742486865;1.0  5.551115123125783e-17  -5.551115123125783e-17  1.1644019082268641e-16  -5.551115123125783e-17  1.0000000000000002  -4.163336342344337e-17  4.515654668767189e-16  5.551115123125783e-17  7.632783294297951e-17  1.0  -9.028824779835909e-17  0.0  0.0  0.0  1.0
13001298762138;7.232928857269941;0.04066200761507116;0.8418830850692653  -0.43775209422560424  -0.31560414299459705  -2.8090462970353065  0.08302842464265656  -0.4727903202838218  0.8772545775014684  -3.8703387291641804  -0.5332346123195822  -0.7647499049016083  -0.36168830666385443  -4.532258771928504  0.0  0.0  0.0  1.0
13001298762169;6.764347421644368;7.1595028778981655;-0.4428782098181743  0.8656138097908121  -0.23360570105989767  15.608046388605976  0.3786638860535091  0.416758779930566  0.8263932361470793  -7.187971854652889  0.8126946244851782  0.2775335144630709  -0.5123500714186272  8.086381518570237  0.0  0.0  0.0  1.0
13001298762200;2.173201777732865;8.312600375991847;-0.9930818960807817  0.11742340918309901  -0.0003010854006764707  12.068158719361506  -0.07901346768821166  -0.6663373548077176  0.7414522246994331  -0.8773625174295906  0.08686322352114235  0.736346570959404  0.671005594489229  10.201669798694496  0.0  0.0  0.0  1.0
13001298762231;5.881331751981235;5.881331751981235;0.9999999999999996  -1.5959455978986625e-16  1.8735013540549517e-16  1.4065155073614278e-15  -1.5265566588595902e-16  0.9999999999999993  -2.220446049250313e-16  -7.998464737757338e-16  1.6653345369377348e-16  -1.3877787807814457e-16  0.9999999999999996  -1.6782003304377512e-15  0.0  0.0  0.0  1.0
13001298762262;12.753530724937347;10.9305473849474;-0.08822889773447391  -0.8878028625540085  0.4516876562907921  0.23134992258779827  0.9824256716977677  -0.0026780756350197193  0.18663501145305936  -3.776800013684248  -0.16448544371387447  0.46021615046823594  0.8724366072411497  1.5158096759513668  0.0  0.0  0.0  1.0
13001298762293;4.0873319758586355;2.1489912730990928;0.6942313386058425  0.2987027981242524  0.654843100971739  6.1438149020366914  0.7155891421383335  -0.3841557815081901  -0.5834008186380578  -7.549880592044381  0.07729830626387758  0.8736137441264158  -0.4804414614936577  4.769038351268302  0.0  0.0  0.0  1.0
13001298762324;5.257805486369847;5.2578054863698505;1.0000000000000007  -3.469446951953614e-17  1.6653345369377348e-16  -2.874467834980756e-16  -3.469446951953614e-18  1.0000000000000007  -3.469446951953614e-18  1.0985945443284241e-15  1.6653345369377348e-16  0.0  1.0000000000000009  1.0361021177303366e-15  0.0  0.0  0.0  1.0
13001298762355;3.940223826782666;6.5976330658132065;-0.10616449017686962  0.4133495358847143  -0.904362351167593  14.512542530973214  -0.20831344728818224  -0.8985653825936757  -0.38624572603874213  -2.483966233875921  -0.9722831936757932  0.1473852583814686  0.18150200248875636  4.7584530089220225  0.0  0.0  0.0  1.0
13001298762386;9.483249247669189;9.855427101400732;0.8878347797059809  0.0367460451973633  0.4586928515976512  9.214698611008897  0.3024031152713307  0.7047471974738735  -0.6417816946025456  -9.678295588551922  -0.3468454408214497  0.7085062567226021  0.6145869542760404  4.373123649870806  0.0  0.0  0.0  1.0
13001298762417;6.696026314562576;6.696026314562576;1.0000000000000007  1.0364972768961422e-16  1.3877787807814457e-17  -2.4143226263692583e-15  2.706168622523819e-16  0.9999999999999999  0.0  -7.70917932355758e-16  6.938893903907228e-18  -2.949029909160572e-17  1.0  0.0  0.0  0.0  0.0  1.0
13001298762448;6.742317045442832;6.7423170454428325;1.0000000000000004  1.6653345369377348e-16  5.551115123125783e-17  -4.0376546507278615e-16  5.551115123125783e-17  1.0000000000000007  -5.551115123125783e-17  -3.0498270575662898e-15  5.551115123125783e-17  -1.1102230246251565e-16  1.0000000000000002  1.3886218563907705e-16  0.0  0.0  0.0  1.0
13001298762479;4.7976364578938275;4.7976364578938275;0.9999999999999996  8.847089727481716e-17  0.0  2.1430305446878958e-15  3.9898639947466563e-17  0.999999999999999  2.42861286636753e-17  -7.2973627140982e-15  2.7755575615628914e-17  -2.7755575615628914e-17  0.9999999999999997  2.0611068407561104e-15  0.0  0.0  0.0  1.0
13001298762510;3.641411788076855;0.020108144774703445;0.695883601640501  -0.6864941184542095  0.21088347089239234  -0.6687464993300609  0.7105274975406883  0.7008231232699821  -0.06322677540942911  -0.16151118912290796  -0.10438720326942222  0.19383698103789482  0.9754642671957302  -1.9519339993981561  0.0  0.0  0.0  1.0
13001298762541;3.070002262790549;7.126935839173324;0.8485327452329716  0.5290650342287669  0.00907578227541736  10.717118167518832  -0.47010437724789933  0.7458747660955768  0.47188209098696887  -0.7272925266097533  0.2428869176381516  -0.40467397106606995  0.8816149513148335  -0.7667566156734504  0.0  0.0  0.0  1.0
13001298762572;5.3165421424298245;5.3165421424298245;0.999999999999999  -4.163336342344337e-17  1.1102230246251565e-16  7.852471494221303e-16  6.938893903907228e-17  0.9999999999999994  -5.551115123125783e-17  -5.704054199459629e-16  3.3306690738754696e-16  0.0  0.9999999999999989  4.331512926114555e-15  0.0  0.0  0.0  1.0
13001298762603;8.701034267553123;8.701034267553123;0.9999999999999993  -5.551115123125783e-17  -3.3306690738754696e-16  1.9602874878899002e-15  -2.7755575615628914e-17  1.0000000000000004  2.7755575615628914e-17  6.80572666365148e-16  -2.7755575615628914e-16  4.163336342344337e-17  0.9999999999999999  7.328360140945734e-16  0.0  0.0  0.0  1.0
13001298762634;3.6983118308243395;0.029496879361022996;-0.31351601475617913  0.9402677181015175  0.1326812978063198  3.076384724921867  -0.6865403989809056  -0.32097642632540196  0.6524081654229299  -2.429941988500492  0.6560259057831039  0.11344933688453214  0.7461630243465015  2.4786645492856194  0.0  0.0  0.0  1.0
13001298762665;3.264462073407414;3.264462073407414;1.0  5.551115123125783e-17  5.551115123125783e-17  -9.943157408542901e-17  5.551115123125783e-17  1.0000000000000002  6.938893903907228e-18  -3.267150981180189e-16  -2.7755575615628914e-17  0.0  1.0000000000000004  -1.0768021023455088e-15  0.0  0.0  0.0  1.0
13001298762696;11.28400940315467;0.012688127248188352;0.3470582069311807  0.9372671851672185  -0.032875897104613  1.5268163744562586  -0.9244265640114105  0.3359745009572017  -0.18043464871420312  -3.3953574406526954  -0.15807001218375438  0.09301267825021894  0.9830373914215825  6.178342782874854  0.0  0.0  0.0  1.0
13001298762727;5.9914853246080435;5.9914853246080435;0.9999999999999999  6.245004513516506e-17  0.0  1.751843115016527e-15  1.9081958235744878e-16  1.0  -2.7755575615628914e-17  -2.128475173890365e-15  -1.1102230246251565e-16  -1.1102230246251565e-16  0.9999999999999999  1.8585692880546125e-15  0.0  0.0  0.0  1.0
13001298762758;2.650189718750765;2.650189718750765;1.0000000000000007  -3.469446951953614e-17  -1.3877787807814457e-17  -1.7689197329140427e-15  -3.469446951953614e-17  1.0000000000000004  5.551115123125783e-17  9.897224038317007e-16  1.3877787807814457e-17  0.0  1.0000000000000002  5.417666315565838e-16  0.0  0.0  0.0  1.0
13001298762789;12.47752396560415;12.477523965604151;0.9999999999999993  1.5959455978986625e-16  -2.7755575615628914e-16  4.508180200674116e-15  1.8735013540549517e-16  0.9999999999999997  9.020562075079397e-17  -4.5329073827815585e-15  -2.914335439641036e-16  5.551115123125783e-17  0.9999999999999993  2.144816030509589e-15  0.0  0.0  0.0  1.0
13001298762820;2.5113803815995865;2.511380381599586;1.0  9.454242944073599e-17  6.938893903907228e-17  2.311928426479426e-16  1.496198998029996e-16  1.0000000000000004  -2.0816681711721685e-17  1.0020493115825424e-15  6.071532165918825e-17  -2.42861286636753e-17  1.0000000000000004  -1.6184831252985531e-15  0.0  0.0  0.0  1.0
13001298762851;8.315224491879562;8.315224491879562;1.0000000000000009  0.0  0.0  1.1562635343544825e-16  -5.551115123125783e-17  1.0000000000000004  1.1102230246251565e-16  -2.0421958937290315e-16  -2.7755575615628914e-17  0.0  1.0000000000000002  6.956095855575884e-16  0.0  0.0  0.0  1.0
13001298762882;7.127338882949794;7.127338882949794;1.0000000000000002  1.3877787807814457e-17  -2.220446049250313e-16  1.319561753837734e-15  0.0  1.0000000000000002  1.3877787807814457e-17  1.1857650278335187e-16  -2.491496592371689e-16  -2.7755575615628914e-17  1.0000000000000002  -1.3088197192701046e-15  0.0  0.0  0.0  1.0
13001298762913;2.3308338239256097;2.3308338239256097;1.0  5.551115123125783e-17  5.551115123125783e-17  6.332712132461892e-17  -1.1362438767648086e-16  1.0  -6.938893903907228e-18  5.660583113353822e-16  8.326672684688674e-17  -1.3877787807814457e-17  1.0000000000000004  -1.7148060749150319e-15  0.0  0.0  0.0  1.0
13001298762944;13.120560348922597;13.120560348922597;1.0  0.0  -5.551115123125783e-17  1.865174681370263e-18  0.0  1.0000000000000004  1.1102230246251565e-16  -1.6002572530982029e-15  -5.551115123125783e-17  6.938893903907228e-17  1.0000000000000004  -1.4283685345617413e-15  0.0  0.0  0.0  1.0
13001298762975;11.342250680316473;11.342250680316473;0.9999999999999999  -4.163336342344337e-17  1.1102230246251565e-16  6.487255177489714e-16  -9.71445146547012e-17  1.0000000000000002  -2.7755575615628914e-17  6.902760698104804e-16  1.5612511283791264e-16  0.0  0.9999999999999998  1.0587086762825494e-16  0.0  0.0  0.0  1.0
13001298763006;4.458598501776789;4.458598501776789;0.9999999999999999  -5.551115123125783e-17  -8.847089727481716e-17  -4.6179554964883e-16  0.0  1.0  -9.8879238130678e-17  0.0  -1.1102230246251565e-16  -5.551115123125783e-17  0.9999999999999999  -5.106368019397455e-16  0.0  0.0  0.0  1.0
13001298763037;6.669679305647058;6.669679305647058;1.0000000000000004  4.163336342344337e-16  1.6653345369377348e-16  -3.9143799313023915e-15  5.828670879282072e-16  1.0000000000000004  1.1102230246251565e-16  -5.31864067761581e-15  1.6653345369377348e-16  -6.938893903907228e-17  1.0000000000000004  -3.3516300845803926e-15  0.0  0.0  0.0  1.0
13001298763068;2.7376255445017748;2.7376255445017756;0.9999999999999997  2.3592239273284576e-16  -2.7755575615628914e-17  2.5576873952104504e-15  1.249000902703301e-16  0.9999999999999997  5.551115123125783e-17  -1.4860844759628788e-15  0.0  5.551115123125783e-17  1.0  1.0397474642875015e-16  0.0  0.0  0.0  1.0
13001298763099;6.456555758447102;6.456555758447102;1.0000000000000002  1.1102230246251565e-16  -1.942890293094024e-16  -1.1418421763664809e-15  1.249000902703301e-16  0.9999999999999998  1.6653345369377348e-16  -2.2253683352449133e-15  -2.7755575615628914e-17  5.551115123125783e-17  1.0000000000000002  -6.356692949793796e-16  0.0  0.0  0.0  1.0
