# registration_from_features.py TEASER TEASER_config.json l2 True --use_random_keypoints=True --n_keypoints=5000 --input_txt=/neural_comparison/point_clouds_registration_benchmark//eth/hauptgebaude_global.txt --input_pcd_dir=/neural_comparison/point_clouds_registration_benchmark//eth/hauptgebaude/ --input_features_dir=/neural_comparison/experiments/FCGF/3dmatch_normalized_5cm_32//eth/hauptgebaude/ --output_dir=/root/neural_registration_comparison/results/FCGF/3dmatch_normalized_5cm_32/TEASER/
id;initial_error;final_error;transformation
3394309160030;3.936759879304484;2.682469721481495;0.4334377170534318  -0.2344556931546224  -0.8701507187739923  1.0976622780029166  0.8723255751827216  0.35154551797808287  0.33979970522597003  -10.525375419765888  0.2262296097279126  -0.9063367347387544  0.35689478413875597  2.366240186870919  0.0  0.0  0.0  1.0
3394309160061;3.7772892530728184;3.2724761394001107;0.5058405969116102  -0.025921573172515783  -0.8622374165856916  8.24221132089054  -0.4659477398119125  -0.849399313102957  -0.24781749466975805  10.715134908316315  -0.7259600500580433  0.5271137248682556  -0.4417387539884138  16.39450276190566  0.0  0.0  0.0  1.0
3394309160092;3.061336083217481;3.1526382954944348;0.20242148609777394  -0.10683558857103752  0.9734534909181065  6.640011155439683  0.8699028168574321  -0.43692217331318295  -0.2288407824029391  -10.394662007589014  0.44977175454831914  0.8931322250831422  0.004494143807443646  -4.6579338241188415  0.0  0.0  0.0  1.0
3394309160123;1.9832381539954238;1.914821349462743;0.7915260448717754  0.15049125914152053  -0.5923165549025657  5.510896421127886  -0.3081011374359313  -0.73876100135525  -0.5994212808928908  8.008731257708472  -0.5277880345369053  0.6569509599647362  -0.5383820453925653  11.852424370461263  0.0  0.0  0.0  1.0
3394309160154;1.9207102010338835;1.709583239888655;-0.5485426540249783  -0.8254858187449586  0.1329440475019451  14.194610879861811  -0.34259923369158674  0.07686446605804269  -0.9363320025138253  4.462407504070457  0.7627101164853991  -0.5591645705054806  -0.3249742471369865  -8.850301753266097  0.0  0.0  0.0  1.0
3394309160185;2.640555800877831;1.4894836893549253;-0.16591153601103148  -0.43014728040213807  -0.8873819241911042  20.71782933147263  -0.39398128112306124  -0.7960053092137339  0.45951528573942024  9.373261294677924  -0.9040199734204399  0.42585075421583324  -0.03740351307984861  15.649654450301348  0.0  0.0  0.0  1.0
3394309160216;2.7201455624554285;4.035715209893556;-0.6431998490072772  0.14542660895855059  0.7517613023053478  16.834786239054328  0.7546177797266795  -0.04602960033888037  0.6545481513326725  -4.310640524576067  0.1297919903437503  0.9882977169352662  -0.08013527277764869  -5.935266180065412  0.0  0.0  0.0  1.0
3394309160247;2.5310221937667676;2.7531528809389094;0.9161808323761002  -0.34682432657219164  0.20081227274343152  2.197785942603956  0.4006869716381176  0.7828183648573442  -0.47607284988912074  -0.5193647348499468  0.007914110569798183  0.5166316813164098  0.85617117021894  -4.8430112102345015  0.0  0.0  0.0  1.0
3394309160278;1.96744994252244;2.721509111976313;-0.7130604444474334  -0.6825314829661073  0.1602984008794687  17.337868890102573  -0.413189193205729  0.5938176594060175  0.69040225810433  6.393929317914126  -0.5664092982838711  0.42606497407982913  -0.7054425169210651  7.10018709608416  0.0  0.0  0.0  1.0
3394309160309;1.4697744642858348;3.0101600984795427;0.2512440177779112  0.9483688143903254  0.19357953255109797  4.30028418953528  0.20042888824121868  -0.24663417379794061  0.948156023591791  -8.092956770491696  0.9469449320257239  -0.19941959835205808  -0.25204586785722577  -14.963654804310318  0.0  0.0  0.0  1.0
3394309160340;3.1108095863624285;2.9469356896604646;0.818013847247622  0.5347744453038615  0.2118245461722772  -7.13537077400537  0.45205864207504654  -0.37000128570648066  -0.811629245838774  -8.973487457969284  -0.35566322530788724  0.7596810786280642  -0.5444155847678248  1.6345174239798197  0.0  0.0  0.0  1.0
3394309160371;4.078910422747308;2.088054249227221;0.9383234467607374  0.312412091657357  -0.1481478796518012  1.6640586715759615  -0.1660770423560251  0.7830419343646886  0.5993861401706597  -7.38514799136801  0.30326148001571906  -0.5378141073016602  0.7866310829899835  -5.0853381362141326  0.0  0.0  0.0  1.0
3394309160402;3.021814741136945;2.1452289834157696;-0.5614566715061874  0.7746887241310407  0.29090167879442363  17.425290554925812  -0.698641222437339  -0.25537224922202634  -0.6683453124235581  16.559381454633034  -0.443471361344173  -0.5784828390121044  0.6846099302785797  2.0963223739221664  0.0  0.0  0.0  1.0
3394309160433;1.3594709122664788;2.643656589475795;-0.2424590250153436  0.9586632015748562  0.14892443431101207  21.76128041071852  -0.7699571696994213  -0.09675326461448844  -0.6307176568123771  12.063368261712554  -0.5902368829690885  -0.2675886240718852  0.7615883075850427  11.283339411823587  0.0  0.0  0.0  1.0
3394309160464;1.5447184908495197;2.133318448698416;-0.6749715305104841  -0.24780837046272472  0.6949852117339937  7.277638259977952  -0.6888111974006734  -0.1260080181529945  -0.7139055355553743  8.523776295076253  0.26448547660653565  -0.9605795078439701  -0.08564135551501953  -0.7703497081298836  0.0  0.0  0.0  1.0
3394309160495;2.78060091011266;2.864390619235334;0.17086815546771947  -0.8234708486172891  -0.541017407228808  -5.712711773986125  0.9474765587890099  0.2879899498378947  -0.13910413127475085  -0.5681461323641174  0.27035577299624197  -0.4888328449172469  0.8294276374330166  -5.40005108385336  0.0  0.0  0.0  1.0
3394309160526;1.34399863829473;2.659594743378896;0.8355160729389732  -0.10911502754053837  -0.5385227967555916  6.341351414791686  0.0829510489169506  -0.9438026573991736  0.31993072276640727  -7.639351415387376  -0.5431684962736834  -0.31197829195488214  -0.779511083952435  11.124222743418148  0.0  0.0  0.0  1.0
3394309160557;2.19301441794297;3.1753263286924116;0.6507767873519439  -0.28402369379936887  -0.7041449526940069  -2.216431322914221  0.7571645894807811  0.31176612849950663  0.574024098411233  -8.23474334259615  0.05649210104326799  -0.9067151826681807  0.4179428430284765  4.070065290561777  0.0  0.0  0.0  1.0
3394309160588;3.3552539819811384;2.4025036532554944;0.6435804367242669  -0.4473062037356811  0.6210647160847051  2.755697084712119  0.40338342444889197  0.8878340976007227  0.22143267152205895  -3.9344581069614155  -0.6504506394382952  0.1080174765354393  0.7518285645127009  5.6663351482213  0.0  0.0  0.0  1.0
3394309160619;3.0056203551742433;2.448170912262;-0.20443310276505888  0.9455471475685657  0.25327395882482756  2.4637606026277266  -0.13881005475791763  -0.2841261708696021  0.9486854524683525  -1.633809354061855  0.9689885836231279  0.15878573850295027  0.18933624601781318  -10.446742330426298  0.0  0.0  0.0  1.0
3394309160650;2.0651927868102353;1.6999400775729017;0.02567182515204708  -0.5862192398913877  -0.8097456144830462  17.423798022776204  -0.17822467009571852  0.7943515776565845  -0.5807250106924685  4.673339017976076  0.9836548807191651  0.15922491593861332  -0.08408627582255271  -13.555056592532553  0.0  0.0  0.0  1.0
3394309160681;2.0883872688177947;2.782872157454616;0.21971262467527158  -0.5914489611878506  0.7758314822615254  -0.1657497307105263  -0.49276633707702966  0.619074764282801  0.6114963395408692  4.6558053267127  -0.8419665667958501  -0.5166571034429004  -0.15542759684175259  -3.2185334886808055  0.0  0.0  0.0  1.0
3394309160712;2.2055221376060135;3.7820481724522943;-0.8468610615687542  0.2611572348031151  -0.46327447707448177  23.566926791538158  -0.2672764347987522  -0.9621176156429776  -0.0537866253890284  1.3984234398921451  -0.45977130162713753  0.07827255189057027  0.884581119977487  20.754467764199777  0.0  0.0  0.0  1.0
3394309160743;2.1472367397073575;3.6033182795957357;0.7801998793007274  -0.625529976338601  -0.0006301118636112824  -1.9759249666390473  -0.5532073631147516  -0.6904641029130507  0.46606966859483634  10.18141496705698  -0.291975618390911  -0.36327891666088497  -0.8847477985137571  0.02666474037395809  0.0  0.0  0.0  1.0
3394309160774;3.3639630831655443;3.417385300628314;0.31907678884129365  0.9180470217775174  -0.23532885209459314  18.369287302122004  0.642480470952463  -0.026991562283984374  0.7658265469479177  2.429496650610114  0.6967128872551662  -0.3955516671319946  -0.5984396639275087  -7.732718688401872  0.0  0.0  0.0  1.0
3394309160805;1.324119052607352;2.463669757229349;-0.4609555990702764  -0.28955958230957624  -0.8388534937511237  28.23793902563286  -0.3698519494294646  -0.7965754381726714  0.4782019519023755  8.969373443837751  -0.8066780467999533  0.5306814671653051  0.26009173231437366  14.461784993943006  0.0  0.0  0.0  1.0
3394309160836;1.3305106697980524;2.7277183510556626;0.6810659657283145  -0.20543056253992997  0.7028139400304233  -1.8561255440221176  0.031203188014299638  -0.9508225468641917  -0.30816042158660895  2.08955312599275  0.731556909190463  0.23180761063696798  -0.6411627876494991  -0.3210627543599717  0.0  0.0  0.0  1.0
3394309160867;3.084620563102242;2.5933681686033294;0.16328116994877895  0.9721612690467433  0.16805274917591717  11.01269896605868  -0.8659346207431279  0.2228434849712974  -0.4477700456755706  20.338653156230222  -0.4727541561304498  -0.07241027669656254  0.878214244754726  1.5666970000602043  0.0  0.0  0.0  1.0
3394309160898;2.141076967332666;0.010433732108242534;0.5707784307769235  0.7640909279743304  -0.3006277378206468  11.963488578537167  0.48479474547387624  -0.6090981047994282  -0.6276731263091199  -8.53605307634272  -0.6627111269027801  0.2125195344364176  -0.7180873273928294  16.344623929976965  0.0  0.0  0.0  1.0
3394309160929;4.439440389033587;2.1256342233314234;0.21807765042943772  0.9756639244774739  0.02284830095192461  0.9076289678603838  0.19768424051658706  -0.06708806724092214  0.9779673472490066  -12.354755021943314  0.9557003083783928  -0.20875607226399845  -0.2075037899855141  -13.414469704875833  0.0  0.0  0.0  1.0
3394309160960;2.4847882689820464;2.4847882689820477;1.000000000000001  1.5265566588595902e-16  -1.6653345369377348e-16  -1.852367148558187e-14  1.3877787807814457e-16  0.9999999999999998  2.706168622523819e-16  -1.7412845471076464e-15  -1.8041124150158794e-16  2.7755575615628914e-16  1.0000000000000007  3.5450169275780266e-15  0.0  0.0  0.0  1.0
3394309160991;2.9477521292476965;3.0833816390495463;0.0473184017251812  0.9534680088943556  0.2977578292391453  3.2667436837707764  -0.32608777863849137  0.2965052464768418  -0.8976365631113301  15.271087558357943  -0.9441545050894945  -0.054620461612298665  0.3249444193896405  8.05630095724268  0.0  0.0  0.0  1.0
3394309161022;4.019397668082857;2.91901426357271;-0.6278742771902852  -0.05696936684847215  0.7762270178779274  6.48438631690195  0.7316022139454493  -0.38350703486156146  0.5636315771510761  -9.865378059315287  0.2655787879196944  0.9217791739091183  0.2824731172245052  -6.174745447153781  0.0  0.0  0.0  1.0
3394309161053;2.8365870008578016;1.6075855491131197;0.30142479692630875  0.9488384626922489  -0.09406733499862269  14.60222669913143  -0.5380041424369189  0.250699245354155  0.8047990004340047  1.6518438716504196  0.7872068562446907  -0.19197775937505585  0.5860459925523631  -16.011509591577887  0.0  0.0  0.0  1.0
3394309161084;1.9084522891745812;1.092489280613461;0.3415853908716522  -0.5520716652535808  -0.7606157355506127  10.597982912142635  -0.20056585405160443  -0.8334704432734347  0.51487897449608  -1.3727185380931968  -0.9182008271242257  -0.023321591149040935  -0.39542805218480115  18.762344860406248  0.0  0.0  0.0  1.0
3394309161115;2.6459747141640655;3.2843996359165923;0.17224094915306687  -0.9731257986546635  -0.1528372841540111  8.46519202320479  -0.4362798974491789  0.0637470049036098  -0.8975500935588794  -0.9440228245901883  0.8831720707294723  0.22127471468412843  -0.413575379011944  -7.374549920381967  0.0  0.0  0.0  1.0
3394309161146;1.4245283483443059;2.6434966113406113;-0.4704932809891802  0.7311723061070533  0.49398697485473286  2.9564986847262253  -0.3088895481456752  -0.6608710248504628  0.6839859176616581  6.091622302003473  0.8265732390964504  0.16922336509830166  0.536786860042615  -5.566091206053942  0.0  0.0  0.0  1.0
3394309161177;1.4359728733692718;2.305610221287146;-0.7878200853169316  -0.3738555820889663  -0.4894604344705944  7.6303603214789515  -0.6070175472060799  0.6058277190662876  0.5142980382957478  3.895261696914652  0.10425550611424414  0.7022853967952489  -0.7042201437711103  1.6782090842418143  0.0  0.0  0.0  1.0
3394309161208;3.0244753449661483;2.274435449767027;0.15392603308052355  -0.9327768462689038  -0.32593577803722606  11.260693358360339  0.9864792404142755  0.16385767096095905  -0.003061355732967938  -7.552063885351998  0.05626263921793295  -0.32105765639817463  0.9453869560642059  -3.6061584597640763  0.0  0.0  0.0  1.0
3394309161239;2.9239237120023964;2.7366681914490525;0.8846618404209827  0.15473361506934247  0.4398078403922915  -0.35331125583593326  0.12849381015928296  -0.9877056007912958  0.0890336280079304  -3.7697629851008374  0.44817716235179694  -0.02225206806292168  -0.8936677663501208  9.5923734144849  0.0  0.0  0.0  1.0
3394309161270;1.0304885640464179;2.7905980485646924;-0.8898079481955622  0.20426603473165167  -0.40806519379017153  7.204215064056609  -0.15273707859995714  -0.9759587053100571  -0.15548630277380365  5.283105952779893  -0.4300153487362435  -0.07602626246583619  0.8996148104976498  0.3402816628540901  0.0  0.0  0.0  1.0
3394309161301;2.0398930971718565;2.2990986886215934;0.3496616312744102  -0.12005524826660083  0.9291520225335383  0.7476992712236165  0.8809892792940015  -0.2952756766813744  -0.36968928105828847  -0.3542823372626313  0.31873913061241227  0.94783912776589  0.0025208118617903175  1.0378304619411354  0.0  0.0  0.0  1.0
3394309161332;2.256914975873143;3.649347512157642;0.33200116441377625  0.9145186195247512  0.2311512954115536  2.802356800357531  -0.6725044495555828  0.4013160957972489  -0.6218385293482519  5.73352871327843  -0.661447648839906  0.05100084113616321  0.7482552519345016  -4.893892933599428  0.0  0.0  0.0  1.0
3394309161363;3.66917130522765;2.141319577872167;-0.6820558789779436  -0.4321598537866311  -0.5899471490962078  31.145993947797542  -0.4705892422321404  -0.35812803059970116  0.8064056539944153  -1.476753616373671  -0.5597727601866715  0.8276364989981402  0.04089355058071633  12.162683156392665  0.0  0.0  0.0  1.0
3394309161394;2.752686316258313;2.957599861248235;0.7893064885304522  -0.3195545726754967  0.5242901317456845  -1.3722787995550016  0.3726414970528263  0.9279640301315925  0.004590583422620642  -6.212842700259682  -0.4879893255368959  0.19174888230212067  0.8515273244576078  -0.9141343696798836  0.0  0.0  0.0  1.0
3394309161425;1.9040075588087033;1.9040075588087046;1.0000000000000002  1.2663481374630692e-16  -5.551115123125783e-17  -3.161915174132446e-15  7.632783294297951e-17  1.0000000000000002  -6.245004513516506e-17  -1.0277163397642147e-15  1.1102230246251565e-16  2.7755575615628914e-17  1.0000000000000009  -2.09025873866564e-15  0.0  0.0  0.0  1.0
3394309161456;1.9884497529698029;2.6283964410577574;0.07322294513710309  -0.7074453955001964  0.7029647307589617  2.6357889493895006  -0.8291469089063931  -0.4348757689451863  -0.3512811822960439  6.445205653135945  0.5542145827713503  -0.557139190840048  -0.6184190474699777  -5.875144142701739  0.0  0.0  0.0  1.0
3394309161487;2.3504147878262693;3.3103211467047613;-0.5627933421021977  0.6584735665983155  -0.49967611127282496  13.445890840922324  -0.446229171964672  0.26682378658780637  0.8542157766037032  -5.9971798988989065  0.6958039811420756  0.7037170091750222  0.14366346377767553  -11.681362527096518  0.0  0.0  0.0  1.0
3394309161518;2.2062122654647958;3.7404481493303936;0.8865603291624367  0.09307730762843042  -0.45315273094182823  5.938247060138504  -0.45022479011588556  -0.051571236641157814  -0.8914247281270641  -1.3478226029152944  -0.10634106036946042  0.9943223935705893  -0.00381530124033691  -10.033857683452762  0.0  0.0  0.0  1.0
3394309161549;1.3852236987168691;2.528423981707247;-0.2263176069659924  -0.618028881306086  0.7528749183288914  -1.4059447818076898  -0.3488311689361856  -0.6702393357702101  -0.6550542331478535  2.3615553610685485  0.9094488200859907  -0.4108765443023677  -0.06390077453633419  1.2019912568856101  0.0  0.0  0.0  1.0
3394309161580;2.2986137988137836;2.2986137988137836;0.9999999999999998  2.42861286636753e-17  -2.0816681711721685e-17  2.8226631535593907e-15  -3.469446951953614e-18  1.0  2.220446049250313e-16  -8.113602563246391e-16  -1.3877787807814457e-17  2.8145888397723695e-16  1.0000000000000002  -7.697297660369524e-17  0.0  0.0  0.0  1.0
3394309161611;3.407144086678155;4.147349500930772;0.7130012535573441  -0.6841275966278566  -0.15361850135269767  1.164829208230374  0.5360790623055934  0.6731024407269006  -0.5094627986860716  -10.476627208840577  0.4519385482377134  0.2808959519460573  0.8466693645084294  8.012986851753334  0.0  0.0  0.0  1.0
3394309161642;1.7425026346266586;3.4549365760515105;0.28744074184588775  -0.9549850271828546  0.07335814735697488  12.082629689890119  0.572420937102157  0.1098748534927147  -0.8125649434580857  2.3784043325113084  0.7679271389228103  0.27555600959971177  0.5782359335766928  -12.698877396427816  0.0  0.0  0.0  1.0
3394309161673;2.6456540480703254;3.1704828244254095;-0.499684460256889  0.43472913586724804  -0.7492169369454335  9.874062372972746  -0.8042054884303218  -0.5541795301152921  0.2147989310488792  7.3545894950587245  -0.3218213363907513  0.709856060641388  0.6265264564360884  4.41211289722263  0.0  0.0  0.0  1.0
3394309161704;3.077519635932954;1.5902985178134788;-0.5863676849089317  -0.7173192240989096  -0.3763323914210426  21.627496449311064  0.026677421419293176  -0.4814305260957287  0.8760781721568053  -2.2607617805054963  -0.8096056158902066  0.5036643518071637  0.3014315302646879  2.8061757034143366  0.0  0.0  0.0  1.0
3394309161735;3.1217165961473894;3.1217165961473885;1.0000000000000009  -1.491862189340054e-16  -5.551115123125783e-17  -1.4917583834872515e-14  -2.0816681711721685e-16  1.0000000000000002  1.1102230246251565e-16  2.9007729378249806e-15  -4.163336342344337e-17  -3.469446951953614e-18  1.0  7.422822339425706e-16  0.0  0.0  0.0  1.0
3394309161766;2.088824937831005;2.2097936945622467;0.07864028971923015  0.07300021116667463  -0.9942266713393356  0.8381378566776444  0.9262816285070857  0.36333675406021415  0.09994372336094054  -7.5381205763148  0.3685350044746582  -0.9287935035941026  -0.03904584687588877  -4.141030226715573  0.0  0.0  0.0  1.0
3394309161797;2.586432702881334;1.556220037314446;-0.2884426075208917  0.32992870521750634  0.8988592279328556  25.230895259511254  0.6601981544202493  0.7484559073006932  -0.06286614133851472  -16.517277028328156  -0.6934978435919223  0.575291929632423  -0.43370489579108656  13.575529445114718  0.0  0.0  0.0  1.0
3394309161828;3.2220836563382176;3.2220836563382176;1.0000000000000002  -1.1102230246251565e-16  2.5673907444456745e-16  -2.9686919589266835e-15  -2.7755575615628914e-17  1.0  -5.551115123125783e-17  4.53748844053692e-16  2.7755575615628914e-16  -2.0816681711721685e-17  1.0000000000000002  -4.906319035942463e-15  0.0  0.0  0.0  1.0
3394309161859;1.6225102333552934;1.6225102333552937;1.0000000000000009  -5.551115123125783e-17  1.1102230246251565e-16  -1.5991616364452453e-14  2.220446049250313e-16  1.0000000000000004  8.326672684688674e-17  -4.2414319452455105e-15  -2.7755575615628914e-17  5.551115123125783e-17  1.0000000000000007  1.0231037805147338e-15  0.0  0.0  0.0  1.0
3394309161890;1.282929335068904;3.8892385275180277;-0.8826342119780871  0.12702054523943046  0.45257334094365254  15.869632982779901  0.019675028929429572  -0.9519713275680293  0.30555438914371713  6.4262238263543985  0.4696485293093631  0.2785971510540654  0.8377433296315228  -10.674725340508616  0.0  0.0  0.0  1.0
3394309161921;1.558203848860055;2.330628131062957;-0.07491680069986995  -0.35359891350410644  0.9323922357793483  0.913022203740462  0.6135472322742098  0.7207420234321152  0.3226309492712035  0.06465943330587805  -0.7860962197730972  0.596237154182542  0.16295394819012726  -2.379921363369364  0.0  0.0  0.0  1.0
3394309161952;3.0446776651304432;2.576996890415194;-0.8833327701162106  -0.4213610252940011  0.20537308392778988  14.940933001483323  0.02523205907544651  -0.4802394269456193  -0.8767744499024577  -12.502199167089946  0.46806683329801946  -0.7693016178132815  0.4348430296052045  -2.743222616469797  0.0  0.0  0.0  1.0
3394309161983;3.4771226457556867;1.909195011533988;0.5326578905073298  0.09142223778984349  0.8413783608566232  1.9632934945616571  -0.48227368642760293  0.8497345666717153  0.21298651972075894  0.15353718227102042  -0.6954765726175188  -0.5192235940716954  0.49670836141488484  13.214874365632815  0.0  0.0  0.0  1.0
3394309162014;3.770407506413389;3.6710531318293733;-0.4603126510146688  0.7593274889872872  -0.45992828547949643  14.049696579616253  0.3613385611665939  0.6334762193623339  0.6842092689495368  -1.537493971899574  0.8108925375966314  0.14876035752398992  -0.5659714202143343  -4.938814744717511  0.0  0.0  0.0  1.0
3394309162045;1.518228345276698;3.32422791906782;-0.8958038715264095  0.4086163364685648  -0.17483739110758037  23.230102366067644  -0.43041659347121386  -0.6995073470679474  0.5704656233837401  1.7550495522390652  0.1108015334863752  0.5862782282917997  0.8024966412441219  -5.119699187967591  0.0  0.0  0.0  1.0
3394309162076;2.477253977533275;2.477253977533275;1.0  -1.6653345369377348e-16  -3.3306690738754696e-16  8.903882839361721e-16  -1.6653345369377348e-16  1.0  3.3306690738754696e-16  1.6328223495509784e-16  -8.326672684688674e-17  5.551115123125783e-17  1.0000000000000002  -1.537459395906104e-16  0.0  0.0  0.0  1.0
3394309162107;3.7764439721661978;3.7764439721661986;1.0000000000000002  -4.098284211995207e-17  5.551115123125783e-17  -3.7081893111690076e-15  -2.5370330836160804e-17  1.0  4.85722573273506e-17  -2.272661659558084e-16  1.6653345369377348e-16  -2.7755575615628914e-17  0.9999999999999999  -4.671818487622658e-16  0.0  0.0  0.0  1.0
3394309162138;3.5448738491278085;3.544873849127809;1.0000000000000004  6.245004513516506e-17  1.6653345369377348e-16  -2.7468258570473304e-15  -1.3010426069826053e-17  1.0000000000000007  -2.2551405187698492e-17  -4.57952772925374e-15  1.6653345369377348e-16  -8.326672684688674e-17  1.0000000000000004  -4.799440142186362e-16  0.0  0.0  0.0  1.0
3394309162169;3.3386677234651425;3.3386677234651425;1.0000000000000002  -5.551115123125783e-17  0.0  -1.8794560905418393e-15  1.1102230246251565e-16  1.0000000000000002  -1.1102230246251565e-16  6.581402089977929e-16  2.498001805406602e-16  -3.3306690738754696e-16  0.9999999999999998  -5.511474944778962e-15  0.0  0.0  0.0  1.0
3394309162200;3.9550078381949887;3.2499580031299224;0.9305178778232752  0.36317348749332723  -0.04734445092301426  4.203093270723637  0.3640549279158023  -0.9313095157478561  0.01125145935926164  6.7572335192253306  -0.040006105927568175  -0.02770566475338604  -0.9988152520006315  7.21075507560878  0.0  0.0  0.0  1.0
3394309162231;2.42664388566255;2.4406348980745713;0.9987356274172386  -0.04559357361098115  0.02117480986631068  -6.926149650472141  -0.03966033170900801  -0.45580094561773843  0.8891977035860509  3.4724333651111947  -0.03089020259282587  -0.8889132263721555  -0.45703289965211363  -4.088448242216013  0.0  0.0  0.0  1.0
3394309162262;2.736577686008396;2.736577686008396;1.0  -3.885780586188048e-16  -2.7755575615628914e-17  9.178630078210414e-17  -3.885780586188048e-16  1.0000000000000004  1.1102230246251565e-16  4.33163018257951e-15  -4.163336342344337e-17  2.220446049250313e-16  1.0  2.1598077059453717e-16  0.0  0.0  0.0  1.0
3394309162293;2.8148683419657083;2.1614450553591413;0.9651470839180597  -0.25921155903141024  -0.036062086309205876  0.32737255509787205  0.2254235122996143  0.7534034393908707  0.6177115003110368  2.0309159793870077  -0.13294866117028906  -0.6043116953845198  0.7855775126074547  -9.82332276536318  0.0  0.0  0.0  1.0
3394309162324;2.2219663596591737;1.701857598323537;-0.47770394592603216  0.8629425608648279  -0.16470906682618067  24.824226073808752  -0.8718621843392358  -0.4887161417763165  -0.03182552884852506  10.449168351277047  -0.10795958302029215  0.1284004260714278  0.9858286154391952  10.452067719073662  0.0  0.0  0.0  1.0
3394309162355;3.4807471093941937;0.7882069822776603;0.7648263969219851  -0.375282314258199  -0.5236446955487524  -7.570333930395267  0.6025138244849073  0.12892081743664074  0.7876271415689278  -6.719558714831457  -0.22807383426405095  -0.9179011969904383  0.3247148267135572  4.79118325821465  0.0  0.0  0.0  1.0
3394309162386;1.7900521026949254;1.986464787665178;0.7895501660972872  0.4767830695843373  -0.3863786223039309  4.221591035950789  -0.6018579018563509  0.478575371511308  -0.6393220469809286  2.7825330256548826  -0.1199066352993779  0.7373218553254407  0.6648149219674836  0.3120846595150013  0.0  0.0  0.0  1.0
3394309162417;3.2825031286422393;3.2825031286422384;1.0  -2.220446049250313e-16  -3.3306690738754696e-16  1.6076843849244239e-15  -3.3306690738754696e-16  1.0  -2.7755575615628914e-17  1.4366328480032271e-15  -2.7755575615628914e-16  1.1102230246251565e-16  0.9999999999999994  3.833370816955229e-15  0.0  0.0  0.0  1.0
3394309162448;2.5548125902487047;0.00525222590415495;0.4688846720573948  -0.8545322413493467  -0.22343189746339226  15.320973954339072  0.8640210277050216  0.49626302662305133  -0.08479783069446693  -16.77719627985274  0.18334347000421966  -0.1532894546320497  0.9710239518700974  -1.1286458114443567  0.0  0.0  0.0  1.0
3394309162479;2.7901407133897638;2.790140713389765;1.0000000000000002  6.071532165918825e-17  1.3877787807814457e-17  -2.2159576257285705e-15  -1.734723475976807e-16  1.0000000000000002  -2.7755575615628914e-16  2.0509535042512184e-15  -2.7755575615628914e-17  -4.440892098500626e-16  0.9999999999999999  2.501729509316044e-16  0.0  0.0  0.0  1.0
3394309162510;2.4626078118590478;2.4626078118590473;1.0  1.249000902703301e-16  -3.122502256758253e-17  4.18992618378411e-16  4.683753385137379e-17  0.9999999999999999  -3.3306690738754696e-16  3.022024376076773e-16  8.326672684688674e-17  -3.3306690738754696e-16  1.0000000000000007  -6.4194537706396825e-15  0.0  0.0  0.0  1.0
3394309162541;2.621200470666735;2.621200470666735;1.0000000000000002  2.7755575615628914e-17  -2.0816681711721685e-17  -1.4679077425154909e-15  0.0  1.0  3.5561831257524545e-17  -1.3624869461825727e-16  -1.3877787807814457e-17  2.7755575615628914e-17  1.0000000000000004  -2.4754504869550773e-15  0.0  0.0  0.0  1.0
3394309162572;1.826907686892434;1.826907686892434;0.9999999999999999  -5.551115123125783e-17  -2.220446049250313e-16  -6.479153151495164e-16  2.7755575615628914e-17  0.9999999999999998  -5.551115123125783e-17  -3.351637652311556e-16  -2.7755575615628914e-16  -5.551115123125783e-17  1.0  8.827898047986117e-16  0.0  0.0  0.0  1.0
3394309162603;1.9909019248105964;1.9909019248105972;1.0  1.6653345369377348e-16  -2.7755575615628914e-17  4.0830134412361833e-16  3.3306690738754696e-16  1.0000000000000007  -4.163336342344337e-17  4.3004272018421356e-17  -9.020562075079397e-17  -2.7755575615628914e-17  1.0000000000000004  -1.292139464002806e-15  0.0  0.0  0.0  1.0
3394309162634;3.01258289883689;3.01258289883689;0.9999999999999996  -1.3877787807814457e-16  -2.7755575615628914e-17  3.3629543594315697e-15  -1.3877787807814457e-16  1.0  2.1510571102112408e-16  1.8201383109039963e-15  -2.7755575615628914e-17  4.996003610813204e-16  0.9999999999999996  -2.4679870126720346e-15  0.0  0.0  0.0  1.0
3394309162665;3.8547413171629152;3.8547413171629152;0.9999999999999999  -1.6653345369377348e-16  3.885780586188048e-16  1.5804246800144031e-15  5.551115123125783e-17  1.0  5.551115123125783e-17  -5.475108430866293e-16  1.1102230246251565e-16  -2.7755575615628914e-16  1.0000000000000002  -1.3771421069480594e-15  0.0  0.0  0.0  1.0
3394309162696;3.0132495381752045;2.190502356906567;0.9409898798501509  0.19853678174249773  -0.27408245532125947  4.830835190298441  -0.277704927271543  0.9158435641350787  -0.2900181708125582  6.34877502583777  0.19343737846834433  0.3490182120286661  0.9169341679115287  -4.646933515361532  0.0  0.0  0.0  1.0
3394309162727;3.502392525482743;3.502392525482743;0.9999999999999998  1.8041124150158794e-16  -1.1102230246251565e-16  2.788347330806573e-15  1.734723475976807e-16  1.0000000000000002  1.6653345369377348e-16  -3.6432358865856605e-15  -5.551115123125783e-17  -2.7755575615628914e-17  0.9999999999999996  1.2059160744634647e-15  0.0  0.0  0.0  1.0
3394309162758;3.457925038615682;2.3183162422303663;0.48734955900894805  -0.7343378856958758  -0.4724809805330744  -4.550690084727217  0.4422192444401626  0.6741268822276929  -0.5916038256339642  -6.226760935691953  0.7529492328042816  0.07937768130703565  0.6532737837459595  -1.1283346973494932  0.0  0.0  0.0  1.0
3394309162789;2.1605956540110696;2.1605956540110696;1.0000000000000004  -4.3021142204224816e-16  1.249000902703301e-16  -1.1860990488388177e-15  -4.440892098500626e-16  0.9999999999999997  4.440892098500626e-16  2.731530973631991e-15  1.6653345369377348e-16  4.718447854656915e-16  1.0000000000000007  -2.874502773395765e-15  0.0  0.0  0.0  1.0
3394309162820;3.736908019221678;3.7369080192216786;1.0  2.7755575615628914e-17  -1.2836953722228372e-16  -7.331212893701977e-16  1.3877787807814457e-17  0.9999999999999998  1.1102230246251565e-16  6.1592636373120075e-16  -1.1102230246251565e-16  1.3183898417423734e-16  1.0000000000000002  1.6527658527800557e-15  0.0  0.0  0.0  1.0
3394309162851;3.0196041882655598;2.2182960192340806;-0.6580381430457496  0.6959304256260184  0.28751807766624227  2.556947961877193  0.6021733720476338  0.25712182985255433  0.7558277545909886  -5.067515609745999  0.45207635670723173  0.6704992224464269  -0.5882667425624646  -4.376705983290458  0.0  0.0  0.0  1.0
3394309162882;1.0159530457947656;2.3851059783075397;0.8409700447042491  0.2898041517976829  -0.4569277158489726  0.47017337621670535  0.03709698334839662  0.8116023016889298  0.5830313179578606  4.707949571737751  0.5398084824607541  -0.5072625133932693  0.671782364139876  -1.3170841782292244  0.0  0.0  0.0  1.0
3394309162913;3.707565587024253;3.707565587024253;0.9999999999999999  -2.1510571102112408e-16  5.551115123125783e-17  3.432043538253993e-15  -2.0816681711721685e-16  0.9999999999999998  0.0  4.214557782628026e-15  1.1102230246251565e-16  5.551115123125783e-17  1.0000000000000002  -1.7397994069717759e-15  0.0  0.0  0.0  1.0
3394309162944;2.7894836947736765;2.7894836947736765;1.0  2.7755575615628914e-17  4.163336342344337e-17  -4.085620730620576e-18  0.0  1.0  0.0  0.0  4.163336342344337e-17  -5.204170427930421e-17  1.0  -7.132777007923252e-16  0.0  0.0  0.0  1.0
3394309162975;2.6130962231388835;1.7093457904565743;0.829699489279347  0.5554501954078263  0.055442203338234866  0.8779839901176214  -0.12763559428529328  0.2854641033918222  -0.9498523047011797  7.2113167918086525  -0.5434224071208608  0.7810155735298177  0.3077446365785418  11.845536661953446  0.0  0.0  0.0  1.0
3394309163006;2.118558382630927;2.118558382630927;1.0000000000000002  -6.938893903907228e-18  -2.220446049250313e-16  -3.895830815066336e-16  -3.469446951953614e-17  1.000000000000001  -1.1449174941446927e-16  -9.856871395486075e-16  -5.551115123125783e-17  -5.551115123125783e-17  0.9999999999999999  9.795812164897782e-17  0.0  0.0  0.0  1.0
3394309163037;1.6957835337450329;1.695783533745034;0.9999999999999997  0.0  0.0  7.853273586988506e-15  -1.3877787807814457e-17  0.9999999999999996  -5.551115123125783e-17  9.571423406455615e-16  -1.6653345369377348e-16  -9.71445146547012e-17  0.9999999999999999  4.751188591861632e-15  0.0  0.0  0.0  1.0
3394309163068;2.3800172959411823;2.380017295941184;1.0000000000000004  -1.942890293094024e-16  5.551115123125783e-17  7.014157050316828e-16  -2.220446049250313e-16  0.9999999999999999  3.885780586188048e-16  3.3520870107439654e-15  3.0531133177191805e-16  3.885780586188048e-16  1.0  -3.863438301915378e-15  0.0  0.0  0.0  1.0
3394309163099;2.23708937419933;2.23708937419933;0.9999999999999998  -3.3306690738754696e-16  0.0  7.343300013201716e-16  -2.220446049250313e-16  0.9999999999999998  -1.3877787807814457e-17  8.139537871834635e-16  -5.551115123125783e-17  -1.1102230246251565e-16  0.9999999999999998  4.509101642416469e-16  0.0  0.0  0.0  1.0
