# registration_from_features.py TEASER TEASER_config.json l2 True --use_random_keypoints=True --n_keypoints=5000 --input_txt=/neural_comparison/point_clouds_registration_benchmark//tum/long_office_household_global.txt --input_pcd_dir=/neural_comparison/point_clouds_registration_benchmark//tum/long_office_household/ --input_features_dir=/neural_comparison/experiments/FCGF/3dmatch_normalized_5cm_32//tum/long_office_household/ --output_dir=/root/neural_registration_comparison/results/FCGF/3dmatch_normalized_5cm_32/TEASER/
id;initial_error;final_error;transformation
26456013410030;24.056836472779853;0.026202970080902235;0.1467491249795902  -0.7548490650422819  -0.6392711344355525  11.073211278090653  0.3878409824090481  -0.5506122080463396  0.7391925112677473  -0.7806244867691587  -0.9099692668885634  -0.35641139902523944  0.21195954322266955  6.767187829881592  0.0  0.0  0.0  1.0
26456013410061;16.110941053263648;15.20584946324557;0.5775856713075078  -0.582825026882283  -0.5715853220123154  0.4239694126903776  -0.25877072653704514  0.5333599715576688  -0.8053352418884276  -2.3865409839429446  0.7742302650941425  0.6130596453687596  0.15724302157038836  9.82939535906432  0.0  0.0  0.0  1.0
26456013410092;32.82719740492137;46.011870875330736;0.3019510661826636  0.7631826055123265  0.5712949013202979  4.61788709480051  -0.70506196031734  -0.22456843352618616  0.6726489803583038  -0.6025277612074692  0.6416488024960559  -0.6059053798300621  0.47028234598841356  -6.73409992351854  0.0  0.0  0.0  1.0
26456013410123;8.030007789245241;15.528851874373334;0.730946497653367  -0.5833963173856593  -0.35407055007318494  5.582018781528099  -0.5312956205992627  -0.8121025415046673  0.24127665783018737  -3.9083287052675146  -0.42830150723564  0.011755804630569883  -0.9035594169489728  5.257233928141403  0.0  0.0  0.0  1.0
26456013410154;21.220771897058373;0.1348499903703727;-0.4024019824315996  0.9143447885905944  -0.04523551826098299  2.8554899230583253  -0.7813190345647842  -0.36876909901921084  -0.5035374046039807  -7.33937048773549  -0.477088263072853  -0.16728107838539574  0.8627884039857903  -1.9130280627393164  0.0  0.0  0.0  1.0
26456013410185;19.26200113698659;0.06876550472986853;-0.7757225030781358  -0.5869997504368134  -0.2317021605538226  4.8727630915110876  0.6269562038785349  -0.7587125891974394  -0.1768647093445565  -7.040408909348602  -0.07197580591009703  -0.282465042050226  0.956573564020644  6.259423835592229  0.0  0.0  0.0  1.0
26456013410216;50.426729253589905;2.8077028790948675;0.5042163814815852  0.8615751749404239  -0.05877123932669115  -0.2896663034374048  0.509929028679833  -0.24211749937148255  0.8254401869352754  -2.559692174878402  0.6969492279608743  -0.44616962517015757  -0.5614218015184864  15.908253876473667  0.0  0.0  0.0  1.0
26456013410247;16.43598563955728;2.633666514706546;-0.07074989644342877  -0.48760205653173994  -0.8701946257126975  -14.830712187632026  0.756414856692436  0.5424687480762302  -0.3654643921582068  0.08720781681775196  0.6502545783984949  -0.6840847110019522  0.33044983196420374  4.619997025372825  0.0  0.0  0.0  1.0
26456013410278;4.451095854873883;0.018340023075676712;0.4837117603682159  -0.8531602859568578  0.1952958252177823  -1.5351588289721358  0.8747136297388044  0.4788833660979135  -0.07447675895135297  -3.5699298323860797  -0.02998330920108523  0.20685320432795976  0.9779124465045975  -1.9943490378792255  0.0  0.0  0.0  1.0
26456013410309;14.843187227628507;33.663563017955646;0.16736178981216052  0.9094773770031112  -0.3805797315023629  8.381175345390995  0.2652222699557014  -0.41332710839700143  -0.8711015147408014  -1.9010695733579521  -0.9495510406662796  0.04485088832691675  -0.3103888190413293  9.743353253348598  0.0  0.0  0.0  1.0
26456013410340;36.61625219677321;18.755453763738533;-0.9726347052169798  0.13111594504167226  -0.1918080789834169  11.297177809462623  0.13458700661654577  -0.35498447058862503  -0.9251337002244119  1.7102525822781038  -0.18938866876737215  -0.9256320189993126  0.3276237133447145  -7.366472607685754  0.0  0.0  0.0  1.0
26456013410371;16.775870467996327;30.700219705891186;-0.5175341649166496  0.5140541481413038  0.6840370756930831  -6.919500415310535  0.8378772154633569  0.4665999632747646  0.28327768369456924  6.614921599420755  -0.17355160601791658  0.7197449597258092  -0.6721956805855682  1.1592161079996044  0.0  0.0  0.0  1.0
26456013410402;13.98992247418953;8.628004869410022;-0.21978457133699272  0.02514472514690752  -0.9752243254756833  2.806438804558899  -0.9586131717378346  -0.1910261320302095  0.21111561726292521  -10.808388033327255  -0.18098488658709383  0.9812628392428118  0.06608866126797647  -2.1125268766676832  0.0  0.0  0.0  1.0
26456013410433;17.58225518951724;15.66963881807407;0.01937604607562849  -0.99168013554073  -0.12725988217971293  -3.7315823707093667  0.42707895384182837  -0.10687765914575624  0.8978756780094301  -8.291636097051143  -0.9040067123776491  -0.07174729785464296  0.4214548483843933  6.780118900425883  0.0  0.0  0.0  1.0
26456013410464;29.267796526965547;0.15174208796133276;-0.15383719294545206  0.8516019563843646  -0.5011070004988832  0.2885872083026857  0.8194050340123851  -0.17346077184313932  -0.5463394099520413  7.464808594059135  -0.5521861174475742  -0.4946569200101274  -0.6711222118096439  9.703546219974005  0.0  0.0  0.0  1.0
26456013410495;22.000074074649238;7.204837480652656;0.5800573105185843  0.6301130560006843  0.5162277144549914  -6.709974798861963  0.5409866791919901  0.17579394108521593  -0.8224535872707648  -6.840009626177115  -0.608988447715364  0.7563425328085189  -0.23891220900997426  -8.200134675091174  0.0  0.0  0.0  1.0
26456013410526;28.53243280520365;18.701974086856715;-0.14396066771371363  0.9183151225174709  0.3687447110226043  -2.952502803812369  0.9515940304781647  0.23071934551696896  -0.20306990117332258  -3.3747108557245924  -0.27155869956556944  0.32166118721403686  -0.9070776997205442  0.49707980997048107  0.0  0.0  0.0  1.0
26456013410557;13.431394888809669;0.10544678381414663;0.9444959434418752  0.061015484843254114  0.32280725430384194  -5.499380872041346  0.3132179339343784  -0.46366751410834983  -0.828798505200427  5.951483947132498  0.0991056945070361  0.883905847344572  -0.45704323028172344  -3.5712596230719584  0.0  0.0  0.0  1.0
26456013410588;23.13991134769726;15.931196739995421;-0.09798101615760613  0.8142384450923049  -0.5722023025175526  14.692332789800515  0.9872714557855791  0.0071482000121713685  -0.1588835291262429  7.662518990007974  -0.12527886120070936  -0.5804865698448598  -0.8045747629437572  12.212207286246459  0.0  0.0  0.0  1.0
26456013410619;11.220211835576826;3.1555593457635704;0.15415959522753545  0.4190726216436175  -0.8947697787632458  3.9994582509440826  -0.7539751622787353  -0.5353758105060816  -0.38064970273430065  -1.7911814733995362  -0.6385579643744471  0.733314993242128  0.23343702966809018  6.814446418498044  0.0  0.0  0.0  1.0
26456013410650;8.379680664534527;37.51236631371024;0.427342820385534  -0.8370557009252647  0.34163704045880355  -4.908878310289487  0.013101051721374546  0.38357334693280554  0.9234174841135289  7.250211814064975  -0.903994732456296  -0.3901400275174014  0.17488362593447773  -3.2294502791511386  0.0  0.0  0.0  1.0
26456013410681;3.751139155323144;3.751139155323144;0.9999999999999998  -2.7755575615628914e-17  -5.551115123125783e-17  -1.1142631375240836e-16  -8.326672684688674e-17  1.0  0.0  -7.711228819752118e-17  -6.245004513516506e-17  0.0  0.9999999999999996  8.286002214839475e-16  0.0  0.0  0.0  1.0
26456013410712;8.36841917267873;8.49997894288364;-0.4445828824783614  0.37046404705830854  -0.8155381354936201  -14.530942946531464  -0.2948057433910483  -0.9202577767687676  -0.25732313918545385  -5.439598571198574  -0.8458342829838967  0.12602386335049645  0.5183457838116675  9.399561199814759  0.0  0.0  0.0  1.0
26456013410743;2.3847560530595797;0.02164749512367213;0.42198562450106153  0.39342172198227743  -0.8167909655395005  -0.6445043088911979  -0.8436181943778298  0.5003430311305024  -0.19484658917679312  -0.166490048487805  0.33201878686173664  0.7712821791482287  0.5430352891840647  -0.31340968518854917  0.0  0.0  0.0  1.0
26456013410774;15.963195035722586;0.036531765286821935;-0.1335102210385818  -0.97866834850759  0.1561514793642874  -10.368717196435266  0.9236741561686228  -0.17998198678498561  -0.3382787868890281  1.3666099567397276  0.3591671951952349  0.09906941032607303  0.928000095815315  -3.6175186738293528  0.0  0.0  0.0  1.0
26456013410805;5.1512682190192525;0.05216914590648926;0.2767030816253945  -0.6136085263454998  0.7395403849791535  1.522121935088047  -0.19092719017777066  0.719140864541457  0.6681191697574523  1.9599027286153268  -0.9417973309952802  -0.3260690008919438  0.08183394153710254  0.49841932662678373  0.0  0.0  0.0  1.0
26456013410836;18.642995246390836;0.02369695067905775;-0.3417447457185683  0.045241533621685814  0.9387032184931028  -5.167265891856485  0.5381179808101217  -0.8094698189826068  0.2349205203576344  10.306353956576904  0.7704800889721866  0.5854159340091649  0.2522867747338116  9.141664099010647  0.0  0.0  0.0  1.0
26456013410867;29.507135292695715;0.11517973062216429;0.055824766627407534  -0.570569990566234  0.8193494256397834  -8.031817736678244  0.9878104511742821  -0.08786731539948264  -0.12849065115933267  6.2597366337809035  0.1453069440249056  0.816534886425397  0.5587098274313846  -0.24541794981616674  0.0  0.0  0.0  1.0
26456013410898;5.642843118076654;0.026276564967957813;-0.9913530959501375  0.06416121350851284  0.11446561855505796  0.4943186697687425  -0.06964888143670697  -0.9965740416479703  -0.044600592238723064  1.4701481985319003  0.11121183599191437  -0.05218733749238829  0.9924255182837469  2.783788141438994  0.0  0.0  0.0  1.0
26456013410929;7.924184270643275;0.015298191455292855;-0.9421510587805624  0.17249013254953557  0.2873996113631837  0.5154703003852029  -0.27764516342944034  0.0787685594856197  -0.9574490468222315  3.446481188327788  -0.18778856637959823  -0.981856745258494  -0.02632083067631455  3.364490399334337  0.0  0.0  0.0  1.0
26456013410960;5.477806233433959;5.477806233433959;1.0000000000000007  2.220446049250313e-16  -1.1102230246251565e-16  4.237232786863387e-15  2.7755575615628914e-16  1.0  1.6653345369377348e-16  1.8840040638679056e-15  -2.7755575615628914e-16  5.551115123125783e-17  1.0000000000000002  -6.395980967077719e-16  0.0  0.0  0.0  1.0
26456013410991;10.096749814870382;14.133802852740677;-0.3343713110150129  -0.2405270984106847  -0.9112313324838198  -9.984051636595161  -0.5860539725464712  0.8102711700215505  0.0011714497041013516  -3.64748714821361  0.7380627125336993  0.5344224414843048  -0.41189329492643145  13.961187602516212  0.0  0.0  0.0  1.0
26456013411022;35.36518793250331;11.978966451553525;0.3765940306651413  0.9186997690377703  0.11902802374790099  2.1571584937634554  0.42957777630199145  -0.059347947838514006  -0.9010775522643956  8.520554539510144  -0.8207556702057077  0.3904722211083723  -0.4170030867606086  12.58080168453485  0.0  0.0  0.0  1.0
26456013411053;24.5254343392253;6.487226842223812;-0.15863892416095302  -0.8898124513810381  0.42786387217002  9.72625690296563  -0.7719063473107078  -0.15842938526671776  -0.6156790729474656  -12.330005180030978  0.6156251154091233  -0.42794150447377466  -0.6617188119029309  6.5103898718795365  0.0  0.0  0.0  1.0
26456013411084;24.922393186294816;0.14589211970638546;-0.16117119218439702  -0.9293127619505697  0.33226741833298223  -9.755483522618093  -0.4993851093616019  -0.21359622491902364  -0.8396375201527398  1.8037559686078457  0.8512569291099846  -0.3012547811672813  -0.4296593970415317  -2.587003577519566  0.0  0.0  0.0  1.0
26456013411115;40.938989354120714;40.938989354120714;1.0000000000000004  -1.6653345369377348e-16  -8.326672684688674e-17  3.9972985239294143e-16  -9.71445146547012e-17  1.0000000000000007  5.551115123125783e-17  3.9327007259192305e-15  3.469446951953614e-17  -1.6393136847980827e-16  1.0000000000000004  -7.105427357601002e-15  0.0  0.0  0.0  1.0
26456013411146;41.67514629420138;30.32502933982011;0.6171448293968524  0.7651100866372875  -0.18368128613065338  -4.220366547162221  0.785148941337495  -0.5834574531301812  0.20765004286889369  6.726527628443175  0.05170492689618872  -0.27236731762956456  -0.9608031249022534  -1.5433123491132732  0.0  0.0  0.0  1.0
26456013411177;4.1746707975987976;4.174670797598798;1.0  0.0  1.6653345369377348e-16  -1.9880729638885418e-16  -8.326672684688674e-17  1.0000000000000002  -1.1102230246251565e-16  6.062735480556377e-16  -2.1510571102112408e-16  -1.6653345369377348e-16  1.0000000000000002  -8.026601841776498e-16  0.0  0.0  0.0  1.0
26456013411208;35.325158197734496;0.3719976267650781;-0.2970557071027648  -0.6889556234113425  -0.6611339167275905  -11.056717187452302  0.023063845583020104  -0.697363247200342  0.7163466761848745  -10.141590020076466  -0.9545815658730267  0.19754657785971091  0.22304569861649015  -0.811572815042355  0.0  0.0  0.0  1.0
26456013411239;38.287446358366964;0.047019094185534446;0.33671751736930783  -0.3231861885750829  -0.8844048852256308  2.1843510353783486  0.4216167185759363  0.8915824488128331  -0.1652878688415216  -12.947119688577633  0.8419386296600898  -0.317224564753777  0.4364721290103951  1.2350921736727427  0.0  0.0  0.0  1.0
26456013411270;39.86833487442807;29.743701685237383;-0.7819767015488129  0.605106360518094  -0.14952836083962273  -7.019439238701016  -0.6188341494738216  -0.7823835448082634  0.0701447379228653  3.8205296071886603  -0.07454350192907254  0.14738480679433094  0.9862661836676488  1.0782484001928412  0.0  0.0  0.0  1.0
26456013411301;37.42145376735778;29.090038340329926;-0.3588069221407811  -0.6701117222801511  0.6497752475176244  0.36643593722763995  -0.044855022219041626  0.7077036260415055  0.7050841117692521  8.407422688978645  -0.932333427270303  0.22384337682950536  -0.2839868360399392  0.7765095409745161  0.0  0.0  0.0  1.0
26456013411332;43.158266358040244;43.158266358040244;1.0000000000000002  -9.71445146547012e-17  8.326672684688674e-17  -1.6024840735276184e-15  -1.8041124150158794e-16  1.0000000000000004  3.3306690738754696e-16  -5.203207396636234e-16  5.551115123125783e-17  2.7755575615628914e-16  1.0000000000000004  -1.0614024065956209e-15  0.0  0.0  0.0  1.0
26456013411363;34.12568423335386;0.11605657896524879;-0.5169556028776782  -0.7977236613945508  0.3104736135401038  -1.3602529805221828  -0.828543114292004  0.557439484905934  0.05270226206829781  11.58981635458601  -0.21511209266957676  -0.22999604500747534  -0.9491199117436303  -4.186143554213064  0.0  0.0  0.0  1.0
26456013411394;6.137811103386027;0.026776078405338296;-0.40050415977253334  -0.8605046910734264  0.3148461444031433  -1.4270874242931495  0.9121433436792423  -0.3417426257426925  0.2262885289451103  1.7203233366117099  -0.08712599260007872  0.37781431205172444  0.9217729693489244  3.8060595102643555  0.0  0.0  0.0  1.0
26456013411425;9.98424384019515;2.2439534964156103;-0.13698825713342308  0.12659250344921985  -0.9824502814280249  -0.49029855539030237  0.628653153593871  0.7775847236625624  0.012538341321613244  4.824016042143171  0.765525590613422  -0.615902862143922  -0.1861027525828039  9.21371864360272  0.0  0.0  0.0  1.0
26456013411456;3.553039626498096;0.03078151751813743;0.7045117053069956  0.6971664554289614  0.13274859890050628  -0.7878176764047778  -0.4892220216071278  0.34157303329388006  0.8024896737659949  -3.739838499659421  0.5141255397858236  -0.6303069064757552  0.5817113828943868  -0.23199544696618288  0.0  0.0  0.0  1.0
26456013411487;8.907789434141892;0.05321970555504955;-0.49558038700725765  -0.010357731295645115  -0.8685003151502843  1.4785678744850648  0.7783498344443028  -0.44904381071398947  -0.438783763692305  -1.2806369044044554  -0.38544988680016795  -0.8934497039351824  0.2305992439360368  0.20618402986175813  0.0  0.0  0.0  1.0
26456013411518;13.190832874792818;8.581861656688558;-0.9229215885681981  0.37831973394157703  0.07134367712088185  -0.526219780263746  -0.0005840118504132907  0.18393804003776126  -0.9829376665675327  -4.5077328914938075  -0.38498753263568486  -0.9072160582449157  -0.16953944490190392  -1.5651983211261025  0.0  0.0  0.0  1.0
26456013411549;11.678534346863168;19.640198301580853;-0.5689465601744931  0.6461570774471962  0.5087050647777257  1.582335900838394  -0.44465178046351145  0.27865507410041  -0.8512556277691941  0.4365545869434972  -0.6917980961207116  -0.7105155740326832  0.12877504906139825  4.51789827216606  0.0  0.0  0.0  1.0
26456013411580;28.01403905500884;38.80511434521506;-0.8371023247905461  0.18402342256235482  0.5151650975936752  6.78245814319334  0.03327482006495325  0.9571058987232844  -0.28782127263067453  11.93463054285039  -0.5460334093990118  -0.22379383051713753  -0.8073189191655045  -4.866830781634166  0.0  0.0  0.0  1.0
26456013411611;4.839169248689441;0.06183138985247881;-0.890437734043615  -0.397358244543036  -0.22187173611108912  -1.7562354684059196  0.24523455332427693  -0.8296173652380768  0.5015925050788465  2.0830727329540797  -0.3833805624273543  0.3922262775351842  0.836168578436058  -1.4103236834662456  0.0  0.0  0.0  1.0
26456013411642;15.458613024673555;0.12265819017247394;-0.02273333003973038  0.8888664129089134  -0.45760211506039306  -2.9188998028704987  -0.9927192210379379  -0.07422637716290537  -0.09486302290724158  -4.189104625066825  -0.11828670207227188  0.4521138627997496  0.8840821857594207  3.810657409776824  0.0  0.0  0.0  1.0
26456013411673;20.589511477104207;13.490007034244131;-0.6366029592320428  0.7449176112429367  0.19958563264204165  -2.2734428975876657  -0.7529825465813487  -0.6563021327230257  0.04779953061564107  -5.19824280075072  0.1665951885285835  -0.11985517528803438  0.9787138397487811  -1.1249070075976215  0.0  0.0  0.0  1.0
26456013411704;7.41267435151194;12.88900025202296;0.9947054048689915  0.06676590305001694  -0.07812471897121635  -6.925461521448769  0.0069358446595899  -0.8020902476842282  -0.5971625646578255  -7.0050036243971885  -0.10253317308692755  0.593458969735709  -0.7983065824963221  0.4849763875799475  0.0  0.0  0.0  1.0
26456013411735;21.757255182572877;6.182822946701382;-0.9227251581413359  -0.2226319870914884  -0.31466375841005617  -7.938501404164205  -0.20692466105555768  0.9748357883300744  -0.08292991280547934  -3.642158429237551  0.32520834426577894  -0.011409825352614287  -0.9455735554177339  9.290431758751376  0.0  0.0  0.0  1.0
26456013411766;12.304723833976745;18.761309609923863;-0.35740853958593305  0.3925731726195705  -0.8474346228296652  -10.066469963129858  -0.5944232254489602  -0.7954767902925886  -0.11780367206779452  -4.759259810598304  -0.7203611350412414  0.4616307834679218  0.5176648093862358  -3.4026619108920353  0.0  0.0  0.0  1.0
26456013411797;8.573971267035956;8.573971267035958;0.9999999999999996  -1.1102230246251565e-16  -2.7755575615628914e-17  -2.266651819621249e-16  0.0  0.9999999999999999  1.3877787807814457e-16  -7.471147883359878e-16  -2.220446049250313e-16  0.0  0.9999999999999997  6.086634464415564e-16  0.0  0.0  0.0  1.0
26456013411828;17.226941609016762;38.46311380040837;0.7138641873240563  -0.6366533838526797  0.29166828913184345  1.6343714929115207  0.559302974779225  0.7689741972606992  0.30961083047976956  3.7934173572900916  -0.4214001714039448  -0.057889142126959836  0.9050252718927415  -9.17964954904717  0.0  0.0  0.0  1.0
26456013411859;33.57411777214782;21.57613530772791;-0.3807036032158541  -0.9214192660669815  -0.07779011903224825  -9.608351881400498  -0.31802948617497667  0.2094636029743251  -0.9246524995652668  -3.894205750872512  0.8682868261247241  -0.3272789867217266  -0.3727820441339071  3.901218332218691  0.0  0.0  0.0  1.0
26456013411890;15.597182184778172;15.59718218477817;1.0000000000000002  -5.551115123125783e-17  -1.6653345369377348e-16  8.052683404613002e-16  -2.7755575615628914e-17  1.0000000000000007  -1.1102230246251565e-16  1.1180784401898203e-15  -4.163336342344337e-17  -1.3877787807814457e-17  1.0  0.0  0.0  0.0  0.0  1.0
26456013411921;20.61504111605992;15.220936750236003;-0.6880721199292678  0.5266572303498426  0.49918826057538207  -3.738151051417237  0.48026784776706366  0.846215078345926  -0.23078742509328862  -0.9078531930346563  -0.5439664991313667  0.08094567870016672  -0.8351935374046756  4.78152373116986  0.0  0.0  0.0  1.0
26456013411952;12.058834581084366;12.058834581084366;1.0  -1.1102230246251565e-16  2.220446049250313e-16  -8.5821392284173e-16  1.6653345369377348e-16  1.0  2.7755575615628914e-16  -8.209743918903109e-16  5.551115123125783e-17  2.7755575615628914e-16  0.9999999999999998  8.609030443546629e-16  0.0  0.0  0.0  1.0
26456013411983;10.451393430494422;10.451393430494422;0.9999999999999998  -1.8735013540549517e-16  1.3877787807814457e-17  -8.831723465317178e-17  -9.020562075079397e-17  0.9999999999999998  0.0  2.9104000433084016e-17  2.7755575615628914e-17  -1.1102230246251565e-16  1.0  0.0  0.0  0.0  0.0  1.0
26456013412014;47.38630036713764;47.38630036713764;0.9999999999999996  -2.7755575615628914e-17  -5.551115123125783e-17  2.2743711675892495e-15  2.498001805406602e-16  0.9999999999999997  -2.7755575615628914e-17  1.7890451025388236e-15  -1.6653345369377348e-16  1.3877787807814457e-17  0.9999999999999997  2.651212582804874e-15  0.0  0.0  0.0  1.0
26456013412045;9.223414713956423;0.01446901749648057;0.3972624515244415  0.1410244212919854  -0.9068046411482743  -5.7933547813235355  -0.9103957690167375  0.18502565263197113  -0.3700608755658124  -2.046433313310154  0.11559449971868582  0.9725623992666863  0.20189178083174425  3.070579974190572  0.0  0.0  0.0  1.0
26456013412076;30.520242091779032;0.07465926603686066;0.4331690239811152  -0.9012231204207387  0.01270763087107192  1.4569287748196513  0.7612887934847734  0.35828985534485763  -0.5404329305949622  -6.818875861532104  0.48249763686234415  0.24377298204696163  0.8412911289477534  -6.135202677481221  0.0  0.0  0.0  1.0
26456013412107;33.69151947690923;26.151376270909942;0.36734069139880166  0.8687553608118084  0.3321519825372037  3.7572236114012862  0.9270002863062257  -0.312911184236653  -0.2067778033730675  -4.705122079210496  -0.07570525497497425  0.38386288416615644  -0.9202814789665249  2.074721579604736  0.0  0.0  0.0  1.0
26456013412138;28.73843283987377;24.899091745433733;0.13935188625941244  0.31035180387947797  -0.9403524922201768  -1.578425499736727  -0.844190382272676  0.5336108671143492  0.05101020462404188  10.242581512661099  0.5176134177880803  0.7867281616455756  0.3363556888169362  2.50700017293899  0.0  0.0  0.0  1.0
26456013412169;6.10829587109351;6.108295871093509;1.0  1.1102230246251565e-16  -9.8879238130678e-17  -1.1354758635280843e-16  1.1102230246251565e-16  1.0000000000000002  -1.3877787807814457e-17  2.4291548757090724e-16  -5.551115123125783e-17  -5.551115123125783e-17  0.9999999999999999  -1.744634839459913e-16  0.0  0.0  0.0  1.0
26456013412200;27.398770435044117;27.398770435044117;0.9999999999999997  1.3877787807814457e-17  1.0408340855860843e-17  -3.1073549306474204e-16  1.3877787807814457e-17  0.9999999999999996  -2.7755575615628914e-17  1.7763568394002505e-15  0.0  -1.734723475976807e-17  0.9999999999999998  1.7763568394002505e-15  0.0  0.0  0.0  1.0
26456013412231;11.304933685245452;11.304933685245452;1.0000000000000002  -2.220446049250313e-16  -5.551115123125783e-17  -3.4405718373825453e-16  -1.1102230246251565e-16  1.0000000000000002  0.0  4.882635766749368e-16  0.0  5.551115123125783e-17  1.0000000000000004  -1.759156200990565e-15  0.0  0.0  0.0  1.0
26456013412262;22.777914718070324;0.0421081691117022;-0.9605350108606411  0.09498493755228071  -0.2614390073212835  -4.421042992865365  -0.13575407817677182  -0.9804325842028858  0.14255798150796967  4.409697165632271  -0.2427824605883294  0.17242334375437973  0.9546344155535333  6.762100910405386  0.0  0.0  0.0  1.0
26456013412293;30.28145528198315;49.53246812420971;0.24911673410418533  -0.2551202480968847  -0.9342668311570573  -6.733820568503672  -0.5157701056888188  0.7815491234235483  -0.3509446762007211  -3.266717617005481  0.8197085157951028  0.5692930938338073  0.06311356784497549  -13.789086967746568  0.0  0.0  0.0  1.0
26456013412324;27.91236336482207;27.91236336482207;1.0000000000000004  1.6653345369377348e-16  2.220446049250313e-16  -4.483527391304971e-15  -3.469446951953614e-17  1.0000000000000009  1.734723475976807e-16  -2.4790610765782715e-15  1.6653345369377348e-16  5.551115123125783e-17  1.0000000000000004  -5.329070518200751e-15  0.0  0.0  0.0  1.0
26456013412355;17.58982192427501;17.58982192427501;1.0000000000000009  -1.6653345369377348e-16  1.1102230246251565e-16  3.2286861655591716e-16  1.1102230246251565e-16  1.0000000000000007  -2.220446049250313e-16  2.824926560361463e-15  -1.942890293094024e-16  8.326672684688674e-17  1.0000000000000004  1.4597462649455607e-15  0.0  0.0  0.0  1.0
26456013412386;20.348425974718353;20.348425974718353;1.0000000000000002  5.551115123125783e-17  9.194034422677078e-17  -1.6877348471368972e-15  -5.551115123125783e-17  0.9999999999999998  -1.3877787807814457e-17  -8.862199226335318e-17  1.6653345369377348e-16  -2.7755575615628914e-17  1.0000000000000002  -2.0290029609908045e-15  0.0  0.0  0.0  1.0
26456013412417;25.453268783191263;24.96543939085849;-0.36848613950624953  -0.7391766359269192  0.563769337487898  -9.262134262557193  -0.05101837232240786  0.6216083144639756  0.7816650363645716  -13.826272681356038  -0.9282322396239818  0.25927013767307855  -0.26676563690556165  -13.331236330880444  0.0  0.0  0.0  1.0
26456013412448;11.55255178167472;2.542821426950038;0.5181993684315866  0.3660068114403339  -0.7729866936347505  9.222481505073233  -0.831642261115084  0.004708448295981438  -0.5552917972039882  7.802887003997348  -0.1996010122331437  0.930600260312624  0.30682664718303254  -1.9470715078882783  0.0  0.0  0.0  1.0
26456013412479;15.024610821793486;35.787380762341755;0.15194617344840555  -0.8910054970693994  -0.427810196894021  -2.9044253431701215  0.6982459397066827  -0.20957978540211014  0.6844917247373692  -3.4666963072549883  -0.6995462586973922  -0.40272263127730945  0.5902961241610534  11.42072599861236  0.0  0.0  0.0  1.0
26456013412510;44.598779289077456;44.598779289077456;1.0000000000000002  -1.8735013540549517e-16  0.0  -1.2970360437819837e-16  -1.3183898417423734e-16  0.9999999999999998  1.6653345369377348e-16  2.384067514012883e-15  -8.326672684688674e-17  5.551115123125783e-17  0.9999999999999999  -1.7763568394002505e-15  0.0  0.0  0.0  1.0
26456013412541;25.55960109614438;2.4509855657742547;-0.0222942827461175  -0.4815286921053441  -0.8761467249474558  -7.4874572758920515  -0.03555454813225056  0.8761920554686946  -0.4806488906058721  -2.4093998891489377  0.9991190314792062  0.020435278634282905  -0.03665460848503979  1.8376248902375567  0.0  0.0  0.0  1.0
26456013412572;11.855425981755449;0.013128619854928;0.5918501871029164  0.6412258644655708  0.48840838113880014  -5.5636114527817275  -0.7391595227995817  0.6734310377069685  0.01156880752755085  -8.909709107477543  -0.32149114432739334  -0.36785870683361066  0.8725384896529015  3.4744749008152307  0.0  0.0  0.0  1.0
26456013412603;9.681681139268411;9.681681139268413;1.0000000000000007  1.6653345369377348e-16  1.1102230246251565e-16  4.956746124662459e-15  -5.551115123125783e-17  1.0000000000000004  1.3877787807814457e-16  -4.664263875304997e-16  4.440892098500626e-16  2.7755575615628914e-16  1.0000000000000009  -1.4074963416987883e-15  0.0  0.0  0.0  1.0
26456013412634;52.58463844912728;32.978104972550646;-0.8426393821730132  0.4298445995281835  -0.32433392031598907  -5.95359233788764  0.512231501844931  0.4541044309138269  -0.7289774031766116  16.193198511003157  -0.16606552962240315  -0.7803991197335404  -0.6028262218835093  15.800812526650986  0.0  0.0  0.0  1.0
26456013412665;17.137251027096553;17.137251027096553;1.0000000000000002  9.71445146547012e-17  5.551115123125783e-17  -5.600010955816528e-16  8.326672684688674e-17  1.0  -5.551115123125783e-17  2.6121976462747728e-16  -2.0816681711721685e-17  -9.71445146547012e-17  1.0  0.0  0.0  0.0  0.0  1.0
26456013412696;25.9043647789081;25.9043647789081;1.0000000000000007  3.885780586188048e-16  -1.3183898417423734e-16  -2.4678591911976916e-15  -2.7755575615628914e-16  1.0000000000000007  8.326672684688674e-17  -7.834122645004608e-15  -5.551115123125783e-17  -2.498001805406602e-16  1.0000000000000002  3.0338882764522054e-15  0.0  0.0  0.0  1.0
26456013412727;23.252492129236515;23.252492129236515;1.0000000000000002  2.7755575615628914e-17  5.412337245047638e-16  -5.0141622694601105e-15  -1.6653345369377348e-16  1.0  0.0  -9.439789062583336e-18  3.885780586188048e-16  1.1102230246251565e-16  1.0000000000000004  -3.552713678800501e-15  0.0  0.0  0.0  1.0
26456013412758;14.13602399426325;14.136023994263248;1.0000000000000002  -1.6653345369377348e-16  1.1102230246251565e-16  -5.270289024130588e-16  -2.7755575615628914e-16  1.0000000000000004  -1.1102230246251565e-16  -5.270142127837609e-16  2.220446049250313e-16  -1.1102230246251565e-16  1.0000000000000004  -4.527158401918832e-15  0.0  0.0  0.0  1.0
26456013412789;4.621604133291701;4.6216041332917;1.0000000000000004  -2.7755575615628914e-17  -1.1102230246251565e-16  2.6760800556407725e-16  8.326672684688674e-17  1.0000000000000002  -1.6653345369377348e-16  -3.340407872337094e-16  -8.326672684688674e-17  -1.1102230246251565e-16  1.0000000000000007  -4.154814893690416e-16  0.0  0.0  0.0  1.0
26456013412820;35.801682263906;35.801682263906;1.0000000000000007  -1.6653345369377348e-16  2.7755575615628914e-17  -1.7313098842379303e-16  1.6653345369377348e-16  1.0000000000000004  1.3877787807814457e-16  -1.4990382818460579e-15  1.6653345369377348e-16  0.0  1.0000000000000009  -1.0578564357179816e-14  0.0  0.0  0.0  1.0
26456013412851;14.022145789999549;0.025882271768867135;0.10003582955567408  0.8411949216511122  -0.5313980961515457  -2.820867438407085  -0.41923495746616096  0.5199889676815531  0.7442133591436112  -7.057822289510703  0.9023496457823061  0.14833265748934654  0.40467584494097764  -8.794615785085277  0.0  0.0  0.0  1.0
26456013412882;2.3936762370407902;2.39367623704079;1.0000000000000004  -1.6653345369377348e-16  0.0  1.7568661369454788e-16  -3.3306690738754696e-16  1.0000000000000004  0.0  1.8345501306233847e-16  2.7755575615628914e-17  -1.1102230246251565e-16  1.0000000000000002  -6.229461391171753e-16  0.0  0.0  0.0  1.0
26456013412913;12.272824290791716;0.013707065892587744;0.5285180566736731  0.8323339046424415  0.16699980524704444  0.19743417490737206  0.65952672491385  -0.5264415995906557  0.5365479860598138  -2.0165372271669457  0.5345027248707848  -0.17343446428867174  -0.8271803453314196  15.610641781994017  0.0  0.0  0.0  1.0
26456013412944;7.817464008253767;7.817464008253767;1.0000000000000007  2.7755575615628914e-17  1.1102230246251565e-16  -1.5722478874380386e-15  -6.938893903907228e-17  1.0000000000000004  -1.214306433183765e-16  -3.1302960223911213e-15  1.6653345369377348e-16  -1.6653345369377348e-16  1.0000000000000002  6.249296219396073e-16  0.0  0.0  0.0  1.0
26456013412975;18.958736180574377;18.958736180574377;1.0  -2.0122792321330962e-16  -1.1102230246251565e-16  -1.8842302933940214e-15  -1.942890293094024e-16  0.9999999999999998  2.7755575615628914e-17  -1.3802073860127176e-15  -4.5102810375396984e-17  4.163336342344337e-17  1.0000000000000002  1.5610162344409336e-15  0.0  0.0  0.0  1.0
26456013413006;18.3212344447247;0.13657219298797302;-0.45415816873037945  0.7438048584071933  0.49040257991299674  -5.916013641433022  0.6957632753361866  -0.04769790709404073  0.7166856872802128  5.366628378654327  0.5564654728452888  0.6666927645240375  -0.4958497103582561  5.126618305385772  0.0  0.0  0.0  1.0
26456013413037;17.624013468308494;17.624013468308494;1.0000000000000002  -2.220446049250313e-16  -1.1102230246251565e-16  1.8167664266942707e-16  -2.220446049250313e-16  1.0000000000000002  2.42861286636753e-17  5.360305947027938e-16  -1.1102230246251565e-16  5.551115123125783e-17  1.0  0.0  0.0  0.0  0.0  1.0
26456013413068;25.751269723182936;0.2302121118042596;-0.975132956525679  -0.07072483555739481  -0.21003265158748347  -2.455923644553249  0.07052895395180472  -0.9974740903601802  0.008432420447071654  -6.694891187337448  -0.21009850963763158  -0.006590652130968293  0.9776580074609604  -7.663481215433337  0.0  0.0  0.0  1.0
26456013413099;16.675295180356358;16.675295180356354;1.0000000000000004  5.551115123125783e-17  2.7755575615628914e-16  4.98832629217501e-15  3.3306690738754696e-16  1.0000000000000009  1.249000902703301e-16  1.0834121729497365e-14  -1.1102230246251565e-16  2.7755575615628914e-16  1.0000000000000004  5.108037296569374e-15  0.0  0.0  0.0  1.0
