# registration_from_features.py TEASER TEASER_config.json l2 True --use_random_keypoints=True --n_keypoints=5000 --input_txt=/neural_comparison/point_clouds_registration_benchmark//planetary/p2at_met_global.txt --input_pcd_dir=/neural_comparison/point_clouds_registration_benchmark//planetary/p2at_met/ --input_features_dir=/neural_comparison/experiments/FCGF/3dmatch_normalized_5cm_32//planetary/p2at_met/ --output_dir=/root/neural_registration_comparison/results/FCGF/3dmatch_normalized_5cm_32/TEASER/
id;initial_error;final_error;transformation
27844314100030;8.255147930606862;7.849412424268009;0.9975055783032675  -0.07039533767405039  -0.00520746460582755  -6.055634028919188  -0.0637288170248213  -0.8664039665658022  -0.4952603402248779  -127.8136291082041  0.030352250896455407  0.4943568176457177  -0.8687290013074948  12.212567950208859  0.0  0.0  0.0  1.0
27844314100061;18.254613203222405;29.80942865481944;0.39163797938186556  -0.8021238185348349  -0.45079604351057206  -63.893885713423145  0.8285925403769555  0.09443076606360085  0.5518308005650876  -22.279278738901976  -0.40006761320725914  -0.5896441385782933  0.7016164869092731  -66.30320179683926  0.0  0.0  0.0  1.0
27844314100092;11.393043179182689;8.69585669197168;0.22271990946338463  -0.474418909747797  -0.8516586992465542  -74.61107511581137  0.0293655135315712  -0.8699402048699183  0.4922821412217913  -151.59162230205567  -0.9744401000285494  -0.13465042898036353  -0.17982144875335443  -70.93334219208988  0.0  0.0  0.0  1.0
27844314100123;5.730994932441914;21.536456919594663;-0.45335269615308815  -0.7511129978875518  0.47989644434513173  -40.27263616741346  0.4925583474850571  0.2376117414086813  0.8372137926882977  17.31715874232036  -0.7428711915355959  0.6159301297623853  0.2622450534087839  -12.300357387580593  0.0  0.0  0.0  1.0
27844314100154;17.463252642790277;9.515579907207766;-0.5255481742790192  0.4805539292058767  0.7020448971659745  16.58566428211533  0.5936615755886966  0.7982270063204346  -0.10197833127808899  -14.16891530322872  -0.6093972843568772  0.3631825539663361  -0.7047931485996108  0.6269736918232982  0.0  0.0  0.0  1.0
27844314100185;21.245539471637414;21.245539471637414;1.0000000000000004  -1.6653345369377348e-16  2.7755575615628914e-17  5.689848592282943e-15  -2.7755575615628914e-16  1.0000000000000007  4.163336342344337e-17  2.1937049399234356e-15  -1.3877787807814457e-17  0.0  1.0000000000000002  -4.847565708218648e-16  0.0  0.0  0.0  1.0
27844314100216;3.735345026853811;5.677301478694411;0.6568295467139  0.120361703141035  -0.7443708799923614  1.6864363617121754  -0.195264370883784  0.980654496035579  -0.013732620600795331  -5.495926760419957  0.7283177685783677  0.15436910255033126  0.6676252003563321  1.2130784027971155  0.0  0.0  0.0  1.0
27844314100247;13.271216615726097;17.91630522705422;0.609604965855206  -0.4403330297775042  -0.6591574990028087  -65.17589121031102  0.40449003725401117  0.88791729010135  -0.219067787913524  13.24922614137134  0.6817401230431747  -0.13307782995690762  0.7193891129333543  24.120221446003566  0.0  0.0  0.0  1.0
27844314100278;11.802091711636171;8.909651060618602;0.6144471190778354  0.34978346509905994  0.7071819181796456  23.456672795625032  -0.42633405320445533  0.9014155859357913  -0.07542689513890583  -13.435467763414648  -0.6638478838824521  -0.25514989511134306  0.7029968122896871  -43.834164879040046  0.0  0.0  0.0  1.0
27844314100309;7.478645140598016;8.81828664400419;0.7049101798109423  0.20897271760606317  0.6778141645725927  12.404665905223839  -0.5104258360989544  0.8129972365710084  0.2801802262305223  -8.444207222733262  -0.4925110194113307  -0.5434757553233078  0.6797551023230146  -31.02194281220354  0.0  0.0  0.0  1.0
27844314100340;12.12926847078954;10.597912921248874;-0.11457502648544159  -0.9928357640190723  -0.03390735894352613  -97.25571741775654  0.9397837875348318  -0.09726324888075276  -0.32763744154758473  -53.209093534000864  0.32199222970833696  -0.06940465475618694  0.9441948940264544  5.438320078751034  0.0  0.0  0.0  1.0
27844314100371;7.953713343024883;6.505423852372493;0.6013541416326866  0.4355786840803394  -0.6698092312860842  18.994923410391724  0.6942718209484235  -0.6997691938832672  0.16825490759238745  -92.74929606459861  -0.39542361459348274  -0.5662104602237608  -0.7232191090914445  -55.24685118342615  0.0  0.0  0.0  1.0
27844314100402;10.041005189608843;9.71854742769449;0.6633112411303982  -0.4070797506888276  -0.6279365206525043  9.957202960569177  -0.5280284605798072  -0.8491956680758356  -0.007256868398555211  0.7892605744005116  -0.5302868489862537  0.33638191672614787  -0.7782307266433737  -11.25895624347515  0.0  0.0  0.0  1.0
27844314100433;14.948099495912265;9.565364454809556;0.23319343755226576  0.970721815507595  0.057619246612539254  105.55937224386386  0.8390585027145402  -0.1709064505809887  -0.5164995780949317  -128.0301858857916  -0.4915299072335191  0.1687902309005091  -0.8543466557829797  24.5739658631119  0.0  0.0  0.0  1.0
27844314100464;4.885279212879443;5.709156322715349;0.33494454086547104  0.938800819391585  0.08040631849617286  86.01256347106124  0.5898929456509194  -0.2754716717293004  0.7590399665010708  -122.57835694099009  0.734737005475905  -0.20680517301159018  -0.6460597133392131  -43.68150222967904  0.0  0.0  0.0  1.0
27844314100495;16.561379565347497;20.579197929305394;0.7259150214576356  -0.10510079537547644  -0.6797067047143223  27.680882990290172  -0.6744340727222965  0.08499548739251675  -0.733426512115648  -27.543309299775803  0.13485571242397137  0.990822683397161  -0.009184056417094272  -1.2419093804641252  0.0  0.0  0.0  1.0
27844314100526;4.988304065514908;12.987999470024338;-0.8009180272707794  -0.10567308954209473  0.5893755269260104  -32.268895362763395  -0.5111967214044701  -0.3918538897865357  -0.764936886994269  -112.13047987700892  0.3117823369243427  -0.9139385795587093  0.2598231074716138  -61.17319999170765  0.0  0.0  0.0  1.0
27844314100557;9.320673558395054;13.290977395005964;-0.7239426701436072  0.13315487453819644  0.6768875754008654  -26.28096869091528  -0.117219468924369  -0.9906702564119088  0.0695128705050645  -14.859017587721048  0.6798283654353017  -0.02902106902721019  0.7327968143367467  5.091000344552726  0.0  0.0  0.0  1.0
27844314100588;15.87658357879776;15.87658357879776;1.0000000000000002  -1.1275702593849246e-17  -6.938893903907228e-18  3.833923803431283e-15  -1.1058862159352145e-17  1.0000000000000002  0.0  2.765337958621217e-15  9.974659986866641e-18  -1.8275582869958784e-17  1.0000000000000004  7.081268904585159e-15  0.0  0.0  0.0  1.0
27844314100619;9.309459031404598;8.795908892549607;-0.05757783588629467  0.9606974364185957  0.27156072704533285  55.580879037612604  0.9530293614162688  0.13391050897161055  -0.27166709750255724  -51.14847995889406  -0.29735471930532853  0.24316334272604298  -0.923283141653278  -10.520129888314282  0.0  0.0  0.0  1.0
27844314100650;9.597631194952498;10.458285842116556;0.3957861333509242  0.9138428702671311  0.09079947747126821  62.84749968871134  -0.17426836409143642  -0.022338708376954675  0.9844447772145187  -78.79270940876825  0.901656183877213  -0.40545306827052147  0.15041255102550702  -30.192648683990438  0.0  0.0  0.0  1.0
27844314100681;7.297471099283818;6.460935106280081;0.29394095555094835  0.9558224292159901  -0.0014827196091895464  -3.4769843816585166  0.4954898144094765  -0.15104945992291313  0.8553793921257745  4.083663485124694  0.8173668444867688  -0.25216570834401825  -0.5179999006458417  7.671310777708936  0.0  0.0  0.0  1.0
27844314100712;8.650942439496344;2.9508272852347552;0.4967597165890171  -0.8472751988099112  0.18802798051360264  -26.639323613220235  0.8673208628717617  0.4768126039074108  -0.14284348631427224  -14.59508757624751  0.03137363226948304  0.23403948008115777  0.9717207505047729  10.180393734603339  0.0  0.0  0.0  1.0
27844314100743;12.733448854215453;17.637397562421985;0.3646161758417955  0.1664874122466382  -0.9161533637322536  -14.83352068681409  -0.5353172497244421  -0.7675645005976233  -0.35253394101813845  0.5641251333722677  -0.7618992626731992  0.6189722764274175  -0.19074284928221374  -11.294597217964498  0.0  0.0  0.0  1.0
27844314100774;4.598125415447288;16.869393346625614;-0.5259700444927751  0.1292587255583232  -0.8406233961550841  -17.22712859279011  -0.7198774909486922  0.45868056773363036  0.5209496470955436  -56.117751101411756  0.4529149040622145  0.8791497703182285  -0.14820179158067762  77.00771751901098  0.0  0.0  0.0  1.0
27844314100805;11.913189531673748;24.95531371109717;-0.21695202575678624  0.7317146464701946  0.646162127225842  1.9166526501382137  -0.7431259171429151  0.3054311379336726  -0.5953786116842316  -38.962533929744374  -0.6330052841726741  -0.6093484193148779  0.4774922136411566  -2.8267451896112568  0.0  0.0  0.0  1.0
27844314100836;8.640990827250187;14.45439853896175;-0.7354397290519605  0.16205749349685497  0.6579253557459968  -43.22602947563675  0.5402614776072209  -0.44578598096916006  0.7137173074719618  -34.79002547433866  0.4089571380299426  0.8803477880774625  0.2402953001651878  53.214300300644936  0.0  0.0  0.0  1.0
27844314100867;6.409696051288649;8.62082688338571;-0.7108653075447182  -0.1092841038168007  0.6947859376687993  -29.97086304911587  -0.5429277917162345  -0.542708579830661  -0.6408563102289937  -120.81056505853243  0.44710169705726543  -0.8327811129169216  0.3264593243535371  -74.41382056977689  0.0  0.0  0.0  1.0
27844314100898;22.51393172662874;13.295600498912927;-0.4176888196601822  0.8745583933356715  -0.24634055000549931  26.53563020502486  -0.06158973329944181  -0.297753310495178  -0.9526540142366827  5.361502802494338  -0.9065002783689518  -0.3827408819753778  0.17823204701097514  6.359444761390309  0.0  0.0  0.0  1.0
27844314100929;11.35647365629622;5.921045845829457;-0.21949466188104486  0.45770431104201875  0.8615850840510635  -1.8515944904848278  0.6747807514571016  -0.5665989476799556  0.47290228372355725  34.75010966414476  0.7046226159219656  0.6851805573288827  -0.1844846145069209  0.15518213433208197  0.0  0.0  0.0  1.0
27844314100960;8.931838196630506;21.300576719392307;0.39164540413131155  -0.8871232673261052  -0.24418473742533298  -70.72133085564  -0.21907262388063092  0.16784872314552507  -0.9611628330332349  -72.31102921200873  0.8936560092613257  0.4299291973186682  -0.12860724086943434  37.30323173020691  0.0  0.0  0.0  1.0
27844314100991;2.7303992422678602;6.348585955079698;0.7176139999210669  -0.15254574072738777  -0.6795292076895736  -4.073588720070178  0.15562365018760077  0.9861683926551601  -0.05703666215887426  13.542627903976939  0.6788309263871045  -0.06482050843576354  0.7314279698415662  0.8655753945850465  0.0  0.0  0.0  1.0
27844314101022;3.041428379569016;9.280994553593898;-0.8096722525247506  0.1687129369164798  -0.5621092317410491  -16.725973517909935  -0.4800454192075359  0.36060662827628964  0.799699478017253  -18.584807418834856  0.33761996236798175  0.9173324395006548  -0.21098330846401286  -5.560009654613486  0.0  0.0  0.0  1.0
27844314101053;13.922293305846535;22.53557231894972;0.46938298249818944  -0.7682135840683315  -0.4353475680350058  -26.364862603290838  0.8343574690912849  0.2244996527950816  0.5034357155253025  -8.495724545195637  -0.28901077750265536  -0.5995396526901101  0.7463410583235611  24.096647917646216  0.0  0.0  0.0  1.0
27844314101084;10.548695524568679;5.222850632555752;-0.6192468362031486  -0.7323405191058221  0.28321497122893297  -98.29497009366499  -0.6073851046781288  0.6753564063190789  0.4183025926992534  -51.538846330643864  -0.4976109830656161  0.08701200215828835  -0.863025040779743  -17.727016502742266  0.0  0.0  0.0  1.0
27844314101115;4.295014706995369;7.096140613854107;0.2783807988712278  -0.8614730765300398  0.42469785640344976  -85.84320356798003  0.05138860878844381  -0.4281842363785847  -0.9022291674534119  -121.0251344104941  0.9590950639569598  0.2729879083966114  -0.07492836687555786  29.90894703684061  0.0  0.0  0.0  1.0
27844314101146;10.908481463882481;18.768812753897556;0.39447267408899755  0.8209418472594531  -0.4128508118137989  90.45707218347367  0.7425553563234049  -0.5494413958172212  -0.38304790217131546  -138.35737976150722  -0.5412973787046244  -0.1554626514011026  -0.8263343825757484  -20.11284914012757  0.0  0.0  0.0  1.0
27844314101177;7.524206569447689;14.774838145446974;-0.16836383361818646  -0.11314346008887088  0.9792099759339192  -28.860257954405668  -0.9857182685047504  0.01567542346050191  -0.16767163217232262  -92.8305999450882  0.0036214175932129146  -0.9934550007617113  -0.11416674995883677  -71.12727108194007  0.0  0.0  0.0  1.0
27844314101208;16.92222694472815;16.92222694472815;1.0000000000000004  -2.220446049250313e-16  0.0  -1.9070755304800844e-14  -2.7755575615628914e-16  1.0000000000000007  2.7755575615628914e-16  5.652793788613053e-14  -9.974659986866641e-17  2.220446049250313e-16  1.0000000000000004  1.5527988530411595e-14  0.0  0.0  0.0  1.0
27844314101239;4.364181244222641;3.846164102764721;-0.8018617703443603  -0.1528319761121708  -0.5776331780099352  -3.802726995505937  0.5970682592603423  -0.24209910134382034  -0.7647859301218475  -113.70976214443525  -0.022960728299273918  -0.9581390359473743  0.2853811359389466  -84.85751316107276  0.0  0.0  0.0  1.0
27844314101270;10.750785704410854;6.775097907193124;-0.7288296004712971  -0.4956991198715858  0.4723238253945961  -11.958920532167527  -0.1657469847593277  -0.5415830323868265  -0.824145470213773  -68.434419274531  0.6643307538568727  -0.6789478636752788  0.3125611106499562  -44.973911594244  0.0  0.0  0.0  1.0
27844314101301;12.136609704346055;16.43002828075683;0.697415593457457  -0.2163821584869823  -0.683220499905336  5.448264301749355  0.6901155804587736  0.45985704255815896  0.558813015254399  -0.17252492387137394  0.1932665920702084  -0.8612260225389023  0.4700401711464557  -16.531292093954793  0.0  0.0  0.0  1.0
27844314101332;6.935112362192998;18.02515882392102;0.6102581429647407  -0.28110611334002533  -0.7406513025628798  -39.51925532863551  -0.7326000013693595  -0.556031985625228  -0.3925884218303948  -131.63905479844138  -0.30146680901691303  0.7821814265274591  -0.545261385994487  67.35178657675881  0.0  0.0  0.0  1.0
27844314101363;7.8460839984677655;3.923436224840848;-0.5952005727629734  0.8032273781892999  -0.023707743666809722  87.33297925039895  -0.1687026608248923  -0.15374704011503748  -0.9736022082382857  -105.94912436947767  -0.7856689445391297  -0.5754890325479786  0.22701692228501896  -46.93873503168481  0.0  0.0  0.0  1.0
27844314101394;13.188484809554595;13.188484809554595;1.0000000000000002  5.551115123125783e-17  1.1102230246251565e-16  8.531131356903643e-15  2.7755575615628914e-16  1.0  5.551115123125783e-17  7.068479135341477e-15  1.5265566588595902e-16  1.1102230246251565e-16  1.0  1.14225962022374e-14  0.0  0.0  0.0  1.0
27844314101425;12.438217758874531;12.438217758874531;1.0000000000000002  -7.28583859910259e-17  -2.7755575615628914e-17  -3.5220618088693812e-15  -9.8879238130678e-17  1.0  0.0  0.0  2.7755575615628914e-17  2.0816681711721685e-17  1.0000000000000002  5.048406137575512e-15  0.0  0.0  0.0  1.0
27844314101456;13.306910826894018;4.766722011808526;0.3823142600507129  0.6985979223056263  -0.6048113338158754  73.2485596276123  -0.9094971411670619  0.40013301668600026  -0.1127320680494368  -38.4079740895117  0.16325059500907677  0.5931732562312834  0.7883493713583838  69.28089402017409  0.0  0.0  0.0  1.0
27844314101487;11.823132391507976;16.38461342443111;-0.17659711984663967  -0.9352991131460714  -0.3066415272105917  -16.092520149059382  -0.9481458334851666  0.24528888151089023  -0.2021208624854336  0.24949265910383217  0.26425922066522234  0.25504692422240444  -0.9301172671970455  -21.324346509253953  0.0  0.0  0.0  1.0
27844314101518;11.362927964176022;4.938105217392347;-0.3631174294088704  0.8201377849244539  0.4421761483828647  -8.839182073279131  0.6490831910708552  -0.11780892804791251  0.7515397977096611  -2.9969213515653443  0.6684584830255134  0.5599063048505643  -0.4895591754423745  3.293028192636197  0.0  0.0  0.0  1.0
27844314101549;8.602285781784683;4.549139533749337;-0.29075670411007865  0.5177571315715421  -0.8046043075461708  -30.538052251743398  0.43808038049440934  -0.6755718741493036  -0.5930330708183746  28.333429872187022  -0.850615141671554  -0.5249097022966965  -0.030392189685434744  -18.091093763255202  0.0  0.0  0.0  1.0
27844314101580;8.529179145836824;18.797423672382713;0.33413995638480626  0.5342861360464746  0.7764591517753452  12.301096543149926  0.8930279783201268  0.08398495901324338  -0.4420945109329139  -0.6483819472128634  -0.3014158580510124  0.8411211871591827  -0.44906973737639017  30.61941049867861  0.0  0.0  0.0  1.0
27844314101611;6.938820905749202;6.938820905749203;1.0000000000000004  -3.469446951953614e-18  -7.806255641895632e-17  5.344647988070329e-15  2.0816681711721685e-17  1.0000000000000007  5.551115123125783e-17  -7.180034344855812e-15  -1.6653345369377348e-16  1.1102230246251565e-16  1.0000000000000009  2.295857601253282e-15  0.0  0.0  0.0  1.0
27844314101642;12.547466022442515;9.168299978982242;0.8878675055644633  0.17457884611148738  0.4256918122927904  2.908921555015055  -0.3620049328509334  0.8361188529071262  0.41213795312354334  -8.956350768936101  -0.28397838149114496  -0.5200264323124879  0.8055611637498521  -13.639149930575746  0.0  0.0  0.0  1.0
27844314101673;7.73561147720838;5.737684905062965;-0.09061917928545134  -0.9448057353932999  -0.31484962555727847  -27.475928810851244  0.9938163834501254  -0.10616223965506709  0.0325357473793663  20.812492796937114  -0.06416510213305272  -0.3099543534770036  0.9485837540401523  -12.020910930939888  0.0  0.0  0.0  1.0
27844314101704;7.852470163017852;19.071179360905344;0.6297935504340024  0.272355539017347  0.7274493413278378  19.752672235086614  0.5619405047293025  0.4868056949384814  -0.6687623527980922  -62.26345318886072  -0.5362676132084724  0.8299654665960706  0.15353947792556882  53.01602289400103  0.0  0.0  0.0  1.0
27844314101735;7.401041146075741;7.40104114607574;0.9999999999999996  -4.440892098500626e-16  2.7755575615628914e-17  -3.189538162601505e-14  -3.885780586188048e-16  1.0  -1.3877787807814457e-17  -4.548383185501741e-16  2.7755575615628914e-17  -5.204170427930421e-17  0.9999999999999998  -4.654317567259162e-15  0.0  0.0  0.0  1.0
27844314101766;17.078221026612844;6.873963113485978;-0.99946642650023  -0.032577957024656067  0.002353511198236693  12.274847881809698  0.013730519767341959  -0.48443361437356003  -0.8747202673380149  -60.1521017710714  0.02963671921416396  -0.8742212248516213  0.484622445717439  -41.62168452801842  0.0  0.0  0.0  1.0
27844314101797;5.658008139654423;5.727615086913366;-0.7232394225358261  -0.6550967167792691  -0.21857042195838744  -29.841993867574747  0.045501062900351386  -0.36100917508356944  0.93145157081859  -105.22302792214174  -0.6890967936110162  0.66371730968124  0.2909036642335625  44.14446933734277  0.0  0.0  0.0  1.0
27844314101828;12.532088953947076;17.658437900918212;0.9563458517038552  0.2882272940842713  -0.048245609890301064  -9.114951734976211  0.2766319214736687  -0.839628916173952  0.4674377639283554  6.4177932719184065  0.09421991270752746  -0.46037844222923163  -0.8827085011372506  9.686765760580029  0.0  0.0  0.0  1.0
27844314101859;13.452993466710405;13.452993466710408;1.0000000000000002  1.249000902703301e-16  -9.020562075079397e-17  1.1004569477890414e-14  1.1796119636642288e-16  1.0000000000000004  -1.1102230246251565e-16  2.8903457405249356e-14  -1.3877787807814457e-16  -1.1102230246251565e-16  0.9999999999999999  -1.418918316176132e-14  0.0  0.0  0.0  1.0
27844314101890;10.240194569123585;10.240194569123586;1.0  2.498001805406602e-16  -2.220446049250313e-16  2.2741075689225452e-14  0.0  0.9999999999999999  0.0  -1.4200907116901362e-14  -2.220446049250313e-16  -1.1102230246251565e-16  0.9999999999999998  -1.225321532606627e-14  0.0  0.0  0.0  1.0
27844314101921;5.39778345406533;3.6213781205786653;-0.13808274561672162  -0.6262445490740024  -0.7673010622422256  -19.696072296150636  0.9834626468361524  -0.178367322253359  -0.031405741994040004  -43.40057521109962  -0.11719376110091173  -0.7589485246755979  0.6405175713840775  -34.03498411493076  0.0  0.0  0.0  1.0
27844314101952;13.302221500961894;13.302221500961894;1.0000000000000004  2.0816681711721685e-16  -2.7755575615628914e-17  1.4380940882574578e-15  3.191891195797325e-16  1.0000000000000004  -8.326672684688674e-17  -6.1001870221844e-15  0.0  -5.551115123125783e-17  1.0000000000000004  6.743228198047291e-15  0.0  0.0  0.0  1.0
27844314101983;10.786030610610256;7.671890219296057;-0.30472222858175946  0.9142251307737017  -0.26708944881813484  -25.70674985818123  -0.5557094128514757  -0.3984050265332702  -0.7296988990681663  -3.595299822040167  -0.7735188503691653  -0.07393135393615796  0.6294463781997097  6.173764551475693  0.0  0.0  0.0  1.0
27844314102014;18.074211930870813;21.221372541209956;0.9186198006306421  0.19296029549706645  -0.3448245731542413  -5.542034725422496  -0.3078222519181733  0.8966197566823857  -0.31830562852523525  -0.7785721490418046  0.2477561767410547  0.3985465296405239  0.8830501348157707  8.6852115892897  0.0  0.0  0.0  1.0
27844314102045;5.527523174873733;5.527523174873732;1.0000000000000004  -3.122502256758253e-17  -3.885780586188048e-16  2.141406149624992e-15  2.0816681711721685e-17  1.0000000000000004  -3.469446951953614e-17  2.793285602820106e-14  3.8163916471489756e-17  8.326672684688674e-17  1.0000000000000002  6.035136962661419e-15  0.0  0.0  0.0  1.0
27844314102076;12.49337546729974;12.49337546729974;1.0000000000000004  3.469446951953614e-17  -1.1102230246251565e-16  1.2677663085991497e-14  -7.632783294297951e-17  1.0000000000000002  2.7755575615628914e-17  1.4243539681046968e-14  -5.551115123125783e-17  2.7755575615628914e-17  1.0  1.140776362262841e-15  0.0  0.0  0.0  1.0
27844314102107;8.34390181428472;5.004047936398786;0.26655773871997884  0.3630127310690663  -0.8928430595632525  0.14050542705881097  0.8424277844365896  0.36230414648907355  0.39881215308222834  5.363132649769799  0.46825463151767166  -0.8584622662171019  -0.20923703673978966  4.137893806734949  0.0  0.0  0.0  1.0
27844314102138;13.875093444885819;7.441754133173728;-0.7451197193070903  -0.6652077972972029  -0.04790814455525011  -93.33064218720563  -0.4817616141181595  0.48717687501279605  0.7283985444899189  -40.79942148410369  -0.4611966511825397  0.5658244240643646  -0.6834766785123255  17.86080938315094  0.0  0.0  0.0  1.0
27844314102169;7.7056993337980995;7.705699333798101;1.0  2.7755575615628914e-16  1.5265566588595902e-16  4.392488673135575e-15  2.7755575615628914e-16  1.0  6.938893903907228e-17  4.130251696210508e-16  1.3877787807814457e-16  2.220446049250313e-16  0.9999999999999998  3.902812090433167e-15  0.0  0.0  0.0  1.0
27844314102200;9.927306225231835;14.83397125213188;0.9115829748508266  -0.1308955931501145  -0.38972146932905405  -8.490682294654732  -0.314154232901771  0.3896844433992721  -0.865709623674416  -15.14282304544152  0.26518596854286414  0.9115988033485338  0.3141082995107007  26.65948974086131  0.0  0.0  0.0  1.0
27844314102231;10.287771982386351;9.74779824284731;-0.4122504642662037  0.8989811059922829  -0.14792743417361742  -35.37286936412418  0.9039188142739006  0.3832826768188761  -0.18980296850213058  24.515831784837744  -0.11393125959965167  -0.21196075278090382  -0.9706143968469599  -19.436246609005245  0.0  0.0  0.0  1.0
27844314102262;8.065900080817094;14.721230601474716;0.5403474386221372  -0.6997573112711664  0.4672947152462168  -15.892218487121387  0.8286446165472217  0.539015573610971  -0.15103082755564537  17.661849324385752  -0.14619420317441728  0.4688303709524194  0.8711058134525409  8.055712902092067  0.0  0.0  0.0  1.0
27844314102293;15.344796486985695;5.324578564837142;0.3106868617747024  -0.15889889426621553  0.9371364977000741  3.1825738216913173  0.05431511803093109  0.9872846704365958  0.1493949379135313  -6.450982941304116  -0.9489591887293534  0.004485635058291339  0.3153669881332712  -3.5798107366006198  0.0  0.0  0.0  1.0
27844314102324;11.120662662609497;11.120662662609497;1.0000000000000002  1.1102230246251565e-16  0.0  3.2417013517971328e-15  1.1102230246251565e-16  1.0000000000000002  0.0  3.567957040928605e-15  -1.1102230246251565e-16  -5.551115123125783e-17  1.0000000000000004  -5.279788108450422e-16  0.0  0.0  0.0  1.0
27844314102355;17.81708979026515;4.353374268268237;-0.533344567454831  0.8297367054237564  0.16456175752266822  16.536265149870896  0.8420445726955039  0.5393195886071708  0.009763141842602721  -9.8872546572653  -0.08065054222053239  0.14377545345823933  -0.9863184622739313  8.366393907181173  0.0  0.0  0.0  1.0
27844314102386;12.639375851730701;12.639375851730701;1.0  5.551115123125783e-17  1.1102230246251565e-16  4.322586732996569e-15  1.1102230246251565e-16  0.9999999999999998  0.0  -1.5950263332342727e-14  2.220446049250313e-16  1.6653345369377348e-16  1.0000000000000002  1.2196935128550024e-14  0.0  0.0  0.0  1.0
27844314102417;4.852743056092726;4.852743056092726;1.0000000000000002  5.551115123125783e-17  2.7755575615628914e-17  3.297273565294745e-15  5.551115123125783e-17  1.0  -1.0408340855860843e-17  3.267491312242132e-16  1.9081958235744878e-17  -1.3877787807814457e-17  1.0  2.929095334336384e-16  0.0  0.0  0.0  1.0
27844314102448;8.862723016525484;10.155747809392086;0.2052090856169066  -0.9722750063856821  -0.11211843353345274  -32.39036457060379  0.5542496968816574  0.20986236747750106  -0.8054595335728112  21.695747645017786  0.8066576130471124  0.10314600658513404  0.5819487921103327  30.05975224821919  0.0  0.0  0.0  1.0
27844314102479;8.845892927971892;8.845892927971894;0.9999999999999999  0.0  -2.7755575615628914e-16  -4.0314418470188677e-16  -2.220446049250313e-16  0.9999999999999998  -1.3877787807814457e-16  -1.433875240763882e-14  -1.3877787807814457e-16  -1.6653345369377348e-16  1.0000000000000004  -6.09343825397346e-15  0.0  0.0  0.0  1.0
27844314102510;12.811880985162878;12.811880985162878;1.0  0.0  1.1102230246251565e-16  -3.481659405224491e-17  0.0  1.0  5.551115123125783e-17  -3.554664158508802e-16  1.8041124150158794e-16  -5.551115123125783e-17  1.0000000000000007  1.591666382028123e-15  0.0  0.0  0.0  1.0
27844314102541;16.755247254223338;4.828095830577074;-0.6973980480559621  0.5953649327995493  -0.39896937145641054  30.00648922514791  0.503103922102804  0.010225927428010201  -0.8641654204913629  0.13653697002204312  -0.5104139556600222  -0.803390333026746  -0.30666197460178163  -3.972926684773757  0.0  0.0  0.0  1.0
27844314102572;6.047632241354357;7.857860416370154;0.45710825159920687  0.6174215899486032  0.6401895239577534  -15.15650498581634  0.6011443878715702  -0.7449610423680665  0.28923774007622005  22.745688106585252  0.6554978804316849  0.25263338183862877  -0.7116873633347343  -7.315335464416703  0.0  0.0  0.0  1.0
27844314102603;5.000465750138839;5.000465750138839;0.9999999999999999  -2.220446049250313e-16  5.551115123125783e-17  -1.308709998010249e-14  0.0  1.0000000000000002  -1.942890293094024e-16  1.3834267065249151e-14  8.326672684688674e-17  -1.6653345369377348e-16  1.0  -9.713016849155487e-15  0.0  0.0  0.0  1.0
27844314102634;4.837279486815611;5.355557335722778;0.9238255076629547  -0.10415707704852811  0.36837173438252707  -0.9833940876515908  0.38164012421423166  0.32588156905694676  -0.8649578131554901  -23.99341814873095  -0.029954081208243874  0.9396555253121693  0.34080822579462566  36.81612056652802  0.0  0.0  0.0  1.0
27844314102665;12.464679441521291;6.7694999626857415;-0.23199306911506778  -0.806299250322762  0.5441146338884139  -22.96589829030525  0.1262060993224959  -0.5795980299777995  -0.8050702727958929  -50.70219635840702  0.964495327296287  -0.11810013791187937  0.2362226090974854  -23.75822073455776  0.0  0.0  0.0  1.0
27844314102696;10.865536856965761;10.865536856965761;1.0  8.326672684688674e-17  -2.7755575615628914e-16  1.0856537890902019e-15  -1.3877787807814457e-17  1.0000000000000002  -9.020562075079397e-17  1.4151169125398156e-14  -3.885780586188048e-16  -1.6653345369377348e-16  1.0000000000000004  -1.1320377968360162e-14  0.0  0.0  0.0  1.0
27844314102727;12.326628554608499;5.432572433564565;0.5337984555374147  -0.8326188720496601  -0.14766523887706756  -58.1529864661586  0.8260854682563711  0.550769864546075  -0.11931200879857279  -18.869904426843277  0.1806709938023331  -0.058295541979206514  0.9818144538474816  0.06070811960090167  0.0  0.0  0.0  1.0
27844314102758;6.140194318079895;10.763591719285015;-0.9642019257470618  -0.23267592310003288  -0.12718711096336247  -77.28648752706891  0.07872290120943376  0.20684665469138933  -0.9752010901696901  -67.98798708414367  0.25321404228602507  -0.9503033075037306  -0.18112501907975725  -57.40951880777026  0.0  0.0  0.0  1.0
27844314102789;11.79753658561828;8.033877378715452;0.11543096620266438  0.006678275163931713  0.9932930547841132  -1.2107179357578897  0.8982819993177943  -0.4275325795268581  -0.10151523602267012  17.677400665420787  0.4239871952584733  0.9039752729383401  -0.055349473104153224  -1.5081665472181354  0.0  0.0  0.0  1.0
27844314102820;13.718009914125455;3.211698041797794;-0.5768591809332144  -0.2696809413439474  -0.7710419413033927  -13.881966732236362  -0.292136589208269  0.9496090336368888  -0.11357330884047225  -5.0343204833806645  0.762816949614271  0.15973375695530573  -0.6265743597292528  11.23713477976095  0.0  0.0  0.0  1.0
27844314102851;14.126286162245718;14.126286162245718;0.9999999999999999  -1.1102230246251565e-16  -8.326672684688674e-17  -1.7198686919073224e-15  -2.7755575615628914e-16  0.9999999999999998  1.6653345369377348e-16  -7.051031023701075e-15  -1.1796119636642288e-16  1.1102230246251565e-16  1.0  -1.8335555296289385e-15  0.0  0.0  0.0  1.0
27844314102882;16.65338049572903;5.052301836188712;-0.3782359443703999  0.9200731725532912  -0.10199474267800972  44.0303654622946  -0.9184544934867229  -0.3867539309802702  -0.0828416577897601  -155.6132103468753  -0.11566725457224006  0.06234383705732065  0.9913295779914426  -14.4535992956304  0.0  0.0  0.0  1.0
27844314102913;3.6628597101339557;3.6628597101339557;1.0  -3.469446951953614e-17  5.551115123125783e-17  1.0188333917719386e-18  1.3530843112619095e-16  1.0000000000000007  -2.0816681711721685e-17  -2.770898376775893e-15  0.0  2.7755575615628914e-17  1.0000000000000002  2.2035455951417399e-16  0.0  0.0  0.0  1.0
27844314102944;9.703443455187617;2.8613792879580964;-0.3096177234194912  0.7532559345635723  0.5802950649361842  -7.999606650476383  -0.9192368195839846  -0.08103279077029263  -0.38527568874910645  -21.970117333062976  -0.2431882704113253  -0.652716771551595  0.717509777821607  -11.4061307781822  0.0  0.0  0.0  1.0
27844314102975;6.1736923351409825;6.1736923351409825;0.9999999999999998  -1.6653345369377348e-16  -1.942890293094024e-16  -1.914308711548074e-14  -2.220446049250313e-16  0.9999999999999998  0.0  -1.4730971997778397e-14  -2.498001805406602e-16  1.6653345369377348e-16  1.0000000000000004  7.661432938939209e-15  0.0  0.0  0.0  1.0
27844314103006;8.779326562990162;6.42765404710209;-0.5730338233292053  0.5792697331662988  0.5797230490140606  34.7002005782357  0.13885763728336153  -0.6285277758344675  0.7652917035827974  -88.93514279253125  0.8076823595255728  0.5190370037309701  0.279731647957791  11.55666977372512  0.0  0.0  0.0  1.0
27844314103037;4.983612374719573;4.983612374719573;1.0000000000000002  -5.551115123125783e-17  2.220446049250313e-16  3.372060221458499e-15  -8.326672684688674e-17  0.9999999999999999  -2.220446049250313e-16  1.5197829436663383e-16  1.942890293094024e-16  -2.220446049250313e-16  0.9999999999999998  2.719753530432909e-15  0.0  0.0  0.0  1.0
27844314103068;8.080951485631328;8.080951485631328;0.9999999999999997  -1.1102230246251565e-16  -1.6653345369377348e-16  -6.342841399678556e-15  -1.1102230246251565e-16  0.9999999999999998  -2.220446049250313e-16  -7.257838774421543e-15  -1.6653345369377348e-16  -1.3877787807814457e-16  1.0  -6.150227389541997e-15  0.0  0.0  0.0  1.0
27844314103099;5.35424278701302;5.35424278701302;1.0000000000000004  3.469446951953614e-17  8.326672684688674e-17  -7.710431251806148e-16  3.469446951953614e-17  1.0000000000000009  -1.3877787807814457e-17  4.15411705034785e-14  4.9439619065339e-17  -2.7755575615628914e-17  1.0000000000000002  -6.10311801096941e-16  0.0  0.0  0.0  1.0
