# registration_from_features.py TEASER TEASER_config.json l2 True --use_random_keypoints=True --n_keypoints=5000 --input_txt=/neural_comparison/point_clouds_registration_benchmark//tum/pioneer_slam_global.txt --input_pcd_dir=/neural_comparison/point_clouds_registration_benchmark//tum/pioneer_slam/ --input_features_dir=/neural_comparison/experiments/FCGF/3dmatch_normalized_5cm_32//tum/pioneer_slam/ --output_dir=/root/neural_registration_comparison/results/FCGF/3dmatch_normalized_5cm_32/TEASER/
id;initial_error;final_error;transformation
1807261650030;4.242065528890624;0.47165113654154667;0.862748078777158  0.48607364698942884  -0.1392772855447717  3.4303477042347796  0.3660884938239212  -0.4104809260881602  0.8351554490078712  -6.752696973194415  0.3487763857488868  -0.7715165708007853  -0.532087599671089  1.6766923301327978  0.0  0.0  0.0  1.0
1807261650061;7.372035540033227;11.310977823631895;-0.7524529205983783  0.283249977331963  0.5946293405344316  -4.360617844384671  0.2734470417869382  -0.6869797513173631  0.6732648339382559  -0.441163776115516  0.5992005654377702  0.6691997247618804  0.43946605188305476  -2.008178442540766  0.0  0.0  0.0  1.0
1807261650092;12.102589230009645;0.11128515940418367;0.4407191317720321  -0.6556059336855152  0.6131455835333486  7.395094043840199  0.8835189956844639  0.19611646926814086  -0.4253616282018336  -8.493427279325086  0.15862166042133985  0.729190777641999  0.6656725761566532  11.223202387975437  0.0  0.0  0.0  1.0
1807261650123;9.366919006451113;0.06594859460728696;-0.7891628848417747  -0.26853803397120524  -0.5523669663358661  -4.300578964961805  0.4711515965301939  -0.8416282194713862  -0.26396612145590576  -0.3685733858352065  -0.3940026830812929  -0.46856084396832  0.7907038770768977  3.4422380745246746  0.0  0.0  0.0  1.0
1807261650154;4.484926530514292;10.101032325783137;0.9601387824427139  -0.27880323425346343  0.020056794839433206  -4.8124519448782275  0.260732061779051  0.9191472545715941  0.2952746456672948  -7.136466440756122  -0.10075867411725808  -0.27827518930603534  0.955201867987507  -7.1713433312989565  0.0  0.0  0.0  1.0
1807261650185;4.785592360357215;7.110803906522972;0.30624066475591116  0.8898233407715803  -0.33827662861622965  6.346808702908531  0.3811172832331965  0.21102640720794083  0.9001208096038305  -2.465871093766272  0.8723338074789977  -0.40457666477320814  -0.2745021869679401  0.172022186105376  0.0  0.0  0.0  1.0
1807261650216;5.7139193037879235;6.875026493718454;0.1632954078892958  -0.9358906225705095  0.3121591778994373  -1.7066695426022398  0.31203297000056646  -0.25117059624046767  -0.9162689328013001  -9.865924736530093  0.9359327087963611  0.24702646451097438  0.25101372559347057  -0.16883093986861908  0.0  0.0  0.0  1.0
1807261650247;12.652214164961155;0.02280519570753978;0.5236332280897873  0.7977167004283712  0.29909247449232357  -8.38508034322516  -0.7498813549317468  0.2649464727401061  0.6062023755383215  -0.5628955061699141  0.40433426266641886  -0.5417115768010211  0.736927656960814  4.71813647510669  0.0  0.0  0.0  1.0
1807261650278;6.989420057286833;0.02959356766346755;-0.5642305520950615  0.7396987880678605  -0.3667282195488106  -5.203975175546482  -0.8241065799671887  -0.5314469344698542  0.195991073004304  -6.6943732375378975  -0.049922228889399775  0.41280729011674855  0.909449235685632  4.654332032163578  0.0  0.0  0.0  1.0
1807261650309;8.352466281140485;14.895497789037478;-0.9395442487066039  0.058643892362818306  0.33736849083884884  4.17848147236902  0.2816090376685602  0.6928458162983926  0.6638230372179043  0.17092806992341789  -0.1948151806860326  0.7186971328218541  -0.667473952037019  9.335256994465043  0.0  0.0  0.0  1.0
1807261650340;10.036300996119001;0.0888666559066601;0.709068516967744  0.5463042705261246  -0.4458401981092369  5.749389745398328  -0.7029358807539698  0.5975794612631338  -0.38572002155074064  7.4289191545819655  0.055704450394968484  0.5868989959791905  0.8077416559301696  -13.560837347096223  0.0  0.0  0.0  1.0
1807261650371;3.1812712757927435;0.03224312578581777;-0.093674086858107  -0.9835104129875779  0.15470110858136915  2.357078485268862  -0.6681325122302544  0.17729873542109953  0.7226092336242107  4.899781301915641  -0.738122016710103  -0.03567108020629095  -0.6737235801756738  3.282058414397106  0.0  0.0  0.0  1.0
1807261650402;12.640830633455;4.134955243963398;0.8913447843664023  0.11859836478728042  -0.43753731641152177  0.0719017380375401  0.42216809816257556  -0.5688095127404988  0.7058539757695724  -9.719181224001385  -0.16516226044895146  -0.8138735565711057  -0.5570738385866754  9.386812704965498  0.0  0.0  0.0  1.0
1807261650433;17.72602606662104;17.72602606662104;0.9999999999999999  3.3306690738754696e-16  1.6653345369377348e-16  8.48448367774393e-16  3.3306690738754696e-16  1.0  5.551115123125783e-17  2.3551557565609985e-15  1.1102230246251565e-16  1.3877787807814457e-17  0.9999999999999997  -1.941932334989216e-15  0.0  0.0  0.0  1.0
1807261650464;13.516242316124647;16.083606109579158;0.7133318580185637  0.3927664249069989  0.5804241516353013  3.5272971134888764  0.6991199282715955  -0.4565620141812341  -0.5502567156339799  1.5799069774136385  0.04887725676942159  0.7983017366087524  -0.6002710646850696  4.993089316685652  0.0  0.0  0.0  1.0
1807261650495;7.578236265964046;0.017950657782615374;0.5880631164986878  -0.3960358475388812  0.705221510220733  -8.03613894844404  -0.8078904160646699  -0.3292953942077247  0.48875108080129576  5.099613642098115  0.03866324669121777  -0.8571581830780945  -0.513600041411169  -2.460414535295407  0.0  0.0  0.0  1.0
1807261650526;15.116037694080763;7.877099801311117;0.5359399168038861  -0.794446421143592  -0.2856978990268949  0.4492819057476716  0.7478212210796175  0.2896573255229638  0.5973793226032129  2.944870901787167  -0.39183137556764613  -0.5338103761665014  0.7493428156843462  6.904015844441411  0.0  0.0  0.0  1.0
1807261650557;24.456095870239103;14.655082690537604;-0.1396304431511022  -0.9588345521504423  0.2472643139393326  6.070439422891688  0.5971994420185232  -0.28072846305910704  -0.7513616682272505  1.3957076759328941  0.789845659479238  0.042753147614339945  0.6118136992343949  -6.9204253909585995  0.0  0.0  0.0  1.0
1807261650588;6.853314294203077;8.98932019285687;0.8044933331717781  0.026692117009999586  -0.5933616163619677  -1.329843621320734  -0.5460580502797299  0.426283074646508  -0.7211819090871736  -5.8416221579147125  0.23369014229715152  0.9041959252061713  0.35751733696940174  5.966027832292849  0.0  0.0  0.0  1.0
1807261650619;35.588647047747834;13.982339017372427;-0.4335408925272019  0.8921869953567552  0.12666751684232713  6.9398014597902575  -0.8965161258252468  -0.44124890916948645  0.03947450179580976  -2.111629053247919  0.09111054078429279  -0.09644566072676534  0.991159474496899  -12.547476942101312  0.0  0.0  0.0  1.0
1807261650650;3.7851067611784845;9.685050241182612;0.47628378273735705  -0.6967290694118022  0.5363975784229061  7.227641907626138  0.8442511836714496  0.1918590610449986  -0.5004298547891478  0.38861442286767034  0.2457512912900967  0.6912009147357195  0.6795937008961713  -4.417775136442773  0.0  0.0  0.0  1.0
1807261650681;15.599629407378206;31.00058048019439;-0.28281626571736385  0.9590377563895026  -0.016172249845761766  3.959359480564812  -0.9547131471906799  -0.28308515055264794  -0.09157294424584035  -14.110507095906826  -0.09240003477787428  -0.01045845858495166  0.9956670398366486  -1.2068147748877875  0.0  0.0  0.0  1.0
1807261650712;15.285930710511307;0.014571791557635676;-0.8302529372509216  0.29053088656523735  -0.4756804222772205  2.781881826965026  -0.0757375778197159  -0.9042997570876634  -0.4201258961754166  -1.5169290410752836  -0.5522172394015061  -0.312783876315279  0.7728016351075926  8.568366665682223  0.0  0.0  0.0  1.0
1807261650743;12.892867624387561;0.03284268996125982;-0.5144917052541771  0.8552519702873106  -0.06198671264329788  3.5501570152040434  -0.7969466563405894  -0.5035935853639426  -0.33357087362035187  7.3966990730260935  -0.3165032577592282  -0.12221934421343908  0.940684920538133  -0.042272374521664796  0.0  0.0  0.0  1.0
1807261650774;8.730798497462562;7.120164758659484;0.451497016511888  -0.3907522841946562  -0.8021615152059602  0.00494129751155275  0.8543006733233199  -0.07016331057132415  0.5150218144981761  2.702942258355595  -0.25752825794499845  -0.9178179352389721  0.3021414140985707  1.8505040350855146  0.0  0.0  0.0  1.0
1807261650805;27.065215252830498;19.553794771103156;0.25447382970419324  0.6832468012771247  -0.6844098761270602  -11.2293663472155  0.07177615470131901  -0.7190996562711258  -0.691190182198099  -14.612420830933688  -0.9644123877325372  0.1267655035698829  -0.2320328715779307  -4.576134946403577  0.0  0.0  0.0  1.0
1807261650836;7.792680035821759;10.193247104567224;0.7944278769768226  0.5892322470594079  0.14727425880790776  3.6158865776714855  -0.38933721378779745  0.680165554028809  -0.6211210454272484  -1.6250350174200214  -0.46615542712924884  0.43609652387746  0.7697525184239049  -2.843790560492493  0.0  0.0  0.0  1.0
1807261650867;39.325074377946905;24.62959520485796;-0.16173946954559656  0.6595736161608814  0.734032008059299  -11.416818989681005  -0.585301579041035  -0.6629862135871636  0.46676690345977434  -5.032854276971262  0.7945202360941975  -0.35413546201674506  0.4932805175344015  13.055440524819739  0.0  0.0  0.0  1.0
1807261650898;3.285326842341318;12.378571248250065;0.9382921885959329  0.051906796241012555  0.3419260933649972  -2.113814733455659  -0.3252095519935394  0.4688138837899175  0.8212504427140213  -5.5565098592435715  -0.11767122040676056  -0.8817705069176491  0.4567649910163607  3.0064141772625605  0.0  0.0  0.0  1.0
1807261650929;12.554732005914778;24.660401229180763;-0.9641205924800366  -0.26355527925927935  0.031782037859548445  2.8781815732693055  0.2621455475162758  -0.9263456011182237  0.2704875952910003  3.49497715968046  -0.04184728274732501  0.26911418034633394  0.9621987127736072  9.439032516668956  0.0  0.0  0.0  1.0
1807261650960;16.500132258179224;8.175872480433567;0.4700332094351428  0.6523167937049554  -0.5946020372304368  9.545189962812087  0.7853840994161541  -0.6165147701813094  -0.05550994985192699  -1.7576614599695122  -0.40279101083859314  -0.4408994656367522  -0.8021016536504899  11.265500181021793  0.0  0.0  0.0  1.0
1807261650991;6.090238403131256;23.754712258957287;0.7663375023495324  -0.614346157338914  0.1878979282897778  -1.1708491224924067  0.6146251969729482  0.7862273859213109  0.0638933867728611  1.6536479797737276  -0.1869831536225776  0.06652290274974651  0.9801081591697431  6.894255907222988  0.0  0.0  0.0  1.0
1807261651022;18.00713753417378;18.007137534173783;1.0000000000000002  1.6653345369377348e-16  -1.6653345369377348e-16  3.209468801834703e-15  -5.551115123125783e-17  1.0000000000000002  1.6653345369377348e-16  -1.5926815422062645e-15  -1.6653345369377348e-16  -2.0816681711721685e-16  1.0000000000000002  -2.7178259642823833e-15  0.0  0.0  0.0  1.0
1807261651053;17.655152207016677;11.573075073306642;0.9415738757621254  -0.2363715092038297  -0.23993154465178845  1.7861150186181483  -0.236548416785003  0.043008193718450355  -0.9706673692823842  8.471726112573824  0.23975713336373955  0.9707104639952019  -0.01541791462623801  -0.9527888504242283  0.0  0.0  0.0  1.0
1807261651084;7.048108031378534;10.207962743016216;0.9175351812693526  0.25821224627368516  0.30241631405615976  4.925745044353368  -0.12481957887750254  0.9090762613381576  -0.3974926713793374  0.0038969435456730752  -0.37755696770402586  0.32696603332110297  0.8663393960754673  -1.6320200718313775  0.0  0.0  0.0  1.0
1807261651115;29.330989838652297;30.24735971418374;-0.16663904440140792  0.016257042302897116  0.9858839371125527  -6.594321930168757  0.18317780091623392  -0.9819482750381477  0.04715377398574834  -11.849715682015823  0.968853612333916  0.18844971139582092  0.16065299294552107  -11.59234289206414  0.0  0.0  0.0  1.0
1807261651146;12.978837113850958;5.454201000728072;-0.6772633689370279  0.2395750364988561  -0.6956422435294161  -1.7139062461090422  -0.7230014268954866  -0.3919001163801352  0.5689316615273995  7.081608957782659  -0.1363204526223349  0.8882669084615332  0.43863268634363417  6.19639776557911  0.0  0.0  0.0  1.0
1807261651177;4.659029665212119;5.441488219279151;0.49429527253474725  -0.1638853779211268  -0.8537059016156854  7.7752568389246735  0.6597335999185102  0.7102182634308789  0.24564526339376194  -0.8282027550990432  0.5660598561003636  -0.6846397601606825  0.4591782204316317  -0.336500663186576  0.0  0.0  0.0  1.0
1807261651208;13.18942876420926;6.366132054288759;0.9352106257337753  -0.22113704461883343  -0.2765492596480574  -3.9085014824848305  -0.3083280627983469  -0.8926043779159882  -0.32892435333406167  -1.3758477448111304  -0.17411172047182613  0.3928814477962279  -0.9029558553837946  6.737405651530462  0.0  0.0  0.0  1.0
1807261651239;14.502722552119096;14.352830817046364;-0.7269375576956891  0.6767158679400171  0.11669370715516797  -0.9137011444231146  -0.4030111744597106  -0.5580093309245138  0.7254016679480284  -9.152700939754586  0.5560069967833424  0.48029284887385737  0.6783619969077002  -14.451498018127028  0.0  0.0  0.0  1.0
1807261651270;5.3367863312056185;14.342349145821641;0.3713538032320928  -0.05769711936365546  -0.9266970353045252  0.3644349208680452  0.5648638496346359  -0.7780829746057375  0.2748012299911098  -6.0703925260738645  -0.7369024251561391  -0.6255061366971736  -0.2563530548933969  -8.128818824027256  0.0  0.0  0.0  1.0
1807261651301;18.499291020604566;18.499291020604566;1.0000000000000002  -3.469446951953614e-17  -1.734723475976807e-16  -1.88954174479738e-15  -1.1102230246251565e-16  0.9999999999999998  5.551115123125783e-17  6.827050854547841e-16  -2.220446049250313e-16  1.1102230246251565e-16  1.0  2.385377092335909e-15  0.0  0.0  0.0  1.0
1807261651332;12.390821196249583;12.390821196249586;0.9999999999999999  1.1102230246251565e-16  8.326672684688674e-17  -7.629474082847779e-18  5.551115123125783e-17  0.9999999999999998  -1.1102230246251565e-16  -5.976923552249085e-16  6.938893903907228e-17  -1.8041124150158794e-16  0.9999999999999999  -4.0351479409066925e-17  0.0  0.0  0.0  1.0
1807261651363;14.174233102738592;11.547892256343406;0.9529708721118617  -0.15404190086467617  -0.26099350506162955  -5.082922057999253  0.23429371905769547  -0.17178079460206405  0.956868753704497  3.079648351700944  -0.192231553384119  -0.9730171896651572  -0.12761104379969584  2.6289552799615223  0.0  0.0  0.0  1.0
1807261651394;15.37282925956283;5.449206163381419;-0.28213864502709907  -0.5221642777191337  -0.8048243609983038  -6.415222011282623  0.4965073332976321  -0.7972942232191342  0.34322352717008103  5.694534117406797  -0.8209008788909576  -0.30276457635505033  0.4842059049005911  3.451394112204157  0.0  0.0  0.0  1.0
1807261651425;13.890754583273365;6.365890655833312;0.8984584462660254  -0.29259744528416876  -0.32735173032445986  6.98268967651102  -0.4312330779700712  -0.447940440797291  -0.7831905221354426  11.291590521340671  0.08252546757031033  0.8448290338947322  -0.5286335693945243  7.7860733076719875  0.0  0.0  0.0  1.0
1807261651456;9.3716141831985;8.98905476960536;-0.8130708216674103  -0.2325167540186862  -0.5337150907119799  6.293946749704688  -0.5195367403341064  -0.12384517968331202  0.8454253053417669  -8.92375125940463  -0.2626735890722446  0.9646752461682753  -0.02010609445127666  12.407762336631372  0.0  0.0  0.0  1.0
1807261651487;17.785414458371655;19.557101835373864;-0.8882973633930343  -0.34237244745072326  0.30611909678356364  3.3603670638284013  0.4116161825232824  -0.8891448645472774  0.19998381968090118  -15.801807218507227  0.20371527305026235  0.3036486737593382  0.9307510786726235  -9.949939340887042  0.0  0.0  0.0  1.0
1807261651518;16.45702919953805;6.368293087084597;-0.6289859468531834  -0.60930425085308  0.4828302067534422  -1.8476506977742915  0.7565073349692406  -0.6227853715545716  0.1995871566894334  -1.9001861867798724  0.1790902867241616  0.4908021096837316  0.8526663816118567  -14.396024771164669  0.0  0.0  0.0  1.0
1807261651549;5.869275751550298;8.979844198090618;0.2545676953591516  0.9666122801646849  0.02925727797247968  -1.1589881343762112  -0.6286796604901617  0.14242944118450315  0.7645101299327857  -4.455717609576851  0.7348177821511296  -0.21301303743831895  0.6439474147131863  3.881696872391716  0.0  0.0  0.0  1.0
1807261651580;10.82780923860347;13.95347129257847;0.9901872481505015  0.09416668543163129  0.10325622961814995  3.6763422937716186  -0.05890490508769318  0.9512762329690742  -0.3026610988296585  -1.8041431327843538  -0.1267257896276279  0.29360886216697657  0.9474884750223969  4.586005269131442  0.0  0.0  0.0  1.0
1807261651611;22.621753926741967;34.46721685365009;-0.26018055281587515  -0.6949526715334676  0.6703333978438806  -2.9182275971497726  -0.9260592924633831  -0.016938613201230256  -0.3769977058617703  -6.677954654329754  0.27335008099256936  -0.7188559436433111  -0.6391602815491908  14.99952237796984  0.0  0.0  0.0  1.0
1807261651642;7.769711969705423;6.361585256840425;0.7377779105320541  0.13817214690985838  -0.6607512486172674  6.5081024278862625  0.20364996612596875  0.8876637621509514  0.4130129981742844  0.34994772487705034  0.6435918318529601  -0.4392738362142007  0.6267599626570056  -8.693166397730902  0.0  0.0  0.0  1.0
1807261651673;8.158437860854828;19.54996412067395;0.2603240431197695  -0.16135941090987418  0.951942505135995  -0.9951740552964604  -0.7520913341389556  0.5843800324887055  0.3047270955159457  -13.340072756962687  -0.6054667766994828  -0.7952754982641659  0.0307711581488389  -7.900648877665904  0.0  0.0  0.0  1.0
1807261651704;36.66570801263619;14.739634260228625;0.016188504814861338  -0.8182475779738874  -0.5746380020949944  10.172948347853573  -0.46717368472911625  0.5019332277607675  -0.7278817095972929  0.19311847827023546  0.8840173531150162  0.28023906938456167  -0.37413818754839145  -10.699415386542766  0.0  0.0  0.0  1.0
1807261651735;13.857565236918324;6.364023651341509;0.8354948450830649  0.36818992870040423  -0.40790261122382765  -6.365280978545828  -0.3244245499837797  -0.2686131180130412  -0.9069706192590441  -0.660647573837186  -0.4435054398848428  0.8901028981162256  -0.10497502349439705  -4.368428314758688  0.0  0.0  0.0  1.0
1807261651766;22.45262214999514;30.267324140308986;0.1477830662713894  -0.8639106195519465  -0.4814754477113026  2.716237551008461  0.7575111655011847  -0.21412210458628456  0.6167078388253049  -19.20930168139903  -0.6358749872926787  -0.45586200297119844  0.6227783191334009  -5.893786677982861  0.0  0.0  0.0  1.0
1807261651797;21.051230087920704;11.977277247964109;-0.3551065945494433  0.8164221796421328  0.45536153888518754  4.615278348998261  -0.22038694699409375  -0.5464920166908422  0.8079455855983115  6.570952004653066  0.9084761417352241  0.18655106614963285  0.37399171062513553  -2.981768284468674  0.0  0.0  0.0  1.0
1807261651828;3.434283833819833;5.449741327315775;-0.5398221922506123  -0.5272964019337877  -0.6561634744950564  7.457303189442579  0.7320043840520745  -0.6789436665291324  -0.05661342074563236  0.612056743991445  -0.4156459821558329  -0.5108757208829362  0.7524921363908418  0.9440710634262683  0.0  0.0  0.0  1.0
1807261651859;30.81758641329856;11.970125855655848;0.872824718643701  0.14294934221928768  0.4666288633203239  -5.015112854827161  0.48799502439830866  -0.267693533817769  -0.8307833821849406  -0.38656178465118185  0.006153591393533817  0.9528408353503897  -0.3034081010812557  9.215005505970783  0.0  0.0  0.0  1.0
1807261651890;5.456298175072451;5.456298175072451;1.0  -1.3877787807814457e-16  -2.220446049250313e-16  3.306688256543566e-16  -2.7755575615628914e-17  0.9999999999999998  -4.440892098500626e-16  9.7831647297153e-16  -2.7755575615628914e-17  -2.7755575615628914e-16  1.0000000000000002  -9.358141594539153e-16  0.0  0.0  0.0  1.0
1807261651921;13.250946855243232;30.278511313303863;0.9557665892600301  0.13113650152399298  0.26327446671163707  3.004515759775044  -0.26981857584916524  0.7472251345200436  0.6073323097516142  -6.287626025408878  -0.11708186444098333  -0.6515042719042994  0.7495558823126358  -2.338921006229141  0.0  0.0  0.0  1.0
1807261651952;9.163995689044379;8.989254931056523;0.7903706049952053  0.5851027963534561  0.18157374385874184  -3.2998361808666195  0.3010846052327479  -0.6291058017624943  0.7166407403159615  -2.9906654397320676  0.5335375968489515  -0.5117427164973969  -0.6733921776056739  -0.6130854385616653  0.0  0.0  0.0  1.0
1807261651983;6.588263075805257;12.007675418126043;-0.07990851183819864  0.6114485475347311  -0.7872390383190304  -0.970081274844848  -0.9108696405590861  0.27599787234859785  0.30682514950181045  2.028890002484169  0.4048840916158174  0.7415900809589584  0.5348953394634502  0.5212836970723566  0.0  0.0  0.0  1.0
1807261652014;17.758751011909293;10.191894254954804;-0.9120319831728426  -0.2576895594929025  0.31905133223067117  8.592322702615451  0.1324003556942268  -0.9212951480030335  -0.36563013562630753  -6.712594379175107  0.3881595129348944  -0.291223867830959  0.8743688302562728  8.011972262656927  0.0  0.0  0.0  1.0
1807261652045;29.809431639619387;34.42118970670938;-0.3398465996749574  -0.311643399074098  -0.8873458629547514  -6.181154948010346  -0.47730155239726463  0.8701182757695757  -0.12279012277436081  -6.773523260481042  0.8103625835195816  0.38180175220305623  -0.44445461550775434  6.803626039525517  0.0  0.0  0.0  1.0
1807261652076;4.484716985902588;30.29631098255902;0.8981273213942905  -0.41534466619273236  0.1444164908532386  0.7424928125612702  -0.0869691939115601  -0.48970521865172323  -0.867539715595569  -11.18392915596349  0.4310495028131794  0.766601335173971  -0.4759398271147259  -4.896917431057875  0.0  0.0  0.0  1.0
1807261652107;29.336704611392904;19.542781014437683;-0.8787602065562273  -0.33378773526739464  -0.3411249729326784  -2.9432714357984846  0.13129351083259608  -0.8562446069529904  0.4996070326538357  -2.6870876546246705  -0.4588491183237776  0.39424728388282265  0.7962578513047828  6.925680063853038  0.0  0.0  0.0  1.0
1807261652138;8.336172594373753;14.71651035736389;0.9748998011930544  0.045516382647155754  -0.21794181917305502  5.859655912722227  0.04148700112798602  0.9245977305790906  0.3786791060322723  -2.626079909060121  0.21874461449633315  -0.37821593768469414  0.8995018055068805  2.8311817791207146  0.0  0.0  0.0  1.0
1807261652169;11.016264409904746;30.240274855927726;-0.2522015219309036  -0.5577162105405539  0.7907888598330279  -1.0536719740476095  0.5533539373022573  0.5872874793012903  0.5906715133879628  -10.574759259624111  -0.7938474742718693  0.5865543838010432  0.16049966490916082  -0.6326168091325518  0.0  0.0  0.0  1.0
1807261652200;7.691976379282801;14.784874103354133;-0.8729154903283126  0.04115266803735344  0.4861327027245639  3.9019783836991344  0.38858215012962377  -0.5438571752960949  0.7437898127022122  -5.1665839838064  0.29499569377453655  0.8381681399291914  0.4587501606126362  -0.5121261213974475  0.0  0.0  0.0  1.0
1807261652231;30.250277525569288;30.250277525569288;1.0  7.979727989493313e-17  4.163336342344337e-17  9.095393283847025e-16  1.8951853975046618e-16  0.9999999999999998  1.734723475976807e-17  -1.7654722999431411e-15  -3.2959746043559335e-17  -3.469446951953614e-17  0.9999999999999999  -8.881784197001252e-16  0.0  0.0  0.0  1.0
1807261652262;34.4089756725358;34.4089756725358;1.0000000000000004  -2.419939248987646e-16  -2.220446049250313e-16  3.690492883757377e-15  -3.165870343657673e-16  1.0000000000000007  3.2959746043559335e-17  -1.5176993601136888e-15  -5.551115123125783e-17  5.551115123125783e-17  1.0000000000000004  -5.329070518200751e-15  0.0  0.0  0.0  1.0
1807261652293;40.84770933151314;11.977837435954044;0.3297162661839311  -0.9417909271194016  0.06570413540488862  -10.048202440673867  0.5467533004768778  0.247225067501051  0.7999628706488446  1.8532565529767475  -0.7696414829200454  -0.2278368179085139  0.5964414239252288  10.782209979188137  0.0  0.0  0.0  1.0
1807261652324;17.8904122783438;10.203474334521353;0.811652738688491  0.336397069205984  -0.4775529746625986  -0.7775555086605856  0.5824322420180548  -0.4035787841519207  0.7056180613053205  0.7524878700875204  0.0446375989194536  -0.8508590816416555  -0.5234943246594217  6.736586015771981  0.0  0.0  0.0  1.0
1807261652355;3.608779537763446;10.190663453415155;0.5319713714202523  -0.7053244924692628  -0.46853369175784276  6.070700272784171  0.13693297487020484  0.617698321890482  -0.7744017972131001  -1.6129323437578953  0.8356170297345858  0.34780187385444006  0.4251800044227012  0.09866597810708258  0.0  0.0  0.0  1.0
1807261652386;28.030315095757214;10.206638835844105;0.3019529134562077  0.31237753329943113  -0.9006912427380825  4.525930739018402  -0.39314699796309194  -0.819906025061876  -0.416160483539516  9.647745251446004  -0.8684813619461947  0.4797649286442242  -0.12476272357994472  8.515620121453914  0.0  0.0  0.0  1.0
1807261652417;16.760798496759268;10.208975180464213;-0.5343236332054843  0.7990582005945612  0.2756886777883229  2.75931749199312  -0.8197350587108905  -0.41026553726963794  -0.3996456210808633  -5.9655246419512284  -0.20623454734438754  -0.43953177472332744  0.8742305934307139  -7.130004001247549  0.0  0.0  0.0  1.0
1807261652448;11.541073086658493;6.365272084257283;-0.21302836752966642  0.9664037940562737  -0.1438145384211368  1.0248602703421017  0.47585644407869837  -0.02593353859374803  -0.8791405440569692  8.972200074930921  -0.8533343771678381  -0.2557169497895004  -0.4543448935928873  4.942747881339434  0.0  0.0  0.0  1.0
1807261652479;17.131314427617824;24.646494973773247;-0.16711353728663825  -0.985267122914244  0.03635604708759363  -4.813594597132884  0.9850618997825207  -0.16529768152972818  0.0482672775050324  -3.7582943735321033  -0.041546591345121855  0.04387907229174971  0.9981725841568764  9.307952842063122  0.0  0.0  0.0  1.0
1807261652510;16.88386035870282;19.55803313202899;-0.9930971132961216  -0.09917369211073734  -0.06263148055118936  -8.870639185536144  -0.0028480047401833776  -0.5134201571278844  0.858132641917191  -7.790761646356232  -0.11726044700541292  0.8523874242666318  0.5095936288065103  -1.665356310477899  0.0  0.0  0.0  1.0
1807261652541;12.460236884144733;6.368545105187132;0.22395970245003294  0.9301275620074848  -0.2910408391832765  1.9664084481826185  0.4916027710271524  0.15003820890158312  0.8577967424676023  11.143337420244244  0.8415276389976254  -0.33518838623021807  -0.42365077426987463  -4.735273898805304  0.0  0.0  0.0  1.0
1807261652572;42.08124229642907;11.993522777763781;0.7735784165301178  0.633300691505858  -0.02250927846372522  -2.0880980176978317  -0.6333153205991362  0.7738586530386227  0.007381721456593882  11.594788301253901  0.022093849215773953  0.008545130511051198  0.9997193819124343  -13.777727350581802  0.0  0.0  0.0  1.0
1807261652603;27.455101979184786;19.559077702993722;0.5120628721621789  0.8542014105047705  -0.09017519195809581  3.5085029909506895  -0.6465685026003796  0.31421075086091665  -0.6951408314065008  3.094668546101436  -0.5654562639127114  0.41426024952326573  0.713195386459278  -11.990259094017597  0.0  0.0  0.0  1.0
1807261652634;28.71491398766282;24.566501634385435;-0.9456126157102859  -0.12680568111972118  0.2995615132912023  6.265605998401024  0.10316639726761212  -0.9902579317982683  -0.09351963957072212  3.473179036674617  0.30850198619194136  -0.0575286689084666  0.9494824783898056  15.742524408289492  0.0  0.0  0.0  1.0
1807261652665;10.293881191059828;24.620813670239155;0.3217132878855513  0.5513974273634427  -0.7697151664705885  3.5204554426568833  -0.7796325155464305  -0.3070325833987765  -0.5458059485148717  2.1623832197020874  -0.5372836318934481  0.7756879977339157  0.3311109014679756  7.852586530315137  0.0  0.0  0.0  1.0
1807261652696;33.77779932650991;12.008991009880237;-0.5042531796405094  -0.8049903203757574  -0.3126008875927427  4.992144974888217  0.5524220944508985  -0.5789318694308433  0.5997230361756926  -2.4000675188274934  -0.6637458552676005  0.1297246108440604  0.7366226747504037  -9.840946364954313  0.0  0.0  0.0  1.0
1807261652727;26.404805354969792;19.560795122549838;0.16890168418235435  -0.9204576602255815  -0.3524626459816878  -7.501797464583268  0.9672446794043345  0.22354306321096734  -0.12027563782522176  -10.670183159470952  0.18949921172493225  -0.32060286121977427  0.928064574333771  -17.176085416956173  0.0  0.0  0.0  1.0
1807261652758;11.706876263611738;10.197909985937075;-0.5299056506208993  0.5664040522058896  0.6311786205859552  9.514199101296445  -0.745616953641065  0.043432851807487516  -0.6649578526695414  -5.675478304377478  -0.4040487097901196  -0.8229824038389986  0.39930515034034236  -1.6145417332943224  0.0  0.0  0.0  1.0
1807261652789;37.4807323049303;11.975352367195146;0.26401483920858426  0.0913259983384776  -0.9601852564506221  -3.168752237923456  -0.8567834736802231  0.47940324602373124  -0.18998580718138058  -6.686553371448512  0.4429652852155762  0.8728299317332049  0.20481617700878363  6.641720847975592  0.0  0.0  0.0  1.0
1807261652820;24.622197736499775;24.622197736499775;1.0000000000000002  -4.163336342344337e-17  -2.7755575615628914e-17  1.7256465241973465e-16  1.8735013540549517e-16  1.0000000000000002  -5.551115123125783e-17  3.6718732229193384e-16  3.469446951953614e-18  -6.938893903907228e-18  0.9999999999999998  1.7763568394002505e-15  0.0  0.0  0.0  1.0
1807261652851;31.035011037167635;11.967506719229924;-0.18199904287594704  -0.9439755308728517  -0.275293562412123  -3.731419857541576  -0.8339406994700711  -0.0001540893982667213  0.5518540441310786  -6.772206926587838  -0.5209791340923438  0.33001541383665023  -0.7871915703757358  3.654348956277491  0.0  0.0  0.0  1.0
1807261652882;15.670251551388807;10.199631425989946;-0.0034673400852139862  0.9329383467891413  0.3600194698111155  10.456123034962273  -0.8803146884068132  0.1679395058144447  -0.44366921435007767  -3.285594938453806  -0.4743775152006561  -0.31846877943864976  0.8206970266760495  -5.196494726302347  0.0  0.0  0.0  1.0
1807261652913;15.719459525657804;10.189739018612448;-0.15856716517995773  -0.6085571759843929  0.7775053811290907  12.017666893969237  -0.36356153943393654  -0.6961521462603343  -0.6190276215982267  -0.5167865028180548  0.9179757410581283  -0.3808285084063839  -0.11086111136800958  1.7068210387504987  0.0  0.0  0.0  1.0
1807261652944;19.564049308117394;19.564049308117394;1.0  -2.2985086056692694e-17  3.469446951953614e-18  -2.7260498929465025e-16  -2.2985086056692694e-17  0.9999999999999999  2.0816681711721685e-17  -1.7763568394002505e-15  4.336808689942018e-18  1.9081958235744878e-17  1.0  0.0  0.0  0.0  0.0  1.0
1807261652975;27.89646367782606;11.974498899549143;0.7829697453650776  0.5353118604471445  -0.31685894323430797  -0.2677471690142982  -0.6145998224971404  0.5870528925250149  -0.5269117189477733  9.274868387936838  -0.09604913341321568  0.6072973846828502  0.7886472281875717  -8.970610199758154  0.0  0.0  0.0  1.0
1807261653006;6.365423988371116;6.365423988371116;0.9999999999999998  -1.3877787807814457e-17  0.0  4.223500879135508e-16  -2.7755575615628914e-17  0.9999999999999998  1.6653345369377348e-16  6.090900692341285e-16  1.3877787807814457e-17  2.5326962749261384e-16  0.9999999999999997  -8.549170052440935e-16  0.0  0.0  0.0  1.0
1807261653037;10.197467142422473;10.197467142422468;0.9999999999999994  2.7755575615628914e-17  1.6653345369377348e-16  9.299953645294125e-16  0.0  1.0000000000000004  -3.885780586188048e-16  2.0058405695875024e-15  4.440892098500626e-16  -1.6653345369377348e-16  1.0000000000000002  -1.862986117286422e-15  0.0  0.0  0.0  1.0
1807261653068;11.981883041146329;11.981883041146329;1.0000000000000004  1.6653345369377348e-16  -1.1102230246251565e-16  1.0152135542485807e-16  1.1102230246251565e-16  1.0000000000000004  5.551115123125783e-17  -1.2165482296757965e-15  5.551115123125783e-17  0.0  1.0000000000000002  2.2086699456537785e-16  0.0  0.0  0.0  1.0
1807261653099;8.993075075233714;8.993075075233714;1.0000000000000002  -5.551115123125783e-17  2.6020852139652106e-18  -5.803016595896937e-16  0.0  1.0000000000000004  -1.734723475976807e-18  1.1148387768500356e-15  0.0  2.168404344971009e-19  1.0000000000000002  -1.7404744312443654e-15  0.0  0.0  0.0  1.0
