# registration_from_features.py TEASER TEASER_config.json l2 True --use_random_keypoints=True --n_keypoints=5000 --input_txt=/neural_comparison/point_clouds_registration_benchmark//tum/pioneer_slam3_global.txt --input_pcd_dir=/neural_comparison/point_clouds_registration_benchmark//tum/pioneer_slam3/ --input_features_dir=/neural_comparison/experiments/FCGF/3dmatch_normalized_5cm_32//tum/pioneer_slam3/ --output_dir=/root/neural_registration_comparison/results/FCGF/3dmatch_normalized_5cm_32/TEASER/
id;initial_error;final_error;transformation
39885980090030;15.205318337116758;0.01218872796997774;0.6013461770087092  -0.6400876902910216  0.478195069124427  13.870158640698628  -0.797887733762267  -0.512495109154927  0.3173703316379663  11.618896467170265  0.04192779160322959  -0.5723954156264567  -0.8189050912414038  0.5302273428111718  0.0  0.0  0.0  1.0
39885980090061;13.318166755923231;5.320831020327658;-0.3957780403044701  -0.8213279185600286  -0.4108286662425151  -5.937072878534199  0.8068110072096951  -0.09729413940420445  -0.5827433818439061  0.04443075048960131  0.4386521873398449  -0.5620981236683201  0.7011632890493653  6.259251917667859  0.0  0.0  0.0  1.0
39885980090092;16.131758473986306;13.142175255998469;-0.04460959054962654  -0.733255549601517  -0.6784882338033382  -3.529636227412826  -0.7725174138352263  0.4559477601011028  -0.4419598232646519  10.858137994230237  0.6334246835672962  0.5044283289401634  -0.5867923237486209  -4.855507114104454  0.0  0.0  0.0  1.0
39885980090123;12.985542941208589;0.05906756162239832;0.4988013642312674  -0.6770779328576799  0.5410754770623021  8.20723415912778  -0.37826022710288176  -0.731751047803858  -0.566974077564427  -3.4486760904756544  0.7798181837025241  0.07814011053951433  -0.621110073571319  -9.267063701090933  0.0  0.0  0.0  1.0
39885980090154;12.128119033469892;11.275168409436771;0.9886322826197759  0.07490743650712328  -0.13036520133050117  -10.554902603971504  0.0022460205890582965  -0.8743183216974334  -0.48534773898277944  10.250685097081366  -0.1503368389767603  0.47953764012860783  -0.8645475617606944  14.148925438842564  0.0  0.0  0.0  1.0
39885980090185;6.628057703543316;0.05884037882847724;-0.7297538359996811  -0.6779780232636708  -0.08834669668547923  7.3747717598145  -0.15476186277655424  0.037936564882689955  0.9872231677158068  2.775211710960506  -0.6659640415770822  0.7341025929775671  -0.1326094955496455  5.918113353046103  0.0  0.0  0.0  1.0
39885980090216;5.823010286342225;2.997635431958141;-0.3090249622384317  0.06096217632534118  0.9490980907004365  7.96693735082992  0.9354763659924896  -0.16039588830919171  0.31489224773403246  1.7441075639009112  0.1714279480802996  0.9851683978240391  -0.007462341843875231  -3.3408688470246872  0.0  0.0  0.0  1.0
39885980090247;5.3740242030998315;4.93623021658146;-0.8966316947482877  -0.3526370721265168  0.2677661280573979  8.728295884567917  0.015883117530617386  -0.6299689890327836  -0.7764578542551563  -2.4954230144686322  0.4424921813437176  -0.6919437608787655  0.5704511383375688  -6.133457331669271  0.0  0.0  0.0  1.0
39885980090278;4.39500473301532;7.179650108770468;0.8829993379198808  -0.02524601539863064  -0.468694791884381  -0.49882004058311635  0.24613602451060593  -0.825339315132301  0.5081653986007492  -2.3938870215741357  -0.39966139001805706  -0.5640723833015017  -0.7225601149561176  1.5711895833005862  0.0  0.0  0.0  1.0
39885980090309;6.062761454151005;0.11133260821476243;0.7489750002934618  -0.07999213183808121  -0.6577520108516642  5.823151336033614  0.30420402988830936  -0.8403704368971757  0.44859495871996025  0.3264682248003762  -0.5886394118092347  -0.5360772217071431  -0.6050825193571773  5.828538084447914  0.0  0.0  0.0  1.0
39885980090340;10.653667033347874;0.1467894389191396;-0.2031978921157098  0.8686326094279235  0.45187167036468234  7.908440409149581  -0.8852130231554014  -0.3602067151460048  0.2943620661698782  4.350871189549738  0.41845969970333685  -0.34018893603725714  0.8421181434466491  6.106804939341031  0.0  0.0  0.0  1.0
39885980090371;7.825764243118106;13.594076606776468;0.8096507787272571  -0.13837390858714754  0.5703667924490889  4.8111119014089665  0.37376803137592457  -0.6276979013005479  -0.6828563563621954  4.225974302186463  0.4525075416252335  0.766060053863405  -0.45649635118704324  1.5937878191270796  0.0  0.0  0.0  1.0
39885980090402;6.3535513934385985;4.5249802532769525;0.394758429545485  0.8611698656520459  -0.3202377941399485  0.6384303907915014  0.19847119794545987  0.2603894162410009  0.9448844032450555  3.47728809967452  0.8970925068736652  -0.43655906175740833  -0.06812649784492897  6.320692398778745  0.0  0.0  0.0  1.0
39885980090433;6.8874917645610045;5.931341015507577;-0.7842788343047541  -0.5367174647493839  0.3111929836846758  4.603571832818497  0.5190088771354123  -0.8424019049643464  -0.14487517374304776  8.38632934284417  0.33990659822400493  0.04788938865170622  0.9392391127600844  4.276249971863336  0.0  0.0  0.0  1.0
39885980090464;6.2677651862134764;11.394746116980274;-0.9862542133754838  -0.04902278611340297  -0.15779541514500534  2.3870719348730964  -0.06500865981910625  0.9930811596692544  0.0977940921451399  4.247076168649675  0.15190951500030753  0.10670790388555115  -0.9826173835734445  1.1878456973439155  0.0  0.0  0.0  1.0
39885980090495;9.69087354585672;7.349500083504765;-0.05239170557064435  0.7806590031851421  0.62275728011271  -4.444052992315535  0.9984374140767274  0.028810014817593335  0.04788228501218833  -9.134711938109826  0.01943809042003053  0.6242928029315984  -0.7809485622296981  -0.27811428154705975  0.0  0.0  0.0  1.0
39885980090526;2.92110847772627;1.8298380072368732;0.12332301504187407  -0.6038008693612178  -0.7875379001163186  -0.08829988847826749  0.5290796459542968  0.7114037913802335  -0.4625790460523539  -0.6073270423100259  0.83956307815307  -0.35962363071476183  0.40719121065376007  -1.0540982696162993  0.0  0.0  0.0  1.0
39885980090557;4.738076726601074;10.078825149320185;0.7854192231549337  0.5524884342897268  0.2790576533169922  -4.220487776490879  0.49550637411577647  -0.8314147085130379  0.25144187336005985  -15.092354947458706  0.3709313644184546  -0.05921243487871922  -0.9267706352957009  1.9054401955413378  0.0  0.0  0.0  1.0
39885980090588;14.769319861057435;3.7388021743621422;0.32488387424978027  0.3383622684376571  0.8831542580716996  14.216872720489285  -0.3671306391934992  0.9057010332076876  -0.21194511603691343  -1.0146228371019075  -0.8715879542638402  -0.255375436845932  0.41847081647102224  -0.940830682350003  0.0  0.0  0.0  1.0
39885980090619;2.836952107880147;16.701246875390634;-0.014530440050789607  -0.9914432254674544  -0.12972739489645452  0.6970988242881352  -0.5454349805494154  -0.10087878701338658  0.8320601855177105  0.07562636169278453  -0.8380271763522882  0.0828480597563879  -0.5393020032315964  17.789623716409942  0.0  0.0  0.0  1.0
39885980090650;12.55893498698289;6.416617160674507;-0.5235222121872123  0.8448339288164767  -0.11036360843649226  16.865841893531858  -0.7368159828476197  -0.38388359730650307  0.5565389394636412  8.974288493449578  0.42781619974809654  0.37267816737707454  0.823458731688214  -0.45893418582360873  0.0  0.0  0.0  1.0
39885980090681;13.661467239296929;4.352904629464685;0.6029555171690948  -0.7807826169840225  0.16377774369837308  -2.721456634767066  0.5702877365522026  0.5653984171339026  0.5958997629137328  -7.999593098221457  -0.5578678533967648  -0.26590061097721923  0.7861808463886835  -3.1006144745404316  0.0  0.0  0.0  1.0
39885980090712;11.512393687205597;7.249793192294401;0.12965745887195687  0.5646379839731488  -0.8150907252653575  1.9407062409473117  0.5858857205355663  0.6195583365737142  0.5223843317467849  -8.111484381128937  0.7999542898387315  -0.5452810418827645  -0.2504829725387733  11.583819826598496  0.0  0.0  0.0  1.0
39885980090743;17.098275178250592;7.070958259425675;-0.3260011938674253  -0.2845738727045988  0.9015214543042898  20.356263818164045  -0.9427093981061354  0.026370421282886983  -0.33257118276202574  0.5153926856149249  0.07086756888297352  -0.9582913501932862  -0.2768672530750922  9.952176063570043  0.0  0.0  0.0  1.0
39885980090774;10.611953381784044;17.23862866835594;0.7237376691611587  -0.6221352833604132  -0.29858244328029754  -5.692366739738015  -0.6630199352548356  -0.7468690604718117  -0.050903555520486185  0.12531470614409618  -0.1913330909483436  0.23480693283634582  -0.9530253682878231  7.491732713454959  0.0  0.0  0.0  1.0
39885980090805;5.343071835957388;0.20922349367778065;0.03193974194902055  -0.5417293322509351  -0.8399459407980896  0.6567778021604087  0.6305067499045933  0.662986003617741  -0.40362209717968256  -6.813822271543999  0.7755263317315397  -0.5166999995993173  0.3627396024768854  -0.7095722239892182  0.0  0.0  0.0  1.0
39885980090836;5.261479947974986;16.62267363669524;-0.5405577688752374  0.02776013328657201  -0.840848781594251  5.83554389768439  -0.16017935970457975  -0.9845692375882236  0.07046977451060571  0.30743298190279483  -0.8259175934881493  0.1727796035267375  0.5366631507490405  18.99010244071501  0.0  0.0  0.0  1.0
39885980090867;12.813048896623984;13.25290746893296;-0.0019457401976671375  -0.9711854819549712  0.2383169606531894  2.3586346270424214  -0.5614362960421666  0.19827317935087474  0.8034158523682176  2.8252035684430594  -0.827517673274436  -0.1322365531537576  -0.5456445678539076  15.41751139215468  0.0  0.0  0.0  1.0
39885980090898;9.513150698671726;9.72275706562919;0.8611104719642313  -0.04197411935812863  0.5066822755708432  1.8726387862702798  0.4738692559278112  0.42736195539076094  -0.769941353202312  -3.5074918760840172  -0.184219117791723  0.9031057149573877  0.3878960998145566  -1.06371819301641  0.0  0.0  0.0  1.0
39885980090929;3.2910700942172166;12.770606188898439;0.13852449915621212  -0.6664454653349652  -0.7325717745504411  -1.4803502148681575  0.06079718846413035  0.7440306517705764  -0.6653736477353972  10.926045817606122  0.9884911051741325  0.04763224706344227  0.1435844839504241  -8.426312063784279  0.0  0.0  0.0  1.0
39885980090960;13.148595121958836;6.790622253509862;-0.9925533675585703  0.10923080189270765  -0.053911450231074354  5.697904009522117  -0.1047747861544947  -0.5398320190133918  0.8352266970315335  7.951915611061951  0.06212935485277091  0.8346556314827094  0.5472567222974767  9.137624928121308  0.0  0.0  0.0  1.0
39885980090991;4.974292677219224;4.974292677219224;1.0  -2.3245294578089215e-16  0.0  5.036193684304635e-16  -1.8388068845354155e-16  0.9999999999999997  8.673617379884035e-17  1.7168065539617701e-15  5.551115123125783e-17  -1.1102230246251565e-16  0.9999999999999999  -4.356515148629114e-16  0.0  0.0  0.0  1.0
39885980091022;13.287028172970416;0.0236855192426817;-0.5320569044390426  -0.6966325574120081  0.48126762865618683  15.706732160334713  0.6136009112937751  -0.7089033708598428  -0.34777856811914276  -3.0598225699890054  0.5834461175620183  0.1102682671359167  0.804631305111012  -0.42366431768014656  0.0  0.0  0.0  1.0
39885980091053;15.533441302838277;12.814284671757893;0.390359581172359  0.8933506157625861  -0.22258498310431396  -1.907287420001502  0.4396420728321976  0.0315419549887101  0.8976190466290797  9.957884336155102  0.8089092935445534  -0.4482519184477603  -0.38044181214103334  17.37428254179722  0.0  0.0  0.0  1.0
39885980091084;7.763469718260981;14.818236993545845;-0.7934496387463866  0.5649820297353464  -0.2263470274807178  0.4723496032109156  -0.42401999018227593  -0.24633584767184757  0.8715077154435382  17.785469734698584  0.4366288111188392  0.7874731463535254  0.4350187640470566  6.833732676126595  0.0  0.0  0.0  1.0
39885980091115;3.6651649034345075;4.733056815216408;-0.7273292578901801  -0.6354195230243811  0.2592955463874931  4.531547112701973  0.5417323322652992  -0.7635272726884572  -0.35149990617257143  -0.963412495617884  0.4213291240767958  -0.11518738481446236  0.8995630247983105  -0.7949071611217963  0.0  0.0  0.0  1.0
39885980091146;8.080612412768405;3.0295421575127173;0.8249431672873363  0.5568887398805872  0.09666282708544424  5.272402985368198  -0.3449635433871901  0.6315370618447811  -0.694378206203375  -4.888243289468155  -0.44773756206029125  0.5394774053754929  0.7130884970392057  -1.2180063297774073  0.0  0.0  0.0  1.0
39885980091177;3.8726541071914253;12.6467312551511;0.15542741934495702  -0.9692779884734889  -0.19063708552261127  1.5119114135268312  -0.7184929280033389  0.021518748449498963  -0.6952013060073725  12.156515995497676  0.6779455949594748  0.24502474268113372  -0.693074776448464  -5.8375967588840565  0.0  0.0  0.0  1.0
39885980091208;5.2059592602279805;7.050965482106335;0.5562760295277914  -0.7379035091795426  -0.38217193789355147  3.6613243010277663  0.7654763113118895  0.2760202162682285  0.5812562748320083  -6.63662338168318  -0.32342386398214135  -0.6158824980073365  0.7183910862859479  -6.0306458813375405  0.0  0.0  0.0  1.0
39885980091239;9.534104921615693;9.534104921615695;1.0000000000000004  -1.1102230246251565e-16  1.6653345369377348e-16  4.1041746823983216e-17  5.551115123125783e-17  0.9999999999999998  5.551115123125783e-17  3.611232366200652e-16  1.6653345369377348e-16  -8.326672684688674e-17  1.0000000000000004  2.4050490657172296e-15  0.0  0.0  0.0  1.0
39885980091270;6.793393155968177;7.799797517785365;-0.5566348713429959  -0.4382622147302727  -0.7057505587278565  6.968038886148719  -0.20654126697672048  -0.7498462755456914  0.6285469497864933  0.31912722065273613  -0.8046728062017613  0.49563776509661733  0.32687135201698686  -9.28511919966966  0.0  0.0  0.0  1.0
39885980091301;9.237550092631151;6.736586613562766;-0.5087069344616957  -0.6115522666438551  -0.6059876896384512  4.965775687666618  -0.794518058326287  0.06237034634366839  0.6040289685854462  -9.049980937455969  -0.33159962277422994  0.7887418874763367  -0.5176175471487168  -1.4169110569648853  0.0  0.0  0.0  1.0
39885980091332;14.314334062580222;14.769180895564938;-0.8952452427603168  -0.2751798807138035  0.35044541453036615  0.8305768150989453  0.31736544633553015  0.15825425313922348  0.9350052218226363  4.148943268601048  -0.31275410275050497  0.948278242191439  -0.05434378160418263  7.107989038673438  0.0  0.0  0.0  1.0
39885980091363;4.939595963032118;2.4946223945984944;0.11255928201519999  0.9053812774883583  -0.40940829303492343  3.4224975164460827  0.9423458560772998  -0.22794342494078332  -0.24500220929658073  3.812045029555536  -0.3151423417539487  -0.35822693561458  -0.8788394432625477  -1.3372760510463688  0.0  0.0  0.0  1.0
39885980091394;15.273466798993145;7.918493559225258;-0.5548349281726762  -0.7244232699913913  0.4091077222133569  -7.763878816145984  0.5644232380196252  -0.6890255669310804  -0.45460991685041785  4.571530599816314  0.6112156827692353  -0.02132355529179169  0.7911767786826502  -4.652814142884189  0.0  0.0  0.0  1.0
39885980091425;8.06198539416402;8.061985394164022;1.0000000000000013  -4.996003610813204e-16  1.3877787807814457e-16  -9.465095374139309e-16  -3.885780586188048e-16  1.0000000000000007  9.71445146547012e-17  -5.758421517398915e-16  1.1102230246251565e-16  1.6653345369377348e-16  1.0000000000000007  3.965716643961059e-15  0.0  0.0  0.0  1.0
39885980091456;10.977064992754894;10.977064992754894;1.0000000000000002  4.5102810375396984e-17  1.1102230246251565e-16  1.9511503523972348e-15  5.377642775528102e-17  1.0000000000000002  9.020562075079397e-17  -1.085265211031583e-15  0.0  -4.163336342344337e-17  1.0000000000000002  -7.878142582740111e-16  0.0  0.0  0.0  1.0
39885980091487;2.767744523025431;14.040244130920438;-0.6016464960208092  0.17237111932037283  0.7799421074990913  4.8500244183129295  0.24513497550356067  -0.8894737878124801  0.38567502457300495  7.554130870231931  0.7602172963112261  0.42323111655307394  0.49289459762761445  6.024801752234003  0.0  0.0  0.0  1.0
39885980091518;6.6339837111177165;2.4010989352475542;-0.6311124904431452  -0.5667454518059208  -0.5296193135299678  10.79038939389441  -0.5946892601363947  0.7918919045096364  -0.13875119981653677  2.3138136307371955  0.4980378582849687  0.22739130244889252  -0.8368103054369722  -3.7598643770932325  0.0  0.0  0.0  1.0
39885980091549;8.72791924372333;2.5734598688816193;0.06945598755143995  0.01019046635520221  0.9975329669683694  -1.9858914998824575  -0.4461218017913706  0.8947037182596121  0.021922465619667153  -2.784448894534325  -0.8922730544848227  -0.44654385106939726  0.06668871952914363  3.4683917234224246  0.0  0.0  0.0  1.0
39885980091580;11.404884011730314;13.94436603991142;0.8944774551242585  0.35314647242184866  -0.27422190155134374  -4.425658647794318  0.4231285173218344  -0.47041617685391646  0.7743841930096269  11.673062170284506  0.14447262752319542  -0.8087003088722983  -0.5702030079948668  15.419689648302676  0.0  0.0  0.0  1.0
39885980091611;5.185738995238877;2.4513758170104607;0.8465465380378185  0.3154678506878136  0.4287644972692992  -1.2075729937199127  0.4481770861358345  0.012214399749827465  -0.8938613471347462  4.248107993889438  -0.28722161896169324  0.948857651927391  -0.13104540426837205  2.720835655090529  0.0  0.0  0.0  1.0
39885980091642;11.452810801369598;15.661392526500023;-0.4883891259350369  -0.6378703889072483  0.5954808381667085  6.433891311811479  0.4500064197395622  -0.7687663912488674  -0.4544144120506901  8.22227677825637  0.7476431527551041  0.04603914249319424  0.6625029158403  7.066882908197595  0.0  0.0  0.0  1.0
39885980091673;6.84357315400721;6.84357315400721;0.9999999999999998  4.163336342344337e-17  -1.249000902703301e-16  -2.7165010692276056e-16  7.632783294297951e-17  1.0  1.6653345369377348e-16  7.860737776844984e-16  -1.1102230246251565e-16  1.3877787807814457e-16  1.0000000000000002  1.2001066806988092e-15  0.0  0.0  0.0  1.0
39885980091704;11.97004270038415;11.97004270038415;1.0000000000000004  -4.163336342344337e-17  -3.642919299551295e-17  -1.5148073767567993e-15  0.0  1.0000000000000002  5.551115123125783e-17  1.8335555296289385e-15  5.551115123125783e-17  -2.7755575615628914e-17  1.0000000000000004  4.1554166520501454e-16  0.0  0.0  0.0  1.0
39885980091735;9.206758517908435;13.466637637320842;0.8098291922020731  0.5866612337554048  -0.0022970123911227602  -4.964399083532284  0.07133786767927791  -0.10235984278337684  -0.9921861575431985  10.437782753465676  -0.5823122771265539  0.8033374505112716  -0.12474515026139849  8.320385008512366  0.0  0.0  0.0  1.0
39885980091766;2.598811728309922;2.598811728309922;0.9999999999999998  -8.326672684688674e-17  -1.1102230246251565e-16  9.965805958245255e-16  -1.1102230246251565e-16  1.0000000000000002  -5.551115123125783e-17  -1.82753812083547e-16  5.551115123125783e-17  -4.163336342344337e-17  1.0  -3.1770142072673476e-16  0.0  0.0  0.0  1.0
39885980091797;12.542227557622743;12.542227557622743;1.0000000000000002  -5.551115123125783e-17  0.0  5.830359415745501e-16  0.0  1.0  -5.551115123125783e-17  -1.6697754290362352e-17  -1.6653345369377348e-16  -6.245004513516506e-17  1.0  8.350653502020578e-16  0.0  0.0  0.0  1.0
39885980091828;9.47715700246654;14.909620107504677;-0.9031161199053432  -0.42869128914977517  0.024597816452306187  9.046175912306696  0.42936362510950943  -0.9008564364761655  0.06406682676928308  -6.009972848590814  -0.0053057892851396445  0.06842119164826346  0.9976424154643252  17.2607819336126  0.0  0.0  0.0  1.0
39885980091859;14.228056617716064;4.928831145604688;0.4330934734800166  -0.5897658957340054  0.6816202985959854  -3.7714556002054214  -0.8775882435501956  -0.10341789361549855  0.4681277753590532  -1.9911502906060643  -0.2055940612262356  -0.8009250448757362  -0.5623612313089363  2.2828450963220037  0.0  0.0  0.0  1.0
39885980091890;12.934736653014653;12.934736653014653;1.0000000000000002  -1.1102230246251565e-16  1.5265566588595902e-16  -1.1722178783202252e-15  0.0  1.0000000000000004  -2.7755575615628914e-17  -3.9342751279036745e-15  1.1102230246251565e-16  -9.71445146547012e-17  0.9999999999999998  1.0775387960376694e-15  0.0  0.0  0.0  1.0
39885980091921;11.389616762246979;17.555527688530596;-0.2903734892840772  -0.07562259856408148  -0.9539205728504893  -4.648213656894378  -0.31655276675833677  0.9483384481570157  0.021178611965475713  7.9729618975732155  0.9030379740512751  0.30811590405812883  -0.2993108870185148  10.926672181960482  0.0  0.0  0.0  1.0
39885980091952;7.751231368250753;4.744098630951621;0.26858262228175805  0.01671061243884811  -0.9631116915706988  12.330960912189132  -0.19163403191728287  0.9807903555668382  -0.03642356707135663  1.2274693765284024  0.9440019983132348  0.19434771379924798  0.2666255676442631  -5.360076230094811  0.0  0.0  0.0  1.0
39885980091983;14.851121124669065;5.040363640926987;0.8165107023147911  0.5747520527342624  0.05450092552570618  -7.252905632129761  0.13314857138129302  -0.0956125724722092  -0.9864733619943149  2.7664261607847522  -0.5617666160822727  0.8127227779895172  -0.15459610341944025  -7.274922656976678  0.0  0.0  0.0  1.0
39885980092014;8.09691717384987;5.026676058952031;0.45068337300941086  -0.5987872931141676  0.6620712007766754  -0.5920342567936847  -0.7995369304603098  0.05909257094350778  0.5977029068771481  2.804148993875499  -0.3970203950969859  -0.7987251377440772  -0.4521205151425207  0.955432078051495  0.0  0.0  0.0  1.0
39885980092045;7.770476372289854;7.030773829279597;0.2836265935408906  0.9047318561691002  0.31783049549910203  1.9355932761667893  -0.5766842885082312  -0.10388306374401626  0.8103354493386746  -7.068334174413148  0.7661535008235264  -0.4131205362844732  0.49228064726930315  5.883242106986702  0.0  0.0  0.0  1.0
39885980092076;16.718631862778135;6.433918502682943;0.3454157299415258  0.23306607238138116  0.9090479522080671  14.318937856658305  -0.6172227207987859  -0.6732546451768096  0.4071416162437749  17.443055757117893  0.7069116539134914  -0.7017181689628433  -0.08869906937914766  2.7682907238049395  0.0  0.0  0.0  1.0
39885980092107;10.262899426928634;14.85002307841574;-0.2821614047269837  -0.5426568806605021  0.7911437616225692  16.577709742926988  0.6150365652648436  -0.7352134524548626  -0.28494070035118596  -6.3716025809300305  0.7362845679964495  0.406183073504072  0.5412026845176092  7.140879387628173  0.0  0.0  0.0  1.0
39885980092138;15.257229419744425;15.257229419744425;0.9999999999999996  -1.1102230246251565e-16  2.7755575615628914e-17  3.5429437161837994e-15  -5.377642775528102e-17  0.9999999999999996  -1.3877787807814457e-17  1.106900010018619e-15  -7.806255641895632e-18  -6.938893903907228e-18  0.9999999999999994  6.982858735682385e-15  0.0  0.0  0.0  1.0
39885980092169;15.992191385092843;0.03468555551527179;0.10560134856776882  0.6203628246552215  -0.7771732888915214  -7.357236239459526  0.4090663487425438  -0.7394538751125288  -0.534670635912903  0.9337193124219735  -0.906373586059916  -0.2614534994350993  -0.331856881992868  10.305968142830885  0.0  0.0  0.0  1.0
39885980092200;6.917432320039796;6.917432320039796;1.0000000000000002  -6.765421556309548e-17  -5.551115123125783e-17  1.5453638368967403e-15  -9.71445146547012e-17  0.9999999999999998  6.938893903907228e-18  2.123456965819059e-15  -9.269928574751063e-18  4.9873299934333204e-18  0.9999999999999997  3.9982662363227676e-16  0.0  0.0  0.0  1.0
39885980092231;11.63978213050849;2.5398613295007992;-0.6495961718089198  -0.2910281942027614  0.7023726957607879  -1.6401081981653671  -0.42675184165442187  -0.6249965542732232  -0.6536529452172276  8.648955230649259  0.6292119509479739  -0.7243492923484338  0.2817985512002622  -3.1266459739183614  0.0  0.0  0.0  1.0
39885980092262;5.191873642222159;5.19187364222216;1.0000000000000004  -3.4998046127832083e-16  2.7755575615628914e-16  -2.177298619177037e-15  -1.5612511283791264e-16  1.0000000000000004  1.2750217548429532e-16  3.2207666133437287e-16  5.551115123125783e-17  -5.551115123125783e-17  1.0000000000000004  -4.327808520185143e-16  0.0  0.0  0.0  1.0
39885980092293;17.8683780302977;14.33153943035644;0.5574370668957565  0.6242331714535128  -0.5473544227534342  13.271806603608251  0.5407874257091274  -0.7732504312440807  -0.33110833691669317  14.39280445076424  -0.6299308506856538  -0.11143032907576156  -0.7686159022011686  19.86358112448996  0.0  0.0  0.0  1.0
39885980092324;2.5378082800465176;2.537808280046517;1.0000000000000002  -5.551115123125783e-17  5.551115123125783e-17  -1.1600498339703334e-15  -8.326672684688674e-17  1.0  0.0  4.593677868647284e-16  5.551115123125783e-17  -1.3877787807814457e-17  0.9999999999999997  1.128490360782341e-16  0.0  0.0  0.0  1.0
39885980092355;4.721106299632293;7.256022346654684;0.7639792925551139  -0.5645497959589323  -0.3124406638543011  6.065185507025068  -0.26252191244647904  0.1703732328555451  -0.9497658695761781  -3.377671121698753  0.5894216538543788  0.8076239777328797  -0.018045070199101426  2.049512682397393  0.0  0.0  0.0  1.0
39885980092386;4.150156398285817;0.021105440574204583;-0.08917213275427242  -0.9959154720195116  0.014166980348990992  -0.7996153158591367  0.9491919829089384  -0.08066156015926983  0.3041846352038026  2.041007879360959  -0.30179945381238255  0.040571976841494495  0.9525077450465802  4.75505761216698  0.0  0.0  0.0  1.0
39885980092417;6.211588953303198;11.62148537943618;-0.49994236920449964  0.831716525030044  -0.24146479964197826  -2.4106804562190884  -0.40511638340460254  -0.4710100684638809  -0.7836008111933187  -8.397017575787293  -0.7654660955074161  -0.29393389970808015  0.5724198801850211  4.691938535922661  0.0  0.0  0.0  1.0
39885980092448;6.198581447326856;0.016663013401353392;0.547766963333951  0.5091641523465295  -0.6638548183489686  2.9080069964451027  -0.6688446087911473  0.7431813278314185  0.01812189983822257  1.0934789003908931  0.5025915271579092  0.4340891382285088  0.7476418774394004  -7.569579906808248  0.0  0.0  0.0  1.0
39885980092479;13.852347125351322;13.852347125351322;1.0000000000000002  1.1015494072452725e-16  -8.326672684688674e-17  7.606163677956016e-16  -4.336808689942018e-18  0.9999999999999994  1.734723475976807e-17  1.739441923831464e-15  6.938893903907228e-18  2.7755575615628914e-17  1.0000000000000002  -3.552713678800501e-15  0.0  0.0  0.0  1.0
39885980092510;11.087356919905194;15.385830344034753;0.9472719995738361  -0.22675134142819203  0.2264058037769826  -10.299108209139483  0.29106850224357106  0.9043765896332595  -0.31206106954408636  6.297880177211993  -0.1339958425663663  0.3615063115407946  0.9226907937608894  1.14359586059526  0.0  0.0  0.0  1.0
39885980092541;8.13198811043238;0.00834403952392136;-0.6915919311729822  0.7072868389315149  0.14644428363951273  6.3594675917632575  0.4293901642487425  0.5656351596537872  -0.7040461298877173  3.314532278552028  -0.5807965974270705  -0.42403088759865104  -0.6948907243440781  -2.0561187214577794  0.0  0.0  0.0  1.0
39885980092572;12.857597382515118;11.62051396814299;0.8752434682714029  -0.47476126016442355  0.09246954685373189  -5.255753271053407  -0.4216191269448603  -0.8425547966951084  -0.33516969785515915  -3.653161137390639  0.23703624837247916  0.2543681591967703  -0.9376090104858992  -3.063863618769814  0.0  0.0  0.0  1.0
39885980092603;4.595426400726901;4.595426400726903;1.0  1.1102230246251565e-16  0.0  -1.0791367799356521e-17  1.1102230246251565e-16  1.0  1.1102230246251565e-16  -7.511207340783407e-16  -5.551115123125783e-17  1.5959455978986625e-16  1.0000000000000007  -1.0647974472630105e-15  0.0  0.0  0.0  1.0
39885980092634;14.955394496186754;3.3604396429789882;0.13226109196277702  -0.8699313358509458  0.4751068032110276  2.2423836406723225  0.43895891991365926  -0.37834930347036955  -0.8149643373741694  -13.762769904710218  0.8887193427517189  0.316340442352973  0.33182322756383076  -2.067520400380004  0.0  0.0  0.0  1.0
39885980092665;13.790322686089336;13.790322686089338;1.0  -1.1102230246251565e-16  3.3306690738754696e-16  -2.7345681274937306e-15  -8.326672684688674e-17  0.9999999999999994  0.0  5.7410076692576695e-15  3.469446951953614e-16  -1.1102230246251565e-16  1.0000000000000002  -2.2414070599552357e-15  0.0  0.0  0.0  1.0
39885980092696;10.060575966549875;5.063204952996651;-0.9808747997539372  -0.1252667242516998  0.14897273241409487  5.299066749846144  -0.10639768707930294  0.9859812108243163  0.12853242425780875  1.336235607782865  -0.16298515083236212  0.11022386173902204  -0.9804522124568286  -4.022039073286566  0.0  0.0  0.0  1.0
39885980092727;5.0885328238275855;5.0885328238275855;1.0  6.938893903907228e-17  -8.326672684688674e-17  3.383515689847627e-16  -3.0531133177191805e-16  1.0  1.1102230246251565e-16  4.835840441193978e-16  2.220446049250313e-16  0.0  0.9999999999999999  -1.0782486015159519e-16  0.0  0.0  0.0  1.0
39885980092758;7.042514947121556;0.01354711833112277;0.7322883173034567  0.6684816788649112  -0.12994639418937928  0.1789581191462605  -0.5179329348621127  0.6706045173340901  0.5310697282996182  0.14849292071257436  0.4421530225227349  -0.32159264039007684  0.8373045314107331  -7.311685973301407  0.0  0.0  0.0  1.0
39885980092789;9.837958892178126;15.311551597378827;-0.8011179817127513  -0.20333640943321865  -0.5629069940721076  6.268057020549532  0.3633568541177743  -0.9125934208196236  -0.18747011719837942  20.085423097009812  -0.47558571881641265  -0.3547217964483521  0.8049786774706092  7.371728929146269  0.0  0.0  0.0  1.0
39885980092820;8.268718839568454;17.167514046873816;0.5913969386201959  0.6391745619962126  0.4916355767106465  -4.8832935791951195  0.3284210217749179  -0.7477440909745987  0.5770774704222049  6.866965993731372  0.7364708367932701  -0.17981839091016716  -0.6521319290170506  12.230387389002232  0.0  0.0  0.0  1.0
39885980092851;6.8936455006206945;6.8936455006206945;0.9999999999999997  -1.249000902703301e-16  -7.806255641895632e-17  3.324243224439583e-16  1.491862189340054e-16  1.0  -3.3306690738754696e-16  6.497635762769961e-16  0.0  -8.326672684688674e-17  1.0000000000000004  -1.1513902678506048e-15  0.0  0.0  0.0  1.0
39885980092882;8.701798953500287;7.389986461823465;-0.5455070196030828  0.7024646165927608  -0.45712750299992555  1.7861747765867506  0.8320150726629642  0.3882582411212739  -0.3962404031179263  -7.9217422971209706  -0.10086134257188417  -0.5964888939759069  -0.7962587449679888  2.8525653161218627  0.0  0.0  0.0  1.0
39885980092913;12.068994851548805;7.146847359950809;-0.9711532141559229  0.20461188176480558  -0.12245575721575985  4.5083114786561875  -0.002569071697095582  -0.5224834412395334  -0.8526455614738812  -7.088522145831301  -0.23844251824126328  -0.8277348799411319  0.5079371358973518  13.278085357864331  0.0  0.0  0.0  1.0
39885980092944;3.372320270673433;3.3723202706734337;0.9999999999999998  1.0321604682062002e-16  -5.204170427930421e-18  4.934692411640019e-16  -1.199127602768968e-16  0.9999999999999998  1.3877787807814457e-17  -1.0845204400332374e-16  -3.469446951953614e-17  1.3877787807814457e-17  0.9999999999999997  4.86122253562371e-16  0.0  0.0  0.0  1.0
39885980092975;6.497637263498034;6.497637263498036;1.0000000000000009  -3.469446951953614e-17  0.0  -3.3173158664467906e-15  -6.245004513516506e-17  1.0000000000000004  -2.7755575615628914e-17  -2.1472601474670225e-15  2.7755575615628914e-17  2.7755575615628914e-17  1.0000000000000002  -4.796163466380676e-16  0.0  0.0  0.0  1.0
39885980093006;15.880192191604793;15.880192191604793;0.9999999999999999  3.885780586188048e-16  -1.1102230246251565e-16  -4.413678683602359e-15  2.220446049250313e-16  1.0  0.0  -1.5099033134902128e-16  0.0  5.551115123125783e-17  0.9999999999999996  -3.476273088831581e-17  0.0  0.0  0.0  1.0
39885980093037;17.265572118183027;17.265572118183027;1.0000000000000007  -8.326672684688674e-17  -1.6653345369377348e-16  4.3727250227838796e-15  5.551115123125783e-17  0.9999999999999999  -1.1102230246251565e-16  1.8208642587973742e-15  -2.7755575615628914e-16  -1.3877787807814457e-16  0.9999999999999998  2.8908431204399675e-15  0.0  0.0  0.0  1.0
39885980093068;7.330304072587055;7.330304072587055;1.0000000000000002  -1.1102230246251565e-16  3.122502256758253e-17  -1.114486281039717e-15  -2.220446049250313e-16  1.0  -6.938893903907228e-17  1.7072289247447096e-15  4.163336342344337e-17  -5.551115123125783e-17  1.0  0.0  0.0  0.0  0.0  1.0
39885980093099;11.7148593534829;11.714859353482902;1.0  0.0  0.0  0.0  0.0  1.0000000000000002  5.551115123125783e-17  2.1255885940263395e-15  2.0816681711721685e-17  5.551115123125783e-17  1.0000000000000004  -1.5074164139150526e-15  0.0  0.0  0.0  1.0
