# registration_from_features.py TEASER TEASER_config.json l2 True --use_random_keypoints=True --n_keypoints=5000 --input_txt=/neural_comparison/point_clouds_registration_benchmark//planetary/planetary_map_global.txt --input_pcd_dir=/neural_comparison/point_clouds_registration_benchmark//planetary/p2at_met/ --input_features_dir=/neural_comparison/experiments/FCGF/3dmatch_normalized_5cm_32//planetary/planetary_map/ --output_dir=/root/neural_registration_comparison/results/FCGF/3dmatch_normalized_5cm_32/TEASER/
id;initial_error;final_error;transformation
25528382210030;15.683526663035371;33.47047953901419;0.7703249983427221  -0.5023513602093881  -0.39273719944011254  -48.80451443401246  0.5737298351680794  0.8148189488964672  0.08309125560048458  24.003234144438707  0.27826870676792537  -0.289332320031887  0.9158893685476823  -9.272754806208347  0.0  0.0  0.0  1.0
25528382210061;9.694920160715437;24.346328798701954;0.9550432520936953  0.16958709186790044  -0.24317196569934857  -21.157061714024174  -0.14708872585750216  0.9832090853024867  0.10800370967824408  1.0634718459039672  0.2574049210017426  -0.06738035953031227  0.9639515515800836  -16.151517230173475  0.0  0.0  0.0  1.0
25528382210092;12.399804628975684;57.490442730943094;0.827771873908857  -0.5102090247596811  0.23341053065188316  -48.74042165785876  -0.5463194122226739  -0.8277068611429126  0.12820472629984592  -137.62528478605932  0.1277842893085458  -0.23364097044551535  -0.9638895540129  -30.597992489729652  0.0  0.0  0.0  1.0
25528382210123;6.953048353590656;23.475698033685116;-0.5746247099514554  -0.7968233690849076  -0.18675909935899554  -24.400813251888838  0.13126854570096508  -0.3149752575658734  0.9399782742334348  -33.80991556237103  -0.8078211507646726  0.5156191478227796  0.28559041086099485  -10.513408466706966  0.0  0.0  0.0  1.0
25528382210154;10.183163861597526;44.18779977441523;-0.26339883221574356  0.9436138423289555  0.2005342159148133  57.54101331297829  -0.43083095526266285  -0.3010572121467239  0.8507345314502669  -37.05901274824999  0.8631371520070521  0.13768613430417947  0.48583617119923006  18.199233261444153  0.0  0.0  0.0  1.0
25528382210185;7.249832144325139;10.489233386897661;0.4408837750922987  0.6434633023086149  -0.6257607174011929  46.80507724303641  0.6466617921223676  0.25577106130708166  0.7186165116436843  0.4884619183327858  0.6224548364897264  -0.7214819074515599  -0.30333782116743563  -31.475214381341825  0.0  0.0  0.0  1.0
25528382210216;9.448765572705636;17.241960299565473;-0.9689215734587572  0.2243934943009802  0.10410832916535787  -20.792412895832317  -0.24235220363834087  -0.9454327700873872  -0.21776658751178857  -74.86241110322281  0.049562020518203354  -0.23622962760899646  0.9704324650184923  -2.5044238746019403  0.0  0.0  0.0  1.0
25528382210247;9.372654796950922;42.42597706298612;0.8333279631347741  -0.3398807253353637  -0.43594219617187413  -53.44950658836077  0.22970705768107674  0.9302402239777514  -0.28616043287870246  59.71717161555169  0.5027913816973716  0.13832649145890583  0.8532681924527117  24.274605130258035  0.0  0.0  0.0  1.0
25528382210278;17.919495398511156;28.735719024368507;-0.07489916195266352  -0.8776686314570407  -0.4733792231341747  -65.84753177293196  0.46408439513705474  0.3894910083676019  -0.7955642202808417  -9.442349169468857  0.8826187114088755  -0.2792750038172314  0.3781397658456756  -3.8975586323296243  0.0  0.0  0.0  1.0
25528382210309;18.244330532647695;4.668726872655247;-0.9416112029178155  0.09735346660350536  0.3223207177330434  -45.37170794940782  -0.20812966590622545  -0.9207843328449374  -0.3299064330337712  -65.39105511708732  0.26467033212928703  -0.3777280965556884  0.8872829877570005  9.776260296381432  0.0  0.0  0.0  1.0
25528382210340;8.030201317376237;61.50714007125981;0.2742637413961013  0.8829264189419448  -0.38107786460219206  52.87737268843187  0.7646403326854929  -0.4405375892716024  -0.4703741001260431  -83.15090739263135  -0.5831848435839464  -0.16238094461210412  -0.7959446381758277  -12.711354330000425  0.0  0.0  0.0  1.0
25528382210371;14.777020539726172;66.83526465436452;0.21380111132951185  0.6469027035574975  0.7319876890523959  57.2559879845504  -0.5200499181362697  0.7096806619011784  -0.475290901206792  11.717870890060961  -0.8269444766371716  -0.27905241488563826  0.48815221223074334  -43.3261056872476  0.0  0.0  0.0  1.0
25528382210402;6.835161306041792;27.837268436728912;0.833949823032939  0.11932028289737487  -0.5387860083118532  -15.903598451336869  -0.19144331473893145  -0.853152920515698  -0.48526235322483624  -34.00151165527215  -0.5175684977904859  0.5078314329625778  -0.6886436566106413  6.978949401549849  0.0  0.0  0.0  1.0
25528382210433;17.430375538815767;30.57925066272753;0.23979209803694618  -0.9662964505613039  0.09365318655372501  -24.25695462833888  -0.8639553566806545  -0.2564010257993512  -0.4334047249763713  -15.681529888025901  0.44281022050291907  0.02301485610790638  -0.8963199345191925  8.996731143257202  0.0  0.0  0.0  1.0
25528382210464;9.567579060620492;48.88036324013887;-0.5155649684428483  -0.8091069615493833  0.28202604150476807  -70.54384064189769  -0.842522212888429  0.41875637258634585  -0.3388206327954511  23.354333767528015  0.15604193059594393  -0.41229725343573376  -0.8975867037257407  -33.43628043542852  0.0  0.0  0.0  1.0
25528382210495;9.764115823017264;12.880227001717063;-0.9687605986690996  0.16469530799283844  -0.1854140177856896  -23.051599457154584  -0.22078536417255548  -0.23226001921568018  0.9472640109500223  -20.405488808491853  0.11294567470018463  0.9586087517851464  0.2613666688149886  0.08316708448537084  0.0  0.0  0.0  1.0
25528382210526;4.636809275772577;36.06569094604879;0.5857388673812243  -0.2586728767106703  0.768113482561781  -9.212631326721972  -0.6988781788546308  0.31875180441573986  0.6402863252503095  -23.164035872495724  -0.41046226423362697  -0.9118583387982682  0.005924491899555101  -94.07585421939251  0.0  0.0  0.0  1.0
25528382210557;6.91062999272005;20.889768653576684;-0.6970219683682453  -0.07501649948268663  -0.7131149279165465  -42.00861724723775  -0.612618636079344  -0.4545288857400987  0.6466079946583927  -36.31034958805947  -0.3726376018873311  0.8875674717074907  0.2708601130222589  2.9616544928807995  0.0  0.0  0.0  1.0
25528382210588;6.684883534881991;21.075785209045637;-0.9271398008579401  0.2838799179048727  0.24458941488834157  -23.438612472305728  0.12835653459204333  -0.3726450070861983  0.9190540238317055  -32.72259477276861  0.3520460050797624  0.8834862143259795  0.3090561751580606  3.418874723058248  0.0  0.0  0.0  1.0
25528382210619;3.0499892934791095;18.662630741145282;-0.8834774260992321  -0.46838895051224944  -0.008912273060742243  -71.59646696886207  -0.46756561820425224  0.8827892262128381  -0.045448594651691265  57.23898009942627  0.029155278190252487  -0.0359857349594524  -0.9989269225689518  1.2360442128059255  0.0  0.0  0.0  1.0
25528382210650;9.772391176497468;26.94525583141621;-0.9584789974973833  0.15899398997715078  0.2367254158461997  -1.7737182893584  -0.1279409006192287  -0.9816641769242935  0.1413031128188238  -63.5972392442514  0.2548512062069771  0.10514920301502154  0.9612463304482123  10.191491143087635  0.0  0.0  0.0  1.0
25528382210681;21.011024087836613;37.829870682749004;-0.7372274039928333  -0.12799069417493608  -0.6634109864982689  -19.524230450145634  -0.029187032448623126  0.9870096758571891  -0.15798739475391682  -14.01659179250141  0.6750139790691972  -0.09710963890832261  -0.7313862495920092  -23.132218493285155  0.0  0.0  0.0  1.0
25528382210712;9.118066866210063;30.301200966218506;0.5987396480831308  -0.05359308414137187  -0.7991486815014497  6.084971818445277  -0.6904995217121941  0.4710511979495654  -0.5489272988525082  -23.500914341154765  0.4058586506759714  0.8804763200918556  0.24503102952276118  77.43401282577271  0.0  0.0  0.0  1.0
25528382210743;20.13332180163335;24.976031617290804;-0.4946221572031776  0.8689487186355626  -0.01664469841385563  -16.109260819069686  -0.7222004046969581  -0.4002850724306601  0.5640908049638196  -21.512088760554207  0.4835033578572375  0.2910326187402268  0.8255449822813905  14.70639145597585  0.0  0.0  0.0  1.0
25528382210774;20.739154808696746;56.43703438960108;0.12118833522505829  -0.2603626661244743  -0.957875080317854  -14.246840471395045  0.7361665971791754  0.6708939267017123  -0.08921928217819  -28.679667507577136  0.6658619441017878  -0.6943433021231743  0.27297481604293494  -32.61687142979401  0.0  0.0  0.0  1.0
25528382210805;7.825028269463657;20.017575239683453;0.9553035947315736  -0.25079953528075094  -0.1565076196096945  -1.6948079737635737  0.17055495684152605  0.8999887044195016  -0.4011624840561388  -33.87113949987304  0.24146645437766054  0.3565388127823757  0.9025375484654443  14.405819605733726  0.0  0.0  0.0  1.0
25528382210836;18.891614934549192;101.5084186609794;-0.11116714007514075  -0.9738079452282733  -0.1983430179708958  -110.76541018023832  -0.2508352081704398  0.22061233347876064  -0.9425560443067293  -4.772797014817218  0.9616254807926039  -0.055029847604233684  -0.2687901608374992  -9.596004432938232  0.0  0.0  0.0  1.0
25528382210867;11.40364716584565;48.67587016315509;-0.27773361637997684  0.9261651709596228  0.2551119645054527  5.007705157068003  0.7601182837067084  0.04947690598435317  0.6478983180630913  -47.27355531523867  0.5874387058300357  0.3738584115350984  -0.7177364802050853  -3.677268544732566  0.0  0.0  0.0  1.0
25528382210898;8.960325021546454;33.97751297531018;0.3110799767388634  0.4730324646122213  -0.8242994210206847  35.815501708865156  0.664446982471065  0.5118845701855259  0.5445038055799761  65.88415026873423  0.6795141319775806  -0.7170874941238815  -0.15506795353614497  -48.58795224641321  0.0  0.0  0.0  1.0
25528382210929;20.960366730846324;25.236207984618964;0.04035235411037925  0.9983983668218768  0.03965335603906536  -16.016714221911258  -0.7168985534998359  0.001285222162769023  0.6971763135633882  -43.022372457735585  0.6960087294765738  -0.05656013906809859  0.7158022067310239  3.971441888425104  0.0  0.0  0.0  1.0
25528382210960;12.492536214211547;19.109902890935988;-0.17809430086349542  -0.19358844213044735  0.9647828434800496  -25.86335040728264  0.9591573129113956  0.18482546860564425  0.21414199785024757  5.040877259316793  -0.21977185690741713  0.9635159890879916  0.1527654073514527  48.90730962334149  0.0  0.0  0.0  1.0
25528382210991;21.169336560628633;52.64671365389775;-0.7707606532580636  -0.6079787650374155  0.19049891509607572  -23.147200770304547  0.494059195690161  -0.381555900635924  0.7812301874888736  5.169188909041114  -0.40228537947978427  0.696259230426059  0.5944657748796968  -30.973523481804794  0.0  0.0  0.0  1.0
25528382211022;20.78353201086023;43.88176700549602;-0.6448606791295396  0.7536259635038465  -0.1272894797125365  -5.0885049570993885  -0.31641937397381614  -0.41484415793724394  -0.8531020480571817  -40.977284326616655  -0.695725149959815  -0.5098551085928615  0.5059785410026345  5.697491938766948  0.0  0.0  0.0  1.0
25528382211053;13.710252605486271;4.548642476042601;-0.017480213349210405  -0.8396503322056366  0.5428459834688196  -46.041276587210895  -0.9966352972054657  -0.028851091044785004  -0.07671830882975769  -59.16156275964704  0.08007825238751531  -0.542360520477375  -0.8363208351596124  -15.758470313125137  0.0  0.0  0.0  1.0
25528382211084;8.456027515763575;31.18445258072216;0.995444613293683  0.0835267636709622  0.04597066037425898  -21.09658197713596  -0.057765497914003594  0.9119718352813211  -0.4061656298905237  -22.797084452717026  -0.0758496480897406  0.40165987029360356  0.9126424159989435  -8.107733566689225  0.0  0.0  0.0  1.0
25528382211115;8.58618635194452;21.953803166613582;-0.2980207862948456  0.9539791909086776  0.033276331670223806  28.593178640585897  0.9541904759557978  0.2986936249974197  -0.017396953214542328  -5.152676164157636  -0.026535759485080797  0.026567305078341298  -0.9992947672080666  -10.232006397510924  0.0  0.0  0.0  1.0
25528382211146;12.191514888658181;57.88184070925305;-0.682087605614014  0.6058323128303251  0.40954084899848564  18.593425472169308  0.07938068278411947  0.6180718668636209  -0.7821034935303928  18.052673100430983  -0.7269492454556016  -0.5009534670230136  -0.46967054241154416  -85.30782749657467  0.0  0.0  0.0  1.0
25528382211177;18.082566832098863;23.447414931945627;-0.4279798887813067  -0.8648201674233817  0.2625248422845624  -84.67193671453498  0.894408273965704  -0.4470170592610531  -0.014477161023144454  -10.868499717385307  0.1298732238008679  0.22860845729629975  0.9648166245417704  4.940052589003291  0.0  0.0  0.0  1.0
25528382211208;15.216848440223977;23.30044666840311;0.21799155539775686  0.25917989160178967  -0.9409067252201737  3.6415560383353918  0.8175983630346484  -0.5749512217049494  0.03104850114015431  -4.727826058802385  -0.5329283240158386  -0.7760521093646169  -0.33723956620242285  -31.519965063976677  0.0  0.0  0.0  1.0
25528382211239;11.671911420801475;23.885338573031525;-0.9061924076185245  0.42251777950344693  -0.01714778055666108  -42.725354908364984  0.20782447945078938  0.4803133449119723  0.8521197547530994  -16.681696980616618  0.3682720544862873  0.7686207235710931  -0.5230658440210931  0.7028996041243766  0.0  0.0  0.0  1.0
25528382211270;18.471821681962687;57.913126194981004;0.146378878337119  0.2685946507637741  0.9520662464124299  -10.783242082138461  0.6553686411976937  -0.7472489088419216  0.11005004483981991  -44.166776265861  0.740989317137201  0.6078453601169006  -0.2854099684189401  -11.913593741203316  0.0  0.0  0.0  1.0
25528382211301;9.301264776858527;46.106193467858326;-0.981443836936136  -0.14180266632185626  -0.12907361761447514  -28.823900016501437  -0.1111698900864993  -0.1276681287129216  0.9855668949640594  -51.75922509978435  -0.15623460077150367  0.981627654834028  0.10953491126949272  93.19618554276033  0.0  0.0  0.0  1.0
25528382211332;18.114374089714;34.6022187829271;-0.787868646533874  0.2678297928420956  -0.5545540531589699  -32.57066705656828  -0.6104720028301741  -0.4583260651275043  0.6459575464264302  -57.999690721853185  -0.08115990124068001  0.8474694213308807  0.5246033266571082  48.41140787818  0.0  0.0  0.0  1.0
25528382211363;14.154563908634087;34.96647709394552;-0.4762333685360277  -0.548225158020757  -0.6874961489389914  -87.78355410633829  -0.8281462752009152  0.5424643634847442  0.14108919597170066  -9.837383577055396  0.2955935140757957  0.6365387580204422  -0.7123502537194152  66.29299292414736  0.0  0.0  0.0  1.0
25528382211394;15.624373069503454;58.000055245699386;0.31950519173464587  0.27733376898324247  0.9060918347696093  21.601359725261418  -0.9473466343166224  0.0720624718638942  0.31199576054464895  -42.0305833400677  0.021231742829451936  -0.958067315343977  0.2857555465183639  -78.61021949594954  0.0  0.0  0.0  1.0
25528382211425;8.428891844194663;21.297637661340826;0.6214259328234539  0.7028569361144863  -0.34615305483305736  26.746131703622506  -0.6306198824487694  0.7108985428601563  0.3113548227017009  -1.062773953135374  0.46491759901599866  0.024807037611619228  0.8850063485705257  -1.9874200338044437  0.0  0.0  0.0  1.0
25528382211456;7.093295871774291;26.894356824457354;0.709915021560924  0.7039259336037799  -0.0225597465012074  29.67426532790941  -0.7004070601168998  0.7089992593295597  0.08215838611204951  12.351202354253836  0.0738282622073228  -0.04252446672425314  0.9963639181690915  -11.805596591252996  0.0  0.0  0.0  1.0
25528382211487;10.502857338251829;49.20056999801153;0.9486728934094341  -0.1559842691344688  -0.2751157012835826  9.601447705409116  -0.137714762082902  -0.9868486296550087  0.08464293504174382  -112.45371225114623  -0.28470051916816297  -0.042410964745178595  -0.9576778813644812  -9.153059490280373  0.0  0.0  0.0  1.0
25528382211518;5.90067579224309;30.09822843278186;0.7372240145766211  -0.6372579501213169  0.22450625233767324  -7.685680731049075  -0.3622321508523555  -0.6532791292468314  -0.6648415211006138  -28.61935754898413  0.57034079392974  0.4088137525789448  -0.7124483802226762  -9.74770663019518  0.0  0.0  0.0  1.0
25528382211549;9.273592136553932;32.792373464741715;0.6015841693655839  -0.12560293719620702  -0.7888728600582016  -0.27877076854228555  -0.10230959955232505  0.9673123072370081  -0.23203371760858243  -45.44463581662184  0.7922305428397496  0.22029707768261952  0.5690693846591424  9.67188771544603  0.0  0.0  0.0  1.0
25528382211580;4.164998600241185;7.534034968739507;0.31540050413859566  0.40779929634587947  0.8568677003417298  -18.64762408176322  -0.4051975339620235  0.8743764171820334  -0.2669847178154685  -30.704748485723318  -0.8581010898840614  -0.2629935645138794  0.4410180320169116  -35.055612636926114  0.0  0.0  0.0  1.0
25528382211611;11.572839674945431;36.51647927482066;-0.9162329606572801  -0.24264759044200543  0.3188092041611796  -64.91294736057243  0.397246034238786  -0.4467531119764749  0.8016278720334598  -54.21537052106265  -0.05208406749432065  0.8611235705704638  0.5057207194897425  73.43860436314102  0.0  0.0  0.0  1.0
25528382211642;5.72156680482253;70.34636673135326;0.9627038264753058  -0.0672350294495204  0.2620702068239082  -7.996482727712279  0.0490669920785126  0.995955227475943  0.07527028066714042  82.2226971692637  -0.2660709919893018  -0.05960399045588388  0.9621089291465721  -4.969034535390844  0.0  0.0  0.0  1.0
25528382211673;14.291403794964067;32.06874409604814;-0.6945430372958163  0.6641899732489032  -0.2765169954623472  -36.26471674518931  0.3189642761747361  -0.060237774791967125  -0.9458505172660416  -7.739618746274988  -0.6448811982592054  -0.745132934397436  -0.1700151469958991  -21.40388801014749  0.0  0.0  0.0  1.0
25528382211704;21.73324130112813;59.85046666785504;0.19568366598700554  0.2290041837992543  0.953553871927708  -17.809374577095685  -0.2291624477324313  0.9561094817445243  -0.18259033782623574  32.587576925754384  -0.953515849587812  -0.18278879265604703  0.239574167773109  -11.70275673722474  0.0  0.0  0.0  1.0
25528382211735;15.219178573330824;68.89277979970265;-0.927932826822505  -0.22666055586963935  -0.29591495622570596  -40.60076199323119  0.16813712677520837  -0.9630452673691285  0.21041321155693038  -132.26302874099073  -0.3326718736307188  0.1454950356912224  0.931751371925063  3.6290788700204346  0.0  0.0  0.0  1.0
25528382211766;8.120431397107039;36.027089064247455;0.22909743060965104  0.018557406942321563  -0.9732265871499983  -20.445451391639313  0.6494644911849131  0.7418202221380628  0.16702883798002305  25.324026069627955  0.7250587851877783  -0.6703419878499424  0.15789673000860482  -42.540545104603446  0.0  0.0  0.0  1.0
25528382211797;10.704272615652533;10.485467012528547;0.9652145000665259  0.2610316483037197  0.014948158587948512  -1.5075820100585784  -0.2363712367878294  0.8956083605504959  -0.37684785116999897  -11.662009022985016  -0.11175691155682096  0.36020569553506093  0.9261545495344633  -4.392044603009878  0.0  0.0  0.0  1.0
25528382211828;14.19066388465987;16.90084410009137;-0.04527133546929216  -0.9739235916630699  0.22231361583792728  -50.233881566726104  0.9987603257295177  -0.048737017374322  -0.010124963512202101  -24.737917741099984  0.020695843386902613  0.22157964874862024  0.9749226335083949  18.696641229404317  0.0  0.0  0.0  1.0
25528382211859;15.636492466966827;43.254182680915775;0.922886432714161  -0.32580911853843547  0.20525362503336864  -46.33199965123985  0.26036107048053736  0.9206841365449723  0.29077969958831  8.364049338593441  -0.2837124341483108  -0.21491658612505232  0.9345149093074941  -18.173720463474318  0.0  0.0  0.0  1.0
25528382211890;12.685237572837845;47.62732806726002;0.9917438459825663  0.10074326344499399  0.07934065052771576  17.169718071981084  -0.03493940887417131  0.8075909655467063  -0.5887071173978301  32.00340675992797  -0.12338306878673458  0.5810745453363043  0.8044432802248873  41.981875594182306  0.0  0.0  0.0  1.0
25528382211921;17.65776473630698;29.67517979833094;0.13529515363857925  -0.7938831477085317  -0.5928277736293288  -52.37455318398117  0.46145018283913075  -0.4789889661186899  0.7467484844941313  -50.25313068176513  -0.8767889997939331  -0.37459193547237857  0.3015326379007937  -60.56598664061706  0.0  0.0  0.0  1.0
25528382211952;5.3309939895303184;18.749887825677114;0.9097521196630286  -0.41493974954736423  -0.013269702867676925  10.789202398166546  -0.3643903091795064  -0.7827910226111255  -0.5044382197013744  -38.79148564765155  0.19892406426747197  0.46374909074304305  -0.8633458157020926  -4.465222803675319  0.0  0.0  0.0  1.0
25528382211983;5.937684277188093;9.330208233165306;0.43234341574813256  -0.8609467172793303  -0.26804835546069383  -25.510864440536146  0.7376818757759346  0.1667539712445757  0.6542312765573508  -10.220472771859452  -0.5185601421348685  -0.48058699845096536  0.7071997708631956  -23.43954604789424  0.0  0.0  0.0  1.0
25528382212014;5.706074287891998;12.621799109024622;-0.7219704902144943  -0.31879579309203765  -0.6141073632242667  -44.67018445939814  0.09162733555349634  -0.9237691176779955  0.3718266378351406  -45.47028638065758  -0.6858301849866406  0.21217883855662073  0.6961444518416803  -15.188354234332428  0.0  0.0  0.0  1.0
25528382212045;13.03254592804802;17.072304481844554;0.38694511243320723  0.7478239337603045  0.53947460001312  7.679894414683934  0.31984127994313477  0.43987744039583676  -0.8391718495487939  -29.956924012438943  -0.8648554998428288  0.4972596922394476  -0.06897653851520719  2.1677308837802447  0.0  0.0  0.0  1.0
25528382212076;6.239869401775077;26.662039651726552;0.5374016568768367  -0.8411716438583455  -0.0602471970690652  -43.906810910665  0.2534123127357703  0.2292102700245936  -0.9398110724337951  -4.734361850521797  0.8043517010238358  0.48978864593199883  0.3363412305622968  52.697080044525144  0.0  0.0  0.0  1.0
25528382212107;9.253104797075562;44.1112732035763;0.11526208917634562  -0.22336961994539273  -0.9678949652127318  -53.01478735396659  0.6582194881395651  0.7469354083344227  -0.09399255933092952  64.99744289740453  0.7439501033214481  -0.6262535498196716  0.23311957255079796  -34.525380296473415  0.0  0.0  0.0  1.0
25528382212138;13.001581628756192;13.004682986529096;0.761703464408933  0.6285349241592896  0.15732667103675332  35.665276512579524  0.6475679406192054  -0.7465684254973125  -0.15261503311491503  -24.83373254015261  0.021531246820191807  0.2181271078122603  -0.9756828225647036  -0.09575963902568252  0.0  0.0  0.0  1.0
25528382212169;16.977214459145614;40.32432569572844;-0.15585319173444637  0.8197689336498191  -0.5510795569142674  46.87969813682534  0.22156679830882975  0.5726936979106211  0.7892591984010275  -1.894145678117761  0.9626099607386998  0.0009076321376280672  -0.2708897186874065  -8.475621645954682  0.0  0.0  0.0  1.0
25528382212200;12.284350643893093;21.8410474867899;-0.8092270559693089  0.218098817916974  0.545513040641985  -30.004846919180036  -0.1379252547097149  0.832060429725025  -0.5372634971771927  -13.443596183594433  -0.5710763486614604  -0.5100081831784917  -0.6432444769218537  -11.593201271770113  0.0  0.0  0.0  1.0
25528382212231;9.397506716358016;34.58429256287864;0.24207768208946234  0.6059337528434867  0.7577880198308773  43.76596098249069  0.6128479695616909  0.5100064435610395  -0.6035816379996444  13.89161622287288  -0.7522072600276513  0.6105224931902421  -0.2478840924110795  16.658715519441138  0.0  0.0  0.0  1.0
25528382212262;16.50683836669155;41.03075382905826;-0.23358340311043635  -0.9392300470778129  -0.25156651696431653  -90.45042355070348  -0.523226925224296  0.33948564379900015  -0.7816540682262889  -36.87562538677149  0.8195562082686444  -0.05095504215078839  -0.5707286615965026  13.03404348714654  0.0  0.0  0.0  1.0
25528382212293;13.349273618262057;42.00699998286276;0.4924854487247478  -0.23837706517480428  0.8370391015914558  -40.949017477875934  0.1132247851724751  0.9711344003473728  0.20994790897886167  35.09791510033898  -0.8629242323732902  -0.008622717703622954  0.505259752921577  -11.626023171276946  0.0  0.0  0.0  1.0
25528382212324;12.545894920084725;37.243730011333135;-0.04119612211329827  0.34928493666392463  -0.9361105236789645  21.863701690159637  -0.6368822669886847  0.7127190594369934  0.2939600658433085  13.221965860617807  0.7698596349453459  0.6083022072415372  0.1930921208824777  53.39372395667622  0.0  0.0  0.0  1.0
25528382212355;12.823791017106068;24.72399930371112;-0.8814020282487521  0.4723666257529424  -0.00048525639126889564  -6.754678149375629  -0.3354343772251246  -0.6251723766474484  0.7047292232145432  -49.948266851280884  0.3325871963479329  0.6213125383828658  0.7094762057135258  9.9418193952481  0.0  0.0  0.0  1.0
25528382212386;16.104432155396697;61.60910340001894;0.8441977314322318  -0.17834951918024944  0.5054914828687499  -38.66025165457144  0.34330092047346766  -0.5443529569294212  -0.7653916228208053  -58.19002687949863  0.4116730113169234  0.8196775630028984  -0.3983139772376651  53.83789898428349  0.0  0.0  0.0  1.0
25528382212417;9.853473476029952;68.46712140497856;0.73414500090209  -0.42603223352709707  0.5287037484701469  -32.74136161009435  -0.27733532552711493  0.5225966089805711  0.8062120698034595  2.636399502860615  -0.619771114900687  -0.7385047869025102  0.26550789980118894  -76.65390045663185  0.0  0.0  0.0  1.0
25528382212448;10.900268136326943;58.29622098049985;0.40150378146662036  -0.7796605729752641  -0.48054563198086286  -88.69777346108089  -0.8512893473466956  -0.12418047858842018  -0.509789815347058  -37.712825710969575  0.33778863296748307  0.6137659160343083  -0.713575672057649  45.6336198022488  0.0  0.0  0.0  1.0
25528382212479;11.26380918649009;63.15760937924564;0.9324242057890482  0.17231278710283643  -0.31763722051975596  -0.16755467691928683  0.3205786227720854  0.011238226561947763  0.9471552401192194  -8.84749937911738  0.16677663829270722  -0.9849781752224744  -0.044761001498945345  -101.39859280167775  0.0  0.0  0.0  1.0
25528382212510;10.577823908438841;33.36886572955644;0.09033419599050417  -0.20519970867753498  -0.9745423605946557  -20.566341576304833  -0.8787536535498564  0.44405268839227463  -0.17495492649357738  15.098647845057585  0.468648855122392  0.8721870725310303  -0.1402068511244123  59.4812779678272  0.0  0.0  0.0  1.0
25528382212541;12.4785018390389;25.878133020289596;-0.9312122785327264  0.2445092890615529  0.2702940988488321  -17.03250671820402  -0.019615736727150335  -0.7741398058292879  0.63271066365539  -72.0849887770845  0.3639490557516799  0.5838859208725681  0.7256847223307471  60.272951652235996  0.0  0.0  0.0  1.0
25528382212572;13.17354424027735;10.13124726891702;0.0195469296521448  0.8325422454287975  0.5536165885498276  30.16085307323321  -0.5658428581309765  0.4657221101176673  -0.6803857553253996  -21.615964795794287  -0.8242813703119471  -0.2999605402780883  0.48019152099213025  -23.16978890557101  0.0  0.0  0.0  1.0
25528382212603;6.049856593200579;31.802861118853606;-0.29298985472668676  -0.5192336324666094  -0.8028408185579287  -81.94021836806363  -0.21274029493304356  0.8540438195083554  -0.4747111977522564  43.93237468584592  0.9321472587199069  0.031711027657734536  -0.36068809071807983  14.341681143483417  0.0  0.0  0.0  1.0
25528382212634;5.22985118888438;70.97970815610455;-0.29709453415427267  -0.6584324595287555  -0.6915211739452161  -92.71617668384715  0.499032454363282  0.5103720190715073  -0.7003477790648245  32.06558417624571  0.8140647684722728  -0.5531610058453026  0.17695042905966238  -63.06809140790171  0.0  0.0  0.0  1.0
25528382212665;14.028454806891109;24.688829974208577;-0.38106725265809793  0.9197161912517369  0.094392142157107  13.932987464513396  0.7614451481468227  0.3701096393239043  -0.5321843113463536  7.303641280055194  -0.5243939695641743  -0.13092357476378258  -0.8413500949401506  -36.189290893951465  0.0  0.0  0.0  1.0
25528382212696;4.140656319801549;31.924709961825133;0.9118587366826613  0.0611876945778827  -0.4059183543124706  26.296553680717842  -0.22250947816192546  0.9046377600753137  -0.36348322543692035  53.19759560480672  0.34496837023647303  0.4217660359466649  0.8385166870481642  72.54120251497386  0.0  0.0  0.0  1.0
25528382212727;6.813729438443701;13.625096472613544;-0.10985849174776534  -0.7105964212190767  -0.6949703863773948  -9.439531258116995  -0.09488447116584897  0.703506917767561  -0.7043258860674955  -16.584288814692407  0.9894079284716103  -0.011434281954938869  -0.14471077455978046  7.569881221354029  0.0  0.0  0.0  1.0
25528382212758;8.119755599812619;61.47068911931808;-0.45035441943134746  0.669749527329423  0.5904375221314009  64.80430746764361  -0.5808267025432365  -0.7220043172089344  0.3759655669664589  -97.06632571100334  0.6781012007889418  -0.17362412440002387  0.7141662445921962  -18.748924736808334  0.0  0.0  0.0  1.0
25528382212789;14.49002705766472;46.164044980292715;0.8291570277297933  -0.1653816659327205  0.5339920673002677  4.782479480917427  -0.4679972484060134  0.31708210709739826  0.8248863635938438  -4.527661226612729  -0.3057404108891981  -0.9338671436194724  0.18551269287386352  -77.53371840210251  0.0  0.0  0.0  1.0
25528382212820;6.569850259432595;15.363886129967002;0.5634385037183945  -0.388780565913753  -0.7289627727774298  -29.676235811618916  0.7719533161671779  0.5620922881375594  0.2968843836829082  31.06734850328255  0.2943214742183683  -0.7300013227276133  0.6168248848983487  -33.859434915192054  0.0  0.0  0.0  1.0
25528382212851;11.42180800956712;56.85266059720879;-0.8102278602497534  -0.18720170855395163  -0.5554154614246777  -41.30858109442412  0.14236092753416807  -0.9820998669436339  0.12334187310442402  -133.9719579970541  -0.5685632601450057  0.020865561669359045  0.8223748826110293  -13.601206405749021  0.0  0.0  0.0  1.0
25528382212882;29.01962600839923;51.847424486421865;0.5824720837784408  -0.8113196615342823  -0.04986660632826834  -47.93947654945813  -0.7957617529533558  -0.5566391456121915  -0.238570941459205  -23.83902910811107  0.16579959033545077  0.1786428514663454  -0.969843919125428  -16.300031745193216  0.0  0.0  0.0  1.0
25528382212913;4.000226151736474;9.097791674772559;0.19942878960098354  0.6309336176122828  -0.7497672492480345  -14.593721512954227  0.8394178734059334  -0.5047594441089195  -0.20148334270980373  -18.98483117766554  -0.5055747142460234  -0.589186450751825  -0.6302805205347222  -16.147143672092028  0.0  0.0  0.0  1.0
25528382212944;10.14110014173418;13.178508733183278;-0.8664869491635461  -0.0719307957633263  0.4939902099739476  -20.181389390745228  -0.10772512137784769  -0.9393057426801968  -0.32572998018624477  -28.743384553800635  0.4874378577350944  -0.3354559321115936  0.8061474136023534  18.395658101827983  0.0  0.0  0.0  1.0
25528382212975;20.06496742865844;18.78849127114072;0.9166460372089136  0.14708475693702985  -0.3716532210891894  -1.517922660872093  0.1756566464192896  -0.9834665953435581  0.04402497486743706  -54.65131408582617  -0.359033125265516  -0.105638677197912  -0.9273271724919699  -13.080081161981521  0.0  0.0  0.0  1.0
25528382213006;18.17453748105815;16.216732642708024;0.5473623412644679  -0.654537351114719  -0.5215125342321195  -28.277721969305034  0.008769114481189555  0.627602554906499  -0.7784845121812323  -14.000069025802492  0.8368497893867789  0.4215399021095894  0.34926571680132257  27.8920885593494  0.0  0.0  0.0  1.0
25528382213037;5.701290745392533;24.219721660163177;-0.8552113732590159  -0.4983352830082142  -0.14239189849689798  -41.19998650564828  0.07844361371337699  -0.3960331419390314  0.9148794182587587  -49.37048669017526  -0.5123086047647588  0.7712455485738777  0.3777832676138048  33.56386236384723  0.0  0.0  0.0  1.0
25528382213068;4.547083976710081;54.299158314370445;-0.5640322406003081  -0.1562377589376838  -0.8108374647520474  -54.18377673128094  0.8257361462289061  -0.10048633897584014  -0.5550336138381785  -15.84224018874683  0.0052391196237756565  -0.9825946561840054  0.18568869988290887  -103.59708006913101  0.0  0.0  0.0  1.0
25528382213099;3.400518070650358;22.497962237303827;0.7729172657351447  0.5179163258392258  0.36655365194975986  2.7349626985055733  -0.07820921060644392  -0.49552936361052974  0.8650629856698651  -51.19296613119841  0.6296683410374271  -0.6972899893365323  -0.3424973738092509  -68.32617473445653  0.0  0.0  0.0  1.0
25528382213130;4.188278019443553;27.190607663887725;0.846943102293207  0.5170361261004668  -0.12393960539303073  -6.550690020966211  -0.5044664830495075  0.8550764168151685  0.1198244085576578  -39.584697942649086  0.16793138169388977  -0.0389610794711055  0.9850284692986427  5.194158311440702  0.0  0.0  0.0  1.0
25528382213161;10.413101164301901;10.4131011643019;1.0000000000000002  -1.942890293094024e-16  -5.551115123125783e-17  -1.2530754212036754e-15  -1.6653345369377348e-16  1.0000000000000004  1.1102230246251565e-16  8.885958635573843e-15  -2.7755575615628914e-17  1.0408340855860843e-17  1.0000000000000004  5.948142152434333e-16  0.0  0.0  0.0  1.0
