# registration_from_features.py TEASER TEASER_config.json l2 True --use_random_keypoints=True --n_keypoints=5000 --input_txt=/neural_comparison/point_clouds_registration_benchmark//eth/wood_summer_global.txt --input_pcd_dir=/neural_comparison/point_clouds_registration_benchmark//eth/wood_summer/ --input_features_dir=/neural_comparison/experiments/FCGF/3dmatch_normalized_5cm_32//eth/wood_summer/ --output_dir=/root/neural_registration_comparison/results/FCGF/3dmatch_normalized_5cm_32/TEASER/
id;initial_error;final_error;transformation
2318808360030;4.969564550018172;2.416184240604767;-0.47889319996278634  -0.8507352312489607  -0.21658917180039194  19.88410050427518  -0.20055766232139005  -0.13417036292859366  0.9704508940671799  -2.059343496010933  -0.8546566135668651  0.5081809520469912  -0.10636819479069623  1.6532035496705466  0.0  0.0  0.0  1.0
2318808360061;1.6724101210514537;3.9866412521574537;-0.7255269921108453  0.03764153453721883  -0.6871635166365229  13.871719918139688  -0.27121389837702237  0.902054692953967  0.33576830143249503  3.0297845457474826  0.6324979091236014  0.4299772619539408  -0.6442561207756314  1.6151706833854986  0.0  0.0  0.0  1.0
2318808360092;1.584883217651029;3.630464857597989;-0.8167265321141791  0.5328903150596256  -0.22132709697730152  9.534497337907492  -0.10957027439245637  0.23336245107754938  0.9661968336714007  -0.19937860453418488  0.5665263689452669  0.813369460050432  -0.13220436735206595  -13.018604383290878  0.0  0.0  0.0  1.0
2318808360123;2.8011658140671436;2.528201486602487;-0.325299408094631  -0.8058421773470701  0.4947713414313885  10.54570951098839  -0.1595646007174718  -0.4689478860268896  -0.8686927065359675  -2.3758028911595095  0.9320511967114016  -0.3615332147942213  0.023964584482092488  -2.823180151889221  0.0  0.0  0.0  1.0
2318808360154;5.158117208596515;5.141080683067791;0.913644925996388  0.3783271102437837  0.14873313973571356  -4.038581568796228  -0.12448980029046358  0.6086899374151781  -0.7835807869729503  3.1246344208715917  -0.3869822202953202  0.69739885126382  0.6032243392231531  -1.449156686976121  0.0  0.0  0.0  1.0
2318808360185;2.9373278081057164;3.0369756276671467;0.11849648777842053  0.6909564707014271  0.7131183197618799  3.509422176065773  0.9929424816723563  -0.07892658478130654  -0.08852018021389865  -6.728441925885819  -0.004879597782660783  0.7185748046032416  -0.6954325558347785  -1.1744892565705185  0.0  0.0  0.0  1.0
2318808360216;2.8192109211834575;1.7902621762029225;0.5947256754854798  0.46709608957527876  -0.654310793141778  -0.7393883898115531  -0.7124584469999228  -0.07081597218865393  -0.698131835244199  4.467037913546895  -0.37243030518044273  0.8813661788306033  0.2906704776834816  4.050440865980433  0.0  0.0  0.0  1.0
2318808360247;5.338906233558544;1.3983670185829982;0.5769150095375639  0.3378333023490621  -0.7436650668104556  7.915621385835019  -0.16635481849198994  0.9399717701454301  0.29795829522630257  -3.9454632541384513  0.7996844040837415  -0.04818434552419157  0.5984840204313193  1.4875620639830618  0.0  0.0  0.0  1.0
2318808360278;3.9358878406157967;1.706070907925084;-0.5760219412677534  0.5629415911319411  -0.5927018543517201  9.314164310559061  -0.44364066125441104  -0.8242916721450033  -0.3517473566555173  -2.722514900167983  -0.6865724192391347  0.06033244737480053  0.7245538688971915  -2.337794943158664  0.0  0.0  0.0  1.0
2318808360309;2.1234453820707166;2.2721132069318353;0.24335812299390314  -0.8173462030064744  -0.5222279276367584  4.686849592050659  -0.9675201087752826  -0.24254378003231916  -0.07125555334918666  3.7180104378885757  -0.06842267963438081  0.5226066390685569  -0.8498238862923998  7.180935691796293  0.0  0.0  0.0  1.0
2318808360340;2.3866042493559383;0.6669110111183876;0.2610268401522572  -0.9592297598992973  -0.10836630677320394  15.072862494680727  -0.7651109215019443  -0.1371290935455591  -0.6291270853347676  17.20485993205086  0.5886172495931244  0.2471312999741423  -0.7697115395097803  -7.899095144551901  0.0  0.0  0.0  1.0
2318808360371;4.044074629937958;3.388681742099965;0.4483946701207522  -0.5336698718715471  0.7170346488586927  8.434836742216424  0.7824939051287592  0.6221019116662455  -0.02631539354726159  -5.065193138798302  -0.43202489308331116  0.5728749247067887  0.696540603553407  0.5402606046723988  0.0  0.0  0.0  1.0
2318808360402;4.2662430875772905;4.8884132876154975;-0.8208975224649742  -0.444033937725134  -0.35911157007144523  5.19453397751714  -0.3912370014989464  0.8953587343226634  -0.2127588906020861  11.833210603542332  0.41600584883986885  -0.03415551229931807  -0.9087202730822017  -1.1533928574481962  0.0  0.0  0.0  1.0
2318808360433;3.0557917853126377;4.091966541678445;0.7035701209982386  0.21855709503059556  0.6761818402251795  -4.408484423620388  -0.6781250221671667  0.4909633535496361  0.5469016728645775  8.079040845277772  -0.21245126299766334  -0.8433195015432056  0.4936361809750331  -1.2192824962513737  0.0  0.0  0.0  1.0
2318808360464;1.0653308809730693;3.4483738456000097;0.850621719348688  0.0993347753038864  0.516309299729928  -3.4183878795967186  -0.4498331943126501  0.645879223355146  0.6168388169794694  1.2254919095781613  -0.27219990423723445  -0.7569495566109279  0.594082974743226  12.560868384384234  0.0  0.0  0.0  1.0
2318808360495;1.7172042102086578;2.3871401486895296;0.23618773192544024  -0.9714872865290277  -0.020683505514845185  17.30437901793782  0.9707921740268695  0.23683545159458297  -0.03836044468164389  -2.9310247479762532  0.042165271682984576  -0.011019118860244481  0.9990498830806418  -0.1641414197393316  0.0  0.0  0.0  1.0
2318808360526;3.6807220373796983;2.4302651417116845;0.25678564137374715  0.3002314225435177  -0.9186523974288477  -1.7263707577103014  0.9532313704834783  -0.23545625896337627  0.18950014364416917  -0.7399700245286914  -0.15940855908784335  -0.9243491997251182  -0.34665179684673547  -0.4307582690854479  0.0  0.0  0.0  1.0
2318808360557;2.560279020018075;6.118744929800344;0.002743991675547775  0.6941658360546997  0.7198098794571833  -0.928708913602358  -0.8556033752807668  0.3742239345830197  -0.3576301315512481  3.2279629749520984  -0.5176247045088203  -0.614890428320106  0.5949574996942834  -8.823623632735398  0.0  0.0  0.0  1.0
2318808360588;3.9226564362176193;1.7586271007652408;0.7637106111557111  0.4658603929545264  0.4469006563929223  -0.2589731456627755  -0.4539790752384711  0.8797435457782495  -0.14125966482734903  -0.24059037645670783  -0.4589652510308305  -0.0950020417557789  0.883360351390326  11.528574737166652  0.0  0.0  0.0  1.0
2318808360619;3.5577362196516864;2.8803966209439436;-0.6175531134121419  0.1392412318568369  0.7741059562268979  13.549772595241704  -0.5410302585760557  -0.7895716609852276  -0.28959083458244245  21.331096320592554  0.570889141094921  -0.597652467174711  0.5629361571793764  8.032285028131641  0.0  0.0  0.0  1.0
2318808360650;2.026557361496415;2.932773582868699;0.5048190230333718  0.851983806800021  0.13885728981287657  -3.2251126855657604  -0.2663837992584027  0.0007461226655826603  0.963866751575977  11.171818592486968  0.8210952596844605  -0.5235676042800134  0.2273313402771295  1.2905482564692667  0.0  0.0  0.0  1.0
2318808360681;3.2402694513344694;4.154774806090137;0.7340509746729026  -0.19678033442206003  0.6499589729871444  -3.5033605575038775  0.09036392332534904  0.9768891491466781  0.19370583791081114  9.17438068102314  -0.6730553676652552  -0.08345711631862932  0.734868275130153  1.0658834734458906  0.0  0.0  0.0  1.0
2318808360712;4.183482302346372;1.515647855694933;0.7044741688618945  0.4532138067462726  -0.5461807308765989  -4.452463722134365  0.7064834292374622  -0.521319703380611  0.4786511580264144  5.6619297103440385  -0.06780346318013072  -0.7230650124585642  -0.6874443091182563  12.712909217249202  0.0  0.0  0.0  1.0
2318808360743;4.6928323050556155;4.435424522589558;-0.2688575875972333  0.6541905233756355  -0.706930234688621  -2.073342639893136  0.7926091688290087  0.567283041783105  0.22351880456350182  2.821234727890886  0.5472534176042987  -0.5002246591590833  -0.6710357570872022  0.4685117263649555  0.0  0.0  0.0  1.0
2318808360774;2.6368253275423768;2.309645234600739;-0.5682804891235169  -0.7401192640992234  -0.35955633854899677  14.762765247203923  -0.4881496185875665  -0.048526018467672793  0.8714098779589825  -0.44741637458453787  -0.6623950751283937  0.6707225211970292  -0.33371254696932057  7.94027116262656  0.0  0.0  0.0  1.0
2318808360805;3.822501238380734;0.05787550976507669;0.45188464584416976  -0.5526480105360592  -0.7002716924885828  9.699980698637521  0.6786554489931578  -0.29651423782798847  0.671942027497299  -9.833238060776237  -0.5789879518627161  -0.7788834850064688  0.24106735237687066  3.3430311387671297  0.0  0.0  0.0  1.0
2318808360836;3.8885550361159975;3.8885550361159966;0.9999999999999997  2.42861286636753e-17  -4.5102810375396984e-17  2.2037997829685353e-15  1.3877787807814457e-17  1.0  2.220446049250313e-16  9.20128007704363e-16  -6.938893903907228e-17  2.393918396847994e-16  0.9999999999999994  -3.2537861051291904e-15  0.0  0.0  0.0  1.0
2318808360867;3.4260014484993295;3.474322380742304;-0.7882413816709717  0.4880724279789571  -0.37478104176727545  13.272393497960513  -0.22008048429530347  0.3451622815165596  0.9123746926842223  -1.1627613989906938  0.5746652109304886  0.80165348153988  -0.16465597736252413  0.022237986666638503  0.0  0.0  0.0  1.0
2318808360898;3.99662055613861;3.6408697044660787;-0.6153366350779736  0.4982654327924689  -0.6108128878920703  4.05985242153003  -0.6087341458252024  0.191930985622709  0.7698085713113082  24.827995556227307  0.5008029205559597  0.845514077494887  0.18520901576487142  -15.794256827421185  0.0  0.0  0.0  1.0
2318808360929;3.423510523147215;3.47949903954725;0.5607613678470099  0.2266842853912991  0.7963422148090519  13.871548586394688  0.655261494434036  0.46644180990932904  -0.5941922347865062  -7.7700475515637475  -0.5061413461103763  0.8550124400996425  0.11302506373557611  0.9149864830392934  0.0  0.0  0.0  1.0
2318808360960;3.2303591939848126;3.2303591939848126;1.0  0.0  -1.1102230246251565e-16  1.0008953735263226e-15  -2.7755575615628914e-17  1.0000000000000002  -2.7755575615628914e-17  6.322251749901757e-17  -1.1102230246251565e-16  -5.551115123125783e-17  1.0000000000000002  -1.7538637209213448e-15  0.0  0.0  0.0  1.0
2318808360991;1.4400202981915988;2.435514216602865;-0.42146501148932775  -0.5337239289028788  0.7331480149374863  9.373102494034075  0.37755210862108507  0.6317873601522898  0.6769779441219439  2.877018460646648  -0.8245129770756031  0.5621240959683873  -0.06476767222658483  4.281088275928175  0.0  0.0  0.0  1.0
2318808361022;4.853359975936401;4.604605564836312;-0.4935961107023076  -0.2722199512383964  0.8259898169150276  19.984224818329352  -0.8226401275634642  0.4542978828376585  -0.34187227757100924  12.452897091086296  -0.28218097033982276  -0.8482391949190903  -0.4481787234810354  11.332498136581567  0.0  0.0  0.0  1.0
2318808361053;1.3356595994763014;3.1419893357265445;-0.10586743273497537  -0.9927526210977025  -0.05687108219250864  13.848742604645185  0.6670611056680475  -0.028488373787560806  -0.7444581209603818  -2.5464548809789287  0.7374425862336863  -0.11675035701265235  0.6652426520799692  -6.7752193404727405  0.0  0.0  0.0  1.0
2318808361084;4.199949712177371;1.4665832167918602;-0.03575349181363974  0.04983779102803154  0.9981171686773946  5.520864096676457  -0.6136953878695517  0.7871606025152827  -0.061287492650765274  -4.022016984572783  -0.7887329451283073  -0.6147311448375  0.0024414823374593886  9.555434646711333  0.0  0.0  0.0  1.0
2318808361115;2.9319105454862306;1.9955307546356738;0.1821889334491462  -0.49518144334711933  0.8494719128336887  15.278300220950504  -0.7280400011768287  -0.6486111560677532  -0.22194892410393915  31.784663818405065  0.6608819480172734  -0.5780128946564395  -0.4786816733443821  -2.1263924315729446  0.0  0.0  0.0  1.0
2318808361146;2.1018359827685917;0.6872403025814696;0.05327020495070377  -0.24347224300276352  -0.9684438817772116  11.014300697631228  -0.9426785403445075  0.3076743279693954  -0.1292040149628868  9.348713463707522  0.3294229118298526  0.919813989236838  -0.2131261841392481  -5.9878109060415  0.0  0.0  0.0  1.0
2318808361177;2.9797821204083887;2.9797821204083887;1.0000000000000002  5.551115123125783e-17  2.7755575615628914e-17  -3.1815439172078186e-15  1.1102230246251565e-16  1.0000000000000002  -2.220446049250313e-16  -3.406941395667218e-15  5.551115123125783e-17  -2.220446049250313e-16  1.0000000000000004  6.894133267737468e-16  0.0  0.0  0.0  1.0
2318808361208;2.047594508282059;2.047594508282059;0.9999999999999998  2.498001805406602e-16  -1.1102230246251565e-16  -1.9388934902053726e-16  2.220446049250313e-16  0.9999999999999998  -1.1102230246251565e-16  -9.49601508537511e-17  -4.5102810375396984e-17  7.979727989493313e-17  0.9999999999999997  6.235106181362583e-16  0.0  0.0  0.0  1.0
2318808361239;2.8811770696532393;2.8335126624585407;-0.6965992980985206  0.6653954895114443  0.2683249157765147  3.787231318729156  0.713547815446029  0.6815298803344888  0.1623777610495259  -4.531657479385444  -0.07482601794060822  0.30457489185598086  -0.949544734222706  -5.919332625383193  0.0  0.0  0.0  1.0
2318808361270;2.4139519301703216;1.9533080304675814;-0.30827784800246527  0.4243681600398529  -0.8513967542663988  6.320976494273152  0.3737074317127429  -0.7690112052518929  -0.5186178956415763  4.96523717616813  -0.8748185662831094  -0.4780517032094129  0.07847958425568  5.33386983509842  0.0  0.0  0.0  1.0
2318808361301;3.633939948710988;3.633939948710988;1.0  1.942890293094024e-16  5.551115123125783e-17  -3.974903739489832e-15  1.3877787807814457e-16  1.0000000000000002  1.1102230246251565e-16  -4.068567704962334e-15  5.551115123125783e-17  1.1102230246251565e-16  0.9999999999999998  -1.6060304995624274e-15  0.0  0.0  0.0  1.0
2318808361332;6.355512347551134;6.355512347551134;1.000000000000001  1.5265566588595902e-16  4.163336342344337e-17  -3.826025845969638e-15  1.5265566588595902e-16  1.0000000000000002  -3.885780586188048e-16  -3.720129087593504e-15  2.7755575615628914e-17  -3.3306690738754696e-16  1.0  1.0511175263516753e-16  0.0  0.0  0.0  1.0
2318808361363;3.0049062450558113;3.208182430996061;0.6017864636428726  0.7926598056562508  -0.09769076042902078  10.186709275133026  -0.7459250869475902  0.5141230773868113  -0.4234066909728101  8.318888740684764  -0.285392390996038  0.32767040421025156  0.9006571430717987  0.9670336714654303  0.0  0.0  0.0  1.0
2318808361394;4.888364505047668;4.888364505047668;0.9999999999999998  -5.551115123125783e-17  1.1102230246251565e-16  3.9322915583450695e-16  -2.7755575615628914e-16  0.9999999999999998  0.0  1.212580036380473e-15  5.551115123125783e-17  1.3877787807814457e-16  0.9999999999999996  -2.744842352540855e-15  0.0  0.0  0.0  1.0
2318808361425;1.9513800093892786;2.5618425031347125;0.22461133141347442  -0.7668308610362151  0.6012654824311179  2.70413250852665  -0.7074412122240763  0.2960121326785127  0.6417972799522054  4.971512146613449  -0.6701318385568594  -0.5695149233071747  -0.4760000746668287  6.516272772666065  0.0  0.0  0.0  1.0
2318808361456;2.9799420916800283;2.9799420916800283;1.0000000000000004  2.7755575615628914e-17  -5.551115123125783e-17  -3.4019898009773895e-15  8.326672684688674e-17  1.0000000000000004  -2.7755575615628914e-16  -3.1784450505584203e-15  -1.1102230246251565e-16  -1.1102230246251565e-16  1.0  1.3312791841135763e-15  0.0  0.0  0.0  1.0
2318808361487;3.3327799764990607;2.8208912198956413;-0.58444708028401  0.2212946151098743  0.780672981260956  7.812197119688464  0.019817155729603686  -0.9579134364664749  0.28637236000664856  12.863615444728369  0.8111897994219879  0.18284020772346954  0.5554642812578987  0.4384121445296036  0.0  0.0  0.0  1.0
2318808361518;4.4213036334582645;3.7492478160499245;0.6868302827814528  0.32078147617285246  0.6521989015620281  -4.5524003583361905  0.1840985997956075  -0.9448538392359727  0.2708485333804498  7.367270006344237  0.7031158284433987  -0.06595807020683336  -0.7080096501933743  -1.3789686631527587  0.0  0.0  0.0  1.0
2318808361549;2.6879622013693756;2.2737457858643086;-0.11929211362331875  -0.12215370603472309  -0.985316123753825  10.161700387994369  0.6195347913765092  0.7663368953313513  -0.17001295576505418  -1.085983687972419  0.7758518118180469  -0.6307188240062982  -0.015739477207519448  -2.4634002237217483  0.0  0.0  0.0  1.0
2318808361580;1.329810775815828;2.5447140023650756;-0.9568291349580599  0.1227951570106147  0.2634375749777355  9.017821783520779  0.06883905005323224  0.9763253103020042  -0.2050611461283322  0.4464722601700636  -0.2823812877709502  -0.17807368665368573  -0.9426296040536739  8.388478771803676  0.0  0.0  0.0  1.0
2318808361611;3.0580385862811856;2.421965808291695;0.824545576350155  -0.46244291546075494  0.32599254970251684  2.379205481034972  0.12872581040666758  0.7143840280913462  0.6878118391995949  -3.923217067211936  -0.5509575829921374  -0.5251685542262975  0.6485705292374331  7.951180370529434  0.0  0.0  0.0  1.0
2318808361642;5.3800009482235644;2.577404021203214;-0.4982425893053122  0.3891731963653674  0.7747893555238753  11.991958196944735  0.45157656005554325  -0.646360307890271  0.6150585035526268  0.3629371456770493  0.7401573701657923  0.6563250533194346  0.14630274014693406  -4.596711791902024  0.0  0.0  0.0  1.0
2318808361673;3.504208192072817;1.5340138040270228;-0.4515892763412812  -0.6917772516037044  -0.5634814634548186  7.935848186675794  0.2719475696677668  -0.7082150293172069  0.6515182204674124  10.449962335283146  -0.8497715250850397  0.14098122716466355  0.5079494549084507  10.96367033794387  0.0  0.0  0.0  1.0
2318808361704;2.519718137010217;1.5641479419160278;-0.2721448623549864  -0.02887558895666098  -0.9618229432989167  6.22393217563712  0.9260623646979531  0.26370266831014216  -0.2699433263041481  -0.684465578736972  0.26143004912179113  -0.9641717186728296  -0.045024730178654854  9.176507596770753  0.0  0.0  0.0  1.0
2318808361735;5.251465982301738;3.895680065169403;-0.47090212669853637  -0.5645372357393205  0.6779003588541636  12.159080152854981  -0.48601754925288754  0.807317718416171  0.33470142418209997  1.5818817492250112  -0.7362323878294231  -0.17185985859157366  -0.654542634299609  22.449890703298518  0.0  0.0  0.0  1.0
2318808361766;5.291135375928377;3.9006492638714354;-0.5402053440443122  0.6616927368579875  -0.5199431779101946  17.12454985211073  -0.7783322758816058  -0.627777046077292  0.009739031750087335  23.263004771840187  -0.3199641457834398  0.40994963398917095  0.8541453289723108  10.244167321543436  0.0  0.0  0.0  1.0
2318808361797;3.384830345230238;2.4006703788450796;0.8228849965694037  -0.2793204410174485  -0.4948134735946363  6.509172923519581  0.4175519221857714  0.8878775687089994  0.1931937246971624  -3.9093066130957554  0.3853708275154457  -0.36558653450751366  0.847251917133769  -2.0156791142719976  0.0  0.0  0.0  1.0
2318808361828;1.4149627962549474;1.4149627962549474;1.0  -4.163336342344337e-17  1.6653345369377348e-16  -4.788225371754605e-16  -5.551115123125783e-17  1.0  0.0  3.7381569194250284e-16  1.457167719820518e-16  0.0  1.0  -1.0516461399628917e-15  0.0  0.0  0.0  1.0
2318808361859;2.242344127922003;2.2423441279220038;1.0000000000000004  -2.220446049250313e-16  -8.326672684688674e-17  -1.2618730279440048e-15  5.551115123125783e-17  1.0000000000000004  -5.551115123125783e-17  -4.219714421632714e-16  -1.3877787807814457e-16  0.0  1.0000000000000004  1.4389650929147459e-15  0.0  0.0  0.0  1.0
2318808361890;3.1043376176245805;4.252013147500894;0.5716764726444453  -0.7060485099079946  -0.41794917428020645  -0.23275148932882442  0.7946429852037031  0.34962990912282826  0.49628767132914964  0.1309086440500291  -0.20427563900610488  -0.6158363648758197  0.7609316887902514  1.7782356481876256  0.0  0.0  0.0  1.0
2318808361921;2.582712583147148;2.5827125831471487;1.0000000000000009  2.7755575615628914e-17  -1.1102230246251565e-16  -9.321055038924441e-15  5.551115123125783e-17  1.000000000000001  -1.6653345369377348e-16  -1.859001841353347e-14  -4.85722573273506e-17  -1.6653345369377348e-16  1.0000000000000009  1.6895369272466185e-15  0.0  0.0  0.0  1.0
2318808361952;1.429597864979908;2.3569020233828257;-0.3811884538350959  -0.8077412873554616  -0.44972144196619196  19.738157234532846  0.9215765474376598  -0.37063285947933583  -0.11544674394305734  4.745622803139241  -0.07343044243153818  -0.45845969961983934  0.8856763934693054  5.689823264580765  0.0  0.0  0.0  1.0
2318808361983;3.430782124719056;3.430782124719056;0.9999999999999997  -6.938893903907228e-17  1.0408340855860843e-16  2.057434431157468e-15  2.7755575615628914e-17  1.0000000000000004  2.7755575615628914e-16  -5.1254269925471395e-17  5.551115123125783e-17  1.1102230246251565e-16  0.9999999999999998  -1.5451099601160312e-15  0.0  0.0  0.0  1.0
2318808362014;3.6985124006147214;2.348987315365524;-0.9621860899689354  -0.09914646280237363  0.25370831122387266  14.524167307203546  -0.10456755474761985  -0.7255980853061553  -0.6801272271377943  19.62661135816111  0.25152247367659875  -0.6809386150849567  0.6877928814125558  2.293691593860236  0.0  0.0  0.0  1.0
2318808362045;2.2111434334810025;3.180567608835977;0.5142940578074549  -0.7575806201707002  -0.40196172211507963  8.48613982907324  0.8417590395638843  0.3562001383804101  0.4056638765409909  -5.132231744152259  -0.16414427012975474  -0.5469854343212028  0.8208919497863383  12.83018864857872  0.0  0.0  0.0  1.0
2318808362076;1.35138127439203;2.049220952888051;-0.06960696018574879  0.2644928955490577  0.9618723300406227  4.44688490654801  -0.8481188336154681  0.49195768684660623  -0.19665217623834003  2.69651167136495  -0.5252135900378421  -0.8294703988429075  0.19007772695123956  2.0291151515908843  0.0  0.0  0.0  1.0
2318808362107;2.3703459450599085;1.6771331802869576;0.39470719104903307  0.6890437991273233  0.6078033203416776  0.48933251487025026  -0.9174828495377456  0.260075859720422  0.3009746966021929  11.953787734514297  0.049309777309179695  -0.676445999378272  0.7348396803295605  6.537032502087531  0.0  0.0  0.0  1.0
2318808362138;3.4849647346435484;4.2882132224935425;0.9391050548455349  -0.31185789109602685  -0.1443133802691317  13.745126407479804  0.2314519633188976  0.8844646789024027  -0.405157031840616  -2.431490980266772  0.2539915050535982  0.34708340141125843  0.9027853719602454  3.9822912378321838  0.0  0.0  0.0  1.0
2318808362169;3.48714335094723;0.15262577164750332;0.5122137784501283  -0.6186003939988098  -0.5957940900263784  3.2904251533112574  0.058264351848292234  -0.6670791527066167  0.7427049678896196  -3.7838383141767653  -0.8568794025237987  -0.4151372743668533  -0.30564478232372744  3.4564484865075604  0.0  0.0  0.0  1.0
2318808362200;1.6972551672156184;1.4076713444887594;-0.41972061949540945  -0.7618516270345752  0.49337277990902606  9.489286421299907  0.5547680636549798  0.21488882240878418  0.8037755840732355  -0.42830035074182315  -0.7183780321800594  0.6110686478527083  0.33245768225831335  5.238453500507457  0.0  0.0  0.0  1.0
2318808362231;2.3843011935207;1.4552091047018236;0.8990836613052743  -0.07701380304378339  0.4309494681684126  -0.31369883943991045  0.06781287786133247  -0.948021859729097  -0.31089542787237767  6.495702623145685  0.4324927555116595  0.30874492322387775  -0.8471284370232257  -2.754928602407562  0.0  0.0  0.0  1.0
2318808362262;5.232306399155367;3.702731140778345;0.2761401954489297  -0.48266368108354896  0.8311331803148673  5.622083357395418  0.39825452650042953  -0.7295622281166634  -0.5559966613455242  23.247382290422575  0.874722770127397  0.4845355779179986  -0.00923846049540894  -22.408517279105986  0.0  0.0  0.0  1.0
2318808362293;3.4552109610591604;3.4552109610591604;1.0000000000000004  0.0  0.0  -1.9647132878941596e-15  -1.3877787807814457e-17  1.0  5.551115123125783e-17  4.334310688136611e-17  2.220446049250313e-16  4.163336342344337e-17  1.0000000000000002  -2.3790518166588716e-16  0.0  0.0  0.0  1.0
2318808362324;3.901348001708932;3.901348001708932;1.0000000000000002  -2.7755575615628914e-17  -8.326672684688674e-17  -1.6838086480674974e-15  0.0  1.0000000000000004  -2.220446049250313e-16  -2.252872888242052e-15  -3.469446951953614e-18  -1.1102230246251565e-16  1.0000000000000002  -8.046008304063435e-16  0.0  0.0  0.0  1.0
2318808362355;2.04977221751585;2.0497722175158497;1.0  -2.7755575615628914e-17  -9.020562075079397e-17  -1.0732179034356191e-16  -1.3877787807814457e-17  0.9999999999999999  -3.3306690738754696e-16  -4.916535169437185e-16  -1.1102230246251565e-16  -3.122502256758253e-16  0.9999999999999996  -1.6377589388827375e-16  0.0  0.0  0.0  1.0
2318808362386;3.0729207631497046;1.6622707749400647;-0.47956994915547635  0.5758580896009748  0.6621179083125062  -0.407132642701014  -0.842887613302701  -0.5121414857212676  -0.16508049534723396  6.609206130445825  0.24403511060478425  -0.6372586282227393  0.7309913170125776  -4.6284099680474755  0.0  0.0  0.0  1.0
2318808362417;1.4050409535936035;1.4050409535936035;1.0  1.1102230246251565e-16  2.7755575615628914e-16  -1.7641557919362283e-15  0.0  1.0  1.1102230246251565e-16  -3.3311131630853196e-16  5.551115123125783e-17  4.163336342344337e-17  1.0000000000000002  -1.1860912208991325e-15  0.0  0.0  0.0  1.0
2318808362448;2.5537408364538483;1.789276417270261;0.36409205206502054  -0.9296068589873039  0.05716699525812215  9.783096561572755  0.8606460880747591  0.3123521552970313  -0.4021497757837421  1.1448356010855305  0.3559849557280434  0.19562008793848168  0.9137874438239151  -6.066561464513581  0.0  0.0  0.0  1.0
2318808362479;3.2775968567417544;2.1309494342005215;-0.39772126851236944  -0.1390306860782808  -0.9069113853632637  5.023124928494724  0.5199883108435472  0.7802263228968884  -0.34764787018601695  -5.767976193412248  0.7559298573009179  -0.6098502712858315  -0.23801827126002753  -10.107479866711442  0.0  0.0  0.0  1.0
2318808362510;1.7896114733317854;1.7896114733317854;1.0  -4.5102810375396984e-17  0.0  4.771863459929192e-16  6.245004513516506e-17  1.0000000000000004  4.163336342344337e-17  -5.43018963128361e-15  0.0  1.3877787807814457e-17  0.9999999999999998  1.6119041865159114e-16  0.0  0.0  0.0  1.0
2318808362541;4.507281674743628;3.2080477207895215;0.2763732292684288  -0.7756499668463461  -0.5674371921851815  8.646772191842409  -0.31239989057803935  -0.6308767808811894  0.710211796376135  12.415230353908933  -0.9088587054710814  -0.019016210880443696  -0.41667041797226356  17.89652958635258  0.0  0.0  0.0  1.0
2318808362572;1.6524012560965744;2.050724583140662;-0.6838851800435854  0.1310547691085047  -0.7177225842974911  7.0915254051891585  0.07398138007574775  0.9911206824416214  0.11048324867844322  -3.8172563160724153  0.7258290541986043  0.02245974911639677  -0.6875083590406655  -3.4650891136482738  0.0  0.0  0.0  1.0
2318808362603;2.7922284303351215;3.07498637090047;-0.4827137563035057  -0.8694121337506369  -0.10540384794932604  13.750897309149744  0.8275828314370833  -0.41345822756637135  -0.37968269801013493  -4.466034993981773  0.28652065647338654  -0.270508476290189  0.9190925294382606  7.678699221120566  0.0  0.0  0.0  1.0
2318808362634;4.154034979657225;2.881236188322734;0.7662120240140242  -0.2527181128094259  -0.5908068125152026  10.960483840127978  0.3525155367323094  0.9340289795380374  0.05764253416934001  -0.9711405369240659  0.5372633717448668  -0.2524349833940891  0.8047512960785853  -0.30748852880950267  0.0  0.0  0.0  1.0
2318808362665;2.2058351322628655;2.3982273771666596;0.18955052084944876  -0.7267759017635128  -0.6602025360914152  10.704628975265294  -0.9599137523686809  0.004235886738555572  -0.2802635282676253  12.312270489190384  0.20648532165551725  0.6868615915010621  -0.6968392684553928  -3.4570613437042117  0.0  0.0  0.0  1.0
2318808362696;1.9478287065829136;1.9478287065829138;1.0000000000000004  1.3877787807814457e-17  1.6653345369377348e-16  -1.7663125519498666e-15  2.7755575615628914e-17  0.9999999999999998  0.0  5.625946648650515e-16  1.9081958235744878e-16  -1.3877787807814457e-17  1.0000000000000002  -1.31126038846463e-15  0.0  0.0  0.0  1.0
2318808362727;4.3430344902627;4.343034490262699;1.0000000000000002  4.85722573273506e-17  2.7755575615628914e-17  4.518759627277544e-16  6.245004513516506e-17  1.0000000000000002  8.326672684688674e-17  -1.0514941565023528e-15  -2.7755575615628914e-17  -3.122502256758253e-17  1.0000000000000004  -3.3012703681833954e-15  0.0  0.0  0.0  1.0
2318808362758;1.6605101549061114;1.6605101549061114;0.9999999999999999  1.3877787807814457e-17  -1.1102230246251565e-16  6.260479607217483e-16  1.3877787807814457e-17  1.0  5.551115123125783e-17  -5.1613286909304506e-17  -5.551115123125783e-17  6.938893903907228e-17  1.0  2.228862659313855e-16  0.0  0.0  0.0  1.0
2318808362789;3.2529369529640206;0.02436929318813918;0.6283785870558999  -0.19876521416240345  -0.752085594177023  -2.662905260196725  0.3334689209500591  0.9422968369424349  0.029582931712155813  0.7103000288306817  0.7028078187456618  -0.2693864523825511  0.6584011764742748  2.9865042859929876  0.0  0.0  0.0  1.0
2318808362820;2.400344764826293;2.400344764826293;1.0  -4.996003610813204e-16  -1.6653345369377348e-16  4.556910015918165e-15  -3.3306690738754696e-16  1.0000000000000002  2.7755575615628914e-17  9.407913959382867e-16  -9.71445146547012e-17  1.1102230246251565e-16  1.0000000000000002  -1.2220448475694986e-15  0.0  0.0  0.0  1.0
2318808362851;2.213741788563696;2.213741788563696;1.0000000000000002  -1.1102230246251565e-16  -5.551115123125783e-17  -1.4501538858624484e-15  2.7755575615628914e-17  1.0000000000000002  -1.1102230246251565e-16  -2.765192588793929e-16  -2.7755575615628914e-17  -1.6653345369377348e-16  1.0000000000000004  -1.2889473342825309e-15  0.0  0.0  0.0  1.0
2318808362882;2.8118491113323465;2.8118491113323465;1.0  0.0  0.0  0.0  5.551115123125783e-17  0.9999999999999999  1.3877787807814457e-17  9.88946424751447e-16  -6.938893903907228e-18  0.0  1.0  2.6684383869213233e-18  0.0  0.0  0.0  1.0
2318808362913;3.693761787700806;3.693761787700806;1.0000000000000007  -8.326672684688674e-17  1.1102230246251565e-16  -2.589846739842194e-15  0.0  1.0000000000000007  0.0  -1.899007773947803e-15  2.7755575615628914e-17  5.551115123125783e-17  1.0000000000000002  1.1532799021329867e-15  0.0  0.0  0.0  1.0
2318808362944;2.216755272952035;2.2167552729520352;1.0000000000000007  2.220446049250313e-16  -2.220446049250313e-16  -6.430322940786936e-15  1.6653345369377348e-16  1.0000000000000004  1.6653345369377348e-16  -3.1710464332493358e-15  -9.71445146547012e-17  6.938893903907228e-17  1.0000000000000002  5.030932411600552e-16  0.0  0.0  0.0  1.0
2318808362975;4.0877051608656085;4.0877051608656085;1.0000000000000004  1.2468324983583301e-18  2.220446049250313e-16  -4.9730622397881064e-15  1.0842021724855044e-18  1.0  1.1926223897340549e-18  0.0  2.220446049250313e-16  8.673617379884035e-19  1.0  -1.6800782987047568e-15  0.0  0.0  0.0  1.0
2318808363006;1.8159881834797982;2.512556777557117;0.3738002471691023  -0.23246978038854738  -0.8979037679074625  2.9203040982941912  0.7276471383531117  -0.5268128837870936  0.43931518016391613  1.328693462745487  -0.5751547767886881  -0.817573230164752  -0.027766815718180307  11.119654092636173  0.0  0.0  0.0  1.0
2318808363037;2.514235334584633;2.514235334584633;1.0  1.249000902703301e-16  -2.220446049250313e-16  1.0559710657970237e-16  6.938893903907228e-17  0.9999999999999999  -1.249000902703301e-16  5.010186872583117e-16  -1.942890293094024e-16  -1.1102230246251565e-16  1.0  1.0822320036657507e-15  0.0  0.0  0.0  1.0
2318808363068;1.8909816795339536;1.8909816795339536;1.0000000000000004  -1.1102230246251565e-16  5.551115123125783e-17  -9.606987948218569e-16  1.1102230246251565e-16  1.0000000000000004  0.0  -7.543126279846433e-16  0.0  0.0  1.0000000000000004  8.621455220743369e-16  0.0  0.0  0.0  1.0
2318808363099;3.0749693121327226;3.074969312132723;1.0000000000000004  -1.6653345369377348e-16  -2.7755575615628914e-17  -5.4097171187095226e-15  -1.1102230246251565e-16  1.0000000000000007  -1.1796119636642288e-16  3.60300998021243e-16  -5.551115123125783e-17  -5.551115123125783e-17  1.0000000000000009  -2.4639547346883006e-15  0.0  0.0  0.0  1.0
