# registration_from_features.py TEASER TEASER_config.json l2 True --use_random_keypoints=True --n_keypoints=5000 --input_txt=/neural_comparison/point_clouds_registration_benchmark//eth/wood_autumn_global.txt --input_pcd_dir=/neural_comparison/point_clouds_registration_benchmark//eth/wood_autumn/ --input_features_dir=/neural_comparison/experiments/FCGF/3dmatch_normalized_5cm_32//eth/wood_autumn/ --output_dir=/root/neural_registration_comparison/results/FCGF/3dmatch_normalized_5cm_32/TEASER/
id;initial_error;final_error;transformation
26875431820030;2.0535532931381004;2.11628395451944;0.8442249517484417  0.44334561520676347  0.30121237743870527  2.4348211802513084  0.1463686784017867  0.349920772320161  -0.9252738314043996  -0.7374937905477227  -0.5156165637644462  0.8252273132754389  0.2305199353547241  2.703979101977248  0.0  0.0  0.0  1.0
26875431820061;1.6463845109934325;4.464626700641415;-0.4162668732548851  -0.008154580398968658  0.9092059134481687  2.9294225656653925  0.6094534174231049  -0.7445745117693556  0.2723514795530315  0.9313741438079204  0.6747506370666878  0.6674895499121642  0.31491154081131456  3.0857741055733863  0.0  0.0  0.0  1.0
26875431820092;3.1454983955145077;0.07077406983326211;-0.21182355126726596  -0.057042912683570896  -0.9756417832591526  -1.0365853467689679  -0.952088170207948  -0.2132801004868467  0.2191796406749569  4.812309411911546  -0.2205876226777162  0.975324410054878  -0.009132134060469616  2.239734571465057  0.0  0.0  0.0  1.0
26875431820123;5.022952331012622;5.317074359692971;-0.5890417519682951  -0.6688449779741914  0.45351539100324356  5.133446915475142  -0.7989589099370601  0.39783243893493525  -0.4509922513339507  -3.6153658483586955  0.12122076831263598  -0.6279934282855072  -0.768719571339191  -1.3883664789148187  0.0  0.0  0.0  1.0
26875431820154;4.9039779898946945;2.7289510997856663;-0.2063925798927772  -0.9632571526460607  0.171865531277821  8.861202785434445  -0.20861882808430293  -0.1282879075596485  -0.969546490552516  13.210978932103082  0.9559708612368562  -0.2359615872343871  -0.17447590611856142  -8.277833398061992  0.0  0.0  0.0  1.0
26875431820185;2.518490360471434;4.467804784266337;0.8455057852143189  0.23797844275594068  -0.47800233048864443  -2.166251301845649  -0.1350183925895449  0.9613848815371737  0.23981064032750804  1.034444409410401  0.516613976612764  -0.13822217743622522  0.8449879459691335  -14.326461504533043  0.0  0.0  0.0  1.0
26875431820216;3.040176925026691;5.469804832960802;-0.13127115080254903  -0.1024984416810104  -0.9860334448789959  -7.013721649247365  0.2717912033872894  -0.9602500644323395  0.063634546584214  -1.9752327584806173  -0.9533611208394565  -0.25964183640286853  0.15391130582605872  0.36514315112002615  0.0  0.0  0.0  1.0
26875431820247;4.293952946805166;2.506747072944507;-0.608199359633956  -0.7712329652945313  0.18786498392156326  1.8420235890484524  0.6954415503368061  -0.6318124626694007  -0.3423069705407209  -0.8495924964815128  0.38269385807193823  -0.07754176460869514  0.9206153842595635  -8.039175731017883  0.0  0.0  0.0  1.0
26875431820278;1.9928622542605958;3.2700223028327957;0.8583091655656081  -0.3157102139112252  0.404515064167205  5.870255883050523  0.3598057510967605  0.9323407880112609  -0.035783746145950715  -5.330882436772784  -0.3658485995377949  0.17626036378797813  0.9138309944259736  0.08871053824650577  0.0  0.0  0.0  1.0
26875431820309;3.3178555720271428;5.959114953590918;-0.373966381723733  0.9012915106866184  0.21868415147123105  -14.18857343346392  0.9270827143452472  0.3567158680285426  0.11520169381954522  1.2818498494004649  0.025822201740129946  0.24581985733637643  -0.9689715226137535  1.99148468484611  0.0  0.0  0.0  1.0
26875431820340;3.1987335091215683;2.0094052316417743;0.5729665725407782  -0.012035016610115107  0.819490369147843  -6.199026488848165  -0.2889147727549297  -0.9386707689694217  0.1882164752786586  1.1577326167764155  0.7669664665647646  -0.3446046225133218  -0.5413040673296396  -0.044145247704578235  0.0  0.0  0.0  1.0
26875431820371;3.5265759616751016;1.4122857367698205;-0.590674489086644  0.4547955808192974  0.6665317903967303  -1.4671839712486607  -0.08741882798350357  -0.8572358435358292  0.5074491669826705  16.983786513849743  0.8021605802183398  0.24146984951470374  0.5461050405545841  -10.764557743361994  0.0  0.0  0.0  1.0
26875431820402;5.0883567835047625;5.310700935993783;0.5096496919402791  0.12681621512272181  -0.8509846291720714  11.947393596790796  -0.7594208470594  0.5311919333628211  -0.375652907591373  -1.0864123911731582  0.40439729049137185  0.8377068565507969  0.3670286827088871  -4.876778599401684  0.0  0.0  0.0  1.0
26875431820433;1.6687229373662258;1.7296264756319881;0.9186309886126166  0.26969431027546065  -0.28875956393797875  -2.1790726021092692  -0.394542939019395  0.6654848743857692  -0.6336132505193491  6.283067944263018  0.021283233554746678  0.6959848137486918  0.7177410138766306  -6.630298864112421  0.0  0.0  0.0  1.0
26875431820464;4.58945846466715;1.5500148081484166;-0.8147023716356677  -0.5543778960994006  0.17007408376240568  8.35493216631034  0.5524886102611737  -0.6530082614297787  0.5180121099319361  -2.7184640281720536  -0.17611468190612695  0.5159896886768784  0.8382948526599954  -4.943914375732123  0.0  0.0  0.0  1.0
26875431820495;2.035425071867048;5.45709403213944;-0.8037999132748094  -0.24606614495802676  -0.5416245486726984  15.368476324600115  -0.35473069027290816  0.9291299116076045  0.10432518744076977  6.81037283601414  0.4775686723371989  0.2759874266366876  -0.8341217558249785  6.982158004000767  0.0  0.0  0.0  1.0
26875431820526;3.855140063669406;3.8551400636694058;0.9999999999999997  4.5102810375396984e-17  2.7755575615628914e-16  2.628265226983784e-15  1.0061396160665481e-16  1.0000000000000002  -1.457167719820518e-16  -8.413387174444063e-16  2.7755575615628914e-16  -5.551115123125783e-17  1.0000000000000004  2.4244757026656295e-15  0.0  0.0  0.0  1.0
26875431820557;2.7573624115491;2.4116812398124554;-0.29935002941334443  0.0686842986885987  -0.951668023527052  1.435664447076958  0.9325623807162591  0.23199507967399013  -0.2765966179834502  -4.666255007570767  0.20178445421551564  -0.9702890034009015  -0.13350012702702627  1.3743572902701189  0.0  0.0  0.0  1.0
26875431820588;1.5947841889661274;5.899963741699263;0.12530970900797064  -0.09966983708597542  -0.9870984755350363  7.506960623494385  0.225980853701506  -0.9659199721167268  0.12621910008537002  14.00725839104454  -0.9660383691079131  -0.23888183489180834  -0.0985156757579553  17.83356104231923  0.0  0.0  0.0  1.0
26875431820619;3.5884439472599823;4.305607744192085;-0.9333871372619715  -0.08786666146860986  0.3479481308992236  3.96545411134587  0.10124950142220435  -0.9946512892281233  0.020429177628800088  12.666095549391722  0.34429201334863685  0.054297906397896556  0.9372911750918969  -4.325407969434188  0.0  0.0  0.0  1.0
26875431820650;3.205971749881819;2.711061728874142;-0.5465630376231434  -0.8043033635314468  -0.23316291582531726  8.090994737323294  -0.806408335984026  0.5805783598397736  -0.1124026856495563  5.821514756102853  0.22577520138322793  0.1265893656582566  -0.965919608944038  -0.3521693175820308  0.0  0.0  0.0  1.0
26875431820681;1.5831696178308692;4.603384102819096;-0.7057107453845191  -0.4446633433754181  -0.5515857638726928  -4.213677869064676  -0.7084681312452625  0.45028450727307345  0.5434305562992305  2.385328912404202  0.006726875847878247  0.7742857183030311  -0.6328004231772341  -5.100698977961926  0.0  0.0  0.0  1.0
26875431820712;2.1253878571825364;2.1253878571825364;1.0  8.326672684688674e-17  -2.7755575615628914e-16  -5.493661081601426e-17  2.7755575615628914e-17  1.0000000000000002  -2.498001805406602e-16  -2.5090973813620194e-16  -1.3877787807814457e-16  -8.326672684688674e-17  1.0000000000000004  5.099176940068229e-16  0.0  0.0  0.0  1.0
26875431820743;1.5610088030304428;3.1788728133637716;-0.44933189730879847  0.7679385722285167  0.45647693845856463  0.0062205638206678975  0.36071133704640657  0.6234148053307111  -0.6937155842423219  5.264988059527669  -0.8173054370228245  -0.14705213285804491  -0.5571243064477002  10.276354761185015  0.0  0.0  0.0  1.0
26875431820774;3.330059369423353;5.438720651444952;-0.8034733611953362  0.04737110171845221  0.5934530618098199  -0.0066777722754059795  -0.460979302840961  -0.680301321757943  -0.5698141749436018  3.2739449863670584  0.3767341771086494  -0.7314000891006073  0.5684410870634644  3.5590180015107067  0.0  0.0  0.0  1.0
26875431820805;4.120916915159846;2.7091768007675947;0.1928241338760121  -0.17724065192004052  -0.9650930549444048  5.294480263158782  -0.9812316356370404  -0.033000547078061174  -0.18998800256228582  13.990729410172726  0.0018249986367234738  0.9836141088859528  -0.1802774366926386  3.0647443025860506  0.0  0.0  0.0  1.0
26875431820836;1.4675689642071519;0.3416291496298331;-0.9687365511416289  -0.04861345887357846  0.2432821943722344  10.891967708670713  0.21383626939203842  0.3335940725740257  0.918144348474668  6.32993961393591  -0.1257916705299611  0.9414625464455945  -0.31276945065888223  -8.954138986408116  0.0  0.0  0.0  1.0
26875431820867;3.4095493357026116;2.016170443564081;0.6921696179022595  0.43850363252629565  -0.5732501934707775  1.4562739298395813  -0.007404478847406304  -0.7899107620996147  -0.6131771046053535  9.664453212822382  -0.7216968849496572  0.42866718113292757  -0.5435053395078209  9.513421536423921  0.0  0.0  0.0  1.0
26875431820898;2.851643886467438;6.724328404733897;-0.27805344283555694  -0.9564045915356714  -0.08931147863953409  14.66647020348251  0.9563725803230975  -0.26696244224528975  -0.11866988681452445  -4.643643871310081  0.08965361416828152  -0.1184116198686468  0.9889089532139188  -7.755005113814504  0.0  0.0  0.0  1.0
26875431820929;4.31324373702403;1.8021727976289155;-0.5246165523491776  0.6991750887301925  0.4857279776792671  5.783212732198592  0.4641266653223728  -0.24341492829808042  0.8516663731875149  8.404055396800718  0.7136973529010721  0.6722375829874204  -0.19680630193475698  -3.1533838656219633  0.0  0.0  0.0  1.0
26875431820960;2.9706078354575314;5.885945060247145;-0.43720658635847987  -0.632058478796921  -0.6398065959535658  8.838490161647497  -0.8304692324378796  0.010660965164120573  0.556962474315649  7.160311065940429  -0.3452118984316819  0.7748473547755671  -0.5295661639290242  -3.1379371596207544  0.0  0.0  0.0  1.0
26875431820991;2.9933660743599426;4.142683757249892;-0.22393503993497946  -0.2845645520770756  0.9321352442593791  7.737500933317471  0.6860781087686157  -0.7253224308837258  -0.05660565276897317  6.803487366696792  0.692206563503842  0.6268415963846808  0.357658617237312  -4.302682230291719  0.0  0.0  0.0  1.0
26875431821022;1.656409031130035;1.358810544300799;-0.6561466255172943  -0.5531031421281731  -0.5133697692601396  11.668339307745772  0.024173159995936847  -0.6953463808235257  0.7182681038521997  8.87057072903333  -0.7542461562103432  0.458879422989924  0.46961943209193996  -0.4534642853368746  0.0  0.0  0.0  1.0
26875431821053;1.9984878364331908;1.9984878364331908;1.0  6.591949208711867e-17  2.7755575615628914e-17  -6.513934908940916e-16  6.418476861114186e-17  0.9999999999999998  1.3877787807814457e-17  2.1713602110579005e-15  2.7755575615628914e-17  3.469446951953614e-18  1.0  -1.4046280503105623e-16  0.0  0.0  0.0  1.0
26875431821084;2.6465098846802793;3.8217492096965113;-0.21602373533397518  0.8754119139401328  0.4324207750606227  3.7688742241139375  -0.8217363935391943  -0.402198413778728  0.40371491858373676  -2.295865781982346  0.5273357993779241  -0.2681238834672288  0.8062422327122886  4.355920997893984  0.0  0.0  0.0  1.0
26875431821115;1.5027097041887814;1.5027097041887814;1.0  1.1102230246251565e-16  1.5612511283791264e-17  -9.481415652601298e-16  5.551115123125783e-17  1.0000000000000002  -8.673617379884035e-18  -1.8446577598751903e-15  2.7755575615628914e-17  -1.3877787807814457e-17  1.0  -2.8883839764404225e-17  0.0  0.0  0.0  1.0
26875431821146;3.393986024931288;4.116104112992522;0.8234733879100807  -0.19601455234476672  -0.532418890229277  7.5628738676774585  0.42741435109371034  -0.4028029591281873  0.8093619391821673  -2.1153770838061074  -0.3731066226737831  -0.8940514925811918  -0.24791808471813134  -0.39338945986208984  0.0  0.0  0.0  1.0
26875431821177;4.551379335696718;4.058010715333344;-0.99534511105222  0.08847515231474087  -0.03821331348270046  -1.1219454136332048  -0.0907432282061198  -0.9939187622855228  0.062379167288019816  14.582422173954  -0.03246192291248001  0.06555639861751184  0.9973207017610366  -7.783518401101104  0.0  0.0  0.0  1.0
26875431821208;2.543233512385254;5.795949781450095;-0.027744435584257293  0.7561305959331712  0.6538323700979158  12.483388841209951  -0.3110129021759209  0.6150900813933416  -0.7245240965293308  -1.0195926333770482  -0.9500006426177942  -0.22345181508611384  0.2181010439234511  -0.7903843284617185  0.0  0.0  0.0  1.0
26875431821239;2.014421766667579;2.0144217666675797;1.0000000000000004  -5.551115123125783e-17  0.0  -2.7741056545767967e-15  2.7755575615628914e-17  1.0000000000000004  -1.6653345369377348e-16  -1.7029536412753411e-15  -1.0408340855860843e-17  -2.220446049250313e-16  1.0000000000000007  9.132844559238854e-16  0.0  0.0  0.0  1.0
26875431821270;2.8934216940175648;4.259913936741985;0.3494608569302426  0.11712954728348343  -0.929600870603479  0.2843146421580571  0.8375599290694506  0.4056564659649987  0.3659729455000233  -1.0332443195744747  0.4199648493514143  -0.9064896583932733  0.04365804090073108  4.98875466396743  0.0  0.0  0.0  1.0
26875431821301;2.825654895817324;1.3928063702451898;0.7401238067731248  0.6687754162244769  0.0704002365154862  1.2468382425884112  0.2370389004502454  -0.35742193206663436  0.9033615677850666  4.181644985935213  0.6293085970499666  -0.6519118077865532  -0.42306227029536786  -1.6297216935644117  0.0  0.0  0.0  1.0
26875431821332;1.854867411473609;5.324554569087434;-0.0790822915618854  -0.9152573923935623  -0.39503151371790435  7.552722152490334  -0.8901196550435182  -0.11357810430541582  0.4413468181913135  -2.2696874362689545  -0.44881286842795554  0.38652803247801487  -0.8057065776336609  4.420561289231091  0.0  0.0  0.0  1.0
26875431821363;4.467403769838114;4.25418107944027;0.0021159262566981148  0.25044835469878296  0.9681276488587388  14.151680428706607  -0.7255218897472003  0.6666488785120182  -0.17087205820824103  11.528359180970684  -0.6881958372104033  -0.7020362486420073  0.18311634345118027  5.49525629959818  0.0  0.0  0.0  1.0
26875431821394;5.784727726475907;5.784727726475909;1.0000000000000004  3.469446951953614e-18  0.0  -3.2433790896069237e-15  1.734723475976807e-17  1.0000000000000002  3.469446951953614e-18  -1.4112485485773263e-15  -2.220446049250313e-16  1.734723475976807e-17  1.0000000000000004  -2.4497398901091037e-15  0.0  0.0  0.0  1.0
26875431821425;1.4999174095934682;2.8629686555621667;-0.27985335336309164  0.21066137106812166  -0.9366450167225217  4.804659700466089  0.5029165927286312  0.8632201612433168  0.043884552877828914  4.6998131761058355  0.8177756424409185  -0.45877308112264203  -0.3475201557716924  4.505605555129856  0.0  0.0  0.0  1.0
26875431821456;2.5138223759986826;5.416529885977556;0.5705498065981944  0.1918433541090746  -0.798541824624699  -4.806668456860023  0.7760035461911334  -0.4442622144162922  0.4477159603372637  3.6862098541658628  -0.2688706277925289  -0.875115542272055  -0.40234484361594414  13.305574674329812  0.0  0.0  0.0  1.0
26875431821487;2.043897772459037;2.043897772459037;1.0  8.500145032286355e-17  -1.1102230246251565e-16  -2.2004802494035579e-16  1.249000902703301e-16  0.9999999999999998  3.122502256758253e-17  -3.081577148403985e-16  -8.326672684688674e-17  8.326672684688674e-17  0.9999999999999996  -2.266039786369411e-16  0.0  0.0  0.0  1.0
26875431821518;1.5491762003112224;3.2739687717534705;-0.3395751748701266  -0.025754463780867376  0.9402262537321973  10.570401935501588  0.14186491636985885  -0.9895918866685068  0.024129719087432416  13.965070602218915  0.9298188243498273  0.14157897243314588  0.3396944928159408  -8.775948684734464  0.0  0.0  0.0  1.0
26875431821549;1.5883996969544905;4.957537841092842;0.912965783104714  -0.2662307428689449  0.30921621954782164  -1.5280138409517094  -0.1582528557537371  0.46746967879438706  0.8697287698206032  2.7862071600510228  -0.37609774331386747  -0.8429669572167835  0.3846520460297771  10.928451343218542  0.0  0.0  0.0  1.0
26875431821580;4.425160905918537;2.692165621672026;0.8889082058684856  -0.26658524088069596  0.37252451044763635  -9.962979829871273  0.42911048804145935  0.19995302673165316  -0.8808421970782684  0.5911002248831498  0.16033212589025925  0.9428420315436896  0.2921344090689727  -3.820460129404041  0.0  0.0  0.0  1.0
26875431821611;3.353273937562721;4.389918421738864;0.9179827380474308  0.3454219600614959  0.19491373003002146  0.69366638203438  0.14468805892273845  0.1659156798305248  -0.975467761021114  0.45932021411470897  -0.36928723001494645  0.9236642553945937  0.10232929714524043  -2.812799397600295  0.0  0.0  0.0  1.0
26875431821642;1.3671223414634766;4.302930562799661;0.017619541429860663  0.9963944529417761  -0.08299184241032354  6.4620929756778  0.7114116524822804  0.04583097907649236  0.7012795320478995  5.379045018200414  0.7025546330871586  -0.07139758752050834  -0.7080391034568774  -0.5442176672632886  0.0  0.0  0.0  1.0
26875431821673;4.231146946497155;1.5282055584279852;0.3649488654345374  0.9158506166135925  -0.16742154480994154  -5.404064844603121  -0.6607618005430731  0.12810173544948267  -0.739583523557622  8.022317437376309  -0.6559010356457141  0.3805359292147513  0.651909685474565  4.1654726399978745  0.0  0.0  0.0  1.0
26875431821704;5.916097515817769;5.697009302435533;0.9105136159577292  0.4133373053951158  -0.01082714756  3.258941926353265  0.09319636512998619  -0.2306670431680728  -0.9685593181228793  3.4703195995017477  -0.40283916478185133  0.880877396216297  -0.24854701799268758  4.776780710734599  0.0  0.0  0.0  1.0
26875431821735;2.456523073906335;5.767937359005821;0.40495691455833743  0.8452959814895191  0.3485464115854028  7.261975888260837  0.8054210015345039  -0.1493464693874481  -0.5735788022309227  -1.6751149629297575  -0.43278968060542694  0.5130013019078739  -0.7412980214477025  -0.6116857710270089  0.0  0.0  0.0  1.0
26875431821766;3.6833967010897686;3.6833967010897686;0.9999999999999998  1.1102230246251565e-16  -2.7755575615628914e-17  4.822908782411984e-16  8.326672684688674e-17  1.0  5.551115123125783e-17  -2.189606568975266e-16  6.938893903907228e-17  5.551115123125783e-17  1.0  -1.164923734732481e-17  0.0  0.0  0.0  1.0
26875431821797;3.7834060321852396;5.123740604866696;0.8934085768797742  -0.4057572083067742  -0.19282687225786393  -9.640885288325338  0.33838957979092316  0.890128640782074  -0.3052269567852426  -7.757266692065451  0.29548875959430343  0.20744177681111137  0.9325525734171074  0.471805166697393  0.0  0.0  0.0  1.0
26875431821828;3.309200691813214;3.309200691813214;0.9999999999999999  7.806255641895632e-17  1.1102230246251565e-16  1.1356842549714586e-15  -1.0408340855860843e-17  0.9999999999999997  1.0755285551056204e-16  1.8417096840639414e-15  0.0  -2.7755575615628914e-17  1.0  8.532359931437417e-17  0.0  0.0  0.0  1.0
26875431821859;1.3587079118313974;2.722021658637866;-0.885711719772269  0.10817839367783144  -0.45145562860521915  8.420061653677976  -0.3171038000218849  0.5692701692452836  0.7585358623157692  1.2427017142155525  0.33905741323517713  0.8150023984926247  -0.46990548090178685  3.929634511544476  0.0  0.0  0.0  1.0
26875431821890;5.99180136419761;5.99180136419761;1.0000000000000009  3.0357660829594124e-16  1.3877787807814457e-16  -9.107814502584688e-15  1.3617579286417936e-16  1.0000000000000002  2.7755575615628914e-17  -1.1643795953461544e-15  9.020562075079397e-17  2.7755575615628914e-17  1.0  -9.649956289776995e-16  0.0  0.0  0.0  1.0
26875431821921;1.334025833505696;3.110729818758912;-0.6169766723125089  0.7251932317315399  -0.3056706765016034  -4.6694744271896305  -0.7839436020076457  -0.6004359574293396  0.15782613819386723  0.9445105933579105  -0.06908121809479476  0.33700361671156703  0.9389655731867181  -3.0559256232768273  0.0  0.0  0.0  1.0
26875431821952;1.5331962113685564;4.109268348695805;0.038784292208149995  0.36892634964238974  0.9286490872323376  7.342632682030847  0.48690937002979373  -0.8185290453858369  0.3048433486841069  0.6386979899468616  0.8725909947135038  0.44034480852996494  -0.21137976616886978  -6.280874551764075  0.0  0.0  0.0  1.0
26875431821983;5.104278779962253;1.6021822977724822;0.6489730455932672  -0.18782727292082735  -0.7372617592419444  4.216995191816905  -0.4870125452989432  0.6419337602916084  -0.5922329171190357  -2.113853277051526  0.5845107071858027  0.7433989258433201  0.3251234692238515  -10.001151897480133  0.0  0.0  0.0  1.0
26875431822014;4.051816939242429;4.051816939242429;1.0000000000000002  -1.6653345369377348e-16  3.3306690738754696e-16  2.184034810642777e-15  -3.3306690738754696e-16  0.9999999999999999  -2.220446049250313e-16  8.169751333775289e-16  2.5673907444456745e-16  -1.8041124150158794e-16  1.0  3.120103134190977e-16  0.0  0.0  0.0  1.0
26875431822045;4.351333545702148;2.3312902750436955;-0.967793542970957  -0.21051215382324018  0.13805901374565704  12.658691876969476  0.2515898297972694  -0.8280460691964224  0.501041180773532  -0.4253559910289234  0.00884396553044986  0.5196386632854173  0.8543403560014248  -5.749942949129817  0.0  0.0  0.0  1.0
26875431822076;1.1412009696094776;2.6000361115706934;0.5868102289568016  0.6487701859033737  0.4845110948931586  -4.018939995277091  -0.6790843323526315  0.7202119092251373  -0.141912914716956  -0.8515945482926991  -0.44101952875677264  -0.24574794341597944  0.8631973838943031  1.835441783201004  0.0  0.0  0.0  1.0
26875431822107;1.4325003679545003;1.4325003679545003;0.9999999999999997  -8.326672684688674e-17  2.7755575615628914e-16  3.6783779147619993e-16  -2.7755575615628914e-17  0.9999999999999997  8.326672684688674e-17  6.892979026104644e-17  1.1449174941446927e-16  0.0  0.9999999999999996  -7.269943775125609e-16  0.0  0.0  0.0  1.0
26875431822138;4.104686773760169;4.10468677376017;1.0000000000000007  4.163336342344337e-17  1.3877787807814457e-17  -4.855947786344856e-15  6.938893903907228e-17  1.0000000000000007  -2.220446049250313e-16  -2.6099199082300904e-15  0.0  -4.210770187390578e-17  1.0000000000000004  1.0533260461770278e-15  0.0  0.0  0.0  1.0
26875431822169;2.4370489578780687;5.121826662959377;-0.7601896575934932  -0.2289044033043458  0.6080414941727013  1.8956600012806333  -0.22226198748325635  0.9710364441739587  0.08768028858294563  1.3265514725161238  -0.610500854551312  -0.06849086241154523  -0.7890486096294969  3.3141259483826553  0.0  0.0  0.0  1.0
26875431822200;3.7431807365241796;3.7431807365241796;0.9999999999999999  -5.551115123125783e-17  -4.163336342344337e-17  1.4606354320489956e-15  0.0  0.9999999999999998  -2.7755575615628914e-17  1.7419454767519939e-15  0.0  4.163336342344337e-17  1.0  -2.4498753720125775e-16  0.0  0.0  0.0  1.0
26875431822231;2.9987588218906187;4.31726322253297;-0.8271702000903118  0.5612107449408714  0.0288437141413046  4.0102083052296855  -0.48620172812129503  -0.7404631541025469  0.46402822865465265  5.439332814270535  0.2817753354259732  0.36980645908288345  0.8853506893689981  7.97284446843857  0.0  0.0  0.0  1.0
26875431822262;1.4232017099761387;1.4232017099761387;1.0000000000000007  5.551115123125783e-17  1.1102230246251565e-16  -3.3780221675439037e-15  -5.551115123125783e-17  1.0000000000000004  -1.3877787807814457e-17  -2.5541395387573826e-15  2.220446049250313e-16  -8.326672684688674e-17  1.0000000000000007  -3.456030253645714e-15  0.0  0.0  0.0  1.0
26875431822293;1.6014741833671042;1.6014741833671042;1.0000000000000002  1.1102230246251565e-16  -8.326672684688674e-17  -1.9881103707763967e-15  1.6653345369377348e-16  1.0  0.0  -6.794825119227354e-16  -5.551115123125783e-17  -5.551115123125783e-17  1.0  7.524222998128716e-16  0.0  0.0  0.0  1.0
26875431822324;2.782792515369427;5.408012722599623;0.08723377495694212  0.5963114840822241  0.7979992997856682  10.448951224857634  0.8625794481534586  -0.44594192955967143  0.23894035047239875  -7.116047568730305  0.498344222531011  0.6674941268747252  -0.5532672287942878  1.1602342930101497  0.0  0.0  0.0  1.0
26875431822355;3.517315059062168;3.517315059062168;1.0000000000000002  1.3877787807814457e-16  -8.326672684688674e-17  5.045019523669536e-16  -2.7755575615628914e-17  1.0000000000000007  0.0  -1.2992936885896851e-15  -1.1102230246251565e-16  2.0816681711721685e-17  1.0000000000000002  2.039224691885444e-16  0.0  0.0  0.0  1.0
26875431822386;2.6396216123483303;2.278790792155476;-0.06128475485344309  0.5448277417328753  0.8363055127528505  -3.4458456852815735  0.223916555821194  0.8240286867533142  -0.5204210789704642  3.1085020863914052  -0.9726795746039525  0.15536877178462655  -0.172496347504546  3.5318823148358036  0.0  0.0  0.0  1.0
26875431822417;3.186775984733459;3.186775984733459;1.0000000000000002  -1.1102230246251565e-16  -2.7755575615628914e-17  6.878180750652386e-16  -1.3877787807814457e-16  1.0000000000000007  1.6653345369377348e-16  -1.0518697024508583e-14  -8.326672684688674e-17  1.5959455978986625e-16  1.0  -2.1833201913068476e-15  0.0  0.0  0.0  1.0
26875431822448;3.9599817839126596;5.674028001355266;0.94112486802165  0.26029843212544307  0.21570514371305333  -0.009715069674107514  -0.30588205313878597  0.3839844780755373  0.8712015209838986  -11.256853257138337  0.14394496295054443  -0.8858897486877774  0.4409979600985394  -7.923367969828489  0.0  0.0  0.0  1.0
26875431822479;2.9073535472467738;2.9073535472467738;1.0000000000000004  2.220446049250313e-16  -8.326672684688674e-17  -1.7777203483154005e-15  2.220446049250313e-16  1.0  1.1102230246251565e-16  -9.559756523717931e-16  -3.5561831257524545e-17  5.984795992119984e-17  1.0000000000000002  -1.0032290102823804e-15  0.0  0.0  0.0  1.0
26875431822510;3.7711636163769215;2.8298767829039497;0.9704573643547754  -0.030734630288822062  0.23930709657382232  0.5868151559613471  0.08402230402824964  0.9728172877412847  -0.2157933666669924  3.7779273710825243  -0.22616975128289732  0.22952539548533657  0.9466600955104907  -0.23140763013922455  0.0  0.0  0.0  1.0
26875431822541;2.7225886157360173;2.7225886157360173;1.0000000000000004  5.551115123125783e-17  -1.3877787807814457e-16  -7.242291618844709e-16  -6.938893903907228e-17  1.0000000000000002  -1.6653345369377348e-16  1.6614979791301778e-15  -5.551115123125783e-17  -1.1102230246251565e-16  1.0000000000000004  -3.0027312233893432e-15  0.0  0.0  0.0  1.0
26875431822572;6.3174187801669905;5.789325711772301;0.31205800541266804  -0.10836367518566667  -0.9438628688311264  14.372659537457842  -0.8360959264166681  0.4404721090827375  -0.32699835312988823  -3.0741799758104436  0.45118001184374446  0.8912023535765943  0.04685042040599607  -5.360586183605214  0.0  0.0  0.0  1.0
26875431822603;4.291318477345014;5.4107359056848034;-0.3640130440699404  0.49835794098400776  0.7868505997996802  11.733454076367693  -0.9027294592854229  -0.3967520756551842  -0.16633494461943574  -3.110001007992344  0.2292902681868189  -0.7708613060217018  0.5943053253954007  -9.484547669285528  0.0  0.0  0.0  1.0
26875431822634;2.1517287473981175;2.1517287473981175;0.9999999999999996  8.673617379884035e-18  -1.6653345369377348e-16  6.519217457534588e-16  1.0408340855860843e-17  0.9999999999999994  -2.0816681711721685e-17  2.048418661255991e-15  -2.248635305734936e-16  -1.9081958235744878e-17  1.0000000000000004  3.7330893584708317e-16  0.0  0.0  0.0  1.0
26875431822665;1.5906219386342715;4.779458575935336;0.023011463017024864  0.8456343896384023  -0.5332663046084029  1.447748472680945  -0.6875676662415061  -0.3738393850993572  -0.6224908179947259  2.5729004692915893  -0.7257555903394921  0.3809810929815549  0.5728282725927155  12.796950070570018  0.0  0.0  0.0  1.0
26875431822696;2.534146944068928;2.534146944068928;1.0000000000000004  1.249000902703301e-16  -1.3877787807814457e-17  4.663817075589716e-16  1.249000902703301e-16  1.0000000000000002  -5.551115123125783e-17  8.580108845634983e-16  5.551115123125783e-17  -6.245004513516506e-17  1.0000000000000004  -1.0689816761812186e-15  0.0  0.0  0.0  1.0
26875431822727;3.2280913866871095;6.9122366429006865;-0.6220400560018416  0.5648043920560523  0.5422749924562423  6.256473488775429  -0.3511124300982139  -0.8202480833104293  0.45156742935700317  -10.703401217228793  0.6998472905997073  0.09049353866303625  0.7085370063027683  1.69769878808412  0.0  0.0  0.0  1.0
26875431822758;5.123607463454776;5.123607463454776;0.9999999999999993  1.1102230246251565e-16  0.0  -2.6511039023791036e-15  2.220446049250313e-16  0.9999999999999997  5.551115123125783e-17  3.1574104442100296e-15  0.0  0.0  1.0  0.0  0.0  0.0  0.0  1.0
26875431822789;3.4449919855173357;4.4030629790258535;-0.36600725652691435  0.8627790619075457  0.3487850032664502  -0.9954576365845974  0.35963028722733714  -0.21454254887300866  0.908095562830177  0.8522880830879601  0.8583150614304894  0.45780321652103834  -0.23175735212624213  2.3660282399304555  0.0  0.0  0.0  1.0
26875431822820;3.2885712155089486;5.740453131862237;0.2512578016317235  -0.8727035428737842  -0.41863832048050487  5.585972907913471  0.0895795837751608  -0.4096909564699139  0.9078154098479692  -4.807107968959776  -0.963766058382356  -0.26559715066677847  -0.024761628941286806  -4.529008459553358  0.0  0.0  0.0  1.0
26875431822851;5.9287144767363475;4.326437277425357;-0.49415888325602686  -0.6572153228079527  -0.5691001823629973  -4.055903462285018  0.5688665026746993  -0.739456717053447  0.35999259122820393  -3.0938515650908953  -0.6574175995771745  -0.1458484935505996  0.739276887705282  0.052351009504235546  0.0  0.0  0.0  1.0
26875431822882;5.41078833518639;5.41078833518639;1.0000000000000002  1.3877787807814457e-17  8.326672684688674e-17  -2.9288900406550245e-16  -1.3877787807814457e-17  1.0  1.214306433183765e-16  5.309014295892812e-16  0.0  1.1102230246251565e-16  1.0  9.78917429972706e-16  0.0  0.0  0.0  1.0
26875431822913;4.777035883166865;4.777035883166865;1.0  2.498001805406602e-16  -5.551115123125783e-17  -2.8550506143282244e-16  2.220446049250313e-16  1.0000000000000007  1.6653345369377348e-16  -2.16334953423436e-15  -8.326672684688674e-17  1.6653345369377348e-16  1.0  -5.021694865492421e-16  0.0  0.0  0.0  1.0
26875431822944;2.976285503595206;2.5471683579840114;0.13823777707673301  -0.9863519680153382  -0.08944334620950632  17.967696761648558  -0.9749173796522175  -0.15142652889186928  0.163113792181453  13.152209387760037  -0.1744317053775998  0.06465138467217779  -0.9825445428167783  -1.5382862777615576  0.0  0.0  0.0  1.0
26875431822975;3.393796302193077;5.101344921985032;0.761000747244039  -0.39203949760309686  0.5168973737727109  7.316142069310194  0.012408675948709535  -0.7878159888008328  -0.615785670952942  -10.181825963848821  0.6486323206988793  0.4750273677472453  -0.5946638650833838  4.2884476361696695  0.0  0.0  0.0  1.0
26875431823006;5.039958847236191;5.039958847236191;1.0  0.0  0.0  0.0  -8.326672684688674e-17  1.0000000000000004  1.3877787807814457e-17  3.502366452412531e-15  2.0816681711721685e-17  2.7755575615628914e-17  1.0000000000000002  -9.031955305188744e-16  0.0  0.0  0.0  1.0
26875431823037;5.369728603719778;5.369728603719778;1.0000000000000002  0.0  2.7755575615628914e-17  -9.839013067822198e-16  -1.6653345369377348e-16  0.9999999999999998  0.0  7.203735438027215e-16  -2.7755575615628914e-17  1.1102230246251565e-16  0.9999999999999999  1.2813246991205674e-15  0.0  0.0  0.0  1.0
26875431823068;4.204830814786546;4.204830814786546;1.0000000000000002  5.898059818321144e-17  -1.5092094240998222e-16  8.728259217813395e-16  -1.734723475976807e-17  1.0000000000000002  0.0  -2.4349953477165173e-16  -1.1102230246251565e-16  -1.6653345369377348e-16  1.0000000000000004  -4.041914025698645e-15  0.0  0.0  0.0  1.0
26875431823099;2.356510122240444;2.3565101222404436;0.9999999999999999  5.551115123125783e-17  -3.3306690738754696e-16  1.4837020501090597e-16  5.551115123125783e-17  1.0000000000000002  5.551115123125783e-17  -1.6902354516012962e-15  -3.3306690738754696e-16  3.0531133177191805e-16  1.0000000000000004  7.474140379412458e-16  0.0  0.0  0.0  1.0
