# registration_from_features.py FastGlobal FastGlobal_config.json euclidean True --use_random_keypoints=True --n_keypoints=5000 --use_status_txt --input_txt=/benchmark/point_clouds_registration_benchmark//eth/gazebo_summer_global.txt --input_pcd_dir=/benchmark/point_clouds_registration_benchmark//eth/gazebo_summer/ --input_features_dir=/benchmark/experiments/FCGF/KITTI/features/eth/gazebo_summer/ --output_dir=/benchmark/experiments/FCGF/KITTI/results/FastGlobal/
id;initial_error;final_error;transformation;status_code
36535719080030;2.8719654907800902;4.565941590665508;0.49610503536743794  0.8678370316724486  0.027178674379518594  -10.398035288820859  -0.8135344241088853  0.4755443890864336  -0.3346928066126238  14.320547837639138  -0.3033834779168081  0.1439319994523977  0.9419352657485207  4.380485884602507  0.0  0.0  0.0  1.0;ok
36535719080061;2.8185456084080336;1.6547103666231788;-0.2640388132714208  0.43996817641487496  -0.8583190017868592  0.4527754588117206  -0.6590085165883249  0.5674927655333883  0.49361901921555096  1.637307983141667  0.704266483761847  0.6959741121690053  0.14010265893368468  -1.403309338527651  0.0  0.0  0.0  1.0;ok
36535719080092;1.9001870719663094;2.0698353405313887;0.8515988130053765  0.3315480918335428  0.40602379793476556  -6.387502954501441  -0.2269713028276693  0.9314152669279006  -0.2845164814669525  -3.9847153396455663  -0.47250766065805283  0.1501381475014307  0.8684440380843723  -6.269571978050849  0.0  0.0  0.0  1.0;ok
36535719080123;2.152334886682317;1.2777267817022555;0.9557378648522851  0.2647288494456208  -0.1283891348938598  4.386773676740182  -0.26627949062608525  0.963881571927813  0.005248635049328763  -0.2628892843165408  0.12514138627771443  0.029171074186026463  0.9917099787091601  -2.4523785026329774  0.0  0.0  0.0  1.0;ok
36535719080154;3.7084111945439853;1.3424598831007553;0.9263492040505009  -0.06876324920698498  -0.370336020005482  6.399500469826964  0.31908220362084927  -0.37920840527065997  0.8685548530199733  3.606163270600232  -0.20015918536871083  -0.9227527301127749  -0.32933827530664145  6.921314260267289  0.0  0.0  0.0  1.0;ok
36535719080185;2.3222284832250804;3.4502601136760025;0.9351670987697394  0.24819675137709157  -0.2527070833681656  4.084558805135176  -0.29766816946680447  0.937371739298507  -0.18090849413660198  5.201772906065653  0.1919795777286452  0.2444025265220262  0.950479482558557  1.1889476380022077  0.0  0.0  0.0  1.0;ok
36535719080216;4.7404660091141455;5.145584461769763;0.9566898910016669  -0.17950522409342923  0.22917750103007486  -6.414068046922058  0.24632313172876424  0.9187217788008981  -0.30866682350432273  7.139183203905465  -0.15514305408414494  0.35175014950968087  0.9231481273822537  -6.456795679700574  0.0  0.0  0.0  1.0;ok
36535719080247;2.9917173628249674;1.896567143414095;0.6083848129446909  0.7309896293409106  0.30906646724335685  0.39487163228237493  -0.7640799618528739  0.6447814005276736  -0.020946537386379502  3.1159571470085208  -0.21459201120535723  -0.22340793927165567  0.9508097398518959  -2.047302889848349  0.0  0.0  0.0  1.0;ok
36535719080278;1.8936058971638152;3.560466851595753;0.9746424668251864  -0.2134629758091139  0.0671239139177085  -3.2439112228777267  0.21686592394807397  0.9750083959558783  -0.04824726775366338  5.135321245711251  -0.05514737428983003  0.061580725671780405  0.9965774336872555  -7.874154030369857  0.0  0.0  0.0  1.0;ok
36535719080309;2.0474131250721026;2.5888328477240434;-0.6370287007285939  -0.698659771545804  -0.3256822962207278  7.1103850383875935  0.3325597416307342  -0.6302560896130649  0.7015563268563315  -2.1306418966550535  -0.6954124335202385  0.33860269510034424  0.6338373310055546  1.7819278569204509  0.0  0.0  0.0  1.0;ok
36535719080340;2.643359974182583;3.2449782952116064;0.8082321151934817  0.5622082545978571  0.17516485501351106  0.2890387897111949  -0.5458307720585215  0.603631368124144  0.5811178363211473  -3.510484804775524  0.2209742433947219  -0.5652884660760431  0.7947448231209329  0.4344928593631589  0.0  0.0  0.0  1.0;ok
36535719080371;4.184735305781556;2.564556290285545;0.9283320878575885  -0.3599484761688232  0.09293346629557732  -2.1058253372336724  -0.36263131850744357  -0.9318389587788342  0.013216721966169768  4.1158389174570935  0.08184168553690883  -0.045970092513719765  -0.9955845966580414  7.964609146675221  0.0  0.0  0.0  1.0;ok
36535719080402;2.5739270336253104;3.03133155451266;-0.9432263659201807  -0.15557242475115018  -0.2934642112593232  5.649630518797385  0.05336031894839857  0.8010780588833467  -0.5961766683940376  4.3055077068276  0.32783639058947456  -0.577988896288446  -0.7472965520946352  3.454148044235759  0.0  0.0  0.0  1.0;ok
36535719080433;2.734748311517099;1.8031767648831285;0.9479406836303128  -0.3184429474885348  0.00159671954648142  -0.5794295608804408  0.3052936652815079  0.9073488863879909  -0.2889875019952524  -1.0984593420499065  0.09057725022034238  0.2744304785647674  0.9573315382756546  -1.545103939297893  0.0  0.0  0.0  1.0;ok
36535719080464;3.7323423107611307;0.4164202434964924;0.32931465193917736  0.8925859815916636  0.30796448737512855  -0.19686154427701588  -0.9440859601187022  0.31676235829983684  0.09145112503994353  1.7861699571750576  -0.015923565082105975  -0.32086114415798805  0.9469923791904044  9.572431949161077  0.0  0.0  0.0  1.0;ok
36535719080495;4.095283908390811;2.150667882122576;-0.15671675632844626  -0.6361934861428186  0.7554453696167168  3.014566537294309  -0.7448302093032498  -0.4261794633632432  -0.5134189559382234  8.806289988252875  0.6485890976536438  -0.6431398861809655  -0.4070666643290333  -0.6553725623252672  0.0  0.0  0.0  1.0;ok
36535719080526;2.3278553928468253;2.4987667986132287;0.6340004985725379  -0.7147369805030677  0.29528700701373567  -3.198183214678645  0.6732331741300265  0.3222287338741658  -0.6655266608609033  4.422814162345567  0.38052655762848286  0.62074124381034  0.6854778239828094  -3.1067945884413244  0.0  0.0  0.0  1.0;ok
36535719080557;2.2194490343578286;3.423149252093667;0.7038562102487989  0.5833213115772174  -0.40536734297922006  -2.472191501794244  -0.26841409642054054  0.7467602789309311  0.6085252325530492  1.8654107919776752  0.6576779668933295  -0.3195079549413956  0.6821835226625051  2.777299839823388  0.0  0.0  0.0  1.0;ok
36535719080588;3.796227498088121;1.5750411923471492;0.4647973481902648  0.8457773704235948  0.2619619529524176  -2.477973197754706  -0.882397388178528  0.4668885859784946  0.058222827299214984  -4.627353551555268  -0.07306349602236194  -0.25821635882017435  0.9633203193053922  6.032487114593959  0.0  0.0  0.0  1.0;ok
36535719080619;2.4973131938563013;3.874189870285852;0.8753851779259887  -0.38675963023476034  -0.2900306512907839  -8.221378087451193  -0.11768940530554517  0.4114008066482528  -0.9038244188823377  -0.8839740175430675  0.4688816419378256  0.8253280346079608  0.3146166574481551  -0.21744129214274607  0.0  0.0  0.0  1.0;ok
36535719080650;2.045757500568744;2.0647981129581447;0.9288337935254579  0.2175386701286654  0.2999078375163924  -2.674281915686037  -0.008737136164373254  0.8221110105119124  -0.5692601767616693  1.4012071600448108  -0.37039363717098645  0.5261277538713709  0.7655051535747579  4.177119512333624  0.0  0.0  0.0  1.0;ok
36535719080681;3.422151150058385;5.380261896928286;0.999063671597017  -0.03779067906836683  0.021062874225503687  -8.759876195304773  0.03460856449320307  0.9902293916640658  0.13508515517382003  18.093128113434755  -0.02596203687709104  -0.1342297152651638  0.9906100929129619  -1.8960507754977323  0.0  0.0  0.0  1.0;ok
36535719080712;2.329822326641319;5.792060840880363;0.5753909314962826  -0.03443657143478621  0.8171532282868715  -6.528396063790619  -0.1988138400060246  0.9632557008624107  0.18058657695999192  -4.206034465337198  -0.7933462881830987  -0.2663692499217673  0.5474021279847355  4.529434062039063  0.0  0.0  0.0  1.0;ok
36535719080743;1.5817497009913515;5.442350767725413;0.2190170627704987  -0.2877086679519688  -0.9323385911784883  6.987400420885519  0.9391385351040711  -0.19703574929600487  0.2814173508899893  5.240402278446216  -0.2646702440735643  -0.93723030034494  0.2270441058855604  6.73865864921383  0.0  0.0  0.0  1.0;ok
36535719080774;4.455523395855616;1.2502587531565974;-0.6911629125740237  0.721858398130569  0.034846539721527216  6.24385609973347  -0.7013332897118393  -0.6815869898988941  0.20873617784785897  0.4338554752323919  0.17442891109034092  0.11983166630292227  0.977350974178111  -7.647743515773427  0.0  0.0  0.0  1.0;ok
36535719080805;2.6623006804379994;1.759112387744114;0.21520790555599006  0.935770107587731  -0.2793203593214237  -1.7118986292901137  -0.9565604251382431  0.25959289725270657  0.1326788632574427  0.6760592545685842  0.19666649548295026  0.23863326138908425  0.9509870956607466  7.804708807821387  0.0  0.0  0.0  1.0;ok
36535719080836;2.3641851278479833;1.0462344915114277;0.496325662610062  -0.32741812271395865  -0.8040262492936107  5.31369975918629  -0.8227098832169333  0.11827130757138297  -0.5560218933302314  2.79749100815315  0.27714488032771584  0.9374482762925217  -0.21066904040298276  4.295376343129019  0.0  0.0  0.0  1.0;ok
36535719080867;2.3245937370798613;0.671368267439959;0.5666149308589293  0.42661980884739453  -0.704941883297299  4.06595888423072  0.8176820177285837  -0.18552597410473406  0.5449552557924379  -6.973068028709934  0.10170367747059521  -0.885198086097966  -0.45396113309121017  -1.5301917820092816  0.0  0.0  0.0  1.0;ok
36535719080898;1.1108467191895781;4.596404909072147;-0.07938387922430655  0.02495224693185276  -0.9965317782651751  -3.60666234799165  -0.7163886268925711  0.6937192226616677  0.07443772812671369  6.918295889285069  0.693170639149032  0.719813187905544  -0.037194617069959225  1.8344985682244879  0.0  0.0  0.0  1.0;ok
36535719080929;3.0133446968971027;4.638704446497613;0.9084655217425363  -0.28014234623055334  0.31017843518449467  -4.389821613597709  0.37688578228298075  0.8698948021434629  -0.3181825581591968  -4.883876785403731  -0.1806862001316283  0.4059597258992885  0.8958511026000735  1.0102999256888223  0.0  0.0  0.0  1.0;ok
36535719080960;4.172447019856412;0.3911443309501581;-0.12274989165814819  0.9921034367390791  -0.02575334751875893  -0.9364070191131169  -0.5242109454255018  -0.04278109902535979  0.8505131758310875  -8.250686782409725  0.8426952882234569  0.11790058683777367  0.5253228558032622  -4.493759883578003  0.0  0.0  0.0  1.0;ok
36535719080991;2.0023267432930947;1.3428296778436086;0.32188935346457487  0.8643357458642706  -0.38640776719342795  2.970799769474426  -0.6857367905361264  -0.0685666770744174  -0.7246127689326114  -4.570571313959396  -0.652803414690342  0.4982191578173461  0.5706359369619166  1.7289360463968761  0.0  0.0  0.0  1.0;ok
36535719081022;5.2049478600741095;0.7767255499116646;-0.2942918393917868  0.28896505454425614  0.9109838146309917  -3.055835203924922  0.45875451802623624  0.8789140285069545  -0.13059258280695168  4.061411870120798  -0.8384131472358449  0.3794856094055615  -0.3912212504404327  5.784412812498234  0.0  0.0  0.0  1.0;ok
36535719081053;2.759339837400279;4.560525208912172;0.5365170290493325  0.38153113142041706  -0.7527173927159746  0.8730777576592903  -0.6572894292411605  0.7483426179746329  -0.08918482119005809  10.138759108748461  0.5292637185259407  0.5426023607393629  0.6522749377158099  -2.656455704850504  0.0  0.0  0.0  1.0;ok
36535719081084;2.627616704218367;1.385104194635817;0.6910317881858652  -0.5033135580268338  -0.5187971954656414  2.415903846122327  0.7227653608126915  0.47196578608021633  0.5048351512909766  -0.37642452573874835  -0.009235850039123892  -0.7238257795050216  0.6899209664867435  0.04730199149897257  0.0  0.0  0.0  1.0;ok
36535719081115;3.3642234081663633;5.006140081527166;0.15061937581113932  0.3019659366321093  -0.9413449828538721  -0.5061334487983699  0.5373341983438535  -0.8242768165856349  -0.1784367925334329  9.394252553701154  -0.829810678962637  -0.478940813413666  -0.28640868409708675  1.451335210992675  0.0  0.0  0.0  1.0;ok
36535719081146;2.4293434851076756;1.5374123030909554;0.5393645805570522  -0.8359939314174617  0.10099502895535838  1.974816328573351  0.7986303228561775  0.545871743929681  0.25340411716033145  -1.619721648799751  -0.26697463672632643  -0.056019512782125136  0.9620739875563104  -1.6825019773353178  0.0  0.0  0.0  1.0;ok
36535719081177;3.5423989428844522;2.0591240674083098;-0.9509318542697902  0.11810777613262302  0.2859705609884064  6.259596819523361  -0.02119519577465558  0.8972351182824627  -0.44104410912824704  -2.2343067483132293  -0.3086735690192668  -0.4254640945340295  -0.8507061373066758  -1.8311159561468273  0.0  0.0  0.0  1.0;ok
36535719081208;2.4968567701157345;2.442207805354427;-0.016033352482546715  0.9049471406166031  -0.42522182951725923  6.600427980628727  -0.7068122097159821  0.29054448647668935  0.6449809311711527  10.98055213206241  0.7072195075113389  0.31089318755455553  0.6349692859718397  -0.9346925790375693  0.0  0.0  0.0  1.0;ok
36535719081239;2.6254413723760552;0.43884413146183454;0.10419970584556038  0.9879281537300226  -0.11463151560232965  7.282208847845332  -0.5533727136822099  -0.03817972521872591  -0.8320582601802639  3.9192243877618793  -0.826390380542807  0.15013417881951788  0.5427141672155823  9.19790834986025  0.0  0.0  0.0  1.0;ok
36535719081270;4.852975213123584;3.4241444335846256;0.6193262076636368  -0.7207579613332393  -0.3113567241537128  -1.6027873292779045  -0.5094238531448233  -0.06713605399046084  -0.8578928185395133  0.555701453097919  0.5974298170898885  0.6899280480088801  -0.4087504155625999  10.258863609571295  0.0  0.0  0.0  1.0;ok
36535719081301;1.4134837583742463;0.20980228247751959;0.9015913703070628  0.3950359059621154  -0.17629416890107816  1.2442924358630811  -0.42222639387676847  0.7149375476862294  -0.5573052800954067  3.94386633092469  -0.09411627543444118  0.5768976823571836  0.8113761093286255  -1.808063621132328  0.0  0.0  0.0  1.0;ok
36535719081332;2.6207414559357245;3.0144564559910094;0.18771460022035666  -0.599143975288287  0.7783249486813737  1.2735338467262107  -0.17706796970144797  -0.8000706862675907  -0.5731787078050921  2.2375157044885734  0.9661315453756382  -0.030222406440541385  -0.256274156283898  -1.5347479065738674  0.0  0.0  0.0  1.0;ok
36535719081363;4.7790429741920475;1.245005692283398;0.9922491368056714  0.06649523286843555  -0.10497635216645006  9.62301374981072  0.11211928812496273  -0.8433258256459605  0.5255766519061807  -4.600726602346192  -0.053580927005358076  -0.5332728530539808  -0.8442447207160471  4.803862614912933  0.0  0.0  0.0  1.0;ok
36535719081394;1.4663573651430153;4.356565477049903;-0.4247378768605891  -0.279794479585197  -0.8609952294604235  -0.878665457678337  -0.8520686031996321  0.44490183054878646  0.27575615426635014  -1.3597739096001265  0.30590330400534627  0.8507510860222199  -0.42737075032180777  5.858552472459708  0.0  0.0  0.0  1.0;ok
36535719081425;2.332117443040167;1.106774479944878;0.7033924624546792  -0.6100899229729135  -0.3647318599311605  -4.23908539744258  -0.2587339417067673  0.2581660638947395  -0.930809879009658  -4.226910622270681  0.6620391160428668  0.7490931646597769  0.023741092838792523  3.4418131222895902  0.0  0.0  0.0  1.0;ok
36535719081456;3.9542146055036578;0.424288093096693;0.9081631661541797  -0.375008951970938  -0.18603211976020181  1.5921309305450468  0.1879594172413358  0.7623725413944965  -0.6192409592379944  9.633829464048725  0.37404668306391003  0.527405341335632  0.7628451250545761  -2.18303690780917  0.0  0.0  0.0  1.0;ok
36535719081487;3.3533169379046845;1.0309368848243115;0.5612871765127931  -0.825821733354568  -0.054545120785936915  2.9010497746299966  0.8271878001930284  0.561906011454049  0.004688017024359269  -3.9959414726018347  0.026777764920053387  -0.047750382313228715  0.9985003015997687  6.69876023374181  0.0  0.0  0.0  1.0;ok
36535719081518;3.0920879439740774;0.5035165686203996;-0.3049222897305486  -0.8917935810456197  0.3342553006779511  1.041759211072854  0.9196267180039439  -0.36695442298833514  -0.1401112093395567  -6.9492252276658215  0.2476067381126261  0.26466707436915277  0.9320097869583247  4.314683166419108  0.0  0.0  0.0  1.0;ok
36535719081549;1.5294161413651834;3.4826648964225395;0.8138882944625725  -0.01587164202734934  -0.580804558449881  0.48086916679758324  -0.3630087972003706  0.7666213076535993  -0.529637974286802  6.540325344057975  0.45366337442199034  0.6419033117462777  0.6181825629029113  0.33333802261782075  0.0  0.0  0.0  1.0;ok
36535719081580;3.0692450464075005;0.18853484807773796;-0.05904774307066498  -0.9982520580665605  0.0024884943518047706  -3.663586494920488  0.726568601112757  -0.04468655498338664  -0.6856392489354517  0.972842805978493  0.684551993580702  -0.038677388350236354  0.7279372416047226  2.4762799843699477  0.0  0.0  0.0  1.0;ok
36535719081611;4.067373545893354;0.36941236064966904;-0.21533651165679799  -0.8987873941102937  0.3818525984406919  3.1341895296365796  0.943313254524749  -0.292580931074535  -0.15670514544674266  2.980707030836527  0.25256739810476175  0.32646227800464833  0.910841418938887  6.329765439594399  0.0  0.0  0.0  1.0;ok
36535719081642;1.8617882493278746;1.413885844327139;-0.6665807232717685  -0.7382865764767814  0.1029712113004417  7.226866315361599  -0.08633982110389407  0.2136730293245109  0.9730823561400322  1.2937260708409664  -0.7404158119963631  0.6397474247962877  -0.20617385336721405  -0.21435933224180662  0.0  0.0  0.0  1.0;ok
36535719081673;1.5998785025075408;2.563208654947066;0.9169454223819464  0.36187588576228064  0.16809799426690927  -4.535304405594052  -0.39878622379334805  0.8453223617227578  0.3555272879598685  -0.06922035989451004  -0.01344024127142403  -0.39303428358760617  0.919425587983793  0.5111659708608123  0.0  0.0  0.0  1.0;ok
36535719081704;1.9756325052656099;2.5531485803640304;0.6805658430612049  -0.7284093291637471  -0.07905683048042579  -1.9892499106345203  -0.3291607367945769  -0.40035857089750787  0.8551995229545896  -4.517653860529179  -0.6545863904873395  -0.5559971797555495  -0.5122341198052245  6.958938390518499  0.0  0.0  0.0  1.0;ok
36535719081735;3.6039393451346733;3.7017157057403893;0.5863886448585172  0.7468108283646849  -0.31372271804612045  -11.280320599791443  -0.7030753415204609  0.2768973006134958  -0.6549908007436785  9.54505622802635  -0.40228524870653487  0.6046498751758845  0.6874337110754092  6.190997740501419  0.0  0.0  0.0  1.0;ok
36535719081766;4.290345428514503;1.4295910282854154;0.7439134877585768  0.5128872704417967  0.4284149513609825  8.055177966202828  -0.09017476965581446  0.7122520924740176  -0.6961073679281825  -5.4494427415790705  -0.6621640534251243  0.47921144037381447  0.5761034297471798  -1.9553308697202374  0.0  0.0  0.0  1.0;ok
36535719081797;3.80649089162507;2.820017169636807;0.9323009170338747  0.33126294323980543  -0.1451890579000293  8.57910302928692  0.021582471407400723  -0.4516636471893787  -0.8919272093257039  -11.306118085470915  -0.36103905194001595  0.8284110164910229  -0.428235905466327  6.800828487061568  0.0  0.0  0.0  1.0;ok
36535719081828;1.9802991795936433;0.34813315612562906;0.19531950837085052  -0.9794778444902513  0.0497337089156134  -3.2652268712611057  0.971625841916545  0.2001527015350644  0.1260242809468861  -2.048112342735176  -0.1333923272521081  0.02370755619942957  0.9907797125543688  1.7821576812026023  0.0  0.0  0.0  1.0;ok
36535719081859;4.6068693402346454;1.8236149462692666;0.5425205918179019  0.8341210148646104  0.09956676159635601  6.426905420283614  -0.8285196143235137  0.5508713052318536  -0.10047912098226715  0.7518841079551914  -0.13866021828472602  -0.027981022736611773  0.9899446480646512  -4.04324127362669  0.0  0.0  0.0  1.0;ok
36535719081890;4.508629332811153;1.5188438778475815;0.04466308723491813  -0.3194916611849337  -0.9465359407185425  3.613183737559785  -0.5134316600329576  0.8054307135104606  -0.29609001369487453  2.412346713086795  0.8569674084318767  0.49920581343502013  -0.12806411174966773  -13.912038092545345  0.0  0.0  0.0  1.0;ok
36535719081921;2.2999981710951882;6.775372303149002;0.6019026438075471  0.5205689637857566  -0.6055750666271761  -6.204444214131256  0.18918172872948807  0.6437863413180056  0.7414508886280329  -9.35734592067994  0.77583727732844  -0.560844988098672  0.28901456439458706  -0.8999477204905163  0.0  0.0  0.0  1.0;ok
36535719081952;1.2152378562390587;1.9079900848389553;0.9736436590148954  -0.18915260228411165  0.12743358391427098  4.334714968870437  0.1546529711005895  0.9582054390841803  0.24067570512881498  4.05029515112944  -0.1676319891603231  -0.2146243918072705  0.9622036617325421  0.7726018835205819  0.0  0.0  0.0  1.0;ok
36535719081983;1.4321260052918148;4.492704383261238;0.716426102904411  0.34101902422864505  0.6086375474708594  4.001415525589773  0.21589906146087906  0.7212008767469397  -0.6582225236496817  4.867362413078795  -0.6634163355974216  0.6029720727310576  0.4430614462677852  -0.9320924740719873  0.0  0.0  0.0  1.0;ok
36535719082014;2.1446172376713286;1.6682288822901619;-0.40289621994591335  -0.6439583190845986  0.6503785968457391  6.38198066407647  0.7792716128456224  -0.6140445163673336  -0.12524011071613939  -5.1484425266848985  0.4800108221345413  0.4563628109311119  0.7492146524413266  -2.3938710727101165  0.0  0.0  0.0  1.0;ok
36535719082045;1.9741406690068724;0.22104746561025976;0.5152300964707782  -0.8542465179308772  -0.06928805303719573  0.1543986845528632  0.8496247226604692  0.5197134264759162  -0.08964254003978835  -5.743816449104218  0.11258675914527444  -0.012682308292825599  0.9935609597410356  2.6899479074253048  0.0  0.0  0.0  1.0;ok
36535719082076;2.7263856166451443;2.507507655343312;0.9899480017619648  0.05648643994269326  0.12966200642475786  7.095172236787416  -0.05705012259189287  0.9983711140496431  0.0006341478749376194  0.023032732526035604  -0.1294149810483444  -0.008025006783659283  0.9915580476938196  2.044449807316002  0.0  0.0  0.0  1.0;ok
36535719082107;1.536577084651521;2.489186973893986;0.8861871151310293  -0.4555044859722035  0.0847824288101172  4.411945085695526  0.45562211418389975  0.8899686333937905  0.019087185276540273  -3.3564664615798567  -0.08414800082199285  0.021713931803922736  0.996216652703254  0.8651195214505494  0.0  0.0  0.0  1.0;ok
36535719082138;2.448192473659257;4.970235296235196;0.8694574835128979  0.491090605709376  -0.05360691510818765  -0.11533287667771419  -0.36269330107156156  0.5608978197609806  -0.7442091138552338  12.109020233972885  -0.3354061026893105  0.6665010523407867  0.6657920797872192  4.391007314719791  0.0  0.0  0.0  1.0;ok
36535719082169;2.751939271344588;4.349658833147911;0.6298659543385761  0.7483419291378539  -0.20797412497566176  0.3035618509992554  -0.594385102327938  0.636778019119673  0.49114163384570886  15.070040091243747  0.49997522908216424  -0.1857366723624129  0.8458880888415293  1.2252590364682316  0.0  0.0  0.0  1.0;ok
36535719082200;3.495996902324403;3.477464153625621;0.881826017331514  -0.3078568387212997  0.35722127877517307  8.180857646850294  0.15230296565430887  0.9028378632919275  0.40210396573444807  7.791050920243993  -0.4463033517800927  -0.30017987850453154  0.8430334268170281  -0.2946919737542833  0.0  0.0  0.0  1.0;ok
36535719082231;4.028218031238248;0.3232969766794092;0.7811338449332529  0.06921264747228192  -0.6205155322227403  -4.0492168098936485  0.35924590337336565  0.7630231619245724  0.5373434984030998  1.5484908643204556  0.5106586895464015  -0.6426548558880606  0.5711588561812261  -0.1263404347322664  0.0  0.0  0.0  1.0;ok
36535719082262;2.352339194995012;0.6486241735875784;0.6373319561647357  -0.6294861024333879  0.44447184893359787  -4.829147254941331  0.7586569418245698  0.41145602574506224  -0.5051173957601031  -2.8360406950983563  0.13508376021055296  0.6591291115717  0.7397980751570523  3.336643058646505  0.0  0.0  0.0  1.0;ok
36535719082293;4.915635355433878;1.7531293382241835;0.9464712801811563  -0.2662884959192553  -0.18243506442925056  5.856706167785742  -0.09774503673027408  0.30221021354847605  -0.9482166918070891  -5.233221784307665  0.30763293644673656  0.9152919882573249  0.26000490888657  2.6633073914734013  0.0  0.0  0.0  1.0;ok
36535719082324;2.6136203318699214;0.18074296504322943;0.21877664565930885  0.9751189580143919  -0.035774251005262686  7.258177081012399  -0.975637439824777  0.21798324174251507  -0.024797022635350045  5.671587244019839  -0.016381859669004163  0.04032770809692337  0.9990522061601349  -3.4105350754777355  0.0  0.0  0.0  1.0;ok
36535719082355;2.6932219088290648;0.9146012713654615;0.9793522147016192  -0.2013027450843858  -0.018613016427338182  -4.5874844736893055  0.18197976747949657  0.8377396092668686  0.5148550391066431  0.48029230486658786  -0.08804887158357981  -0.5076116152009191  0.8570751684222175  2.2645591215162457  0.0  0.0  0.0  1.0;ok
36535719082386;4.785475193293865;3.14301439882081;0.12894959331605518  0.6821254719946483  -0.7197755503208635  8.126005575808568  -0.7746956735976814  0.5224031589626853  0.35628858080893094  -3.4478205627380647  0.61904653758232  0.5116637371964963  0.5958033269002914  -3.790121223792218  0.0  0.0  0.0  1.0;ok
36535719082417;2.477038884971137;2.1507983663301724;0.985367800174739  -0.017875536485002137  -0.16950151496127194  2.2852588451345794  0.011100753967790566  0.9991043318110018  -0.0408326758593852  -3.191944846934487  0.1700796038334389  0.038353609372057874  0.9846836695142234  2.4002727801506025  0.0  0.0  0.0  1.0;ok
36535719082448;2.815184467780424;1.2874713922553853;0.9944553955615522  0.047353746203893154  -0.09389403047569149  -2.845342285543172  -0.048239677341008966  0.9988099322280767  -0.007186989117837074  2.2102294468903314  0.09344195935739033  0.011676557840469433  0.9955562556824454  -2.1426840986701126  0.0  0.0  0.0  1.0;ok
36535719082479;3.430440585461284;4.080900585834936;0.971308910410406  -0.14167851134095186  0.19101361203213207  -1.9592175817772541  0.1153207108995662  0.983022222819471  0.14271805450147157  9.54966326282498  -0.20799070699184755  -0.11659549248267811  0.9711567108030269  -4.673844553476162  0.0  0.0  0.0  1.0;ok
36535719082510;3.752685809770862;0.766419254960114;0.14977905465183092  -0.9877093134112555  -0.04468273702753879  -1.3065919948457567  0.988249576932186  0.15094807869558122  -0.02403021496924802  -2.2016700239516416  0.03047964043356758  -0.04055847308246271  0.9987121716391869  3.595020739547642  0.0  0.0  0.0  1.0;ok
36535719082541;1.6713742885955687;1.668893001164308;0.5429527039175563  -0.7750290480758262  -0.3233146083109989  4.734160469436704  0.8384376474116622  0.5219319051787069  0.1568738275153748  1.2815892304501757  0.04716643628061433  -0.35625420838946514  0.933197870922015  -2.2456924465343895  0.0  0.0  0.0  1.0;ok
36535719082572;5.705872389959219;4.943246545555473;-0.15617001967571556  0.3793954715164708  -0.911959429551162  9.902093059981674  0.7694415319366318  0.6256532405677049  0.12852140482479665  -9.320714162542783  0.6193308113484228  -0.6816282702176649  -0.38963091170308783  1.865012225229571  0.0  0.0  0.0  1.0;ok
36535719082603;3.111669804062568;2.447203302345533;0.5040424804825656  0.010299527764694635  -0.8636174486407787  -1.9561342278403488  -0.8475690634160711  -0.1863300755401921  -0.4968981643045081  0.9066245250035474  -0.16603572088254465  0.9824332153775186  -0.0851887123626324  10.194024176686957  0.0  0.0  0.0  1.0;ok
36535719082634;4.355140868473985;0.7542515336379783;0.9865088712892094  0.06760055059988715  0.14909866674884534  4.623552567050537  -0.1241404354030451  0.9026305902837588  0.4121251870268762  -7.652203915288854  -0.10672112801893324  -0.42507432649195276  0.8988450465968979  1.7223896820692775  0.0  0.0  0.0  1.0;ok
36535719082665;2.7201030154491477;0.338832003679913;0.729430729810493  0.1992119693177958  -0.6544046161883766  6.384755627010877  0.4712774055460904  -0.8397456633612412  0.2696754120933773  2.389749007292308  -0.4958108686080578  -0.5051156423498611  -0.7064203921346056  0.7290407988885794  0.0  0.0  0.0  1.0;ok
36535719082696;3.2991237738734345;3.585578445761462;0.7715604428968598  0.5925193385219059  0.23154981415316636  4.4231872029500465  -0.41477988783179726  0.7445330826627133  -0.523094765287323  -6.231154945328993  -0.4823402612337515  0.30755702284019215  0.8202173797808936  -0.28789524901765756  0.0  0.0  0.0  1.0;ok
36535719082727;1.2878238866021425;1.8024623925277767;0.9944691314779285  0.07667873563785245  0.07177407636824752  0.7596283860776673  0.09362624004520807  -0.33753113682064495  -0.9366466029680347  -1.398248993510227  -0.04759489166425247  0.9381860706584514  -0.34284343818997687  6.781432262538863  0.0  0.0  0.0  1.0;ok
36535719082758;3.2221881761895412;0.6625232220337538;-0.6343750868177037  0.7172041238182357  0.2884206892772229  11.59311579282227  -0.7166172204536094  -0.6855286178657876  0.12849230886074742  1.3121589745833107  0.289875850277967  -0.12517491308221323  0.9488431021831186  3.872649702787759  0.0  0.0  0.0  1.0;ok
36535719082789;4.375691271181936;1.1504491062921325;0.11777322186876966  0.8564405733777891  -0.5026320846135597  9.519521613743306  -0.8076241445731818  0.3771219705792823  0.4533456301861027  4.777107164619696  0.5778171936807399  0.3525458318839172  0.7360969549646236  -8.836150545410522  0.0  0.0  0.0  1.0;ok
36535719082820;2.9711958970592893;1.2647951984152193;1.0  0.0  0.0  -2.3975044693994065  0.0  1.0  0.0  -0.20587903814596809  0.0  0.0  1.0  -4.596898383523188  0.0  0.0  0.0  1.0;ok
36535719082851;3.748982682712409;2.3947395351367744;0.26568771618544773  -0.12557876446197824  0.9558451817027502  -1.4834714302596168  0.6285222394802156  0.7743612088263696  -0.07296925889537278  4.50745365884699  -0.7310060409784152  0.6201569899478422  0.2846673073464822  -0.26089894486831106  0.0  0.0  0.0  1.0;ok
36535719082882;4.963661102647681;3.1879039024902514;-0.5575654726556801  0.2357000636858089  -0.7959687328537187  13.398573182501293  0.6133291023084763  0.7631196925450734  -0.20365595280126722  4.05559739234619  0.5594176936455677  -0.6017423159695674  -0.5700509005412199  6.718278777655358  0.0  0.0  0.0  1.0;ok
36535719082913;2.817358654932551;4.91503214100148;0.8841845127709351  0.24345426190841993  0.3986825425506493  -5.339733526218166  0.29958161046213816  0.3593217166212955  -0.8838205488883125  -5.237163455754111  -0.35842517496534065  0.9008983995562163  0.24477227708242058  6.926427335763306  0.0  0.0  0.0  1.0;ok
36535719082944;2.334751411184137;0.9493907058799949;-0.22873194939019253  -0.8937199815549863  -0.38593560330386034  2.820106031184459  0.527925944172026  0.2192091932368534  -0.8205129658149958  -2.2020851853925385  0.817909464915424  -0.3914229479345839  0.4216778189945065  1.4731835555531807  0.0  0.0  0.0  1.0;ok
36535719082975;3.599500676289258;0.3543451782399369;0.5475004612007844  -0.7188520963771643  -0.4283630569027702  -4.8449176077747245  0.833558965422671  0.5135494836412081  0.2035838378048131  -0.6563526391968028  0.07363895808888829  -0.46852811162832686  0.8803741888910517  4.9846159732117545  0.0  0.0  0.0  1.0;ok
36535719083006;4.488115034885534;2.841954906365327;0.1693277715108942  0.9389533825189357  0.29949065302844635  7.101347180949137  -0.5657631137161696  -0.15621513123347236  0.8096350609576487  8.734345332565892  0.8069945507581451  -0.3065344649953076  0.5047736292801961  -8.04980906844124  0.0  0.0  0.0  1.0;ok
36535719083037;2.300426924388642;4.705385412423823;0.9166522979475754  0.390544333655882  -0.08499228268914225  -1.7870492806499425  -0.37731730673975095  0.7754198908325975  -0.5063157541848982  7.779086417514983  -0.13183404227318868  0.4961845587585778  0.8581495609434685  2.457625329425305  0.0  0.0  0.0  1.0;ok
36535719083068;5.209340635066207;0.2286961544668647;0.4904261972000767  0.8707483051199345  -0.03577057772293586  -3.552144322881593  -0.8714813064154115  0.49008623820621783  -0.01832516546625403  1.1111315226805618  0.0015740611039137752  0.040160531017895275  0.9991920006084923  7.273916487357708  0.0  0.0  0.0  1.0;ok
36535719083099;3.2857786138404523;1.6851232998554915;-0.8852762939888265  -0.21225212333138357  0.4138054125343545  15.021885734793011  0.37262454477985707  -0.8561280291771942  0.35804433564124105  0.048477658496808115  0.2782747418092653  0.47116221601322467  0.8370001996848595  0.9531792182444021  0.0  0.0  0.0  1.0;ok
