# registration_from_features.py FastGlobal FastGlobal_config.json euclidean True --use_random_keypoints=True --n_keypoints=5000 --use_status_txt --input_txt=/benchmark/point_clouds_registration_benchmark//eth/plain_global.txt --input_pcd_dir=/benchmark/point_clouds_registration_benchmark//eth/plain/ --input_features_dir=/benchmark/experiments/FCGF/KITTI/features/eth/plain/ --output_dir=/benchmark/experiments/FCGF/KITTI/results/FastGlobal/
id;initial_error;final_error;transformation;status_code
4215528470030;7.9427285406441825;1.799973494565396;0.4591422273434457  0.805686694676783  0.3742423881535856  -1.664495976365646  -0.6424118464222366  0.5920972467930224  -0.48654688357494874  6.295942188750879  -0.6135922380917747  -0.01702352375159784  0.7894395258616114  11.66322972425006  0.0  -0.0  -0.0  1.0;ok
4215528470061;8.5731783167614;2.742600762275218;0.9881148011606439  -0.08024787164969012  -0.13110842392063618  -4.070046936101843  0.09648152390355888  0.9877597495670964  0.12256423899487719  5.507731167464984  0.11966810465828143  -0.13375707918028606  0.9837624654847603  5.476177619036556  -0.0  -0.0  -0.0  1.0;ok
4215528470092;7.21989676751356;1.961779593991896;1.0  0.0  0.0  1.8719734796685277  0.0  1.0  0.0  -8.333420236848363  0.0  0.0  1.0  4.0401620362062385  0.0  0.0  0.0  1.0;ok
4215528470123;3.699125908164359;1.7660403478925746;1.0  -0.0  -0.0  -2.862090604359233  -0.0  1.0  0.0  1.9901661319442194  -0.0  -0.0  1.0  -0.7307857012574113  -0.0  0.0  -0.0  1.0;ok
4215528470154;6.304867582126328;5.305896903394645;1.0  0.0  0.0  9.249771725511405  0.0  1.0  0.0  3.3207390733653783  0.0  0.0  1.0  -1.1484972349688116  0.0  0.0  0.0  1.0;ok
4215528470185;10.45878331764484;10.816424964831922;0.9533633063235716  0.30151518510647846  0.01367476895576935  -0.2808393709742038  -0.24844627685577983  0.8096783475358869  -0.5316910955132282  -5.614108926839061  -0.17138510341417887  0.5034973353273712  0.8468279516206035  5.094995017293736  -0.0  -0.0  -0.0  1.0;ok
4215528470216;5.914600834043442;2.489416336553435;1.0  -0.0  0.0  -7.468368876051711  -0.0  1.0  -0.0  -1.0934154975394388  0.0  -0.0  1.0  -3.0386540634951986  -0.0  0.0  -0.0  1.0;ok
4215528470247;6.661053221913973;8.64115736675698;0.9701799550592332  0.19337926398527053  0.14613457859719875  -0.8695406431738428  -0.19140665257863204  0.9811233262663127  -0.027577382123177306  6.967828264680887  -0.14870893769343121  -0.0012161071663629333  0.9888802621821585  -0.18557808501292744  0.0  -0.0  -0.0  1.0;ok
4215528470278;5.936222330533173;3.473379950818905;1.0  0.0  0.0  1.7720523159606731  0.0  1.0  0.0  0.8051235439775808  0.0  0.0  1.0  -2.7507162257966358  0.0  0.0  0.0  1.0;ok
4215528470309;13.3828056546087;3.7637515365080048;1.0  -0.0  0.0  -7.087389167517362  -0.0  1.0  -0.0  -1.6974917652472703  0.0  -0.0  1.0  7.588151784881045  -0.0  0.0  -0.0  1.0;ok
4215528470340;6.643852363898183;6.7816485589104865;0.7288444878761178  -0.5457294318228306  0.4134792615536239  2.4048866926877834  -0.5285517898386274  -0.8323376424471547  -0.166874367186498  11.708879744346222  0.4352226073528165  -0.09691974106362779  -0.8950909707069874  -2.3989817558627986  0.0  0.0  0.0  1.0;ok
4215528470371;8.616592423121881;4.226565479779378;1.0  0.0  0.0  -3.5461655750429752  0.0  1.0  0.0  -1.9821858549436135  0.0  0.0  1.0  -2.800267764801257  0.0  0.0  0.0  1.0;ok
4215528470402;8.051064745866395;2.328890578994698;1.0  0.0  0.0  0.8185181122264176  0.0  1.0  0.0  -1.3056031371287427  0.0  0.0  1.0  6.381878737437846  0.0  0.0  0.0  1.0;ok
4215528470433;3.035557231842426;3.195370646169204;1.0  -0.0  0.0  0.5034955748627645  -0.0  1.0  -0.0  -0.3999245048414011  0.0  -0.0  1.0  0.44971420059364353  -0.0  0.0  -0.0  1.0;ok
4215528470464;11.371431429449434;3.5380419808202257;1.0  -0.0  0.0  -7.4029009262782335  -0.0  1.0  -0.0  -2.551909598303325  0.0  -0.0  1.0  -6.040526180446035  -0.0  0.0  -0.0  1.0;ok
4215528470495;6.926527848736154;2.0095352337426267;1.0  0.0  0.0  3.8067718945294065  0.0  1.0  0.0  -1.334068272815303  0.0  0.0  1.0  2.9806798520911073  0.0  0.0  0.0  1.0;ok
4215528470526;13.514784535064075;2.8498760521619113;1.0  -0.0  0.0  -0.9462231028690855  -0.0  1.0  -0.0  -1.795256912844584  0.0  -0.0  1.0  -9.846793315216475  -0.0  0.0  -0.0  1.0;ok
4215528470557;10.446360986706342;3.3497402943675794;1.0  -0.0  0.0  1.1407714620329958  -0.0  1.0  -0.0  -0.2271617894975595  0.0  -0.0  1.0  11.639284652065605  -0.0  0.0  -0.0  1.0;ok
4215528470588;3.580277951137834;0.23921139548573433;0.5720868356451521  -0.5057088679472861  0.6457361638943508  5.049419426892989  0.66803377584697  0.744075085269758  -0.009118213007177177  -2.583926069227672  -0.47586503003389297  0.4365899773932943  0.7635061655484937  3.562777331388475  0.0  0.0  0.0  1.0;ok
4215528470619;3.9070449392142814;2.60386968052583;1.0  0.0  0.0  0.19877113218451647  0.0  1.0  0.0  0.9209485329911251  0.0  0.0  1.0  0.732632127909838  0.0  0.0  0.0  1.0;ok
4215528470650;5.1845358049870764;14.130875722862939;-0.6221544621066822  0.28077869293311064  -0.7308126646928859  18.521062682504112  -0.4869001030557404  -0.8697543648727386  0.08034696278720511  9.761660323029206  -0.6130677898283786  0.40582098316818555  0.6778327335673257  3.8557686607767727  0.0  0.0  0.0  1.0;ok
4215528470681;3.380804448922173;4.6038797762884105;1.0  0.0  0.0  2.3093377981748637  0.0  1.0  0.0  -3.747208203582623  0.0  0.0  1.0  2.128774088579778  0.0  0.0  0.0  1.0;ok
4215528470712;10.187008660188404;2.9089937720559553;1.0  0.0  0.0  -2.4793762038048808  0.0  1.0  0.0  -2.5947946601200194  0.0  0.0  1.0  -6.032487883120432  0.0  0.0  0.0  1.0;ok
4215528470743;11.416465271917176;17.466164602940896;-0.4802213976224592  -0.6961272989702648  -0.5336611217747643  16.712646930706793  -0.4446740303194011  0.7176375557719985  -0.5359676718843162  1.2331161381358886  0.756076990805191  -0.020077902628384776  -0.6541746416676608  2.258578016626041  0.0  0.0  0.0  1.0;ok
4215528470774;8.6384432610346;10.650406676812999;-0.8785592473129011  -0.47729191397638493  0.01805762480910278  17.293981439511906  0.47398049597335784  -0.8665500208605633  0.15631235006679783  -0.9316593426281224  -0.058958785586508106  0.145888622583516  0.9875425921968366  -6.701657938520459  0.0  0.0  0.0  1.0;ok
4215528470805;4.364926864890053;1.9677727309427673;1.0  -0.0  -0.0  -1.6347457062547868  -0.0  1.0  0.0  0.8736422632681713  -0.0  -0.0  1.0  -1.6672206308401432  -0.0  0.0  -0.0  1.0;ok
4215528470836;7.998596834151955;1.8678953112512837;1.0  -0.0  0.0  3.795223762017983  -0.0  1.0  -0.0  -2.1296628055628726  0.0  -0.0  1.0  6.663458673632818  -0.0  0.0  -0.0  1.0;ok
4215528470867;4.496746515697113;1.8414937327711067;1.0  -0.0  0.0  -1.8337549361832082  -0.0  1.0  -0.0  -0.42412284539888156  0.0  -0.0  1.0  2.8181624622233143  -0.0  0.0  -0.0  1.0;ok
4215528470898;3.0735426127890535;4.379176347964768;1.0  0.0  0.0  3.176625038795314  0.0  1.0  0.0  -1.4899333495306228  0.0  0.0  1.0  -2.755545773413271  0.0  0.0  0.0  1.0;ok
4215528470929;7.751781789465057;3.312312572557923;1.0  0.0  0.0  -0.39935786722299227  0.0  1.0  0.0  -0.5093290797404935  0.0  0.0  1.0  9.263844501244254  0.0  0.0  0.0  1.0;ok
4215528470960;7.051327912203398;1.9987734456358048;1.0  0.0  0.0  1.5842643309771312  0.0  1.0  0.0  -0.651575436797363  0.0  0.0  1.0  -3.6632251118330545  0.0  0.0  0.0  1.0;ok
4215528470991;7.811575106800094;2.5219464034484034;1.0  0.0  0.0  4.9649620244165495  0.0  1.0  0.0  0.058666492111627555  0.0  0.0  1.0  -1.052607413352795  0.0  0.0  0.0  1.0;ok
4215528471022;6.397326685010671;1.7057099522609585;1.0  -0.0  0.0  0.14075288806949438  -0.0  1.0  -0.0  -4.8425617444499665  0.0  -0.0  1.0  0.0986082908097341  -0.0  0.0  -0.0  1.0;ok
4215528471053;4.989390319330123;2.445761844420957;1.0  -0.0  -0.0  -1.439684449279591  -0.0  1.0  0.0  1.7254067690120496  -0.0  -0.0  1.0  -2.0475729333916743  -0.0  0.0  -0.0  1.0;ok
4215528471084;7.283065117516562;2.2333510068194706;1.0  -0.0  0.0  5.771174475099911  -0.0  1.0  -0.0  3.2612259237725394  -0.0  -0.0  1.0  5.431920775490176  -0.0  0.0  -0.0  1.0;ok
4215528471115;13.751336068378958;17.076371083653086;0.9169103158330321  0.38497103837958735  0.10522724137747017  4.527025903906363  -0.30393970067304604  0.8444621049857021  -0.44102654296300264  -4.2358423615570775  -0.2586428639528833  0.37239905055203826  0.8913039975643501  9.336831564619215  0.0  0.0  0.0  1.0;ok
4215528471146;11.525962444638278;2.6965849742897423;1.0  -0.0  0.0  6.73261350124498  -0.0  1.0  -0.0  -1.0962958139484054  0.0  0.0  1.0  -1.933226533265279  -0.0  0.0  -0.0  1.0;ok
4215528471177;6.697705102568167;2.883334113605238;1.0  0.0  0.0  -4.483318049044721  0.0  1.0  0.0  2.3902436897051267  0.0  0.0  1.0  3.052067551639331  0.0  0.0  0.0  1.0;ok
4215528471208;6.121585792418238;2.20330933048127;1.0  -0.0  0.0  -0.4788411978942264  -0.0  1.0  -0.0  -1.660831689795876  0.0  -0.0  1.0  4.171656131796721  -0.0  0.0  -0.0  1.0;ok
4215528471239;7.5967337800512365;3.281616114536993;1.0  -0.0  0.0  0.349791457123672  -0.0  1.0  -0.0  -6.473652441209224  0.0  -0.0  1.0  5.893434371954808  -0.0  0.0  -0.0  1.0;ok
4215528471270;4.659737430181631;1.9737489360304157;1.0  -0.0  -0.0  -1.1458878947478723  -0.0  1.0  0.0  1.7569119424818953  -0.0  -0.0  1.0  -0.593969373178624  -0.0  0.0  -0.0  1.0;ok
4215528471301;12.269791784026703;1.7601223491019784;1.0  0.0  0.0  3.8893042515903087  0.0  1.0  0.0  6.9185534186460504  0.0  0.0  1.0  1.9891352839397332  0.0  0.0  0.0  1.0;ok
4215528471332;10.27674754914434;7.498168569506786;-0.7042762632265428  -0.5682526406174155  -0.42553951812609725  24.979738046905055  -0.588983096854383  0.8023452347119698  -0.09664903493989867  4.8848679390206415  0.3963506738678253  0.18256796204790676  -0.8997639037870951  -6.791257337897215  -0.0  0.0  0.0  1.0;ok
4215528471363;7.251183878607266;14.26293330873014;0.51405329337497  0.4384108661704571  -0.73725512815715  2.477676036065375  0.8363887011868965  -0.06553262080840408  0.5442053069723574  -18.063290276557346  0.19027125925173669  -0.8963823894040154  -0.40036915449258426  -0.3173144066851497  0.0  0.0  0.0  1.0;ok
4215528471394;7.752494131188369;1.8243191429118142;1.0  0.0  0.0  4.0067319631324025  0.0  1.0  0.0  -2.5137939631051918  0.0  0.0  1.0  -0.45647508700490613  0.0  0.0  0.0  1.0;ok
4215528471425;6.845520635125362;17.798143930263542;0.9207695169758034  -0.014873497484046082  0.38982339037151065  10.761972023581242  0.0861687687376979  0.9823451124265037  -0.16605126734231968  -6.937939195416112  -0.38047133913394343  0.1864855467974754  0.9057950656375153  -0.85283550227353  0.0  0.0  0.0  1.0;ok
4215528471456;8.696136189115853;2.4441435539770127;1.0  -0.0  0.0  5.318821377149764  -0.0  1.0  -0.0  1.4409257045584858  -0.0  0.0  1.0  -0.906282248334596  -0.0  0.0  -0.0  1.0;ok
4215528471487;4.397592397978111;1.57219711681692;1.0  0.0  0.0  1.1078952769430508  0.0  1.0  0.0  -1.6369126784848422  0.0  0.0  1.0  -1.451783902270377  0.0  0.0  0.0  1.0;ok
4215528471518;4.316883413942118;3.3070122624555807;1.0  0.0  0.0  -1.6979937591950645  0.0  1.0  0.0  1.2145041249987374  0.0  0.0  1.0  -2.2286524297996646  0.0  0.0  0.0  1.0;ok
4215528471549;1.9026528424683027;2.840912591510489;1.0  -0.0  0.0  1.6000303308692785  -0.0  1.0  -0.0  3.041732311903587  -0.0  0.0  1.0  -0.8440171162139779  -0.0  0.0  -0.0  1.0;ok
4215528471580;8.32112714146523;7.601068222242012;-0.648352283691551  0.7383318642182346  0.18575622334656253  19.066229941702655  -0.7612170432190385  -0.6330495945687032  -0.14070118666615983  20.96288589848745  0.013708732429210405  -0.23262473878852133  0.9724699489232337  -2.3012069130942856  0.0  0.0  0.0  1.0;ok
4215528471611;14.49435390175508;3.0799772852600142;1.0  -0.0  0.0  -1.9135613134983025  -0.0  1.0  -0.0  -3.226989115452497  0.0  -0.0  1.0  8.157955094502102  -0.0  0.0  -0.0  1.0;ok
4215528471642;10.551955767567739;1.0787015569227631;1.0  -0.0  0.0  -1.1379034297179178  -0.0  1.0  -0.0  -6.3929042367985005  0.0  -0.0  1.0  2.9904702985677565  -0.0  0.0  -0.0  1.0;ok
4215528471673;5.301269378770812;2.9003040037226913;1.0  0.0  0.0  0.20457360369005428  0.0  1.0  0.0  -0.13931078422377197  0.0  0.0  1.0  -2.476584549269488  0.0  0.0  0.0  1.0;ok
4215528471704;14.231622672185328;2.1830907178127394;1.0  0.0  0.0  0.48481300981037023  0.0  1.0  0.0  8.379436522646989  0.0  0.0  1.0  -0.5903745948657964  0.0  0.0  0.0  1.0;ok
4215528471735;9.260585039119485;1.7520395736248795;1.0  -0.0  0.0  0.730329182557905  -0.0  1.0  -0.0  3.6870925227921005  -0.0  0.0  1.0  -8.483376137296899  -0.0  0.0  -0.0  1.0;ok
4215528471766;10.023762998931376;2.2020539971572366;1.0  0.0  0.0  3.0279220479981195  0.0  1.0  0.0  9.440619499929102  0.0  0.0  1.0  -4.324311029637326  0.0  0.0  0.0  1.0;ok
4215528471797;16.49642327605817;2.2825469627298824;1.0  -0.0  0.0  6.36825410798507  -0.0  1.0  -0.0  1.6311855278612084  -0.0  0.0  1.0  -5.898169721111756  -0.0  0.0  -0.0  1.0;ok
4215528471828;6.120378490255965;0.9869636786701452;1.0  -0.0  -0.0  -1.8863501229968307  -0.0  1.0  0.0  2.3695439631469473  -0.0  -0.0  1.0  4.474470348671948  -0.0  0.0  -0.0  1.0;ok
4215528471859;3.3560635566366703;4.985079604200618;1.0  -0.0  0.0  3.73394416039601  -0.0  1.0  -0.0  0.6580841907270782  -0.0  0.0  1.0  -1.128373721937257  -0.0  0.0  -0.0  1.0;ok
4215528471890;6.397138347400414;3.467283515130273;1.0  0.0  0.0  0.8064740194163669  0.0  1.0  0.0  -1.676478568603649  0.0  0.0  1.0  -4.314070758669782  0.0  0.0  0.0  1.0;ok
4215528471921;4.826841366204702;2.7566149053102675;1.0  -0.0  0.0  0.024249159184579483  -0.0  1.0  -0.0  4.298023298121065  -0.0  0.0  1.0  -4.570874615443167  -0.0  0.0  -0.0  1.0;ok
4215528471952;10.627445185868936;1.7496545942742647;1.0  0.0  0.0  2.75996324192036  0.0  1.0  0.0  0.6983961528193237  0.0  0.0  1.0  -6.335724728574013  0.0  0.0  0.0  1.0;ok
4215528471983;2.5890048286559675;2.867415972371418;1.0  -0.0  0.0  0.19696560079979886  -0.0  1.0  -0.0  0.3033831611855664  -0.0  0.0  1.0  -0.47115457188929866  -0.0  0.0  -0.0  1.0;ok
4215528472014;9.471090222260203;5.435440149119822;0.9789529875092798  0.20046424310229224  0.03827708823932554  3.2097663081869268  -0.20149834496221528  0.9791604770331735  0.025360938343387394  -1.7624948652745636  -0.03239545067048782  -0.032539936287494596  0.9989452874518524  -8.277730454504995  0.0  0.0  0.0  1.0;ok
4215528472045;3.9958979372442767;3.549831619022333;1.0  0.0  0.0  4.663230679377233  0.0  1.0  0.0  1.2737520861587184  0.0  0.0  1.0  0.7190630779707758  0.0  0.0  0.0  1.0;ok
4215528472076;8.69484171943448;3.923963679967967;1.0  0.0  0.0  6.37277037590657  0.0  1.0  0.0  6.010088991104096  0.0  0.0  1.0  -5.078952182894643  0.0  0.0  0.0  1.0;ok
4215528472107;10.315265354533507;2.019422002252916;1.0  -0.0  0.0  -2.8568009504340868  -0.0  1.0  -0.0  -5.9780346664663435  0.0  -0.0  1.0  -2.3997665318097523  -0.0  0.0  -0.0  1.0;ok
4215528472138;6.670306263270432;2.3117485130085145;1.0  -0.0  0.0  1.077420116944146  -0.0  1.0  -0.0  2.0734427487886795  -0.0  -0.0  1.0  7.120922743935016  -0.0  0.0  -0.0  1.0;ok
4215528472169;13.267182160692693;4.434087713205396;0.5786057378295807  -0.7956319451812299  -0.17940236330054024  12.211024538053396  0.8106417872130506  0.5367633121910079  0.2339765789769774  -4.409108192519934  -0.0898626339182099  -0.28081124353001  0.955546834295636  -3.3391329201205537  0.0  0.0  0.0  1.0;ok
4215528472200;8.200847505154186;3.272462833287434;1.0  0.0  0.0  6.822166084621348  0.0  1.0  0.0  -5.2846340983741635  0.0  0.0  1.0  -2.3009973174194034  0.0  0.0  0.0  1.0;ok
4215528472231;10.278644612899345;3.559286549400624;1.0  -0.0  -0.0  -2.885814220664349  -0.0  1.0  0.0  5.576492968081062  -0.0  -0.0  1.0  -5.163051065623965  -0.0  0.0  -0.0  1.0;ok
4215528472262;4.061839555975304;9.260145374244193;-0.5679791037971265  -0.6413039663855129  0.5158768848746977  22.89941823795213  -0.01114636632998384  0.6327282350997485  0.7742937033356248  4.218958232602689  -0.8229674939919877  0.4340324909563415  -0.3665246248572964  11.371954245039337  0.0  0.0  0.0  1.0;ok
4215528472293;4.76530520571006;3.2901999234241854;1.0  -0.0  0.0  -2.873055178876582  -0.0  1.0  -0.0  -0.04522408970723557  0.0  -0.0  1.0  -1.997894404343019  -0.0  0.0  -0.0  1.0;ok
4215528472324;7.620481991712362;5.22490669556173;-0.7956231037634182  0.5002058714885166  0.34172790767843286  8.61853863762935  0.5452625698506844  0.8370996830089432  0.04419106952944732  -7.319422229074785  -0.26395569074693814  0.22149087302808287  -0.9387593868971772  9.189291615559881  0.0  0.0  0.0  1.0;ok
4215528472355;4.274579483987271;3.7132691555764836;0.7798723838279813  0.5595699779131519  0.28050045411859403  3.0306529935590136  -0.5909539780395557  0.5104972782122107  0.6246326318542355  6.362687164355313  0.20633094964567683  -0.6528965988241935  0.728802833736336  -0.24295367775758075  -0.0  0.0  -0.0  1.0;ok
4215528472386;6.98607721477994;1.6408008189287187;1.0  0.0  0.0  -1.1118851790712636  0.0  1.0  0.0  0.1586349692869824  0.0  0.0  1.0  6.369176308308169  0.0  0.0  0.0  1.0;ok
4215528472417;3.9350110134314358;4.5826425026400655;1.0  -0.0  0.0  3.4937602040773736  -0.0  1.0  -0.0  2.463994476212271  -0.0  -0.0  1.0  4.620016653971146  -0.0  0.0  -0.0  1.0;ok
4215528472448;8.44720383204338;1.9031625085826687;1.0  -0.0  -0.0  -1.8491622641751029  -0.0  1.0  0.0  2.462538844216219  -0.0  -0.0  1.0  -6.590798695505757  -0.0  0.0  -0.0  1.0;ok
4215528472479;4.6646235313045;7.793601720735852;-0.6935027855132133  -0.5958063451945386  -0.4050539291394928  8.052700669328093  0.7156743731377829  -0.6343667141883008  -0.292214071467784  6.048108530177129  -0.082849732161645  -0.4925379893529676  0.8663384159350654  3.7277070129097436  0.0  0.0  0.0  1.0;ok
4215528472510;4.403148072732226;8.93116914171939;0.2383120060088422  0.9711844593353726  -0.002851970810267972  7.416148683698736  -0.9541022761450874  0.23356989527303584  -0.18744052570590952  2.1218898696791513  -0.1813731910917558  0.047390399529902906  0.982271813494407  -0.9434642996472054  0.0  0.0  0.0  1.0;ok
4215528472541;10.318454924319978;5.430570976834299;-0.7739478057404536  -0.5818473484710825  0.24991690032230346  30.016968023417324  -0.4978888738995058  0.8029833963047265  0.3276039293201636  6.426024017260635  -0.3912945990383959  0.1291174981793631  -0.9111625587277405  6.304944538833786  0.0  0.0  0.0  1.0;ok
4215528472572;7.24244761931414;1.587808026082029;1.0  -0.0  0.0  5.908791499175926  -0.0  1.0  -0.0  -2.123405704260777  0.0  0.0  1.0  -0.0436375805928928  -0.0  0.0  -0.0  1.0;ok
4215528472603;5.1560174420135;0.9753712228934956;-0.11388808363694763  0.9835311589293063  0.1403423094461584  3.618783101962355  -0.9730819022252338  -0.1389170689094575  0.18388490837293714  13.471183373529648  0.20035247931388842  -0.11562226161420075  0.9728773697912776  -5.249245029603918  0.0  0.0  -0.0  1.0;ok
4215528472634;2.054122432201142;4.560386928276686;1.0  -0.0  0.0  6.335531776943674  -0.0  1.0  -0.0  0.12557351839482767  -0.0  -0.0  1.0  0.8796401629905823  -0.0  0.0  -0.0  1.0;ok
4215528472665;3.1616134532515607;3.6268445361873454;1.0  -0.0  0.0  0.41206329813390585  -0.0  1.0  -0.0  4.071517197220224  -0.0  0.0  1.0  -3.2464491567687355  -0.0  0.0  -0.0  1.0;ok
4215528472696;6.874583370600295;11.014250866640936;0.8058414340993042  -0.4605580943443939  0.3721637070196906  0.3576955792956731  -0.41890480344069136  -0.8876280105004084  -0.1914034498889782  7.324133732900397  0.418495338974156  -0.0016603339867543032  -0.9082174269127181  -1.4724114264760748  0.0  0.0  0.0  1.0;ok
4215528472727;10.234961895922138;6.038944825536537;-0.14125354594673342  -0.8453070167631037  -0.5152703010736571  13.424216924334736  -0.6444352709697221  -0.31659469183927574  0.6960394978946051  1.5010659668621458  -0.751498913696922  0.43037640329164967  -0.5000255335501282  8.371342575534205  0.0  0.0  0.0  1.0;ok
4215528472758;6.7270965623001775;8.841939139255665;0.2667841937493036  -0.8443512467574692  0.4646473566745441  7.360939561246566  -0.7181311702368544  -0.49569342362120355  -0.4884420662810847  4.000210272962524  0.6427393066397755  -0.20336912715010858  -0.738598119292505  0.7880242908896402  0.0  0.0  0.0  1.0;ok
4215528472789;6.2551636084248825;2.910590782842546;1.0  -0.0  0.0  -0.9455132540998452  -0.0  1.0  -0.0  -1.8846069205664409  0.0  -0.0  1.0  5.930792511602504  -0.0  0.0  -0.0  1.0;ok
4215528472820;11.132084316276776;1.9035306285969864;1.0  -0.0  -0.0  -1.5301830541212347  -0.0  1.0  0.0  5.128505317276038  -0.0  -0.0  1.0  4.520950633341183  -0.0  0.0  -0.0  1.0;ok
4215528472851;7.769777714220737;10.719826019529433;0.9947295677099784  -0.10243448098303627  -0.004501580750639788  2.8183999359670944  0.10253017975383608  0.9940847782978164  0.035819209877167774  7.826765564813944  0.00080583072949945  -0.03609197504036764  0.999348147531439  7.945697480214018  -0.0  -0.0  -0.0  1.0;ok
4215528472882;7.042666088122157;3.425073371211263;1.0  0.0  0.0  0.44199005931726454  0.0  1.0  0.0  4.4394150661882  0.0  0.0  1.0  1.0238062646176849  0.0  0.0  0.0  1.0;ok
4215528472913;11.695730771155905;2.1740577257011986;1.0  -0.0  0.0  2.3454417098845717  -0.0  1.0  -0.0  -7.8528147779034265  0.0  -0.0  1.0  3.3011946730215116  -0.0  0.0  -0.0  1.0;ok
4215528472944;6.966974866703557;1.9685361839810729;1.0  -0.0  0.0  -0.4887650686225955  -0.0  1.0  -0.0  -1.3865441077582306  0.0  -0.0  1.0  -5.262056551440832  -0.0  0.0  -0.0  1.0;ok
4215528472975;4.140007954611918;5.930552884841636;-0.8332383412550185  0.48552741098661917  -0.26453166132472233  12.935431411654143  0.4679354640784048  0.36437481170624925  -0.8051505437194734  -1.050459238579208  -0.2945339846610467  -0.7946660492148044  -0.5308065580840349  11.164329480601081  0.0  -0.0  0.0  1.0;ok
4215528473006;2.4517018405060282;10.94431349546055;0.26099883393775675  0.962551262879397  0.07331217506259753  0.20105604829488766  0.9548592379072376  -0.2462597352237374  -0.1661324128240623  -11.216590312596534  -0.14185712694941116  0.11336317363594026  -0.9833744690588857  -0.39740030209541566  -0.0  -0.0  0.0  1.0;ok
4215528473037;9.53731782294903;2.5341183101879494;1.0  0.0  0.0  -1.358820813757477  0.0  1.0  0.0  1.7193274054177239  0.0  0.0  1.0  -5.988527680415142  0.0  0.0  0.0  1.0;ok
4215528473068;7.896574012257276;4.568005786870936;0.8920541861937648  -0.38938239707339894  0.22939197401730324  1.735715675615478  0.345954747331592  0.9149593920510023  0.20776097731863757  1.3473124600570703  -0.290782808454894  -0.10597480713374695  0.9509020446712956  -4.4923258740160605  0.0  0.0  0.0  1.0;ok
4215528473099;4.933808374600305;2.814149531846752;1.0  -0.0  0.0  1.2464843934969054  -0.0  1.0  -0.0  -2.4186571627169835  0.0  -0.0  1.0  3.577516940287492  -0.0  0.0  -0.0  1.0;ok
