# registration_from_features.py FastGlobal FastGlobal_config.json euclidean True --use_random_keypoints=True --n_keypoints=5000 --use_status_txt --input_txt=/benchmark/point_clouds_registration_benchmark//eth/wood_summer_global.txt --input_pcd_dir=/benchmark/point_clouds_registration_benchmark//eth/wood_summer/ --input_features_dir=/benchmark/experiments/FCGF/KITTI/features/eth/wood_summer/ --output_dir=/benchmark/experiments/FCGF/KITTI/results/FastGlobal/
id;initial_error;final_error;transformation;status_code
2318808360030;4.969564550018172;3.8215277631889384;0.8933728347109998  0.40892431666929535  -0.18618775855835357  -9.750669021425193  -0.2461899719649047  0.7921356400476578  0.5584904882540128  -5.380232763518938  0.37586630057023346  -0.4531026715909274  0.8083455282815702  2.3389065748202915  0.0  0.0  0.0  1.0;ok
2318808360061;1.6724101210514537;1.2756141782985309;0.6754201033897017  -0.7050842768551859  0.216018162358271  -1.4948712600629754  0.565378005745844  0.6831878491691751  0.46217104340974213  -5.856508824228609  -0.47345051964898965  -0.19002769608453263  0.8600779500515672  0.2545659901648769  0.0  0.0  0.0  1.0;ok
2318808360092;1.584883217651029;2.3601068620768757;0.957733788276127  -0.1037298350688644  0.26830227749843294  -2.3894041310215823  0.06897654786310692  0.9883210808417836  0.13588111350963064  -6.807824966100842  -0.27926372238289093  -0.11163136871110563  0.9537034187212171  4.500756156995445  0.0  0.0  0.0  1.0;ok
2318808360123;2.8011658140671436;3.5608275281050994;0.8230398617976591  0.3324639443315772  -0.46051396462168026  -3.1433378583936773  0.07788053517457565  0.7370717544673379  0.6713120369897747  7.226736837569111  0.5626188835552977  -0.5883816401672716  0.5807469650209635  7.243560756114306  0.0  0.0  0.0  1.0;ok
2318808360154;5.158117208596515;0.6585155785722534;0.8597297686499316  -0.49590553837304424  -0.12223919955593825  -9.268325561884605  0.5006255644949871  0.8656136888749526  0.009326618163787522  -3.8785300469310307  0.1011868028510243  -0.06921443955734609  0.9924568465608719  1.8427529658177666  0.0  0.0  0.0  1.0;ok
2318808360185;2.9373278081057164;0.9361241646967723;0.8805567431085627  0.06767665721116455  -0.46908388613846436  -3.9579326613715167  -0.1810790185376741  0.9627041058554159  -0.20102535565085805  -4.507087304241585  0.4379842590909795  0.26195548216795145  0.8599704146949952  -6.200568438460672  0.0  0.0  0.0  1.0;ok
2318808360216;2.8192109211834575;3.9438519966188057;0.9864335546657355  -0.060399928639156664  -0.15264563816207807  -6.684762145308822  0.0943200859746568  0.9695808457302052  0.2258687782205248  4.858076125500836  0.13435982885988124  -0.2372020915031825  0.9621240066515645  1.4018778636925726  0.0  0.0  0.0  1.0;ok
2318808360247;5.338906233558544;1.8648648887506951;0.9451987834336206  -0.3150869488148647  -0.08555392733323693  11.270287655865188  0.30775806811155615  0.9473151391332146  -0.0887637239037516  -2.960142039146796  0.10901482150535637  0.05756945245143046  0.9923716676913937  -4.027511659026582  0.0  0.0  0.0  1.0;ok
2318808360278;3.9358878406157967;1.4832042540582657;0.9973261645252806  0.029266740768278583  0.06696252263837284  3.2093146417552734  -0.044532968154464996  0.9699104438128142  0.23935443536768328  5.591678830768591  -0.05794252583936608  -0.24169648087556317  0.968620397695466  -2.315745602925981  0.0  0.0  0.0  1.0;ok
2318808360309;2.1234453820707166;2.5170067159750524;0.9489548951328387  0.3150261310215543  -0.015593068236012243  2.7584936007154086  -0.310487610412428  0.9242960912295777  -0.22197788069558633  2.913305443272495  -0.05551622090707248  0.2154884509928875  0.9749270109628105  5.944623845952027  0.0  0.0  0.0  1.0;ok
2318808360340;2.3866042493559383;3.491036508852639;0.9347566214301715  -0.2007016796297617  0.29317041884583683  1.2583026133859516  0.20343880015147114  0.9788524426335776  0.02146043203685309  -2.0616590713269525  -0.29127772535053326  0.03958195730470056  0.9558193110470966  10.414061211875747  0.0  0.0  0.0  1.0;ok
2318808360371;4.044074629937958;2.0810223586587844;0.9524165277766327  -0.30460465390519476  0.010897818001700409  5.078941041039476  0.3038009245861571  0.9515810203772526  0.046888803337076256  -0.5987904835172565  -0.024652704486462524  -0.04134690408101129  0.9988406668154924  9.644625063302612  0.0  0.0  0.0  1.0;ok
2318808360402;4.2662430875772905;1.5106166041015763;0.9595690524031887  -0.26161021773442217  -0.10386206067180982  0.241541779881262  0.2509864143119107  0.9622808678343134  -0.1049826234711784  3.732459193190401  0.1274090008629552  0.0746701103319757  0.9890355509900107  -3.2871637740891377  0.0  0.0  0.0  1.0;ok
2318808360433;3.0557917853126377;2.2640089313760594;0.9303119614177109  -0.36422491914822996  0.043126125661790644  -3.3971151077611714  0.3048559670952002  0.8332792475211046  0.46120335534025764  -4.0799518826193575  -0.20391786034965476  -0.41591574137333015  0.8862457911371371  1.3320049970704118  0.0  0.0  0.0  1.0;ok
2318808360464;1.0653308809730693;0.4402840670493134;0.9428775861540859  -0.27851165472618555  -0.18279254828883645  0.2867920060552792  0.33262929147297315  0.81741156088848  0.47031488875012756  -2.8523901238623313  0.018428564307400832  -0.5042515228609022  0.863360173803511  3.6258548865611284  0.0  0.0  0.0  1.0;ok
2318808360495;1.7172042102086578;1.7150843260957787;0.9192572781228785  0.3025595693427953  -0.2518407505095625  -6.053447237261478  -0.31281006331443495  0.9498154396184814  -0.0007035279453701969  1.4179326832122268  0.23898937404691678  0.07942504429619544  0.967768433785277  -2.849269095563081  0.0  0.0  0.0  1.0;ok
2318808360526;3.6807220373796983;1.0580010879084236;0.8194551825077941  -0.368347701966578  -0.439104969588207  -0.2625224909650643  0.37733545613630975  0.9233954686099464  -0.07041847834922567  -5.848899111695966  0.43140602383777865  -0.1079850869637001  0.8956718503949542  3.91272596194686  0.0  0.0  0.0  1.0;ok
2318808360557;2.560279020018075;0.43680689671545964;0.9211433076365243  0.36888189317269304  -0.12418194589300692  0.11669240124795205  -0.2761839761546861  0.8442739689466929  0.4592644953339922  -3.2202470573433213  0.27425794083641686  -0.38875135272861533  0.879576584294876  -2.1143700294880112  0.0  0.0  0.0  1.0;ok
2318808360588;3.9226564362176193;3.2413562425397724;0.8677349903699761  0.45979613940561703  -0.18874187843536017  -12.71246497360337  -0.4968655304262922  0.7927909066757404  -0.3529974829463488  1.1020811433098805  -0.012674034946179335  0.4000876010075159  0.9163892624634108  -0.11678419284223031  0.0  0.0  0.0  1.0;ok
2318808360619;3.5577362196516864;1.6576161635146716;0.598364666965036  -0.37144661533972867  -0.7099205147623787  11.605921973754363  0.24877730028572456  0.9283840354598678  -0.27606690777019915  -2.1915255388285937  0.7616229908493886  -0.011423425752053334  0.6479196903580869  -1.0584530347616536  0.0  0.0  0.0  1.0;ok
2318808360650;2.026557361496415;1.5230340352713054;0.27050775353982165  0.9525286566101111  0.13969507368327316  -10.29423564819184  -0.9464901903021241  0.23660336306500812  0.21948842395027643  16.54360489630222  0.176016689369751  -0.19159333736553585  0.9655620736858139  2.350475664389503  0.0  0.0  0.0  1.0;ok
2318808360681;3.2402694513344694;0.5895339275335871;0.7519748641102704  0.6561147173814585  0.06361824723920001  3.8296597327293376  -0.6308894632309305  0.7443049439441229  -0.21906308590112633  8.19983976853281  -0.19108189063992415  0.12459385239964477  0.9736344709456864  2.185296615295288  0.0  0.0  0.0  1.0;ok
2318808360712;4.183482302346372;4.855717139123943;0.9923301091744157  0.12308975219702177  0.011395934800110436  -1.7483954537984334  -0.12116501178948327  0.9502443281784491  0.2869751847856225  -10.813041791673628  0.024494781973860374  -0.2861549050230725  0.9578702291998061  12.529695435810966  0.0  0.0  0.0  1.0;ok
2318808360743;4.6928323050556155;2.7388816737353237;0.9116493336859115  -0.06185946786527575  -0.4062867197256875  -4.624120913783505  0.05193207058551947  0.9980220589804717  -0.03542640022749834  2.9171907624887865  0.4076745668235089  0.011197143555536441  0.9130586353249504  7.447845028178775  0.0  0.0  0.0  1.0;ok
2318808360774;2.6368253275423768;2.7618878410912697;0.852306412790821  0.39906890834719677  0.33810913194739145  -1.8494526805930425  -0.4162106728206888  0.908960395111393  -0.023657471316474478  -1.2901744175344698  -0.31676877141819154  -0.12056121478119666  0.9408095125713221  1.2303420358102057  0.0  0.0  0.0  1.0;ok
2318808360805;3.822501238380734;1.3377672898256916;0.9425040893442517  -0.31179988091506544  -0.1202783265210869  -0.2227243951765972  0.3340637053116746  0.889074199070602  0.31296726560520777  -3.4004737409728274  0.009353200671270078  -0.3351535510901187  0.9421170918887349  -7.598924742850815  0.0  0.0  0.0  1.0;ok
2318808360836;3.8885550361159975;2.5479488689974654;0.9527551465213188  0.29968064768220365  -0.049488788446637295  -4.099195165599186  -0.30294746033610215  0.949330923373562  -0.08362795108457677  5.45821848010246  0.02191955868732333  0.094669463563883  0.9952674141231989  6.010717224328984  0.0  0.0  0.0  1.0;ok
2318808360867;3.4260014484993295;0.8444071921321278;0.8045335497373992  0.37635751509346005  0.4594352927013968  -1.399976365504391  -0.40586687081957107  0.9131700288805312  -0.03731730865778986  6.298789792502014  -0.4335871890612906  -0.15644653779169157  0.8874269718094681  0.7972684027966048  0.0  0.0  0.0  1.0;ok
2318808360898;3.99662055613861;2.8639053022400036;0.8393127017212756  -0.5274898450640058  -0.13156235055548496  7.569763782739712  0.4778212236441854  0.831186177031878  -0.2842822846156709  -12.732482949257056  0.259308825465904  0.17573844902434876  0.9496709591063688  -0.227939693601208  0.0  0.0  0.0  1.0;ok
2318808360929;3.423510523147215;2.154793705839193;0.9416423298100002  0.3334103450354372  -0.0463385857935308  -3.011105312443578  -0.33402736859107557  0.9425439510121881  -0.0060512347876917625  -3.052771220729238  0.04165860945969676  0.02117645470055425  0.9989074621926703  7.56159000109912  0.0  0.0  0.0  1.0;ok
2318808360960;3.2303591939848126;0.6996251884599927;0.6496608724310068  -0.7165238048873246  -0.2540361939999369  7.1249364497753955  0.6804788901038267  0.6970741787332645  -0.22591164083864448  0.14899510882886763  0.3389531397630746  -0.026100313659723085  0.9404411425876777  -6.538050855473132  0.0  0.0  0.0  1.0;ok
2318808360991;1.4400202981915988;1.9560441691799058;0.9146512406409051  0.36184732585153667  -0.18022103309032364  2.860268003903993  -0.3759203569673972  0.9252997302148961  -0.050042926390691654  2.363797336383799  0.1486505742052693  0.1135205798008952  0.9823523221075585  1.8744442490800093  0.0  0.0  0.0  1.0;ok
2318808361022;4.853359975936401;3.9281076639605526;0.9961035221255952  -0.07363004091085532  -0.04854266457919858  -2.057998585528106  0.06362013571478203  0.9811139856885454  -0.18266862187570926  -0.10507982060177107  0.06107578522307783  0.17886856672373694  0.9819754499464737  12.114410019540808  0.0  0.0  0.0  1.0;ok
2318808361053;1.3356595994763014;3.0771469132652736;0.9628910728128621  -0.18560849953043493  -0.19593434308297086  -4.571085019138964  0.2587554350635684  0.8412543572169788  0.4746964622666931  -1.5096100179741667  0.07672292175326868  -0.5077800620007752  0.8580635185766442  5.048089042505571  0.0  0.0  0.0  1.0;ok
2318808361084;4.199949712177371;1.2473087592467165;0.8441110438381156  0.5298154885947797  0.08229273185161555  0.655234991517515  -0.5302054550768736  0.8476597025847511  -0.018846857049775623  -6.523751454528506  -0.07974158938252991  -0.027723215163551043  0.9964299786054932  2.532754813472063  0.0  0.0  0.0  1.0;ok
2318808361115;2.9319105454862306;1.8726774087555236;0.2615080149326851  0.011408826565875616  -0.9651338750672661  3.488531332764756  -0.17180035706128727  0.9845129605007231  -0.03491228894982652  7.153506948892308  0.9497885003723623  0.1749401877285254  0.2594180704537133  -13.620257519721225  0.0  0.0  0.0  1.0;ok
2318808361146;2.1018359827685917;3.343656931859267;0.9226146134185761  -0.23269725527473717  -0.30762682343075176  1.7062317379438674  0.2752715592574173  0.955884537797112  0.10251984717308485  -5.122956298745416  0.2701996368807358  -0.17926722452251664  0.9459679796068743  0.7316378257956692  0.0  0.0  0.0  1.0;ok
2318808361177;2.9797821204083887;1.4074540000570013;0.6988654134554129  0.1816787116466051  -0.6917947525171215  -3.6016956220381773  -0.5097540088488656  0.8049861605980363  -0.30355910743731834  12.103824587470978  0.5017349742028214  0.5647921095235489  0.655188437536587  -12.126460510985385  0.0  0.0  0.0  1.0;ok
2318808361208;2.047594508282059;3.041082267762361;0.916847546379564  0.2355077248176868  -0.3223766248489027  -9.76448295006004  -0.28330242460878735  0.9527344083197079  -0.10971273132357465  4.197377262369265  0.2813011071939753  0.1919199279775115  0.9402321140742591  -4.933172625287535  0.0  0.0  0.0  1.0;ok
2318808361239;2.8811770696532393;1.9765938462208579;0.9644409883778138  0.22747075243140782  0.13457576574226038  -0.5645139729806871  0.03494240746476907  0.3949716747660821  -0.9180285421995559  -2.3978990671109663  -0.26197825882579007  0.8900867558394326  0.37297849667486493  -5.7500432443171645  0.0  0.0  0.0  1.0;ok
2318808361270;2.4139519301703216;3.6679509982898204;0.7610518714762987  -0.6481375296183157  0.026791633445706526  4.180874726191103  0.6428293954208585  0.7590710971402649  0.10286611623430202  -0.9507816133944307  -0.08700814505134345  -0.061064000741373234  0.9943343353762761  4.690975449954479  0.0  0.0  0.0  1.0;ok
2318808361301;3.633939948710988;0.7444852055338028;0.8702863074743529  0.4723596953518066  0.1395638249325507  -8.028669460885505  -0.4011261234463284  0.8441403749866122  -0.35570333201473125  0.35971737841496093  -0.2858313770592301  0.2535810433068884  0.9241196234058731  -5.625392863968283  0.0  0.0  0.0  1.0;ok
2318808361332;6.355512347551134;1.7503365821380246;0.9675392363422447  -0.08345835283049924  -0.23854251084678016  -6.0551312674049145  0.16167196164055464  0.9298874608561588  0.33041108783117495  0.43767464703804876  0.1942421245702417  -0.35825132726244774  0.9131954793783924  8.006016362238903  0.0  0.0  0.0  1.0;ok
2318808361363;3.0049062450558113;3.6502538076890207;0.9961263293982869  0.07844980101816942  0.03972360255191713  -1.65726682680164  -0.08504867504177345  0.9743002274971158  0.20858041512258158  -1.1342594617845163  -0.022339622940684152  -0.21115088306535448  0.9771981609825046  1.702494762526312  0.0  0.0  0.0  1.0;ok
2318808361394;4.888364505047668;4.696959645737804;0.9532538067791266  0.2805649722022251  0.11220729135964097  5.168201990708053  -0.3020274823112167  0.8732398537673632  0.382402350569531  -1.0237654708004709  0.009304826159081214  -0.39841618210800517  0.9171575470139418  14.574338140098162  0.0  0.0  0.0  1.0;ok
2318808361425;1.9513800093892786;1.4024941961734607;0.8931961636979113  -0.16810469148721896  -0.41706285600053195  -0.10276340097680299  0.26707493743990823  0.9445017377827881  0.19127844916970094  -1.8155993435923088  0.36176178757132843  -0.2822362131713151  0.8885218787558989  -4.928201931540291  0.0  0.0  0.0  1.0;ok
2318808361456;2.9799420916800283;2.974210806246822;0.9981584943973303  -0.03587908191605804  0.04891126192725135  -2.477107952234959  0.05349769898276329  0.9007673969240918  -0.43099430720386905  -3.597404339967358  -0.02859399003296047  0.43281726873988496  0.9010280770400784  3.8158553307864267  0.0  0.0  0.0  1.0;ok
2318808361487;3.3327799764990607;1.693430867913421;0.9048579650921846  0.05353233758257757  0.42233440759920976  3.3733024080619165  -0.08135494764740844  0.9955229805485656  0.04811826776794623  3.9264057649425563  -0.41786772488733526  -0.07789919147619773  0.9051620189031552  1.6147925771188836  0.0  0.0  0.0  1.0;ok
2318808361518;4.4213036334582645;3.8341880223682967;0.814707246612914  -0.4583555642469114  0.3551932981353946  5.4386538095882  0.09845888580788112  0.7129863636160984  0.6942307203682118  -2.8447685318355176  -0.5714524915702743  -0.5306228623244468  0.6260043353338183  6.9912851880658335  0.0  0.0  0.0  1.0;ok
2318808361549;2.6879622013693756;4.241293755651733;0.9871593654236824  0.15539898022483062  -0.03698032181303559  -7.877442474491051  -0.1518952140047407  0.9848393672115652  0.0837810524687904  -0.9761215918017667  0.04943916684944294  -0.07708811669386406  0.9957977661381985  -0.22018229369479905  0.0  0.0  0.0  1.0;ok
2318808361580;1.329810775815828;1.3872670780665455;0.9496705743831083  -0.30929731068493366  0.04960820248631426  -0.9248975995744725  0.30898885628038447  0.8988962824649619  -0.3106627754740054  -0.2945633871347608  0.05149453218931042  0.31035567817222137  0.9492247711584778  -1.957000072496571  0.0  0.0  0.0  1.0;ok
2318808361611;3.0580385862811856;2.142557060844866;0.5776089335655755  0.632653012714081  -0.5158663444818188  0.491528327264202  -0.8150069650298916  0.4826789083240219  -0.3206005589700287  13.716568039392795  0.04616889448538056  0.6056164107443978  0.7944162613007558  -10.859259472156863  0.0  0.0  0.0  1.0;ok
2318808361642;5.3800009482235644;0.9823348370174666;0.7329689169167626  0.6718829975551448  -0.10644155405752749  -1.29750354777611  -0.5803794714614237  0.6992651612521782  0.41735824343736466  7.097396243774905  0.35484677811701626  -0.24413412677312762  0.9024867268856067  4.894990439397031  0.0  0.0  0.0  1.0;ok
2318808361673;3.504208192072817;3.1291491859193106;0.963663257858724  0.06271354131968111  0.2596538795940805  5.112602079622375  -0.031807043320463496  0.992073556490858  -0.12156632143316073  -3.602712760497682  -0.2652196023078286  0.10889017516160526  0.9580195678090057  13.010102079619276  0.0  0.0  0.0  1.0;ok
2318808361704;2.519718137010217;0.9378287443941862;0.90683314789204  0.33511772353497776  -0.2556359780174645  -2.32380890454607  -0.0326610733282804  0.6605523944125596  0.7500691891584943  0.6595240739075089  0.42022243654195285  -0.671838258518053  0.6099561117147478  4.945429218992772  0.0  0.0  0.0  1.0;ok
2318808361735;5.251465982301738;2.7561630941525586;0.33572831999158625  0.1389794890572871  0.9316497178537656  -2.494620201560876  -0.023534683743741836  0.9899844887927122  -0.1392006846639616  1.8478009362579937  -0.9416648096943573  0.024807530534275698  0.3356366675619371  7.932831059603828  0.0  0.0  0.0  1.0;ok
2318808361766;5.291135375928377;1.9715130195005672;0.9229286967611577  -0.01944860424223856  0.3844793524856453  -8.09080870516667  -0.044508204946966425  0.9866351482452359  0.15674853728026  5.500154270851997  -0.38238938320402005  -0.16178020904959575  0.909728269085181  6.029832059794103  0.0  0.0  0.0  1.0;ok
2318808361797;3.384830345230238;2.335437283701519;0.9962399904774986  -0.004177222142570376  0.08653572781555247  -3.598568547475405  0.008379958960392599  0.9987996382690244  -0.04826032409222052  3.9115530028426586  -0.08623025954511501  0.048804030661777  0.9950791470681848  -4.742892444566146  0.0  0.0  0.0  1.0;ok
2318808361828;1.4149627962549474;1.3524469080671229;0.9036491995945135  0.22165433734920464  -0.3664525601035964  -0.8125123815521588  -0.04707438201958244  0.9018729482029647  0.42942890896767694  0.24103475255430612  0.4256784310129761  -0.37080256206501566  0.8254110087322256  -1.8632584012571254  0.0  0.0  0.0  1.0;ok
2318808361859;2.242344127922003;1.551432693011344;0.9860894447471652  0.13801968518822402  -0.09261842936894735  -0.6877781991713972  -0.08900943995772216  0.9090691201407337  0.4070266015937584  0.48431311141486244  0.14037423751044925  -0.39312072103502116  0.9087085187981149  3.6833307613863764  0.0  0.0  0.0  1.0;ok
2318808361890;3.1043376176245805;0.7238196868219899;0.8627307704018287  0.35655444035592687  0.35855898937878977  3.044898647389541  -0.47718109269375975  0.8086868517953164  0.3439822386533488  -2.544456124077544  -0.16731354570822027  -0.46786163210489035  0.867820068117055  -3.542679827368566  0.0  0.0  0.0  1.0;ok
2318808361921;2.582712583147148;0.6110583184811843;0.8376066059454638  0.511563409036075  0.19161955070375236  -8.039637284820719  -0.5206177502430039  0.6413087479854135  0.5636313049230803  6.499488382010589  0.16544585763455116  -0.5718618437111965  0.8034934348822012  7.865814374516061  0.0  0.0  0.0  1.0;ok
2318808361952;1.429597864979908;0.411096586980739;0.8370055128067319  0.5043809783465677  -0.2121829404389041  -2.3911183258264757  -0.42684417390565305  0.8444556260083035  0.3235718574068579  3.2855210619150044  0.3423825678009045  -0.18026237651013735  0.9221060963256759  -2.8610144272689704  0.0  0.0  0.0  1.0;ok
2318808361983;3.430782124719056;3.3532487155210955;0.9041326996428992  0.4139274002344715  0.10586863922604305  0.10615455835297236  -0.4238779273644717  0.9000977640015657  0.10075474148932931  6.568213306161188  -0.05358697723927532  -0.1359710357926017  0.9892625098000245  10.726813323881077  0.0  0.0  0.0  1.0;ok
2318808362014;3.6985124006147214;2.5208619161743426;0.9256485409166683  -0.06932197205478709  -0.37198016464494277  -0.3083589964505383  0.126001308953281  0.9834391727738636  0.13027303479968205  0.5279053710437066  0.35678908172883234  -0.1674570322330319  0.9190536945765476  -7.303785521506179  0.0  0.0  0.0  1.0;ok
2318808362045;2.2111434334810025;1.958412458049359;0.9798244728309138  0.18028925711876442  0.0862541953135358  -5.9856840125148105  -0.17499737479641775  0.9823893697350258  -0.06547553013133361  2.5755714782736576  -0.09653973925790178  0.04906026904921235  0.9941192930150968  3.9261985468444167  0.0  0.0  0.0  1.0;ok
2318808362076;1.35138127439203;3.1478892833095964;0.958077216356352  0.2551458849179545  0.13034041931917728  0.2573158639790887  -0.25691885842936674  0.9664272983040234  -0.003313197267932035  -2.460452592054658  -0.12680988795128068  -0.030312612922988078  0.9914637652559803  4.151061503275793  0.0  0.0  0.0  1.0;ok
2318808362107;2.3703459450599085;1.5683936806828023;0.9313497049701852  -0.153545545332577  -0.33016888490660645  -1.1474244140376169  0.36356784111151025  0.44231723394344635  0.8198621161305939  0.29939655901244827  0.02015321218728963  -0.8836171286621493  0.4677762477653118  6.499242540358208  0.0  0.0  0.0  1.0;ok
2318808362138;3.4849647346435484;0.33787825414111305;0.8115432241794497  0.4499564872241156  -0.37274220970176847  1.5543073409765047  -0.5838740955167709  0.6003775569968088  -0.5464776570355068  2.4389900374700484  -0.022105109655821784  0.6611247602831694  0.749950275330056  -6.798175791543348  0.0  0.0  0.0  1.0;ok
2318808362169;3.48714335094723;3.5736989297745723;0.9727232282851787  0.08915730032930862  -0.2141506407939284  2.455790498546248  -0.09302541551619663  0.995631332285905  -0.008032573599703743  1.8648141014391528  0.21249892522669273  0.027734923266257087  0.9767676186324541  -1.0381632679574644  0.0  0.0  0.0  1.0;ok
2318808362200;1.6972551672156184;3.288220136754892;0.9491916260356009  -0.20495034935270473  0.23881082756880087  -0.10825642883508665  0.28566805527034317  0.8794910287507982  -0.38064326152570055  -4.794720596309807  -0.132019010986869  0.4295240210361552  0.8933532873902584  1.9741028140229906  0.0  0.0  0.0  1.0;ok
2318808362231;2.3843011935207;4.811956618426846;0.9963877194015992  -0.08490209901653362  -0.0017737554133853048  0.10927986374835809  0.08403678355812211  0.98279666170717  0.16446440571275164  -1.6589615275677942  -0.012220132359559318  -0.1640193748306276  0.9863814237125951  10.73011356090631  0.0  0.0  0.0  1.0;ok
2318808362262;5.232306399155367;1.1213285535444324;0.9520395885691979  -0.30552466249536353  0.016592239272834944  4.042415672890832  0.2745983031891891  0.8770745423641219  0.3941269072549936  -11.078039129600192  -0.1349681209864409  -0.3706682178766645  0.9189062403605306  6.691802679039821  0.0  0.0  0.0  1.0;ok
2318808362293;3.4552109610591604;5.333871405851676;0.8610785313142991  -0.122221811776454  -0.4935641717504325  -1.9911413087668304  0.029710370693708146  0.9811165798097599  -0.19112182161030744  -3.8541668032427197  0.5076032474116493  0.1499069229504784  0.848449678925432  8.666284979742658  0.0  0.0  0.0  1.0;ok
2318808362324;3.901348001708932;1.3890624472225508;0.9626183841539171  0.245229918849893  0.11501362262696016  -6.856080210686643  -0.23754189015412455  0.9683542790455465  -0.07657571858093233  6.708104214427487  -0.13015259087282044  0.04639264117352068  0.9904080098293002  -6.3402179663560565  0.0  0.0  0.0  1.0;ok
2318808362355;2.04977221751585;5.071156409492191;0.9551680599617608  0.07468064518103866  -0.2864904509128175  -4.454420841870442  0.11001693814634884  0.8088410775788643  0.577643821521501  2.5687793592651578  0.2748640583084447  -0.5832657305691833  0.7643630269667735  5.715087802167752  0.0  0.0  0.0  1.0;ok
2318808362386;3.0729207631497046;0.496994129629611;0.932245397118727  0.26025259437482345  0.25137045703924793  -3.596364340764198  -0.3527613061801268  0.8082773435409768  0.4714310095660172  -4.055758116204003  -0.08048590195206627  -0.528163159487216  0.8453198782398563  -1.7088975613775848  0.0  0.0  0.0  1.0;ok
2318808362417;1.4050409535936035;1.774076121774413;0.9071628841338514  0.4102183191286763  -0.09368261472224033  -0.7561528839808513  -0.4176113267275087  0.8504644030707315  -0.3198610306030359  -0.1487986457004499  -0.05153912532088814  0.329288976069333  0.9428215572420733  -1.3595419689411694  0.0  0.0  0.0  1.0;ok
2318808362448;2.5537408364538483;0.8430403967113718;0.20024925104235203  0.9697218002952588  -0.13978507605999635  -1.8019332073846042  -0.9531129534155509  0.2258527651118591  0.20141059188337315  20.48509349741676  0.22688308770920004  0.09289864651031834  0.9694812561303543  -3.1597038983161343  0.0  0.0  0.0  1.0;ok
2318808362479;3.2775968567417544;1.3587184679301278;0.9276563126913593  0.22762099844443764  -0.2960446699250447  -5.061040113096316  -0.2715501568840576  0.9553658481237268  -0.11634693178197072  2.6883158539831964  0.25634796238729046  0.1883209422926511  0.9480616777794009  2.991004712606869  0.0  0.0  0.0  1.0;ok
2318808362510;1.7896114733317854;2.111246853237798;0.9887709262990249  -0.10183167276114628  -0.109372600446518  0.895144050548918  0.11124071765010007  0.9902650008798325  0.08367036972044198  -2.8109474153289624  0.09978756456822435  -0.09489751553719152  0.9904730705589178  1.314202273546672  0.0  0.0  0.0  1.0;ok
2318808362541;4.507281674743628;2.3483320083533923;0.9451689905517726  -0.24567541127384537  -0.2151724229420923  -3.0785912096045793  0.272971133546157  0.9559924345761653  0.10754173740301873  -9.560023938485584  0.1792828478964729  -0.160380975581771  0.9706366998633258  -0.27951190962133216  0.0  0.0  0.0  1.0;ok
2318808362572;1.6524012560965744;1.861441093810232;0.6258250231151955  -0.7639620860472197  -0.15717815218804018  5.544105700654718  0.7798616134945577  0.6161627504209147  0.110269346562848  -3.6916509264789896  0.012605722531042895  -0.19158652373305043  0.981394772598345  1.582539410745474  0.0  0.0  0.0  1.0;ok
2318808362603;2.7922284303351215;2.84657059225368;0.7851972197613727  0.1500477176773395  0.6007919843829724  4.707861044805981  -0.1709667421345671  0.9850183618469612  -0.022565458298531776  3.9498525867466205  -0.5951770317837386  -0.08499711315187018  0.7990868485921591  13.45850091539207  0.0  0.0  0.0  1.0;ok
2318808362634;4.154034979657225;5.229385067792942;0.9440608401984432  -0.0920324850487495  -0.31666883600941886  -2.7064242683675204  0.1090394181398387  0.9933718340442304  0.036370381072101256  0.25570108057722324  0.3112226458590918  -0.0688652381347524  0.9478386168969432  -4.213393679911478  0.0  0.0  0.0  1.0;ok
2318808362665;2.2058351322628655;4.085198298761626;0.9533268348863465  -0.18031430613537788  0.24218731776973068  1.8399245256252406  -0.045913370226856993  0.7062054193266515  0.7065167146983006  5.8288008138189955  -0.2984290674850398  -0.6846609794026426  0.6649657396914691  15.353795843867891  0.0  0.0  0.0  1.0;ok
2318808362696;1.9478287065829136;2.2262832181504266;0.9350113701968897  0.15989288672863455  0.31652488429208403  1.4259084605191044  -0.2183023236470477  0.9629341811819431  0.15843565950176522  -3.795919240438681  -0.27945989532101473  -0.21723726081186845  0.9352593968638455  0.5856573873349535  0.0  0.0  0.0  1.0;ok
2318808362727;4.3430344902627;1.7100559756664533;0.837435930358171  -0.33345661711539465  -0.4330216473192788  9.497265787803174  0.40566552352111945  0.9101882608224151  0.08362304040993325  -3.5123316346159297  0.3662465639039915  -0.24569089190082405  0.897496206156604  -2.249812659533611  0.0  0.0  0.0  1.0;ok
2318808362758;1.6605101549061114;1.266744503762651;0.9991385756291982  0.015985781690950707  0.03829571090064462  2.722890731789218  -0.02638952636257881  0.9569518135344528  0.2890446669140977  -0.09680292481125412  -0.0320265450527407  -0.28980628246615375  0.9565493291279508  1.397004589266839  0.0  0.0  0.0  1.0;ok
2318808362789;3.2529369529640206;0.43652169434303717;0.7925843960597072  -0.1256079529657186  -0.596684688319074  -2.288501645406292  0.22258130824042374  0.9706266729955805  0.09133139050464974  1.7552733110273333  0.567686124847746  -0.20519869351751002  0.7972615379121556  4.248805271147562  0.0  0.0  0.0  1.0;ok
2318808362820;2.400344764826293;2.0148415731641727;0.9539435981043716  0.18625529040176023  0.23516075019662833  -4.9486510342323164  -0.16505680792105565  0.9804630754244519  -0.10699723308635405  4.761174755556761  -0.25049523307759175  0.06325444274183285  0.9660491776710038  -1.7653818051375094  0.0  0.0  0.0  1.0;ok
2318808362851;2.213741788563696;0.5051578500473766;0.8875106836623188  0.21152044614307858  0.40937011035086185  -4.31368051863013  -0.157941336500128  0.9742395396734591  -0.16097159240499903  -0.6356452140811207  -0.4328733309061637  0.07820754567355269  0.8980558218673944  2.414688133147479  0.0  0.0  0.0  1.0;ok
2318808362882;2.8118491113323465;3.256832631185607;0.95305032537036  -0.29160656913606603  -0.08161302682871648  -3.6624709172174006  0.2866185943165347  0.9556590454244699  -0.06756900391750705  -1.936822561926537  0.09769779272565722  0.04100485014096683  0.9943710291241641  -7.091910932820098  0.0  0.0  0.0  1.0;ok
2318808362913;3.693761787700806;1.7692658046837306;0.9963360912273507  0.05267673634177606  -0.0673762181053925  1.9279959130262359  -0.03640886950382278  0.9740977550552592  0.2231769652490099  -2.7286957171153503  0.07738725695655621  -0.21990617327552042  0.9724466501644483  8.239979357094791  0.0  0.0  0.0  1.0;ok
2318808362944;2.216755272952035;3.2655130838872797;0.9529932529316124  0.15143853126766849  0.26243138363068547  -7.106249343504788  -0.1808164314138552  0.9792483250143991  0.09153215875992349  -1.3100826190479482  -0.2431239971651989  -0.13468143600357316  0.9605996214856799  7.710116196663171  0.0  0.0  0.0  1.0;ok
2318808362975;4.0877051608656085;2.7459069622760346;0.935558177297926  -0.2032552509174853  0.2888220903349543  -3.617112907812208  0.15867579920021158  0.9725135358464856  0.17040954592845375  -7.5607778702162065  -0.3155200273186421  -0.11359896817241666  0.9420946803750702  -0.28606111083610125  0.0  0.0  0.0  1.0;ok
2318808363006;1.8159881834797982;2.730224646935505;0.9990502310744519  0.006620928646951083  -0.04306737853570454  -2.17079512411862  -0.022499781403552754  0.9248110420739603  -0.3797608409181596  -2.933824437043319  0.03731481779237337  0.38036916247499264  0.9240816547314396  0.6757042609116762  0.0  0.0  0.0  1.0;ok
2318808363037;2.514235334584633;4.466726119052014;0.98259816603878  0.18495625516368222  0.017088820118794486  0.61098367972572  -0.1768246619276235  0.9032796179333927  0.39092067067409464  1.2637309667179153  0.0568672404061186  -0.38713965891126334  0.920265723292279  6.650480393279471  0.0  0.0  0.0  1.0;ok
2318808363068;1.8909816795339536;2.8827941294997608;0.6231150916881333  0.6324364027831259  0.46016494754080106  6.218068258799362  -0.7594245465558722  0.6299632520995573  0.16254432962290224  1.2855869822540806  -0.18708805573552204  -0.45074438148343976  0.8728273380011717  5.508048263046867  0.0  0.0  0.0  1.0;ok
2318808363099;3.0749693121327226;2.8851154122794136;0.9016759705149008  0.2545137095839741  0.349575765507013  -11.206203026089687  -0.3069895565791433  0.9461236529662361  0.10299245336026791  0.8557241034754413  -0.30452890888608686  -0.2001819295831427  0.9312300138639322  5.265579763073069  0.0  0.0  0.0  1.0;ok
