# registration_from_features.py RANSAC RANSAC_config.json euclidean False --use_random_keypoints=False --n_keypoints=5000 --input_txt=/i7g4/neural_comparison/point_clouds_registration_benchmark/eth/wood_autumn_global.txt --input_pcd_dir=/i7g4/neural_comparison/point_clouds_registration_benchmark/eth/wood_autumn/ --input_features_dir=/i7g4/neural_comparison/features/3DSmoothNet/eth/wood_autumn/ --output_dir=/root/neural_registration_comparison/results/3DSmoothNet/RANSAC_mutual_off
id;initial_error;final_error;transformation
26875431820030;2.0535532931381004;0.017788617247499344;-0.8578011679447666  -0.25919390144184695  -0.44384195129341897  9.420926965198467  0.5044610057461442  -0.25912668059242616  -0.823633691082838  -1.1146169305858304  0.09846953820438081  -0.9304148993113261  0.3530323854624545  3.6556649664150704  0.0  0.0  0.0  1.0
26875431820061;1.6463845109934325;0.03329829351846392;0.4603797038895935  -0.5491655480092129  -0.6974723859238235  0.31615282354752505  -0.8163536494174192  0.046748062885626024  -0.5756573092555181  1.9900344953178024  0.34873664466097  0.8344050691937235  -0.4267914399029413  -0.9514111665516964  0.0  0.0  0.0  1.0
26875431820092;3.1454983955145077;0.030597845055447367;-0.20821076042119172  -0.01063098331389345  -0.9780262069283261  -0.9537201772122423  -0.9497957424633354  -0.23655113834052294  0.20477208439707845  4.757700060841004  -0.23353014118813586  0.9715608787634373  0.039155229702644095  2.4406919405946668  0.0  0.0  0.0  1.0
26875431820123;5.022952331012622;0.02016463707693058;-0.6528926416608084  0.6332770451659139  -0.4155615267696241  1.0976621702073217  0.21987430177117223  0.683461865429738  0.6960856053129836  -6.259883490562122  0.72483549160193  0.36309786913342323  -0.5854685709284118  1.172935697804824  0.0  0.0  0.0  1.0
26875431820154;4.9039779898946945;4.9039779898946945;1.0  0.0  0.0  0.0  0.0  1.0  0.0  0.0  0.0  0.0  1.0  0.0  0.0  0.0  0.0  1.0
26875431820185;2.518490360471434;0.15784978703007607;-0.3486790090482193  0.9280347346571726  0.13105143997279625  9.184238939766676  -0.7858203542049418  -0.21326914442668704  -0.5805192873219026  7.158366460584313  -0.5107928342942688  -0.30539777881526975  0.8036310578420467  2.472562968814875  0.0  0.0  0.0  1.0
26875431820216;3.040176925026691;3.040176925026691;1.0  0.0  0.0  0.0  0.0  1.0  0.0  0.0  0.0  0.0  1.0  0.0  0.0  0.0  0.0  1.0
26875431820247;4.293952946805166;4.293952946805166;1.0  0.0  0.0  0.0  0.0  1.0  0.0  0.0  0.0  0.0  1.0  0.0  0.0  0.0  0.0  1.0
26875431820278;1.9928622542605958;1.9928622542605958;1.0  0.0  0.0  0.0  0.0  1.0  0.0  0.0  0.0  0.0  1.0  0.0  0.0  0.0  0.0  1.0
26875431820309;3.3178555720271428;3.3178555720271428;1.0  0.0  0.0  0.0  0.0  1.0  0.0  0.0  0.0  0.0  1.0  0.0  0.0  0.0  0.0  1.0
26875431820340;3.1987335091215683;0.019677570837573936;0.6120271380679962  0.7204990623292732  -0.32604276322429715  3.8501107447185094  -0.10111294723465894  0.48018345035831705  0.871320851296181  -5.6667648285214645  0.7843461953562458  -0.5003048622436315  0.3667370865423378  -4.95518227986261  0.0  0.0  0.0  1.0
26875431820371;3.5265759616751016;3.5265759616751016;1.0  0.0  0.0  0.0  0.0  1.0  0.0  0.0  0.0  0.0  1.0  0.0  0.0  0.0  0.0  1.0
26875431820402;5.0883567835047625;0.02735513740351888;0.5533700058698922  -0.8316362259811689  0.04650617420680647  -1.0554738270776083  0.7029239745135051  0.49622086539340743  0.5095711322301877  -3.5060845774413734  -0.4468551472879024  -0.2492910756204806  0.8591707845116074  -6.820975880214146  0.0  0.0  0.0  1.0
26875431820433;1.6687229373662258;0.010162924158916283;-0.6905706940427845  -0.5908703924123924  -0.41711424801808394  15.072749718369515  0.6710563548538613  -0.7385728952776921  -0.06475682953461304  13.613329072896397  -0.2698063845417944  -0.32462633554835285  0.9065441286164357  6.26896780454159  0.0  0.0  0.0  1.0
26875431820464;4.58945846466715;0.009336355851601126;-0.6033730354606811  0.22259905840579977  0.765761476750962  0.22091699159230238  0.14503806060682511  -0.9136043714204344  0.37985656963765035  0.9894222344696368  0.7841587473556451  0.3402597709373292  0.5189589070700128  -9.227604668343652  0.0  0.0  0.0  1.0
26875431820495;2.035425071867048;0.02628950726162808;-0.2687101252242607  0.8273995851964567  0.493157981805722  4.342284182003206  -0.8724572290288446  -0.42603449454268916  0.23940132199940972  13.207855975831764  0.4081828660260888  -0.36592968706636303  0.8363505317785371  -1.0283206579578372  0.0  0.0  0.0  1.0
26875431820526;3.855140063669406;0.016695918093886434;-0.15475595949938592  0.9746535667602914  -0.1615580941979227  5.3725027955962705  -0.3052744162029067  -0.20270100349693865  -0.9304406665625203  -6.621243782199886  -0.9396053021409561  -0.09467168522200631  0.3289059868804861  6.283844346761867  0.0  0.0  0.0  1.0
26875431820557;2.7573624115491;2.7573624115491;1.0  0.0  0.0  0.0  0.0  1.0  0.0  0.0  0.0  0.0  1.0  0.0  0.0  0.0  0.0  1.0
26875431820588;1.5947841889661274;1.5947841889661274;1.0  0.0  0.0  0.0  0.0  1.0  0.0  0.0  0.0  0.0  1.0  0.0  0.0  0.0  0.0  1.0
26875431820619;3.5884439472599823;0.022438099872291103;-0.8132432390021763  -0.07135323726226228  -0.5775328127036982  4.905803288053441  -0.1426286420200089  -0.9377421252421253  0.3166966640523873  7.885562188893826  -0.5641741793921252  0.33992414165307205  0.7524354279462424  1.1725208677865973  0.0  0.0  0.0  1.0
26875431820650;3.205971749881819;0.027447822632995098;-0.5396867248275937  0.6161674943241664  -0.5736513383433741  6.933535334689147  0.41192142097891143  0.7875372270704756  0.4583730564909561  -1.597887271647543  0.73420636198795  0.011078579169960856  -0.6788359765804957  -8.242867338149539  0.0  0.0  0.0  1.0
26875431820681;1.5831696178308692;1.5831696178308692;1.0  0.0  0.0  0.0  0.0  1.0  0.0  0.0  0.0  0.0  1.0  0.0  0.0  0.0  0.0  1.0
26875431820712;2.1253878571825364;0.026522921106361556;0.1345126547890002  -0.9555374933360545  0.2624013043615936  5.452228499956461  0.7141236570310722  -0.09010564434278526  -0.6941962080897164  0.42679106186522064  0.6869743431673299  0.2807651539750296  0.6702515797394248  -0.31337970072677357  0.0  0.0  0.0  1.0
26875431820743;1.5610088030304428;0.01753407098191452;0.5728426384859551  0.5472896598487454  0.6101846767619574  -1.3287129978728531  -0.576720261760816  0.7981060257389974  -0.17441476816382137  3.706612986624145  -0.5824474664782954  -0.25199365051871453  0.7728221974628233  1.418247057373242  0.0  0.0  0.0  1.0
26875431820774;3.330059369423353;0.08242491119971525;0.6201510070128784  -0.14500880088101656  -0.7709637969243187  4.923260031610602  0.3292012244131724  -0.8439435657859972  0.4235396222471805  -4.3080735299809065  -0.7120669086158834  -0.5164607491721577  -0.47563537738350925  5.708747811343356  0.0  0.0  0.0  1.0
26875431820805;4.120916915159846;0.009655164598092533;0.951219750066626  0.1154077154683854  0.2861154422493716  -6.285216366593487  -0.2919845165693714  0.6362513525577319  0.7140933121463936  6.221568667516467  -0.09962945933274808  -0.7628009409923564  0.6389121185689306  -0.5010856685259357  0.0  0.0  0.0  1.0
26875431820836;1.4675689642071519;0.015057969646017754;-0.9912904468146357  -0.09077636246537063  0.09540912991739925  11.377437407546553  0.05475685819236853  0.3747768340744475  0.9254966294493108  5.9650705965508335  -0.11977034914761026  0.9226602715293916  -0.3665420668986984  -8.837296054149732  0.0  0.0  0.0  1.0
26875431820867;3.4095493357026116;0.04288376450083539;-0.75696213490988  -0.5582648920551532  0.3396301467940166  13.551957331669644  0.5207088005643106  -0.829331539413282  -0.20266115254106576  3.4687967586777173  0.39480459891895153  0.023441587681811316  0.9184660149615782  -7.40633039256982  0.0  0.0  0.0  1.0
26875431820898;2.851643886467438;0.034572246933132496;-0.7731590526049428  0.6016953050756009  0.20046904804734073  4.9028973862485135  -0.620135881481197  -0.783464248381508  -0.04019029743031624  5.339313604046526  0.13287801877875294  -0.1553915421056685  0.9788753244246464  -1.845820033351392  0.0  0.0  0.0  1.0
26875431820929;4.31324373702403;4.31324373702403;1.0  0.0  0.0  0.0  0.0  1.0  0.0  0.0  0.0  0.0  1.0  0.0  0.0  0.0  0.0  1.0
26875431820960;2.9706078354575314;0.06155980035674655;0.7928026641007274  -0.6087782638721009  0.029205500024144557  8.573275352598689  0.06338143678693274  0.1300101772021287  0.9894847888142068  2.825926963539361  -0.6061738440955811  -0.7826150901054383  0.14165765589492335  12.385212830795409  0.0  0.0  0.0  1.0
26875431820991;2.9933660743599426;0.0068210634062770715;0.4669058319406575  0.3860476409181878  0.7955917062421555  -1.2470210700784543  -0.8336016962339794  -0.1081272055112322  0.5416795357627648  4.838850299930345  0.29513921483875183  -0.9161199301236896  0.2713247454518871  3.290422750282426  0.0  0.0  0.0  1.0
26875431821022;1.656409031130035;0.027150936004904352;-0.854822006004586  -0.23743676621310614  -0.46141426083353504  11.795496733735721  0.5084467384015514  -0.5609898246357932  -0.6532781420374676  8.198109617846027  -0.10373645578637666  -0.7930411078281906  0.6002703966009958  4.7692122233039145  0.0  0.0  0.0  1.0
26875431821053;1.9984878364331908;0.014775410932776427;-0.7048809011658758  -0.7090768326531798  -0.018787244771867162  17.590655183309813  0.709294307323559  -0.7043533656454536  -0.028069946603354434  12.326544201219587  0.006670889743980585  -0.03311165502443064  0.9994293959713048  0.7572305525751739  0.0  0.0  0.0  1.0
26875431821084;2.6465098846802793;2.6465098846802793;1.0  0.0  0.0  0.0  0.0  1.0  0.0  0.0  0.0  0.0  1.0  0.0  0.0  0.0  0.0  1.0
26875431821115;1.5027097041887814;0.03730130899233292;0.9814578769055324  -0.18152653164306715  0.06155123207315333  2.1752491602379753  0.04627499973620258  -0.0872241077336928  -0.995113350040826  6.725081913290394  0.1860082263221151  0.979510119059369  -0.077206647387393  -6.258093653634937  0.0  0.0  0.0  1.0
26875431821146;3.393986024931288;3.393986024931288;1.0  0.0  0.0  0.0  0.0  1.0  0.0  0.0  0.0  0.0  1.0  0.0  0.0  0.0  0.0  1.0
26875431821177;4.551379335696718;0.014314168661766756;-0.44522716010805863  -0.16679381118183828  -0.8797457589858283  6.693836073417271  -0.410604283943512  -0.8350782322462383  0.36612630066103413  8.771789667729887  -0.7957241343011721  0.5242367505048988  0.3033132564045225  -5.43208054261207  0.0  0.0  0.0  1.0
26875431821208;2.543233512385254;0.09562782716742943;0.2728694104365465  -0.8323774789622816  0.48237953663521693  2.839238232652135  0.05351300306192175  0.5137633456315598  0.8562613988664678  1.9352024608695584  -0.9605616291270981  -0.2078339654672967  0.1847333198067751  5.230431491510203  0.0  0.0  0.0  1.0
26875431821239;2.014421766667579;0.026419800046313866;-0.9633008969062482  0.2366400434386272  0.12669992841742794  11.36625714650209  0.12994515024210646  0.8241368249967553  -0.5512828236149058  0.47051447242281075  -0.23487366806045565  -0.5145871972033811  -0.8246419686907738  5.716516799449138  0.0  0.0  0.0  1.0
26875431821270;2.8934216940175648;0.016084316403740792;-0.2561658143300352  0.9643083517680755  -0.06699610644632475  8.46973442275002  0.028989158234515033  0.07694146245232822  0.9966140878296634  2.01415579335149  0.9661980667924587  0.25335629865080167  -0.04766425978111344  -0.668616595036529  0.0  0.0  0.0  1.0
26875431821301;2.825654895817324;0.041454016900023004;0.18129646593391496  0.3221715253200679  0.9291593510872145  4.747134090596878  -0.3140790611697217  0.9143043236940487  -0.2557380437266119  -1.2028328568316944  -0.9319259277295693  -0.2454650931340524  0.26694747288197324  1.352592247638481  0.0  0.0  0.0  1.0
26875431821332;1.854867411473609;0.07930536770073446;0.6311253858702508  0.22870805043542267  0.7411972578039909  2.1923546320305594  0.7756480950582106  -0.17729992605151057  -0.6057514084628269  -4.041768622557949  -0.007126004679814253  0.9572133324855839  -0.289295447888739  -0.04762817685984344  0.0  0.0  0.0  1.0
26875431821363;4.467403769838114;0.021907427421110674;-0.5739299165174881  -0.485416234348382  0.6595267472644806  10.296473084487765  0.7087787210958291  0.10893774713447885  0.6969686447545727  2.3463314522809884  -0.41016725301758306  0.8674696805539093  0.2815300656621048  7.763932516876214  0.0  0.0  0.0  1.0
26875431821394;5.784727726475907;0.032281825704614;-0.1827226819946143  0.9195626528307945  -0.3478749042450259  3.864415344798627  0.6723830389086869  -0.1412687498057737  -0.7265976805056792  10.324603509387858  -0.7172959434380025  -0.3666710621894027  -0.5924853261307671  16.358874405111777  0.0  0.0  0.0  1.0
26875431821425;1.4999174095934682;0.014118654311299533;-0.6572900144922026  -0.753158937384708  0.026859856410240884  17.260665109254337  -0.22845366820939095  0.1651574355484622  -0.9594435590303005  11.903072475818691  0.7181773863959481  -0.6367689035439734  -0.2806182551953671  4.625590984038771  0.0  0.0  0.0  1.0
26875431821456;2.5138223759986826;0.005593404849648107;-0.19030570665149607  0.9790970189891903  0.07178276549670293  -3.0995743470263815  0.14205639306661658  -0.04488580001963105  0.9888403542258477  5.414208188819927  0.9713926699356842  0.19837916312727408  -0.1305449670885277  -5.332486885633317  0.0  0.0  0.0  1.0
26875431821487;2.043897772459037;0.019324972706681494;-0.0874591779701439  -0.9929475211351423  0.08003819376000486  7.814715631161258  -0.864183731859246  0.1155922520799903  0.4897192142941731  7.522374909863629  -0.4955172749547826  -0.026337265056441347  -0.8681986977015886  4.737451020992418  0.0  0.0  0.0  1.0
26875431821518;1.5491762003112224;0.021252745937642672;-0.09629698306220935  -0.8836470988603058  0.45814265870892484  14.602813486758354  0.7707740892263072  -0.3574348755363944  -0.5273970166085882  8.522464506083672  0.629789007867297  0.3023377489266734  0.7155121879768915  -4.426906689031195  0.0  0.0  0.0  1.0
26875431821549;1.5883996969544905;0.026727485054915748;0.048103021822731185  0.6090659655144395  0.7916594905282728  3.3014896901767967  0.38418354437856106  0.7203232214766901  -0.5775270217315984  -2.7114912097366854  -0.9220027676315554  0.3319233439416499  -0.1993433977495742  6.094711940496074  0.0  0.0  0.0  1.0
26875431821580;4.425160905918537;0.022271895660665505;-0.416573306430254  -0.6153118074829781  0.669221981065922  3.1862490476290706  0.8809457960873814  -0.09143076169404862  0.46430046324768687  -11.401883769644218  -0.2245020817848609  0.7829634700214803  0.5801439647933841  -2.672899520859119  0.0  0.0  0.0  1.0
26875431821611;3.353273937562721;0.02968958890339202;0.5598586762053962  -0.2360124536837846  0.7942646815663537  1.2992129163742727  0.7128725694945609  0.6257940448675829  -0.31653516877353716  -6.3431309327530165  -0.422339865913418  0.7434244649689898  0.5186030298270609  2.7737001241404298  0.0  0.0  0.0  1.0
26875431821642;1.3671223414634766;0.010084934918574581;0.6118504635494666  0.4575392465401338  -0.6452107005698139  1.2486675711872968  -0.664962817258701  0.7392668160844055  -0.10634390579529501  2.865149699580167  0.4283263497821206  0.49410769323287546  0.7565673304937317  0.4089195605226479  0.0  0.0  0.0  1.0
26875431821673;4.231146946497155;0.018447285645280982;0.1673875725924516  -0.8895251431362398  -0.42511930122032704  10.151051725582183  0.9783080097784127  0.09648557107157138  0.1833138635739119  7.132878931399387  -0.12204441218265072  -0.44658208014142836  0.886380057961339  11.74895570662462  0.0  0.0  0.0  1.0
26875431821704;5.916097515817769;0.0275396639969993;-0.4601304579096758  -0.5808060338516988  0.6715238735482846  0.688977840340188  0.6862310904635732  0.2472627214367869  0.6840672752506514  -9.968166399595736  -0.5633532215093906  0.7755807486194679  0.2847940487191728  -3.0698510953490983  0.0  0.0  0.0  1.0
26875431821735;2.456523073906335;0.020266108402110013;-0.8975075328877312  -0.1701417407425534  0.40685626020361676  5.109848409977714  0.09321707892326617  0.828539449784471  0.5521167959298657  -2.8516757384383586  -0.4310345747231802  0.5334549354987173  -0.7277602814012771  5.3422294841792315  0.0  0.0  0.0  1.0
26875431821766;3.6833967010897686;0.03330821781189467;-0.2803213630110597  -0.2105611296308552  0.9365275992346402  -2.218347838651495  0.8927249628012651  -0.41576285395727874  0.17373367566703238  -2.1276910260743476  0.3527918284641818  0.8847628269530068  0.3045203865277703  2.6368277092050434  0.0  0.0  0.0  1.0
26875431821797;3.7834060321852396;0.022796931339229068;-0.40756345924199405  -0.7255486202968875  -0.5545008803202952  14.362376294245168  -0.5739956050849568  0.6758135856556853  -0.4623905738511121  6.3640318647900935  0.7102260710744531  0.12982756651993926  -0.6918986420984345  -10.324442723074306  0.0  0.0  0.0  1.0
26875431821828;3.309200691813214;3.309200691813214;1.0  0.0  0.0  0.0  0.0  1.0  0.0  0.0  0.0  0.0  1.0  0.0  0.0  0.0  0.0  1.0
26875431821859;1.3587079118313974;0.017495562654510424;-0.048336527450414404  0.8749855635379289  0.48173005274141667  5.14309676682117  0.7647681766372776  -0.2778108308053483  0.5813353406512769  -3.421058495470584  0.6424898568202686  0.3965115457177193  -0.6557327031615976  -2.3026136928222622  0.0  0.0  0.0  1.0
26875431821890;5.99180136419761;0.04444350840850145;-0.3570131638132494  -0.9339711074678386  0.015478090300575953  6.184132582720631  0.9340242033445998  -0.3567252475344613  0.018597992847684125  -10.131376232877834  -0.011848562382796912  0.021096639229419206  0.9997072288338645  6.178521722951478  0.0  0.0  0.0  1.0
26875431821921;1.334025833505696;0.02670853199415727;0.6467294677202862  0.6027060035989137  0.4674253617510086  0.3859120794052875  -0.6771056262923854  0.7357896749688717  -0.011896430237581218  -1.1254816058719814  -0.351096804920568  -0.3088025703180392  0.883952490883724  1.3706223660439174  0.0  0.0  0.0  1.0
26875431821952;1.5331962113685564;1.5331962113685564;1.0  0.0  0.0  0.0  0.0  1.0  0.0  0.0  0.0  0.0  1.0  0.0  0.0  0.0  0.0  1.0
26875431821983;5.104278779962253;0.03609031679396722;-0.8818200664918923  -0.44143179710721553  0.1659257027555689  14.280113529608371  0.4470002691118265  -0.8945239449751181  -0.00420372217284426  25.820857302169664  0.1502801708349784  0.07046190721833734  0.9861292967379909  5.596932842622385  0.0  0.0  0.0  1.0
26875431822014;4.051816939242429;0.04126607862160681;0.4606175555825438  0.18642785563656827  -0.8677995863861153  -1.9965132027389418  0.20988298852116277  0.9270902457562177  0.3105685227982727  -1.4035132715096383  0.8624271555433463  -0.32518968444036883  0.38790600732005387  4.076119747971953  0.0  0.0  0.0  1.0
26875431822045;4.351333545702148;0.017532816602445614;0.8440342945857269  0.1820869424189296  -0.5044308227732516  -1.7859376162344915  -0.4408724306475852  0.7711371349529655  -0.4593245247005887  12.617755606879992  0.30534834117457427  0.6100752941211901  0.7311433006223054  -6.246876536902747  0.0  0.0  0.0  1.0
26875431822076;1.1412009696094776;0.015712109171459085;0.8592449233253381  -0.4642748861465779  -0.21481850905640257  2.041120697062604  0.49783246329507097  0.6622402628976382  0.5600006006129177  -4.368469340095238  -0.117732749178787  -0.5881213006607132  0.8001576941328225  1.1838825793582983  0.0  0.0  0.0  1.0
26875431822107;1.4325003679545003;0.07236283310472062;0.45538615592202314  0.6959859208159451  -0.5551819945031926  0.01993224784470704  0.27959678804129645  -0.7038451177734694  -0.6530143078857003  -0.05341333518761626  -0.845250900686626  0.14214657298869623  -0.5151167505294464  1.1608654449697837  0.0  0.0  0.0  1.0
26875431822138;4.104686773760169;4.104686773760169;1.0  0.0  0.0  0.0  0.0  1.0  0.0  0.0  0.0  0.0  1.0  0.0  0.0  0.0  0.0  1.0
26875431822169;2.4370489578780687;0.017711020296695575;0.5874244634671273  -0.5407194073199537  0.6021254207122599  6.960530620282924  0.6840572360061841  0.7293227436092348  -0.012411024207466231  1.9869714361052946  -0.4324328821770356  0.4191787902576378  0.7983050445852173  1.8916621353083478  0.0  0.0  0.0  1.0
26875431822200;3.7431807365241796;0.013372365825463875;0.5221388613286922  0.004564910340572881  0.8528482696728411  -1.6946638857893008  0.7246779471454768  -0.5296290707508966  -0.4408343456861766  0.8350916701795151  0.4496808672952345  0.8482170765842462  -0.279848009782956  -7.100522950810761  0.0  0.0  0.0  1.0
26875431822231;2.9987588218906187;0.018962050794962212;0.45344297784384024  -0.8912742427715389  -0.0044373433639587345  0.04395977523185923  0.2739373773432081  0.14410200815349616  -0.9508905954632499  -4.731941548269419  0.8481437255196994  0.4299591090070645  0.3094953722487882  -0.30831546152987954  0.0  0.0  0.0  1.0
26875431822262;1.4232017099761387;0.019687750676461828;0.5378868690319525  -0.02374037064883608  0.8426826869732518  -0.16730404671750065  0.37702271943560706  0.9008385693042569  -0.21527596494555568  -0.8125781074044776  -0.7540103349108577  0.4335046330263569  0.4934998966487236  0.7692685096767107  0.0  0.0  0.0  1.0
26875431822293;1.6014741833671042;0.020425075728754048;-0.6139439128224944  0.056673021078193074  -0.7873125431428591  8.940838292644731  0.46593850510953383  -0.7790950372063848  -0.41941892238747974  18.02502859709618  -0.6371610325219977  -0.6243389237283328  0.4519145128818601  11.723137165062587  0.0  0.0  0.0  1.0
26875431822324;2.782792515369427;0.023820907721037576;0.5001110386943193  0.8658225074998127  0.015502725012908183  0.6433192833759689  0.693599059449089  -0.411222477065856  0.5914528037698019  -0.5306513141511735  0.5184682186088438  -0.28503940054413257  -0.8061905769915775  -3.71594317675198  0.0  0.0  0.0  1.0
26875431822355;3.517315059062168;0.03942959190341683;-0.20625239573424792  -0.7873288977246868  0.5810104612324238  2.303059095421628  0.9393267364332573  0.007011491239089784  0.34295206838893877  4.394457584628159  -0.2740898237358156  0.616493346110268  0.7381129471335913  1.8248723372399742  0.0  0.0  0.0  1.0
26875431822386;2.6396216123483303;2.6396216123483303;1.0  0.0  0.0  0.0  0.0  1.0  0.0  0.0  0.0  0.0  1.0  0.0  0.0  0.0  0.0  1.0
26875431822417;3.186775984733459;0.009668876536731937;0.673476553836281  -0.7286595847400076  -0.12443689565127941  14.841460252412217  0.7382783426819158  0.6714727409041696  0.06379221699773485  -4.3191049261737255  0.03707317304535678  -0.13483162755511963  0.9901747381402877  -0.22167930053112617  0.0  0.0  0.0  1.0
26875431822448;3.9599817839126596;0.02286097954609015;0.4026504660503039  0.18142698109075775  -0.8971938768860193  7.300630322315719  0.31547266847528016  -0.9476142524054397  -0.05004222300381753  -1.372307966709355  -0.8592727143547373  -0.2628906220662343  -0.4387925742250769  6.769716839096701  0.0  0.0  0.0  1.0
26875431822479;2.9073535472467738;0.017526055536461825;0.4700994414551559  0.0214031463194672  -0.8823539088547055  7.789718340385827  0.6522597241116642  0.665072346965002  0.3636427169685105  -2.824816023447629  0.5946122832950281  -0.7464721552945508  0.2986897285220597  3.4870664364914044  0.0  0.0  0.0  1.0
26875431822510;3.7711636163769215;0.014454808155458387;-0.9936835051012715  0.11145660326056867  -0.013058226497804637  7.419914374066487  -0.1113758195334612  -0.9937553623029203  -0.006760674333357558  -3.169347799353612  -0.013730204401306317  -0.005263599890572346  0.9998918821569115  -6.623834054597761  0.0  0.0  0.0  1.0
26875431822541;2.7225886157360173;0.03325292447703264;-0.08727538944252486  0.8909878181059445  0.44556000088031245  3.0764378776378143  -0.9561388974299159  0.05061770610686594  -0.28850694385054876  5.843424484043488  -0.2796093975873492  -0.45119680386200356  0.84749043001414  -2.8655280564595667  0.0  0.0  0.0  1.0
26875431822572;6.3174187801669905;0.028255652384046114;0.5699038430167704  -0.8089071454692993  0.14449512006786294  1.1728731389203553  0.7841800523531144  0.5879363831826696  0.19847532547283317  -3.0381651478481655  -0.24550204725456443  0.00019834008861430164  0.9693960519081077  -8.981210211526642  0.0  0.0  0.0  1.0
26875431822603;4.291318477345014;0.020096963629984636;0.63042838779705  0.7761319060317053  -0.01339075424335074  2.968070215117464  0.6213632576988464  -0.4942247755800216  0.6079881357269693  -6.559714936678933  0.4652609481156682  -0.3916135028857799  -0.7938331780141467  -6.213848632863536  0.0  0.0  0.0  1.0
26875431822634;2.1517287473981175;0.024137517421123286;-0.8986867703457065  -0.27137302846315003  -0.3445559000051248  8.025259178729232  0.29018018077533214  -0.9569668366620578  -0.003152176107035609  7.2534211180207855  -0.32887315410473694  -0.10281611231588722  0.9387605102247586  3.4249951359418747  0.0  0.0  0.0  1.0
26875431822665;1.5906219386342715;0.008179090723135404;0.1372455554753707  0.4957496462100297  -0.8575522991543361  3.0070133841427307  0.32359917360141477  -0.8406827262651566  -0.4342074718425118  0.642398869278769  -0.9361876053156969  -0.21791016966175433  -0.2758041435715697  5.015390051859055  0.0  0.0  0.0  1.0
26875431822696;2.534146944068928;0.010066964866028415;0.0984015340767313  -0.8853567864330332  -0.4543792455739132  2.5222498463622296  0.9894236527169759  0.03814346756823461  0.1399496742621018  -0.5803800273643449  -0.10657379384981677  -0.4633448355154545  0.8797463213140555  -1.0886290253496675  0.0  0.0  0.0  1.0
26875431822727;3.2280913866871095;0.025030019488676076;-0.15885669088968213  -0.16109087036902217  0.9740709847045705  -1.870799881845623  -0.5232544247566324  -0.8229064861646527  -0.22142656119072923  0.13661280380481333  0.8372391287632147  -0.544862043559557  0.04643269059528482  0.9408131081940283  0.0  0.0  0.0  1.0
26875431822758;5.123607463454776;0.018644314787859727;0.031048171173112107  -0.6004718117183319  -0.7990429365175005  10.247208909616603  -0.7015725638958706  0.5563121669210607  -0.4453231529172585  4.018906275086804  0.7119213079093636  0.5744130711145934  -0.40400207311017855  1.0526194554052828  0.0  0.0  0.0  1.0
26875431822789;3.4449919855173357;0.030498610104718177;-0.5633700964411528  0.5187797819848116  0.6430254055942729  4.591210880192088  -0.4038377761801048  -0.8518867026400484  0.33347278209019476  9.608637542643155  0.720783729676104  -0.07180935641584846  0.6894303673072052  -0.66059240095462  0.0  0.0  0.0  1.0
26875431822820;3.2885712155089486;0.03537949335314746;0.3909228610732783  0.33586369099216723  -0.8569567653991658  1.26023831705401  -0.9024874752859654  -0.04303780506836874  -0.42856050248110994  -1.3836249859604595  -0.18081945039803254  0.9409268454072374  0.2862883126321059  -0.2517530775850918  0.0  0.0  0.0  1.0
26875431822851;5.9287144767363475;0.005334045110263441;0.8425802285322026  0.24027878268501493  0.48200068991447487  4.789383618786946  0.1892582280288312  0.7057859828931508  -0.682676694691519  8.138288203879037  -0.5042220558543717  0.6664324819086759  0.5492065781170453  3.412270372880699  0.0  0.0  0.0  1.0
26875431822882;5.41078833518639;0.015734986038759932;0.15051376603540478  -0.872954327981645  -0.46400037445238607  -5.872105178053349  0.008625635175024602  -0.46816974695148333  0.8835964500026082  0.2790639255997647  -0.9885702831117609  -0.13699572729650783  -0.0629362061998817  4.383888636113291  0.0  0.0  0.0  1.0
26875431822913;4.777035883166865;0.020186933643342876;-0.8430030323659159  0.465938397413945  -0.26878857348703633  3.091093801957146  -0.17090588486991837  -0.7058045084466246  -0.6874817629386611  5.361055735766714  -0.5100363378610397  -0.5336116618588319  0.6746269549829409  -0.8671510396214922  0.0  0.0  0.0  1.0
26875431822944;2.976285503595206;2.976285503595206;1.0  0.0  0.0  0.0  0.0  1.0  0.0  0.0  0.0  0.0  1.0  0.0  0.0  0.0  0.0  1.0
26875431822975;3.393796302193077;3.393796302193077;1.0  0.0  0.0  0.0  0.0  1.0  0.0  0.0  0.0  0.0  1.0  0.0  0.0  0.0  0.0  1.0
26875431823006;5.039958847236191;5.039958847236191;1.0  0.0  0.0  0.0  0.0  1.0  0.0  0.0  0.0  0.0  1.0  0.0  0.0  0.0  0.0  1.0
26875431823037;5.369728603719778;0.034837958089347115;0.7142873638908802  -0.6997068924607128  0.014276779356355754  1.01511892948876  -0.22997527521752525  -0.2539366423137241  -0.9394825993487348  8.664529641747341  0.6609878475240226  0.6677772430484619  -0.3422990199988231  2.180963517856485  0.0  0.0  0.0  1.0
26875431823068;4.204830814786546;4.204830814786546;1.0  0.0  0.0  0.0  0.0  1.0  0.0  0.0  0.0  0.0  1.0  0.0  0.0  0.0  0.0  1.0
26875431823099;2.356510122240444;0.04507144767292202;-0.4981267841341925  -0.8661886694096907  -0.03983586216459964  15.69789420405849  0.3462179536588075  -0.1565621267583421  -0.9249980697435063  5.6039667017797665  0.7949860599359183  -0.4745582044925299  0.37787785732481105  2.0796310209930184  0.0  0.0  0.0  1.0
