# registration_from_features.py RANSAC RANSAC_config.json euclidean --input_txt=/neural_comparison/point_clouds_registration_benchmark//eth/apartment_global.txt --input_pcd_dir=/neural_comparison/point_clouds_registration_benchmark//eth/apartment/ --input_features_dir=/neural_comparison/experiments/FPFH/features_voxelgrid_0.2_compressed//eth/apartment/ --output_dir=/root/neural_registration_comparison/results/FPFH/test_1_ransac/
id;initial_error;final_error;transformation
13001298760030;4.310263072930483;0.1556498838769269;0.08324713340282558  0.4907965925215421  0.8672880833664528  1.505777366545411  0.22227940932298873  -0.8575277061561299  0.46393760072409457  -8.291916388476322  0.9714225542837862  0.15415880754549677  -0.1804807000344224  -4.833311068691731  0.0  0.0  0.0  1.0
13001298760061;11.165739862422033;0.2974778792306863;0.4480247343492214  0.8694450070611133  -0.20818073183608884  4.344288677122606  -0.8921863200609356  0.41990343630075605  -0.1663871223350613  6.343552990443818  -0.05724864808390573  0.2602815473277296  0.9638340668461806  -5.904226036971625  0.0  0.0  0.0  1.0
13001298760092;4.041875262067823;0.22385574855684937;0.11653185831600639  -0.9803423914734153  -0.15921407437033636  -0.02585853464200305  0.8653340001036195  0.17889659941167751  -0.4681806008193928  -7.21901398156872  0.4874601463320754  -0.08321539640669012  0.8691707562606961  -0.2916568359175624  0.0  0.0  0.0  1.0
13001298760123;2.6347404064812237;1.3797269388575424;0.8479004285677991  0.3300507622701666  0.4148871624423022  -0.7166676024464551  0.01227015968498096  0.7701495899392428  -0.6377452879463104  -0.27274974161246046  -0.5300134964468813  0.5458352347011862  0.6489603918135936  3.2794834397141557  0.0  0.0  0.0  1.0
13001298760154;4.655949543134552;0.14901276022909368;0.3700418261444673  -0.8975809889712167  -0.23961931295519837  -1.771461365296896  0.8477193430021863  0.4317521097723008  -0.308159100477514  1.5056864185700394  0.3800538940776833  -0.08909817026528005  0.9206631054038006  -0.5515849284991617  0.0  0.0  0.0  1.0
13001298760185;11.526736439495075;0.1840253440088644;-0.12245139032945654  -0.6052973029386148  -0.7865245273108917  -3.453077204490267  0.09448564872534954  -0.7959987158876924  0.5978783375320552  -4.708235627085731  -0.9879666589472198  -0.0011042465227042997  0.1546630578007695  -2.9190452297101794  0.0  0.0  0.0  1.0
13001298760216;5.6572197072150425;0.20410014702480997;0.5580823668772044  -0.4725564230174908  -0.6820810060730707  5.985037245509599  0.6408768274350737  0.7676076553334912  -0.007441742415231822  -2.7292835167085117  0.5270872449960184  -0.43297680600504973  0.7312387582890922  3.9358432196576167  0.0  0.0  0.0  1.0
13001298760247;2.8755933061249292;0.10147246415462002;-0.44762160286994973  0.8750878494287376  0.1840004250710419  5.764988125237481  -0.7786184599705301  -0.2802220953190255  -0.5614524655642144  0.37321738441574603  -0.4397592459940519  -0.3945843801738763  0.8067930171274047  3.6009693408553063  0.0  0.0  0.0  1.0
13001298760278;3.489631205271557;0.12210844330945084;0.5724361599963037  -0.4022812880820058  0.7144834553632198  1.933619208873499  0.8012445071155979  0.4595001218551983  -0.38323214613617446  -4.8003655461859465  -0.17413811342083105  0.7918518821560875  0.5853601576637184  3.2457684684177703  0.0  0.0  0.0  1.0
13001298760309;15.033436311598187;0.44380245244268496;0.9511768545933111  -0.30441480780671537  -0.050933447497442386  -3.8404822184838054  -0.28220543938456694  -0.7909403889095112  -0.5429303741488734  -10.776377574645583  0.12499072472682796  0.5307965014764815  -0.8382317058860219  7.113002834070262  0.0  0.0  0.0  1.0
13001298760340;6.506989460822594;0.4130321811107465;-0.25580294162929107  0.19269854823676216  0.9473289421110517  9.441901668292243  -0.43344718881104827  0.8530513613677135  -0.29056309018952936  4.701286862820148  -0.8641113293815792  -0.48494396003675877  -0.13468840357753767  3.072515721039536  0.0  0.0  0.0  1.0
13001298760371;4.91629017563752;0.07060987520683581;0.16540599481930002  0.9711209777631367  0.17194447774269617  7.051742446735331  0.9653535122707885  -0.12374685417124356  -0.2297374859033124  -2.3904101443587726  -0.20182530372649254  0.20398716290760083  -0.9579435182434393  -2.81443750705015  0.0  0.0  0.0  1.0
13001298760402;8.540013131131722;0.10804127009285033;0.7540561900591899  -0.009480150242832039  0.6567414932717384  -4.263276847113094  -0.06326579299905956  -0.9962948145577623  0.05825874974211648  -3.3729799573525963  0.6537558425510399  -0.08547964223537517  -0.7518620412640162  0.6572354505252105  0.0  0.0  0.0  1.0
13001298760433;5.8803617295845045;0.21093307226354882;-0.8754339616295832  -0.018690716760240256  0.48297622708837556  3.4186500242925995  0.03642288135157945  -0.9989618470422166  0.0273605896875892  -7.396930411814376  0.48196343485744036  0.041543775237601055  0.875205897031907  -0.944975282895306  0.0  0.0  0.0  1.0
13001298760464;2.166048600398045;1.2566198196920766;-0.870631123273618  0.49186966077117356  0.008104566624336743  7.875189888445026  0.27679006666402456  0.4761781092126588  0.8346506258925239  -0.07742951244404866  0.4066801030090385  0.72891607549807  -0.550720118296989  -0.8217144713906264  0.0  0.0  0.0  1.0
13001298760495;4.352922081343947;0.1723359920881589;0.29092275649554605  -0.9359061712232256  -0.19860409970420173  1.351610345990701  -0.9355995190434649  -0.23489254637882173  -0.2635887547322745  1.0233393533636015  0.2000437195181876  0.2624978672712529  -0.943968950739045  4.376593222448173  0.0  0.0  0.0  1.0
13001298760526;3.427592892868579;0.03466867358807771;0.4363148470404789  -0.08343032587235447  0.8959178170886408  -0.40877736833028955  -0.00971610300995026  -0.9960708722996453  -0.08802507994045324  -3.135462494813213  0.8997416026806493  0.029701819490661682  -0.4354111279292259  -0.37015184884513075  0.0  0.0  0.0  1.0
13001298760557;8.921254112295115;0.17449218815642498;0.7503292673067022  -0.6589620131279272  0.05267879912619117  -8.192844709963355  -0.3406140179743065  -0.3170827893474673  0.8851217969630105  -2.781184160950351  -0.5665581006237463  -0.6820759268248807  -0.4623681959905914  -4.145995556834471  0.0  0.0  0.0  1.0
13001298760588;5.635777697146662;0.17666621136032612;-0.38534236826213386  0.7282309546792277  0.5667370958999514  7.391491814261017  0.061705550977409734  0.633127534005002  -0.7715840528829767  -3.693741129030901  -0.9207082514025302  -0.26235320148937813  -0.2889067556627389  -6.174308630501484  0.0  0.0  0.0  1.0
13001298760619;9.801579940171315;0.16354473715442627;-0.3903906482818393  -0.14381684429966066  0.9093469398583651  -5.086678712325824  -0.41997325568838295  0.9067865597195676  -0.03688630665236861  -2.7199450997222643  -0.8192787109650694  -0.396301464049327  -0.4144002212255382  5.489365680307374  0.0  0.0  0.0  1.0
13001298760650;5.928008986154682;0.0921712903374929;0.2645678201292917  -0.11879198673348221  0.9570226394605021  0.6330871319558748  0.9641918038589781  0.013664037456409373  -0.26485365667016997  -0.1991122993940304  0.018385698877257217  0.9928251396738009  0.11815332457655538  1.2674528013105322  0.0  0.0  0.0  1.0
13001298760681;3.926177848256171;1.8154792105695845;0.9432873517281326  0.18820230520467723  0.27347552794605157  0.4253691143486167  0.09159242887130326  0.6442632883738852  -0.7592994417402954  -0.9240468298779598  -0.3190921482004555  0.7412858474092934  0.5904875048529854  8.471270018857885  0.0  0.0  0.0  1.0
13001298760712;3.640287511906044;0.12896161823077362;-0.22933236538622093  -0.10708894441870703  0.9674392095473743  0.4342580479386604  -0.7157224842929314  0.6921588537444575  -0.09304540107234124  -0.8231655593609704  -0.659657480563902  -0.7137563163758661  -0.2353803924918965  2.7365801744468117  0.0  0.0  0.0  1.0
13001298760743;2.23776059014918;0.07926668506949976;0.8212164756375798  0.040456479138773094  0.5691807915215399  0.29895097101216095  0.4002999696438972  -0.7517001327911972  -0.5241248369089095  -3.7840491978770014  0.40664903103842226  0.6582630049284174  -0.6335032611582372  1.4540079085486841  0.0  0.0  0.0  1.0
13001298760774;5.456665076952151;0.13246357162052536;0.6148381217576171  -0.7786862222475495  0.12498740462704966  1.6351961423822745  -0.5124583035774825  -0.2740014265459371  0.8138241243323285  -5.23851484372485  -0.5994669057821744  -0.5644209293892566  -0.5675107429285493  -4.953658639937042  0.0  0.0  0.0  1.0
13001298760805;8.825594568085958;0.20457388503997728;-0.21785737131922694  0.7427813873647198  0.6330987097968359  5.532932332194057  -0.9310067607542583  -0.35280746786064426  0.09355908321282137  -7.458543554507758  0.29285589833865344  -0.5690366431138706  0.7683962009288945  -10.240521938553721  0.0  0.0  0.0  1.0
13001298760836;4.000188739564292;0.18007248835596565;-0.9168139254768468  0.38227117312866105  0.11541653367941396  9.29461282034381  -0.0550428918812923  -0.4072601347091171  0.9116520513496671  -4.380213310396994  0.3955028522085249  0.8294624360822788  0.3944230736447507  -0.08574529570739053  0.0  0.0  0.0  1.0
13001298760867;4.334456072611078;0.0898053378703574;-0.3520800079593437  0.7315136914925231  0.583889875879287  1.864258233805125  -0.4245034302308492  0.43118014232239565  -0.7961661400669338  4.908078263506758  -0.8341681519439529  -0.5281774361195477  0.15872016335862757  2.241745166558726  0.0  0.0  0.0  1.0
13001298760898;8.680467736983655;0.1042494017851442;-0.5422290294959422  -0.2157530172500139  -0.8120580737357428  0.18881747436555862  0.8384618566437709  -0.07626026348007692  -0.5395980792844164  -10.259442832588391  0.054492151043713716  -0.9734654630552979  0.22225120407584895  -0.16730215321009623  0.0  0.0  0.0  1.0
13001298760929;4.363996845460841;0.3005034669188712;-0.38087037006836505  -0.9209024313745277  0.0829245023649197  0.9677516641495176  0.1842977810986166  0.012275049149308347  0.9827937988461813  -3.595465307002142  -0.9060751012394683  0.3895998396520012  0.1650450721985421  5.282989569716341  0.0  0.0  0.0  1.0
13001298760960;8.141769742702108;0.19565445728348224;0.5206589789816367  0.8185259426296111  0.24275400892283416  2.2048973732862733  0.14105653578918148  0.19795482137255838  -0.970008733159921  -1.413018459347175  -0.8420316391424711  0.5392857961579063  -0.012391478740578667  -4.655799380189978  0.0  0.0  0.0  1.0
13001298760991;5.538685950931398;0.10692939259362305;-0.39798495041535903  0.7727256808312825  0.49447244759108244  6.029446800137581  -0.8314244738165949  -0.07600272851732073  -0.5504152337978312  -3.357125619306338  -0.38773873108277834  -0.6301734740861074  0.672710984730116  0.22515911788434972  0.0  0.0  0.0  1.0
13001298761022;8.071467038641245;0.11391545697344053;0.437455482498715  -0.8947917731976593  0.08933299194366051  3.9067159561902107  0.8881139384687416  0.4454846697781169  0.11312400846073548  -7.0636638984765  -0.14101891053812105  0.029851157606900935  0.9895567569675683  -6.028144938424152  0.0  0.0  0.0  1.0
13001298761053;9.81526024076362;0.34389381729174207;-0.8987458778650157  -0.003767500061999496  -0.43845370675126516  13.641302216564851  0.2756147188869  -0.782567951211067  -0.5582328622270533  -2.844460720259919  -0.3410166766501851  -0.6225537789465228  0.7043680987707112  -1.8175550517814008  0.0  0.0  0.0  1.0
13001298761084;5.591627609591558;0.045438170148231156;0.4702643740153767  0.8823672423200661  -0.01671730278507049  4.8502568114941775  0.522635958234152  -0.29370657117845045  -0.800367481352952  -13.307203799299227  -0.7111280290444167  0.3676472490405437  -0.5992765860438105  2.4525577231070934  0.0  0.0  0.0  1.0
13001298761115;4.7915878266942675;0.13404265680420271;-0.4215099619140038  0.31305130363105277  -0.8510747518885481  3.7206559817446037  0.804187464918861  0.5627525411877671  -0.19129061308408918  -5.703308039672658  0.4190607035676716  -0.7650545462132805  -0.48895773645966517  -4.162387032430727  0.0  0.0  0.0  1.0
13001298761146;10.139080917100562;2.2012174230776007;-0.2836828473035378  -0.9574121723939705  0.053721264854955625  4.95808099774332  -0.7686249370957059  0.193532823399309  -0.6097218647397473  -2.2413087521231567  0.5733583070126221  -0.21425913847243594  -0.7907928131695866  -7.023188458398165  0.0  0.0  0.0  1.0
13001298761177;7.93887486463345;0.12115696808278369;-0.3436105315957342  0.939111505483422  -0.001175944368683124  0.7511669106945131  -0.9343218668061573  -0.3419838348954529  -0.10044752798380785  -2.7556224448375293  -0.09473358319178848  -0.03341611795018509  0.9949416622479854  5.340083793819805  0.0  0.0  0.0  1.0
13001298761208;3.7143332170860712;0.22396752467832434;-0.45960852019863563  0.7677825554921008  -0.4463966348919299  9.359450770638553  0.8870893209927806  0.37264325930002284  -0.2724142762022994  -2.0848206205326467  -0.04280823216844121  -0.5211976101060655  -0.8523617227904698  -0.9325750006353046  0.0  0.0  0.0  1.0
13001298761239;9.442007376163867;0.16427975280207763;0.01732261072788914  -0.3860539436081233  -0.9223135474350282  6.105142089676839  0.9671432441972717  -0.2275372843313569  0.11340515615564954  1.2979801075223791  -0.2536412276447702  -0.893973789808028  0.3694279236537582  -2.2572854529396844  0.0  0.0  0.0  1.0
13001298761270;3.3218855709366024;0.23489384108602435;-0.4651179606684162  0.3870180192132747  0.7961672785714619  9.309815088177086  -0.6066190608523618  0.5156757040362928  -0.605055272910891  0.12670715631990603  -0.6447314151445179  -0.7643923214363861  -0.005077524479512305  1.594103178907517  0.0  0.0  0.0  1.0
13001298761301;1.702374455622597;0.04032516938963275;0.7023890422539146  0.6455719881536597  0.2998106759822963  2.020305932629541  -0.5491152154144502  0.7594553243936948  -0.34885540048910046  1.4130814805750225  -0.4529040886567173  0.08040160670907441  0.8879264992760544  3.640416373285178  0.0  0.0  0.0  1.0
13001298761332;2.6966908062382884;0.08468423139614743;-0.21987569063492768  -0.7689200156897451  -0.6003471413603096  6.626030645087162  0.9433926148430241  -0.010944608690091562  -0.33149749591854083  -7.775349782034482  0.24832449522239186  -0.6392513003602756  0.7277999176011508  -2.488674932353632  0.0  0.0  0.0  1.0
13001298761363;3.780503688669632;3.598437519841396;0.48529790478546775  0.08925615718521174  -0.8697811690392954  2.043686851673725  -0.8284151571954338  0.3651258400424456  -0.42474868835837787  0.5785799610802087  0.2796681443062453  0.9266695523960131  0.25113595864088023  3.7920217132263625  0.0  0.0  0.0  1.0
13001298761394;9.713878523349894;0.2433824889148652;0.9301797782103276  -0.3568395360041996  0.0862039775932198  -0.2506943365621188  0.259043335179076  0.4716308621405454  -0.8428884151391962  -8.966747916677004  0.26011945468935177  0.8063683249116822  0.5311383942733201  5.501357059833584  0.0  0.0  0.0  1.0
13001298761425;4.539890497597582;0.20347716839053417;0.15410013459184185  0.9872042987018785  -0.04099781876282271  7.812661357643687  -0.9639579682203412  0.14110436098515702  -0.22555397317600795  0.19496752065223122  -0.21688288089032992  0.07427807170022366  0.9733676510143574  -3.7041005619375533  0.0  0.0  0.0  1.0
13001298761456;2.8219341713243176;0.16832449818604392;0.45420122558484577  -0.8571850947007092  -0.24276523659733543  0.21472946395808545  0.836587943102777  0.5040592028468701  -0.21458083204341039  -4.447591722518056  0.30630354247427183  -0.10563159304069106  0.9460550229343938  -4.5856565315808835  0.0  0.0  0.0  1.0
13001298761487;4.817878682726937;0.15945251914263756;-0.44050395388488667  -0.8144604696814112  0.37763793498285747  1.0367542027215353  0.33201598075867467  -0.538622189030374  -0.7743716975748688  -3.360159395206664  0.8340993077161956  -0.2157319652032674  0.5076790955484568  0.11832062966447099  0.0  0.0  0.0  1.0
13001298761518;2.4163432216525833;0.20294253231277518;-0.9750267646884416  -0.22127243159195248  0.01900839705434315  3.653293093839012  0.21951798285331092  -0.9731915340979607  -0.06863011849087697  -9.6131838276015  0.03368476428897932  -0.06274351741369955  0.997461070757828  -1.913812197210921  0.0  0.0  0.0  1.0
13001298761549;2.2392274259590965;0.13858187145054277;0.48952463906467714  -0.11375993945188774  -0.8645370460104649  0.30624184077762373  -0.5301287795381304  -0.8260132287967513  -0.19148269623696457  -8.214816797472054  -0.6923359768595085  0.5520514668295599  -0.4646612455513393  5.905467028810401  0.0  0.0  0.0  1.0
13001298761580;8.570690654168628;0.08538970932959972;-0.9328350589902377  0.35044773416824626  -0.08369670444540944  6.922954383963182  -0.34755493360988376  -0.9364598347921449  -0.047418835334686216  2.5110764267698924  -0.09499642541753317  -0.015144749499789605  0.9953624042128978  5.430184159360063  0.0  0.0  0.0  1.0
13001298761611;10.391644677470136;0.0886263795146329;0.5244458960124433  0.8234676621633492  0.21646595927982523  3.666005163668877  -0.8481335334712914  0.5276384802657335  0.047614530811197875  -3.9295198655379338  -0.07500674341156911  -0.20856328419474124  0.9751283735635512  6.415983132177586  0.0  0.0  0.0  1.0
13001298761642;10.080782196489423;0.32347073398612086;-0.7058727444314141  0.42892138239658284  0.5637110220599441  0.5790578382310185  0.4259895373769816  -0.3787723502435365  0.8216230405339984  -13.77962347849384  0.5659298390385576  0.8200963080114382  0.08464905712292589  6.745359373879375  0.0  0.0  0.0  1.0
13001298761673;5.377260718947195;0.1769436775632273;-0.9766309315741961  -0.21482825192395555  0.006391061556265648  8.302387333904502  0.21261423022406364  -0.9613638543780344  0.17485630844106997  -6.949510287402984  -0.03141993950897248  0.17212891003752695  0.9845732200961723  -2.8082394430304136  0.0  0.0  0.0  1.0
13001298761704;4.0697080635330884;0.19432428683016975;-0.7014839517370695  -0.594913084973107  -0.3924266642101747  -1.6072733475850725  0.6116642904399145  -0.21996246132329395  -0.7599232273126241  -7.154646385048754  0.365769136554713  -0.7731073256258661  0.5181872265963728  -3.560391323509183  0.0  0.0  0.0  1.0
13001298761735;7.748271368017596;0.09410517167290164;0.1069729424691844  -0.9411095842912868  0.3207328170527085  0.5294078669729241  0.9700987478590313  0.1694788798766915  0.1737392548564709  -7.274297716467352  -0.21786511648684026  0.29255710490573184  0.9310988837859016  10.714958132884433  0.0  0.0  0.0  1.0
13001298761766;4.3143958585213165;0.11134409104011798;0.2940569342775374  0.9556891100501528  -0.013742064431590206  3.872962571291877  -0.9519487309320448  0.2915581231685316  -0.09374153023773359  0.7684184470703502  -0.08558114909350366  0.040647087792231765  0.99550172334047  3.153360637431927  0.0  0.0  0.0  1.0
13001298761797;8.231005951784896;0.10806167133146985;-0.32719165167737596  0.16446759107463632  -0.9305353483660562  11.520627093536024  0.8873639998691354  -0.2850541220858723  -0.3623938178530402  -0.9349392374000489  -0.3248549750409874  -0.9442958005667291  -0.05267529044210961  -1.2037215934268808  0.0  0.0  0.0  1.0
13001298761828;4.4334073516756565;0.056462895718569175;0.7690069846948486  -0.5071951435721707  -0.38907755502899777  -5.708124691356604  0.6263144438903628  0.7195994740982012  0.2998446501972284  -3.653429129390751  0.1279002535761502  -0.47426752283326096  0.8710406660545527  -0.1759715029476292  0.0  0.0  0.0  1.0
13001298761859;2.6655230457662435;0.10187291311398455;0.7941602688961646  -0.21095101304533312  -0.5699202903932439  0.4179509865163492  0.6073832672983628  0.3061976382269731  0.7330269933298429  -3.3548398696326527  0.019875460063536743  -0.9283009622096554  0.3712981142530771  -0.8102377157080123  0.0  0.0  0.0  1.0
13001298761890;6.637126318209209;0.08919970925489082;0.5609859689551897  0.8275128802079195  0.022741497870661154  6.283985764347271  -0.8266979442123004  0.5614437750090031  -0.03676134571528139  -8.107461237987414  -0.043188559487034865  0.001822249608200488  0.9990652770143708  2.1449027379750434  0.0  0.0  0.0  1.0
13001298761921;6.263021266226115;0.09291016370559517;-0.7410252774028114  0.6713562841028324  -0.01273884004624809  4.618109816696434  -0.6709749267580795  -0.7410713888017197  -0.02461390585586501  -3.835104035221799  -0.025965090257446366  -0.009692084147794766  0.9996158650165552  6.27955158005474  0.0  0.0  0.0  1.0
13001298761952;8.524152599894595;0.2675686366032054;-0.4611455163450058  -0.04002023050024016  -0.8864215666970237  -2.02326568871245  -0.04508021582056915  -0.9966356366923632  0.06844838797501962  -5.479774998193175  -0.8861786427670605  0.07152474275043263  0.45778993466219364  4.477882016847165  0.0  0.0  0.0  1.0
13001298761983;3.259695949088397;0.06913388786591834;0.9789055700487086  -0.18921929498982815  -0.07707102783256092  1.8418749662027074  0.11713648825394048  0.21069452082148105  0.9705085584451802  -2.1650639178950226  -0.16740050193219091  -0.9590640631883569  0.22841452373588608  -5.240023808614237  0.0  0.0  0.0  1.0
13001298762014;4.304140440760447;0.17825237228944305;-0.9027861527843117  -0.14779564023921987  -0.40389802062795477  0.7397251462246737  0.14650998418705208  -0.9886150288337939  0.03428045066019281  -7.887110967425379  -0.40436615446203017  -0.028227176448155755  0.9141614953799766  1.9982999700201987  0.0  0.0  0.0  1.0
13001298762045;5.169410619190491;0.08035219993616148;0.3899840460897224  0.8783816651182972  -0.2763296838551693  6.8028946904407075  -0.7854931890883485  0.16073439201429862  -0.5976327510433228  4.17141505290245  -0.4805339672606987  0.45012232293877885  0.7526466639140125  -0.03727697049261103  0.0  0.0  0.0  1.0
13001298762076;7.251100765186261;0.18265445170454378;0.5233866859704358  -0.6613575042093984  0.5372826337923082  2.8872041329373923  0.8347640522737817  0.2714401103660863  -0.4790503559292085  -1.4776516242404716  0.1709834903736  0.699232806803544  0.6941456100194678  7.3901607994770115  0.0  0.0  0.0  1.0
13001298762107;3.6083033742486865;0.032164917327852136;-0.15228143797417357  -0.17884777174362426  0.9720204926805084  0.5472099679672713  -0.3505699629870307  0.9293163236545054  0.11606839208219275  0.9210833407689032  -0.9240730840684579  -0.3230861264920146  -0.2042162828194561  7.617138921140293  0.0  0.0  0.0  1.0
13001298762138;7.232928857269941;0.07952603727558422;0.832288278373324  -0.4682133087410357  -0.2967701453989956  -2.9528050331559763  0.01498690176451517  -0.5161538015653716  0.8563647855354146  -4.061947418661924  -0.5541404284636429  -0.7171900380285463  -0.42257169201774825  -4.275635974612183  0.0  0.0  0.0  1.0
13001298762169;6.764347421644368;0.15072750174167096;-0.6198416544505256  0.1751480440709138  -0.7649310335358147  9.687628876433559  -0.4919037368829844  0.6727653887107776  0.5526458589308274  -5.559107004681288  0.6114139653692837  0.7188253573789463  -0.33085203420931103  5.958958016361059  0.0  0.0  0.0  1.0
13001298762200;2.173201777732865;0.09979174041829747;0.42903233444531713  -0.4528615370933223  0.781567453404935  0.936563561804177  0.8755135893465078  0.42139606958525905  -0.23643457320724104  -4.113982649298361  -0.22227732873596506  0.7857110033336487  0.577278969277796  4.516521913801551  0.0  0.0  0.0  1.0
13001298762231;5.881331751981235;0.19827837124363654;0.9078712345757483  0.21712135665843188  -0.3586476514808232  1.2256029985070258  -0.4172816988445426  0.5507409469837657  -0.7228833883309521  -3.2976181592042306  0.040568525229791486  0.8059421355148444  0.59060263203143  3.422770499600574  0.0  0.0  0.0  1.0
13001298762262;12.753530724937347;0.15720606434955056;0.5793598907840896  -0.8148448017412754  -0.019237100245867778  -7.838191932912832  0.81227803270371  0.5791656730233756  -0.06907619545380259  0.047153311244084395  0.06742784690051182  0.02439410311125778  0.9974258935859641  -4.575333894707461  0.0  0.0  0.0  1.0
13001298762293;4.0873319758586355;0.19205399906892018;-0.7261497092642777  0.2889504444220127  0.6238703714744964  8.413585527830065  0.684841639007801  0.38424544996993026  0.6191505177729516  -1.7895104706086427  -0.06081553433551168  0.8768483762006559  -0.4769050177317903  3.064296895918079  0.0  0.0  0.0  1.0
13001298762324;5.257805486369847;0.11542027288858857;0.5237861717395529  -0.5971291059368555  -0.6075235609731318  0.39044973789345905  0.478408708223968  0.79629030519083  -0.3701984032307118  -0.8122295392940972  0.7048213633183216  -0.09673975760847142  0.7027576147634098  1.421133566235624  0.0  0.0  0.0  1.0
13001298762355;3.940223826782666;0.042833032340789376;0.1926696242563672  -0.9728023281526502  0.12858478226327147  -2.1775312235762287  -0.04910044029819481  0.12131817274262942  0.991398531229955  -8.68388607615042  -0.9800344701343076  -0.19732595192516433  -0.02439069587761264  1.987944753417573  0.0  0.0  0.0  1.0
13001298762386;9.483249247669189;0.13839804224765864;0.4871877494836842  0.7726985340847039  -0.40692145701151405  7.646409882594334  -0.27572779762568145  -0.30602380970999843  -0.9112209443966208  -9.181484627404211  -0.8286267424899553  0.5561352383314053  0.06396341389073051  0.29393798022946216  0.0  0.0  0.0  1.0
13001298762417;6.696026314562576;0.17918184619295938;-0.7979610037964178  -0.5975853329407151  -0.07842197571056127  7.5053042555262675  0.600455229035724  -0.7994608457639026  -0.01777284485168458  -4.682935006598297  -0.052074507620044036  -0.061270922504887415  0.9967618169410035  -3.263363271438138  0.0  0.0  0.0  1.0
13001298762448;6.742317045442832;0.08596099065092046;0.7402039207511233  -0.04936145157597356  0.6705681194352879  0.8238008863766629  0.3699395448287791  -0.8028871815536367  -0.46745791989090835  0.5226286823447759  0.5614649489296207  0.5940838499699954  -0.5760394867787165  0.36275656862386907  0.0  0.0  0.0  1.0
13001298762479;4.7976364578938275;0.16088767425510644;0.4900543629884202  0.793154797766487  0.3615967202506369  3.5078404450075555  -0.7966405685721136  0.575901360026218  -0.1835794869397267  3.2890913461626274  -0.353850993811116  -0.19809868828428973  0.9140822631902066  -4.653499804715626  0.0  0.0  0.0  1.0
13001298762510;3.641411788076855;0.09738191842620798;0.6759776385564391  -0.6983166814327375  0.23538913442304413  -0.7818059911543638  0.7277799837205751  0.6827763666170898  -0.06444166730341991  -0.17260429948327483  -0.11571744668519093  0.21487262650680877  0.9697624590128888  -1.8750311282043404  0.0  0.0  0.0  1.0
13001298762541;3.070002262790549;0.14419959027263762;-0.8842734248730308  0.4501231777824761  0.124296560235294  3.0131474582629094  -0.45098952407265863  -0.8922407977138687  0.0226893823546806  -7.934130093222741  0.12111547894483861  -0.03599282870135645  0.9919856637280791  -2.471753618886029  0.0  0.0  0.0  1.0
13001298762572;5.3165421424298245;0.16329757219522645;0.7341895440712334  0.6738457356555372  0.08305201933321207  3.9660660177456206  -0.5615856801698279  0.6714659973572311  -0.4834820971052092  2.639848210893531  -0.38155895639424847  0.3083266756735575  0.871405430246694  -1.4544199701941833  0.0  0.0  0.0  1.0
13001298762603;8.701034267553123;0.09032084006548347;0.5574864662129666  0.6173013969803068  0.5551106423727992  3.555163761891346  -0.7132768312401973  0.6982927198736626  -0.06019501131644535  1.549012544483661  -0.4247881848702047  -0.36238965583692534  0.8295955251428684  6.308116120718442  0.0  0.0  0.0  1.0
13001298762634;3.6983118308243395;0.11947454339018587;-0.3270133142249516  0.9393994405713256  0.10291250348667436  3.045912215647427  -0.7225028310334431  -0.31872158214026636  0.6135195288062696  -2.5386927840396787  0.6091403380734813  0.12627447933880734  0.7829449561747235  2.455934752406132  0.0  0.0  0.0  1.0
13001298762665;3.264462073407414;0.31568947462785024;0.21502623741641314  0.30236951747365204  0.9286206933540153  -0.3440264554726502  0.7099132154514675  -0.7013759264309208  0.06399247104563756  -1.545276660093359  0.6706615716961123  0.6454800420817978  -0.3654703428791207  -0.12455454428114932  0.0  0.0  0.0  1.0
13001298762696;11.28400940315467;0.15725691858237317;0.3344817468123503  0.9417817247313707  -0.03419274793527565  1.5865973350233515  -0.9325491158110104  0.3255337964740852  -0.1561406223673768  -3.2490120595087784  -0.1359194895865259  0.08411260497199798  0.9871428275763156  6.265858084761094  0.0  0.0  0.0  1.0
13001298762727;5.9914853246080435;0.10023466464446824;0.6864427875028105  0.5623709128147405  -0.4610154616770322  -5.462559656144672  -0.6031452139874829  0.7944603609173028  0.07105340086964998  2.958795366779876  0.40621687597804845  0.22928517473021448  0.8845429092585446  -4.685190638359085  0.0  0.0  0.0  1.0
13001298762758;2.650189718750765;1.713832403375178;-0.3946530891593573  -0.87781549147498  -0.27145699870056017  3.023661385746441  -0.8890535605157333  0.2902153670341975  0.35406045708537337  3.6849089273492917  -0.23201876163636853  0.3810708643595647  -0.8949593792932615  0.3499097326288767  0.0  0.0  0.0  1.0
13001298762789;12.47752396560415;0.17299974626905276;0.2363734826178175  0.9443711170896094  0.22867175147369656  13.916571536138811  -0.6699602156218714  0.3288558446652109  -0.6655878175818927  3.2259794818768923  -0.7037619527930027  0.004126334505875767  0.7104238785151625  3.363050079770478  0.0  0.0  0.0  1.0
13001298762820;2.5113803815995865;0.05108153048440432;-0.0067035630814923294  -0.9984318931526115  -0.05557712638940948  1.353498158371651  0.9996710056807587  -0.008067172348589134  0.024347507706494895  -8.086964491105467  -0.02475767847016612  -0.055395626776760076  0.998157493530343  -1.963235993671678  0.0  0.0  0.0  1.0
13001298762851;8.315224491879562;0.12302897496638729;0.2917253202437273  -0.8126149193320652  -0.5045327842743583  4.32749494450549  0.8728815010877081  0.010485490620312676  0.4878195768368878  -2.0142227011727813  -0.3911191923027603  -0.5827066563592638  0.7123754137019634  4.5246607256005  0.0  0.0  0.0  1.0
13001298762882;7.127338882949794;0.099255115503924;-0.407673543273474  0.7896781527062158  0.4584874014118049  3.180165943302104  -0.7055323779567593  -0.5911564925105254  0.3908427625239255  -6.617433663356678  0.5796777947873557  -0.16414145272036423  0.7981423668302021  -4.602677191553021  0.0  0.0  0.0  1.0
13001298762913;2.3308338239256097;0.17107243822002044;-0.8979115873534821  -0.44013514447333335  0.005986309028753661  7.804384936313594  0.4395067987058544  -0.8957143252224836  0.06730246267828566  -9.172830847863054  -0.02426015638205524  0.06306268461354919  0.9977146599211872  -1.2147936108785897  0.0  0.0  0.0  1.0
13001298762944;13.120560348922597;0.19971387293940454;0.002635949820429473  0.9122356263600221  0.40965743465496063  -1.8995179735376149  -0.9303614647911992  0.15243261661652233  -0.3334544080125737  5.079764868373298  -0.36663414543672795  -0.3802505218812714  0.8491106783034246  1.6460522304774519  0.0  0.0  0.0  1.0
13001298762975;11.342250680316473;0.1042607991509674;-0.5194177760431599  0.8158314950762778  0.2542127958462788  5.405336312150984  -0.785007619784493  -0.573089507428157  0.23522638745692637  2.820455917051837  0.3375917813138547  -0.07737821474650511  0.9381068175170572  -9.172992153383102  0.0  0.0  0.0  1.0
13001298763006;4.458598501776789;0.15438189020820922;0.6578233722733305  -0.42338389976602925  -0.6229080865664303  -2.3339300389471402  -0.4678917235104004  0.41837707220057807  -0.7784843996685734  -1.3733611497089404  0.5902082225464241  0.803558771264293  0.07712039394874498  8.152400992170584  0.0  0.0  0.0  1.0
13001298763037;6.669679305647058;0.11626686868697919;0.5728988931046962  -0.8194907296948036  -0.014893026008566164  -4.9258986507438784  0.6985279066058647  0.4976791640185413  -0.5141733301082756  -8.27981193618884  0.4287722262136874  0.2841661374021962  0.8575569860841168  -5.884574054667397  0.0  0.0  0.0  1.0
13001298763068;2.7376255445017748;0.07629890438377022;0.17864772099246928  -0.7670926081210431  0.6161606303150603  1.1924795934925236  -0.9780042510073724  -0.06991481522889703  0.19651871061814424  4.939938927916006  -0.10766929365285839  -0.6377153355358208  -0.762709954062965  0.944428412590558  0.0  0.0  0.0  1.0
13001298763099;6.456555758447102;0.08347610306984717;-0.48658760106865384  0.8087299360266549  -0.33043667632479273  8.696923799619405  -0.8736275120076822  -0.4516207673024314  0.18114539134195806  1.6479598675597504  -0.0027343645551629603  0.37682167283144236  0.9262817876515727  -1.609440132057013  0.0  0.0  0.0  1.0
