# registration_from_features.py RANSAC RANSAC_config.json euclidean --input_txt=/neural_comparison/point_clouds_registration_benchmark//planetary/p2at_met_global.txt --input_pcd_dir=/neural_comparison/point_clouds_registration_benchmark//planetary/p2at_met/ --input_features_dir=/neural_comparison/experiments/FPFH/features_voxelgrid_0.2_compressed//planetary/p2at_met/ --output_dir=/root/neural_registration_comparison/results/FPFH/test_1_ransac/
id;initial_error;final_error;transformation
27844314100030;8.255147930606862;0.1126217254066365;-0.9634757650187323  -0.26749220790447553  0.01274240683533133  -57.4253499856823  -0.23716371806259318  0.8744003249625261  0.423293565436749  -8.82511921074768  -0.12436969508805204  0.4048110552045452  -0.9059029686052956  3.450218006685546  0.0  0.0  0.0  1.0
27844314100061;18.254613203222405;0.03508594321264832;-0.883266929731592  -0.4653164093451412  -0.05762091665942664  -88.0364846985008  0.4688376339770627  -0.8750555726068909  -0.12028723047945114  -124.43179338435866  0.005550117955221159  -0.13326058698569632  0.9910654933690869  -4.067250440955394  0.0  0.0  0.0  1.0
27844314100092;11.393043179182689;11.393043179182689;1.0  0.0  0.0  0.0  0.0  1.0  0.0  0.0  0.0  0.0  1.0  0.0  0.0  0.0  0.0  1.0
27844314100123;5.730994932441914;0.148360933303757;0.30256060802450724  0.7697906788599758  0.5620314841822805  -10.642414153100635  -0.9528777645712517  0.25786584725916  0.15977850482154674  -39.7748712922289  -0.021932721161176724  -0.5838899858343285  0.8115364687953672  -8.469564633696232  0.0  0.0  0.0  1.0
27844314100154;17.463252642790277;0.7407829431025716;-0.6771167078394815  0.41893896104287115  0.6049819095517996  6.114133177512201  -0.34447282129675927  -0.9069377670863583  0.24249198341442307  -173.03450783928616  0.6502702817694141  -0.04420445172976896  0.758415800926377  24.304514086995844  0.0  0.0  0.0  1.0
27844314100185;21.245539471637414;0.14943395734833156;0.3789126578729761  -0.8425895268901733  0.38271149300567175  -33.56678083893721  0.06275608053859713  -0.38920194031447675  -0.9190122545488064  1.2284888734281174  0.9233021564250082  0.3722428492670352  -0.09459592544337969  15.03899589459484  0.0  0.0  0.0  1.0
27844314100216;3.735345026853811;5.492432944584002;-0.5356439439688975  0.7990972535757389  0.2730002648664575  62.18991068270422  -0.815888426352459  -0.5731005014932714  0.07669348689601166  -140.1650546887653  0.21774214344851262  -0.18165735469799202  0.9589520136328905  -27.029123824440966  0.0  0.0  0.0  1.0
27844314100247;13.271216615726097;6.382260293779353;0.16479579321823687  0.9217665275510696  -0.3509826423400698  47.13468351574636  -0.9553861927419526  0.23760899257380513  0.1754399879334797  -55.45355828130246  0.24511134052836098  0.3064121984100938  0.9197999757609714  36.89043285128131  0.0  0.0  0.0  1.0
27844314100278;11.802091711636171;8.054949873001027;0.722321778756493  0.24545548734523187  0.6465314003713749  15.939932741885283  -0.3649561145803374  0.9294052498610579  0.054890035171501005  -10.263293442344889  -0.5874166173717598  -0.2756038556748065  0.7609101342292012  -45.213050657523766  0.0  0.0  0.0  1.0
27844314100309;7.478645140598016;0.2056203591311564;-0.9407115968974278  -0.06391237394600116  -0.33313195571616927  -1.9303091186494252  0.3327622931120806  0.016657920042492454  -0.9428636009427075  -64.50591520674331  0.06580993652544251  -0.9978164771922972  0.0055973295483453984  -59.30461974185388  0.0  0.0  0.0  1.0
27844314100340;12.12926847078954;12.12926847078954;1.0  0.0  0.0  0.0  0.0  1.0  0.0  0.0  0.0  0.0  1.0  0.0  0.0  0.0  0.0  1.0
27844314100371;7.953713343024883;0.0727876517796284;0.30123914458022516  0.6317460651111767  -0.7142491771007653  17.957204960973495  -0.8432536836017978  0.5261896827289971  0.10976175509510235  -38.20762557556098  0.44517210476912644  0.5692287123873002  0.6912311264181635  49.25525988332461  0.0  0.0  0.0  1.0
27844314100402;10.041005189608843;6.945913945025902;0.22391602947143863  -0.896398435331003  -0.38253294875327537  9.74400954945624  -0.7938849316076698  -0.39543425777184404  0.4619290672243056  1.4490586553977391  -0.5653391257573033  0.20025382122836233  -0.8001812794432321  -10.986228343558068  0.0  0.0  0.0  1.0
27844314100433;14.948099495912265;0.18796506837116733;-0.6019251222011948  -0.6810509592622641  -0.4169601157797077  -33.844027464941895  0.6625909450047774  -0.7173871801845992  0.2152414302695138  -173.35089715276638  -0.4457122242666822  -0.14671477292604082  0.8830715647921786  -5.032363527200097  0.0  0.0  0.0  1.0
27844314100464;4.885279212879443;4.885279212879443;1.0  0.0  0.0  0.0  0.0  1.0  0.0  0.0  0.0  0.0  1.0  0.0  0.0  0.0  0.0  1.0
27844314100495;16.561379565347497;4.057516478999969;0.9655970676778636  -0.02280470015827538  0.2590410171046312  11.978094762352686  -0.11986607624551379  -0.923041015514295  0.3655508274424273  -8.531340174549193  0.2307692064756807  -0.38402503737260385  -0.8940192078549287  11.727374699163398  0.0  0.0  0.0  1.0
27844314100526;4.988304065514908;11.322909943339788;-0.9978888310396304  -0.021289588260157193  0.06135661592748551  -51.00326312709015  -0.004811719698776876  0.9663834143648707  0.2570601948844575  13.680168912111611  -0.06476672170104332  0.2562222665425623  -0.9644456552278579  4.732339997990917  0.0  0.0  0.0  1.0
27844314100557;9.320673558395054;0.1808769164391733;0.238223628944623  0.9634716823749093  -0.12235938817318731  -8.27838526970989  -0.18061410087758445  0.16773774912286826  0.9691452904922854  -3.611560167801898  0.9542683318525442  -0.20877347719683154  0.2139756669402103  20.34435254620647  0.0  0.0  0.0  1.0
27844314100588;15.87658357879776;13.878352794521136;0.9858949449297694  -0.1532372441859726  0.06730159400947011  9.35318854345653  -0.16549245992630143  -0.9525596714415641  0.25542575839308246  -17.02104075618234  0.024968044966886344  -0.2629608703541811  -0.964483373310864  -17.94176460217414  0.0  0.0  0.0  1.0
27844314100619;9.309459031404598;0.1910008880383695;-0.06119945913982548  -0.8913311244106887  -0.44920313095277037  -76.86481029261527  0.9782677706154107  0.03576117871211601  -0.2042383584742956  -50.32385941521565  0.19810803915073127  -0.45194022254486155  0.8697719471619874  -19.24709326069779  0.0  0.0  0.0  1.0
27844314100650;9.597631194952498;1.169881399413382;-0.05041336040755891  -0.5676607448502778  0.8217175742604295  -55.939301544382126  0.25627000972380265  -0.8025690875712833  -0.5387100721085124  -132.4069425783011  0.965289684606947  0.18342338572555147  0.18593462926629867  15.286774656131154  0.0  0.0  0.0  1.0
27844314100681;7.297471099283818;1.7597804152927217;0.720649809467625  -0.11073279467953095  0.6843990797018484  3.89451264784795  0.6561129753721239  0.42788416063329526  -0.6216356719393442  1.3599141136063047  -0.22400807053009342  0.8970247450664903  0.38100786222305627  -0.6319276537800016  0.0  0.0  0.0  1.0
27844314100712;8.650942439496344;1.8790572971800747;0.4249753330484657  0.8852149458885126  -0.18918368290088722  9.863734618173517  -0.7334158631649604  0.4592174127445011  0.5012190533990529  -17.878223494431076  0.5305630386281557  -0.07425542005701884  0.8443867565480965  5.78686693714986  0.0  0.0  0.0  1.0
27844314100743;12.733448854215453;12.733448854215453;1.0  0.0  0.0  0.0  0.0  1.0  0.0  0.0  0.0  0.0  1.0  0.0  0.0  0.0  0.0  1.0
27844314100774;4.598125415447288;5.9877529668500795;0.4508511532450987  0.8642409487054503  0.22320577993920088  59.76075437867125  0.8439363865289593  -0.49416787758007236  0.20873304544429228  -130.89587236160787  0.29069677175711284  0.09426394511534653  -0.9521605408444966  8.7732382686075  0.0  0.0  0.0  1.0
27844314100805;11.913189531673748;0.24091528532807724;0.3000308699509862  -0.8651703780728333  0.4018229634823849  -2.5511037027346752  0.9200250574190344  0.3737466124833238  0.1177597697787457  25.483052481371146  -0.25206223596079885  0.3343556288782227  0.9081139480483116  5.907394537416398  0.0  0.0  0.0  1.0
27844314100836;8.640990827250187;6.937968410894915;0.7500733913952027  -0.28138429445170793  0.5985088022383748  -7.122016406849852  -0.5849464513161652  0.1400020154478946  0.7988974181727923  -63.12472296344141  -0.3085896249285195  -0.9493272957765628  -0.05958295796646358  -59.04646653064698  0.0  0.0  0.0  1.0
27844314100867;6.409696051288649;6.241250967123383;-0.6206354996393305  0.7567446187506566  -0.20530260246612253  46.146948393201455  0.40933966318138454  0.5360205422649775  0.7383244668954901  -34.043916043312414  0.6687694795174108  0.3741918762638804  -0.642438964419288  36.66352738376029  0.0  0.0  0.0  1.0
27844314100898;22.51393172662874;9.360467879316001;0.33587470356817545  -0.695147429480086  -0.6355770879997326  20.789077459859428  0.46105529200997336  -0.46707460984902843  0.7544993880341962  -18.75376553735738  -0.8213502305427257  -0.5464534382009203  0.16362285496165963  5.486759157989206  0.0  0.0  0.0  1.0
27844314100929;11.35647365629622;0.11951750172936752;-0.24172958183293816  0.3367509291339831  0.9100360547771017  -4.120614805834068  0.8782793276511083  0.47465971761430925  0.057650456156238865  22.83393408467247  -0.41254361210372775  0.8132016749870257  -0.4105006746775281  -20.90716232843768  0.0  0.0  0.0  1.0
27844314100960;8.931838196630506;13.34668103745113;-0.6093938484814586  -0.7861596398359584  -0.10291821085674377  -54.34003147577023  -0.5493162339974512  0.5122330170117585  -0.6602037650225033  -45.064373387529635  0.571743659781037  -0.34578946915142983  -0.7440019022315454  -19.01590390646602  0.0  0.0  0.0  1.0
27844314100991;2.7303992422678602;0.06936567677792423;0.961599037052329  -0.011682576342610093  -0.27420942607801324  -4.516910075773811  -0.1955888140160312  0.6717288391810976  -0.7145105894556203  -2.456949261593927  0.19254170398081744  0.7407049912228318  0.6436488236653193  4.282975836212026  0.0  0.0  0.0  1.0
27844314101022;3.041428379569016;0.09809045109360846;0.44932087013362243  0.7695971163534898  -0.453686052422551  -13.234953435124785  -0.7311313398068614  0.6086061264086248  0.3082945780420303  -9.009451830206423  0.5133787292190712  0.19318090329606258  0.8361360050776004  9.482078595456386  0.0  0.0  0.0  1.0
27844314101053;13.922293305846535;13.922293305846535;1.0  0.0  0.0  0.0  0.0  1.0  0.0  0.0  0.0  0.0  1.0  0.0  0.0  0.0  0.0  1.0
27844314101084;10.548695524568679;4.6463029167490895;0.6536003012819935  0.7549128957245511  0.053973753184855686  71.70694172617614  0.7444856923891054  -0.6284615769675219  -0.2253377467345616  -156.16836468080126  -0.13618994086202316  0.18746350616658103  -0.9727845259170862  -1.2387904540707662  0.0  0.0  0.0  1.0
27844314101115;4.295014706995369;5.288409935310204;-0.7943445962539892  0.5467507615340539  0.26472677832818237  39.92079894636938  -0.24464847104848275  0.11094835122608593  -0.963243265729822  -73.41510509900822  -0.5560249886612347  -0.8299120845741104  0.045630514594168926  -72.95735495860566  0.0  0.0  0.0  1.0
27844314101146;10.908481463882481;13.699523259749466;0.16848549676718222  0.8781807063679765  -0.4476731892152545  114.4485412798997  0.17931130865438116  -0.4738942304007872  -0.8621320739779369  -166.4315785418055  -0.9692574951826629  0.06498388535542596  -0.23731203651804894  -5.2782643461747085  0.0  0.0  0.0  1.0
27844314101177;7.524206569447689;3.5204007913520443;0.7048904090564219  0.31781445199945313  0.6341320724585353  8.724658799747303  -0.6297407137539828  -0.1310240850572136  0.7656757293891087  -79.27284317991506  0.32642938694439555  -0.9390562620179936  0.10778307893124384  -43.48116125971994  0.0  0.0  0.0  1.0
27844314101208;16.92222694472815;16.92222694472815;1.0  0.0  0.0  0.0  0.0  1.0  0.0  0.0  0.0  0.0  1.0  0.0  0.0  0.0  0.0  1.0
27844314101239;4.364181244222641;0.4651650703588183;-0.5968198631658531  0.04793801545784489  -0.8009419439663878  16.433489937530695  -0.27120153767426597  0.9274134511935399  0.25759273380357733  -6.805835774091975  0.7551528169144345  0.3709531469326689  -0.5404979055342797  34.70049253433441  0.0  0.0  0.0  1.0
27844314101270;10.750785704410854;0.3251522172215507;0.15753416630355815  -0.6924422243197526  0.7040644518978048  -30.67480558150075  0.9795073431834345  0.018963763637286107  -0.20051369109973216  -60.33303039058665  0.12549243442045688  0.7212240578681651  0.6812396841460463  28.678502154242558  0.0  0.0  0.0  1.0
27844314101301;12.136609704346055;0.3050295598402131;-0.866612951239649  -0.2934010277101816  -0.40360603276253726  -28.554403443467262  0.038872535128435026  -0.846099740481855  0.5316052625484672  -21.848460545469443  -0.49746448994515535  0.44500681578504586  0.7446462348984652  -2.1437860951153977  0.0  0.0  0.0  1.0
27844314101332;6.935112362192998;11.372777569595382;0.7464311899300021  0.6484370848824457  -0.1495654560680296  39.48278218229508  0.40267796091967206  -0.2611808392281735  0.8772884525682771  -98.28750737778701  0.5298027354490129  -0.7150621764358842  -0.45606484773716155  -62.43398539224362  0.0  0.0  0.0  1.0
27844314101363;7.8460839984677655;2.3179747268156494;0.5870509289128617  0.789280352174765  -0.18002147797811435  82.5598949084935  0.22169411702496727  0.05713376325639036  0.9734410365156605  -79.36406843467886  0.7786031886263158  -0.6113691673343051  -0.14143838196858827  -62.421132615383435  0.0  0.0  0.0  1.0
27844314101394;13.188484809554595;3.183453416594072;0.7198292378443758  0.5256436633839056  0.45337027636219457  23.4614237345061  -0.6224196573159796  0.7779097182723487  0.08631477512045194  -34.647438532658924  -0.3073103293594992  -0.3443184708402717  0.8871331084494445  -45.08931955554839  0.0  0.0  0.0  1.0
27844314101425;12.438217758874531;2.334263853096345;0.6115652245318945  0.7911412763313928  -0.009135481814752544  59.96891126769161  -0.7910741764191159  0.6112308670169807  -0.02446374068875479  -29.59342668957428  -0.013770386562092667  0.022188016820005554  0.99965897603309  12.080068657330866  0.0  0.0  0.0  1.0
27844314101456;13.306910826894018;4.244236101811008;0.9499746604027905  -0.3098511265264995  -0.039248235410799845  -25.53401621722874  0.23943279465831527  0.8031770106408418  -0.5455076776912945  -15.81525822124243  0.20054944885167653  0.5088211561720876  0.8371863290791296  61.076421817425825  0.0  0.0  0.0  1.0
27844314101487;11.823132391507976;0.06122737051950942;0.2621750593289774  0.04512330977951952  0.9639647945751904  4.820759914655532  -0.8811499986204486  0.41850662358350527  0.22006109594364331  -12.156599392794321  -0.3934957664283447  -0.907092108295115  0.14948240321754935  -0.32353224624033183  0.0  0.0  0.0  1.0
27844314101518;11.362927964176022;0.1000432417363559;0.012063423895718232  -0.27633021001121194  -0.9609870388507185  -15.609912562676781  0.9512503214862104  0.29937525660035924  -0.074143655209672  -0.9763636718725293  0.30818387316064066  -0.9132448033088549  0.26647069173377685  -5.571153451252121  0.0  0.0  0.0  1.0
27844314101549;8.602285781784683;0.05021110655103268;-0.5688513678263178  0.80112584402576  0.1860255449021493  -38.19780601109901  -0.8081709155066782  -0.5864460688193116  0.05422895624546904  -11.477741631402285  0.15253816785062313  -0.11949221899516987  0.9810472552065909  5.79607835498947  0.0  0.0  0.0  1.0
27844314101580;8.529179145836824;0.3539772953682305;0.8483429607448415  0.05150267788923227  -0.5269361395130477  0.8570569009039524  0.3810630696418908  0.6315580706761865  0.6752224376595259  1.6705962945985462  0.36756653535077893  -0.7736161047535212  0.5161520750284874  -34.11241630201088  0.0  0.0  0.0  1.0
27844314101611;6.938820905749202;0.05407895231565595;0.9923238077132045  0.06396761486637734  -0.10583763458181639  -5.009777932126639  0.07679306111977909  0.3520949860224855  0.9328086334193524  10.570332734476583  0.09693444387533841  -0.9337758109236567  0.3444799682484401  11.549717165822837  0.0  0.0  0.0  1.0
27844314101642;12.547466022442515;10.727675784249781;0.3537414388767649  0.9215256337182733  -0.16017958927881543  20.970440380148652  0.9244588533628081  -0.3705096681850825  -0.08999118968266931  -37.42972469052253  -0.14227727457509992  -0.11624582651223997  -0.9829771538331742  -9.47161198211861  0.0  0.0  0.0  1.0
27844314101673;7.73561147720838;0.2582124314631151;0.02673828950916553  0.999605524896545  -0.008594095090650816  -24.316746989712854  -0.998083720852901  0.026215692269396525  -0.056050188646115356  -20.14285322878571  -0.055802778089920096  0.010076312576503488  0.9983909644434431  -11.761764227927241  0.0  0.0  0.0  1.0
27844314101704;7.852470163017852;7.852470163017852;1.0  0.0  0.0  0.0  0.0  1.0  0.0  0.0  0.0  0.0  1.0  0.0  0.0  0.0  0.0  1.0
27844314101735;7.401041146075741;7.401041146075741;1.0  0.0  0.0  0.0  0.0  1.0  0.0  0.0  0.0  0.0  1.0  0.0  0.0  0.0  0.0  1.0
27844314101766;17.078221026612844;0.8234768466535168;-0.7365984567428768  -0.1602402199608552  -0.6570736529727159  7.417694630792897  0.6527624945946596  -0.4226720058211742  -0.6286887156182004  -60.84385966785359  -0.17698542079665588  -0.8920041745429234  0.4159383529123378  -42.52369320054689  0.0  0.0  0.0  1.0
27844314101797;5.658008139654423;3.700295472798292;0.44438062257478383  0.4955283076465083  -0.7463092915146073  33.0880420017441  -0.7322787899564285  -0.27896009904330044  -0.6212479673380846  -84.370755970302  -0.5160364677617245  0.8225770234225727  0.23890040702615728  52.70685196943464  0.0  0.0  0.0  1.0
27844314101828;12.532088953947076;0.2206915469416839;0.2415550717395645  0.9228927392174722  -0.2998668691545711  -9.372695102022439  -0.5275835450904794  0.384257384087808  0.7576291082870014  -3.664357433808302  0.8144364617738177  -0.024804327720497482  0.5797223430744053  17.0506114853462  0.0  0.0  0.0  1.0
27844314101859;13.452993466710405;7.030272570177229;-0.9815266495318997  -0.16451246780340517  -0.09767847355439929  -67.8005141902638  0.12325125003057201  -0.9341723301468777  0.33485995125403567  -120.22622504158397  -0.14633716419483267  0.3166349720501309  0.9371914045968558  32.527864143207196  0.0  0.0  0.0  1.0
27844314101890;10.240194569123585;2.643710875781969;0.6634164327287091  0.294120450221149  0.6880202014092496  29.314656327424768  -0.4496134352304032  0.8916879063291675  0.05234917923542519  -6.702630004209979  -0.5981023287413547  -0.34407243200816806  0.7238009159196707  -41.977444679408286  0.0  0.0  0.0  1.0
27844314101921;5.39778345406533;10.705188345848498;0.2918083693787082  -0.6107324955981607  -0.7361071215393732  -25.38266779460137  -0.8440576760400651  -0.5264302357488566  0.10216577904194522  -45.9793663670785  -0.4499050067274018  0.5915040369345298  -0.6691101996022558  21.949017834650494  0.0  0.0  0.0  1.0
27844314101952;13.302221500961894;0.02397385086089631;-0.06471231383846879  -0.9962743171615248  0.057007029408743096  5.758846657564099  0.9962132385607573  -0.06782118415584236  -0.05440101374044029  26.068674172937225  0.05806461705685975  0.053270741913710035  0.9968905297483792  7.964648650669059  0.0  0.0  0.0  1.0
27844314101983;10.786030610610256;13.903987412672134;-0.6748938496256192  -0.7333932650116143  -0.08156353703167957  -8.322090130458447  0.7334693634690536  -0.6546030683832534  -0.1830778952127527  6.2284460820813194  0.08087635371240634  -0.18338250107040083  0.9797090760584755  12.041711948383318  0.0  0.0  0.0  1.0
27844314102014;18.074211930870813;0.42592262070250314;0.28199669287017987  0.8295046984551763  -0.48207864550409973  34.548053652578496  -0.7151901901110941  0.5166801273748423  0.470685285455975  -13.812131129777917  0.6395161117431973  0.2120462242453343  0.738955710177653  -1.086491280686541  0.0  0.0  0.0  1.0
27844314102045;5.527523174873733;5.323541182908758;0.7195631792647944  0.06859818299688122  -0.6910304771396618  -5.943641419762727  0.029027475239192718  0.9912679202857311  0.12862859671799634  -10.557189165987026  0.6938200319445819  -0.11261527206346952  0.7112886641656055  -1.867725479223296  0.0  0.0  0.0  1.0
27844314102076;12.49337546729974;0.09252952120455023;0.4666295599874984  0.8836591907366467  -0.03746049082069333  50.57906473111993  0.8564725104065524  -0.4408927263750094  0.26845566253575115  -77.03493611704822  0.22070725557573068  -0.15735322829947104  -0.9625633843440984  -23.499202773252286  0.0  0.0  0.0  1.0
27844314102107;8.34390181428472;0.43951809295457983;-0.08169541406734813  -0.9874017201710307  0.13551273860288793  -16.912613630699173  0.9925917512103605  -0.06833798124925636  0.10045663615673606  9.335723671002993  -0.08993038835407692  0.1427156730077898  0.9856697022473702  -6.830954585841435  0.0  0.0  0.0  1.0
27844314102138;13.875093444885819;5.133744119518898;0.9977919517327871  -0.022401550507746282  -0.06252512768579796  21.351431902841274  -0.055665857196260604  -0.7955767352113048  -0.6032901215278826  -145.3435792165268  -0.0362289028247057  0.6054385426493514  -0.795067064891225  35.33856869958043  0.0  0.0  0.0  1.0
27844314102169;7.7056993337980995;6.193627076776987;-0.15114981761193091  -0.7706557014504763  0.6190666542931821  -25.445456484121713  -0.9545351036261597  0.27656800517411545  0.11123342330166217  -7.655849524187374  -0.25693670150695935  -0.5741079413628457  -0.7774211233834845  -17.45583727238442  0.0  0.0  0.0  1.0
27844314102200;9.927306225231835;0.08108838308031761;0.7275635934101307  -0.3796429568596398  -0.5714214231642067  -14.71771992436382  0.6423520250969831  0.6694660344985663  0.37309396203445716  11.922633169314276  0.24090473926002928  -0.6385032920507406  0.7309435358784032  5.675389255395237  0.0  0.0  0.0  1.0
27844314102231;10.287771982386351;0.5590268551097147;-0.7768831358037066  -0.5214067215584999  0.3529697211056749  -48.69985151964305  -0.615703622917014  0.7464017466544123  -0.25257371462229894  -19.682558532108835  -0.13176358385633152  -0.413544995502134  -0.9008989369870937  -20.470998757981228  0.0  0.0  0.0  1.0
27844314102262;8.065900080817094;8.065900080817094;1.0  0.0  0.0  0.0  0.0  1.0  0.0  0.0  0.0  0.0  1.0  0.0  0.0  0.0  0.0  1.0
27844314102293;15.344796486985695;0.08404086681977543;0.2275760250387938  0.8586454774855801  -0.4592788878460461  61.00504877002207  -0.17713177038428995  -0.4272825849097241  -0.8865968241277378  -112.51072421412022  -0.957514223783683  0.2831210635513072  0.054854121317428964  12.924771563555973  0.0  0.0  0.0  1.0
27844314102324;11.120662662609497;0.2309746703924203;-0.2888947798599697  -0.45271742336021625  0.8435560092582742  -23.793911201189733  0.4452337625671351  -0.8435748465634131  -0.3002471896884723  -10.2866267482934  0.8475297651646054  0.2888397701695532  0.4452694513757136  9.197103052863433  0.0  0.0  0.0  1.0
27844314102355;17.81708979026515;4.425321483093707;-0.48941681470866427  0.8599158966614621  0.14496838327489914  16.673108854222896  0.8705402112878098  0.4915491921399345  0.02321922129513962  -10.336043890360157  -0.05129251418481814  0.13756468433246571  -0.9891638062591593  8.278340329381454  0.0  0.0  0.0  1.0
27844314102386;12.639375851730701;12.639375851730701;1.0  0.0  0.0  0.0  0.0  1.0  0.0  0.0  0.0  0.0  1.0  0.0  0.0  0.0  0.0  1.0
27844314102417;4.852743056092726;0.04610165756716532;-0.2988976435845423  0.6480815181389824  0.7004645205192609  -29.888907662361383  0.04578044457866967  -0.7234368398898873  0.68887102536274  17.373741796326854  0.953186419098482  0.23796950337554695  0.18656410670171336  8.534406668120589  0.0  0.0  0.0  1.0
27844314102448;8.862723016525484;0.04026354879613382;0.21087144673995264  0.6855607210782638  0.6968068101450001  -14.293418074680504  -0.919455510709081  -0.10290063774375777  0.3794904775862383  -31.09166533204859  0.3318656306044704  -0.7207065675200829  0.608643776569611  2.0106808880958775  0.0  0.0  0.0  1.0
27844314102479;8.845892927971892;8.845892927971892;1.0  0.0  0.0  0.0  0.0  1.0  0.0  0.0  0.0  0.0  1.0  0.0  0.0  0.0  0.0  1.0
27844314102510;12.811880985162878;0.2621855236228443;0.49911746442347116  0.6779733207719633  -0.539660942656518  -10.407293068009896  -0.06663584319197279  0.6509664084035216  0.7561761696405904  -6.0496183083588235  0.8639684144166265  -0.34145997049677257  0.3700860270785211  23.52395528788643  0.0  0.0  0.0  1.0
27844314102541;16.755247254223338;2.1043141813755177;-0.9305524409634089  0.366092533602342  0.006957834265044743  19.165102962435668  -0.09366821891506764  -0.25637458891091797  0.9620282401915426  -28.327107801474856  0.3539751677481354  0.8945659992428601  0.2728612350926812  5.571696721598084  0.0  0.0  0.0  1.0
27844314102572;6.047632241354357;0.22940171437429116;0.703124450655704  0.7047342939614171  -0.09468675622714408  -12.104482644732684  -0.675028742176498  0.6196896441452817  -0.4004009767404543  -6.580363578862375  -0.22349989737297588  0.3454479987694207  0.9114348446380971  0.9898614419231619  0.0  0.0  0.0  1.0
27844314102603;5.000465750138839;0.08764397391878725;0.590670650122985  -0.7937948973759187  0.14490632830640804  -46.92127654206878  -0.24764773147748625  -0.3492487516107088  -0.9037122941469903  -88.59669544014194  0.7679705620512706  0.49791060482612315  -0.40287249276208836  26.37239590857708  0.0  0.0  0.0  1.0
27844314102634;4.837279486815611;0.16547410755617062;0.9242138976619552  0.14924931289093094  -0.3515015134676971  9.496973431959063  -0.36746925294763966  0.09715095754187597  -0.9249475874809341  -31.772375692191435  -0.10389908328084813  0.9840154135227155  0.14463279864234732  44.69721680685555  0.0  0.0  0.0  1.0
27844314102665;12.464679441521291;0.5404488479984988;-0.05332741013475528  -0.5153258956446621  -0.8553335072393385  -4.157869679475067  0.060310326489991434  0.853326543002405  -0.517876892249729  -4.514850221156475  0.996754158178932  -0.07920247651174761  -0.014426221522485072  -20.896231814797915  0.0  0.0  0.0  1.0
27844314102696;10.865536856965761;0.22956520799903177;0.10642235828924201  -0.9829659668606223  -0.14984054741597452  -84.58379985275796  0.6711901044035413  0.18220041117606875  -0.7185449560869765  -49.6766868350896  0.7336062468428958  -0.02410224390039584  0.6791472273609354  18.190931153078377  0.0  0.0  0.0  1.0
27844314102727;12.326628554608499;12.113896488661146;-0.9761524356060601  -0.06194518422416036  0.20806060802514148  -16.053987980428996  0.03604376663989679  -0.9913687107453631  -0.1260512841722979  -125.05613179253957  0.21407304675452588  -0.11554598005344698  0.9699597193423669  1.8546492659664984  0.0  0.0  0.0  1.0
27844314102758;6.140194318079895;4.145985785639245;0.1852040024304893  -0.06005925971775737  0.980863070365014  -27.747220989317796  -0.976518871370747  -0.12302294920402562  0.17685091977693115  -102.2561236639036  0.1100471323594127  -0.9905847966182898  -0.08143334309833533  -63.75298503867757  0.0  0.0  0.0  1.0
27844314102789;11.79753658561828;0.0750456239696594;-0.6414914824104385  0.7183887062522343  0.26908427067388974  -15.953059656490556  -0.5894521577289786  -0.237108293395182  -0.7722213484175867  -18.32870152690336  -0.4909529832310925  -0.6539857215050386  0.5755587236103933  5.000854096039103  0.0  0.0  0.0  1.0
27844314102820;13.718009914125455;0.15020118824428857;-0.06135528892081627  -0.9981106842603589  -0.0032543028071821203  -17.207219257642976  0.9126948240250631  -0.05478432020310044  -0.404952881774835  6.240615807274185  0.4040095131544582  -0.027816186388537445  0.9143317631229356  -7.518015836210125  0.0  0.0  0.0  1.0
27844314102851;14.126286162245718;0.07354250311386132;-0.7544106805046225  0.03624220153201152  -0.6554014250584645  -17.51581775314405  -0.4448148990435529  -0.7624845194066363  0.46984791502581447  -17.248797739036327  -0.48270511777836667  0.645990604028684  0.5913475363753781  -16.135616250043103  0.0  0.0  0.0  1.0
27844314102882;16.65338049572903;0.39823365815656653;0.10021416811641122  -0.3217085217750097  0.9415204445608562  -72.75110085336246  -0.9162481606733147  0.3390570254131703  0.2133767597015636  -93.76484210779373  -0.38787424324322195  -0.8840497500340746  -0.26078652360347826  -100.16673184209168  0.0  0.0  0.0  1.0
27844314102913;3.6628597101339557;3.6628597101339557;1.0  0.0  0.0  0.0  0.0  1.0  0.0  0.0  0.0  0.0  1.0  0.0  0.0  0.0  0.0  1.0
27844314102944;9.703443455187617;0.1352015161358032;0.5890819799961315  -0.8080690237331555  0.002621779316107603  -19.053572702529042  0.8072233704292674  0.5883105375976737  -0.047761297975975156  17.201446863727483  0.03705200502875286  0.030251681514942896  0.9988553372179917  3.842430153934565  0.0  0.0  0.0  1.0
27844314102975;6.1736923351409825;8.687623561768724;-0.2449118839743197  0.14453869439122488  0.9587109756917511  -13.5157645728636  0.7659835350258267  0.6350448673731021  0.09993618209846435  -21.535786647024167  -0.5943798391243501  0.7588323808633628  -0.2662442949543767  50.61563665650407  0.0  0.0  0.0  1.0
27844314103006;8.779326562990162;0.6105171773703865;-0.25968404821327795  0.573226965519763  -0.7771583114813659  39.47221094616279  -0.6291430288538888  0.5101147406428623  0.5864827368503014  -22.655480361273035  0.7326276300741859  0.6412439452968494  0.22817308840442266  18.36117357883592  0.0  0.0  0.0  1.0
27844314103037;4.983612374719573;4.473949838001342;0.83628230849228  -0.28343281034481976  0.4693588632622814  3.7296671640915804  0.41154367847884926  0.8901198171476261  -0.19575114769822965  -5.7661549482125425  -0.3623033276233064  0.35686489480069905  0.8610364368898475  -1.8512335279489287  0.0  0.0  0.0  1.0
27844314103068;8.080951485631328;0.16529990497989794;0.37939789343054375  -0.7877145508996177  0.4853483540319053  -34.98993311775345  -0.67943202404465  0.11887419479771777  0.7240449229942747  -31.906312319803213  -0.6280361161295237  -0.6044623330797448  -0.4900978725976433  -27.45872979627231  0.0  0.0  0.0  1.0
27844314103099;5.35424278701302;0.10774518147532994;0.7178347186371058  0.6960435419328371  -0.015385202396424769  27.191024592281572  -0.6834997772590824  0.7003501371121834  -0.20576136647517604  -7.604572356908495  -0.1324438417064872  0.15821843502113656  0.978481249495099  12.453968145641241  0.0  0.0  0.0  1.0
