# ransac_benchmark.py --distance_metric=euclidean --max_correspondence_distance=0.30000000000000004 --estimation_method=TransformationEstimationPointToPoint --ransac_n=3 --ransac_confidence=0.999 --ransac_max_iteration=100000 --input_txt=/neural_comparison/point_clouds_registration_benchmark//planetary/p2at_met_global.txt --input_pcd_dir=/neural_comparison/point_clouds_registration_benchmark//planetary/p2at_met/ --input_features_dir=/neural_comparison/experiments/FPFH/features_voxelgrid_0.2//planetary/p2at_met/ --output_dir=/root/neural_registration_comparison/results/FPFH/ransac//
id;initial_error;final_error;transformation
27844314100030;8.255147930606862;0.1452167074722696;-0.9630647778640492  -0.26685309332076634  0.03599528056297642  -56.75453992832717  -0.22614711162426102  0.8741355622225861  0.429819151227358  -8.369375509467865  -0.1461633248858039  0.40580345666706774  -0.902197227337452  3.085042448313323  0.0  0.0  0.0  1.0
27844314100061;18.254613203222405;0.24963866405919255;-0.888143770306362  -0.4576792890750936  -0.04159701452889618  -87.66034403616963  0.4588395227960695  -0.8780140910982617  -0.13622609204248892  -124.98934994746003  0.025825096055494642  -0.14007470929689747  0.9898040918429842  -3.9026648931916874  0.0  0.0  0.0  1.0
27844314100092;11.393043179182689;0.8390070787543071;0.14382171999407103  -0.5753238052397601  -0.8051818626759976  -84.91564310217139  0.049325828385560426  0.8167970675522768  -0.5748125895386068  -15.399936209024396  0.9883735505931066  0.04295427292416627  0.1458514824248658  55.83205033980718  0.0  0.0  0.0  1.0
27844314100123;5.730994932441914;0.14208896493000578;0.31307242175606076  0.7697087021720058  0.5563579536022492  -10.298574396445787  -0.949700418832569  0.2582870255115619  0.17707887203625544  -39.679219616852514  -0.0074008921785156945  -0.583811892867109  0.8118552214169008  -7.790956393019613  0.0  0.0  0.0  1.0
27844314100154;17.463252642790277;5.961735594440902;-0.3526892933403646  0.8628582270994697  0.36205792670487696  46.738748616786836  -0.5538669170983594  -0.5043603736344174  0.6624590943230457  -140.86940505394045  0.7542159508436781  0.033110322168638975  0.6557911299025443  31.244461649230043  0.0  0.0  0.0  1.0
27844314100185;21.245539471637414;0.35721587329673676;0.39422454486123637  -0.8321286458438328  0.3900627193094217  -33.38221928471803  0.05667185584052778  -0.4016163831534676  -0.9140528330125766  1.1438368384081192  0.9172651246965309  0.38244764027097455  -0.1111687611994564  15.020557793166716  0.0  0.0  0.0  1.0
27844314100216;3.735345026853811;2.288686321552806;0.11648885954498053  -0.8757869017685265  -0.4684310496675001  -63.96784047316946  -0.9480037547341041  -0.23869099164841262  0.21051244978846065  -97.70626460187438  -0.2961743179479807  0.41955203872294977  -0.8580541126242947  44.04240191721526  0.0  0.0  0.0  1.0
27844314100247;13.271216615726097;10.804507060813366;0.8432027596672208  0.3800433382159763  -0.38023172824902374  19.58458323623727  -0.4483524798392992  0.8873913255665493  -0.10731583821222845  2.2582207835090387  0.29662966795574014  0.2609668492105844  0.9186441877580059  34.62558144354162  0.0  0.0  0.0  1.0
27844314100278;11.802091711636171;8.031727236315762;0.5597535185786204  0.4553512102619418  0.6923375432199517  34.628178542363614  -0.5303947342940293  0.8388012111437604  -0.12285745405520483  -20.518672409698098  -0.6366768601669297  -0.2984422950869151  0.7110378135030757  -47.83786268326488  0.0  0.0  0.0  1.0
27844314100309;7.478645140598016;0.17980806427553528;-0.9381608717092929  -0.04169285240217167  -0.34367991627709454  -0.5987858556559678  0.34307961525793734  0.021012376380524528  -0.9390712739900573  -64.33750941479607  0.046374091776828136  -0.9989094984518938  -0.005409021580693608  -59.467270597374615  0.0  0.0  0.0  1.0
27844314100340;12.12926847078954;7.6212450899966795;0.8940202452057002  -0.11417583515826796  -0.4332339781552825  -10.8863222571307  -0.10122220492252103  -0.993454485870302  0.052936279948605  -149.56990513235976  -0.43644228300310556  -0.00347320746369624  -0.8997255528420607  -32.501569119458765  0.0  0.0  0.0  1.0
27844314100371;7.953713343024883;6.560334542000751;0.6287254589707609  0.6985084912398772  -0.34174578989037474  38.089911141216916  0.7706116584120839  -0.6185611526463479  0.1534267654491845  -92.1407201137595  -0.10422077125690266  -0.3598166034282072  -0.9271839314483431  -40.332628386416545  0.0  0.0  0.0  1.0
27844314100402;10.041005189608843;10.578084874776199;-0.3095449116927215  0.8404485851818131  0.4447787352280172  9.376771097428396  -0.7370087276088476  -0.5076139125150753  0.4462580545486269  0.46808296667479166  0.6008328245639821  -0.18966889963045297  0.7765472461089797  9.873997400213746  0.0  0.0  0.0  1.0
27844314100433;14.948099495912265;0.7526312412644273;-0.6345482452263911  -0.636161704694442  -0.43891549296005644  -28.34791299035956  0.6235411150824085  -0.756922411690489  0.19561426451677616  -176.9516081861301  -0.45666727743718777  -0.14955516761688734  0.8769767668286267  -4.99594318882142  0.0  0.0  0.0  1.0
27844314100464;4.885279212879443;4.885279212879443;1.0  0.0  0.0  0.0  0.0  1.0  0.0  0.0  0.0  0.0  1.0  0.0  0.0  0.0  0.0  1.0
27844314100495;16.561379565347497;2.1132635796858485;0.24169728691905543  -0.9699152301417011  0.029100993713944673  -6.172556775772437  -0.9667381489831205  -0.23810312465572922  0.09340371154225002  -33.946225694976  -0.0836646448427135  -0.05070846446452032  -0.9952029334939647  2.6191260259604077  0.0  0.0  0.0  1.0
27844314100526;4.988304065514908;10.211786566405335;-0.9298920431980969  -0.3616708850305973  0.06704445478974025  -68.27737399341635  -0.3606333188058799  0.9323049191615816  0.027407062487135887  -2.1990644977308023  -0.07241821154879241  0.0013071450958659053  -0.9973734977468435  -15.220505649454932  0.0  0.0  0.0  1.0
27844314100557;9.320673558395054;0.13186249633416008;0.2507787290508873  0.9590178500382067  -0.13188931861117298  -8.00827203764584  -0.17959354286920665  0.1799690251706898  0.967138722903183  -3.5438122916240493  0.9512392908281863  -0.21885134974957243  0.21736581676400354  20.281327467904937  0.0  0.0  0.0  1.0
27844314100588;15.87658357879776;6.340945817744002;0.963056397293473  -0.24978119088188616  0.10065650656437099  1.3591072618445104  -0.258026918257754  -0.9628740203277675  0.07934563902476754  -29.13077208632282  0.07710048694089353  -0.10238641345153698  -0.9917522559863471  -17.513050304725414  0.0  0.0  0.0  1.0
27844314100619;9.309459031404598;7.522282717467364;0.8348623983228576  -0.3549801070996039  -0.42070642903354943  -16.13349366670976  0.47538131003939466  0.8502778956067434  0.22592058407280452  -4.937530097758682  0.2775200640167048  -0.38860857402548654  0.8786159515180921  -12.530915987908934  0.0  0.0  0.0  1.0
27844314100650;9.597631194952498;0.5843512132285996;-0.042236927260554044  -0.588134244464266  0.8076596761409061  -57.996878588674306  0.25350011912683407  -0.7882360344856262  -0.5607331304114783  -131.45758237653115  0.96641281633589  0.18105817967388757  0.18238476908697904  15.029490061753433  0.0  0.0  0.0  1.0
27844314100681;7.297471099283818;6.532373953997856;0.7962837312041962  -0.2221462226058824  0.5626573337311637  -3.2275456388600325  0.604784813469279  0.27244983613658313  -0.7483357643371584  2.272174702980849  0.012944064912283115  0.9361742052476599  0.35129803388641373  1.6664723099601546  0.0  0.0  0.0  1.0
27844314100712;8.650942439496344;0.10737004329341188;0.5408085760629455  0.783305177614564  -0.30652745844211887  5.572381702208215  -0.6321376377348789  0.6188901967371379  0.4662369905333912  -15.679348012924148  0.5549126877408156  -0.058377419477759096  0.8298578106394977  5.744511542470775  0.0  0.0  0.0  1.0
27844314100743;12.733448854215453;13.803528307876562;-0.7293315779183656  0.24494713273110819  -0.6388085406582449  -31.234495975604126  -0.03592296603064331  -0.9461341878710777  -0.32177575895815685  13.999895571473006  -0.6832166493599735  -0.2117333245106812  0.6988447676909274  10.15587554819559  0.0  0.0  0.0  1.0
27844314100774;4.598125415447288;5.85107396669645;0.9537728760370138  0.06332214440015128  0.2937815633504768  -7.753446763020511  0.06264144506401473  -0.9979670960801452  0.011735608277955206  -176.0519127317197  0.2939274575407609  0.007209796802130194  -0.9558005380484442  1.301892293165493  0.0  0.0  0.0  1.0
27844314100805;11.913189531673748;10.78647007748118;0.26449147117276334  0.7659718897964479  -0.5859448145674857  -23.841891376864183  -0.9624217732608152  0.24842446764066592  -0.10967959806162506  -21.249524167270486  0.06155153962635859  0.5929353657179758  0.8028941773674254  9.08081449482167  0.0  0.0  0.0  1.0
27844314100836;8.640990827250187;8.640990827250187;1.0  0.0  0.0  0.0  0.0  1.0  0.0  0.0  0.0  0.0  1.0  0.0  0.0  0.0  0.0  1.0
27844314100867;6.409696051288649;0.39033802915914284;0.6964464748793331  -0.4701049841671654  0.5421841121697861  -47.24544507630688  0.10136884302016559  0.8124150212396732  0.5742004797358617  -13.841755729215784  -0.7104130244392364  -0.34493932383149595  0.6134575760244275  -38.60248374012292  0.0  0.0  0.0  1.0
27844314100898;22.51393172662874;20.866700797353086;0.357658105168202  0.6053199431644504  0.7111036817615825  -11.181075124568263  -0.9238171083595345  0.11800684002217132  0.3641927182278767  -11.128865312195952  0.13653801708578894  -0.7871862245462432  0.6014110223257575  -9.741792557838739  0.0  0.0  0.0  1.0
27844314100929;11.35647365629622;0.15925616192445166;-0.29882710028992726  0.3413074252273862  0.891185505726482  -5.840200434855156  0.8713958963750786  0.4783169729514265  0.10900488597882642  23.754116341630336  -0.38906497646663907  0.809149006593493  -0.44034796379201907  -21.151812925451352  0.0  0.0  0.0  1.0
27844314100960;8.931838196630506;8.931838196630506;1.0  0.0  0.0  0.0  0.0  1.0  0.0  0.0  0.0  0.0  1.0  0.0  0.0  0.0  0.0  1.0
27844314100991;2.7303992422678602;0.10975303447511989;0.9592821435227861  -0.016182808813263755  -0.28198561278413287  -4.702744662087724  -0.1986570709671406  0.6710329817002543  -0.7143179303540009  -2.222573092331668  0.20078131704191504  0.7412508712773165  0.6404951276610426  4.2146662983674235  0.0  0.0  0.0  1.0
27844314101022;3.041428379569016;0.030566295160757567;0.45971917351229147  0.7728018375461547  -0.4375335431603636  -13.241380160886699  -0.7314895596433881  0.6088895292046822  0.30688200559436934  -8.995260014173233  0.503568570939348  0.1789716768379478  0.8452146669645026  9.47840390104718  0.0  0.0  0.0  1.0
27844314101053;13.922293305846535;9.58547012134391;-0.8693023606927596  -0.015709035852261938  -0.49403100296093544  -14.690510274852885  -0.4777785032656835  -0.22940311463697002  0.8479987693458407  19.518204456133958  -0.12665349387679256  0.9732047252184147  0.19191522946694925  -19.39755001322855  0.0  0.0  0.0  1.0
27844314101084;10.548695524568679;5.815979592251787;-0.10193803095769932  -0.9668952114372941  -0.23392795460162147  -115.1374987164318  0.9377730719062851  -0.014933062942469292  -0.3469274697088804  -93.57115128499967  0.33194924830750416  -0.25473643973877674  0.9082505396735511  -6.438829399055791  0.0  0.0  0.0  1.0
27844314101115;4.295014706995369;4.581723210435704;-0.08454465991426653  0.38557403261042744  -0.9187953340415455  32.75961139897215  0.8938122066252284  -0.3782038689830992  -0.24095969118082042  -110.54800007891095  -0.4403997499632833  -0.8416023401005659  -0.3126556594234778  -72.4983313515642  0.0  0.0  0.0  1.0
27844314101146;10.908481463882481;6.000088822643113;0.24398487895578036  0.9039271239989489  -0.35126504713666346  108.30026802579575  -0.9697787687576425  0.22768620507551257  -0.08768199179548111  -94.96806274080143  0.0007200748880292703  0.3620424650746109  0.9321613245435872  42.63041242153489  0.0  0.0  0.0  1.0
27844314101177;7.524206569447689;1.333357366824001;0.671808098398488  0.30580260903114653  0.6746544621033426  11.544142172655203  -0.6691795946099098  -0.13996750828850157  0.729799812812544  -82.13559809833893  0.3176043908448426  -0.9417504239092497  0.11060556036124264  -43.38752505335042  0.0  0.0  0.0  1.0
27844314101208;16.92222694472815;7.221029070074019;0.7066505104327943  0.6619366019448865  0.2499699804191072  68.37249480436694  0.6687795362726834  -0.509490844654283  -0.5414360637013022  -139.85880829189688  -0.23103893171490944  0.54978087836803  -0.802721619126401  53.12582590402229  0.0  0.0  0.0  1.0
27844314101239;4.364181244222641;0.20587467421962846;-0.5978462415884338  0.03878604795917627  -0.8006719140211511  16.00455746489355  -0.2678259140742317  0.9317655201793227  0.2451169009988069  -6.434532570299396  0.7555455983386355  0.3609829052582203  -0.5466646055329064  33.6991514802201  0.0  0.0  0.0  1.0
27844314101270;10.750785704410854;5.537093839876085;-0.5290177633700881  0.6326968884130848  -0.5655394357879119  51.940193895168726  0.8317088480321713  0.254217319075585  -0.49359289580282706  -44.69800053829256  -0.16852477011973083  -0.7314835624089047  -0.6607050777628919  -30.45324806226676  0.0  0.0  0.0  1.0
27844314101301;12.136609704346055;0.19617506973559862;-0.8701914426431341  -0.24423182696257056  -0.4279225021533519  -27.856777579541166  0.002196435062900917  -0.8704154373228175  0.49231305298879  -22.42182125114024  -0.49270886822105703  0.427466701824427  0.757964504451014  -2.4309597248972965  0.0  0.0  0.0  1.0
27844314101332;6.935112362192998;6.935112362192998;1.0  0.0  0.0  0.0  0.0  1.0  0.0  0.0  0.0  0.0  1.0  0.0  0.0  0.0  0.0  1.0
27844314101363;7.8460839984677655;10.521657760309953;-0.6035489381682817  -0.7862780648393142  0.13227049553276726  -52.33204485863146  0.06621648285992013  -0.21474868270812691  -0.9744220752183248  -121.07406732601484  0.7945716183161852  -0.5793529218254344  0.18167590742509063  -57.26801993378865  0.0  0.0  0.0  1.0
27844314101394;13.188484809554595;5.4076685978860715;-0.34896670960817155  0.9210026582943435  0.17313676386024773  21.36627812773194  -0.8435476064481504  -0.22822970146436575  -0.4861467258195646  -92.68777140345702  -0.40822747487257927  -0.3156981260385297  0.8565541558914516  -45.75932732552167  0.0  0.0  0.0  1.0
27844314101425;12.438217758874531;8.227884318661086;0.10727737946719615  0.9902944454961181  0.08836557629635884  74.91142821728174  0.9939688966123482  -0.10479146311757843  -0.032319991103160764  -77.28497128685282  -0.0227463496386206  0.09129983831975623  -0.9955636308649006  -8.205629674750535  0.0  0.0  0.0  1.0
27844314101456;13.306910826894018;6.329041570923209;-0.9679021180767392  -0.10767422093923103  0.22709414780590834  18.287028168786136  0.20892432741190922  -0.8469620186379457  0.48888236253746914  -168.52013992847324  0.1397000903294035  0.520635766279907  0.8422720959595486  63.00975778285756  0.0  0.0  0.0  1.0
27844314101487;11.823132391507976;0.03280202045781842;0.2650516279422208  0.04528260978582674  0.9631703482646066  4.871290712364189  -0.8780280194264096  0.4241757483800025  0.22167934407247114  -12.131449956020148  -0.39851528405735565  -0.9044470242845899  0.1521878728264379  -0.47118321842891  0.0  0.0  0.0  1.0
27844314101518;11.362927964176022;0.10144927156876957;0.011238018803780761  -0.2801687481284685  -0.9598849824356528  -15.637317059512705  0.950746571509321  0.30037064944103914  -0.07654037965439736  -0.982080353843322  0.3097654979119475  -0.9117471938681768  0.26974504773372204  -5.5842010118964955  0.0  0.0  0.0  1.0
27844314101549;8.602285781784683;0.06761913716886213;-0.5677642337635599  0.801927657718919  0.18589192194478804  -38.156865981704506  -0.8091848996114601  -0.5851670105882787  0.05290905366731029  -11.606174221114088  0.15120705373649185  -0.12038106788289898  0.9811446505973027  5.766780002556583  0.0  0.0  0.0  1.0
27844314101580;8.529179145836824;0.14064327127230486;0.837638278929133  0.04137725430585465  -0.544655888152097  -0.32856739189042017  0.4047660308463573  0.6225297524756941  0.6697918837634845  1.6779336687250037  0.3667786443422333  -0.7815015227807687  0.5047066434532184  -34.63867756824083  0.0  0.0  0.0  1.0
27844314101611;6.938820905749202;0.11063609685368862;0.9925451604276784  0.06321130606379632  -0.1042038161359912  -4.850013122387413  0.07488408356377779  0.3582754629869124  0.930607901669832  10.370590405754605  0.0961586113689643  -0.9314735763333406  0.35087105616218883  11.510569168323116  0.0  0.0  0.0  1.0
27844314101642;12.547466022442515;7.213005649745852;-0.3976326644657066  0.7747669559827236  -0.491553077568606  10.81418191696078  -0.9124407490310394  -0.2774622086790793  0.3007766650899035  -45.313668903612154  0.09664441865715553  0.5681116850340191  0.8172569789669766  17.170382916601614  0.0  0.0  0.0  1.0
27844314101673;7.73561147720838;0.1997880549956798;0.029240571404696748  0.9995433763426378  -0.007617597619165195  -24.321372734449007  -0.9982168359658772  0.028803311682945875  -0.052283052993963276  -20.254504275339574  -0.05203976727658692  0.009132800537389879  0.998603251835354  -11.633211063994324  0.0  0.0  0.0  1.0
27844314101704;7.852470163017852;22.105394634711555;-0.633381048486943  0.6560310464516242  -0.41042869479261246  49.412735168850816  -0.7616826346967885  -0.6221645300777086  0.1809719909669525  -91.672826223615  -0.1366309314135693  0.4272406389902191  0.8937546782961697  29.700244366777916  0.0  0.0  0.0  1.0
27844314101735;7.401041146075741;7.401041146075741;1.0  0.0  0.0  0.0  0.0  1.0  0.0  0.0  0.0  0.0  1.0  0.0  0.0  0.0  0.0  1.0
27844314101766;17.078221026612844;0.72881615613979;-0.7460925404114783  -0.1476299587901304  -0.6492698332819494  8.009410271383793  0.6434901308520844  -0.41040394121541335  -0.6461339307998163  -60.09075216780364  -0.17107417291430455  -0.8998744358534022  0.40119774059583924  -42.67227132915689  0.0  0.0  0.0  1.0
27844314101797;5.658008139654423;1.3656739534588542;-0.4341604710241836  0.7340654133222606  0.522161521336146  53.849925778896704  -0.8955157477865426  -0.41459678709155784  -0.1617437776227179  -93.46435095117211  0.09775597611588188  -0.5378266199226076  0.8373686739043057  -37.43842401863681  0.0  0.0  0.0  1.0
27844314101828;12.532088953947076;0.20386061152680535;0.23194819269700737  0.9305787388970909  -0.28323708552605376  -9.641553054499362  -0.5343043216120394  0.36520360754365155  0.7623288115661127  -3.900196350764613  0.8128461895163752  -0.02548599124624787  0.581920558529174  17.02095261148015  0.0  0.0  0.0  1.0
27844314101859;13.452993466710405;8.73291399431291;0.7762301014880612  -0.6054353716641891  0.17582616495186187  -51.52157606839889  0.6304042931265087  0.7487252618571941  -0.20494123417346374  -0.33054059370013533  -0.0075668191138003466  0.26992312423117987  0.9628521435058335  33.05709929580413  0.0  0.0  0.0  1.0
27844314101890;10.240194569123585;10.240194569123585;1.0  0.0  0.0  0.0  0.0  1.0  0.0  0.0  0.0  0.0  1.0  0.0  0.0  0.0  0.0  1.0
27844314101921;5.39778345406533;0.17104269671286998;-0.36450938334842614  -0.733844710761517  -0.573240656215429  -27.570112334345175  0.8386312846001407  0.008875831105456457  -0.5446272010394865  -33.05372035802995  0.40475977806702546  -0.6792592731126552  0.6121898087599945  -28.994032537946744  0.0  0.0  0.0  1.0
27844314101952;13.302221500961894;0.055870074356368225;-0.06454204344986966  -0.9962622779438663  0.057409042610154656  5.765964706730768  0.9961602389705854  -0.06773198244091924  -0.055472126772730126  26.098639325653245  0.059153215647011946  0.05360832118918184  0.9968084294275882  7.973501435827246  0.0  0.0  0.0  1.0
27844314101983;10.786030610610256;10.786030610610256;1.0  0.0  0.0  0.0  0.0  1.0  0.0  0.0  0.0  0.0  1.0  0.0  0.0  0.0  0.0  1.0
27844314102014;18.074211930870813;0.26362995933525274;0.24751249177349016  0.8263651287989867  -0.5058243176450825  34.98635409381042  -0.7366295941026934  0.49962934278376936  0.4557931119724839  -14.368377202605938  0.6293762050698934  0.2597906729166659  0.7323895130033788  1.0937465758931104  0.0  0.0  0.0  1.0
27844314102045;5.527523174873733;0.09184024082886783;-0.3940506878729256  -0.8060365693513818  0.4416209961665426  -67.64907021088175  -0.6550111211740557  0.5833539297488937  0.48026932421801555  -37.61544389443286  -0.6447359820307695  -0.10001620626067631  -0.7578339342890636  -17.460969113591705  0.0  0.0  0.0  1.0
27844314102076;12.49337546729974;0.09685021331364432;0.45632383698761225  0.8886232080678103  -0.04601467027131434  50.34881178321556  0.8661154234626152  -0.431721047193087  0.2519146892316537  -76.51110625571137  0.20399173766866108  -0.154808693211262  -0.9666548709178173  -23.89156601643672  0.0  0.0  0.0  1.0
27844314102107;8.34390181428472;0.5751417004488092;-0.13175047249068728  -0.9830990755448185  0.12711420322451678  -17.69848020045944  0.991149999018186  -0.13274507099674518  0.0006523590413598694  10.058697583494144  0.01623245036124899  0.12607519101311004  0.9918878735856576  -4.942698473389781  0.0  0.0  0.0  1.0
27844314102138;13.875093444885819;2.123228458821529;0.94606310939594  -0.32145528173451954  0.04038681573319347  -12.017264584134695  -0.25975447256715417  -0.8270961155148738  -0.4984371872980259  -156.63515496202626  0.19362904488078764  0.46106237923429433  -0.865984569974181  30.507404776217086  0.0  0.0  0.0  1.0
27844314102169;7.7056993337980995;7.7056993337980995;1.0  0.0  0.0  0.0  0.0  1.0  0.0  0.0  0.0  0.0  1.0  0.0  0.0  0.0  0.0  1.0
27844314102200;9.927306225231835;0.07851995192829131;0.7290538290541041  -0.37125801859642105  -0.5750199978865155  -14.759988057472057  0.6386094992055473  0.671259176350987  0.37628317221081564  11.979262906923218  0.2462893052204855  -0.6415439203924029  0.7264729701382959  5.707294474978037  0.0  0.0  0.0  1.0
27844314102231;10.287771982386351;1.7874808614701458;-0.8508228758091849  -0.3720175026378662  0.3710841033120044  -49.41048414194948  -0.49143415496794113  0.8133554291056367  -0.3113605904338759  -17.83141622220177  -0.18599168081055373  -0.44727611569976694  -0.8748435122887949  -21.556784676608174  0.0  0.0  0.0  1.0
27844314102262;8.065900080817094;8.065900080817094;1.0  0.0  0.0  0.0  0.0  1.0  0.0  0.0  0.0  0.0  1.0  0.0  0.0  0.0  0.0  1.0
27844314102293;15.344796486985695;0.14109550307809102;0.21703770725238367  0.8641795827972016  -0.45396947288015127  61.553273843672045  -0.1759661902228185  -0.4228008895265193  -0.8889743009300383  -112.33728741920305  -0.9601721374467675  0.2728242227003274  0.060302653166064146  12.230584318343938  0.0  0.0  0.0  1.0
27844314102324;11.120662662609497;0.05411037716342793;-0.2749868201965996  -0.4584971266300747  0.8450814360699974  -23.740393699234737  0.457442132512972  -0.8354987730954883  -0.30444785359387555  -10.347603362555798  0.845652969083742  0.3028567070875249  0.4394870542484198  9.303621374641713  0.0  0.0  0.0  1.0
27844314102355;17.81708979026515;4.956270241409246;-0.6695629644550407  0.7298117345971762  0.1380589318893834  16.21230687287492  0.7400792216624361  0.6712886301871234  0.040673340716211266  -8.615747164556169  -0.06299350993316148  0.12940790944047856  -0.9895885057338456  8.196017674223773  0.0  0.0  0.0  1.0
27844314102386;12.639375851730701;1.657883138996773;0.6076718558168023  -0.48439158773303315  -0.6293645250422328  -54.65409584023312  -0.1218791022342441  0.7261969013109367  -0.6765970329265184  -31.762274875040035  0.7847804789154347  0.48785535792882817  0.38225220686530625  29.112366719670003  0.0  0.0  0.0  1.0
27844314102417;4.852743056092726;0.20865372647106822;-0.2979195890323998  0.6456114075280384  0.7031570442941125  -30.092539581056837  0.03404336499669051  -0.7289513376441769  0.683718506877259  17.22349320330956  0.9539837355901144  0.2276309684916174  0.19519009814306704  8.505849966295184  0.0  0.0  0.0  1.0
27844314102448;8.862723016525484;0.06843102034185308;0.21627652075287568  0.6859011052448767  0.6948123058746779  -14.047803492166237  -0.9186236351770432  -0.09808189742757256  0.3827669764897712  -31.077048431549958  0.33068880154178926  -0.7210545161226464  0.6088721551475247  1.9762392087015996  0.0  0.0  0.0  1.0
27844314102479;8.845892927971892;8.845892927971892;1.0  0.0  0.0  0.0  0.0  1.0  0.0  0.0  0.0  0.0  1.0  0.0  0.0  0.0  0.0  1.0
27844314102510;12.811880985162878;4.477645769531637;0.532282473311665  0.8158294531452266  0.22604794178664406  -10.55338614830869  0.42204675977709216  -0.0242603183048269  -0.90624939697492  22.97739900117523  -0.7338609549273449  0.5777834718443491  -0.3572315194612813  -27.67081007022395  0.0  0.0  0.0  1.0
27844314102541;16.755247254223338;2.231486440978042;-0.6252921267754001  0.3725481998961688  -0.6857241391017387  27.21924720866972  -0.6741183414407224  0.1848278406343052  0.7151245563254484  -14.949627072629593  0.39315927806158474  0.9094209740711856  0.13557018106320265  7.365715483121319  0.0  0.0  0.0  1.0
27844314102572;6.047632241354357;0.13533379384986058;0.7065579397914048  0.7010407267538791  -0.09652863383535405  -12.007115932920021  -0.6729949480143355  0.6235039091024539  -0.39789530693530684  -6.708378573323813  -0.2187548346092223  0.34609937123079787  0.912338504924975  1.0856435756525835  0.0  0.0  0.0  1.0
27844314102603;5.000465750138839;0.11221439046984644;0.5914268824630575  -0.7930208807846529  0.14605521332552218  -46.88105662817765  -0.24478174660614  -0.3491484934374599  -0.9045314953382221  -88.66742740301444  0.7683073208218687  0.4992125921587782  -0.4006128412839967  26.428661883072802  0.0  0.0  0.0  1.0
27844314102634;4.837279486815611;0.3753318355445323;0.914566347110735  0.17719474765098575  -0.3635524970859509  10.800265118520999  -0.3847052305273479  0.10380675994050802  -0.9171837559592707  -31.55868956030656  -0.12478093739601281  0.9786859445172171  0.16310591548749923  44.0452115503555  0.0  0.0  0.0  1.0
27844314102665;12.464679441521291;0.5459940893586251;0.03036252260619026  -0.41551929935376797  -0.9090774604430264  -1.4365267023237491  0.10853934152534588  0.9054892615878456  -0.4102540779691805  -4.587916677820665  0.99362836541749  -0.08621432023539877  0.07259312931755452  -21.92092135199587  0.0  0.0  0.0  1.0
27844314102696;10.865536856965761;0.18265104056733192;0.05102217409979525  -0.9822162311689678  -0.18068761157965127  -85.91002040672322  0.6498500198218403  0.17003384026944937  -0.740799193372115  -51.13833108833971  0.7583480002529729  -0.0796226625493776  0.646968733495572  14.397550731033066  0.0  0.0  0.0  1.0
27844314102727;12.326628554608499;12.326628554608499;1.0  0.0  0.0  0.0  0.0  1.0  0.0  0.0  0.0  0.0  1.0  0.0  0.0  0.0  0.0  1.0
27844314102758;6.140194318079895;15.35071838321295;-0.8809400060356597  0.06656234090241687  0.46852338312989467  -49.99738103952465  -0.4595243612554332  0.11621126697983918  -0.8805295581862809  -93.8663397788057  -0.11305780458985519  -0.9909916226691984  -0.0717881370477817  -70.44802611362087  0.0  0.0  0.0  1.0
27844314102789;11.79753658561828;0.14526670801637664;-0.6399048494463115  0.7216724613234604  0.2640277300255266  -16.15118586425216  -0.5866959209016767  -0.236911298238062  -0.7743777716105301  -18.07609220701454  -0.49629596014115185  -0.6504320835679118  0.5750029779167046  4.894449571002814  0.0  0.0  0.0  1.0
27844314102820;13.718009914125455;0.1783299560610928;-0.05121760303947086  -0.9986792572968162  0.004061795658306375  -17.166373482405874  0.918811583862256  -0.048714585031137916  -0.3916786470638605  6.15402481055277  0.3913592090387337  -0.016328816562220537  0.9200931144456269  -7.697254387270016  0.0  0.0  0.0  1.0
27844314102851;14.126286162245718;0.21829854254149508;-0.7323370102839767  0.06199215728765213  -0.6781146479786071  -16.587569279825637  -0.47501470019597253  -0.7600360213661971  0.4435158180083011  -17.261331866025678  -0.4878970567302675  0.646917474381907  0.5860496936039451  -16.04159404131668  0.0  0.0  0.0  1.0
27844314102882;16.65338049572903;0.30414177993076935;-0.03398691846351285  -0.2763707087527385  0.9604499574245732  -73.47737464468105  -0.8901502573282142  0.44530194285905345  0.09663694461471031  -80.6150222153593  -0.454397852934924  -0.8516603847951726  -0.26114589833782564  -99.27163585940245  0.0  0.0  0.0  1.0
27844314102913;3.6628597101339557;3.6628597101339557;1.0  0.0  0.0  0.0  0.0  1.0  0.0  0.0  0.0  0.0  1.0  0.0  0.0  0.0  0.0  1.0
27844314102944;9.703443455187617;0.07961804107494644;0.6118006323664654  -0.7910080142001762  -0.002511514898882544  -18.47996888895879  0.7899519973539958  0.6111420205135089  -0.04981237435716664  17.27776549232959  0.040936879612711  0.028491265920632974  0.998755435356331  3.8674604967830954  0.0  0.0  0.0  1.0
27844314102975;6.1736923351409825;9.764605748082749;-0.5962080289388851  -0.7508742391909657  -0.28411945225239005  -94.71661395271671  -0.4424931116790494  0.012053443335412525  0.8966908946902232  -102.16633781291843  -0.669877475621775  0.6603352114064105  -0.33944303827218214  40.47720827522749  0.0  0.0  0.0  1.0
27844314103006;8.779326562990162;0.4717140609164592;-0.24391972601519296  0.5481197391035404  -0.8000424481649341  38.25046210463866  -0.637000598612953  0.531491645655357  0.5583429662539868  -21.318659525657118  0.731254678362753  0.6458183817480178  0.21951130533291185  18.593489255955657  0.0  0.0  0.0  1.0
27844314103037;4.983612374719573;4.983612374719573;1.0  0.0  0.0  0.0  0.0  1.0  0.0  0.0  0.0  0.0  1.0  0.0  0.0  0.0  0.0  1.0
27844314103068;8.080951485631328;0.20082040025919132;0.3627800394581769  -0.7932526640307863  0.4890203001704367  -35.304200640570485  -0.6702739979889164  0.14244919871847786  0.7283138014650129  -30.9623333849503  -0.6473974131788586  -0.5919953013263907  -0.48001890860339863  -27.23295397351024  0.0  0.0  0.0  1.0
27844314103099;5.35424278701302;0.06448724393874407;0.7236383206565961  0.6898300768921144  -0.021955543544175976  26.687792430485246  -0.6783807395772081  0.7050508106499473  -0.20664686441495128  -7.488073596087766  -0.1270714485947988  0.16443180780150432  0.9781692223409751  12.755592635148048  0.0  0.0  0.0  1.0
