# ransac_benchmark.py --distance_metric=euclidean --max_correspondence_distance=0.30000000000000004 --estimation_method=TransformationEstimationPointToPoint --ransac_n=3 --ransac_confidence=0.999 --ransac_max_iteration=100000 --input_txt=/neural_comparison/point_clouds_registration_benchmark//tum/pioneer_slam3_global.txt --input_pcd_dir=/neural_comparison/point_clouds_registration_benchmark//tum/pioneer_slam3/ --input_features_dir=/neural_comparison/experiments/FPFH/features_voxelgrid_0.2//tum/pioneer_slam3/ --output_dir=/root/neural_registration_comparison/results/FPFH/ransac//
id;initial_error;final_error;transformation
39885980090030;15.205318337116758;0.24099145043918943;0.5598048968632297  -0.6658359372322794  0.4932352198879978  14.245603087228726  -0.823204357691316  -0.5148564486942468  0.23928523296680204  11.053794365891434  0.09462062632416479  -0.5399864275405091  -0.8363382061977447  0.13048896738354676  0.0  0.0  0.0  1.0
39885980090061;13.318166755923231;0.07924977030259472;0.764007438311729  -0.5201454950569053  -0.3817607865880903  3.111534473862903  0.6403727143191812  0.5390047274250276  0.5471715366948067  10.17373090470359  -0.07883794111868997  -0.6625123151953322  0.7448906035483907  -0.13018486939934043  0.0  0.0  0.0  1.0
39885980090092;16.131758473986306;0.15575931885086303;-0.4973284215814009  -0.8473032527083891  0.18639109162494144  8.192415464562849  0.06579639907147128  0.1773889602113579  0.9819388935490647  12.84602358920867  -0.8650637404010065  0.5006099826660649  -0.032471068638123546  7.150001538374305  0.0  0.0  0.0  1.0
39885980090123;12.985542941208589;0.1409951924085641;0.5194625606060885  -0.6548148014198779  0.5489774348459254  8.08525486872507  -0.32979333607044015  -0.746318735588459  -0.5781389974678875  -3.6455038723051985  0.7882861178608287  0.11927246434567544  -0.6036381992856433  -9.083094437446183  0.0  0.0  0.0  1.0
39885980090154;12.128119033469892;0.339521756803951;-0.73429271587663  -0.6323745792309863  -0.24681288246960736  11.309420967524815  -0.6784651798327765  0.6717011973184368  0.29749369955590255  0.3988292230791499  -0.022342944412083364  0.38590140329287786  -0.922269429056166  10.304313559843509  0.0  0.0  0.0  1.0
39885980090185;6.628057703543316;0.16221459250966555;-0.7328075183490463  -0.6679601472185284  -0.1297011286724712  7.306259661808543  -0.19881333959018757  0.02789305588361008  0.9796403592311159  3.201516773829373  -0.6507429577429997  0.7436741350627132  -0.15323962864290885  5.7594436460091885  0.0  0.0  0.0  1.0
39885980090216;5.823010286342225;0.07806833794783026;-0.17700065871663087  -0.5194028727657634  0.8359972623020667  7.6627104021626815  -0.9653808527171592  0.25698004971927685  -0.04473324550453617  3.4302050933017285  -0.19160004180837226  -0.8149735638712158  -0.5469072262916999  -0.8790783822864486  0.0  0.0  0.0  1.0
39885980090247;5.3740242030998315;0.3203026064527901;0.7305939292151241  -0.5059259172591024  -0.4585536793435885  -3.7297443505228367  0.6492722363302288  0.3068486281209672  0.6959091050927729  -1.9594121303132477  -0.2113718848966203  -0.8061531403311761  0.5526653966094075  1.7419978279935002  0.0  0.0  0.0  1.0
39885980090278;4.39500473301532;0.1824210770868288;-0.26931081262485784  -0.11214034151214299  0.9565020805042077  2.9420872935536515  -0.9284532008815451  0.29406485299014  -0.22693725125835945  4.559664041403629  -0.25582482283029345  -0.9491840738452296  -0.1833119035480828  5.113911644898822  0.0  0.0  0.0  1.0
39885980090309;6.062761454151005;0.09178906531517482;0.7973013346271461  -0.16165351987098628  -0.5815313588406842  5.452663418637847  0.2524345660990694  -0.7858516722259431  0.564547552556969  -0.3631303941616778  -0.548258489802161  -0.5969131333561104  -0.5857536509376989  5.82762652987613  0.0  0.0  0.0  1.0
39885980090340;10.653667033347874;0.22818242884201462;0.010806293243359466  0.8818638795485416  0.4713802307839538  7.366908134325085  -0.8831982198032031  -0.2126268217199463  0.41803198349136705  5.408203048284701  0.46887538703027615  -0.42083955687752245  0.7765629007391092  5.360928214767054  0.0  0.0  0.0  1.0
39885980090371;7.825764243118106;0.11010501391017344;-0.05183809861717485  -0.6826345113033484  0.7289190184851773  7.535835482461051  -0.9983402774210215  0.05376069823252605  -0.02065133904784716  5.667692931123449  -0.025089878650043973  -0.7287797412820898  -0.684288379768454  -3.365282387837341  0.0  0.0  0.0  1.0
39885980090402;6.3535513934385985;0.15054455350370727;-0.40471338416317715  0.8401181861408571  -0.3611211846383213  -1.3015666320594592  -0.7539535505070363  -0.08309553518964427  0.6516511150219728  2.0926212825792145  0.5174563946430872  0.53600052737562  0.6670399645418823  1.6163066381785614  0.0  0.0  0.0  1.0
39885980090433;6.8874917645610045;0.11528893378904237;0.06254976818077146  -0.9837222683558611  -0.16845778474541054  8.04476100498308  0.854307026367704  0.14003752408933304  -0.5005486954789731  -5.087259863051905  0.5159913092284637  -0.11260546428894491  0.8491601605191849  3.0260039370371845  0.0  0.0  0.0  1.0
39885980090464;6.2677651862134764;0.1873641144352135;0.6811611567763052  0.7146845671702323  0.15888816176123555  -2.7489434777707027  0.7285572289022051  -0.6831033099476258  -0.050736891439450316  -5.731922140741234  0.0722761559126271  0.1503191185022608  -0.9859920485983634  -1.93778426136876  0.0  0.0  0.0  1.0
39885980090495;9.69087354585672;0.07457342786928438;0.5072105959566056  -0.8617966337410965  0.006631245875399209  3.286578057921861  -0.5664406695071287  -0.3391580737852497  -0.7510770725528745  10.742861703781156  0.6495247333840808  0.37719804222555847  -0.6601812309234071  0.140333888239965  0.0  0.0  0.0  1.0
39885980090526;2.92110847772627;0.3229644819499321;0.3310197694693785  -0.17285818300819428  -0.9276561651751934  -0.08410100734069204  0.41858711935355175  0.9079603087217253  -0.019821737997569505  -0.5393600503988405  0.8457013277344051  -0.3817435347888091  0.37290902096250017  -1.072475962762591  0.0  0.0  0.0  1.0
39885980090557;4.738076726601074;0.16830197102735617;-0.360650229136189  0.09107154790032392  0.9282442487767181  2.8157879943105333  0.7653388311432073  0.597722776027352  0.23871312607920245  -4.7473302488824745  -0.5330927553140857  0.7965133119924585  -0.28526944815461996  5.134664337237978  0.0  0.0  0.0  1.0
39885980090588;14.769319861057435;0.057159234484423185;-0.0761395445348573  -0.7458242659036753  -0.6617771030696581  -5.997619375954432  0.45148304290030505  -0.6175548798277547  0.6440411728875793  6.613548808356782  -0.8890252143395633  -0.2497441386502824  0.38374735631444146  -2.3374799814922733  0.0  0.0  0.0  1.0
39885980090619;2.836952107880147;0.2216866205305447;-0.09342576116063121  0.9907995683030912  -0.09791752959488362  2.2043628733010516  -0.977376390047139  -0.11001260933806221  -0.18064500536979522  4.387233658157251  -0.18975515626717276  0.0788253844712418  0.9786621170930146  -1.5576782792744028  0.0  0.0  0.0  1.0
39885980090650;12.55893498698289;0.12230757769874026;0.22173088183446227  -0.9185448999640842  0.3272776845293344  -5.329487063462593  0.9193323447465279  0.08503637751266287  -0.3841833603923728  -7.497946264151617  0.3250591576063709  0.38606227638749496  0.8633032276128368  -1.7355400922730322  0.0  0.0  0.0  1.0
39885980090681;13.661467239296929;0.2058741795453125;0.732303794881745  -0.407541903474496  -0.545564614792949  5.033536350575278  0.24660327162324475  0.9054793912321906  -0.34538948808337244  5.406697551795874  0.6347582046941236  0.11839201394590028  0.7635871611069209  -11.597623043997393  0.0  0.0  0.0  1.0
39885980090712;11.512393687205597;0.18714988403764665;0.8615900194465689  -0.4875559831306606  -0.14125084673571625  8.137675620006338  0.012610138435137523  -0.2576248448090647  0.9661627315032144  0.8998153581069299  -0.5074481478916921  -0.8342173593558223  -0.21581884660680417  8.847910983639569  0.0  0.0  0.0  1.0
39885980090743;17.098275178250592;0.11012225780487161;-0.012643189173791002  -0.9214949511570231  -0.38818449835050184  6.179489420181137  -0.028126289381369574  0.3883896579890102  -0.9210658963466262  -13.107801362837193  0.9995244177173216  -0.0007270208350697166  -0.030828717578812753  -5.961688600894535  0.0  0.0  0.0  1.0
39885980090774;10.611953381784044;0.06696350453468668;-0.6809165099922255  0.7300632554376926  -0.057968521455411016  5.079815512592312  -0.26256118643623233  -0.3172429180644448  -0.9112730404852073  -6.280905162664981  -0.6836770654316303  -0.6052805746079043  0.4077022151094103  3.9518485550344384  0.0  0.0  0.0  1.0
39885980090805;5.343071835957388;0.14113824600860478;0.1683493055787607  -0.40521801679762276  -0.8985860393828464  -0.5068290483612512  0.6172420832697453  0.754088360473772  -0.22441692279951628  -6.345878697390306  0.7685510535754758  -0.5168646858323565  0.37706786469738485  -0.4985456575009707  0.0  0.0  0.0  1.0
39885980090836;5.261479947974986;0.05391020936038292;0.6238967030928059  0.23525305652652975  0.745257608659484  -2.1071329771625447  -0.1942537583216632  0.9703699459395739  -0.14369288568031968  3.0193274245883073  -0.7569797759833722  -0.05511957376607721  0.6511094004389814  4.063645235829835  0.0  0.0  0.0  1.0
39885980090867;12.813048896623984;0.11995563867138839;0.7396040447093628  -0.4155434140350798  0.5294426579919872  -5.599976772066141  0.5916614497492777  0.7763889539452016  -0.2171564437737427  1.7028779511261993  -0.32081550138690784  0.4738605947364121  0.8200814293873019  -7.629765243561307  0.0  0.0  0.0  1.0
39885980090898;9.513150698671726;0.07158393844677854;-0.6056667997624086  0.775669210900617  0.17749648708178994  10.383436685621074  0.6870845059315223  0.622313286680673  -0.3750214059617595  -1.6291063738130083  -0.4013509802833405  -0.10518292866008548  -0.9098647933314538  -3.303288035802949  0.0  0.0  0.0  1.0
39885980090929;3.2910700942172166;0.20119990859270367;-0.41737406739545985  -0.3002184626990204  -0.8577107685696901  5.151162158789229  0.4773342182614528  -0.8755837279879299  0.07419689588848602  -0.4460848667450943  -0.7732728703003214  -0.3784468389845474  0.5087504870956939  1.6514612696264754  0.0  0.0  0.0  1.0
39885980090960;13.148595121958836;0.06806681637737462;0.7001965101992382  -0.7135852253803613  -0.022824837867264535  0.7580471215722122  0.6973369603644269  0.6766971904850791  0.23622463059406587  0.7376072484088991  -0.15312090260480374  -0.18132026502423831  0.9714303632669868  12.085702229656512  0.0  0.0  0.0  1.0
39885980090991;4.974292677219224;0.06622050118562171;-0.5538611410151765  0.684762902245884  0.47364290787592406  5.7032301490835025  -0.48969727206229585  -0.7279807649959251  0.4798339166114606  3.6846506902856095  0.6733753917452827  0.033819720633711414  0.738526782377014  1.0636396672051032  0.0  0.0  0.0  1.0
39885980091022;13.287028172970416;0.09940244750996989;-0.5270295673381963  -0.6968240062685475  0.4864937198352771  15.763086682846122  0.6034264723487993  -0.7099276680222452  -0.36315175704542674  -3.097656943581943  0.5984282142579822  0.1021714757862893  0.7946349236697658  -0.5913249562480922  0.0  0.0  0.0  1.0
39885980091053;15.533441302838277;0.2123471683309726;-0.5096860430960132  0.8450240852740035  0.16172332169468345  -10.123102945066794  -0.8567761584682853  -0.5156553317659172  -0.0058474867856814685  1.88671214589779  0.07845222593053583  -0.14154106869815186  0.9868188152433701  0.051650163646507014  0.0  0.0  0.0  1.0
39885980091084;7.763469718260981;0.10912905001029155;-0.5449132144568518  -0.041711023175051765  -0.8374543445800436  -1.3220480557076737  -0.8299011509461933  0.16943632471259534  0.53155941485978  5.110186435459928  0.11972329918810483  0.9846580738579147  -0.1269441184850141  1.7996346625529849  0.0  0.0  0.0  1.0
39885980091115;3.6651649034345075;0.16167704642531275;0.4345440591704426  -0.8971512562370453  0.07931635437894562  2.6298113747655436  0.8968144261446755  0.43913152547141704  0.053734424682342005  -2.1588341133786595  -0.08303821830019595  0.04778207581758854  0.995400184615259  -2.9177275594553733  0.0  0.0  0.0  1.0
39885980091146;8.080612412768405;0.0447456602670839;-0.5689893590875581  -0.7873135080982379  0.23746273225745682  3.4177008018747532  0.6482462021616948  -0.2517445673391598  0.7186108364046279  5.311276702604817  -0.505992065775808  0.5628162335800788  0.6536129715593665  -2.600403622410379  0.0  0.0  0.0  1.0
39885980091177;3.8726541071914253;0.1781507129607099;-0.5165118542685535  -0.8562363555715922  -0.008649150105047361  6.524463883148655  0.8558880276920215  -0.5165546614398722  0.025039285097637885  1.5689655702183265  -0.02590730502237487  0.005530383550718664  0.999649051619747  -1.7203187353015472  0.0  0.0  0.0  1.0
39885980091208;5.2059592602279805;0.2441191977418648;0.18814509548581973  0.9695344768554861  0.15685764639695407  1.699558982372623  -0.9703083522503001  0.15877552667098824  0.18246104703102448  1.5048826766934749  0.15199712036068053  -0.18652943552938345  0.970620237313828  -3.910928113201868  0.0  0.0  0.0  1.0
39885980091239;9.534104921615693;0.27126270939780184;-0.4441696518691112  -0.060877279869437306  0.8938720697919652  11.66712483376766  0.3800870423131175  0.8906575271614173  0.2495255689831704  0.6076338294090753  -0.8113243251771384  0.4505808763212291  -0.37246437852424785  -0.5382902719181119  0.0  0.0  0.0  1.0
39885980091270;6.793393155968177;0.12236008185912908;-0.2814822017373283  -0.9425897422371994  0.1797007176789121  4.868365692742767  0.664047143644974  -0.32653405130081276  -0.6726194350136111  5.510117476328938  0.692682583238569  -0.0700006512133155  0.7178375496640274  -3.8333712613263002  0.0  0.0  0.0  1.0
39885980091301;9.237550092631151;0.2837320239079534;0.15247509742989251  0.04833706239112936  0.9871245478981577  -2.7118583470659985  0.716530756208006  0.6825094661129607  -0.1440989384908339  3.944169850487505  -0.6806871675532957  0.7292765984628865  0.06943070547440805  -2.131465097144769  0.0  0.0  0.0  1.0
39885980091332;14.314334062580222;0.22772475788744723;0.4461963263446671  0.20985900057673637  0.8699816309747331  8.806340953413223  0.8497419933925983  0.20566696026166298  -0.4854272820123545  7.447037905680923  -0.2807977617818513  0.9558557952608021  -0.08655816336222572  -3.87164521807544  0.0  0.0  0.0  1.0
39885980091363;4.939595963032118;0.2434931804917377;0.45308799653691695  0.8834401176852328  0.11935168980146449  3.1020857733560723  -0.8913452713458231  0.45114969963894447  0.04435713882940149  0.26498808723504874  -0.014658603057704531  -0.12648125149599238  0.9918606849635713  -0.6376759230153479  0.0  0.0  0.0  1.0
39885980091394;15.273466798993145;0.09803949583788077;0.10959057645745704  -0.9175631483932566  -0.3821881398766539  1.0777645561992206  -0.8831946882521882  0.0865148968315777  -0.46095804068195  -3.7642810511302223  0.4560230785769984  0.38806319245307974  -0.8009056813809489  8.743193342134555  0.0  0.0  0.0  1.0
39885980091425;8.06198539416402;0.129002170951304;0.46377420097320715  0.8591759112532188  -0.21617179287285437  -0.477488920849229  0.1685616335362244  -0.32511289278679895  -0.930531344256279  -4.549492557170437  -0.869770352570874  0.3951181601318776  -0.29560306717410245  -0.9406842785053235  0.0  0.0  0.0  1.0
39885980091456;10.977064992754894;0.1110740409062074;-0.7335362371593517  0.6791818320589744  0.02523148380720855  -3.852246731912108  -0.6736089635447102  -0.7314536070944971  0.10595557984679571  -0.9698189479190258  0.09041876468034675  0.060726103690786876  0.9940506965563756  -3.461758540604844  0.0  0.0  0.0  1.0
39885980091487;2.767744523025431;0.11876089978420895;0.9091749791594843  -0.35680536670584717  0.21468765115920851  0.18877077102726147  -0.3685248379263125  -0.44939107935006867  0.8137795165964582  0.9033087765333405  -0.19388218355933862  -0.818985706890228  -0.5400667651390675  2.783854144446304  0.0  0.0  0.0  1.0
39885980091518;6.6339837111177165;0.08138082251779284;-0.8881090348807534  -0.45951985644300486  0.010190372798671604  10.306660951579186  0.45391238112076926  -0.8803272850279996  -0.1377948529536035  3.6741047890717757  0.07229033426710264  -0.11775131748660683  0.9904083676957297  -2.0114324545343627  0.0  0.0  0.0  1.0
39885980091549;8.72791924372333;0.20639205959579093;0.49972093987255234  0.3909928439886598  0.7729188690946494  -4.8659990901531  0.3490368752449078  -0.9075672782906506  0.2334414168380847  6.074006214353308  0.7927497978379838  0.15312162265911616  -0.5900012938139002  -0.1284896960696339  0.0  0.0  0.0  1.0
39885980091580;11.404884011730314;0.22297292840624672;-0.007407263524932197  -0.9681392068383161  0.2503030336003729  12.622870194768637  0.9483291434644925  0.07259983375414855  0.3088706845830033  -4.760252437245108  -0.31720177821534257  0.23965754801663813  0.9175768586748896  1.7163743799947184  0.0  0.0  0.0  1.0
39885980091611;5.185738995238877;0.11321756202437668;0.967727800290217  -0.011893498809007  0.25171700226948934  -1.2951308741850882  0.19767629771009188  0.6553460675478159  -0.7290031639665532  3.5975101020501468  -0.15629134930983593  0.7552351133492761  0.6365476711882755  -3.0526825719665194  0.0  0.0  0.0  1.0
39885980091642;11.452810801369598;0.20728479757661816;-0.9858678890588639  -0.03646717195405504  0.16350734140182785  6.75747117316736  0.02743794650679052  -0.9979887777030607  -0.05714506689331221  0.8882986824693551  0.16526241077181153  -0.05185118078138638  0.9848856738918812  8.81222384017004  0.0  0.0  0.0  1.0
39885980091673;6.84357315400721;0.12894954584235407;-0.695356384830611  0.49065555596625593  -0.5251062973101239  4.376940201795003  -0.7064843610404208  -0.6006511038775529  0.37429680604566573  2.297175581287899  -0.13175486966565036  0.6312490608390021  0.7643070570845635  5.3733549969863965  0.0  0.0  0.0  1.0
39885980091704;11.97004270038415;0.09367790099780764;0.08593779581033352  -0.0385927127430465  -0.9955527599150109  4.075482662575959  0.995894774495626  0.03184218530542342  0.08473295325481439  -0.46804978331001923  0.028430500937706448  -0.9987475545692757  0.041170728173342996  -10.249715343754206  0.0  0.0  0.0  1.0
39885980091735;9.206758517908435;0.13108415250459327;-0.6797926363909216  0.2005689367194961  -0.7054460100758179  7.7601061188119225  0.7267209884130705  0.313772969391563  -0.6110835693087581  -5.124661160310222  0.09878550758390782  -0.9280725323499305  -0.3590582100286497  6.88038460644104  0.0  0.0  0.0  1.0
39885980091766;2.598811728309922;0.09125670435980573;0.8281405235253965  0.12962926278579806  -0.5453251576121289  -0.889601126014858  0.22750582306108272  -0.9668840179809569  0.11565637140382812  3.492533528029699  -0.5122737293365548  -0.21984437678187582  -0.8302072489619726  0.8487623616815858  0.0  0.0  0.0  1.0
39885980091797;12.542227557622743;0.1959181655612079;0.740653885900793  0.35067950775519974  -0.5731105514127507  -2.2770480646942604  0.6380529786196668  -0.6343731027711382  0.43641627255991516  10.944258678036377  -0.2105236750929144  -0.6889083025491058  -0.69360300814247  2.8948688616914287  0.0  0.0  0.0  1.0
39885980091828;9.47715700246654;0.029450830082701565;0.5491520453580705  -0.8325022037813106  0.0732946913378436  -2.3699657933108833  0.8355368164653688  0.5450660393800573  -0.06914651867921336  0.5932701346421649  0.017614182069148457  0.09921236522631367  0.9949103714286207  6.1166451586146335  0.0  0.0  0.0  1.0
39885980091859;14.228056617716064;0.277805598464394;0.2721708797092024  -0.1727567784466128  -0.9466140225768199  12.07751109489406  -0.906250663955805  -0.3767186094885485  -0.19181455456945304  2.6577783503951693  -0.3234698538009101  0.9100759225283146  -0.2590927805174342  6.614593743033128  0.0  0.0  0.0  1.0
39885980091890;12.934736653014653;0.14384518524234227;0.5239637083514095  -0.07610321665266448  -0.848333856889938  6.483796467976057  -0.8049177809627154  -0.3699273166143558  -0.46396244062699876  12.138390585901616  -0.27851283313466607  0.9259384865300827  -0.25508532090593106  -5.693922816476997  0.0  0.0  0.0  1.0
39885980091921;11.389616762246979;0.23657355727446627;0.6094862209348398  0.07810759061505876  0.7889396369677961  4.559239731771074  0.5592255172166755  0.66302104051905  -0.4976644660037301  0.5841453917095774  -0.5619549513833909  0.7445148112142205  0.3604224306259868  9.262208817605691  0.0  0.0  0.0  1.0
39885980091952;7.751231368250753;0.3662973690574808;0.5940227009323262  -0.4974397851105888  0.6322109544813321  -2.016945464534455  0.3736206130259939  0.8665894898261621  0.3308024994538493  -3.3355703002855157  -0.7124216927488568  0.039702850174324095  0.7006275868026395  -3.1691341736321603  0.0  0.0  0.0  1.0
39885980091983;14.851121124669065;0.12866229799132534;-0.7811184940509913  0.30292862308654384  0.5459744935126578  4.7038818078610305  -0.4862590167704693  0.25338251750886137  -0.8362711691971024  1.5339759847636267  -0.39167086547371494  -0.9187118966987218  -0.05061999608167586  14.908602324663532  0.0  0.0  0.0  1.0
39885980092014;8.09691717384987;0.17050364980661767;0.10163540765856667  -0.27470178825216024  -0.9561428614182835  6.674656311715287  -0.9549910007143133  -0.29617997362204335  -0.016419859314874025  4.364815911866094  -0.2786798027571273  0.9147766671468568  -0.2924401080203221  5.148684235175184  0.0  0.0  0.0  1.0
39885980092045;7.770476372289854;0.08574496266848364;-0.8081271140516033  -0.48948263264913533  -0.327623747413858  1.4042004513542694  0.5459348366616642  -0.8312621792503516  -0.10468210671914714  4.61094107401167  -0.2211011570612644  -0.26345766582665314  0.9389911270418594  -3.1318202424640855  0.0  0.0  0.0  1.0
39885980092076;16.718631862778135;0.15036721738520004;-0.5511104553786841  -0.470060614847891  -0.6894347571316112  0.2788788702835836  0.5053023079248501  0.4695109817666321  -0.7240366120620935  -14.135035243205943  0.6640382847231936  -0.7473971209265909  -0.021229697419488287  1.7268701793359342  0.0  0.0  0.0  1.0
39885980092107;10.262899426928634;0.05399720167803308;0.6672687356848924  -0.6505377394424174  -0.3627024730252532  -3.85170949161871  0.18940879606541622  0.6191681985681243  -0.7620728638752032  -6.631423331633476  0.7203309949950336  0.43980835763210985  0.5363691510577505  -4.015994350984773  0.0  0.0  0.0  1.0
39885980092138;15.257229419744425;0.1097719339713563;-0.09690914642513757  0.9952199823394263  0.012074936499328733  4.316950414928966  -0.9942398658176073  -0.09624144059358465  -0.04716645345430789  9.660204749218712  -0.04577888769003821  -0.01657624398900668  0.998814057558803  -10.82667767459854  0.0  0.0  0.0  1.0
39885980092169;15.992191385092843;8.559664745505883;-0.33801152626245556  0.14128941370050474  0.930475958684529  13.996174201254354  -0.12014110555260754  0.9741006261433718  -0.19155700170886186  -12.83229463958544  -0.9334421904276253  -0.17653688488035388  -0.3122825730110762  9.824091930322346  0.0  0.0  0.0  1.0
39885980092200;6.917432320039796;0.2170743729347943;0.4296704172028454  0.8846665118169638  -0.18096545374832668  -0.5068318537847354  -0.8975431976710455  0.39644594093671154  -0.19299436320586974  -3.513482259166161  -0.09899263050937901  0.24534828058172886  0.9643675027293392  -2.9301363307158574  0.0  0.0  0.0  1.0
39885980092231;11.63978213050849;0.15990703391257488;-0.8974573564329357  -0.15201500263138035  0.41407937929748223  1.1873807834218297  0.048592465856829886  -0.9670981650509618  -0.2497196656593462  2.891695825817914  0.4384165435363492  -0.2039916128914231  0.8753161464428703  -10.011607562047226  0.0  0.0  0.0  1.0
39885980092262;5.191873642222159;0.07375642544412885;-0.4364788502392964  -0.6571362998018095  0.6145389302367825  7.756627453215764  -0.23291916774858468  0.7422828664283613  0.6283031175334117  1.470880181528869  -0.8690425044778243  0.13110312616289224  -0.47705041213820154  4.749759474325367  0.0  0.0  0.0  1.0
39885980092293;17.8683780302977;0.04958931660243879;-0.3220104224651307  -0.8314477632636689  -0.4527735690029519  9.653028899109533  0.8152661579414147  -0.00039597463904591547  -0.5790862931545941  10.793460582623426  0.48130071632948085  -0.5556027899209361  0.6779787314457589  -8.365436212735416  0.0  0.0  0.0  1.0
39885980092324;2.5378082800465176;0.18232205965713782;0.928891797603218  0.19083836847271832  -0.31739682648717965  -0.15597787406874275  0.09211577172123073  0.7110310355079387  0.697100818493789  -1.492749151467554  0.3587125770664642  -0.6767684860151068  0.6428916731387616  -1.5280237354585637  0.0  0.0  0.0  1.0
39885980092355;4.721106299632293;0.2006345111720595;0.550646039779861  0.8255659664341198  -0.12340897025927092  -0.9129930581733516  -0.8346163603614867  0.5470476865581436  -0.0644543221850028  -0.46929916274497385  0.014299296895338945  0.13849066285161865  0.9902605043175348  1.943705688698596  0.0  0.0  0.0  1.0
39885980092386;4.150156398285817;0.058083546434034725;-0.0858906609064776  -0.9960147731452728  0.024028442425992336  -0.8274952826437589  0.9554361425277638  -0.07550676859692966  0.28537782928552224  1.9770191223005509  -0.28242622385450566  0.04746893270782998  0.9581138390122874  4.781718201404754  0.0  0.0  0.0  1.0
39885980092417;6.211588953303198;0.1052832047731022;-0.9513455664020635  -0.10333111520401188  0.290283127166964  0.18450824439230085  -0.1639038464249466  -0.6280403629539918  -0.7607238865894284  4.235365613579249  0.2609159681089757  -0.7712898178579262  0.5805470475805062  0.4854877209785662  0.0  0.0  0.0  1.0
39885980092448;6.198581447326856;0.16608230300708354;0.5003781736712414  0.5585590720110231  -0.6615386960621568  2.868271591940224  -0.6898309556246576  0.7189346262216592  0.08524233620388266  0.9760309674508263  0.5232159553907028  0.41369646637807855  0.7450505336759959  -7.545605894946307  0.0  0.0  0.0  1.0
39885980092479;13.852347125351322;0.11036525181443621;-0.9754665374372977  -0.2116684723878655  -0.06051026472488916  4.624224801528643  0.18994658114535495  -0.9481777795650609  0.25471394671329295  -2.9443363725387424  -0.1112894004444264  0.2369712137287111  0.9651213981736503  -13.54095960822443  0.0  0.0  0.0  1.0
39885980092510;11.087356919905194;0.07946282261740481;0.5187519926789348  -0.7966482545942202  -0.3102385026775628  1.387963312341563  0.8056020762209803  0.5769777306852348  -0.1345436474968674  -10.357155242377218  0.2861846691912049  -0.1801339966394406  0.9410898354432597  -3.750385725768667  0.0  0.0  0.0  1.0
39885980092541;8.13198811043238;0.19580805736577686;-0.6410046433441203  0.7356000438474322  0.2191018546314326  6.670080091387598  0.43213467396809746  0.5817966746617461  -0.6890371926877534  3.4954020821999694  -0.6343285195904119  -0.3469945314326877  -0.690812655059276  -1.3561801815956076  0.0  0.0  0.0  1.0
39885980092572;12.857597382515118;0.09719237628696192;0.3607222138287378  -0.013304927378921694  -0.9325783952879971  -7.1597256192864736  -0.636433511088337  -0.7344387380531581  -0.2356949851198704  10.352073126764976  -0.68178579511036  0.6785445592990389  -0.2733960691586625  0.2532073048714445  0.0  0.0  0.0  1.0
39885980092603;4.595426400726901;0.2132299780892569;0.6505198734827787  -0.18641417666768828  -0.7362565102878592  3.8525929733299784  -0.6007220258300822  0.4668665191912778  -0.6489751158101698  5.3060472519148085  0.4647116760815805  0.8644567126210128  0.19172284714639473  -2.9244964471205717  0.0  0.0  0.0  1.0
39885980092634;14.955394496186754;0.11420242715635796;-0.3495897190914353  0.9364655621612686  0.02862305349802261  11.123554131207351  -0.23542545732723463  -0.11737456042979469  0.9647787656277342  11.154336436163469  0.9068417074373198  0.33053814220130745  0.26150077285215495  -3.7809063914695553  0.0  0.0  0.0  1.0
39885980092665;13.790322686089336;0.22172456106418337;-0.4435822118491061  0.6225009869393047  0.6447692165346035  -6.271678006200432  0.7706755457358042  0.6321690837717983  -0.08013396737929153  -7.237144623257953  -0.4574866386419114  0.46136186533210205  -0.760165248272643  6.09704436246828  0.0  0.0  0.0  1.0
39885980092696;10.060575966549875;0.19933782666581704;-0.4070944877758179  0.889630663884298  -0.20695738667495941  3.6878468953432955  0.840724329160709  0.27640059751594653  -0.46560209626901833  -3.611437261312704  -0.35701075667242993  -0.36353815696514175  -0.8604553027616065  -6.51903384708281  0.0  0.0  0.0  1.0
39885980092727;5.0885328238275855;0.04413799344396327;0.28266994364698533  0.8889999275556971  0.3602455159534625  2.5026917358002088  -0.9258758164186938  0.1547142509007813  0.34469910521965125  2.4683157009871657  0.2507023644276779  -0.4309786878421903  0.8668366023052994  -3.8592159716813694  0.0  0.0  0.0  1.0
39885980092758;7.042514947121556;0.06377662616209581;0.7344041697357299  0.6657873193563417  -0.13182473538403283  0.13500458339873922  -0.5210970271956243  0.677563815144249  0.5190040121762577  0.2933054133771984  0.4348659606392038  -0.3124652329323482  0.8445454839651192  -7.334088278399645  0.0  0.0  0.0  1.0
39885980092789;9.837958892178126;0.5170790798332722;-0.39539966474982885  0.47040671983043375  -0.7889085010659317  1.4278773599719115  -0.09467025525746146  -0.8751983165056336  -0.4744106338976734  10.44051301442324  -0.9136173421543677  -0.11289563642620061  0.39058664517711456  5.451467111300761  0.0  0.0  0.0  1.0
39885980092820;8.268718839568454;0.19078887801645078;-0.3392692513011166  -0.5835094400535907  -0.7378435528551598  5.420371329204573  0.9313649070467902  -0.31852710850927207  -0.1763516120324591  1.1520528252970825  -0.13212034303355383  -0.7470322714000163  0.6515266690194871  7.792862676614791  0.0  0.0  0.0  1.0
39885980092851;6.8936455006206945;0.09549650931543688;-0.7432255346884268  0.28033477388734124  -0.6074769288924781  8.150515587045081  -0.6684409063910173  -0.272692495920241  0.6919722229482516  -0.32111536578774147  0.02832947670286636  0.9203538543507728  0.39005925643601774  0.9427274700786882  0.0  0.0  0.0  1.0
39885980092882;8.701798953500287;0.11305508889204485;0.0422853072369582  -0.5734149526345726  -0.8181731142533143  -0.39530814015303406  0.807060174174465  -0.46312492244431097  0.3662911157432485  2.08396217893851  -0.588953162868966  -0.6758036684615158  0.4431969919128504  7.747782607229629  0.0  0.0  0.0  1.0
39885980092913;12.068994851548805;0.17608717453953684;-0.15873678190734866  -0.9108402897149898  0.3810152237137159  9.818796685607422  0.9233059716617575  -0.2736413499993218  -0.26949303194013463  -1.4518418138215532  0.34972663147583793  0.3090151747122831  0.8844212260196502  7.150690616031594  0.0  0.0  0.0  1.0
39885980092944;3.372320270673433;0.15466494582547363;-0.8377965816630152  -0.5451645294318069  -0.029875133525451764  5.692725868762974  0.5396866650109304  -0.8351807765923298  0.10588377599996934  -1.5619325282308592  -0.08267521613607243  0.07258585440723946  0.9939296264710215  -0.7082143124784472  0.0  0.0  0.0  1.0
39885980092975;6.497637263498034;0.1467027402210176;-0.9307292000968889  0.3655802953461055  0.009705861201382636  7.101441425108302  -0.36556138492258844  -0.9307798022062514  0.0037193626295661253  7.358882654068164  0.01039374525788006  -8.636865755784484e-05  0.9999459798408958  -2.443506075084514  0.0  0.0  0.0  1.0
39885980093006;15.880192191604793;0.17428200705220082;0.620169106054981  -0.44835007911684543  -0.6437177071130523  10.957788019219556  0.5891484611083256  0.808010456149102  0.004815965885781634  -9.310455146361795  0.5179713994697568  -0.38223200979201105  0.765247881422551  3.251028243921186  0.0  0.0  0.0  1.0
39885980093037;17.265572118183027;0.15985500926464058;-0.9371637436045686  -0.10831037141891271  0.33165189750123214  -2.610544666821534  0.24882843193357662  0.45883140131311584  0.8529701968008729  -11.191110511404547  -0.24455782370340987  0.8818971644200589  -0.4030494538556184  5.476880144462458  0.0  0.0  0.0  1.0
39885980093068;7.330304072587055;0.19436305142060784;-0.011995434202388827  0.10850210762558149  0.9940238438785575  -2.4831353375506167  -0.9298313833736167  0.3644345674866937  -0.051000436412762244  6.484663090408065  -0.36779030445595196  -0.9248863382392417  0.0965171139570848  0.928480666260644  0.0  0.0  0.0  1.0
39885980093099;11.7148593534829;0.03629368403753696;0.3039399130793738  0.17226438142491624  0.9369874663673968  -2.1379412189391123  -0.22872597017107926  0.9679452020318788  -0.10376182550805033  12.23079915029942  -0.924826989120993  -0.18277600705715083  0.3335985183385014  -4.780820275603342  0.0  0.0  0.0  1.0
