# registration_from_features.py RANSAC RANSAC_config.json euclidean --input_txt=/neural_comparison/point_clouds_registration_benchmark//tum/pioneer_slam_global.txt --input_pcd_dir=/neural_comparison/point_clouds_registration_benchmark//tum/pioneer_slam/ --input_features_dir=/neural_comparison/experiments/FPFH/features_voxelgrid_0.2_compressed//tum/pioneer_slam/ --output_dir=/root/neural_registration_comparison/results/FPFH/test_1_ransac/
id;initial_error;final_error;transformation
1807261650030;4.242065528890624;0.08912115510643669;0.5145517521649338  0.6148312864317362  -0.5976779932109713  6.57724611193955  0.785428978416805  -0.058317945542223304  0.6161982936448853  -5.444853752091478  0.3440026369188627  -0.7864995273059168  -0.5129139102621787  1.5513171199684388  0.0  0.0  0.0  1.0
1807261650061;7.372035540033227;0.09257923931343974;-0.67980068812427  -0.7279670173709065  -0.08907887541879024  -3.2550593069506113  0.7333726598951069  -0.6757329784498847  -0.07449485588699349  0.7264064790746481  -0.005963735754175172  -0.11596966610003943  0.9932348515837022  4.378888397763958  0.0  0.0  0.0  1.0
1807261650092;12.102589230009645;0.17991613091835826;0.46887780452615047  -0.6351099428830473  0.6138313814671169  7.360158500752811  0.8640652493147846  0.18571255289190702  -0.46786973894979644  -8.999274654615533  0.18315253028368714  0.7497641016676267  0.6358529252124429  10.956075820466179  0.0  0.0  0.0  1.0
1807261650123;9.366919006451113;0.07842584962978119;-0.7807284112429352  -0.2736095777716715  -0.561783718907634  -4.341425007313389  0.49738950988657477  -0.8163121316987454  -0.29366337717911944  -0.44974657477463365  -0.378241752498157  -0.5086966705150134  0.7734086074476183  3.3921562071702205  0.0  0.0  0.0  1.0
1807261650154;4.484926530514292;0.11664618311021684;0.42559761522095163  0.3979621422773973  -0.8127070832915289  -0.1655669957393633  -0.604279682591611  0.7935025342595265  0.07210959250121307  -2.68073305909338  0.6735820181130292  0.4604127077282883  0.5781932232714988  -2.825121496820229  0.0  0.0  0.0  1.0
1807261650185;4.785592360357215;7.340962677438596;0.6392655018526351  0.6814052307975015  0.35640781358284396  2.858351002249436  -0.5915038229780468  0.7318859497414195  -0.3383285148689884  3.0921588431396065  -0.4913886908990214  0.005465163575281164  0.8709232379743016  -5.908694068632099  0.0  0.0  0.0  1.0
1807261650216;5.7139193037879235;0.103811147504845;0.636502993556002  0.12587150765980673  0.7609338359895008  -0.3312276372050824  0.28624884009523877  -0.9546811734026952  -0.08151968286606467  -0.30016021636460355  0.7161882020379697  0.26970395011920106  -0.6436879978310303  -5.491958111532113  0.0  0.0  0.0  1.0
1807261650247;12.652214164961155;0.25383458451581203;0.5436191204129787  0.7765678640131242  0.31846601781589395  -8.457164131835391  -0.7608580188186609  0.29574934999060987  0.5776048798092634  -0.8514280229652621  0.3543632699938885  -0.5563044800846256  0.7516328879958704  5.053869126132131  0.0  0.0  0.0  1.0
1807261650278;6.989420057286833;0.14508940524977446;-0.5216463506982287  0.716854752876453  -0.46260603982401816  -5.462716508607704  -0.8417605733625388  -0.5207957753159063  0.1421650362975159  -7.002696780668988  -0.13901158921324275  0.4635633977047196  0.875091283451541  3.844819640277596  0.0  0.0  0.0  1.0
1807261650309;8.352466281140485;0.1724165845475672;0.5858546963365342  0.6066853976235324  -0.5373147151258778  -5.998062768716366  0.19019441026333722  0.5415652409847691  0.818860901534375  0.8530316840981631  0.7877819248275555  -0.5819277601794616  0.20189036838716787  -1.7030127423321828  0.0  0.0  0.0  1.0
1807261650340;10.036300996119001;0.11639673230904025;0.6918510883040988  0.5586662338655648  -0.4574211524961439  5.8344341403618225  -0.7220101147322101  0.5410701216872842  -0.4312128449405098  8.399249002960307  0.006592862566056207  0.6285977748574789  0.7777026241484671  -12.973211222412953  0.0  0.0  0.0  1.0
1807261650371;3.1812712757927435;0.1041008857578515;-0.11466390387340117  -0.9820879257582183  0.14951754154089628  2.3719606797063704  -0.6746454656625971  0.18746199243281186  0.7139408218150983  5.044203724538554  -0.7291815170514191  -0.019008089673681117  -0.6840562898749988  3.2780407309418527  0.0  0.0  0.0  1.0
1807261650402;12.640830633455;0.09913669806347326;-0.5313344928413434  0.6953200789042925  0.4839562424326818  -0.5542286504221607  -0.6368879062760487  0.04883971030672554  -0.7694078746259786  14.100671959580877  -0.5586210267760632  -0.7170388208247049  0.4168907265387099  2.809577729333794  0.0  0.0  0.0  1.0
1807261650433;17.72602606662104;0.24723256508575947;0.09455389821627798  0.1335012122994605  -0.9865277424617518  -5.517014230226965  -0.7915482592106273  0.6110685344788607  0.0068263834116859086  -2.1888519545594822  0.6037473922699222  0.7802388560462956  0.1634515642104306  6.732097095112188  0.0  0.0  0.0  1.0
1807261650464;13.516242316124647;0.10294892065210717;-0.8240150393034117  0.5659907670256532  0.02556690523918547  -9.529502329337461  -0.5596044203523082  -0.8060049597504146  -0.1928701573076812  2.2777423348118804  -0.08855567584268051  -0.17323526344092088  0.9808911436936317  6.598945123631052  0.0  0.0  0.0  1.0
1807261650495;7.578236265964046;0.022028858103852817;0.5721819427816002  -0.38143557052742116  0.7260266729887362  -7.853610220182735  -0.8149744053221217  -0.3635211823853337  0.4512970957440592  5.144126329596652  0.09178530941565201  -0.8499172050815241  -0.5188604836387946  -2.97579846427885  0.0  0.0  0.0  1.0
1807261650526;15.116037694080763;0.18419396562917928;-0.28238138365225035  0.8681134800345475  -0.4082153107723279  -1.323317571467097  -0.9022970211594905  -0.38485752610521534  -0.19428013333041447  1.0719172562290102  -0.32576193726915176  0.3134703660355812  0.8919728077941437  7.88666743578335  0.0  0.0  0.0  1.0
1807261650557;24.456095870239103;0.2173958713379169;0.3294047198277262  -0.9192883944954626  -0.21540979156290035  3.3888340573647673  0.9295701339550371  0.3557426344790741  -0.09667752620285211  -4.110752348657539  0.16550497458998728  -0.16839247536586363  0.9717263388558139  -7.327198508696339  0.0  0.0  0.0  1.0
1807261650588;6.853314294203077;1.3392006502871105;0.4528751833842151  -0.1514950945768042  -0.878608732368327  -0.14255118520539511  0.378030839704708  0.9251182511349103  0.03533985921361289  -6.2102255966796145  0.8074631586065502  -0.34814574209122506  0.4762329154488205  1.7193591803256192  0.0  0.0  0.0  1.0
1807261650619;35.588647047747834;0.03564576849936351;-0.9460145159943018  0.16228407059847194  0.28057158793801146  0.05471878804236063  -0.04944922295775197  -0.927758506747324  0.3698904263519811  -7.541870392529607  0.3203300015248987  0.3360476656487381  0.8856978359096813  -11.193344852972258  0.0  0.0  0.0  1.0
1807261650650;3.7851067611784845;0.033044483495267195;0.11734926317877545  -0.9767492545720495  0.17941584134168428  -0.896320634609902  0.6843386904268394  0.21045591213741394  0.6981324128210122  -2.787361492044875  -0.7196594383569755  0.040855877659831424  0.6931241519701702  -2.67356621642047  0.0  0.0  0.0  1.0
1807261650681;15.599629407378206;0.2228270653679987;-0.8419747556788518  -0.5380183101439067  0.04018468302017458  -3.0954084559343276  0.5389979341150422  -0.8420945167248467  0.01892225995125718  -1.1071631523122067  0.023658778904535882  0.037591526330293445  0.999013082661536  4.000091221072555  0.0  0.0  0.0  1.0
1807261650712;15.285930710511307;0.08326033006622961;-0.8278419000965976  0.23330626517705189  -0.5101430927431944  2.6812543715483286  -0.059405923271750684  -0.9407563394488053  -0.3338389522915453  -1.2005191799711086  -0.5578070676539402  -0.2460603511661743  0.7926572896651448  8.601274770340273  0.0  0.0  0.0  1.0
1807261650743;12.892867624387561;0.32115945688783704;-0.6002547618838949  0.781457694527753  -0.17034697678291177  4.505929432712838  -0.6797243366101892  -0.6106721346321864  -0.40626883981374584  6.953638320850478  -0.4215080628594753  -0.12807581991593026  0.8977346697645778  0.8783817876975917  0.0  0.0  0.0  1.0
1807261650774;8.730798497462562;0.18774257602627734;-0.26933971980636456  0.9615868047665848  0.052980489176861885  1.33848324363148  -0.9536556521526014  -0.2586463576881818  -0.15376267028129503  -0.3688410393871524  -0.1341529442540349  -0.09193953748756642  0.9866864289096846  5.362402021864537  0.0  0.0  0.0  1.0
1807261650805;27.065215252830498;1.7884748751144868;0.10808245776053613  -0.4086361340444824  0.9062751747000584  9.631322794602275  -0.7751516928509559  -0.6054293716890518  -0.18054121126905465  2.2975514692803496  0.6224612722047366  -0.6829873980165223  -0.3821912855572202  -3.5164895664930174  0.0  0.0  0.0  1.0
1807261650836;7.792680035821759;10.745334634298995;1.0  0.0  0.0  6.1059348765662245  0.0  1.0  0.0  -0.9509297540501489  0.0  0.0  1.0  -3.6810348903694337  0.0  0.0  0.0  1.0
1807261650867;39.325074377946905;0.2939029736721861;0.38282713767598114  0.9114308445398723  0.15078858803022735  -2.5277014583477664  -0.42012938797929555  0.026397604073732372  0.9070801860118591  -12.206281265847553  0.8227604025565146  -0.4106056284569184  0.3930246021110403  5.929830425842302  0.0  0.0  0.0  1.0
1807261650898;3.285326842341318;0.24087685377147694;0.27622359548605574  -0.9528012229098921  -0.12597759688996546  -0.1136056021033599  0.7792195927735949  0.14529058464204966  0.609678171047746  1.0668281201113414  -0.562598748251815  -0.2665717082433656  0.7825740685901273  -0.17990486246063764  0.0  0.0  0.0  1.0
1807261650929;12.554732005914778;0.09159966433888611;-0.8542505196758399  0.5163785026226928  -0.06007738062452045  0.39679578487308276  -0.51165148531959  -0.8146691911667836  0.2729960925249954  3.7201020834259975  0.09202612239910636  0.2639457349395971  0.9601374077721274  0.6916193444537915  0.0  0.0  0.0  1.0
1807261650960;16.500132258179224;0.04710546179558767;-0.6855160179623919  0.14651127961699162  -0.713163539492855  6.404719402148401  0.7043752716396134  0.3812661370421133  -0.5987416884163028  13.50721471829122  0.1841826968518109  -0.9127817798849713  -0.3645629664274993  4.227942934405587  0.0  0.0  0.0  1.0
1807261650991;6.090238403131256;1.156696624432185;-0.13530230729134402  -0.972641336121447  0.1888441603797297  -0.954706033718044  0.990752806005892  -0.13087073757284184  0.035801221188558684  -0.5401062194470397  -0.010107573056399921  0.1919418696247036  0.9813542457501687  -1.5793675172479893  0.0  0.0  0.0  1.0
1807261651022;18.00713753417378;0.08368858294612525;-0.3327556552970956  -0.8212201611484047  0.46354192991701354  -9.716463045397775  -0.8484746146199327  0.046209959722518595  -0.527214821460855  7.278866574740306  0.41153918672874656  -0.5687372737440652  -0.7121610851772303  9.14473822026911  0.0  0.0  0.0  1.0
1807261651053;17.655152207016677;0.7386970372766551;0.10089036786150801  0.9378329059696622  0.33210024714424424  -1.8929040529431016  0.19887647472846365  0.3080554536181068  -0.930349388829659  5.756331735511857  -0.9748175631739242  0.15991021848725173  -0.15543307418632302  -0.29985230011031705  0.0  0.0  0.0  1.0
1807261651084;7.048108031378534;12.813756521903985;0.2735608506878343  0.1859357504825487  -0.9437120099179828  7.42840025169828  -0.27877054920285893  -0.923700159857041  -0.26280219857758536  -1.77352472182886  -0.9205712584412377  0.33497150829968747  -0.2008547902325149  -4.58671486817749  0.0  0.0  0.0  1.0
1807261651115;29.330989838652297;1.4541571559952313;-0.2627837420103838  -0.922509224541282  -0.28270379475921825  4.92400205818773  0.9617096719381458  -0.2267934264687977  -0.15388063104616378  -4.743721068753488  0.0778409393291449  -0.3123163017627869  0.9467836689643374  -9.652276848652171  0.0  0.0  0.0  1.0
1807261651146;12.978837113850958;0.052211145816362575;0.7103877560307665  -0.6997990292389523  -0.07503702258079248  -1.9018053292844896  0.68185345220055  0.7107257303351153  -0.17304567594080045  -1.946897589912867  0.1744279387132769  0.07176527653284848  0.9820512406592645  10.4016563801146  0.0  0.0  0.0  1.0
1807261651177;4.659029665212119;0.14186553265737223;-0.8799842945779679  0.4574273127344085  0.1280152133954929  -0.4642455364287228  -0.43795065961818047  -0.8856735606532654  0.15421272223706806  0.25542119494150883  0.18392080098813365  0.07964042644501615  0.9797094168372269  -3.321689117200908  0.0  0.0  0.0  1.0
1807261651208;13.18942876420926;6.271256485516746;0.04738645778075534  0.9987380633002859  0.016637443739554232  6.581520605129633  0.989520490862808  -0.04466171392948172  -0.1373117965489788  -4.226508040545818  -0.13639546100079614  0.0229698111458339  -0.9903881390618048  7.04192493877833  0.0  0.0  0.0  1.0
1807261651239;14.502722552119096;0.0820749987586516;0.8265295130531829  -0.49653660724683835  -0.2651421537889926  -0.5504906124532096  0.16861138122461994  0.6678014443497187  -0.7249906434195932  -0.8417122249950013  0.5370467076275519  0.5545201787024775  0.6356793257910617  -8.668538640982925  0.0  0.0  0.0  1.0
1807261651270;5.3367863312056185;0.3076030891956874;-0.581703661333624  0.26777389684013875  0.7680611893346156  -2.7561411373268196  -0.388018842179645  0.7385446526718353  -0.5513557600346675  -3.8742530087910945  -0.7148861647175896  -0.6187478777182879  -0.3257128110997338  -2.2590052545807646  0.0  0.0  0.0  1.0
1807261651301;18.499291020604566;0.0868543435064761;0.7598855327046364  -0.2275883509177057  -0.60891503488808  -8.86979973061225  0.6491157873218377  0.21526888957732015  0.7295944077565968  -4.417069178827338  -0.03496672469281177  -0.949664597479925  0.31131090642242254  -0.6657046499938599  0.0  0.0  0.0  1.0
1807261651332;12.390821196249583;0.3386229780774166;0.14249155343381092  -0.5945551863172283  0.7913281794700014  -5.465595452921397  0.9426151501622422  0.32540474365407074  0.07475581242982339  4.665935200666296  -0.3019483993741873  0.7352658588773966  0.6068041536481528  1.4018744700915509  0.0  0.0  0.0  1.0
1807261651363;14.174233102738592;16.560639337912573;1.0  0.0  0.0  -4.843125156911207  0.0  1.0  0.0  2.239667553388232  0.0  0.0  1.0  1.4416535156439028  0.0  0.0  0.0  1.0
1807261651394;15.37282925956283;0.03816274098077006;0.6433404197233475  0.7654567562102729  0.013749862626004333  3.2827436091731936  -0.7643725993690423  0.6412136169656113  0.0676729395821649  -1.1140736443869992  0.04298410966857706  -0.05404675559110883  0.9976128079200234  12.252257701953942  0.0  0.0  0.0  1.0
1807261651425;13.890754583273365;1.0378845683336297;0.5637563651189649  0.8243469657227089  -0.051291723422158035  2.794461084399391  -0.7815369369858103  0.5525059655837257  0.28971912971226554  -0.7094818200658324  0.2671680686659429  -0.12324462705593997  0.955736357468498  -13.05354544965445  0.0  0.0  0.0  1.0
1807261651456;9.3716141831985;0.5653166009597483;-0.9455513008291598  -0.21280855912916816  -0.24626257259610382  5.170560103815904  0.22448074023100287  -0.9742733413570289  -0.01999633932373543  -6.937386978663486  -0.23567166729504208  -0.07418876924694381  0.9689968481641204  -7.3182123930648615  0.0  0.0  0.0  1.0
1807261651487;17.785414458371655;0.8074518516548436;0.885995406973602  0.32963751019703924  -0.3261153947497391  -4.781268586350489  -0.3827179251074727  0.9169366603199247  -0.11293427629720645  4.909177549724397  0.26179978728622405  0.22486945731343722  0.9385598534693715  -4.847333570859071  0.0  0.0  0.0  1.0
1807261651518;16.45702919953805;6.155810482914193;-0.6687975213331374  0.7431011979073756  -0.022593917926620542  0.9264431212677242  -0.6934971633720086  -0.6126255674127283  0.37914588029835017  -0.6919110633978436  0.2679021460414779  0.26924064295877825  0.9250610338380463  -13.438380467400922  0.0  0.0  0.0  1.0
1807261651549;5.869275751550298;1.2439033618891582;0.02248607964720593  0.956203132130156  0.2918389047515407  -1.1455163203205216  0.732100894878153  -0.21454078549121353  0.6465296057253838  -6.89139407228687  0.6808249818717776  0.19911760712024537  -0.7048613499079096  0.6179734512761923  0.0  0.0  0.0  1.0
1807261651580;10.82780923860347;0.8967895988126111;0.3044037845012539  0.9518053560750009  0.03748199738880867  1.8231318902816056  -0.9525412981492015  0.3040911577265296  0.013915570874857328  2.1783654887859702  0.0018469709116649188  -0.039939102887762756  0.9992004087063673  3.4136423786411676  0.0  0.0  0.0  1.0
1807261651611;22.621753926741967;0.16442935686353927;0.29358364581799856  0.013976637158032879  -0.9558312071291487  2.2737984405846103  -0.9520923970305866  0.09381988612896563  -0.29106338911532736  -7.753737891436452  0.08560788763171606  0.9954910760928504  0.04085103419418962  0.1639148399726953  0.0  0.0  0.0  1.0
1807261651642;7.769711969705423;6.406518418715925;0.2914674664371022  0.8157035436337977  -0.49967433885682133  8.165670145728605  0.8568759781167881  -0.4548332145735835  -0.2426732474894121  0.003563887656216458  -0.4252179137044134  -0.35742758122999563  -0.8315258565077465  6.352537081355877  0.0  0.0  0.0  1.0
1807261651673;8.158437860854828;14.386625029802017;0.08671882108049056  0.44029405824662166  -0.8936559675530232  0.24746052417293507  -0.993684501964763  -0.025891888317656077  -0.10918205289509084  1.2929779789079596  -0.07121064966316665  0.8974802239559745  0.435268067956384  1.641567288305054  0.0  0.0  0.0  1.0
1807261651704;36.66570801263619;0.10207987463267461;-0.1851694245414978  -0.12306381663758598  -0.9749705540423064  4.369242825607519  0.16639544664176736  0.9738755923948041  -0.1545279452867853  -7.969079539589955  0.9685168246095973  -0.19084451150677556  -0.15985472428390463  -9.6033341368068  0.0  0.0  0.0  1.0
1807261651735;13.857565236918324;6.018082787256336;-0.2807310925994603  0.654005126024893  0.7024723117540485  2.528677758453684  0.8140800209144115  0.5499375261380861  -0.18666128921957034  -6.451705663596972  -0.5083933252865382  0.5194670465758968  -0.6867970692466666  -3.7456011676949874  0.0  0.0  0.0  1.0
1807261651766;22.45262214999514;0.26562650278761046;0.5994742959962674  -0.03535667239968526  0.7996127025983268  -8.341032041594808  -0.2758606286752093  0.9286857854291197  0.24787824730866823  1.4771733204889108  -0.7513531007367288  -0.3691783006336102  0.5469697435458217  0.16737536878499643  0.0  0.0  0.0  1.0
1807261651797;21.051230087920704;16.483959397322906;-0.5688353439718404  0.8223649187009994  -0.011928618458846603  4.004406971985944  -0.6755143574858502  -0.47543297447901395  -0.5635990060393263  4.203067758748193  -0.4691553093368093  -0.31253708142864584  0.8259623892485342  6.131217045587606  0.0  0.0  0.0  1.0
1807261651828;3.434283833819833;0.011321093122226292;0.4408692875030193  0.8836192276503477  -0.15764305206124146  -1.5855939766633846  -0.7255990573335874  0.4542427043767842  0.5168844875957046  -0.33754233507986453  0.5283372780082708  -0.11349284579685508  0.8414149360569623  -1.866528511469927  0.0  0.0  0.0  1.0
1807261651859;30.81758641329856;17.063984922446704;-0.6956435253071318  0.5899599257864806  0.40991141928991925  7.204793700904096  0.7175756895929155  0.5435240281826138  0.4355074746699495  6.595671269246293  0.034135251625231726  0.5971004243459845  -0.8014398716325053  9.205068547996973  0.0  0.0  0.0  1.0
1807261651890;5.456298175072451;0.1077701799318682;-0.5516678909460278  -0.3087168507412174  -0.7748267188007816  3.5544036960501986  -0.15928533653815646  -0.8728841911312214  0.461195588050362  1.0472041347845769  -0.8187128432259303  0.3778453320362945  0.432368113296176  3.5404260613426684  0.0  0.0  0.0  1.0
1807261651921;13.250946855243232;0.3607006917404294;-0.350775307075249  0.675018903594312  0.6490810147713427  4.748526097836712  -0.9037298135795101  -0.0623635364509767  -0.42353655493814235  -1.9165341181801963  -0.24541619342212753  -0.7351600295933252  0.6319102965568234  1.7097923700719067  0.0  0.0  0.0  1.0
1807261651952;9.163995689044379;0.6697719603308968;0.8773248036745405  0.32558401743330145  0.3525567138056223  -2.796988233386861  -0.4784394056671842  0.5361929387338349  0.6954084178069782  5.334389586179919  0.037375445980751515  -0.7787760782432677  0.6261875885018595  1.457089802472616  0.0  0.0  0.0  1.0
1807261651983;6.588263075805257;0.20527838595940537;0.6592462048652502  0.5784117772625045  0.48045213840173107  2.31087061731101  -0.6718118624068018  0.7400793912008815  0.030843415006084843  -0.20940626590381192  -0.3377325315990002  -0.3431068501848426  0.8764784232689167  -0.26628755607016935  0.0  0.0  0.0  1.0
1807261652014;17.758751011909293;12.274077936702936;-0.44889481243993995  0.6695587208146707  -0.5917639451213068  0.31740536628488103  0.8351239243755857  0.5499466528996791  -0.011256549203079223  -5.602956080872548  0.31790168024097093  -0.49924923469692156  -0.8060327061320189  -8.411455435227143  0.0  0.0  0.0  1.0
1807261652045;29.809431639619387;0.046947497458618224;0.7094376586424076  0.6317797064782777  0.31233413355283635  -1.591626452736612  -0.645983562132814  0.760112755327183  -0.0702412744981189  -6.433190432551481  -0.2817861706226563  -0.1519309108481231  0.9473719187176071  8.280571283243857  0.0  0.0  0.0  1.0
1807261652076;4.484716985902588;2.399925302480808;-0.6120127345334064  0.7869082733606436  -0.07884023138926255  2.4865435977298214  0.7902059636344608  0.6044537593183938  -0.10104547432910704  -1.3514519600694954  -0.03185824548645305  -0.12414113807449795  -0.9917530085823251  -0.6814328408142741  0.0  0.0  0.0  1.0
1807261652107;29.336704611392904;0.49038546270067773;0.9043293983489882  0.1637925571901293  0.3941577571111284  2.6082184907623844  0.04181774284190676  0.8850012815061291  -0.4637068126695114  -7.576279944634901  -0.4247818447925538  0.43582649063776224  0.7934832414065264  12.596648429416966  0.0  0.0  0.0  1.0
1807261652138;8.336172594373753;0.05122584235365599;0.7097495841018696  0.6169317815249689  0.3400745577247023  1.8281790533311013  -0.5556930047710937  0.1936068245214237  0.8085305695811409  0.15991765996557283  0.43296744948748367  -0.7628312883221031  0.48023703859775796  2.060455095370996  0.0  0.0  0.0  1.0
1807261652169;11.016264409904746;0.07971950235602691;0.515650082731441  0.7628599743724407  0.3900636508052724  1.5091553287158455  0.13388551027228035  0.37792187832665797  -0.9161057384500882  2.661437996449525  -0.8462739877357625  0.5246138707492678  0.09273955089000946  4.080653216682098  0.0  0.0  0.0  1.0
1807261652200;7.691976379282801;0.291382067873327;0.15779793161576072  0.09946608149033073  -0.9824491393506064  3.5943046634906874  -0.9723586692476369  -0.15774575985008799  -0.1721478829038676  0.6116987662045502  -0.17210006135023032  0.9824575175967039  0.07182475200771452  0.22195642161773604  0.0  0.0  0.0  1.0
1807261652231;30.250277525569288;0.1549905235050159;-0.2506643589891751  0.9526235415795536  0.17226655845222852  11.696254828979356  -0.9669310587097985  -0.25501716157605225  0.00325192312983622  -0.9275793344761274  0.047028787299851445  -0.1657547445176842  0.9850450029490951  2.795224502080614  0.0  0.0  0.0  1.0
1807261652262;34.4089756725358;0.05036296350426396;-0.7408509844154344  0.1711555417757269  0.6494964198593708  -9.166603807209718  0.04607275607053768  0.977660155849972  -0.2050802789433299  1.8957269358718956  -0.670087397313774  -0.12200983641848967  -0.7321860964115525  8.396998237461693  0.0  0.0  0.0  1.0
1807261652293;40.84770933151314;2.2303635332097045;0.9419864156206775  -0.24902433076958858  -0.22505216166672612  -13.586988609200121  -0.1683138026002818  -0.9305544358010058  0.3251751925736407  -1.2945675381841917  -0.29039982203910003  -0.26843122898766736  -0.9184838695719317  -2.9952654701935653  0.0  0.0  0.0  1.0
1807261652324;17.8904122783438;1.626322281344264;-0.754076604572476  -0.1262083023329043  0.644546304666074  4.7508553707646515  0.38546798475760585  -0.8796141716853603  0.2787352537753114  6.633605907509713  0.5317733607123953  0.4586396988841277  0.711945727878271  -2.9223102841005537  0.0  0.0  0.0  1.0
1807261652355;3.608779537763446;11.687750362997706;1.0  0.0  0.0  0.736894468786075  0.0  1.0  0.0  -5.856959805285232  0.0  0.0  1.0  -4.575465113609224  0.0  0.0  0.0  1.0
1807261652386;28.030315095757214;11.410478508096043;1.0  0.0  0.0  -6.815167058172516  0.0  1.0  0.0  -5.564512111911525  0.0  0.0  1.0  -8.959641335779338  0.0  0.0  0.0  1.0
1807261652417;16.760798496759268;11.258493600125716;1.0  0.0  0.0  5.213945344147148  0.0  1.0  0.0  8.43699647957508  0.0  0.0  1.0  -7.146283000123262  0.0  0.0  0.0  1.0
1807261652448;11.541073086658493;0.17322447334690605;-0.9307236554601324  -0.2482350607135998  -0.26857556068906313  4.827500510026224  0.21757661512153875  -0.9661030019208109  0.13894389598629828  4.3946205516390435  -0.2939624018802119  0.07088260937714422  0.9531850617632993  -8.229705623863044  0.0  0.0  0.0  1.0
1807261652479;17.131314427617824;0.1818160978980075;-0.8660347069070364  -0.49278525636930876  0.08453743275897674  0.8631839750544077  0.49998048459532474  -0.8541836624429093  0.14279280737992966  -6.848455270475116  0.00184430373517247  0.1659305936849879  0.9861357090294824  1.3081010386469136  0.0  0.0  0.0  1.0
1807261652510;16.88386035870282;0.09592279936892488;0.9563652494236009  0.21869553876970058  -0.19374666711240138  6.897112503374266  -0.2779289747586959  0.47642008689896886  -0.834133913582681  -5.05972704585729  -0.09011656165496734  0.8515845008696491  0.5164134421121097  4.376750896026381  0.0  0.0  0.0  1.0
1807261652541;12.460236884144733;0.4450648824456117;0.7343668385770845  -0.3131642013479505  -0.6021906088543718  -4.953011276393587  -0.15737619933429742  -0.941584416543992  0.2977440484788922  3.605710975924172  -0.6602560702344128  -0.1238828862902785  -0.740752963006561  -8.212620880305693  0.0  0.0  0.0  1.0
1807261652572;42.08124229642907;0.9608772740797866;0.6262291885613511  -0.3189236981983204  0.7114244008475519  -14.23723688587367  0.22224048545446942  0.9476683370892416  0.22920272577670825  1.3132105755615902  -0.747292559857753  0.014573867229317071  0.6643353312712106  -3.37915796198373  0.0  0.0  0.0  1.0
1807261652603;27.455101979184786;5.193965290111441;0.1454834353073671  0.9009835653916507  -0.4087336356911627  10.031500299195109  -0.9883092372844241  0.11330540834927182  -0.10201341057471336  3.6781620216146846  -0.04560067487929785  0.4187964891602527  0.906934440363579  -9.988668256561724  0.0  0.0  0.0  1.0
1807261652634;28.71491398766282;0.09234446058393281;-0.6235940401531838  0.6755008099561464  0.3934833272630722  3.1016685404207305  -0.6586068467187308  -0.725125023131018  0.20107392243761657  6.459655196662417  0.4211502042509751  -0.13376231374280526  0.8970731011916095  6.752414814914108  0.0  0.0  0.0  1.0
1807261652665;10.293881191059828;0.06354255757935307;0.741482632640043  0.6706044730714318  -0.02220689509541668  1.3177698094215868  -0.30292448304534014  0.3050429467604924  -0.9028762695981045  3.1645148746441536  -0.59869880830423  0.6761940855466453  0.4293265605653025  -1.1112117527294594  0.0  0.0  0.0  1.0
1807261652696;33.77779932650991;2.3079537553159786;0.9059203607630788  -0.09557902706414971  -0.4125202413704854  5.610530003593226  -0.10879576842505832  -0.9940268268911567  -0.008610934531123427  3.147150328728187  -0.40923316181327984  0.05268127756773508  -0.910907735320179  10.596419219995257  0.0  0.0  0.0  1.0
1807261652727;26.404805354969792;3.769375043093084;-0.026764066421615402  0.9502267529333878  0.3104074785797693  4.964392651456819  -0.9896047145923413  -0.0690781713670336  0.12613768309746873  0.5965082607496053  0.14130178203119045  -0.3038047469185715  0.9421976874014033  -11.34139438096957  0.0  0.0  0.0  1.0
1807261652758;11.706876263611738;1.4410571778557237;0.4325755092638427  -0.4027233085719788  -0.8066550474136803  -4.214548918626172  -0.8371728735329382  -0.5115462835177804  -0.19355097426711707  -3.8279351679778566  -0.33469390285114364  0.75903513525527  -0.5584314235806251  1.7087388245015054  0.0  0.0  0.0  1.0
1807261652789;37.4807323049303;1.9609760395374398;-0.9555837463492683  0.0825612771793817  0.28291931574851403  -8.235651181984313  -0.019832840369982827  0.9397705334792708  -0.34123013179809614  -0.48934537502401043  -0.29405163178591076  -0.3316850613377042  -0.8963920224597308  -7.729190385459577  0.0  0.0  0.0  1.0
1807261652820;24.622197736499775;0.19970441687332985;0.6669483559824352  -0.7382994746186045  0.10046778702758374  -0.011783684559723673  0.7392249090639436  0.6725481539132615  0.035007349046570324  -1.0990324292965192  -0.09341533210202507  0.05092019683540794  0.9943242475583667  -8.528047103638912  0.0  0.0  0.0  1.0
1807261652851;31.035011037167635;16.223488206300978;1.0  0.0  0.0  5.0021354649631125  0.0  1.0  0.0  8.692319045723229  0.0  0.0  1.0  -7.789115671471127  0.0  0.0  0.0  1.0
1807261652882;15.670251551388807;1.484683121928833;-0.09484597646663706  -0.6976814895117821  -0.710101950385092  -2.5121088533167906  -0.7733964871268973  -0.39748100092851457  0.4938286419403413  -7.132540680320764  -0.626787136472874  0.5960280136818131  -0.5018849394618725  4.1570832540756735  0.0  0.0  0.0  1.0
1807261652913;15.719459525657804;1.5972043481819962;-0.1620965071054752  0.4277241800186568  -0.889256289385446  -5.372528738906384  0.9756312556853295  -0.06558302696974053  -0.209386053746073  -2.1882311073448557  -0.1478795973556586  -0.9015269781880373  -0.40667029924138104  4.470966668943272  0.0  0.0  0.0  1.0
1807261652944;19.564049308117394;0.06989817566269313;-0.9487955104386339  -0.3149228911193642  -0.02471137431454301  -4.120814135925686  0.3153121912623532  -0.9488881378575181  -0.013766767036060445  -10.106910595056977  -0.01911285988086392  -0.0208536443412915  0.9995998319852109  5.623216953865938  0.0  0.0  0.0  1.0
1807261652975;27.89646367782606;0.6228850596947395;0.17783058275150335  0.3672876446071339  0.9129491058964919  -9.23001940783724  -0.19765589290372326  0.9221608682348609  -0.332492828639595  3.1467466662756434  -0.9640064480275493  -0.12132237722395219  0.23658497193616615  0.22836014778624614  0.0  0.0  0.0  1.0
1807261653006;6.365423988371116;0.23093238208096628;0.021594166241722446  0.035477741012306  0.9991371386736603  1.0955099452860846  -0.9961811507710014  0.08532789208123703  0.018500423820470818  5.377562196889578  -0.08459791269818143  -0.9957210858094936  0.0371848415550525  2.3379852210560683  0.0  0.0  0.0  1.0
1807261653037;10.197467142422473;1.5521792259844382;-0.9981159954185996  -0.03744093013214561  -0.048606958764956576  5.3291062651706085  -0.03691757122722139  0.9992507425714198  -0.011620946826718617  2.906147904311886  0.0490056386982298  -0.009804602047312976  -0.9987503777994141  0.9669307563152731  0.0  0.0  0.0  1.0
1807261653068;11.981883041146329;0.6116083538435915;-0.22530516549875726  -0.2677918438101662  0.9367631028111257  1.9267405555319101  0.4383672085292696  0.8308010035688861  0.34293422540654395  -1.6391499932561935  -0.8700987144490171  0.48791107884294016  -0.06979259456765288  -2.1845549725374545  0.0  0.0  0.0  1.0
1807261653099;8.993075075233714;0.5492239616306271;0.9503613464534715  0.30784456982143615  0.04522203001413139  1.3765092384112814  0.028267528504725276  0.0593154452729282  -0.9978389773827783  5.248841632434224  -0.30986167558989713  0.9495859091117187  0.04766910128261509  2.8607643266738805  0.0  0.0  0.0  1.0
