# registration_from_features.py RANSAC RANSAC_config.json euclidean --input_txt=/neural_comparison/point_clouds_registration_benchmark//planetary/planetary_map_global.txt --input_pcd_dir=/neural_comparison/point_clouds_registration_benchmark//planetary/p2at_met/ --input_features_dir=/neural_comparison/experiments/FPFH/features_voxelgrid_0.2_compressed//planetary/planetary_map/ --output_dir=/root/neural_registration_comparison/results/FPFH/test_1_ransac/
id;initial_error;final_error;transformation
25528382210030;15.683526663035371;15.683526663035371;1.0  0.0  0.0  0.0  0.0  1.0  0.0  0.0  0.0  0.0  1.0  0.0  0.0  0.0  0.0  1.0
25528382210061;9.694920160715437;9.694920160715437;1.0  0.0  0.0  0.0  0.0  1.0  0.0  0.0  0.0  0.0  1.0  0.0  0.0  0.0  0.0  1.0
25528382210092;12.399804628975684;12.399804628975684;1.0  0.0  0.0  0.0  0.0  1.0  0.0  0.0  0.0  0.0  1.0  0.0  0.0  0.0  0.0  1.0
25528382210123;6.953048353590656;6.953048353590656;1.0  0.0  0.0  0.0  0.0  1.0  0.0  0.0  0.0  0.0  1.0  0.0  0.0  0.0  0.0  1.0
25528382210154;10.183163861597526;10.183163861597526;1.0  0.0  0.0  0.0  0.0  1.0  0.0  0.0  0.0  0.0  1.0  0.0  0.0  0.0  0.0  1.0
25528382210185;7.249832144325139;7.249832144325139;1.0  0.0  0.0  0.0  0.0  1.0  0.0  0.0  0.0  0.0  1.0  0.0  0.0  0.0  0.0  1.0
25528382210216;9.448765572705636;9.448765572705636;1.0  0.0  0.0  0.0  0.0  1.0  0.0  0.0  0.0  0.0  1.0  0.0  0.0  0.0  0.0  1.0
25528382210247;9.372654796950922;9.372654796950922;1.0  0.0  0.0  0.0  0.0  1.0  0.0  0.0  0.0  0.0  1.0  0.0  0.0  0.0  0.0  1.0
25528382210278;17.919495398511156;17.919495398511156;1.0  0.0  0.0  0.0  0.0  1.0  0.0  0.0  0.0  0.0  1.0  0.0  0.0  0.0  0.0  1.0
25528382210309;18.244330532647695;18.244330532647695;1.0  0.0  0.0  0.0  0.0  1.0  0.0  0.0  0.0  0.0  1.0  0.0  0.0  0.0  0.0  1.0
25528382210340;8.030201317376237;8.030201317376237;1.0  0.0  0.0  0.0  0.0  1.0  0.0  0.0  0.0  0.0  1.0  0.0  0.0  0.0  0.0  1.0
25528382210371;14.777020539726172;14.777020539726172;1.0  0.0  0.0  0.0  0.0  1.0  0.0  0.0  0.0  0.0  1.0  0.0  0.0  0.0  0.0  1.0
25528382210402;6.835161306041792;6.835161306041792;1.0  0.0  0.0  0.0  0.0  1.0  0.0  0.0  0.0  0.0  1.0  0.0  0.0  0.0  0.0  1.0
25528382210433;17.430375538815767;17.430375538815767;1.0  0.0  0.0  0.0  0.0  1.0  0.0  0.0  0.0  0.0  1.0  0.0  0.0  0.0  0.0  1.0
25528382210464;9.567579060620492;9.567579060620492;1.0  0.0  0.0  0.0  0.0  1.0  0.0  0.0  0.0  0.0  1.0  0.0  0.0  0.0  0.0  1.0
25528382210495;9.764115823017264;9.764115823017264;1.0  0.0  0.0  0.0  0.0  1.0  0.0  0.0  0.0  0.0  1.0  0.0  0.0  0.0  0.0  1.0
25528382210526;4.636809275772577;4.636809275772577;1.0  0.0  0.0  0.0  0.0  1.0  0.0  0.0  0.0  0.0  1.0  0.0  0.0  0.0  0.0  1.0
25528382210557;6.91062999272005;30.722582917537075;0.020485986191077082  -0.8664426094238804  0.49885622071345936  -43.81281072237911  0.3300961761420715  0.4768423807635329  0.8146519860677616  35.215055355645234  -0.9437249805246026  0.14798158156508048  0.2957779786450234  -18.356967795413038  0.0  0.0  0.0  1.0
25528382210588;6.684883534881991;6.684883534881991;1.0  0.0  0.0  0.0  0.0  1.0  0.0  0.0  0.0  0.0  1.0  0.0  0.0  0.0  0.0  1.0
25528382210619;3.0499892934791095;3.0499892934791095;1.0  0.0  0.0  0.0  0.0  1.0  0.0  0.0  0.0  0.0  1.0  0.0  0.0  0.0  0.0  1.0
25528382210650;9.772391176497468;9.772391176497468;1.0  0.0  0.0  0.0  0.0  1.0  0.0  0.0  0.0  0.0  1.0  0.0  0.0  0.0  0.0  1.0
25528382210681;21.011024087836613;57.504625627882;-0.05393246557999379  0.9823694296851667  0.1790016557926298  9.106157527099029  0.8973315716907246  0.12632107952846022  -0.42289364539304464  -78.28544105456668  -0.4380494716393532  0.13781614015348412  -0.8883239115940078  -12.426209626901898  0.0  0.0  0.0  1.0
25528382210712;9.118066866210063;9.118066866210063;1.0  0.0  0.0  0.0  0.0  1.0  0.0  0.0  0.0  0.0  1.0  0.0  0.0  0.0  0.0  1.0
25528382210743;20.13332180163335;20.13332180163335;1.0  0.0  0.0  0.0  0.0  1.0  0.0  0.0  0.0  0.0  1.0  0.0  0.0  0.0  0.0  1.0
25528382210774;20.739154808696746;20.739154808696746;1.0  0.0  0.0  0.0  0.0  1.0  0.0  0.0  0.0  0.0  1.0  0.0  0.0  0.0  0.0  1.0
25528382210805;7.825028269463657;7.825028269463657;1.0  0.0  0.0  0.0  0.0  1.0  0.0  0.0  0.0  0.0  1.0  0.0  0.0  0.0  0.0  1.0
25528382210836;18.891614934549192;18.891614934549192;1.0  0.0  0.0  0.0  0.0  1.0  0.0  0.0  0.0  0.0  1.0  0.0  0.0  0.0  0.0  1.0
25528382210867;11.40364716584565;11.40364716584565;1.0  0.0  0.0  0.0  0.0  1.0  0.0  0.0  0.0  0.0  1.0  0.0  0.0  0.0  0.0  1.0
25528382210898;8.960325021546454;8.960325021546454;1.0  0.0  0.0  0.0  0.0  1.0  0.0  0.0  0.0  0.0  1.0  0.0  0.0  0.0  0.0  1.0
25528382210929;20.960366730846324;20.960366730846324;1.0  0.0  0.0  0.0  0.0  1.0  0.0  0.0  0.0  0.0  1.0  0.0  0.0  0.0  0.0  1.0
25528382210960;12.492536214211547;12.492536214211547;1.0  0.0  0.0  0.0  0.0  1.0  0.0  0.0  0.0  0.0  1.0  0.0  0.0  0.0  0.0  1.0
25528382210991;21.169336560628633;21.169336560628633;1.0  0.0  0.0  0.0  0.0  1.0  0.0  0.0  0.0  0.0  1.0  0.0  0.0  0.0  0.0  1.0
25528382211022;20.78353201086023;20.78353201086023;1.0  0.0  0.0  0.0  0.0  1.0  0.0  0.0  0.0  0.0  1.0  0.0  0.0  0.0  0.0  1.0
25528382211053;13.710252605486271;13.710252605486271;1.0  0.0  0.0  0.0  0.0  1.0  0.0  0.0  0.0  0.0  1.0  0.0  0.0  0.0  0.0  1.0
25528382211084;8.456027515763575;8.456027515763575;1.0  0.0  0.0  0.0  0.0  1.0  0.0  0.0  0.0  0.0  1.0  0.0  0.0  0.0  0.0  1.0
25528382211115;8.58618635194452;8.58618635194452;1.0  0.0  0.0  0.0  0.0  1.0  0.0  0.0  0.0  0.0  1.0  0.0  0.0  0.0  0.0  1.0
25528382211146;12.191514888658181;85.02456288072867;0.9636231322149909  -0.2402998815994652  -0.11698899932665974  6.94727169252738  0.20601630036585045  0.946698782799172  -0.2476261267114875  89.29296046915992  0.17025787219314653  0.21451662301520835  0.9617665389305311  40.982185488438006  0.0  0.0  0.0  1.0
25528382211177;18.082566832098863;18.082566832098863;1.0  0.0  0.0  0.0  0.0  1.0  0.0  0.0  0.0  0.0  1.0  0.0  0.0  0.0  0.0  1.0
25528382211208;15.216848440223977;15.216848440223977;1.0  0.0  0.0  0.0  0.0  1.0  0.0  0.0  0.0  0.0  1.0  0.0  0.0  0.0  0.0  1.0
25528382211239;11.671911420801475;11.671911420801475;1.0  0.0  0.0  0.0  0.0  1.0  0.0  0.0  0.0  0.0  1.0  0.0  0.0  0.0  0.0  1.0
25528382211270;18.471821681962687;18.471821681962687;1.0  0.0  0.0  0.0  0.0  1.0  0.0  0.0  0.0  0.0  1.0  0.0  0.0  0.0  0.0  1.0
25528382211301;9.301264776858527;9.301264776858527;1.0  0.0  0.0  0.0  0.0  1.0  0.0  0.0  0.0  0.0  1.0  0.0  0.0  0.0  0.0  1.0
25528382211332;18.114374089714;18.114374089714;1.0  0.0  0.0  0.0  0.0  1.0  0.0  0.0  0.0  0.0  1.0  0.0  0.0  0.0  0.0  1.0
25528382211363;14.154563908634087;14.154563908634087;1.0  0.0  0.0  0.0  0.0  1.0  0.0  0.0  0.0  0.0  1.0  0.0  0.0  0.0  0.0  1.0
25528382211394;15.624373069503454;15.624373069503454;1.0  0.0  0.0  0.0  0.0  1.0  0.0  0.0  0.0  0.0  1.0  0.0  0.0  0.0  0.0  1.0
25528382211425;8.428891844194663;8.428891844194663;1.0  0.0  0.0  0.0  0.0  1.0  0.0  0.0  0.0  0.0  1.0  0.0  0.0  0.0  0.0  1.0
25528382211456;7.093295871774291;7.093295871774291;1.0  0.0  0.0  0.0  0.0  1.0  0.0  0.0  0.0  0.0  1.0  0.0  0.0  0.0  0.0  1.0
25528382211487;10.502857338251829;10.502857338251829;1.0  0.0  0.0  0.0  0.0  1.0  0.0  0.0  0.0  0.0  1.0  0.0  0.0  0.0  0.0  1.0
25528382211518;5.90067579224309;5.90067579224309;1.0  0.0  0.0  0.0  0.0  1.0  0.0  0.0  0.0  0.0  1.0  0.0  0.0  0.0  0.0  1.0
25528382211549;9.273592136553932;9.273592136553932;1.0  0.0  0.0  0.0  0.0  1.0  0.0  0.0  0.0  0.0  1.0  0.0  0.0  0.0  0.0  1.0
25528382211580;4.164998600241185;4.164998600241185;1.0  0.0  0.0  0.0  0.0  1.0  0.0  0.0  0.0  0.0  1.0  0.0  0.0  0.0  0.0  1.0
25528382211611;11.572839674945431;11.572839674945431;1.0  0.0  0.0  0.0  0.0  1.0  0.0  0.0  0.0  0.0  1.0  0.0  0.0  0.0  0.0  1.0
25528382211642;5.72156680482253;5.72156680482253;1.0  0.0  0.0  0.0  0.0  1.0  0.0  0.0  0.0  0.0  1.0  0.0  0.0  0.0  0.0  1.0
25528382211673;14.291403794964067;14.291403794964067;1.0  0.0  0.0  0.0  0.0  1.0  0.0  0.0  0.0  0.0  1.0  0.0  0.0  0.0  0.0  1.0
25528382211704;21.73324130112813;21.73324130112813;1.0  0.0  0.0  0.0  0.0  1.0  0.0  0.0  0.0  0.0  1.0  0.0  0.0  0.0  0.0  1.0
25528382211735;15.219178573330824;15.219178573330824;1.0  0.0  0.0  0.0  0.0  1.0  0.0  0.0  0.0  0.0  1.0  0.0  0.0  0.0  0.0  1.0
25528382211766;8.120431397107039;8.120431397107039;1.0  0.0  0.0  0.0  0.0  1.0  0.0  0.0  0.0  0.0  1.0  0.0  0.0  0.0  0.0  1.0
25528382211797;10.704272615652533;10.704272615652533;1.0  0.0  0.0  0.0  0.0  1.0  0.0  0.0  0.0  0.0  1.0  0.0  0.0  0.0  0.0  1.0
25528382211828;14.19066388465987;14.19066388465987;1.0  0.0  0.0  0.0  0.0  1.0  0.0  0.0  0.0  0.0  1.0  0.0  0.0  0.0  0.0  1.0
25528382211859;15.636492466966827;44.506592693255634;-0.45041465316582935  -0.17438046994830408  0.8756244011641716  7.150354503462971  -0.15674392601381237  0.9809529351053561  0.1147287268558466  33.68341151458934  -0.878952775677557  -0.08557330663703237  -0.4691686555173121  12.831692946060848  0.0  0.0  0.0  1.0
25528382211890;12.685237572837845;12.685237572837845;1.0  0.0  0.0  0.0  0.0  1.0  0.0  0.0  0.0  0.0  1.0  0.0  0.0  0.0  0.0  1.0
25528382211921;17.65776473630698;17.65776473630698;1.0  0.0  0.0  0.0  0.0  1.0  0.0  0.0  0.0  0.0  1.0  0.0  0.0  0.0  0.0  1.0
25528382211952;5.3309939895303184;5.3309939895303184;1.0  0.0  0.0  0.0  0.0  1.0  0.0  0.0  0.0  0.0  1.0  0.0  0.0  0.0  0.0  1.0
25528382211983;5.937684277188093;5.937684277188093;1.0  0.0  0.0  0.0  0.0  1.0  0.0  0.0  0.0  0.0  1.0  0.0  0.0  0.0  0.0  1.0
25528382212014;5.706074287891998;28.280356454073434;0.6128688037531016  -0.2912908224225502  0.7345348774283197  6.348258406751134  -0.5153142541231723  -0.8520413365691136  0.09206943181641357  -29.60118868661714  0.5990350982068755  -0.43494277502898343  -0.6722958675809084  7.405018239465699  0.0  0.0  0.0  1.0
25528382212045;13.03254592804802;45.322352690376555;-0.3745311120227287  0.43869938956875215  0.8168655285412787  50.506696802751264  0.9112220834317842  0.3370663425544109  0.2367711878232457  36.14149955453023  -0.17146650049865833  0.8330240850713724  -0.525994403865428  9.25110221392571  0.0  0.0  0.0  1.0
25528382212076;6.239869401775077;6.239869401775077;1.0  0.0  0.0  0.0  0.0  1.0  0.0  0.0  0.0  0.0  1.0  0.0  0.0  0.0  0.0  1.0
25528382212107;9.253104797075562;9.253104797075562;1.0  0.0  0.0  0.0  0.0  1.0  0.0  0.0  0.0  0.0  1.0  0.0  0.0  0.0  0.0  1.0
25528382212138;13.001581628756192;13.001581628756192;1.0  0.0  0.0  0.0  0.0  1.0  0.0  0.0  0.0  0.0  1.0  0.0  0.0  0.0  0.0  1.0
25528382212169;16.977214459145614;16.977214459145614;1.0  0.0  0.0  0.0  0.0  1.0  0.0  0.0  0.0  0.0  1.0  0.0  0.0  0.0  0.0  1.0
25528382212200;12.284350643893093;12.284350643893093;1.0  0.0  0.0  0.0  0.0  1.0  0.0  0.0  0.0  0.0  1.0  0.0  0.0  0.0  0.0  1.0
25528382212231;9.397506716358016;60.29656218414401;0.49463526726577356  0.8271509770177776  0.2667530948188853  57.2253938692813  -0.7706357342682816  0.5593301853318413  -0.3054018808806443  19.04039941016672  -0.4018165221163811  -0.05450692612122079  0.9140965362362512  -0.7468950169400776  0.0  0.0  0.0  1.0
25528382212262;16.50683836669155;16.50683836669155;1.0  0.0  0.0  0.0  0.0  1.0  0.0  0.0  0.0  0.0  1.0  0.0  0.0  0.0  0.0  1.0
25528382212293;13.349273618262057;13.349273618262057;1.0  0.0  0.0  0.0  0.0  1.0  0.0  0.0  0.0  0.0  1.0  0.0  0.0  0.0  0.0  1.0
25528382212324;12.545894920084725;12.545894920084725;1.0  0.0  0.0  0.0  0.0  1.0  0.0  0.0  0.0  0.0  1.0  0.0  0.0  0.0  0.0  1.0
25528382212355;12.823791017106068;12.823791017106068;1.0  0.0  0.0  0.0  0.0  1.0  0.0  0.0  0.0  0.0  1.0  0.0  0.0  0.0  0.0  1.0
25528382212386;16.104432155396697;16.104432155396697;1.0  0.0  0.0  0.0  0.0  1.0  0.0  0.0  0.0  0.0  1.0  0.0  0.0  0.0  0.0  1.0
25528382212417;9.853473476029952;9.853473476029952;1.0  0.0  0.0  0.0  0.0  1.0  0.0  0.0  0.0  0.0  1.0  0.0  0.0  0.0  0.0  1.0
25528382212448;10.900268136326943;10.900268136326943;1.0  0.0  0.0  0.0  0.0  1.0  0.0  0.0  0.0  0.0  1.0  0.0  0.0  0.0  0.0  1.0
25528382212479;11.26380918649009;11.26380918649009;1.0  0.0  0.0  0.0  0.0  1.0  0.0  0.0  0.0  0.0  1.0  0.0  0.0  0.0  0.0  1.0
25528382212510;10.577823908438841;10.577823908438841;1.0  0.0  0.0  0.0  0.0  1.0  0.0  0.0  0.0  0.0  1.0  0.0  0.0  0.0  0.0  1.0
25528382212541;12.4785018390389;12.4785018390389;1.0  0.0  0.0  0.0  0.0  1.0  0.0  0.0  0.0  0.0  1.0  0.0  0.0  0.0  0.0  1.0
25528382212572;13.17354424027735;13.17354424027735;1.0  0.0  0.0  0.0  0.0  1.0  0.0  0.0  0.0  0.0  1.0  0.0  0.0  0.0  0.0  1.0
25528382212603;6.049856593200579;6.049856593200579;1.0  0.0  0.0  0.0  0.0  1.0  0.0  0.0  0.0  0.0  1.0  0.0  0.0  0.0  0.0  1.0
25528382212634;5.22985118888438;5.22985118888438;1.0  0.0  0.0  0.0  0.0  1.0  0.0  0.0  0.0  0.0  1.0  0.0  0.0  0.0  0.0  1.0
25528382212665;14.028454806891109;14.028454806891109;1.0  0.0  0.0  0.0  0.0  1.0  0.0  0.0  0.0  0.0  1.0  0.0  0.0  0.0  0.0  1.0
25528382212696;4.140656319801549;4.140656319801549;1.0  0.0  0.0  0.0  0.0  1.0  0.0  0.0  0.0  0.0  1.0  0.0  0.0  0.0  0.0  1.0
25528382212727;6.813729438443701;6.813729438443701;1.0  0.0  0.0  0.0  0.0  1.0  0.0  0.0  0.0  0.0  1.0  0.0  0.0  0.0  0.0  1.0
25528382212758;8.119755599812619;8.119755599812619;1.0  0.0  0.0  0.0  0.0  1.0  0.0  0.0  0.0  0.0  1.0  0.0  0.0  0.0  0.0  1.0
25528382212789;14.49002705766472;14.49002705766472;1.0  0.0  0.0  0.0  0.0  1.0  0.0  0.0  0.0  0.0  1.0  0.0  0.0  0.0  0.0  1.0
25528382212820;6.569850259432595;6.569850259432595;1.0  0.0  0.0  0.0  0.0  1.0  0.0  0.0  0.0  0.0  1.0  0.0  0.0  0.0  0.0  1.0
25528382212851;11.42180800956712;11.42180800956712;1.0  0.0  0.0  0.0  0.0  1.0  0.0  0.0  0.0  0.0  1.0  0.0  0.0  0.0  0.0  1.0
25528382212882;29.01962600839923;29.01962600839923;1.0  0.0  0.0  0.0  0.0  1.0  0.0  0.0  0.0  0.0  1.0  0.0  0.0  0.0  0.0  1.0
25528382212913;4.000226151736474;4.000226151736474;1.0  0.0  0.0  0.0  0.0  1.0  0.0  0.0  0.0  0.0  1.0  0.0  0.0  0.0  0.0  1.0
25528382212944;10.14110014173418;10.14110014173418;1.0  0.0  0.0  0.0  0.0  1.0  0.0  0.0  0.0  0.0  1.0  0.0  0.0  0.0  0.0  1.0
25528382212975;20.06496742865844;20.06496742865844;1.0  0.0  0.0  0.0  0.0  1.0  0.0  0.0  0.0  0.0  1.0  0.0  0.0  0.0  0.0  1.0
25528382213006;18.17453748105815;18.17453748105815;1.0  0.0  0.0  0.0  0.0  1.0  0.0  0.0  0.0  0.0  1.0  0.0  0.0  0.0  0.0  1.0
25528382213037;5.701290745392533;5.701290745392533;1.0  0.0  0.0  0.0  0.0  1.0  0.0  0.0  0.0  0.0  1.0  0.0  0.0  0.0  0.0  1.0
25528382213068;4.547083976710081;4.547083976710081;1.0  0.0  0.0  0.0  0.0  1.0  0.0  0.0  0.0  0.0  1.0  0.0  0.0  0.0  0.0  1.0
25528382213099;3.400518070650358;3.400518070650358;1.0  0.0  0.0  0.0  0.0  1.0  0.0  0.0  0.0  0.0  1.0  0.0  0.0  0.0  0.0  1.0
25528382213130;4.188278019443553;4.188278019443553;1.0  0.0  0.0  0.0  0.0  1.0  0.0  0.0  0.0  0.0  1.0  0.0  0.0  0.0  0.0  1.0
25528382213161;10.413101164301901;10.413101164301901;1.0  0.0  0.0  0.0  0.0  1.0  0.0  0.0  0.0  0.0  1.0  0.0  0.0  0.0  0.0  1.0
