# registration_from_features.py RANSAC RANSAC_config.json euclidean True --use_random_keypoints=True --n_keypoints=5000 --input_txt=/benchmark/point_clouds_registration_benchmark//eth/stairs_global.txt --input_pcd_dir=/benchmark/point_clouds_registration_benchmark//eth/stairs/ --input_features_dir=/benchmark/experiments/3DSmoothNet/features//eth/stairs/ --output_dir=/benchmark/experiments/3DSmoothNet/results/RANSAC/
id;initial_error;final_error;transformation;status_code
5494384560030;1.9653997219596564;0.020320436785465093;-0.2277092048074961  -0.9646308319733631  0.1328001357390674  9.23998485697351  0.9523312893729381  -0.19219002856194659  0.23691371467822345  -9.449576538361457  -0.20301141181523324  0.18041715807465553  0.962411562557854  2.391516092871308  0.0  0.0  0.0  1.0;ok
5494384560061;3.2470421696666185;0.028433837155883608;0.11424305249317981  -0.20646039271288705  0.9717626413882567  4.470345518830062  -0.992096896865628  -0.07479844273194335  0.10074194853419727  4.057947911362708  0.051887110023889745  -0.9755917687258931  -0.21337391735554795  -1.663263859099151  0.0  0.0  0.0  1.0;ok
5494384560092;2.297685819693392;0.012847929128906138;-0.9980605185242198  -0.05495243336819704  -0.02924775940271536  18.312746507068283  0.010933891846935127  -0.617278860783437  0.7866684549662468  -1.3649695471325551  -0.06128336945897125  0.7848229342321844  0.6166825038307314  3.1098145928103413  0.0  0.0  0.0  1.0;ok
5494384560123;8.759025089926762;0.04059706001886922;-0.5904334741153856  0.7949513910014231  -0.13942954704415836  14.677414292615973  0.6983509380987202  0.5898081473407443  0.4055025481881911  1.5910625782052628  0.40459149756349844  0.14205152331242762  -0.9033975231446811  1.9673067675664024  0.0  0.0  0.0  1.0;ok
5494384560154;2.6625673868786452;2.6625673868786452;1.0  0.0  0.0  0.0  0.0  1.0  0.0  0.0  0.0  0.0  1.0  0.0  0.0  0.0  0.0  1.0;ok
5494384560185;6.621620892396294;0.02488622304960085;0.6948780690900207  0.7185707421954969  0.028294125862740382  -3.0060945984361123  -0.7148831499069035  0.6945103372178223  -0.08122483288238093  5.100968579497398  -0.07801635134321283  0.03621436121485053  0.9962941177006374  8.548824634485804  0.0  0.0  0.0  1.0;ok
5494384560216;5.2200031515621825;0.04806693604449115;-0.4496168967668793  0.8248913178601066  0.3426353161317982  7.200181888467307  -0.8432788824270675  -0.2655357642681846  -0.46730234789380876  1.8963463098804905  -0.2944917190589179  -0.4990441579795589  0.8150027949597447  6.811221749510576  0.0  0.0  0.0  1.0;ok
5494384560247;8.503686109037535;0.04237549710782699;0.6983898068328409  0.7013110719704475  0.14287917288271934  2.3768225029254184  -0.5367181777790326  0.38111669449039715  0.7527839416607319  6.867538245820113  0.4734820750076423  -0.6024224809154912  0.6425744152501575  4.853195700314785  0.0  0.0  0.0  1.0;ok
5494384560278;5.489767218869771;5.489767218869771;1.0  0.0  0.0  0.0  0.0  1.0  0.0  0.0  0.0  0.0  1.0  0.0  0.0  0.0  0.0  1.0;ok
5494384560309;6.344090179496548;0.058918805247533505;-0.5465026218446728  -0.8339176567888822  0.07691700730423104  -1.8222951318292528  -0.3184766134112607  0.12200574862360246  -0.9400464052443842  4.563583650155202  0.7745369784761686  -0.5382340931216965  -0.332259732700898  -0.8350591664343296  0.0  0.0  0.0  1.0;ok
5494384560340;11.288142510784303;0.04355259792192016;-0.8635348656290155  0.19177017395670323  0.46640297621659116  9.740085223747613  -0.3368073993412554  0.46902650902442655  -0.8164403894843386  8.891345696506281  -0.37532427525016065  -0.8621127154919912  -0.34043112988527724  -2.0114516999483385  0.0  0.0  0.0  1.0;ok
5494384560371;4.893298023722126;4.893298023722126;1.0  0.0  0.0  0.0  0.0  1.0  0.0  0.0  0.0  0.0  1.0  0.0  0.0  0.0  0.0  1.0;ok
5494384560402;1.640061358821845;0.03892380131162944;0.5848503304538021  -0.8082572854521276  0.06833923822838772  0.636338992322409  0.7943191188485543  0.553615608428815  -0.25013375529034454  -1.982354763035902  0.16433876109955015  0.2005739729315632  0.9657964863172332  1.048327934248391  0.0  0.0  0.0  1.0;ok
5494384560433;4.064579359510598;0.018305733254331574;0.14935115548070435  0.9047448841181404  -0.39891217958171227  9.219326135585955  -0.9599350022799673  0.22941241996813583  0.16091840467181895  9.203432294277547  0.2371055118598847  0.35889641434043  0.9027592924026009  4.835392798719608  0.0  0.0  0.0  1.0;ok
5494384560464;8.086453804333049;0.037988810830571706;-0.847492095681631  -0.3309983975710013  0.41496651498956677  1.4814183238177918  0.41302124522344996  -0.9022639090502895  0.12382766015459457  3.2912022368204914  0.33342255285332495  0.27633294995479635  0.9013709014706719  -4.861488849291437  0.0  0.0  0.0  1.0;ok
5494384560495;3.79668680245774;0.20799884732341828;0.7819102669574938  0.6121880867575574  0.1176523729407177  4.151254435815769  -0.5989157574216186  0.7900754202126659  -0.13069332763331304  -0.4306346701210222  -0.17296314618597108  0.03172659464708588  0.9844171743999337  -0.620804002115336  0.0  0.0  0.0  1.0;ok
5494384560526;3.919459476654856;0.013160015430507953;0.6679129640785342  -0.02398165031393369  -0.7438529107720473  -0.4848520511832657  -0.6058696576694057  0.5629318138110004  -0.5621652167423868  11.278250136304107  0.43222011791607284  0.8261553446221104  0.36145970207056005  -4.060972637718357  0.0  0.0  0.0  1.0;ok
5494384560557;4.769841275602151;0.04702535864768572;-0.9390476902856096  -0.1354815683851548  0.31596547279277326  7.228150087065042  -0.1743862522036615  -0.6043400686265397  -0.777407561382593  -3.133693823934501  0.29627499120179335  -0.7851228095529819  0.5438780226374371  3.3599708415386917  0.0  0.0  0.0  1.0;ok
5494384560588;4.0033637514024445;0.011402437143747871;0.3648742672144273  0.7513495512122187  -0.5498550909266295  9.43864415283354  -0.6772558917025557  0.6194377388522474  0.39701554735273437  2.315694491707717  0.6388984475477386  0.22753184299964074  0.7348728013352218  -7.480863647089439  0.0  0.0  0.0  1.0;ok
5494384560619;2.5680413302481218;0.056028237862273976;0.012427758963016372  -0.8458720195052433  -0.5332411062786506  4.8450680572824165  -0.5285063778058348  -0.45826209792496736  0.7146165812685594  -1.0204704699508818  -0.8488383588326541  0.2729402429535257  -0.4527439280109202  4.296380017679301  0.0  0.0  0.0  1.0;ok
5494384560650;2.1252762310053015;0.007555632852508254;-0.09487324466203237  0.971937210175807  0.21526060234740624  10.692991948763556  -0.995463421951877  -0.09418721655947604  -0.013466394938467996  10.220251549832891  0.007186306642398197  -0.21556165640588365  0.976463788004652  -2.206125559794715  0.0  0.0  0.0  1.0;ok
5494384560681;5.499161925361485;0.006736778433443672;0.7640320418380351  0.28145755969939534  0.5805486035922094  1.9068182490376415  -0.2654812760741096  -0.6829658273568704  0.6804978844322792  -2.8303120008162095  0.5880261313061398  -0.6740469722139593  -0.4470860634713726  -10.306622386342106  0.0  0.0  0.0  1.0;ok
5494384560712;3.9543429907625507;0.03054482093666335;-0.08841893218976418  0.9819047995958272  0.16746658461048508  3.595340615800727  -0.7577574764364656  -0.17542940142435512  0.628512634734205  -2.7545566188429245  0.6465181353489333  -0.07132664051090129  0.759556983391218  -1.4489991069379613  0.0  0.0  0.0  1.0;ok
5494384560743;2.252255054334342;0.008249191758736183;0.5042748024908128  0.8630770466451645  0.028371378660766056  3.193458922347311  -0.8582597326494888  0.5045476917870303  -0.09392474660496444  11.38159767359264  -0.09537900652281345  0.02301387117893186  0.9951749629326903  -1.6706018361096424  0.0  0.0  0.0  1.0;ok
5494384560774;4.093777341873709;0.055423576189237;0.09463043524966469  0.1691953096080652  -0.9810290657932055  8.581788695970268  0.8748267138602992  -0.4844352590941856  0.0008369365208014679  -4.033614439259319  -0.4751034639326989  -0.858309633496549  -0.19385889612336654  3.372951970722367  0.0  0.0  0.0  1.0;ok
5494384560805;2.4081201720064747;0.01331393070101834;0.6201245982855096  -0.6470365491062748  -0.4436092725832943  3.630641121243384  0.6896812704423108  0.7191311228754614  -0.08479488966299353  -7.993586048119898  0.3738786271001817  -0.2533656098063074  0.8921998878979762  -1.1548565903649832  0.0  0.0  0.0  1.0;ok
5494384560836;2.3977526989083033;0.01095906023197835;-0.9285777215940155  0.3675592436309579  -0.05141611985268488  16.052333502704506  -0.3468336978110762  -0.9087101011345657  -0.23227642617946115  2.886676080423414  -0.13209769499110482  -0.19785387162612011  0.9712898869341691  3.6556295191684733  0.0  0.0  0.0  1.0;ok
5494384560867;5.82100797182095;0.03792012744647972;-0.05936115110226803  0.29853993671733253  0.9525492952727566  1.8398681333121703  -0.6752003834982816  -0.71483877416404  0.18196144942109943  0.2688138863308338  0.735241930158766  -0.6323602083753085  0.24400793224800638  5.696194767685991  0.0  0.0  0.0  1.0;ok
5494384560898;7.426959109966299;0.015927624311431403;0.6680548686672791  0.5063286220430555  -0.545283429924222  6.79043293375372  -0.7251547942642981  0.6073500324274173  -0.3244633453349053  8.362456403060314  0.16689283029970695  0.6121742109974867  0.7729097738961239  -5.245426370605742  0.0  0.0  0.0  1.0;ok
5494384560929;3.2277640385532322;0.005069144784887353;0.07596562903399144  -0.9669254426574837  0.2434839040821804  8.089521159056495  0.9919925980125264  0.048578830154019315  -0.11657951256213553  -8.371261493536274  0.10089553356729124  0.25039026658897323  0.9628732033365947  -6.34472862833242  0.0  0.0  0.0  1.0;ok
5494384560960;7.03502339552627;0.04235847158259595;-0.940015075484044  0.3011975655188649  -0.16016143227455437  14.478699282010876  -0.3409623014604085  -0.814708901638511  0.4690353020549655  6.073069882329482  0.010787346548107812  0.4955092654194073  0.8685356648048316  1.1340188841047962  0.0  0.0  0.0  1.0;ok
5494384560991;7.791752238870199;0.032128842142820475;-0.4791955295394915  -0.8357488232248793  0.2681334536151641  9.907601450340493  -0.6381398020649942  0.12199895915910605  -0.7601932958034708  11.060132736360622  0.6026186501344065  -0.5353878579519001  -0.5917859444662913  -6.040014804583969  0.0  0.0  0.0  1.0;ok
5494384561022;4.731288337239354;0.0353527940658504;0.24303909212007818  -0.297985457506053  0.9231124887121587  3.5406861392825464  0.8573213113607205  -0.3792166860104403  -0.3481305418057896  -7.187328368751644  0.45379749755610377  0.8760133401759171  0.1633048041107512  2.307509038342341  0.0  0.0  0.0  1.0;ok
5494384561053;4.703195918816284;0.46145812750364945;-0.3374599926023988  -0.8116921011825429  0.47673544683677405  1.1873443503333743  0.6062253945959634  0.20004740425267817  0.769721902376914  -7.976264252916297  -0.7201468769214783  0.5487594818585232  0.42456036877057535  3.3790885344318213  0.0  0.0  0.0  1.0;ok
5494384561084;7.769594886748286;0.01839706811839465;-0.6045162682002735  -0.44652891227750824  -0.6596756869716208  17.325666152484985  0.6920910951114018  -0.7044417102087006  -0.15739057464073733  -2.6362054902357133  -0.3944236270163278  -0.5517008314462706  0.734885157717026  0.38152664336258457  0.0  0.0  0.0  1.0;ok
5494384561115;2.7618695788486547;0.015892314067207224;0.3878258012915765  -0.817008726736641  -0.42671757438464963  11.472834407176276  -0.19496628583929942  -0.5251896477713807  0.8283501561898821  1.064421938742687  -0.9008769589897256  -0.23806002249421365  -0.3629712529271149  15.514215026956451  0.0  0.0  0.0  1.0;ok
5494384561146;4.978157980828911;0.03549317078737939;-0.7881794016156543  0.6089136332420313  -0.08942828479165355  17.051372700188978  0.4680836455867044  0.4987532080534678  -0.7294812802194683  -4.24081462528374  -0.3995884527899287  -0.6168220364970456  -0.678129518372846  4.078818155257469  0.0  0.0  0.0  1.0;ok
5494384561177;7.540163639644457;0.020364623633462618;0.6444366152517642  -0.5951521269334278  -0.4800993592262617  -1.023863231756362  0.7426784222504803  0.6366181221947822  0.20771645966732494  -4.742136207868322  0.18201705976745086  -0.4904195268337168  0.8522666705050748  5.1355532584206856  0.0  0.0  0.0  1.0;ok
5494384561208;2.258030642572619;0.016574364248585372;-0.27513570052232816  -0.9568098115435322  -0.09388999324805189  2.6668319191292427  0.7511250631465639  -0.27488715997888846  0.6002067883586554  -1.4139598345948816  -0.6000928976509872  0.0946151880660421  0.7943151014402714  -1.5717250463558408  0.0  0.0  0.0  1.0;ok
5494384561239;3.8492329696698255;0.01845159275699834;-0.47030674244860227  0.8155751751955047  -0.33711823091047355  13.111828277407424  0.7388125226265044  0.5727991492918492  0.3550453365146437  -10.520775527196871  0.48266719840656985  -0.08208695496458147  -0.8719484545585237  -4.152684763052595  0.0  0.0  0.0  1.0;ok
5494384561270;9.123550834747231;0.022207010291146485;0.29583553208623525  0.9226564064994532  0.24735903763713568  2.4739997056538643  0.2498703072697742  -0.32467863438606015  0.9122218008347048  -12.13320495973229  0.921979483231684  -0.20805994309025183  -0.32659591635707624  -5.503285974866849  0.0  0.0  0.0  1.0;ok
5494384561301;4.160514649695006;0.016121040434307024;-0.18077311671860757  0.6160140106326022  0.766712344348371  4.783444617126717  -0.19044373638268722  -0.786725715010929  0.5871914786618959  2.807512771372325  0.964910495094981  -0.03986712988011459  0.25953486935415826  -3.2034120589887762  0.0  0.0  0.0  1.0;ok
5494384561332;6.482396831003189;6.482396831003189;1.0  0.0  0.0  0.0  0.0  1.0  0.0  0.0  0.0  0.0  1.0  0.0  0.0  0.0  0.0  1.0;ok
5494384561363;2.945345827521586;0.043091431170241876;-0.44958873535682453  -0.8706193596683119  -0.19972956619136  4.0113173318453805  0.629344233331986  -0.15006834271110703  -0.7624993957294106  -1.60717113158232  0.6338736506686691  -0.4685097897447602  0.6153883098510196  -4.7664922367082525  0.0  0.0  0.0  1.0;ok
5494384561394;1.7737978589250467;0.006717672322646446;0.1264202814644214  0.9912809298050935  -0.037148763629568066  1.4894826521255742  -0.17307518609937134  -0.014833104868601732  -0.9847969125442184  2.8197628738539016  -0.9767614306426746  0.13092783204768277  0.1696909261102944  1.294963267331053  0.0  0.0  0.0  1.0;ok
5494384561425;2.0770362960670123;0.008307428530362083;0.5199775835190047  -0.6034838298504236  -0.6045085439816393  4.114105111445644  -0.3477829956956481  0.49681494376021834  -0.7951238265587897  2.766947205396481  0.7801732503378319  0.6236843582819726  0.048451219713305495  -3.3133786932740423  0.0  0.0  0.0  1.0;ok
5494384561456;3.2026873730298178;0.007687750835811005;-0.01674067501885662  -0.9882650557252969  -0.15182861862043473  1.3917319499178238  0.9981786259838357  -0.025320936547466283  0.054756559437045826  -3.6013981152980765  -0.0579584370815551  -0.150635420152883  0.9868889450016292  3.6681419258449184  0.0  0.0  0.0  1.0;ok
5494384561487;2.7650958552301788;0.021844930801901127;0.3899132658802561  -0.9197819230161868  0.04437182871189793  1.9723462096919904  0.8976364920387377  0.3903933522864065  0.20455258162871137  -5.782244410425106  -0.20546623384629764  -0.03992799247679668  0.9778493657848286  -1.5164673385269571  0.0  0.0  0.0  1.0;ok
5494384561518;5.145762913418466;0.028682040247174214;0.10814598065183051  0.9234078047979261  -0.3682695655455787  2.587364463339223  0.9309935027451579  0.0358440677615674  0.3632716623308304  -9.990122849134742  0.3486481675201443  -0.3821429429475043  -0.855810274792413  0.98828757793716  0.0  0.0  0.0  1.0;ok
5494384561549;4.6377896203071325;0.016837874040771833;-0.9658594979930825  -0.2582278694433013  -0.020827807837682885  5.45623123631652  0.24628150471499163  -0.9401660727506168  0.23544251120815102  0.6472988827271161  -0.08037941634442029  0.22227488182755578  0.9716650793028823  -4.805003286877898  0.0  0.0  0.0  1.0;ok
5494384561580;4.567914726536869;0.06212518122376809;-0.5471016043977824  0.3449136982043003  -0.762702022585758  12.753145374911032  -0.802726938255171  0.042115006925793785  0.5948577887118229  -0.5480080981483926  0.23729580077374318  0.9376891099840473  0.2538303290634803  0.26776614274793253  0.0  0.0  0.0  1.0;ok
5494384561611;3.9710273671971175;0.02394554313307239;-0.30467012644223596  0.6429315615455066  0.702719802782253  11.994751665617743  -0.8201545588526757  -0.5522229016013668  0.14965415644124538  3.386749789730547  0.4842753489977014  -0.5307436990823579  0.6955490724870038  -4.418295150207321  0.0  0.0  0.0  1.0;ok
5494384561642;3.9300328799679396;0.02464389448803439;-0.4291633585376077  0.13922597239385842  0.8924320367959155  4.444826290031807  0.56423090396183  0.8128698171770001  0.14452040456989762  -5.158015581130298  -0.7053100727361956  0.5655605970482871  -0.4274095370522837  8.848204400888344  0.0  0.0  0.0  1.0;ok
5494384561673;1.856504570527757;0.005495272391489754;0.2973233658791047  0.31454613455080277  -0.9014763143541086  3.1141957140535927  -0.9539664018609357  0.05897428057496931  -0.29405805268886126  0.6623185213659999  -0.03933090671240935  0.947408445956554  0.3176008757975436  -0.021817512709758402  0.0  0.0  0.0  1.0;ok
5494384561704;3.161923902897827;0.027165645056752168;-0.32094400499653053  0.9071379832982785  0.27220511551827775  7.414462668515051  0.9467104737248999  0.31549964362387234  0.06480164976900538  -1.6163408033802562  -0.027096579052754755  0.27849713486989713  -0.9600547491017875  1.6692138063754307  0.0  0.0  0.0  1.0;ok
5494384561735;3.569181629467939;0.018970758200006342;-0.0250724668742085  0.18017104459681493  -0.9833157001155496  9.546705239535402  0.9994446322581514  0.026114929376083396  -0.020698732184633584  -9.834413288526045  0.021949907863376694  -0.98328856657269  -0.1807257491123347  -0.529763041604288  0.0  0.0  0.0  1.0;ok
5494384561766;3.9022771741523186;0.005746040522680025;-0.059643228087483076  -0.8576335637637568  0.5107909118701938  14.767534421936231  0.5156105095317911  0.4116857898805796  0.7514390280460357  -2.878950608179104  -0.8547446915913965  0.30818741167718516  0.41765060933757303  10.630948987972232  0.0  0.0  0.0  1.0;ok
5494384561797;1.7821658772718727;0.0056677975631070415;0.2924510306401043  -0.7992693001261442  0.5250152193540715  4.7481536943780185  -0.607285721337899  -0.5793281446518612  -0.543675411871218  9.682469624300781  0.7386991588844861  -0.15983581166339178  -0.6548099464525998  -0.5046841517841285  0.0  0.0  0.0  1.0;ok
5494384561828;3.031970333042847;0.03181047663967854;-0.4547367389703588  0.22780562366023607  0.8609988943427133  4.457082179321494  -0.7386429984163235  -0.6366039100483998  -0.22167991023462735  1.0392324350224174  0.49761533248197587  -0.7367768044257772  0.4577542149876861  0.008340956354909057  0.0  0.0  0.0  1.0;ok
5494384561859;3.9115043062921147;0.004357348483119824;-0.29127659044393694  -0.22834845955785438  0.9289859680732053  -2.018762115574442  0.08415837112858379  -0.9734451397682343  -0.21288947468248887  -4.23989097152704  0.9529298591335766  0.016172225547435165  0.302759215702024  4.07432619002099  0.0  0.0  0.0  1.0;ok
5494384561890;2.700280821168816;0.0635068644590076;-0.7138162499238012  0.4031075473298814  0.5726872328159678  5.005447675000658  -0.6887038552828966  -0.25564385701400943  -0.6784786054766041  5.695802935875781  -0.12709587350971785  -0.8787209589264895  0.4601044612695182  0.30093721672352514  0.0  0.0  0.0  1.0;ok
5494384561921;4.363288827751439;0.007720530538911698;-0.15318243628219086  0.42949307909246864  0.8899836157066732  -0.23530037716365992  -0.4083660067192178  -0.847628903176701  0.338766065383863  3.515502101839946  0.8998735165404371  -0.3115460439664326  0.30523223407434075  -2.716738371312772  0.0  0.0  0.0  1.0;ok
5494384561952;5.900960080460973;0.00353303631303287;-0.14059437915346457  0.793423221037343  0.5922101087191776  5.998949583891956  -0.12847693438647634  -0.6077145226564536  0.7836942875146482  5.255297743167127  0.9816959294410389  0.0340976725183168  0.18737782912534973  -3.65463526885167  0.0  0.0  0.0  1.0;ok
5494384561983;1.9280359265963185;0.04675745225785869;0.5696512053494036  0.7800746579440853  0.25880694016465355  2.3032101078018736  -0.7628183051449717  0.6190341941776922  -0.1868285304083094  2.1651806756110896  -0.30595054760487833  -0.09099557391540605  0.9476888033252694  -0.16694120351718422  0.0  0.0  0.0  1.0;ok
5494384562014;2.290467177188447;0.027226298936079675;-0.26104527168343494  -0.9483729455197575  0.18012252035184953  3.8700773235031196  0.9531527146430105  -0.28276648988629793  -0.1074384231364325  -4.537797984425026  0.15282430664126231  0.14363797688481567  0.9777591026914838  1.486643524764685  0.0  0.0  0.0  1.0;ok
5494384562045;2.843775395138052;0.03160129485047007;-0.6977476738381767  0.45539000317315315  -0.5529630445729348  6.9752367166154485  -0.6531044367923426  -0.0872930721380466  0.7522197246808007  0.3531746497837377  0.2942834998697186  0.8860021809040075  0.35832576956977547  -2.7142149493707852  0.0  0.0  0.0  1.0;ok
5494384562076;7.910208896373804;0.03675576108779544;-0.8530754021370304  0.07389920294389517  -0.5165280883679038  13.92297078896966  -0.5072348978571272  0.11471333608210618  0.8541391039642093  6.666338290951866  0.12237285918296309  0.990646131738862  -0.06037487065175337  4.7979404224460005  0.0  0.0  0.0  1.0;ok
5494384562107;6.000656068192277;0.00441580097230155;-0.11095029578212101  0.9909424814044893  0.07565071324035556  11.410163329859088  -0.9932744558434676  -0.1080314270554581  -0.04165412509255079  2.856045642590774  -0.033104187570826615  -0.07976345852754811  0.9962639727747867  2.259279634713096  0.0  0.0  0.0  1.0;ok
5494384562138;3.161989247048879;0.03255139009422669;0.3340585528083896  -0.0030037839850381998  0.9425475375689738  0.24854456857785578  0.4182129697231669  -0.8956971479641423  -0.15107789740472238  -4.739162656923298  0.8446909465898723  0.4446544685603346  -0.29795907158271384  -2.8259245895456333  0.0  0.0  0.0  1.0;ok
5494384562169;5.267286062056453;0.04288734053597195;0.3429450971283453  0.6668975882457141  -0.6615408280277792  -0.46601168682243177  0.704599834388566  0.2831190584418588  0.6506786243043494  -1.0013259995419455  0.6212308216236824  -0.689268601881041  -0.3728016372358349  -2.0463624098375712  0.0  0.0  0.0  1.0;ok
5494384562200;6.316421781002835;0.03761455662426748;0.07330808940318215  -0.9972597202146748  -0.009948591126604886  2.705288841699947  0.9973051020662895  0.0733332187005685  -0.0021845886486551447  -0.27060626581072234  0.002908164473391678  -0.009761632668969511  0.9999481252080195  -6.159235106317163  0.0  0.0  0.0  1.0;ok
5494384562231;6.809241551181215;0.05472271391099058;-0.21800480146652051  -0.9070675462830987  0.3601421566791403  0.29594154697424635  0.9649995440828925  -0.2554641515049706  -0.059278556119864545  -5.932261544268329  0.145773064924057  0.3346140071422663  0.9310121802462321  6.345320375536149  0.0  0.0  0.0  1.0;ok
5494384562262;9.226605709293516;0.026338766178223227;-0.5685988592745436  -0.6629868701803112  0.4869740724106397  5.521747675446349  0.15246863102218866  -0.6666631412096311  -0.7295982269076096  -5.19965023978047  0.8083617097475042  -0.34060044938464573  0.48014860209425797  5.729429268109507  0.0  0.0  0.0  1.0;ok
5494384562293;3.35198828640729;0.0233157894462277;0.3454936685817359  0.7973368462924424  -0.49486167614228876  0.3133569377643495  -0.2926229070948819  -0.40950468278010704  -0.8641051724324438  2.560634345924378  -0.8916310667609529  0.4433507283467413  0.09183775074086019  3.2224996418601277  0.0  0.0  0.0  1.0;ok
5494384562324;6.007210908334361;0.05596938155299585;0.9980057143827709  0.01925623886660552  0.060114817840926454  3.591159029419837  -0.055975208245665264  0.7101770923406819  0.7017943242691478  3.188193519042307  -0.029178247397504155  -0.7037596853893006  0.7098386683603274  -3.9816893100192665  0.0  0.0  0.0  1.0;ok
5494384562355;2.8594967283924566;0.020109729762573976;0.0030337050453754233  -0.7580591517513883  -0.6521787477982264  3.106005389060826  0.6698855105510239  0.4857604932461012  -0.5615070310825128  -4.832331066260089  0.7424582138999412  -0.43518164672613396  0.5092864959580603  -2.311731875196688  0.0  0.0  0.0  1.0;ok
5494384562386;7.555953592991905;0.02697687517151867;0.9292989839546679  -0.1544606708801463  -0.33547771844353186  1.561626415215434  0.24194086111841948  -0.4317069827478635  0.868961276909399  5.979677623420425  -0.27904841540868885  -0.8886905998141262  -0.3638145127120536  1.9801393800057838  0.0  0.0  0.0  1.0;ok
5494384562417;3.909277903469262;0.029682742194878042;0.2155912211296513  -0.9675604884157158  0.13170849110276062  6.733018255501747  0.9740422165524684  0.22261907465214015  0.04101838581147882  -4.344562773153961  -0.06900859182290495  0.11944642672665048  0.9904394809360415  -0.024822852914605953  0.0  0.0  0.0  1.0;ok
5494384562448;8.322743061723811;0.018072268117511888;-0.24946804510554743  -0.2870401103857156  -0.9248641356983054  6.4258440913460255  0.6984224213238969  0.6082394877657429  -0.3771615660622541  -8.18880518385296  0.670799385705803  -0.7400356076245405  0.04873893294375092  0.5473593562337933  0.0  0.0  0.0  1.0;ok
5494384562479;5.142564597723577;0.054413055649999;0.5245398105646022  -0.7305850598991367  -0.43715381433201184  6.4664732657683235  0.8508055673028193  0.4308520802293524  0.3008261484787662  -3.3968889863273937  -0.03143045942044279  -0.529728189937269  0.8475849048953179  4.007278535173244  0.0  0.0  0.0  1.0;ok
5494384562510;7.409784479444804;0.02998824515378987;-0.04951811451300844  0.907417551736157  -0.41730246001699434  1.1729678490429611  -0.9979040596148416  -0.062376640556451944  -0.017223313186233324  6.447823607330266  -0.0416586622360402  0.41557495294356933  0.9086044322732825  7.403775634520251  0.0  0.0  0.0  1.0;ok
5494384562541;3.4584512201369555;0.017430272564536577;0.8777403224176872  -0.07669226060699982  0.472959008334848  -3.681504976511993  0.44447593478339575  0.49894187927911493  -0.7439745590407318  0.18334318596863375  -0.17892196567364613  0.8632353666668281  0.47202927021008545  1.426128759447355  0.0  0.0  0.0  1.0;ok
5494384562572;8.23556210803444;0.0631412721074194;-0.44029312410962573  0.8803730275383878  -0.17631023011918628  5.339230130013573  -0.7947270288956058  -0.4735084047364105  -0.3797350921191569  -1.4457377181342181  -0.4177929085139555  -0.02707624469667855  0.9081387353089699  10.110441247426513  0.0  0.0  0.0  1.0;ok
5494384562603;7.97771549928889;0.04765873712528656;-0.44485848585321025  0.2362731647647371  -0.8638726290237728  13.721877202343299  0.2734324365520623  0.954349828189764  0.12021276169929059  4.704659507558574  0.8528397447384775  -0.1827331306748265  -0.48915536667625875  -3.7904524576012806  0.0  0.0  0.0  1.0;ok
5494384562634;7.765621830691003;7.765621830691003;1.0  0.0  0.0  0.0  0.0  1.0  0.0  0.0  0.0  0.0  1.0  0.0  0.0  0.0  0.0  1.0;ok
5494384562665;9.270386005314265;0.07814917389829296;-0.48523580057091203  0.010519990702935494  0.8743200487464046  5.405090883490311  -0.8737582532580624  -0.04363662995337528  -0.48439896716418795  -1.8123223823151577  0.03305650779688524  -0.9989920792088003  0.03036598377053068  -3.1592496995709887  0.0  0.0  0.0  1.0;ok
5494384562696;6.577937540194185;0.04277356828389902;0.3631741268206764  0.9290708594109713  -0.07022742912422092  2.2491509937956495  -0.9179521436762546  0.34387895649558486  -0.19776532860862422  7.2136686442929285  -0.15958826876750304  0.13628866964229208  0.9777305267807309  7.338264108631471  0.0  0.0  0.0  1.0;ok
5494384562727;4.59848726203546;4.59848726203546;1.0  0.0  0.0  0.0  0.0  1.0  0.0  0.0  0.0  0.0  1.0  0.0  0.0  0.0  0.0  1.0;ok
5494384562758;5.063388290222;0.03690341321890074;-0.970820738521074  -0.04824991136689599  0.23490219179582725  4.933572038651198  -0.16584004647630646  0.8426328176593915  -0.512315345844853  -3.638867151365807  -0.1732171257183697  -0.5363225528135859  -0.826047181885747  5.34155226243564  0.0  0.0  0.0  1.0;ok
5494384562789;4.438629717023098;0.0367918903594362;-0.20588495910431265  0.3523807587456244  -0.9129289043953385  1.5273995230068833  -0.8870925939485328  0.3266478895757266  0.3261408989951834  -3.13810038332109  0.41313207739932034  0.8769999755425202  0.2453424739463994  0.4099058909885236  0.0  0.0  0.0  1.0;ok
5494384562820;8.161517273743991;0.016754898072281713;0.19883725508251177  -0.2585701831867149  0.945306937644086  6.226295144239222  0.565952280349594  -0.7571796398242623  -0.3261548856029818  -9.208823084166934  0.8001010950863308  0.5998503591750097  -0.004217136382087816  3.2638586939174354  0.0  0.0  0.0  1.0;ok
5494384562851;6.219799808788275;0.042014598320210185;-0.061619396584814315  0.9425521257664078  -0.3283268800719036  4.477930994988875  -0.05420604258447376  0.3253062430817829  0.9440537872173101  3.00032542507696  0.9966266878384574  0.07596932555474453  0.031046846263408145  -8.350775290676529  0.0  0.0  0.0  1.0;ok
5494384562882;6.86050681050468;0.04969991301366433;-0.927159649077935  0.26132718020504436  0.2684829417444635  12.558135872142845  -0.2962404668617992  -0.07260033917361852  -0.9523501333781497  0.9124241890421829  -0.22938302229063084  -0.9625161274690188  0.14472779085877102  5.928676729866437  0.0  0.0  0.0  1.0;ok
5494384562913;3.2808971466396697;3.2808971466396697;1.0  0.0  0.0  0.0  0.0  1.0  0.0  0.0  0.0  0.0  1.0  0.0  0.0  0.0  0.0  1.0;ok
5494384562944;2.926015559566035;0.007222775282574611;-0.5318003737258127  -0.476196165861993  0.7003039155419762  3.9921950648067757  0.3066395147135863  0.6625452791131201  0.6833783440680095  -0.8252474782917085  -0.7894052004650733  0.5781617115853102  -0.20632126583423815  2.238293727026722  0.0  0.0  0.0  1.0;ok
5494384562975;7.45090069206603;7.45090069206603;1.0  0.0  0.0  0.0  0.0  1.0  0.0  0.0  0.0  0.0  1.0  0.0  0.0  0.0  0.0  1.0;ok
5494384563006;1.7422069969351626;1.7422069969351626;1.0  0.0  0.0  0.0  0.0  1.0  0.0  0.0  0.0  0.0  1.0  0.0  0.0  0.0  0.0  1.0;ok
5494384563037;5.728273913522797;0.04326666577311397;-0.5761267876912529  -0.8163937929753932  -0.039737882377016115  1.0679594958942804  0.8168892545591777  -0.5734634584510141  -0.06189998067167862  -3.668086970215183  0.027746536546212452  -0.06812368613524598  0.9972909771461067  4.369071048699464  0.0  0.0  0.0  1.0;ok
5494384563068;4.596809114569144;0.01060453196596317;0.5916788632457782  -0.4350912547313834  -0.6786838165482179  5.788790385211927  0.7656751447780463  0.5667596070593388  0.30417942151806204  -6.804741128533915  0.25230476701264004  -0.6996278638406385  0.6684782394966066  -0.8055465351840767  0.0  0.0  0.0  1.0;ok
5494384563099;7.571012982470478;0.043403522773020994;0.4823893041182831  -0.11743971934029106  -0.8680486573882551  9.106781568296164  -0.2525190864926156  -0.9675459777652733  -0.009428248362021968  6.12495031946645  -0.8387697361190454  0.22374694016123364  -0.4963896015623935  4.615633370935381  0.0  0.0  0.0  1.0;ok
