# registration_from_features.py FastGlobal FastGlobal_config.json euclidean True --use_random_keypoints=True --n_keypoints=5000 --input_txt=/benchmark/point_clouds_registration_benchmark//tum/pioneer_slam3_global.txt --input_pcd_dir=/benchmark/point_clouds_registration_benchmark//tum/pioneer_slam3/ --input_features_dir=/benchmark/experiments/FPFH/features/voxelgrid_0.1//tum/pioneer_slam3/ --output_dir=/benchmark/experiments/FPFH/results/voxelgrid_0.1/FastGlobal/
id;initial_error;final_error;transformation;status_code
39885980090030;15.205318337116758;0.10994034781983673;0.6099340017532009  -0.6571584249772723  0.4428581239931332  13.778943414013316  -0.7924427948212293  -0.508520096492211  0.33681111679912223  11.669123213024966  0.003863992914800718  -0.5563722817906576  -0.8309241563547252  0.2902370974151811  0.0  0.0  0.0  1.0;ok
39885980090061;13.318166755923231;0.08536465103967224;0.7629184542194819  -0.5211176578547263  -0.3826118383993892  3.0848490512096025  0.6377250537316298  0.5094716317468362  0.5777070298068102  10.084469418605146  -0.10612345666414248  -0.6847445093735488  0.7210150961168794  -0.5091448584693714  -0.0  0.0  -0.0  1.0;ok
39885980090092;16.131758473986306;0.20717226141018646;-0.49225629283444416  -0.8456891347494526  0.20613983004653075  8.436571017604948  0.10547863360926106  0.177121257554548  0.9785204739678264  12.498077038807548  -0.8640358788943974  0.5034262085837592  0.0020130807655942165  7.58211473126466  0.0  0.0  0.0  1.0;ok
39885980090123;12.985542941208589;0.08346615176858813;0.5101338904426103  -0.6432465559848779  0.570961716786231  8.517612816047883  -0.32920197582172306  -0.7593120089861157  -0.5613121521261968  -3.4705400286787866  0.7946001969147505  0.09838262663226019  -0.5991088263746219  -9.094658122123843  -0.0  0.0  0.0  1.0;ok
39885980090154;12.128119033469892;0.26883458492549583;-0.71431884148095  -0.6566489299992367  -0.24199333758633154  11.038232439493076  -0.699214035692636  0.655280550892798  0.2858445939877976  0.6829818717555025  -0.029126019222195584  0.3733893174054243  -0.9272173923367588  10.39948128359862  0.0  0.0  0.0  1.0;ok
39885980090185;6.628057703543316;0.18680482306086654;-0.7289837804080803  -0.6804429070729897  -0.07470005432394881  7.523568909027499  -0.14063228273144274  0.04207227598906139  0.9891675715705828  2.696067762528117  -0.6699292566799027  0.7315923549403429  -0.12636224609097163  5.962132661220855  0.0  0.0  0.0  1.0;ok
39885980090216;5.823010286342225;0.11914928067603041;-0.22977455946662326  -0.5156904105856616  0.8253890308526703  7.8448292772238455  -0.9550522469496557  0.282681098807247  -0.08925582319121057  3.2075614297393527  -0.18729350607624465  -0.8087983659770326  -0.5574642103082037  -0.895600366149116  0.0  0.0  -0.0  1.0;ok
39885980090247;5.3740242030998315;0.045373741139091366;0.7670657424410591  -0.5350943483715056  -0.35395506086821643  -3.881290823301263  0.5757796873424231  0.3308024473177642  0.7476947856528356  -1.1459968223864752  -0.28299805373396225  -0.777331190156069  0.5618436814571622  2.300340839130704  -0.0  0.0  -0.0  1.0;ok
39885980090278;4.39500473301532;0.10271677974058444;-0.32159292417586866  -0.09337369045806385  0.9422628853193017  3.069716668254682  -0.9092489235351241  0.3081999423576577  -0.279784185723487  4.6026606503502405  -0.26428088498836266  -0.9467281285886557  -0.18401484822912964  5.141883646649887  0.0  0.0  0.0  1.0;ok
39885980090309;6.062761454151005;0.09409969466677202;0.7967804924238401  -0.12341081858776767  -0.5915324308508534  5.478646825625078  0.2535462253017655  -0.8203014561726661  0.5126595679749205  0.0634389590890581  -0.5485026513409479  -0.5584579580026623  -0.62230985097092  5.899759158442831  0.0  0.0  0.0  1.0;ok
39885980090340;10.653667033347874;0.10131959967353012;-0.13299532703507963  0.8437576952487537  0.519985763935267  8.232123062591668  -0.8775779938589943  -0.34407902588913525  0.3338659740638568  4.596110775027166  0.46061817992916476  -0.41192544914303986  0.786224088073527  5.444110727033738  0.0  0.0  -0.0  1.0;ok
39885980090371;7.825764243118106;0.20181701086858453;-0.07216631668301089  -0.6671593421871217  0.7414111105647476  7.925696243194513  -0.9973607531065789  0.054212139355959685  -0.048296709092127674  5.496567535972466  -0.00797188177828628  -0.7429397391975316  -0.6693108343826633  -3.3501506101775185  0.0  0.0  0.0  1.0;ok
39885980090402;6.3535513934385985;0.047820650628571666;-0.3900053343256298  0.8517335573051227  -0.3499225436548991  -1.1735020222720247  -0.771590895820046  -0.0948920361710172  0.6290015826362739  2.042656650687865  0.50253689285979  0.5153110214537225  0.6941982587727726  1.7566432384144837  0.0  -0.0  -0.0  1.0;ok
39885980090433;6.8874917645610045;0.7253274051749149;0.18584671306762504  -0.9564532002935868  -0.22507393205370774  6.409918343016409  0.8061763126125984  0.279381167217103  -0.5215610380260028  -5.348710934163151  0.5617301418157225  -0.08451886802700538  0.8229919858194985  2.549691473537257  -0.0  0.0  -0.0  1.0;ok
39885980090464;6.2677651862134764;0.9056826064017134;0.6457369096939798  0.750510280580744  0.14056373003546227  -2.3863814241597794  -0.7606546554368155  0.648329662506776  0.03275887476924408  7.834411182605853  -0.06654576336001014  -0.128074070195582  0.9895295316070009  1.971544685354248  0.0  0.0  0.0  1.0;ok
39885980090495;9.69087354585672;0.12377695170132177;0.5005351032604951  -0.8654449854341536  -0.021669969794266268  3.551740439911181  -0.5396229149748275  -0.2923249713845931  -0.7895272134252683  10.769310930934788  0.6769576944226837  0.40687969756658643  -0.6133328555279326  -0.45061530871205585  0.0  0.0  0.0  1.0;ok
39885980090526;2.92110847772627;1.1627294640549573;0.1916049114949069  -0.34711591891997096  0.9180403568053926  3.633062984691783  0.19911231234645005  0.9296676560823894  0.30995537792773376  0.4736950666272924  -0.9610628725338828  0.1234041655156685  0.24724394223176271  2.4280263977969363  0.0  0.0  0.0  1.0;ok
39885980090557;4.738076726601074;0.10746255551413245;-0.36881118494894105  0.06961308578669942  0.9268939141799396  2.8403721370066872  0.7484803313486915  0.6135165948175255  0.25174308623607117  -4.870541429142061  -0.5511401849264054  0.7866075299479156  -0.27837580783632454  5.238416736854707  -0.0  -0.0  -0.0  1.0;ok
39885980090588;14.769319861057435;0.14380996524619144;-0.05536736874415854  -0.7508096617432863  -0.6581939731654181  -5.8256805433919245  0.28689184886965696  -0.6433699211693009  0.7097663077286488  6.1752103604111825  -0.9563616060520709  -0.14953259299410077  0.25102287167101484  -3.4637839790236074  0.0  0.0  0.0  1.0;ok
39885980090619;2.836952107880147;0.10288683067003371;-0.11933067376840335  0.9843392191982228  -0.1297555079609817  2.4929838443356207  -0.9772497895739275  -0.13952735558871926  -0.15973404715380604  4.304920979983827  -0.17533693015361634  0.10774237138030983  0.9785951881823524  -1.6786715144876228  -0.0  -0.0  -0.0  1.0;ok
39885980090650;12.55893498698289;0.026973229085396053;0.24571978022482968  -0.9211723293378555  0.30176701156443675  -5.612555452118879  0.917933905422052  0.12109181621187842  -0.37780169047150486  -7.223782975037365  0.3114789477362472  0.3698355198041127  0.875329968302435  -1.7677707475214774  0.0  0.0  0.0  1.0;ok
39885980090681;13.661467239296929;0.17100820340227196;0.6833962504814267  -0.46117471523552944  -0.5659394374448163  5.422929423827937  0.27970375078840676  0.8814553000020233  -0.38052906051081103  5.507469974458909  0.6743406977358131  0.10175674977991259  0.7313755446085174  -11.578440787537755  -0.0  0.0  -0.0  1.0;ok
39885980090712;11.512393687205597;0.09152104958173496;0.8720883123130181  -0.4706163055462053  -0.1340979808985697  8.03579584290318  0.027082752226495106  -0.22719597743685505  0.9734723993870348  0.6738735072107617  -0.48859850599328575  -0.8525856442554919  -0.18538937173035683  8.932131116543701  0.0  0.0  0.0  1.0;ok
39885980090743;17.098275178250592;0.18300518256592418;-0.049975916649957944  -0.8994804701768722  -0.4340936437283897  5.843113934482048  -0.07297353203044374  0.4367636016815366  -0.8966116326867362  -12.853291570050132  0.9960809562369913  -0.013131641807709385  -0.08746592825458235  -6.471428208254612  0.0  0.0  0.0  1.0;ok
39885980090774;10.611953381784044;0.02954436381075237;-0.6540098747922958  0.756457592281741  0.0065570384684803746  5.635659695895538  -0.29862855376455794  -0.25020181855843737  -0.9209886192926268  -6.142739296893518  -0.6950482505198139  -0.6042937705035201  0.38953429679552437  3.8067814300116316  0.0  -0.0  -0.0  1.0;ok
39885980090805;5.343071835957388;0.04714428719714066;0.1405531183190329  -0.3994331225225753  -0.9059238387208166  -0.3732246943804404  0.6376957053243762  0.7364574797017919  -0.2257754814016196  -6.38164222607065  0.7573565925913913  -0.5459702933522596  0.3582281820784136  -0.5474098200756229  -0.0  0.0  -0.0  1.0;ok
39885980090836;5.261479947974986;0.3930855871471661;0.6128153504028894  0.17360677432263902  0.7709202515305149  -2.52102270687441  -0.18502331263504118  0.9799736824596881  -0.0736067623792497  2.7944882847507957  -0.7682601903601013  -0.09753086483615295  0.6326642160832038  4.083320163930784  0.0  -0.0  -0.0  1.0;ok
39885980090867;12.813048896623984;0.059399578280895246;0.7271159170336069  -0.4279808252050426  0.5367819449769042  -5.615880329393976  0.6230191974837558  0.73978609843772  -0.25409369949881067  2.0230069931028805  -0.28835658959537136  0.5191810299068197  0.8045505176319389  -7.486523015909266  0.0  0.0  0.0  1.0;ok
39885980090898;9.513150698671726;0.0382064505988729;-0.5908392842392411  0.784347554362466  0.1889652194592409  10.447568646913705  0.6960679009442235  0.6139979233780901  -0.3721505439502895  -1.7310035833783775  -0.4079196213407301  -0.08834853735637513  -0.9087332493489093  -3.2546683205879283  0.0  -0.0  0.0  1.0;ok
39885980090929;3.2910700942172166;0.06179981598460453;-0.3788464214544125  -0.2893083885197184  -0.8790768142109712  5.078344148414616  0.5113966122732259  -0.8571274175962805  0.061693556877511935  -0.6378034591384933  -0.7713293031556965  -0.4261845214655911  0.47267098467802326  1.5761503836954318  0.0  0.0  0.0  1.0;ok
39885980090960;13.148595121958836;0.09303497943339135;0.6924230998449119  -0.7214302660907624  -0.009413924228249632  0.9433342805401406  0.6884866331430654  0.6567903040083206  0.3075916977812997  1.6036704290016568  -0.21572298622188943  -0.21946495786085832  0.9514718731978595  12.129995873392238  -0.0  0.0  -0.0  1.0;ok
39885980090991;4.974292677219224;0.05633313220182084;-0.5040312028301421  0.6654941531408498  0.5505180094319744  5.830995714033016  -0.44694527287910085  -0.7463989540050435  0.4930806470661815  3.625114927125692  0.739048354050415  0.0024766096825986923  0.6736478284533045  0.639637031842085  -0.0  0.0  -0.0  1.0;ok
39885980091022;13.287028172970416;0.051239452911961865;-0.5480882456079931  -0.6673121587629767  0.5042754780806297  15.803696937752107  0.5866728416627447  -0.7364290931914061  -0.3368785650002741  -2.5478126667447776  0.5961662954928872  0.11120554603246284  0.7951220501595383  -0.6172060840630329  -0.0  0.0  -0.0  1.0;ok
39885980091053;15.533441302838277;0.10350795730499725;-0.5085044968270074  0.8456555918552104  0.16214128613874734  -9.873870479330037  -0.8575977955137255  -0.5142677766317231  -0.0073942577898957465  1.7950960377380927  0.07713104327513697  -0.14281202289121006  0.986739848329341  0.0629284831672422  0.0  0.0  -0.0  1.0;ok
39885980091084;7.763469718260981;0.12598992290564487;-0.5451116830926322  -0.03974720168120991  -0.8374206905220529  -1.3196867499307128  -0.8340961289689339  0.12636710407652407  0.536949720780589  5.092908136391393  0.0844801787104994  0.991186922313761  -0.10203717185034057  2.000541460896608  0.0  -0.0  0.0  1.0;ok
39885980091115;3.6651649034345075;0.12590448999026338;0.34429567409043854  -0.9348059020777497  0.08716888345743044  2.885309622564802  0.938726627147668  0.34433170894705833  -0.015099460174507794  -2.038247801340387  -0.015899946118586358  0.0870264307794056  0.9960791093378198  -3.121244173956693  -0.0  -0.0  -0.0  1.0;ok
39885980091146;8.080612412768405;0.1458635281329942;-0.6166059423420935  -0.7659645673156421  0.18192139369898114  2.973676918828759  0.614815046945411  -0.32417007976485035  0.718968857068762  5.455411015143387  -0.4917311968117652  0.5551684798349169  0.6708117389252053  -2.5012049933829767  -0.0  -0.0  -0.0  1.0;ok
39885980091177;3.8726541071914253;0.09645052555381148;-0.4840347455753932  -0.8749532890455887  -0.012926989752788122  6.563944376040684  0.8750384847961536  -0.4839045758766758  -0.01200048212633181  1.7052352334752432  0.004244431812881775  -0.017120263839056175  0.9998444285811003  -1.708762132136733  0.0  0.0  0.0  1.0;ok
39885980091208;5.2059592602279805;0.06329041332929228;0.2020363352287493  0.9642536836865674  0.17145306280210207  1.7518779262136532  -0.9636318660393096  0.1644524194956989  0.21063957006129602  1.257141264067426  0.17491411035400564  -0.20777448163548798  0.962410940700578  -3.88866841261634  0.0  0.0  0.0  1.0;ok
39885980091239;9.534104921615693;0.3264435177125464;-0.43305064601206966  -0.019181570835812314  0.9011654705595405  12.12274696506627  0.38329119304810483  0.9009606906722869  0.20336591453602773  0.39721410722408346  -0.8158155424606061  0.43347652901118466  -0.3828094819569187  -0.6333812266006941  -0.0  -0.0  -0.0  1.0;ok
39885980091270;6.793393155968177;0.10065578090780078;-0.27369173619215276  -0.9505052090196324  0.14708052612997755  5.043493401147454  0.6830475148126852  -0.29974072908442656  -0.6660342242228628  5.348412868790826  0.6771550236455  -0.08182507534052454  0.7312767813879905  -3.832010733604998  -0.0  0.0  -0.0  1.0;ok
39885980091301;9.237550092631151;0.1665373666337474;0.0951899457847469  -0.003791747811645231  0.9954519058548384  -2.7275637397507486  0.7152437116086418  0.6957758633520694  -0.06574481714156298  3.1400031513802356  -0.6923621214550886  0.7182489614508458  0.06894289048910426  -2.1055759928092415  0.0  0.0  0.0  1.0;ok
39885980091332;14.314334062580222;0.09896796676269597;0.47611758567796464  0.2081738229673046  0.8543861562779226  9.102463326695451  0.8346662679350562  0.198892701757468  -0.5135892467322305  7.366242213796638  -0.27684700789344086  0.957656176620185  -0.07905935492816014  -3.820675303700534  -0.0  -0.0  0.0  1.0;ok
39885980091363;4.939595963032118;0.10628158743148604;0.4442262801503173  0.8894603626021798  0.10734652012715147  3.241629315027996  -0.8959045558157821  0.4404530579981698  0.057932120352940805  0.31198519181006285  0.004247221719973864  -0.12190720675849291  0.9925324146082097  -0.6451211844897851  -0.0  0.0  -0.0  1.0;ok
39885980091394;15.273466798993145;0.056766024998199445;0.12963363880282994  -0.9201452369631979  -0.3694967693832747  1.0859216519486588  -0.8901148778335064  0.05620701954696068  -0.45225686861902853  -3.9993352077555504  0.43691031568295474  0.3875222752921268  -0.8117486447184455  8.617303921249258  0.0  0.0  0.0  1.0;ok
39885980091425;8.06198539416402;0.1048879512617035;0.5187099524003685  0.8093870677755728  -0.2753771228669302  -0.9093678293987519  0.27582439641222634  -0.4633021416924394  -0.8421828945348095  -4.068607439358105  -0.8092347543356241  0.3608929204360488  -0.4635681312973329  -1.9964922423531053  0.0  0.0  0.0  1.0;ok
39885980091456;10.977064992754894;0.14237236046731466;-0.7616782303387829  0.6475230295180877  0.023668537591026627  -3.8303405633053385  -0.6434212767522391  -0.7601572607536266  0.09038804979675998  -0.5361557930262116  0.07652015453786885  0.05361776913729319  0.9956253315290049  -3.540331792975951  -0.0  0.0  -0.0  1.0;ok
39885980091487;2.767744523025431;0.09765196939140228;0.8904892108535905  -0.382697223306619  0.24611338977543176  0.31207408067739634  -0.402514192057723  -0.4103620081620177  0.8182819486273387  0.9824101489398401  -0.21215864475780274  -0.8277353789289416  -0.5194640044544867  2.799736016452348  0.0  0.0  -0.0  1.0;ok
39885980091518;6.6339837111177165;0.09068245205549838;-0.9129976458413438  -0.4072564241974589  0.02403130537577881  10.145695133987136  0.40415548407329627  -0.9109329999153926  -0.08282158147864485  3.8740938143617107  0.05562053021721232  -0.06590352505779866  0.9962746017054296  -2.195928924579292  -0.0  0.0  -0.0  1.0;ok
39885980091549;8.72791924372333;0.06025747612192494;0.47267340992236323  0.45509958410236784  0.7546285285504502  -5.2021384984607835  0.3725072332916569  -0.8792453791698978  0.296927473221623  5.355660636045942  0.7986352162894901  0.1407548640659851  -0.5851237984768743  -0.12861517545783396  -0.0  0.0  0.0  1.0;ok
39885980091580;11.404884011730314;0.06150822637872286;-0.03993172715292144  -0.9715852045197886  0.23329733715759418  13.051947059258492  0.9506620623891554  0.03494620213668699  0.30825380142055026  -4.422797720612556  -0.30764768859944835  0.2340960343843128  0.9222537321068183  1.7136831933557388  -0.0  -0.0  -0.0  1.0;ok
39885980091611;5.185738995238877;0.08867432458159391;0.9682200121455892  -0.00895901813446025  0.24993948082458028  -1.357188668790091  0.18621496871075924  0.6929486990601617  -0.696524289525413  3.4839780454664417  -0.16695506434021498  0.7209312286653254  0.6725951011018878  -3.149449766824538  -0.0  -0.0  -0.0  1.0;ok
39885980091642;11.452810801369598;0.04344286768466994;-0.9875685295231185  -0.054070448640648625  0.14759670077391385  6.6983323322059825  0.05228120766075822  -0.9985045696847233  -0.015978098893791575  1.0927699944368165  0.14823992316875365  -0.008062933865912914  0.9889185579593477  8.835788875976345  -0.0  0.0  -0.0  1.0;ok
39885980091673;6.84357315400721;0.06032829935345096;-0.7200786404506324  0.4747414986541073  -0.5060704111311206  4.548488804182135  -0.6825601561794147  -0.6158817828457268  0.393447916191077  2.18789092368852  -0.12489349367801705  0.6287369394384438  0.7675229483360598  5.36815275115642  0.0  0.0  0.0  1.0;ok
39885980091704;11.97004270038415;0.04531322220846584;0.06598527967977888  -0.04736556553772436  -0.9966957640458156  4.087303234616662  0.9976222182710319  0.023048654195647975  0.06495128291077955  -0.5292074437289467  0.019896041756289375  -0.998611667637155  0.04877381245474881  -10.225347722973165  0.0  0.0  0.0  1.0;ok
39885980091735;9.206758517908435;0.08188872089740197;-0.7088539325221122  0.18560245133636114  -0.6804982236610697  8.053259567906661  0.6968808897613511  0.3333817077673437  -0.6349910727022533  -4.925947509062156  0.1090097602665274  -0.9243421265873711  -0.3656617360109906  6.8256822228566705  0.0  0.0  0.0  1.0;ok
39885980091766;2.598811728309922;0.04845396897384524;0.824088666860988  0.13824868035348012  -0.5493315679367053  -0.9318621231354642  0.2436844162716604  -0.961962777042449  0.12347275347670958  3.375007677567946  -0.5113665753817094  -0.23561603927852912  -0.8264316714750706  0.8772341434362604  -0.0  0.0  0.0  1.0;ok
39885980091797;12.542227557622743;0.048484114756394754;0.7592561418738887  0.3662339497042466  -0.5379617134246667  -2.1920574356226847  0.6253610845462383  -0.6393983968714059  0.4473177886172519  11.157243263980373  -0.18014889664366157  -0.6760490989286974  -0.7144956199136332  2.6387510774682315  0.0  0.0  0.0  1.0;ok
39885980091828;9.47715700246654;0.03949303199825077;0.5444473395917911  -0.8335222321559229  0.09390305060662486  -2.2173025438757077  0.8379507756071194  0.5455018593484103  -0.016316222199209657  0.9009809306059706  -0.03762435475656445  0.08756945785624395  0.9954476369854496  6.231932269197092  0.0  0.0  0.0  1.0;ok
39885980091859;14.228056617716064;0.047841443075135354;0.21992176198000643  -0.18734352426064604  -0.9573592964635622  12.118537523788502  -0.9242824430174769  -0.35388137954984683  -0.14307317965832664  2.4401524094349356  -0.3119877948530295  0.9163352951433757  -0.25098454680965165  6.6156374986359  0.0  0.0  0.0  1.0;ok
39885980091890;12.934736653014653;0.04856718573725324;0.522430081700471  -0.06893745926542102  -0.8498908379577148  6.50873340881207  -0.799335097266475  -0.386612173956736  -0.45999394477149513  12.190903424102967  -0.2968673306587192  0.9196622497735112  -0.2570819603338437  -5.439829299479404  -0.0  -0.0  0.0  1.0;ok
39885980091921;11.389616762246979;0.029268885008525265;0.5748832959021677  0.026674770209053116  0.8178004968982064  4.604855082977114  0.607659502423297  0.6554096702816086  -0.44853995721231193  0.41397683350174896  -0.5479590543164066  0.7548023719727219  0.3605748938251551  9.246535544845715  -0.0  -0.0  -0.0  1.0;ok
39885980091952;7.751231368250753;0.09740007533009759;0.5955801651269134  -0.5183011775244737  0.6137166742757959  -1.907553988425334  0.3867544579114073  0.8546351822659191  0.3464385869370663  -3.711745761543579  -0.7040633893287249  0.031025708856414598  0.7094590539255275  -3.2558894422592326  -0.0  -0.0  -0.0  1.0;ok
39885980091983;14.851121124669065;0.05283036943264527;-0.7955048018567565  0.29717534074421426  0.5280709489040297  4.825028768080677  -0.4647750386510386  0.25991323480610085  -0.8464214516536979  1.4200502987481456  -0.388788211845174  -0.9187665248724433  -0.06864254587384792  14.901525007673067  0.0  0.0  -0.0  1.0;ok
39885980092014;8.09691717384987;0.32704918042538217;0.048542676619764594  -0.2990439645146851  -0.9530038383101754  6.832871191217369  -0.951519354375594  -0.3039889036916957  0.046921899801396334  4.373351135841705  -0.3037343029610584  0.9045238823379186  -0.29930255509283454  5.229861491160657  0.0  0.0  0.0  1.0;ok
39885980092045;7.770476372289854;0.055748848714122806;-0.8196559755887345  -0.47340286928656267  -0.32257372030735926  1.257490669379976  0.527280089022994  -0.8435707049637852  -0.10180458460603052  4.505181318421343  -0.2239191581834486  -0.25353143607480466  0.9410536762163271  -3.1711101096405736  0.0  0.0  -0.0  1.0;ok
39885980092076;16.718631862778135;0.026267134438630275;-0.5393523751462601  -0.45209284844915537  -0.7104302019236067  -0.19590995812464532  0.5342471728231328  0.4684170343841591  -0.7036799274025362  -13.920273419644081  0.6509062710979026  -0.7590767670531603  -0.011112513916544942  2.007361345165103  0.0  0.0  0.0  1.0;ok
39885980092107;10.262899426928634;0.17943815138363592;0.6355998079622204  -0.710375299617091  -0.3022909489421022  -2.9748487335199836  0.2649537706442243  0.5684951658645782  -0.7788534816061452  -7.331826909621897  0.7251292185119799  0.41494599658574177  0.5495520324570456  -3.9388938244688645  -0.0  0.0  -0.0  1.0;ok
39885980092138;15.257229419744425;0.025691148125125216;-0.10368594623917907  0.99446869919267  0.016769939729326756  4.314763269568901  -0.9944949000406815  -0.10340260119992115  -0.016964547095800857  9.22332009912697  -0.015136655692775504  -0.01843660465295227  0.9997154461462074  -11.094678485450535  0.0  0.0  0.0  1.0;ok
39885980092169;15.992191385092843;0.2356386642502094;0.015421664812857176  0.5745363835836809  -0.81833374377022  -6.264846759144346  0.214231850394128  -0.8013234639633963  -0.5585565507434408  3.242251419934538  -0.9766610909271994  -0.16669928026325895  -0.1354417344418045  10.968327258102141  0.0  0.0  0.0  1.0;ok
39885980092200;6.917432320039796;0.20312174162230154;0.3962986604186497  0.9050225511744454  -0.15453657695213055  -1.0167514346755133  -0.913999690179295  0.37295910812691235  -0.15970619905730285  -3.3227926263923826  -0.0869018877961612  0.2045377362025793  0.974993526320348  -2.547102055477867  0.0  0.0  0.0  1.0;ok
39885980092231;11.63978213050849;0.023379157585835968;-0.8910921607046928  -0.17360351681959765  0.41930487724150084  1.0922606153916112  0.07291526554435106  -0.9667050522402654  -0.24528494862861827  2.910134251669201  0.44792647296318544  -0.18799776839370938  0.874081640293254  -9.97424037182892  -0.0  0.0  -0.0  1.0;ok
39885980092262;5.191873642222159;0.07513237540555111;-0.415721463154775  -0.6672899108461208  0.6179804527292329  7.643328433395611  -0.3024333129514126  0.7422373286181483  0.5980115711447639  1.8263021901175265  -0.8577352483661178  0.0617083696816716  -0.5103746866974732  4.842821448388867  0.0  0.0  0.0  1.0;ok
39885980092293;17.8683780302977;0.03661003841905665;-0.32072403538693434  -0.8289334746927719  -0.45826344787565904  9.71626866062521  0.8155512905716994  0.004361816039482044  -0.578668356666988  10.75050714213248  0.48167643244397534  -0.5593301968377942  0.6746388258419759  -8.313317742268266  -0.0  0.0  -0.0  1.0;ok
39885980092324;2.5378082800465176;0.03750199015060038;0.9243333146364171  0.19615352966646157  -0.3273098169206708  -0.1937887145332367  0.0883181995202032  0.7244964544820306  0.6835969448999014  -1.3561707050785914  0.3712247554875135  -0.6607788436703748  0.6523522826440319  -1.6248311745155166  0.0  0.0  0.0  1.0;ok
39885980092355;4.721106299632293;0.01699041546195607;0.5368313644800426  0.8348077450179615  -0.12209879183891255  -0.7777863924885908  -0.8431910992906148  0.5358401294747447  -0.04363628904447569  -0.31237739506642614  0.0289975203695021  0.12637794310130016  0.9915582480671048  2.001088562484335  0.0  0.0  0.0  1.0;ok
39885980092386;4.150156398285817;0.02327629996846755;-0.07759968045986212  -0.9968240010354759  0.01789414854504497  -0.7781409519717426  0.966903309930076  -0.07087056794603934  0.2451027373271629  1.7741475860199363  -0.24305612281691136  0.0363218055530096  0.969331959445565  4.887772019675359  -0.0  -0.0  -0.0  1.0;ok
39885980092417;6.211588953303198;0.01522395469349007;-0.947168161444652  -0.08319231884694568  0.3097604106893348  0.08989241591684831  -0.18525570446497638  -0.6464866471883106  -0.7400914396008118  4.188241870716968  0.2618258923573878  -0.7583759312452406  0.5969197173818037  0.4055255758372223  0.0  0.0  0.0  1.0;ok
39885980092448;6.198581447326856;0.061636129921669676;0.5422455867993271  0.5029263030682222  -0.6730786412290799  2.9816815413808837  -0.6765929161700404  0.7363394798168456  0.0051182273861516475  1.1873933981436628  0.4981884677360299  0.4526249044685762  0.7395532073283437  -7.622565589926588  0.0  0.0  0.0  1.0;ok
39885980092479;13.852347125351322;0.055378723512833114;-0.9643447304298146  -0.23021510809407866  -0.13053828900932687  5.667999558460115  0.19254448198207855  -0.9487161596564816  0.25072748326601685  -2.8705943431965713  -0.18156503889929876  0.21665330002538524  0.9592160779707595  -13.411376791303578  0.0  0.0  -0.0  1.0;ok
39885980092510;11.087356919905194;0.03463240930310585;0.5113191552462776  -0.7976778180530306  -0.3197855845162337  1.455032927380345  0.8075228062870062  0.5732732068059867  -0.138797506046538  -10.406181423314722  0.2940401993003535  -0.1872643290766741  0.93726860197644  -3.800681043384632  -0.0  0.0  -0.0  1.0;ok
39885980092541;8.13198811043238;0.023689470225538627;-0.6515584746362046  0.7406923652644591  0.16384863187919474  6.586017587406121  0.43554464034340473  0.5420999327346777  -0.7186296189256269  3.095012670303697  -0.6211058045114994  -0.396865824892996  -0.6758143951072099  -1.7240237074486222  0.0  -0.0  0.0  1.0;ok
39885980092572;12.857597382515118;0.00869474418909705;0.41846881467849634  -0.08917021373456821  -0.9038431966464686  -6.926024592174155  -0.6496369311122603  -0.7248520151219281  -0.22926276171398857  10.366478634358604  -0.6347091529800242  0.6831092366204776  -0.3612562275825422  -0.5194115415053048  0.0  0.0  0.0  1.0;ok
39885980092603;4.595426400726901;0.08367545506725427;0.6923454553171502  -0.20670759283207327  -0.6913246282082367  3.4625051783101815  -0.5728413826786245  0.4251250363416343  -0.7008005805979084  5.290302458808739  0.43876020876160654  0.8812154529631747  0.17592272356457347  -2.790648303903423  -0.0  0.0  -0.0  1.0;ok
39885980092634;14.955394496186754;0.08845657211987686;-0.33797522659838625  0.9384502699799369  0.07130103071031807  11.343419164543993  -0.23916017911542173  -0.1589094815901582  0.9578883992335574  10.91817128254422  0.9102610366984017  0.3066901815111328  0.27814740270838345  -3.796406810908879  -0.0  0.0  -0.0  1.0;ok
39885980092665;13.790322686089336;0.03217716381224671;-0.4365658344161144  0.6294191734391289  0.6428388416452179  -6.201953658006888  0.7868424703549532  0.613571390630675  -0.06640086931098593  -7.170282938040763  -0.43622150229702955  0.4768245512835336  -0.763118043442153  5.885870921602209  -0.0  -0.0  -0.0  1.0;ok
39885980092696;10.060575966549875;0.054722728833078764;-0.38827980786214417  0.8969154163065302  -0.21161646154829605  3.6180638468071185  0.8570699023092078  0.2670845484185914  -0.44056444086163404  -3.6104177221018054  -0.3386295518146988  -0.3524323764748667  -0.8724227453763769  -6.630371642022232  0.0  -0.0  0.0  1.0;ok
39885980092727;5.0885328238275855;0.04152641965909558;0.22835839944461708  0.89806049442015  0.37595184500801243  2.6336643814837872  -0.9392446037700332  0.1015732647739232  0.3278756565712645  2.4278511230397832  0.2562655179534774  -0.4279839018526311  0.8666935814133124  -3.8768410980598933  -0.0  0.0  -0.0  1.0;ok
39885980092758;7.042514947121556;0.006511154413316945;0.7368041858040685  0.6623204495055486  -0.13583524560426244  0.16663729589315804  -0.5130868614613893  0.6785849778552745  0.5256085049015632  0.20120936592967567  0.44029701836067725  -0.31757526666276276  0.8398121728260263  -7.289166045004797  0.0  0.0  0.0  1.0;ok
39885980092789;9.837958892178126;0.0907037157879038;-0.3735315389148905  0.5184114406877446  -0.7692358335386683  1.1450052419340764  -0.11534461809143713  -0.8487813018216646  -0.5160096130453993  10.19483928832699  -0.9204182791064148  -0.10401865141395897  0.3768425555119898  5.173378700159278  0.0  -0.0  -0.0  1.0;ok
39885980092820;8.268718839568454;0.02407088223672886;-0.3404106332430726  -0.5786326953972075  -0.7411509998592811  5.413753591501197  0.9313393613770712  -0.3159131956660623  -0.1811238436921164  0.9605976759976838  -0.12933520296037102  -0.7519195812195725  0.6464436159896554  7.814358367205508  0.0  0.0  -0.0  1.0;ok
39885980092851;6.8936455006206945;0.03490088689503139;-0.7632890483860283  0.27394149328120115  -0.5851033129908042  8.081942172285117  -0.6449688254077927  -0.27055953034940416  0.714711658495369  -0.40887596912912355  0.037483901425032856  0.9229049782052187  0.38319884960420103  0.9669951345187444  0.0  0.0  0.0  1.0;ok
39885980092882;8.701798953500287;0.02274985049304594;0.042746168105402486  -0.581549008466081  -0.8123875404413975  -0.3817307223421038  0.8122676138144825  -0.45321521506789536  0.36717474365632663  2.0650398024042635  -0.5817165019667507  -0.6755714022833409  0.4530002116517032  7.835974119620244  0.0  0.0  0.0  1.0;ok
39885980092913;12.068994851548805;0.013495355460854295;-0.18365713357959257  -0.9010457614244166  0.3929205938919743  9.830226887069147  0.9208371675970382  -0.2975814129026714  -0.2520004235447143  -1.3082933075893952  0.34398977900105354  0.3155342113209662  0.8843693761256454  7.1414749059036025  0.0  0.0  0.0  1.0;ok
39885980092944;3.372320270673433;0.027225434636795;-0.8714299375646939  -0.4905189712976597  0.0010013556206759343  5.737302494869011  0.48915651491956363  -0.8688537445538896  0.0762828584049492  -1.3714728554180047  -0.03654815765178643  0.06696498616268619  0.9970857148713401  -0.8295069688171316  0.0  0.0  0.0  1.0;ok
39885980092975;6.497637263498034;0.024745449280381995;-0.9386022646354664  0.34489362966183645  -0.008612377131691688  7.210129098613317  -0.34300898999731394  -0.9302128450639873  0.13057141976322717  6.8929700794354565  0.037021907057803824  0.12550875306785036  0.9914014985368724  -3.1914071789771543  0.0  0.0  0.0  1.0;ok
39885980093006;15.880192191604793;0.029965111557818558;0.5979241681242385  -0.4735764024690679  -0.6466931886121815  11.319355189891427  0.603810093062662  0.7967305804814896  -0.02517446407150564  -9.214742015575755  0.5271622716854798  -0.37542745391098287  0.7623346812006659  3.168312129173254  0.0  0.0  0.0  1.0;ok
39885980093037;17.265572118183027;0.054881673569093466;-0.941696274824522  -0.11801561725557251  0.3150879878151605  -2.191987746521945  0.2368079588615961  0.43278180658521753  0.869840156872882  -11.44182461596428  -0.2390190716269839  0.8937405786762858  -0.3796019776370421  5.15377849325173  0.0  0.0  0.0  1.0;ok
39885980093068;7.330304072587055;0.02764214998862635;-0.07656489946701935  0.13132952436833487  0.9883776465495322  -1.963791686816193  -0.9280724044792458  0.3529453491046533  -0.11879054082503931  6.89515207108347  -0.36444399873466987  -0.9263812047826647  0.0948600822880862  0.8979438458971973  0.0  0.0  0.0  1.0;ok
39885980093099;11.7148593534829;0.008554186418707806;0.32608242353947176  0.1827185552105624  0.9275150579049325  -1.916456608121924  -0.24713367084942695  0.9634996892106186  -0.1029237466454018  12.162490002611555  -0.9124665483134768  -0.19565857628226963  0.3593362210188165  -5.00808300619202  0.0  -0.0  -0.0  1.0;ok
