# registration_from_features.py FastGlobal FastGlobal_config.json euclidean True --input_txt=/neural_comparison/point_clouds_registration_benchmark//eth/wood_autumn_global.txt --input_pcd_dir=/neural_comparison/point_clouds_registration_benchmark//eth/wood_autumn/ --input_features_dir=/neural_comparison/experiments/FPFH/features_voxelgrid_0.2//eth/wood_autumn/ --output_dir=/root/neural_registration_comparison/results/FPFH/FastGlobal_voxelgrid_0.2/
id;initial_error;final_error;transformation
26875431820030;2.0535532931381004;0.21047710202715242;-0.8816207060029543  -0.2933088163696105  -0.3697497383186522  10.094122747086828  0.456280931115387  -0.329452439965727  -0.8266007510891248  -0.5295421716972994  0.12063433444641283  -0.8974580926374714  0.4242833125544575  3.795981240914887  -0.0  0.0  -0.0  1.0
26875431820061;1.6463845109934325;0.4197827366347702;0.47310678722095667  -0.4679402776236147  -0.7464595531326533  -0.38265483220215807  -0.8516096890239259  -0.025863090937436727  -0.5235380006147913  2.6732161642892156  0.22567876605040882  0.8833815693711832  -0.41073847816983033  -0.33675832427980934  -0.0  0.0  0.0  1.0
26875431820092;3.1454983955145077;0.22601102421635033;-0.21557808429754166  0.02083268131125894  -0.9762643540353113  -1.149755972523179  -0.958255328871543  -0.19680255076839442  0.20740173745738721  5.136634966155561  -0.18781058079855742  0.980221788882718  0.062389344760716475  2.2923390816315354  0.0  0.0  0.0  1.0
26875431820123;5.022952331012622;0.34698093117385403;-0.6808507383394642  0.6322021505928463  -0.36981443034092965  1.4007815750241361  0.2706412955151898  0.6863434095692532  0.6750451935261154  -6.206996211732972  0.6805847201226785  0.35951796189708113  -0.6383974262235879  1.0741593337714117  0.0  0.0  0.0  1.0
26875431820154;4.9039779898946945;0.5004503800234801;-0.9076272329346213  -0.4116632203236623  0.0821352486341474  20.060385536235362  0.2688614606372419  -0.7203503680892092  -0.6393816248358645  5.326099492781354  0.322376055282414  -0.5582371720214371  0.764489986039096  -3.551924098518992  0.0  0.0  0.0  1.0
26875431820185;2.518490360471434;0.14482167153747527;-0.4636985081397971  0.8781916475136448  0.11731634066146086  10.163746917765675  -0.6727554039208076  -0.26283448326007686  -0.6916055240559882  6.536264732651664  -0.5765274148245491  -0.3996216518742171  0.7126841343183138  2.9888190768242073  0.0  -0.0  -0.0  1.0
26875431820216;3.040176925026691;0.6027075402288679;0.6699462919973148  0.22538663847297377  0.7073703620006293  0.3044322470789297  0.097717977878249  0.9177434606029921  -0.38496511182161847  -1.9498594291043916  -0.7359505164332962  0.3270287505989308  0.592814501883403  5.943760288042653  0.0  0.0  0.0  1.0
26875431820247;4.293952946805166;0.46748930032758906;-0.9449289725865347  0.3067465134913606  -0.1140868670244265  7.724634650697827  -0.32645956460505016  -0.858848807528804  0.39471873338395336  -1.9922858282401552  0.02309522557662791  0.41022591613310694  0.9116914545438713  -7.648245058389998  0.0  0.0  0.0  1.0
26875431820278;1.9928622542605958;0.4134906034440165;0.5656967593706436  0.8006387791691469  0.19739483713635428  -5.101470824036787  -0.820592573424238  0.5701819647916556  0.03899173588484283  9.726408590788182  -0.08133268026160886  -0.184038236018671  0.9795483259158778  5.817611106225294  0.0  -0.0  -0.0  1.0
26875431820309;3.3178555720271428;0.6061668120616097;-0.6288870739035127  -0.2988237611183051  0.7177781050353853  6.4484212670043375  0.7509568047592585  -0.47260530850999816  0.4612028835056585  14.333938158925491  0.2014073624842017  0.8290648841672658  0.5216191064156658  -9.28381631134496  0.0  0.0  0.0  1.0
26875431820340;3.1987335091215683;0.1423574533358229;0.5807600749561296  0.7141573105813139  -0.3907647259927832  4.660591817044058  -0.06255360144702417  0.517740097427759  0.8532480521287484  -5.562784772594661  0.8116679014738466  -0.47108866178115455  0.3453558895665211  -5.045923681846302  -0.0  -0.0  -0.0  1.0
26875431820371;3.5265759616751016;0.9422483984444128;0.39596141099893595  0.22134292387895796  -0.8911912651324889  7.700175299695622  -0.38896555841942004  0.919574608098713  0.0555727856380083  0.7275220818940463  0.8318175012364193  0.32463802948640036  0.4502108333303255  -10.512842047816768  0.0  0.0  0.0  1.0
26875431820402;5.0883567835047625;0.20309152878874775;0.5249805480093268  -0.8498750629735273  0.045910799901230134  -0.800395788911581  0.7542599413406894  0.4895531345632361  0.4375267641276944  -2.754541048018734  -0.3943188622175802  -0.195064363160099  0.8980325880080174  -7.081883792654172  0.0  -0.0  -0.0  1.0
26875431820433;1.6687229373662258;0.349384272855312;-0.7455698162483672  -0.5353302091297267  -0.3969221791390608  15.445782285344462  0.6027116243616812  -0.7957867491595253  -0.058840018027005565  14.91788658403828  -0.28436657145079314  -0.2830989527625265  0.915964320258209  6.08920306384426  0.0  0.0  -0.0  1.0
26875431820464;4.58945846466715;0.2943173425714838;-0.6411777975079729  0.2107387204063376  0.7378890321073521  0.8505752742602303  0.09553206781934498  -0.932154004482714  0.3492313501749266  2.175871086385713  0.761422784004383  0.2944114529843254  0.5775441458024427  -9.70789764965209  -0.0  0.0  -0.0  1.0
26875431820495;2.035425071867048;0.1867517969000227;-0.15790621151090678  0.8911040274264501  0.4254400553199382  3.4888403947836193  -0.8924630036607523  -0.31317120836238166  0.3247053762253941  13.318441409915298  0.42258184469177196  -0.3284165138314532  0.844729055957999  -1.1754262236915936  0.0  0.0  -0.0  1.0
26875431820526;3.855140063669406;0.08258685537848282;-0.20804837578152122  0.9625020723175839  -0.1740851346871058  5.425164878272434  -0.29338558136999693  -0.2311921188959392  -0.9276179735239047  -6.5349562840267845  -0.9330813329923924  -0.14191534428934466  0.3304833748865091  6.218424867608522  0.0  -0.0  -0.0  1.0
26875431820557;2.7573624115491;0.6333041311243309;0.17093791202849815  0.23311818393967398  0.9573067128919578  5.541123390904364  -0.9674566322807245  0.2236916496465748  0.11827810674183571  12.762511236443528  -0.186568740381062  -0.946370941119318  0.263769116686472  7.957794277433482  0.0  -0.0  -0.0  1.0
26875431820588;1.5947841889661274;0.5520173373295186;0.41682792218390147  -0.8457413508279441  0.3331306812462285  10.00452125072681  0.8582565887830926  0.24546342040308114  -0.45071425210928406  -0.03721005183020283  0.2994162839564037  0.4737818873107594  0.8281790942531653  -3.1955525422841355  0.0  0.0  0.0  1.0
26875431820619;3.5884439472599823;0.07428932116526263;-0.7941918130136482  -0.05289505295277952  -0.6053606177438507  4.80434924445465  -0.1879584496462634  -0.9259680859794753  0.32749767167734284  7.887422930397364  -0.5778676192249113  0.3738786128152152  0.7254542008498539  0.8563451286262544  0.0  0.0  0.0  1.0
26875431820650;3.205971749881819;0.17061198708149056;-0.46263346273762823  0.7427734906812824  -0.4840018808811944  6.750148002251964  0.4649436932660351  0.6681143331844821  0.5809049835262156  -1.6093407102466344  0.7548494162728949  0.043712462005667675  -0.6544398974832393  -8.057113605585839  0.0  0.0  0.0  1.0
26875431820681;1.5831696178308692;0.238413775363068;0.8572590012801214  0.4377199591798193  0.2711240344562358  -0.04857522859709835  -0.3121992978788973  0.023165272314299688  0.9497341567841647  2.0422298865717594  0.4094369342501145  -0.8988128879217429  0.15651450213205767  1.6678757024812305  -0.0  0.0  -0.0  1.0
26875431820712;2.1253878571825364;0.6424699801462178;0.024653649142760786  -0.9491006762899219  0.3140065347249322  5.96683161900402  0.6453418554411704  -0.22477912142874523  -0.7300741306096722  -0.7009725608189629  0.7634959641017715  0.2206405512042972  0.6069527658430851  -0.918263311587632  -0.0  0.0  -0.0  1.0
26875431820743;1.5610088030304428;0.11513566040790903;0.5501601161178824  0.5683169490962889  0.611833058932781  -1.3720530030970381  -0.5766956167551938  0.7884778925323029  -0.2138335301190243  4.128920052421689  -0.6039420603406438  -0.23519876351227756  0.7615349823834696  1.5220543796711867  0.0  -0.0  -0.0  1.0
26875431820774;3.330059369423353;0.49239444462837323;0.593941450190987  -0.03790121945148985  -0.8036149894751322  5.262466668798366  0.6111241322479698  -0.6283846738014593  0.48131070704442086  -4.9706466003139385  -0.5232216057553353  -0.7769788924388648  -0.3500613545869973  4.419797894998659  0.0  0.0  0.0  1.0
26875431820805;4.120916915159846;0.06547925668421607;0.9507313236854521  0.11484661978215545  0.287958684689178  -6.274914489965355  -0.2903139189468613  0.6556656624831346  0.6970081545478987  6.385839921640278  -0.10875559125407805  -0.7462658996397764  0.6567034554544476  -0.34493833193094825  0.0  0.0  0.0  1.0
26875431820836;1.4675689642071519;0.5535957900524374;-0.9701955060838733  -0.24045497879153918  0.030034699083188336  14.084592032285784  -0.05675216685397933  0.3459652811040184  0.9365293459513141  7.1080529579752385  -0.23558410712956718  0.9069120285038561  -0.34930030206540935  -8.379349567672316  -0.0  -0.0  0.0  1.0
26875431820867;3.4095493357026116;0.40056384458429006;-0.7220464607148549  -0.5542132585520367  0.4141214466968397  12.358796374800646  0.4987344276559281  -0.8318110902523536  -0.24362734001730196  3.1879231314219485  0.479492314057134  0.030626364105525328  0.8770114860033543  -8.187182756583733  0.0  0.0  0.0  1.0
26875431820898;2.851643886467438;0.34070147914103627;-0.7269621085855464  0.6678024793382357  0.1598935310466296  4.867254708079536  -0.6865489881997087  -0.7113533420486845  -0.15042243701696162  6.159445843800911  0.01328832129395886  -0.2191261539521694  0.9756060419920118  -0.9786346130442323  0.0  0.0  0.0  1.0
26875431820929;4.31324373702403;0.16204883817435367;-0.3623657359319317  0.29186748913033067  -0.8851578628760329  -1.2933218045618076  0.8766687559929343  -0.21571833064778784  -0.4300203414820427  1.2117575019727012  -0.3164537338827127  -0.9318148800117368  -0.17770217697147475  4.135717904155664  0.0  -0.0  0.0  1.0
26875431820960;2.9706078354575314;0.30483915838290915;0.7179639020133578  -0.6863910125145015  0.11573769198092002  8.68427206606891  -0.04395637890676804  0.1212315534656094  0.9916505166628607  3.1090373994844773  -0.694691062386121  -0.7170566842193389  0.056868615749022446  12.607700010875213  0.0  0.0  0.0  1.0
26875431820991;2.9933660743599426;0.11585883641259258;0.40193315262325113  0.442257745656425  0.8017841525181404  -1.0250259276288525  -0.8637974667764386  -0.1073973273815516  0.49225984039113635  5.007438308223473  0.3038152024059052  -0.8904346694048909  0.3388545739825005  2.9016830422259683  0.0  0.0  0.0  1.0
26875431821022;1.656409031130035;0.1762283126410485;-0.8583378800603619  -0.27326357924668515  -0.4342615570261489  11.784983765517458  0.5112109162010451  -0.5277432224272385  -0.6783439321900085  7.713523669422379  -0.043811902610736995  -0.8042475411460112  0.5926773234654943  4.580677489015118  0.0  0.0  -0.0  1.0
26875431821053;1.9984878364331908;0.31878528565751285;-0.7185199824912042  -0.6952790824256763  -0.017777297380371367  17.66508055469529  0.6947680520016631  -0.7163454001748161  -0.0643942665630839  13.174490144203235  0.032037301363486544  -0.05861966555425604  0.9977661780856539  0.8676586866181187  0.0  0.0  0.0  1.0
26875431821084;2.6465098846802793;0.5271800293864262;0.6962676140301242  -0.2420747048867766  0.6757301583522662  1.3740406660303903  0.17282234365737162  0.9702568162487031  0.16951149829938897  3.241141132659625  -0.6966662380118426  -0.0012440968251811921  0.7173943162846482  3.7488617590328115  0.0  0.0  0.0  1.0
26875431821115;1.5027097041887814;0.12003027222360954;0.9770978301638829  -0.20349775152198127  0.062197229958665036  2.2796841968066093  0.03712158234523767  -0.12479916218917783  -0.9914873459813116  6.7992621969173035  0.20952760775902277  0.971088993986842  -0.1143868320411221  -6.3047482026363495  0.0  0.0  0.0  1.0
26875431821146;3.393986024931288;0.6884986261768843;0.31228524562508814  0.32769532360152676  -0.891680267951786  5.78975501772794  0.8987554193683461  -0.40599077699261554  0.1655602160935962  -3.0977424893220555  -0.3077606562264003  -0.8531044859140187  -0.42130287750319634  4.277100869407389  -0.0  0.0  0.0  1.0
26875431821177;4.551379335696718;0.4145671286084277;-0.3885451779697249  -0.1436828154750842  -0.9101581693385088  6.630458495448616  -0.3938135200143913  -0.8671115675587452  0.3050056407014274  8.253985850769629  -0.8330327461332769  0.4769410633851593  0.28032778300889905  -5.050263979671457  0.0  0.0  0.0  1.0
26875431821208;2.543233512385254;1.1902980651492632;0.05430187626485116  -0.9231843655795251  0.38050221206143314  1.8327273601111875  0.34540925762651326  0.3749059055302703  0.8603127377555382  1.4799679833868367  -0.9368797953739951  0.08471239075870941  0.3392345204602941  5.944052036082027  0.0  0.0  0.0  1.0
26875431821239;2.014421766667579;0.2668078075561058;-0.967383535443533  0.24630974110870538  0.05916592590107398  11.020080110390348  0.16594326070680923  0.7926609925604795  -0.586644172475128  -0.03567060045858063  -0.19139469579578436  -0.5576917269495726  -0.8076806349747659  5.36323275393157  0.0  0.0  0.0  1.0
26875431821270;2.8934216940175648;0.09470499174319007;-0.20794143376554156  0.9762895353417652  -0.060158983582608454  8.263557736655864  0.049607135340177994  0.07195015578834928  0.996173833828902  2.0129208848629685  0.9768825375892813  0.2041615004455881  -0.06339234566518202  -0.7901178732511969  0.0  -0.0  0.0  1.0
26875431821301;2.825654895817324;0.5333888300913024;0.14962126543201396  0.37496088439594794  0.9148867755648945  4.46264395970644  -0.3271898081558327  0.8919479784352303  -0.312050690119816  -2.2822560983345546  -0.9330382127059272  -0.2526522094467265  0.2561377650644574  0.6953523197140298  0.0  -0.0  -0.0  1.0
26875431821332;1.854867411473609;0.49174154100862416;0.6746446203237998  0.17543163729428674  0.7169925919452742  1.8474256428104747  0.7381043261612373  -0.1702356068946296  -0.6528566778759959  -3.2309928585310264  0.007525953110462745  0.9696615795118735  -0.2443353868114812  0.24182832676873645  -0.0  0.0  0.0  1.0
26875431821363;4.467403769838114;0.06551947763784312;-0.5892885250947335  -0.4727615329711953  0.655160718552631  10.44950998264167  0.7168488724500905  0.06807539026500453  0.6938972800835169  2.2480341524573917  -0.3726482634585972  0.8785569271157064  0.29878252552366424  7.765688845650137  0.0  0.0  0.0  1.0
26875431821394;5.784727726475907;0.5685068433676976;-0.24591208860086608  0.9353192899968418  -0.2543719136220878  2.8391208594953  0.621078271516737  -0.049433399314786304  -0.7821880334561293  9.73086149631457  -0.7441700244767601  -0.35033436142061153  -0.5687502174753603  16.18901305646838  0.0  0.0  0.0  1.0
26875431821425;1.4999174095934682;0.6278123785092617;-0.8443442001026057  -0.5117352125264076  0.15877639627363935  16.40242105310053  -0.20571892692405255  0.035999880776105816  -0.977948736738959  12.60241136769904  0.49473487329913113  -0.8583886537254897  -0.13566990932787487  7.75486296711222  0.0  0.0  0.0  1.0
26875431821456;2.5138223759986826;0.3160679605435286;-0.2236422383384178  0.9629663414507074  0.1505987199946331  -3.342512815848112  0.1175225017961955  -0.12674282802598555  0.9849490936670471  5.813638775514111  0.9675601329129597  0.23797495829816848  -0.0848251638397443  -5.641479176980585  0.0  0.0  0.0  1.0
26875431821487;2.043897772459037;0.19210654953912043;-0.15794258643522585  -0.9835615934873843  0.08752560314963352  8.228915834380949  -0.8604370448406388  0.18057294667181226  0.4764887226327256  6.956664864576118  -0.484460763381369  -5.2410062135466106e-05  -0.8748129891566118  4.509773595878362  0.0  0.0  -0.0  1.0
26875431821518;1.5491762003112224;0.20959314860061928;-0.09773068921389777  -0.8909832210564406  0.44339329289205975  14.484984003007499  0.7493599278141064  -0.35906423630134165  -0.5563565159102318  8.244369745613255  0.654910994694861  0.27788806020630397  0.7027587175002264  -4.218196767629615  -0.0  0.0  -0.0  1.0
26875431821549;1.5883996969544905;0.31678332070384596;0.055144828818257594  0.6080504693365854  0.7919808549416865  2.735704908930084  0.3713665797371453  0.7237941046255486  -0.5815573553516737  -2.3463761512436716  -0.9268472966508239  0.32618510212586055  -0.185896121105854  6.257302386745029  -0.0  -0.0  0.0  1.0
26875431821580;4.425160905918537;0.1639206982875271;-0.40959250799978797  -0.6198203099126094  0.669370421224509  2.995310827885923  0.8827147806516725  -0.0840230592162634  0.46233617805554633  -11.659457015417843  -0.23032280262603871  0.7802325992547191  0.5815397644621647  -2.7461857181376295  0.0  0.0  0.0  1.0
26875431821611;3.353273937562721;0.15802790342517634;0.5517400469441213  -0.27211716125127544  0.7883750193598509  1.3112406889068906  0.6581204904721274  0.7227036821537227  -0.21113220460691542  -5.951668406063813  -0.5123088332430199  0.6353358468983151  0.5778304431467571  3.8689494754877827  0.0  0.0  0.0  1.0
26875431821642;1.3671223414634766;0.044286811571534655;0.6048742022386386  0.48563451000703445  -0.6310992965900037  1.2799257788086418  -0.6852511195767406  0.7211506416973285  -0.1018462326173852  2.931837831223814  0.40565761743740764  0.4940656582578453  0.7689870107779767  0.5813440635905446  0.0  0.0  0.0  1.0
26875431821673;4.231146946497155;0.1154895500643568;0.21677582108793625  -0.874590168180521  -0.4337052929278352  9.797751062596484  0.9634633172141471  0.12007923050435898  0.23941473384943326  7.135727612909951  -0.15731077450182843  -0.469758465728346  0.868665818426272  11.98884720036872  0.0  0.0  0.0  1.0
26875431821704;5.916097515817769;0.16729280219410037;-0.49736723889898776  -0.5562218193851014  0.665765061647069  0.8030624662692262  0.6032189466691478  0.3298137624792033  0.7261885323100842  -10.554510369190789  -0.623500386567129  0.7627844844510417  0.17148497960870948  -1.8877506305417318  -0.0  -0.0  -0.0  1.0
26875431821735;2.456523073906335;0.26783669260333576;-0.9022110439236299  -0.2504910259343985  0.3510975336691613  5.058423714790311  -0.013008455311754341  0.8294886020011625  0.5583721332951319  -2.740278684001878  -0.4310986108915657  0.4992022687012631  -0.7516322788510846  5.313533761286339  -0.0  -0.0  0.0  1.0
26875431821766;3.6833967010897686;0.36122947880757056;-0.25683301394675256  -0.23796793469846877  0.936700627202935  -2.641984501543042  0.8687373270420586  -0.481529328438665  0.11586614025342644  -1.7026718534777503  0.42347639786751384  0.8435050491305618  0.3304042562383249  2.6099239757870794  0.0  0.0  0.0  1.0
26875431821797;3.7834060321852396;0.3017374761009125;-0.5103495529965404  -0.6640426490130189  -0.5464345286015578  14.80303618823338  -0.5288172160903203  0.7434058181643426  -0.40951207733824885  6.039393949268745  0.6781560924468033  0.07996968057444268  -0.7305540120115048  -9.746592927264565  0.0  0.0  0.0  1.0
26875431821828;3.309200691813214;0.49313088426237534;0.7436674307439541  0.6621290159467236  -0.09243332024822846  -3.7173137215371246  -0.6438288172182466  0.746540551498112  0.167814359004973  10.954789746506208  0.18011997826460768  -0.0652868379561998  0.9814756350616336  2.9710686897909113  -0.0  -0.0  -0.0  1.0
26875431821859;1.3587079118313974;0.5343744775058575;-0.009684425636416853  0.9242507752087312  0.38166309282684524  5.115754598474376  0.8078493808734629  -0.21770714445158307  0.5477070175532718  -4.626004462703193  0.5893094176427656  0.3136305211244568  -0.7445470478732328  -1.706082791456505  0.0  0.0  0.0  1.0
26875431821890;5.99180136419761;0.13261947202286914;-0.46457759649621627  -0.8838236780864009  -0.05498511514604967  6.878084142001246  0.8850344828502201  -0.46550239765697204  0.004634861556986182  -9.603683670344342  -0.029692103324647636  -0.04651047010550668  0.998476416932681  6.398081416114862  0.0  0.0  0.0  1.0
26875431821921;1.334025833505696;0.06273284078198249;0.6153875154625911  0.6286376306531155  0.47551333855068345  0.24674437259087684  -0.7051338315281244  0.7086575040752654  -0.02430682110609963  -1.1591154157138874  -0.352256278080671  -0.3203424281056974  0.8793726418919904  1.428993604793567  0.0  -0.0  -0.0  1.0
26875431821952;1.5331962113685564;1.9373389504044327;0.7116981705277923  -0.6001358628266  -0.3651337566108702  -1.9345895655726657  -0.40114846014167527  0.07949654422676712  -0.9125569639107266  0.49099558965826695  0.5766850327460898  0.7959379659278556  -0.1841660321592146  -0.37112033691926255  0.0  0.0  0.0  1.0
26875431821983;5.104278779962253;0.6515541627748908;-0.7770816862145082  -0.5677128748383343  0.27174647135300833  15.964857276390761  0.5899871327055978  -0.8074125799957907  0.0003300096491961047  23.477581547450136  0.21922416881321521  0.16058336591108974  0.9623688203598555  4.262809241292454  0.0  0.0  0.0  1.0
26875431822014;4.051816939242429;0.8924221091994374;0.3993066186753998  0.0877148218170458  -0.912611820170889  -2.14679078059435  0.23715639819971707  0.9516516497710502  0.19523314339777872  -4.0566274734071825  0.8856133846521056  -0.29438961856975243  0.35919867121608295  3.086801388509592  0.0  0.0  0.0  1.0
26875431822045;4.351333545702148;0.2515530898517594;0.8492170078966619  0.17176055648148345  -0.4993283336004606  -1.8675599639005305  -0.41576343040553226  0.8004561012378366  -0.4317531701430156  11.696010264534369  0.32553224638500267  0.5742545961751561  0.7511726934169284  -6.6576476461894245  -0.0  0.0  -0.0  1.0
26875431822076;1.1412009696094776;0.10605866406525769;0.8651220858543348  -0.4612965181040772  -0.1968992101357923  1.9276537652737857  0.48450151441833367  0.6670912622787285  0.5659041706134648  -4.472015450145529  -0.1296998808533967  -0.5849741619733535  0.8006142458951043  1.3545994791976483  0.0  0.0  0.0  1.0
26875431822107;1.4325003679545003;0.723731805469087;0.5501869542901311  0.751564554208414  -0.3639299880285482  -0.3244425368890497  0.3191753790762593  -0.5920034669319624  -0.7400398452327168  -1.3898411303584592  -0.771635531012197  0.2910027766156965  -0.5655934858902444  0.3471728465415081  -0.0  -0.0  0.0  1.0
26875431822138;4.104686773760169;1.1688399554429247;0.7263409931954047  -0.6340586340179402  -0.26532698737824734  -2.4364697064370984  0.6792050237494219  0.6029212323572097  0.41852899933745114  -4.661539187249743  -0.10540065140908132  -0.48420619182344893  0.8685822163056148  6.605438778111659  0.0  0.0  0.0  1.0
26875431822169;2.4370489578780687;0.17827076477613157;0.6006442117751953  -0.4915343020059916  0.6305716143408588  6.569477768011069  0.6778869943591973  0.731259021662509  -0.07569323692276089  2.2194895405386386  -0.42390535941364127  0.4729210010019353  0.7724312092812664  1.4369507214340023  0.0  0.0  0.0  1.0
26875431822200;3.7431807365241796;0.8340740408134356;0.5869729330525106  -0.017418070919919988  0.8094191662353688  -1.866824789072129  0.7925766555211158  -0.19161736022075046  -0.5788825721897239  -3.114655909920636  0.16518178164280875  0.9813151369807052  -0.0986690475572138  -6.693647368326723  0.0  0.0  0.0  1.0
26875431822231;2.9987588218906187;0.12935310561487015;0.47645298846380923  -0.8790998689908969  0.013265373123055608  0.0782786806789444  0.25533112140598685  0.12391467284323816  -0.958880165764062  -4.50604371599663  0.8413076537304695  0.4602483831523385  0.28350107156797816  -0.32573699838229864  -0.0  0.0  -0.0  1.0
26875431822262;1.4232017099761387;0.1758014624970561;0.5065053858288037  0.05531355253115469  0.8604607515934697  -0.6970100467437287  0.3002728850121763  0.9241556608789172  -0.23616203969291277  -0.7574388382748279  -0.8082626359376487  0.3779903773534932  0.45148065958054684  1.4412459888262406  -0.0  -0.0  -0.0  1.0
26875431822293;1.6014741833671042;0.6818557271278853;-0.6944998566001814  0.014710969866104701  -0.7193424334403785  9.11687946962452  0.4119510567998842  -0.8115628520172453  -0.4143212087584863  17.576825676060093  -0.5898866636768338  -0.5840798957259468  0.5575700847651186  11.187219231201992  0.0  0.0  0.0  1.0
26875431822324;2.782792515369427;0.30692262975276074;0.5145016122839962  0.855403107244469  0.059779721257931254  1.1767572280461136  0.6862241046416802  -0.452542725620084  0.5694748104148853  -0.49100610141921575  0.514183400321221  -0.25197342241762755  -0.819832193335475  -3.789512499670449  -0.0  0.0  -0.0  1.0
26875431822355;3.517315059062168;0.5261304635380206;-0.2752489860685019  -0.8709120382523287  0.40712432658272485  1.7275354335938005  0.8807097675597042  -0.05862866873592339  0.4700138131238117  5.447280473315072  -0.38547153071685303  0.4879291965330914  0.7831582203982641  2.1678451883646597  0.0  0.0  0.0  1.0
26875431822386;2.6396216123483303;0.8072955913824513;-0.20632357160434503  -0.9669441711498898  0.1498317512401195  14.423199337600114  0.8415265195122535  -0.09722052861868617  0.5313956019508406  -0.20568133374495953  -0.4992631578216249  0.23572683066286165  0.8337680496082951  -1.8923836198097337  -0.0  -0.0  -0.0  1.0
26875431822417;3.186775984733459;0.17672444219886943;0.6721146720468877  -0.7204643545272936  -0.17085953726636358  15.192973617268745  0.7390496855566167  0.6669117614625738  0.09504874907936998  -4.4971926975726895  0.045468999306895824  -0.1901573461070026  0.9807001345077769  0.7014744351071238  -0.0  -0.0  -0.0  1.0
26875431822448;3.9599817839126596;0.34817216592309064;0.4205550121215712  0.13567622579481042  -0.8970649048611257  6.788734600906389  0.22351840704118092  -0.9737731467845621  -0.042489767180634165  -1.0237503513251747  -0.8793025665225809  -0.18264123399541285  -0.43985131141265793  6.567234513834589  0.0  0.0  0.0  1.0
26875431822479;2.9073535472467738;0.4435901331988769;0.5401302358957603  0.003717116317271287  -0.8415732358609536  7.167042664428968  0.6312483664998655  0.659558030005133  0.40805478167397946  -3.7417816065729848  0.556583172636796  -0.7516444559111923  0.3539008107302482  3.455370249253132  0.0  0.0  0.0  1.0
26875431822510;3.7711636163769215;0.06517404672480495;-0.9942411870021842  0.10710708397170449  0.0035404281615286103  7.23448326098016  -0.1070711500075793  -0.9942094352758007  0.009130588405299537  -3.1923681308161056  0.004497877782145666  0.008698929339339384  0.9999520477121923  -6.539660633965135  -0.0  0.0  -0.0  1.0
26875431822541;2.7225886157360173;0.3273120045114353;0.03835787697935572  0.8940888064639811  0.44624419260025155  3.0100441837246397  -0.9914849502907487  0.08966758824502474  -0.0944315464517693  4.692624024937716  -0.12444382917842303  -0.4388222074760282  0.8899150541513935  -3.60894207587286  0.0  0.0  0.0  1.0
26875431822572;6.3174187801669905;0.1693595853280195;0.5918635012344844  -0.7816582590513371  0.19674339115531111  0.5204478594233732  0.7431875940022482  0.623700413015877  0.24221889877748187  -3.2457853929219285  -0.31204133704945014  0.0028567220129573118  0.950064231045318  -8.61820344505565  -0.0  -0.0  -0.0  1.0
26875431822603;4.291318477345014;0.12482551303316362;0.6103493942974147  0.7909482444354962  -0.043295398198718284  3.114187573276708  0.6002179239336987  -0.4261176354242843  0.6768768016183869  -6.001369013300434  0.5169255852339854  -0.43911801990447163  -0.7348219538947349  -6.8228545170718915  -0.0  0.0  -0.0  1.0
26875431822634;2.1517287473981175;0.21600327235132072;-0.8900482989921935  -0.30538655370386386  -0.33845690756428604  7.997704591820522  0.32829512438985176  -0.9445099444392314  -0.01110297965651556  7.495681563934599  -0.31628521426547057  -0.12099594072644859  0.9409163860645472  3.534260683939325  0.0  0.0  -0.0  1.0
26875431822665;1.5906219386342715;0.40633220972702644;0.14127306433912384  0.35668929611716915  -0.9234796518211289  2.491649021005172  0.28913058991853047  -0.9070299755795518  -0.3061047620889304  0.7457552604074267  -0.9468080181671451  -0.22376185875970006  -0.23126869070154651  5.06134483523425  0.0  0.0  0.0  1.0
26875431822696;2.534146944068928;0.09302379323032753;0.040347604860973364  -0.8800407034291432  -0.4731811820961629  2.70887447524378  0.9934566524958446  -0.015306979045805622  0.11317939743717426  -0.657262775381505  -0.10684545097351292  -0.4746515107954783  0.8736646913466496  -1.0999730840562594  -0.0  0.0  -0.0  1.0
26875431822727;3.2280913866871095;0.3823502382541417;-0.16564706927879327  0.018561165547692788  0.9860104114931333  -1.3926467154568107  -0.6619946582286232  -0.74317608121003  -0.09722337575948668  -0.1230980364299413  0.73097477447318  -0.6688383926262107  0.13539233225361022  0.5518520056309525  0.0  0.0  -0.0  1.0
26875431822758;5.123607463454776;0.23373708957201822;-0.08555957371562921  -0.5653971496260013  -0.8203691989222867  9.694589952676232  -0.7056393335041401  0.6156791341461991  -0.35073114316926846  3.9402615085910315  0.703386586705657  0.5488763676564885  -0.45164371209038756  1.2092881981595576  0.0  0.0  0.0  1.0
26875431822789;3.4449919855173357;0.3963875232030872;-0.6419527402555827  0.39253738799076826  0.6586433620008117  6.024312159843361  -0.2690461600261942  -0.919714265688452  0.2859017895437364  8.643960999794047  0.7179908377225345  0.0063299698685155255  0.6960237700164816  -1.0167678635697013  -0.0  0.0  -0.0  1.0
26875431822820;3.2885712155089486;0.44687001561227035;0.3980377883188925  0.41184399611306427  -0.8197258333954268  0.6469015745378796  -0.8923461153847386  -0.033457594504233884  -0.4501099862564228  -1.5007479629488532  -0.21280114996863067  0.910639946540679  0.35419000315708493  0.24421496506483276  -0.0  -0.0  -0.0  1.0
26875431822851;5.9287144767363475;0.07844393498277458;0.8453824686522445  0.24462616362082584  0.47485421106650627  4.890079902613707  0.16999033554571719  0.7195475405090371  -0.6733161387999319  8.075240699502459  -0.5063909236118789  0.6499302862765755  0.566708792471014  3.2357136496205627  -0.0  -0.0  -0.0  1.0
26875431822882;5.41078833518639;0.4039545968546323;0.1914103883059025  -0.8894314166571601  -0.4150588130757151  -6.482494710457191  0.05578712931751348  -0.41233540078897996  0.9093224474622316  0.2865324183621478  -0.979923394685061  -0.1972087024434476  -0.029306453717176252  3.791444763592443  -0.0  0.0  -0.0  1.0
26875431822913;4.777035883166865;0.49321498704337957;-0.8570775666260834  0.45583938184095724  -0.24005937338326205  2.239117293865325  -0.22396556385813038  -0.7493033221688209  -0.6232045872684814  4.951526879226365  -0.4639584798147573  -0.48036963824707024  0.7443033922120459  -1.4606246900184823  0.0  -0.0  -0.0  1.0
26875431822944;2.976285503595206;0.5007422787582899;0.8088806929512038  0.5767024598492554  -0.11457005444093467  -4.145548833925583  0.35939203468334685  -0.3307244692422442  0.8726160042370296  9.525726418286302  0.4653486757012897  -0.7470178031668693  -0.4747789083087006  10.261074215843486  -0.0  0.0  -0.0  1.0
26875431822975;3.393796302193077;0.3795122197297133;-0.9090054109890202  0.12398215374316855  0.39791655952710475  4.53102681905788  0.3851814840775658  0.6145797065428508  0.6884235677470012  3.4402230290554088  -0.15919920576587931  0.7790508390720795  -0.6064119087094211  2.214992426091715  -0.0  -0.0  -0.0  1.0
26875431823006;5.039958847236191;1.8007214364632373;0.4150124307304503  -0.11091226212365107  0.9030299842473766  -5.469674997635599  -0.2186459366930345  0.9512958117050107  0.21732517801702358  6.456200394149324  -0.8831526689688646  -0.2876364871554368  0.37054907171662343  4.069337010145968  0.0  -0.0  -0.0  1.0
26875431823037;5.369728603719778;0.12732821701178282;0.7007496366048698  -0.7127948793632444  0.029553455833147113  1.1035695693669683  -0.2308599550609218  -0.26576606001145237  -0.9359872234679585  8.578578969309298  0.6750212055538791  0.6490699972264385  -0.35079126379238634  2.2860673040168042  0.0  0.0  0.0  1.0
26875431823068;4.204830814786546;0.5988299945691931;0.8794169269777747  0.24391740946022325  -0.4088155646586633  6.150373801819719  -0.47499074841198574  0.3922666875391224  -0.787724974067794  9.243447722718837  -0.03177510767864816  0.8869222870180326  0.4608244777816298  -3.1411734232172392  -0.0  -0.0  -0.0  1.0
26875431823099;2.356510122240444;0.3637764625222762;-0.34709246943065686  -0.9362067438240687  -0.055170195602894795  14.904398923935728  0.3606900353911449  -0.07895805054389438  -0.9293375730184604  4.467746337432292  0.8656959720560476  -0.3424654129582152  0.36508618830804285  0.4747861801883917  -0.0  0.0  -0.0  1.0
