# registration_from_features.py TEASER TEASER_config.json euclidean True --use_random_keypoints=True --n_keypoints=5000 --input_txt=/SSD/point_clouds_registration_benchmark//planetary/box_met_global.txt --input_pcd_dir=/SSD/point_clouds_registration_benchmark//planetary/box_met/ --input_features_dir=/SSD/features/3DSmoothNet/voxel_01/planetary/box_met/ --output_dir=/root/neural_registration_comparison/results/3DSmoothNet/voxel_01/TEASER_mutual_on
id;initial_error;final_error;transformation
7680147070030;7.545142564026325;0.386339606162835;-0.9113581762870233  0.20769129389319485  0.35537388896170047  -135.97008749838525  0.40291485070310373  0.27356799973570317  0.8733957708871183  37.42268365278135  0.08417777377483952  0.9391617943472668  -0.3330003400009301  3.008681682391641  0.0  0.0  0.0  1.0
7680147070061;10.640927348979892;9.318503011970462;-0.263854756088465  0.9548671268926422  -0.13641641275626448  -152.2600688536109  -0.934935148028565  -0.2183962507660617  0.27964146086039005  -63.768657303670246  0.23722760520289815  0.2013252285013442  0.9503637281054971  33.21388712715862  0.0  0.0  0.0  1.0
7680147070092;9.025949398967478;5.796536958476892;-0.29026345354528693  0.3825356336957334  0.8771622520884989  -97.88860596399564  -0.8872933176230824  -0.450894437135001  -0.09697821952446478  -71.82161497117909  0.3584099552710381  -0.8064494376671827  0.4702994880380992  51.37195197966118  0.0  0.0  0.0  1.0
7680147070123;4.786994751420969;15.935616782248786;0.91580584835629  0.062358028961513406  0.39675070805286655  22.75886177891292  0.2979398611756463  0.5569565091916814  -0.7752620756825738  11.530094299862514  -0.2693167043446294  0.828197393797548  0.4914850859058655  -34.537350491885725  0.0  0.0  0.0  1.0
7680147070154;3.758201806177061;0.16242710213286024;0.7937054137444761  0.05546273270073972  0.6057686039025764  -12.758081728871673  0.21928422062184258  0.9027923089837049  -0.3699736172028246  17.5459160319277  -0.5674029844642884  0.42648555910046687  0.7043890410134028  -29.866849707584205  0.0  0.0  0.0  1.0
7680147070185;16.67684111957192;13.225594797113597;0.4089887128030699  -0.8977295161386873  0.16373743815354755  -58.50841757476169  0.8992632981453961  0.4269929833699818  0.09488157229656066  96.95375164212659  -0.15509272519481035  0.10843757654153513  0.9819305161697774  -8.113674065094596  0.0  0.0  0.0  1.0
7680147070216;7.156480741338333;11.285103217440666;0.20802527042590946  -0.26801449710584097  -0.9406878952156926  -59.23562281697854  -0.778189127826759  0.5372938862819123  -0.3251722022195437  -35.29786130807553  0.5925767192494618  0.7996771280367982  -0.09679526175573908  21.496379354902295  0.0  0.0  0.0  1.0
7680147070247;4.543534343953617;4.951863510658305;0.9928580991829987  -0.11862810903921256  0.012655695654638088  -5.2889074218114605  -0.050332905005526535  -0.3203423159267732  0.9459637410072206  0.09227105742584994  -0.10816373495967446  -0.9398447597196312  -0.32402536022219175  -8.329046285676824  0.0  0.0  0.0  1.0
7680147070278;7.860981056932645;11.059855172968332;-0.5522499912594928  0.11689298188192898  0.8254428980496725  -129.44202755427386  0.561618640552062  -0.6795739692277671  0.47197851956680414  73.03490793822691  0.6161204831348689  0.724234251561447  0.3096454409916075  22.887262387884014  0.0  0.0  0.0  1.0
7680147070309;12.215977712507863;9.007870656766247;0.8871109456450541  0.4612742250320652  0.01613255831560706  -14.539039177151956  -0.4493676536958176  0.8551773082603724  0.2583417953960602  -28.10702377784927  0.10537021366901549  -0.23642728429183515  0.9659188668380667  4.889255217572599  0.0  0.0  0.0  1.0
7680147070340;9.621420397831704;9.123266083668177;-0.7427009447770039  -0.10663992002782921  -0.661077328369234  14.378319583880801  0.5119456242034924  -0.7267909250764472  -0.45791552614583775  45.20141663623941  -0.43163292794484837  -0.6785299394153372  0.5943821471332876  26.698619740073248  0.0  0.0  0.0  1.0
7680147070371;4.530868242072095;10.987180636740346;-0.02087356741868724  0.9011590189151318  0.43298581594682056  -28.292400556042075  -0.7771747427017739  -0.2870655226534972  0.5599935758650322  -39.00467440001971  0.6289385609816341  -0.3248165764421374  0.7063501101994393  19.909051865177187  0.0  0.0  0.0  1.0
7680147070402;11.153677535127484;13.170446625438853;-0.0725839931940439  -0.99269850900822  -0.09633916205190624  -11.296122962966637  0.5528561671707132  -0.12044209619513535  0.8245263851966353  29.088526824062093  -0.8301094038458515  0.006585717650966813  0.5575616611368708  -9.095228703947736  0.0  0.0  0.0  1.0
7680147070433;6.5184452478862145;9.967916184118556;0.9712647259133015  -0.007653041727234959  0.23787867316949754  -11.537270973508656  -0.23567672616178684  -0.17029030367998904  0.9567955336529523  -10.404663035808925  0.033186035349548504  -0.9853642186648033  -0.16720060894889155  -6.87107330216951  0.0  0.0  0.0  1.0
7680147070464;13.779157687380561;13.254533928666358;-0.6319043293531318  0.5140788228890295  -0.5800171397482992  -144.28738131577447  0.13794924139316872  -0.6618139166360265  -0.7368665730957888  27.32530052572077  -0.7626709154962038  -0.5456421021181487  0.3472862955146229  -27.65695196498182  0.0  0.0  0.0  1.0
7680147070495;6.966857954116943;10.601348522404;-0.8853926529003564  -0.4499882271790302  0.11657806650628214  -141.21127092454503  0.4553594085705099  -0.8900114765853634  0.02296476807323143  52.833466631138315  0.09342194183587182  0.07341775634419398  0.9929159953576135  9.459929535451135  0.0  0.0  0.0  1.0
7680147070526;7.628096648499513;9.791178926418343;0.991773716926915  0.09908822439934944  0.08103343876669547  6.085735149159261  0.0014439919336352303  -0.6416769341770004  0.7669736807951767  20.57958469119154  0.1279953487446603  -0.7605473265554156  -0.6365414006717418  0.8508509381308506  0.0  0.0  0.0  1.0
7680147070557;12.205670442716103;10.207388778956837;-0.8112121406546892  -0.08532287208864266  0.5784936217046657  -162.47982830233394  -0.0889237545181958  0.9957915747861461  0.022174432739411692  -35.36981190596776  -0.5779510608492934  -0.03345365575646606  -0.8153854451605722  -82.11617614007693  0.0  0.0  0.0  1.0
7680147070588;13.972589640073979;11.160618175159703;-0.1972941265641172  0.5922819688470327  0.7812023406275654  -124.03141340699685  0.5873194876946923  -0.5666222557277777  0.5779230387240255  108.46098853712651  0.7849400276437355  0.5728361796296129  -0.23606749947844083  76.75593059825609  0.0  0.0  0.0  1.0
7680147070619;9.983295415447671;8.0645640494068;-0.5951473910779647  -0.2882639878859257  -0.7501356251913353  -2.686400996443098  -0.46760176109755075  -0.6349359816222411  0.6149836520265158  6.580837162006159  -0.6535657395484878  0.71677065546066  0.24308774456754137  15.678520751447207  0.0  0.0  0.0  1.0
7680147070650;4.983189947689928;13.045208904740244;-0.5985459855877209  -0.7914736567093038  -0.1237422881315332  9.994770530679961  0.7945980020074626  -0.6061940336815846  0.033805454213758364  -12.847027095517184  -0.10176796324272526  -0.07809125600253344  0.9917383916100929  7.365348641874286  0.0  0.0  0.0  1.0
7680147070681;5.27419459849476;8.786777583053757;0.9644066398645721  -0.2236744756145191  -0.14103035823430116  -8.012279261278666  -0.25546472539817827  -0.925802438453214  -0.278617334405663  42.26457537221534  -0.06824666337894443  0.3047286890213218  -0.9499909573385361  -25.218149839169953  0.0  0.0  0.0  1.0
7680147070712;11.641877588335147;18.811485637075936;-0.43303900830523456  0.8704294445426104  0.2341576378409687  -63.003741475110544  0.6940552280783869  0.4877419532863638  -0.5295234908684037  32.548299013008396  -0.5751213416863238  -0.06678599462196957  -0.8153373984181503  -28.835753765799264  0.0  0.0  0.0  1.0
7680147070743;6.384964019908019;0.075435061788196;0.3499906613809134  -0.9366772114645405  -0.011930568685611327  -62.47932825620118  0.8551751909677544  0.32468374928488114  -0.4040493233549282  82.31176235627403  0.38233745526617446  0.13121076355743055  0.9146593933411834  30.063377204104423  0.0  0.0  0.0  1.0
7680147070774;9.308681266179983;13.533434115593503;-0.6467507173515487  0.6021121382896014  0.4681607443278227  -147.77168229978807  -0.4140398631154644  -0.7926703741947069  0.44748706084684814  -0.7372478772744885  0.6405345434530327  0.09557536711070957  0.7619585604513334  45.75283044918044  0.0  0.0  0.0  1.0
7680147070805;5.341016807889507;11.581338791549022;0.5370896696622468  -0.7344471842933274  0.41487590943040015  -17.650299314487516  -0.31418651724576824  -0.6306259465970947  -0.7096462131650484  -16.472065288075463  0.7828291762083689  0.2507952331327723  -0.5694560842723562  53.04007907561061  0.0  0.0  0.0  1.0
7680147070836;8.83474922596794;8.569451152669629;-0.3919045713587557  0.8777842669092517  0.27550968715218965  -135.8349666996508  -0.5593629670085634  -0.46509911291996525  0.6861456742561584  16.64536554234787  0.7304271887652368  0.1147937103139742  0.6732744804200322  34.20097939095158  0.0  0.0  0.0  1.0
7680147070867;6.947504424693243;0.1981782737795269;0.3178066264782449  -0.4432276895982865  -0.8381814620593094  -54.84447183205396  -0.9455291822726116  -0.08239910498114683  -0.31493642686928447  -52.63913321999806  0.07052314256613657  0.8926139157954409  -0.44527169648533205  -10.466740306796973  0.0  0.0  0.0  1.0
7680147070898;5.179162324391041;11.981933902468597;0.25404331673106056  0.19448062716899794  -0.9474382718046784  -72.54918654695216  0.24663209141471779  0.9341662875596961  0.2578874922739329  41.284279965058516  0.935219014300225  -0.29918327634225905  0.1893535382516709  76.58588774616588  0.0  0.0  0.0  1.0
7680147070929;8.172064813793584;5.3319204585593285;0.15353348068807274  -0.9841168257484151  0.08911533867225431  -21.254596976334224  0.8948381967884742  0.10021451829274097  -0.43499615158263993  102.0817776815828  0.4191563811707493  0.14653028220207331  0.896011609590871  37.243516353195496  0.0  0.0  0.0  1.0
7680147070960;5.592350345683874;9.54093750615734;-0.17977409558624585  -0.9368992266278191  0.299835144204848  -65.22677177686883  -0.565739704487758  0.3478206056174954  0.7476358826821938  -22.837811461395663  -0.8047483217268933  -0.03522308124047889  -0.5925702264083768  -47.97396084060872  0.0  0.0  0.0  1.0
7680147070991;17.111542984644494;12.936953473710036;0.5358864964294988  0.8400849254908229  -0.08416044740610718  -36.28312300343894  -0.8285270996649816  0.5040902378458249  -0.243794744055881  -66.18814289047789  -0.16238382944508345  0.20037552263592157  0.9661682782326957  -34.852016267602956  0.0  0.0  0.0  1.0
7680147071022;5.465700088476111;7.433454666069993;0.28087451742586816  0.9082530361463788  -0.3101385622454428  -31.665264321241622  0.8803151563133997  -0.3725284236635416  -0.2937138047958784  44.16903502720287  -0.3823018846745334  -0.19052295371855205  -0.9041826547112362  -6.542188374859319  0.0  0.0  0.0  1.0
7680147071053;12.380450498325937;6.029488915422969;-0.143875464445956  -0.9855990428024363  0.08885030983278776  -78.43067830912238  0.9296234046878404  -0.16539122055757505  -0.3293115084825661  84.40940774866684  0.3392641687344069  0.03521748130399817  0.9400316765000818  28.63566649272189  0.0  0.0  0.0  1.0
7680147071084;11.24151184560079;0.33866849873641863;0.7280879718143424  -0.393467953318007  0.5613117449430546  5.030599443427096  0.6070747226998106  0.7504113481307532  -0.26142511290144654  51.21728872422984  -0.3183522991250818  0.5310986521432013  0.7852299251387774  -32.74950073076556  0.0  0.0  0.0  1.0
7680147071115;12.186275917515337;13.519943434484334;-0.12876570964143907  -0.8063492335667027  0.5772523759560687  -90.77675991134069  -0.9337293572372833  0.29464810956919024  0.2033026781932584  -65.24513640048009  -0.334019280062971  -0.5128190763355946  -0.7908525244901993  -34.82085403014742  0.0  0.0  0.0  1.0
7680147071146;10.370232338681536;12.101984146766405;-0.8350243431324164  0.1346171454960528  0.5334909282403701  -59.632506680569996  0.06260377775329921  0.9865566996472184  -0.15095246070271376  -8.198316124444744  -0.5466398388219549  -0.092650431837544  -0.8322264019442212  -22.842292627131652  0.0  0.0  0.0  1.0
7680147071177;13.127472395246876;13.60165670519232;0.3497527735753579  0.7476654634401854  0.5645080620815941  -13.215820158294893  0.9106844532176555  -0.4127278416258188  -0.017594186953458435  -16.393060736259564  0.21983362810089935  0.5202423315395103  -0.8252400211031515  12.111799029314671  0.0  0.0  0.0  1.0
7680147071208;5.015205061296216;9.898122740131399;0.46923886751543914  0.8106934294563528  -0.3501300453390518  -36.60963013535176  0.479896478553845  -0.5669365718387757  -0.6695388662231007  36.516702408291614  -0.7412922872150007  0.14614748354998985  -0.6550775969055566  -40.63953727472289  0.0  0.0  0.0  1.0
7680147071239;9.396380850619304;17.341015605281523;-0.9433221221255583  0.14118392678727693  0.30035058302832957  -187.783475880123  0.17195080764738285  0.9819759705975514  0.07846090057098354  40.04503708215851  -0.2838596372469067  0.1256594285595863  -0.9505963466982887  -56.163153736780316  0.0  0.0  0.0  1.0
7680147071270;4.313719515461572;9.411794143866315;-0.30280253084490116  -0.565024840409664  -0.767500851487447  -33.11290138261477  -0.22144075730818213  -0.7415571792435592  0.6332905659451392  59.65774118964744  -0.9269706674521588  0.36171795591644273  0.09942586208290494  -56.825593153807965  0.0  0.0  0.0  1.0
7680147071301;6.640988953970737;10.828644988226374;-0.16639948781686523  0.7336769436910804  0.6588090411875056  -125.85995171800094  0.21493707311738172  -0.6250706088217113  0.7503924230607535  48.013777818491356  0.9623477879924791  0.2664674019150768  -0.05368294573335792  78.97397689932622  0.0  0.0  0.0  1.0
7680147071332;4.27645581861147;7.580604924348355;-0.448900277667302  0.08484288690194894  0.8895449540368168  10.374827954387543  0.6731545200231707  0.6867891177052312  0.27419646236602846  3.3791932387202004  -0.5876661746966504  0.7218880746651886  -0.3654121984466212  -28.51433891507891  0.0  0.0  0.0  1.0
7680147071363;8.04771944655425;0.1694997078921112;0.8111755790225391  -0.5276083155203976  0.25223727993930056  -15.54764077308857  0.1629284571991635  -0.2103484976037217  -0.9639542662339109  20.307601850634015  0.5616480195212556  0.8230327909321632  -0.08466715548703237  34.10140616545656  0.0  0.0  0.0  1.0
7680147071394;5.63815225752638;9.139896265085165;-0.4577890586687907  0.8547294715072716  0.24467674245837656  -157.7193791710561  -0.8386486499468087  -0.5065109790014659  0.20028746863788613  -81.47592011951066  0.2951230585798716  -0.11350840800520728  0.9486929016318111  21.76275156516243  0.0  0.0  0.0  1.0
7680147071425;4.625670255377578;7.077398720435665;-0.3926954057371616  -0.7184285265321256  0.5741522189958045  -54.55192304648003  0.8721500812464731  -0.4889971791137879  -0.015362115756912792  74.10422954125197  0.29179539765852436  0.4947142721648916  0.8186044434411931  -3.854233620574414  0.0  0.0  0.0  1.0
7680147071456;10.74094788718979;7.067785777320479;0.5181539903876441  0.5909138250703521  -0.618334289511819  -78.27289865495327  -0.6872626405226555  -0.14267233856201467  -0.712260252120721  -25.54761368924052  -0.5091036291239618  0.7940185483664541  0.33218675419534793  -58.08152860317168  0.0  0.0  0.0  1.0
7680147071487;5.184679137576186;11.636441197760998;-0.33446140591127643  0.5089199394701168  0.7931809775616057  -17.47362726256812  0.05396577519537065  -0.8299284016940461  0.5552535845621605  58.216089635132676  0.9408630416077653  0.22851552085427007  0.2501147609904034  1.1971483280979525  0.0  0.0  0.0  1.0
7680147071518;11.144942838730964;5.657719976013479;0.47387303516927287  0.8800108327050185  -0.032020007203012894  -104.60752785847833  0.8518266785565185  -0.46730788540781565  -0.23667414293717345  159.22261423198086  -0.22323901146267153  0.08487799807662644  -0.9710613107336084  -36.23616606486967  0.0  0.0  0.0  1.0
7680147071549;4.676713798522656;9.021564819128736;0.8656428920357853  0.05931778380489141  0.4971355790852221  -3.9397636384299206  -0.3537247029896628  0.77517465826348  0.5234339343995313  -19.54805944247441  -0.3543179616711489  -0.6289559998207934  0.6920065984704399  -26.151839648888146  0.0  0.0  0.0  1.0
7680147071580;8.191691152633943;9.822401246760444;0.007404774905514645  0.9941720704255654  0.10755028449215322  -35.85473938701549  -0.8603113098358846  0.06115665694523621  -0.5060872587605294  -14.579345164403096  -0.5097152337110036  -0.08877926389099555  0.8557503273887246  -15.30097544555608  0.0  0.0  0.0  1.0
7680147071611;7.069420748707525;0.1474104841545935;0.9633714182481574  0.07709857740377749  0.25684882687068344  -10.535868726951506  -0.215968910483041  -0.3447303066461494  0.913519811161433  56.49073365651247  0.15897465271954853  -0.9355302373744883  -0.31545242866513706  44.49561293283905  0.0  0.0  0.0  1.0
7680147071642;6.993248842026112;0.07385374051272751;0.49448655567594685  0.32165040781125587  0.8074800687389081  -63.01930373463385  0.21212613173636538  0.8562579555102455  -0.47098282119412915  27.02861452918764  -0.8429030492828371  0.4041822964706241  0.3551775904099634  -102.5636474429163  0.0  0.0  0.0  1.0
7680147071673;7.041527509178438;0.10729425952352091;-0.09583098677595012  -0.060098254455495784  -0.9935817136929158  -8.941079256924374  -0.2682207287174172  -0.9596954348371713  0.08391849044752708  26.275844275931153  -0.9585791895612207  0.2745412030353485  0.07584896292012289  -25.839598887707094  0.0  0.0  0.0  1.0
7680147071704;12.282268918916616;14.82390281554497;0.040558755591302134  -0.6767869620180395  0.7350608106730214  -19.506540172597365  0.542421297368329  0.6327395056779386  0.5526480381903993  53.07486130272248  -0.8391270008205821  0.37629792186089933  0.3927667889435479  -67.56693915438821  0.0  0.0  0.0  1.0
7680147071735;4.789281163838539;9.494404070827281;0.07151958020719655  0.670472189714347  0.7384795139112768  -78.55664022652161  -0.18986226579734455  0.7359897648970825  -0.649824119276159  -9.945142697416312  -0.9792023640051564  -0.09373424553697432  0.1799350481155056  -91.87992868411149  0.0  0.0  0.0  1.0
7680147071766;3.5325422548569234;0.16935344356003265;-0.2742547528642061  0.5662004131822465  0.7773039448270199  -9.386071193451537  -0.28078800686226885  0.7259256372372664  -0.6278455736914793  -4.124278213607363  -0.9197512847143556  -0.3904472580438002  -0.040106270736261856  -0.08159694133982386  0.0  0.0  0.0  1.0
7680147071797;10.169462042227867;0.11811392883556592;0.12183847669189969  -0.862199221166066  0.4916989817134327  -18.90206226832464  0.9464948794447038  0.2500779419433608  0.2039815338169787  86.88871815409104  -0.2988357889918001  0.4405377690664014  0.846536263395518  -47.96879866618639  0.0  0.0  0.0  1.0
7680147071828;7.018945504589687;6.780890945725647;-0.5467254852839112  0.12067959240545503  0.8285696589411934  -76.4368694136558  0.8245483283367646  -0.0945257190195514  0.5578395312998927  66.88069730075169  0.14564099003412184  0.9881808156510073  -0.047826536579505204  -6.346513436426711  0.0  0.0  0.0  1.0
7680147071859;4.745586814975582;5.924460924925192;0.6892412498688751  0.7221973465627838  -0.05811619478995872  -28.95320011674686  -0.016783930154143437  0.0961054991973033  0.9952296381803637  10.579643802109054  0.7243374898262347  -0.6849779015718033  0.07836118420823897  53.00269791636269  0.0  0.0  0.0  1.0
7680147071890;12.81657864345006;8.887713856061875;-0.5754227029042329  0.2920800789792155  0.7639227319866071  -71.40306817610622  0.07131201065110628  -0.912579294269415  0.4026333677275552  73.31191709673355  0.8147412534782333  0.28616124673727483  0.5042900264198025  2.987376518609179  0.0  0.0  0.0  1.0
7680147071921;5.809282261310979;5.806110507847539;0.7926398027465185  -0.5568205282606222  -0.2483405774526623  -1.9168549032356326  -0.22615633481754757  0.10974048922641287  -0.9678896307153213  5.126307111726833  0.5661938319373091  0.8233516407537607  -0.03894381008886276  16.364524198346572  0.0  0.0  0.0  1.0
7680147071952;7.620338870136215;8.682283351230636;0.5180251810126566  -0.7191649483813869  -0.46308928821168127  -40.313540642713846  0.15974561964293763  -0.4505281651213564  0.878353977299174  0.6599018407210386  -0.8403161600503104  -0.5289859633789732  -0.1185014839836249  -32.00979830286665  0.0  0.0  0.0  1.0
7680147071983;7.6997638172701715;0.0359563630658227;-0.8741116025959237  -0.34188618845756585  -0.345025709692979  -135.0773993795412  -0.23281174160898332  -0.3285217942417141  0.9153535511905752  31.52677382822509  -0.4262952019155016  0.8804471959465618  0.20756959308544995  -55.9688800295117  0.0  0.0  0.0  1.0
7680147072014;9.996205289495665;0.18032798530584543;0.5074938339598415  -0.17237412517421366  -0.8442376261830346  14.838345721548988  0.5949700486772141  0.7788160384661919  0.19863589656670771  11.703956705859309  0.6232661146490912  -0.603102594255945  0.4978017789562174  11.261396371708363  0.0  0.0  0.0  1.0
7680147072045;5.258513707654928;0.11102396745601542;-0.2684020292664938  -0.9009364955055017  -0.3409894158942375  -61.76906814769889  0.9601080749342856  -0.22136676094934143  -0.17084859259817875  57.797538241399934  0.078440009762935  -0.3732428006178582  0.9244116921887825  3.588186711791517  0.0  0.0  0.0  1.0
7680147072076;3.639515910577449;11.673706627191258;-0.4940311498923397  -0.8153425990157419  -0.3019100348883892  -62.001751179949096  -0.8588398250612435  0.4035706951667565  0.31547559159369976  -37.90970278545643  -0.13537864611830866  0.4151471308257797  -0.8996251896997421  -41.793013734764635  0.0  0.0  0.0  1.0
7680147072107;12.029329944120931;0.1673532206711957;-0.10230591543100455  0.789237323935457  0.605506355189623  -138.78416024657335  0.9441285341392491  0.2687483676437933  -0.19077637671595687  139.64035143573807  -0.3132966815845586  0.5521582756746423  -0.7726360255075536  -71.72680527829107  0.0  0.0  0.0  1.0
7680147072138;7.590759272086863;0.05502633950703934;0.7548814795131366  -0.2540990752760715  0.604638414121947  15.717330724911786  -0.5709713519452171  -0.7082283608865971  0.41521597283068834  45.36016890637557  0.32271607822652565  -0.6586700606371366  -0.6797117654376466  -2.280506870586136  0.0  0.0  0.0  1.0
7680147072169;13.199001909138557;13.694989554429302;0.7407177462640916  -0.16599866876762295  -0.6509851475547068  14.72661807628393  0.6099331313979621  0.572381468954748  0.5480520314899686  -3.8361695494272543  0.2816359273823603  -0.8030092751423128  0.5252211995368202  -12.389228132493967  0.0  0.0  0.0  1.0
7680147072200;7.797457500134239;12.70334807857179;-0.08228167590934596  -0.33175406209473185  -0.9397706997418009  -52.93956645388979  -0.9830238063639991  0.18218375090510272  0.021754931114163  -47.475985157636906  0.16399366430195975  0.92560700256091  -0.3411125252450045  -15.778198893249316  0.0  0.0  0.0  1.0
7680147072231;7.013635733914746;0.18971286837645854;-0.8323501340442151  -0.5382755046883246  -0.1321088014066717  17.588955613644597  0.44666778583701633  -0.7925742439910174  0.41510716310071666  43.69176126498538  -0.32814805111722933  0.2865057570356953  0.9001296060753519  -9.277572437086215  0.0  0.0  0.0  1.0
7680147072262;9.795586278474453;5.921835856015891;0.2422541664151314  -0.3745373770174074  0.8950054033755495  -25.31581645769043  0.949689514266416  0.2802767184896074  -0.13976690439841763  4.199740190827281  -0.19850124772134034  0.8838363617150056  0.42359242245754775  -20.112717133587065  0.0  0.0  0.0  1.0
7680147072293;5.948491684290215;7.830413313237667;0.5859335478788648  -0.7114187263067215  -0.38802741311691974  -28.87110865654612  -0.3223945928325412  0.23466066187686496  -0.9170583952398298  -18.4673909823021  0.7434672850787895  0.6624332189946651  -0.09186199643998591  50.60836174324831  0.0  0.0  0.0  1.0
7680147072324;9.966999865530171;0.2514354946457224;0.39430672487670915  0.8305201630524875  0.3933935249597706  -45.35954546151172  -0.5519115220623696  0.5562924355029076  -0.6212345756773707  -40.577886462047616  -0.7347896831963568  0.027838551785488358  0.6777234956106251  -54.99330299720827  0.0  0.0  0.0  1.0
7680147072355;6.355915505450699;0.09716715010422812;0.2729389563733034  0.0770432023784706  0.9589414325500399  -58.926405869257465  -0.8336502535635916  -0.4785425832254038  0.27572495493392923  -28.98995112326027  0.48013704379813454  -0.8746778498437171  -0.0663858280475633  44.542384704048295  0.0  0.0  0.0  1.0
7680147072386;11.538831497596764;7.562759413297445;-0.14231350383953217  0.9567752128870205  -0.2536297668451269  -153.57908392791552  -0.8793290142885266  -0.004560838702676075  0.47619290563877326  -17.866803856881305  0.45445280421104783  0.2907926937791354  0.8419692737798629  31.71174312729841  0.0  0.0  0.0  1.0
7680147072417;7.834517558781045;0.17537412844250455;0.5233083068890194  -0.728827452549748  -0.44154157261892496  -31.20989073733233  -0.05268061056400397  -0.5448328604577527  0.836888228759389  0.4546013673226507  -0.850513473856559  -0.4146898824124706  -0.3235106369397762  -61.15957350165572  0.0  0.0  0.0  1.0
7680147072448;5.937688742105761;7.498628173201297;0.06915228579862959  -0.509397096122697  0.8577485411416268  -37.204786045704765  0.9967413501957592  -0.000512543959978129  -0.08066237108233476  22.905831211201626  0.04152881142965491  0.8605314263642283  0.507701705788731  -1.4430305684279776  0.0  0.0  0.0  1.0
7680147072479;5.153023637941118;0.28592117400687905;0.7785133617041593  0.6107278347809422  -0.14466671169232964  -24.124495211083296  -0.5830405146914778  0.6184065407230278  -0.5269128093140988  -7.77085940218076  -0.23233747841531383  0.49455521654792073  0.8375168260452166  -29.89290876402328  0.0  0.0  0.0  1.0
7680147072510;6.2172217632284745;11.081624941159825;0.9195564057475148  0.3896794411655029  -0.0506552048821558  -2.342180895572931  0.3138993199390057  -0.6508750767274157  0.6912516556485853  2.4969939150838223  0.23639634851355323  -0.6515455222991113  -0.720836457722163  -11.4392961890836  0.0  0.0  0.0  1.0
7680147072541;5.285545456378999;7.816597380933011;0.6132358831279622  -0.19750317774976225  -0.7648099413730278  -47.37300592053942  -0.05278844237985078  0.9558250524978188  -0.2891571361191893  -17.698707631211185  0.7881339556162883  0.21769465725251055  0.5757203350658501  70.09417859816999  0.0  0.0  0.0  1.0
7680147072572;4.133909065560788;0.11347816632847271;0.3175211903385426  0.6820784808214126  -0.658748236951225  -79.45384892668926  0.6579197622026708  -0.6587477602088226  -0.3649561273948425  109.11368848086994  -0.6828776465730706  -0.31752217941462313  -0.657919284859937  -54.11452977625381  0.0  0.0  0.0  1.0
7680147072603;10.395055408305826;7.482781801494259;0.5040432162392632  -0.8582314527245952  0.09684632010257398  36.144588387270566  -0.8619827906399521  -0.5069040384181869  -0.00582790493175066  44.05419146498783  0.05409348208185239  -0.08054234531949056  -0.9952822844835009  -16.143919533674953  0.0  0.0  0.0  1.0
7680147072634;11.946248221103541;0.1691285534943253;0.8208125153151546  0.2271276500360648  0.5240990796510733  -17.1806132573376  0.11075714465878311  0.8368429412755912  -0.5361219511867136  15.640263581941126  -0.5603567342408231  0.49810332484968467  0.6617351495610971  -51.76334774356383  0.0  0.0  0.0  1.0
7680147072665;11.239001405122174;9.438086670860145;-0.36523776708682437  0.8088870890030624  0.46076355187621365  -40.99144438260403  -0.6925247675773926  -0.5668566187283256  0.44618720297176867  56.86471079089113  0.622101936812056  -0.15612575395508424  0.7672117889909198  12.811596077451501  0.0  0.0  0.0  1.0
7680147072696;15.195524521954715;0.18640546133326402;-0.050489829969302145  0.9904949738740249  0.12794719145009273  -47.485743557526796  -0.38174933992909565  -0.1375224779140454  0.9139775760553874  28.66286227844749  0.922885810126785  -0.002697183471063208  0.38506428900633227  -6.099087983618339  0.0  0.0  0.0  1.0
7680147072727;7.340738660247694;4.971004594638481;0.8489418945869167  0.3452961155093452  -0.4000853061902363  -6.981612009209963  -0.5160541229830766  0.704861051427756  -0.48668166221086195  -71.15070373522353  0.11395526213100379  0.6196301241824167  0.7765775604782429  14.718037862648549  0.0  0.0  0.0  1.0
7680147072758;6.227684121791451;0.2089424660895514;0.1427532173390297  0.9897167864731271  0.009066504986067259  -4.722851795406247  -0.9896928041142664  0.14263238840706607  0.012812308993155969  -4.134221982047165  0.011387380023339763  -0.010802053073491746  0.9998768140254081  -3.426313765974589  0.0  0.0  0.0  1.0
7680147072789;6.6370184400482515;0.1950151662358839;-0.39877013640488457  -0.8422826835400523  -0.36268755054481594  -3.7381999609237315  0.29070403454941324  0.25899283896361375  -0.9210938462840046  -5.073305058093976  0.8697548750126802  -0.47273945294859454  0.14157636461479156  6.932389212665018  0.0  0.0  0.0  1.0
7680147072820;9.269844301300596;0.1399876779128638;-0.1512786239956086  0.6415933861677913  0.7519791916986429  -125.4506294274724  -0.9079247167059696  0.21063168359554227  -0.36236308125979316  -79.9458006700187  -0.3908803995039655  -0.7375582829115649  0.5506544221126034  -43.771006705109095  0.0  0.0  0.0  1.0
7680147072851;4.298249925112131;8.93937429807557;-0.578527497342071  -0.2911762529517503  -0.7619201562736736  -38.009968656581826  -0.8142048825088634  0.26198103572210185  0.518108430949259  -24.32824159643371  0.04874776013160678  0.9200990852288425  -0.38864035977134215  4.563261749120841  0.0  0.0  0.0  1.0
7680147072882;5.601886296953832;0.1672088316182545;0.05167155725495429  -0.712649367306858  0.699614843644689  -60.96491987865084  0.709073112152525  0.5194943037635533  0.4768028837785624  87.2537755269322  -0.7032391995567232  0.47144092698275103  0.5321635844103433  -95.40052600142428  0.0  0.0  0.0  1.0
7680147072913;9.333520105944512;0.1365824128043248;-0.4838190073682401  0.8172551390522963  -0.3130706083327268  -38.83409985112913  -0.8349420100866846  -0.5382439205138302  -0.11474023628313051  39.96277380729737  -0.26228039938511916  0.20588229579668638  0.9427732878989875  1.013204088893334  0.0  0.0  0.0  1.0
7680147072944;12.394403539673155;0.24559078091151335;-0.9529535371747123  -0.032037297881362434  -0.3014185918795739  -32.003916937234195  -0.30278247473890507  0.053945797265171375  0.9515317251402654  -14.50459296840192  -0.01422423907239644  0.9980297903879851  -0.06110817065602139  1.8914193379886564  0.0  0.0  0.0  1.0
7680147072975;12.294304208336897;0.20679502254790122;0.6818436142661358  0.40556730876224784  0.608772899978178  2.1240216334509667  -0.6632837288270758  -0.00814515982953029  0.7483236942958587  -38.944405645036646  0.3084541793488034  -0.9140288914660735  0.2634524716292435  11.681334867318803  0.0  0.0  0.0  1.0
7680147073006;9.313900341752262;0.1617394063365062;-0.4081239638515468  0.856935323257702  -0.3147962545573242  -24.688540265237325  -0.6954694387927441  -0.5152195605471871  -0.5008703067011149  42.4666896137459  -0.5914026461180292  0.014513999544641078  0.8062457776520825  11.41803109875083  0.0  0.0  0.0  1.0
7680147073037;7.440136743478575;0.07492676137708593;0.7735765495073743  0.5164711348751397  0.3672014282284994  -0.22982951738298701  -0.46784278971369164  0.07460969038572549  0.8806568674651073  39.178504381671715  0.4274370669059651  -0.8530480414029044  0.299343603394985  7.154672674935112  0.0  0.0  0.0  1.0
7680147073068;14.611712831992941;0.3309653959978963;-0.5628190949690958  0.8075249035418229  0.1764601838884284  -151.05348307205793  -0.44472801923759636  -0.1158856975550697  -0.8881370918992069  -38.28542165289321  -0.6967436079672157  -0.5783373023261984  0.4243516342549927  -87.67861359662774  0.0  0.0  0.0  1.0
7680147073099;5.832775396124054;0.12875488860458942;-0.2779405747988208  0.7887082447106609  0.5483505645168353  -76.43932723474789  -0.684602991756811  0.23779921179236915  -0.6890357599925806  -30.76025570265382  -0.6738455168346278  -0.5669134321890411  0.4738579743399035  -34.01690675462833  0.0  0.0  0.0  1.0
