# registration_from_features.py TEASER TEASER_config.json euclidean True --use_random_keypoints=True --n_keypoints=5000 --input_txt=/SSD/point_clouds_registration_benchmark//eth/gazebo_winter_global.txt --input_pcd_dir=/SSD/point_clouds_registration_benchmark//eth/gazebo_winter/ --input_features_dir=/SSD/features/3DSmoothNet/voxel_01/eth/gazebo_winter/ --output_dir=/root/neural_registration_comparison/results/3DSmoothNet/voxel_01/TEASER_mutual_on
id;initial_error;final_error;transformation
38591597440030;3.9584549028563556;0.009945841109369922;-0.045596931514067525  0.9905325373889843  0.12948440913964135  5.417266384354435  0.9536994625868268  0.08173775577192932  -0.289441314160517  -5.789893700633834  -0.2972848043511475  0.11029157563072994  -0.9483973394346857  -6.748725162470358  0.0  0.0  0.0  1.0
38591597440061;2.893302858668122;0.012133442633197173;0.4797602868449652  -0.1032359302787775  0.8713050039256703  -2.4267212529098234  -0.5892487775573855  0.6978700532743213  0.4071403528146313  0.6501656680129898  -0.6500891825846387  -0.708745180895342  0.2739786912226304  -1.2081846199586337  0.0  0.0  0.0  1.0
38591597440092;2.596560926939177;0.009176144026050657;0.13795451253468452  -0.9668084102212033  -0.21505824884637076  -0.20861018281349783  0.9523751096336858  0.18910500876228126  -0.23920900110832533  -1.6833360327997693  0.27193786610463594  -0.17181616218088305  0.946852154980856  -5.032863592502521  0.0  0.0  0.0  1.0
38591597440123;2.5491129024057546;0.02257418869121347;0.6412308751581393  0.7091321261613717  0.2931801364174918  2.783725868957752  -0.5546307553416778  0.6923486999954793  -0.46156039999515763  4.070275272381134  -0.5302901941136069  0.1333600587148261  0.8372618495826323  2.4786840278894298  0.0  0.0  0.0  1.0
38591597440154;2.8903184466470044;0.01794674748158446;-0.8980721113290276  0.11611957126701673  -0.4242437130020738  8.509677346943606  -0.0646062602244881  -0.9888861092495786  -0.13390404800839756  -0.46689685761178523  -0.435077595369869  -0.09284669138959005  0.8955930872361502  4.192960350800131  0.0  0.0  0.0  1.0
38591597440185;5.076548343189817;0.0077251158434285885;0.483884126105013  0.25396982220778747  0.8374696901448636  6.8685923950460595  -0.27089514443454926  0.953430232420361  -0.13261452646162514  1.9445727758513316  -0.8321490090274533  -0.1626964084256364  0.5301489464858204  -1.9218489596843404  0.0  0.0  0.0  1.0
38591597440216;1.6762692747156474;0.024742694395735763;0.8411173054945403  -0.540473240078884  -0.020257224791098413  1.1257023007001088  0.24007397218300067  0.33953137400022526  0.9094410008075263  -0.4612929836669713  -0.48465056100027365  -0.7698097965264874  0.41533927203428306  0.1739787258666742  0.0  0.0  0.0  1.0
38591597440247;4.93981129019194;0.008748007826227082;-0.1929188960128801  0.6573181772044726  -0.7285019653218257  13.084235240592795  0.8027018476178086  -0.32127210177019616  -0.5024479878107961  -1.9436409789785152  -0.5643155530305087  -0.6817015846693856  -0.465651056121556  1.4423332423665214  0.0  0.0  0.0  1.0
38591597440278;3.836455877765292;0.0032464888391185004;-0.8545193876603591  0.513353024804904  -0.07915357247920096  -3.9220821975650386  -0.3999167733431236  -0.747479633160271  -0.5304156600341022  -4.278720709771015  -0.33145616680247403  -0.4215956237133431  0.8440343236826143  3.007725694970025  0.0  0.0  0.0  1.0
38591597440309;3.8455601514228666;0.0050848056952564015;0.5728744128252482  0.019173917311561792  -0.8194188599398089  6.779268612468095  -0.14629400658160246  -0.9812814509033653  -0.12523888274528766  0.23576276650523256  -0.8064818477612684  0.1916222195047205  -0.5593460058172007  3.331620594205592  0.0  0.0  0.0  1.0
38591597440340;3.1249643016133017;0.007938697673810238;0.08483206682115785  0.49680682322719044  -0.8637051006181204  7.116493104440954  0.8394243303671829  0.43137655787396506  0.33057685778713514  -0.37196737145565045  0.5368149718724845  -0.7530585938104123  -0.3804371699266865  -3.196392377301645  0.0  0.0  0.0  1.0
38591597440371;1.9082676334258446;0.014911711708705982;-0.24222329897855682  -0.13672059345658452  -0.9605390948612259  5.242749058886814  0.025701380291436985  0.9887697812664971  -0.1472201029252399  -1.6986363308354735  0.969880050564532  -0.06034731956833524  -0.23598917038257838  -4.30775789242316  0.0  0.0  0.0  1.0
38591597440402;1.653095540299216;0.007941554705976257;-0.12099884776794378  0.05051767203463242  -0.9913663518856348  3.4358267843112835  0.9102675883282523  0.4040052533607247  -0.09051338517592672  -4.611311877715185  0.395944688659791  -0.913360673594577  -0.09486876963976626  -0.8500408066200664  0.0  0.0  0.0  1.0
38591597440433;5.513897604577699;0.012675162210850383;0.9561907411823034  -0.10656674439815582  -0.27265875277646134  -1.9714220531145026  -0.25827028605137753  -0.7455892071424669  -0.6143233623553692  -4.186291615146705  -0.1378249825691154  0.6578299652501735  -0.7404485201543567  9.276598639466824  0.0  0.0  0.0  1.0
38591597440464;2.6229936829188185;0.00676316731756986;-0.42317705143387413  0.8711833766582154  -0.24891907796334464  5.8873797674956245  -0.7293291980266232  -0.49053886678897884  -0.4769177508493753  0.6957206565400597  -0.537587298999497  -0.020276696076381093  0.8429642646937362  0.4889107165976448  0.0  0.0  0.0  1.0
38591597440495;7.040304842930483;0.020074727875612156;-0.9456327921117289  -0.21618404241037611  -0.242987823337065  11.327010544820176  0.31503981382684354  -0.7944618384754426  -0.5192112314946283  -11.785300494246453  -0.08079936996613238  -0.5675340051603334  0.8193757470170492  -0.42813278643664343  0.0  0.0  0.0  1.0
38591597440526;4.4907205692444;0.008534894512297823;-0.960414649707065  -0.1651791643618576  -0.22432018252661712  6.170262189198607  -0.07841784562137015  -0.6123761992884483  0.7866676757266298  -6.928524507255881  -0.2673094501063501  0.7731178656619914  0.575182078717764  7.0964483641031615  0.0  0.0  0.0  1.0
38591597440557;2.48450718425269;0.002660832968311366;0.8124343689217814  0.5009078720048081  0.2983985589078498  6.004947167107016  -0.5741044143386878  0.5979411869322707  0.5593482443047979  2.39509982137924  0.10175715027210304  -0.6257456677705745  0.7733613913526188  -1.5575142847799817  0.0  0.0  0.0  1.0
38591597440588;2.328820346378117;0.020169336691510404;-0.6633556304239001  -0.16576400146526585  0.7297133707169782  5.5301532361774655  -0.07365046407014623  -0.955958310967132  -0.2841114514325688  -2.08760621495458  0.7446710124123024  -0.24221065936719718  0.6219317323965274  -5.539078591549781  0.0  0.0  0.0  1.0
38591597440619;6.320591373756098;0.017187216355702046;0.5860117885180269  -0.7868196479500402  -0.19366214219015282  -0.5664313349549762  0.809289372760781  0.5802653390997545  0.09133918860987054  -5.704724676922749  0.040507960382693206  -0.21025455485963349  0.9768071085462124  8.914650650259512  0.0  0.0  0.0  1.0
38591597440650;2.279414240855783;0.0032047214505460677;-0.1320714092292469  -0.18411036482590132  -0.973992051521918  3.8753868395149786  0.4265880648112362  0.8763946195208044  -0.22350636195775037  2.5474613480742785  0.8947512312507903  -0.44501218459572284  -0.037207388198270366  -0.4576573616169276  0.0  0.0  0.0  1.0
38591597440681;2.179632741963947;0.004957452969705544;0.6300085266277062  0.5153521982791873  -0.5809486794073947  1.8563191862929693  -0.7516477781938999  0.5927165685552588  -0.2893314481632662  2.862878442985362  0.1952303099228203  0.6189500634856485  0.7607798268872219  -4.11763993540907  0.0  0.0  0.0  1.0
38591597440712;3.8212360075464504;0.00992128347628719;-0.8046097402619348  0.12860548369663125  0.5797100960297124  11.723987774205877  -0.4245204088847566  0.5580313826283076  -0.7130100970128396  -0.5840314109573504  -0.41519343481796744  -0.8197936359627921  -0.39440183331085515  6.20815567716706  0.0  0.0  0.0  1.0
38591597440743;5.199898909440479;0.006227695689779798;-0.5469660540869562  -0.714049755472946  -0.4369909408506897  8.440406870350078  0.5141430616079132  -0.6984752214217826  0.49778436823612093  0.030050415101891527  -0.6606701505872552  0.04759529145638327  0.749165963157827  -1.8533500907071698  0.0  0.0  0.0  1.0
38591597440774;4.068195372446665;0.008095783211599154;-0.8115421565712209  -0.5551652341375916  -0.18218367356238296  0.5215970897943519  0.5785905949861591  -0.7200992839663878  -0.383001233189475  9.04460222654047  0.08143863641598324  -0.4162314068352471  0.9056043089907737  3.9689968756939473  0.0  0.0  0.0  1.0
38591597440805;6.856595695350732;0.016991642457786497;0.3458401031407524  0.8240542430304524  0.4486972560681664  -0.0697910710598846  -0.789934975608114  0.5137756669509842  -0.33471973105880715  -1.5799005288304164  -0.5063569466005204  -0.23868214971501187  0.8286334980175604  -6.750959415216831  0.0  0.0  0.0  1.0
38591597440836;1.767433218515084;0.0022214024296073887;-0.37298533980024495  0.9213685131794714  -0.10937092490943962  0.26187610491777635  0.8072631127657683  0.3803623247913638  0.4512768204185008  -0.6906023108805429  0.4573928323244894  0.08002852491930329  -0.8856563849131455  -0.7054989976796763  0.0  0.0  0.0  1.0
38591597440867;2.621604289268463;0.008436840016997118;0.44273664697062753  -0.6891232303821738  -0.5736666582405187  -1.5062218812687875  0.38801011656100215  0.7240270160287426  -0.5702920563245049  3.2920104828084518  0.808351662876698  0.02990072588003135  0.5879400783381954  -3.215714775241262  0.0  0.0  0.0  1.0
38591597440898;2.670728938211616;0.008995946226332553;-0.19758258384775584  -0.980198194981498  -0.013138535498987509  4.470382144155429  0.9761617813033548  -0.19796177258062123  0.08899052376180179  -5.181676770617623  -0.08982927853826916  0.004757641406412907  0.9959458145730334  -2.1354856300646703  0.0  0.0  0.0  1.0
38591597440929;1.8420211736250836;0.0035290559511395583;-0.6975849751422916  0.6107011474129665  0.374725647646668  4.043733185879813  -0.3444561332540151  -0.7444326817219933  0.5719877224625489  -2.22514367728882  0.6282715772016279  0.2699334935362552  0.7296648095858068  -0.2701332698320877  0.0  0.0  0.0  1.0
38591597440960;4.0321706019458725;0.008851567148232665;-0.23498790471623765  0.9665773533370515  0.1025129487089993  0.45952380315342606  -0.8556721502685631  -0.2557420300188241  0.44991241962922646  1.036330660166298  0.4610920254047417  0.01800650154228425  0.8871696061128118  -5.31672082319868  0.0  0.0  0.0  1.0
38591597440991;5.87031157311765;0.008547381456600297;-0.6849567284781249  0.6753480940162172  -0.27338476918293725  5.783611758914374  -0.010276194038207858  0.36623535674813673  0.9304655089274695  -8.935126720946993  0.7285112764732155  0.6401379658919071  -0.24391536375377787  0.38947908345606774  0.0  0.0  0.0  1.0
38591597441022;4.407785844403787;0.0075292334986649225;-0.0827527972253895  0.9423749871394541  0.3241625489862899  5.11361192542422  -0.9321302387490997  -0.18826122280101304  0.30933950604314125  7.522388635291044  0.3525410508875824  -0.2765630047627167  0.8939953645493347  6.551237980434027  0.0  0.0  0.0  1.0
38591597441053;5.317946691794153;0.011432605832374416;0.4132066823259933  0.453880021521701  -0.7894638457488764  9.872773964349342  -0.5081195149340404  0.8343457115056626  0.21373299285628655  -1.3544925734901387  0.7556949094868516  0.3128260854781295  0.5753825197380336  -7.3508789537405885  0.0  0.0  0.0  1.0
38591597441084;5.062681624331849;0.007161165680361401;0.20509266531980155  0.401795714418301  -0.892466919558987  3.996338287541975  -0.24670445395414928  0.9036301560038669  0.3501277674786908  7.946014051381945  0.9471398582211629  0.148366927027265  0.28445270948486534  -7.469592579722992  0.0  0.0  0.0  1.0
38591597441115;4.0304954775959185;0.01456312137535776;-0.09640640494870902  0.14064857225949595  0.9853546489494185  8.240767892784687  -0.7514310730698871  -0.6594894598155407  0.02061540242742194  1.0558506612539424  0.6527305320803554  -0.7384386443798647  0.1692667155010829  -0.14133676358965566  0.0  0.0  0.0  1.0
38591597441146;3.50878041807317;0.009672182569890213;0.6224293461490716  -0.4191184259961734  -0.661000343451446  5.842094652256448  -0.22205413360678034  0.715273483046484  -0.6626279545859013  -2.089817378228737  0.7505156033025441  0.559216943091894  0.35214022740717393  -0.2248701106490334  0.0  0.0  0.0  1.0
38591597441177;1.8734213949510077;0.0064553680634857535;0.39886749170191443  -0.5283553797585511  -0.7494967089611672  3.323590762423703  -0.5465574277421775  -0.7932639346528774  0.2683417749044865  0.8539286812288235  -0.7363285287446614  0.30261018267605067  -0.6051837531671596  2.6951350149057505  0.0  0.0  0.0  1.0
38591597441208;4.856694250338816;0.014337974056482773;0.4709374226109665  -0.860421914057275  0.19465886518357223  5.501998545035273  0.8743509636572253  0.4845674218287663  0.026548183627209496  -6.555302081421591  -0.11716798340938457  0.15769763318527757  0.9805116624250527  7.505116008532542  0.0  0.0  0.0  1.0
38591597441239;3.562972413096303;0.004388115657815028;0.19848242042383887  0.8412091151755241  0.5029631729344671  -2.3780564021454977  0.8692252090283236  0.08601343278930232  -0.48687701257038907  2.047632550837312  -0.4528269700143326  0.5338247970312096  -0.714128014645992  6.112845116620361  0.0  0.0  0.0  1.0
38591597441270;3.8856885051039876;0.008089711378768915;0.5285942191034192  -0.15701146907726415  0.8342275169932033  -4.438407783672087  -0.7757453327058635  0.3096941645450792  0.5498260663444338  1.37318912023313  -0.344684392329439  -0.9377829829043204  0.04190163075061332  -2.3151659917552854  0.0  0.0  0.0  1.0
38591597441301;5.885271651627378;0.008026432122456847;-0.8542010834299105  0.30998495211102556  0.4174324358886041  2.506686491848192  -0.32273475568813753  0.31335202847305504  -0.8931140933401178  -5.276502148166229  -0.4076552299898608  -0.8976189813704634  -0.16762272443009282  3.415739043792589  0.0  0.0  0.0  1.0
38591597441332;4.848688954378692;0.011566257984454561;0.9556141711066832  -0.07809486733217258  0.2840822903252826  0.36748600292314215  0.27664502663756496  -0.09380342322011181  -0.9563830022689078  3.736330554827694  0.10133649498965638  0.9925231027480214  -0.06803532387409053  7.853255672328083  0.0  0.0  0.0  1.0
38591597441363;1.9312590227021411;0.00562727576214604;0.5156833125087026  0.760160555753226  -0.39525517160057166  4.332246747718527  -0.755884747252957  0.6208438426917304  0.20782485862403088  2.295697875883323  0.4033719996112574  0.19159554396882944  0.8947525789070986  1.6270561834524035  0.0  0.0  0.0  1.0
38591597441394;1.946076302141685;0.00502813232686951;-0.6146560053741111  -0.5834477874529963  -0.5308358261965221  8.004347029889093  0.7115545396551701  -0.7005590471029111  -0.053918073207237766  -3.618831733555041  -0.34042346005183044  -0.4108597094367679  0.8457577472349131  0.018615854128948565  0.0  0.0  0.0  1.0
38591597441425;2.927510512380139;0.004829245865425808;-0.9552764909914679  -0.23010450303182794  -0.18573837364288465  9.612112605444711  0.030081778796863475  -0.7004588854998856  0.7130585083348178  -7.797356589621917  -0.29418006788945594  0.6755806890436806  0.6760538589844908  3.775392139139137  0.0  0.0  0.0  1.0
38591597441456;2.426629832247053;0.009833507790761586;-0.3953932091707031  -0.13319386907520483  -0.9088033909391352  5.958053937137676  -0.9030419608327206  -0.12445781557955607  0.41112707173884905  4.770496300385901  -0.16786729019403454  0.983244448436879  -0.07106987759219337  1.1310406236003137  0.0  0.0  0.0  1.0
38591597441487;5.191066102703561;0.00674792391725351;-0.02782266005255632  0.8659212354496827  -0.49940596070220894  7.9461039668561275  -0.6568597637291751  0.36075607047991515  0.6621104956165123  3.736333474517039  0.753499270325627  0.34646135658856225  0.558751624614695  4.501719108754705  0.0  0.0  0.0  1.0
38591597441518;4.920812353335283;0.004345579740118698;0.8753094855295472  -0.011351678065586124  -0.4834298749013086  10.249625993199881  -0.48165263399072333  -0.10924629834154266  -0.8695263000441498  -0.9320125565413291  -0.04294234171302155  0.9939498909420763  -0.1010918868378474  1.8395220832709085  0.0  0.0  0.0  1.0
38591597441549;4.927630398119143;0.010649233683803053;0.3859747599155431  0.4326545292351284  -0.8147598069618236  9.73713195174734  -0.8677055607602755  0.470146090712704  -0.16139923547916218  2.7888629665770868  0.3132260278677923  0.7692676463493648  0.5568812653935075  -3.4501046702734297  0.0  0.0  0.0  1.0
38591597441580;4.789769207117012;0.004175369433152141;0.6085250905573667  -0.7919874985673915  -0.049527934290808616  -2.6917205629034124  0.6756168468867927  0.549826445715181  -0.4911545131574789  3.55472862018868  0.4162200023604069  0.26541793779844175  0.869663284225525  -5.460878188290896  0.0  0.0  0.0  1.0
38591597441611;3.8037185845764383;0.007496454968391493;0.9886949223382373  -0.10539212009454853  0.10665294916017919  -0.7792903475921199  -0.14821481328069505  -0.5793165929491662  0.801513976333501  -6.8368710169264775  -0.022687434115743813  -0.8082603455296734  -0.5883880472761978  3.876747738521722  0.0  0.0  0.0  1.0
38591597441642;2.439160696844833;0.0038090757214307366;0.11997232712995695  -0.9891566126836111  -0.08471030815259406  2.472454362286313  0.9927751047486805  0.11935772381751869  0.01230142903678442  -4.029291514240413  -0.002057210312219268  -0.0855741161180516  0.9963296836571441  -2.3410487896476564  0.0  0.0  0.0  1.0
38591597441673;5.598187939653337;0.006733211886653497;-0.21548046288640166  0.808678430586165  0.5473640160066781  7.691671040068073  -0.4627653589761975  -0.5781584770755587  0.6719977663038045  8.231628209293923  0.8598932449123516  -0.10849871561621179  0.4988102204884533  1.774243239372061  0.0  0.0  0.0  1.0
38591597441704;4.778579004204095;0.012670531846655838;0.7055173677314178  -0.6910818917857978  0.1570065688915374  -4.9987882016909655  0.7086475219201449  0.6854421680150092  -0.16729531966950226  1.2035817675361717  0.007995843030496197  0.22929206953718595  0.9733248241679576  4.497695487144864  0.0  0.0  0.0  1.0
38591597441735;4.169490407709132;0.0062032962702456215;0.504975312376718  -0.6802759422531269  -0.531248130614741  -5.492158889182304  0.251084283782159  0.7046461724665382  -0.663649345713426  -1.8607801688185437  0.8258066458485523  0.20173847927422853  0.5266355187912084  -0.9913770844285732  0.0  0.0  0.0  1.0
38591597441766;1.9262032552907409;0.006710302490414207;0.038116696597695  0.6543158693029242  -0.7552601277830289  7.620567731711008  -0.9876182179403799  0.1397666812844456  0.0712427567897298  0.5914877310013391  0.15217546790710904  0.7431931229371611  0.6515417169960503  -0.05565351416195119  0.0  0.0  0.0  1.0
38591597441797;2.2135128812075298;0.005490122019431653;-0.07129295683569302  0.4722441463806397  0.878579979577754  -3.001134778266102  0.18152047401646493  -0.8599703780410364  0.47697092825957016  0.6224741522148787  0.9807994860410882  0.1934849221546197  -0.024412150260860317  -0.3128793059476156  0.0  0.0  0.0  1.0
38591597441828;5.443305572519713;0.018275875534272273;0.5448559558263442  0.3439916295598634  0.764723313488814  -2.2047043857438076  -0.4851180351198521  -0.6145525532176436  0.6220817079251965  4.149299448464316  0.6839535652381783  -0.7099259948237036  -0.1679660753591624  -8.296437959804607  0.0  0.0  0.0  1.0
38591597441859;1.9328163177142916;0.003286198617610928;0.5011201575215326  -0.8644085735679663  -0.04094393322322153  -2.080480999157259  0.8537719604461007  0.48612311029900823  0.18643433479174404  -1.9135031856019449  -0.14125164523507688  -0.1283827853546251  0.9816138920894373  -3.3136158466688372  0.0  0.0  0.0  1.0
38591597441890;4.287804159875307;0.005496110834675324;0.0676218675797249  -0.97145979586778  0.22736127207060042  6.456394741208498  -0.7533466512476108  -0.19912490940141592  -0.6267520191510264  2.4627929627781864  0.6541376812866242  -0.128899710893428  -0.7453111822940468  -1.244159716650396  0.0  0.0  0.0  1.0
38591597441921;4.652169079942416;0.006979396692155278;-0.32714858848075284  -0.9348959190456415  -0.13763510310548083  6.897822497407512  0.9429184441233751  -0.3325553309757725  0.017656714630643753  -4.300371847476873  -0.06227847771907005  -0.1240023080083577  0.9903256125242825  -4.155514839360247  0.0  0.0  0.0  1.0
38591597441952;1.783388299920841;0.012035067151178273;0.5494159980860885  -0.8354549577782707  0.012532939430817545  -0.218252572895899  0.8354610185406005  0.5490787543752307  -0.022746603984942954  -6.050482917651945  0.012122192300506039  0.02296813047363489  0.9996627018331617  0.10579436285512303  0.0  0.0  0.0  1.0
38591597441983;5.49349230429743;0.00613210263058477;0.1274831344908207  -0.9880293599970287  -0.08686791239726223  4.023430093934959  -0.257942214007426  0.051542532829983015  -0.9647845259654708  -9.604377372855296  0.9577128299513081  0.1454006571282717  -0.24828367697721118  -4.037924081531951  0.0  0.0  0.0  1.0
38591597442014;1.4576110063785062;0.01599477335760586;0.009364328401313873  0.3290166093227696  -0.9442777028731216  3.9234360361243135  -0.7741637176805976  0.6000864397816091  0.2014120230204454  3.9667658700546804  0.6329161457733148  0.7291394486516145  0.26033212794327043  -2.298970207645636  0.0  0.0  0.0  1.0
38591597442045;3.4058146160113;0.0028590121038180078;0.5983994520912718  -0.7933515018298328  0.11185477317135754  2.850167092227681  0.7991659410375465  0.6009730604143608  -0.012852211551733661  -1.276031123382467  -0.057025384018342236  0.09708128141174775  0.9936414496069569  7.419831836622773  0.0  0.0  0.0  1.0
38591597442076;1.5195309119701852;0.018123710259083086;0.8672710103536977  -0.395508773353167  0.302347159405789  -0.7321423248199321  0.4939345691921951  0.6077210747004816  -0.6218550769446307  -1.9821400232363102  0.06220639803908611  0.6886565948029285  0.7224143260466516  0.035000182876129785  0.0  0.0  0.0  1.0
38591597442107;3.7055155609155883;0.009355149776817432;0.6430348489180306  -0.7056979182471802  -0.29748383360875463  -5.841566166927438  0.7041767258756231  0.39212654030362715  0.5919222205024867  3.0134526127614714  -0.3010669723035922  -0.5901078075835834  0.7490870801294359  1.820887018927484  0.0  0.0  0.0  1.0
38591597442138;5.646923884727078;0.0220707624413177;0.3629022754853606  0.8973976488869557  0.25095696487587743  3.972921397769087  0.9316472930981624  -0.35471811887277066  -0.07879325736526871  -4.246337766440219  0.01831009859105423  0.2623976294015015  -0.9647861029130027  11.187199800173378  0.0  0.0  0.0  1.0
38591597442169;1.4800799852740398;0.022070773402459082;0.08565469912663821  0.9850379787600626  -0.14954415039651775  3.980952146098436  -0.6613604636188088  -0.05604466923536002  -0.7479714782077025  3.2081940295843716  -0.7451614655089466  0.16296986055890925  0.6466646850338819  2.5546542465907733  0.0  0.0  0.0  1.0
38591597442200;3.2131369785042154;0.003972014132290129;-0.052107317635736214  -0.916075312272792  -0.3976064004679955  -5.144542209410736  -0.9638506481422078  -0.05804277171209205  0.2600441591880563  -0.7857110621680579  -0.2612982118665448  0.3967833903986977  -0.8799353303391461  -2.9874015493082626  0.0  0.0  0.0  1.0
38591597442231;3.3002375565089763;0.006610340216268626;-0.3735366750999349  -0.45056433261878825  0.8108403878243061  8.208736340399792  -0.7076532417926122  -0.4267432860160722  -0.5631314741875212  -0.22165570143731628  0.5997476483786259  -0.784144087532381  -0.15943904243414617  -7.554869377541252  0.0  0.0  0.0  1.0
38591597442262;3.603766945068243;0.003996939363978735;0.5110977948660678  -0.23644171076542211  0.8263621249145946  0.11907936728215415  0.7176142988647694  0.6465518215863748  -0.2588444708085665  4.950515540479489  -0.4730843076533706  0.7253041151225201  0.5001251627727501  6.041040786767691  0.0  0.0  0.0  1.0
38591597442293;2.0154890518338;0.007555612730602348;0.7321058051293122  -0.15725108957822084  0.6627919620230941  -1.220637581228999  0.08910350349393936  -0.94252337954895  -0.3220407500126793  -4.333207072396931  0.6753381788119681  0.29482498847636  -0.6760152146282263  0.4464151083600334  0.0  0.0  0.0  1.0
38591597442324;5.849680243723311;0.00773568295191964;0.02372957612792885  0.8502514358197372  0.5258416140847575  -3.001001551383087  -0.9561257507724277  -0.13432730421946468  0.260345393757969  0.5618429871786873  0.29199393131818563  -0.5089485938949094  0.8097597624269461  -4.568934078631085  0.0  0.0  0.0  1.0
38591597442355;5.300655887315837;0.006824272781296966;0.058946758527611165  -0.9209624266873883  -0.3851668317614643  -3.363244763972481  -0.4855089444790756  -0.3635792645606623  0.7950416235722134  2.6998724368080667  -0.8722421363875402  0.14013681533274713  -0.4685673147995859  0.08084656318709826  0.0  0.0  0.0  1.0
38591597442386;1.9258199135952243;0.004859452762966718;0.6820985724825283  0.1451032888758978  -0.7167193125448027  -2.815330190102821  -0.6907925680669946  -0.19366871591970913  -0.6966333730000439  2.461961044747234  -0.239889902498425  0.9702770037630535  -0.03186488110580951  -2.079868693298071  0.0  0.0  0.0  1.0
38591597442417;4.983836368994222;0.010649213888595622;-0.9437686651606013  0.26507742756463987  0.1975719212253837  7.431850511304243  -0.26151685572732875  -0.9641775896761554  0.044390423930975184  -5.314640527211514  0.20226131817890447  -0.009774096479620152  0.9792828121674244  -7.8420187815942874  0.0  0.0  0.0  1.0
38591597442448;3.9670676070792013;0.010199102184523459;0.3787737707606002  -0.8494342246785846  0.3674124773718059  -4.361053802224213  0.6358556355647026  -0.049609558554213534  -0.7702119853784832  0.5722396311133533  0.6724715914478505  0.525357392300468  0.5213267392440635  7.027832752251112  0.0  0.0  0.0  1.0
38591597442479;2.535069451706357;0.006824193834324481;-0.5379856459884544  -0.8241116676206257  -0.1772326267986159  4.7424761690553945  0.4342746113872667  -0.09076232064604245  -0.8961962748502049  0.8411847876435636  0.7224797620797585  -0.5591083619858473  0.40671959989983164  -1.4135860770005226  0.0  0.0  0.0  1.0
38591597442510;2.7117678210954486;0.01732491720165032;0.1031923800944829  -0.4134521260411683  0.9046594232983333  -0.7769340496946034  0.9093816850865545  0.4076811542011039  0.08258951106764897  -4.726353953970112  -0.4029594067887895  0.8141581025705589  0.41805537970361417  1.672377462841413  0.0  0.0  0.0  1.0
38591597442541;1.1504027505085501;0.007095145854830169;0.6505480983559426  -0.6901133891689104  0.3170657373720273  -1.1450768042517805  0.5930796078715552  0.7224091914336087  0.35550181273681714  -0.5933047852447088  -0.4743877638097231  -0.04322580504791935  0.879254103957195  -1.026315183069699  0.0  0.0  0.0  1.0
38591597442572;2.4453153833729853;0.01175598056901912;-0.26820194246170637  0.1402328781269196  0.9531014940456273  6.580493380533943  0.1464172079754778  -0.9719213157378133  0.1842035754895731  -6.700899397473201  0.9521710556766748  0.18895421643011248  0.24013867831911018  -1.4165050299383168  0.0  0.0  0.0  1.0
38591597442603;2.022769694472952;0.006581233870502328;-0.5624848643865236  -0.7697892643490595  0.30172050946034157  7.01080077669513  0.7797751442780134  -0.6152285819218873  -0.11595049095448569  -2.087517231240641  0.2748845243048011  0.17005375761598882  0.9463193001404995  0.023591195223864898  0.0  0.0  0.0  1.0
38591597442634;2.3143065310168365;0.022070777056201946;0.9530344950695118  -0.20994667077832668  0.21828340898175844  1.9215755029403119  -0.1739045455503569  0.2107256958455692  0.9619521246649047  -0.3782572736949937  -0.24795656927075854  -0.9547340344512163  0.1643181767668382  4.364611802662736  0.0  0.0  0.0  1.0
38591597442665;1.7442633128967042;0.015387230624612577;-0.3525062563461445  0.8586895980509489  -0.37201009856713263  5.261791692288764  -0.7604082603880598  -0.49453585860662214  -0.42096741214233835  2.843844700752244  -0.5454526714302831  0.1344859054002037  0.8272816476135898  3.6013324362112744  0.0  0.0  0.0  1.0
38591597442696;4.239524031860057;0.008754159613542839;-0.09661685554745139  -0.9909930930339087  -0.0927247150613574  -5.2345816734533805  0.9926923553316641  -0.10270958567709249  0.06334531297667387  0.7922953935853925  -0.07229848470193351  -0.08592689083824089  0.9936747448439442  -4.249777557734526  0.0  0.0  0.0  1.0
38591597442727;3.3606588330920775;0.003679664009090069;0.463747537892351  0.8221322674231368  -0.3302071409895229  0.3210431376667272  -0.8599641590477128  0.32806843469339797  -0.39093829092477544  -6.690308350911044  -0.21307244367149653  0.4652629761968129  0.8591452128297881  2.3253041218144412  0.0  0.0  0.0  1.0
38591597442758;5.505400493338908;0.016400196791411605;-0.4935619756667465  0.8437225736760522  -0.21101847038919758  9.089309027244795  0.07261256469033638  -0.201807149726615  -0.9767298960144056  7.6282326255809725  -0.8666740977005309  -0.49739932950163707  0.038339475560993534  0.5747435191761051  0.0  0.0  0.0  1.0
38591597442789;2.5679788633882894;0.0054901198096986275;0.9977801647510601  -0.05427983705744555  -0.03858033331069799  4.687863359072855  0.03990309352018674  0.02349992210014469  0.9989271729154265  -1.579331573465723  -0.05331496935070507  -0.998249193814002  0.0256136895590832  2.6048693022967506  0.0  0.0  0.0  1.0
38591597442820;4.890369584704633;0.005462006361736816;0.6264103846985616  -0.0853559943086429  0.7748060300342171  -7.381918823784352  0.7012140602181669  0.4958413545952028  -0.5122891691472191  4.67068967059157  -0.34045392007458786  0.8642081377242278  0.37045299701455886  -0.3357117946993489  0.0  0.0  0.0  1.0
38591597442851;3.7198562228278598;0.00545739834863734;-0.46521019557517945  -0.11789642111710469  0.8773140303338834  -3.628982322773652  0.138971596758845  0.9690736747236949  0.20391936703464897  4.147710626746824  -0.8742232948321614  0.21678710027419335  -0.4344386998501702  -2.477327336872101  0.0  0.0  0.0  1.0
38591597442882;2.8047071756103454;0.006824272966465395;-0.6498797512749735  -0.4274323589523154  0.6284567506226962  0.5644098597408674  0.7058383171657917  -0.646073188504918  0.2904852924257158  -8.142547844194738  0.28186624292976836  0.6323693648616673  0.7215680199961116  -0.9551082303458395  0.0  0.0  0.0  1.0
38591597442913;2.6498156260201227;0.005116220946046982;-0.6611186221382932  -0.003466467783009467  -0.750273384216096  0.9824903490024027  0.6266130793188005  0.547433818601473  -0.5546821279598073  -3.459574621528733  0.4126478114428514  -0.8368417997761098  -0.35974655781383913  -1.661487920322707  0.0  0.0  0.0  1.0
38591597442944;3.9890625842330967;0.009025657106764094;0.49080813413425645  -0.8698398662955098  -0.049859627662657835  -3.3901920277377524  0.8664804818815836  0.4933022041128884  -0.07658008837566024  1.623387891213966  0.09120827805581977  -0.005616263916081823  0.9958160008725093  -1.46440308499141  0.0  0.0  0.0  1.0
38591597442975;4.829702581700206;0.007378117498742672;-0.1265254709386405  0.9911172780318663  0.04096152329270549  4.459111609661906  -0.2548302160764854  -0.07238356205857194  0.9642728767927281  -7.285167953213014  0.9586724498900381  0.11156684601805554  0.2617249943956758  -5.14933879226787  0.0  0.0  0.0  1.0
38591597443006;1.5836086183196916;0.005307320107817393;0.605809340079241  -0.40497810485046976  0.6848268234119322  -0.47432044648654076  -0.3862357333598472  0.6028258860837606  0.6981567942398827  2.4663718174891964  -0.6955695520569715  -0.6874544971553037  0.2087805369094842  4.006558471277961  0.0  0.0  0.0  1.0
38591597443037;3.2675087807083063;0.013175193937176033;-0.24191843948372302  -0.7153832094567555  -0.6555168436166324  6.425834243900443  0.9639874952790003  -0.10028629896744556  -0.2463143665828919  1.4679355987526495  0.11046980394424322  -0.6914980273773489  0.7138815731966724  -4.178748402808653  0.0  0.0  0.0  1.0
38591597443068;3.1958174120499194;0.004690335452437865;0.4256607623181613  0.34448485084865527  0.83674554253877  -5.427934096215752  -0.3739850975065312  0.909002460319307  -0.18398280891560548  1.4684412542045038  -0.8239830473169647  -0.23461610061806418  0.5157588807427579  -2.4559921544788286  0.0  0.0  0.0  1.0
38591597443099;4.778408638902547;0.0068242611095493495;0.4010514424713242  -0.7019259185181644  -0.588606613455966  -1.341972488679719  0.1037704634593443  -0.6035973135281137  0.7905074155345267  -1.0960286642613168  -0.9101590143513949  -0.3781141203579612  -0.16923439538351023  5.95310050500773  0.0  0.0  0.0  1.0
