# registration_from_features.py TEASER TEASER_config.json euclidean True --use_random_keypoints=True --n_keypoints=5000 --input_txt=/SSD/point_clouds_registration_benchmark//tum/long_office_household_global.txt --input_pcd_dir=/SSD/point_clouds_registration_benchmark//tum/long_office_household/ --input_features_dir=/SSD/features/3DSmoothNet/voxel_01/tum/long_office_household/ --output_dir=/root/neural_registration_comparison/results/3DSmoothNet/voxel_01/TEASER_mutual_on
id;initial_error;final_error;transformation
26456013410030;24.056836472779853;0.037772448147399336;0.17206263487885612  -0.7289125485023008  -0.6626318331580726  10.831440254127536  0.39422546093104077  -0.5654980625904757  0.7244295874411322  -0.52912205132048  -0.9027628346538507  -0.3858736034536452  0.1900547987435334  7.238466559384843  0.0  0.0  0.0  1.0
26456013410061;16.110941053263648;0.15665561467984684;0.2567083424615502  0.3694765980339105  -0.8930777516072896  0.8755786580795571  -0.802750740331715  0.5961034977550528  0.01587037684099364  -1.9801321180356994  0.5382305043450493  0.7128447681434432  0.449622353451197  5.6969162648319225  0.0  0.0  0.0  1.0
26456013410092;32.82719740492137;0.048487475669654945;0.669919881660963  0.6259284959934721  0.39927543132368093  -4.596813563818377  -0.7055068569771614  0.7041979060167879  0.07978335615765231  -3.295840018964881  -0.2312302465370149  -0.33514001113701913  0.9133530237654606  -9.390787268492288  0.0  0.0  0.0  1.0
26456013410123;8.030007789245241;0.04928003399665729;-0.4180209900207783  -0.136842188215792  -0.8980716382485103  -4.215657403065709  0.8315199334334609  0.34047271551877323  -0.43892246500958093  2.314791661349746  0.36583199997384386  -0.930243272220545  -0.02853773438013588  3.254579388143755  0.0  0.0  0.0  1.0
26456013410154;21.220771897058373;0.09388630931070302;-0.31622474480245055  0.947447466079056  -0.04842736617864099  3.5699290394655434  -0.8366397235036007  -0.3025792232474206  -0.4565958680439471  -7.17226417373099  -0.4472537130426564  -0.10387065360034464  0.8883552237085086  -1.262965537064646  0.0  0.0  0.0  1.0
26456013410185;19.26200113698659;0.017440496834349433;-0.7903194846513352  -0.561469605260639  -0.2452488420949456  4.979426268204884  0.6119833198568067  -0.7426890975912936  -0.27182590115011496  -7.38116761268861  -0.029521659802432217  -0.3649175066881465  0.9305716978906126  5.653872129330578  0.0  0.0  0.0  1.0
26456013410216;50.426729253589905;1.3266831727750226;0.36246194256708375  0.7510549617340697  -0.5518494220755623  3.4008013758606226  -0.48547945364241707  -0.3532875823506185  -0.7996859285043822  5.475430743000402  -0.7955696325787938  0.5577672710113879  0.23656844909444918  -12.721977102041425  0.0  0.0  0.0  1.0
26456013410247;16.43598563955728;0.1420522403199011;0.909365278535934  0.2896052580443275  0.29863620796270196  7.430333374298274  0.09819860907029054  0.5481506442240942  -0.8305949099370712  -6.920132264780007  -0.40424228300602627  0.7846398318654167  0.4700303297450996  8.886910000769662  0.0  0.0  0.0  1.0
26456013410278;4.451095854873883;0.01927173675678487;0.4859316858893167  -0.8543202261115006  0.18441081287592825  -1.505196643733748  0.8739820843497502  0.4762079275676421  -0.0968572452498927  -3.494898662321857  -0.005070787358284652  0.20823775108881074  0.9780650929958808  -2.1173514397697524  0.0  0.0  0.0  1.0
26456013410309;14.843187227628507;0.11621720489944892;-0.4452652172540095  0.8259829316049416  0.34567482263110494  2.649150374485542  0.15249686344105193  0.4503715097477855  -0.8797216661240874  1.4377899972448558  -0.8823171725317261  -0.33899513256801533  -0.32649457445846275  -2.306815119076109  0.0  0.0  0.0  1.0
26456013410340;36.61625219677321;0.06956211703688762;0.4321097803199102  -0.8814991786727373  0.19036894639401686  -14.52157720766778  0.8896212295726521  0.4512632143115325  0.07025367821591577  0.8479130610508034  -0.14783506230093232  0.13899895470295054  0.9791956316007366  -6.159562207360204  0.0  0.0  0.0  1.0
26456013410371;16.775870467996327;0.2502335845807931;0.4379894958486042  -0.8989794705388908  -0.0010550241235708067  -1.6768872656206055  0.18775006348314266  0.09032540439481476  0.9780548220744018  -7.013806777950546  -0.8791559106258467  -0.42857581927884014  0.20834503099692497  0.5137893705319502  0.0  0.0  0.0  1.0
26456013410402;13.98992247418953;0.0881848960383211;-0.5429430767454149  -0.13231975712997396  -0.8292793843375624  2.369346244009755  -0.4708091961353063  0.8656778696300693  0.17011915490964205  -3.644492884642664  0.6953786855006768  0.4827973776915202  -0.5323111644945481  8.712181054750618  0.0  0.0  0.0  1.0
26456013410433;17.58225518951724;0.09368769335975935;0.3690518947918185  -0.920655659063801  -0.12725508392345966  -4.384889611962931  0.9292216673971366  0.36275518107419674  0.07039724031176195  -1.2333911348060629  -0.018649176664231226  -0.14422841619329055  0.9893686735348568  -10.895996566562848  0.0  0.0  0.0  1.0
26456013410464;29.267796526965547;0.11537069547922522;-0.1368939176100068  0.8939482423938444  -0.4267512100068857  -0.6608109895890909  0.8655253272247476  -0.10159060422315379  -0.49045413349880995  6.5774549052699935  -0.4817945238936184  -0.43650416842744  -0.7598277092154453  10.369464309818763  0.0  0.0  0.0  1.0
26456013410495;22.000074074649238;0.04093816390167916;-0.16694181361402557  0.8848130304460968  0.43501302511540435  -6.091095002687762  -0.8093522439227798  0.12899883862653425  -0.572981888797689  -1.7397053219182979  -0.563098016445114  -0.4477334036966652  0.6945901115692468  9.400744500191067  0.0  0.0  0.0  1.0
26456013410526;28.53243280520365;0.06320700998756426;0.7866559483092387  0.23793900482178088  0.5696994374002095  -11.296168473378703  -0.4379745362781562  -0.4352969441126099  0.7865715962442057  4.91650812483818  0.4351444869944099  -0.868275071869879  -0.23821770506771311  3.3279796162169926  0.0  0.0  0.0  1.0
26456013410557;13.431394888809669;0.06294578742145805;0.8802105643858007  0.07152745808458487  0.46916221617217596  -5.99391055177812  0.465903986093154  -0.318435485395818  -0.8255497061856665  4.608155084315923  0.09034842603022794  0.9452421194491326  -0.31361520615743876  -4.496739443537378  0.0  0.0  0.0  1.0
26456013410588;23.13991134769726;0.029640514990099412;0.1918806002636205  0.5235729968149124  -0.8300922552636689  12.8697355959282  -0.7689253046823767  0.6057977707845391  0.2043598217155146  -1.1813982647927195  0.6098653220683944  0.5990662550325584  0.518829365995872  3.5176910425892647  0.0  0.0  0.0  1.0
26456013410619;11.220211835576826;0.02599697714127009;0.7884222841490628  0.5760678372101384  -0.215722388242872  1.7628079725272912  -0.08662690349674652  -0.24321769891552147  -0.9660957149914312  1.431035890756335  -0.6090041719460882  0.7803787528285693  -0.14185528078287227  6.6517425039728115  0.0  0.0  0.0  1.0
26456013410650;8.379680664534527;0.20441306806050777;0.5048941582654863  -0.8629278589190524  -0.020914092157338735  -1.5105712943428677  0.8535286359517836  0.5027148756264432  -0.13699131882779278  -0.9196488235526559  0.12872745068428088  0.05131534005801412  0.9903514423249239  -1.710269540244663  0.0  0.0  0.0  1.0
26456013410681;3.751139155323144;0.07063187805657861;0.5503325357675706  -0.8255100237574065  -0.1251690886428527  -1.0657711239750325  0.7837596139550137  0.5624388129174195  -0.2634073826929164  1.6497580435976171  0.2878453883749469  0.04685917626346843  0.9565297956630451  -1.1435246241003396  0.0  0.0  0.0  1.0
26456013410712;8.36841917267873;0.0114694617637773;-0.5751229528274918  0.8137570344108023  -0.08386344899849107  -3.1673585058491875  -0.8047107689361729  -0.5812013559452456  -0.12101885062072118  -3.3927762343411603  -0.14722149126109  -0.0021148981875630368  0.9891012889065086  8.360975495590337  0.0  0.0  0.0  1.0
26456013410743;2.3847560530595797;0.026630891922079566;0.39926973535383925  0.4049975499318317  -0.8225330771340985  -0.6469529666740012  -0.8538591908244193  0.49101471317760054  -0.17271083836223622  -0.19602313754873332  0.33392837656470997  0.7712856383936705  0.5418581948559277  -0.31531118291025423  0.0  0.0  0.0  1.0
26456013410774;15.963195035722586;0.05562768644777823;-0.14977868901389904  -0.9807289120501396  0.12544777951891342  -10.190375223681704  0.9147898512392176  -0.1855990280551319  -0.3587652837925085  1.445209880220575  0.3751344724055715  0.06102296169425567  0.9249596346646994  -3.882310909276456  0.0  0.0  0.0  1.0
26456013410805;5.1512682190192525;0.04727436356088905;0.2644383943075243  -0.6195449790416525  0.7390780436194387  1.520856329041635  -0.10100203112762399  0.7443525484791386  0.6601044411914722  2.007426999419489  -0.9590990174763776  -0.24920534207133246  0.13426009146040885  0.606953345633151  0.0  0.0  0.0  1.0
26456013410836;18.642995246390836;0.04513873513088101;-0.33044714390363933  0.006805756188049318  0.9437999612039811  -4.856031482003033  0.5768401399596362  -0.7900200873471404  0.2076625014762257  10.721351644285576  0.7470342281430445  0.6130431822235082  0.2571340481383207  8.735005153611354  0.0  0.0  0.0  1.0
26456013410867;29.507135292695715;0.29960463398251475;0.06664630138976516  -0.5692064935186443  0.8194890104493622  -7.909081828749302  0.9828533628774814  -0.10406624899354962  -0.1522152518666889  6.360902993460519  0.17192305718399611  0.8155821133133212  0.552510885731572  -0.04926814642661377  0.0  0.0  0.0  1.0
26456013410898;5.642843118076654;0.0223107897180063;-0.9919604672222836  0.07346952658066548  0.1030371783977142  0.4637435695674889  -0.07955939925336333  -0.9952395159835599  -0.05629038830256263  1.4513509966082319  0.0984110433772217  -0.06403541589481757  0.9930834466713185  2.8296423926788843  0.0  0.0  0.0  1.0
26456013410929;7.924184270643275;0.02033708378167665;-0.9422632687200437  0.17611728544431607  0.28482035423884977  0.5046678840986498  -0.2724976605407958  0.09110873421206024  -0.9578330875210302  3.402048627095836  -0.19464058523548405  -0.9801438161402647  -0.037856865443229915  3.4185055043168906  0.0  0.0  0.0  1.0
26456013410960;5.477806233433959;0.01360693246256174;0.8804922514634915  0.4686815616711819  -0.07121087601072029  3.816486336688081  -0.12045369840263634  0.36646993156917296  0.9225999652052955  1.8017520098549034  0.4585022373488254  -0.8037645071817665  0.3791283626174298  -0.46278050150518646  0.0  0.0  0.0  1.0
26456013410991;10.096749814870382;0.02056023222301866;-0.34121185174759344  -0.17958998939405274  -0.9226710724502112  -9.215842740709624  -0.9178202430744616  -0.1482557377263336  0.36827467688392185  1.0373549022028683  -0.20292972584053506  0.972505872445336  -0.11424471291758156  5.075107717243309  0.0  0.0  0.0  1.0
26456013411022;35.36518793250331;0.2784020964094091;-0.1124171091400429  -0.8790830958672625  0.4632227370639597  -10.65132649063768  0.10644186714544682  0.4528417573359006  0.8852143648470274  -6.5003643698057525  -0.9879435826458858  0.1488195329026541  0.042664084842512454  3.494268473772045  0.0  0.0  0.0  1.0
26456013411053;24.5254343392253;0.02287817235809741;-0.05188265520312827  0.3524350256648862  -0.9343969942019641  -10.672915440897059  -0.992945984095772  0.08168303559249832  0.0859427388699866  -8.386835060532357  0.10661361431427682  0.9322646804320038  0.3457110106170484  -4.383704403361601  0.0  0.0  0.0  1.0
26456013411084;24.922393186294816;0.08549787547799942;-0.15386232322549215  -0.9348126605690412  0.3200807322090557  -9.806890639298937  -0.4840937084087317  -0.21108057156275212  -0.8491750548549009  1.830249970894094  0.8613824162186828  -0.2856051154103737  -0.4200595803938906  -2.5279556689520364  0.0  0.0  0.0  1.0
26456013411115;40.938989354120714;0.06081002036859326;0.9983025793746273  0.05058444541865667  0.028864751785770474  0.5300479162933733  0.0027166436001975188  0.45462862448154107  -0.8906769524634454  15.345167491233232  -0.058177142087908654  0.8892435142769994  0.45371950856754495  1.341813892637695  0.0  0.0  0.0  1.0
26456013411146;41.67514629420138;0.12615823776801807;0.6594375995876762  0.738817505344934  0.13889113019171875  -0.4195769808537672  0.12868568987421017  -0.29296659679986525  0.9474231189817481  12.145221175313113  0.7406632470101663  -0.606893126469063  -0.28826842971952954  -1.737987172457945  0.0  0.0  0.0  1.0
26456013411177;4.1746707975987976;0.20130187480509706;-0.5359713252587746  0.7244451866376054  0.4334903805829585  -1.8428730209298319  0.4937941156265815  0.6854864652288841  -0.5350473599229998  2.383806450258695  -0.6847642732159114  -0.07271504346154745  -0.725127859471328  0.8068994859914651  0.0  0.0  0.0  1.0
26456013411208;35.325158197734496;0.2175762989967822;-0.6146270638368965  -0.5111259674022601  -0.6008192888434426  -10.126900977228466  -0.045236324146870024  -0.7375782339425272  0.6737447764486955  -10.909620209058236  -0.7875196806283102  0.44128062982792154  0.4302140843368075  2.950486369640611  0.0  0.0  0.0  1.0
26456013411239;38.287446358366964;0.022881880361130917;0.336783039907224  -0.3031008714009608  -0.8914634293042125  1.912982939511638  0.4653089372382315  0.8766613126018982  -0.12228056228749076  -12.960826933092706  0.818574845055158  -0.3736238813875468  0.4362802061746872  2.0625138272238903  0.0  0.0  0.0  1.0
26456013411270;39.86833487442807;0.11685159044988534;-0.3432413898757037  -0.9367624278170041  0.06827519393298676  10.003024288212995  0.9363326308866073  -0.3469931963709721  -0.053636983595471754  0.0753294363090228  0.07393613874933008  0.045517859161516905  0.9962236555534068  9.439553065163864  0.0  0.0  0.0  1.0
26456013411301;37.42145376735778;0.046630695787156166;0.5272259624459011  -0.12323852482908064  0.840740774865205  11.710001096220228  -0.8481148485067778  -0.01543642116083338  0.5295875004605669  -3.2786390986444567  -0.05228755363677566  -0.9922570145379155  -0.11265890481885502  -3.965878650190753  0.0  0.0  0.0  1.0
26456013411332;43.158266358040244;0.05161744543517975;0.9159520767651133  -0.33386575423141857  0.2226329967034572  -7.617273822585294  0.36051391496103535  0.4409658113394117  -0.8219360500362798  -10.642987143428726  0.17624275925309096  0.8331163252399153  0.5242668008081349  -6.008892939400087  0.0  0.0  0.0  1.0
26456013411363;34.12568423335386;0.09544468236434012;-0.5002585634957099  -0.8078790009906258  0.311565224965171  -1.5573502183034893  -0.8437365280415403  0.5356647770533782  0.03423328603512585  11.453736616094117  -0.1945508696912376  -0.24575346667492484  -0.9496079152574708  -4.469697222758861  0.0  0.0  0.0  1.0
26456013411394;6.137811103386027;0.0162402702753418;-0.3849672905858263  -0.8655449270648727  0.32036255151198945  -1.3811633234978211  0.9162784386444552  -0.31682950761100553  0.24505690355965845  1.7888619088258553  -0.11060745026573918  0.38788019070227314  0.9150491514702802  3.7530082582371755  0.0  0.0  0.0  1.0
26456013411425;9.98424384019515;0.019500342416203194;0.8714710283904654  -0.11177019872565995  -0.47754127502540766  7.633528428286202  0.4238971113662473  0.6613828710956672  0.6187761604947325  2.7398820628185594  0.2466768851177926  -0.7416738639712726  0.6237550752102179  1.4669616106864896  0.0  0.0  0.0  1.0
26456013411456;3.553039626498096;0.05181456121599249;0.6786085936464973  0.7266067135171764  0.10739208770152336  -0.7295410883129532  -0.4905863237866866  0.3395690685570921  0.8025072626417371  -3.7526195026080256  0.5466401334905701  -0.5972734144016769  0.586897804482497  -0.18685221635947416  0.0  0.0  0.0  1.0
26456013411487;8.907789434141892;0.04786410382711837;-0.5001398018175589  0.0286159450288081  -0.8654717247420631  1.5458965999967695  0.7491390997400305  -0.4870066375499499  -0.44901575052885195  -1.267569264390289  -0.4343394845953904  -0.8729293572061828  0.22213407989097594  0.32738104336218865  0.0  0.0  0.0  1.0
26456013411518;13.190832874792818;0.0341795531963053;-0.5731684462077408  0.8192261460064375  0.018613274060285307  1.4470206222640642  -0.623554980444946  -0.4213053623849093  -0.6585445907362856  -9.099981176020336  -0.531655074869136  -0.38906337957350695  0.7523114833901807  0.7254177472049813  0.0  0.0  0.0  1.0
26456013411549;11.678534346863168;0.026218198416303164;-0.11441420689093397  0.9815474115665268  -0.15321249331751394  3.0455496742024835  -0.977665165189071  -0.13862004261157101  -0.15797249305557082  -2.494459156230523  -0.17629581400970595  0.13171622008476003  0.9754848145046842  1.023227496080792  0.0  0.0  0.0  1.0
26456013411580;28.01403905500884;0.07229786801452528;0.5525966156812144  -0.8329740131391323  -0.028129588915505335  -1.3532662551961114  0.7283704886912022  0.46624695627020135  0.5020858561765237  7.129866141977268  -0.40510913534676973  -0.29793970732962116  0.8643601791238023  6.8532710242089925  0.0  0.0  0.0  1.0
26456013411611;4.839169248689441;0.023248890624092883;-0.9056364980124213  -0.3469224541957427  -0.243859271389463  -1.881831105656298  0.2085821117856969  -0.8651239981440554  0.4561293352529108  2.1125943274302528  -0.36921001626556116  0.36222269201424434  0.855849686147712  -1.343016643942788  0.0  0.0  0.0  1.0
26456013411642;15.458613024673555;0.020052973330907085;-0.06883572557081756  0.8844672939061656  -0.4614967485209872  -3.094997840372769  -0.9959708039542295  -0.08757885001606242  -0.0192899637280455  -3.888920655920289  -0.057478696539712534  0.4583094489972561  0.8869321554684599  4.06604871638578  0.0  0.0  0.0  1.0
26456013411673;20.589511477104207;0.06567907643432802;0.16715219318784513  0.9791048968462238  -0.11581772439586997  3.5154437125555393  -0.9833156550485573  0.1570037797189035  -0.09187021111549243  -2.601433644843431  -0.07176675308888099  0.12924168880714304  0.9890126991223911  -7.1247074281144105  0.0  0.0  0.0  1.0
26456013411704;7.41267435151194;0.01821005069119319;0.4624053940217742  -0.016877913845407  -0.8865079737959465  3.097050603994649  0.3714024841586362  -0.9041928953599886  0.2109393342677342  -4.879026076245273  -0.8051344274966524  -0.42679074967101616  -0.411835172921025  4.121562903714066  0.0  0.0  0.0  1.0
26456013411735;21.757255182572877;0.02476481384296879;-0.39264155097534303  -0.41593847574072335  -0.8202608102586393  3.332814476872161  0.834951485665638  0.21273008463567827  -0.507545000640968  12.037556500582467  0.3856016455260793  -0.8841612384002028  0.2637617778947494  4.393300548545004  0.0  0.0  0.0  1.0
26456013411766;12.304723833976745;0.027388582913814012;-0.979251809310087  0.07627694800661919  -0.18774376465202844  0.04846247449903283  0.09053366808611349  -0.6641890951011717  -0.7420623295192662  -1.9427074112992175  -0.18129961088153002  -0.7436630104768439  0.6435027412083998  7.193683223220664  0.0  0.0  0.0  1.0
26456013411797;8.573971267035956;0.05214374653966908;-0.7160228538369371  0.5452792820366881  0.43586899105667426  0.21588957133605366  0.1304020861559116  0.7178725124175365  -0.6838525804890421  3.6616363635522164  -0.685789011802752  -0.4328158505610547  -0.5851186809474778  0.669867911480767  0.0  0.0  0.0  1.0
26456013411828;17.226941609016762;0.025562362763878545;-0.605236536482219  0.7960336310384707  -0.004381000195832624  0.289147956760085  -0.6329761743694292  -0.4845842439111787  -0.603754315291968  -5.255641656444183  -0.4827317035244832  -0.3626411019296345  0.7971584118627937  4.160279716644462  0.0  0.0  0.0  1.0
26456013411859;33.57411777214782;0.25575683351632483;0.13024399458614763  0.6172041148834515  0.7759481828351555  1.1789924524207989  -0.9609817903276578  0.27120557467815576  -0.0544199864217455  -6.600140132610241  -0.24402971239768195  -0.7385841975255274  0.6284448127184108  -7.88313760268082  0.0  0.0  0.0  1.0
26456013411890;15.597182184778172;0.024193991941695175;0.8960504120590593  0.33406805750855073  0.29239047864329415  -6.316138546797566  0.4344627593082096  -0.7952982994089469  -0.4227797603144405  3.3978294087560412  0.09130043714620399  0.5058647525867983  -0.8577674989571535  8.089017662243132  0.0  0.0  0.0  1.0
26456013411921;20.61504111605992;0.07078061634586329;0.29955344376193743  -0.9522542364264655  0.05898816439093727  -4.512922510827943  0.5585041110725744  0.22514551166989316  0.7983624843953627  -6.503794297661704  -0.7735249784237078  -0.20620709925400377  0.5992810191987162  -5.087230152781661  0.0  0.0  0.0  1.0
26456013411952;12.058834581084366;0.1452268507031119;-0.6235736424596725  -0.5704979440406439  -0.5344979029659291  1.046631038446072  0.7771462071995956  -0.5265767018016039  -0.3446168158332218  2.9918803256053415  -0.08485095794898635  -0.6302769811480853  0.7717196654031798  -1.9768670267442274  0.0  0.0  0.0  1.0
26456013411983;10.451393430494422;0.023634890804168467;0.5896371888750171  -0.7656853587552322  -0.2570095657430649  1.0001973814114442  0.7084914059462072  0.6431253122830499  -0.2905679961750707  2.147978368309289  0.3877730176223378  -0.010759372133212828  0.9216920975658661  -5.093313159931084  0.0  0.0  0.0  1.0
26456013412014;47.38630036713764;0.10876915551495245;-0.6225529264060463  -0.7806659788311372  -0.054667022224484385  11.583064228023172  -0.2953271910941282  0.299053486689947  -0.9073857296095414  1.0824284902348142  0.724713532386226  -0.5487509832284675  -0.41672851400170546  6.5302529336441  0.0  0.0  0.0  1.0
26456013412045;9.223414713956423;0.01935905940605251;0.3945931216557734  0.13005131638200437  -0.9096059165645645  -5.8231518932571165  -0.9124294345532282  0.17233432184273703  -0.37117840518527223  -2.062730967963011  0.10848407856837763  0.9764156577105433  0.18666458709369135  2.9698446303420623  0.0  0.0  0.0  1.0
26456013412076;30.520242091779032;0.05711105443808188;0.42637002254051326  -0.902119674509069  0.06624723950817793  1.390281097497534  0.7261441923375922  0.29768667290206663  -0.6197558040961649  -6.026586023721077  0.5393729839482028  0.31235034438935666  0.781993635873504  -6.8222701933712155  0.0  0.0  0.0  1.0
26456013412107;33.69151947690923;0.162137363905017;0.47930199510467153  0.654178785509996  0.5850809466025604  4.816653356570893  0.3533367673581219  -0.75406324593276  0.5536621261800936  1.3098059277097072  0.8033820550159142  -0.05864075137663473  -0.5925694355570403  -9.57830532633856  0.0  0.0  0.0  1.0
26456013412138;28.73843283987377;0.07970416728228387;-0.07992580390770603  0.14141516026589854  -0.9867186115183378  0.789540345043484  -0.8423869603257583  -0.5387981782292025  -0.00898511046245433  9.518392828827299  -0.5329128211469827  0.8304807496768746  0.16219016453934676  3.9650013710977277  0.0  0.0  0.0  1.0
26456013412169;6.10829587109351;0.0331991432929367;0.6941934464193946  -0.2968355948523464  0.6557317199716793  1.9825966609242245  -0.6728636802047374  0.055931123147580544  0.7376490882016917  0.06986037151184116  -0.2556363174701509  -0.953289221113983  -0.1609028716281858  -0.14913411240483268  0.0  0.0  0.0  1.0
26456013412200;27.398770435044117;0.1828324797322579;0.9487517732950753  0.12833201468902045  -0.28879225522043794  2.132167735040643  -0.31476740785396784  0.46510039861164343  -0.8274074559515302  6.422635470673334  0.02813452722800431  0.8759066806556205  0.48165956355138356  -6.723086841210681  0.0  0.0  0.0  1.0
26456013412231;11.304933685245452;0.17908266190955327;0.5377806221205093  0.7972491475674784  0.27420029025259474  -0.1896764380416214  -0.7452856019817092  0.6015953405341931  -0.28745854957943234  2.461101026948979  -0.39413370060227043  -0.04976789075777817  0.9177046273715099  -3.3466176501774365  0.0  0.0  0.0  1.0
26456013412262;22.777914718070324;0.027807697018995808;-0.9651424183898707  0.08241507423380293  -0.24841068367441163  -4.287840750283805  -0.11392629935605042  -0.9867817172969497  0.11525033936400025  4.267423658276529  -0.2356287557569902  0.1395335011655567  0.9617741374734995  6.9270541112966715  0.0  0.0  0.0  1.0
26456013412293;30.28145528198315;0.049099476846902176;-0.2062300526055585  0.5697750058551568  0.7955033677521831  5.28240225992727  0.09912620259977092  -0.7966320124941265  0.5962813368098207  5.000910781882324  0.9734696509704127  0.20182635945860486  0.10780982917725174  1.3965273691366669  0.0  0.0  0.0  1.0
26456013412324;27.91236336482207;0.026595726157515428;0.5135766582103717  -0.7666429192617473  0.3853539288592942  -6.986225369766069  0.7681308017300076  0.6109259437096008  0.19168871311621477  -5.770504973665052  -0.38237950726350906  0.19755537362562575  0.9026393447975535  -7.688532693564221  0.0  0.0  0.0  1.0
26456013412355;17.58982192427501;0.1845049295410255;-0.6736479350548912  -0.673333845482307  -0.3046637361490374  -6.328865084915803  0.1353511446271577  0.2928610931066765  -0.9465265172156989  -1.0841720415965443  0.7265524944863925  -0.6788622192112118  -0.10614876392699478  -2.554777353173642  0.0  0.0  0.0  1.0
26456013412386;20.348425974718353;0.03448891623047629;-0.5509549361491912  0.2513838433354551  0.7957730968327186  -2.4936895794256753  -0.8315254836158497  -0.08445520515586977  -0.5490288593685282  6.1569273478014575  -0.07080980461961289  -0.9641957693497597  0.2555630840668444  -2.577214016710057  0.0  0.0  0.0  1.0
26456013412417;25.453268783191263;0.0740115747107453;0.21294795833644756  0.7754393943511275  0.5944299056480045  -4.549738302727699  0.5866681929193185  0.385029157397926  -0.7124415620738485  10.735257819953596  -0.7813280991088961  0.5004460946413707  -0.3729344552345349  -3.6474552359317154  0.0  0.0  0.0  1.0
26456013412448;11.55255178167472;0.027349723665388462;-0.9879645421493121  -0.0517417429397939  -0.14576987169251804  0.03552666621101398  -0.14211330706330838  -0.06845524534358413  0.9874804744097374  -11.096555462068057  -0.06107267319538845  0.9963115333180187  0.06027816492119916  0.9532460118273873  0.0  0.0  0.0  1.0
26456013412479;15.024610821793486;0.07023066346563935;0.9166414375468966  -0.21721958485949333  -0.3355355822046718  -3.5546716761449004  -0.07255607843356066  -0.9159242427285937  0.3947383906644951  -3.403172541430007  -0.3930700833875577  -0.33748841985395855  -0.8553347157751617  1.8401892552074184  0.0  0.0  0.0  1.0
26456013412510;44.598779289077456;0.053550715607483104;-0.935188854042266  0.28604925505380624  0.20880045727506408  2.7056332642611967  -0.3394093663473167  -0.8922458884045917  -0.29782302909750513  -4.201450736054338  0.10110929388946528  -0.3493896081858518  0.9315062063029488  13.599419527491083  0.0  0.0  0.0  1.0
26456013412541;25.55960109614438;0.2238378755141526;0.5281801751289233  0.6067254892344828  0.594062188086364  3.683706138428476  -0.44494477762341206  0.7936276394508425  -0.4149449538979073  -2.469767891780476  -0.723221852177071  -0.045159169753905194  0.6891377234781926  4.433973499437955  0.0  0.0  0.0  1.0
26456013412572;11.855425981755449;0.018600807547346807;0.5960992537298972  0.6334174337121452  0.4934045342031017  -5.473105167782325  -0.735437183998427  0.6773271502936391  0.01897577053936881  -8.92665391994054  -0.32217670321598973  -0.374179483863852  0.8695929425658068  3.533343967958057  0.0  0.0  0.0  1.0
26456013412603;9.681681139268411;0.01518749420002526;0.6291377732077492  -0.5403378103924575  0.5587671366351815  -2.2929634987525147  0.23061878515663867  0.8162519689544838  0.5296675363950523  -0.5206777436870743  -0.7422941723171962  -0.2043716561517586  0.6381469955313718  -9.538571343322191  0.0  0.0  0.0  1.0
26456013412634;52.58463844912728;0.9506567127491601;0.38903329288363686  0.921189074724859  0.00798659099194915  0.7741288908521728  -0.9158702078984903  0.38582468943583137  0.11100032119647542  -12.411939663067598  0.09917085918802343  -0.05049750121840291  0.9937882787891028  -9.486097515176205  0.0  0.0  0.0  1.0
26456013412665;17.137251027096553;0.20482901738896542;0.6972363615576771  -0.6893960879011484  0.19645480423854464  -2.5372868805455036  0.6795206455352677  0.7229066467567495  0.12513062121737367  -1.7340139961551748  -0.2282830445152374  0.04624947633762733  0.9724956748106132  -5.030282431491192  0.0  0.0  0.0  1.0
26456013412696;25.9043647789081;0.04316764944690954;-0.6552301823886199  -0.0648773875220418  -0.7526382482144331  -5.100099890471654  0.6665281090651439  0.41926683348025845  -0.616405387849166  -4.449450945205799  0.3555470263031588  -0.905541963098206  -0.23147368134461566  9.706413914857368  0.0  0.0  0.0  1.0
26456013412727;23.252492129236515;0.08068326302744269;0.5767874850483504  0.4503319220770908  -0.6815551019909927  5.18498364943698  0.42226076042669514  0.5498546327236327  0.7206633979023974  -6.442662093124676  0.6992939634341689  -0.7034636044819323  0.1269917708901605  -0.19603293202719096  0.0  0.0  0.0  1.0
26456013412758;14.13602399426325;0.021696323862246826;0.567724877721561  0.05702531440778379  -0.8212408761945137  5.606484411115389  0.6402311422444114  -0.6576894689442039  0.39692398131167156  -1.88568890167002  -0.5174867609093547  -0.7511276029787382  -0.4098960555152484  7.107850846310014  0.0  0.0  0.0  1.0
26456013412789;4.621604133291701;0.09033235393166775;-0.4008020950947357  0.9118659393090323  0.08864642855596044  -2.9786447933597797  -0.8366092240379435  -0.40371877308644477  0.3702649841832276  0.5838455108667668  0.37342025497059034  0.07424056159291959  0.9246867859940832  -0.033332518549924674  0.0  0.0  0.0  1.0
26456013412820;35.801682263906;0.07023066007308323;0.49075584644973497  0.4490511218189826  -0.7466671207228275  7.949619723825152  0.6411796686346396  0.39412134515407987  0.658450452064172  -7.6470176310884135  0.589955364163237  -0.8018861859934061  -0.09450509514290964  1.9277036833373267  0.0  0.0  0.0  1.0
26456013412851;14.022145789999549;0.011858104477312526;0.09302601655290868  0.8450500468402741  -0.5265325997310586  -2.8408612005810276  -0.41734626197720237  0.513221174060045  0.7499507477895361  -7.062572174901913  0.9039735935623084  0.14998148162916028  0.4004213996658615  -8.780624189917516  0.0  0.0  0.0  1.0
26456013412882;2.3936762370407902;0.03194464158830814;0.33914417636802446  0.4416875480684471  0.8305981805403488  -2.0073022937168203  -0.5786915170511191  0.7940599486387453  -0.18597022896396365  0.46673105706370765  -0.7416854830241248  -0.41758940102583686  0.5249016445222412  -1.78160368628397  0.0  0.0  0.0  1.0
26456013412913;12.272824290791716;0.016224304509318943;0.522543961275735  0.8341564100984754  0.17643948545007637  0.026145604517120623  0.6551909076006083  -0.5252799943176952  0.5429602215329344  -2.1154318941044785  0.5455938811348187  -0.1681190383663502  -0.8210135844229498  15.584459301788035  0.0  0.0  0.0  1.0
26456013412944;7.817464008253767;0.040859748190516715;0.2965000480226684  0.745379501241687  -0.5970737983291937  -7.8618755617679055  0.023610535771028437  -0.6307165793604689  -0.7756540073514959  2.255542549341208  -0.9547409408437247  0.21588421815529835  -0.2046063054461303  1.7460720398816842  0.0  0.0  0.0  1.0
26456013412975;18.958736180574377;0.037752282050134686;-0.36389146499054326  0.9297261212667691  -0.0565008065542973  3.9247192447200128  -0.897308392704675  -0.3661817587581178  -0.24647224576930737  -5.8481576960550665  -0.24984124977431255  -0.038990498676748093  0.9675014681767409  6.698851991170187  0.0  0.0  0.0  1.0
26456013413006;18.3212344447247;0.14712079444960288;-0.4532383745941222  0.7435751799248594  0.4916003738759686  -5.978392554805797  0.7161902535409296  -0.02457417233694628  0.6974723154268806  5.521540125940659  0.5307037747446863  0.6682006149755242  -0.5214033387101338  4.983304195504645  0.0  0.0  0.0  1.0
26456013413037;17.624013468308494;0.05091097076599401;0.08557556451081216  0.08732464967830432  0.9924974701817724  -9.567601055854508  0.45737797831771626  -0.8884285134585943  0.03873191737767881  -4.101174494146022  0.8851453031613821  0.45063198070300586  -0.11596814329388654  0.8121598875048597  0.0  0.0  0.0  1.0
26456013413068;25.751269723182936;0.1991970865709988;-0.97867069503411  -0.0014888564428958452  -0.20542992476254404  -2.0565512914713273  0.05829765401259817  -0.960878110334392  -0.2707667642396975  -4.244136411504409  -0.19698998507050924  -0.2769675800282425  0.9404700449218037  -9.32375040901408  0.0  0.0  0.0  1.0
26456013413099;16.675295180356358;0.02251688998942685;0.5307471300689992  0.535894783768226  0.6566005365924765  10.230064708143969  0.31622294824350367  0.5935637688829404  -0.7400574972754926  1.7900893610667659  -0.7863272416288956  0.6004155502645532  0.145570038376056  2.7128233063589815  0.0  0.0  0.0  1.0
