# registration_from_features.py TEASER TEASER_config.json euclidean True --use_random_keypoints=True --n_keypoints=5000 --input_txt=/SSD/point_clouds_registration_benchmark//eth/plain_global.txt --input_pcd_dir=/SSD/point_clouds_registration_benchmark//eth/plain/ --input_features_dir=/SSD/features/3DSmoothNet/voxel_01/eth/plain/ --output_dir=/root/neural_registration_comparison/results/3DSmoothNet/voxel_01/TEASER_mutual_on
id;initial_error;final_error;transformation
4215528470030;7.9427285406441825;0.01940083478091787;0.5945312613345258  0.6796319981653948  0.42968933703978607  -0.5650423940838429  -0.552471337877469  0.7335503434581929  -0.39582737959399283  5.391505960071022  -0.5842157136878957  -0.0020592916452966004  0.8115958102393471  11.585235403643491  0.0  0.0  0.0  1.0
4215528470061;8.5731783167614;0.02758891055190019;0.6189709399611714  0.7786294837754832  0.10301020570365435  -0.7299586010508549  -0.7802505344653405  0.6246043383158372  -0.03284088950663465  12.358843786733509  -0.08991150621658792  -0.06004621180857832  0.9941380052574715  7.212762393618576  0.0  0.0  0.0  1.0
4215528470092;7.21989676751356;0.014273490378331649;0.7654418215369373  0.2580783940754564  -0.5894865226225702  -1.320502303492984  0.2884960927650722  0.6812118916587275  0.6728449770355911  -3.496049854403375  0.5752119803181286  -0.6850882433483818  0.44697346288602485  6.486039627469021  0.0  0.0  0.0  1.0
4215528470123;3.699125908164359;0.013706450778118016;0.8645776341681748  -0.404464697287381  0.2981842100856261  -1.4615528976867205  0.28577787920021447  -0.09232520988468268  -0.9538380676926127  2.5599951506030867  0.4133237450909269  0.909881511114484  0.03576475186596523  -4.271905696508183  0.0  0.0  0.0  1.0
4215528470154;6.304867582126328;0.010005643461901397;-0.7613536923234763  0.2843961957816564  -0.5826314092205555  4.0584564665799  -0.6124301142872617  -0.6103907660515207  0.5023469596137007  -3.7098956685317654  -0.21276726792319411  0.739284733065656  0.6388960581789028  -0.056513391496841606  0.0  0.0  0.0  1.0
4215528470185;10.45878331764484;2.1419614861510055;0.844912858165136  0.4670416762868468  0.2607572333002367  3.28552285541051  0.133815347591007  -0.6565368158325432  0.7423293488779523  8.958689311431174  0.517895467113123  -0.5923102920493943  -0.6172137418075219  -4.00607527452344  0.0  0.0  0.0  1.0
4215528470216;5.914600834043442;0.01602387640324469;0.8295794522333516  0.41517073135773075  0.3734048690846172  -5.972069501272946  0.10210082065486498  -0.7702268546698589  0.6295442913465102  -0.007887404784141171  0.5489748216938695  -0.4841320648018093  -0.6813536445759433  -1.7798938636863775  0.0  0.0  0.0  1.0
4215528470247;6.661053221913973;3.723980125506052;-0.02794104315825016  0.9836920776662765  0.1776772198224446  12.846158421217666  -0.842073306725287  0.07261584302608316  -0.5344525099972424  20.313902903963506  -0.5386388810770814  -0.16455040467350954  0.8263118782359442  7.148071870857584  0.0  0.0  0.0  1.0
4215528470278;5.936222330533173;2.4248206201305593;-0.8246338833933597  0.42511091609602936  0.37317511623309035  20.651821597228913  -0.5141228442141976  -0.28812247997072893  -0.8078756943940197  13.461109727428108  -0.23591663658311443  -0.8580595233149688  0.45615479284098187  4.645825940038575  0.0  0.0  0.0  1.0
4215528470309;13.3828056546087;3.195522951922578;0.9007042560446482  0.1361687434797288  0.4125408057904197  -3.5485526112184185  0.32757559565661587  -0.8366154834069909  -0.43905439532465695  1.3410829707064706  0.28535254033085095  0.5305964626934854  -0.7981486838327123  -11.237854508456403  0.0  0.0  0.0  1.0
4215528470340;6.643852363898183;0.03332366968544177;-0.9916027208371581  0.1253167823677745  -0.03193349472471141  24.255122881905702  0.11506629245372216  0.9676775938011958  0.22440994362122746  0.13481985044814937  0.059023659402817674  0.21885104183465928  -0.9739714724357093  2.2291917237002905  0.0  0.0  0.0  1.0
4215528470371;8.616592423121881;0.008513327224883618;0.19456208112253437  0.8417855858059549  -0.5035301620743223  2.4740921406110856  0.40727438022237833  -0.5363263408309318  -0.7392439619945369  4.22841096530957  -0.892341400924414  -0.06124609097916856  -0.44718647177215165  11.722835449145535  0.0  0.0  0.0  1.0
4215528470402;8.051064745866395;0.019554822894092723;-0.8662570880375576  0.24096261516196257  0.4376478898829504  18.167009419502172  -0.4170068857887754  0.1337017455106405  -0.8990156285917144  3.926266784481626  -0.27514344373333416  -0.9612808441562307  -0.015337014991376907  10.516524645662015  0.0  0.0  0.0  1.0
4215528470433;3.035557231842426;0.016612863119791207;0.8668099202286926  0.262016636874068  -0.42424974271569116  1.0881653980702914  -0.014096475515783878  -0.8375995459315827  -0.5461028200194898  11.465635314480213  -0.4984394161492049  0.47934776796852746  -0.7223460844861208  2.677426101028442  0.0  0.0  0.0  1.0
4215528470464;11.371431429449434;2.2721307302422082;0.8355145991218226  -0.04370976290641823  0.5477269495660814  -7.897439697970711  0.1998667623753411  -0.9043700910913791  -0.3770517413260009  5.298289994307117  0.5118287134890918  0.4245046465776732  -0.7468782853196801  -4.133911874946267  0.0  0.0  0.0  1.0
4215528470495;6.926527848736154;0.03105792952350597;-0.791832400460305  0.5612155294157689  -0.24091197380755008  11.097037192089887  -0.5974340849869154  -0.7936604439117305  0.11478507684225597  14.189287159650318  -0.1267831364066949  0.23481956756712954  0.963735340749974  2.262634883345856  0.0  0.0  0.0  1.0
4215528470526;13.514784535064075;0.04144561105848664;-0.9831440355881248  0.17171898139701364  0.06277257932782809  22.30106622162083  -0.18214905745091184  -0.9495927856015055  -0.25513773222186836  15.400013127563204  0.01579639697022066  -0.26227110584573654  0.96486493400953  -7.7043843578413345  0.0  0.0  0.0  1.0
4215528470557;10.446360986706342;0.018453707890755375;0.003521097393398091  0.0486765112520199  -0.9988083895950601  -1.35341535582998  -0.9821687636641067  -0.1875784076939349  -0.012603993396038824  14.169617365265001  -0.18796840573794749  0.9810427810342109  0.047148067033489484  -2.8922557574262027  0.0  0.0  0.0  1.0
4215528470588;3.580277951137834;0.02221493488953801;0.5389605664479595  -0.5405316788468698  0.6460240026323173  5.429860178786151  0.6967511898456922  0.717069235037931  0.018694694721495146  -2.356458362646903  -0.47334901210703756  0.44004228924627475  0.7630881314842937  3.4914899752409627  0.0  0.0  0.0  1.0
4215528470619;3.9070449392142814;0.03422131853313186;0.8322847131839738  0.023382739631992222  0.5538550385142057  3.1500219154114375  0.49956124281339237  0.4014468199292928  -0.7676451103520406  -2.1209530961676566  -0.24029298965847787  0.9155838018750446  0.32243694091253  1.0353919389289992  0.0  0.0  0.0  1.0
4215528470650;5.1845358049870764;0.02091980938338078;0.767749890439439  0.5859771277791931  -0.2592120974219312  3.354318642515952  -0.559239957774795  0.4153477027690236  -0.7174517094777463  14.459970665095664  -0.31274714284590255  0.6957852337640849  0.646584977491422  1.1917607687164706  0.0  0.0  0.0  1.0
4215528470681;3.380804448922173;0.008517462279393638;0.49697603529320084  0.5015393628847444  -0.7081476454959207  -0.007532708994493165  -0.5505965926898838  -0.44850001834111675  -0.7040533542753055  4.399280086034668  -0.6707147027332427  0.739801325374038  0.05325210336009941  -0.4025129724273905  0.0  0.0  0.0  1.0
4215528470712;10.187008660188404;0.03745958769938318;0.1351415784048819  -0.8607816477341308  0.4907053175892343  12.926296830107312  -0.41822257203231616  -0.498524244138209  -0.7593177584181081  18.51194589641353  0.8982352887906989  -0.1026086396486243  -0.42736966789952185  -8.058610566403052  0.0  0.0  0.0  1.0
4215528470743;11.416465271917176;0.042327436146114006;-0.4645363989376529  -0.48751128191994253  0.7392825468403894  20.339933106544287  -0.8848424891092802  0.2889881594402663  -0.36543072280559646  10.743585630073003  -0.03549230238982909  -0.8239044809345935  -0.5656162150848988  10.161713514276965  0.0  0.0  0.0  1.0
4215528470774;8.6384432610346;0.04744682517805843;-0.2520655109781044  -0.9675926611537675  -0.015080459433246513  19.538867460286514  0.9668108716867309  -0.25112900272794986  -0.04702087171894738  -3.5992329018962947  0.04170990965815571  -0.02643229218656571  0.9987800645618  -5.728741911927145  0.0  0.0  0.0  1.0
4215528470805;4.364926864890053;0.04100053173837413;-0.9768889430746531  -0.17016650781183526  0.129349729484108  35.534350513903235  0.14564847100390732  -0.9728507556691197  -0.1798553031974534  -0.6645913028252247  0.15644333093075988  -0.15685906672280214  0.9751516381538513  -4.286858021844512  0.0  0.0  0.0  1.0
4215528470836;7.998596834151955;0.03353151180748839;0.5985205213688239  -0.47675624072976347  -0.6437986272318506  3.4818979151102103  0.7990258043779358  0.4131633624402732  0.43686817219298607  2.09323560852346  0.05771437809233243  -0.7758862821717312  0.6282272898395488  8.073197492436142  0.0  0.0  0.0  1.0
4215528470867;4.496746515697113;1.2030144369951723;0.6136943115710786  0.6716294946663341  -0.41508205675449966  5.244250977790286  -0.7740609136856711  0.6154075521947303  -0.14867160658913806  15.153122848166785  0.15559239650254575  0.4125377153618025  0.8975542543794554  -0.6425615244462621  0.0  0.0  0.0  1.0
4215528470898;3.0735426127890535;0.03532822269231357;-0.8073330978693692  0.2271673097579755  0.5446175561455694  6.470859361160562  0.5127613052615456  0.7268304510722495  0.45693909793383475  -2.8792827753530945  -0.29204299839428477  0.6481608664301128  -0.7032768859542031  1.8979455657283146  0.0  0.0  0.0  1.0
4215528470929;7.751781789465057;0.03574327329688296;0.587718627447692  0.8056766313525445  -0.07397283719999728  -0.5160842489460117  0.5850703326894694  -0.4863752367979321  -0.6489467118619134  -4.900779318147683  -0.5588197569499805  0.3381187583115902  -0.7572292813409912  -2.567141537468421  0.0  0.0  0.0  1.0
4215528470960;7.051327912203398;0.02568176546370854;-0.5106962517001797  -0.0003784460517137142  -0.859761126870698  19.683489472512605  -0.17620731679844975  0.978818602147651  0.10423591317971456  0.12335410976551262  0.841510736714677  0.20472909140692291  -0.49994567617454067  -4.029089874866348  0.0  0.0  0.0  1.0
4215528470991;7.811575106800094;0.02844746295029317;-0.9156332571040874  0.1041218102642823  -0.3882967771077268  17.028462830214863  -0.29801840544333924  -0.8240598977962329  0.48177828392432864  9.361321733413321  -0.26981617538977953  0.556851805664084  0.7855668641348621  -1.73972470970869  0.0  0.0  0.0  1.0
4215528471022;6.397326685010671;0.13976273354649188;-0.32138245775854635  -0.5488257681694346  -0.7716887922202232  27.3093516225777  0.9374640271027368  -0.06934356318697976  -0.34110506905182914  -11.994976032346177  0.13369560102485095  -0.8330556682705933  0.5367902195726378  4.935644420325487  0.0  0.0  0.0  1.0
4215528471053;4.989390319330123;0.040371577884590996;-0.13892447370965122  0.07206123980738773  0.9876776641809409  11.492472921691425  -0.5341236626817938  -0.8452992765262206  -0.013455336028270664  12.64661749343097  0.8339136067770344  -0.5294112870176368  0.15592237046186722  -9.614478196836517  0.0  0.0  0.0  1.0
4215528471084;7.283065117516562;0.012862821408528622;0.655210775928354  0.31264015239830373  -0.6877172196591635  3.099542348328757  -0.5444704787969086  0.826499803659179  -0.1430033995050633  1.3809222182712293  0.5236895424065968  0.46813909221480837  0.7117549111276056  5.552197389684786  0.0  0.0  0.0  1.0
4215528471115;13.751336068378958;0.034250995941941774;-0.16875291158007766  -0.9547505789793997  -0.2448954609047456  14.692173518364344  0.8598583188613327  -0.2640569334094288  0.4369411944453988  -6.143672137114291  -0.48183620278909056  -0.13684030055838792  0.865510604108858  13.009466774798625  0.0  0.0  0.0  1.0
4215528471146;11.525962444638278;0.07363488348866382;-0.6851810397623146  -0.7203149485163216  -0.108043128861409  28.862413863067715  0.36584721602970893  -0.468611494776727  0.8040889761005524  -8.018517967077521  -0.6298275615385102  0.5114192428009051  0.584608929814969  6.997441574122218  0.0  0.0  0.0  1.0
4215528471177;6.697705102568167;2.497748903748428;-0.37997935413911177  0.09685981112191296  -0.9199097061219927  21.141752887611677  0.0728177199940207  0.9945483263277292  0.07464051348687753  0.7830922193789235  0.922124324634643  -0.038623873292817995  -0.3849609413030944  -15.176507958444477  0.0  0.0  0.0  1.0
4215528471208;6.121585792418238;0.018187557026681962;-0.006329727689073207  0.7022151871703253  -0.7119366302240169  15.012652620970574  -0.9966009619218654  -0.06290845425925035  -0.05318880595693805  18.32549885535709  -0.0821368202683497  0.7091800598508523  0.7002265243948901  3.2830795279487903  0.0  0.0  0.0  1.0
4215528471239;7.5967337800512365;0.013181206720795074;-0.550246618994698  -0.05703368416925644  -0.8330521095075535  7.7710771803879  -0.12879224864325842  0.9915226565553081  0.017186571121587717  -4.806843881054129  0.8250098271986323  0.11674750707225327  -0.5529274858587672  -8.399180379071014  0.0  0.0  0.0  1.0
4215528471270;4.659737430181631;0.019370886732936188;-0.765381800355908  -0.3194701810719842  0.5586855135850421  29.501229045285882  0.6416248911771102  -0.4463355169018602  0.6237804945442841  -13.537743100868338  0.0500819199503266  0.8358967697974332  0.5465971016537741  0.6064803501368141  0.0  0.0  0.0  1.0
4215528471301;12.269791784026703;2.391264411212769;-0.8407129787439622  -0.4933425954017065  0.22319222865897917  24.692702829942025  0.49150861748049873  -0.8682341140374082  -0.06774069798935652  -8.896224088821896  0.22720247867015583  0.05275041975173923  0.9724178252696488  -0.5824832977145157  0.0  0.0  0.0  1.0
4215528471332;10.27674754914434;2.153079342262916;0.37937205118827094  -0.8898689643525344  -0.25339706600383627  14.837048814151304  0.8496862204548412  0.22667368286239742  0.4760802120092411  -10.791421755208622  -0.366210559031783  -0.3959195218472382  0.8421030570386758  11.771996588697746  0.0  0.0  0.0  1.0
4215528471363;7.251183878607266;2.4992519303663583;0.45521843172902193  -0.7804950184756856  -0.4284900296959182  7.89637602582673  0.502541487776637  0.6224858487682153  -0.5999695168477801  -7.432417072242855  0.7350021989609379  0.057783165523823274  0.6755981596368007  -8.346577742101479  0.0  0.0  0.0  1.0
4215528471394;7.752494131188369;0.03425105167156315;-0.6712118017415815  0.012870852179121817  0.7411538695621875  18.616537594814986  0.739011001514688  0.08954254340929506  0.6677161616735466  -6.8616037974568584  -0.0577707265237284  0.995899831350512  -0.0696137132535167  -2.995179008624611  0.0  0.0  0.0  1.0
4215528471425;6.845520635125362;0.036203071399634565;0.5043099077554095  0.8632389512013772  -0.022136622788417493  2.9472804411292532  -0.6646467093801908  0.3716699006110582  -0.6481560280440584  9.621983447822757  -0.5512860134719676  0.3415845402071238  0.7611857416174274  -0.9506171512553776  0.0  0.0  0.0  1.0
4215528471456;8.696136189115853;0.07254761625028783;-0.3577261240358816  -0.9237573242698693  -0.13676412555943607  23.418726906240416  0.7871864859493533  -0.3770879925871386  0.48799803502197664  -13.019137089623056  -0.5023638686459984  0.0669107742024693  0.8620635079706438  6.452283007324438  0.0  0.0  0.0  1.0
4215528471487;4.397592397978111;0.06907609667572111;-0.16459728165986362  0.9798959727145891  0.11274580935854525  19.31090781869303  -0.9557785568951983  -0.13020598935000244  -0.26369253026341116  18.206303243609096  -0.2437110687874401  -0.1511631006400599  0.9579951106114092  3.33578824589291  0.0  0.0  0.0  1.0
4215528471518;4.316883413942118;1.7985584848028118;-0.08781967336866844  0.12371936005653134  0.9884236060093985  12.737350957845111  -0.9136564841847982  0.38533774881942306  -0.1294088414361711  18.21563249557977  -0.3968873062677782  -0.9144442789377494  0.0791967602969039  9.661014592700857  0.0  0.0  0.0  1.0
4215528471549;1.9026528424683027;0.014061835458692053;0.6234334541213378  -0.7635079312237236  0.16848254283695724  2.0193984411911043  0.6348007633429119  0.6200718285897601  0.46101943369949977  -0.1443188768039535  -0.4564632725002026  -0.18046209116548698  0.8712489394602358  0.37210134466444156  0.0  0.0  0.0  1.0
4215528471580;8.32112714146523;1.848383978205539;-0.511615711114929  0.8357840666948346  0.19928461556128613  18.463249197596973  -0.8576118290355572  -0.5108952753731035  -0.059059023863644644  18.5699448658054  0.05245297740502214  -0.20112436814191453  0.9781603517322015  -3.1311888204348968  0.0  0.0  0.0  1.0
4215528471611;14.49435390175508;0.021343785877818003;0.25700458929635983  -0.0462915070461114  0.9653008533384855  18.835358157424828  -0.7896997862928677  0.565707163359218  0.23738081820792764  13.912121451934992  -0.5570663233490314  -0.8233058372800874  0.10883294395965562  18.177297787261335  0.0  0.0  0.0  1.0
4215528471642;10.551955767567739;0.02723115587523037;0.6677355507348954  0.40284088779446126  0.6259779975412361  0.25727332518697027  -0.3641746812867324  0.9101966620729739  -0.197278579326098  -0.8027825431709807  -0.6492349619317124  -0.09623541693257666  0.7544751213481731  13.048493928964605  0.0  0.0  0.0  1.0
4215528471673;5.301269378770812;0.08279761695387854;-0.920523087598276  -0.1797665570294995  0.34687350745235185  30.66765931542602  0.288969758956836  -0.9108063353132406  0.29483605268300145  -3.6875389141335275  0.26293292606093527  0.37163934738806265  0.8903653586399293  -6.7758201793070985  0.0  0.0  0.0  1.0
4215528471704;14.231622672185328;0.06918496863019206;0.06628075754206555  -0.9271781889386604  0.3687105465484757  8.885605237869033  -0.3165848177490035  -0.3699715298949454  -0.8734386757168605  6.052390004526269  0.9462456944950816  -0.058835984088132606  -0.3180525312364309  -13.066737831630425  0.0  0.0  0.0  1.0
4215528471735;9.260585039119485;0.01821396695777607;0.7942982264416993  -0.17847861932205897  -0.5807199926956736  8.234409234825653  0.5900757447183437  0.45411064120352346  0.667528382198703  -5.3016431106563005  0.1445715842296258  -0.8728853922426572  0.4660151811290271  -2.7477201879232083  0.0  0.0  0.0  1.0
4215528471766;10.023762998931376;0.025496661127230216;0.24725221574978964  -0.9423069622708936  0.22566331261997613  -0.42964826211050605  0.9624877852652601  0.26570446808797576  0.054939956800683754  2.643003160337146  -0.11173005424680783  0.20361415592705603  0.9726549596255181  -2.461219192710693  0.0  0.0  0.0  1.0
4215528471797;16.49642327605817;2.8029181183471685;-0.39269098154511134  0.9129398329888821  -0.11106148907415997  23.90481790893129  -0.918604612289052  -0.3951776777476316  -0.00041145020280099155  10.953783061628634  -0.04426465061894888  0.10186002332721865  0.993813451485419  -5.182194942192744  0.0  0.0  0.0  1.0
4215528471828;6.120378490255965;0.01594111664404862;0.992539683286334  0.1189426059008357  0.026788684241348337  -1.6763923603187825  -0.039247369020012156  0.5197208313037248  -0.8534341811375804  1.5038816385939586  -0.11543232271279609  0.8460159064760452  0.5205117336455009  1.3092296318267873  0.0  0.0  0.0  1.0
4215528471859;3.3560635566366703;0.014471229531071444;-0.45341077845502464  -0.8023141221281948  0.38821478000518433  5.497868217685273  -0.8225263035013901  0.2088755967719042  -0.5289815357094427  2.7248223788510852  0.3433207625954891  -0.559162797856622  -0.7546309160536733  2.142877023265093  0.0  0.0  0.0  1.0
4215528471890;6.397138347400414;0.03512629218383284;0.6112980912448104  0.5384250779839965  -0.5800112749234965  3.745848292567222  -0.7661137118250139  0.5863881691329167  -0.26309446146706733  6.852769067312323  0.19845509364627442  0.6051837328438977  0.7709528035534826  -6.72775453248487  0.0  0.0  0.0  1.0
4215528471921;4.826841366204702;0.029570924048013147;0.43628202061233995  0.07252465106078412  0.8968824747306225  -0.5178309906327844  -0.653830724891028  -0.6592401444105737  0.3713594151034807  6.4201833690053425  0.6181936441592445  -0.7484267545899451  -0.2401957770966743  -2.479328028447987  0.0  0.0  0.0  1.0
4215528471952;10.627445185868936;0.04220456122677085;0.6106422358194368  -0.5873243588772857  0.5311931450073729  5.104269477314191  0.7851415760096564  0.5365098393497925  -0.3093701632380423  -4.823022811308264  -0.10328971611207208  0.605976311212117  0.7887483405974575  -5.107062223976851  0.0  0.0  0.0  1.0
4215528471983;2.5890048286559675;0.029570918032137645;0.5130677437934543  -0.7424561301730895  -0.43072077387455315  6.512602538331038  0.13042143348237692  -0.42854330811863667  0.8940586573347051  4.161203939694987  -0.8483818361840939  -0.5148878788970803  -0.12303955541925954  8.073500801119252  0.0  0.0  0.0  1.0
4215528472014;9.471090222260203;0.03170834722944282;0.48075383714239  0.8694107361410822  0.11402069967988178  -1.284296465665619  -0.8484655574365932  0.494059305450598  -0.18976722725877496  6.92410412273961  -0.22131865243733725  -0.005511313844673196  0.9751859717525815  -7.645502758476324  0.0  0.0  0.0  1.0
4215528472045;3.9958979372442767;0.017781334716603352;-0.6837574827690164  0.7215111630314675  0.1090749576133627  7.080641118248797  -0.6518968802409094  -0.6711471892967825  0.3529757892989233  8.287498493724152  0.32788132348389054  0.17024421258887795  0.9292527889602724  -0.011230350256327523  0.0  0.0  0.0  1.0
4215528472076;8.69484171943448;0.023214444236628884;-0.031206602507087327  0.5214176848210902  0.8527307581621403  3.977157681707079  -0.987931782057724  0.11340578001393181  -0.10549845050843454  3.7339361560154845  -0.15171335458756918  -0.8457320657366878  0.5115860934628111  -5.993868338103752  0.0  0.0  0.0  1.0
4215528472107;10.315265354533507;0.028542035683307376;-0.4845207213620847  0.1076345337834144  -0.8681327535048955  21.209000796678257  0.5986056509808739  -0.6828712685691062  -0.4187578120782741  5.382568354637356  -0.6378957165434873  -0.7225660092337906  0.266434639481102  17.70911367806617  0.0  0.0  0.0  1.0
4215528472138;6.670306263270432;0.03630268561237846;0.3761074219007296  -0.8876680796542575  0.26568512859042304  6.693900852329793  0.23026121400995492  -0.18820276275649275  -0.9547562481667694  -3.4904197299933677  0.8975093205721313  0.42026789129523834  0.13361107376413553  -3.459520808350745  0.0  0.0  0.0  1.0
4215528472169;13.267182160692693;0.03425108954027452;0.5518644790285958  0.5852877547683811  0.5940402687568276  3.647387816702315  0.6621747923857737  -0.740553046644769  0.11448025783517303  -2.7061498146502205  0.5069222239311997  0.33018090378357456  -0.7962477187793431  3.3712056768072696  0.0  0.0  0.0  1.0
4215528472200;8.200847505154186;0.031708359110622586;-0.019156821871450944  -0.9551798708045631  0.2954055358072432  12.139278251779919  0.25855778515222017  0.2806762454819686  0.9243206786388182  -1.2268311469156312  -0.9658058230891781  0.09408644765280805  0.24159232697896577  -1.0345225640730462  0.0  0.0  0.0  1.0
4215528472231;10.278644612899345;0.01343286783897918;0.662589116898122  -0.6155393531835641  -0.42671649470172324  3.080669827882201  -0.5987973187837172  -0.09311637736867691  -0.7954691139718532  16.201476173836934  0.4499082497416529  0.7825858706545205  -0.4302812125416458  -0.03689706870881415  0.0  0.0  0.0  1.0
4215528472262;4.061839555975304;0.04068866285609922;-0.4787997288352433  0.8743512332205581  0.07912484207243362  19.18739897833298  -0.8252145344868081  -0.41746275286144613  -0.3804547568963562  17.79724763895161  -0.2996194114856714  -0.24745660415319917  0.9214083987689433  3.8510395187496904  0.0  0.0  0.0  1.0
4215528472293;4.76530520571006;0.027812354903450454;0.9102888103128027  0.2411486911957212  0.3364841609257316  -2.7370776228246836  -0.16785448473425651  -0.5279942537708886  0.8324944083533057  6.041594405710688  0.3784166404558608  -0.814290720025418  -0.44014937181209984  2.9201135447238378  0.0  0.0  0.0  1.0
4215528472324;7.620481991712362;0.01778137929402584;0.2258746817640285  0.9287477328189866  -0.29395284812634515  3.383578299404868  -0.9496086383089766  0.27723289851947786  0.14623732091179562  8.270689561187982  0.21731098036447535  0.24610885551332826  0.9445667626223938  -8.875297721812624  0.0  0.0  0.0  1.0
4215528472355;4.274579483987271;0.029607326761018325;0.24341316602058616  0.3473275763537196  0.9056012286387892  3.496042083744545  0.9691310728418385  -0.04937949997886506  -0.24155046808951708  -2.9245825069922904  -0.039179002798209434  0.9364428544690216  -0.348625567125605  0.9563327511692622  0.0  0.0  0.0  1.0
4215528472386;6.98607721477994;0.036856162250867366;0.5002749768126804  -0.8413084125607843  0.20475620266435357  5.542462738961224  0.8553844781847442  0.44351698044295024  -0.2676006026513788  -5.7546059115518  0.13432178548428184  0.3090191628576157  0.9415226045778686  4.316248819162014  0.0  0.0  0.0  1.0
4215528472417;3.9350110134314358;0.013662688381604522;-0.6568900580166562  -0.5516359138898802  -0.5139973445318089  1.376014443219731  0.43142971563118215  -0.8340750676269446  0.3437836267676309  2.082127636407161  -0.618355765032778  0.004074318346024502  0.7858877450251682  3.8290317941391336  0.0  0.0  0.0  1.0
4215528472448;8.44720383204338;0.029341709705110176;0.4821414520062259  -0.665390773458678  -0.5699076581810334  6.882454528283431  0.8405220760030192  0.5347979148019895  0.08668235157757245  -4.072507040601404  0.24710779026348365  -0.5208131228372662  0.8171238774332756  -7.1663132029481496  0.0  0.0  0.0  1.0
4215528472479;4.6646235313045;0.03710255765997011;-0.8557317387585371  0.45432389545754304  0.24761459831272953  6.717377520350078  0.5167516667134622  0.774721694290938  0.36438168360091494  2.2594034438593114  -0.026285095209062338  0.43976822806026156  -0.8977265727149826  -0.6749105574120119  0.0  0.0  0.0  1.0
4215528472510;4.403148072732226;0.03653627845577505;-0.998280514132002  0.05695292600475576  0.013870087376918194  9.363996559981944  -0.05652693634512233  -0.9979687066487838  0.029379687152676172  5.416767718386262  0.015515172309097915  0.028545135649554618  0.9994720879839359  -3.631453583047843  0.0  0.0  0.0  1.0
4215528472541;10.318454924319978;0.0342509947187666;-0.35444694405096816  0.9104696654109055  -0.2131017414745449  14.796119261500543  -0.9321446649285884  -0.36206929806242544  0.0034852612172689285  19.797851525308594  -0.07398437333721244  0.19987699159016845  0.9770237974249986  5.987396637348766  0.0  0.0  0.0  1.0
4215528472572;7.24244761931414;0.029570921192740643;0.9221528009697177  0.36715074723208196  -0.12179712833489847  4.57680180740301  0.02234193999894584  0.2637854891216684  0.9643225878542538  2.507975751002322  0.38618007377490027  -0.8919739595614697  0.23504766768348626  5.381100855867455  0.0  0.0  0.0  1.0
4215528472603;5.1560174420135;0.018238909407860986;-0.18251170648799428  0.966647353719252  0.1796729543988418  3.5348881579894647  -0.9514584206092772  -0.21970619554453152  0.2155366824720302  12.633727071419646  0.24782322499423018  -0.13161337768979348  0.9598237171306739  -5.549939365507419  0.0  0.0  0.0  1.0
4215528472634;2.054122432201142;0.015232211924642872;-0.8408328330361633  -0.04885139485122007  -0.5390859746918574  1.689645626632288  -0.538544405455432  -0.024771740905937235  0.8422329156505016  0.6254709125952558  -0.054498350810228274  0.9984988242725071  -0.005479752310641841  -0.6617599198270496  0.0  0.0  0.0  1.0
4215528472665;3.1616134532515607;0.015470666952188657;-0.11096247181228579  -0.792876194996349  0.5991950177174535  0.24493696603761547  0.006253426163088147  0.602349313392375  0.7982081177969548  0.5663345500674756  -0.9938049227642871  0.09231816757196867  -0.06187997596657116  4.025491672692877  0.0  0.0  0.0  1.0
4215528472696;6.874583370600295;1.226941374747431;-0.050172122113439174  -0.9952591369981776  0.08331871569027724  21.194092291803788  0.9987060086806265  -0.04930132170272741  0.01247749588565944  -13.204906797719119  -0.008310618980955198  0.08383692444267782  0.9964448322471978  0.44993224909546986  0.0  0.0  0.0  1.0
4215528472727;10.234961895922138;0.028139537344360747;0.8455962501208436  0.2897192063628682  -0.4483634276410578  2.729763555423091  -0.07140958287022636  -0.7709708551475973  -0.6328543371007925  8.434464380823286  -0.5290251915134748  0.5671566996672551  -0.6312413363894029  7.9244062387317635  0.0  0.0  0.0  1.0
4215528472758;6.7270965623001775;0.028649011409934443;-0.5329381934518107  -0.8458655903233603  -0.022097173286029663  9.868032293473002  0.8338564203673146  -0.5294496660014381  0.15609779429310738  -1.2919036617903534  -0.14373709393377815  0.06476460667585615  0.9874944017813942  -5.322195092923428  0.0  0.0  0.0  1.0
4215528472789;6.2551636084248825;0.013642522490784584;-0.48128543024658516  0.8530908056100504  -0.2014954391939278  1.6381436841505777  0.2765016566881889  0.3658842635961208  0.8886368996960516  4.28582398050725  0.8318119790439693  0.37197416985097076  -0.4119757862819546  -5.8243896645485975  0.0  0.0  0.0  1.0
4215528472820;11.132084316276776;1.2067886280101077;0.04113716416546977  0.9914555766419452  0.12378842138912877  21.71633128601284  -0.9729934353311797  0.011586787720488045  0.23054179914443035  19.937523791942986  0.22713764224992233  -0.12992915722003925  0.9651564150837095  -0.393070410360686  0.0  0.0  0.0  1.0
4215528472851;7.769777714220737;0.012855022987517114;-0.06644405595704601  -0.9402797963599158  -0.3338548966023006  3.9785032754661147  0.9966847905593325  -0.0782901194733297  0.0221378738941157  1.4041575347971085  -0.04695333529875084  -0.3312771675654809  0.9423644849813241  7.2411145114627935  0.0  0.0  0.0  1.0
4215528472882;7.042666088122157;0.034251086352253726;0.8749634753147357  0.40834254943396653  0.2601831646877428  2.997905880469447  -0.36880629507435275  0.21388931828549523  0.9045624777962522  6.159361125952046  0.3137209485812035  -0.8874163182211237  0.3377446440377334  -2.7137874724514677  0.0  0.0  0.0  1.0
4215528472913;11.695730771155905;0.02781233072517002;0.06292483829228529  0.5223505234666377  -0.850406017946733  3.561075554229475  0.7765162170085415  -0.5609039255018448  -0.2870702894403464  4.571201950274956  -0.6269473896975991  -0.6422902124357417  -0.44090844124445683  15.06863300563685  0.0  0.0  0.0  1.0
4215528472944;6.966974866703557;0.0295708758030158;0.6789807951827174  -0.4689116095275766  -0.5648955498349254  7.841980324217078  0.3663650614147904  0.8832073612812579  -0.29278216945902746  -0.10303616347706829  0.6362088662912376  -0.008164522573602572  0.7714736670966565  -8.124353439567354  0.0  0.0  0.0  1.0
4215528472975;4.140007954611918;0.02781228936970137;-0.7812847325203218  0.5746201377792952  -0.24373318196165458  15.897551619055262  0.5006500995601695  0.34371903221132444  -0.7944851821815828  -0.9205862146160869  -0.3727514514271429  -0.7427441848673163  -0.5562260613318508  12.218111607653597  0.0  0.0  0.0  1.0
4215528473006;2.4517018405060282;0.03265455412539971;0.105555011280542  -0.9834259249855453  0.1474163819251084  8.651529550061102  0.9412617374328648  0.050991614288097065  -0.333805627449806  -2.2915653288790914  0.32075610865333387  0.17399225654786693  0.93104361520981  -1.9416750608436066  0.0  0.0  0.0  1.0
4215528473037;9.53731782294903;2.4992519114463834;-0.7360699244187661  -0.0974260021405408  0.6698576270171623  20.5046809904281  -0.18641371205885404  0.9804983099472966  -0.062233368436353104  4.9197119882244245  -0.6507311229091408  -0.1706787576044762  -0.7398768596057063  19.13061754517562  0.0  0.0  0.0  1.0
4215528473068;7.896574012257276;0.0278420097125226;0.42000263059759213  -0.9037909823867131  -0.08221709340255176  4.206774807232482  0.8144422468878078  0.335408991326287  0.47348139881290274  -5.467943677659713  -0.40035186620701896  -0.2658245073238055  0.8769582170950984  -3.896168249409539  0.0  0.0  0.0  1.0
4215528473099;4.933808374600305;0.015272632115887296;0.3926306257398861  0.6951349721376773  0.6021864846061034  2.926075381653268  -0.8727919278521105  0.48805946431714636  0.005675382511950525  1.8484556324647496  -0.2899576562315648  -0.5278118318128264  0.7983352853225809  5.584397609639041  0.0  0.0  0.0  1.0
