# registration_from_features.py TEASER TEASER_config.json euclidean True --use_random_keypoints=True --n_keypoints=5000 --input_txt=/SSD/point_clouds_registration_benchmark//eth/stairs_global.txt --input_pcd_dir=/SSD/point_clouds_registration_benchmark//eth/stairs/ --input_features_dir=/SSD/features/3DSmoothNet/voxel_01/eth/stairs/ --output_dir=/root/neural_registration_comparison/results/3DSmoothNet/voxel_01/TEASER_mutual_on
id;initial_error;final_error;transformation
5494384560030;1.9653997219596564;0.007009567736140564;-0.2226585269735199  -0.9658188975865268  0.13272918831488587  9.206797935627616  0.9537249662936124  -0.1875754100306099  0.23499820046140138  -9.474189734105966  -0.20206897098325355  0.17891149380795665  0.9628908600403133  2.3873738804732945  0.0  0.0  0.0  1.0
5494384560061;3.2470421696666185;0.035620903812842546;0.11452956770385694  -0.20296313061586924  0.9724653956476669  4.463689038182799  -0.992628554184637  -0.06244401300425376  0.10387154883432675  4.093332906018743  0.03964254707867585  -0.9771932832610605  -0.20861868471108916  -1.5671118628241518  0.0  0.0  0.0  1.0
5494384560092;2.297685819693392;0.008542207356932802;-0.9981503660193319  -0.05451160436225494  -0.026913413111809264  18.308684345507746  0.012470695137960622  -0.6168832714480126  0.7869558508394068  -1.388545207146201  -0.059500660317764104  0.7851646415863689  0.6164220607865191  3.078529623099351  0.0  0.0  0.0  1.0
5494384560123;8.759025089926762;0.1268206367087954;-0.5862439582112965  0.7870729888342981  -0.1919222022283948  14.552213570120157  0.6600285845291372  0.6013956940191694  0.45020604929261687  1.8843153239969077  0.4697662068148544  0.13725643687145134  -0.8720552628544465  1.6395909672549425  0.0  0.0  0.0  1.0
5494384560154;2.6625673868786452;5.147435170013019;-0.6905288125677003  0.13699019953982527  -0.7102138017835767  6.900966528109418  -0.7187385683245657  -0.24011557543609663  0.6525023991034415  1.08795898904169  -0.0811469618445263  0.9610297579487497  0.2642668630766485  3.2982172948886115  0.0  0.0  0.0  1.0
5494384560185;6.621620892396294;0.009263735975371659;0.6959045733069446  0.7173679245602631  0.03316753929040534  -2.9791983458008535  -0.7137803579494972  0.6960254086564035  -0.0778860135722372  5.074606038335648  -0.07895837799732  0.03052689497455708  0.9964103989959386  8.581947614854247  0.0  0.0  0.0  1.0
5494384560216;5.2200031515621825;0.016198374410734826;-0.45610052902019566  0.8228599071533756  0.3389304952745265  7.239948233584748  -0.8420566533641857  -0.2758125981807436  -0.4635385671224091  1.9011808223943167  -0.2879460018000011  -0.4968188642597281  0.8186929315458077  6.731366413778997  0.0  0.0  0.0  1.0
5494384560247;8.503686109037535;0.03425910346748069;0.7017955364587153  0.6970207892467082  0.14712254879697892  2.368138028286123  -0.53156218242725  0.3748844978335849  0.7595414797739747  6.919738367678545  0.4742622388719161  -0.6112476033834049  0.6336021591963215  4.777533650646533  0.0  0.0  0.0  1.0
5494384560278;5.489767218869771;0.0293973899014683;0.1294126114777162  0.6334368102434026  -0.7628959191260505  5.666721043493931  -0.7851880980384096  0.5353286419089283  0.3112922996971938  -3.5298889432331557  0.6055840376771361  0.5587316463031303  0.5666453218107881  0.28145556553165757  0.0  0.0  0.0  1.0
5494384560309;6.344090179496548;0.02824296328441854;-0.5396837507079384  -0.8368913230920162  0.09140220213488395  -1.9583152328728155  -0.32773448693559254  0.1088480158242434  -0.9384786707880944  4.430694953097621  0.7754557081451371  -0.536437342831779  -0.33302165383155585  -0.8363613125792577  0.0  0.0  0.0  1.0
5494384560340;11.288142510784303;0.018476406556355365;-0.8632270525019075  0.18775395070658038  0.4686016536707265  9.677031972748681  -0.34051849391105804  0.46871366906885853  -0.8150795370591468  8.882348070721235  -0.3726744036466864  -0.8631662356823738  -0.3406726264972097  -2.026503565737592  0.0  0.0  0.0  1.0
5494384560371;4.893298023722126;5.078955286319365;-0.24326156598118912  -0.349161502214416  -0.904936492737337  -0.1439402693732509  0.9687676264748356  -0.13372045239440433  -0.20882558872358084  -8.993427644757272  -0.0480946609375071  -0.9274724179094538  0.3707854064098237  4.667360012187453  0.0  0.0  0.0  1.0
5494384560402;1.640061358821845;0.006651796701951054;0.5865102084249616  -0.8071614375629381  0.06705362872089832  0.6624052950417872  0.7915610316083639  0.5536950380651697  -0.2585593511384062  -1.9536479224712417  0.171571876053191  0.20472473844980796  0.9636653323712787  1.0090394265479221  0.0  0.0  0.0  1.0
5494384560433;4.064579359510598;0.011598042032277298;0.14528990637248748  0.906979396699233  -0.39532166278787406  9.246360948340781  -0.9601544316627658  0.2256649433306095  0.1648599427087848  9.215337793681233  0.2387348120082715  0.35561736081733764  0.9036271256556471  4.811767702097035  0.0  0.0  0.0  1.0
5494384560464;8.086453804333049;0.014999453079537407;-0.8450436186347084  -0.34210339968654035  0.4109337495602793  1.597867761431534  0.4220265153906977  -0.8986421157608558  0.1197329031137169  3.307012147920415  0.3283213409328491  0.2746044641002124  0.9037684910331253  -4.869268262749456  0.0  0.0  0.0  1.0
5494384560495;3.79668680245774;0.04039761880869678;0.6792735647916739  0.724471040002561  0.11717139741771437  4.178404825988328  -0.7015861093577589  0.6878923331883462  -0.18595985883231794  -0.18701229089181096  -0.21532383827958929  0.044111791374878875  0.9755458956554763  -0.6211623209006647  0.0  0.0  0.0  1.0
5494384560526;3.919459476654856;0.008203480304424637;0.6688585626768879  -0.01829505793904836  -0.7431645268638805  -0.5053119710904697  -0.6082903263552206  0.5611966671012911  -0.5612852926071222  11.311592345684426  0.42733020253250037  0.8274802666465286  0.36423248937199776  -3.9833272702131333  0.0  0.0  0.0  1.0
5494384560557;4.769841275602151;0.01804715346746042;-0.9429004764068909  -0.12855166504497303  0.3072672468809906  7.2641043111103984  -0.17160384784949664  -0.6031618880389487  -0.7789402135084175  -3.1237734197990856  0.28546595417826176  -0.7871913402924707  0.5466616712132271  3.3930011725850195  0.0  0.0  0.0  1.0
5494384560588;4.0033637514024445;0.02094959881915439;0.363815312319285  0.751405753790284  -0.5504796196889374  9.445085146571628  -0.6736469421733858  0.6203987534190033  0.4016281664134064  2.2305776009336222  0.6433025849648584  0.2247104357323056  0.7318927546099417  -7.4897369387148265  0.0  0.0  0.0  1.0
5494384560619;2.5680413302481218;0.04136728490483728;0.03850020142117361  -0.8402576172849112  -0.5408187044520683  4.823197371942463  -0.5333377607805794  -0.4749632920449822  0.6999719309624861  -1.0362877933462709  -0.8450257791429129  0.26148997648949623  -0.4664272984929547  4.318538582659274  0.0  0.0  0.0  1.0
5494384560650;2.1252762310053015;0.012039757517654842;-0.09436291498533005  0.9738268517380027  0.20677742408087565  10.753351728915801  -0.9955221930798489  -0.09346900032525944  -0.014110601109994344  10.227787376366367  0.005585996863595103  -0.20718303215332956  0.9782862504537171  -2.183954003034429  0.0  0.0  0.0  1.0
5494384560681;5.499161925361485;0.004342903155807809;0.7647901806630462  0.2816501396102799  0.5794559331121705  1.9089585742209798  -0.26480363924103806  -0.6824961390081501  0.6812327450172012  -2.8408227719031216  0.5873457348156098  -0.6744421540032018  -0.4473843634923257  -10.300715063920187  0.0  0.0  0.0  1.0
5494384560712;3.9543429907625507;0.008428909766351907;-0.08560851254382029  0.9809890541246674  0.17415986411233056  3.5715324485953106  -0.7497726854603401  -0.17854745692653096  0.6371512581504168  -2.7611828160972656  0.6561342109032459  -0.07603473753922915  0.7508039797242128  -1.438962330286472  0.0  0.0  0.0  1.0
5494384560743;2.252255054334342;0.021810933341050543;0.5036491978412186  0.8635562961943378  0.02465783479982143  3.2158867811795053  -0.8580578511587583  0.5033507498221038  -0.10185650061896424  11.448375364193131  -0.10037036205330867  0.030142096089092484  0.9944934612478079  -1.5891724259272797  0.0  0.0  0.0  1.0
5494384560774;4.093777341873709;0.01646527250150301;0.09617186309218785  0.17579320632047257  -0.979718184663807  8.61498167980173  0.8755936344252457  -0.4830478894966021  -0.0007237450296509549  -4.021759714434114  -0.47337803086261504  -0.8577654021143818  -0.20037902792504725  3.353455386027709  0.0  0.0  0.0  1.0
5494384560805;2.4081201720064747;0.013209750308009683;0.6177733824713032  -0.6495493889108285  -0.44321737248841486  3.654288166493076  0.6935747592771716  0.7156873692173981  -0.08213186249131606  -8.026679705080905  0.37055377639902387  -0.25666550393118476  0.8926436679258828  -1.0904597945832277  0.0  0.0  0.0  1.0
5494384560836;2.3977526989083033;0.01062567178112617;-0.9261320810450209  0.37195365008265197  -0.06268852087433228  16.036596814676702  -0.34950499425554404  -0.9087062397365887  -0.22825255497851724  2.9141200120756907  -0.14186482104331377  -0.18948206261802505  0.9715816592013081  3.721969508803947  0.0  0.0  0.0  1.0
5494384560867;5.82100797182095;0.011889137080046836;-0.046936881675143725  0.2953582233859072  0.9542329113046429  1.8437922161171871  -0.6649313626253628  -0.722121084740283  0.1908072901403285  0.30649992641618773  0.7454282072311135  -0.6255434907756918  0.2302870578481788  5.698248567796129  0.0  0.0  0.0  1.0
5494384560898;7.426959109966299;0.015476538083437345;0.6695012266302729  0.5051730235601218  -0.5445808698510106  6.765428846688009  -0.7261588254761038  0.5994735444827757  -0.3366375345210674  8.478395766827816  0.1564016231492661  0.6208314471194107  0.7681841228142464  -5.131499858839165  0.0  0.0  0.0  1.0
5494384560929;3.2277640385532322;0.012533333687749485;0.07419819598658177  -0.9670191682610713  0.24365663530469003  8.096806422020332  0.9917269290282331  0.04588734549815618  -0.11988348411421358  -8.318567568802184  0.10474887088922161  0.25053598491793294  0.962423708305564  -6.382900613300105  0.0  0.0  0.0  1.0
5494384560960;7.03502339552627;0.008524279000647624;-0.9379662148928509  0.3084982055740865  -0.15826634789855631  14.443236607911984  -0.34655800824791144  -0.8199090684883226  0.45568263773140627  6.173074549392346  0.01081326217285133  0.482263389205712  0.875959529198125  1.147298402616131  0.0  0.0  0.0  1.0
5494384560991;7.791752238870199;0.015436132496853673;-0.4827039247696369  -0.8334844796121619  0.26888760339151674  9.9442147524152  -0.6394205580482833  0.12560781078879793  -0.7585275392588375  11.091616813591406  0.5984465481203907  -0.5380764816589645  -0.5935784943276659  -5.9967105390371644  0.0  0.0  0.0  1.0
5494384561022;4.731288337239354;0.030036675835621803;0.2346983614342168  -0.3048043129413812  0.9230444246906138  3.568492061122517  0.8583699754076488  -0.38065452168408964  -0.3439522066219807  -7.222608635755102  0.45619914999785616  0.8730386394277115  0.17229587809185726  2.2589036276033996  0.0  0.0  0.0  1.0
5494384561053;4.703195918816284;0.22252834937396476;-0.26395059097068224  -0.9319482919587202  0.24860101898715484  2.4038246510212886  0.8313188901897878  -0.08910690670589046  0.54860629051345  -7.703156150732748  -0.4891206275959411  0.3514716777957105  0.7982660404699803  -0.6153036360457409  0.0  0.0  0.0  1.0
5494384561084;7.769594886748286;0.02595499127822372;-0.6090571422696688  -0.44691880250452315  -0.655219796265518  17.310697813906792  0.6911766121156303  -0.7042704687921684  -0.1621048970624206  -2.593673429714223  -0.38900422660256956  -0.5516037443266508  0.7378407829133293  0.31452808960328016  0.0  0.0  0.0  1.0
5494384561115;2.7618695788486547;0.013853676988867494;0.38652455519004  -0.8145803950099524  -0.43250150092291134  11.512007197206026  -0.19894938976963916  -0.5315504175642818  0.8233306103246288  1.156154758260916  -0.9005653271947737  -0.23219158824700514  -0.367517561215656  15.53248106116032  0.0  0.0  0.0  1.0
5494384561146;4.978157980828911;0.016601346884366323;-0.7876670560240058  0.6103187332706437  -0.08421195089411196  17.046215584322756  0.4621710279946089  0.49494149739158455  -0.7358198523023032  -4.2140523078641765  -0.4074046510987354  -0.6185013807411373  -0.6719207485146034  4.127923447137183  0.0  0.0  0.0  1.0
5494384561177;7.540163639644457;0.05765782637636048;0.6227171337645188  -0.6042243931506543  -0.49712800568648935  -0.9603864529252845  0.7619917928427606  0.6126322072585951  0.20988160059837901  -4.9108598809476804  0.17774104465873386  -0.5095043290799259  0.8419106007720986  5.109091441404069  0.0  0.0  0.0  1.0
5494384561208;2.258030642572619;0.01116208923034539;-0.2708338101169504  -0.9573569798382044  -0.10058161090680268  2.6782938175251587  0.7544318346605045  -0.2759945630137127  0.5955330452944284  -1.3942318891555445  -0.5978976953863607  0.08540851445811234  0.7970092417969427  -1.5644838896502546  0.0  0.0  0.0  1.0
5494384561239;3.8492329696698255;0.01079685368717575;-0.47509696029853693  0.8117581417348675  -0.3396050612730099  13.191268051863092  0.7360108396529667  0.578121217310639  0.352227060301448  -10.512041550924733  0.48225607536704507  -0.08261100061383773  -0.8721264245217866  -4.125477933916371  0.0  0.0  0.0  1.0
5494384561270;9.123550834747231;0.036071168887539445;0.3163541658984131  0.9206500426454881  0.2287433948676574  2.3659371210957922  0.25510502730000895  -0.31480772022651954  0.9142305640986002  -12.201481135772584  0.9136965944803458  -0.2308670575518378  -0.33445318801347307  -5.390230744188579  0.0  0.0  0.0  1.0
5494384561301;4.160514649695006;0.013796379335050804;-0.17754101905324166  0.6121883464325375  0.7705223001612165  4.787120501907654  -0.2093367295151139  -0.7885351089247815  0.5782650911726379  2.880720560031381  0.961591035851236  -0.0586328447645061  0.2681508330872174  -3.1614659934196974  0.0  0.0  0.0  1.0
5494384561332;6.482396831003189;0.022878466916303925;-0.883966283889054  0.46662636422483433  -0.029384437338307978  4.93194987816972  -0.46570158603373885  -0.8843136870492633  -0.033336701441487704  2.7465753064598966  -0.0415408439133973  -0.01578414101719163  0.9990121216378275  -4.928253019558328  0.0  0.0  0.0  1.0
5494384561363;2.945345827521586;0.03009598111996705;-0.4548756931206382  -0.8690615491293529  -0.19447397674986638  4.009742644457756  0.624882568547852  -0.15588266886193108  -0.7649982804382768  -1.6267834996016117  0.634515468159018  -0.4695025211576296  0.6139686500901915  -4.811358559321761  0.0  0.0  0.0  1.0
5494384561394;1.7737978589250467;0.005341537555616551;0.12426381625857977  0.9915815847930277  -0.03639319535574671  1.4899136241175437  -0.17227708608589354  -0.014559910492851446  -0.984940919353132  2.8220294153618686  -0.9771791594066093  0.12866223107729702  0.16901751600235024  1.2962252176440914  0.0  0.0  0.0  1.0
5494384561425;2.0770362960670123;0.005913535261243833;0.5163823949726548  -0.6075817260745753  -0.6034846048595972  4.1365710814062355  -0.35025772116566134  0.49322122726497375  -0.7962740418593788  2.7778775399424314  0.7814529742256685  0.6225570392465845  0.041880567789659554  -3.321206146954009  0.0  0.0  0.0  1.0
5494384561456;3.2026873730298178;0.024635371361916267;-0.009453732280715898  -0.9873565909259873  -0.15823270616713908  1.3541482213123126  0.9987103697383842  -0.017216686253498578  0.0477617325006911  -3.5936242767421738  -0.049882104235723  -0.15757711784856396  0.9862460279299256  3.609137359055911  0.0  0.0  0.0  1.0
5494384561487;2.7650958552301788;0.009784548829357921;0.385013776557793  -0.9214805293535688  0.05136171612175696  1.9607175292731291  0.9007150431915462  0.3873036983686091  0.19674413891765388  -5.752302848200314  -0.20118847588556696  -0.02948693358529675  0.9791086343805675  -1.5504077305518538  0.0  0.0  0.0  1.0
5494384561518;5.145762913418466;0.03509161095464904;0.09846548091936366  0.9192670703481733  -0.38112019421805166  2.6526813615750076  0.9382987156028723  0.04182018864938852  0.3432879143216819  -10.049678054459983  0.33151179370471767  -0.39140659830260466  -0.8584292664162053  1.1730301934167078  0.0  0.0  0.0  1.0
5494384561549;4.6377896203071325;0.01862488177523366;-0.9661429123372336  -0.25764332591379113  -0.013703632825210938  5.418905288950859  0.24790154439284942  -0.9417091158568025  0.22743958626378008  0.6914667100349661  -0.07150312740131255  0.2163419925125016  0.9736957661649515  -4.816805271564426  0.0  0.0  0.0  1.0
5494384561580;4.567914726536869;0.0024536311706523117;-0.5500888105241906  0.3470488541740835  -0.7595784313371053  12.815304523538757  -0.8001325507976751  0.041436227648609124  0.5983902908572785  -0.5805156444454039  0.2391447295887726  0.9369312311235591  0.2548914797618866  0.23071298353433298  0.0  0.0  0.0  1.0
5494384561611;3.9710273671971175;0.005863174615650291;-0.29962854495989  0.6443224703089437  0.703613025249107  11.945844425037926  -0.8184787907710459  -0.5525441519034926  0.15744024026664427  3.3430224089281837  0.49021954683915586  -0.5287187479674156  0.6929222766260162  -4.4465198153193874  0.0  0.0  0.0  1.0
5494384561642;3.9300328799679396;0.03437099583690839;-0.4426870209105022  0.11666419824571181  0.889054366371973  4.520065184295567  0.551636269708708  0.8171025794747162  0.16745387591102703  -5.188169268819593  -0.706912743879502  0.5645642917006436  -0.42607690981477075  8.851770109412348  0.0  0.0  0.0  1.0
5494384561673;1.856504570527757;0.009938876495247006;0.2982069498858962  0.30764639245506864  -0.9035631202351788  3.1272217382091103  -0.9539862856924166  0.06497261705997698  -0.29272636666888396  0.650360088033886  -0.03134935008160367  0.9492798619173162  0.3128657252044422  -0.020341001025377885  0.0  0.0  0.0  1.0
5494384561704;3.161923902897827;0.11486329099416201;-0.318352868923031  0.8839616871727787  0.3424371277462897  7.357465751236118  0.9474668272721982  0.3084929080987312  0.0844910461027796  -1.6200678071470902  -0.03095257771542349  0.35134578589110976  -0.9357339775114127  1.8020914375859416  0.0  0.0  0.0  1.0
5494384561735;3.569181629467939;0.012869018802117792;-0.025155073827810372  0.18117065057976287  -0.9831299088265104  9.552756659146969  0.9990516336023951  0.03951798496244755  -0.018280105604015644  -9.774301453948985  0.03553949432819218  -0.9826573788625479  -0.18199291225177744  -0.6589050044185124  0.0  0.0  0.0  1.0
5494384561766;3.9022771741523186;0.010419674483041248;-0.05869531859589636  -0.8596759469638688  0.5074565260066135  14.762011829510785  0.5118425950840347  0.41051389877273703  0.7546492541386675  -2.8179599317517896  -0.8570717691258807  0.3040322435633788  0.4159235235488024  10.655038518152049  0.0  0.0  0.0  1.0
5494384561797;1.7821658772718727;0.00552971330532258;0.2939807379412605  -0.7990094415660107  0.5245562295959164  4.728325272735836  -0.6027935027905161  -0.5808931616458988  -0.546994632283144  9.661067616860304  0.7417650023511843  -0.15539320140020169  -0.6524091003699634  -0.5539618113856559  0.0  0.0  0.0  1.0
5494384561828;3.031970333042847;0.021733072742559183;-0.4492332990045038  0.21423437108890303  0.86734830218873  4.412800151331028  -0.7481733527866794  -0.6208071131940027  -0.23416908930870445  1.1095515986699163  0.48828892803899354  -0.7541234397974055  0.4391716752053345  0.044413947954271206  0.0  0.0  0.0  1.0
5494384561859;3.9115043062921147;0.0044247077694067405;-0.2970925149274708  -0.22772582185040285  0.9272955233562971  -2.0305807901654798  0.08660913472287403  -0.9735675858257478  -0.2113409889538205  -4.23096985729525  0.9509126644211998  0.01752443699473418  0.3089627789093567  4.059329131870721  0.0  0.0  0.0  1.0
5494384561890;2.700280821168816;0.048080012370922014;-0.709643822057262  0.40004583527364834  0.5799732541214039  4.956926776241656  -0.6901933974373093  -0.2293267235405885  -0.6863252348588693  5.743067449970241  -0.1415581857396647  -0.8873401735244194  0.4388492867713779  0.42975737021381244  0.0  0.0  0.0  1.0
5494384561921;4.363288827751439;0.01696155205939176;-0.15577982317291  0.42781979133105896  0.890338628184618  -0.2157696145927939  -0.41001087586783164  -0.8480335077760123  0.33575325964047975  3.5475869348836477  0.8986788794459968  -0.3127449373444167  0.30751727724329  -2.703326765456267  0.0  0.0  0.0  1.0
5494384561952;5.900960080460973;0.01012043641202754;-0.13563780086925536  0.7955599656472788  0.5904970178033528  5.95011797742051  -0.132487857573213  -0.6052165304132653  0.7849585459820098  5.280535409942523  0.9818601502103104  0.028236366158390352  0.18749227465460286  -3.643383807165588  0.0  0.0  0.0  1.0
5494384561983;1.9280359265963185;0.0029459154751073336;0.5695252509427706  0.7790561447146775  0.26213071533278365  2.2954481840806396  -0.7592113447955805  0.6207929498090372  -0.195484647481793  2.1799168183819915  -0.3150224158250651  -0.08767916998750286  0.9450255238235854  -0.1900870583083051  0.0  0.0  0.0  1.0
5494384562014;2.290467177188447;0.03775938695670969;-0.26095221512251127  -0.95001501597402  0.17139256356836496  3.885438422214667  0.9538667102075457  -0.2810565491311772  -0.10557232283277612  -4.52138931782506  0.14846629442566475  0.13593632926615243  0.9795300270053781  1.5091972345660722  0.0  0.0  0.0  1.0
5494384562045;2.843775395138052;0.013763818514582974;-0.7045021270446878  0.4531399731759128  -0.5462059297551093  6.9847430276891  -0.6449183867757108  -0.08750747956453916  0.7592250755993752  0.3126249400399453  0.2962381261555059  0.8871339277304159  0.3538875059697359  -2.7431736952149173  0.0  0.0  0.0  1.0
5494384562076;7.910208896373804;0.018674962328480735;-0.8536686761863539  0.0696560877890381  -0.5161374048954057  13.914568808300128  -0.5079958271583561  0.1071713581429122  0.8546663323095754  6.6545616240076635  0.11484785974468982  0.9917975244109707  -0.05610382949794601  4.870193878857219  0.0  0.0  0.0  1.0
5494384562107;6.000656068192277;0.006946367084090829;-0.11150234820673116  0.9902607969625218  0.08337134006081759  11.417538567419792  -0.9931984923613164  -0.10821573474503533  -0.04296637667758813  2.8530008246254925  -0.03352582758998076  -0.08759514114803264  0.9955918391246806  2.201893907898338  0.0  0.0  0.0  1.0
5494384562138;3.161989247048879;0.019905665082153804;0.32401721433483693  -0.014119526411180746  0.9459458144040895  0.2907589667273537  0.41661198398208654  -0.8955871225179985  -0.15607101198634302  -4.7187068151347775  0.8493805387558643  0.4446620570206723  -0.2843032807213847  -2.901624290326368  0.0  0.0  0.0  1.0
5494384562169;5.267286062056453;0.00927460412526034;0.3411968673937761  0.6670381525802388  -0.6623026503668973  -0.45466739403971185  0.7121868523331923  0.27640925392227483  0.6452811880954475  -1.0732552843979035  0.6134937530606277  -0.6918511598230312  -0.3807458307153365  -2.083644921655719  0.0  0.0  0.0  1.0
5494384562200;6.316421781002835;0.019487271932742703;0.07245436648563507  -0.9973206050051566  -0.010098297347280426  2.746229153981542  0.9973703831474426  0.07243392485942642  0.0023759944827107214  -0.2992945844598139  -0.001638168943724903  -0.010243893869412057  0.9999461880725904  -6.184798323251285  0.0  0.0  0.0  1.0
5494384562231;6.809241551181215;0.010142044772330813;-0.214672126117553  -0.9071482236761372  0.3619364288786074  0.34724564265405583  0.9660083547518704  -0.2518550087690217  -0.05828304305319809  -5.903970839702813  0.14402686144519844  0.3371218694169597  0.9303790132752671  6.374269472703684  0.0  0.0  0.0  1.0
5494384562262;9.226605709293516;0.026669677116364296;-0.5604483283481482  -0.667058018639605  0.490847502815662  5.541423628460231  0.14602501186387964  -0.6629816711664946  -0.7342560858497784  -5.232349945284657  0.8152143075056526  -0.33983658347194984  0.46897412441646746  5.680907545702021  0.0  0.0  0.0  1.0
5494384562293;3.35198828640729;0.10033265754002917;0.36744180179324953  0.7821670702077106  -0.5031910140072233  0.3516433849562998  -0.3289102262406676  -0.3967917323838755  -0.8569564657473078  2.5997403453699843  -0.8699451622770505  0.4803862980919523  0.11146487893622202  2.968029870849685  0.0  0.0  0.0  1.0
5494384562324;6.007210908334361;0.009945815161790654;0.9984069073847515  0.02222419794320544  0.051862629244933484  3.607960110898439  -0.052568487120826284  0.7003143084813892  0.7118963572726452  3.1040049374638365  -0.020498815776618093  -0.7134885804005661  0.7003669353915424  -4.09361699651144  0.0  0.0  0.0  1.0
5494384562355;2.8594967283924566;0.016405905304580564;0.004479935936421471  -0.7589304405382318  -0.651156291990219  3.0875938682179633  0.6752109944475699  0.48260544434810687  -0.5578369816198007  -4.880217087807542  0.7376110378452377  -0.4371688135148843  0.5146002189455994  -2.2855241027478135  0.0  0.0  0.0  1.0
5494384562386;7.555953592991905;0.013110879089681097;0.928813800371979  -0.15368232513513824  -0.33717453518855667  1.5740614309603969  0.24725677486166145  -0.420683462466956  0.8728628252433622  5.959927887825053  -0.2759873394262341  -0.894095726053912  -0.3527376094614204  2.071560854742867  0.0  0.0  0.0  1.0
5494384562417;3.909277903469262;0.018774498547868182;0.2092169080588105  -0.9691299088706251  0.13044349395322546  6.730235389787735  0.9748628691025834  0.21716176312901708  0.049831266086417636  -4.358412411808069  -0.07662030949682969  0.11673897535575083  0.9902026761251962  -0.02182425054895178  0.0  0.0  0.0  1.0
5494384562448;8.322743061723811;0.022944578940859398;-0.2534286967616388  -0.28564993831904767  -0.9242175114095287  6.461347771420823  0.7024750738015821  0.6025014336413327  -0.37884138257007005  -8.20719460498908  0.6650583931845083  -0.7452490424002329  0.04797080837734838  0.6117527061723183  0.0  0.0  0.0  1.0
5494384562479;5.142564597723577;0.006070284069733651;0.5274971939779705  -0.7328376627347163  -0.4297623417923986  6.519751890208276  0.8484587419205174  0.42872601425313644  0.3103413732670413  -3.388118880336945  -0.04317955076215147  -0.5283398194156278  0.8479342908597576  4.034150016884553  0.0  0.0  0.0  1.0
5494384562510;7.409784479444804;0.012176250920937293;-0.051423901802217335  0.9057418112305645  -0.4206986495250654  1.1907416231579289  -0.9973539868215372  -0.06825239710220661  -0.025032683855078973  6.3948698140566265  -0.05138683970260811  0.4182981970778509  0.9068550110281132  7.445770782399235  0.0  0.0  0.0  1.0
5494384562541;3.4584512201369555;0.01993160615577638;0.8795565534853781  -0.07513115559221394  0.46982505114170037  -3.6975364664472106  0.4410489655883012  0.4991649341228771  -0.745862037172823  0.22556312396655176  -0.17848271393726717  0.8632436956048289  0.4721803075352732  1.4323713203540267  0.0  0.0  0.0  1.0
5494384562572;8.23556210803444;0.022809998308250364;-0.4396166575597557  0.8798295135447279  -0.18065774683537816  5.293519969483607  -0.7964854753241406  -0.4748393229596917  -0.3743507779728251  -1.3990576743514087  -0.4151482650736558  -0.020679566408143252  0.9095187043373573  10.07228306534373  0.0  0.0  0.0  1.0
5494384562603;7.97771549928889;0.017902449774426288;-0.43391232105547256  0.23821604965457258  -0.8688919445611314  13.71333859598998  0.28472432475781895  0.9512437050309814  0.11860637643118577  4.593970101331307  0.8547819350731846  -0.19592990411344144  -0.4805822678237734  -3.979158407212155  0.0  0.0  0.0  1.0
5494384562634;7.765621830691003;0.27444298236453296;0.2955902261998987  0.9344191968827833  0.1987138210392721  8.641648255730018  0.8505068341424608  -0.35213087408642557  0.3906942187850989  -2.7952379144855524  0.4350454496395312  0.05352207032678269  -0.8988163576258913  -3.893675630727009  0.0  0.0  0.0  1.0
5494384562665;9.270386005314265;0.06268120008010696;-0.4727396160048746  0.020720376329878734  0.88095852425884  5.456417363833659  -0.8800484969531084  0.04003803454042018  -0.4731929826198993  -1.2495263997849868  -0.04507658449949508  -0.9989832940519522  -0.0006926290288156296  -3.249114229652046  0.0  0.0  0.0  1.0
5494384562696;6.577937540194185;0.007982116299862091;0.373554554749609  0.9246884050388987  -0.07354147273776468  2.1420085501697006  -0.9103156689489396  0.35019992439141534  -0.22064767350301182  7.063441982895599  -0.17827612709464516  0.14936989838272322  0.9725771208316953  7.452474226269792  0.0  0.0  0.0  1.0
5494384562727;4.59848726203546;0.040860098849055955;0.3061159813143801  -0.9472482204632013  -0.09494111234461347  2.783504394698231  -0.010650088135864044  -0.10312991156694518  0.9946108771589488  2.016781952442487  -0.9519346519623257  -0.30345515347328106  -0.04165799111665433  7.744783304064515  0.0  0.0  0.0  1.0
5494384562758;5.063388290222;0.012122589164957467;-0.9715616448977987  -0.04002678791690459  0.23337914733870085  4.913914782997604  -0.1584282948084608  0.8423839545639075  -0.5150628587826505  -3.6167091161363425  -0.17597853723555992  -0.5373891786613572  -0.8247693162879577  5.3123009733036035  0.0  0.0  0.0  1.0
5494384562789;4.438629717023098;0.01733011253659048;-0.20653286162509144  0.345132552708837  -0.9155477585192551  1.5251014446004818  -0.8862036856156051  0.3306232571566464  0.32454782302219753  -3.105149848562478  0.41471340063985  0.8783915885798385  0.23757317281612278  0.4135629858930133  0.0  0.0  0.0  1.0
5494384562820;8.161517273743991;0.007751547647710621;0.19723781361606474  -0.2572814376713556  0.945993396757988  6.249919029035271  0.5749928098100865  -0.7511902737849092  -0.32418581282600306  -9.183111505744193  0.7940280307058799  0.6078811021908107  -0.00022815045235719325  3.3483381540518184  0.0  0.0  0.0  1.0
5494384562851;6.219799808788275;0.006248005855642264;-0.06363793652339843  0.944282031546698  -0.3229267067510614  4.510566967848963  -0.07262684923855396  0.31834253954507163  0.9451895938306113  3.204227283618949  0.995326857773227  0.0836030646210812  0.048321566419550745  -8.315654864172918  0.0  0.0  0.0  1.0
5494384562882;6.86050681050468;0.014744611321540582;-0.9280145919147319  0.2516381803443787  0.27471283804420876  12.55858504044719  -0.2994351479098588  -0.06510545587391162  -0.9518927837795871  0.9224666680542429  -0.221647263437956  -0.965629072578296  0.1357681288154374  5.812349219521808  0.0  0.0  0.0  1.0
5494384562913;3.2808971466396697;4.241067525635427;0.47625557570666566  -0.07884852642643753  -0.8757645439778274  0.4567969110063865  -0.09319085695217115  -0.9948882590274032  0.03889493835889203  -0.32686515986149495  -0.8743546710510743  0.06308931708143176  -0.48116904231399404  7.857707718239089  0.0  0.0  0.0  1.0
5494384562944;2.926015559566035;0.008915842286230371;-0.5392354043809513  -0.4695364654712227  0.6991142154576055  4.000944552665496  0.3087853673559149  0.6620977964042903  0.6828455937497552  -0.8296683316445579  -0.7835028880412535  0.5840907597192192  -0.21204058300627487  2.2164185856487175  0.0  0.0  0.0  1.0
5494384562975;7.45090069206603;0.09926426570823589;-0.05043667193767648  0.9787611986279543  -0.19870243628154385  0.05835654009954092  0.056928688970871  0.2014496524574644  0.9778431172211748  -5.43762882690065  0.997103438212861  0.038007283316973416  -0.0658800418864043  -6.55077142456553  0.0  0.0  0.0  1.0
5494384563006;1.7422069969351626;1.1184394373889284;-0.4933301740188858  -0.4596701985860565  -0.7384637079331335  8.90418153199186  -0.8102722704059235  0.551614863980174  0.1979391059072601  4.94724635375114  0.31636084968549355  0.6960059988017275  -0.6445862722850081  1.9903580729405213  0.0  0.0  0.0  1.0
5494384563037;5.728273913522797;0.01093941183924132;-0.5831858772610881  -0.8112985217940458  -0.04109672855608193  1.1050360319824875  0.8111891896926939  -0.5789244098750229  -0.08257497306428135  -3.752602429823579  0.04320105425711081  -0.08149378004273229  0.9957371303338153  4.260814157107797  0.0  0.0  0.0  1.0
5494384563068;4.596809114569144;0.004709563313555161;0.5875989937088315  -0.4329683299473502  -0.683568466106337  5.821639279313869  0.7685814192696622  0.5627996338856631  0.3042025214418761  -6.800715989687557  0.2530020247859687  -0.7041271173309301  0.6634719120606642  -0.7708023602345482  0.0  0.0  0.0  1.0
5494384563099;7.571012982470478;0.014991529559735844;0.48211357745744376  -0.12159362569997997  -0.8676298108181383  9.150463856415067  -0.260691272480128  -0.9653748288949149  -0.009565573103892522  6.1107294635308  -0.8364248674470871  0.23079521209342152  -0.4971187093550952  4.5440699323333495  0.0  0.0  0.0  1.0
