# registration_from_features.py TEASER TEASER_config.json euclidean True --use_random_keypoints=True --n_keypoints=5000 --input_txt=/SSD/point_clouds_registration_benchmark//eth/wood_summer_global.txt --input_pcd_dir=/SSD/point_clouds_registration_benchmark//eth/wood_summer/ --input_features_dir=/SSD/features/3DSmoothNet/voxel_01/eth/wood_summer/ --output_dir=/root/neural_registration_comparison/results/3DSmoothNet/voxel_01/TEASER_mutual_on
id;initial_error;final_error;transformation
2318808360030;4.969564550018172;0.01632452152524264;0.43911001862448346  0.030685283398418972  0.8979091295483999  -4.806890398241206  0.6889071815927593  -0.6530267062251862  -0.31458387769656276  7.793431587299365  0.576705545918823  0.7567129801578955  -0.3078898812352065  -10.696613890453161  0.0  0.0  0.0  1.0
2318808360061;1.6724101210514537;0.01037744098426733;0.20453871311509686  -0.9448745588060155  0.2556872757067865  0.34837534442669094  0.9498841789824617  0.2546764694084233  0.1812731156252238  -4.837975870635431  -0.23639788779943766  0.20579592816865563  0.9496125918463625  -1.2598230514807236  0.0  0.0  0.0  1.0
2318808360092;1.584883217651029;0.010000947864849601;0.27290722256535027  0.11971605186335632  -0.9545625777275767  4.665340968691155  -0.9033565784574695  0.37313094308858563  -0.2114714909093784  5.264550571497373  0.3308603028912338  0.9200224813753586  0.20997641232921446  -3.7792618438515873  0.0  0.0  0.0  1.0
2318808360123;2.8011658140671436;0.00591265499255929;0.7866128724077676  -0.04994615948107299  -0.6154230822088917  -2.4906550710797224  -0.5283871667582981  -0.5701268347272914  -0.629096490475808  -3.3174796011570273  -0.31944826023558104  0.8200370561608366  -0.4748600168002456  1.2970653258479854  0.0  0.0  0.0  1.0
2318808360154;5.158117208596515;0.00744992925302557;0.6418959346243424  -0.7667909544129322  -0.0011141558453818486  -7.046638332240211  0.766380407434032  0.6415033153225249  0.03368334204702539  -5.784648151830164  -0.025113347327457413  -0.02247506753527552  0.9994319342132787  3.1891547678238648  0.0  0.0  0.0  1.0
2318808360185;2.9373278081057164;0.012588339413131821;0.6624737581504513  -0.1445973781146704  -0.734996678907041  1.644085457387078  -0.30778004763492595  0.842003120385672  -0.44306002701511515  -1.023560984384596  0.682934815366635  0.5197329540284655  0.5133007836122843  -9.96751749872892  0.0  0.0  0.0  1.0
2318808360216;2.8192109211834575;0.018900089343215878;0.6780535433300576  0.7142925585645651  0.1732903146654224  -1.9201279324304683  0.45172187390356566  -0.5909539001133455  0.6683717802076014  -3.7266079258817686  0.5798195762602405  -0.3749128281615791  -0.7233599589867282  -1.489411797179855  0.0  0.0  0.0  1.0
2318808360247;5.338906233558544;0.017287457054558416;-0.3426196514045043  0.9393273919203774  -0.01660798782267748  -2.1616011084211024  -0.8965206902200734  -0.32161947693785836  0.30464990408917353  4.644231859774185  0.2808245475003565  0.11926844864540162  0.9523195948204257  -4.22968473398942  0.0  0.0  0.0  1.0
2318808360278;3.9358878406157967;0.011540329515653633;-0.024617776373721874  -0.923823675541284  -0.3820258912636765  0.6321373228385746  0.5095973087582155  0.3171681926442317  -0.7998218054549253  4.83343366253056  0.8600607815688369  -0.2143692004094441  0.462970083183588  -1.6046991795742536  0.0  0.0  0.0  1.0
2318808360309;2.1234453820707166;0.004147090046370489;-0.2734962596456365  -0.329741415091508  -0.9035875138210444  4.971094848665955  -0.9249512431943793  -0.16761689495714868  0.3411301426700618  1.3004995874246987  -0.2639412693631272  0.9290722123163379  -0.25915213799736847  7.677598642395605  0.0  0.0  0.0  1.0
2318808360340;2.3866042493559383;0.011658027122216728;0.3833809283093702  -0.9171172274140078  0.10915610376469807  14.635260908330794  -0.8825906368990565  -0.3986168514490712  -0.2492756975698752  22.592827601385466  0.27212649901610847  -0.0007726068037998352  -0.9622611764027285  -3.284698100157044  0.0  0.0  0.0  1.0
2318808360371;4.044074629937958;0.007877525299279277;-0.8230010053537611  -0.008399772084254173  -0.5679778067984977  0.4616039266975847  -0.4827460259815458  -0.5166320948606054  0.7071404054068529  4.526765817906858  -0.2993753823976248  0.8561662936537948  0.4211337768754735  4.957617026827077  0.0  0.0  0.0  1.0
2318808360402;4.2662430875772905;0.007163774539630433;0.7245075214046786  -0.6827780955669734  -0.09435530531976925  3.055899366844181  0.6360733676100526  0.715033400704061  -0.290065349352164  4.527327535966414  0.26551746165790396  0.15013763049789805  0.9523440394433202  -4.312616300953681  0.0  0.0  0.0  1.0
2318808360433;3.0557917853126377;0.01076881918561882;-0.6231891226101787  -0.5471017631482684  -0.5588514813619194  19.049607750163208  0.7215609556087923  -0.6778306454518073  -0.14105106673582105  5.557654202118255  -0.30163737301813665  -0.4911468994572214  0.8171839562499226  3.0894571786081055  0.0  0.0  0.0  1.0
2318808360464;1.0653308809730693;0.007958602878747752;0.7883183041754621  -0.45456164906146335  -0.41464196423474603  2.5150874947931605  0.6091318014707716  0.6715425335776354  0.421887513483279  -3.512329420662364  0.08667583134240883  -0.5851532558216305  0.8062772274239476  3.1342697679903493  0.0  0.0  0.0  1.0
2318808360495;1.7172042102086578;0.01214771143494041;0.10244006404591743  0.9940559840434  -0.03686100738959807  -5.128715415870471  -0.9940369160711346  0.10090526954495084  -0.041336860861083194  24.107861859304577  -0.03737168401418332  0.04087575278289792  0.9984650870553141  1.2193990150298908  0.0  0.0  0.0  1.0
2318808360526;3.6807220373796983;0.0054492277274139946;0.47174303712311605  -0.7072927450996551  -0.5264935703835828  2.9863373867259324  0.7478684617359628  0.6372580699826138  -0.18599708648986882  -4.838053485142153  0.4670666664048548  -0.30600510611986337  0.8295839946394992  4.8229365201145455  0.0  0.0  0.0  1.0
2318808360557;2.560279020018075;0.013845263992754278;0.8646250094615452  0.5023620543030217  -0.007480602253164451  -0.5407114292421747  -0.36709597530874083  0.6418413871635195  0.6732608548223588  -3.8202617371406347  0.3430220662373584  -0.5793720739908481  0.7393672037315405  -0.9418353323186085  0.0  0.0  0.0  1.0
2318808360588;3.9226564362176193;0.00985006836141617;-0.3587462231035615  0.8213994258016091  -0.4434006435513105  -4.0737703754964265  -0.9294212099425401  -0.35833516086769357  0.08815966762000058  25.071418250117574  -0.08647174057386867  0.44373291040750074  0.8919774337411316  -0.9332227766729134  0.0  0.0  0.0  1.0
2318808360619;3.5577362196516864;0.019353320038721106;-0.9036897986324406  0.4179068338255628  -0.09326642530704089  5.968991247729043  -0.07375582609624301  -0.36648508287172543  -0.9274959634140554  17.74284468780462  -0.421787655064158  -0.8312896981644841  0.3620118945022124  14.273958389074652  0.0  0.0  0.0  1.0
2318808360650;2.026557361496415;0.008940017722192706;-0.3568586089001981  0.9341048333109622  0.010004680850277713  -1.7201355761807167  -0.8692888678493487  -0.335980036132667  0.3625662416076414  23.523862932586326  0.34203625171466  0.12068792692474412  0.9319043013140321  -3.5801388045755123  0.0  0.0  0.0  1.0
2318808360681;3.2402694513344694;0.015583218350972408;0.14596221881255766  0.988549139117248  0.038283550382167075  6.1715550290109125  -0.9612206285057171  0.15086739806623267  -0.23085478452005292  8.604583480890044  -0.233987038133291  -0.0031028617877351086  0.9722347649792908  1.8689177315688696  0.0  0.0  0.0  1.0
2318808360712;4.183482302346372;0.01266759397237412;0.7444512187324015  0.6009722190128067  0.2909033772623919  -6.0331323843047695  0.6579175270020512  -0.7345037814845228  -0.1662790505398735  10.148476152305262  0.11374054066755517  0.3151770723890929  -0.9421923914195511  -3.420676218871502  0.0  0.0  0.0  1.0
2318808360743;4.6928323050556155;0.00646741317003575;0.08894373426672067  -0.8167471263374865  0.5700992402679981  1.8060542548972827  0.8435629040333025  -0.24257108904994687  -0.47912513365093323  -4.668666288181296  0.529613669643819  0.5235297492756074  0.6674023992688569  6.153928188403028  0.0  0.0  0.0  1.0
2318808360774;2.6368253275423768;0.016187279424917093;-0.9919759458226661  -0.10156438551385595  -0.07528876745185965  10.34855668114519  -0.09287781705787822  0.18140055849017797  0.9790135588836428  -5.435801597181854  -0.08577548605394585  0.9781505574167223  -0.18937806899840579  2.385321788899203  0.0  0.0  0.0  1.0
2318808360805;3.822501238380734;0.01610693329925831;0.47328188188833287  -0.5422905236055127  -0.6942083608570965  9.515715070941456  0.6451884842898014  -0.3231691445883459  0.6923102799510239  -9.832321942713685  -0.5997800263563857  -0.7755531522685568  0.19692950005074852  3.9248865773062844  0.0  0.0  0.0  1.0
2318808360836;3.8885550361159975;0.008228194889432465;-0.38904884007112217  0.9065109197339882  -0.16394801750052854  2.657926805464464  -0.9017438515894912  -0.3383463517940397  0.2690348905778089  15.362911519371902  0.18841185249305317  0.2525068288793457  0.949073903976626  3.643352031958677  0.0  0.0  0.0  1.0
2318808360867;3.4260014484993295;0.0071700183616503444;0.3935918191745343  0.6517834317917045  0.64827759325825  0.6806781527459486  -0.7642984595669133  0.6238674735446326  -0.16320919139766824  6.638064278498538  -0.5108163511307406  -0.43123976335081343  0.7437062067258888  0.06958090038493016  0.0  0.0  0.0  1.0
2318808360898;3.99662055613861;0.008270613537356983;-0.6907784528193553  0.7120835557510151  0.12554735660096517  3.4096060965939268  -0.47862186982780774  -0.5804519533486407  0.6587842101752904  30.938222579989176  0.5419836112310328  0.3949842268784153  0.7417824651973307  -9.3371720679329  0.0  0.0  0.0  1.0
2318808360929;3.423510523147215;0.0065678908781943105;0.2296325125536164  0.07793584018556034  -0.9701520056119476  -0.6441897631283138  -0.388423617892071  0.9213065269199798  -0.017926977388251743  -2.687029083438723  0.8924102208300551  0.3809465687851974  0.24183405361701452  -1.870050580813794  0.0  0.0  0.0  1.0
2318808360960;3.2303591939848126;0.010895711089563907;0.4564617858692291  -0.8820294550951797  -0.11690456956670528  6.170881074456475  0.7731696490272693  0.45823623171495154  -0.4384384218641568  3.0739007112168606  0.44028551175813774  0.1097433200162259  0.8911257329062455  -6.781464080247938  0.0  0.0  0.0  1.0
2318808360991;1.4400202981915988;0.010960337754170418;-0.2894850000847932  -0.18127486352194752  -0.939860552731631  6.410403297856818  0.8928428843451531  -0.40505621013267895  -0.19687826316579227  -3.092898382652906  -0.34500727325686226  -0.8961411108123826  0.2791076690308141  3.4989112025032854  0.0  0.0  0.0  1.0
2318808361022;4.853359975936401;0.010272904401294912;-0.06616620235674457  0.6109394086818875  -0.7889075183981402  -4.312959488275782  0.9978082242526912  0.03981192102662818  -0.05285601723418382  1.9428882295736611  -0.0008839000945519773  -0.790675691964534  -0.6122345701257216  2.9753227668622073  0.0  0.0  0.0  1.0
2318808361053;1.3356595994763014;0.008722255557458836;0.16982669776706577  0.9461301377203069  -0.27567490858416416  -0.8372061400792259  0.29339335658279664  0.21851143934615616  0.9306842048664801  2.8774656818664557  0.9407864959907821  -0.238936211931605  -0.24047922070141803  -4.361351623356711  0.0  0.0  0.0  1.0
2318808361084;4.199949712177371;0.008544588037335273;0.2924240076918356  0.8954278878075371  0.3357038835968072  -3.154439168090789  -0.9237973601160575  0.35524019095415055  -0.14283852482248083  0.8176736421967835  -0.24715711029231804  -0.26835294756605893  0.9310746792629252  4.5628504312804585  0.0  0.0  0.0  1.0
2318808361115;2.9319105454862306;0.00986971881386189;-0.36181472980359497  -0.8562942848614269  -0.3685786198503785  21.72550420241924  0.06084283485964059  0.37283192415084077  -0.9259019957750521  6.532048067218748  0.9302624633636439  -0.3574303485263105  -0.0827967101337129  -6.304049612616024  0.0  0.0  0.0  1.0
2318808361146;2.1018359827685917;0.018112452226875388;-0.061250181820085174  -0.20922665323379602  -0.9759470389337696  11.800545247553902  -0.9361419524899423  0.35123277468012426  -0.01654638265060581  9.888064409871928  0.34624653069067096  0.9126114976084216  -0.21737891898155232  -5.972279804350346  0.0  0.0  0.0  1.0
2318808361177;2.9797821204083887;0.0078438655139471;0.5400611626396842  0.18737546296476965  -0.8205025146134604  1.2504052833222765  -0.7241046011850173  0.6003351280273148  -0.3395147428302869  17.566636411199163  0.42895975003601544  0.777488372861721  0.4598971220978373  -11.861171567988043  0.0  0.0  0.0  1.0
2318808361208;2.047594508282059;0.008029269237660883;-0.09115883071277886  0.9470108262290081  -0.30799441973537545  -0.34565851525736474  -0.832670792312594  0.09715498980141674  0.5451791078042195  18.55479218599846  0.5462137120327512  0.30615584750538133  0.779691719736503  -9.867032103829818  0.0  0.0  0.0  1.0
2318808361239;2.8811770696532393;0.008880574426549291;0.9094920988663886  -0.4119291732227198  0.056022123733922284  7.116952424438325  -0.02329804848325532  -0.18505235601238704  -0.9824524550690165  5.184444257389034  0.4150678535329908  0.8922275392422678  -0.1779008015192862  -7.2891236737586125  0.0  0.0  0.0  1.0
2318808361270;2.4139519301703216;0.006507438249191641;0.5286637737042618  0.4799538267395475  -0.7001135183460134  2.9953618204674397  0.7124965239804616  -0.6992181560146115  0.058674301148681815  -2.2246842908002167  -0.46137112793122287  -0.5298474256779885  -0.7116167422242682  5.703597306740711  0.0  0.0  0.0  1.0
2318808361301;3.633939948710988;0.010302825283609053;0.685773193369989  0.6593526258075478  0.30817080019985393  -11.380338878856708  -0.40582192823654595  0.6978980635617668  -0.5901244406386745  5.644690612455403  -0.6041719041940783  0.2796290537791584  0.7461795376885331  -2.172941272220727  0.0  0.0  0.0  1.0
2318808361332;6.355512347551134;0.0072363546072549845;0.3326541608769022  -0.5479365090363774  -0.7675329252327295  -5.183432618598542  0.933638650612966  0.30604209736749655  0.18616418753482936  -2.3386763601370464  0.13289123121140675  -0.7785266962050376  0.613380880011095  7.071612965384012  0.0  0.0  0.0  1.0
2318808361363;3.0049062450558113;0.006270257512209351;-0.9926512795033109  0.11093963479652652  0.048330474150929705  9.813364841042699  0.08048901453260261  0.307076357676999  0.9482750809208258  -4.884466320242212  0.09036014519693321  0.9451965446334655  -0.31374916123066876  4.090638151567493  0.0  0.0  0.0  1.0
2318808361394;4.888364505047668;0.009691891574794638;-0.3015559779070565  -0.8685211800258519  0.39336363842508576  14.787844115463393  -0.7591105324641575  0.4683377191640906  0.4521183255632995  2.240214274910665  -0.5769013708516414  -0.1622674972219632  -0.8005336143191099  -0.08131897123496301  0.0  0.0  0.0  1.0
2318808361425;1.9513800093892786;0.00396517923248023;0.3771948090878401  -0.007216868773408623  -0.9261058216004776  7.96450582347903  0.6030995027478336  0.760796178818625  0.23970849813949727  -4.496455180549661  0.7028478254803832  -0.6489507616915825  0.2913208593928888  -3.82206819498074  0.0  0.0  0.0  1.0
2318808361456;2.9799420916800283;0.006831616938261929;-0.9295611083083749  0.306192786215813  -0.20533417540658971  11.555319027671532  -0.3336719458608859  -0.46189929073231123  0.8217737387909148  11.401618760099453  0.156777480735968  0.832403161268856  0.5315315594051757  -0.7377795139401796  0.0  0.0  0.0  1.0
2318808361487;3.3327799764990607;0.006400063596302784;-0.809969531606577  0.06229523558496215  -0.5831540632563893  12.011442117453884  -0.2468437854064844  -0.9381888654933686  0.2426309919826091  15.377319896608947  -0.5319938942085897  0.34047166737877227  0.77528158770675  -0.08948831656914444  0.0  0.0  0.0  1.0
2318808361518;4.4213036334582645;0.007920791513253464;-0.9130690171862537  -0.32485964255470434  0.24651811798275558  9.242692922907247  0.26250091554629623  -0.005578627736833033  0.9649156171655273  -0.6229203103103265  -0.31208690967723446  0.9457457859022178  0.09036962573957046  -3.5998688494678985  0.0  0.0  0.0  1.0
2318808361549;2.6879622013693756;0.007145294784244832;-0.8028602298586215  -0.09328914243939702  0.5888230525499852  2.9863766386516906  0.5552171054691721  0.24273513158657106  0.7954958338596644  -6.079034270366489  -0.2171391652968083  0.965596598894471  -0.14308665590345393  3.492630648342569  0.0  0.0  0.0  1.0
2318808361580;1.329810775815828;0.00826714376121461;0.4211627368580823  -0.8436296642243553  -0.33303293939625717  6.614081904686674  0.5449347221885494  0.5288906009905687  -0.650631140306951  1.155904819250282  0.7250297218980046  0.092540379427235  0.6824721097158223  -4.923706293422246  0.0  0.0  0.0  1.0
2318808361611;3.0580385862811856;0.007470893765952909;-0.755359223996188  0.6545084294971644  -0.03242157369764288  7.7319567987770395  -0.3809465094732479  -0.47882558806215886  -0.7909524721100991  27.61335509567224  -0.5332093394193551  -0.5851023602192044  0.6110180262659127  9.97282585782914  0.0  0.0  0.0  1.0
2318808361642;5.3800009482235644;0.006097421520458215;-0.014843598352429432  0.9847101050289682  0.17356749880605832  4.367395108518475  -0.8796484143445168  -0.09539126610112157  0.46596048490489156  7.393157840580882  0.4753928214951595  -0.14576184482046162  0.8676146321180892  4.897990555331219  0.0  0.0  0.0  1.0
2318808361673;3.504208192072817;0.004200735123299053;0.5208046029461897  -0.774304277657628  -0.3594655075958764  4.171443901598714  -0.32854252714242876  -0.5704457954154737  0.7527625139123724  13.038267294397334  -0.787922821987616  -0.27394247588482346  -0.5514826801425092  3.4441974882625197  0.0  0.0  0.0  1.0
2318808361704;2.519718137010217;0.007267360785759195;0.7360266412743667  0.5653911569962548  -0.37228701686307886  -2.168771675244832  0.038289919135929495  0.514294609309919  0.8567583888864594  0.657004290119785  0.6758688226475152  -0.6448518391267823  0.3568857522343363  3.7073081022056016  0.0  0.0  0.0  1.0
2318808361735;5.251465982301738;0.007376740883630043;-0.6033039036845838  0.38961567026748506  0.6958620763347859  1.4015877934824543  0.48406731356557736  0.8723266975495844  -0.06873840760186649  -0.8995434957458377  -0.6338006277500421  0.2953739362642764  -0.7148783127493795  10.980127424260841  0.0  0.0  0.0  1.0
2318808361766;5.291135375928377;0.006673739407143219;-0.9197839588281012  -0.20060402657790774  -0.3372765832417606  23.245816264026278  0.21144965562691997  -0.9773776936948749  0.004678354726224656  10.651254506278857  -0.33058510586195994  -0.06701394174660547  0.9413939767142236  5.086596009667191  0.0  0.0  0.0  1.0
2318808361797;3.384830345230238;0.0110120026296843;-0.6267061432322879  0.7783227739095294  -0.038119150681602064  6.843580725509037  -0.7724552830536168  -0.6140448326533904  0.16205486470398495  17.19950245497818  0.10272412432076534  0.13100611858018502  0.9860452074712838  -6.948627101062514  0.0  0.0  0.0  1.0
2318808361828;1.4149627962549474;0.0062297845615426695;0.49446236474839034  0.44036471499677377  -0.7493903439685097  3.576841881897802  0.12506252444903196  0.8171468475809426  0.5626992042530043  -2.7348767674799985  0.8601548318912507  -0.3719542273914079  0.34897523966579  -3.2990999422963316  0.0  0.0  0.0  1.0
2318808361859;2.242344127922003;0.019306777703792015;0.4310130952419593  0.4913877428375997  0.756812921347749  4.213576731053039  0.5646174873324963  0.5073715618729182  -0.6509847856908594  -3.854625356548248  -0.7038712984120635  0.7078927774681731  -0.058762325346358675  4.089751518317539  0.0  0.0  0.0  1.0
2318808361890;3.1043376176245805;0.007088792153217862;0.7146448562194785  0.4363262142258361  0.5467194566305387  1.2643229206052904  -0.6949046868548957  0.5321832312059656  0.48362018631388515  -4.348329776714456  -0.0799387619752788  -0.7255345913204468  0.6835271400107911  -2.147787437153371  0.0  0.0  0.0  1.0
2318808361921;2.582712583147148;0.006401554011206127;0.683434301936921  0.7042942929818872  0.19206015674557794  -10.073431981664926  -0.5891831649581211  0.3768208298035615  0.7147511877262507  10.632638207401603  0.4310229147805536  -0.6016440900559881  0.6724906213730992  6.637811179944728  0.0  0.0  0.0  1.0
2318808361952;1.429597864979908;0.008038782426750135;0.7447745292319102  0.6264324037951431  -0.22998553015966922  -2.7044228648948727  -0.5127342010407382  0.7577704849441133  0.4035932745112067  3.6683642220047394  0.42710015182683  -0.18266454396790055  0.885561474256021  -3.0203025112980733  0.0  0.0  0.0  1.0
2318808361983;3.430782124719056;0.0075394003642638915;-0.6452207754057393  0.20298940514234817  -0.7365361175018993  4.1619920425919235  0.7578543383286533  0.292049623957856  -0.5834070783102602  -1.2552058640771382  0.09667964036577392  -0.9346134594291001  -0.3422728861489236  3.6143001725516726  0.0  0.0  0.0  1.0
2318808362014;3.6985124006147214;0.010123467305903204;0.4592225870860039  0.13440581076231725  -0.8780943534400852  9.608850818406719  0.6560748440139269  0.6151143867788055  0.43726432535691206  -5.31284266399403  0.5988993359172629  -0.776897270693531  0.19429414871993123  1.599703369156553  0.0  0.0  0.0  1.0
2318808362045;2.2111434334810025;0.015608953598959172;0.12806939358756514  0.9917545196824307  -0.004604684091859559  -3.8258051832037965  -0.9915108017610725  0.12793000408225058  -0.023243150531532523  17.49808835450477  -0.022462422336637353  0.007542330209413942  0.9997192370049619  3.5446800050709926  0.0  0.0  0.0  1.0
2318808362076;1.35138127439203;0.015831524703621137;0.9167778678553424  0.008719984170792025  -0.39930227007453106  0.5742162871401411  -0.3796150888008857  -0.29171948555696997  -0.877947678453034  1.465011825004626  -0.12413994266676656  0.9564641674534584  -0.2641317304154387  2.074572550459722  0.0  0.0  0.0  1.0
2318808362107;2.3703459450599085;0.004427222301269871;-0.7998298092425802  0.5670960053324715  0.1966580712376969  9.410911805681126  -0.4184535233617452  -0.2919398281645968  -0.8600394092815554  5.609245547264687  -0.43031258990775434  -0.7701774194737072  0.4708054985869451  8.767250279252346  0.0  0.0  0.0  1.0
2318808362138;3.4849647346435484;0.006294472119923446;0.6747528388918712  0.546947746568675  -0.4955368492158871  0.36590586346919096  -0.7370552352081438  0.4646354159564131  -0.4907784739485618  4.727979976737187  -0.03818621033342507  0.69639219751693  0.7166447659600337  -7.269783584789598  0.0  0.0  0.0  1.0
2318808362169;3.48714335094723;0.006271927101433865;0.46009299665676545  -0.630691213190923  -0.6249344189842312  3.603782428441132  0.0064339519896211474  -0.7014706367812786  0.7126693132129808  -3.5207485233811786  -0.8878474185856439  -0.3319149579898857  -0.3186838903574818  3.7224461186008027  0.0  0.0  0.0  1.0
2318808362200;1.6972551672156184;0.01367945852533415;0.6857072148307939  -0.10919592103070261  0.7196400950192067  -0.093248190710123  0.7089960956017107  0.32393143744898945  -0.6264127714644407  -0.16840222913465247  -0.16471233090004433  0.9397577744623817  0.29954160543568303  -0.82901776995787  0.0  0.0  0.0  1.0
2318808362231;2.3843011935207;0.014245471925201616;-0.21910195569532817  -0.9754227963901952  -0.02333883657797997  9.479926213611787  -0.9708560486351369  0.2203324247076885  -0.09429822612859018  11.567292963699407  0.09712294187806725  0.0019977248964644506  -0.9952703870085692  -1.251911470452054  0.0  0.0  0.0  1.0
2318808362262;5.232306399155367;0.007290513850373197;0.7242719286581755  -0.6831210567593816  0.09367921418177368  11.963313532855928  0.18456607970944355  0.32297702379349397  0.9282355327836709  -2.62734631303922  -0.6643534718645305  -0.6550049342664861  0.36000416734824203  18.7579766120866  0.0  0.0  0.0  1.0
2318808362293;3.4552109610591604;0.013626518367448921;0.6078623436382631  0.7343493557256996  0.30205031854286724  -1.7468480054262006  0.6749113104848226  -0.6782282173651769  0.2906909151475395  16.170757055949135  0.41832773535382234  0.02715711536418982  -0.9078900797557143  -4.331961752983131  0.0  0.0  0.0  1.0
2318808362324;3.901348001708932;0.006423209056491984;0.5384843766289461  0.8390291181061574  -0.07787628070561305  -4.704740071548678  -0.7640293069711642  0.44718386371794006  -0.46506538262856933  18.065725961502583  -0.35537838175063213  0.3099302034334486  0.8818443597279526  -5.050855056353786  0.0  0.0  0.0  1.0
2318808362355;2.04977221751585;0.014615306255772963;-0.44504773596221225  -0.6905946745767808  -0.5700978057852015  5.571736996245234  -0.8954818420456796  0.3479585870788244  0.2775555660486481  3.9409259830266286  0.006692031185416483  0.6340377095443929  -0.7732731726849923  1.9508314944752394  0.0  0.0  0.0  1.0
2318808362386;3.0729207631497046;0.00843491328246837;0.8829301026224566  0.3454481349811572  0.31796229323795466  -4.385523370109606  -0.4695043188564044  0.6491178909095876  0.598507859828318  -4.463728332743576  0.00035841077385932556  -0.6777252760072697  0.735315117349418  -0.6580032568796366  0.0  0.0  0.0  1.0
2318808362417;1.4050409535936035;0.014855097058873213;0.15099676825559344  0.935319331034929  -0.31996519337068463  0.5620819728133113  -0.8520805694275813  -0.040946991448497984  -0.5218065226645658  10.62449956255005  -0.5011573397450508  0.3514272227413376  0.7907845648063537  -0.07451703196804077  0.0  0.0  0.0  1.0
2318808362448;2.5537408364538483;0.009012643991593955;-0.025725112709581652  0.9881276655947419  -0.15146595347590275  1.8910223411954932  -0.9519565656307757  0.02203607026444786  0.3054392063238764  21.047482708044722  0.30515064431938954  0.15204646688951823  0.9400877385530974  -4.13680880275718  0.0  0.0  0.0  1.0
2318808362479;3.2775968567417544;0.002278230499094014;0.2885334300770373  0.9574697221786863  0.00043685128911090734  2.2521819500231715  -0.9522772425228403  0.2870160698965103  -0.10387410165319107  12.265502434699792  -0.09958169059157125  0.029555147305178962  0.9945903579698996  5.985906016811095  0.0  0.0  0.0  1.0
2318808362510;1.7896114733317854;0.009311569214038074;-0.9361602824599301  0.34852015545235654  0.0462344761839902  10.916305799805446  -0.35079718426929946  -0.9347151806009607  -0.05699883036381748  25.199870184101385  0.02335082553730906  -0.06957896519478693  0.9973031166847661  1.7820781179974672  0.0  0.0  0.0  1.0
2318808362541;4.507281674743628;0.020702476212329;-0.41058733001373454  0.8370586465908184  -0.3615948929392378  5.052009139609353  -0.9092006877513571  -0.3457947508342136  0.2319053679584899  22.03995835719877  0.06908077753363151  0.4239797311936623  0.9030332406463775  -5.169581590794914  0.0  0.0  0.0  1.0
2318808362572;1.6524012560965744;0.002908338531258302;-0.10584122458600383  0.8248006400203982  0.5554291488570573  1.5182759761630584  -0.9340582518140129  -0.27405493210774284  0.2289739644710046  7.690143659315349  0.34107597012437496  -0.49456829499004495  0.7994181535306505  1.2246577934564338  0.0  0.0  0.0  1.0
2318808362603;2.7922284303351215;0.006392425053434247;0.9974927337980286  0.012322100601046472  0.0696879606310382  0.29559749216184245  -0.06270625464751341  -0.30257737121572925  0.9510598614473547  5.907244974213336  0.032805055223496395  -0.9530451722058917  -0.30104605642131715  0.05401145625613292  0.0  0.0  0.0  1.0
2318808362634;4.154034979657225;0.010428553789432997;-0.8001215624155578  -0.13958807295795217  -0.583370084290901  16.64153500635369  -0.1826311010757409  0.983063050965566  0.015261675731570404  3.074018470318903  0.5713592269995734  0.11875271666011883  -0.8120630677529255  3.4640538913970675  0.0  0.0  0.0  1.0
2318808362665;2.2058351322628655;0.010276303270079373;-0.6579526546604801  0.14098777084783792  0.739743707439668  11.480473680386241  0.7111055144631702  0.4396176400819622  0.5486941569115135  1.2404463722733827  -0.24784521686992028  0.8870506067864024  -0.3895047746492698  -4.304353510741355  0.0  0.0  0.0  1.0
2318808362696;1.9478287065829136;0.006657936147624359;0.5003570511697883  0.8295870488354085  0.24784702892960456  -0.8639778977407161  -0.5327814958258761  0.5206535207517213  -0.6671310133957048  2.1331334709542924  -0.6824856768095696  0.2017553957974733  0.7025012891208018  0.7814702867428297  0.0  0.0  0.0  1.0
2318808362727;4.3430344902627;0.009978865638381035;-0.1226253816966473  0.9924358798652647  0.0058343911259465505  1.108931711927205  -0.9733807625262155  -0.12141373979588348  0.19439288807120078  -4.954041752310537  0.19363085215852507  0.018158418015794518  0.9809063996873136  -3.7598441719393287  0.0  0.0  0.0  1.0
2318808362758;1.6605101549061114;0.008434914721864185;-0.01177407829320819  -0.9732367036490591  0.2295031366902391  3.1035371577169206  0.9952378156880634  -0.03361644767059303  -0.09149658283489284  -4.247727288952797  0.09676291285816864  0.22733291252329374  0.9689977737739542  2.3797795591752027  0.0  0.0  0.0  1.0
2318808362789;3.2529369529640206;0.007017745146007029;0.6292123710221393  -0.20756762396907968  -0.749004321504575  -2.6515517248467115  0.3419218696116078  0.9393426777729045  0.026921530337852058  0.6531113673388864  0.6979836869397458  -0.27304031789144245  0.6620179435421218  2.9960386376672443  0.0  0.0  0.0  1.0
2318808362820;2.400344764826293;0.011012005286323118;-0.7136581913780297  0.4228011787436066  -0.5585079669369606  12.006365068234945  -0.5451785136204217  -0.8358852979525107  0.06384478798986483  17.6021876579383  -0.4398549467332014  0.35004989918561624  0.8270385081206753  -1.0542882251095864  0.0  0.0  0.0  1.0
2318808362851;2.213741788563696;0.010091788694531978;0.671055394086167  0.4089219608020704  0.618439558923627  -4.159954571196277  -0.26222432766347004  0.9111334310333391  -0.31792180301900974  1.4810396978589688  -0.6934861642810914  0.051173243274265215  0.7186502898653088  5.574086121627996  0.0  0.0  0.0  1.0
2318808362882;2.8118491113323465;0.007829936497975126;0.018462977322627153  -0.3172587177959069  -0.9481592822152195  15.430589603244893  0.32504653920281007  0.8987117838808082  -0.29438389369333867  0.33025261377295495  0.9455177765757022  -0.30276069014367096  0.11971674353684977  -4.867821645722914  0.0  0.0  0.0  1.0
2318808362913;3.693761787700806;0.01014988677048654;0.051075866819785425  -0.9234073430075563  0.38040785311075376  8.939428879363376  0.9914832926411842  0.0011922465923585308  -0.13022848751889562  -6.171568888510967  0.11980040167713842  0.3838195636334713  0.9156038479223468  6.7385214722724465  0.0  0.0  0.0  1.0
2318808362944;2.216755272952035;0.021526416396300475;-0.4990111206043813  -0.8467121483454675  0.1845709602222494  12.672446347261332  -0.25161203811022426  -0.06224773751151675  -0.9658243118977266  3.679108598982676  0.82926430273537  -0.5283973476645212  -0.18198065608718023  -1.9096268818157525  0.0  0.0  0.0  1.0
2318808362975;4.0877051608656085;0.009363577365177508;-0.7853570669208292  0.6036975068151609  -0.1369802821674347  5.476776702298746  -0.5505642167122925  -0.7823271347565878  -0.29127872819608297  25.954512044460177  -0.2830076336664645  -0.15334136587596287  0.9467803888958634  -0.08517997899752305  0.0  0.0  0.0  1.0
2318808363006;1.8159881834797982;0.013923898099649447;-0.9487183222886668  0.20776141396151931  0.23826191433481148  11.00020547573695  0.08832515565066691  -0.5494732958064286  0.8308295637944678  7.880372481545203  0.303532884269669  0.8092677505401608  0.5029448241135454  -4.284384171554189  0.0  0.0  0.0  1.0
2318808363037;2.514235334584633;0.012964131382389051;-0.6192793192755329  -0.6934375587135179  0.3682899358970721  9.625565435030621  -0.5835824353940839  0.7203097358593491  0.37494723032147365  4.454482846179478  -0.525285318486194  0.01726952783578438  -0.8507509021982794  6.684553105222871  0.0  0.0  0.0  1.0
2318808363068;1.8909816795339536;0.005587930839527187;-0.2661837134180148  0.8991996367194481  -0.3472553009452972  5.073371521216186  0.39836015240404143  -0.22542950093079372  -0.8890954555539705  -0.02930717671766501  -0.8777558998307131  -0.37499540455011715  -0.2981996426534893  4.937475811501821  0.0  0.0  0.0  1.0
2318808363099;3.0749693121327226;0.0063838375072893475;-0.5004715626048397  0.7934262950757096  0.34641438957743004  8.06607489453805  0.1955827458334196  -0.2861701790263474  0.9380053401597923  -5.2672521335132405  0.8433715696868908  0.5371976758312172  -0.011960456739121406  -9.073555661176309  0.0  0.0  0.0  1.0
