# fast_global_benchmark.py --distance_metric=euclidean --decrease_mu=True --division_factor=1.4 --iteration_number=150 --maximum_correspondence_distance=0.1 --maximum_tuple_count=1000 --tuple_scale=0.95 --tuple_test=True --use_absolute_scale=False --input_txt=/neural_comparison/point_clouds_registration_benchmark//eth/apartment_global.txt --input_pcd_dir=/neural_comparison/point_clouds_registration_benchmark//eth/apartment/ --input_features_dir=/neural_comparison/experiments/FPFH/features_voxelgrid_0.2_compressed//eth/apartment/ --output_dir=/root/neural_registration_comparison/results/FPFH/fgr_compressed/
id;initial_error;final_error;transformation
13001298760030;4.310263072930483;0.5006658076809781;0.20102656913182765  0.2622252993048464  0.943835902531563  0.13409442581400183  -0.14341075668261608  -0.9452457159483346  0.29316188590783915  -5.653098100288765  0.9690313067031456  -0.19428954909054072  -0.15241357466901856  -5.743587592857973  -0.0  0.0  -0.0  1.0
13001298760061;11.165739862422033;2.227775255213981;-0.12731626282832548  -0.9272994618618672  -0.3520032347154237  4.647524573982274  -0.09776850211748328  0.3648957379668959  -0.925900869643883  6.811997817704737  0.9870318582564259  -0.08346740947391965  -0.13711784108051242  -5.259763957967836  0.0  0.0  0.0  1.0
13001298760092;4.041875262067823;0.4020010550157632;0.18796710108417583  -0.9759529860621661  -0.1103817824930939  -0.31078479861128566  0.8748726475672578  0.21744924011691158  -0.43279750289394436  -6.930311359773988  0.4463924500354677  -0.015218310317481248  0.8947078761151116  0.22670268205708455  -0.0  0.0  -0.0  1.0
13001298760123;2.6347404064812237;1.621505927605928;0.9307137289883135  0.21050021692840015  0.29910134293540686  -1.4854606215865083  0.042737595566000944  0.7495853998064396  -0.6605264766247129  -0.4420433575673651  -0.3632429663433337  0.6275439323825194  0.6886531495114058  2.5919662360332243  0.0  0.0  0.0  1.0
13001298760154;4.655949543134552;0.18309049924277934;0.4696396973427444  -0.8493531159487054  -0.2409104379391607  -1.2243043394569613  0.7293902070311142  0.5270210531144736  -0.43616365674047075  2.0166647330600225  0.4974218336250665  0.029122053539098518  0.8670198529622852  0.4813617501239684  0.0  0.0  0.0  1.0
13001298760185;11.526736439495075;3.7180948691541467;-0.18751444131217723  -0.5096086212135281  -0.8397245902581564  -3.2496567914130425  -0.7675043718710132  0.6095295450531664  -0.19852146701593887  -3.209385918812286  0.6130051985572896  0.607266652214763  -0.505422436828453  6.758162067418649  0.0  0.0  0.0  1.0
13001298760216;5.6572197072150425;1.0684867521796366;0.9281243972855567  -0.37221232565369317  0.006564129400947117  6.37296137553844  0.3592956958881993  0.8910231940240606  -0.27746039470053385  -4.290217158825394  0.09742538724345819  0.25987622504305913  0.9607146514849413  0.9586694045359749  -0.0  0.0  -0.0  1.0
13001298760247;2.8755933061249292;0.25921189372235304;-0.4838408413792805  0.8615293989872096  0.15383476490744458  5.527039211332767  -0.7411585900532925  -0.30990373026399665  -0.595519623823326  0.04761169191977992  -0.4653836961084972  -0.40215267330853166  0.7884739962403299  3.515976225357256  0.0  -0.0  -0.0  1.0
13001298760278;3.489631205271557;2.9761286003285674;0.81736622033872  -0.4571934750383799  -0.3505518338727184  -0.0020390206509953704  0.2012629824400663  0.7967334912325205  -0.5698323927680564  -4.343088483317853  0.5398200382984367  0.3952086415183373  0.7432391646843588  2.5522538009781113  -0.0  0.0  -0.0  1.0
13001298760309;15.033436311598187;3.2125254201596514;0.9970403072001699  -0.0765156871095805  -0.007481673899538327  -0.9278499796456768  0.07355447278214469  0.9210627446778584  0.3824044454504035  7.489377690263334  -0.022368847800702394  -0.38182295634578994  0.9239647529291531  -3.312648226241246  0.0  0.0  0.0  1.0
13001298760340;6.506989460822594;1.8178986241716095;-0.6222096925967577  0.2687638639534005  0.7352693954405326  11.822513104773652  -0.7008690758896357  0.22718633757342954  -0.676142667254167  0.30590402633627467  -0.3487658769149534  -0.9360301028561053  0.04701073969780104  -1.7376949184562422  0.0  -0.0  -0.0  1.0
13001298760371;4.91629017563752;0.6453440664980948;0.1383908478163237  0.9652865323803054  0.22151723103606127  8.038408192740768  0.9326034179628844  -0.05173944275697551  -0.3571748799497861  -2.8422120507267166  -0.3333149232252072  0.25601746125684893  -0.9073897847600957  -2.273489448343408  -0.0  -0.0  0.0  1.0
13001298760402;8.540013131131722;0.13522872830879934;0.6867154239894829  -0.03569396559346098  0.7260494936814973  -4.194873773206712  -0.08422016603794624  -0.9959743327834155  0.030693518357644507  -3.162474349404615  0.7220310866489653  -0.0822257213823212  -0.6869570879288387  -0.08903360945160532  0.0  0.0  0.0  1.0
13001298760433;5.8803617295845045;0.26472926327892554;-0.8561480943191635  -0.030607245726070917  0.5158232614982846  3.3300637554916475  0.11571360626594408  -0.9842491856025916  0.1336559088314624  -7.534973550590992  0.5036077858002141  0.17411702142438026  0.8462047393696787  -0.2563622524749081  -0.0  0.0  -0.0  1.0
13001298760464;2.166048600398045;2.7266777007233465;0.40596974712771405  0.6428341151443245  0.6495789904420207  4.3272904748634105  -0.7591350601047009  0.6329519048725338  -0.15194027325914794  1.5171512089277048  -0.5088246504807835  -0.4314350316384213  0.7449572394025451  4.084245976339874  0.0  0.0  0.0  1.0
13001298760495;4.352922081343947;2.4893712771899117;-0.49743386268623024  0.5045814084856401  0.7056607927777362  1.7024135532137084  -0.84584121133209  -0.46274725575695697  -0.2653631898015789  0.590187909266589  0.19264526328285295  -0.7288776162704236  0.6569819046477808  -2.573793618319199  0.0  0.0  -0.0  1.0
13001298760526;3.427592892868579;0.14217000674971908;0.43180971588620704  -0.13099849577028436  0.8924011224624254  -0.6477330569962901  -0.1148980759235324  -0.9893254617656407  -0.08963014476877919  -2.6326788772477205  0.8946165667006977  -0.06383200457548681  -0.44225182167689414  -0.5877858048248392  0.0  0.0  0.0  1.0
13001298760557;8.921254112295115;0.26040408123276026;0.752122435236902  -0.6588100456004208  -0.016768012085042597  -8.36573557200068  -0.3293110107831266  -0.39774989006159106  0.8563581512036821  -3.6105032008925075  -0.5708468276081676  -0.6385642871097356  -0.516110017959085  -3.6400490452396697  -0.0  0.0  -0.0  1.0
13001298760588;5.635777697146662;1.887120968854446;0.24090824546950676  -0.619280071294221  -0.747298742513748  -4.636691740372442  0.9486527493107515  0.3128768374719951  0.046540797142676824  2.112144152192479  0.20499067903189297  -0.7201390684245291  0.6628563521900475  -0.5062494907339081  -0.0  -0.0  -0.0  1.0
13001298760619;9.801579940171315;0.2606719715157276;-0.36721722821077024  -0.11546870690776014  0.9229401307941102  -5.209617601325125  -0.5007658160406094  0.8607268305821004  -0.09155829072932331  -2.167324965275731  -0.7838272161582434  -0.4957986494950782  -0.37389650221481907  5.002115069057555  0.0  0.0  -0.0  1.0
13001298760650;5.928008986154682;0.10853644743477124;0.21644236323156088  -0.10659149291750673  0.9704591475360282  0.36932505668420423  0.9759463921855456  -0.0029538603371301255  -0.21799062890208443  -0.26060427778902895  0.02610254736141128  0.9942985106831473  0.10338824243848747  1.2637378275523488  0.0  0.0  0.0  1.0
13001298760681;3.926177848256171;1.784344185879442;0.6254723172331842  -0.6685177577149232  0.40232870640157387  -5.098497880963868  0.7633211646437496  0.41746320525409153  -0.4930165026303789  -4.624804327713629  0.16163285551478057  0.6154741910744864  0.7714054317538527  5.78628571833633  0.0  0.0  0.0  1.0
13001298760712;3.640287511906044;0.09300207639620969;-0.2909526963088745  -0.006946271267357445  0.9567122230985022  0.8701490483716392  -0.6789132287255101  0.7060721823874694  -0.20134274538731328  -0.7413892761656902  -0.6741093059527516  -0.7081057989976333  -0.21014952070805065  2.8304521018248487  0.0  0.0  0.0  1.0
13001298760743;2.23776059014918;0.07326603000710687;0.7962979188170449  0.041538240365063685  0.6034767593495357  0.36474330373444724  0.45073516210510456  -0.7060849649001741  -0.546151843340297  -3.786860030846226  0.40341967989889527  0.7069077711620478  -0.5809767335625234  1.5219471141597407  -0.0  0.0  0.0  1.0
13001298760774;5.456665076952151;0.09411502300536753;0.5876201986078137  -0.7996441003450215  0.12357918502528095  1.4423589263366265  -0.4960930296637027  -0.2353957164351295  0.8357514957229095  -4.859967070696841  -0.6392137421138563  -0.5524112322060376  -0.5350211420359079  -5.1268391768616866  0.0  0.0  -0.0  1.0
13001298760805;8.825594568085958;0.39187434837296414;0.050361852930837045  0.8500071243765452  0.524358248031334  7.445921035436508  -0.9377753340205774  -0.14036613308004994  0.31760788967962994  -6.770048494838638  0.34357110861067247  -0.5077255530237478  0.7900466164314376  -9.786080535998435  0.0  0.0  -0.0  1.0
13001298760836;4.000188739564292;0.2412566141167985;-0.8837938845667452  0.4549143069419943  0.10936792464843882  9.34148778623754  -0.009252469646200027  -0.250701375089456  0.968020254092704  -4.4014354132567926  0.46778495209643955  0.854518457300801  0.22577742297313833  0.08440627606540212  -0.0  0.0  -0.0  1.0
13001298760867;4.334456072611078;0.8024676676416351;-0.11297359039553931  0.8587397246912207  0.49980301430702395  1.6486263525944205  -0.4745519972422217  0.39530851704243997  -0.786467785905516  5.059489291691126  -0.8729475183460687  -0.3260326081712578  0.3628572289792333  0.5149809918730542  0.0  -0.0  -0.0  1.0
13001298760898;8.680467736983655;0.5059707394636205;-0.4656293939417783  -0.25253211436659584  -0.8481844131501999  -0.40687288450716824  0.870117375501483  0.0442742392683079  -0.4908518560498925  -9.361027992746978  0.16150857670050817  -0.9665750477592263  0.19911719338476666  -0.5979061856072532  -0.0  0.0  -0.0  1.0
13001298760929;4.363996845460841;3.0233781799618447;0.08804056088309181  -0.9865283288790149  0.1378793529088764  0.6154935110237889  0.012015416287203646  0.13945851588569788  0.9901550141863674  -2.635988792787107  -0.9960444214044043  -0.08551712498756359  0.02413155450910098  4.470342102155227  0.0  0.0  0.0  1.0
13001298760960;8.141769742702108;0.3371766721168607;0.3497605957982115  0.9349943964304125  0.058762269107055946  1.719135196122748  -0.1081045104810319  0.10258536115934958  -0.9888324724084767  -2.462493613989792  -0.9305809693092466  0.3395021683576348  0.13695742856788576  -5.4634472688579026  -0.0  -0.0  -0.0  1.0
13001298760991;5.538685950931398;0.05034061946660257;-0.4100599911919277  0.7963607767441677  0.44459005486751607  5.899197494856479  -0.8365485158713396  -0.1341937997521058  -0.531204861330872  -3.4909913203287033  -0.3633694871850616  -0.5897470113290253  0.7212219342278405  0.4086151991564589  0.0  -0.0  -0.0  1.0
13001298761022;8.071467038641245;0.17929737529653583;0.4705600144524871  -0.874089469557442  0.1205855381348243  3.565701148369125  0.8735370940488075  0.4807661676345397  0.07613696460170033  -6.951589371820288  -0.12452396604364174  0.06950892940326167  0.9897789099662477  -6.258365907631355  -0.0  -0.0  -0.0  1.0
13001298761053;9.81526024076362;1.863291541108834;0.5279165735443642  0.4891725175422533  0.6942725253519333  -3.899329867100041  -0.7975515649034255  0.5665177286774237  0.207290048999641  2.7646835792320408  -0.2919170990149037  -0.6631499914616198  0.6892144050490925  -2.5276636082705672  0.0  -0.0  -0.0  1.0
13001298761084;5.591627609591558;0.19907330014021732;0.4709513139553791  0.8821578819532894  -0.001526823954426991  4.911522643814271  0.36344540712946005  -0.1956064796782373  -0.9108488025706505  -12.741599875328593  -0.8038111071142291  0.42841052323159934  -0.4127373591816282  4.265687633261198  -0.0  -0.0  0.0  1.0
13001298761115;4.7915878266942675;1.877236373183538;0.8133993494034863  0.5623676353101268  -0.1487418607712011  0.34709355752796994  0.2830235144615717  -0.15920177045965148  0.9458078486375194  -1.8547332346118561  0.5082117557198018  -0.8114169329254891  -0.28865788108067936  -3.974854792792632  0.0  0.0  0.0  1.0
13001298761146;10.139080917100562;2.5604181137985864;-0.6107838174555158  -0.771664982416813  0.17741556652708995  7.511398734214586  -0.6089940524826689  0.31462701393888304  -0.7281044472743168  -3.7027592567568135  0.5060329755808446  -0.552759438645387  -0.6621084734492022  -6.219078596988908  0.0  0.0  0.0  1.0
13001298761177;7.93887486463345;0.1324252624179303;-0.3920405050564801  0.9190401295779602  -0.04085930273984344  0.6280544010075174  -0.9199469294484169  -0.39158682992373817  0.01890506886274691  -2.047166767697744  0.0013745521045095367  0.04499994284000112  0.9989860438218893  5.469520710530804  0.0  0.0  0.0  1.0
13001298761208;3.7143332170860712;0.35087575735016185;-0.484564537056581  0.7561062622548081  -0.4398869509387681  9.654985502576668  0.8712205664270903  0.3719845377755314  -0.32031582585065055  -1.939315676405445  -0.07856165770655216  -0.5384522484259763  -0.8389858414201097  -0.8604423804165645  0.0  -0.0  0.0  1.0
13001298761239;9.442007376163867;0.09921954355177522;0.054719139085185865  -0.38923970269815716  -0.919509798567272  6.084682580448045  0.9496726496609782  -0.2641663508411548  0.16833893658082624  1.0070721400884264  -0.3084277456774465  -0.8824446684788331  0.35519534452130735  -2.3419659232574754  -0.0  0.0  -0.0  1.0
13001298761270;3.3218855709366024;0.4264636504996562;-0.4434728592427407  0.23660287895236246  0.8644945926878446  8.617453562279577  -0.6791067632120534  0.5407656169156154  -0.49637339949026427  0.5855411004128288  -0.5849323270898218  -0.807212255378552  -0.07913625902174015  1.1845742929596272  0.0  0.0  -0.0  1.0
13001298761301;1.702374455622597;0.024043755223662394;0.7128395115747896  0.635087284847043  0.2975297823133401  1.9578735810974386  -0.5531683483404776  0.7699325087034302  -0.31813316462750124  1.4585978346130117  -0.43112017945357245  0.062193831424438614  0.9001484978605847  3.5571662054255313  -0.0  -0.0  -0.0  1.0
13001298761332;2.6966908062382884;0.13982643626965613;-0.2993272774816889  -0.7874215639922841  -0.5388603358156411  6.836829838189793  0.8728428606122949  0.002154302926456796  -0.48799661848935577  -7.075842789542158  0.3854199289522331  -0.6164110962165146  0.6866504487929869  -3.1632679585999868  -0.0  0.0  -0.0  1.0
13001298761363;3.780503688669632;2.6244615027222347;-0.6208728777173504  0.7166235410796965  -0.31775394582187544  7.6468076121757775  -0.3947684519398131  0.06436825578839205  0.9165231022728256  -5.013702095709739  0.6772552982945342  0.6944835692924317  0.24293586173067366  1.1515026148221632  -0.0  -0.0  -0.0  1.0
13001298761394;9.713878523349894;0.21070812366582853;0.935561457403497  -0.3416925451188239  0.08928025555107698  -0.3071609587625081  0.27697114997445355  0.5530406595440108  -0.7857690570218167  -8.45199240330717  0.21911581755517745  0.759863299219897  0.6120425026056449  5.851998130524985  -0.0  0.0  -0.0  1.0
13001298761425;4.539890497597582;0.5211917636704938;0.5168558459434724  0.854700081728351  0.04845415160342382  5.24126142783684  -0.8425426448202972  0.5178948462924007  -0.14800952618999869  1.710791201719187  -0.15159790952805027  0.03567489982215189  0.9877982462777526  -4.370799336352731  -0.0  -0.0  -0.0  1.0
13001298761456;2.8219341713243176;0.11827436165079974;0.49800104883782986  -0.8400763282329141  -0.2150969969551562  0.04680578728866934  0.7991380403094396  0.5408968827140482  -0.2623146103453132  -4.015629400695996  0.3367095898349359  -0.041259241545736174  0.9407041655591086  -4.499714955063731  -0.0  0.0  -0.0  1.0
13001298761487;4.817878682726937;2.2313227613710684;0.04072753609558328  -0.7281703037979835  0.6841851185683131  0.9591375998158526  -0.47745716404591826  0.5873310186096848  0.6535112325585088  -1.70390901763301  -0.8777106153538381  -0.3532849887069426  -0.323749582933358  -0.06758754856950049  0.0  0.0  -0.0  1.0
13001298761518;2.4163432216525833;2.7417750776801295;0.9827064617263325  0.17611944200155474  -0.05718349613632604  -0.6229543009108222  -0.17849286058066638  0.9831513479197491  -0.039417328743968784  0.34137438690004557  0.04927787336161312  0.04894250946406553  0.9975852454624198  -1.5372079564513732  -0.0  0.0  -0.0  1.0
13001298761549;2.2392274259590965;0.2825164691043627;0.31509372697673255  0.08798636731069857  -0.9449731966502426  2.052602605555846  -0.6421890137825244  -0.7133602889239721  -0.2805536824982608  -7.408352856582812  -0.6987912519464888  0.6952521106431623  -0.16827147366468823  6.713824606449982  -0.0  -0.0  0.0  1.0
13001298761580;8.570690654168628;0.11639117215462956;-0.9040397846521259  0.41212651877937356  -0.11341869460072491  6.342865699326725  -0.40608335184058725  -0.9109061042139309  -0.07311894873226833  2.605301137268668  -0.13344803904161315  -0.0200449950010633  0.9908530764201902  5.556216368218596  0.0  -0.0  -0.0  1.0
13001298761611;10.391644677470136;0.21915340523149887;0.5455815210042966  0.7859252891090044  0.29096777120080863  4.0635964806362335  -0.832279186323742  0.5488164291772588  0.078178533354193  -3.974655956031125  -0.09824540676758117  -0.2848191829987074  0.9535333623135702  6.437613890738333  0.0  -0.0  -0.0  1.0
13001298761642;10.080782196489423;2.789680194300778;0.8928872143948042  0.4502768068609988  -0.0017943169594916728  5.7091073681622015  -0.3189306455250026  0.6296081401761339  -0.7084326595866084  9.210822400874024  -0.31786107927095114  0.6331227266707568  0.7057761311192758  -0.2297988728747236  -0.0  -0.0  -0.0  1.0
13001298761673;5.377260718947195;3.5786739183695926;0.9869427933767919  0.15157229644794434  0.05449551863327405  -5.532883483565488  -0.13373547535542057  0.959685507437163  -0.247221660552901  -2.9199630298796504  -0.08977051427430237  0.2367056521601681  0.9674252885894375  -2.2548171735961042  -0.0  -0.0  -0.0  1.0
13001298761704;4.0697080635330884;0.2950846584548761;-0.7325607782832938  -0.5480592807167208  -0.4037149129537393  -1.3238347652766091  0.6403213333858171  -0.3535905537668473  -0.6818814488588637  -7.972409185149274  0.23096167676041632  -0.7580268762432667  0.6099606206640644  -3.2107307640783764  -0.0  0.0  -0.0  1.0
13001298761735;7.748271368017596;0.07408319158451221;0.17339798943383836  -0.9232223733588201  0.34291921292049166  0.3985488640421952  0.9593555213217221  0.23705455083893107  0.15310820891147323  -7.131576957569912  -0.22264348400487516  0.30243278469150736  0.9268032637911416  10.648937178314139  -0.0  -0.0  -0.0  1.0
13001298761766;4.3143958585213165;0.21298442158958433;0.2970830137861073  0.9495936272660762  0.10006810668449174  4.074711537562807  -0.9373736709555645  0.3099988927066472  -0.15884359451970703  0.6918114230751228  -0.18185786735539378  -0.046611474727882074  0.982219469622059  3.2916657602047144  0.0  0.0  0.0  1.0
13001298761797;8.231005951784896;2.1342402315468827;-0.3382136727604718  0.5201409338008656  -0.7842607478017988  11.541307403227401  -0.6632638294482818  0.45944929544259605  0.5907515869321917  -6.578636443156311  0.6676021300920723  0.7199720507784065  0.18959863394671453  1.6893055116234654  -0.0  -0.0  -0.0  1.0
13001298761828;4.4334073516756565;0.022267322192392327;0.7819949797773336  -0.49471760921379143  -0.3791283934722341  -5.667773083513813  0.6148184930750509  0.7121755826126582  0.3388276259445858  -3.509760542495253  0.10238199146319907  -0.49805665005510225  0.8610792653176127  -0.1697444258050428  -0.0  -0.0  -0.0  1.0
13001298761859;2.6655230457662435;0.18979467032637995;0.7991471908414586  -0.2297665644748706  -0.5554917580123223  0.36322005870078333  0.5865804297395115  0.5001684251329839  0.6369889684653882  -2.958057199869997  0.13148067088669171  -0.8348885388777382  0.5344847620220631  -0.6005212685394634  -0.0  -0.0  -0.0  1.0
13001298761890;6.637126318209209;1.2914501021526281;0.8732651945822816  -0.4740174854427798  -0.11276224290813638  5.134162175605596  0.43441123565132983  0.8622484835774153  -0.26041204063624374  -0.5232202902271305  0.22066893363374426  0.17842358606123998  0.9588901113610424  4.070698492794938  0.0  0.0  0.0  1.0
13001298761921;6.263021266226115;2.042927680297883;0.8360111530183941  -0.5299482898575605  -0.1422679236718598  -1.9406987521818992  0.5289412247272912  0.8473014055455133  -0.04797404448855897  -5.505754823202343  0.14596757452547054  -0.03514453353856645  0.9886649224836028  5.718905266332122  -0.0  0.0  -0.0  1.0
13001298761952;8.524152599894595;0.20570411997214838;-0.4561498752506516  -0.04829104179691912  -0.8885917322319534  -2.2595404653556237  -0.0834942690886522  -0.9917993936753069  0.09676088948869765  -5.442961234826252  -0.8859774254111478  0.11832978487033807  0.44837714446030036  4.725202425026972  0.0  0.0  -0.0  1.0
13001298761983;3.259695949088397;0.14880564305696797;0.9732836138996794  -0.22646233322278914  -0.037865796514403235  1.6750166497557557  0.10422726946924031  0.2888164022655265  0.951694153644638  -1.6802256597318233  -0.20458661543064402  -0.9302149737634243  0.3047038223799399  -5.146162391176914  0.0  0.0  0.0  1.0
13001298762014;4.304140440760447;3.145152774193145;0.8913135954729338  0.15132235215321665  0.42738930761535016  2.296669933511683  -0.10359567874527724  0.985693825768817  -0.1329496791517005  -1.708211262815927  -0.4413932598833106  0.07422417113078889  0.8942386496621203  2.3846669669843026  -0.0  -0.0  -0.0  1.0
13001298762045;5.169410619190491;0.23294650038468614;0.36760252911479285  0.9046665761706665  -0.21551511907067863  6.542287224378721  -0.7912511791784037  0.18248183833317005  -0.5836282636467597  4.0627762632131175  -0.48866138791313585  0.38506981787487266  0.782899280447121  -0.2970111799043188  -0.0  -0.0  -0.0  1.0
13001298762076;7.251100765186261;0.1658722146240702;0.5946536276309747  -0.6844417419068293  0.4218134244910509  2.700192419116202  0.7729543608394553  0.3423529746436874  -0.5341685097531385  -1.0742236153564662  0.22119814466806106  0.6436877680119166  0.7326236674495608  7.0426993289422235  -0.0  0.0  -0.0  1.0
13001298762107;3.6083033742486865;0.16248693503611542;-0.07406382682076071  -0.16794985129210402  0.9830093575381791  0.16216239098750931  -0.319803279387921  0.9376571883741722  0.13610606005235262  0.579804088196794  -0.9445847828804965  -0.30428908054874926  -0.12315739283291445  7.154762958394962  0.0  0.0  -0.0  1.0
13001298762138;7.232928857269941;0.23206198621316157;0.8774290122504986  -0.41921059805016575  -0.23319691881226942  -2.5248727346279454  0.040390700771361865  -0.41983629860293614  0.9067006527330755  -3.1091190911730298  -0.47800305412446037  -0.8049844451030139  -0.3514443389640521  -5.062000695008029  -0.0  0.0  -0.0  1.0
13001298762169;6.764347421644368;0.1601925412431409;-0.6273428439328076  0.2942493523136088  -0.7210119796711558  9.679642144759256  -0.3283038215548822  0.739633853110426  0.5875017992189344  -5.911725849048207  0.7061568925662047  0.6052760378505384  -0.36740081802466856  5.5738319313338405  0.0  -0.0  0.0  1.0
13001298762200;2.173201777732865;0.11952288350686399;0.4835557006801523  -0.36218077977642765  0.7968682244262629  1.1794908943558642  0.8371251757421961  0.4573227783509885  -0.3001288332365436  -3.730851393330794  -0.2557250955192364  0.8122074606662208  0.5243316854432941  4.706820740795662  -0.0  -0.0  -0.0  1.0
13001298762231;5.881331751981235;0.3505090716574184;0.8873277712461303  0.19999335746485597  -0.4155142396420493  1.0916756752340666  -0.4481709839683313  0.5861936397284344  -0.6749220591081518  -3.077207224720606  0.10859187586663299  0.7850985121065153  0.6097771156610431  3.045085572946184  -0.0  0.0  -0.0  1.0
13001298762262;12.753530724937347;0.08293436948020691;0.559439145812573  -0.8288430006237764  0.006864579337044916  -8.038579725640053  0.8219188419473269  0.5536571065577052  -0.1338402989017763  0.17196411497785144  0.10713197181264698  0.08051762959206826  0.9909791379945433  -4.276466840594079  0.0  0.0  0.0  1.0
13001298762293;4.0873319758586355;0.5382194075509981;-0.7083574859927092  0.2932675484149065  0.6420465848244952  8.632729222193678  0.6859952633256984  0.5002709860597375  0.5283364829363231  -1.8807280561632072  -0.16625333299754716  0.8146920188350494  -0.5555508471001359  2.759513267092728  -0.0  -0.0  -0.0  1.0
13001298762324;5.257805486369847;0.0539039406213298;0.5665726675485532  -0.5682340818830637  -0.5967457084667046  0.5289898197923587  0.45217006327776477  0.8198180302523825  -0.3513411890861723  -0.7215884873628687  0.6888669292848207  -0.07077023003789139  0.7214249290661398  1.531086625007085  -0.0  0.0  -0.0  1.0
13001298762355;3.940223826782666;0.1098473878889885;0.2283587321886957  -0.9595582782400165  0.16462138407335597  -2.3273735493048755  -0.12578200307478968  0.1385939472875955  0.9823291736875871  -8.406612663610654  -0.9654176179952719  -0.24502985213295708  -0.08904602421240329  2.0665626715156957  0.0  0.0  0.0  1.0
13001298762386;9.483249247669189;0.1540707290478973;0.5555524922824785  0.7093445751920501  -0.4338106752540062  7.627047361885274  -0.35315334553106814  -0.27103668082586946  -0.8954450469945714  -9.284801952645948  -0.7527576919958644  0.6506684188528791  0.09993230633060396  1.2366990586781335  -0.0  -0.0  -0.0  1.0
13001298762417;6.696026314562576;1.6683244203405143;-0.7355568324804888  -0.6443733887551448  -0.20913890612576058  7.832877731398552  0.663755179323899  -0.6236862169429321  -0.41284932447093975  -2.451160095354579  0.13559206507745272  -0.44249117353866196  0.8864628324010039  -2.9053986870415973  -0.0  0.0  -0.0  1.0
13001298762448;6.742317045442832;0.05655373474431301;0.7599853804862134  -0.043313348895676194  0.6484953162935455  0.8474043191626636  0.377690404441486  -0.7825800623225865  -0.4948923160122866  0.4089278300002326  0.5289349485901366  0.6210413833736202  -0.5783903701630326  0.1834751235703688  -0.0  0.0  0.0  1.0
13001298762479;4.7976364578938275;0.10263634820462189;0.4751109684863492  0.7943506274579971  0.37851901970845586  3.2895788661991627  -0.8158240085347629  0.558839949630693  -0.14875852175602214  2.9334888835763744  -0.32969797500475234  -0.23812809862309994  0.9135613027727869  -5.048262108580818  0.0  -0.0  -0.0  1.0
13001298762510;3.641411788076855;0.16822111703125703;0.6893279054309923  -0.6910672059762938  0.21737790968320436  -0.7606102509583442  0.7075879463560673  0.7066205558123265  0.0025861699637000067  -0.3971838025165574  -0.15539091661266116  0.15203126957174815  0.9760840927433861  -1.8931332635159013  -0.0  -0.0  -0.0  1.0
13001298762541;3.070002262790549;0.18040381900909244;-0.9266285056746503  0.36603616451429655  0.08589027150282115  2.7061845367457074  -0.375200396907329  -0.9149460550302083  -0.1486552338306401  -7.320084562539524  0.024171773450635398  -0.16997424114353876  0.9851520099537582  -2.9855823869633484  0.0  0.0  0.0  1.0
13001298762572;5.3165421424298245;0.25180004021855373;0.7574046257188474  0.6509348989867513  0.05120537296808299  4.088087088329785  -0.5544007759607222  0.6825417620118498  -0.4762105865306962  2.655835851617846  -0.34493189552988945  0.33229580254777086  0.8778391008922359  -1.6141191018528507  -0.0  -0.0  -0.0  1.0
13001298762603;8.701034267553123;0.15117728850523784;0.5803512953838643  0.6058231660157477  0.5442156424294761  3.4258216978770544  -0.6667997107673623  0.737145692067628  -0.10951883119673324  1.1251097222673951  -0.467515261426654  -0.2993234374130978  0.8317661691535513  6.616709854341145  0.0  0.0  0.0  1.0
13001298762634;3.6983118308243395;0.11272603199506638;-0.32122318855679266  0.9385441928359172  0.12629513540664217  2.994333490894322  -0.6559964167534539  -0.3167098614269107  0.6851011347834548  -2.3472993487773355  0.6829966063898392  0.13722121471886864  0.7174161790000565  2.475228752794834  0.0  0.0  0.0  1.0
13001298762665;3.264462073407414;0.32299371297886786;0.16694020190792913  0.3531034119854662  0.9205699046955426  -0.2004756971227737  0.7148167453703826  -0.686419297960499  0.13366214095812157  -1.6841410341343517  0.6790935057302733  0.6357251983613964  -0.3669952079296529  -0.15428177383699054  -0.0  0.0  0.0  1.0
13001298762696;11.28400940315467;0.12324303197166936;0.3213795893716168  0.9455890632062591  -0.05075906894379896  1.4149135103432915  -0.9357922503645186  0.30893159509368245  -0.16986504558202567  -3.4046946635514486  -0.14494144918911817  0.10209110195106809  0.9841592265529878  6.229265803784693  -0.0  -0.0  -0.0  1.0
13001298762727;5.9914853246080435;0.0863707736356027;0.7102015927309764  0.5242946445594231  -0.4698178619089442  -5.384311198670313  -0.5794956656910298  0.8143172854705667  0.032743427266499654  2.66277219391154  0.399748009535624  0.24900298044432165  0.8821559071967665  -4.783499797171035  -0.0  -0.0  -0.0  1.0
13001298762758;2.650189718750765;5.679392674983219;-0.164472685256672  0.2833767680365284  0.9447996312137455  8.498680096177393  0.87039754878912  0.4923345003476978  0.003853158350712293  -1.0525481704252122  -0.4640655588021507  0.8229850224059706  -0.32762602159946563  3.4598532347862547  0.0  0.0  0.0  1.0
13001298762789;12.47752396560415;0.2530011869379791;0.3693151387909456  0.8820078600465037  0.2926917543697002  12.736814772082365  -0.6672956894143564  0.47089852943742955  -0.5770364268074288  4.858131841587357  -0.6467787806884544  0.017796342035790256  0.7624699987942485  3.144951433789002  -0.0  -0.0  -0.0  1.0
13001298762820;2.5113803815995865;0.13200575277806637;0.03208392921075506  -0.9943639196060382  -0.10104957630844137  1.284926359459554  0.9985303962024856  0.027470965068698977  0.046716099343814946  -7.901620863697982  -0.04367687427124487  -0.10239990949171075  0.9937839751122894  -2.0790361005118543  0.0  0.0  0.0  1.0
13001298762851;8.315224491879562;0.09546614609744061;0.2745413155890126  -0.8225877615462248  -0.4979723291399081  4.365428989828288  0.9049041837610509  0.0458586759961406  0.4231375663393965  -2.3518794512313184  -0.3252314318241707  -0.5667859881738896  0.7569532081729686  4.495169798523559  -0.0  0.0  -0.0  1.0
13001298762882;7.127338882949794;0.05672238694905084;-0.4122793033871852  0.7654715504980502  0.49404360270798936  2.9090858529298473  -0.6710248365642675  -0.621928577942455  0.40364651943547597  -6.819245962666529  0.6162397623591618  -0.1651004219152309  0.7700587029382484  -4.4849921844583776  0.0  0.0  -0.0  1.0
13001298762913;2.3308338239256097;0.15504900691734713;-0.9106660043909315  -0.4027473167120159  -0.0920979224951704  8.291934712645991  0.4060663222813562  -0.913627626303509  -0.019867117654829514  -8.888954685027857  -0.07614177799046284  -0.05549017333085525  0.99555174165292  -1.4002906580765153  0.0  0.0  -0.0  1.0
13001298762944;13.120560348922597;1.0421340603376243;-0.12788243687024978  0.48701782193802057  0.8639790063739247  -1.6402064589128997  -0.8926472585183918  0.32313130055809924  -0.3142722298569042  4.321080741022649  -0.4322348368650149  -0.811418390051875  0.39341230545815026  5.5006204235845875  0.0  -0.0  -0.0  1.0
13001298762975;11.342250680316473;0.6689726188103413;-0.6059114761688371  0.5315548600754854  0.5918789688585258  3.8540920764713293  -0.47883606882663005  -0.8378215112564719  0.26224251079216926  0.29060746145656263  0.6352852132999487  -0.12451725184107038  0.7621733082156493  -10.58629611043915  0.0  0.0  -0.0  1.0
13001298763006;4.458598501776789;0.07428722437058648;0.647389774886153  -0.4766967880360972  -0.5946819752177839  -2.91681772520817  -0.4606769346091451  0.3768516265043751  -0.8035916957759882  -1.6455603541198784  0.60717644988255  0.7941933164394391  0.024366674597653706  7.888397912226896  0.0  0.0  0.0  1.0
13001298763037;6.669679305647058;0.04227610030548197;0.5928331756043071  -0.8048585487511367  -0.027414273747949126  -5.059210642468171  0.7214160948375954  0.5458857600178509  -0.4261074455099398  -8.874635853060061  0.35792128186542027  0.23283353176024243  0.9042570997652534  -5.568291367911936  -0.0  0.0  -0.0  1.0
13001298763068;2.7376255445017748;0.1650750916494527;0.19019626852662763  -0.7186361888504661  0.6688702471429151  1.1757931053041824  -0.9674697746599007  -0.021432611707659813  0.25207712763142237  5.006524619824965  -0.1668161100075971  -0.6950558763364761  -0.699335194461187  1.1002727183942946  0.0  0.0  0.0  1.0
13001298763099;6.456555758447102;0.027662533553912075;-0.5100377376869359  0.801677332190002  -0.31172898676240307  8.834158727320347  -0.856088588600295  -0.43793337659132714  0.27445707521518325  1.30221020659663  0.08350948810492598  0.4068510940381507  0.9096693644816303  -2.3314125238028582  0.0  -0.0  -0.0  1.0
