# fast_global_benchmark.py --distance_metric=euclidean --decrease_mu=True --division_factor=1.4 --iteration_number=150 --maximum_correspondence_distance=0.1 --maximum_tuple_count=1000 --tuple_scale=0.95 --tuple_test=True --use_absolute_scale=False --input_txt=/neural_comparison/point_clouds_registration_benchmark//eth/gazebo_summer_global.txt --input_pcd_dir=/neural_comparison/point_clouds_registration_benchmark//eth/gazebo_summer/ --input_features_dir=/neural_comparison/experiments/FPFH/features_voxelgrid_0.2_compressed//eth/gazebo_summer/ --output_dir=/root/neural_registration_comparison/results/FPFH/fgr_compressed/
id;initial_error;final_error;transformation
36535719080030;2.8719654907800902;0.18439913913391856;0.6539056437942355  0.6794936262922647  0.3327098147669132  -1.9575523956775005  -0.6120390106915989  0.7336062429446171  -0.2953474728253689  7.348818830754585  -0.4447647225283208  -0.010502006516452717  0.8955858693913354  5.886735714847673  0.0  -0.0  -0.0  1.0
36535719080061;2.8185456084080336;0.42963277335294137;-0.8649135266763524  0.3660307224756202  -0.34343281959686295  4.139697618457753  -0.41464687680358614  -0.1355087917339895  0.8998362822868539  5.91771349511858  0.28282955808986565  0.9206839183817485  0.2689768828429717  -0.7449998171267197  0.0  0.0  0.0  1.0
36535719080092;1.9001870719663094;0.1375909020057825;0.06816506704462455  0.9169051903641668  0.3932408873935321  -3.333724953919354  -0.8117536959809347  0.2801198316674713  -0.5124342074528969  3.7790058621787592  -0.5800081557151532  -0.2842846316455371  0.7633955642483577  -1.5237356594394917  0.0  -0.0  -0.0  1.0
36535719080123;2.152334886682317;0.23334016988794576;-0.19598966127287648  0.9449136884364546  -0.26215677385785474  3.7583490640277475  -0.9805966350479366  -0.19002020891999907  0.04819294071400136  -1.1475852338564259  -0.004276915571596312  0.26651536842631685  0.9638211796727535  -2.2654638855612768  0.0  0.0  -0.0  1.0
36535719080154;3.7084111945439853;0.18544587196794543;-0.759667364026438  -0.6435622328397765  -0.09345131617801063  2.0575950014464746  0.6248121001063  -0.762150304508213  0.1695191815069653  10.397864691419185  -0.18032009204155813  0.0703886766484348  0.9810861830674228  -3.9825082516572126  0.0  0.0  -0.0  1.0
36535719080185;2.3222284832250804;0.23979278547816155;-0.5153237242289886  -0.1311491666729903  -0.8469010304207609  6.168186815768177  0.44412361225085395  -0.8860342854349326  -0.13303180850857718  -7.218838022309056  -0.7329363384960653  -0.4446831918509957  0.514840929411397  -0.32695490252496934  0.0  0.0  -0.0  1.0
36535719080216;4.7404660091141455;0.46541813208555627;0.8968496441530404  0.026033885459097624  0.4415687405042007  -4.537383472300857  -0.37483315636645737  0.5747710972305435  0.7274189237824068  -7.384123382174782  -0.23486340853977733  -0.8179000077003908  0.5252416174797828  -0.007192783610133294  0.0  0.0  0.0  1.0
36535719080247;2.9917173628249674;3.5459322336960915;-0.13624407040853795  -0.6640501280445665  -0.7351700352452558  -0.5182986026549024  -0.651145846633715  -0.4992515006254645  0.5716266487270228  -4.273926681332746  -0.7466234925919337  0.5565836563960694  -0.364373426230021  5.578056913797552  0.0  0.0  0.0  1.0
36535719080278;1.8936058971638152;0.4766114808282147;-0.2713134708403136  -0.9239042878722835  -0.26979597363895236  2.5439770926499623  0.5519070159332586  -0.37898642237939295  0.7428108355535169  -6.607610595551762  -0.7885351268676802  0.05263229524993566  0.6127333801846407  1.118608595184356  0.0  0.0  -0.0  1.0
36535719080309;2.0474131250721026;0.05222753468175139;-0.6882699705630964  -0.6928274418655886  0.2151152793714524  1.0386973988889532  0.47426936181621215  -0.20534058990715306  0.8560980169227266  2.2306051603152617  -0.548956300686601  0.6912491431709451  0.4699165904731568  -0.20478809898734104  -0.0  -0.0  -0.0  1.0
36535719080340;2.643359974182583;1.5283032680106123;0.6360024625473835  -0.688341381153673  -0.34883665321338875  1.5978200918611443  0.043698387462977786  -0.41919367164603455  0.9068445934034414  -1.8938802596939386  -0.7704487773803003  -0.5919989937857772  -0.23652879907070162  5.8403499627642725  -0.0  0.0  -0.0  1.0
36535719080371;4.184735305781556;0.07729916826631761;-0.9793321093792632  0.13496331195198677  -0.15064369872556008  3.032185986001187  -0.12287525921922247  -0.9886104485075924  -0.0868967880501058  4.759863732325112  -0.1606558128751508  -0.06659043120874683  0.9847616078325044  -4.470254844999087  0.0  0.0  0.0  1.0
36535719080402;2.5739270336253104;1.2758644548884308;0.11090382937047698  -0.7339649805750891  0.6700714498621577  2.3376379241893583  0.7369184070612735  0.5131143368454434  0.440073787742393  -4.442901309069677  -0.6668220167070357  0.44498211718345804  0.5977786491852046  1.0525856830568059  0.0  0.0  0.0  1.0
36535719080433;2.734748311517099;0.27560042957232644;0.33940013406865827  -0.32282045686843625  -0.883512592791654  7.448997170275486  0.588175578052841  0.8058279884554348  -0.06848899476612341  -2.9455334020427344  0.7340688240052043  -0.49641535597634523  0.4633732361439267  -7.4519847987926475  0.0  0.0  0.0  1.0
36535719080464;3.7323423107611307;0.0644882371967024;0.2674470091354586  0.9206360753875565  0.28443156294528027  -1.0358771838862286  -0.9626781097192082  0.24257658936239807  0.12003105998348679  1.5772112343482982  0.04150848554152346  -0.30591798735658426  0.9511525801046566  9.235963063078879  0.0  0.0  0.0  1.0
36535719080495;4.095283908390811;2.8796888744104363;-0.23926234705698324  -0.6827822742050089  0.6903346256071915  -1.8807452121658665  -0.03278464332209884  -0.704898755450507  -0.7085498653775694  12.231286740555833  0.9704013069050477  -0.19216167827057307  0.1462709573401724  -4.777575961416873  0.0  0.0  0.0  1.0
36535719080526;2.3278553928468253;0.7600601740791637;0.7248140746359921  0.08673976573615023  -0.6834623400375536  2.5561853719184184  -0.6328230531920177  0.47600457019870707  -0.6107001166683003  5.4390005079481  0.27235921236173055  0.8751547647073534  0.3999057354573906  -1.9349534335793124  -0.0  0.0  -0.0  1.0
36535719080557;2.2194490343578286;0.7618150803250265;0.2229311214193609  0.48262442661148647  0.8469801520346513  -0.4902695822381232  0.7106257642892819  0.5143072752128077  -0.4801031657794512  -2.4111238696819535  -0.6673175692509392  0.7089158550216745  -0.22831025440813602  -0.32432686099942276  0.0  0.0  0.0  1.0
36535719080588;3.796227498088121;1.854044648787177;0.15511288988481858  -0.029243759733590526  0.9874638190375505  3.561640239749931  -0.6975641220843272  0.7045492757014818  0.13044007700565446  -1.847848295732382  -0.6995314767559087  -0.7090522693181104  0.08888527663530543  3.0461727779467442  0.0  0.0  0.0  1.0
36535719080619;2.4973131938563013;0.23014530556283636;0.12401062332650865  0.5778425994275874  0.8066717396741624  6.797707991729775  0.7963416045726831  0.4270506224418913  -0.42833143090205233  -2.7171082919735783  -0.5919978159831137  0.6955039152720575  -0.40720128893762225  0.540358613892544  0.0  0.0  0.0  1.0
36535719080650;2.045757500568744;0.4369962050267378;0.5383533562075806  0.7613394001869107  -0.36130040351910897  -2.2851386140181855  -0.6790763859339869  0.13804055979385763  -0.7209716124221768  -2.5620442523521656  -0.4990299849977656  0.633488059536117  0.5913222070058727  3.6372008071223116  -0.0  -0.0  -0.0  1.0
36535719080681;3.422151150058385;0.2816052298251461;-0.8632452545222754  -0.08155810064040822  0.4981524934843777  7.407521351630825  -0.06252302180108178  -0.961986597036737  -0.26584329757685904  -0.4663600013199376  0.5008976964307551  -0.26063396429016367  0.8253311059016001  -7.208704659350635  -0.0  0.0  -0.0  1.0
36535719080712;2.329822326641319;1.1450913136331453;-0.3365053791215083  0.9367873135514754  0.0958835699757732  1.4291264224189417  -0.3301827524507403  -0.022018621888107128  -0.943660177327729  -1.2237717710587694  -0.8818976583517744  -0.3492058267829404  0.3167203983555513  5.495108746635188  0.0  0.0  0.0  1.0
36535719080743;1.5817497009913515;1.4272745502507593;-0.9808384991879809  0.19161707410800538  0.035195673327222655  4.21414561125033  0.18540395778363095  0.8625708324992771  0.4707408324754389  -3.65087435220336  0.05984321973987503  0.46824614876343723  -0.8815692447104616  2.0859733844930797  -0.0  0.0  0.0  1.0
36535719080774;4.455523395855616;0.9654761623768233;-0.5222972256935556  0.49044821756555984  -0.697614617048396  12.153715855716737  -0.7843798633535692  -0.5972794041943114  0.16734856823626504  3.0040340902604674  -0.33459503582428335  0.6346005509074636  0.6966550816506625  -3.9574186914710583  0.0  0.0  0.0  1.0
36535719080805;2.6623006804379994;0.08671916022471786;0.11645504622569317  -0.7001444274494065  0.7044402053546588  7.359060299105506  -0.4419757752831728  0.5986360962552408  0.6680510746366064  5.379981663070108  -0.8894355717371609  -0.3891434246801929  -0.2397326818703725  -0.568235851797618  0.0  0.0  -0.0  1.0
36535719080836;2.3641851278479833;0.6152100321526116;0.8700868227597154  -0.4268556165104161  -0.24646136312496292  1.310591431760442  -0.35223143570857696  -0.18868662088356236  -0.9166953555016069  4.167177273821582  0.3447925993384682  0.8844159890871818  -0.31452570910557925  3.4994633715839027  -0.0  0.0  0.0  1.0
36535719080867;2.3245937370798613;0.4661190719843954;0.7190948619208517  0.4527083158670469  -0.5272169954618819  4.210660704692994  0.6769898150824192  -0.28518773244391094  0.6784929974127759  -9.138128909377969  0.15680360274465702  -0.8448213645548532  -0.51155595212838  -1.2573294644553685  -0.0  0.0  -0.0  1.0
36535719080898;1.1108467191895781;0.3662728642691252;0.969695264298698  -0.17031008782281012  0.17517296704248128  0.40802562500222  -0.1294401608199057  0.24996764459286241  0.9595631409259185  0.17405313989681495  -0.20721085677057666  -0.9531582505767262  0.22034747603256166  -1.8772339974264869  0.0  -0.0  -0.0  1.0
36535719080929;3.0133446968971027;0.7471493441481867;-0.3742601440707032  0.21702299526655788  -0.9015710532651927  4.30739542824693  0.24769164580781838  -0.9135105072402011  -0.32271876573692726  -12.165628751156571  -0.8936320233503223  -0.3440923897549654  0.2881357911741021  3.065470688371217  0.0  0.0  -0.0  1.0
36535719080960;4.172447019856412;0.0983886571270119;0.16201777172113938  0.968177637044887  0.19074146054986582  -2.577824311200451  -0.28385401774277225  -0.13939932803368552  0.9486805173265886  -9.27527929033457  0.9450804930045923  -0.20784583341971555  0.2522359436564524  -1.6546449428822767  0.0  0.0  -0.0  1.0
36535719080991;2.0023267432930947;1.7167265775926102;-0.8583233574041012  0.14751304360147038  0.49144777555909575  1.0034880373267039  -0.41351270723805716  0.3682011750915945  -0.8327275278347788  -2.953091967669372  -0.303789820578645  -0.9179693876315262  -0.25503715079218353  -0.22852068899513217  0.0  0.0  0.0  1.0
36535719081022;5.2049478600741095;0.10585438598220735;-0.5341438750145244  0.31658535192839604  0.7838775642463831  -3.531118126804692  0.2767119039556199  0.9416292390297756  -0.1917417492708919  4.939018758584317  -0.7988246634861279  0.11449057231309315  -0.5905684260589081  5.840815649268146  -0.0  -0.0  -0.0  1.0
36535719081053;2.759339837400279;0.19989326891348838;0.9409554673387027  -0.25869635819898296  -0.21835522146261438  1.1858704028660165  0.03067701243313613  0.7075149219414968  -0.70603226281686  5.098502512936267  0.3371375526303491  0.6576464319713912  0.6736760654214426  -2.395549786644368  0.0  0.0  0.0  1.0
36535719081084;2.627616704218367;0.4765141607315779;0.6324663649062491  -0.7439190599470293  0.21580252433603805  4.64545571165491  0.47784384215061954  0.5939927793132685  0.647176823319896  0.8107498290825847  -0.6096323152368233  -0.30619766552217376  0.7311575957669879  1.1961500285926427  0.0  0.0  0.0  1.0
36535719081115;3.3642234081663633;0.22122197231822768;0.1634761557229695  -0.916177121322307  0.36591669663409765  3.4297006706550186  0.5721693462722472  0.3902026116668639  0.7213627111479688  5.654022340184715  -0.8036776628079363  0.09144071420286333  0.5879972874849358  1.1334035669414984  -0.0  -0.0  -0.0  1.0
36535719081146;2.4293434851076756;0.2761868931062394;-0.11501274413921707  -0.9894545290027363  0.0880443281622443  4.77506701468545  0.9535449164325762  -0.08512500131391915  0.28897374707210594  -2.428935692534344  -0.2784316092528923  0.11718988517478496  0.9532797961677172  -1.094501320876924  0.0  0.0  0.0  1.0
36535719081177;3.5423989428844522;0.26856812891574894;-0.2538343425537809  -0.77944859595754  0.5727372982442384  7.665997251377377  0.8632234615715942  -0.4496853770245945  -0.22940862469097031  -3.6210046680946966  0.4363638183129355  0.43616848573695394  0.7869839071526741  5.862313920542964  -0.0  0.0  -0.0  1.0
36535719081208;2.4968567701157345;0.13047551192941023;-0.2748213592475932  0.9613981255561761  0.013669845587107756  10.546477053402622  -0.24831214262149803  -0.08470212905880883  0.9649697555673054  2.61884988059639  0.928877979245943  0.26179991121078494  0.26200478270825267  -3.1625139512925324  -0.0  0.0  -0.0  1.0
36535719081239;2.6254413723760552;0.07298281218919321;0.10927657754296269  0.9811071555556343  -0.1596476711951253  7.9970144634678295  -0.5410642310263449  -0.07602163808241098  -0.8375381832771197  3.103948360998103  -0.8338513821445437  0.1779029506804111  0.5225346042462987  9.707288199203596  -0.0  -0.0  -0.0  1.0
36535719081270;4.852975213123584;0.23535353315945257;-0.5790501633852777  0.2371923893047903  -0.780026075679119  11.994139855872922  0.44931664704208346  -0.7054962355522247  -0.5480781078573581  -4.224880852387241  -0.680305415952528  -0.6678434188322332  0.30194322139788565  -4.4201009384620065  0.0  0.0  0.0  1.0
36535719081301;1.4134837583742463;0.018698511685212076;0.9290450798523443  0.3489144775100458  -0.12302002676817372  0.7449906977339044  -0.33075804019704286  0.634348302042808  -0.6987140692303375  3.879940405588293  -0.16575390929676934  0.6898267312008844  0.7047444377031582  -0.7184851078764639  -0.0  -0.0  -0.0  1.0
36535719081332;2.6207414559357245;0.8227549215061281;-0.7317805792396859  0.6078736966697704  -0.30819920951335544  4.472896009416973  -0.35707946060821794  -0.7271353621353325  -0.5863176817596947  2.964907469617661  -0.5805096404534338  -0.31900428528367186  0.7491627482138169  2.9202653427320975  0.0  0.0  0.0  1.0
36535719081363;4.7790429741920475;0.19124744854814987;0.8663430443636324  0.49784116539889056  -0.04004876423846306  7.3415129955323195  0.45903686149256673  -0.7620817785863919  0.4566360942125078  -4.7306564438388365  0.1968118118249172  -0.413987363069062  -0.8887516942010955  5.6264976595498375  -0.0  0.0  -0.0  1.0
36535719081394;1.4663573651430153;0.0628554814298049;0.889921473599839  0.12722344061165977  0.43801137768878107  2.6343733495078707  -0.4513689847118716  0.3837978333153831  0.8055838024579391  -1.257639016779954  -0.06561867467471745  -0.914611075431163  0.3989746486088868  -2.797193450825077  0.0  -0.0  -0.0  1.0
36535719081425;2.332117443040167;0.020326468821697086;0.5307451515892343  -0.8316652538242479  -0.16322527269381287  -2.907295828899604  -0.456209204499416  -0.11803371679115768  -0.8820097524576892  -2.9914361943230316  0.714270779042886  0.5425872715811837  -0.4420591667679286  -1.1044101328503717  -0.0  0.0  0.0  1.0
36535719081456;3.9542146055036578;0.07016489856007317;0.9092946183294379  -0.2979080961563612  -0.29057540040687263  1.9960771968488085  0.03270526655533317  0.7472384182838169  -0.6637507904177925  9.636189038106941  0.41486583688786227  0.594041675714081  0.6892030360482614  -1.4053247549409331  -0.0  0.0  -0.0  1.0
36535719081487;3.3533169379046845;1.0474591424251876;0.15662201062692638  -0.9252326100478021  0.34556354421627344  5.940461708765023  0.8908443937717235  0.2834142261275246  0.35506709579180407  -1.341914332874666  -0.42645728024348417  0.2522320236065774  0.8686271895322306  7.304122512237227  0.0  0.0  0.0  1.0
36535719081518;3.0920879439740774;0.11698495072631593;-0.2943358924118592  -0.9054845701985312  0.30571894866117605  -0.09092431493093127  0.89997402349811  -0.37024666797706424  -0.23013944008037066  -7.733015309468685  0.32157913406615696  0.20740081481098868  0.9238894752885752  4.020219712400937  -0.0  0.0  -0.0  1.0
36535719081549;1.5294161413651834;0.048109529443678405;0.7987300105574077  -0.5612692816651896  -0.2168113550854868  -0.6273542297212888  0.06414661412396917  -0.27885109909644235  0.9581895827179177  0.4189652518068398  -0.5982604634533295  -0.7792424898526433  -0.18672321729463254  0.7589636783850324  -0.0  0.0  -0.0  1.0
36535719081580;3.0692450464075005;0.06824936740175849;0.008953250076025434  -0.9956611543378797  0.09262129914678112  -3.267705768606252  0.7450575678054432  -0.05513553200125554  -0.6647174540861518  1.0421374259281009  0.6669400722470606  0.07495958146561307  0.741331235803258  2.6739668053475296  -0.0  0.0  -0.0  1.0
36535719081611;4.067373545893354;0.08596105198506548;-0.23571096926113394  -0.8550344884094229  0.4619051445918461  2.6108743954632687  0.9071741416300927  -0.36404849618960916  -0.21095916472101556  2.754551566446844  0.3485332347534183  0.36930301386872194  0.8614754019818549  6.118805105247781  0.0  0.0  0.0  1.0
36535719081642;1.8617882493278746;0.22126007315788934;-0.3412519012954645  -0.9014819858818187  0.26622803945640783  4.772229248224734  -0.08703279650386024  0.3123160839496148  0.945983063293997  0.1941389926041229  -0.9359339892294476  0.29964794816075285  -0.1850369556821081  1.3877763004244006  -0.0  -0.0  0.0  1.0
36535719081673;1.5998785025075408;0.06001094117731863;-0.9093422315927845  -0.13387501057961074  -0.3939215497839186  4.693912455075173  -0.3738116455035537  0.6785658154989347  0.6323079057881457  -0.972434701472163  0.18265147009476956  0.7222367448271886  -0.6670925909449489  1.8181027610882599  0.0  -0.0  0.0  1.0
36535719081704;1.9756325052656099;0.4334936365279959;-0.6191671089832999  0.7631531734578493  0.18501168880499455  10.219495162276935  -0.3340633505808485  -0.4692121978570826  0.8174604523650203  -2.6864053196931614  0.7106572795320965  0.44433900034021134  0.5454622661786057  -3.745235714092812  0.0  0.0  0.0  1.0
36535719081735;3.6039393451346733;0.03712264644005979;-0.6874717830695545  0.6593031128101724  0.30446995405455896  4.191000605592946  -0.09640930876645014  0.33268944117254357  -0.9380954007538234  6.16647069720828  -0.7197831566981433  -0.6742678556561308  -0.1651516459577044  11.371074938445007  0.0  0.0  -0.0  1.0
36535719081766;4.290345428514503;0.960363907815732;0.34461269617616724  0.6721029139441246  0.6553775726266565  4.496686219996066  -0.3849474476719066  0.7379197725835465  -0.5543373266893824  -4.981713355670728  -0.8561878019249507  -0.06125424310252408  0.5130208236873618  -0.3064895481921459  0.0  0.0  0.0  1.0
36535719081797;3.80649089162507;0.38614334504498027;0.22920187016285495  0.9591790088583174  0.16565666808016602  10.154737064617462  0.17637401163539676  0.12644508900442858  -0.9761679402061407  -7.60282111403392  -0.957266269505767  0.25295704859172236  -0.14019279879608157  2.2988857172517716  -0.0  -0.0  0.0  1.0
36535719081828;1.9802991795936433;0.07325710978078924;0.1707615411210693  -0.9820459096573808  0.08016437737027109  -2.2998517330908017  0.9709032941060036  0.18156961522612652  0.156138618928014  -2.0198377872473343  -0.1678907072117712  0.05116938686208982  0.984476715966451  1.9369938644115283  -0.0  -0.0  -0.0  1.0
36535719081859;4.6068693402346454;0.4165538570331556;-0.5061814965382111  -0.8550927097644017  -0.11223524522230076  1.140792065785232  -0.8553779017195345  0.5143796623696804  -0.06117359062814791  0.2096985547465814  0.11004061891966625  0.06503860890445713  -0.9917968751410492  7.172278544225043  0.0  0.0  0.0  1.0
36535719081890;4.508629332811153;0.3797477143235576;0.17264335397100414  -0.0043741099860889945  -0.9849746897720122  3.3330288718966257  -0.7857268831291232  0.6024304778095685  -0.14039510153252235  7.968418745492459  0.5939928766052973  0.7981593741653132  0.10056876241756504  -7.906016493376546  0.0  0.0  0.0  1.0
36535719081921;2.2999981710951882;0.10597587149649841;-0.5233328100562382  -0.6268134360707212  0.5772587689068537  4.9292537916674775  0.03311382140030432  -0.6918794477330831  -0.7212532874357198  -5.460727711131823  0.8514847296052399  -0.3583402659006948  0.38283940377566994  -1.711100961158981  0.0  0.0  0.0  1.0
36535719081952;1.2152378562390587;0.0405138274463648;0.3168166536463634  -0.6406067207222702  0.699464250221396  3.124287497210536  -0.15417420605272772  0.6928636810342332  0.7043935218978836  2.093618810530958  -0.935872599321259  -0.33100294389801393  0.12074572029896971  2.8182737665097677  0.0  -0.0  -0.0  1.0
36535719081983;1.4321260052918148;1.0680224339326079;0.9953711964883756  0.031696019828976206  0.0907278542031145  -0.9905197651768664  0.06220900035870347  0.5070897348043946  -0.8596452996034935  1.7187435643249274  -0.07325449798934788  0.861310259536603  0.502770738350314  2.5220400397147245  0.0  0.0  0.0  1.0
36535719082014;2.1446172376713286;0.4058803283784031;-0.9290266129866266  -0.18536318905861193  0.32023435247427523  7.441356882694503  0.34672288396496814  -0.7383173171093723  0.5785073733250387  -6.992229658966879  0.1292005963516147  0.6484813238624839  0.7501860959148376  -0.7783800066779252  0.0  0.0  0.0  1.0
36535719082045;1.9741406690068724;0.05264150393648667;0.5247837127728794  -0.8498493317350226  -0.04856097360893669  0.7365799503925912  0.8408108115515763  0.5264134711525777  -0.1261984016026946  -5.6402750394144325  0.13281277794810725  0.025396274109200253  0.9908157221577969  2.4715100902230107  -0.0  0.0  -0.0  1.0
36535719082076;2.7263856166451443;0.24881875290189262;-0.7981780943231696  0.5639563779874822  -0.21181344024842597  8.026299300920677  -0.5658766057818319  -0.8224839599887577  -0.057478714234447295  -3.98560106454629  -0.206628644605404  0.07398202003495519  0.9756184007797732  2.322997512749438  0.0  0.0  0.0  1.0
36535719082107;1.536577084651521;0.8339218014810122;-0.8331431803966494  0.44110747277525375  -0.33361150822533797  7.842617681769411  0.49324758472518215  0.8654818155941969  -0.08745311337252723  -2.4373436879612442  0.2501584720159008  -0.23741403567944902  -0.9386454679702385  1.869684677962051  0.0  0.0  0.0  1.0
36535719082138;2.448192473659257;0.09276923445171184;-0.7692215949710295  0.24975191417935136  -0.58815144239726  5.045020445569404  -0.2510210783025604  -0.9645623148988225  -0.0812893530841864  7.500421796929508  -0.5876108883249596  0.08510888344218526  0.8046551571208491  3.07941739422164  -0.0  -0.0  -0.0  1.0
36535719082169;2.751939271344588;0.035714818893367486;-0.30169470563459927  0.5604437754006352  -0.7712866388099404  -2.5244614733822743  0.9525142861533111  0.14222806595243248  -0.26923542101528847  -0.21061916548157514  -0.04119270889249798  -0.8158884432752517  -0.5767401571452992  -2.688756923553452  0.0  -0.0  0.0  1.0
36535719082200;3.495996902324403;0.199065784083824;-0.35155963434489507  0.8336335395697541  0.42598232968479643  1.5376731954291352  -0.689043355039693  0.07761513321300176  -0.7205519731233623  -4.513843189500168  -0.6337389670636696  -0.5468372818313791  0.5471233031267656  -4.949550119646623  0.0  -0.0  -0.0  1.0
36535719082231;4.028218031238248;0.07540807153182486;0.7414036632645044  0.06550053342917916  -0.667854990412191  -3.9182589268830834  0.4312422554848291  0.7160139530348478  0.548957317233106  0.8114291090978661  0.5141504888477013  -0.6950062583746315  0.5026087699570768  -0.41930212020435625  0.0  0.0  0.0  1.0
36535719082262;2.352339194995012;0.03710579345203471;0.6224893046160928  -0.461695093801639  0.6319372642897936  -4.007613517816444  0.7824446260910312  0.3496453995328949  -0.5152945775832978  -2.3818970078349406  0.01695502108046788  0.8152212797424873  0.5789013666551356  3.0344731696245377  -0.0  0.0  -0.0  1.0
36535719082293;4.915635355433878;0.2748007495207465;-0.6647046437852626  0.6034644489439354  0.4404524893687156  3.9196717209311354  -0.29590186505763544  0.3286843965422825  -0.8968883173088207  -6.184634796058238  -0.6860100748427245  -0.7264965425454056  -0.03991178878292331  0.14690034318890385  0.0  0.0  0.0  1.0
36535719082324;2.6136203318699214;0.04398389867053647;0.18241954826264412  0.9832095798181151  0.004693672926408345  7.372946685530393  -0.9832160042758971  0.18240169926890681  0.003988613738647796  5.174442757669742  0.0030655093204433265  -0.005342495456479484  0.9999810300175226  -3.8359131541096705  -0.0  0.0  -0.0  1.0
36535719082355;2.6932219088290648;0.029225334237883226;0.8809218559057461  -0.35659365399111487  0.31115534660493926  -2.7276196909947785  -0.0784469214381848  0.538351591377617  0.8390611685557013  2.507846862766732  -0.46671486402775475  -0.7635565008527218  0.4462720086461871  0.838709018343856  0.0  -0.0  -0.0  1.0
36535719082386;4.785475193293865;0.3842598678647506;-0.3682683532928939  0.748347263683671  -0.5516835985418658  11.545631842463415  0.6307255199209427  -0.23485869304960036  -0.7396125423622081  5.4010765767109925  -0.6830547111933247  -0.6203368175726763  -0.3855106928224003  5.2489875924617175  0.0  0.0  0.0  1.0
36535719082417;2.477038884971137;0.05391192706048123;-0.9663914736702713  -0.028347996209088608  0.2555071637514893  -0.889852705812155  0.05968563232906719  0.9420013928591422  0.33025899101298495  -2.3746004103808223  -0.25005028476464564  0.33440957965100937  -0.9086501461655939  -0.3687783832360093  -0.0  -0.0  -0.0  1.0
36535719082448;2.815184467780424;0.27100106885794617;0.7005658813410409  0.5191230058775301  -0.48961081551526975  1.9868111588908417  -0.499269813726644  0.846801616812432  0.18345755603194372  7.036866230496084  0.509840268125432  0.11592379623066675  0.85242276744891  -5.926011278095496  0.0  0.0  0.0  1.0
36535719082479;3.430440585461284;0.07480908131579075;0.6040343147187696  0.7924381506020789  0.08476039235741685  4.063057212029127  0.7648051273058214  -0.6062817378261702  0.2179347875517031  -2.840613091791688  0.22408851797661128  -0.06681490738476797  -0.9722757346875481  7.820767815294768  -0.0  0.0  -0.0  1.0
36535719082510;3.752685809770862;0.2062014242584371;-0.4331600297656376  -0.8954484660840578  -0.10268609059233864  0.724135938724666  0.9013153721024042  -0.43055741107840584  -0.04744381706149073  -5.254801039622449  -0.0017287641063153862  -0.11310331716252581  0.9935817284056194  3.1885203788592746  0.0  0.0  0.0  1.0
36535719082541;1.6713742885955687;0.043238486228323075;0.02335958937260741  -0.3183803242983348  0.9476752073806879  0.08682439040202393  0.7728655567568008  0.6070376971670616  0.18488933283754047  0.532984743480893  -0.6341397012988093  0.7281065878824315  0.2602453379387588  2.2630844439888502  -0.0  -0.0  -0.0  1.0
36535719082572;5.705872389959219;0.07290250524651211;-0.6912187112186511  -0.6161680519599338  -0.37756274313698684  6.125345108373763  0.1132844933547978  -0.6084051183997149  0.7854997361364131  -14.90301173917152  -0.7137109476717967  0.5001801112088806  0.49034328742677663  1.5239182102652005  0.0  0.0  -0.0  1.0
36535719082603;3.111669804062568;0.10541200704026345;0.5319432463903829  -0.05542614094111974  -0.8449640971781199  -1.1263978120185645  0.8276563342851484  0.24490319752909107  0.5049825899550378  -4.034399768862668  0.17894517299254376  -0.9679619655443104  0.17614839857990883  -7.549827782190609  -0.0  -0.0  -0.0  1.0
36535719082634;4.355140868473985;0.05569605261938898;0.8546489102891536  -0.46458875923549803  0.23180277162619134  7.198922320765369  0.24583215448482618  0.7553300512067936  0.607489148516491  -6.548560040188616  -0.45732022912059295  -0.4622053640276839  0.7597528608048311  2.354226293794068  0.0  -0.0  -0.0  1.0
36535719082665;2.7201030154491477;0.08026104040899132;0.7071023652858228  0.16731053522753736  -0.6870323353446117  6.00295036018119  0.44500070567169375  -0.8603679748691488  0.24847800661477853  2.337694113506732  -0.5495276307510755  -0.48142926024643956  -0.6828215362887121  1.408032971054503  -0.0  0.0  0.0  1.0
36535719082696;3.2991237738734345;0.048481244880339724;0.9845319824371476  0.14651450348260134  -0.09607432449738086  5.099103364434076  -0.12360254859557804  0.19218671705340654  -0.9735433610111639  -4.98027436367147  -0.12417401313905817  0.9703596065673181  0.20732353557534283  4.911180846761013  -0.0  -0.0  -0.0  1.0
36535719082727;1.2878238866021425;0.022553353721198505;0.8939270634586804  0.38274665775551914  -0.23323679210862047  0.7472843943835799  0.21195482758111547  -0.819495181676834  -0.5324498082199985  -1.1107167593245384  -0.39492981184154735  0.4265356294442855  -0.8136939231267291  1.0043117358141758  -0.0  -0.0  0.0  1.0
36535719082758;3.2221881761895412;0.10055687285297703;-0.6585826060064142  0.6895934736471987  0.30121386450326637  11.837068961396378  -0.6783336525291421  -0.7173225400838962  0.15909691805330156  0.08710543110329635  0.3257796907609092  -0.0995450380017866  0.9401906075349556  3.134173944237745  0.0  0.0  0.0  1.0
36535719082789;4.375691271181936;0.04921790442711251;0.01686597595130376  0.8729703963454235  -0.48748151345433155  12.799111605220308  -0.7138951067388538  0.35187232124528534  0.6054251779665047  3.2989337215704393  0.7000495092702591  0.3377995805888008  0.6291439643869274  -9.275152631128696  0.0  0.0  0.0  1.0
36535719082820;2.9711958970592893;0.33340598300874325;0.3613881281570721  -0.7468384952559713  0.5582390910988971  -0.3399099408957676  0.8086365748702982  0.5491138118813956  0.21114192237241344  -5.378826725991869  -0.4642257108445879  0.3751083624832679  0.8023641354060881  -2.104235208372233  0.0  0.0  0.0  1.0
36535719082851;3.748982682712409;0.052843893248683896;-0.5463814460888198  -0.7784348608642284  0.3090412314905249  -2.422047148007674  -0.41476034416797686  -0.06908364557509822  -0.9073044179434572  2.973314266181225  0.7276270832476986  -0.6239123474538263  -0.28511788863398824  3.808857649141482  0.0  0.0  0.0  1.0
36535719082882;4.963661102647681;0.2356137669618444;-0.27313173469640284  0.8408326114379792  -0.4673324031608778  5.805476490405183  0.7966085025761208  0.4700314966679383  0.3801122015451872  -7.05413321780775  0.539271683963811  -0.2684602608999808  -0.7981949255616387  7.017876568555211  0.0  0.0  0.0  1.0
36535719082913;2.817358654932551;0.07723319019130825;0.307492917041646  0.13346395441418946  0.9421440860300221  -1.9095083449954247  -0.9100072572307717  -0.24811615159957562  0.3321523251502906  1.8885271987795214  0.27809152766049494  -0.9594924430070005  0.04515920787512853  -3.0886174999985756  0.0  0.0  -0.0  1.0
36535719082944;2.334751411184137;0.20934891282747597;-0.24218811527491219  -0.549971012751915  -0.7992976929481397  2.7216717069797256  0.6275270981716474  0.5395168317992093  -0.561365593232801  -0.6399863740047047  0.7399693627981209  -0.6375370368362734  0.2144571490581885  0.37409843165510925  -0.0  0.0  -0.0  1.0
36535719082975;3.599500676289258;0.014952998390223276;0.5941113493650475  -0.5835942771147881  -0.5535787426143727  -5.5205619108265696  0.787182929707911  0.5633779426661522  0.25089505553861335  0.46472088179678583  0.16545313454906876  -0.584827336430269  0.7941046825398818  4.327349792479029  -0.0  -0.0  -0.0  1.0
36535719083006;4.488115034885534;0.04773264073983821;-0.749747183655378  0.09655886274740878  -0.6546415405592266  10.07210144266652  -0.44474484495007993  -0.8060647829356494  0.3904632999415369  5.021791692385604  -0.4899807991045763  0.5838972099058466  0.6472888572909387  6.818869214555181  0.0  0.0  0.0  1.0
36535719083037;2.300426924388642;0.14586289392149576;0.40836141176825125  0.8080281797304758  0.42465446911588767  1.200991534720603  0.450609820953885  -0.5830209493829163  0.676045384453257  1.1631481741699603  0.7938461731585965  -0.08471737331916447  -0.6021886913745164  -3.6939665741127894  0.0  0.0  0.0  1.0
36535719083068;5.209340635066207;0.05394030007676651;0.5008251196627389  0.8652571550795735  -0.022455625095014833  -3.9757231816386547  -0.8654803075747757  0.5002914512206935  -0.0255401847245684  1.0669350351096532  -0.010864470308133952  0.032226067384907645  0.9994215546333933  7.37338589657253  -0.0  -0.0  -0.0  1.0
36535719083099;3.2857786138404523;0.13463998435327756;-0.9434939687843186  0.12738254809991273  0.3059294319074064  10.710204718424391  0.09163491827664057  -0.7868917590746425  0.6102494582159393  1.7627538375188916  0.31846847979046244  0.6038005017718912  0.7307549393880023  0.14194076064092012  0.0  0.0  0.0  1.0
