# fast_global_benchmark.py --distance_metric=euclidean --decrease_mu=True --division_factor=1.4 --iteration_number=150 --maximum_correspondence_distance=0.1 --maximum_tuple_count=1000 --tuple_scale=0.95 --tuple_test=True --use_absolute_scale=False --input_txt=/neural_comparison/point_clouds_registration_benchmark//planetary/p2at_met_global.txt --input_pcd_dir=/neural_comparison/point_clouds_registration_benchmark//planetary/p2at_met/ --input_features_dir=/neural_comparison/experiments/FPFH/features_voxelgrid_0.2_compressed//planetary/p2at_met/ --output_dir=/root/neural_registration_comparison/results/FPFH/fgr_compressed/
id;initial_error;final_error;transformation
27844314100030;8.255147930606862;0.9320452728565266;-0.9597790657552516  -0.2805608249356683  0.010477043924419518  -58.95005685513576  -0.2506800834255831  0.8731690941233065  0.41801343141294645  -10.038651369074715  -0.126426424103981  0.3985741544296382  -0.9083804284048508  2.924940367034973  0.0  0.0  0.0  1.0
27844314100061;18.254613203222405;0.5864368927527392;-0.8818777118956884  -0.4685707563096684  -0.05227951408544854  -88.18527765748165  0.4714144188495858  -0.8744969202320546  -0.11412091046499706  -123.81715665207894  0.007755447268378527  -0.12528600415065472  0.9920903538497033  -3.434471757723002  0.0  0.0  0.0  1.0
27844314100092;11.393043179182689;2.203537748498072;0.2074408719620435  -0.5195196622403614  -0.8288954126940793  -77.61634082981986  0.01823802383532715  0.849233456894736  -0.5277024826331581  -17.104711788234013  0.9780775322673609  0.09434964884024967  0.18564074078044523  58.35421042588122  -0.0  0.0  -0.0  1.0
27844314100123;5.730994932441914;2.204387848392029;0.24020217884972525  0.7896357204810625  0.5646045892624321  -12.411390191342885  -0.9698352408771405  0.2200818015844722  0.10480270112984967  -39.071919310248006  -0.04150323877270645  -0.5727472649883965  0.8186806774437074  -8.940180479190284  0.0  -0.0  -0.0  1.0
27844314100154;17.463252642790277;11.014813492007914;-0.4054875870890425  0.6679501627153286  0.6240371758519476  35.47435675828479  0.5501956747143476  0.7235095804150573  -0.4169155868677167  -29.124393737274307  -0.7299757093508865  0.17428845967589565  -0.6608774444490253  -18.64873770241648  0.0  0.0  0.0  1.0
27844314100185;21.245539471637414;1.00194892017703;0.3974655952936821  -0.8364227137888445  0.3773832858195285  -34.0199668392458  0.04923911879437705  -0.3912312013198904  -0.9189742413659633  0.5408544798906724  0.9162950451345858  0.38384266434556236  -0.11431622496350813  14.823801118083049  -0.0  0.0  0.0  1.0
27844314100216;3.735345026853811;0.7434265235982169;-0.43933723311166467  0.8390297759174051  0.32095456177748366  73.08896578613133  -0.8790003618560492  -0.4752167788052847  0.039081670881178567  -113.82640191573529  0.18531367855267042  -0.26494914279143944  0.9462879013679499  -35.646365629658376  0.0  0.0  -0.0  1.0
27844314100247;13.271216615726097;7.616230084652243;-0.025973941389418047  0.9441509213845931  -0.3284880393824483  47.73038392412866  -0.9852413314818433  0.03143633884151034  0.16825954754523523  -70.82483608806167  0.16918886815799872  0.3280103569231729  0.9293999852821966  37.82186713220155  -0.0  -0.0  -0.0  1.0
27844314100278;11.802091711636171;8.284284278710459;0.6418727955146416  0.34594927877252524  0.684337936179917  24.441040004022483  -0.46408030609208273  0.8857054548421075  -0.01246261450959513  -16.199772922236992  -0.6104332755311562  -0.30958834567810484  0.7290584834871606  -48.85199702351225  0.0  -0.0  -0.0  1.0
27844314100309;7.478645140598016;1.263135003483278;-0.9417614084145728  -0.06685076917375861  -0.3295700597473568  -3.4748137617009234  0.3297527474100023  0.008601265846439202  -0.944028147780242  -65.14016311728781  0.06594372749970208  -0.9977259107022902  0.013943884563827984  -59.41007999342799  -0.0  0.0  -0.0  1.0
27844314100340;12.12926847078954;6.463250878776619;0.9135178851009781  -0.11878337316725879  -0.38907015287688773  -11.352581508730916  -0.09263079394192483  -0.9920335165112125  0.08537586387316205  -147.16770643988048  -0.39611186502593543  -0.041952501443987815  -0.9172433581161907  -33.96017495584008  -0.0  0.0  -0.0  1.0
27844314100371;7.953713343024883;2.984115588036135;0.35435128413438044  0.5873563453900573  -0.7276315626485361  19.71646232346229  -0.8157031330570299  0.5746235912513612  0.0666042573589181  -34.095027533347746  0.4572346948266965  0.5699300412396443  0.6827270186094273  49.750761911955074  0.0  0.0  0.0  1.0
27844314100402;10.041005189608843;8.23014949436423;-0.28346779018489304  0.7863329564155435  0.5489321393236912  8.911479347443764  0.7262357164662372  0.549845990680227  -0.4126149181278495  -4.207882329025745  -0.6262808443952823  0.2816910864540626  -0.7269267059036039  -10.958815795072587  -0.0  -0.0  -0.0  1.0
27844314100433;14.948099495912265;0.7211173833435248;-0.6631454798423336  -0.6146506798435712  -0.4271330171416354  -26.013348219267325  0.6051656680900565  -0.7761091861563842  0.17728238865942328  -178.16608686179106  -0.440468599028122  -0.14092222298669088  0.8866387879732596  -4.524462393205904  0.0  0.0  0.0  1.0
27844314100464;4.885279212879443;1.8588572928833078;-0.3275046166650694  0.6785231331636729  -0.657531051605031  67.73005073804353  -0.3412213035850011  0.5640091925750418  0.7519718430038462  -34.295842963728525  0.8810838484746043  0.4706378527621855  0.0468109336008239  15.078755259059493  0.0  0.0  0.0  1.0
27844314100495;16.561379565347497;0.41312854951562533;0.3327245468647869  -0.9426363063229113  0.027040153762935632  -4.7956437285506635  -0.9375473798410253  -0.32757041448152785  0.11705782378647757  -30.934975664514056  -0.1014854002645147  -0.06429943668727271  -0.992756916860744  2.165603656542523  0.0  0.0  0.0  1.0
27844314100526;4.988304065514908;6.741043591987326;0.7212218533566905  -0.6611477331007862  -0.20669473446711514  -50.093651049019364  0.6877743956742078  0.7190028241870888  0.10000659711223268  7.198025633260317  0.08249496285057968  -0.21428628940434105  0.9732810320136727  -7.645622291555506  0.0  0.0  0.0  1.0
27844314100557;9.320673558395054;0.3460028384782591;0.2802787730228638  0.9330222695274522  -0.22563965511106762  -7.771579075961548  -0.15292242756292498  0.2754587371669494  0.9490717650771473  -2.4384290302754477  0.9476595066483845  -0.23149930601242194  0.2198852672979879  20.18473926358815  0.0  0.0  0.0  1.0
27844314100588;15.87658357879776;8.35667032709762;-0.1873968460659705  -0.9718814105941913  -0.1425796122381105  -26.2279638161947  0.9786659074819677  -0.17228197870073655  -0.1119462431145201  1.2565851069655325  0.08423457495009479  -0.160516178488033  0.9834323021065432  13.531414509484959  0.0  0.0  0.0  1.0
27844314100619;9.309459031404598;5.579183557448054;-0.25295632925255035  -0.8759052524754009  -0.4108565250511189  -73.86040305806583  0.9579914473892399  -0.16744522319264368  -0.23284003942413845  -68.48491938928544  0.1351498509808438  -0.4524953987787842  0.881466069604431  -19.498330266880117  -0.0  0.0  -0.0  1.0
27844314100650;9.597631194952498;0.4266145284139845;-0.046858877391221604  -0.547377723984428  0.8355727813274325  -55.94520405427519  0.26577676350683443  -0.8131714973690468  -0.5177980570129793  -133.57702509631122  0.9628950916841696  0.19781239382862484  0.18358458338957132  16.264410691529484  0.0  0.0  0.0  1.0
27844314100681;7.297471099283818;2.0140776863075116;0.23331078687305037  -0.2671593997100608  0.9349823163435979  -6.282799951970494  0.8964821213539027  0.43155684311871023  -0.10039171903208806  10.063260257102815  -0.3766774254205888  0.861617401347009  0.340190492040187  -4.901994529661564  0.0  0.0  0.0  1.0
27844314100712;8.650942439496344;0.6821112865084857;0.5360614490420986  0.7829024681843334  -0.3157559946568915  6.223982258817682  -0.6303108291028326  0.6200149440989184  0.46721486257364986  -15.336979772397271  0.5615571044574064  -0.05143145345886108  0.8258380131893435  6.014178163103034  -0.0  -0.0  -0.0  1.0
27844314100743;12.733448854215453;6.823526034929213;-0.07320453950954153  0.9968131495904821  0.031696059671562554  -32.32098785049257  -0.9179852010520737  -0.05492573391067174  -0.3927929917956233  3.185362380989579  -0.3898002899493253  -0.05785074379713154  0.9190805325963224  9.60990161905458  0.0  0.0  0.0  1.0
27844314100774;4.598125415447288;7.477063576826597;-0.6330681523900721  -0.7730179442677519  -0.04084081621953782  -81.64685070829258  -0.765151067730664  0.632878680036751  -0.11835717090892194  -35.55851898094282  0.11733949880600668  -0.04367876137205581  -0.9921308420893679  -3.193299981002554  0.0  0.0  0.0  1.0
27844314100805;11.913189531673748;2.998984212377034;0.33417501006329403  -0.8438736402751068  0.41976700906340303  -0.17195173952751988  0.9020379541061812  0.4154651637603261  0.11711629713041397  21.943991082640345  -0.27322992515669253  0.3395084342846915  0.9000441272784492  5.85541595903519  0.0  0.0  0.0  1.0
27844314100836;8.640990827250187;4.80529884298102;0.7560065848362615  -0.5543190667389681  0.3481155209608567  -21.55192718710062  0.3790704648595789  -0.0628021045314524  -0.9232342488976257  -38.4802594246474  0.5336287345667895  0.829931483868432  0.1626471817419154  55.23364156970164  0.0  0.0  0.0  1.0
27844314100867;6.409696051288649;0.6959961342092948;0.7115159963901955  -0.4673904667398961  0.5246819403043426  -45.45196216646628  0.10200206261661984  0.8074905730113928  0.5809944524000976  -14.201491554314671  -0.6952269889056549  -0.35986820656789686  0.6222172512867048  -39.47469539051991  0.0  -0.0  -0.0  1.0
27844314100898;22.51393172662874;6.059977033914121;-0.31768403574124676  -0.12252382291967528  -0.9402471835917952  28.802894991485484  -0.5248729216570801  0.8485581380749707  0.06676452963886392  -3.8900205657286113  0.7896741540321024  0.5147203115517066  -0.33388281077317833  -3.419804800178631  0.0  -0.0  0.0  1.0
27844314100929;11.35647365629622;0.06792796665513766;-0.24670091182607903  0.3430540857091443  0.9063401979292556  -4.5152823009865655  0.8821431972078309  0.4666847517203201  0.06347221543076823  23.07655877387317  -0.4012007474122239  0.8151804933816843  -0.4177543817674041  -20.892988202603618  0.0  0.0  0.0  1.0
27844314100960;8.931838196630506;8.891539009814455;-0.8675304496540818  0.23927624989117338  0.4360479275962701  9.693837866660331  -0.31681543862831785  0.40999757395081265  -0.8552952514782225  -45.303400145037806  -0.3834304327641883  -0.8801413895462844  -0.2798789696240205  -60.34620048393775  0.0  0.0  0.0  1.0
27844314100991;2.7303992422678602;0.2914506255023754;0.9586872138467586  -0.016697442889098364  -0.2839718672821375  -4.381855442126366  -0.199544892110853  0.6719848318585725  -0.7131747484203822  -2.983109572450075  0.202732982119848  0.7403766481683304  0.6408913767619456  4.346961010000225  -0.0  0.0  -0.0  1.0
27844314101022;3.041428379569016;0.5485839338812181;0.4887963863672551  0.74581476848715  -0.4525907906495355  -13.936640377731468  -0.7132938240129636  0.6403572185854861  0.28487638236684915  -9.074745064543912  0.5022847930201314  0.18358366951316551  0.8449893626483146  9.266779554501957  0.0  0.0  0.0  1.0
27844314101053;13.922293305846535;9.333469677076152;-0.757339085222398  -0.001878312842130451  -0.6530191283074087  -15.69804905109559  -0.6369669080962316  -0.21825284652361215  0.7393502911169154  18.404413094719274  -0.14391201473409745  0.9758904482190665  0.16409498800988695  -18.511552362982027  0.0  0.0  0.0  1.0
27844314101084;10.548695524568679;5.162990588682365;0.164292195568189  -0.9358577383211573  -0.3117344512558596  -107.88599209677135  0.923091545261078  0.25727004002913084  -0.28585682704970394  -66.23740088508805  0.3477212583994523  -0.24079539058673322  0.9061498255417176  -4.895685866510719  -0.0  0.0  -0.0  1.0
27844314101115;4.295014706995369;7.315907356529014;-0.6605354403820676  0.05713075724104652  0.7486180658896319  -0.517911511236207  0.7247352983657732  -0.21190261639332322  0.6556340659760881  -93.65263225503982  0.19609099750356274  0.9756194738435309  0.09856451164252382  82.49126602804118  0.0  0.0  0.0  1.0
27844314101146;10.908481463882481;0.5871535371229532;0.23759053815311001  0.007120076906274868  -0.9713393025534196  0.16879378891804245  0.11747981102830439  -0.9928434164082731  0.021457970442289313  -213.80055729262978  -0.9642350492389649  -0.11921096845339774  -0.23672666689566996  -26.77733278760106  0.0  0.0  0.0  1.0
27844314101177;7.524206569447689;4.245240815818852;0.9501667959316433  0.30741718744115865  0.051746814150844124  11.333040377824618  -0.061289900152456264  0.02146282090983732  0.9978892200329118  -58.198383330255076  0.3056576647955951  -0.9513327599659118  0.03923482849897234  -44.74177995579458  0.0  0.0  0.0  1.0
27844314101208;16.92222694472815;11.242305546828426;0.9402950534249052  -0.33795670582847076  0.04037917149007295  -19.62117164934013  0.20627473285801678  0.660206185428774  0.7222039374760721  -60.34578003380246  -0.27073224242599936  -0.6707555871605969  0.6905005396115438  -63.44330973839525  0.0  -0.0  -0.0  1.0
27844314101239;4.364181244222641;0.04455585887309142;-0.5963588272820726  0.027046749840661133  -0.8022621905872225  15.19793353626602  -0.2850753112943404  0.9271472340856068  0.24316676010064112  -6.931314092159223  0.7503920415444094  0.3737197876089312  -0.5452020766067837  34.9265916670655  0.0  0.0  0.0  1.0
27844314101270;10.750785704410854;2.6341576620913547;0.11612036272628412  -0.6846459783208695  0.7195664984762536  -31.991089185568466  0.9794866272947184  -0.041188571038256364  -0.19725478084610557  -63.93379333101626  0.16468760825008907  0.7277110594081181  0.6658187483872613  28.372341010584737  -0.0  0.0  -0.0  1.0
27844314101301;12.136609704346055;3.0861079474598254;0.9130586607993953  -0.06507958827952691  0.40260219712339  -9.385764575362366  -0.2864993208504119  -0.8049198403839695  0.5196365938889403  -23.447712407510696  0.29024476066152605  -0.5898039485673315  -0.7535842893551578  -5.53267535342717  0.0  0.0  0.0  1.0
27844314101332;6.935112362192998;7.648904839940744;-0.8664313381176015  -0.1376612110393937  -0.4799438793264391  -9.769640255213082  0.3747415003813299  0.455920567182687  -0.8072826297597189  -45.185432998975394  0.3299477901421583  -0.8793098585794338  -0.34343649833021755  -73.56667960734482  0.0  0.0  0.0  1.0
27844314101363;7.8460839984677655;4.384328845499276;0.6097572152067853  0.45781103577985244  -0.6469970587424978  49.67716097891042  -0.2388084380986277  -0.672254179907558  -0.700745922206981  -153.1053489750568  -0.7557556935916252  0.5817932391451411  -0.30058269825265244  56.85891648970665  0.0  0.0  0.0  1.0
27844314101394;13.188484809554595;4.347683895332809;0.6820970279393694  -0.7302142706869575  0.039124971072132  -44.13203476105963  -0.6257668970647549  -0.6105422265479452  -0.48544204611861463  -108.63093607422019  0.3783641566192917  0.3066354651487574  -0.8733929565200174  37.46044585858065  -0.0  0.0  0.0  1.0
27844314101425;12.438217758874531;2.4407792224619174;0.5747697103000152  0.8150716722187967  0.07278701304556423  61.765115847084  -0.8156559269234289  0.5777960953146258  -0.029275947702092256  -36.89305465588621  -0.06591804757667594  -0.0425422306141774  0.9969177346291168  7.271707495022238  0.0  -0.0  -0.0  1.0
27844314101456;13.306910826894018;5.988101708272899;0.6284892580383796  0.652332555569514  -0.42363131314211766  69.20132440185711  0.7747040595135033  -0.5736727522528193  0.2659571271764954  -148.26854287390194  -0.06953324890774522  -0.49534009555740843  -0.8659118413727299  -61.76438269169368  -0.0  0.0  0.0  1.0
27844314101487;11.823132391507976;0.030406893295498713;0.2600388193393957  0.04860701622838431  0.9643739785010526  4.760758457756815  -0.8801877797875394  0.4226075138750258  0.21603787058998036  -12.257756902697055  -0.3970507332183846  -0.905008423822532  0.1526776606481771  -0.4105814711116726  0.0  -0.0  -0.0  1.0
27844314101518;11.362927964176022;0.2528736013011343;-0.19231921529684065  -0.3377261645675696  -0.9213871917896872  -16.630747794404414  0.946958829003224  0.18245666598166643  -0.2645345746999757  -1.257918404753595  0.2574534824010925  -0.923390818020914  0.2847228504953841  -5.8499525854487535  -0.0  0.0  -0.0  1.0
27844314101549;8.602285781784683;0.028713035776334654;-0.5689157589214487  0.8006565323206256  0.18784029520617432  -38.135981139207644  -0.8083034327009306  -0.5864882119394899  0.05174106628115205  -11.520873354973494  0.15159294157289385  -0.12239564742396017  0.9808358096832243  5.805334373406797  0.0  0.0  -0.0  1.0
27844314101580;8.529179145836824;2.992710501151539;0.8768098830707176  0.08416449777294546  -0.47341394810899334  3.4442217068149907  0.317231254583466  0.6386310735328069  0.7010810816401586  3.7855208422417075  0.3613429950406082  -0.7648965219119275  0.5332584276897273  -33.78784880845516  0.0  0.0  0.0  1.0
27844314101611;6.938820905749202;0.042080835356065646;0.992423787182026  0.06058673677783688  -0.10688439531521582  -4.913760905504386  0.07770291632645472  0.3643626077115839  0.9280097773708955  10.46511717441627  0.09516976110955722  -0.929284207026154  0.3568943529143079  11.530961670357303  0.0  0.0  0.0  1.0
27844314101642;12.547466022442515;5.876267697074654;0.7615023274178586  0.6043510509043494  -0.23425202796985245  9.447439060248156  0.6399009837058368  -0.7584987688918639  0.12331402451395806  -53.969358608245386  -0.10315491451930005  -0.24380201980363825  -0.9643234098320862  -13.720266276275403  0.0  0.0  0.0  1.0
27844314101673;7.73561147720838;1.411412241025902;0.017909340067199055  0.9996267712785819  0.02062943725638154  -26.58533390173048  -0.9980801699795524  0.019097517568472493  -0.05891739230745708  -19.78414589287151  -0.0592893736848884  -0.019534660628724967  0.9980496817304116  -12.144381223648598  0.0  0.0  0.0  1.0
27844314101704;7.852470163017852;6.127867905469158;0.8900593057617568  0.10248311263650471  0.44417524002496167  1.669304196737191  0.054504000367095316  -0.9913358019539112  0.11951000672906482  -141.53324579725455  0.4525745752590206  -0.08216166617547949  -0.8879333952726342  -16.507630147016616  0.0  0.0  0.0  1.0
27844314101735;7.401041146075741;9.52703521166011;0.3598911730061647  0.4599082143773405  0.811765223411604  16.339841636637342  -0.7351629405591193  -0.3959334210164604  0.5502473779589231  -88.81111771088821  0.5744682710304506  -0.7948088829841082  0.19561453194698264  -48.46625910860252  0.0  0.0  0.0  1.0
27844314101766;17.078221026612844;1.6933134846433415;-0.7354462816179573  -0.16242388089344584  -0.6578276748281662  9.231206015753294  0.6537052900469639  -0.42553994923609073  -0.6257676448720887  -59.88154028641413  -0.17829234593479673  -0.8902439185524703  0.41913912351558125  -42.25321726591834  0.0  0.0  0.0  1.0
27844314101797;5.658008139654423;0.6177241274662411;0.22136066974754193  0.4157200365001336  -0.8821430185300153  34.9607432309851  -0.8101554494475145  -0.42511721535369623  -0.4036378338813339  -94.56717596407759  -0.5428145186151687  0.8040225148975894  0.24269362150319918  52.25676159243894  -0.0  -0.0  -0.0  1.0
27844314101828;12.532088953947076;1.8505301176520572;0.19080214407685833  0.9621498849115405  -0.19458196417032725  -12.451261443760167  -0.5291187399438998  0.2677678248946129  0.8051917479652838  -5.582596356919082  0.8268179369461284  -0.05067534820715725  0.5601822098462521  17.30452338556271  0.0  0.0  0.0  1.0
27844314101859;13.452993466710405;1.774133504391182;-0.541265036563258  0.7445500662028727  -0.3907395028807204  4.921693628499015  -0.8324682003324414  -0.5399532706255046  0.12428660819286658  -121.66575093896057  -0.11844347018489995  0.3925502062897413  0.912072080436871  38.407294465615266  0.0  0.0  -0.0  1.0
27844314101890;10.240194569123585;4.21469164892667;0.6931785906009428  0.24494806928753907  0.6778671587300851  26.945001757533706  -0.421817277307323  0.9004680248333461  0.10595999630884204  -7.061404388003014  -0.5844430050035062  -0.35938528017301885  0.7275084840037481  -42.66831750874028  0.0  0.0  0.0  1.0
27844314101921;5.39778345406533;1.131440485004256;-0.3898781521225946  -0.7350835006547753  -0.5546596015238453  -27.398344459430426  0.8244049007573941  -0.010245486693501284  -0.5659077571562374  -32.483087287995396  0.4103066976112653  -0.6778991643803173  0.6100009318253573  -28.860206674645696  0.0  0.0  0.0  1.0
27844314101952;13.302221500961894;0.20699239467226768;-0.07839288629304851  -0.9956673244375911  0.05001134297271592  5.495659783318424  0.9958020347032164  -0.0805839900375986  -0.043411153296766126  26.223585609004544  0.0472531804176215  0.04639827148622738  0.9978047591305179  7.980507126799505  -0.0  0.0  -0.0  1.0
27844314101983;10.786030610610256;6.331977576448776;-0.7076391653958368  0.6883671986659905  0.15936565313336265  -19.897002747465955  -0.6882659892118784  -0.7225525837336355  0.06486672362653209  3.980604192353917  0.1598021892593467  -0.06378372473118944  0.985086238238732  11.033369631605952  0.0  0.0  0.0  1.0
27844314102014;18.074211930870813;1.00901252521827;0.2535133087302498  0.8414486733737994  -0.477174111173387  35.099402306011854  -0.7311394451469998  0.48966691600491075  0.47503833857950417  -15.537393409237733  0.6333767552150753  0.22845227389481235  0.7393533962223431  -0.26704320573413265  -0.0  -0.0  -0.0  1.0
27844314102045;5.527523174873733;1.0881349443977488;-0.376442625514579  -0.8244893845799361  0.4225023129057259  -69.39869534144947  -0.674086836934796  0.5566073483505417  0.4855874751611924  -40.679935147236044  -0.6355296106138034  -0.10200742363758185  -0.7653081729315903  -17.426823819893208  0.0  0.0  -0.0  1.0
27844314102076;12.49337546729974;0.7342767449842738;0.41553560056351974  0.9077320931795184  -0.05790174156486887  50.79578884507862  0.8868004157421885  -0.3901521068495253  0.2477223368216083  -73.75633360573974  0.2022750288686096  -0.15428473849608798  -0.9670992876449639  -23.831619837753685  -0.0  0.0  -0.0  1.0
27844314102107;8.34390181428472;5.774470557443917;0.8839230475640762  -0.36458115612229475  0.2928491532949422  -3.398693435260992  -0.45011024272278854  -0.8331328614971928  0.3213882457239711  -12.28037546839464  0.126810154881483  -0.4158968810823549  -0.90052705063474  3.930717837337075  0.0  0.0  0.0  1.0
27844314102138;13.875093444885819;4.074744465759329;0.991983442741745  -0.0963859824264231  0.08172265119248114  15.375242478564521  -0.04331777988943318  -0.866886130634218  -0.4966205860206402  -149.04953040080753  0.11871149595420473  0.4890993548408405  -0.8641119151027762  30.456167773532684  0.0  0.0  0.0  1.0
27844314102169;7.7056993337980995;8.363289442024902;0.5180721692834086  0.6821670353599767  0.5159935690317902  -3.5883097127090733  -0.13456142830387693  -0.530749460179221  0.8367784847450866  -6.032229393006084  0.8446860064111417  -0.5029444764461043  -0.18317315356118766  -8.245106594205117  0.0  0.0  0.0  1.0
27844314102200;9.927306225231835;0.1439030107580749;0.6896589750652821  -0.4215192886581141  -0.588805559927096  -15.74091279163521  0.6857024019632885  0.6415199762784652  0.3438958214015599  12.124920463030424  0.2327718068273763  -0.6409162264483811  0.7314667980308371  5.536166359357658  0.0  0.0  0.0  1.0
27844314102231;10.287771982386351;1.2710497618989778;-0.749380100865141  -0.5150593452292641  0.41610495709538425  -45.83660884453937  -0.6393283611049221  0.7263688537404819  -0.25228463092830833  -20.773639309869953  -0.17230412390376543  -0.45508478243920725  -0.87361841193854  -21.1611813030941  0.0  0.0  -0.0  1.0
27844314102262;8.065900080817094;11.172554460547195;-0.5054325391036224  -0.8377468644807816  0.20668367005616167  -52.2638362644683  0.4523293266500406  -0.4612245854787569  -0.7633282793151782  -13.12914796238932  0.7348034626126814  -0.2923218650778072  0.6120553884493172  4.714017045735162  0.0  0.0  0.0  1.0
27844314102293;15.344796486985695;0.4491561574136576;0.211868473596768  0.8393394162035066  -0.5006207090232406  59.053610399745466  -0.16253824799890282  -0.47485299671078096  -0.8649254010908906  -115.18191986199311  -0.9636872251063743  0.2646204374608061  0.035818378590175635  11.413898766944973  0.0  0.0  0.0  1.0
27844314102324;11.120662662609497;1.7932796896936043;0.5037941756549935  -0.8524914372547236  -0.13946246083975838  -23.72982802743709  -0.1498686018276865  -0.24525827461954305  0.9578036233575543  -6.419064468530018  -0.8507237100036179  -0.46163484285528134  -0.2513213900559589  -14.737248645900568  0.0  0.0  0.0  1.0
27844314102355;17.81708979026515;2.295227454862117;0.65864052431223  -0.7403151266784125  -0.13463347631564374  4.174919186931991  0.7509445473454837  0.6580503046678885  0.05524566352742995  -9.130886941830019  0.04769639971526388  -0.13748930772108334  0.9893542053868163  -9.27688107394081  -0.0  -0.0  -0.0  1.0
27844314102386;12.639375851730701;1.6857439503689162;0.5303524341832552  -0.8426406142328926  -0.09318310362459527  -78.46090272441991  0.36107287699061114  0.32395852905812766  -0.8744582602687306  -80.54594666506782  0.767041506737164  0.430125175612529  0.47606686531061077  25.78557954768595  0.0  0.0  0.0  1.0
27844314102417;4.852743056092726;0.15819396201933728;-0.2931142967874559  0.6525626572345747  0.6987460106517571  -29.662314993848547  0.04749988638745957  -0.7200046320412907  0.6923417441063783  17.329590791780923  0.9548967325381171  0.23612561957999115  0.18004699932515342  8.564354286846157  -0.0  0.0  -0.0  1.0
27844314102448;8.862723016525484;0.12405228206152945;0.21610006242628466  0.688361217659564  0.6924302109538544  -13.93378763730561  -0.9189376230237901  -0.09625257818113407  0.38247756298228686  -30.914268554502293  0.329930913996765  -0.7189535974009222  0.6117608329842092  1.964450509022913  0.0  0.0  0.0  1.0
27844314102479;8.845892927971892;2.47250950255915;-0.25567727418507114  0.2434933739326492  0.935596124573091  38.18136325976084  -0.5251120307501896  -0.8475358120406411  0.07707400644848833  -131.56413288600677  0.8117182310547808  -0.47158670905731176  0.34455694625677147  -45.57413739153753  0.0  0.0  0.0  1.0
27844314102510;12.811880985162878;2.553403731250904;0.4470041156190423  0.6071007764995173  -0.656974860853381  -9.015311060865029  0.015854138788283716  0.728942093467183  0.6843917523282723  -3.8980779762150664  0.8943913946941356  -0.3163417006108486  0.3162150558586923  25.055103337252778  0.0  0.0  0.0  1.0
27844314102541;16.755247254223338;0.8607534216727781;0.5134988710934025  -0.4032970395895779  0.7574103295071184  -7.688532643065405  -0.7539247124571499  0.20946960015110525  0.6226716747684451  -15.020991601687129  -0.4097760819425715  -0.8907715669411657  -0.19649320140141374  -7.426977429817732  0.0  0.0  -0.0  1.0
27844314102572;6.047632241354357;1.0446376346504764;0.6374952861432661  0.7608723919533248  -0.1211320077780552  -14.316810701266913  -0.7420097026445185  0.5639978729655205  -0.3623920535438949  -7.311685570789153  -0.20741591386995414  0.3209043509421392  0.9241206827140576  1.7342105459917645  0.0  0.0  0.0  1.0
27844314102603;5.000465750138839;0.23777961975463716;0.5892752650640181  -0.7940849247719297  0.14894225133819364  -46.77799096838312  -0.24411566428220288  -0.3507306346225766  -0.9040993111319714  -88.43682143377266  0.7701702438005436  0.49640422458637967  -0.4005254565904735  26.298008907482714  -0.0  0.0  0.0  1.0
27844314102634;4.837279486815611;0.29494409033342395;0.9453409562800136  0.13452187858776707  -0.2970426578133258  8.17265975019222  -0.31210805520160895  0.10944724340071753  -0.9437212844851246  -31.108177482175957  -0.09444065998210843  0.9848477877790061  0.14545032364674104  44.71257996005058  0.0  0.0  0.0  1.0
27844314102665;12.464679441521291;5.297361527347374;0.028616429046049923  0.9951305435861639  0.09432020573853202  39.78732440391008  -0.05770475797010881  0.09584609895341803  -0.9937221373316709  -24.167610624434232  -0.9979234744689915  0.022994054390607876  0.060166540256343444  17.95745619453308  0.0  0.0  0.0  1.0
27844314102696;10.865536856965761;8.431324480703871;-0.08090580439895599  -0.9375512746417093  0.3383073428589191  -81.35219250868322  -0.6617273542235335  0.3043493711541088  0.6851922131419936  -49.588871949984195  -0.7453664598617793  -0.16843119573227233  -0.6450269551090988  -37.09505105868159  0.0  0.0  0.0  1.0
27844314102727;12.326628554608499;2.5562239490199348;-0.8327695477479246  -0.5450663093929395  0.0969412126418689  -38.85456547278311  0.5494032655714132  -0.8352287917401189  0.023428982645581818  -111.57880939366228  0.06819774280123145  0.07277076207585079  0.995014313496905  8.93859425124834  0.0  0.0  0.0  1.0
27844314102758;6.140194318079895;6.669227026741672;-0.20836399059935978  -0.3898718176724207  0.8969862948820965  -59.373155879607154  0.9077791413840737  0.26426390160807395  0.32573243740050317  -27.7954307741811  -0.3640349954187155  0.8821363591257759  0.2988544227861036  41.68116039086868  0.0  0.0  0.0  1.0
27844314102789;11.79753658561828;0.5030028124333363;-0.6375999153452754  0.7223685777817862  0.2676751497341805  -16.6235218154619  -0.590839680971497  -0.2355768281419801  -0.771629463818007  -17.92289696837129  -0.4943428156059279  -0.6501439808812222  0.5770077857210597  4.894787618804909  0.0  0.0  0.0  1.0
27844314102820;13.718009914125455;0.14808999512239704;-0.04412579905658725  -0.9989927187426192  0.00815240803970595  -17.214948342868595  0.9251550890986371  -0.04394123177355852  -0.37703743748481355  6.166458184566386  0.37701588159189015  -0.009094836416922887  0.9261621396807573  -7.990676571730566  0.0  0.0  0.0  1.0
27844314102851;14.126286162245718;0.2684782316655446;-0.688632785600271  0.03422807246116921  -0.7243019575094374  -15.32932012689333  -0.5102283980896213  -0.7326216379310344  0.4504803185691303  -17.751229289246478  -0.5152202134809051  0.6797749441475762  0.5219714139010398  -15.503071023904793  0.0  0.0  0.0  1.0
27844314102882;16.65338049572903;1.8881886086459128;0.5902283072662479  0.3183849206363322  -0.7417961900771762  27.85308580458755  0.7547084159630285  -0.5437160756418244  0.36713490158691026  -124.87170109330665  -0.28643629689024364  -0.7765332390825583  -0.5612043980794816  -82.42544453658448  0.0  0.0  0.0  1.0
27844314102913;3.6628597101339557;1.7001042140518225;-0.6941608823767399  -0.6462698239039327  -0.3169794695072968  -22.10191117152442  -0.49297968360639804  0.7477069636175196  -0.4448655168803306  -13.644676263816267  0.5245109159295767  -0.15254380114920316  -0.8376268189364936  8.307779973351003  0.0  0.0  0.0  1.0
27844314102944;9.703443455187617;0.041667618979188026;0.6133785558001477  -0.7897285203979026  0.009778105883211135  -18.380540866982457  0.7890570881222823  0.6122302162732197  -0.050626810743221215  17.301424399191326  0.03399498446108801  0.0387688838140023  0.9986697725871685  3.855581245381258  -0.0  0.0  -0.0  1.0
27844314102975;6.1736923351409825;10.848034488504402;-0.8206105331602183  -0.3082695764006336  0.4812153583711527  -61.49944302120789  -0.25898625327657676  -0.5500107328921855  -0.7939863439110016  -142.1201464784699  0.5094354458420264  -0.7761817196824303  0.37150701817134146  -58.38595814426101  0.0  0.0  0.0  1.0
27844314103006;8.779326562990162;2.5870178658588365;-0.2498808761394835  0.5714028674319479  -0.7817021880680082  37.71724419628374  -0.6166096734969788  0.5285494043371034  0.583462113358566  -23.231262416978254  0.7465601504833449  0.6278011550367201  0.2202581472836929  17.43122005740182  0.0  0.0  0.0  1.0
27844314103037;4.983612374719573;5.846565858034563;-0.039838093053784905  -0.8924464801532362  0.4493909282617266  6.303883520568419  0.9184852656272801  0.14438381926896118  0.36815503467818217  9.573039344806306  -0.39344344341648774  0.4274255406446911  0.8139469663541794  -3.7618005205822156  0.0  0.0  0.0  1.0
27844314103068;8.080951485631328;2.06008481678294;0.3459833984071135  -0.7842461008023947  0.5150277093544636  -36.78089535659266  -0.6851396395485533  0.1638414445084884  0.7097461908179943  -30.664920685885313  -0.6409985665708949  -0.5984262982503462  -0.4806316710501326  -27.467661706215186  0.0  0.0  0.0  1.0
27844314103099;5.35424278701302;0.17192973582006768;0.7284927027123355  0.6848411388492369  -0.017058623466091834  26.26614311787008  -0.6722985236868697  0.7099243852999881  -0.20981435176100333  -7.4143106847630795  -0.13157916682869059  0.1643167115545938  0.9775924207769581  12.679177848441473  0.0  0.0  0.0  1.0
