# fast_global_benchmark.py --distance_metric=euclidean --decrease_mu=True --division_factor=1.4 --iteration_number=150 --maximum_correspondence_distance=0.1 --maximum_tuple_count=1000 --tuple_scale=0.95 --tuple_test=True --use_absolute_scale=False --input_txt=/neural_comparison/point_clouds_registration_benchmark//eth/plain_global.txt --input_pcd_dir=/neural_comparison/point_clouds_registration_benchmark//eth/plain/ --input_features_dir=/neural_comparison/experiments/FPFH/features_voxelgrid_0.2_compressed//eth/plain/ --output_dir=/root/neural_registration_comparison/results/FPFH/fgr_compressed/
id;initial_error;final_error;transformation
4215528470030;7.9427285406441825;0.1606091192181608;0.6004072369011453  0.671961955070556  0.43356462126710493  -0.6646701804440313  -0.5511828437275306  0.7405408134063246  -0.3844434632815746  5.267398166095564  -0.5794036784981292  -0.008150743356055251  0.8149999648623175  11.556321979999796  0.0  -0.0  -0.0  1.0
4215528470061;8.5731783167614;0.2757312597469388;0.5948798955863459  0.7943289691398673  0.12312350958438195  -0.5185450599595195  -0.797646347139863  0.6022882777659427  -0.03176689094274322  12.324638358957676  -0.09938920827540373  -0.07931153289990027  0.9918827884520713  7.270581765145737  0.0  -0.0  -0.0  1.0
4215528470092;7.21989676751356;0.03186669599773074;0.7581651316969164  0.2337241798631794  -0.6087352797614743  -1.1298655626705376  0.31426342802593876  0.6870035793582068  0.6551828597837384  -3.6305780432470147  0.5713353926411191  -0.6880400349516703  0.4474111972440141  6.5288571048121655  -0.0  -0.0  -0.0  1.0
4215528470123;3.699125908164359;0.2706414935174195;0.8703189675649409  -0.39417744908417907  0.295244023360653  -1.769376569453213  0.28291703040260946  -0.09054062435086774  -0.9548614293447644  2.493552525692369  0.4031164206589272  0.914563575688232  0.032720290638839196  -4.2154506347832905  -0.0  0.0  -0.0  1.0
4215528470154;6.304867582126328;0.2010328176059654;-0.7747988075017523  0.2764300788504991  -0.5685712087334085  3.7999124501352393  -0.5962234122189487  -0.6185819016430169  0.5117363321884646  -3.5983314042489067  -0.21024854486025749  0.7354881660954277  0.6440906045873733  -0.09402810031600901  0.0  0.0  -0.0  1.0
4215528470185;10.45878331764484;0.8652501290190228;0.7711081980070295  0.5871046037280202  0.2463743721406791  4.23138742896706  0.2630780620734237  -0.6461690361045833  0.7164185299357939  6.975001214380069  0.5798121076883807  -0.4876205092703098  -0.6527205824216981  -5.018418102801848  -0.0  0.0  -0.0  1.0
4215528470216;5.914600834043442;1.193612255437444;0.8320992455076598  0.4584012922532108  0.31221643276126543  -6.850984816460658  0.1812874418135373  -0.7568049297643636  0.6279977402228928  -1.594439532662617  0.52416191111744  -0.465955527432546  -0.7128392086500087  -1.5897621625828264  -0.0  0.0  -0.0  1.0
4215528470247;6.661053221913973;1.7768307423652452;-0.033363603450639844  0.9543541833497948  0.29680795590336884  12.958043840510847  -0.8336426794836902  0.13723789879944162  -0.5349819081766869  18.72676585611964  -0.5512955223000111  -0.26528070388903463  0.7910116277502474  7.902815759544884  0.0  -0.0  -0.0  1.0
4215528470278;5.936222330533173;1.5349496990261837;-0.7668019718638966  0.41032223016848657  0.4936095657249765  20.140143305349618  -0.6105842540818398  -0.22906951376928147  -0.7580989556310093  14.118472146829452  -0.19799395095042968  -0.8827020025416643  0.4261872476928119  4.599581603880839  0.0  0.0  0.0  1.0
4215528470309;13.3828056546087;5.271095880853833;0.43935535148793453  0.8807830278990226  0.17660162197426846  -1.6316924647356126  -0.8972614891715331  0.42076618311510344  0.1337072892419478  17.084125521263218  0.04345912066064394  -0.2172028473841354  0.9751585655264614  7.572050403712727  -0.0  0.0  -0.0  1.0
4215528470340;6.643852363898183;0.3922894234776655;-0.99689321169768  0.06389449549889796  -0.04605885274326841  24.302190919564904  0.05279005772893698  0.9759859592574269  0.21134005095422473  0.9300534615838415  0.05845625951136715  0.2082520126608626  -0.9763267716019268  2.2251116038664662  0.0  0.0  0.0  1.0
4215528470371;8.616592423121881;0.2325567835357415;0.1979828336206547  0.8314357929484046  -0.5191505752628939  2.4707380541610315  0.40768540838457523  -0.551497503858632  -0.7277658352986897  4.4105465278009115  -0.8914008107365837  -0.06756497200440283  -0.44815127934237353  11.756932682630953  0.0  0.0  0.0  1.0
4215528470402;8.051064745866395;0.29489182673821657;-0.8681420132309875  0.23067538298365622  0.43945228699893113  18.03916609173238  -0.42151754181021867  0.12475516918482941  -0.8981977007919434  3.9311358820079265  -0.26201604303843307  -0.9650000080036307  -0.011071483345688606  10.379666088229971  0.0  0.0  0.0  1.0
4215528470433;3.035557231842426;0.29044192956137865;0.8671536786575174  0.25838557187502614  -0.4257715277441052  1.0584475130428468  -0.0225762117360706  -0.8336211156910625  -0.5518751218687381  11.240219478995645  -0.497528704955183  0.48817285024958407  -0.717044249697894  2.569015061096491  -0.0  -0.0  0.0  1.0
4215528470464;11.371431429449434;1.6337681793969039;0.8450188222084807  -0.21662747971326468  0.48889234515020763  -6.775180036989608  0.054976817445378245  -0.8742279677062466  -0.48239300370525995  8.713251839398499  0.5319029419517893  0.43450891304239625  -0.7268295982069978  -4.878082963331822  -0.0  0.0  0.0  1.0
4215528470495;6.926527848736154;0.6415261250983597;-0.8213342501466078  0.5217270911762447  -0.230674861805279  11.141853014026283  -0.5577431757534197  -0.8193230461907559  0.13278665550871863  13.878087484841405  -0.11971883492834678  0.2377195581214866  0.9639278044801515  2.1274269243033013  0.0  0.0  0.0  1.0
4215528470526;13.514784535064075;0.665025715561109;-0.9849357595716361  0.1529552936065464  0.08066119063576332  21.760369216351986  -0.16888892908859546  -0.9510428050798341  -0.2588322092344574  15.407573924320523  0.03712248844502816  -0.26855588070943004  0.9625485233420863  -8.04690193868975  0.0  0.0  -0.0  1.0
4215528470557;10.446360986706342;1.2309561970726715;-0.11039918666819254  0.1176274759112523  -0.9869021210301195  -1.8099695582910793  -0.9809093579856908  -0.1728379048036593  0.08912850318041916  14.665997027802089  -0.16009013398427274  0.977901240194443  0.13446305599334213  -2.5453057980662575  0.0  0.0  -0.0  1.0
4215528470588;3.580277951137834;0.13517504238323608;0.5305171085832134  -0.5450226064242106  0.6492318199126312  5.487351100384689  0.7032782704951318  0.7105790616693112  0.021841963431344997  -2.2347177707753785  -0.47323490123815093  0.44500309617318534  0.7602769052433443  3.505196576461381  0.0  0.0  0.0  1.0
4215528470619;3.9070449392142814;1.6869693365008704;0.849128815636622  0.01464997209762873  0.5279826065062047  2.065370353985939  0.4778537911192105  0.40456138473332554  -0.7797344678130184  -1.2387582882505592  -0.2250244626002806  0.9143934953291131  0.33652418476427837  0.7542561427878899  0.0  0.0  0.0  1.0
4215528470650;5.1845358049870764;1.3635183708357357;0.7571283382038103  0.6108807403900001  -0.2314765657886389  2.5288230931904097  -0.5493571374061855  0.4036460190299408  -0.731626015736293  15.007210800087593  -0.35350164790226596  0.6810980930393549  0.641203534447944  1.7649309777405893  0.0  0.0  0.0  1.0
4215528470681;3.380804448922173;0.5483393834606837;0.5026924931969696  0.5191900398888241  -0.6911888018216557  -0.1385230610908512  -0.5474968567726363  -0.4275463486134791  -0.7193408869314774  3.774506425117192  -0.6689898722009904  0.7400309603439049  0.06933057496502025  -0.4926709681737924  -0.0  -0.0  -0.0  1.0
4215528470712;10.187008660188404;0.5984116011661745;0.1123893456462797  -0.8526926334312144  0.5101802699804658  12.723355674537354  -0.39432771403024663  -0.5095469521332001  -0.7647663417799232  18.24135971945851  0.9120714275389187  -0.11522663087978671  -0.39350798543766846  -8.582457299038238  0.0  0.0  0.0  1.0
4215528470743;11.416465271917176;0.4486399515963509;-0.4581190756234834  -0.48933347053930437  0.742077938736791  20.185274926528507  -0.8878447126113259  0.29238792634658173  -0.3553041891321526  11.00595722171265  -0.04311239772960618  -0.8216216009433451  -0.5684006210634345  10.261223285784414  0.0  0.0  -0.0  1.0
4215528470774;8.6384432610346;1.1860499427650883;-0.3751962987601844  -0.9268870812802142  -0.010395958469660264  19.763971004695442  0.9269449418508959  -0.37516162023876903  -0.005180103943127504  -2.840544955270105  0.0009012068011608824  -0.0115800369457979  0.9999325430100956  -5.605673280049688  0.0  0.0  0.0  1.0
4215528470805;4.364926864890053;0.24825219908328397;-0.9736029730737853  -0.17735503549614626  0.14367477929702296  35.25417099957537  0.14902239255032712  -0.9707146202156617  -0.18842890600473275  -0.5901628041892477  0.17288602413284745  -0.1620441837392662  0.9715205119686413  -4.588344577527362  -0.0  0.0  -0.0  1.0
4215528470836;7.998596834151955;0.11199171371762631;0.6066152052667441  -0.4801294310552556  -0.6336353227004807  3.436027948758241  0.7932562164148586  0.41825210604306495  0.4425039558125148  2.032558130491486  0.052560135638789904  -0.7710647866587467  0.634583743028872  8.077619181055125  -0.0  -0.0  -0.0  1.0
4215528470867;4.496746515697113;1.5647457002369813;0.5363378595926696  0.6969095454672675  -0.47608695193647477  6.4340814777931055  -0.8216479010205793  0.560101960027745  -0.10573798334351994  16.154891109263364  0.1929674250126964  0.447887128425999  0.8730181516293245  -1.4620230878079756  -0.0  0.0  -0.0  1.0
4215528470898;3.0735426127890535;0.08118998726861851;-0.7892294463527442  0.2631509604006367  0.5548589487878545  6.322789694675955  0.5444254852591743  0.7178413451159359  0.4339408879587832  -2.95464282171414  -0.2841087327240289  0.6445582791977519  -0.7098076166874937  1.891736393483823  0.0  0.0  0.0  1.0
4215528470929;7.751781789465057;0.5150164243329061;0.5437256239240887  0.8391944446068678  -0.010729866230821266  -0.32206767672463543  0.6179353873050466  -0.40895457482117514  -0.6714998234169491  -5.616263137443297  -0.5679069492483094  0.3584812964072229  -0.7409270255036425  -2.524661204651239  0.0  0.0  0.0  1.0
4215528470960;7.051327912203398;0.25203814831321064;-0.49710437218261677  0.05437442348572724  -0.8659853724096732  19.119855023414623  -0.15477955097393523  0.9764707746010678  0.15016030417622753  -0.4396512458222891  0.8537742873600924  0.2086821708258399  -0.4769918425111492  -4.37182912151176  0.0  0.0  0.0  1.0
4215528470991;7.811575106800094;0.5219293491332301;-0.8940132331367743  0.1424838965578306  -0.42478074132195365  16.981170316985633  -0.349406719178011  -0.815184385181337  0.4619408649922443  9.950125060212075  -0.28045549302801986  0.561402491425023  0.778570458630552  -1.56806278791747  0.0  0.0  0.0  1.0
4215528471022;6.397326685010671;0.5017262752033473;-0.2588670307464786  -0.5683430845094156  -0.7810083217756548  26.115537520684022  0.9490936805732082  0.0005690718046648944  -0.31499343112719264  -12.393756301555095  0.179468788062164  -0.8227914768929027  0.5392635159770169  4.041730882491925  -0.0  0.0  -0.0  1.0
4215528471053;4.989390319330123;6.129434506474973;0.596877417754784  0.3186240781182936  0.7363532067001876  0.6720010756156257  0.39843122185105223  0.678897811364312  -0.6167254844572463  -4.301027470132124  -0.6964121693570988  0.6614956224859052  0.27826899181066866  9.663388464038842  -0.0  -0.0  -0.0  1.0
4215528471084;7.283065117516562;0.4666582166382551;0.6304364664630973  0.3546694396404988  -0.6904776972057947  2.697523592758672  -0.583304407989483  0.8033501752541997  -0.11993524727570352  1.3957891579400965  0.5121580121149731  0.47837023789544075  0.713341493341231  5.513822331070989  -0.0  0.0  -0.0  1.0
4215528471115;13.751336068378958;1.4654973956541042;-0.10997464459067785  -0.9688392762125146  -0.22193700551093937  13.236885468867483  0.8731724838987829  -0.2008488391152053  0.4441053446966208  -5.805572428054562  -0.474842490631561  -0.1449489589272136  0.8680520770073255  12.75703157046091  0.0  0.0  0.0  1.0
4215528471146;11.525962444638278;0.38874998177042325;-0.7081667468376226  -0.6941289857261338  -0.12916969400067857  29.35819241765746  0.34057054634273914  -0.496085979580123  0.7986929346299733  -7.4663564790129  -0.618475190801722  0.5216163839823664  0.5877114822120907  6.89579967848729  0.0  0.0  -0.0  1.0
4215528471177;6.697705102568167;1.1915215036615545;-0.24930490471973762  0.10547440885158114  -0.9626641229214338  19.549218919072626  -0.010342235913405258  0.9937045855919572  0.11155373023718877  2.192088462165834  0.9683698170838434  0.03776699155253851  -0.24664458581139903  -15.773678048707135  0.0  0.0  0.0  1.0
4215528471208;6.121585792418238;0.2170566909956505;-0.015244503355951587  0.7087196493589651  -0.7053255019704983  15.055283093806358  -0.9957145469902406  -0.07511138311864697  -0.05395202533757765  18.449045138876805  -0.09121483448131214  0.701480390843899  0.7068275003365656  3.4643020463883305  -0.0  -0.0  -0.0  1.0
4215528471239;7.5967337800512365;0.2649421999759187;-0.5537143018033218  -0.09306407399323066  -0.8274899093706473  8.401309573064761  -0.1437999478942447  0.9894921769295553  -0.015060105604619504  -4.77200641014307  0.8201963465927362  0.11065400999056627  -0.5612785788794499  -8.2851696987154  -0.0  0.0  0.0  1.0
4215528471270;4.659737430181631;0.8286668465550268;-0.782373595791595  -0.281711862006249  0.5554547537046575  29.578511448034767  0.616520669529507  -0.4767326603476504  0.6266005383023067  -12.620269488297074  0.0882826180571095  0.8326850529238671  0.5466642314859811  -0.13069777339965943  -0.0  0.0  -0.0  1.0
4215528471301;12.269791784026703;1.0620158979878584;-0.7297628081726807  -0.6591681700170441  0.18150362928687075  22.935720799661443  0.6444063936675458  -0.7518433489871698  -0.13954203088727063  -10.898927684901459  0.22844396163679087  0.015129514867909756  0.9734394969239487  -0.7456079521318985  0.0  0.0  0.0  1.0
4215528471332;10.27674754914434;1.9754327679786603;0.6571975841575574  -0.749624706922964  -0.07844828964438674  9.181979492588257  0.6798594500173678  0.5446431615956437  0.491075304560496  -11.223265669940394  -0.3253958567645773  -0.37606731484903116  0.8675776109966665  10.961296444016853  -0.0  0.0  -0.0  1.0
4215528471363;7.251183878607266;2.391736611654929;0.49582373907289456  -0.7393509306532062  -0.4555425568638036  7.232352715836729  0.4470747844671514  0.667027136308942  -0.5959856848290446  -6.487955132408904  0.7445018179060582  0.09184226026035636  0.6612730467551544  -8.578995971445375  0.0  0.0  0.0  1.0
4215528471394;7.752494131188369;2.2029438659744836;-0.6338253950326543  0.07082742475314223  0.770226489102093  16.492303633574  0.7734360771000045  0.06817408046540581  0.6301975320428115  -6.64889258351841  -0.007874214364254898  0.9951561539052727  -0.09799094903413982  -3.638360679147412  0.0  0.0  0.0  1.0
4215528471425;6.845520635125362;0.04905132525666487;0.523365550157887  0.8520412988220877  -0.010682977557909121  2.7108354534817876  -0.6549584552933059  0.3942245009614201  -0.6446832281683198  9.56229109399566  -0.545085243560803  0.34440189886713635  0.7643751757540085  -0.9829050241146332  0.0  0.0  0.0  1.0
4215528471456;8.696136189115853;0.3776375704927054;-0.3796040023625507  -0.9116442978264736  -0.15749754166592123  23.594408816413814  0.7661461215615776  -0.40519868558375105  0.4988327832223475  -12.70551692747745  -0.518575859259265  0.06869279031802547  0.8522677858231175  6.650715872276813  0.0  0.0  -0.0  1.0
4215528471487;4.397592397978111;0.19305899531126225;-0.16412210404162475  0.9808395991385187  0.10496483090416078  19.40856025750555  -0.9559587146234235  -0.13190014786268392  -0.26219322441538245  18.278728316330223  -0.24332462041577896  -0.14337374848831724  0.9592898922348378  3.3242999409924043  0.0  0.0  0.0  1.0
4215528471518;4.316883413942118;0.835054614080292;-0.015799703991598232  0.102759099784669  0.9945807844339352  11.906032591102747  -0.9324225191351427  0.3576433595832243  -0.05176362772931901  17.796467570690545  -0.3610243969089242  -0.9281873705009507  0.09016423946930491  9.175765021397313  0.0  0.0  0.0  1.0
4215528471549;1.9026528424683027;0.12153953306189355;0.6423457207036852  -0.7451564860078458  0.17925899267290155  1.8720441521113647  0.617057238920108  0.6415455677786206  0.4556968821046515  -0.10902401125058923  -0.4545682995875934  -0.18210188308759384  0.8718982539184245  0.35637485201790153  0.0  -0.0  -0.0  1.0
4215528471580;8.32112714146523;1.0181372152939412;-0.4369774853593994  0.8823261391349808  0.17478919156553951  17.66168240921414  -0.8957554659866479  -0.44452413013465647  0.004521380659675966  18.218422222907833  0.0816873456786226  -0.15459263218920136  0.9845954984808707  -3.6778354583466597  0.0  0.0  0.0  1.0
4215528471611;14.49435390175508;0.9720002692130247;0.20071874522984912  -0.03603064504115464  0.9789860969039716  19.334539084301635  -0.7890967103945946  0.5862630390138912  0.18336311169541628  13.658139638089162  -0.5805500555144096  -0.8093191222899123  0.08924231809013564  18.265842282547748  0.0  -0.0  -0.0  1.0
4215528471642;10.551955767567739;0.3962598864137167;0.6919712926361586  0.3549652207298644  0.6286297974481022  0.17276217563638901  -0.3385746357448893  0.928634058788635  -0.15167729193244636  -1.2260949769042342  -0.6376072036902173  -0.10788177292732773  0.7627703303566534  12.950074237993931  0.0  -0.0  -0.0  1.0
4215528471673;5.301269378770812;0.3118516183357628;-0.9358530716747618  -0.14176671675400004  0.32261622131831136  30.874111026257044  0.25131221454810876  -0.9102702302937166  0.3290141010047276  -3.0760854874952845  0.24702469321069861  0.3889862540782319  0.8875068986111283  -6.52349511952854  0.0  0.0  0.0  1.0
4215528471704;14.231622672185328;0.5518162034907641;0.014719144099689633  -0.9252984661484298  0.37895394883855815  9.984022695210497  -0.2836893431682354  -0.3672855932965427  -0.8857887160771363  5.468415254001355  0.9588032662489986  -0.09446714508320153  -0.26790344366969615  -13.563859343267863  0.0  0.0  0.0  1.0
4215528471735;9.260585039119485;0.14988969096944033;0.8076402965996486  -0.1625556490981345  -0.566826968531595  8.017483552821332  0.5713421509168851  0.4535485922019908  0.6840042551748188  -5.518986567110274  0.14589481791379813  -0.8762815389233513  0.4591790137277874  -2.674252894151175  -0.0  -0.0  -0.0  1.0
4215528471766;10.023762998931376;0.0965657125457774;0.24125044400798457  -0.9429956327174988  0.22925413833053282  -0.5078291207282826  0.9627464707663165  0.2622891219570846  0.06575446395480376  2.491088396600323  -0.12213703898880365  0.20485031896168984  0.9711430844774317  -2.43073409572885  0.0  0.0  0.0  1.0
4215528471797;16.49642327605817;2.28932135882142;-0.4467721477573803  0.8810558581825675  -0.15535515038271624  25.04613940577443  -0.8904971723682332  -0.4546509136822856  -0.017530906766174744  10.42049807577696  -0.08607806917234134  0.13051100126059212  0.9877031155957333  -4.729150107917521  -0.0  -0.0  -0.0  1.0
4215528471828;6.120378490255965;0.11866143025336849;0.9910020542734677  0.10924673028722717  0.07733097922124531  -1.4146102501298348  0.0068580416369637175  0.5355544922891295  -0.8444728255271682  1.1012341915597341  -0.13367084832031484  0.8374046439508693  0.5299863834089004  1.5418288926391062  -0.0  -0.0  -0.0  1.0
4215528471859;3.3560635566366703;0.3748914331575764;-0.4803724147151383  -0.7968539748468074  0.36642336982183493  5.231673693837867  -0.8100741134392464  0.24296437354668438  -0.5336180693367555  2.4351415337114886  0.33618785509944654  -0.5531654869547715  -0.7622241600249382  2.0493870964909364  0.0  0.0  0.0  1.0
4215528471890;6.397138347400414;0.10666557050265817;0.6389351988694192  0.5094325926883579  -0.5764028497088771  3.519663324745673  -0.7391588944979121  0.614125251047356  -0.27657603784609747  6.687594187028067  0.21308669674646416  0.6027674589199713  0.7689378714414061  -6.8190229789846795  0.0  0.0  0.0  1.0
4215528471921;4.826841366204702;0.49794726228289826;0.40025782823538225  -0.009370724710557323  0.9163546586637156  -0.798836806803715  -0.6809804695859166  -0.6721847275459113  0.2905740733385754  6.765986909111169  0.613236716920015  -0.7403241733000666  -0.27542847973427476  -2.3934069653585532  0.0  0.0  0.0  1.0
4215528471952;10.627445185868936;0.7289070226317031;0.6564385700088381  -0.5225198259974536  0.5441152775325667  3.81590825063168  0.7466294581914683  0.5531328074320164  -0.36957888130017497  -3.8429212114077904  -0.10785571827893947  0.6488583272039936  0.7532264037144272  -4.976168562602086  0.0  0.0  0.0  1.0
4215528471983;2.5890048286559675;0.5479836874786227;0.4938736595576122  -0.7575605188741151  -0.42683822302876295  6.398671160291831  0.1272890246580728  -0.4226065789800829  0.8973300304817327  3.7013322788673757  -0.8601664447051902  -0.49749948708107294  -0.11228511814706689  7.916167726663079  -0.0  0.0  -0.0  1.0
4215528472014;9.471090222260203;0.4682749499954196;0.48253711439838987  0.8665141052201907  0.12771545984150603  -1.8554654589444242  -0.8478150610015789  0.49869892633120594  -0.18030253246971564  6.641064780841077  -0.2199262502907856  -0.02127642663971249  0.9752844498414189  -7.624271049673877  0.0  0.0  0.0  1.0
4215528472045;3.9958979372442767;0.4208622274191832;-0.7059760135759463  0.6910404546906687  0.15511595094100628  6.988955956874112  -0.6124195657836321  -0.7056496665600821  0.3563717490613336  7.949095443423784  0.35572481456992333  0.15659386343200093  0.9213784337798636  -0.12319436394825854  0.0  0.0  0.0  1.0
4215528472076;8.69484171943448;0.16235399129603087;0.010140233942950511  0.5200332136971055  0.8540858459823832  3.8915572578579516  -0.9874722416341948  0.1397116039395061  -0.07334330048877795  3.6182663332931915  -0.15746665570056062  -0.842642346655158  0.5149350716022069  -6.003210068884004  0.0  0.0  0.0  1.0
4215528472107;10.315265354533507;2.265468885745118;-0.5425969264540499  0.21328070846479288  -0.8124653314445939  19.151798442259768  0.5131773472284168  -0.6815720484298596  -0.5216402525598759  7.547016901101003  -0.6650094628606593  -0.6999792012594974  0.2603680704500732  17.55009886900175  0.0  0.0  -0.0  1.0
4215528472138;6.670306263270432;0.322397527107386;0.41607844194972676  -0.8876174985145423  0.1975193825311193  5.813603716202845  0.19838534118470683  -0.12337496324041121  -0.9723280695570069  -3.6788468849302234  0.8874243553947099  0.4437496983392934  0.12475663780364818  -3.5535389306178033  -0.0  0.0  -0.0  1.0
4215528472169;13.267182160692693;1.1619162908235012;0.6066974662056948  0.5542711215739001  0.5698260333547405  2.706418774524685  0.6167243900310659  -0.7804724263203852  0.10253691283814839  -1.8821290744883457  0.5015667565144218  0.2892167276330664  -0.8153431628564897  3.527344165664511  0.0  0.0  0.0  1.0
4215528472200;8.200847505154186;0.2708799911834111;-0.02028738943197574  -0.9484410242857378  0.31630372315522554  11.898810697959826  0.24882632539474547  0.3016245403909302  0.9203847545589335  -1.6380044493662278  -0.9683356244714862  0.09737689708438188  0.2298779204134969  -1.0476475026346888  0.0  0.0  0.0  1.0
4215528472231;10.278644612899345;0.20973127088594987;0.6789888623261571  -0.6105208117161163  -0.4077235133010167  2.616498292590102  -0.5798904590638334  -0.10542111860822212  -0.8078449376199184  15.986225163668925  0.4502234782013989  0.784952690429739  -0.4256149591630306  -0.12354752595285756  -0.0  0.0  0.0  1.0
4215528472262;4.061839555975304;1.0036477632497594;-0.5308314345714574  0.8457550278128333  0.0540038980085909  19.525018133055  -0.7897801923323756  -0.47057615903880967  -0.3934530802315754  17.570432095317305  -0.30735197391629454  -0.2515084719718088  0.9177571861097922  3.846013556057342  0.0  0.0  0.0  1.0
4215528472293;4.76530520571006;1.039972916119757;0.9153451168236101  0.26365185110859585  0.304353443407795  -3.3314134921245575  -0.13465447516643886  -0.5119059358854282  0.8484223506738351  5.980226742976688  0.37948845756468275  -0.8175818088804786  -0.4330686970480585  2.8629544109101412  -0.0  0.0  -0.0  1.0
4215528472324;7.620481991712362;0.300400219078334;0.2230110483792292  0.9372326692331735  -0.2680690135447509  2.9234676276753246  -0.9520797719574959  0.26845795411273127  0.1465415801162564  8.220858129609162  0.20930881522324785  0.22254269387168218  0.9521893557870595  -8.878802794907033  0.0  0.0  0.0  1.0
4215528472355;4.274579483987271;1.0968249381500708;0.24556019625407444  0.3871352660521577  0.8887218213785376  2.677801515903007  0.9671498334090203  -0.03567090559529575  -0.25169184776411996  -3.5812149112785785  -0.06573727825644834  0.9213326610257215  -0.3831771626476424  0.9552232594066035  -0.0  -0.0  0.0  1.0
4215528472386;6.98607721477994;0.2772009908968879;0.4950102761495442  -0.8419032893957196  0.21485734293018957  5.3459663338568975  0.8598397464318731  0.43905151816277954  -0.26059427249064904  -5.767862929689391  0.12506173260564096  0.3137397260527058  0.9412369241238085  4.323693273743635  0.0  0.0  0.0  1.0
4215528472417;3.9350110134314358;0.21484048541241402;-0.6728464656824968  -0.5227807297758639  -0.523429023071503  1.187212607596646  0.4060138552500344  -0.8524180962950003  0.32944823334449663  1.8888568837724977  -0.6184095592433676  0.009148643824166816  0.7858027229226178  3.8050386569259986  0.0  0.0  -0.0  1.0
4215528472448;8.44720383204338;0.33254335431406595;0.46137223300855235  -0.6800054154511704  -0.5698493639250504  6.901318249495325  0.8551884025283869  0.5118547031679638  0.081593866349017  -4.414616351319286  0.23619580603737841  -0.5249737115341291  0.8176882923268705  -7.130856507302245  -0.0  -0.0  -0.0  1.0
4215528472479;4.6646235313045;0.5466669432826944;-0.8793230204444686  0.40917376835541824  0.2436551928571297  6.294301848113585  0.4741400498214212  0.8000393825349915  0.3675978775079783  2.003192971416359  -0.04452234126546923  0.4387639612398185  -0.897498717238852  -0.6853718016472712  0.0  0.0  0.0  1.0
4215528472510;4.403148072732226;0.26628573863527955;-0.9970078987077902  0.07636921792941306  0.011957945773625864  9.25728232089756  -0.07583751030243231  -0.9963200183184403  0.03993861701502012  5.198579072266033  0.01496402169884906  0.03891225579163746  0.9991305792556867  -3.7129607040861914  0.0  0.0  0.0  1.0
4215528472541;10.318454924319978;0.9249871445808049;-0.40332097206401485  0.896251655884729  -0.18456750206149275  15.212963162536434  -0.9112914325388145  -0.41168869600852404  -0.0077680473836845895  19.876809343770464  -0.08294647957986512  0.1650617669319016  0.9827891404684045  6.233192125438428  0.0  0.0  0.0  1.0
4215528472572;7.24244761931414;0.4164122450517208;0.9208307696268969  0.34980749664748373  -0.17235257177529198  4.5111500737971495  0.08221451555988223  0.25789287551715967  0.9626692257409835  2.2102328199488053  0.3811974122939334  -0.9006253272292035  0.20871644116767146  5.339592101056032  -0.0  -0.0  -0.0  1.0
4215528472603;5.1560174420135;0.1593005210483069;-0.23603950436552892  0.9496472921890291  0.20604701603498643  3.882490981759432  -0.9403983273495454  -0.2766521033720486  0.19777411260829583  12.683401945044732  0.24481899088317016  -0.1470837657182712  0.9583475505082067  -5.515115090664663  0.0  0.0  -0.0  1.0
4215528472634;2.054122432201142;0.3912923330288704;-0.8278348945693845  -0.03692087545185746  -0.5597555147465404  1.3666680904367503  -0.5589689734066775  -0.029953643022828644  0.8286473713458261  0.9371407656410319  -0.04736110325974586  0.998869174729869  0.004159047065171731  -0.6823665109641041  0.0  0.0  -0.0  1.0
4215528472665;3.1616134532515607;0.16945214148845048;-0.08634208099216659  -0.803132027681047  0.5895116548151302  0.22665808598029066  0.008248244591490407  0.591124866131269  0.806537884480605  0.4861700760995416  -0.9962314045999066  0.07450059566352463  -0.044414521664416694  3.834631828876353  -0.0  -0.0  -0.0  1.0
4215528472696;6.874583370600295;1.2808074340088582;0.010623426756425261  -0.9991384608728966  0.04011831014003066  20.362899440685837  0.9998748147792959  0.011084621222941043  0.011290967293114941  -13.434724975443519  -0.011725935955015842  0.03999333915647389  0.999131140165842  0.6056185071562762  -0.0  -0.0  -0.0  1.0
4215528472727;10.234961895922138;0.5890406471697343;0.8587823027102739  0.39096998703605573  -0.3311124065761764  1.8423154396582762  0.05524901182553347  -0.7131749805737382  -0.6988054047987545  8.220980603696866  -0.5093530241825831  0.5818280814129511  -0.6340627574896524  7.8662011173553985  -0.0  -0.0  0.0  1.0
4215528472758;6.7270965623001775;0.35959114696065647;-0.5825043093042678  -0.812352798324529  -0.027778781403544464  9.875805774779394  0.7981323451597837  -0.578108134051473  0.16963415031551676  -1.361982475234338  -0.1538619161836408  0.0766414796166643  0.9851155233527015  -5.3439631136570425  0.0  0.0  0.0  1.0
4215528472789;6.2551636084248825;1.0267396890879765;-0.4814474703579996  0.8512414683963063  -0.2087972599637829  1.1265179195114619  0.2849671928702706  0.3773069996672186  0.8811544285707015  3.215427393068947  0.8288558573561036  0.3647292015792297  -0.4242293922418111  -5.960587820719913  0.0  -0.0  0.0  1.0
4215528472820;11.132084316276776;1.4111993344405347;-0.0849292407837501  0.9963092075873529  0.012449374946557344  23.701665324505136  -0.9578820480595198  -0.0850806827526711  0.2742685899399356  19.172089176106624  0.27431552282945487  0.011368390343559243  0.961572542055876  -0.7245345602121201  -0.0  0.0  -0.0  1.0
4215528472851;7.769777714220737;0.2907986770011109;-0.03770046040998594  -0.9433462239703839  -0.3296613065036472  3.7224109963098146  0.9984401954198199  -0.049154666885042844  0.026476308153765955  1.334978055702799  -0.04118071702760616  -0.32814893028050063  0.9437279417824062  7.20703728277064  -0.0  0.0  -0.0  1.0
4215528472882;7.042666088122157;0.8810851300111211;0.8358059023771258  0.4304821247675343  0.34075450665719453  2.817816868852962  -0.45033391015066443  0.18251663203229418  0.8740063205721124  7.423363405578452  0.31405073303523995  -0.8839529508334797  0.34640917683111516  -2.820726945218256  0.0  0.0  0.0  1.0
4215528472913;11.695730771155905;1.5885604243709943;-0.009537469060034562  0.5513303804707695  -0.8342324905288006  2.772401494424085  0.770161353636331  -0.528053261800428  -0.3577865873212457  4.332199970804022  -0.6377778030387884  -0.6459060026597413  -0.41957706047772875  15.038900234126928  0.0  -0.0  0.0  1.0
4215528472944;6.966974866703557;0.2842263289318592;0.6900665692062534  -0.46687062082286834  -0.5530279861601773  7.415458158312847  0.36464860506311236  0.8843255050338281  -0.2915472448372498  -0.1686359841087519  0.625171596355303  -0.0004738767077945294  0.7804871879482886  -8.224237060593095  -0.0  0.0  -0.0  1.0
4215528472975;4.140007954611918;1.6444053098796334;-0.7988295516498151  0.5536925923244774  -0.23515071893566142  15.199780082883935  0.4818813888281607  0.3550008416604645  -0.8011021966774312  -0.1946648382647484  -0.360085648855937  -0.7532588636221699  -0.5503993185521179  11.9842336185794  0.0  0.0  0.0  1.0
4215528473006;2.4517018405060282;0.14527527617295527;0.08967002254877557  -0.9840359575586511  0.15372872629320036  8.689029572896006  0.9434668214773488  0.034471295007698334  -0.32966966283223686  -2.38436242136074  0.31910757406794693  0.17459943886542106  0.9314963188979067  -1.973083884932095  -0.0  0.0  -0.0  1.0
4215528473037;9.53731782294903;1.678857099003956;-0.8101264624017485  -0.070488062500136  0.582002188966163  22.926079904804187  -0.10403493090654894  0.9942744584336674  -0.02439332813917765  3.2120790375030834  -0.5769504728030797  -0.08031023814815191  -0.8128212703792203  18.69329009265549  0.0  0.0  0.0  1.0
4215528473068;7.896574012257276;0.298324957120741;0.3862046441483848  -0.9171860836858897  -0.0980594754787083  4.334671487870146  0.8254035911682264  0.29617314392798455  0.4806145862355907  -5.7788596838223505  -0.411770426967278  -0.26655422845783805  0.8714321309008703  -3.836853477619142  0.0  0.0  0.0  1.0
4215528473099;4.933808374600305;0.06736219940579166;0.3978144263254077  0.6898004454624772  0.6049124132030653  2.9533445132791716  -0.8703536918489785  0.49230447074358386  0.010989047762815243  1.7920094868677745  -0.2902208353861608  -0.530859353808189  0.7962161849536291  5.575261396000762  0.0  -0.0  -0.0  1.0
