# registration_from_features.py TEASER TEASER_config.json euclidean --input_txt=/neural_comparison/point_clouds_registration_benchmark//planetary/box_met_global.txt --input_pcd_dir=/neural_comparison/point_clouds_registration_benchmark//planetary/box_met/ --input_features_dir=/neural_comparison/experiments/FPFH/features_voxelgrid_0.2_compressed//planetary/box_met/ --output_dir=/root/neural_registration_comparison/results/FPFH/test_1_teaser/
id;initial_error;final_error;transformation
7680147070030;7.545142564026325;0.3875788095681615;-0.9120204373294577  0.20394551589411344  0.35584399452578724  -136.0039444451933  0.4012718472506511  0.2642035123834349  0.8770275985670614  37.254479849736654  0.08485061282886996  0.9426572710115481  -0.32279659680923706  3.1402107393372085  0.0  0.0  0.0  1.0
7680147070061;10.640927348979892;9.425261772737842;0.19872295523301328  -0.9722923677327204  0.12311270735451461  -53.96715690054591  0.9770439253301445  0.20638350711731557  0.052830066869362535  129.9718292459779  -0.07677470311842288  0.10978797583823884  0.9909854919838238  2.1619041691062377  0.0  0.0  0.0  1.0
7680147070092;9.025949398967478;5.705579213708056;-0.5145295458726166  0.8032990156589055  0.29995005895240673  -139.39134841355977  -0.39291018825402924  0.09005055169325456  -0.9151570805637267  -54.84765209267727  -0.762155450279208  -0.5887287911943614  0.269290697998508  -53.331250102629284  0.0  0.0  0.0  1.0
7680147070123;4.786994751420969;10.925060909520019;-0.8770264417808893  -0.35244295640921564  0.3265096980101566  -9.50311028506151  0.35362273014054985  -0.013491421900244188  0.9352908351219171  40.77627264371802  -0.3252315869424363  0.9357360439849698  0.13646417420796944  -41.206098832085  0.0  0.0  0.0  1.0
7680147070154;3.758201806177061;0.261807471229034;0.7961141705895753  0.06992584952680701  0.6010928405449755  -12.614337405032769  0.1947075638578189  0.9108824953865327  -0.3638434336015379  16.14691965584515  -0.5729670077439242  0.4066982360010403  0.711551370507159  -30.22552082046254  0.0  0.0  0.0  1.0
7680147070185;16.67684111957192;18.06785300971314;0.28877054606375135  -0.9387567905033791  0.1880086700390103  -64.73778943384767  0.9304395864156049  0.32144759886191043  0.1759364010563783  108.07283359438121  -0.22559642673766206  0.12412545858810316  0.9662810785550405  -14.648876299518351  0.0  0.0  0.0  1.0
7680147070216;7.156480741338333;0.18627104961638746;0.6342676890746569  -0.6411733942421377  -0.4319735838126111  -30.204532606365543  0.48505376140821943  -0.10506355653343913  0.8681500432714863  46.84659114454469  -0.6020193909996859  -0.7601699333731645  0.244365147383595  -33.476958834813246  0.0  0.0  0.0  1.0
7680147070247;4.543534343953617;0.104813910579518;-0.6218737514688899  0.2150541309118388  0.7530104634145286  -143.6728742434337  -0.5211265538894663  0.6041021310131568  -0.6028994361721133  -54.688363586287885  -0.5845512398971529  -0.7673410819727539  -0.26360484034172194  -50.542638316984686  0.0  0.0  0.0  1.0
7680147070278;7.860981056932645;0.4259555479603648;0.2682930564802598  -0.6755423876064466  0.6867760321905981  -39.48345907825512  0.7867758697727435  -0.2577180188296907  -0.560861082188666  92.23124312571439  0.5558799929731435  0.6908139440670549  0.462356494595563  16.144424855517656  0.0  0.0  0.0  1.0
7680147070309;12.215977712507863;0.2527050547889697;-0.6769599009968783  -0.7339847943035339  -0.05469565040745594  -111.89408145552528  0.7359167362719825  -0.6737493020177343  -0.06699578572872036  49.57601205056676  0.012322731721869054  -0.08560490501025098  0.9962529550877606  -2.6338115109107485  0.0  0.0  0.0  1.0
7680147070340;9.621420397831704;1.086690897309165;-0.9629460017412605  0.2392891730158654  -0.12440132397970782  -2.954300373496732  -0.07199191250143488  -0.672598605728644  -0.7364973048873099  50.960088501709805  -0.25990798807444676  -0.7002512458034392  0.664903023369443  26.337826111389198  0.0  0.0  0.0  1.0
7680147070371;4.530868242072095;7.032109947607255;0.5824088513745883  0.47359117553522023  -0.6606900395009001  -3.7289851399393914  -0.08999500103477584  -0.7701999655693096  -0.6314213433403912  -18.377291607797446  -0.807899021926183  0.4272041800968265  -0.4059504389436166  -31.613843154864853  0.0  0.0  0.0  1.0
7680147070402;11.153677535127484;0.20291689181963418;-0.7009957436284558  0.5094953743005238  -0.4990184675752574  -54.3351227230498  -0.43590406608919896  -0.8599030193053777  -0.2656208624268767  17.100693110833927  -0.5644400876813161  0.03132508508949556  0.824879461777564  -2.997030392838864  0.0  0.0  0.0  1.0
7680147070433;6.5184452478862145;11.262442781068886;0.5924914828183165  0.016672266110015977  -0.8054041707928438  -7.364862526408642  0.8054948431165035  -0.026514552606224012  0.5920093210523049  5.159502092182475  -0.011484794315565178  -0.9995093866707049  -0.02913907096460985  -8.152310570634834  0.0  0.0  0.0  1.0
7680147070464;13.779157687380561;14.245846529094294;0.8069205992512265  0.35639420226702295  0.47102263119142573  -28.005147026668304  -0.46077790442558353  0.8787426957580923  0.12447890361410056  -29.174684748722733  -0.3695441371436019  -0.3174814124358352  0.8732941563187845  -0.7795066394541811  0.0  0.0  0.0  1.0
7680147070495;6.966857954116943;11.227767424183929;-0.4259260090138447  -0.900484267539522  -0.08783574875498308  -108.16393387361008  -0.9020207455003294  0.43017758133482953  -0.03613617583454662  -38.71350241139468  0.07032502778220341  0.06383833041931854  -0.995479310702491  -11.636537363122876  0.0  0.0  0.0  1.0
7680147070526;7.628096648499513;7.660307107817263;-0.25821311058509266  0.40111341468544837  0.8788822549587338  -39.63119030606047  -0.20208578205178263  -0.9120331524339004  0.3568709368301108  14.449896080998577  0.9447154736821504  -0.08546085314845091  0.3165582353448555  31.751635615951166  0.0  0.0  0.0  1.0
7680147070557;12.205670442716103;10.109649617393734;0.6266353320136422  -0.5657011529445314  -0.5360134011658475  -14.161422455993879  0.6161343812697673  0.7807815098985688  -0.10372395103269125  45.447454362629514  0.4771861113752931  -0.26525919278648585  0.8378132105384758  73.30237667954637  0.0  0.0  0.0  1.0
7680147070588;13.972589640073979;0.27151646352527115;0.24183445568649128  -0.6798559907791771  -0.6923235716371938  -68.60945267874571  -0.403495110079657  0.5784258509150765  -0.7089536170547227  -38.789590750269994  0.8824442147720296  0.45079858783588955  -0.13443526702671565  91.14802091786879  0.0  0.0  0.0  1.0
7680147070619;9.983295415447671;7.655017038156103;-0.2398981501931835  -0.4854694492829731  0.8406951238985368  12.32921502017046  0.6257105524933655  0.584789020417763  0.516244231054722  -10.74932217813577  -0.742250080520263  0.6498778465309619  0.16347355307799402  15.53368836971546  0.0  0.0  0.0  1.0
7680147070650;4.983189947689928;8.842455431513232;-0.8464057260951422  -0.5309288200538604  -0.04137553467413771  5.703349136627451  0.5200571821858023  -0.8407920844239334  0.15036355285447572  -7.699345391784766  -0.11462056573895602  0.1057509281579747  0.9877645808103311  5.835389987130002  0.0  0.0  0.0  1.0
7680147070681;5.27419459849476;0.36858488010301116;-0.8039668729778848  -0.5945644468758746  -0.01141865427038842  -121.25095872935286  0.5939305342695556  -0.8037735048314838  0.03456404769689672  110.3135299164699  -0.02972856566406598  0.021006461912881323  0.9993372508525136  -10.433866454794325  0.0  0.0  0.0  1.0
7680147070712;11.641877588335147;15.68773160598797;-0.8048044964208073  0.3564615806497347  0.47457861736654694  -58.22129603301284  -0.17900466054110378  -0.9081133871969147  0.3785332316961221  53.708570482284166  0.5659037498068157  0.2196934626119732  0.7946620215161576  8.386982191803432  0.0  0.0  0.0  1.0
7680147070743;6.384964019908019;0.09915721104093442;0.3380484529114143  -0.9410746819433734  -0.010083971904822936  -63.522116506072905  0.8576772847264155  0.3124665150728675  -0.40835566877727913  82.5198899490083  0.38744408467354463  0.1293952084251793  0.9127671999409728  30.523195522472616  0.0  0.0  0.0  1.0
7680147070774;9.308681266179983;20.401606310114584;0.8157862415483148  -0.10229755992156016  -0.56923458901807  19.6265323696642  0.21111497199033388  0.9689889069856049  0.12841715905736242  35.81116549259138  0.5384452402073925  -0.22493489585419676  0.8120843650293148  39.559036051893834  0.0  0.0  0.0  1.0
7680147070805;5.341016807889507;11.66304683579053;-0.6269409969749238  0.6482119284414642  -0.4321646470250493  -157.3273183371196  0.7369660538553674  0.6733351058969249  -0.05916815555367283  53.66621257938342  0.25263812415574816  -0.35558561696583546  -0.899851569554718  15.789959375626376  0.0  0.0  0.0  1.0
7680147070836;8.83474922596794;0.09624126789706786;0.18218406367631676  -0.9654785257962643  -0.1861724554510049  -1.945411074793487  0.8405178316479384  0.25117085495874003  -0.4800447648929669  71.2720686489506  0.5102340067304726  -0.06902476255350833  0.8572612440383623  29.492542310583566  0.0  0.0  0.0  1.0
7680147070867;6.947504424693243;16.66880142510404;0.902355159011341  0.38457702907562114  -0.19456535075132803  -40.22485972969652  -0.03768498861239499  -0.3793032815101053  -0.9245046577865088  -17.624319509456512  -0.42934253066625244  0.8415637405111008  -0.3277734919392711  -31.88654840227715  0.0  0.0  0.0  1.0
7680147070898;5.179162324391041;12.065451264191989;0.8599548358815072  0.30691543177069697  -0.4077751806878621  -17.224388351408837  -0.4957613284650936  0.3125434001629396  -0.8102699107168646  -26.49757140283253  -0.12123689802422896  0.8989546933831517  0.4209300105740471  -20.355331102454084  0.0  0.0  0.0  1.0
7680147070929;8.172064813793584;0.14152878874700686;-0.26680395058094264  -0.8842938540401875  0.3831971185449512  -65.47437269271322  0.8668140993396447  -0.39397563769980176  -0.30564115247301893  122.33334243112496  0.42124692181712425  0.2506143982411752  0.8716326372123816  34.009564398502356  0.0  0.0  0.0  1.0
7680147070960;5.592350345683874;12.923309716797062;-0.7944094309065907  -0.42672204156938925  0.4322290542357365  -110.80320875353742  -0.2867352526087348  -0.3638574683775328  -0.8862226794758182  6.738209925788824  0.5354405205044457  -0.8279589615100171  0.1666955520017951  33.16678111046571  0.0  0.0  0.0  1.0
7680147070991;17.111542984644494;0.6108963874229782;0.2744052652937022  0.8740027306171413  -0.40102490851925254  -71.5778299348123  -0.9610458842102849  0.23492236303029063  -0.14561006761462825  -76.96917719323483  -0.03305387755718242  0.4253595070314592  0.9044206603989035  -23.341717915459117  0.0  0.0  0.0  1.0
7680147071022;5.465700088476111;0.17620018838070953;-0.21000740334870344  0.03522030193864672  0.9770652080951846  -70.49832335476837  0.467544849811227  0.881293786662332  0.06872463172230077  17.343332438164765  -0.8586609947783423  0.47125448742873416  -0.20154529050451298  -42.547017834394914  0.0  0.0  0.0  1.0
7680147071053;12.380450498325937;0.3292422548787269;0.23275497265650247  -0.9674297649677491  -0.09952272382786212  -52.13218550330595  0.9091698193829119  0.2527815636547354  -0.33092555144550295  73.71097374638393  0.3453047382051312  -0.013458489169036802  0.9383941106179073  30.638642986675503  0.0  0.0  0.0  1.0
7680147071084;11.24151184560079;0.10989339348909803;0.7251107473991353  -0.43046757043049516  0.5375054184042571  5.335534388918368  0.61104389516781  0.7621352987958444  -0.21395126666490977  52.06423620756045  -0.31755277070814275  0.48357776741392516  0.8156670771083907  -30.983221006422944  0.0  0.0  0.0  1.0
7680147071115;12.186275917515337;0.3805119776064596;0.408964484463987  -0.875211294637383  0.2583664842549446  -34.824366155873335  0.8802885867552366  0.3037472798399157  -0.364457945472889  72.00023884408178  0.2404995935039662  0.3764874230688279  0.8946603633756328  22.65112407558221  0.0  0.0  0.0  1.0
7680147071146;10.370232338681536;9.025330067382235;-0.40662532866563844  0.913485214408653  -0.01416351454752319  -81.52176746154768  -0.9075620637630729  -0.40211292618476674  0.12098055634372011  12.754324838720528  0.10481861717115624  0.062048026978305346  0.9925538271763535  -8.76045424609535  0.0  0.0  0.0  1.0
7680147071177;13.127472395246876;12.85486993825383;-0.09647565827532482  0.7724146128229528  0.6277484474356829  -12.600387247210259  -0.98490493510406  0.01698215590930706  -0.17226106695460358  -12.561034156701504  -0.14371748734238746  -0.634891543712971  0.7591165994455343  -11.005065413057116  0.0  0.0  0.0  1.0
7680147071208;5.015205061296216;0.3259393569115158;0.7905591112956829  0.41064327587800586  -0.45429989161737805  -19.323647629022247  -0.12049957571960376  0.8316609816676728  0.5420515324422204  5.636829782525345  0.6004133108107921  -0.37378083357462827  0.7069595070818978  24.992547751869985  0.0  0.0  0.0  1.0
7680147071239;9.396380850619304;5.461540415296638;0.698152091445322  -0.7108156585087809  0.0855847932126472  1.7239474179745737  -0.3074905957870582  -0.18974313725516723  0.9324414594853062  13.951842553994066  -0.6465548628794334  -0.6773024741452635  -0.35103869844172697  -57.7054091119912  0.0  0.0  0.0  1.0
7680147071270;4.313719515461572;8.251667388334889;0.1752156394788623  -0.16935301279746756  -0.9698551627632004  -28.552883051801082  -0.5720288756177871  -0.8192714408261628  0.03971488015937093  44.46945515340581  -0.8013004711975797  0.5478264901435891  -0.24042398290414507  -59.03865410089916  0.0  0.0  0.0  1.0
7680147071301;6.640988953970737;7.473461502045101;0.9352168247843236  0.21848381376782683  0.2786293483497268  -14.791390531824533  -0.2455628879638086  0.9671409543879712  0.06585774366313253  -11.78848354104365  -0.25508500288178804  -0.13001229736832776  0.9581380087637729  -36.29746867277897  0.0  0.0  0.0  1.0
7680147071332;4.27645581861147;0.13672429417616586;-0.8433827242052833  -0.46714201166578523  -0.2654880815571949  33.63448519822418  -0.42442006406278654  0.27617512041607856  0.8623194953635839  37.957070917539525  -0.32950446086967694  0.8399438337174742  -0.4311857679318459  -36.36109887580302  0.0  0.0  0.0  1.0
7680147071363;8.04771944655425;5.265770185329848;-0.8533956065302175  0.51814295993265  0.05695447152905803  -160.16869249010358  0.24126005328986952  0.2957632502943274  0.9242930739012948  10.213734726625477  0.46207090953823443  0.8025284872498717  -0.37741025649939797  26.28262384127534  0.0  0.0  0.0  1.0
7680147071394;5.63815225752638;7.730930159107038;-0.58806176938357  -0.7876514160648382  -0.18381676245794926  -177.53682045205827  -0.7770819151717634  0.4871690561466713  0.39850973369059284  -74.44568030791426  -0.22433691738644063  0.3771890209221614  -0.8985551680299503  -23.72595710341017  0.0  0.0  0.0  1.0
7680147071425;4.625670255377578;10.803714217792386;0.03747332882995218  0.9190583306776878  -0.3923359968679177  -84.03594566399153  0.8769030181287955  -0.2185166772186746  -0.4281256341004566  60.0533026819299  -0.4792043889855462  -0.32799732710686874  -0.8141135713079221  -22.706084115726416  0.0  0.0  0.0  1.0
7680147071456;10.74094788718979;13.539111507495518;-0.6792019019421747  -0.15211571829034948  0.7180150309339931  -104.21450556367125  0.7320544083656312  -0.07011225176055011  0.6776286706932574  96.45197767696251  -0.05273632135993632  0.9858727506134229  0.15897735690136924  -40.186692320850575  0.0  0.0  0.0  1.0
7680147071487;5.184679137576186;0.46257646143366493;0.23740100306332984  -0.7708308049520405  -0.5911519549840926  15.770814139451671  0.566706058558361  0.604160371075043  -0.5602093262484249  11.756520707817927  0.78897719037864  -0.20201513844129648  0.5802627653940685  15.040606841751815  0.0  0.0  0.0  1.0
7680147071518;11.144942838730964;0.08204931605911825;-0.10907461296425744  -0.9840274527802296  0.14068653447132137  -52.211109841841164  0.9940228849423908  -0.10731940981409664  0.020026195044538092  152.07284633014146  -0.004607929850304254  0.14202998434135955  0.9898516305641408  -20.359253075145066  0.0  0.0  0.0  1.0
7680147071549;4.676713798522656;0.21618543893934605;0.5575505051759218  -0.7387261362191389  -0.3787098227466748  -27.187664805105555  0.6819115559075756  0.1473899670683052  0.716430615989653  69.79883644745982  -0.4734279925160575  -0.657692856335195  0.5859232395355803  -33.164800270370236  0.0  0.0  0.0  1.0
7680147071580;8.191691152633943;0.21089713385134246;0.3075297790358918  0.8772493630120991  0.3685905453223159  -31.342810191998133  -0.8072731304588291  0.445595431225357  -0.3869816591394104  -9.070498652435703  -0.5037216769658995  -0.17854485925378713  0.8452137039759278  -15.717866633353621  0.0  0.0  0.0  1.0
7680147071611;7.069420748707525;0.1344988415827376;0.9641463988356407  0.08437901136285002  0.25159869644672894  -10.902227733487319  -0.20825631936213046  -0.34703078811389587  0.9144391382409156  57.25637386639955  0.16447196435260222  -0.9340502205676504  -0.31701602230726444  44.87478162209853  0.0  0.0  0.0  1.0
7680147071642;6.993248842026112;0.0610285766084326;0.49227067179088135  0.32020205806554847  0.8094073311412127  -63.1360401711894  0.21330460188513403  0.8571522198587641  -0.46881896165344716  27.047395064128533  -0.8439020870392362  0.4034361337334314  0.3536503265784467  -102.60785397795357  0.0  0.0  0.0  1.0
7680147071673;7.041527509178438;0.6696675371130699;-0.1862485848971343  -0.06376772499282432  -0.9804311000131801  -10.622095592902022  -0.21752755508845972  -0.9704502845187446  0.1044414096741546  27.50660790423919  -0.9581196310487812  0.23272284487502942  0.16687375489339518  -24.67212832347776  0.0  0.0  0.0  1.0
7680147071704;12.282268918916616;0.17132726551003818;0.3926247781071357  -0.6848262850308017  -0.613888216980285  -10.915489419384384  0.8009540193344452  0.5826684037891191  -0.1377323133394507  62.9573800951218  0.4520159759658056  -0.4376191158493309  0.7772844182890395  42.613872313741574  0.0  0.0  0.0  1.0
7680147071735;4.789281163838539;11.95568077835229;0.03995045366125553  0.7056689288564719  -0.7074145348371201  -99.50994283182042  0.3199377696070911  0.6616721281066371  0.6781075272150239  60.61644875821615  0.9465958930985807  -0.2534193318067786  -0.19933604148649617  78.74612092029757  0.0  0.0  0.0  1.0
7680147071766;3.5325422548569234;0.20073646076365098;-0.2775271971312964  0.5772959163568345  0.7679245274180075  -9.71517532190476  -0.271203654394643  0.71973698511827  -0.6390831323825211  -4.023445606408564  -0.9216437666991719  -0.3856268885990531  -0.04318182596852515  -0.24584945410472853  0.0  0.0  0.0  1.0
7680147071797;10.169462042227867;0.15239393748301247;0.12028693026362497  -0.8628951710022057  0.49085942821629586  -18.93985620958726  0.9452683579884177  0.2506244653133424  0.20893805008251073  86.8209895264071  -0.30331301619553747  0.4388613690534585  0.8458143489908939  -48.22223259347925  0.0  0.0  0.0  1.0
7680147071828;7.018945504589687;9.559998970751108;-0.8969039202154859  0.43545535012173514  0.0770843431083747  -109.69006302231224  -0.17686502362479992  -0.19345684357509046  -0.9650353429238547  -0.49979006216484917  -0.4053173094259508  -0.8791775063798667  0.25052902218183887  -18.40144550423892  0.0  0.0  0.0  1.0
7680147071859;4.745586814975582;5.243900628951789;-0.3632299603411934  -0.8313004134457349  -0.42071797978632275  -53.98901592463859  -0.5311063854543491  -0.18626537356967696  0.8265780168493269  -10.646743154021943  -0.7654998388243798  0.5236839058190526  -0.3738517935572192  -63.279943860528924  0.0  0.0  0.0  1.0
7680147071890;12.81657864345006;8.669803926173676;-0.6184098838152726  0.4831937033315245  0.619752418841869  -79.43000048086171  -0.4714377538881911  -0.8590698701559007  0.1993624899502935  54.31307365405126  0.6287413298077662  -0.16888695405829973  0.7590530527838429  12.61760277214464  0.0  0.0  0.0  1.0
7680147071921;5.809282261310979;0.3226725655241255;0.8624548461127441  -0.5055530410728257  0.02424378433044449  5.351504510804083  -0.0303720571641984  -0.09950833891251665  -0.994573088631744  14.461405528262096  0.5052219082346465  0.8570380465002062  -0.1011761349867275  12.586288518675255  0.0  0.0  0.0  1.0
7680147071952;7.620338870136215;0.28492351349443845;0.2794913173207841  0.8936628720567137  -0.35107160900539763  -24.96757062929551  0.02098032022148158  0.35987152874780537  0.9327659454333238  4.869241302418871  0.9599189703853638  -0.2680655776187302  0.0818316344101697  23.401498357860497  0.0  0.0  0.0  1.0
7680147071983;7.6997638172701715;0.12776868933664015;-0.8703380606900266  -0.34707546483089113  -0.34935695474220135  -134.6709671756347  -0.23649327201478765  -0.32768416707976644  0.9147098003940812  31.070052342465818  -0.4319520718853692  0.8787273230972507  0.20311499018111936  -56.41440177526671  0.0  0.0  0.0  1.0
7680147072014;9.996205289495665;0.16303245601166655;0.51458511442698  -0.16946006020308943  -0.8405268871405228  14.82571265400167  0.5891707695804178  0.782086683900619  0.20302271581611872  11.5536083355455  0.6229606442482467  -0.5996863403991283  0.502291079809815  11.133437828044444  0.0  0.0  0.0  1.0
7680147072045;5.258513707654928;0.13286772891523552;-0.2599411224247782  -0.9027566985826452  -0.3427257738144434  -61.35180478356602  0.9619376298575243  -0.21110387140493347  -0.17352565153871952  57.82244095356971  0.08430070662001672  -0.3747872711846174  0.9232702162538081  3.8857392628349565  0.0  0.0  0.0  1.0
7680147072076;3.639515910577449;0.2144317168085553;-0.027589350921101253  -0.9957023732212033  0.08840594820154744  -37.985686664318365  0.997488267007306  -0.033194468917985956  -0.0625722335865802  98.28073841690544  0.06523790997965079  0.08645756875436197  0.9941172485710984  6.228063289152994  0.0  0.0  0.0  1.0
7680147072107;12.029329944120931;0.6071569421045471;-0.0854311988653376  0.7751568386351273  0.6259659621557928  -136.15639023084606  0.9205471904558705  0.3017660197959614  -0.24805269488620257  134.96183361428692  -0.38117499971041513  0.5550397686776143  -0.7393486828162106  -78.21039193341885  0.0  0.0  0.0  1.0
7680147072138;7.590759272086863;0.054026789593875316;0.7580317769777566  -0.2510149421662204  0.6019795045524667  15.584506834054547  -0.5663446586602757  -0.7110992198280455  0.4166432852776114  45.4530771431844  0.32348346588182847  -0.6567567269310872  -0.6811967769535069  -2.3659874516584893  0.0  0.0  0.0  1.0
7680147072169;13.199001909138557;7.329608753008637;0.8948816281791118  0.24549332643738964  -0.3727195973143993  11.28454701848946  0.2291736074839002  0.4638558956989115  0.8557553188021539  -16.200616013580944  0.38297040248603786  -0.8512172077090937  0.35883552795064294  -9.095292893803942  0.0  0.0  0.0  1.0
7680147072200;7.797457500134239;8.96593687480051;0.5393304542418557  -0.5633701943183445  0.6258887163713561  -3.271615544765706  -0.07610279240556639  -0.7728194805823825  -0.6300463597390683  -0.1357050485346143  0.8386483328042503  0.2921713103405037  -0.4596791264551442  25.49974723339441  0.0  0.0  0.0  1.0
7680147072231;7.013635733914746;0.12956782701342928;-0.8367774706962331  -0.5273459415140245  -0.1473421952595473  17.347493599946738  0.43880297194771156  -0.8068135475232553  0.39560567658060275  44.04569296857873  -0.32749872724191  0.26637972426899936  0.9065243660008819  -8.707057170509977  0.0  0.0  0.0  1.0
7680147072262;9.795586278474453;4.964146632470029;0.7912275628067479  -0.23758887145299723  0.5634806758146939  -16.932728255224227  0.5862342511130213  0.5569327033053983  -0.5883496977231273  6.764820333118257  -0.1740354753400804  0.7958501694104436  0.57994323961274  -20.895717107984986  0.0  0.0  0.0  1.0
7680147072293;5.948491684290215;0.09388386282554821;-0.4947776703131478  -0.23693930518607725  -0.8360949842077955  -144.46052573677014  -0.45940813579681367  0.8879951625731015  0.02021771526329863  -50.17864729638293  0.7376579300212198  0.3941121121009989  -0.5482120222797917  55.004455962392214  0.0  0.0  0.0  1.0
7680147072324;9.966999865530171;3.0393953601976187;0.19375611518393102  0.9064263468848788  0.3752996742628012  -59.59100282253083  -0.5767229028063444  0.41470520286363605  -0.7038538826322215  -37.85768435621496  -0.7936304311248747  -0.08006792360717305  0.6031085030090203  -55.57197824896935  0.0  0.0  0.0  1.0
7680147072355;6.355915505450699;0.11274277434323322;0.2575427379877941  0.07441286779727461  0.963397354789775  -60.017472145544275  -0.8373027065352854  -0.480450130945855  0.2609441497769132  -29.32309329362565  0.4822819877814595  -0.8738594834298568  -0.061430346582679256  44.7093631671889  0.0  0.0  0.0  1.0
7680147072386;11.538831497596764;0.14253877479368401;0.2918532667456292  0.8957111107382265  -0.33544489382012843  -126.96939383251109  -0.8725507739003864  0.39298719807348104  0.29020029137854464  -45.12022956052874  0.39176117425766177  0.20799679865432408  0.8962480204127713  32.19786698415095  0.0  0.0  0.0  1.0
7680147072417;7.834517558781045;0.22493009207848091;0.5216917343682326  -0.7360719813998938  -0.4313186438004978  -31.3543151667072  -0.060608349245452456  -0.5362687732942812  0.8418684165540291  -0.25874388120253994  -0.8509784734607606  -0.4130542833423729  -0.3243790941458949  -61.18491687611205  0.0  0.0  0.0  1.0
7680147072448;5.937688742105761;7.01737608284488;-0.427160250095537  -0.15388290892912576  0.8909849443609181  -49.256272868273115  0.6676786589625228  -0.7181665318606583  0.19606641956551454  14.766086389025052  0.6097042964456827  0.6786434136236373  0.40951652963089424  12.093775757033928  0.0  0.0  0.0  1.0
7680147072479;5.153023637941118;0.21889258335436892;0.7765865054398788  0.6175489083096936  -0.1246865887502869  -24.3346541375252  -0.5824018321514771  0.6282277950714024  -0.5158855913924388  -7.87523971842328  -0.24025300305153358  0.47324748635912406  0.8475348436374108  -29.883944520670802  0.0  0.0  0.0  1.0
7680147072510;6.2172217632284745;8.543915433757894;0.7492060737155883  0.5682444625183972  -0.3402770781655015  -7.169447041181412  0.6018020461677376  -0.36945296487013846  0.7080528256966352  4.143863961576528  0.2766307219670238  -0.7352569194273817  -0.6187670854999974  -11.608729825900918  0.0  0.0  0.0  1.0
7680147072541;5.285545456378999;5.905173690189072;0.9565960063284156  0.17402891522061348  -0.2337477643607797  -15.381930852896394  0.19468671799622844  0.21520601119755237  0.9569657541314088  40.41889243167947  0.2168436360891941  -0.9609372036775219  0.17198409250870167  39.559607884863  0.0  0.0  0.0  1.0
7680147072572;4.133909065560788;0.1277616634222887;0.33659378135088264  0.6788790958147985  -0.6525548249929626  -77.50438933876474  0.6528042571862958  -0.6676623781470968  -0.3578736517353748  108.98167706436394  -0.6786392474322149  -0.30553252211940557  -0.6679061683889378  -54.18687343536294  0.0  0.0  0.0  1.0
7680147072603;10.395055408305826;0.3074079812023584;0.6323688084238078  -0.7734398268202131  -0.043595004541504015  30.88277946398907  0.771166873358835  0.6338575302569732  -0.05938252916884437  -1.0735120180341682  0.0735618349867165  0.00393263586535831  0.997282904099202  7.88765884954099  0.0  0.0  0.0  1.0
7680147072634;11.946248221103541;0.15007293823950618;0.8145398335725959  0.2534267811769969  0.5218234625865289  -18.48930766099887  0.09251450168314  0.8312671398129433  -0.5481204331581971  15.293466256033994  -0.5726830943042138  0.49474216401018045  0.6536545453438506  -52.02810619967621  0.0  0.0  0.0  1.0
7680147072665;11.239001405122174;0.12119847502593416;0.5788225884762233  -0.5805589146182983  -0.5726392911134439  2.648964554683409  0.7173856152475147  0.6964148327323598  0.019085591065086338  10.102032979578162  0.3877141861031515  -0.42185036139321075  0.8195852502862583  22.475835404818962  0.0  0.0  0.0  1.0
7680147072696;15.195524521954715;0.19593183744529785;-0.04208374161768113  0.9927117659470621  0.11292611939547965  -47.67730246283431  -0.3957532997090742  -0.12034406098672185  0.91043760508593  27.92869945825713  0.917392110528991  -0.00637626344264533  0.39793348540135964  -5.952638386212219  0.0  0.0  0.0  1.0
7680147072727;7.340738660247694;0.0690875616213352;0.5888476532632542  -0.8029806406942988  0.09208980354270124  -37.00696945001945  0.7877249121071112  0.5446506278846501  -0.28782834535657076  83.61489934272595  0.18096381984309265  0.24202847810749725  0.9532440986928618  24.51084343281015  0.0  0.0  0.0  1.0
7680147072758;6.227684121791451;0.0926063668504986;0.12966687047594241  0.9915563903694299  -0.0015580174976276158  -4.650179333717936  -0.9914240373963898  0.1296750330545783  0.016209993057869576  -3.99995526627703  0.01627515817487915  -0.0005572430724185215  0.9998673955613021  -3.5687437760092156  0.0  0.0  0.0  1.0
7680147072789;6.6370184400482515;0.1973085543151947;-0.3848170765404781  -0.8458463834527055  -0.3694045386873558  -3.7408168927734287  0.2860442914684795  0.2712295490406418  -0.9190283973009239  -5.226187147015785  0.877550272589061  -0.45932388064108803  0.13757576731269291  6.745098838962679  0.0  0.0  0.0  1.0
7680147072820;9.269844301300596;0.06471123689278563;-0.15453994201274326  0.647026889562737  0.746641554231659  -125.7744807423936  -0.9064119542444385  0.20784191476966202  -0.36772150830167266  -79.61270218700199  -0.3931091140198542  -0.7335924908610023  0.5543530299609402  -44.049529396863896  0.0  0.0  0.0  1.0
7680147072851;4.298249925112131;8.849756189474022;-0.6775254082616505  -0.24689878559793227  -0.6928205473498538  -39.3194744893613  -0.7352988896030376  0.24936771214709164  0.6301994026394071  -22.121858945059447  0.01717160762491679  0.9364062867200283  -0.3504973638742299  3.757460540346601  0.0  0.0  0.0  1.0
7680147072882;5.601886296953832;0.14170081196816123;0.05843774501135822  -0.7114335511964534  0.7003194501011609  -60.34674163338868  0.7085210646236504  0.5237558616883767  0.4729457667974573  87.0712016121096  -0.7032659034409077  0.46855319823801245  0.5346727685962445  -95.28734114577512  0.0  0.0  0.0  1.0
7680147072913;9.333520105944512;0.10331609283473685;-0.49562382546661415  0.8062189344853927  -0.32306044837936715  -38.62815931641745  -0.8296032181544266  -0.5495571278835243  -0.09871911476624251  40.65505013949879  -0.2571293916643098  0.21908444232681218  0.9412154286201918  0.4654685224795327  0.0  0.0  0.0  1.0
7680147072944;12.394403539673155;6.3540862220590135;0.3923100384276858  -0.038015295841746885  0.9190471538669449  6.168112522130656  -0.8975642105238901  -0.2343421973058301  0.3734464118832862  -40.53830267585795  0.2011748536360673  -0.9714106092914259  -0.12605596543030823  2.451451295329146  0.0  0.0  0.0  1.0
7680147072975;12.294304208336897;0.139759226866463;0.6775445047977241  0.40231960176879544  0.6156885430564747  1.8546263268499965  -0.6629700349039072  -0.028360920966053346  0.7481085422460229  -39.03486046211154  0.31844022490558316  -0.9150598866711158  0.24751005427563227  12.258977167899763  0.0  0.0  0.0  1.0
7680147073006;9.313900341752262;0.16555353659265218;-0.42278453962647217  0.8492525900317778  -0.31626455915443363  -24.229400800132396  -0.6843004405343931  -0.5279732991450593  -0.5029682917185896  42.64992776995409  -0.5941263671452953  0.0037727594938375617  0.804362869697834  11.816287150247263  0.0  0.0  0.0  1.0
7680147073037;7.440136743478575;0.09296146128071912;0.7721524403306707  0.5174855274422555  0.36876732200562595  -0.18049517152110478  -0.46945460900655367  0.0734586589513331  0.8798955594316724  39.23252231325016  0.4282440647269896  -0.8525330224178309  0.2996572487246444  7.131650916173688  0.0  0.0  0.0  1.0
7680147073068;14.611712831992941;0.15934747049242123;-0.5584604342397359  0.8006135335557928  0.2171172800033958  -151.26757273591804  -0.47606836737345126  -0.0949867324360282  -0.874263364351671  -41.84793959030195  -0.6793238204090462  -0.5916041671155081  0.434193109660234  -85.98224693247367  0.0  0.0  0.0  1.0
7680147073099;5.832775396124054;0.13440581125639972;-0.28817573488898307  0.788190116405728  0.5437932384845543  -77.11411284330597  -0.6800558456150597  0.23134447706396183  -0.6957038017553072  -30.468007910915492  -0.6741504228775509  -0.5702947249732605  0.46934543142731516  -34.03760512763035  0.0  0.0  0.0  1.0
