# registration_from_features.py TEASER TEASER_config.json euclidean --input_txt=/neural_comparison/point_clouds_registration_benchmark//eth/hauptgebaude_global.txt --input_pcd_dir=/neural_comparison/point_clouds_registration_benchmark//eth/hauptgebaude/ --input_features_dir=/neural_comparison/experiments/FPFH/features_voxelgrid_0.2_compressed//eth/hauptgebaude/ --output_dir=/root/neural_registration_comparison/results/FPFH/test_1_teaser/
id;initial_error;final_error;transformation
3394309160030;3.936759879304484;2.013848266185765;-0.5707525212140486  -0.7628696405636946  -0.30376219487294154  12.761992824783151  0.8204084759631017  -0.545221145331174  -0.17223192285886924  -1.216425387022185  -0.03422706671199699  -0.3475108835561598  0.9370510624903583  3.6888428750168094  0.0  0.0  0.0  1.0
3394309160061;3.7772892530728184;2.3496638944805994;0.14032504919450223  -0.9498641590737996  -0.2794046525661013  8.213041141824544  0.7630833391847804  -0.0760579899216013  0.6418091613771894  -12.613352387049414  -0.6308824756063253  -0.3032709374076408  0.7141526731005954  3.415389031986699  0.0  0.0  0.0  1.0
3394309160092;3.061336083217481;2.1972301871694113;0.13315372911303214  -0.9899688400035431  -0.047241721447598195  -3.0456493853815534  0.9873896739069841  0.13662318505580048  -0.07997335285623308  -10.962887125389802  0.08562544180996845  -0.035997237772468674  0.9956768966826535  4.795338675179901  0.0  0.0  0.0  1.0
3394309160123;1.9832381539954238;1.6595357767665202;0.8497959835753527  0.46076446195012466  0.256013470159308  -2.5275469678914186  0.13363143916547932  0.2815038841388545  -0.9502095567196226  1.0761376737520483  -0.5098915813834951  0.8416957133183884  0.17764825193535655  11.331255422102728  0.0  0.0  0.0  1.0
3394309160154;1.9207102010338835;0.015532805977465963;-0.2722288570050137  -0.9095562108258137  -0.31400469544567766  14.61741694226734  -0.9621945674736538  0.2544169868714038  0.09722968227586054  9.020847946788038  -0.008547732911867445  0.32860233739196837  -0.9444296904071809  5.314682477559449  0.0  0.0  0.0  1.0
3394309160185;2.640555800877831;0.006582998342295247;-0.5726267609920428  0.663612103440866  0.4813705108983643  30.80266504923381  -0.8196732505844582  -0.45247584805357144  -0.35128531026006354  15.178542652392117  -0.015308653502839692  -0.5957219008018683  0.8030448692526082  5.233926789433441  0.0  0.0  0.0  1.0
3394309160216;2.7201455624554285;0.007602421221775598;-0.07709162229246035  0.8535782546138705  0.5152291189584058  8.807243671025873  -0.9836401656918179  0.019274674375028056  -0.17911033293897344  9.123236221240361  -0.16281555886981414  -0.5206079620771036  0.8381279398825903  -2.7569449804179094  0.0  0.0  0.0  1.0
3394309160247;2.5310221937667676;0.00837268277702019;-0.01662250296441087  0.6646766489121871  0.7469462127797853  14.537096976843506  -0.5845626236808421  0.5996136429970647  -0.546580294309225  14.17132362483011  -0.8111782981506401  -0.4457223704534635  0.378578046229278  15.075679824987947  0.0  0.0  0.0  1.0
3394309160278;1.96744994252244;2.3839723608554646;0.7330902066972251  0.6250579765744683  -0.26810683461122525  -0.6118419801766515  0.3470467112760259  -0.6827972509818191  -0.6429202860729827  -2.6061010421390685  -0.5849250627534388  0.37827297018463063  -0.7174762929815758  10.960240304292743  0.0  0.0  0.0  1.0
3394309160309;1.4697744642858348;0.018041372572034378;0.407491526383732  0.18203814557508316  -0.8948814276098486  11.89188162421469  0.5299339085737129  0.7509221398646171  0.39406343703131513  -8.72906109106626  0.7437208538620149  -0.634805524091221  0.20952622297465662  -10.037169467601665  0.0  0.0  0.0  1.0
3394309160340;3.1108095863624285;2.18020411767383;-0.9967708628277793  0.07629135690833215  -0.025049468630096633  17.679928915084403  -0.07690463268462484  -0.9967372460746573  0.02450591273859548  4.044632863145057  -0.02309814904289173  0.026353199968774055  0.999385803562467  -2.2605776843490295  0.0  0.0  0.0  1.0
3394309160371;4.078910422747308;0.022993881227049675;-0.5585597374149138  0.6836891768935981  -0.4696595885719106  27.40340349789129  -0.829227310645251  -0.4737976856423255  0.29647566571309086  14.552141352847322  -0.019826422244733743  0.5550539275408566  0.8315780483529149  -4.385411639939535  0.0  0.0  0.0  1.0
3394309160402;3.021814741136945;0.7695558306200599;0.5691607569525201  -0.7151068290526155  -0.4058056872291813  7.919242142957523  0.5318687221068821  0.6965846669761401  -0.4815448724450633  -3.670018629799095  0.6270340462762982  0.058241091817147005  0.7768116116757785  -14.761878329838632  0.0  0.0  0.0  1.0
3394309160433;1.3594709122664788;0.028938966105465116;0.14355898242838575  -0.9593984649211779  -0.24278674607773193  12.684994505609653  0.9842686462065243  0.16394593388089937  -0.06585562131431671  -14.158390281408787  0.1029856818150045  -0.22951321589574408  0.9678417396817993  -3.4495122634397726  0.0  0.0  0.0  1.0
3394309160464;1.5447184908495197;2.0685710010469998;0.3225559008864942  -0.9349556431286868  -0.147701171915208  0.4128011154380875  0.9347560469147418  0.29007848098148203  0.20514777022381006  -7.010243793808632  -0.1489591338576701  -0.20423618742353106  0.9675219667723691  -1.6741133119500542  0.0  0.0  0.0  1.0
3394309160495;2.78060091011266;1.604917025151025;-0.790697797411789  -0.1829691195371976  0.5842253798526106  6.886913561831407  -0.19076138442946147  -0.8331496842303968  -0.5191066343992781  -5.075395800381746  0.5817276745855401  -0.5219041147208684  0.6238661776845471  -5.587922551254963  0.0  0.0  0.0  1.0
3394309160526;1.34399863829473;0.7682965950019811;-0.6217250682398606  0.5691194631501761  -0.5381087029456  26.604288831545926  0.005236239617479155  0.6900378877375221  0.7237543058810828  0.6087578911352517  0.7832180547694299  0.44715852910393517  -0.431993898721726  -8.333195534240529  0.0  0.0  0.0  1.0
3394309160557;2.19301441794297;0.011385858188558745;0.8133640661172165  0.5810717518282111  0.02818714559090213  0.28511501666552846  -0.48731437668599226  0.7069882592597093  -0.5125351690802005  8.062331251728747  -0.3177476895658123  0.4031416878669589  0.8582034638006123  6.350017272131104  0.0  0.0  0.0  1.0
3394309160588;3.3552539819811384;0.05263084132116909;-0.32394123775249695  -0.8938915288994733  -0.3098709554720222  17.14179226816537  0.6796223435711228  -0.44772537137793433  0.5810812868638828  -15.561670382936276  -0.6581607285475755  -0.022359033661019392  0.7525453667463982  2.348358659251648  0.0  0.0  0.0  1.0
3394309160619;3.0056203551742433;1.9095238907620122;-0.37789349693220115  0.8510092089167385  0.36466399783260806  -0.013116271304953837  -0.8248966605396545  -0.4883203464382526  0.2847608447187784  3.5811875604636563  0.4204069509497677  -0.19320084263101145  0.8865277378626054  -8.674253206961971  0.0  0.0  0.0  1.0
3394309160650;2.0651927868102353;1.5821130216746697;-0.29036038020629595  -0.7968985021571399  0.5297580833419736  8.643981160865325  0.1489017932267922  -0.5844919347109647  -0.7976198557155402  1.2409007716700864  0.945261395371831  -0.15271527597964651  0.2883729163811326  -12.260369925728005  0.0  0.0  0.0  1.0
3394309160681;2.0883872688177947;1.6600122240036752;0.7203952486138447  -0.5142932021963394  0.4653312668940607  -0.10864278423239761  0.3942090790885179  0.8556394522850576  0.3353808725278005  1.0624554615067534  -0.5706398932240713  -0.05816897685159242  0.8191376455720121  -0.07915259937350486  0.0  0.0  0.0  1.0
3394309160712;2.2055221376060135;0.7899386135125859;0.6683330448570726  0.7429613219033362  0.03659802327616458  2.3106191509348113  -0.6699715229664622  0.6225939737870988  -0.4043697592773105  7.696399360986366  -0.32321679963466426  0.24573403907403235  0.9138630545515491  9.76886535356363  0.0  0.0  0.0  1.0
3394309160743;2.1472367397073575;0.020776708337532927;-0.6814910813879892  -0.6048961522332448  0.41191085322196114  11.652815176346472  -0.7298125594348929  0.6034684820143759  -0.3212466642727288  9.405304657662747  -0.05425434618276451  -0.5195444506764366  -0.8527191974452086  1.4261973311035911  0.0  0.0  0.0  1.0
3394309160774;3.3639630831655443;0.7998585193974962;0.431701727671785  -0.5065775549366662  -0.7463329010298191  1.9154633979325686  0.22543739034047378  0.8617408571065488  -0.4545114720551604  2.497352589740718  0.8733908640246211  0.02796204619946152  0.4862165388082414  1.4954421716057336  0.0  0.0  0.0  1.0
3394309160805;1.324119052607352;1.5663520681945706;0.24161881492667708  -0.8607993628653463  0.44793392946286353  7.459559963278388  0.7977187458165244  -0.08663078927498075  -0.5967745880334594  -12.691882888460903  0.5525080550058425  0.5015172611587837  0.6657441595038242  -9.964941020713502  0.0  0.0  0.0  1.0
3394309160836;1.3305106697980524;1.5961463657242527;0.4939295749056857  0.8394196579058393  0.22673379314679032  -2.6548714771839683  -0.7019556705243357  0.23107335210227017  0.6736938047562477  4.266989965589218  0.5131196855044815  -0.491914366398729  0.7033693513925088  -0.8852919962986336  0.0  0.0  0.0  1.0
3394309160867;3.084620563102242;0.011357501944124817;-0.6354516080133266  0.7680713446966981  -0.07916857538874335  30.53249270815614  -0.6247721067221761  -0.571709930477947  -0.5317965494950434  16.58619641157036  -0.45371915160725906  -0.28846865488074547  0.8431635467784897  8.151219643643778  0.0  0.0  0.0  1.0
3394309160898;2.141076967332666;0.016143988282068655;0.5744515942418257  0.7655029610710395  -0.2898457908345324  11.849835664507435  0.48738741733844304  -0.6043729659540946  -0.6302275965427204  -8.53659729344932  -0.6576160515781136  0.22076805614789852  -0.7202795249703349  16.231899829693152  0.0  0.0  0.0  1.0
3394309160929;4.439440389033587;1.5806714889107503;-0.14607560320791158  -0.4260801239297626  0.8928144522460667  -0.987564768512302  -0.9873774382552895  0.1186427105034023  -0.10492712551493522  15.169997422514333  -0.06121856394808589  -0.8968721398484873  -0.4380327067602716  8.285564209131827  0.0  0.0  0.0  1.0
3394309160960;2.4847882689820464;1.5669236637988986;-0.21936869821054847  0.8243422940492161  -0.5218593263390852  14.249564909294827  0.14583238796039702  -0.5011742445326848  -0.8529696895194222  -0.07271399422015423  -0.9646814442432157  -0.2632188421423645  -0.010273863638158742  19.847937396202212  0.0  0.0  0.0  1.0
3394309160991;2.9477521292476965;1.6116847160121204;0.9597656212793348  -0.2694463709460178  -0.07904812075132193  -6.189558460098521  0.00336105047668267  -0.27046460550404755  0.9627240521090328  -7.032701591843492  -0.28078222085806603  -0.9242551327169155  -0.2586770072821531  7.5382620113007155  0.0  0.0  0.0  1.0
3394309161022;4.019397668082857;1.5724498120851396;0.5667669910329348  -0.8078369530651105  0.16178576926896931  8.927787681146377  0.8124278816561037  0.5806335654247317  0.05315637130147194  -8.120817053809537  -0.13687992907380314  0.10131199319252698  0.9853932032707082  -3.7412172021910806  0.0  0.0  0.0  1.0
3394309161053;2.8365870008578016;0.8448749039717345;-0.9977371144829978  -0.014042869720126763  -0.06575293296245316  34.29496005292599  0.03264928958339558  -0.9560964926624596  -0.29122760962560434  -0.5070062928024955  -0.05877647720679502  -0.29271538143488  0.9543914454764314  -4.7412847004345275  0.0  0.0  0.0  1.0
3394309161084;1.9084522891745812;0.012746055293756074;-0.7813843192953299  0.33966924375210983  0.5235106020017586  36.12618801179747  -0.06834791125357209  -0.880426190916893  0.46923159034195927  -4.121943770992382  0.6202959846610712  0.3308693506452968  0.7111669032069139  -9.379277899036387  0.0  0.0  0.0  1.0
3394309161115;2.6459747141640655;1.6182299825398623;-0.12063629151804525  -0.7084475621379225  -0.6953768308403792  7.382145348418002  0.9920653081124009  -0.06105711427801877  -0.10990201652331227  -2.219037097792204  0.03540211305307517  -0.7031174016456121  0.7101919528511301  0.11688826084852928  0.0  0.0  0.0  1.0
3394309161146;1.4245283483443059;1.4763597903669454;-0.6327605350308992  0.7674217657619176  -0.10333411219084923  2.845797981657837  -0.7513434388883427  -0.6407568961909058  -0.1578405423940138  3.1761614905905367  -0.18734231275088453  -0.022235858846856978  0.9820429850238189  1.86326269641874  0.0  0.0  0.0  1.0
3394309161177;1.4359728733692718;0.028213798708503473;-0.18831705104352425  -0.9821057723909522  0.0022226386665306404  2.9100766918599725  0.9810535461156924  -0.18800946713054179  0.04675874167591343  -3.0049548952422285  -0.04550415299833365  0.010985995888447703  0.9989037390831229  1.4391052222328493  0.0  0.0  0.0  1.0
3394309161208;3.0244753449661483;0.03890006519768891;0.7460949866242995  0.4935124243481934  -0.4469762386839554  6.225680301763791  0.3148796995209081  0.3299728684716341  0.8899262221680091  -7.5114647858158525  0.5866796790103694  -0.8047132365548434  0.0907940590001311  1.5716262744845335  0.0  0.0  0.0  1.0
3394309161239;2.9239237120023964;1.5821522127272223;0.6874399104213951  0.7213673851454665  0.08399681665525338  3.3803403976862607  -0.5323718199886667  0.4218778747851668  0.7338932511262835  -1.9458466545022335  0.4939702570416344  -0.5492250489691308  0.6740513561614414  -4.625356053500492  0.0  0.0  0.0  1.0
3394309161270;1.0304885640464179;0.024935665218867285;-0.1853612503570819  0.47776024199909395  0.8587120344044482  4.182610417088769  0.46262945345754747  0.8133833003168227  -0.3526777503037089  -1.7205878966321335  -0.866957435898459  0.3318926903845305  -0.37179570520608257  3.3068491952866665  0.0  0.0  0.0  1.0
3394309161301;2.0398930971718565;0.024062818947689295;-0.5052372374142988  0.6088981603209932  0.6115377047146625  -0.5012381618071046  -0.7016240907404839  -0.7024175575531659  0.11972138544819166  4.115098421179123  0.5024529522478268  -0.368581883980691  0.7821051243782308  0.5570330926234976  0.0  0.0  0.0  1.0
3394309161332;2.256914975873143;1.6784848526785445;-0.6753487143967558  0.6080605224185968  0.4173326191884256  6.849413271980044  -0.7350236050927604  -0.6012705289951435  -0.3133912106590459  8.261696427117469  0.0603689814316174  -0.5183976775005105  0.8530061160642317  0.3336986179039492  0.0  0.0  0.0  1.0
3394309161363;3.66917130522765;0.0032487523983224104;-0.171367685556824  0.9549431911067515  -0.24231512149627368  29.407604621841212  -0.9843576110184743  -0.15574856039078133  0.08235581076161508  13.113104949680494  0.04090488940091863  0.25263785879209677  0.9666958685791743  -4.341680067580302  0.0  0.0  0.0  1.0
3394309161394;2.752686316258313;0.009264879468760307;0.7038857916616226  0.5156468034670858  0.4885214083037381  4.1229243829498845  -0.27030874635390156  0.8304620050251519  -0.48709962005136814  8.373775061901782  -0.6568698302871533  0.21081089223230703  0.7239342468586113  9.578441257566444  0.0  0.0  0.0  1.0
3394309161425;1.9040075588087033;0.018214230460061227;-0.13104525601177588  0.9912580855471731  -0.015314983322291281  21.979797773880122  -0.9684358537707949  -0.12469351844710985  0.21583216532415161  17.09881162416707  0.212035699843305  0.043115360309688  0.9763103644319906  -0.31921835982141883  0.0  0.0  0.0  1.0
3394309161456;1.9884497529698029;0.031971370149256564;0.11052275582934654  -0.171425798274014  0.9789779957333081  6.437722231646862  -0.9222502683596995  0.349465725617207  0.16531227761210365  3.49886586596521  -0.3704580447963696  -0.9211334877773996  -0.11947357339886922  1.7655648547784721  0.0  0.0  0.0  1.0
3394309161487;2.3504147878262693;1.3719497349138825;0.4489740445379867  -0.81651287163298  -0.3629449514580243  2.241107005273612  0.6796815536422807  0.5757503587902624  -0.4544716822765754  -2.039810246535347  0.5800476643945898  -0.042640999173915034  0.8134657043906849  -8.714313978305933  0.0  0.0  0.0  1.0
3394309161518;2.2062122654647958;0.011035284742425877;0.7066268325054971  0.21379256324269583  -0.6745155739383377  2.872639995996436  0.10227481075423628  0.9123924291871973  0.39633309002286315  -5.572851798022254  0.7001559702440826  -0.3490455486953003  0.6228553782922358  -0.5258150945413952  0.0  0.0  0.0  1.0
3394309161549;1.3852236987168691;0.020315634202929006;0.6047846748434711  0.20924211014515304  0.7684095499253506  0.7771015719716301  -0.6396674946403783  0.7023979062485299  0.31219013052654543  2.6195660844078215  -0.4744059373310764  -0.680334418238328  0.5586448657110685  -0.7615414692194653  0.0  0.0  0.0  1.0
3394309161580;2.2986137988137836;0.0048175966579474296;0.13307468736087777  0.7625251161121485  -0.6331244544968693  17.626351762323093  -0.9148554594919185  -0.15120605658818748  -0.37440114408062247  16.859165249370008  -0.38122252795661715  0.6290406789303883  0.6774785667673643  8.04012419543457  0.0  0.0  0.0  1.0
3394309161611;3.407144086678155;0.011337518276143982;-0.9759170030173064  0.16372236544759602  -0.14415613158642634  24.049846964580354  -0.1868105600093031  -0.9684836117188527  0.16474619419281583  1.809189611507187  -0.11264021435850341  0.18770849976559506  0.9757446905953524  7.680376728189473  0.0  0.0  0.0  1.0
3394309161642;1.7425026346266586;0.006678954823162425;0.3195858458238193  -0.7457472335766335  -0.584573306576576  8.064308910594454  0.6205912934873602  0.6309311477421751  -0.46560963612926554  -3.3858837069872263  0.7160526053278204  -0.2139788550804484  0.66444090480772  -8.596402876207437  0.0  0.0  0.0  1.0
3394309161673;2.6456540480703254;0.010286941259754174;0.6020023233743897  0.7984928105029848  0.0015602009108231507  8.867539130894038  -0.7229876092165419  0.5459045110722522  -0.4234113622829634  5.726177313954516  -0.33894264938361834  0.25376661791104593  0.9059361920482053  9.87079747924093  0.0  0.0  0.0  1.0
3394309161704;3.077519635932954;0.012792832290438452;-0.8260598979635739  -0.5608253758697479  0.05567712956830985  23.69496132397104  0.544738108538399  -0.8198663429873116  -0.17629399519728595  -0.8288305238709937  0.14451795072729826  -0.11529994543437239  0.9827616621034895  -2.0651547240008825  0.0  0.0  0.0  1.0
3394309161735;3.1217165961473894;0.010439121869065636;0.6472652694544097  0.744185763393649  0.16503096836752418  9.7411063868292  -0.7376362881591281  0.666085675752162  -0.11055577302253228  11.545944241611979  -0.1921987964294642  -0.050173918722756936  0.980072548606004  9.688745373285938  0.0  0.0  0.0  1.0
3394309161766;2.088824937831005;1.2652962438133761;-0.6154728337795875  -0.7386181315961164  -0.2750208111339699  6.652956857819148  0.7103616289747465  -0.3686897400446038  -0.5995450205499058  -4.015181975274112  0.34143747152248693  -0.5643679041753747  0.7516044982416124  0.10323722093364272  0.0  0.0  0.0  1.0
3394309161797;2.586432702881334;0.020828624311238546;0.3186300643900814  0.7041016710665804  -0.6345988645341417  6.626471308449646  -0.4472051584551914  0.7019642245911556  0.5543047660314722  7.1698817010964735  0.8357526119120654  0.10717772247713844  0.5385448054589088  -13.98804958959698  0.0  0.0  0.0  1.0
3394309161828;3.2220836563382176;0.00760862949248413;-0.13204243657747702  0.13490004893319096  0.9820217776304685  18.280502068059047  -0.8486837165010569  0.4964845511564299  -0.18231576950157555  15.572340672660275  -0.5121530477197577  -0.8574993103558866  0.04893044502702497  16.204789104489546  0.0  0.0  0.0  1.0
3394309161859;1.6225102333552934;0.021990113733707614;-0.1600122280653474  -0.44559210856474735  0.8808199359996263  23.042913020500738  0.680278973844753  0.5968039183037502  0.425494536794564  -12.52736193138318  -0.7152737969577062  0.667287611065958  0.2076310176818335  16.039597376320476  0.0  0.0  0.0  1.0
3394309161890;1.282929335068904;1.1031338465859633;0.24396076406816725  -0.9239468853981465  0.2946273893553334  5.38521207649634  0.9558673573987493  0.17780833483143416  -0.23388414038579927  -9.77513235682364  0.1637093175564777  0.3386832576723214  0.9265489249454969  -3.348504158611459  0.0  0.0  0.0  1.0
3394309161921;1.558203848860055;0.01424140022618046;-0.904410357367476  -0.4252389617097209  -0.03483864134081261  0.35229211367949215  -0.2570436490144338  0.47787045282837826  0.8399811859886774  0.7380778300173896  -0.34054437007206567  0.7686427360989232  -0.541495961438847  2.5159296598905185  0.0  0.0  0.0  1.0
3394309161952;3.0446776651304432;0.025924547888615854;-0.004492972758799764  0.06868536357958653  -0.9976282544243267  1.891418084729039  0.8202112605933775  -0.5704447502048348  -0.042968301799880586  -10.397250542516227  -0.5720430938238936  -0.818458983574426  -0.05377351592285653  3.253567927121026  0.0  0.0  0.0  1.0
3394309161983;3.4771226457556867;0.7903064570651851;-0.8231174132294509  -0.4786095755546179  0.3056314745340947  14.238316295607495  0.0908317456402534  -0.6422399042927736  -0.7611028178360351  2.1913195156450263  0.560559825551565  -0.598715942264307  0.5721117919219649  1.6348939649787275  0.0  0.0  0.0  1.0
3394309162014;3.770407506413389;1.1890040374654933;0.6161787327054563  0.7133863655559168  -0.3337718723925353  8.313934880123638  0.7256606585677754  -0.3494789469652717  0.5926896947265314  -4.852233518971929  0.30617050473303487  -0.6074079017159444  -0.7330179144908764  3.0072361459046415  0.0  0.0  0.0  1.0
3394309162045;1.518228345276698;0.015472956380073089;0.37540366809973846  0.7007407213951603  0.6066584931869428  2.4454875247606367  -0.7516477271385309  0.6131319925304725  -0.24309433153221316  7.6770130798374465  -0.5423078279582018  -0.36473497380180464  0.7568821695753275  2.579802401828756  0.0  0.0  0.0  1.0
3394309162076;2.477253977533275;0.010779413572785581;-0.7798073890693675  -0.30253910463627376  -0.5480606956521307  10.923931917629682  0.10780955653443808  -0.9272899242286752  0.35848360624138  3.503136896619477  -0.6166664702030292  0.2204619844550503  0.7557241414282577  4.7686165908997245  0.0  0.0  0.0  1.0
3394309162107;3.7764439721661978;0.8079433195478872;-0.3873136586406061  -0.900174739155929  -0.1991822502533359  16.92809282938954  0.9180256308583892  -0.3964653115324804  0.006648145494025093  -13.426919247097583  -0.08495334553438455  -0.1802794933901461  0.9799399131301405  -8.16665654071411  0.0  0.0  0.0  1.0
3394309162138;3.5448738491278085;0.009987587555083444;-0.16837058195883553  0.9812146870734927  0.09417581962537504  2.405932847937247  -0.9366876690400183  -0.18902132695427906  0.29476626100152986  9.265813874255326  0.3070302229410348  -0.03858336205816819  0.9509173288846234  2.0685381526245754  0.0  0.0  0.0  1.0
3394309162169;3.3386677234651425;0.028518708867207112;0.9523133813424569  0.26780058271078844  0.1462260975881504  3.2972028594238814  -0.01214568029001828  -0.4455877420266777  0.8951558783842397  2.6586621753141957  0.3048798224979636  -0.854244936804035  -0.42108654903509035  -7.711598024361236  0.0  0.0  0.0  1.0
3394309162200;3.9550078381949887;0.04486129762260549;0.5933424893894081  -0.6712858115176897  0.44420721464223867  11.004470839366874  -0.2722096252627666  0.3520008059507646  0.8955430489509227  -2.0280902139565353  -0.7575266399272592  -0.6522812214567028  0.026126575272461927  5.687536835495296  0.0  0.0  0.0  1.0
3394309162231;2.42664388566255;0.879752874146219;0.8308264287385845  0.549241738342455  -0.08978283896183871  -4.685102289959357  -0.21294078377223916  0.4627774408343286  0.8605191821576632  2.5865402855387516  0.5141825239309032  -0.6958236508752684  0.5014436947122366  -5.0819969955843  0.0  0.0  0.0  1.0
3394309162262;2.736577686008396;0.018790611149030783;0.8603887322936564  0.2974057096031864  0.4138611762868571  8.823807296896671  0.3448515178631627  0.258178767693245  -0.902452854469346  -5.257187098621428  -0.37524480005669403  0.9191809222388279  0.11957329226289931  7.766566698419312  0.0  0.0  0.0  1.0
3394309162293;2.8148683419657083;0.8723365160093607;-0.08019355129646838  -0.979227980082074  -0.1862298508694068  -4.357263914184922  0.6320386371630972  -0.1944244908022011  0.7501508371716447  -3.342254876198223  -0.7707763329679207  -0.05754720150177353  0.6345015083794832  -1.4076135846865374  0.0  0.0  0.0  1.0
3394309162324;2.2219663596591737;0.7811332421582827;0.5148036990218784  0.8079617912756444  0.2866616390660675  8.73164751047609  -0.7548424200838257  0.585705296957316  -0.29523249475309465  9.298607474978784  -0.4064358157389496  -0.0643975850074762  0.9114070872721035  10.714362170397333  0.0  0.0  0.0  1.0
3394309162355;3.4807471093941937;0.7929015114408466;0.7679036608205462  -0.37572687923576276  -0.5187998457190957  -7.611456364781968  0.5994954338098141  0.13620337442746056  0.7887039150630326  -6.632780044888314  -0.225674971008275  -0.916666762250234  0.32983761830041  4.756288618484091  0.0  0.0  0.0  1.0
3394309162386;1.7900521026949254;0.011630736728254506;-0.8165585760828273  0.044446375213059525  -0.5755489653852279  6.31983291543182  0.22987857540460546  -0.8895295363647548  -0.39483293239629014  -2.749383121206425  -0.5295166969940933  -0.45471059330647257  0.7161357021817444  2.6056903831607947  0.0  0.0  0.0  1.0
3394309162417;3.2825031286422393;0.01081006408976465;0.3619664361829574  0.8200590703496076  -0.44326450367060294  6.119939792818811  -0.1547553374560347  -0.41604718567914356  -0.896077856448497  7.955328641238395  -0.9192557231836406  0.3929476560889522  -0.023686598918393177  7.38694821871956  0.0  0.0  0.0  1.0
3394309162448;2.5548125902487047;0.010081374660336947;0.4682192333099721  -0.8543515919557644  -0.22550855168102432  15.345886262056435  0.8644474038618802  0.49576050699084784  -0.08337988765063675  -16.79077211856246  0.1830339736635701  -0.1559002149800616  0.9706666201400431  -1.1017904288210223  0.0  0.0  0.0  1.0
3394309162479;2.7901407133897638;0.9816443148996383;-0.9901256909548615  -0.12943656327620184  0.05382650089318425  18.0851999325349  0.12731144327276145  -0.9910063709406018  -0.041208848163301004  1.7774642995618446  0.058676336993413576  -0.0339492097461091  0.9976996234511919  3.186528481409617  0.0  0.0  0.0  1.0
3394309162510;2.4626078118590478;0.02652839458926378;-0.991369773470028  0.1306401596072119  -0.010914254339507087  34.93765948817168  -0.08895726915836394  -0.7315312748094205  -0.6759797321218963  4.145229279718845  -0.0962942184862187  -0.6691749716430723  0.7368393860351259  -1.6002542752670033  0.0  0.0  0.0  1.0
3394309162541;2.621200470666735;0.7568991924988855;-0.1943264685756322  0.8158948674689953  -0.5445666064391691  14.861285575020522  -0.5017946137044882  0.3943335509856826  0.7698722077229335  3.7974175674063173  0.8428756665535471  0.4228671372958303  0.33278220344114284  -3.009042119719605  0.0  0.0  0.0  1.0
3394309162572;1.826907686892434;0.021755662070967696;-0.41300893716117526  0.8787530997118067  -0.2391999322154759  6.882836230660222  -0.09487158978622037  -0.3027314707112407  -0.9483422578860677  -1.2613912599740658  -0.9057720459786958  -0.3689805501485158  0.20839950656291728  7.343000467824695  0.0  0.0  0.0  1.0
3394309162603;1.9909019248105964;0.014977735855725864;-0.23482391814968787  0.03568897711576728  0.9713825324645585  1.8503357687210442  -0.6481273605459735  -0.7505082718780661  -0.12910560930613235  5.033981753729963  0.7244229786364722  -0.6598966818790866  0.19936829554478663  -2.3399634745229494  0.0  0.0  0.0  1.0
3394309162634;3.01258289883689;0.7573927703246474;-0.09615991365662953  -0.5562413509503255  0.825438568579459  9.765353053648678  -0.09955241867307157  -0.8197488234554002  -0.5640045942896452  3.41963006010293  0.9903749728975839  -0.13640903905695786  0.023451804230513185  -3.0237807704867676  0.0  0.0  0.0  1.0
3394309162665;3.8547413171629152;0.6755844897382677;0.033287309800816664  -0.9305876926448035  0.3645524671487569  13.935306537439942  0.9185636729717965  0.17223085675417216  0.35577705192758996  -6.273547475394812  -0.3938689295981435  0.3230217922675569  0.8605371508641958  7.621413354272418  0.0  0.0  0.0  1.0
3394309162696;3.0132495381752045;0.009689138073610574;0.4849738985223533  -0.6308754995427066  0.6056372031412635  -4.556501050788108  0.6052626002779828  0.7420033093646269  0.2882503661692008  4.390403914975617  -0.6312349027555171  0.2267756445667924  0.7416975829639395  -0.8250144861810617  0.0  0.0  0.0  1.0
3394309162727;3.502392525482743;0.18774414632297756;-0.7278636203012696  -0.6151932190618782  0.3029056841035073  23.63753077622749  0.669161763813071  -0.7337233005940997  0.11778222283469109  -4.718333965607652  0.1497901334952021  0.28842229696329685  0.9457142774231054  -0.06796986884372455  0.0  0.0  0.0  1.0
3394309162758;3.457925038615682;0.011614604761141886;0.1404432751198121  -0.7392753247558397  0.6585952328105398  4.514866259923623  -0.8792980467229871  -0.39888474334565094  -0.26024201535342956  8.693824711138992  0.455094090823822  -0.5425522608313624  -0.7060640287991005  -5.68663490381626  0.0  0.0  0.0  1.0
3394309162789;2.1605956540110696;0.029244404851353576;-0.32253287493648214  -0.8740500533075561  0.36333049541466633  6.628936730166873  0.9234306681801923  -0.37488123618138375  -0.08209664928242305  -0.2723588507446593  0.20796236594511858  0.30903165383529363  0.9280361476140528  0.6577583835036876  0.0  0.0  0.0  1.0
3394309162820;3.736908019221678;0.008431085891340733;0.43960177026448527  0.44084314148636017  0.7825647629332465  7.883806007856344  -0.8594368197627649  0.45962274985559914  0.223864424711124  9.11177789052583  -0.2609954720227848  -0.770976168516002  0.5809278020236158  8.419546851550525  0.0  0.0  0.0  1.0
3394309162851;3.0196041882655598;0.018588662173864696;0.4334968548323827  -0.47529277420970517  0.7656221363273632  3.215179745105191  -0.30466361131802616  0.7222756891891764  0.6208847821818145  0.7782208930916666  -0.8480923067621186  -0.5024088052476222  0.1682998265613074  9.883255928373973  0.0  0.0  0.0  1.0
3394309162882;1.0159530457947656;0.025550864458706704;0.3875953477623588  0.1885466003840785  -0.9023414131450377  0.03644119027812181  -0.6029504212642529  0.7922872906014713  -0.09344323757575995  -0.5541276282777965  0.6972952286443931  0.5802852993441987  0.4207711200578973  0.9482660734737824  0.0  0.0  0.0  1.0
3394309162913;3.707565587024253;0.039792559459258164;-0.8110284148581006  -0.5849413440885008  0.008748386633894201  31.17828413980413  0.5849234662684848  -0.8110746055659357  -0.004745820742894813  -4.994224175867057  0.009871621002575853  0.0012681411598434722  0.9999504702317918  5.271311298346542  0.0  0.0  0.0  1.0
3394309162944;2.7894836947736765;0.04449615988112986;-0.17265227174000256  -0.2808099861205414  0.9441064266056014  12.948007529176598  0.9655752854758367  -0.23758575437656393  0.10591212109845621  -13.884779067116492  0.19456505632119936  0.9298918007017267  0.3121629027389835  -1.9281872245153935  0.0  0.0  0.0  1.0
3394309162975;2.6130962231388835;0.014658069082761689;0.2665248984379716  0.23697670772215618  0.9342411458021938  4.324784161550515  0.7834666793689158  0.5112981708025741  -0.35320552494629287  -14.171637430020079  -0.561377271388211  0.8260848748954972  -0.0493896612421791  11.129207373614257  0.0  0.0  0.0  1.0
3394309163006;2.118558382630927;0.02058459295113601;0.17664406881767783  -0.8797301457316561  0.44144279770146355  3.4244953802460762  0.6363486248073037  0.44423070321391134  0.6306500693950077  1.4524454644252487  -0.7509043219061861  0.1695109229903301  0.6382857873473116  4.768611840606858  0.0  0.0  0.0  1.0
3394309163037;1.6957835337450329;0.019088638531588823;0.4010225394369401  -0.8534506086685122  0.33287081792625695  6.332306081967296  0.9160457463380529  0.3761449924067309  -0.13919459509370757  -16.138717906106702  -0.006411979375202298  0.3607450668417919  0.9326424198318476  -2.5642002958645937  0.0  0.0  0.0  1.0
3394309163068;2.3800172959411823;0.007352991392766048;0.8046469266249969  -0.3778195792606121  -0.4580345936720061  1.9600369989898025  -0.1985203188908426  0.5558349117647643  -0.807240505581165  -4.225235739078941  0.5595828861396888  0.7404727654618977  0.3722459901043732  -2.22482914159798  0.0  0.0  0.0  1.0
3394309163099;2.23708937419933;0.009067416516142858;0.31197174194207744  -0.8599577791733278  0.40391366685085833  0.6875603709983081  -0.051632552125678466  -0.4398487876882996  -0.8965863725989389  4.810193925873644  0.9486873625123372  0.2588545190032677  -0.1816222073452792  0.16078465392559316  0.0  0.0  0.0  1.0
