# registration_from_features.py TEASER TEASER_config.json euclidean --input_txt=/neural_comparison/point_clouds_registration_benchmark//eth/wood_summer_global.txt --input_pcd_dir=/neural_comparison/point_clouds_registration_benchmark//eth/wood_summer/ --input_features_dir=/neural_comparison/experiments/FPFH/features_voxelgrid_0.2_compressed//eth/wood_summer/ --output_dir=/root/neural_registration_comparison/results/FPFH/test_1_teaser/
id;initial_error;final_error;transformation
2318808360030;4.969564550018172;0.34176482054084933;0.4826164073125849  0.09406956498600252  0.8707653646855957  -6.097202689064843  0.6711195991284666  -0.6785274327057121  -0.298662027602175  8.693283576001404  0.5627431803747963  0.7285268972448038  -0.3906004005790573  -9.491377008799226  0.0  0.0  0.0  1.0
2318808360061;1.6724101210514537;0.032791146929377804;0.20551103864364306  -0.942966040822295  0.2618783283350047  0.2827524622311676  0.9489076333772486  0.2574715222992432  0.18243551880952227  -4.822150448482244  -0.23945671073077102  0.2110058318171225  0.9477009141206753  -1.2269639287397458  0.0  0.0  0.0  1.0
2318808360092;1.584883217651029;0.03230641627996767;0.29770244044164584  0.11833764566084809  -0.9472958664401192  4.49779330269909  -0.8937880291318855  0.3832054647937737  -0.23301615981027635  5.148466590796459  0.33543436904352625  0.9160511849081557  0.21984997314699817  -3.8342350867695023  0.0  0.0  0.0  1.0
2318808360123;2.8011658140671436;0.017664997490854234;0.7906772890012521  -0.04293452973181282  -0.6107258393209988  -2.479516810359704  -0.5222258289451319  -0.5679467400416452  -0.6361734700996551  -3.406936230231129  -0.31954594073497494  0.8219447223705351  -0.4714841090927925  1.315870174593872  0.0  0.0  0.0  1.0
2318808360154;5.158117208596515;0.037264458280984715;0.6470583257653406  -0.7623892423732789  -0.00884116345588476  -7.07210308285118  0.7622364225199555  0.6465733547005711  0.03063548881984357  -5.790446933628195  -0.017639706395968124  -0.02656200490829813  0.9994915210513377  3.0834144246915143  0.0  0.0  0.0  1.0
2318808360185;2.9373278081057164;0.04943768622269129;0.6452361384839247  -0.13908432782705338  -0.7512162640327014  1.8272325381218109  -0.32722285535522894  0.8382183675245326  -0.436251270803511  -0.7569596055320502  0.6903589852587739  0.5273002162880306  0.49533721178109746  -10.071348719127922  0.0  0.0  0.0  1.0
2318808360216;2.8192109211834575;0.040454377841305435;0.6743842333657181  0.707684003107623  0.21068758276961014  -1.9910138232123806  0.4163827790553502  -0.600125711211337  0.6829893938043475  -3.5237974357208204  0.6097797037405195  -0.3728705975115975  -0.6993827495852816  -1.7057709235819565  0.0  0.0  0.0  1.0
2318808360247;5.338906233558544;0.06661523499267198;-0.35238505820643334  0.9358532853612329  0.0018436462339637139  -2.3462080972980885  -0.8975390937851598  -0.33851489583059513  0.28254422738416674  4.8993394441178575  0.26504404517016206  0.09790961944256912  0.9592525009299948  -4.081926736366816  0.0  0.0  0.0  1.0
2318808360278;3.9358878406157967;0.02194511964223978;-0.028751933333524077  -0.9263447133485476  -0.37557795246896664  0.6199095644108683  0.5096559302146397  0.3096403331545073  -0.8027289062199114  4.773521208186405  0.8598977608568562  -0.21449553873020855  0.4632143183648396  -1.601441161725012  0.0  0.0  0.0  1.0
2318808360309;2.1234453820707166;0.04093953138667925;-0.24895275542752532  -0.3155358111699761  -0.915674438561189  5.0093619735001855  -0.933596287092196  -0.17339876771944915  0.3135774865659883  1.4271293905586477  -0.25772174586694996  0.9329362353465975  -0.2514149607414196  7.6573078211406225  0.0  0.0  0.0  1.0
2318808360340;2.3866042493559383;0.01666080382318841;0.3808843463611617  -0.9179899526940128  0.11055117118273347  14.69563385206512  -0.8833636199309884  -0.39659559032323716  -0.24976119137804942  22.559003562226422  0.27312237125407735  -0.0025267546391761764  -0.9619759798620457  -3.3097251160562737  0.0  0.0  0.0  1.0
2318808360371;4.044074629937958;0.030327069852087104;-0.8253636094785757  -0.008996196118352381  -0.5645298757407766  0.5041022429324239  -0.4758894451357204  -0.5269538072892822  0.704165407409187  4.524215176817902  -0.3038159774549601  0.8498463116580134  0.43064730163366516  5.109689913635994  0.0  0.0  0.0  1.0
2318808360402;4.2662430875772905;0.010453796738339703;0.7192540215394188  -0.6882489817908619  -0.09479974453138318  3.0954261267517778  0.6416678773653802  0.710399185684317  -0.28912857371153566  4.503428943306546  0.26633810778178413  0.14712693853574532  0.9525847344463994  -4.307040385559651  0.0  0.0  0.0  1.0
2318808360433;3.0557917853126377;0.054662856396020934;-0.6204596657914365  -0.5535868316276631  -0.5554920548256522  18.969706981197458  0.7273566044799211  -0.6710513398165446  -0.14367487341167512  5.381655840466065  -0.29322716969172447  -0.49318527875319507  0.8190153281689627  3.014575087229282  0.0  0.0  0.0  1.0
2318808360464;1.0653308809730693;0.027700159548762787;0.7944013997821839  -0.4560789327172814  -0.4011463861928373  2.4628292522551747  0.6028388785877163  0.6727516199497166  0.4289411898129358  -3.5359968373180535  0.0742408410998415  -0.582578119213636  0.8093769409405558  3.197742093107035  0.0  0.0  0.0  1.0
2318808360495;1.7172042102086578;0.8352177752113645;0.11878782053289805  0.991705291376187  -0.0490924510440886  -6.21959166922069  -0.9923929156314236  0.11696931943966854  -0.03839894939165839  22.373597708777236  -0.03233813070674173  0.053280328136124155  0.9980558360813792  0.9150886215608195  0.0  0.0  0.0  1.0
2318808360526;3.6807220373796983;0.06844538353015606;0.4830622002837318  -0.7355106618091112  -0.47505260447887565  3.245469788920664  0.749531750027139  0.6278200320969595  -0.20986701265093133  -4.961333966575774  0.45260696675845935  -0.25468818909186924  0.8545647195963627  4.736659356759962  0.0  0.0  0.0  1.0
2318808360557;2.560279020018075;0.1649657977742867;0.8779238619949689  0.4785623857286819  0.01509090804133155  -0.6351420978041952  -0.3905843124400479  0.6975860993872661  0.6006808876744756  -3.4566313998266134  0.276936070990355  -0.533246356675161  0.7993464428375802  -1.1110450323595202  0.0  0.0  0.0  1.0
2318808360588;3.9226564362176193;0.05807845595373558;-0.35778976377460064  0.8198325509751833  -0.44705824374418923  -4.184121754199422  -0.9299615206156312  -0.35620616467568483  0.0910425088697666  25.09527659181792  -0.08460529009688306  0.4483210418980603  0.8898596452694435  -1.0411887381114024  0.0  0.0  0.0  1.0
2318808360619;3.5577362196516864;0.05204415935661305;-0.916873446420503  0.38895099525838334  -0.08977865301118305  6.411551432589664  -0.07031681146264768  -0.37876483359213076  -0.9228178297257004  17.984477410870987  -0.3929359098818988  -0.839794215341734  0.3746292121602981  14.366884066462909  0.0  0.0  0.0  1.0
2318808360650;2.026557361496415;0.03520269814909843;-0.3643503002339514  0.9311450644097279  0.014755600456533319  -1.5805995945838678  -0.8726312705701957  -0.346901814071386  0.34376415900588964  23.75734484586175  0.325213044545379  0.1123743761690566  0.9389400807496396  -3.347327300044408  0.0  0.0  0.0  1.0
2318808360681;3.2402694513344694;0.04341493369873406;0.15259764575696824  0.9880803777899974  0.020276230808677798  6.225674084422201  -0.9575222727839621  0.15289538316563528  -0.2444874207996588  8.639145136776499  -0.24467336518727628  0.01789326222380383  0.9694404445529003  1.9175514391402615  0.0  0.0  0.0  1.0
2318808360712;4.183482302346372;0.03939758631655333;0.7349558691426327  0.6247625963188228  0.2636504668187807  -6.332303788576202  0.6725148067282813  -0.7214036593763744  -0.1652289168686848  9.900400604434873  0.08696956446953111  0.2987448049411735  -0.9503619501940509  -3.0231501638987868  0.0  0.0  0.0  1.0
2318808360743;4.6928323050556155;0.031768950248696574;0.07642731661988854  -0.8150727352390545  0.5742954827823479  1.8797080528784804  0.8585865928688945  -0.2390448713958415  -0.4535268591882166  -4.545311891333157  0.5069397674478364  0.5277442427248942  0.6815409646167  6.256969050909632  0.0  0.0  0.0  1.0
2318808360774;2.6368253275423768;0.050502441082719264;-0.9923482105353375  -0.11303658722283583  -0.04967654372365624  10.180372024118672  -0.07171200105365655  0.20013247713363572  0.9771409215160506  -5.4915039690210445  -0.10051078525309809  0.973226449263156  -0.2067071854155934  2.633656723332336  0.0  0.0  0.0  1.0
2318808360805;3.822501238380734;0.034691095971524415;0.4877794175362459  -0.5329818878504545  -0.6913765595183036  9.415415675374705  0.642063044004683  -0.3175560941500988  0.6977916412451317  -9.87881757174381  -0.5914611461046632  -0.7842757386860182  0.18731064667300462  3.9074031207555096  0.0  0.0  0.0  1.0
2318808360836;3.8885550361159975;0.038164217289923426;-0.39567972315932975  0.9048503414954876  -0.1571095674236771  2.743046325645541  -0.8996693702648119  -0.34753730332286725  0.26422120847196695  15.454335784515024  0.184479215327563  0.2458936402076478  0.9515796008834769  3.70270788487596  0.0  0.0  0.0  1.0
2318808360867;3.4260014484993295;0.016398637542146065;0.40029117844187273  0.6513916953029587  0.6445586332925458  0.6464893615905427  -0.767576595001219  0.6225586595934343  -0.15246929583217997  6.599882932100239  -0.5005927918657553  -0.4337160069164658  0.7491977589905647  -0.008587426032768769  0.0  0.0  0.0  1.0
2318808360898;3.99662055613861;0.07075741338085871;-0.6970745326387466  0.7070417153657264  0.11907606257835335  3.6257246117274557  -0.47808958037650956  -0.5821163512288515  0.6577012291059074  31.093633850266222  0.5343383282919972  0.40153775210395704  0.7438077604821115  -9.387530646917684  0.0  0.0  0.0  1.0
2318808360929;3.423510523147215;0.03746146724210498;0.23932464975329304  0.08572068457902571  -0.9671482183490627  -0.7178403455072229  -0.37396016085627465  0.9273871114030503  -0.010341358511160303  -2.7766065891422946  0.8960343241822902  0.36414984530933225  0.25400271661613594  -1.6991935823233169  0.0  0.0  0.0  1.0
2318808360960;3.2303591939848126;0.015316598031145063;0.4552462261650927  -0.882742008285453  -0.11626444155719244  6.160110865443943  0.7721276861580837  0.4564337866617857  -0.4421391575756965  3.1102308389164586  0.44336182721407597  0.11151118868413273  0.8893793032040083  -6.766547203518096  0.0  0.0  0.0  1.0
2318808360991;1.4400202981915988;0.043365819212731575;-0.3001154834884788  -0.17639359637322893  -0.9374518631529813  6.367938918742552  0.8875049564686449  -0.4118745443723537  -0.2066260195175207  -3.0492072728985113  -0.34966505232016776  -0.8940048427478373  0.28016011909147587  3.504336293199107  0.0  0.0  0.0  1.0
2318808361022;4.853359975936401;0.045096747221249116;-0.06884710193064922  0.6225983006456118  -0.7795071728912739  -4.298717208729391  0.9975692245420055  0.0345382371746918  -0.06052067761953055  1.9860356129648218  -0.010757267423148476  -0.7817790392470627  -0.6234627615114848  2.8521722092183803  0.0  0.0  0.0  1.0
2318808361053;1.3356595994763014;0.0827328754801996;0.18961186121132728  0.9401146432666767  -0.2832521837577705  -1.00012565673238  0.2818871781584175  0.22421863777751222  0.9328802823851954  3.0496692894137394  0.9405248326747473  -0.25673032541709306  -0.22249175070858898  -4.246488191087041  0.0  0.0  0.0  1.0
2318808361084;4.199949712177371;0.028145763357364833;0.28961112008537937  0.8997036571071017  0.3265864793756769  -3.1806726095134294  -0.9268990074606552  0.34872621056207675  -0.13873809871649379  0.9079876080637794  -0.23871244016880555  -0.2625325874155851  0.9349294152253068  4.521487689825709  0.0  0.0  0.0  1.0
2318808361115;2.9319105454862306;0.07425046081171453;-0.3471671726554135  -0.8731842333762478  -0.3420880717206908  21.787910994005077  0.05310501369588658  0.34588618193290416  -0.9367724412407944  6.722888710581656  0.9362984629650989  -0.3433832315810027  -0.07370986716974401  -6.439068009696446  0.0  0.0  0.0  1.0
2318808361146;2.1018359827685917;0.023272698647253304;-0.06135042727584332  -0.22449496079630882  -0.972542100708311  11.851803512247413  -0.9379115419132658  0.34625269738150954  -0.020760758702630208  9.89056571458292  0.3414060113983811  0.9108847798339217  -0.2317991657619931  -5.862390030056747  0.0  0.0  0.0  1.0
2318808361177;2.9797821204083887;0.03697747484227729;0.5394779410815227  0.18351339881395906  -0.8217581052488565  1.2872744070396198  -0.7251975882822188  0.5971834986506985  -0.3427248559544016  17.656783013304874  0.42784577716286437  0.7808294957255784  0.4552507985372952  -11.920457665175816  0.0  0.0  0.0  1.0
2318808361208;2.047594508282059;0.03381786766552006;-0.09306443701940453  0.9480140852912474  -0.3043161261774685  -0.32843597875002284  -0.8324448858970007  0.09359565161110933  0.5461459200098645  18.63670126330463  0.546236690919047  0.3041531655085824  0.78045905043437  -9.867266266934907  0.0  0.0  0.0  1.0
2318808361239;2.8811770696532393;0.03318022957409537;0.9108472656376564  -0.4100023775274977  0.047490094779906344  7.105638039812429  -0.029866784033456356  -0.18023055360520998  -0.9831708512555996  5.11452622050997  0.41166155260347564  0.8941001051162892  -0.17640795939848322  -7.281326596263344  0.0  0.0  0.0  1.0
2318808361270;2.4139519301703216;0.010954069751367554;0.5262093398616314  0.4784929643151087  -0.702956765202047  2.991248221246373  0.7133388804399422  -0.6983637939442209  0.058614443275723654  -2.2297505352669207  -0.4628729548105779  -0.5322898593893878  -0.7088131864575824  5.712353077504705  0.0  0.0  0.0  1.0
2318808361301;3.633939948710988;0.03562915062981706;0.6866698729949852  0.6513165433341025  0.32291058499276026  -11.276449759723373  -0.3969138208831342  0.7080335391104304  -0.5840786987099509  5.2644169299037005  -0.6090516433874895  0.27290157176915375  0.7447018381962837  -1.9605768497209937  0.0  0.0  0.0  1.0
2318808361332;6.355512347551134;0.008706506956453435;0.33510591684804847  -0.5482696845257097  -0.7662273667283801  -5.192307440831712  0.9333743549074548  0.3041101402132734  0.1906025608971616  -2.299996674722072  0.12851590599813584  -0.7790490200555686  0.6136499704684555  7.097074650091395  0.0  0.0  0.0  1.0
2318808361363;3.0049062450558113;0.060539033464219426;-0.9913224566146236  0.11092882421349418  0.07053072359021813  9.633872043904976  0.10332371707812382  0.32583980719457234  0.9397620068594834  -4.8552816342335845  0.08126497708550567  0.938894677802583  -0.33447389657980287  4.133669347139918  0.0  0.0  0.0  1.0
2318808361394;4.888364505047668;0.0654504232778736;-0.2671775584975198  -0.8649743189184259  0.4247770943058376  14.910195013891652  -0.762114064941994  0.4594317391562861  0.45618486282802184  2.289949147633703  -0.589744270216248  -0.20184624016175398  -0.7819589446253995  0.2239698577649988  0.0  0.0  0.0  1.0
2318808361425;1.9513800093892786;0.015341815584765887;0.3742939939500709  -0.010450745985047638  -0.9272512000538269  7.950234622647133  0.6070848661441387  0.7586258044965515  0.2365055053285532  -4.493901640958386  0.7009650286509727  -0.6514427608472728  0.29029357200603856  -3.803254401216958  0.0  0.0  0.0  1.0
2318808361456;2.9799420916800283;0.04262180298024824;-0.9243319087139793  0.3130643807241381  -0.21817702916435644  11.464377741412026  -0.3485185284585973  -0.45979263756882743  0.8167775497395579  11.54644572991472  0.155387766102183  0.8310122886933222  0.5341097435794079  -0.7663527293386325  0.0  0.0  0.0  1.0
2318808361487;3.3327799764990607;0.17505246487800674;-0.8023300133136292  0.06162643335751516  -0.5936907717387755  11.853127231073902  -0.2739336379032392  -0.9217360746105406  0.27452316985392666  15.028577950462083  -0.5303083176429046  0.3828900514157849  0.7564180700945535  -0.287623079053808  0.0  0.0  0.0  1.0
2318808361518;4.4213036334582645;0.04963308733259045;-0.9050083647544133  -0.3445581604941192  0.24947852364772816  9.37681780415657  0.2609039066081513  0.013622034303782643  0.9652686629628208  -0.7541159248016484  -0.33598959990027416  0.938666135651188  0.07756851513673912  -3.406390131432625  0.0  0.0  0.0  1.0
2318808361549;2.6879622013693756;0.10158501799416204;-0.7473227397732843  -0.059875307291388805  0.6617580148320956  2.3886017566416453  0.6216963448110824  0.2885126003248457  0.7281855081655614  -6.056217051541349  -0.23452585671156462  0.955602127996039  -0.1783877672463816  3.6659761697902615  0.0  0.0  0.0  1.0
2318808361580;1.329810775815828;0.05659194561326415;0.42264311847440017  -0.8487230160796326  -0.3178711002638126  6.508578968819524  0.5564757174441985  0.5198574711328446  -0.6481380914607076  1.0149107421435561  0.7153373821499889  0.09704355560291789  0.6920079320461182  -4.891078548209066  0.0  0.0  0.0  1.0
2318808361611;3.0580385862811856;0.08683683861678769;-0.7489245041109993  0.662617383173564  -0.00709159067576387  7.314327246065821  -0.40571633925457995  -0.4669705566435733  -0.7857052572624509  27.485322579525263  -0.5239335255583064  -0.5855567459642237  0.6185603915963536  9.844690340177973  0.0  0.0  0.0  1.0
2318808361642;5.3800009482235644;0.054204411730266036;0.01787378966056803  0.9889661760050694  0.1470592749916859  4.011309233799416  -0.8694855443231209  -0.05724235300202308  0.4906304120577098  7.5119925648755075  0.4936349013758001  -0.13663533855010684  0.8588686560836886  4.734129615386101  0.0  0.0  0.0  1.0
2318808361673;3.504208192072817;0.02008001442427538;0.5196256940450468  -0.774619685320864  -0.36049061180786524  4.172335165302968  -0.33183638041182034  -0.5717755117541096  0.7503048585698405  13.051801298903825  -0.7873206174890794  -0.2702537830849596  -0.5541562397058095  3.3633185355685264  0.0  0.0  0.0  1.0
2318808361704;2.519718137010217;0.024890720789502975;0.7422252051245006  0.5561325785656379  -0.3739228529199966  -2.163733985935463  0.04766639490954311  0.5127443809452557  0.857217075544693  0.5947459458146237  0.6684531843549119  -0.6540716741053715  0.35406296821155464  3.8267342850629493  0.0  0.0  0.0  1.0
2318808361735;5.251465982301738;0.046318435795559346;-0.6065118465592224  0.39793663444131117  0.6883239171733353  1.4289249593708069  0.5024465851247789  0.8627881769875955  -0.056071300563385246  -1.0376614854002488  -0.6161905623098831  0.3118380935997781  -0.7232331534852964  10.71898376648451  0.0  0.0  0.0  1.0
2318808361766;5.291135375928377;0.02590788841598234;-0.9233835184560631  -0.1959743377017072  -0.33008625661496205  23.233742371708843  0.20591083002230778  -0.9785581825021861  0.0049612032352981394  10.699627401175936  -0.32398087586032853  -0.06338724177935812  0.94393773611207  4.953038905710856  0.0  0.0  0.0  1.0
2318808361797;3.384830345230238;0.07076666093195262;-0.6257854985195923  0.7775712617657698  -0.06144463132426345  7.046489417968274  -0.7756101620025463  -0.611992281360598  0.15457789024771385  17.37406950072425  0.0825916850595082  0.1443896825643709  0.9860680671880575  -6.918269331084901  0.0  0.0  0.0  1.0
2318808361828;1.4149627962549474;0.034105602510024736;0.4979231407725231  0.44852353311204884  -0.742225832296284  3.5560641884227913  0.12258311834258251  0.8108720315665603  0.5722411445540485  -2.6625709488934404  0.8585137884627332  -0.3759164650129121  0.3487705353833106  -3.2715911281259746  0.0  0.0  0.0  1.0
2318808361859;2.242344127922003;0.1037048625068863;0.4925798483747648  0.46060103227610794  0.7383845759773677  3.915870855611738  0.5985411225007177  0.43661772577975594  -0.6716498240977175  -4.203903509828952  -0.6317543966215631  0.7727947014577019  -0.06061956572120375  4.044586338435  0.0  0.0  0.0  1.0
2318808361890;3.1043376176245805;0.010389878436744522;0.7179463750001178  0.4347381832006922  0.5436503607021267  1.2841455674497997  -0.6920079726450721  0.5302906634704233  0.4898130031264542  -4.376173844293888  -0.07535229538539612  -0.7278698539597996  0.6815625483231104  -2.129798782733227  0.0  0.0  0.0  1.0
2318808361921;2.582712583147148;0.03282037335055357;0.6829416533132026  0.7088391671446679  0.1764588713878737  -10.085193634931965  -0.5814440592262824  0.38128469049190844  0.7187105055493148  10.469131314497103  0.44216909001002325  -0.5934383033796711  0.6725455195907305  6.3413620496818695  0.0  0.0  0.0  1.0
2318808361952;1.429597864979908;0.03632751063617567;0.7454082177428347  0.6285677117934299  -0.22196671059468048  -2.8041231815986203  -0.5114727930365589  0.7528413257658806  0.41427710557361525  3.6141385729062425  0.4275069249788031  -0.19527562548828986  0.8826693940458822  -2.868768607565668  0.0  0.0  0.0  1.0
2318808361983;3.430782124719056;0.06407480633168326;-0.649831792146333  0.2159697956032271  -0.7287494008937406  4.276447479499603  0.7550685177257425  0.2933247722066835  -0.5863719907612812  -1.2522844222046128  0.08712161302074209  -0.9312988915471754  -0.35368375584364403  3.5490303638803455  0.0  0.0  0.0  1.0
2318808362014;3.6985124006147214;0.018667611482487387;0.4601367237927032  0.13282479303382216  -0.8778563491670152  9.640215760887676  0.6568471933667945  0.6143063050343542  0.4372408125520809  -5.318886594879556  0.5973491106409075  -0.7778080341257483  0.19541929808991731  1.6040886873280187  0.0  0.0  0.0  1.0
2318808362045;2.2111434334810025;0.9329166364130561;-0.025497049925869653  0.9965862635324136  0.07852209742219163  -3.11102997319254  -0.9832016616184827  -0.039200176757495764  0.17826339706410654  18.023933690241105  0.18073293290303216  -0.07265786592436849  0.9808447591151133  2.6658992272159323  0.0  0.0  0.0  1.0
2318808362076;1.35138127439203;0.05027630526666906;0.916603008660791  0.008031371888255895  -0.39971792751836754  0.601516498682309  -0.37819328760308546  -0.3068011956494573  -0.8734087608674614  1.5475764024280954  -0.1296486086541454  0.9517397351238711  -0.27817748805463827  2.127973014601354  0.0  0.0  0.0  1.0
2318808362107;2.3703459450599085;0.0390931193076349;-0.8059625761328574  0.5581171234474186  0.19730585999424569  9.458033369312746  -0.415119249034929  -0.29524970206455087  -0.860525201555116  5.682959886099365  -0.42201935376706  -0.7754565687036088  0.4696453716374308  8.723438219889905  0.0  0.0  0.0  1.0
2318808362138;3.4849647346435484;0.02168385787507049;0.6775063676007113  0.5464725764150664  -0.49229345423920745  0.37005234769756384  -0.7343139016923027  0.46428332496920754  -0.4952010580935431  4.772049993514388  -0.042050156265089636  0.6969997972609582  0.7158373187926605  -7.29474214805789  0.0  0.0  0.0  1.0
2318808362169;3.48714335094723;0.07843652960512458;0.4633147315812732  -0.6539623783666464  -0.5980574112748815  3.4162640950708045  -0.018158173212807716  -0.6817246345096548  0.7313834859006951  -3.620880159147212  -0.8860077540548652  -0.32800111338792354  -0.32772782819122337  3.6615778937102816  0.0  0.0  0.0  1.0
2318808362200;1.6972551672156184;0.07048115399441252;0.6862767229598183  -0.1257067659399469  0.7163951901851748  0.051296864000828696  0.7094124460886131  0.33302384196337564  -0.6211514324369889  -0.19955944893505548  -0.16049374086893087  0.934501433750036  0.3177244552454606  -0.9597175402171161  0.0  0.0  0.0  1.0
2318808362231;2.3843011935207;0.39441743912253974;-0.3887645840038765  -0.8840002166855636  -0.25962610639950867  9.868823089330919  -0.9111299398102352  0.4107070284813522  -0.034087674274087765  11.190402832852952  0.13676377812012638  0.2233010381881241  -0.9651074112959731  -2.2777666961169047  0.0  0.0  0.0  1.0
2318808362262;5.232306399155367;0.039144749778068574;0.7101785281623925  -0.6959772444832233  0.10612319868265212  12.293300877099695  0.16977920836481972  0.3155967592883865  0.9335811190966122  -2.3279045690022655  -0.6832433523599863  -0.6449917524187478  0.3422925076125371  18.910523030730364  0.0  0.0  0.0  1.0
2318808362293;3.4552109610591604;0.029426065802581135;0.6116571396771049  0.729609046343132  0.3058532049468966  -1.7017381309959825  0.66807114554884  -0.6834314995149579  0.2942827381206675  16.319771626774077  0.423741062403779  0.024331563143422913  -0.9054565075518065  -4.323880284580737  0.0  0.0  0.0  1.0
2318808362324;3.901348001708932;0.026783656899151978;0.5225861528675572  0.8486084132969043  -0.08226465652268708  -4.616088295387406  -0.7724123846939432  0.4303861724903262  -0.46706193433049303  18.354101639854587  -0.3609471163515522  0.30762233893336904  0.8803895023151179  -4.972623524403958  0.0  0.0  0.0  1.0
2318808362355;2.04977221751585;0.14874180004671103;-0.36801157679259167  -0.6804029721045539  -0.6337343882873323  5.039096005982556  -0.919512083750933  0.36752003736143796  0.1393791590370115  4.191594568676516  0.1380760920023725  0.6340195720079439  -0.7608903831224417  1.0873014988650889  0.0  0.0  0.0  1.0
2318808362386;3.0729207631497046;0.013667046536855094;0.8824875269373561  0.352743411868114  0.31110745761494313  -4.363223676398568  -0.4702932364711282  0.6528912999621823  0.5937652921510356  -4.4351886067373165  0.006327442572073832  -0.6703021973836392  0.7420612694738643  -0.7527177930624224  0.0  0.0  0.0  1.0
2318808362417;1.4050409535936035;0.061343758040976304;0.1350212234836874  0.9439677003304154  -0.3011548603988905  0.4460510902222273  -0.8631552017553458  -0.03719134812391153  -0.5035671765588122  10.537976734865797  -0.48655150487040577  0.32793564057240426  0.8097690095025314  -0.06934039867301459  0.0  0.0  0.0  1.0
2318808362448;2.5537408364538483;0.013461929670284032;-0.03177277403353505  0.9862619315823188  -0.1621045747094334  1.987289662180646  -0.9546032358253258  0.01811686359465739  0.2973288438838536  21.1285540063837  0.2961809463521083  0.16419251373008778  0.9409132082466292  -4.150453540399945  0.0  0.0  0.0  1.0
2318808362479;3.2775968567417544;0.0300132379430175;0.290450682982797  0.9568825951950398  -0.0037549657300213757  2.2279660246975372  -0.9535502711239239  0.2891071690742216  -0.08461043215455416  12.30034157346982  -0.0798766623884461  0.0281557063966828  0.9964070327948242  5.782920107830427  0.0  0.0  0.0  1.0
2318808362510;1.7896114733317854;0.16703574304703314;-0.9566503865327936  0.2912004672412381  -0.004725021178983213  11.745887366304869  -0.28901643258795773  -0.9512259177567496  -0.10788306207167259  25.272157106737932  -0.03591016069008494  -0.10184076426615454  0.9941523621120143  2.458068383131079  0.0  0.0  0.0  1.0
2318808362541;4.507281674743628;0.0742707659460822;-0.42128775042248456  0.8358812342131441  -0.35187951579236976  5.265754719721761  -0.9051780093390502  -0.36345206874316327  0.2203528196672511  22.228211168850454  0.05629744890272875  0.41134554332899387  0.9097392160561278  -4.823335479340418  0.0  0.0  0.0  1.0
2318808362572;1.6524012560965744;0.013147181086478645;-0.11324078058706788  0.8178066982722982  0.5642417299996466  1.5515141713167773  -0.9329681252307692  -0.28281962402885136  0.22267361219408757  7.744588713175621  0.34168260552070157  -0.5012038153537355  0.7950142970786396  1.2738079469422376  0.0  0.0  0.0  1.0
2318808362603;2.7922284303351215;0.012805922429038446;0.9975080023101484  0.008595643816414533  0.07002785327710262  0.30112462634915116  -0.06413490066484542  -0.3031626226507046  0.9507781753617707  5.899342329686902  0.02940237820191549  -0.9529000677589066  -0.3018558613330936  0.07338982866776074  0.0  0.0  0.0  1.0
2318808362634;4.154034979657225;0.10839618840805129;-0.7869356410639319  -0.11893132605326001  -0.605464810295786  16.463825870786007  -0.1816080623327253  0.9824277020733091  0.043061838032186966  3.0145982569458947  0.5897040007656821  0.14384418612571948  -0.7947062612052197  3.147270174292956  0.0  0.0  0.0  1.0
2318808362665;2.2058351322628655;0.04270588888932227;-0.644394220597559  0.16600605151259595  0.7464570177322083  11.22888812976394  0.7283261115987526  0.43069075007372914  0.5329601795297383  1.230182532762589  -0.2330175178477077  0.8871005966981009  -0.39844117221236897  -4.435144068398125  0.0  0.0  0.0  1.0
2318808362696;1.9478287065829136;0.022120247220722533;0.490415951971765  0.8362839550879221  0.24519653446598572  -0.8424010298245153  -0.5308413456919573  0.5097905721298837  -0.6769941198204289  2.1411174514189173  -0.6911582016843754  0.20184825743609458  0.6939435288367726  0.8149377776445258  0.0  0.0  0.0  1.0
2318808362727;4.3430344902627;0.06726944081445699;-0.10850227964914286  0.9940801709384194  0.0056452686368710925  1.2102207751683238  -0.9741639455541656  -0.1074565071235375  0.1986396391940682  -5.079247637924999  0.19807034733467743  0.016053436512231845  0.9800563375045683  -3.6957091126908472  0.0  0.0  0.0  1.0
2318808362758;1.6605101549061114;0.020969074685485836;0.0024935784098186198  -0.9717109055254753  0.23616032297906295  3.071460842230062  0.9954083827020148  -0.020185602433722694  -0.09356651698629094  -4.220457724670011  0.09568664333788893  0.23530928060161366  0.9671988465406063  2.440681182419479  0.0  0.0  0.0  1.0
2318808362789;3.2529369529640206;0.018151369921692157;0.6249474117615151  -0.2109342599206069  -0.751629876018995  -2.6613351380131505  0.34041092771984305  0.9400803809620655  0.019216597491092613  0.6173292555159935  0.7025390614204307  -0.26787238626249793  0.6593051280374939  2.9514193882608772  0.0  0.0  0.0  1.0
2318808362820;2.400344764826293;0.07028952587765687;-0.7221291185052231  0.41652471245765466  -0.5523012765863742  12.124819037421217  -0.5339035777188488  -0.8432604439735167  0.062119186477289305  17.677147540779078  -0.43985964341580963  0.3397337009212592  0.8313269552663749  -1.0741515161927224  0.0  0.0  0.0  1.0
2318808362851;2.213741788563696;0.047379948362383725;0.6883079949746438  0.3838316227900155  0.6155529135666316  -4.176916359905241  -0.2539079534347814  0.9223469100808149  -0.2912162918638547  1.2365352977947366  -0.6795313497084193  0.044152721442240306  0.732316654154948  5.434113740258091  0.0  0.0  0.0  1.0
2318808362882;2.8118491113323465;0.18833039664634493;-0.057588184685064325  -0.3033719319533765  -0.9511304179173097  16.242763597697486  0.37084926187101436  0.8780412954665112  -0.3025133194178669  0.009736669051634894  0.9269058344591448  -0.37014720633603104  0.06194045275285495  -3.802998390889647  0.0  0.0  0.0  1.0
2318808362913;3.693761787700806;0.053558167016160695;0.07306786715024247  -0.9208762168817823  0.38294657587137604  8.813928593448473  0.9894968601969553  0.01891661172930205  -0.1433112886727708  -6.186945290509465  0.12472790566060987  0.3893958846497736  0.9125863217073438  6.723025170455298  0.0  0.0  0.0  1.0
2318808362944;2.216755272952035;0.03795437127364392;-0.5026488486972394  -0.8492107098126371  0.16181874193941848  12.71167797030566  -0.23799857773528554  -0.04401473576040579  -0.9702676847303131  3.537084921070066  0.8310841184256382  -0.5262165650903231  -0.17998698487729875  -1.943531748594811  0.0  0.0  0.0  1.0
2318808362975;4.0877051608656085;0.04692997019301739;-0.7916184224989518  0.5967429526216115  -0.13129402749825284  5.514758621868306  -0.542145410512632  -0.7850905490663027  -0.29951825257713294  25.979340593760842  -0.28181310654467395  -0.1659237121788555  0.9450135949902669  0.0828752731162837  0.0  0.0  0.0  1.0
2318808363006;1.8159881834797982;0.0417075539377183;-0.9466009187569167  0.20046255712343322  0.25251032414555996  11.063226958526625  0.10243725179996517  -0.5556160247081866  0.8251045040060943  7.8431521573781025  0.30570134126665527  0.8069111452192278  0.5054118060243166  -4.236441216872172  0.0  0.0  0.0  1.0
2318808363037;2.514235334584633;0.11244606530591088;-0.5831298402490297  -0.7147649588196141  0.3860966757882483  9.329338194022547  -0.6136429260674479  0.6989933753519015  0.3672201254037371  4.554438329908063  -0.5323550964333125  -0.022788480812705625  -0.8462143560846315  6.658354264286274  0.0  0.0  0.0  1.0
2318808363068;1.8909816795339536;0.030187339685327455;-0.25984442399221364  0.9044568918884884  -0.33828775626021246  5.089266520125199  0.4052626899356378  -0.21583646874405016  -0.8883562184767038  -0.07352074101879902  -0.8764947389838031  -0.36792981596428564  -0.31045873004024416  4.864400556607446  0.0  0.0  0.0  1.0
2318808363099;3.0749693121327226;0.029448314092684676;-0.5018977091795409  0.7905336505827046  0.3509348042253886  8.014930164823062  0.18383834027384366  -0.2989665230885298  0.9363879979568909  -5.083348878103481  0.8451639806367092  0.5344862630309011  0.004720218805758181  -9.181658209372898  0.0  0.0  0.0  1.0
