timestamp, memory.used [MiB]
2023/10/20 11:56:12.891, 16 MiB
2023/10/20 11:56:12.892, 16 MiB
2023/10/20 11:56:12.893, 16 MiB
2023/10/20 11:56:12.894, 16 MiB
2023/10/20 11:56:12.895, 16 MiB
2023/10/20 11:56:12.896, 16 MiB
2023/10/20 11:56:12.897, 16 MiB
2023/10/20 11:56:12.898, 16 MiB
2023/10/20 11:56:12.899, 16 MiB
2023/10/20 11:56:12.900, 16 MiB
2023/10/20 11:56:12.901, 16 MiB
2023/10/20 11:56:12.902, 16 MiB
2023/10/20 11:56:12.904, 16 MiB
2023/10/20 11:56:12.905, 16 MiB
2023/10/20 11:56:12.906, 16 MiB
2023/10/20 11:56:12.907, 16 MiB
2023/10/20 11:56:12.908, 16 MiB
2023/10/20 11:56:12.909, 16 MiB
2023/10/20 11:56:12.910, 16 MiB
2023/10/20 11:56:12.911, 16 MiB
2023/10/20 11:56:12.912, 16 MiB
2023/10/20 11:56:12.913, 16 MiB
2023/10/20 11:56:12.914, 16 MiB
2023/10/20 11:56:12.916, 16 MiB
2023/10/20 11:56:12.917, 16 MiB
2023/10/20 11:56:12.918, 16 MiB
2023/10/20 11:56:12.919, 16 MiB
2023/10/20 11:56:12.920, 16 MiB
2023/10/20 11:56:12.921, 16 MiB
2023/10/20 11:56:12.922, 16 MiB
2023/10/20 11:56:12.923, 16 MiB
2023/10/20 11:56:12.924, 16 MiB
2023/10/20 11:56:12.925, 16 MiB
2023/10/20 11:56:12.926, 16 MiB
2023/10/20 11:56:12.928, 16 MiB
2023/10/20 11:56:12.929, 16 MiB
2023/10/20 11:56:12.930, 16 MiB
2023/10/20 11:56:12.931, 16 MiB
2023/10/20 11:56:12.932, 16 MiB
2023/10/20 11:56:12.933, 16 MiB
2023/10/20 11:56:12.934, 16 MiB
2023/10/20 11:56:12.935, 16 MiB
2023/10/20 11:56:12.936, 16 MiB
2023/10/20 11:56:12.937, 16 MiB
2023/10/20 11:56:12.938, 16 MiB
2023/10/20 11:56:12.940, 16 MiB
2023/10/20 11:56:12.941, 16 MiB
2023/10/20 11:56:12.942, 16 MiB
2023/10/20 11:56:12.943, 16 MiB
2023/10/20 11:56:12.944, 16 MiB
2023/10/20 11:56:12.945, 16 MiB
2023/10/20 11:56:12.946, 16 MiB
2023/10/20 11:56:12.947, 16 MiB
2023/10/20 11:56:12.948, 16 MiB
2023/10/20 11:56:12.949, 16 MiB
2023/10/20 11:56:12.950, 16 MiB
2023/10/20 11:56:12.951, 16 MiB
2023/10/20 11:56:12.953, 16 MiB
2023/10/20 11:56:12.954, 16 MiB
2023/10/20 11:56:12.955, 16 MiB
2023/10/20 11:56:12.956, 16 MiB
2023/10/20 11:56:12.957, 16 MiB
2023/10/20 11:56:12.958, 16 MiB
2023/10/20 11:56:12.959, 16 MiB
2023/10/20 11:56:12.960, 16 MiB
2023/10/20 11:56:12.961, 16 MiB
2023/10/20 11:56:12.962, 16 MiB
2023/10/20 11:56:12.963, 16 MiB
2023/10/20 11:56:12.965, 16 MiB
2023/10/20 11:56:12.966, 16 MiB
2023/10/20 11:56:12.967, 16 MiB
2023/10/20 11:56:12.968, 16 MiB
2023/10/20 11:56:12.969, 16 MiB
2023/10/20 11:56:12.970, 16 MiB
2023/10/20 11:56:12.971, 16 MiB
2023/10/20 11:56:12.972, 16 MiB
2023/10/20 11:56:12.973, 16 MiB
2023/10/20 11:56:12.974, 16 MiB
2023/10/20 11:56:12.975, 16 MiB
2023/10/20 11:56:12.976, 16 MiB
2023/10/20 11:56:12.978, 16 MiB
2023/10/20 11:56:12.979, 16 MiB
2023/10/20 11:56:12.980, 16 MiB
2023/10/20 11:56:12.981, 16 MiB
2023/10/20 11:56:12.982, 16 MiB
2023/10/20 11:56:12.983, 16 MiB
2023/10/20 11:56:12.984, 16 MiB
2023/10/20 11:56:12.985, 16 MiB
2023/10/20 11:56:12.986, 16 MiB
2023/10/20 11:56:12.987, 16 MiB
2023/10/20 11:56:12.988, 16 MiB
2023/10/20 11:56:12.989, 16 MiB
2023/10/20 11:56:12.990, 16 MiB
2023/10/20 11:56:12.992, 16 MiB
2023/10/20 11:56:12.993, 16 MiB
2023/10/20 11:56:12.994, 16 MiB
2023/10/20 11:56:12.995, 16 MiB
2023/10/20 11:56:12.996, 16 MiB
2023/10/20 11:56:12.997, 16 MiB
2023/10/20 11:56:12.998, 16 MiB
2023/10/20 11:56:12.999, 16 MiB
2023/10/20 11:56:13.000, 16 MiB
2023/10/20 11:56:13.001, 16 MiB
2023/10/20 11:56:13.002, 16 MiB
2023/10/20 11:56:13.003, 16 MiB
2023/10/20 11:56:13.004, 16 MiB
2023/10/20 11:56:13.005, 16 MiB
2023/10/20 11:56:13.007, 16 MiB
2023/10/20 11:56:13.008, 16 MiB
2023/10/20 11:56:13.009, 16 MiB
2023/10/20 11:56:13.010, 16 MiB
2023/10/20 11:56:13.011, 16 MiB
2023/10/20 11:56:13.012, 16 MiB
2023/10/20 11:56:13.013, 16 MiB
2023/10/20 11:56:13.014, 16 MiB
2023/10/20 11:56:13.015, 16 MiB
2023/10/20 11:56:13.016, 16 MiB
2023/10/20 11:56:13.017, 16 MiB
2023/10/20 11:56:13.018, 16 MiB
2023/10/20 11:56:13.019, 16 MiB
2023/10/20 11:56:13.020, 16 MiB
2023/10/20 11:56:13.022, 16 MiB
2023/10/20 11:56:13.023, 16 MiB
2023/10/20 11:56:13.024, 16 MiB
2023/10/20 11:56:13.025, 16 MiB
2023/10/20 11:56:13.026, 16 MiB
2023/10/20 11:56:13.027, 16 MiB
2023/10/20 11:56:13.028, 16 MiB
2023/10/20 11:56:13.029, 16 MiB
2023/10/20 11:56:13.030, 16 MiB
2023/10/20 11:56:13.031, 16 MiB
2023/10/20 11:56:13.032, 16 MiB
2023/10/20 11:56:13.033, 16 MiB
2023/10/20 11:56:13.034, 16 MiB
2023/10/20 11:56:13.035, 16 MiB
2023/10/20 11:56:13.037, 16 MiB
2023/10/20 11:56:13.038, 16 MiB
2023/10/20 11:56:13.039, 16 MiB
2023/10/20 11:56:13.040, 16 MiB
2023/10/20 11:56:13.041, 16 MiB
2023/10/20 11:56:13.042, 16 MiB
2023/10/20 11:56:13.043, 16 MiB
2023/10/20 11:56:13.044, 16 MiB
2023/10/20 11:56:13.045, 16 MiB
2023/10/20 11:56:13.046, 16 MiB
2023/10/20 11:56:13.047, 16 MiB
2023/10/20 11:56:13.048, 16 MiB
2023/10/20 11:56:13.049, 16 MiB
2023/10/20 11:56:13.050, 16 MiB
2023/10/20 11:56:13.052, 16 MiB
2023/10/20 11:56:13.053, 16 MiB
2023/10/20 11:56:13.054, 16 MiB
2023/10/20 11:56:13.055, 16 MiB
2023/10/20 11:56:13.056, 16 MiB
2023/10/20 11:56:13.057, 16 MiB
2023/10/20 11:56:13.058, 16 MiB
2023/10/20 11:56:13.059, 16 MiB
2023/10/20 11:56:13.060, 16 MiB
2023/10/20 11:56:13.061, 16 MiB
2023/10/20 11:56:13.062, 16 MiB
2023/10/20 11:56:13.063, 16 MiB
2023/10/20 11:56:13.064, 16 MiB
2023/10/20 11:56:13.065, 16 MiB
2023/10/20 11:56:13.067, 16 MiB
2023/10/20 11:56:13.068, 16 MiB
2023/10/20 11:56:13.069, 16 MiB
2023/10/20 11:56:13.070, 16 MiB
2023/10/20 11:56:13.071, 16 MiB
2023/10/20 11:56:13.072, 16 MiB
2023/10/20 11:56:13.073, 16 MiB
2023/10/20 11:56:13.074, 16 MiB
2023/10/20 11:56:13.075, 16 MiB
2023/10/20 11:56:13.076, 16 MiB
2023/10/20 11:56:13.077, 16 MiB
2023/10/20 11:56:13.078, 16 MiB
2023/10/20 11:56:13.080, 16 MiB
2023/10/20 11:56:13.081, 16 MiB
2023/10/20 11:56:13.082, 16 MiB
2023/10/20 11:56:13.083, 16 MiB
2023/10/20 11:56:13.084, 16 MiB
2023/10/20 11:56:13.085, 16 MiB
2023/10/20 11:56:13.086, 16 MiB
2023/10/20 11:56:13.087, 16 MiB
2023/10/20 11:56:13.088, 16 MiB
2023/10/20 11:56:13.089, 16 MiB
2023/10/20 11:56:13.091, 16 MiB
2023/10/20 11:56:13.092, 16 MiB
2023/10/20 11:56:13.093, 16 MiB
2023/10/20 11:56:13.094, 16 MiB
2023/10/20 11:56:13.095, 16 MiB
2023/10/20 11:56:13.096, 16 MiB
2023/10/20 11:56:13.097, 16 MiB
2023/10/20 11:56:13.098, 16 MiB
2023/10/20 11:56:13.099, 16 MiB
2023/10/20 11:56:13.101, 16 MiB
2023/10/20 11:56:13.102, 16 MiB
2023/10/20 11:56:13.103, 16 MiB
2023/10/20 11:56:13.104, 16 MiB
2023/10/20 11:56:13.105, 16 MiB
2023/10/20 11:56:13.106, 16 MiB
2023/10/20 11:56:13.107, 16 MiB
2023/10/20 11:56:13.108, 16 MiB
2023/10/20 11:56:13.109, 16 MiB
2023/10/20 11:56:13.110, 16 MiB
2023/10/20 11:56:13.112, 16 MiB
2023/10/20 11:56:13.113, 16 MiB
2023/10/20 11:56:13.114, 16 MiB
2023/10/20 11:56:13.115, 16 MiB
2023/10/20 11:56:13.116, 16 MiB
2023/10/20 11:56:13.117, 16 MiB
2023/10/20 11:56:13.118, 16 MiB
2023/10/20 11:56:13.119, 16 MiB
2023/10/20 11:56:13.120, 16 MiB
2023/10/20 11:56:13.122, 16 MiB
2023/10/20 11:56:13.123, 16 MiB
2023/10/20 11:56:13.124, 16 MiB
2023/10/20 11:56:13.125, 16 MiB
2023/10/20 11:56:13.126, 16 MiB
2023/10/20 11:56:13.127, 16 MiB
2023/10/20 11:56:13.128, 16 MiB
2023/10/20 11:56:13.129, 16 MiB
2023/10/20 11:56:13.130, 16 MiB
2023/10/20 11:56:13.131, 16 MiB
2023/10/20 11:56:13.133, 16 MiB
2023/10/20 11:56:13.134, 16 MiB
2023/10/20 11:56:13.135, 16 MiB
2023/10/20 11:56:13.136, 16 MiB
2023/10/20 11:56:13.137, 16 MiB
2023/10/20 11:56:13.138, 16 MiB
2023/10/20 11:56:13.139, 16 MiB
2023/10/20 11:56:13.140, 16 MiB
2023/10/20 11:56:13.141, 16 MiB
2023/10/20 11:56:13.143, 16 MiB
2023/10/20 11:56:13.144, 16 MiB
2023/10/20 11:56:13.145, 16 MiB
2023/10/20 11:56:13.146, 16 MiB
2023/10/20 11:56:13.147, 16 MiB
2023/10/20 11:56:13.148, 16 MiB
2023/10/20 11:56:13.149, 16 MiB
2023/10/20 11:56:13.150, 16 MiB
2023/10/20 11:56:13.151, 16 MiB
2023/10/20 11:56:13.152, 16 MiB
2023/10/20 11:56:13.154, 16 MiB
2023/10/20 11:56:13.155, 16 MiB
2023/10/20 11:56:13.156, 16 MiB
2023/10/20 11:56:13.157, 16 MiB
2023/10/20 11:56:13.158, 16 MiB
2023/10/20 11:56:13.159, 16 MiB
2023/10/20 11:56:13.160, 16 MiB
2023/10/20 11:56:13.161, 16 MiB
2023/10/20 11:56:13.162, 16 MiB
2023/10/20 11:56:13.164, 16 MiB
2023/10/20 11:56:13.165, 16 MiB
2023/10/20 11:56:13.166, 16 MiB
2023/10/20 11:56:13.167, 16 MiB
2023/10/20 11:56:13.168, 16 MiB
2023/10/20 11:56:13.169, 16 MiB
2023/10/20 11:56:13.170, 16 MiB
2023/10/20 11:56:13.171, 16 MiB
2023/10/20 11:56:13.172, 16 MiB
2023/10/20 11:56:13.173, 16 MiB
2023/10/20 11:56:13.174, 16 MiB
2023/10/20 11:56:13.176, 16 MiB
2023/10/20 11:56:13.177, 16 MiB
2023/10/20 11:56:13.178, 16 MiB
2023/10/20 11:56:13.179, 16 MiB
2023/10/20 11:56:13.180, 16 MiB
2023/10/20 11:56:13.181, 16 MiB
2023/10/20 11:56:13.182, 16 MiB
2023/10/20 11:56:13.183, 16 MiB
2023/10/20 11:56:13.184, 16 MiB
2023/10/20 11:56:13.185, 16 MiB
2023/10/20 11:56:13.186, 16 MiB
2023/10/20 11:56:13.187, 16 MiB
2023/10/20 11:56:13.188, 16 MiB
2023/10/20 11:56:13.189, 16 MiB
2023/10/20 11:56:13.191, 16 MiB
2023/10/20 11:56:13.192, 16 MiB
2023/10/20 11:56:13.193, 16 MiB
2023/10/20 11:56:13.194, 16 MiB
2023/10/20 11:56:13.195, 16 MiB
2023/10/20 11:56:13.196, 16 MiB
2023/10/20 11:56:13.197, 16 MiB
2023/10/20 11:56:13.198, 16 MiB
2023/10/20 11:56:13.199, 16 MiB
2023/10/20 11:56:13.200, 16 MiB
2023/10/20 11:56:13.201, 16 MiB
2023/10/20 11:56:13.202, 16 MiB
2023/10/20 11:56:13.203, 16 MiB
2023/10/20 11:56:13.204, 16 MiB
2023/10/20 11:56:13.206, 16 MiB
2023/10/20 11:56:13.207, 16 MiB
2023/10/20 11:56:13.208, 16 MiB
2023/10/20 11:56:13.209, 16 MiB
2023/10/20 11:56:13.210, 16 MiB
2023/10/20 11:56:13.211, 16 MiB
2023/10/20 11:56:13.212, 16 MiB
2023/10/20 11:56:13.213, 16 MiB
2023/10/20 11:56:13.214, 16 MiB
2023/10/20 11:56:13.215, 16 MiB
2023/10/20 11:56:13.216, 16 MiB
2023/10/20 11:56:13.217, 16 MiB
2023/10/20 11:56:13.218, 16 MiB
2023/10/20 11:56:13.219, 16 MiB
2023/10/20 11:56:13.221, 16 MiB
2023/10/20 11:56:13.222, 16 MiB
2023/10/20 11:56:13.223, 16 MiB
2023/10/20 11:56:13.224, 16 MiB
2023/10/20 11:56:13.225, 16 MiB
2023/10/20 11:56:13.226, 16 MiB
2023/10/20 11:56:13.227, 16 MiB
2023/10/20 11:56:13.228, 16 MiB
2023/10/20 11:56:13.229, 16 MiB
2023/10/20 11:56:13.230, 16 MiB
2023/10/20 11:56:13.231, 16 MiB
2023/10/20 11:56:13.232, 16 MiB
2023/10/20 11:56:13.233, 16 MiB
2023/10/20 11:56:13.234, 16 MiB
2023/10/20 11:56:13.235, 16 MiB
2023/10/20 11:56:13.237, 16 MiB
2023/10/20 11:56:13.238, 16 MiB
2023/10/20 11:56:13.239, 16 MiB
2023/10/20 11:56:13.240, 16 MiB
2023/10/20 11:56:13.241, 16 MiB
2023/10/20 11:56:13.242, 16 MiB
2023/10/20 11:56:13.243, 16 MiB
2023/10/20 11:56:13.244, 16 MiB
2023/10/20 11:56:13.245, 16 MiB
2023/10/20 11:56:13.246, 16 MiB
2023/10/20 11:56:13.247, 16 MiB
2023/10/20 11:56:13.248, 16 MiB
2023/10/20 11:56:13.249, 16 MiB
2023/10/20 11:56:13.251, 16 MiB
2023/10/20 11:56:13.252, 16 MiB
2023/10/20 11:56:13.253, 16 MiB
2023/10/20 11:56:13.254, 16 MiB
2023/10/20 11:56:13.255, 16 MiB
2023/10/20 11:56:13.256, 16 MiB
2023/10/20 11:56:13.257, 16 MiB
2023/10/20 11:56:13.258, 16 MiB
2023/10/20 11:56:13.259, 16 MiB
2023/10/20 11:56:13.260, 16 MiB
2023/10/20 11:56:13.261, 16 MiB
2023/10/20 11:56:13.262, 16 MiB
2023/10/20 11:56:13.263, 16 MiB
2023/10/20 11:56:13.264, 16 MiB
2023/10/20 11:56:13.265, 16 MiB
2023/10/20 11:56:13.267, 16 MiB
2023/10/20 11:56:13.268, 16 MiB
2023/10/20 11:56:13.269, 16 MiB
2023/10/20 11:56:13.270, 16 MiB
2023/10/20 11:56:13.271, 16 MiB
2023/10/20 11:56:13.272, 16 MiB
2023/10/20 11:56:13.273, 16 MiB
2023/10/20 11:56:13.274, 16 MiB
2023/10/20 11:56:13.275, 16 MiB
2023/10/20 11:56:13.276, 16 MiB
2023/10/20 11:56:13.277, 16 MiB
2023/10/20 11:56:13.278, 16 MiB
2023/10/20 11:56:13.279, 16 MiB
2023/10/20 11:56:13.280, 16 MiB
2023/10/20 11:56:13.281, 16 MiB
2023/10/20 11:56:13.283, 16 MiB
2023/10/20 11:56:13.284, 16 MiB
2023/10/20 11:56:13.285, 16 MiB
2023/10/20 11:56:13.286, 16 MiB
2023/10/20 11:56:13.287, 16 MiB
2023/10/20 11:56:13.288, 16 MiB
2023/10/20 11:56:13.289, 16 MiB
2023/10/20 11:56:13.290, 16 MiB
2023/10/20 11:56:13.291, 16 MiB
2023/10/20 11:56:13.292, 16 MiB
2023/10/20 11:56:13.293, 16 MiB
2023/10/20 11:56:13.294, 16 MiB
2023/10/20 11:56:13.296, 16 MiB
2023/10/20 11:56:13.297, 16 MiB
2023/10/20 11:56:13.298, 16 MiB
2023/10/20 11:56:13.299, 16 MiB
2023/10/20 11:56:13.300, 16 MiB
2023/10/20 11:56:13.301, 16 MiB
2023/10/20 11:56:13.302, 16 MiB
2023/10/20 11:56:13.303, 16 MiB
2023/10/20 11:56:13.304, 16 MiB
2023/10/20 11:56:13.305, 16 MiB
2023/10/20 11:56:13.307, 16 MiB
2023/10/20 11:56:13.308, 16 MiB
2023/10/20 11:56:13.309, 16 MiB
2023/10/20 11:56:13.310, 16 MiB
2023/10/20 11:56:13.311, 16 MiB
2023/10/20 11:56:13.312, 16 MiB
2023/10/20 11:56:13.313, 16 MiB
2023/10/20 11:56:13.314, 16 MiB
2023/10/20 11:56:13.315, 16 MiB
2023/10/20 11:56:13.316, 16 MiB
2023/10/20 11:56:13.318, 16 MiB
2023/10/20 11:56:13.319, 16 MiB
2023/10/20 11:56:13.320, 16 MiB
2023/10/20 11:56:13.321, 16 MiB
2023/10/20 11:56:13.322, 16 MiB
2023/10/20 11:56:13.323, 16 MiB
2023/10/20 11:56:13.324, 16 MiB
2023/10/20 11:56:13.325, 16 MiB
2023/10/20 11:56:13.326, 16 MiB
2023/10/20 11:56:13.328, 16 MiB
2023/10/20 11:56:13.329, 16 MiB
2023/10/20 11:56:13.330, 16 MiB
2023/10/20 11:56:13.331, 16 MiB
2023/10/20 11:56:13.332, 16 MiB
2023/10/20 11:56:13.333, 16 MiB
2023/10/20 11:56:13.334, 16 MiB
2023/10/20 11:56:13.335, 16 MiB
2023/10/20 11:56:13.336, 16 MiB
2023/10/20 11:56:13.338, 16 MiB
2023/10/20 11:56:13.339, 16 MiB
2023/10/20 11:56:13.340, 16 MiB
2023/10/20 11:56:13.341, 16 MiB
2023/10/20 11:56:13.342, 16 MiB
2023/10/20 11:56:13.343, 16 MiB
2023/10/20 11:56:13.344, 16 MiB
2023/10/20 11:56:13.345, 16 MiB
2023/10/20 11:56:13.346, 16 MiB
2023/10/20 11:56:13.347, 16 MiB
2023/10/20 11:56:13.349, 16 MiB
2023/10/20 11:56:13.350, 16 MiB
2023/10/20 11:56:13.351, 16 MiB
2023/10/20 11:56:13.352, 16 MiB
2023/10/20 11:56:13.353, 16 MiB
2023/10/20 11:56:13.354, 16 MiB
2023/10/20 11:56:13.355, 16 MiB
2023/10/20 11:56:13.356, 16 MiB
2023/10/20 11:56:13.357, 16 MiB
2023/10/20 11:56:13.359, 16 MiB
2023/10/20 11:56:13.360, 16 MiB
2023/10/20 11:56:13.361, 16 MiB
2023/10/20 11:56:13.362, 16 MiB
2023/10/20 11:56:13.363, 16 MiB
2023/10/20 11:56:13.364, 16 MiB
2023/10/20 11:56:13.365, 16 MiB
2023/10/20 11:56:13.366, 16 MiB
2023/10/20 11:56:13.367, 16 MiB
2023/10/20 11:56:13.368, 16 MiB
2023/10/20 11:56:13.370, 16 MiB
2023/10/20 11:56:13.371, 16 MiB
2023/10/20 11:56:13.372, 16 MiB
2023/10/20 11:56:13.373, 16 MiB
2023/10/20 11:56:13.374, 16 MiB
2023/10/20 11:56:13.375, 16 MiB
2023/10/20 11:56:13.376, 16 MiB
2023/10/20 11:56:13.377, 16 MiB
2023/10/20 11:56:13.378, 16 MiB
2023/10/20 11:56:13.380, 16 MiB
2023/10/20 11:56:13.381, 16 MiB
2023/10/20 11:56:13.382, 16 MiB
2023/10/20 11:56:13.383, 16 MiB
2023/10/20 11:56:13.384, 16 MiB
2023/10/20 11:56:13.385, 16 MiB
2023/10/20 11:56:13.386, 16 MiB
2023/10/20 11:56:13.387, 16 MiB
2023/10/20 11:56:13.388, 16 MiB
2023/10/20 11:56:13.390, 16 MiB
2023/10/20 11:56:13.391, 16 MiB
2023/10/20 11:56:13.392, 16 MiB
2023/10/20 11:56:13.393, 16 MiB
2023/10/20 11:56:13.394, 16 MiB
2023/10/20 11:56:13.395, 16 MiB
2023/10/20 11:56:13.396, 16 MiB
2023/10/20 11:56:13.397, 16 MiB
2023/10/20 11:56:13.398, 16 MiB
2023/10/20 11:56:13.399, 16 MiB
2023/10/20 11:56:13.401, 16 MiB
2023/10/20 11:56:13.402, 16 MiB
2023/10/20 11:56:13.403, 16 MiB
2023/10/20 11:56:13.404, 16 MiB
2023/10/20 11:56:13.405, 16 MiB
2023/10/20 11:56:13.406, 16 MiB
2023/10/20 11:56:13.407, 16 MiB
2023/10/20 11:56:13.408, 16 MiB
2023/10/20 11:56:13.409, 16 MiB
2023/10/20 11:56:13.411, 16 MiB
2023/10/20 11:56:13.412, 16 MiB
2023/10/20 11:56:13.413, 16 MiB
2023/10/20 11:56:13.414, 16 MiB
2023/10/20 11:56:13.415, 16 MiB
2023/10/20 11:56:13.416, 16 MiB
2023/10/20 11:56:13.417, 16 MiB
2023/10/20 11:56:13.418, 16 MiB
2023/10/20 11:56:13.419, 16 MiB
2023/10/20 11:56:13.421, 16 MiB
2023/10/20 11:56:13.422, 16 MiB
2023/10/20 11:56:13.423, 16 MiB
2023/10/20 11:56:13.424, 16 MiB
2023/10/20 11:56:13.425, 16 MiB
2023/10/20 11:56:13.426, 16 MiB
2023/10/20 11:56:13.427, 16 MiB
2023/10/20 11:56:13.428, 16 MiB
2023/10/20 11:56:13.429, 16 MiB
2023/10/20 11:56:13.430, 16 MiB
2023/10/20 11:56:13.432, 16 MiB
2023/10/20 11:56:13.433, 16 MiB
2023/10/20 11:56:13.434, 16 MiB
2023/10/20 11:56:13.435, 16 MiB
2023/10/20 11:56:13.436, 16 MiB
2023/10/20 11:56:13.437, 16 MiB
2023/10/20 11:56:13.438, 16 MiB
2023/10/20 11:56:13.439, 16 MiB
2023/10/20 11:56:13.440, 16 MiB
2023/10/20 11:56:13.441, 16 MiB
2023/10/20 11:56:13.443, 16 MiB
2023/10/20 11:56:13.444, 16 MiB
2023/10/20 11:56:13.445, 16 MiB
2023/10/20 11:56:13.446, 16 MiB
2023/10/20 11:56:13.447, 16 MiB
2023/10/20 11:56:13.448, 16 MiB
2023/10/20 11:56:13.449, 16 MiB
2023/10/20 11:56:13.450, 16 MiB
2023/10/20 11:56:13.451, 16 MiB
2023/10/20 11:56:13.452, 16 MiB
2023/10/20 11:56:13.453, 16 MiB
2023/10/20 11:56:13.455, 16 MiB
2023/10/20 11:56:13.456, 16 MiB
2023/10/20 11:56:13.457, 16 MiB
2023/10/20 11:56:13.458, 16 MiB
2023/10/20 11:56:13.459, 16 MiB
2023/10/20 11:56:13.460, 16 MiB
2023/10/20 11:56:13.461, 16 MiB
2023/10/20 11:56:13.462, 16 MiB
2023/10/20 11:56:13.463, 16 MiB
2023/10/20 11:56:13.464, 16 MiB
2023/10/20 11:56:13.465, 16 MiB
2023/10/20 11:56:13.467, 16 MiB
2023/10/20 11:56:13.468, 16 MiB
2023/10/20 11:56:13.469, 16 MiB
2023/10/20 11:56:13.470, 16 MiB
2023/10/20 11:56:13.471, 16 MiB
2023/10/20 11:56:13.472, 16 MiB
2023/10/20 11:56:13.473, 16 MiB
2023/10/20 11:56:13.474, 16 MiB
2023/10/20 11:56:13.475, 16 MiB
2023/10/20 11:56:13.476, 16 MiB
2023/10/20 11:56:13.477, 16 MiB
2023/10/20 11:56:13.479, 16 MiB
2023/10/20 11:56:13.480, 16 MiB
2023/10/20 11:56:13.481, 16 MiB
2023/10/20 11:56:13.482, 16 MiB
2023/10/20 11:56:13.483, 16 MiB
2023/10/20 11:56:13.484, 16 MiB
2023/10/20 11:56:13.485, 16 MiB
2023/10/20 11:56:13.486, 16 MiB
2023/10/20 11:56:13.487, 16 MiB
2023/10/20 11:56:13.488, 16 MiB
2023/10/20 11:56:13.489, 16 MiB
2023/10/20 11:56:13.491, 16 MiB
2023/10/20 11:56:13.492, 16 MiB
2023/10/20 11:56:13.493, 16 MiB
2023/10/20 11:56:13.494, 16 MiB
2023/10/20 11:56:13.495, 16 MiB
2023/10/20 11:56:13.498, 16 MiB
2023/10/20 11:56:13.499, 16 MiB
2023/10/20 11:56:13.500, 18 MiB
2023/10/20 11:56:13.501, 18 MiB
2023/10/20 11:56:13.502, 18 MiB
2023/10/20 11:56:13.504, 18 MiB
2023/10/20 11:56:13.505, 18 MiB
2023/10/20 11:56:13.506, 18 MiB
2023/10/20 11:56:13.507, 18 MiB
2023/10/20 11:56:13.508, 18 MiB
2023/10/20 11:56:13.509, 18 MiB
2023/10/20 11:56:13.510, 18 MiB
2023/10/20 11:56:13.511, 18 MiB
2023/10/20 11:56:13.512, 18 MiB
2023/10/20 11:56:13.513, 18 MiB
2023/10/20 11:56:13.514, 18 MiB
2023/10/20 11:56:13.516, 18 MiB
2023/10/20 11:56:13.517, 18 MiB
2023/10/20 11:56:13.518, 18 MiB
2023/10/20 11:56:13.519, 18 MiB
2023/10/20 11:56:13.520, 18 MiB
2023/10/20 11:56:13.521, 18 MiB
2023/10/20 11:56:13.522, 18 MiB
2023/10/20 11:56:13.523, 18 MiB
2023/10/20 11:56:13.524, 18 MiB
2023/10/20 11:56:13.525, 18 MiB
2023/10/20 11:56:13.526, 18 MiB
2023/10/20 11:56:13.527, 18 MiB
2023/10/20 11:56:13.529, 18 MiB
2023/10/20 11:56:13.530, 18 MiB
2023/10/20 11:56:13.531, 18 MiB
2023/10/20 11:56:13.532, 18 MiB
2023/10/20 11:56:13.533, 18 MiB
2023/10/20 11:56:13.534, 18 MiB
2023/10/20 11:56:13.535, 18 MiB
2023/10/20 11:56:13.536, 18 MiB
2023/10/20 11:56:13.537, 18 MiB
2023/10/20 11:56:13.538, 18 MiB
2023/10/20 11:56:13.539, 18 MiB
2023/10/20 11:56:13.541, 18 MiB
2023/10/20 11:56:13.542, 18 MiB
2023/10/20 11:56:13.543, 18 MiB
2023/10/20 11:56:13.544, 18 MiB
2023/10/20 11:56:13.545, 18 MiB
2023/10/20 11:56:13.546, 18 MiB
2023/10/20 11:56:13.547, 18 MiB
2023/10/20 11:56:13.548, 18 MiB
2023/10/20 11:56:13.549, 18 MiB
2023/10/20 11:56:13.551, 18 MiB
2023/10/20 11:56:13.552, 18 MiB
2023/10/20 11:56:13.553, 18 MiB
2023/10/20 11:56:13.554, 18 MiB
2023/10/20 11:56:13.555, 18 MiB
2023/10/20 11:56:13.556, 18 MiB
2023/10/20 11:56:13.557, 18 MiB
2023/10/20 11:56:13.558, 18 MiB
2023/10/20 11:56:13.559, 18 MiB
2023/10/20 11:56:13.560, 18 MiB
2023/10/20 11:56:13.562, 18 MiB
2023/10/20 11:56:13.563, 18 MiB
2023/10/20 11:56:13.564, 18 MiB
2023/10/20 11:56:13.565, 18 MiB
2023/10/20 11:56:13.566, 18 MiB
2023/10/20 11:56:13.567, 18 MiB
2023/10/20 11:56:13.568, 18 MiB
2023/10/20 11:56:13.569, 18 MiB
2023/10/20 11:56:13.570, 18 MiB
2023/10/20 11:56:13.572, 18 MiB
2023/10/20 11:56:13.573, 18 MiB
2023/10/20 11:56:13.574, 18 MiB
2023/10/20 11:56:13.575, 18 MiB
2023/10/20 11:56:13.576, 18 MiB
2023/10/20 11:56:13.577, 18 MiB
2023/10/20 11:56:13.578, 18 MiB
2023/10/20 11:56:13.579, 18 MiB
2023/10/20 11:56:13.580, 18 MiB
2023/10/20 11:56:13.582, 18 MiB
2023/10/20 11:56:13.583, 18 MiB
2023/10/20 11:56:13.584, 18 MiB
2023/10/20 11:56:13.585, 18 MiB
2023/10/20 11:56:13.586, 18 MiB
2023/10/20 11:56:13.587, 18 MiB
2023/10/20 11:56:13.588, 18 MiB
2023/10/20 11:56:13.589, 18 MiB
2023/10/20 11:56:13.590, 18 MiB
2023/10/20 11:56:13.591, 18 MiB
2023/10/20 11:56:13.593, 18 MiB
2023/10/20 11:56:13.594, 18 MiB
2023/10/20 11:56:13.595, 18 MiB
2023/10/20 11:56:13.596, 18 MiB
2023/10/20 11:56:13.597, 18 MiB
2023/10/20 11:56:13.598, 18 MiB
2023/10/20 11:56:13.599, 18 MiB
2023/10/20 11:56:13.600, 18 MiB
2023/10/20 11:56:13.601, 18 MiB
2023/10/20 11:56:13.603, 18 MiB
2023/10/20 11:56:13.604, 18 MiB
2023/10/20 11:56:13.605, 18 MiB
2023/10/20 11:56:13.606, 18 MiB
2023/10/20 11:56:13.607, 18 MiB
2023/10/20 11:56:13.608, 18 MiB
2023/10/20 11:56:13.609, 18 MiB
2023/10/20 11:56:13.610, 18 MiB
2023/10/20 11:56:13.611, 18 MiB
2023/10/20 11:56:13.613, 18 MiB
2023/10/20 11:56:13.614, 18 MiB
2023/10/20 11:56:13.615, 18 MiB
2023/10/20 11:56:13.616, 18 MiB
2023/10/20 11:56:13.617, 18 MiB
2023/10/20 11:56:13.618, 18 MiB
2023/10/20 11:56:13.619, 18 MiB
2023/10/20 11:56:13.620, 18 MiB
2023/10/20 11:56:13.621, 18 MiB
2023/10/20 11:56:13.623, 18 MiB
2023/10/20 11:56:13.624, 18 MiB
2023/10/20 11:56:13.625, 18 MiB
2023/10/20 11:56:13.626, 18 MiB
2023/10/20 11:56:13.627, 18 MiB
2023/10/20 11:56:13.628, 18 MiB
2023/10/20 11:56:13.629, 18 MiB
2023/10/20 11:56:13.630, 18 MiB
2023/10/20 11:56:13.631, 18 MiB
2023/10/20 11:56:13.633, 18 MiB
2023/10/20 11:56:13.634, 18 MiB
2023/10/20 11:56:13.635, 18 MiB
2023/10/20 11:56:13.636, 18 MiB
2023/10/20 11:56:13.637, 18 MiB
2023/10/20 11:56:13.638, 18 MiB
2023/10/20 11:56:13.639, 18 MiB
2023/10/20 11:56:13.640, 18 MiB
2023/10/20 11:56:13.641, 18 MiB
2023/10/20 11:56:13.642, 18 MiB
2023/10/20 11:56:13.644, 18 MiB
2023/10/20 11:56:13.645, 18 MiB
2023/10/20 11:56:13.646, 18 MiB
2023/10/20 11:56:13.647, 18 MiB
2023/10/20 11:56:13.648, 18 MiB
2023/10/20 11:56:13.649, 18 MiB
2023/10/20 11:56:13.650, 18 MiB
2023/10/20 11:56:13.651, 18 MiB
2023/10/20 11:56:13.652, 18 MiB
2023/10/20 11:56:13.654, 18 MiB
2023/10/20 11:56:13.655, 18 MiB
2023/10/20 11:56:13.656, 18 MiB
2023/10/20 11:56:13.657, 18 MiB
2023/10/20 11:56:13.658, 18 MiB
2023/10/20 11:56:13.659, 18 MiB
2023/10/20 11:56:13.660, 18 MiB
2023/10/20 11:56:13.661, 18 MiB
2023/10/20 11:56:13.662, 18 MiB
2023/10/20 11:56:13.664, 18 MiB
2023/10/20 11:56:13.665, 18 MiB
2023/10/20 11:56:13.666, 18 MiB
2023/10/20 11:56:13.667, 18 MiB
2023/10/20 11:56:13.668, 18 MiB
2023/10/20 11:56:13.669, 18 MiB
2023/10/20 11:56:13.670, 18 MiB
2023/10/20 11:56:13.671, 18 MiB
2023/10/20 11:56:13.672, 18 MiB
2023/10/20 11:56:13.673, 18 MiB
2023/10/20 11:56:13.675, 18 MiB
2023/10/20 11:56:13.676, 18 MiB
2023/10/20 11:56:13.677, 18 MiB
2023/10/20 11:56:13.678, 18 MiB
2023/10/20 11:56:13.679, 18 MiB
2023/10/20 11:56:13.680, 18 MiB
2023/10/20 11:56:13.681, 18 MiB
2023/10/20 11:56:13.682, 18 MiB
2023/10/20 11:56:13.683, 18 MiB
2023/10/20 11:56:13.685, 18 MiB
2023/10/20 11:56:13.686, 18 MiB
2023/10/20 11:56:13.687, 18 MiB
2023/10/20 11:56:13.688, 18 MiB
2023/10/20 11:56:13.689, 18 MiB
2023/10/20 11:56:13.690, 18 MiB
2023/10/20 11:56:13.691, 18 MiB
2023/10/20 11:56:13.692, 18 MiB
2023/10/20 11:56:13.693, 18 MiB
2023/10/20 11:56:13.694, 18 MiB
2023/10/20 11:56:13.696, 18 MiB
2023/10/20 11:56:13.697, 18 MiB
2023/10/20 11:56:13.698, 18 MiB
2023/10/20 11:56:13.699, 18 MiB
2023/10/20 11:56:13.700, 18 MiB
2023/10/20 11:56:13.701, 18 MiB
2023/10/20 11:56:13.702, 18 MiB
2023/10/20 11:56:13.703, 18 MiB
2023/10/20 11:56:13.704, 18 MiB
2023/10/20 11:56:13.706, 18 MiB
2023/10/20 11:56:13.707, 18 MiB
2023/10/20 11:56:13.708, 18 MiB
2023/10/20 11:56:13.709, 18 MiB
2023/10/20 11:56:13.710, 18 MiB
2023/10/20 11:56:13.711, 18 MiB
2023/10/20 11:56:13.712, 18 MiB
2023/10/20 11:56:13.713, 18 MiB
2023/10/20 11:56:13.714, 18 MiB
2023/10/20 11:56:13.716, 18 MiB
2023/10/20 11:56:13.717, 18 MiB
2023/10/20 11:56:13.718, 18 MiB
2023/10/20 11:56:13.719, 18 MiB
2023/10/20 11:56:13.720, 18 MiB
2023/10/20 11:56:13.721, 18 MiB
2023/10/20 11:56:13.722, 18 MiB
2023/10/20 11:56:13.723, 18 MiB
2023/10/20 11:56:13.724, 18 MiB
2023/10/20 11:56:13.725, 18 MiB
2023/10/20 11:56:13.727, 18 MiB
2023/10/20 11:56:13.728, 18 MiB
2023/10/20 11:56:13.729, 18 MiB
2023/10/20 11:56:13.730, 18 MiB
2023/10/20 11:56:13.731, 18 MiB
2023/10/20 11:56:13.732, 18 MiB
2023/10/20 11:56:13.733, 18 MiB
2023/10/20 11:56:13.734, 18 MiB
2023/10/20 11:56:13.735, 18 MiB
2023/10/20 11:56:13.737, 18 MiB
2023/10/20 11:56:13.738, 18 MiB
2023/10/20 11:56:13.739, 18 MiB
2023/10/20 11:56:13.740, 18 MiB
2023/10/20 11:56:13.741, 18 MiB
2023/10/20 11:56:13.742, 18 MiB
2023/10/20 11:56:13.743, 18 MiB
2023/10/20 11:56:13.744, 18 MiB
2023/10/20 11:56:13.745, 18 MiB
2023/10/20 11:56:13.747, 18 MiB
2023/10/20 11:56:13.748, 18 MiB
2023/10/20 11:56:13.749, 18 MiB
2023/10/20 11:56:13.750, 18 MiB
2023/10/20 11:56:13.751, 18 MiB
2023/10/20 11:56:13.752, 18 MiB
2023/10/20 11:56:13.753, 18 MiB
2023/10/20 11:56:13.754, 18 MiB
2023/10/20 11:56:13.755, 18 MiB
2023/10/20 11:56:13.757, 18 MiB
2023/10/20 11:56:13.758, 18 MiB
2023/10/20 11:56:13.759, 18 MiB
2023/10/20 11:56:13.760, 18 MiB
2023/10/20 11:56:13.761, 18 MiB
2023/10/20 11:56:13.762, 18 MiB
2023/10/20 11:56:13.763, 18 MiB
2023/10/20 11:56:13.764, 18 MiB
2023/10/20 11:56:13.765, 18 MiB
2023/10/20 11:56:13.766, 18 MiB
2023/10/20 11:56:13.767, 18 MiB
2023/10/20 11:56:13.768, 18 MiB
2023/10/20 11:56:13.770, 18 MiB
2023/10/20 11:56:13.771, 18 MiB
2023/10/20 11:56:13.772, 18 MiB
2023/10/20 11:56:13.773, 18 MiB
2023/10/20 11:56:13.774, 18 MiB
2023/10/20 11:56:13.775, 18 MiB
2023/10/20 11:56:13.776, 18 MiB
2023/10/20 11:56:13.777, 18 MiB
2023/10/20 11:56:13.778, 18 MiB
2023/10/20 11:56:13.779, 18 MiB
2023/10/20 11:56:13.780, 18 MiB
2023/10/20 11:56:13.781, 18 MiB
2023/10/20 11:56:13.782, 18 MiB
2023/10/20 11:56:13.784, 18 MiB
2023/10/20 11:56:13.785, 18 MiB
2023/10/20 11:56:13.786, 18 MiB
2023/10/20 11:56:13.787, 18 MiB
2023/10/20 11:56:13.788, 18 MiB
2023/10/20 11:56:13.789, 18 MiB
2023/10/20 11:56:13.790, 18 MiB
2023/10/20 11:56:13.791, 18 MiB
2023/10/20 11:56:13.792, 18 MiB
2023/10/20 11:56:13.793, 18 MiB
2023/10/20 11:56:13.794, 18 MiB
2023/10/20 11:56:13.795, 18 MiB
2023/10/20 11:56:13.797, 18 MiB
2023/10/20 11:56:13.798, 18 MiB
2023/10/20 11:56:13.799, 18 MiB
2023/10/20 11:56:13.800, 18 MiB
2023/10/20 11:56:13.801, 18 MiB
2023/10/20 11:56:13.802, 18 MiB
2023/10/20 11:56:13.803, 18 MiB
2023/10/20 11:56:13.804, 18 MiB
2023/10/20 11:56:13.805, 18 MiB
2023/10/20 11:56:13.806, 18 MiB
2023/10/20 11:56:13.807, 18 MiB
2023/10/20 11:56:13.808, 18 MiB
2023/10/20 11:56:13.809, 18 MiB
2023/10/20 11:56:13.811, 18 MiB
2023/10/20 11:56:13.812, 18 MiB
2023/10/20 11:56:13.813, 18 MiB
2023/10/20 11:56:13.814, 18 MiB
2023/10/20 11:56:13.815, 18 MiB
2023/10/20 11:56:13.816, 18 MiB
2023/10/20 11:56:13.817, 18 MiB
2023/10/20 11:56:13.818, 18 MiB
2023/10/20 11:56:13.819, 18 MiB
2023/10/20 11:56:13.820, 18 MiB
2023/10/20 11:56:13.821, 18 MiB
2023/10/20 11:56:13.822, 18 MiB
2023/10/20 11:56:13.823, 18 MiB
2023/10/20 11:56:13.825, 18 MiB
2023/10/20 11:56:13.826, 18 MiB
2023/10/20 11:56:13.827, 18 MiB
2023/10/20 11:56:13.828, 18 MiB
2023/10/20 11:56:13.829, 18 MiB
2023/10/20 11:56:13.830, 18 MiB
2023/10/20 11:56:13.831, 18 MiB
2023/10/20 11:56:13.832, 18 MiB
2023/10/20 11:56:13.833, 18 MiB
2023/10/20 11:56:13.834, 18 MiB
2023/10/20 11:56:13.835, 18 MiB
2023/10/20 11:56:13.836, 18 MiB
2023/10/20 11:56:13.837, 18 MiB
2023/10/20 11:56:13.839, 18 MiB
2023/10/20 11:56:13.840, 18 MiB
2023/10/20 11:56:13.841, 18 MiB
2023/10/20 11:56:13.842, 18 MiB
2023/10/20 11:56:13.843, 18 MiB
2023/10/20 11:56:13.844, 18 MiB
2023/10/20 11:56:13.845, 18 MiB
2023/10/20 11:56:13.846, 18 MiB
2023/10/20 11:56:13.847, 18 MiB
2023/10/20 11:56:13.848, 18 MiB
2023/10/20 11:56:13.849, 18 MiB
2023/10/20 11:56:13.850, 18 MiB
2023/10/20 11:56:13.851, 18 MiB
2023/10/20 11:56:13.853, 18 MiB
2023/10/20 11:56:13.854, 18 MiB
2023/10/20 11:56:13.855, 18 MiB
2023/10/20 11:56:13.856, 18 MiB
2023/10/20 11:56:13.857, 18 MiB
2023/10/20 11:56:13.858, 18 MiB
2023/10/20 11:56:13.859, 18 MiB
2023/10/20 11:56:13.860, 18 MiB
2023/10/20 11:56:13.861, 18 MiB
2023/10/20 11:56:13.862, 18 MiB
2023/10/20 11:56:13.863, 18 MiB
2023/10/20 11:56:13.864, 18 MiB
2023/10/20 11:56:13.865, 18 MiB
2023/10/20 11:56:13.867, 18 MiB
2023/10/20 11:56:13.868, 18 MiB
2023/10/20 11:56:13.869, 18 MiB
2023/10/20 11:56:13.870, 18 MiB
2023/10/20 11:56:13.871, 18 MiB
2023/10/20 11:56:13.872, 18 MiB
2023/10/20 11:56:13.873, 18 MiB
2023/10/20 11:56:13.874, 18 MiB
2023/10/20 11:56:13.875, 18 MiB
2023/10/20 11:56:13.876, 18 MiB
2023/10/20 11:56:13.877, 18 MiB
2023/10/20 11:56:13.878, 18 MiB
2023/10/20 11:56:13.879, 18 MiB
2023/10/20 11:56:13.881, 18 MiB
2023/10/20 11:56:13.882, 18 MiB
2023/10/20 11:56:13.883, 18 MiB
2023/10/20 11:56:13.884, 18 MiB
2023/10/20 11:56:13.885, 18 MiB
2023/10/20 11:56:13.886, 18 MiB
2023/10/20 11:56:13.887, 18 MiB
2023/10/20 11:56:13.888, 18 MiB
2023/10/20 11:56:13.889, 18 MiB
2023/10/20 11:56:13.890, 18 MiB
2023/10/20 11:56:13.891, 18 MiB
2023/10/20 11:56:13.892, 18 MiB
2023/10/20 11:56:13.893, 18 MiB
2023/10/20 11:56:13.895, 18 MiB
2023/10/20 11:56:13.896, 18 MiB
2023/10/20 11:56:13.897, 18 MiB
2023/10/20 11:56:13.898, 18 MiB
2023/10/20 11:56:13.899, 18 MiB
2023/10/20 11:56:13.900, 18 MiB
2023/10/20 11:56:13.901, 18 MiB
2023/10/20 11:56:13.902, 18 MiB
2023/10/20 11:56:13.903, 18 MiB
2023/10/20 11:56:13.904, 18 MiB
2023/10/20 11:56:13.905, 18 MiB
2023/10/20 11:56:13.906, 18 MiB
2023/10/20 11:56:13.907, 18 MiB
2023/10/20 11:56:13.909, 18 MiB
2023/10/20 11:56:13.910, 18 MiB
2023/10/20 11:56:13.911, 18 MiB
2023/10/20 11:56:13.912, 18 MiB
2023/10/20 11:56:13.913, 18 MiB
2023/10/20 11:56:13.914, 18 MiB
2023/10/20 11:56:13.915, 18 MiB
2023/10/20 11:56:13.916, 18 MiB
2023/10/20 11:56:13.917, 18 MiB
2023/10/20 11:56:13.918, 18 MiB
2023/10/20 11:56:13.919, 18 MiB
2023/10/20 11:56:13.920, 18 MiB
2023/10/20 11:56:13.921, 18 MiB
2023/10/20 11:56:13.923, 18 MiB
2023/10/20 11:56:13.924, 18 MiB
2023/10/20 11:56:13.925, 18 MiB
2023/10/20 11:56:13.926, 18 MiB
2023/10/20 11:56:13.927, 18 MiB
2023/10/20 11:56:13.928, 18 MiB
2023/10/20 11:56:13.929, 18 MiB
2023/10/20 11:56:13.930, 18 MiB
2023/10/20 11:56:13.931, 18 MiB
2023/10/20 11:56:13.932, 18 MiB
2023/10/20 11:56:13.933, 18 MiB
2023/10/20 11:56:13.934, 18 MiB
2023/10/20 11:56:13.935, 18 MiB
2023/10/20 11:56:13.937, 18 MiB
2023/10/20 11:56:13.938, 18 MiB
2023/10/20 11:56:13.939, 18 MiB
2023/10/20 11:56:13.940, 18 MiB
2023/10/20 11:56:13.941, 18 MiB
2023/10/20 11:56:13.942, 18 MiB
2023/10/20 11:56:13.943, 18 MiB
2023/10/20 11:56:13.944, 18 MiB
2023/10/20 11:56:13.945, 18 MiB
2023/10/20 11:56:13.946, 18 MiB
2023/10/20 11:56:13.947, 18 MiB
2023/10/20 11:56:13.948, 18 MiB
2023/10/20 11:56:13.949, 18 MiB
2023/10/20 11:56:13.951, 18 MiB
2023/10/20 11:56:13.952, 18 MiB
2023/10/20 11:56:13.953, 18 MiB
2023/10/20 11:56:13.954, 18 MiB
2023/10/20 11:56:13.955, 18 MiB
2023/10/20 11:56:13.956, 18 MiB
2023/10/20 11:56:13.957, 18 MiB
2023/10/20 11:56:13.958, 18 MiB
2023/10/20 11:56:13.959, 18 MiB
2023/10/20 11:56:13.960, 18 MiB
2023/10/20 11:56:13.961, 18 MiB
2023/10/20 11:56:13.962, 18 MiB
2023/10/20 11:56:13.963, 18 MiB
2023/10/20 11:56:13.964, 18 MiB
2023/10/20 11:56:13.965, 18 MiB
2023/10/20 11:56:13.967, 18 MiB
2023/10/20 11:56:13.968, 18 MiB
2023/10/20 11:56:13.969, 18 MiB
2023/10/20 11:56:13.970, 18 MiB
2023/10/20 11:56:13.971, 18 MiB
2023/10/20 11:56:13.972, 18 MiB
2023/10/20 11:56:13.973, 18 MiB
2023/10/20 11:56:13.974, 18 MiB
2023/10/20 11:56:13.975, 18 MiB
2023/10/20 11:56:13.976, 18 MiB
2023/10/20 11:56:13.977, 18 MiB
2023/10/20 11:56:13.978, 18 MiB
2023/10/20 11:56:13.979, 18 MiB
2023/10/20 11:56:13.980, 18 MiB
2023/10/20 11:56:13.981, 18 MiB
2023/10/20 11:56:13.983, 18 MiB
2023/10/20 11:56:13.984, 18 MiB
2023/10/20 11:56:13.985, 18 MiB
2023/10/20 11:56:13.986, 18 MiB
2023/10/20 11:56:13.987, 18 MiB
2023/10/20 11:56:13.988, 18 MiB
2023/10/20 11:56:13.989, 18 MiB
2023/10/20 11:56:13.990, 18 MiB
2023/10/20 11:56:13.991, 18 MiB
2023/10/20 11:56:13.992, 18 MiB
2023/10/20 11:56:13.993, 18 MiB
2023/10/20 11:56:13.994, 18 MiB
2023/10/20 11:56:13.995, 18 MiB
2023/10/20 11:56:13.996, 18 MiB
2023/10/20 11:56:13.997, 18 MiB
2023/10/20 11:56:13.999, 18 MiB
2023/10/20 11:56:14.000, 18 MiB
2023/10/20 11:56:14.001, 18 MiB
2023/10/20 11:56:14.002, 18 MiB
2023/10/20 11:56:14.003, 18 MiB
2023/10/20 11:56:14.004, 18 MiB
2023/10/20 11:56:14.005, 18 MiB
2023/10/20 11:56:14.006, 18 MiB
2023/10/20 11:56:14.007, 18 MiB
2023/10/20 11:56:14.008, 18 MiB
2023/10/20 11:56:14.009, 18 MiB
2023/10/20 11:56:14.010, 18 MiB
2023/10/20 11:56:14.011, 18 MiB
2023/10/20 11:56:14.012, 18 MiB
2023/10/20 11:56:14.014, 18 MiB
2023/10/20 11:56:14.015, 18 MiB
2023/10/20 11:56:14.016, 18 MiB
2023/10/20 11:56:14.017, 18 MiB
2023/10/20 11:56:14.018, 18 MiB
2023/10/20 11:56:14.019, 18 MiB
2023/10/20 11:56:14.020, 18 MiB
2023/10/20 11:56:14.021, 18 MiB
2023/10/20 11:56:14.022, 18 MiB
2023/10/20 11:56:14.023, 18 MiB
2023/10/20 11:56:14.024, 18 MiB
2023/10/20 11:56:14.025, 18 MiB
2023/10/20 11:56:14.026, 18 MiB
2023/10/20 11:56:14.028, 18 MiB
2023/10/20 11:56:14.029, 18 MiB
2023/10/20 11:56:14.030, 18 MiB
2023/10/20 11:56:14.031, 18 MiB
2023/10/20 11:56:14.032, 18 MiB
2023/10/20 11:56:14.033, 18 MiB
2023/10/20 11:56:14.034, 18 MiB
2023/10/20 11:56:14.035, 18 MiB
2023/10/20 11:56:14.036, 18 MiB
2023/10/20 11:56:14.037, 18 MiB
2023/10/20 11:56:14.038, 18 MiB
2023/10/20 11:56:14.040, 18 MiB
2023/10/20 11:56:14.041, 18 MiB
2023/10/20 11:56:14.042, 18 MiB
2023/10/20 11:56:14.043, 18 MiB
2023/10/20 11:56:14.044, 18 MiB
2023/10/20 11:56:14.045, 18 MiB
2023/10/20 11:56:14.046, 18 MiB
2023/10/20 11:56:14.047, 18 MiB
2023/10/20 11:56:14.048, 18 MiB
2023/10/20 11:56:14.049, 18 MiB
2023/10/20 11:56:14.050, 18 MiB
2023/10/20 11:56:14.052, 18 MiB
2023/10/20 11:56:14.053, 18 MiB
2023/10/20 11:56:14.054, 18 MiB
2023/10/20 11:56:14.055, 18 MiB
2023/10/20 11:56:14.056, 18 MiB
2023/10/20 11:56:14.057, 18 MiB
2023/10/20 11:56:14.058, 18 MiB
2023/10/20 11:56:14.059, 18 MiB
2023/10/20 11:56:14.060, 18 MiB
2023/10/20 11:56:14.061, 18 MiB
2023/10/20 11:56:14.062, 18 MiB
2023/10/20 11:56:14.064, 18 MiB
2023/10/20 11:56:14.065, 18 MiB
2023/10/20 11:56:14.066, 18 MiB
2023/10/20 11:56:14.067, 18 MiB
2023/10/20 11:56:14.068, 18 MiB
2023/10/20 11:56:14.069, 18 MiB
2023/10/20 11:56:14.070, 18 MiB
2023/10/20 11:56:14.071, 18 MiB
2023/10/20 11:56:14.072, 18 MiB
2023/10/20 11:56:14.073, 18 MiB
2023/10/20 11:56:14.074, 18 MiB
2023/10/20 11:56:14.076, 18 MiB
2023/10/20 11:56:14.077, 18 MiB
2023/10/20 11:56:14.078, 18 MiB
2023/10/20 11:56:14.079, 18 MiB
2023/10/20 11:56:14.080, 18 MiB
2023/10/20 11:56:14.081, 18 MiB
2023/10/20 11:56:14.082, 18 MiB
2023/10/20 11:56:14.083, 18 MiB
2023/10/20 11:56:14.084, 18 MiB
2023/10/20 11:56:14.085, 18 MiB
2023/10/20 11:56:14.086, 18 MiB
2023/10/20 11:56:14.087, 18 MiB
2023/10/20 11:56:14.089, 18 MiB
2023/10/20 11:56:14.090, 18 MiB
2023/10/20 11:56:14.091, 18 MiB
2023/10/20 11:56:14.092, 18 MiB
2023/10/20 11:56:14.093, 18 MiB
2023/10/20 11:56:14.094, 18 MiB
2023/10/20 11:56:14.095, 18 MiB
2023/10/20 11:56:14.096, 18 MiB
2023/10/20 11:56:14.097, 18 MiB
2023/10/20 11:56:14.098, 18 MiB
2023/10/20 11:56:14.099, 18 MiB
2023/10/20 11:56:14.100, 18 MiB
2023/10/20 11:56:14.102, 18 MiB
2023/10/20 11:56:14.103, 18 MiB
2023/10/20 11:56:14.104, 18 MiB
2023/10/20 11:56:14.105, 18 MiB
2023/10/20 11:56:14.106, 18 MiB
2023/10/20 11:56:14.107, 18 MiB
2023/10/20 11:56:14.108, 18 MiB
2023/10/20 11:56:14.109, 18 MiB
2023/10/20 11:56:14.110, 18 MiB
2023/10/20 11:56:14.111, 18 MiB
2023/10/20 11:56:14.112, 18 MiB
2023/10/20 11:56:14.113, 18 MiB
2023/10/20 11:56:14.114, 18 MiB
2023/10/20 11:56:14.115, 18 MiB
2023/10/20 11:56:14.117, 18 MiB
2023/10/20 11:56:14.118, 18 MiB
2023/10/20 11:56:14.119, 18 MiB
2023/10/20 11:56:14.120, 18 MiB
2023/10/20 11:56:14.121, 18 MiB
2023/10/20 11:56:14.122, 18 MiB
2023/10/20 11:56:14.123, 18 MiB
2023/10/20 11:56:14.124, 18 MiB
2023/10/20 11:56:14.125, 18 MiB
2023/10/20 11:56:14.126, 18 MiB
2023/10/20 11:56:14.127, 18 MiB
2023/10/20 11:56:14.128, 18 MiB
2023/10/20 11:56:14.129, 18 MiB
2023/10/20 11:56:14.130, 18 MiB
2023/10/20 11:56:14.132, 18 MiB
2023/10/20 11:56:14.133, 18 MiB
2023/10/20 11:56:14.134, 18 MiB
2023/10/20 11:56:14.135, 18 MiB
2023/10/20 11:56:14.136, 18 MiB
2023/10/20 11:56:14.137, 18 MiB
2023/10/20 11:56:14.138, 18 MiB
2023/10/20 11:56:14.139, 18 MiB
2023/10/20 11:56:14.140, 18 MiB
2023/10/20 11:56:14.141, 18 MiB
2023/10/20 11:56:14.142, 18 MiB
2023/10/20 11:56:14.143, 18 MiB
2023/10/20 11:56:14.144, 18 MiB
2023/10/20 11:56:14.145, 18 MiB
2023/10/20 11:56:14.147, 18 MiB
2023/10/20 11:56:14.148, 18 MiB
2023/10/20 11:56:14.149, 18 MiB
2023/10/20 11:56:14.150, 18 MiB
2023/10/20 11:56:14.151, 18 MiB
2023/10/20 11:56:14.152, 18 MiB
2023/10/20 11:56:14.153, 18 MiB
2023/10/20 11:56:14.154, 18 MiB
2023/10/20 11:56:14.155, 18 MiB
2023/10/20 11:56:14.156, 18 MiB
2023/10/20 11:56:14.158, 18 MiB
2023/10/20 11:56:14.159, 18 MiB
2023/10/20 11:56:14.160, 18 MiB
2023/10/20 11:56:14.161, 18 MiB
2023/10/20 11:56:14.162, 18 MiB
2023/10/20 11:56:14.163, 18 MiB
2023/10/20 11:56:14.164, 18 MiB
2023/10/20 11:56:14.165, 18 MiB
2023/10/20 11:56:14.166, 18 MiB
2023/10/20 11:56:14.167, 18 MiB
2023/10/20 11:56:14.169, 18 MiB
2023/10/20 11:56:14.170, 18 MiB
2023/10/20 11:56:14.171, 18 MiB
2023/10/20 11:56:14.172, 18 MiB
2023/10/20 11:56:14.173, 18 MiB
2023/10/20 11:56:14.174, 18 MiB
2023/10/20 11:56:14.175, 18 MiB
2023/10/20 11:56:14.176, 18 MiB
2023/10/20 11:56:14.177, 18 MiB
2023/10/20 11:56:14.179, 18 MiB
2023/10/20 11:56:14.180, 18 MiB
2023/10/20 11:56:14.181, 18 MiB
2023/10/20 11:56:14.182, 18 MiB
2023/10/20 11:56:14.183, 18 MiB
2023/10/20 11:56:14.184, 18 MiB
2023/10/20 11:56:14.185, 18 MiB
2023/10/20 11:56:14.186, 18 MiB
2023/10/20 11:56:14.187, 18 MiB
2023/10/20 11:56:14.188, 18 MiB
2023/10/20 11:56:14.190, 18 MiB
2023/10/20 11:56:14.191, 18 MiB
2023/10/20 11:56:14.192, 18 MiB
2023/10/20 11:56:14.193, 18 MiB
2023/10/20 11:56:14.194, 18 MiB
2023/10/20 11:56:14.195, 18 MiB
2023/10/20 11:56:14.196, 18 MiB
2023/10/20 11:56:14.197, 18 MiB
2023/10/20 11:56:14.198, 18 MiB
2023/10/20 11:56:14.200, 18 MiB
2023/10/20 11:56:14.201, 18 MiB
2023/10/20 11:56:14.202, 18 MiB
2023/10/20 11:56:14.203, 18 MiB
2023/10/20 11:56:14.204, 18 MiB
2023/10/20 11:56:14.205, 18 MiB
2023/10/20 11:56:14.206, 18 MiB
2023/10/20 11:56:14.207, 18 MiB
2023/10/20 11:56:14.208, 18 MiB
2023/10/20 11:56:14.210, 18 MiB
2023/10/20 11:56:14.211, 18 MiB
2023/10/20 11:56:14.212, 18 MiB
2023/10/20 11:56:14.213, 18 MiB
2023/10/20 11:56:14.214, 18 MiB
2023/10/20 11:56:14.215, 18 MiB
2023/10/20 11:56:14.216, 18 MiB
2023/10/20 11:56:14.217, 18 MiB
2023/10/20 11:56:14.218, 18 MiB
2023/10/20 11:56:14.219, 18 MiB
2023/10/20 11:56:14.221, 18 MiB
2023/10/20 11:56:14.222, 18 MiB
2023/10/20 11:56:14.223, 18 MiB
2023/10/20 11:56:14.224, 18 MiB
2023/10/20 11:56:14.225, 18 MiB
2023/10/20 11:56:14.226, 18 MiB
2023/10/20 11:56:14.227, 18 MiB
2023/10/20 11:56:14.228, 18 MiB
2023/10/20 11:56:14.229, 18 MiB
2023/10/20 11:56:14.231, 18 MiB
2023/10/20 11:56:14.232, 18 MiB
2023/10/20 11:56:14.233, 18 MiB
2023/10/20 11:56:14.234, 18 MiB
2023/10/20 11:56:14.235, 18 MiB
2023/10/20 11:56:14.236, 18 MiB
2023/10/20 11:56:14.237, 18 MiB
2023/10/20 11:56:14.238, 18 MiB
2023/10/20 11:56:14.239, 18 MiB
2023/10/20 11:56:14.240, 18 MiB
2023/10/20 11:56:14.242, 18 MiB
2023/10/20 11:56:14.243, 18 MiB
2023/10/20 11:56:14.244, 18 MiB
2023/10/20 11:56:14.245, 18 MiB
2023/10/20 11:56:14.246, 18 MiB
2023/10/20 11:56:14.247, 18 MiB
2023/10/20 11:56:14.248, 18 MiB
2023/10/20 11:56:14.249, 18 MiB
2023/10/20 11:56:14.250, 18 MiB
2023/10/20 11:56:14.252, 18 MiB
2023/10/20 11:56:14.253, 18 MiB
