# fmr_benchmark.py --model_path=/home/docker/fmr_benchmark/result/fmr_model_modelnet40.pth --n_iter=10 --input_txt=/benchmark/point_clouds_registration_benchmark/dataset_voxelgrid_0.1/eth/hauptgebaude_global.txt --input_pcd_dir=/benchmark/point_clouds_registration_benchmark/dataset_voxelgrid_0.1/eth/hauptgebaude/ --output_dir=/benchmark/neural_registration_comparison/results/FMR/modelnet40
id;initial_error;final_error;transformation;status_code
3394309160030;1.6922790858233114;2.294437690532775;0.7017998  0.69929075  0.13590172  4.043066  -0.3299528  0.48816103  -0.80797905  12.429134  -0.6313543  0.5221983  0.57332444  11.038523  0.0  0.0  0.0  1.0;ok
3394309160061;1.5790261898861697;1.7461892458188677;-0.041719053  -0.84809583  -0.528198  18.468912  -0.2256146  0.523  -0.8219301  22.695156  0.9733229  0.08487912  -0.21316183  -5.93468  0.0  0.0  0.0  1.0;ok
3394309160092;1.769941196905791;0.1609425459811495;0.10186566  -0.9894954  -0.10257881  2.2063794  0.98831993  0.11241151  -0.102895886  -12.21004  0.11334612  -0.090899095  0.9893886  3.6321619  0.0  0.0  0.0  1.0;ok
3394309160123;1.0042818384518302;0.4145292955762793;0.8545566  0.29930088  0.4244433  2.9324913  0.30598184  0.37020984  -0.87710875  -1.2253509  -0.4196526  0.87941104  0.22478478  8.72938  0.0  0.0  0.0  1.0;ok
3394309160154;1.354109072485953;1.6116318863871317;-0.01596406  -0.9591331  -0.28250462  13.588459  0.678336  0.19718568  -0.70779806  5.617441  0.7345785  -0.20293236  0.64746666  3.5454657  0.0  0.0  0.0  1.0;ok
3394309160185;1.7559355648876938;1.7131640044865952;0.999651  -0.017298087  -0.019965004  -1.8417406  0.02408061  0.9074376  0.41949627  2.2132175  0.010860523  -0.4198306  0.9075374  3.9323068  0.0  0.0  0.0  1.0;ok
3394309160216;1.695348759272916;2.113105275884297;0.04114747  -0.8285614  -0.5583843  20.735588  0.42907768  0.5193547  -0.7390286  15.643849  0.9023301  -0.20918092  0.37688726  1.854065  0.0  0.0  0.0  1.0;ok
3394309160247;1.319107318857277;1.4891618575682521;0.5148413  0.18893589  0.836207  4.65565  -0.2077155  0.9738398  -0.09214558  13.086867  -0.83174074  -0.12625276  0.5406176  16.341434  0.0  0.0  0.0  1.0;ok
3394309160278;1.479122876278208;1.8033463282101094;0.65254617  0.75734395  -0.024769865  7.4392843  -0.64713556  0.5739976  0.5017391  20.030525  0.394207  -0.3113785  0.86466414  3.9490347  0.0  0.0  0.0  1.0;ok
3394309160309;0.9753696725693133;0.04733215205862781;0.43130317  0.15472664  -0.88884056  11.551092  0.5591734  0.7273018  0.39794126  -9.167446  0.70802724  -0.66864926  0.2271686  -9.189714  0.0  0.0  0.0  1.0;ok
3394309160340;1.8019996559804403;1.6005241651746007;0.97366816  -0.14520922  0.17574048  0.643137  -0.14377218  0.20712441  0.9676927  0.88072824  -0.17691806  -0.9674781  0.18079332  1.2319381  0.0  0.0  0.0  1.0;ok
3394309160371;2.0174602378674713;1.9578841354969563;0.99641186  -0.060277183  0.059413344  -1.5034704  0.08460045  0.729734  -0.6784769  -1.3737545  -0.0024592609  0.6810692  0.7322152  -5.632657  0.0  0.0  0.0  1.0;ok
3394309160402;1.119626183262786;0.07791105799888999;0.5071275  -0.75013703  -0.42440087  11.074355  0.552011  0.6608617  -0.50847393  -4.0420904  0.6618954  0.023587216  0.74922496  -15.373067  0.0  0.0  0.0  1.0;ok
3394309160433;1.2231362380907034;0.06153138393832075;0.14840293  -0.95690227  -0.2496291  13.145779  0.981401  0.17358702  -0.08197383  -14.00684  0.121773325  -0.23282117  0.96486557  -3.7672796  0.0  0.0  0.0  1.0;ok
3394309160464;1.1362194916510864;0.22787640220290542;0.2872326  -0.92306966  -0.2558125  5.4519615  0.9577191  0.28135473  0.060115095  -7.01807  0.016483534  -0.26226354  0.96485555  -3.7741132  0.0  0.0  0.0  1.0;ok
3394309160495;2.336952279815666;2.3544700191120294;0.65875816  0.10092038  -0.74555534  11.536505  -0.30178276  0.9431928  -0.13897619  24.042982  0.68917704  0.31654745  0.651792  7.1778517  0.0  0.0  0.0  1.0;ok
3394309160526;1.1641173944663379;1.1841849623910492;0.6325275  -0.3938722  0.6669137  4.4878197  0.3446817  0.91422933  0.2130244  -4.1431913  -0.6936164  0.09512911  0.7140357  15.022452  0.0  0.0  0.0  1.0;ok
3394309160557;0.849894007943776;0.41292177815765385;0.90041476  0.42395887  -0.09753082  -2.4980779  -0.41457853  0.76830155  -0.48768574  5.9336653  -0.13182548  0.47955364  0.8675543  2.484847  0.0  0.0  0.0  1.0;ok
3394309160588;1.957366734579769;1.5118157229565767;0.3878676  0.77521586  0.4985969  7.8623605  -0.76841867  -0.02676946  0.63938755  6.3889427  0.5090107  -0.6311288  0.5853074  -16.681726  0.0  0.0  0.0  1.0;ok
3394309160619;1.7966912871076173;2.2547134343907578;0.20629378  -0.82543856  -0.5254467  17.862421  -0.20846641  0.4875928  -0.8478178  20.882055  0.95602554  0.28443766  -0.07148877  5.9293776  0.0  0.0  0.0  1.0;ok
3394309160650;1.6778879879003223;2.077817234318922;0.27715734  0.7636291  -0.5831417  15.9930525  -0.9506951  0.30584878  -0.05133765  26.484634  0.13915026  0.5686186  0.8107466  6.57294  0.0  0.0  0.0  1.0;ok
3394309160681;0.8734050791453105;0.22442435359374138;0.7633237  -0.50158805  0.40711918  2.7628078  0.37098867  0.8562759  0.35938695  0.4150622  -0.5288707  -0.12329204  0.8396993  -0.50988996  0.0  0.0  0.0  1.0;ok
3394309160712;1.1588761787215311;0.12904008642586917;0.703738  0.71001095  -0.02523992  3.042099  -0.6652055  0.64601976  -0.37437922  7.5483847  -0.24950795  0.2802546  0.92693204  8.457713  0.0  0.0  0.0  1.0;ok
3394309160743;1.6115334524813525;2.273584311212036;0.5495943  0.70544595  -0.44754022  16.429981  -0.24166055  0.64704025  0.72314525  11.429537  0.79971653  -0.28928378  0.5260879  4.5103216  0.0  0.0  0.0  1.0;ok
3394309160774;1.4498789088277817;0.1437182096292817;0.46213523  -0.5182807  -0.71959454  0.77648735  0.24430144  0.85444856  -0.45851362  1.9638023  0.8524949  0.036097255  0.5214873  1.9905481  0.0  0.0  0.0  1.0;ok
3394309160805;1.2605864573344534;0.141863160275729;0.22778083  -0.87563413  0.4258883  10.936089  0.79467916  -0.08557482  -0.6009674  -13.271542  0.56267303  0.47533357  0.6763558  -10.268966  0.0  0.0  0.0  1.0;ok
3394309160836;0.9953149524327015;0.2844972700953503;0.44814682  0.8856073  0.12191876  0.5012517  -0.6896284  0.2557031  0.6775167  3.1758912  0.5688388  -0.38770548  0.7253325  -2.662855  0.0  0.0  0.0  1.0;ok
3394309160867;1.8138062858589499;2.413691866655907;0.8684054  0.045714263  0.49374327  -10.140455  -0.1218443  0.98488414  0.12311451  -1.7948883  -0.4806519  -0.16707309  0.8608486  6.0040092  0.0  0.0  0.0  1.0;ok
3394309160898;1.5305019931227586;1.681963050000971;0.772504  -0.16501868  -0.6131936  5.954775  0.2569174  0.96430117  0.0641591  -0.47760993  0.5807159  -0.20710328  0.7873229  -3.040103  0.0  0.0  0.0  1.0;ok
3394309160929;1.6344766577725767;2.0314108383316767;0.62334746  0.6509837  -0.43319586  16.805683  -0.07327729  0.6001915  0.7964927  0.9084084  0.7785044  -0.46474823  0.42182994  -3.0427394  0.0  0.0  0.0  1.0;ok
3394309160960;1.6359288146366793;2.020853295754693;0.3634106  -0.8039515  0.47073865  8.783395  0.93141615  0.30273  -0.20203617  -6.690518  0.019920737  0.5118756  0.8588288  10.707629  0.0  0.0  0.0  1.0;ok
3394309160991;1.3968113227751267;1.7513032310886136;0.9321183  -0.12563956  -0.33966178  1.952919  -0.115600206  0.7856078  -0.6078296  22.657764  0.3432084  0.605834  0.7177558  -6.081316  0.0  0.0  0.0  1.0;ok
3394309161022;1.1950493741376333;0.07264305050674194;0.5830865  -0.7988064  0.14804912  12.421347  0.8013476  0.595487  0.056897283  -8.392752  -0.13361135  0.08546269  0.98734194  -3.2743304  0.0  0.0  0.0  1.0;ok
3394309161053;1.9850626098447046;2.2175476782301726;0.80369604  0.5365671  0.25723264  1.2664881  -0.49931175  0.84327096  -0.19895115  22.78014  -0.32366753  0.03145702  0.94564784  2.164442  0.0  0.0  0.0  1.0;ok
3394309161084;1.6802447410971384;1.7419677035286687;0.53853863  0.53003836  -0.6550083  8.825029  -0.70781505  0.70632154  -0.010394285  21.504307  0.45713687  0.46922225  0.75555044  -5.722398  0.0  0.0  0.0  1.0;ok
3394309161115;1.454935612053602;0.6819752309068028;-0.030665379  -0.6875622  -0.7254776  9.809945  0.71467006  0.4923508  -0.4968275  3.41499  0.69878924  -0.5337125  0.4762819  -4.954205  0.0  0.0  0.0  1.0;ok
3394309161146;1.6105787649373358;2.1585822278491174;0.7218491  -0.67063886  0.17081478  13.744237  0.35256743  0.568762  0.74310565  6.135325  -0.5955084  -0.47618622  0.6470058  -1.3119204  0.0  0.0  0.0  1.0;ok
3394309161177;1.3265665770372104;2.5999802730454076;0.49183604  0.8606498  -0.13183013  12.033182  -0.7428081  0.3357711  -0.57921827  17.919641  -0.45423943  0.3828048  0.80444205  8.427963  0.0  0.0  0.0  1.0;ok
3394309161208;1.1794893568403575;1.8225869273144828;0.5312734  0.4872022  -0.69309616  11.246733  -0.8130057  0.063108295  -0.5788258  23.02236  -0.2382651  0.8710061  0.429626  -0.736612  0.0  0.0  0.0  1.0;ok
3394309161239;1.4582959991502156;0.2103152544567874;0.6576251  0.7524001  0.03772675  6.4833612  -0.53147423  0.42787054  0.73106915  -2.5355592  0.53391427  -0.5008201  0.68125963  -4.9974227  0.0  0.0  0.0  1.0;ok
3394309161270;1.2937492830378576;1.74627199020212;0.24490792  -0.1996967  -0.94875777  12.453633  -0.38329974  0.8788982  -0.28393555  -1.7431672  0.8905624  0.43319684  0.1387053  0.10093117  0.0  0.0  0.0  1.0;ok
3394309161301;1.4734391630025367;3.043970493675224;0.29180592  -0.61705154  -0.7308192  17.62386  -0.27574003  0.6773634  -0.68201625  11.967232  0.9158693  0.4005325  0.027512975  7.9337673  0.0  0.0  0.0  1.0;ok
3394309161332;1.660459442186582;2.0712789961522913;0.58346164  -0.6169402  -0.52816427  13.78153  0.15629241  0.7234759  -0.672425  11.570272  0.7969599  0.3097862  0.5185435  2.406488  0.0  0.0  0.0  1.0;ok
3394309161363;1.924904335013569;1.728197484231559;0.7690811  -0.2506265  -0.5879631  18.732594  -0.12635396  0.84213924  -0.5242484  15.651266  0.6265372  0.47748113  0.61600566  -3.9988165  0.0  0.0  0.0  1.0;ok
3394309161394;1.053150268695287;1.267797890889885;0.7009394  -0.6716088  0.240053  12.154413  0.63220143  0.7408707  0.2267855  -16.155035  -0.3301594  -0.0072010895  0.94389784  5.4935327  0.0  0.0  0.0  1.0;ok
3394309161425;1.3976204619003867;1.473375138023464;0.9184033  -0.35496745  -0.17473936  0.16903496  0.28905207  0.9035568  -0.31628177  -5.012684  0.27015662  0.23996533  0.9324333  -1.1106446  0.0  0.0  0.0  1.0;ok
3394309161456;1.5959502025735324;0.25503295600812115;0.078031  -0.09988165  0.99193484  4.677378  -0.92647856  0.36017224  0.10914894  3.6223395  -0.36816943  -0.92752343  -0.064433664  1.5559857  0.0  0.0  0.0  1.0;ok
3394309161487;1.1434834564825338;0.2629510275812473;0.31366533  -0.85387236  -0.4153504  7.2592134  0.72258615  0.49843448  -0.47899127  -3.5734792  0.6160222  -0.14988358  0.7733378  -10.308235  0.0  0.0  0.0  1.0;ok
3394309161518;0.7988421714652447;0.13706521531193647;0.7235231  0.19631034  -0.661798  3.6370435  0.16120732  0.88414997  0.4385099  -5.6899366  0.671213  -0.42395866  0.60805637  0.7411891  0.0  0.0  0.0  1.0;ok
3394309161549;1.1471692567593363;0.16178264051249494;0.6413966  0.2476095  0.7261541  0.034274876  -0.6460791  0.6847596  0.33717364  2.0032568  -0.41375366  -0.6854151  0.5991778  -1.5257013  0.0  0.0  0.0  1.0;ok
3394309161580;1.2803070036052724;0.2259501411667531;0.26804477  0.7537059  -0.60006577  16.923859  -0.9245614  0.026162174  -0.38013396  17.576918  -0.27081022  0.65669066  0.70386004  6.186389  0.0  0.0  0.0  1.0;ok
3394309161611;1.9965744463259414;1.7411134159644313;0.9348614  -0.187529  0.30144122  2.5082798  -0.11015701  0.65396136  0.748465  12.6866455  -0.3374898  -0.73291695  0.5907058  2.444655  0.0  0.0  0.0  1.0;ok
3394309161642;1.0981705274832703;0.052712249300603906;0.33043665  -0.7275245  -0.601265  7.6521106  0.59173095  0.65598905  -0.46854332  -3.0927734  0.7353003  -0.20096317  0.64726144  -8.898167  0.0  0.0  0.0  1.0;ok
3394309161673;1.5037266515518353;0.04578026760515397;0.5774322  0.81629246  0.015430319  8.89411  -0.73667806  0.5290756  -0.4211703  6.13532  -0.3519622  0.23183022  0.90685016  9.98583  0.0  0.0  0.0  1.0;ok
3394309161704;1.6969463521852055;2.1460735892530622;0.8701172  0.49277186  0.0084737735  3.8490314  -0.4379393  0.78095394  -0.44533157  17.925842  -0.22606452  0.3837797  0.89532554  3.4815807  0.0  0.0  0.0  1.0;ok
3394309161735;1.4110822628485855;1.3045541392585647;0.8496412  -0.43583965  -0.29690656  11.338848  0.44515806  0.8945886  -0.039313935  -9.415824  0.28274375  -0.0987677  0.9540967  5.172947  0.0  0.0  0.0  1.0;ok
3394309161766;1.6867393748983113;2.3423448586207463;0.5694871  0.8146618  0.10959391  10.718508  -0.6460805  0.5260406  -0.55304706  14.939759  -0.5081972  0.24414667  0.82591033  13.099081  0.0  0.0  0.0  1.0;ok
3394309161797;1.1006245592761523;0.053045295211711335;0.3010367  0.6719419  -0.67666143  7.2862225  -0.43018314  0.72896403  0.53249747  6.6095037  0.85106957  0.1307872  0.5085031  -14.282249  0.0  0.0  0.0  1.0;ok
3394309161828;1.329983892117183;2.1711412722666017;0.17035708  -0.19383787  -0.9661291  13.081525  0.8360258  0.5474016  0.037588768  -4.996749  0.5215744  -0.8141121  0.25530717  3.0312972  0.0  0.0  0.0  1.0;ok
3394309161859;1.205585552750627;1.3159116572907934;0.47970676  0.7044479  0.5231009  9.181574  0.3130273  0.41954625  -0.8520533  -6.25432  -0.8196921  0.5724805  -0.01925238  15.119268  0.0  0.0  0.0  1.0;ok
3394309161890;1.1215429995192094;0.17291221384135264;0.20345989  -0.9378007  0.28130746  8.457928  0.91962284  0.08444374  -0.3836184  -8.512239  0.33600295  0.33674762  0.8796037  -6.5344114  0.0  0.0  0.0  1.0;ok
3394309161921;1.3381387560889493;2.161537293320724;0.71088946  0.6536519  0.2595675  13.7962475  -0.66426224  0.7452812  -0.057547953  -1.188046  -0.23106717  -0.1315106  0.9640088  -0.46217647  0.0  0.0  0.0  1.0;ok
3394309161952;2.2754816996872096;2.5302850865557334;0.10502291  -0.049674626  0.99322826  23.051912  0.12520218  0.9914653  0.036347706  17.768536  -0.98655695  0.12053694  0.110346064  21.561989  0.0  0.0  0.0  1.0;ok
3394309161983;1.9003821636323253;2.391432354865813;0.78177506  0.37279493  -0.49985152  6.523676  -0.55083334  0.78856957  -0.27338734  12.666163  0.29225045  0.4890623  0.82183206  7.508766  0.0  0.0  0.0  1.0;ok
3394309162014;1.744474451540712;1.625536047907663;0.41378117  0.7894087  -0.4534523  12.292638  -0.6921723  0.59633934  0.40654254  14.993801  0.59133965  0.14564747  0.79316103  -5.9382496  0.0  0.0  0.0  1.0;ok
3394309162045;1.0404142586608456;0.11317700201385375;0.38774574  0.6752795  0.62741613  3.181235  -0.7514188  0.6257978  -0.20915776  7.1475396  -0.53387547  -0.39035216  0.7500681  2.374807  0.0  0.0  0.0  1.0;ok
3394309162076;1.6483829238491479;1.837178474700388;0.6305385  0.073581554  0.7726624  12.014999  -0.77209556  0.16118453  0.61472625  6.578614  -0.07930863  -0.98417765  0.15844497  2.5816967  0.0  0.0  0.0  1.0;ok
3394309162107;1.995853359835892;2.1286078565706816;0.5574626  0.7975425  0.23056798  4.154216  -0.4157619  0.5085816  -0.75398064  30.409164  -0.71859413  0.32445472  0.61510295  12.397146  0.0  0.0  0.0  1.0;ok
3394309162138;1.522258732994171;2.4668273114617603;0.06761529  -0.9938851  -0.08729755  26.578255  0.025482016  0.08918951  -0.9956888  10.3692665  0.9973863  0.065099254  0.031356663  3.2595754  0.0  0.0  0.0  1.0;ok
3394309162169;2.07171679417044;1.6820675190134207;0.876492  0.4723559  -0.09296203  4.838955  -0.48019734  0.87155175  -0.099036284  23.172573  0.034240887  0.13144462  0.99073213  4.6991506  0.0  0.0  0.0  1.0;ok
3394309162200;1.550084355836935;1.8168847452667771;0.5797995  -0.78581136  0.21525122  11.6676855  0.09090016  -0.20015243  -0.9755389  15.515403  0.80967253  0.58518326  -0.044617783  5.4805403  0.0  0.0  0.0  1.0;ok
3394309162231;1.2982916060104177;0.15858230812751647;0.8045757  0.59151024  -0.052664448  -3.3182225  -0.25788003  0.42789638  0.86625785  3.3953245  0.53493524  -0.68338907  0.49681368  -5.1390724  0.0  0.0  0.0  1.0;ok
3394309162262;1.5195055694757198;1.7651557779127534;0.782776  0.14519939  0.60512716  10.683043  -0.6184818  0.28912207  0.730677  20.08377  -0.068861805  -0.94621646  0.31612104  12.474605  0.0  0.0  0.0  1.0;ok
3394309162293;1.8184673214262008;1.8921182628740278;-0.2928447  -0.86331236  -0.41101542  0.22561789  -0.5234713  0.50447357  -0.68664706  20.685917  0.80013734  0.014073817  -0.5996517  10.854916  0.0  0.0  0.0  1.0;ok
3394309162324;1.3637762552027672;0.0647047235380171;0.5518219  0.78847116  0.2716729  10.149694  -0.74563646  0.61237  -0.26273414  8.957442  -0.3735226  -0.057586808  0.92583185  10.538345  0.0  0.0  0.0  1.0;ok
3394309162355;1.7679720530073282;1.744894112581158;0.57901424  -0.272368  -0.76847786  -1.0222311  -0.60741705  0.48462957  -0.62942725  25.398216  0.5438629  0.8312339  0.11516653  -2.4000974  0.0  0.0  0.0  1.0;ok
3394309162386;1.9943480870196109;2.391425675927138;0.8243167  -0.040251356  0.5646965  16.02039  -0.38886356  0.6846734  0.61644757  15.70707  -0.4114453  -0.72773784  0.5487353  -3.1738281  0.0  0.0  0.0  1.0;ok
3394309162417;1.444807594677486;0.5624689731410938;0.3054267  0.85969776  -0.40943205  5.5212626  -0.70930326  -0.081466004  -0.7001802  8.469919  -0.6352981  0.5042651  0.5849044  4.9623547  0.0  0.0  0.0  1.0;ok
3394309162448;1.114892795093227;2.569168817574059;0.6433505  0.68672836  0.3383848  1.127223  -0.7651063  0.561333  0.3154642  -1.0976267  0.026691621  -0.46185428  0.8865542  2.0462608  0.0  0.0  0.0  1.0;ok
3394309162479;1.8007353856366888;1.881307121062348;0.98738104  0.116965584  0.10676197  5.001438  -0.15747167  0.65370303  0.74018556  10.195494  0.016785583  -0.74765706  0.6638727  -0.034202456  0.0  0.0  0.0  1.0;ok
3394309162510;1.856622112690704;2.249024493240009;0.98801607  -0.14978491  0.037266  -4.1643057  0.15149789  0.8948551  -0.41986066  15.446313  0.029541135  0.42047474  0.9068233  5.7393064  0.0  0.0  0.0  1.0;ok
3394309162541;1.3113081266891518;1.9803485673405206;0.31956682  -0.79213464  0.5200001  8.460779  0.82805175  -0.033334147  -0.5596595  6.2603335  0.46065944  0.60943556  0.64527595  -4.092661  0.0  0.0  0.0  1.0;ok
3394309162572;1.8609069313093527;2.497519936824128;0.47597614  -0.8757846  0.08029952  16.420588  0.87156034  0.48194045  0.09008826  8.75061  -0.117597505  0.027105995  0.9926913  14.784859  0.0  0.0  0.0  1.0;ok
3394309162603;1.626631607809089;2.559822036546277;0.096130714  -0.0048959157  -0.99535674  19.743357  -0.4469785  0.89327943  -0.047562588  14.608774  0.8893645  0.44947535  0.08368307  4.568291  0.0  0.0  0.0  1.0;ok
3394309162634;1.8024075408437117;2.2887649356977704;0.06180218  -0.17167166  -0.9832137  9.766079  -0.6980933  0.6966145  -0.16551106  15.409184  0.7133345  0.6966039  -0.07679048  3.8063521  0.0  0.0  0.0  1.0;ok
3394309162665;1.5232127669484286;1.6470230648133473;0.036553364  -0.98362684  0.17647228  15.844948  -0.1404125  -0.17989388  -0.97361326  13.282842  0.9894182  0.010810005  -0.14468929  -7.8200097  0.0  0.0  0.0  1.0;ok
3394309162696;1.295418558963664;0.07174966899660473;0.47809386  -0.6225503  0.61956227  -5.0132113  0.60051715  0.7464605  0.28666332  4.246428  -0.64094114  0.2350058  0.7307305  -0.97410226  0.0  0.0  0.0  1.0;ok
3394309162727;1.7540432971144453;2.105869875566825;0.7159819  0.58615834  -0.37919456  2.2647295  -0.52551067  0.09495375  -0.8454717  18.76096  -0.45957413  0.80461335  0.37601757  11.830851  0.0  0.0  0.0  1.0;ok
3394309162758;2.051812247143147;1.9062970600544564;0.42906755  -0.5642518  0.70535153  2.2318568  0.4734081  0.8055184  0.35640523  13.0254135  -0.76927596  0.18099724  0.6127432  14.093052  0.0  0.0  0.0  1.0;ok
3394309162789;1.4114496872744815;2.1363635000077226;0.367802  0.90648705  -0.20737225  10.657166  -0.28206888  0.32125318  0.90400964  5.895001  0.88609207  -0.27400324  0.37384927  -4.18694  0.0  0.0  0.0  1.0;ok
3394309162820;1.5391278946101297;0.12615982391878108;0.4493395  0.4728011  0.7579928  6.9899173  -0.8545028  0.4749816  0.21027915  8.830804  -0.26061255  -0.74219364  0.61743784  7.928549  0.0  0.0  0.0  1.0;ok
3394309162851;0.959190132359742;0.12263833214905882;0.44070235  -0.43766838  0.78372675  2.1495547  -0.30974942  0.74531275  0.59039325  1.1483169  -0.84251815  -0.5029466  0.19289353  9.928407  0.0  0.0  0.0  1.0;ok
3394309162882;0.945542245682725;0.0878888117809927;0.3619485  0.19454175  -0.9116726  -0.21820796  -0.5661588  0.82282716  -0.04919105  -0.25102806  0.7405791  0.53395605  0.40796247  1.4225745  0.0  0.0  0.0  1.0;ok
3394309162913;1.8248111914671468;2.1753289926045682;0.80537045  0.59257144  -0.015419671  -1.5126295  -0.27582115  0.3515928  -0.89459777  14.787048  -0.52469146  0.7247356  0.44660625  16.680828  0.0  0.0  0.0  1.0;ok
3394309162944;1.6535647115941265;1.5921567312272509;0.4649573  0.39462048  -0.79252106  7.1553335  0.24850279  0.8010086  0.5446387  -2.0761514  0.8497419  -0.4501773  0.27437067  -12.561462  0.0  0.0  0.0  1.0;ok
3394309162975;1.1983027875298222;1.8634040093747828;0.24585605  0.025642924  0.9689672  7.0202127  -0.9093765  -0.33994526  0.23973246  30.071655  0.33554322  -0.94009566  -0.060258605  8.046792  0.0  0.0  0.0  1.0;ok
3394309163006;1.0863987432436133;1.8281033519790864;-0.023847003  -0.9791309  0.20182706  4.4145727  -0.45412523  -0.16924362  -0.8747153  13.124867  0.8906187  -0.11251421  -0.44061208  3.4745808  0.0  0.0  0.0  1.0;ok
3394309163037;1.1281622141306953;0.14644714386946017;0.39314312  -0.8672905  0.3053615  6.1917043  0.9153023  0.33753332  -0.21975698  -16.477222  0.08752352  0.36589402  0.926532  -4.6545534  0.0  0.0  0.0  1.0;ok
3394309163068;1.4053514536516052;0.11306594306467666;0.78442043  -0.3667309  -0.50019306  1.0220176  -0.25565246  0.54358846  -0.7994707  -3.5861588  0.56508964  0.75499666  0.33264616  -2.6046834  0.0  0.0  0.0  1.0;ok
3394309163099;1.373381382305611;1.4169461894512376;0.47298238  -0.6960116  0.5402364  -0.6218021  0.8162246  0.5770174  0.02878555  3.8051257  -0.3317609  0.42733908  0.84102076  7.781625  0.0  0.0  0.0  1.0;ok
