timestamp, memory.used [MiB]
2023/10/20 11:56:03.400, 16 MiB
2023/10/20 11:56:03.402, 16 MiB
2023/10/20 11:56:03.403, 16 MiB
2023/10/20 11:56:03.404, 16 MiB
2023/10/20 11:56:03.405, 16 MiB
2023/10/20 11:56:03.406, 16 MiB
2023/10/20 11:56:03.407, 16 MiB
2023/10/20 11:56:03.408, 16 MiB
2023/10/20 11:56:03.409, 16 MiB
2023/10/20 11:56:03.410, 16 MiB
2023/10/20 11:56:03.411, 16 MiB
2023/10/20 11:56:03.412, 16 MiB
2023/10/20 11:56:03.413, 16 MiB
2023/10/20 11:56:03.414, 16 MiB
2023/10/20 11:56:03.416, 16 MiB
2023/10/20 11:56:03.417, 16 MiB
2023/10/20 11:56:03.418, 16 MiB
2023/10/20 11:56:03.419, 16 MiB
2023/10/20 11:56:03.420, 16 MiB
2023/10/20 11:56:03.421, 16 MiB
2023/10/20 11:56:03.422, 16 MiB
2023/10/20 11:56:03.423, 16 MiB
2023/10/20 11:56:03.424, 16 MiB
2023/10/20 11:56:03.425, 16 MiB
2023/10/20 11:56:03.426, 16 MiB
2023/10/20 11:56:03.428, 16 MiB
2023/10/20 11:56:03.429, 16 MiB
2023/10/20 11:56:03.430, 16 MiB
2023/10/20 11:56:03.431, 16 MiB
2023/10/20 11:56:03.432, 16 MiB
2023/10/20 11:56:03.433, 16 MiB
2023/10/20 11:56:03.434, 16 MiB
2023/10/20 11:56:03.435, 16 MiB
2023/10/20 11:56:03.436, 16 MiB
2023/10/20 11:56:03.437, 16 MiB
2023/10/20 11:56:03.438, 16 MiB
2023/10/20 11:56:03.440, 16 MiB
2023/10/20 11:56:03.441, 16 MiB
2023/10/20 11:56:03.442, 16 MiB
2023/10/20 11:56:03.443, 16 MiB
2023/10/20 11:56:03.444, 16 MiB
2023/10/20 11:56:03.445, 16 MiB
2023/10/20 11:56:03.446, 16 MiB
2023/10/20 11:56:03.447, 16 MiB
2023/10/20 11:56:03.448, 16 MiB
2023/10/20 11:56:03.449, 16 MiB
2023/10/20 11:56:03.450, 16 MiB
2023/10/20 11:56:03.452, 16 MiB
2023/10/20 11:56:03.453, 16 MiB
2023/10/20 11:56:03.454, 16 MiB
2023/10/20 11:56:03.455, 16 MiB
2023/10/20 11:56:03.456, 16 MiB
2023/10/20 11:56:03.457, 16 MiB
2023/10/20 11:56:03.458, 16 MiB
2023/10/20 11:56:03.459, 16 MiB
2023/10/20 11:56:03.460, 16 MiB
2023/10/20 11:56:03.461, 16 MiB
2023/10/20 11:56:03.462, 16 MiB
2023/10/20 11:56:03.463, 16 MiB
2023/10/20 11:56:03.465, 16 MiB
2023/10/20 11:56:03.466, 16 MiB
2023/10/20 11:56:03.467, 16 MiB
2023/10/20 11:56:03.468, 16 MiB
2023/10/20 11:56:03.469, 16 MiB
2023/10/20 11:56:03.470, 16 MiB
2023/10/20 11:56:03.471, 16 MiB
2023/10/20 11:56:03.472, 16 MiB
2023/10/20 11:56:03.473, 16 MiB
2023/10/20 11:56:03.474, 16 MiB
2023/10/20 11:56:03.475, 16 MiB
2023/10/20 11:56:03.477, 16 MiB
2023/10/20 11:56:03.478, 16 MiB
2023/10/20 11:56:03.479, 16 MiB
2023/10/20 11:56:03.480, 16 MiB
2023/10/20 11:56:03.481, 16 MiB
2023/10/20 11:56:03.482, 16 MiB
2023/10/20 11:56:03.483, 16 MiB
2023/10/20 11:56:03.484, 16 MiB
2023/10/20 11:56:03.485, 16 MiB
2023/10/20 11:56:03.486, 16 MiB
2023/10/20 11:56:03.487, 16 MiB
2023/10/20 11:56:03.489, 16 MiB
2023/10/20 11:56:03.490, 16 MiB
2023/10/20 11:56:03.491, 16 MiB
2023/10/20 11:56:03.492, 16 MiB
2023/10/20 11:56:03.493, 16 MiB
2023/10/20 11:56:03.494, 16 MiB
2023/10/20 11:56:03.495, 16 MiB
2023/10/20 11:56:03.496, 16 MiB
2023/10/20 11:56:03.497, 16 MiB
2023/10/20 11:56:03.498, 16 MiB
2023/10/20 11:56:03.499, 16 MiB
2023/10/20 11:56:03.500, 16 MiB
2023/10/20 11:56:03.501, 16 MiB
2023/10/20 11:56:03.503, 16 MiB
2023/10/20 11:56:03.504, 16 MiB
2023/10/20 11:56:03.505, 16 MiB
2023/10/20 11:56:03.506, 16 MiB
2023/10/20 11:56:03.507, 16 MiB
2023/10/20 11:56:03.508, 16 MiB
2023/10/20 11:56:03.509, 16 MiB
2023/10/20 11:56:03.510, 16 MiB
2023/10/20 11:56:03.511, 16 MiB
2023/10/20 11:56:03.512, 16 MiB
2023/10/20 11:56:03.513, 16 MiB
2023/10/20 11:56:03.514, 16 MiB
2023/10/20 11:56:03.515, 16 MiB
2023/10/20 11:56:03.516, 16 MiB
2023/10/20 11:56:03.518, 16 MiB
2023/10/20 11:56:03.519, 16 MiB
2023/10/20 11:56:03.520, 16 MiB
2023/10/20 11:56:03.521, 16 MiB
2023/10/20 11:56:03.522, 16 MiB
2023/10/20 11:56:03.523, 16 MiB
2023/10/20 11:56:03.524, 16 MiB
2023/10/20 11:56:03.525, 16 MiB
2023/10/20 11:56:03.526, 16 MiB
2023/10/20 11:56:03.527, 16 MiB
2023/10/20 11:56:03.528, 16 MiB
2023/10/20 11:56:03.529, 16 MiB
2023/10/20 11:56:03.530, 16 MiB
2023/10/20 11:56:03.532, 16 MiB
2023/10/20 11:56:03.533, 16 MiB
2023/10/20 11:56:03.534, 16 MiB
2023/10/20 11:56:03.535, 16 MiB
2023/10/20 11:56:03.536, 16 MiB
2023/10/20 11:56:03.537, 16 MiB
2023/10/20 11:56:03.538, 16 MiB
2023/10/20 11:56:03.539, 16 MiB
2023/10/20 11:56:03.540, 16 MiB
2023/10/20 11:56:03.541, 16 MiB
2023/10/20 11:56:03.542, 16 MiB
2023/10/20 11:56:03.543, 16 MiB
2023/10/20 11:56:03.544, 16 MiB
2023/10/20 11:56:03.545, 16 MiB
2023/10/20 11:56:03.547, 16 MiB
2023/10/20 11:56:03.548, 16 MiB
2023/10/20 11:56:03.549, 16 MiB
2023/10/20 11:56:03.550, 16 MiB
2023/10/20 11:56:03.551, 16 MiB
2023/10/20 11:56:03.552, 16 MiB
2023/10/20 11:56:03.553, 16 MiB
2023/10/20 11:56:03.554, 16 MiB
2023/10/20 11:56:03.555, 16 MiB
2023/10/20 11:56:03.556, 16 MiB
2023/10/20 11:56:03.557, 16 MiB
2023/10/20 11:56:03.558, 16 MiB
2023/10/20 11:56:03.559, 16 MiB
2023/10/20 11:56:03.560, 16 MiB
2023/10/20 11:56:03.562, 16 MiB
2023/10/20 11:56:03.563, 16 MiB
2023/10/20 11:56:03.564, 16 MiB
2023/10/20 11:56:03.565, 16 MiB
2023/10/20 11:56:03.566, 16 MiB
2023/10/20 11:56:03.567, 16 MiB
2023/10/20 11:56:03.568, 16 MiB
2023/10/20 11:56:03.569, 16 MiB
2023/10/20 11:56:03.570, 16 MiB
2023/10/20 11:56:03.571, 16 MiB
2023/10/20 11:56:03.572, 16 MiB
2023/10/20 11:56:03.573, 16 MiB
2023/10/20 11:56:03.574, 16 MiB
2023/10/20 11:56:03.576, 16 MiB
2023/10/20 11:56:03.577, 16 MiB
2023/10/20 11:56:03.578, 16 MiB
2023/10/20 11:56:03.579, 16 MiB
2023/10/20 11:56:03.580, 16 MiB
2023/10/20 11:56:03.581, 16 MiB
2023/10/20 11:56:03.582, 16 MiB
2023/10/20 11:56:03.583, 16 MiB
2023/10/20 11:56:03.584, 16 MiB
2023/10/20 11:56:03.585, 16 MiB
2023/10/20 11:56:03.586, 16 MiB
2023/10/20 11:56:03.587, 16 MiB
2023/10/20 11:56:03.588, 16 MiB
2023/10/20 11:56:03.589, 16 MiB
2023/10/20 11:56:03.591, 16 MiB
2023/10/20 11:56:03.592, 16 MiB
2023/10/20 11:56:03.593, 16 MiB
2023/10/20 11:56:03.594, 16 MiB
2023/10/20 11:56:03.595, 16 MiB
2023/10/20 11:56:03.596, 16 MiB
2023/10/20 11:56:03.597, 16 MiB
2023/10/20 11:56:03.598, 16 MiB
2023/10/20 11:56:03.599, 16 MiB
2023/10/20 11:56:03.600, 16 MiB
2023/10/20 11:56:03.601, 16 MiB
2023/10/20 11:56:03.602, 16 MiB
2023/10/20 11:56:03.603, 16 MiB
2023/10/20 11:56:03.604, 16 MiB
2023/10/20 11:56:03.606, 16 MiB
2023/10/20 11:56:03.607, 16 MiB
2023/10/20 11:56:03.608, 16 MiB
2023/10/20 11:56:03.609, 16 MiB
2023/10/20 11:56:03.610, 16 MiB
2023/10/20 11:56:03.611, 16 MiB
2023/10/20 11:56:03.612, 16 MiB
2023/10/20 11:56:03.613, 16 MiB
2023/10/20 11:56:03.614, 16 MiB
2023/10/20 11:56:03.615, 16 MiB
2023/10/20 11:56:03.616, 16 MiB
2023/10/20 11:56:03.617, 16 MiB
2023/10/20 11:56:03.618, 16 MiB
2023/10/20 11:56:03.619, 16 MiB
2023/10/20 11:56:03.621, 16 MiB
2023/10/20 11:56:03.622, 16 MiB
2023/10/20 11:56:03.623, 16 MiB
2023/10/20 11:56:03.624, 16 MiB
2023/10/20 11:56:03.625, 16 MiB
2023/10/20 11:56:03.626, 16 MiB
2023/10/20 11:56:03.627, 16 MiB
2023/10/20 11:56:03.628, 16 MiB
2023/10/20 11:56:03.629, 16 MiB
2023/10/20 11:56:03.630, 16 MiB
2023/10/20 11:56:03.631, 16 MiB
2023/10/20 11:56:03.632, 16 MiB
2023/10/20 11:56:03.633, 16 MiB
2023/10/20 11:56:03.634, 16 MiB
2023/10/20 11:56:03.636, 16 MiB
2023/10/20 11:56:03.637, 16 MiB
2023/10/20 11:56:03.638, 16 MiB
2023/10/20 11:56:03.639, 16 MiB
2023/10/20 11:56:03.640, 16 MiB
2023/10/20 11:56:03.641, 16 MiB
2023/10/20 11:56:03.642, 16 MiB
2023/10/20 11:56:03.643, 16 MiB
2023/10/20 11:56:03.644, 16 MiB
2023/10/20 11:56:03.645, 16 MiB
2023/10/20 11:56:03.646, 16 MiB
2023/10/20 11:56:03.647, 16 MiB
2023/10/20 11:56:03.648, 16 MiB
2023/10/20 11:56:03.649, 16 MiB
2023/10/20 11:56:03.650, 16 MiB
2023/10/20 11:56:03.652, 16 MiB
2023/10/20 11:56:03.653, 16 MiB
2023/10/20 11:56:03.654, 16 MiB
2023/10/20 11:56:03.655, 16 MiB
2023/10/20 11:56:03.656, 16 MiB
2023/10/20 11:56:03.657, 16 MiB
2023/10/20 11:56:03.658, 16 MiB
2023/10/20 11:56:03.659, 16 MiB
2023/10/20 11:56:03.660, 16 MiB
2023/10/20 11:56:03.661, 16 MiB
2023/10/20 11:56:03.662, 16 MiB
2023/10/20 11:56:03.663, 16 MiB
2023/10/20 11:56:03.664, 16 MiB
2023/10/20 11:56:03.665, 16 MiB
2023/10/20 11:56:03.667, 16 MiB
2023/10/20 11:56:03.668, 16 MiB
2023/10/20 11:56:03.669, 16 MiB
2023/10/20 11:56:03.670, 16 MiB
2023/10/20 11:56:03.671, 16 MiB
2023/10/20 11:56:03.672, 16 MiB
2023/10/20 11:56:03.673, 16 MiB
2023/10/20 11:56:03.674, 16 MiB
2023/10/20 11:56:03.675, 16 MiB
2023/10/20 11:56:03.676, 16 MiB
2023/10/20 11:56:03.677, 16 MiB
2023/10/20 11:56:03.678, 16 MiB
2023/10/20 11:56:03.679, 16 MiB
2023/10/20 11:56:03.680, 16 MiB
2023/10/20 11:56:03.682, 16 MiB
2023/10/20 11:56:03.683, 16 MiB
2023/10/20 11:56:03.684, 16 MiB
2023/10/20 11:56:03.685, 16 MiB
2023/10/20 11:56:03.686, 16 MiB
2023/10/20 11:56:03.687, 16 MiB
2023/10/20 11:56:03.688, 16 MiB
2023/10/20 11:56:03.689, 16 MiB
2023/10/20 11:56:03.690, 16 MiB
2023/10/20 11:56:03.691, 16 MiB
2023/10/20 11:56:03.692, 16 MiB
2023/10/20 11:56:03.693, 16 MiB
2023/10/20 11:56:03.694, 16 MiB
2023/10/20 11:56:03.695, 16 MiB
2023/10/20 11:56:03.697, 16 MiB
2023/10/20 11:56:03.698, 16 MiB
2023/10/20 11:56:03.699, 16 MiB
2023/10/20 11:56:03.700, 16 MiB
2023/10/20 11:56:03.701, 16 MiB
2023/10/20 11:56:03.702, 16 MiB
2023/10/20 11:56:03.703, 16 MiB
2023/10/20 11:56:03.704, 16 MiB
2023/10/20 11:56:03.705, 16 MiB
2023/10/20 11:56:03.706, 16 MiB
2023/10/20 11:56:03.707, 16 MiB
2023/10/20 11:56:03.708, 16 MiB
2023/10/20 11:56:03.709, 16 MiB
2023/10/20 11:56:03.710, 16 MiB
2023/10/20 11:56:03.712, 16 MiB
2023/10/20 11:56:03.713, 16 MiB
2023/10/20 11:56:03.714, 16 MiB
2023/10/20 11:56:03.715, 16 MiB
2023/10/20 11:56:03.716, 16 MiB
2023/10/20 11:56:03.717, 16 MiB
2023/10/20 11:56:03.718, 16 MiB
2023/10/20 11:56:03.719, 16 MiB
2023/10/20 11:56:03.720, 16 MiB
2023/10/20 11:56:03.721, 16 MiB
2023/10/20 11:56:03.722, 16 MiB
2023/10/20 11:56:03.723, 16 MiB
2023/10/20 11:56:03.725, 16 MiB
2023/10/20 11:56:03.726, 16 MiB
2023/10/20 11:56:03.727, 16 MiB
2023/10/20 11:56:03.728, 16 MiB
2023/10/20 11:56:03.729, 16 MiB
2023/10/20 11:56:03.730, 16 MiB
2023/10/20 11:56:03.731, 16 MiB
2023/10/20 11:56:03.732, 16 MiB
2023/10/20 11:56:03.733, 16 MiB
2023/10/20 11:56:03.734, 16 MiB
2023/10/20 11:56:03.735, 16 MiB
2023/10/20 11:56:03.736, 16 MiB
2023/10/20 11:56:03.737, 16 MiB
2023/10/20 11:56:03.738, 16 MiB
2023/10/20 11:56:03.740, 16 MiB
2023/10/20 11:56:03.741, 16 MiB
2023/10/20 11:56:03.742, 16 MiB
2023/10/20 11:56:03.743, 16 MiB
2023/10/20 11:56:03.744, 16 MiB
2023/10/20 11:56:03.745, 16 MiB
2023/10/20 11:56:03.746, 16 MiB
2023/10/20 11:56:03.747, 16 MiB
2023/10/20 11:56:03.748, 16 MiB
2023/10/20 11:56:03.749, 16 MiB
2023/10/20 11:56:03.750, 16 MiB
2023/10/20 11:56:03.751, 16 MiB
2023/10/20 11:56:03.752, 16 MiB
2023/10/20 11:56:03.753, 16 MiB
2023/10/20 11:56:03.754, 16 MiB
2023/10/20 11:56:03.756, 16 MiB
2023/10/20 11:56:03.757, 16 MiB
2023/10/20 11:56:03.758, 16 MiB
2023/10/20 11:56:03.759, 16 MiB
2023/10/20 11:56:03.760, 16 MiB
2023/10/20 11:56:03.761, 16 MiB
2023/10/20 11:56:03.762, 16 MiB
2023/10/20 11:56:03.763, 16 MiB
2023/10/20 11:56:03.764, 16 MiB
2023/10/20 11:56:03.765, 16 MiB
2023/10/20 11:56:03.766, 16 MiB
2023/10/20 11:56:03.767, 16 MiB
2023/10/20 11:56:03.768, 16 MiB
2023/10/20 11:56:03.769, 16 MiB
2023/10/20 11:56:03.771, 16 MiB
2023/10/20 11:56:03.772, 16 MiB
2023/10/20 11:56:03.773, 16 MiB
2023/10/20 11:56:03.774, 16 MiB
2023/10/20 11:56:03.775, 16 MiB
2023/10/20 11:56:03.776, 16 MiB
2023/10/20 11:56:03.777, 16 MiB
2023/10/20 11:56:03.778, 16 MiB
2023/10/20 11:56:03.779, 16 MiB
2023/10/20 11:56:03.780, 16 MiB
2023/10/20 11:56:03.781, 16 MiB
2023/10/20 11:56:03.782, 16 MiB
2023/10/20 11:56:03.783, 16 MiB
2023/10/20 11:56:03.784, 16 MiB
2023/10/20 11:56:03.786, 16 MiB
2023/10/20 11:56:03.787, 16 MiB
2023/10/20 11:56:03.788, 16 MiB
2023/10/20 11:56:03.789, 16 MiB
2023/10/20 11:56:03.790, 16 MiB
2023/10/20 11:56:03.791, 16 MiB
2023/10/20 11:56:03.792, 16 MiB
2023/10/20 11:56:03.793, 16 MiB
2023/10/20 11:56:03.794, 16 MiB
2023/10/20 11:56:03.795, 16 MiB
2023/10/20 11:56:03.796, 16 MiB
2023/10/20 11:56:03.797, 16 MiB
2023/10/20 11:56:03.798, 16 MiB
2023/10/20 11:56:03.799, 16 MiB
2023/10/20 11:56:03.800, 16 MiB
2023/10/20 11:56:03.802, 16 MiB
2023/10/20 11:56:03.803, 16 MiB
2023/10/20 11:56:03.804, 16 MiB
2023/10/20 11:56:03.805, 16 MiB
2023/10/20 11:56:03.806, 16 MiB
2023/10/20 11:56:03.807, 16 MiB
2023/10/20 11:56:03.808, 16 MiB
2023/10/20 11:56:03.809, 16 MiB
2023/10/20 11:56:03.810, 16 MiB
2023/10/20 11:56:03.811, 16 MiB
2023/10/20 11:56:03.812, 16 MiB
2023/10/20 11:56:03.813, 16 MiB
2023/10/20 11:56:03.814, 16 MiB
2023/10/20 11:56:03.815, 16 MiB
2023/10/20 11:56:03.817, 16 MiB
2023/10/20 11:56:03.818, 16 MiB
2023/10/20 11:56:03.819, 16 MiB
2023/10/20 11:56:03.820, 16 MiB
2023/10/20 11:56:03.821, 16 MiB
2023/10/20 11:56:03.822, 16 MiB
2023/10/20 11:56:03.823, 16 MiB
2023/10/20 11:56:03.824, 16 MiB
2023/10/20 11:56:03.825, 16 MiB
2023/10/20 11:56:03.826, 16 MiB
2023/10/20 11:56:03.827, 16 MiB
2023/10/20 11:56:03.828, 16 MiB
2023/10/20 11:56:03.829, 16 MiB
2023/10/20 11:56:03.830, 16 MiB
2023/10/20 11:56:03.832, 16 MiB
2023/10/20 11:56:03.833, 16 MiB
2023/10/20 11:56:03.834, 16 MiB
2023/10/20 11:56:03.835, 16 MiB
2023/10/20 11:56:03.836, 16 MiB
2023/10/20 11:56:03.837, 16 MiB
2023/10/20 11:56:03.838, 16 MiB
2023/10/20 11:56:03.839, 16 MiB
2023/10/20 11:56:03.840, 16 MiB
2023/10/20 11:56:03.841, 16 MiB
2023/10/20 11:56:03.842, 16 MiB
2023/10/20 11:56:03.843, 16 MiB
2023/10/20 11:56:03.844, 16 MiB
2023/10/20 11:56:03.845, 16 MiB
2023/10/20 11:56:03.847, 16 MiB
2023/10/20 11:56:03.848, 16 MiB
2023/10/20 11:56:03.849, 16 MiB
2023/10/20 11:56:03.850, 16 MiB
2023/10/20 11:56:03.851, 16 MiB
2023/10/20 11:56:03.852, 16 MiB
2023/10/20 11:56:03.853, 16 MiB
2023/10/20 11:56:03.854, 16 MiB
2023/10/20 11:56:03.855, 16 MiB
2023/10/20 11:56:03.856, 16 MiB
2023/10/20 11:56:03.857, 16 MiB
2023/10/20 11:56:03.858, 16 MiB
2023/10/20 11:56:03.859, 16 MiB
2023/10/20 11:56:03.860, 16 MiB
2023/10/20 11:56:03.862, 16 MiB
2023/10/20 11:56:03.863, 16 MiB
2023/10/20 11:56:03.864, 16 MiB
2023/10/20 11:56:03.865, 16 MiB
2023/10/20 11:56:03.866, 16 MiB
2023/10/20 11:56:03.867, 16 MiB
2023/10/20 11:56:03.868, 16 MiB
2023/10/20 11:56:03.869, 16 MiB
2023/10/20 11:56:03.870, 16 MiB
2023/10/20 11:56:03.871, 16 MiB
2023/10/20 11:56:03.872, 16 MiB
2023/10/20 11:56:03.873, 16 MiB
2023/10/20 11:56:03.874, 16 MiB
2023/10/20 11:56:03.875, 16 MiB
2023/10/20 11:56:03.877, 16 MiB
2023/10/20 11:56:03.878, 16 MiB
2023/10/20 11:56:03.879, 16 MiB
2023/10/20 11:56:03.880, 16 MiB
2023/10/20 11:56:03.881, 16 MiB
2023/10/20 11:56:03.882, 16 MiB
2023/10/20 11:56:03.883, 16 MiB
2023/10/20 11:56:03.884, 16 MiB
2023/10/20 11:56:03.885, 16 MiB
2023/10/20 11:56:03.886, 16 MiB
2023/10/20 11:56:03.887, 16 MiB
2023/10/20 11:56:03.888, 16 MiB
2023/10/20 11:56:03.889, 16 MiB
2023/10/20 11:56:03.890, 16 MiB
2023/10/20 11:56:03.892, 16 MiB
2023/10/20 11:56:03.893, 16 MiB
2023/10/20 11:56:03.894, 16 MiB
2023/10/20 11:56:03.895, 16 MiB
2023/10/20 11:56:03.896, 16 MiB
2023/10/20 11:56:03.897, 16 MiB
2023/10/20 11:56:03.898, 16 MiB
2023/10/20 11:56:03.899, 16 MiB
2023/10/20 11:56:03.900, 16 MiB
2023/10/20 11:56:03.901, 16 MiB
2023/10/20 11:56:03.902, 16 MiB
2023/10/20 11:56:03.903, 16 MiB
2023/10/20 11:56:03.904, 16 MiB
2023/10/20 11:56:03.905, 16 MiB
2023/10/20 11:56:03.907, 16 MiB
2023/10/20 11:56:03.908, 16 MiB
2023/10/20 11:56:03.909, 16 MiB
2023/10/20 11:56:03.910, 16 MiB
2023/10/20 11:56:03.911, 16 MiB
2023/10/20 11:56:03.912, 16 MiB
2023/10/20 11:56:03.913, 16 MiB
2023/10/20 11:56:03.914, 16 MiB
2023/10/20 11:56:03.915, 16 MiB
2023/10/20 11:56:03.916, 16 MiB
2023/10/20 11:56:03.917, 16 MiB
2023/10/20 11:56:03.918, 16 MiB
2023/10/20 11:56:03.919, 16 MiB
2023/10/20 11:56:03.920, 16 MiB
2023/10/20 11:56:03.921, 16 MiB
2023/10/20 11:56:03.923, 16 MiB
2023/10/20 11:56:03.924, 16 MiB
2023/10/20 11:56:03.925, 16 MiB
2023/10/20 11:56:03.926, 16 MiB
2023/10/20 11:56:03.927, 16 MiB
2023/10/20 11:56:03.928, 16 MiB
2023/10/20 11:56:03.929, 16 MiB
2023/10/20 11:56:03.930, 16 MiB
2023/10/20 11:56:03.931, 16 MiB
2023/10/20 11:56:03.932, 16 MiB
2023/10/20 11:56:03.933, 16 MiB
2023/10/20 11:56:03.934, 16 MiB
2023/10/20 11:56:03.935, 16 MiB
2023/10/20 11:56:03.936, 16 MiB
2023/10/20 11:56:03.938, 16 MiB
2023/10/20 11:56:03.939, 16 MiB
2023/10/20 11:56:03.940, 16 MiB
2023/10/20 11:56:03.941, 16 MiB
2023/10/20 11:56:03.942, 16 MiB
2023/10/20 11:56:03.943, 16 MiB
2023/10/20 11:56:03.944, 16 MiB
2023/10/20 11:56:03.945, 16 MiB
2023/10/20 11:56:03.946, 16 MiB
2023/10/20 11:56:03.947, 16 MiB
2023/10/20 11:56:03.948, 16 MiB
2023/10/20 11:56:03.949, 16 MiB
2023/10/20 11:56:03.950, 16 MiB
2023/10/20 11:56:03.951, 16 MiB
2023/10/20 11:56:03.953, 16 MiB
2023/10/20 11:56:03.954, 16 MiB
2023/10/20 11:56:03.955, 16 MiB
2023/10/20 11:56:03.956, 16 MiB
2023/10/20 11:56:03.957, 16 MiB
2023/10/20 11:56:03.958, 16 MiB
2023/10/20 11:56:03.959, 16 MiB
2023/10/20 11:56:03.960, 16 MiB
2023/10/20 11:56:03.961, 16 MiB
2023/10/20 11:56:03.962, 16 MiB
2023/10/20 11:56:03.963, 16 MiB
2023/10/20 11:56:03.964, 16 MiB
2023/10/20 11:56:03.965, 16 MiB
2023/10/20 11:56:03.966, 16 MiB
2023/10/20 11:56:03.968, 16 MiB
2023/10/20 11:56:03.969, 16 MiB
2023/10/20 11:56:03.970, 16 MiB
2023/10/20 11:56:03.971, 16 MiB
2023/10/20 11:56:03.972, 16 MiB
2023/10/20 11:56:03.973, 16 MiB
2023/10/20 11:56:03.974, 16 MiB
2023/10/20 11:56:03.975, 16 MiB
2023/10/20 11:56:03.976, 16 MiB
2023/10/20 11:56:03.977, 16 MiB
2023/10/20 11:56:03.978, 16 MiB
2023/10/20 11:56:03.979, 16 MiB
2023/10/20 11:56:03.980, 16 MiB
2023/10/20 11:56:03.981, 16 MiB
2023/10/20 11:56:03.983, 16 MiB
2023/10/20 11:56:03.984, 16 MiB
2023/10/20 11:56:03.985, 16 MiB
2023/10/20 11:56:03.986, 16 MiB
2023/10/20 11:56:03.987, 16 MiB
2023/10/20 11:56:03.988, 16 MiB
2023/10/20 11:56:03.989, 16 MiB
2023/10/20 11:56:03.990, 16 MiB
2023/10/20 11:56:03.991, 16 MiB
2023/10/20 11:56:03.992, 16 MiB
2023/10/20 11:56:03.993, 16 MiB
2023/10/20 11:56:03.994, 16 MiB
2023/10/20 11:56:03.995, 16 MiB
2023/10/20 11:56:03.996, 16 MiB
2023/10/20 11:56:03.997, 16 MiB
2023/10/20 11:56:03.999, 16 MiB
2023/10/20 11:56:04.000, 16 MiB
2023/10/20 11:56:04.001, 16 MiB
2023/10/20 11:56:04.002, 16 MiB
2023/10/20 11:56:04.003, 16 MiB
2023/10/20 11:56:04.004, 16 MiB
2023/10/20 11:56:04.005, 16 MiB
2023/10/20 11:56:04.006, 16 MiB
2023/10/20 11:56:04.007, 16 MiB
2023/10/20 11:56:04.008, 16 MiB
2023/10/20 11:56:04.009, 16 MiB
2023/10/20 11:56:04.010, 16 MiB
2023/10/20 11:56:04.011, 16 MiB
2023/10/20 11:56:04.012, 16 MiB
2023/10/20 11:56:04.014, 16 MiB
2023/10/20 11:56:04.015, 16 MiB
2023/10/20 11:56:04.016, 16 MiB
2023/10/20 11:56:04.017, 16 MiB
2023/10/20 11:56:04.018, 16 MiB
2023/10/20 11:56:04.019, 16 MiB
2023/10/20 11:56:04.020, 16 MiB
2023/10/20 11:56:04.021, 16 MiB
2023/10/20 11:56:04.022, 16 MiB
2023/10/20 11:56:04.023, 16 MiB
2023/10/20 11:56:04.024, 16 MiB
2023/10/20 11:56:04.025, 16 MiB
2023/10/20 11:56:04.026, 16 MiB
2023/10/20 11:56:04.027, 16 MiB
2023/10/20 11:56:04.029, 16 MiB
2023/10/20 11:56:04.030, 16 MiB
2023/10/20 11:56:04.031, 16 MiB
2023/10/20 11:56:04.032, 16 MiB
2023/10/20 11:56:04.033, 16 MiB
2023/10/20 11:56:04.034, 16 MiB
2023/10/20 11:56:04.035, 16 MiB
2023/10/20 11:56:04.036, 16 MiB
2023/10/20 11:56:04.037, 16 MiB
2023/10/20 11:56:04.038, 16 MiB
2023/10/20 11:56:04.039, 16 MiB
2023/10/20 11:56:04.040, 16 MiB
2023/10/20 11:56:04.041, 16 MiB
2023/10/20 11:56:04.042, 16 MiB
2023/10/20 11:56:04.046, 16 MiB
2023/10/20 11:56:04.047, 16 MiB
2023/10/20 11:56:04.048, 18 MiB
2023/10/20 11:56:04.049, 18 MiB
2023/10/20 11:56:04.050, 18 MiB
2023/10/20 11:56:04.051, 18 MiB
2023/10/20 11:56:04.052, 18 MiB
2023/10/20 11:56:04.053, 18 MiB
2023/10/20 11:56:04.054, 18 MiB
2023/10/20 11:56:04.055, 18 MiB
2023/10/20 11:56:04.056, 18 MiB
2023/10/20 11:56:04.058, 18 MiB
2023/10/20 11:56:04.059, 18 MiB
2023/10/20 11:56:04.060, 18 MiB
2023/10/20 11:56:04.061, 18 MiB
2023/10/20 11:56:04.062, 18 MiB
2023/10/20 11:56:04.063, 18 MiB
2023/10/20 11:56:04.064, 18 MiB
2023/10/20 11:56:04.065, 18 MiB
2023/10/20 11:56:04.066, 18 MiB
2023/10/20 11:56:04.067, 18 MiB
2023/10/20 11:56:04.068, 18 MiB
2023/10/20 11:56:04.069, 18 MiB
2023/10/20 11:56:04.071, 18 MiB
2023/10/20 11:56:04.072, 18 MiB
2023/10/20 11:56:04.073, 18 MiB
2023/10/20 11:56:04.074, 18 MiB
2023/10/20 11:56:04.075, 18 MiB
2023/10/20 11:56:04.076, 18 MiB
2023/10/20 11:56:04.077, 18 MiB
2023/10/20 11:56:04.078, 18 MiB
2023/10/20 11:56:04.079, 18 MiB
2023/10/20 11:56:04.080, 18 MiB
2023/10/20 11:56:04.081, 18 MiB
2023/10/20 11:56:04.082, 18 MiB
2023/10/20 11:56:04.084, 18 MiB
2023/10/20 11:56:04.085, 18 MiB
2023/10/20 11:56:04.086, 18 MiB
2023/10/20 11:56:04.087, 18 MiB
2023/10/20 11:56:04.088, 18 MiB
2023/10/20 11:56:04.089, 18 MiB
2023/10/20 11:56:04.090, 18 MiB
2023/10/20 11:56:04.091, 18 MiB
2023/10/20 11:56:04.092, 18 MiB
2023/10/20 11:56:04.093, 18 MiB
2023/10/20 11:56:04.094, 18 MiB
2023/10/20 11:56:04.095, 18 MiB
2023/10/20 11:56:04.096, 18 MiB
2023/10/20 11:56:04.098, 18 MiB
2023/10/20 11:56:04.099, 18 MiB
2023/10/20 11:56:04.100, 18 MiB
2023/10/20 11:56:04.101, 18 MiB
2023/10/20 11:56:04.102, 18 MiB
2023/10/20 11:56:04.103, 18 MiB
2023/10/20 11:56:04.104, 18 MiB
2023/10/20 11:56:04.105, 18 MiB
2023/10/20 11:56:04.106, 18 MiB
2023/10/20 11:56:04.107, 18 MiB
2023/10/20 11:56:04.108, 18 MiB
2023/10/20 11:56:04.109, 18 MiB
2023/10/20 11:56:04.111, 18 MiB
2023/10/20 11:56:04.112, 18 MiB
2023/10/20 11:56:04.113, 18 MiB
2023/10/20 11:56:04.114, 18 MiB
2023/10/20 11:56:04.115, 18 MiB
2023/10/20 11:56:04.116, 18 MiB
2023/10/20 11:56:04.117, 18 MiB
2023/10/20 11:56:04.118, 18 MiB
2023/10/20 11:56:04.119, 18 MiB
2023/10/20 11:56:04.120, 18 MiB
2023/10/20 11:56:04.121, 18 MiB
2023/10/20 11:56:04.122, 18 MiB
2023/10/20 11:56:04.123, 18 MiB
2023/10/20 11:56:04.124, 18 MiB
2023/10/20 11:56:04.126, 18 MiB
2023/10/20 11:56:04.127, 18 MiB
2023/10/20 11:56:04.128, 18 MiB
2023/10/20 11:56:04.129, 18 MiB
2023/10/20 11:56:04.130, 18 MiB
2023/10/20 11:56:04.131, 18 MiB
2023/10/20 11:56:04.132, 18 MiB
2023/10/20 11:56:04.133, 18 MiB
2023/10/20 11:56:04.134, 18 MiB
2023/10/20 11:56:04.135, 18 MiB
2023/10/20 11:56:04.136, 18 MiB
2023/10/20 11:56:04.137, 18 MiB
2023/10/20 11:56:04.138, 18 MiB
2023/10/20 11:56:04.140, 18 MiB
2023/10/20 11:56:04.141, 18 MiB
2023/10/20 11:56:04.142, 18 MiB
2023/10/20 11:56:04.143, 18 MiB
2023/10/20 11:56:04.144, 18 MiB
2023/10/20 11:56:04.145, 18 MiB
2023/10/20 11:56:04.146, 18 MiB
2023/10/20 11:56:04.147, 18 MiB
2023/10/20 11:56:04.148, 18 MiB
2023/10/20 11:56:04.149, 18 MiB
2023/10/20 11:56:04.150, 18 MiB
2023/10/20 11:56:04.151, 18 MiB
2023/10/20 11:56:04.152, 18 MiB
2023/10/20 11:56:04.153, 18 MiB
2023/10/20 11:56:04.155, 18 MiB
2023/10/20 11:56:04.156, 18 MiB
2023/10/20 11:56:04.157, 18 MiB
2023/10/20 11:56:04.158, 18 MiB
2023/10/20 11:56:04.159, 18 MiB
2023/10/20 11:56:04.160, 18 MiB
2023/10/20 11:56:04.161, 18 MiB
2023/10/20 11:56:04.162, 18 MiB
2023/10/20 11:56:04.163, 18 MiB
2023/10/20 11:56:04.164, 18 MiB
2023/10/20 11:56:04.165, 18 MiB
2023/10/20 11:56:04.166, 18 MiB
2023/10/20 11:56:04.167, 18 MiB
2023/10/20 11:56:04.168, 18 MiB
2023/10/20 11:56:04.170, 18 MiB
2023/10/20 11:56:04.171, 18 MiB
2023/10/20 11:56:04.172, 18 MiB
2023/10/20 11:56:04.173, 18 MiB
2023/10/20 11:56:04.174, 18 MiB
2023/10/20 11:56:04.175, 18 MiB
2023/10/20 11:56:04.176, 18 MiB
2023/10/20 11:56:04.177, 18 MiB
2023/10/20 11:56:04.178, 18 MiB
2023/10/20 11:56:04.179, 18 MiB
2023/10/20 11:56:04.180, 18 MiB
2023/10/20 11:56:04.181, 18 MiB
2023/10/20 11:56:04.182, 18 MiB
2023/10/20 11:56:04.183, 18 MiB
2023/10/20 11:56:04.185, 18 MiB
2023/10/20 11:56:04.186, 18 MiB
2023/10/20 11:56:04.187, 18 MiB
2023/10/20 11:56:04.188, 18 MiB
2023/10/20 11:56:04.189, 18 MiB
2023/10/20 11:56:04.190, 18 MiB
2023/10/20 11:56:04.191, 18 MiB
2023/10/20 11:56:04.192, 18 MiB
2023/10/20 11:56:04.193, 18 MiB
2023/10/20 11:56:04.194, 18 MiB
2023/10/20 11:56:04.195, 18 MiB
2023/10/20 11:56:04.196, 18 MiB
2023/10/20 11:56:04.197, 18 MiB
2023/10/20 11:56:04.199, 18 MiB
2023/10/20 11:56:04.200, 18 MiB
2023/10/20 11:56:04.201, 18 MiB
2023/10/20 11:56:04.202, 18 MiB
2023/10/20 11:56:04.203, 18 MiB
2023/10/20 11:56:04.204, 18 MiB
2023/10/20 11:56:04.205, 18 MiB
2023/10/20 11:56:04.206, 18 MiB
2023/10/20 11:56:04.207, 18 MiB
2023/10/20 11:56:04.208, 18 MiB
2023/10/20 11:56:04.209, 18 MiB
2023/10/20 11:56:04.210, 18 MiB
2023/10/20 11:56:04.211, 18 MiB
2023/10/20 11:56:04.212, 18 MiB
2023/10/20 11:56:04.214, 18 MiB
2023/10/20 11:56:04.215, 18 MiB
2023/10/20 11:56:04.216, 18 MiB
2023/10/20 11:56:04.217, 18 MiB
2023/10/20 11:56:04.218, 18 MiB
2023/10/20 11:56:04.219, 18 MiB
2023/10/20 11:56:04.220, 18 MiB
2023/10/20 11:56:04.221, 18 MiB
2023/10/20 11:56:04.222, 18 MiB
2023/10/20 11:56:04.223, 18 MiB
2023/10/20 11:56:04.224, 18 MiB
2023/10/20 11:56:04.225, 18 MiB
2023/10/20 11:56:04.226, 18 MiB
2023/10/20 11:56:04.227, 18 MiB
2023/10/20 11:56:04.229, 18 MiB
2023/10/20 11:56:04.230, 18 MiB
2023/10/20 11:56:04.231, 18 MiB
2023/10/20 11:56:04.232, 18 MiB
2023/10/20 11:56:04.233, 18 MiB
2023/10/20 11:56:04.234, 18 MiB
2023/10/20 11:56:04.235, 18 MiB
2023/10/20 11:56:04.236, 18 MiB
2023/10/20 11:56:04.237, 18 MiB
2023/10/20 11:56:04.238, 18 MiB
2023/10/20 11:56:04.239, 18 MiB
2023/10/20 11:56:04.240, 18 MiB
2023/10/20 11:56:04.241, 18 MiB
2023/10/20 11:56:04.243, 18 MiB
2023/10/20 11:56:04.244, 18 MiB
2023/10/20 11:56:04.245, 18 MiB
2023/10/20 11:56:04.246, 18 MiB
2023/10/20 11:56:04.247, 18 MiB
2023/10/20 11:56:04.248, 18 MiB
2023/10/20 11:56:04.249, 18 MiB
2023/10/20 11:56:04.250, 18 MiB
2023/10/20 11:56:04.251, 18 MiB
2023/10/20 11:56:04.252, 18 MiB
2023/10/20 11:56:04.253, 18 MiB
2023/10/20 11:56:04.254, 18 MiB
2023/10/20 11:56:04.255, 18 MiB
2023/10/20 11:56:04.256, 18 MiB
2023/10/20 11:56:04.258, 18 MiB
2023/10/20 11:56:04.259, 18 MiB
2023/10/20 11:56:04.260, 18 MiB
2023/10/20 11:56:04.261, 18 MiB
2023/10/20 11:56:04.262, 18 MiB
2023/10/20 11:56:04.263, 18 MiB
2023/10/20 11:56:04.264, 18 MiB
2023/10/20 11:56:04.265, 18 MiB
2023/10/20 11:56:04.266, 18 MiB
2023/10/20 11:56:04.267, 18 MiB
2023/10/20 11:56:04.268, 18 MiB
2023/10/20 11:56:04.269, 18 MiB
2023/10/20 11:56:04.270, 18 MiB
2023/10/20 11:56:04.276, 18 MiB
2023/10/20 11:56:04.277, 18 MiB
2023/10/20 11:56:04.278, 18 MiB
2023/10/20 11:56:04.280, 18 MiB
2023/10/20 11:56:04.281, 18 MiB
2023/10/20 11:56:04.282, 18 MiB
2023/10/20 11:56:04.283, 18 MiB
2023/10/20 11:56:04.284, 18 MiB
2023/10/20 11:56:04.285, 18 MiB
2023/10/20 11:56:04.286, 18 MiB
2023/10/20 11:56:04.287, 18 MiB
2023/10/20 11:56:04.288, 18 MiB
2023/10/20 11:56:04.289, 18 MiB
2023/10/20 11:56:04.290, 18 MiB
2023/10/20 11:56:04.291, 18 MiB
2023/10/20 11:56:04.293, 18 MiB
2023/10/20 11:56:04.294, 18 MiB
2023/10/20 11:56:04.295, 18 MiB
2023/10/20 11:56:04.296, 18 MiB
2023/10/20 11:56:04.297, 18 MiB
2023/10/20 11:56:04.298, 18 MiB
2023/10/20 11:56:04.299, 18 MiB
2023/10/20 11:56:04.300, 18 MiB
2023/10/20 11:56:04.301, 18 MiB
2023/10/20 11:56:04.302, 18 MiB
2023/10/20 11:56:04.303, 18 MiB
2023/10/20 11:56:04.304, 18 MiB
2023/10/20 11:56:04.305, 18 MiB
2023/10/20 11:56:04.306, 18 MiB
2023/10/20 11:56:04.308, 18 MiB
2023/10/20 11:56:04.309, 18 MiB
2023/10/20 11:56:04.310, 18 MiB
2023/10/20 11:56:04.311, 18 MiB
2023/10/20 11:56:04.312, 18 MiB
2023/10/20 11:56:04.313, 18 MiB
2023/10/20 11:56:04.314, 18 MiB
2023/10/20 11:56:04.315, 18 MiB
2023/10/20 11:56:04.316, 18 MiB
2023/10/20 11:56:04.317, 18 MiB
2023/10/20 11:56:04.318, 18 MiB
2023/10/20 11:56:04.319, 18 MiB
2023/10/20 11:56:04.320, 18 MiB
2023/10/20 11:56:04.322, 18 MiB
2023/10/20 11:56:04.323, 18 MiB
2023/10/20 11:56:04.324, 18 MiB
2023/10/20 11:56:04.325, 18 MiB
2023/10/20 11:56:04.326, 18 MiB
2023/10/20 11:56:04.327, 18 MiB
2023/10/20 11:56:04.328, 18 MiB
2023/10/20 11:56:04.329, 18 MiB
2023/10/20 11:56:04.330, 18 MiB
2023/10/20 11:56:04.331, 18 MiB
2023/10/20 11:56:04.332, 18 MiB
2023/10/20 11:56:04.333, 18 MiB
2023/10/20 11:56:04.334, 18 MiB
2023/10/20 11:56:04.335, 18 MiB
2023/10/20 11:56:04.337, 18 MiB
2023/10/20 11:56:04.338, 18 MiB
2023/10/20 11:56:04.339, 18 MiB
2023/10/20 11:56:04.340, 18 MiB
2023/10/20 11:56:04.341, 18 MiB
2023/10/20 11:56:04.342, 18 MiB
2023/10/20 11:56:04.343, 18 MiB
2023/10/20 11:56:04.344, 18 MiB
2023/10/20 11:56:04.345, 18 MiB
2023/10/20 11:56:04.346, 18 MiB
2023/10/20 11:56:04.347, 18 MiB
2023/10/20 11:56:04.348, 18 MiB
2023/10/20 11:56:04.349, 18 MiB
2023/10/20 11:56:04.351, 18 MiB
2023/10/20 11:56:04.352, 18 MiB
2023/10/20 11:56:04.353, 18 MiB
2023/10/20 11:56:04.354, 18 MiB
2023/10/20 11:56:04.355, 18 MiB
2023/10/20 11:56:04.356, 18 MiB
2023/10/20 11:56:04.357, 18 MiB
2023/10/20 11:56:04.358, 18 MiB
2023/10/20 11:56:04.359, 18 MiB
2023/10/20 11:56:04.360, 18 MiB
2023/10/20 11:56:04.361, 18 MiB
2023/10/20 11:56:04.362, 18 MiB
2023/10/20 11:56:04.363, 18 MiB
2023/10/20 11:56:04.364, 18 MiB
2023/10/20 11:56:04.366, 18 MiB
2023/10/20 11:56:04.367, 18 MiB
2023/10/20 11:56:04.368, 18 MiB
2023/10/20 11:56:04.369, 18 MiB
2023/10/20 11:56:04.370, 18 MiB
2023/10/20 11:56:04.371, 18 MiB
2023/10/20 11:56:04.372, 18 MiB
2023/10/20 11:56:04.373, 18 MiB
2023/10/20 11:56:04.374, 18 MiB
2023/10/20 11:56:04.375, 18 MiB
2023/10/20 11:56:04.376, 18 MiB
2023/10/20 11:56:04.377, 18 MiB
2023/10/20 11:56:04.378, 18 MiB
2023/10/20 11:56:04.379, 18 MiB
2023/10/20 11:56:04.381, 18 MiB
2023/10/20 11:56:04.382, 18 MiB
2023/10/20 11:56:04.383, 18 MiB
2023/10/20 11:56:04.384, 18 MiB
2023/10/20 11:56:04.385, 18 MiB
2023/10/20 11:56:04.386, 18 MiB
2023/10/20 11:56:04.387, 18 MiB
2023/10/20 11:56:04.388, 18 MiB
2023/10/20 11:56:04.389, 18 MiB
2023/10/20 11:56:04.390, 18 MiB
2023/10/20 11:56:04.391, 18 MiB
2023/10/20 11:56:04.392, 18 MiB
2023/10/20 11:56:04.393, 18 MiB
2023/10/20 11:56:04.395, 18 MiB
2023/10/20 11:56:04.396, 18 MiB
2023/10/20 11:56:04.397, 18 MiB
2023/10/20 11:56:04.398, 18 MiB
2023/10/20 11:56:04.399, 18 MiB
2023/10/20 11:56:04.400, 18 MiB
2023/10/20 11:56:04.401, 18 MiB
2023/10/20 11:56:04.402, 18 MiB
2023/10/20 11:56:04.403, 18 MiB
2023/10/20 11:56:04.404, 18 MiB
2023/10/20 11:56:04.405, 18 MiB
2023/10/20 11:56:04.406, 18 MiB
2023/10/20 11:56:04.407, 18 MiB
2023/10/20 11:56:04.408, 18 MiB
2023/10/20 11:56:04.409, 18 MiB
2023/10/20 11:56:04.411, 18 MiB
2023/10/20 11:56:04.412, 18 MiB
2023/10/20 11:56:04.413, 18 MiB
2023/10/20 11:56:04.414, 18 MiB
2023/10/20 11:56:04.415, 18 MiB
2023/10/20 11:56:04.416, 18 MiB
2023/10/20 11:56:04.417, 18 MiB
2023/10/20 11:56:04.418, 18 MiB
2023/10/20 11:56:04.419, 18 MiB
2023/10/20 11:56:04.420, 18 MiB
2023/10/20 11:56:04.421, 18 MiB
2023/10/20 11:56:04.422, 18 MiB
2023/10/20 11:56:04.423, 18 MiB
2023/10/20 11:56:04.424, 18 MiB
2023/10/20 11:56:04.426, 18 MiB
2023/10/20 11:56:04.427, 18 MiB
2023/10/20 11:56:04.428, 18 MiB
2023/10/20 11:56:04.429, 18 MiB
2023/10/20 11:56:04.430, 18 MiB
2023/10/20 11:56:04.431, 18 MiB
2023/10/20 11:56:04.432, 18 MiB
2023/10/20 11:56:04.433, 18 MiB
2023/10/20 11:56:04.434, 18 MiB
2023/10/20 11:56:04.436, 18 MiB
2023/10/20 11:56:04.437, 18 MiB
2023/10/20 11:56:04.438, 18 MiB
2023/10/20 11:56:04.439, 18 MiB
2023/10/20 11:56:04.440, 18 MiB
2023/10/20 11:56:04.441, 18 MiB
2023/10/20 11:56:04.442, 18 MiB
2023/10/20 11:56:04.443, 18 MiB
2023/10/20 11:56:04.444, 18 MiB
2023/10/20 11:56:04.445, 18 MiB
2023/10/20 11:56:04.447, 18 MiB
2023/10/20 11:56:04.448, 18 MiB
2023/10/20 11:56:04.449, 18 MiB
2023/10/20 11:56:04.450, 18 MiB
2023/10/20 11:56:04.451, 18 MiB
2023/10/20 11:56:04.452, 18 MiB
2023/10/20 11:56:04.453, 18 MiB
2023/10/20 11:56:04.454, 18 MiB
2023/10/20 11:56:04.455, 18 MiB
2023/10/20 11:56:04.457, 18 MiB
2023/10/20 11:56:04.458, 18 MiB
2023/10/20 11:56:04.459, 18 MiB
2023/10/20 11:56:04.460, 18 MiB
2023/10/20 11:56:04.461, 18 MiB
2023/10/20 11:56:04.462, 18 MiB
2023/10/20 11:56:04.463, 18 MiB
2023/10/20 11:56:04.464, 18 MiB
2023/10/20 11:56:04.465, 18 MiB
2023/10/20 11:56:04.466, 18 MiB
2023/10/20 11:56:04.468, 18 MiB
2023/10/20 11:56:04.469, 18 MiB
2023/10/20 11:56:04.470, 18 MiB
2023/10/20 11:56:04.471, 18 MiB
2023/10/20 11:56:04.472, 18 MiB
2023/10/20 11:56:04.473, 18 MiB
2023/10/20 11:56:04.474, 18 MiB
2023/10/20 11:56:04.475, 18 MiB
2023/10/20 11:56:04.476, 18 MiB
2023/10/20 11:56:04.478, 18 MiB
2023/10/20 11:56:04.479, 18 MiB
2023/10/20 11:56:04.480, 18 MiB
2023/10/20 11:56:04.481, 18 MiB
2023/10/20 11:56:04.482, 18 MiB
2023/10/20 11:56:04.483, 18 MiB
2023/10/20 11:56:04.484, 18 MiB
2023/10/20 11:56:04.485, 18 MiB
2023/10/20 11:56:04.486, 18 MiB
2023/10/20 11:56:04.488, 18 MiB
2023/10/20 11:56:04.489, 18 MiB
2023/10/20 11:56:04.490, 18 MiB
2023/10/20 11:56:04.491, 18 MiB
2023/10/20 11:56:04.492, 18 MiB
2023/10/20 11:56:04.493, 18 MiB
2023/10/20 11:56:04.494, 18 MiB
2023/10/20 11:56:04.495, 18 MiB
2023/10/20 11:56:04.496, 18 MiB
2023/10/20 11:56:04.497, 18 MiB
2023/10/20 11:56:04.499, 18 MiB
2023/10/20 11:56:04.500, 18 MiB
2023/10/20 11:56:04.501, 18 MiB
2023/10/20 11:56:04.502, 18 MiB
2023/10/20 11:56:04.503, 18 MiB
2023/10/20 11:56:04.504, 18 MiB
2023/10/20 11:56:04.505, 18 MiB
2023/10/20 11:56:04.506, 18 MiB
2023/10/20 11:56:04.507, 18 MiB
2023/10/20 11:56:04.509, 18 MiB
2023/10/20 11:56:04.510, 18 MiB
2023/10/20 11:56:04.511, 18 MiB
2023/10/20 11:56:04.512, 18 MiB
2023/10/20 11:56:04.513, 18 MiB
2023/10/20 11:56:04.514, 18 MiB
2023/10/20 11:56:04.515, 18 MiB
2023/10/20 11:56:04.516, 18 MiB
2023/10/20 11:56:04.517, 18 MiB
2023/10/20 11:56:04.518, 18 MiB
2023/10/20 11:56:04.520, 18 MiB
2023/10/20 11:56:04.521, 18 MiB
2023/10/20 11:56:04.522, 18 MiB
2023/10/20 11:56:04.523, 18 MiB
2023/10/20 11:56:04.524, 18 MiB
2023/10/20 11:56:04.525, 18 MiB
2023/10/20 11:56:04.526, 18 MiB
2023/10/20 11:56:04.527, 18 MiB
2023/10/20 11:56:04.528, 18 MiB
2023/10/20 11:56:04.530, 18 MiB
2023/10/20 11:56:04.531, 18 MiB
2023/10/20 11:56:04.532, 18 MiB
2023/10/20 11:56:04.533, 18 MiB
2023/10/20 11:56:04.534, 18 MiB
2023/10/20 11:56:04.535, 18 MiB
2023/10/20 11:56:04.536, 18 MiB
2023/10/20 11:56:04.537, 18 MiB
2023/10/20 11:56:04.538, 18 MiB
2023/10/20 11:56:04.539, 18 MiB
2023/10/20 11:56:04.541, 18 MiB
2023/10/20 11:56:04.542, 18 MiB
2023/10/20 11:56:04.543, 18 MiB
2023/10/20 11:56:04.544, 18 MiB
2023/10/20 11:56:04.545, 18 MiB
2023/10/20 11:56:04.546, 18 MiB
2023/10/20 11:56:04.547, 18 MiB
2023/10/20 11:56:04.548, 18 MiB
2023/10/20 11:56:04.549, 18 MiB
2023/10/20 11:56:04.551, 18 MiB
2023/10/20 11:56:04.552, 18 MiB
2023/10/20 11:56:04.553, 18 MiB
2023/10/20 11:56:04.554, 18 MiB
2023/10/20 11:56:04.555, 18 MiB
2023/10/20 11:56:04.556, 18 MiB
2023/10/20 11:56:04.557, 18 MiB
2023/10/20 11:56:04.558, 18 MiB
2023/10/20 11:56:04.559, 18 MiB
2023/10/20 11:56:04.561, 18 MiB
2023/10/20 11:56:04.562, 18 MiB
2023/10/20 11:56:04.563, 18 MiB
2023/10/20 11:56:04.564, 18 MiB
2023/10/20 11:56:04.565, 18 MiB
2023/10/20 11:56:04.566, 18 MiB
2023/10/20 11:56:04.567, 18 MiB
2023/10/20 11:56:04.568, 18 MiB
2023/10/20 11:56:04.569, 18 MiB
2023/10/20 11:56:04.570, 18 MiB
2023/10/20 11:56:04.572, 18 MiB
2023/10/20 11:56:04.573, 18 MiB
2023/10/20 11:56:04.574, 18 MiB
2023/10/20 11:56:04.575, 18 MiB
2023/10/20 11:56:04.576, 18 MiB
2023/10/20 11:56:04.577, 18 MiB
2023/10/20 11:56:04.578, 18 MiB
2023/10/20 11:56:04.579, 18 MiB
2023/10/20 11:56:04.580, 18 MiB
2023/10/20 11:56:04.581, 18 MiB
2023/10/20 11:56:04.582, 18 MiB
2023/10/20 11:56:04.584, 18 MiB
2023/10/20 11:56:04.585, 18 MiB
2023/10/20 11:56:04.586, 18 MiB
2023/10/20 11:56:04.587, 18 MiB
2023/10/20 11:56:04.588, 18 MiB
2023/10/20 11:56:04.589, 18 MiB
2023/10/20 11:56:04.590, 18 MiB
2023/10/20 11:56:04.591, 18 MiB
2023/10/20 11:56:04.592, 18 MiB
2023/10/20 11:56:04.593, 18 MiB
2023/10/20 11:56:04.594, 18 MiB
2023/10/20 11:56:04.595, 18 MiB
2023/10/20 11:56:04.597, 18 MiB
2023/10/20 11:56:04.598, 18 MiB
2023/10/20 11:56:04.599, 18 MiB
2023/10/20 11:56:04.600, 18 MiB
2023/10/20 11:56:04.601, 18 MiB
2023/10/20 11:56:04.602, 18 MiB
2023/10/20 11:56:04.603, 18 MiB
2023/10/20 11:56:04.604, 18 MiB
2023/10/20 11:56:04.605, 18 MiB
2023/10/20 11:56:04.606, 18 MiB
2023/10/20 11:56:04.607, 18 MiB
2023/10/20 11:56:04.608, 18 MiB
2023/10/20 11:56:04.610, 18 MiB
2023/10/20 11:56:04.611, 18 MiB
2023/10/20 11:56:04.612, 18 MiB
2023/10/20 11:56:04.613, 18 MiB
2023/10/20 11:56:04.614, 18 MiB
2023/10/20 11:56:04.615, 18 MiB
2023/10/20 11:56:04.616, 18 MiB
2023/10/20 11:56:04.617, 18 MiB
2023/10/20 11:56:04.618, 18 MiB
2023/10/20 11:56:04.619, 18 MiB
2023/10/20 11:56:04.620, 18 MiB
2023/10/20 11:56:04.621, 18 MiB
2023/10/20 11:56:04.623, 18 MiB
2023/10/20 11:56:04.624, 18 MiB
2023/10/20 11:56:04.625, 18 MiB
2023/10/20 11:56:04.626, 18 MiB
2023/10/20 11:56:04.627, 18 MiB
2023/10/20 11:56:04.628, 18 MiB
2023/10/20 11:56:04.629, 18 MiB
2023/10/20 11:56:04.630, 18 MiB
2023/10/20 11:56:04.631, 18 MiB
2023/10/20 11:56:04.632, 18 MiB
2023/10/20 11:56:04.633, 18 MiB
2023/10/20 11:56:04.634, 18 MiB
2023/10/20 11:56:04.636, 18 MiB
2023/10/20 11:56:04.637, 18 MiB
2023/10/20 11:56:04.638, 18 MiB
2023/10/20 11:56:04.639, 18 MiB
2023/10/20 11:56:04.640, 18 MiB
2023/10/20 11:56:04.641, 18 MiB
2023/10/20 11:56:04.642, 18 MiB
2023/10/20 11:56:04.643, 18 MiB
2023/10/20 11:56:04.644, 18 MiB
2023/10/20 11:56:04.645, 18 MiB
2023/10/20 11:56:04.646, 18 MiB
2023/10/20 11:56:04.648, 18 MiB
2023/10/20 11:56:04.649, 18 MiB
2023/10/20 11:56:04.650, 18 MiB
2023/10/20 11:56:04.651, 18 MiB
2023/10/20 11:56:04.652, 18 MiB
2023/10/20 11:56:04.653, 18 MiB
2023/10/20 11:56:04.654, 18 MiB
2023/10/20 11:56:04.655, 18 MiB
2023/10/20 11:56:04.656, 18 MiB
2023/10/20 11:56:04.657, 18 MiB
2023/10/20 11:56:04.658, 18 MiB
2023/10/20 11:56:04.659, 18 MiB
2023/10/20 11:56:04.660, 18 MiB
2023/10/20 11:56:04.661, 18 MiB
2023/10/20 11:56:04.663, 18 MiB
2023/10/20 11:56:04.664, 18 MiB
2023/10/20 11:56:04.665, 18 MiB
2023/10/20 11:56:04.666, 18 MiB
2023/10/20 11:56:04.667, 18 MiB
2023/10/20 11:56:04.668, 18 MiB
2023/10/20 11:56:04.669, 18 MiB
2023/10/20 11:56:04.670, 18 MiB
2023/10/20 11:56:04.671, 18 MiB
2023/10/20 11:56:04.672, 18 MiB
2023/10/20 11:56:04.673, 18 MiB
2023/10/20 11:56:04.674, 18 MiB
2023/10/20 11:56:04.675, 18 MiB
2023/10/20 11:56:04.676, 18 MiB
2023/10/20 11:56:04.677, 18 MiB
2023/10/20 11:56:04.679, 18 MiB
2023/10/20 11:56:04.680, 18 MiB
2023/10/20 11:56:04.681, 18 MiB
2023/10/20 11:56:04.682, 18 MiB
2023/10/20 11:56:04.683, 18 MiB
2023/10/20 11:56:04.684, 18 MiB
2023/10/20 11:56:04.685, 18 MiB
2023/10/20 11:56:04.686, 18 MiB
2023/10/20 11:56:04.687, 18 MiB
2023/10/20 11:56:04.688, 18 MiB
2023/10/20 11:56:04.689, 18 MiB
2023/10/20 11:56:04.690, 18 MiB
2023/10/20 11:56:04.691, 18 MiB
2023/10/20 11:56:04.692, 18 MiB
2023/10/20 11:56:04.694, 18 MiB
2023/10/20 11:56:04.695, 18 MiB
2023/10/20 11:56:04.696, 18 MiB
2023/10/20 11:56:04.697, 18 MiB
2023/10/20 11:56:04.698, 18 MiB
2023/10/20 11:56:04.699, 18 MiB
2023/10/20 11:56:04.700, 18 MiB
2023/10/20 11:56:04.701, 18 MiB
2023/10/20 11:56:04.702, 18 MiB
2023/10/20 11:56:04.703, 18 MiB
2023/10/20 11:56:04.704, 18 MiB
2023/10/20 11:56:04.705, 18 MiB
2023/10/20 11:56:04.706, 18 MiB
2023/10/20 11:56:04.707, 18 MiB
2023/10/20 11:56:04.709, 18 MiB
2023/10/20 11:56:04.710, 18 MiB
2023/10/20 11:56:04.711, 18 MiB
2023/10/20 11:56:04.712, 18 MiB
2023/10/20 11:56:04.713, 18 MiB
2023/10/20 11:56:04.714, 18 MiB
2023/10/20 11:56:04.715, 18 MiB
2023/10/20 11:56:04.716, 18 MiB
2023/10/20 11:56:04.717, 18 MiB
2023/10/20 11:56:04.718, 18 MiB
2023/10/20 11:56:04.719, 18 MiB
2023/10/20 11:56:04.720, 18 MiB
2023/10/20 11:56:04.721, 18 MiB
2023/10/20 11:56:04.723, 18 MiB
2023/10/20 11:56:04.724, 18 MiB
2023/10/20 11:56:04.725, 18 MiB
2023/10/20 11:56:04.726, 18 MiB
2023/10/20 11:56:04.727, 18 MiB
2023/10/20 11:56:04.728, 18 MiB
2023/10/20 11:56:04.729, 18 MiB
2023/10/20 11:56:04.730, 18 MiB
2023/10/20 11:56:04.731, 18 MiB
2023/10/20 11:56:04.732, 18 MiB
2023/10/20 11:56:04.733, 18 MiB
2023/10/20 11:56:04.734, 18 MiB
2023/10/20 11:56:04.735, 18 MiB
2023/10/20 11:56:04.737, 18 MiB
2023/10/20 11:56:04.738, 18 MiB
2023/10/20 11:56:04.739, 18 MiB
2023/10/20 11:56:04.740, 18 MiB
2023/10/20 11:56:04.741, 18 MiB
2023/10/20 11:56:04.742, 18 MiB
2023/10/20 11:56:04.743, 18 MiB
2023/10/20 11:56:04.744, 18 MiB
2023/10/20 11:56:04.745, 18 MiB
2023/10/20 11:56:04.746, 18 MiB
2023/10/20 11:56:04.747, 18 MiB
2023/10/20 11:56:04.748, 18 MiB
2023/10/20 11:56:04.749, 18 MiB
2023/10/20 11:56:04.750, 18 MiB
2023/10/20 11:56:04.752, 18 MiB
2023/10/20 11:56:04.753, 18 MiB
