# fmr_benchmark.py --model_path=/home/docker/fmr_benchmark/result/fmr_model_modelnet40.pth --n_iter=10 --input_txt=/benchmark/point_clouds_registration_benchmark/dataset_voxelgrid_0.1/planetary/planetary_map_global.txt --input_pcd_dir=/benchmark/point_clouds_registration_benchmark/dataset_voxelgrid_0.1/planetary/p2at_met/ --output_dir=/benchmark/neural_registration_comparison/results/FMR/modelnet40
id;initial_error;final_error;transformation;status_code
25528382210030;4.288646498115581;4.205339329193794;-0.07870005  0.2644624  -0.9611793  4.1219807  0.8678541  0.49261704  0.06448191  -5.8844147  0.49054638  -0.8290889  -0.26828372  -48.603058  0.0  0.0  0.0  1.0;ok
25528382210061;2.5285767013511475;3.592430081938486;0.64694667  0.28257638  -0.70824474  7.100462  0.5414674  0.48374367  0.68760824  -42.484  0.5369109  -0.82833725  0.15995044  -31.76387  0.0  0.0  0.0  1.0;ok
25528382210092;3.513873746839519;11.401300376837163;0.78451097  -0.32308164  -0.5293022  -19.628094  0.61691594  0.32003582  0.7190213  17.080265  -0.06290694  -0.89061505  0.450386  -103.824  0.0  0.0  0.0  1.0;ok
25528382210123;2.9169797864308458;12.688019375434573;-0.24949667  0.96659994  -0.058616295  -2.9111419  0.8661085  0.19566469  -0.4599689  -24.483467  -0.4331368  -0.1655288  -0.8859982  -6.541038  0.0  0.0  0.0  1.0;ok
25528382210154;2.7314962002234724;5.1927296825032485;0.9445454  0.14263156  -0.29578748  8.316864  0.18712494  0.5064078  0.8417456  6.2589226  0.26984853  -0.850416  0.4516352  -59.604828  0.0  0.0  0.0  1.0;ok
25528382210185;3.285543583997318;4.322794849799739;0.061157003  0.7886425  -0.611803  59.885376  0.7772067  0.346964  0.5249436  -1.962635  0.6262663  -0.50760144  -0.59171885  -9.545462  0.0  0.0  0.0  1.0;ok
25528382210216;2.672754278422535;2.690927124706706;0.6763803  0.56519186  -0.47230077  20.940372  0.59962803  -0.05015495  0.7987056  -36.249367  0.42773375  -0.8234334  -0.37282875  -39.611984  0.0  0.0  0.0  1.0;ok
25528382210247;2.976150927843829;11.135258127611873;-0.03794544  0.9348346  -0.35304967  86.84557  0.65073335  0.29124045  0.70123124  -4.0666714  0.75835764  -0.20313272  -0.61937946  -18.250088  0.0  0.0  0.0  1.0;ok
25528382210278;4.103028567344074;3.7503966274986023;0.025358051  0.8054768  -0.59208465  32.619293  0.8165721  0.32497734  0.47707427  -4.7145767  0.5766861  -0.49557748  -0.6494889  -24.444908  0.0  0.0  0.0  1.0;ok
25528382210309;3.9122762555291635;5.34126508461878;0.92216486  0.1935199  -0.33490568  34.26294  0.35108986  -0.055428345  0.9346997  -21.085115  0.1623197  -0.97952926  -0.11905707  -27.866398  0.0  0.0  0.0  1.0;ok
25528382210340;2.332350684022169;11.646142553290797;0.13236335  0.28957766  -0.94795823  13.433275  0.5451535  0.7774654  0.3136161  23.411537  0.8278212  -0.55829394  -0.05495633  -58.30761  0.0  0.0  0.0  1.0;ok
25528382210371;4.005773778441359;13.651144663106525;0.040699206  0.6766707  -0.7351601  45.728848  0.9508528  0.19980705  0.23655045  9.409336  0.30695698  -0.7086565  -0.63528216  -65.24533  0.0  0.0  0.0  1.0;ok
25528382210402;2.5270044758202133;7.75554935659767;0.6185269  0.035294108  -0.78497064  1.5175691  0.4907355  0.762859  0.42098087  -37.772133  0.61368006  -0.6456009  0.4545287  -9.462406  0.0  0.0  0.0  1.0;ok
25528382210433;4.277667978779842;8.764403935753862;0.6698462  -0.13708173  -0.729736  2.8770895  0.6579764  0.5649971  0.4978408  -54.156532  0.34405392  -0.81362593  0.46865767  -15.288134  0.0  0.0  0.0  1.0;ok
25528382210464;2.8865254915307688;7.861716640792547;0.9550463  0.1273328  -0.26771772  -10.367306  0.12847714  0.6360744  0.7608568  -3.9755516  0.2671704  -0.76104933  0.5911211  -67.90655  0.0  0.0  0.0  1.0;ok
25528382210495;3.015686440770432;7.074946729103976;0.99256396  -0.039984293  -0.114969306  0.50163054  0.12105598  0.42305624  0.89798033  -38.685623  0.012733383  -0.90522075  0.42475072  -1.5868542  0.0  0.0  0.0  1.0;ok
25528382210526;1.6052333257214626;9.237781980668617;0.96678555  -0.07507383  0.24431486  30.27963  -0.21304728  0.29136345  0.9325866  -23.713165  -0.14119735  -0.953662  0.2656916  -86.508965  0.0  0.0  0.0  1.0;ok
25528382210557;2.5063230282518343;12.472633612547558;0.31383914  0.81138855  -0.49310607  6.9757304  0.949259  -0.25702736  0.18122949  -23.381168  0.020305768  -0.5249623  -0.8508832  -18.069452  0.0  0.0  0.0  1.0;ok
25528382210588;1.871795681559972;6.804796777302252;0.7698071  -0.21882421  -0.59959406  0.021233082  0.59140044  0.5978897  0.5410853  -38.040733  0.2400886  -0.7711315  0.58967257  -9.873172  0.0  0.0  0.0  1.0;ok
25528382210619;2.878650972214289;5.58936398657265;0.9576447  0.16121887  -0.2385898  3.5015168  0.22535849  0.09616601  0.9695182  -45.350918  0.17924878  -0.98222214  0.055760726  -91.29645  0.0  0.0  0.0  1.0;ok
25528382210650;2.6153312557688877;3.5109115498821066;0.925015  0.07416406  -0.3726217  -10.647924  0.37978905  -0.15373504  0.9122092  -45.75616  0.010368131  -0.9853249  -0.17037387  -43.000134  0.0  0.0  0.0  1.0;ok
25528382210681;3.8818217706590414;6.167444944714359;0.84363174  0.21854556  -0.490432  -20.80364  0.47179005  0.13431992  0.8714194  -38.05229  0.2563197  -0.9665382  0.0102090575  -24.688051  0.0  0.0  0.0  1.0;ok
25528382210712;2.908646716522172;7.289904411951877;0.9296975  0.22312823  -0.29304653  46.53015  0.32839292  -0.14184985  0.933829  -50.50793  0.16679496  -0.9644129  -0.2051512  -62.912743  0.0  0.0  0.0  1.0;ok
25528382210743;7.632723919085424;12.668918095428841;-0.09240885  0.96052  0.2624148  14.327691  0.9186112  0.1839283  -0.34974825  -34.51282  -0.38420576  0.20873754  -0.89934105  -16.749928  0.0  0.0  0.0  1.0;ok
25528382210774;3.8225413332859985;9.692464733885464;0.10743766  0.89572436  -0.4314338  14.479203  0.7387509  0.21848749  0.63758165  -60.556347  0.66536033  -0.38722226  -0.6382434  -10.124993  0.0  0.0  0.0  1.0;ok
25528382210805;3.048398843045068;8.945829480590861;0.48705068  0.7946938  -0.3622751  1.3941078  0.4366281  0.13768622  0.8890434  -16.628199  0.7563977  -0.5911887  -0.27992564  7.7451916  0.0  0.0  0.0  1.0;ok
25528382210836;3.6028322958005448;13.47188279259072;0.9894297  0.09744498  -0.10739253  4.091758  -0.0035012085  0.7564103  0.6540881  25.450851  0.14497043  -0.64679825  0.748756  -64.78256  0.0  0.0  0.0  1.0;ok
25528382210867;2.3789952347775865;7.913498580716973;0.9806119  0.06296372  0.18556865  -22.107456  -0.18541653  -0.008300528  0.98262495  -49.741734  0.06341002  -0.9979813  0.0035350472  -28.835062  0.0  0.0  0.0  1.0;ok
25528382210898;2.5550801823792857;9.291807425581105;-0.0879226  0.88092  -0.46502697  77.942566  0.8287527  0.32369554  0.45649773  33.73796  0.5526651  -0.3452559  -0.7585248  -13.521653  0.0  0.0  0.0  1.0;ok
25528382210929;3.6704530321195197;9.12735654331878;0.8882749  -0.10249813  -0.4477297  14.955077  0.4455343  0.42923996  0.785654  -41.123764  0.11165547  -0.89735556  0.4269496  -7.3943987  0.0  0.0  0.0  1.0;ok
25528382210960;3.8550612117564684;6.054148855629572;0.054454654  0.49905157  -0.8648595  26.829681  0.5247169  0.72261035  0.4500072  19.187042  0.8495333  -0.4783116  -0.22251122  -6.604786  0.0  0.0  0.0  1.0;ok
25528382210991;3.6973730968254643;12.859598900131392;0.79899377  0.22571672  -0.55736965  9.704627  0.49319983  0.28431332  0.82214344  -31.716505  0.34403923  -0.9317822  0.11584106  37.276306  0.0  0.0  0.0  1.0;ok
25528382211022;4.014859024600445;10.369854625495634;0.1571045  0.7591417  -0.63168174  -7.0809884  0.68884206  0.3741095  0.6209176  -38.117474  0.7076826  -0.5326777  -0.4641546  -18.142323  0.0  0.0  0.0  1.0;ok
25528382211053;3.6101203947455054;3.3000820781295688;0.55284005  0.44520402  -0.7043873  31.127253  0.485628  0.51478577  0.7065136  -14.692913  0.6771512  -0.7326591  0.06839052  -4.175279  0.0  0.0  0.0  1.0;ok
25528382211084;2.295312538213813;9.138420689433506;0.8987701  0.24926911  -0.3606619  -3.1791785  0.27423406  0.32220238  0.90608007  -51.7261  0.34206393  -0.91326356  0.22122793  -11.187428  0.0  0.0  0.0  1.0;ok
25528382211115;2.0265246314203007;1.6599582402471358;0.95557386  0.2749391  0.106240034  18.222082  -0.051138155  -0.20032904  0.97839326  -51.902924  0.29028147  -0.94036007  -0.17736924  -54.599937  0.0  0.0  0.0  1.0;ok
25528382211146;5.570472976603598;27.227533345601376;0.0656519  0.9310874  0.35884017  101.402466  0.8836024  0.112836525  -0.45443925  1.5765495  -0.46361274  0.34690672  -0.815303  -0.5078325  0.0  0.0  0.0  1.0;ok
25528382211177;3.6689724448990155;6.260109650861449;0.3878033  0.60619587  -0.69435954  52.12094  0.73776114  0.24745002  0.62807405  -0.74217224  0.5525553  -0.7558407  -0.35126567  -5.9453344  0.0  0.0  0.0  1.0;ok
25528382211208;3.7368806820184446;10.252195808543386;0.9347905  0.24270348  -0.25934863  41.06133  0.12566483  0.45695317  0.8805695  -44.00026  0.33222747  -0.85573894  0.39665616  -10.304083  0.0  0.0  0.0  1.0;ok
25528382211239;2.792799290140815;9.889553951186578;0.9579061  -0.131211  -0.2553427  19.311676  0.2681787  0.09156497  0.95900786  -30.50436  -0.10245189  -0.9871167  0.12289855  -7.039683  0.0  0.0  0.0  1.0;ok
25528382211270;3.928198059735064;11.307944815181802;0.05037263  0.58014625  -0.81295323  -4.9371142  0.75408137  0.5116207  0.41183174  -48.528503  0.6548462  -0.63377804  -0.41170582  -21.503681  0.0  0.0  0.0  1.0;ok
25528382211301;2.6294551792745073;8.917549110243645;0.8725465  -0.086247675  -0.48085746  -2.576754  0.47411716  0.3868304  0.7909329  -8.044041  0.11779411  -0.9181086  0.37841913  -99.16718  0.0  0.0  0.0  1.0;ok
25528382211332;3.4093201502046164;4.162839125481895;0.0040851384  0.78890747  -0.6144985  32.43172  0.9383626  0.20936707  0.27502865  -5.04002  0.34562778  -0.577746  -0.739426  -29.794815  0.0  0.0  0.0  1.0;ok
25528382211363;4.272509279723159;10.552693385089722;0.078541666  0.8409988  -0.5353056  80.6943  0.74171656  0.30948263  0.5950437  16.205402  0.66609895  -0.44378084  -0.59947544  -6.706279  0.0  0.0  0.0  1.0;ok
25528382211394;4.2171110910892455;12.176422875276122;0.9650216  -0.02472304  0.26100206  20.54728  -0.22925852  0.40335077  0.88586044  -11.023329  -0.12717655  -0.91471136  0.383574  -78.48781  0.0  0.0  0.0  1.0;ok
25528382211425;2.730478092041308;2.488903627154345;0.7831136  -0.17842586  -0.59573257  0.29162747  0.5954227  0.4915679  0.6354783  -16.296217  0.1794573  -0.8523646  0.49119243  -48.137806  0.0  0.0  0.0  1.0;ok
25528382211456;2.4600493354846074;2.813720213064517;0.9242451  0.012993313  -0.38157833  4.739134  0.3771377  0.12463024  0.91773343  -43.645844  0.05948062  -0.99211824  0.110288486  -62.985615  0.0  0.0  0.0  1.0;ok
25528382211487;1.8492939590971769;6.819517582066154;0.9194639  0.22067052  -0.32540864  54.728798  0.19172859  0.4709205  0.86108875  -6.273136  0.3432585  -0.8541301  0.39068568  -58.514355  0.0  0.0  0.0  1.0;ok
25528382211518;2.509118275489916;10.800119072387993;0.32411635  0.6016668  -0.7300314  -13.707981  0.88827884  0.07191038  0.4536405  -32.999672  0.32543737  -0.7955037  -0.5111404  4.8328576  0.0  0.0  0.0  1.0;ok
25528382211549;2.1457515178691424;11.231581937384808;0.7058899  0.70414525  -0.07680375  8.519626  0.20452091  -0.09880461  0.9738628  -42.05754  0.6781524  -0.7031478  -0.21375757  26.404697  0.0  0.0  0.0  1.0;ok
25528382211580;2.3777362462326486;6.103117223452242;0.9519653  -0.17755215  -0.24947423  29.004461  0.3058943  0.51467377  0.8009615  -43.328274  -0.0138145685  -0.8388003  0.54426366  -9.329908  0.0  0.0  0.0  1.0;ok
25528382211611;3.6597961368298924;6.871429536581175;0.35943246  0.79366255  -0.49082386  75.77133  0.8999235  -0.1556583  0.4073184  -36.10688  0.24687256  -0.5881074  -0.7701842  -50.26873  0.0  0.0  0.0  1.0;ok
25528382211642;2.0019408163555905;11.23657358077136;0.9296305  -0.13446456  -0.34308347  -4.4829636  0.32485077  0.73855996  0.59076315  44.410397  0.173951  -0.66064245  0.7302688  -64.60851  0.0  0.0  0.0  1.0;ok
25528382211673;2.9760897051232216;10.672783142187765;0.5236781  0.525499  -0.6705312  22.12325  0.45765638  0.4903342  0.74170285  -36.535973  0.71854836  -0.69528645  0.016279578  19.841267  0.0  0.0  0.0  1.0;ok
25528382211704;4.19822316053913;5.865968187835475;0.84087956  0.044071063  -0.539425  4.0927715  0.4849729  0.38108385  0.78713185  -31.86906  0.24025589  -0.9234896  0.29907227  -58.81427  0.0  0.0  0.0  1.0;ok
25528382211735;3.5314318866198233;11.846111607181921;0.9624752  0.17546251  -0.20701261  18.663837  0.22534256  -0.09172548  0.9699523  -65.956924  0.15120192  -0.9802039  -0.12782264  -103.90187  0.0  0.0  0.0  1.0;ok
25528382211766;2.2373490688740287;4.826358076148399;0.09341991  0.8902165  -0.44585553  51.978703  0.86558974  0.14865577  0.4781799  -29.444801  0.49196276  -0.4305997  -0.7566748  -25.074242  0.0  0.0  0.0  1.0;ok
25528382211797;3.031052778709996;6.651568913385423;0.58769375  0.43293983  -0.6835048  19.142267  0.8089683  -0.30019236  0.50542516  -48.18207  0.013635762  -0.849969  -0.5266559  -14.969858  0.0  0.0  0.0  1.0;ok
25528382211828;2.994328128097206;1.4781611334668612;0.20827553  0.5298011  -0.8221512  6.3029976  0.6754724  0.5300134  0.5126623  -14.725122  0.70736015  -0.66211545  -0.24747708  -22.774061  0.0  0.0  0.0  1.0;ok
25528382211859;3.654229469824191;4.198210252997688;0.30169263  0.44777727  -0.84171087  23.741043  0.8139192  0.3387971  0.47196603  -44.817482  0.49650502  -0.8274731  -0.2622419  -44.193943  0.0  0.0  0.0  1.0;ok
25528382211890;3.762018728309716;8.877718199820947;0.9731073  0.19864161  0.11663515  39.81235  -0.009448923  -0.4714862  0.88182306  -83.25063  0.23015858  -0.8592105  -0.4569297  -68.842834  0.0  0.0  0.0  1.0;ok
25528382211921;4.428730439282367;7.5314714574985615;0.9610347  0.19843487  -0.19244668  47.206123  0.23288219  -0.20613983  0.9504064  -62.53132  0.14892285  -0.9581911  -0.24431959  -52.510273  0.0  0.0  0.0  1.0;ok
25528382211952;1.6931137357695685;8.71064666739506;0.5213841  0.27582648  -0.8075138  4.921051  0.7944659  0.18845144  0.57732993  -14.27389  0.3114201  -0.9425528  -0.12087908  13.276114  0.0  0.0  0.0  1.0;ok
25528382211983;1.8484861783410615;6.440112757023765;0.6102606  0.26209205  -0.7475891  13.00745  0.7273715  0.18850854  0.65984493  -25.198326  0.31386706  -0.94645244  -0.07559899  -17.202496  0.0  0.0  0.0  1.0;ok
25528382212014;1.6011186279847072;8.176381899450279;0.9811929  0.04455153  0.1878189  27.777918  -0.19285113  0.268189  0.9438661  -43.37603  -0.008320304  -0.9623357  0.27173695  -26.073954  0.0  0.0  0.0  1.0;ok
25528382212045;3.5380481424119576;5.408886593491603;0.7480276  0.49631953  -0.44059226  6.5713882  0.55990106  -0.1155092  0.8204684  -31.7861  0.35632193  -0.86042124  -0.36429405  -25.157883  0.0  0.0  0.0  1.0;ok
25528382212076;1.2433675728001123;3.151798733095507;0.90007544  -0.31192094  0.3042526  12.802122  -0.22314322  0.2697819  0.93670946  -40.031082  -0.37426108  -0.9110012  0.17322087  -68.70847  0.0  0.0  0.0  1.0;ok
25528382212107;3.080891297130798;10.382076550288193;0.65141964  0.7222967  -0.23224892  89.74347  0.27215946  0.06328197  0.96016896  -14.117212  0.70822406  -0.6886817  -0.15535682  -41.902153  0.0  0.0  0.0  1.0;ok
25528382212138;2.9417134665192615;6.184977894665809;0.8595888  -0.4786785  0.17881277  19.573914  0.15870774  0.5827301  0.79701775  -14.379942  -0.4857149  -0.65672857  0.5768783  -44.1146  0.0  0.0  0.0  1.0;ok
25528382212169;3.9496204664995855;2.9455795629210253;0.88937086  0.45706642  0.010479729  24.250462  0.08281514  -0.18360204  0.97950596  -78.08388  0.44962338  -0.87027633  -0.20114222  -64.441376  0.0  0.0  0.0  1.0;ok
25528382212200;5.653689968280522;14.491600859870221;0.011641039  0.9315858  0.36333495  15.588022  0.8975643  0.15041915  -0.41443062  -23.32666  -0.44073027  0.33094087  -0.8344071  -0.5946341  0.0  0.0  0.0  1.0;ok
25528382212231;2.6046141785309542;6.401453982356211;0.79487383  0.50615555  -0.33463827  49.954777  0.51292026  -0.26585662  0.8162311  -38.147488  0.32417405  -0.8204433  -0.4709397  -57.493248  0.0  0.0  0.0  1.0;ok
25528382212262;2.306062142182088;4.307460026247785;0.99551606  -0.094490275  -0.0043987175  21.20485  0.06715934  0.67328966  0.7363225  14.026756  -0.06661366  -0.7333163  0.67661643  -42.227654  0.0  0.0  0.0  1.0;ok
25528382212293;3.200974472791019;5.264584868882809;0.5554112  0.16735315  -0.8145621  18.549559  0.6768557  0.47807935  0.5597379  -15.6349945  0.4830993  -0.86222553  0.15225673  -58.184044  0.0  0.0  0.0  1.0;ok
25528382212324;3.0585246641118076;5.160626886120519;0.8131082  0.16090406  -0.55943274  26.870436  0.42906722  0.48380536  0.76278025  -13.713856  0.39339107  -0.8602573  0.3243473  -66.61414  0.0  0.0  0.0  1.0;ok
25528382212355;2.460465766249324;2.7923228005663727;0.8120854  -0.19570002  -0.54974455  -4.012508  0.5678244  0.4821713  0.6671481  -34.065826  0.13451017  -0.8539395  0.5026875  -30.544655  0.0  0.0  0.0  1.0;ok
25528382212386;3.0697214541707245;7.036068689998463;0.7783488  0.38001233  -0.49976373  25.23557  0.4601489  0.19625372  0.8658796  -39.128063  0.42712536  -0.903922  -0.022108287  -61.311367  0.0  0.0  0.0  1.0;ok
25528382212417;1.6940463504386403;7.033269335183024;0.97052497  0.17262718  0.16817021  32.732433  -0.21880949  0.33869067  0.9151017  -31.43239  0.101013705  -0.9249261  0.36648017  -72.94567  0.0  0.0  0.0  1.0;ok
25528382212448;4.0188271699147755;12.343863123656291;0.3327437  0.36528724  -0.86939466  25.141813  0.65620995  0.5724157  0.49165925  9.753975  0.677252  -0.7341019  -0.0492374  -61.141743  0.0  0.0  0.0  1.0;ok
25528382212479;3.135755738109241;13.047302425719;0.20641162  0.70672977  -0.6767033  59.29703  0.9681132  -0.047173765  0.24603201  -40.90599  0.14195547  -0.70590913  -0.6939316  -79.654434  0.0  0.0  0.0  1.0;ok
25528382212510;3.6117159244219748;5.875777489118302;0.68475187  0.52648836  -0.50390947  39.043842  0.56691617  0.049679697  0.82227623  -57.86338  0.45795298  -0.8487297  -0.26445654  -62.33041  0.0  0.0  0.0  1.0;ok
25528382212541;3.689246817921996;6.695248913253753;0.53988403  0.10239642  -0.8354881  2.2994537  0.7709253  0.3383388  0.53963065  9.462906  0.33793408  -0.93543667  0.103723586  -54.452065  0.0  0.0  0.0  1.0;ok
25528382212572;2.868526178980822;3.626304183005914;0.0012738556  0.9237123  -0.38308486  37.071518  0.7864355  0.23569532  0.5709352  -8.793123  0.61767125  -0.30199873  -0.7261401  -13.468672  0.0  0.0  0.0  1.0;ok
25528382212603;2.4738037260092485;5.589219645289623;0.9619683  -0.12401527  -0.24338739  -3.7955961  0.25815773  0.70397615  0.6616435  18.242786  0.089285046  -0.69931215  0.70921814  -54.102013  0.0  0.0  0.0  1.0;ok
25528382212634;2.207941852976167;14.250074700925925;0.16816258  0.75873613  -0.62931794  84.737816  0.869884  0.18609133  0.45680624  -22.339691  0.46370608  -0.6242511  -0.62871873  -67.601006  0.0  0.0  0.0  1.0;ok
25528382212665;4.661109843627687;6.308029756555184;0.5532121  0.50467163  -0.662769  34.131306  0.36219114  0.5707527  0.73692507  7.194313  0.75018245  -0.647725  0.13295972  0.7427678  0.0  0.0  0.0  1.0;ok
25528382212696;1.8643992702185483;7.953613620914974;0.9758218  0.19903822  0.09030717  67.5523  -0.11516654  0.11706728  0.98642373  -28.896336  0.18576401  -0.97297424  0.13715944  -102.08691  0.0  0.0  0.0  1.0;ok
25528382212727;2.4835533029201002;7.353286194974678;0.9161747  -0.40075037  0.004840238  6.014407  0.22632906  0.527313  0.8189726  -52.295696  -0.3307559  -0.7492264  0.573812  -15.141035  0.0  0.0  0.0  1.0;ok
25528382212758;3.121784864836658;14.585927337335065;0.9873072  0.021786908  -0.15732063  -11.459581  0.12904258  0.46741045  0.8745717  10.25872  0.09258747  -0.8837721  0.45866615  -91.80798  0.0  0.0  0.0  1.0;ok
25528382212789;3.4143201875818328;7.739746990163556;0.9527602  0.16569784  -0.25454295  34.76245  0.24034671  0.101063125  0.9654116  -14.230883  0.18569157  -0.98098445  0.056464136  -70.23802  0.0  0.0  0.0  1.0;ok
25528382212820;2.7326553047844975;3.08170412656284;0.08485568  0.6033  -0.7929872  30.855038  0.6411555  0.57614106  0.506933  11.660736  0.76270515  -0.5514443  -0.33792025  -11.898996  0.0  0.0  0.0  1.0;ok
25528382212851;3.6422511844296728;11.75167839240783;0.97491753  0.075448655  0.20938818  13.702679  -0.21020792  0.0030028746  0.97765195  -58.802494  0.07313373  -0.9971451  0.018787503  -111.762024  0.0  0.0  0.0  1.0;ok
25528382212882;5.335315592282307;9.917219185595947;0.83241236  -0.008827101  -0.55408627  -31.364735  0.4198323  0.6626747  0.62016374  -33.560192  0.36170477  -0.74885535  0.55532473  -17.175747  0.0  0.0  0.0  1.0;ok
25528382212913;2.1973528327480487;6.570193239840531;0.983048  -0.022503443  -0.18196245  10.018606  0.16787347  0.5095283  0.843919  -40.039993  0.07372394  -0.8601598  0.5046684  -4.3603406  0.0  0.0  0.0  1.0;ok
25528382212944;2.297956375377318;5.517045093872494;0.91349256  0.1597407  -0.3741849  -2.298008  0.3005619  0.35490924  0.88526946  -26.089645  0.27421516  -0.9211526  0.2761948  9.119705  0.0  0.0  0.0  1.0;ok
25528382212975;3.970590389786445;5.253925594876914;0.8563919  -0.37099642  -0.3591023  -4.1067624  0.51598144  0.6403497  0.5689601  -15.8548565  0.018868886  -0.67254305  0.7398173  -22.621202  0.0  0.0  0.0  1.0;ok
25528382213006;4.398919467129641;2.423381963961909;0.67915076  0.71770835  -0.15378149  33.978832  0.33703887  -0.11881405  0.93396366  -33.106087  0.65204203  -0.6861325  -0.3225884  -4.495032  0.0  0.0  0.0  1.0;ok
25528382213037;1.8074571414230198;4.3724932793341775;0.08258149  0.79012716  -0.6073544  38.39278  0.8333501  0.27947438  0.47688717  -18.83952  0.5465416  -0.5455209  -0.6353731  -23.368221  0.0  0.0  0.0  1.0;ok
25528382213068;2.1637308881374735;14.25089031699727;0.6506702  0.4215588  -0.63159823  55.97962  0.7217261  -0.08471806  0.6869747  -25.084705  0.23609254  -0.9028349  -0.35937336  -89.72628  0.0  0.0  0.0  1.0;ok
25528382213099;2.419051700343296;6.720871759016527;0.5592658  0.54591894  -0.6238544  31.960058  0.6304651  0.20853974  0.7476798  -26.68198  0.5382711  -0.81147015  -0.2275537  -76.998405  0.0  0.0  0.0  1.0;ok
25528382213130;2.153350113971485;9.644958977688363;-0.08734384  0.88292545  -0.46131718  -13.466965  0.9931997  0.041398928  -0.10881368  -25.923027  -0.07697651  -0.4676845  -0.8805373  -12.039243  0.0  0.0  0.0  1.0;ok
25528382213161;2.833774635808626;3.9930108841704772;0.78569937  0.15659513  -0.59846026  14.718435  0.4907352  0.43123597  0.75710934  -22.928442  0.37663704  -0.8885459  0.26197502  -21.485714  0.0  0.0  0.0  1.0;ok
