timestamp, memory.used [MiB]
2023/10/20 11:52:06.091, 16 MiB
2023/10/20 11:52:06.092, 16 MiB
2023/10/20 11:52:06.093, 16 MiB
2023/10/20 11:52:06.094, 16 MiB
2023/10/20 11:52:06.095, 16 MiB
2023/10/20 11:52:06.096, 16 MiB
2023/10/20 11:52:06.097, 16 MiB
2023/10/20 11:52:06.098, 16 MiB
2023/10/20 11:52:06.100, 16 MiB
2023/10/20 11:52:06.101, 16 MiB
2023/10/20 11:52:06.102, 16 MiB
2023/10/20 11:52:06.103, 16 MiB
2023/10/20 11:52:06.104, 16 MiB
2023/10/20 11:52:06.105, 16 MiB
2023/10/20 11:52:06.106, 16 MiB
2023/10/20 11:52:06.107, 16 MiB
2023/10/20 11:52:06.108, 16 MiB
2023/10/20 11:52:06.109, 16 MiB
2023/10/20 11:52:06.110, 16 MiB
2023/10/20 11:52:06.112, 16 MiB
2023/10/20 11:52:06.113, 16 MiB
2023/10/20 11:52:06.114, 16 MiB
2023/10/20 11:52:06.115, 16 MiB
2023/10/20 11:52:06.116, 16 MiB
2023/10/20 11:52:06.117, 16 MiB
2023/10/20 11:52:06.118, 16 MiB
2023/10/20 11:52:06.119, 16 MiB
2023/10/20 11:52:06.120, 16 MiB
2023/10/20 11:52:06.121, 16 MiB
2023/10/20 11:52:06.122, 16 MiB
2023/10/20 11:52:06.124, 16 MiB
2023/10/20 11:52:06.125, 16 MiB
2023/10/20 11:52:06.126, 16 MiB
2023/10/20 11:52:06.127, 16 MiB
2023/10/20 11:52:06.128, 16 MiB
2023/10/20 11:52:06.129, 16 MiB
2023/10/20 11:52:06.130, 16 MiB
2023/10/20 11:52:06.131, 16 MiB
2023/10/20 11:52:06.132, 16 MiB
2023/10/20 11:52:06.133, 16 MiB
2023/10/20 11:52:06.134, 16 MiB
2023/10/20 11:52:06.136, 16 MiB
2023/10/20 11:52:06.137, 16 MiB
2023/10/20 11:52:06.138, 16 MiB
2023/10/20 11:52:06.139, 16 MiB
2023/10/20 11:52:06.140, 16 MiB
2023/10/20 11:52:06.141, 16 MiB
2023/10/20 11:52:06.142, 16 MiB
2023/10/20 11:52:06.143, 16 MiB
2023/10/20 11:52:06.144, 16 MiB
2023/10/20 11:52:06.145, 16 MiB
2023/10/20 11:52:06.146, 16 MiB
2023/10/20 11:52:06.148, 16 MiB
2023/10/20 11:52:06.149, 16 MiB
2023/10/20 11:52:06.150, 16 MiB
2023/10/20 11:52:06.151, 16 MiB
2023/10/20 11:52:06.152, 16 MiB
2023/10/20 11:52:06.153, 16 MiB
2023/10/20 11:52:06.154, 16 MiB
2023/10/20 11:52:06.155, 16 MiB
2023/10/20 11:52:06.156, 16 MiB
2023/10/20 11:52:06.157, 16 MiB
2023/10/20 11:52:06.158, 16 MiB
2023/10/20 11:52:06.160, 16 MiB
2023/10/20 11:52:06.161, 16 MiB
2023/10/20 11:52:06.162, 16 MiB
2023/10/20 11:52:06.163, 16 MiB
2023/10/20 11:52:06.164, 16 MiB
2023/10/20 11:52:06.165, 16 MiB
2023/10/20 11:52:06.166, 16 MiB
2023/10/20 11:52:06.167, 16 MiB
2023/10/20 11:52:06.168, 16 MiB
2023/10/20 11:52:06.169, 16 MiB
2023/10/20 11:52:06.170, 16 MiB
2023/10/20 11:52:06.172, 16 MiB
2023/10/20 11:52:06.173, 16 MiB
2023/10/20 11:52:06.174, 16 MiB
2023/10/20 11:52:06.175, 16 MiB
2023/10/20 11:52:06.176, 16 MiB
2023/10/20 11:52:06.177, 16 MiB
2023/10/20 11:52:06.178, 16 MiB
2023/10/20 11:52:06.179, 16 MiB
2023/10/20 11:52:06.180, 16 MiB
2023/10/20 11:52:06.181, 16 MiB
2023/10/20 11:52:06.182, 16 MiB
2023/10/20 11:52:06.184, 16 MiB
2023/10/20 11:52:06.185, 16 MiB
2023/10/20 11:52:06.186, 16 MiB
2023/10/20 11:52:06.187, 16 MiB
2023/10/20 11:52:06.188, 16 MiB
2023/10/20 11:52:06.189, 16 MiB
2023/10/20 11:52:06.190, 16 MiB
2023/10/20 11:52:06.191, 16 MiB
2023/10/20 11:52:06.192, 16 MiB
2023/10/20 11:52:06.193, 16 MiB
2023/10/20 11:52:06.194, 16 MiB
2023/10/20 11:52:06.195, 16 MiB
2023/10/20 11:52:06.196, 16 MiB
2023/10/20 11:52:06.197, 16 MiB
2023/10/20 11:52:06.199, 16 MiB
2023/10/20 11:52:06.200, 16 MiB
2023/10/20 11:52:06.201, 16 MiB
2023/10/20 11:52:06.202, 16 MiB
2023/10/20 11:52:06.203, 16 MiB
2023/10/20 11:52:06.204, 16 MiB
2023/10/20 11:52:06.205, 16 MiB
2023/10/20 11:52:06.206, 16 MiB
2023/10/20 11:52:06.207, 16 MiB
2023/10/20 11:52:06.208, 16 MiB
2023/10/20 11:52:06.209, 16 MiB
2023/10/20 11:52:06.210, 16 MiB
2023/10/20 11:52:06.211, 16 MiB
2023/10/20 11:52:06.212, 16 MiB
2023/10/20 11:52:06.214, 16 MiB
2023/10/20 11:52:06.215, 16 MiB
2023/10/20 11:52:06.216, 16 MiB
2023/10/20 11:52:06.217, 16 MiB
2023/10/20 11:52:06.218, 16 MiB
2023/10/20 11:52:06.219, 16 MiB
2023/10/20 11:52:06.220, 16 MiB
2023/10/20 11:52:06.221, 16 MiB
2023/10/20 11:52:06.222, 16 MiB
2023/10/20 11:52:06.223, 16 MiB
2023/10/20 11:52:06.224, 16 MiB
2023/10/20 11:52:06.225, 16 MiB
2023/10/20 11:52:06.226, 16 MiB
2023/10/20 11:52:06.228, 16 MiB
2023/10/20 11:52:06.229, 16 MiB
2023/10/20 11:52:06.230, 16 MiB
2023/10/20 11:52:06.231, 16 MiB
2023/10/20 11:52:06.232, 16 MiB
2023/10/20 11:52:06.233, 16 MiB
2023/10/20 11:52:06.234, 16 MiB
2023/10/20 11:52:06.235, 16 MiB
2023/10/20 11:52:06.236, 16 MiB
2023/10/20 11:52:06.237, 16 MiB
2023/10/20 11:52:06.238, 16 MiB
2023/10/20 11:52:06.239, 16 MiB
2023/10/20 11:52:06.240, 16 MiB
2023/10/20 11:52:06.241, 16 MiB
2023/10/20 11:52:06.243, 16 MiB
2023/10/20 11:52:06.244, 16 MiB
2023/10/20 11:52:06.245, 16 MiB
2023/10/20 11:52:06.246, 16 MiB
2023/10/20 11:52:06.247, 16 MiB
2023/10/20 11:52:06.248, 16 MiB
2023/10/20 11:52:06.249, 16 MiB
2023/10/20 11:52:06.250, 16 MiB
2023/10/20 11:52:06.251, 16 MiB
2023/10/20 11:52:06.252, 16 MiB
2023/10/20 11:52:06.253, 16 MiB
2023/10/20 11:52:06.254, 16 MiB
2023/10/20 11:52:06.255, 16 MiB
2023/10/20 11:52:06.256, 16 MiB
2023/10/20 11:52:06.258, 16 MiB
2023/10/20 11:52:06.259, 16 MiB
2023/10/20 11:52:06.260, 16 MiB
2023/10/20 11:52:06.261, 16 MiB
2023/10/20 11:52:06.262, 16 MiB
2023/10/20 11:52:06.263, 16 MiB
2023/10/20 11:52:06.264, 16 MiB
2023/10/20 11:52:06.265, 16 MiB
2023/10/20 11:52:06.266, 16 MiB
2023/10/20 11:52:06.267, 16 MiB
2023/10/20 11:52:06.268, 16 MiB
2023/10/20 11:52:06.269, 16 MiB
2023/10/20 11:52:06.270, 16 MiB
2023/10/20 11:52:06.272, 16 MiB
2023/10/20 11:52:06.273, 16 MiB
2023/10/20 11:52:06.274, 16 MiB
2023/10/20 11:52:06.275, 16 MiB
2023/10/20 11:52:06.276, 16 MiB
2023/10/20 11:52:06.277, 16 MiB
2023/10/20 11:52:06.278, 16 MiB
2023/10/20 11:52:06.279, 16 MiB
2023/10/20 11:52:06.280, 16 MiB
2023/10/20 11:52:06.281, 16 MiB
2023/10/20 11:52:06.282, 16 MiB
2023/10/20 11:52:06.283, 16 MiB
2023/10/20 11:52:06.284, 16 MiB
2023/10/20 11:52:06.285, 16 MiB
2023/10/20 11:52:06.287, 16 MiB
2023/10/20 11:52:06.288, 16 MiB
2023/10/20 11:52:06.289, 16 MiB
2023/10/20 11:52:06.290, 16 MiB
2023/10/20 11:52:06.291, 16 MiB
2023/10/20 11:52:06.292, 16 MiB
2023/10/20 11:52:06.293, 16 MiB
2023/10/20 11:52:06.294, 16 MiB
2023/10/20 11:52:06.295, 16 MiB
2023/10/20 11:52:06.296, 16 MiB
2023/10/20 11:52:06.297, 16 MiB
2023/10/20 11:52:06.298, 16 MiB
2023/10/20 11:52:06.299, 16 MiB
2023/10/20 11:52:06.300, 16 MiB
2023/10/20 11:52:06.302, 16 MiB
2023/10/20 11:52:06.303, 16 MiB
2023/10/20 11:52:06.304, 16 MiB
2023/10/20 11:52:06.305, 16 MiB
2023/10/20 11:52:06.306, 16 MiB
2023/10/20 11:52:06.307, 16 MiB
2023/10/20 11:52:06.308, 16 MiB
2023/10/20 11:52:06.309, 16 MiB
2023/10/20 11:52:06.310, 16 MiB
2023/10/20 11:52:06.311, 16 MiB
2023/10/20 11:52:06.312, 16 MiB
2023/10/20 11:52:06.313, 16 MiB
2023/10/20 11:52:06.314, 16 MiB
2023/10/20 11:52:06.316, 16 MiB
2023/10/20 11:52:06.317, 16 MiB
2023/10/20 11:52:06.318, 16 MiB
2023/10/20 11:52:06.319, 16 MiB
2023/10/20 11:52:06.320, 16 MiB
2023/10/20 11:52:06.321, 16 MiB
2023/10/20 11:52:06.322, 16 MiB
2023/10/20 11:52:06.323, 16 MiB
2023/10/20 11:52:06.324, 16 MiB
2023/10/20 11:52:06.325, 16 MiB
2023/10/20 11:52:06.326, 16 MiB
2023/10/20 11:52:06.327, 16 MiB
2023/10/20 11:52:06.328, 16 MiB
2023/10/20 11:52:06.329, 16 MiB
2023/10/20 11:52:06.331, 16 MiB
2023/10/20 11:52:06.332, 16 MiB
2023/10/20 11:52:06.333, 16 MiB
2023/10/20 11:52:06.334, 16 MiB
2023/10/20 11:52:06.335, 16 MiB
2023/10/20 11:52:06.336, 16 MiB
2023/10/20 11:52:06.337, 16 MiB
2023/10/20 11:52:06.338, 16 MiB
2023/10/20 11:52:06.339, 16 MiB
2023/10/20 11:52:06.340, 16 MiB
2023/10/20 11:52:06.341, 16 MiB
2023/10/20 11:52:06.342, 16 MiB
2023/10/20 11:52:06.343, 16 MiB
2023/10/20 11:52:06.344, 16 MiB
2023/10/20 11:52:06.346, 16 MiB
2023/10/20 11:52:06.347, 16 MiB
2023/10/20 11:52:06.348, 16 MiB
2023/10/20 11:52:06.349, 16 MiB
2023/10/20 11:52:06.350, 16 MiB
2023/10/20 11:52:06.351, 16 MiB
2023/10/20 11:52:06.352, 16 MiB
2023/10/20 11:52:06.353, 16 MiB
2023/10/20 11:52:06.354, 16 MiB
2023/10/20 11:52:06.355, 16 MiB
2023/10/20 11:52:06.356, 16 MiB
2023/10/20 11:52:06.357, 16 MiB
2023/10/20 11:52:06.358, 16 MiB
2023/10/20 11:52:06.360, 16 MiB
2023/10/20 11:52:06.361, 16 MiB
2023/10/20 11:52:06.362, 16 MiB
2023/10/20 11:52:06.363, 16 MiB
2023/10/20 11:52:06.364, 16 MiB
2023/10/20 11:52:06.365, 16 MiB
2023/10/20 11:52:06.366, 16 MiB
2023/10/20 11:52:06.367, 16 MiB
2023/10/20 11:52:06.368, 16 MiB
2023/10/20 11:52:06.369, 16 MiB
2023/10/20 11:52:06.370, 16 MiB
2023/10/20 11:52:06.371, 16 MiB
2023/10/20 11:52:06.372, 16 MiB
2023/10/20 11:52:06.373, 16 MiB
2023/10/20 11:52:06.375, 16 MiB
2023/10/20 11:52:06.376, 16 MiB
2023/10/20 11:52:06.377, 16 MiB
2023/10/20 11:52:06.378, 16 MiB
2023/10/20 11:52:06.379, 16 MiB
2023/10/20 11:52:06.380, 16 MiB
2023/10/20 11:52:06.381, 16 MiB
2023/10/20 11:52:06.382, 16 MiB
2023/10/20 11:52:06.383, 16 MiB
2023/10/20 11:52:06.384, 16 MiB
2023/10/20 11:52:06.385, 16 MiB
2023/10/20 11:52:06.386, 16 MiB
2023/10/20 11:52:06.387, 16 MiB
2023/10/20 11:52:06.389, 16 MiB
2023/10/20 11:52:06.390, 16 MiB
2023/10/20 11:52:06.391, 16 MiB
2023/10/20 11:52:06.392, 16 MiB
2023/10/20 11:52:06.393, 16 MiB
2023/10/20 11:52:06.394, 16 MiB
2023/10/20 11:52:06.395, 16 MiB
2023/10/20 11:52:06.396, 16 MiB
2023/10/20 11:52:06.397, 16 MiB
2023/10/20 11:52:06.398, 16 MiB
2023/10/20 11:52:06.399, 16 MiB
2023/10/20 11:52:06.400, 16 MiB
2023/10/20 11:52:06.401, 16 MiB
2023/10/20 11:52:06.402, 16 MiB
2023/10/20 11:52:06.404, 16 MiB
2023/10/20 11:52:06.405, 16 MiB
2023/10/20 11:52:06.406, 16 MiB
2023/10/20 11:52:06.407, 16 MiB
2023/10/20 11:52:06.408, 16 MiB
2023/10/20 11:52:06.409, 16 MiB
2023/10/20 11:52:06.410, 16 MiB
2023/10/20 11:52:06.411, 16 MiB
2023/10/20 11:52:06.412, 16 MiB
2023/10/20 11:52:06.413, 16 MiB
2023/10/20 11:52:06.414, 16 MiB
2023/10/20 11:52:06.415, 16 MiB
2023/10/20 11:52:06.416, 16 MiB
2023/10/20 11:52:06.418, 16 MiB
2023/10/20 11:52:06.419, 16 MiB
2023/10/20 11:52:06.420, 16 MiB
2023/10/20 11:52:06.421, 16 MiB
2023/10/20 11:52:06.422, 16 MiB
2023/10/20 11:52:06.423, 16 MiB
2023/10/20 11:52:06.424, 16 MiB
2023/10/20 11:52:06.425, 16 MiB
2023/10/20 11:52:06.426, 16 MiB
2023/10/20 11:52:06.427, 16 MiB
2023/10/20 11:52:06.429, 16 MiB
2023/10/20 11:52:06.430, 16 MiB
2023/10/20 11:52:06.431, 16 MiB
2023/10/20 11:52:06.432, 16 MiB
2023/10/20 11:52:06.433, 16 MiB
2023/10/20 11:52:06.434, 16 MiB
2023/10/20 11:52:06.435, 16 MiB
2023/10/20 11:52:06.436, 16 MiB
2023/10/20 11:52:06.437, 16 MiB
2023/10/20 11:52:06.438, 16 MiB
2023/10/20 11:52:06.440, 16 MiB
2023/10/20 11:52:06.441, 16 MiB
2023/10/20 11:52:06.442, 16 MiB
2023/10/20 11:52:06.443, 16 MiB
2023/10/20 11:52:06.444, 16 MiB
2023/10/20 11:52:06.445, 16 MiB
2023/10/20 11:52:06.446, 16 MiB
2023/10/20 11:52:06.447, 16 MiB
2023/10/20 11:52:06.448, 16 MiB
2023/10/20 11:52:06.450, 16 MiB
2023/10/20 11:52:06.451, 16 MiB
2023/10/20 11:52:06.452, 16 MiB
2023/10/20 11:52:06.453, 16 MiB
2023/10/20 11:52:06.454, 16 MiB
2023/10/20 11:52:06.455, 16 MiB
2023/10/20 11:52:06.456, 16 MiB
2023/10/20 11:52:06.457, 16 MiB
2023/10/20 11:52:06.458, 16 MiB
2023/10/20 11:52:06.459, 16 MiB
2023/10/20 11:52:06.461, 16 MiB
2023/10/20 11:52:06.462, 16 MiB
2023/10/20 11:52:06.463, 16 MiB
2023/10/20 11:52:06.464, 16 MiB
2023/10/20 11:52:06.465, 16 MiB
2023/10/20 11:52:06.466, 16 MiB
2023/10/20 11:52:06.467, 16 MiB
2023/10/20 11:52:06.468, 16 MiB
2023/10/20 11:52:06.469, 16 MiB
2023/10/20 11:52:06.471, 16 MiB
2023/10/20 11:52:06.472, 16 MiB
2023/10/20 11:52:06.473, 16 MiB
2023/10/20 11:52:06.474, 16 MiB
2023/10/20 11:52:06.475, 16 MiB
2023/10/20 11:52:06.476, 16 MiB
2023/10/20 11:52:06.477, 16 MiB
2023/10/20 11:52:06.478, 16 MiB
2023/10/20 11:52:06.479, 16 MiB
2023/10/20 11:52:06.480, 16 MiB
2023/10/20 11:52:06.482, 16 MiB
2023/10/20 11:52:06.483, 16 MiB
2023/10/20 11:52:06.484, 16 MiB
2023/10/20 11:52:06.485, 16 MiB
2023/10/20 11:52:06.486, 16 MiB
2023/10/20 11:52:06.487, 16 MiB
2023/10/20 11:52:06.488, 16 MiB
2023/10/20 11:52:06.489, 16 MiB
2023/10/20 11:52:06.490, 16 MiB
2023/10/20 11:52:06.491, 16 MiB
2023/10/20 11:52:06.492, 16 MiB
2023/10/20 11:52:06.493, 16 MiB
2023/10/20 11:52:06.495, 16 MiB
2023/10/20 11:52:06.496, 16 MiB
2023/10/20 11:52:06.497, 16 MiB
2023/10/20 11:52:06.498, 16 MiB
2023/10/20 11:52:06.499, 16 MiB
2023/10/20 11:52:06.500, 16 MiB
2023/10/20 11:52:06.501, 16 MiB
2023/10/20 11:52:06.502, 16 MiB
2023/10/20 11:52:06.503, 16 MiB
2023/10/20 11:52:06.504, 16 MiB
2023/10/20 11:52:06.505, 16 MiB
2023/10/20 11:52:06.506, 16 MiB
2023/10/20 11:52:06.508, 16 MiB
2023/10/20 11:52:06.509, 16 MiB
2023/10/20 11:52:06.510, 16 MiB
2023/10/20 11:52:06.511, 16 MiB
2023/10/20 11:52:06.512, 16 MiB
2023/10/20 11:52:06.513, 16 MiB
2023/10/20 11:52:06.514, 16 MiB
2023/10/20 11:52:06.515, 16 MiB
2023/10/20 11:52:06.516, 16 MiB
2023/10/20 11:52:06.517, 16 MiB
2023/10/20 11:52:06.518, 16 MiB
2023/10/20 11:52:06.520, 16 MiB
2023/10/20 11:52:06.521, 16 MiB
2023/10/20 11:52:06.522, 16 MiB
2023/10/20 11:52:06.523, 16 MiB
2023/10/20 11:52:06.524, 16 MiB
2023/10/20 11:52:06.525, 16 MiB
2023/10/20 11:52:06.526, 16 MiB
2023/10/20 11:52:06.527, 16 MiB
2023/10/20 11:52:06.528, 16 MiB
2023/10/20 11:52:06.529, 16 MiB
2023/10/20 11:52:06.530, 16 MiB
2023/10/20 11:52:06.532, 16 MiB
2023/10/20 11:52:06.533, 16 MiB
2023/10/20 11:52:06.534, 16 MiB
2023/10/20 11:52:06.535, 16 MiB
2023/10/20 11:52:06.536, 16 MiB
2023/10/20 11:52:06.537, 16 MiB
2023/10/20 11:52:06.538, 16 MiB
2023/10/20 11:52:06.539, 16 MiB
2023/10/20 11:52:06.540, 16 MiB
2023/10/20 11:52:06.541, 16 MiB
2023/10/20 11:52:06.542, 16 MiB
2023/10/20 11:52:06.543, 16 MiB
2023/10/20 11:52:06.544, 16 MiB
2023/10/20 11:52:06.546, 16 MiB
2023/10/20 11:52:06.547, 16 MiB
2023/10/20 11:52:06.548, 16 MiB
2023/10/20 11:52:06.549, 16 MiB
2023/10/20 11:52:06.550, 16 MiB
2023/10/20 11:52:06.551, 16 MiB
2023/10/20 11:52:06.552, 16 MiB
2023/10/20 11:52:06.553, 16 MiB
2023/10/20 11:52:06.554, 16 MiB
2023/10/20 11:52:06.555, 16 MiB
2023/10/20 11:52:06.556, 16 MiB
2023/10/20 11:52:06.557, 16 MiB
2023/10/20 11:52:06.558, 16 MiB
2023/10/20 11:52:06.559, 16 MiB
2023/10/20 11:52:06.561, 16 MiB
2023/10/20 11:52:06.562, 16 MiB
2023/10/20 11:52:06.563, 16 MiB
2023/10/20 11:52:06.564, 16 MiB
2023/10/20 11:52:06.565, 16 MiB
2023/10/20 11:52:06.566, 16 MiB
2023/10/20 11:52:06.567, 16 MiB
2023/10/20 11:52:06.568, 16 MiB
2023/10/20 11:52:06.569, 16 MiB
2023/10/20 11:52:06.570, 16 MiB
2023/10/20 11:52:06.571, 16 MiB
2023/10/20 11:52:06.572, 16 MiB
2023/10/20 11:52:06.573, 16 MiB
2023/10/20 11:52:06.574, 16 MiB
2023/10/20 11:52:06.576, 16 MiB
2023/10/20 11:52:06.577, 16 MiB
2023/10/20 11:52:06.578, 16 MiB
2023/10/20 11:52:06.579, 16 MiB
2023/10/20 11:52:06.580, 16 MiB
2023/10/20 11:52:06.581, 16 MiB
2023/10/20 11:52:06.582, 16 MiB
2023/10/20 11:52:06.583, 16 MiB
2023/10/20 11:52:06.584, 16 MiB
2023/10/20 11:52:06.585, 16 MiB
2023/10/20 11:52:06.586, 16 MiB
2023/10/20 11:52:06.587, 16 MiB
2023/10/20 11:52:06.588, 16 MiB
2023/10/20 11:52:06.589, 16 MiB
2023/10/20 11:52:06.591, 16 MiB
2023/10/20 11:52:06.592, 16 MiB
2023/10/20 11:52:06.593, 16 MiB
2023/10/20 11:52:06.594, 16 MiB
2023/10/20 11:52:06.595, 16 MiB
2023/10/20 11:52:06.596, 16 MiB
2023/10/20 11:52:06.597, 16 MiB
2023/10/20 11:52:06.598, 16 MiB
2023/10/20 11:52:06.599, 16 MiB
2023/10/20 11:52:06.600, 16 MiB
2023/10/20 11:52:06.601, 16 MiB
2023/10/20 11:52:06.602, 16 MiB
2023/10/20 11:52:06.603, 16 MiB
2023/10/20 11:52:06.608, 16 MiB
2023/10/20 11:52:06.609, 16 MiB
2023/10/20 11:52:06.610, 16 MiB
2023/10/20 11:52:06.611, 16 MiB
2023/10/20 11:52:06.612, 16 MiB
2023/10/20 11:52:06.613, 16 MiB
2023/10/20 11:52:06.614, 16 MiB
2023/10/20 11:52:06.615, 16 MiB
2023/10/20 11:52:06.617, 16 MiB
2023/10/20 11:52:06.618, 16 MiB
2023/10/20 11:52:06.619, 16 MiB
2023/10/20 11:52:06.620, 16 MiB
2023/10/20 11:52:06.621, 16 MiB
2023/10/20 11:52:06.622, 16 MiB
2023/10/20 11:52:06.623, 16 MiB
2023/10/20 11:52:06.624, 16 MiB
2023/10/20 11:52:06.626, 16 MiB
2023/10/20 11:52:06.627, 16 MiB
2023/10/20 11:52:06.628, 16 MiB
2023/10/20 11:52:06.629, 16 MiB
2023/10/20 11:52:06.630, 16 MiB
2023/10/20 11:52:06.631, 16 MiB
2023/10/20 11:52:06.632, 16 MiB
2023/10/20 11:52:06.633, 16 MiB
2023/10/20 11:52:06.634, 16 MiB
2023/10/20 11:52:06.636, 16 MiB
2023/10/20 11:52:06.637, 16 MiB
2023/10/20 11:52:06.638, 16 MiB
2023/10/20 11:52:06.639, 16 MiB
2023/10/20 11:52:06.640, 16 MiB
2023/10/20 11:52:06.641, 16 MiB
2023/10/20 11:52:06.642, 16 MiB
2023/10/20 11:52:06.643, 16 MiB
2023/10/20 11:52:06.644, 16 MiB
2023/10/20 11:52:06.646, 16 MiB
2023/10/20 11:52:06.647, 16 MiB
2023/10/20 11:52:06.648, 16 MiB
2023/10/20 11:52:06.649, 16 MiB
2023/10/20 11:52:06.650, 16 MiB
2023/10/20 11:52:06.651, 16 MiB
2023/10/20 11:52:06.652, 16 MiB
2023/10/20 11:52:06.653, 16 MiB
2023/10/20 11:52:06.654, 16 MiB
2023/10/20 11:52:06.655, 16 MiB
2023/10/20 11:52:06.657, 16 MiB
2023/10/20 11:52:06.658, 16 MiB
2023/10/20 11:52:06.659, 16 MiB
2023/10/20 11:52:06.660, 16 MiB
2023/10/20 11:52:06.661, 16 MiB
2023/10/20 11:52:06.662, 16 MiB
2023/10/20 11:52:06.663, 16 MiB
2023/10/20 11:52:06.664, 16 MiB
2023/10/20 11:52:06.665, 16 MiB
2023/10/20 11:52:06.666, 16 MiB
2023/10/20 11:52:06.668, 16 MiB
2023/10/20 11:52:06.669, 16 MiB
2023/10/20 11:52:06.670, 16 MiB
2023/10/20 11:52:06.671, 16 MiB
2023/10/20 11:52:06.672, 16 MiB
2023/10/20 11:52:06.673, 16 MiB
2023/10/20 11:52:06.674, 16 MiB
2023/10/20 11:52:06.675, 16 MiB
2023/10/20 11:52:06.676, 16 MiB
2023/10/20 11:52:06.677, 16 MiB
2023/10/20 11:52:06.678, 16 MiB
2023/10/20 11:52:06.679, 16 MiB
2023/10/20 11:52:06.681, 16 MiB
2023/10/20 11:52:06.682, 16 MiB
2023/10/20 11:52:06.683, 16 MiB
2023/10/20 11:52:06.684, 16 MiB
2023/10/20 11:52:06.685, 16 MiB
2023/10/20 11:52:06.686, 16 MiB
2023/10/20 11:52:06.687, 16 MiB
2023/10/20 11:52:06.688, 16 MiB
2023/10/20 11:52:06.689, 16 MiB
2023/10/20 11:52:06.690, 16 MiB
2023/10/20 11:52:06.691, 16 MiB
2023/10/20 11:52:06.693, 16 MiB
2023/10/20 11:52:06.694, 16 MiB
2023/10/20 11:52:06.695, 16 MiB
2023/10/20 11:52:06.696, 16 MiB
2023/10/20 11:52:06.697, 16 MiB
2023/10/20 11:52:06.698, 16 MiB
2023/10/20 11:52:06.699, 16 MiB
2023/10/20 11:52:06.700, 16 MiB
2023/10/20 11:52:06.701, 16 MiB
2023/10/20 11:52:06.702, 16 MiB
2023/10/20 11:52:06.704, 16 MiB
2023/10/20 11:52:06.705, 16 MiB
2023/10/20 11:52:06.706, 16 MiB
2023/10/20 11:52:06.707, 16 MiB
2023/10/20 11:52:06.708, 16 MiB
2023/10/20 11:52:06.709, 16 MiB
2023/10/20 11:52:06.710, 16 MiB
2023/10/20 11:52:06.711, 16 MiB
2023/10/20 11:52:06.712, 16 MiB
2023/10/20 11:52:06.713, 16 MiB
2023/10/20 11:52:06.714, 16 MiB
2023/10/20 11:52:06.716, 16 MiB
2023/10/20 11:52:06.717, 16 MiB
2023/10/20 11:52:06.718, 16 MiB
2023/10/20 11:52:06.719, 16 MiB
2023/10/20 11:52:06.720, 16 MiB
2023/10/20 11:52:06.721, 16 MiB
2023/10/20 11:52:06.722, 16 MiB
2023/10/20 11:52:06.723, 16 MiB
2023/10/20 11:52:06.724, 16 MiB
2023/10/20 11:52:06.725, 16 MiB
2023/10/20 11:52:06.726, 16 MiB
2023/10/20 11:52:06.728, 16 MiB
2023/10/20 11:52:06.729, 16 MiB
2023/10/20 11:52:06.730, 16 MiB
2023/10/20 11:52:06.731, 16 MiB
2023/10/20 11:52:06.732, 16 MiB
2023/10/20 11:52:06.733, 16 MiB
2023/10/20 11:52:06.734, 16 MiB
2023/10/20 11:52:06.735, 16 MiB
2023/10/20 11:52:06.736, 16 MiB
2023/10/20 11:52:06.737, 16 MiB
2023/10/20 11:52:06.738, 16 MiB
2023/10/20 11:52:06.740, 16 MiB
2023/10/20 11:52:06.741, 16 MiB
2023/10/20 11:52:06.742, 16 MiB
2023/10/20 11:52:06.743, 16 MiB
2023/10/20 11:52:06.744, 16 MiB
2023/10/20 11:52:06.745, 16 MiB
2023/10/20 11:52:06.746, 16 MiB
2023/10/20 11:52:06.747, 16 MiB
2023/10/20 11:52:06.751, 16 MiB
2023/10/20 11:52:06.752, 16 MiB
2023/10/20 11:52:06.753, 18 MiB
2023/10/20 11:52:06.754, 18 MiB
2023/10/20 11:52:06.755, 18 MiB
2023/10/20 11:52:06.757, 18 MiB
2023/10/20 11:52:06.758, 18 MiB
2023/10/20 11:52:06.759, 18 MiB
2023/10/20 11:52:06.762, 18 MiB
2023/10/20 11:52:06.763, 18 MiB
2023/10/20 11:52:06.764, 18 MiB
2023/10/20 11:52:06.765, 18 MiB
2023/10/20 11:52:06.766, 18 MiB
2023/10/20 11:52:06.767, 18 MiB
2023/10/20 11:52:06.768, 18 MiB
2023/10/20 11:52:06.769, 18 MiB
2023/10/20 11:52:06.770, 18 MiB
2023/10/20 11:52:06.771, 18 MiB
2023/10/20 11:52:06.773, 18 MiB
2023/10/20 11:52:06.774, 18 MiB
2023/10/20 11:52:06.775, 18 MiB
2023/10/20 11:52:06.776, 18 MiB
2023/10/20 11:52:06.777, 18 MiB
2023/10/20 11:52:06.778, 18 MiB
2023/10/20 11:52:06.779, 18 MiB
2023/10/20 11:52:06.780, 18 MiB
2023/10/20 11:52:06.781, 18 MiB
2023/10/20 11:52:06.782, 18 MiB
2023/10/20 11:52:06.783, 18 MiB
2023/10/20 11:52:06.784, 18 MiB
2023/10/20 11:52:06.786, 18 MiB
2023/10/20 11:52:06.787, 18 MiB
2023/10/20 11:52:06.788, 18 MiB
2023/10/20 11:52:06.789, 18 MiB
2023/10/20 11:52:06.790, 18 MiB
2023/10/20 11:52:06.791, 18 MiB
2023/10/20 11:52:06.792, 18 MiB
2023/10/20 11:52:06.793, 18 MiB
2023/10/20 11:52:06.794, 18 MiB
2023/10/20 11:52:06.795, 18 MiB
2023/10/20 11:52:06.796, 18 MiB
2023/10/20 11:52:06.797, 18 MiB
2023/10/20 11:52:06.798, 18 MiB
2023/10/20 11:52:06.799, 18 MiB
2023/10/20 11:52:06.801, 18 MiB
2023/10/20 11:52:06.802, 18 MiB
2023/10/20 11:52:06.803, 18 MiB
2023/10/20 11:52:06.804, 18 MiB
2023/10/20 11:52:06.805, 18 MiB
2023/10/20 11:52:06.806, 18 MiB
2023/10/20 11:52:06.807, 18 MiB
2023/10/20 11:52:06.808, 18 MiB
2023/10/20 11:52:06.809, 18 MiB
2023/10/20 11:52:06.810, 18 MiB
2023/10/20 11:52:06.811, 18 MiB
2023/10/20 11:52:06.812, 18 MiB
2023/10/20 11:52:06.813, 18 MiB
2023/10/20 11:52:06.815, 18 MiB
2023/10/20 11:52:06.816, 18 MiB
2023/10/20 11:52:06.817, 18 MiB
2023/10/20 11:52:06.818, 18 MiB
2023/10/20 11:52:06.819, 18 MiB
2023/10/20 11:52:06.820, 18 MiB
2023/10/20 11:52:06.821, 18 MiB
2023/10/20 11:52:06.822, 18 MiB
2023/10/20 11:52:06.823, 18 MiB
2023/10/20 11:52:06.824, 18 MiB
2023/10/20 11:52:06.825, 18 MiB
2023/10/20 11:52:06.826, 18 MiB
2023/10/20 11:52:06.827, 18 MiB
2023/10/20 11:52:06.828, 18 MiB
2023/10/20 11:52:06.830, 18 MiB
2023/10/20 11:52:06.831, 18 MiB
2023/10/20 11:52:06.832, 18 MiB
2023/10/20 11:52:06.833, 18 MiB
2023/10/20 11:52:06.834, 18 MiB
2023/10/20 11:52:06.835, 18 MiB
2023/10/20 11:52:06.836, 18 MiB
2023/10/20 11:52:06.837, 18 MiB
2023/10/20 11:52:06.838, 18 MiB
2023/10/20 11:52:06.839, 18 MiB
2023/10/20 11:52:06.840, 18 MiB
2023/10/20 11:52:06.841, 18 MiB
2023/10/20 11:52:06.842, 18 MiB
2023/10/20 11:52:06.843, 18 MiB
2023/10/20 11:52:06.845, 18 MiB
2023/10/20 11:52:06.846, 18 MiB
2023/10/20 11:52:06.847, 18 MiB
2023/10/20 11:52:06.848, 18 MiB
2023/10/20 11:52:06.849, 18 MiB
2023/10/20 11:52:06.850, 18 MiB
2023/10/20 11:52:06.851, 18 MiB
2023/10/20 11:52:06.852, 18 MiB
2023/10/20 11:52:06.853, 18 MiB
2023/10/20 11:52:06.854, 18 MiB
2023/10/20 11:52:06.855, 18 MiB
2023/10/20 11:52:06.856, 18 MiB
2023/10/20 11:52:06.857, 18 MiB
2023/10/20 11:52:06.859, 18 MiB
2023/10/20 11:52:06.860, 18 MiB
2023/10/20 11:52:06.861, 18 MiB
2023/10/20 11:52:06.862, 18 MiB
2023/10/20 11:52:06.863, 18 MiB
2023/10/20 11:52:06.864, 18 MiB
2023/10/20 11:52:06.865, 18 MiB
2023/10/20 11:52:06.866, 18 MiB
2023/10/20 11:52:06.867, 18 MiB
2023/10/20 11:52:06.868, 18 MiB
2023/10/20 11:52:06.870, 18 MiB
2023/10/20 11:52:06.871, 18 MiB
2023/10/20 11:52:06.872, 18 MiB
2023/10/20 11:52:06.873, 18 MiB
2023/10/20 11:52:06.874, 18 MiB
2023/10/20 11:52:06.875, 18 MiB
2023/10/20 11:52:06.876, 18 MiB
2023/10/20 11:52:06.877, 18 MiB
2023/10/20 11:52:06.878, 18 MiB
2023/10/20 11:52:06.879, 18 MiB
2023/10/20 11:52:06.881, 18 MiB
2023/10/20 11:52:06.882, 18 MiB
2023/10/20 11:52:06.883, 18 MiB
2023/10/20 11:52:06.884, 18 MiB
2023/10/20 11:52:06.885, 18 MiB
2023/10/20 11:52:06.886, 18 MiB
2023/10/20 11:52:06.887, 18 MiB
2023/10/20 11:52:06.888, 18 MiB
2023/10/20 11:52:06.889, 18 MiB
2023/10/20 11:52:06.891, 18 MiB
2023/10/20 11:52:06.892, 18 MiB
2023/10/20 11:52:06.893, 18 MiB
2023/10/20 11:52:06.894, 18 MiB
2023/10/20 11:52:06.895, 18 MiB
2023/10/20 11:52:06.896, 18 MiB
2023/10/20 11:52:06.897, 18 MiB
2023/10/20 11:52:06.898, 18 MiB
2023/10/20 11:52:06.899, 18 MiB
2023/10/20 11:52:06.900, 18 MiB
2023/10/20 11:52:06.902, 18 MiB
2023/10/20 11:52:06.903, 18 MiB
2023/10/20 11:52:06.904, 18 MiB
2023/10/20 11:52:06.905, 18 MiB
2023/10/20 11:52:06.906, 18 MiB
2023/10/20 11:52:06.907, 18 MiB
2023/10/20 11:52:06.908, 18 MiB
2023/10/20 11:52:06.909, 18 MiB
2023/10/20 11:52:06.910, 18 MiB
2023/10/20 11:52:06.912, 18 MiB
2023/10/20 11:52:06.913, 18 MiB
2023/10/20 11:52:06.914, 18 MiB
2023/10/20 11:52:06.915, 18 MiB
2023/10/20 11:52:06.916, 18 MiB
2023/10/20 11:52:06.917, 18 MiB
2023/10/20 11:52:06.918, 18 MiB
2023/10/20 11:52:06.919, 18 MiB
2023/10/20 11:52:06.920, 18 MiB
2023/10/20 11:52:06.922, 18 MiB
2023/10/20 11:52:06.923, 18 MiB
2023/10/20 11:52:06.924, 18 MiB
2023/10/20 11:52:06.925, 18 MiB
2023/10/20 11:52:06.926, 18 MiB
2023/10/20 11:52:06.927, 18 MiB
2023/10/20 11:52:06.928, 18 MiB
2023/10/20 11:52:06.929, 18 MiB
2023/10/20 11:52:06.930, 18 MiB
2023/10/20 11:52:06.931, 18 MiB
2023/10/20 11:52:06.933, 18 MiB
2023/10/20 11:52:06.934, 18 MiB
2023/10/20 11:52:06.935, 18 MiB
2023/10/20 11:52:06.936, 18 MiB
2023/10/20 11:52:06.937, 18 MiB
2023/10/20 11:52:06.938, 18 MiB
2023/10/20 11:52:06.939, 18 MiB
2023/10/20 11:52:06.940, 18 MiB
2023/10/20 11:52:06.941, 18 MiB
2023/10/20 11:52:06.943, 18 MiB
2023/10/20 11:52:06.944, 18 MiB
2023/10/20 11:52:06.945, 18 MiB
2023/10/20 11:52:06.946, 18 MiB
2023/10/20 11:52:06.947, 18 MiB
2023/10/20 11:52:06.948, 18 MiB
2023/10/20 11:52:06.949, 18 MiB
2023/10/20 11:52:06.950, 18 MiB
2023/10/20 11:52:06.951, 18 MiB
2023/10/20 11:52:06.952, 18 MiB
2023/10/20 11:52:06.954, 18 MiB
2023/10/20 11:52:06.955, 18 MiB
2023/10/20 11:52:06.956, 18 MiB
2023/10/20 11:52:06.957, 18 MiB
2023/10/20 11:52:06.958, 18 MiB
2023/10/20 11:52:06.959, 18 MiB
2023/10/20 11:52:06.960, 18 MiB
2023/10/20 11:52:06.961, 18 MiB
2023/10/20 11:52:06.962, 18 MiB
2023/10/20 11:52:06.964, 18 MiB
2023/10/20 11:52:06.965, 18 MiB
2023/10/20 11:52:06.966, 18 MiB
2023/10/20 11:52:06.967, 18 MiB
2023/10/20 11:52:06.968, 18 MiB
2023/10/20 11:52:06.969, 18 MiB
2023/10/20 11:52:06.970, 18 MiB
2023/10/20 11:52:06.971, 18 MiB
2023/10/20 11:52:06.973, 18 MiB
2023/10/20 11:52:06.974, 18 MiB
2023/10/20 11:52:06.975, 18 MiB
2023/10/20 11:52:06.976, 18 MiB
2023/10/20 11:52:06.977, 18 MiB
2023/10/20 11:52:06.978, 18 MiB
2023/10/20 11:52:06.979, 18 MiB
2023/10/20 11:52:06.980, 18 MiB
2023/10/20 11:52:06.981, 18 MiB
2023/10/20 11:52:06.983, 18 MiB
2023/10/20 11:52:06.984, 18 MiB
2023/10/20 11:52:06.985, 18 MiB
2023/10/20 11:52:06.986, 18 MiB
2023/10/20 11:52:06.987, 18 MiB
2023/10/20 11:52:06.988, 18 MiB
2023/10/20 11:52:06.989, 18 MiB
2023/10/20 11:52:06.990, 18 MiB
2023/10/20 11:52:06.991, 18 MiB
2023/10/20 11:52:06.992, 18 MiB
2023/10/20 11:52:06.994, 18 MiB
2023/10/20 11:52:06.995, 18 MiB
2023/10/20 11:52:06.996, 18 MiB
2023/10/20 11:52:06.997, 18 MiB
2023/10/20 11:52:06.998, 18 MiB
2023/10/20 11:52:06.999, 18 MiB
2023/10/20 11:52:07.000, 18 MiB
2023/10/20 11:52:07.001, 18 MiB
2023/10/20 11:52:07.002, 18 MiB
2023/10/20 11:52:07.004, 18 MiB
2023/10/20 11:52:07.005, 18 MiB
2023/10/20 11:52:07.006, 18 MiB
2023/10/20 11:52:07.007, 18 MiB
2023/10/20 11:52:07.008, 18 MiB
2023/10/20 11:52:07.009, 18 MiB
2023/10/20 11:52:07.010, 18 MiB
2023/10/20 11:52:07.011, 18 MiB
2023/10/20 11:52:07.013, 18 MiB
2023/10/20 11:52:07.014, 18 MiB
2023/10/20 11:52:07.015, 18 MiB
2023/10/20 11:52:07.016, 18 MiB
2023/10/20 11:52:07.017, 18 MiB
2023/10/20 11:52:07.018, 18 MiB
2023/10/20 11:52:07.019, 18 MiB
2023/10/20 11:52:07.020, 18 MiB
2023/10/20 11:52:07.021, 18 MiB
2023/10/20 11:52:07.022, 18 MiB
2023/10/20 11:52:07.023, 18 MiB
2023/10/20 11:52:07.024, 18 MiB
2023/10/20 11:52:07.026, 18 MiB
2023/10/20 11:52:07.027, 18 MiB
2023/10/20 11:52:07.028, 18 MiB
2023/10/20 11:52:07.029, 18 MiB
2023/10/20 11:52:07.030, 18 MiB
2023/10/20 11:52:07.031, 18 MiB
2023/10/20 11:52:07.032, 18 MiB
2023/10/20 11:52:07.033, 18 MiB
2023/10/20 11:52:07.034, 18 MiB
2023/10/20 11:52:07.035, 18 MiB
2023/10/20 11:52:07.036, 18 MiB
2023/10/20 11:52:07.037, 18 MiB
2023/10/20 11:52:07.039, 18 MiB
2023/10/20 11:52:07.040, 18 MiB
2023/10/20 11:52:07.041, 18 MiB
2023/10/20 11:52:07.042, 18 MiB
2023/10/20 11:52:07.043, 18 MiB
2023/10/20 11:52:07.044, 18 MiB
2023/10/20 11:52:07.045, 18 MiB
2023/10/20 11:52:07.046, 18 MiB
2023/10/20 11:52:07.047, 18 MiB
2023/10/20 11:52:07.048, 18 MiB
2023/10/20 11:52:07.049, 18 MiB
2023/10/20 11:52:07.050, 18 MiB
2023/10/20 11:52:07.052, 18 MiB
2023/10/20 11:52:07.053, 18 MiB
2023/10/20 11:52:07.054, 18 MiB
2023/10/20 11:52:07.055, 18 MiB
2023/10/20 11:52:07.056, 18 MiB
2023/10/20 11:52:07.057, 18 MiB
2023/10/20 11:52:07.058, 18 MiB
2023/10/20 11:52:07.059, 18 MiB
2023/10/20 11:52:07.060, 18 MiB
2023/10/20 11:52:07.061, 18 MiB
2023/10/20 11:52:07.062, 18 MiB
2023/10/20 11:52:07.064, 18 MiB
2023/10/20 11:52:07.065, 18 MiB
2023/10/20 11:52:07.066, 18 MiB
2023/10/20 11:52:07.067, 18 MiB
2023/10/20 11:52:07.068, 18 MiB
2023/10/20 11:52:07.069, 18 MiB
2023/10/20 11:52:07.070, 18 MiB
2023/10/20 11:52:07.071, 18 MiB
2023/10/20 11:52:07.072, 18 MiB
2023/10/20 11:52:07.073, 18 MiB
2023/10/20 11:52:07.074, 18 MiB
2023/10/20 11:52:07.076, 18 MiB
2023/10/20 11:52:07.077, 18 MiB
2023/10/20 11:52:07.078, 18 MiB
2023/10/20 11:52:07.079, 18 MiB
2023/10/20 11:52:07.080, 18 MiB
2023/10/20 11:52:07.081, 18 MiB
2023/10/20 11:52:07.082, 18 MiB
2023/10/20 11:52:07.083, 18 MiB
2023/10/20 11:52:07.084, 18 MiB
2023/10/20 11:52:07.085, 18 MiB
2023/10/20 11:52:07.086, 18 MiB
2023/10/20 11:52:07.087, 18 MiB
2023/10/20 11:52:07.089, 18 MiB
2023/10/20 11:52:07.090, 18 MiB
2023/10/20 11:52:07.091, 18 MiB
2023/10/20 11:52:07.092, 18 MiB
2023/10/20 11:52:07.093, 18 MiB
2023/10/20 11:52:07.094, 18 MiB
2023/10/20 11:52:07.095, 18 MiB
2023/10/20 11:52:07.096, 18 MiB
2023/10/20 11:52:07.097, 18 MiB
2023/10/20 11:52:07.098, 18 MiB
2023/10/20 11:52:07.099, 18 MiB
2023/10/20 11:52:07.100, 18 MiB
2023/10/20 11:52:07.102, 18 MiB
2023/10/20 11:52:07.103, 18 MiB
2023/10/20 11:52:07.104, 18 MiB
2023/10/20 11:52:07.105, 18 MiB
2023/10/20 11:52:07.106, 18 MiB
2023/10/20 11:52:07.107, 18 MiB
2023/10/20 11:52:07.108, 18 MiB
2023/10/20 11:52:07.109, 18 MiB
2023/10/20 11:52:07.110, 18 MiB
2023/10/20 11:52:07.111, 18 MiB
2023/10/20 11:52:07.113, 18 MiB
2023/10/20 11:52:07.114, 18 MiB
2023/10/20 11:52:07.115, 18 MiB
2023/10/20 11:52:07.116, 18 MiB
2023/10/20 11:52:07.117, 18 MiB
2023/10/20 11:52:07.118, 18 MiB
2023/10/20 11:52:07.119, 18 MiB
2023/10/20 11:52:07.120, 18 MiB
2023/10/20 11:52:07.121, 18 MiB
2023/10/20 11:52:07.123, 18 MiB
2023/10/20 11:52:07.124, 18 MiB
2023/10/20 11:52:07.125, 18 MiB
2023/10/20 11:52:07.126, 18 MiB
2023/10/20 11:52:07.127, 18 MiB
2023/10/20 11:52:07.128, 18 MiB
2023/10/20 11:52:07.129, 18 MiB
2023/10/20 11:52:07.130, 18 MiB
2023/10/20 11:52:07.131, 18 MiB
2023/10/20 11:52:07.133, 18 MiB
2023/10/20 11:52:07.134, 18 MiB
2023/10/20 11:52:07.135, 18 MiB
2023/10/20 11:52:07.136, 18 MiB
2023/10/20 11:52:07.137, 18 MiB
2023/10/20 11:52:07.138, 18 MiB
2023/10/20 11:52:07.139, 18 MiB
2023/10/20 11:52:07.140, 18 MiB
2023/10/20 11:52:07.141, 18 MiB
2023/10/20 11:52:07.142, 18 MiB
2023/10/20 11:52:07.144, 18 MiB
2023/10/20 11:52:07.145, 18 MiB
2023/10/20 11:52:07.146, 18 MiB
2023/10/20 11:52:07.147, 18 MiB
2023/10/20 11:52:07.148, 18 MiB
2023/10/20 11:52:07.149, 18 MiB
2023/10/20 11:52:07.150, 18 MiB
2023/10/20 11:52:07.151, 18 MiB
2023/10/20 11:52:07.152, 18 MiB
2023/10/20 11:52:07.154, 18 MiB
2023/10/20 11:52:07.155, 18 MiB
2023/10/20 11:52:07.156, 18 MiB
2023/10/20 11:52:07.157, 18 MiB
2023/10/20 11:52:07.158, 18 MiB
2023/10/20 11:52:07.159, 18 MiB
2023/10/20 11:52:07.160, 18 MiB
2023/10/20 11:52:07.161, 18 MiB
2023/10/20 11:52:07.162, 18 MiB
2023/10/20 11:52:07.164, 18 MiB
2023/10/20 11:52:07.165, 18 MiB
2023/10/20 11:52:07.166, 18 MiB
2023/10/20 11:52:07.167, 18 MiB
2023/10/20 11:52:07.168, 18 MiB
2023/10/20 11:52:07.169, 18 MiB
2023/10/20 11:52:07.170, 18 MiB
2023/10/20 11:52:07.171, 18 MiB
2023/10/20 11:52:07.172, 18 MiB
2023/10/20 11:52:07.173, 18 MiB
2023/10/20 11:52:07.175, 18 MiB
2023/10/20 11:52:07.176, 18 MiB
2023/10/20 11:52:07.177, 18 MiB
2023/10/20 11:52:07.178, 18 MiB
2023/10/20 11:52:07.179, 18 MiB
2023/10/20 11:52:07.180, 18 MiB
2023/10/20 11:52:07.181, 18 MiB
2023/10/20 11:52:07.182, 18 MiB
2023/10/20 11:52:07.183, 18 MiB
2023/10/20 11:52:07.185, 18 MiB
2023/10/20 11:52:07.186, 18 MiB
2023/10/20 11:52:07.187, 18 MiB
2023/10/20 11:52:07.188, 18 MiB
2023/10/20 11:52:07.189, 18 MiB
2023/10/20 11:52:07.190, 18 MiB
2023/10/20 11:52:07.191, 18 MiB
2023/10/20 11:52:07.192, 18 MiB
2023/10/20 11:52:07.193, 18 MiB
2023/10/20 11:52:07.194, 18 MiB
2023/10/20 11:52:07.196, 18 MiB
2023/10/20 11:52:07.197, 18 MiB
2023/10/20 11:52:07.198, 18 MiB
2023/10/20 11:52:07.199, 18 MiB
2023/10/20 11:52:07.200, 18 MiB
2023/10/20 11:52:07.201, 18 MiB
2023/10/20 11:52:07.202, 18 MiB
2023/10/20 11:52:07.203, 18 MiB
2023/10/20 11:52:07.204, 18 MiB
2023/10/20 11:52:07.206, 18 MiB
2023/10/20 11:52:07.207, 18 MiB
2023/10/20 11:52:07.208, 18 MiB
2023/10/20 11:52:07.209, 18 MiB
2023/10/20 11:52:07.210, 18 MiB
2023/10/20 11:52:07.211, 18 MiB
2023/10/20 11:52:07.212, 18 MiB
2023/10/20 11:52:07.213, 18 MiB
2023/10/20 11:52:07.214, 18 MiB
2023/10/20 11:52:07.216, 18 MiB
2023/10/20 11:52:07.217, 18 MiB
2023/10/20 11:52:07.218, 18 MiB
2023/10/20 11:52:07.219, 18 MiB
2023/10/20 11:52:07.220, 18 MiB
2023/10/20 11:52:07.221, 18 MiB
2023/10/20 11:52:07.222, 18 MiB
2023/10/20 11:52:07.223, 18 MiB
2023/10/20 11:52:07.224, 18 MiB
2023/10/20 11:52:07.225, 18 MiB
2023/10/20 11:52:07.227, 18 MiB
2023/10/20 11:52:07.228, 18 MiB
2023/10/20 11:52:07.229, 18 MiB
2023/10/20 11:52:07.230, 18 MiB
2023/10/20 11:52:07.231, 18 MiB
2023/10/20 11:52:07.232, 18 MiB
2023/10/20 11:52:07.233, 18 MiB
2023/10/20 11:52:07.234, 18 MiB
2023/10/20 11:52:07.235, 18 MiB
2023/10/20 11:52:07.236, 18 MiB
2023/10/20 11:52:07.237, 18 MiB
2023/10/20 11:52:07.238, 18 MiB
2023/10/20 11:52:07.239, 18 MiB
2023/10/20 11:52:07.241, 18 MiB
2023/10/20 11:52:07.242, 18 MiB
2023/10/20 11:52:07.243, 18 MiB
2023/10/20 11:52:07.244, 18 MiB
2023/10/20 11:52:07.245, 18 MiB
2023/10/20 11:52:07.246, 18 MiB
2023/10/20 11:52:07.247, 18 MiB
2023/10/20 11:52:07.248, 18 MiB
2023/10/20 11:52:07.249, 18 MiB
2023/10/20 11:52:07.250, 18 MiB
2023/10/20 11:52:07.251, 18 MiB
2023/10/20 11:52:07.252, 18 MiB
2023/10/20 11:52:07.253, 18 MiB
2023/10/20 11:52:07.254, 18 MiB
2023/10/20 11:52:07.256, 18 MiB
2023/10/20 11:52:07.257, 18 MiB
2023/10/20 11:52:07.258, 18 MiB
2023/10/20 11:52:07.259, 18 MiB
2023/10/20 11:52:07.260, 18 MiB
2023/10/20 11:52:07.261, 18 MiB
2023/10/20 11:52:07.262, 18 MiB
2023/10/20 11:52:07.263, 18 MiB
2023/10/20 11:52:07.264, 18 MiB
2023/10/20 11:52:07.265, 18 MiB
2023/10/20 11:52:07.266, 18 MiB
2023/10/20 11:52:07.267, 18 MiB
2023/10/20 11:52:07.268, 18 MiB
2023/10/20 11:52:07.269, 18 MiB
2023/10/20 11:52:07.271, 18 MiB
2023/10/20 11:52:07.272, 18 MiB
2023/10/20 11:52:07.273, 18 MiB
2023/10/20 11:52:07.274, 18 MiB
2023/10/20 11:52:07.275, 18 MiB
2023/10/20 11:52:07.276, 18 MiB
2023/10/20 11:52:07.277, 18 MiB
2023/10/20 11:52:07.278, 18 MiB
2023/10/20 11:52:07.279, 18 MiB
2023/10/20 11:52:07.280, 18 MiB
2023/10/20 11:52:07.282, 18 MiB
2023/10/20 11:52:07.283, 18 MiB
2023/10/20 11:52:07.284, 18 MiB
2023/10/20 11:52:07.285, 18 MiB
2023/10/20 11:52:07.286, 18 MiB
2023/10/20 11:52:07.287, 18 MiB
2023/10/20 11:52:07.288, 18 MiB
2023/10/20 11:52:07.289, 18 MiB
2023/10/20 11:52:07.290, 18 MiB
2023/10/20 11:52:07.292, 18 MiB
2023/10/20 11:52:07.293, 18 MiB
2023/10/20 11:52:07.294, 18 MiB
2023/10/20 11:52:07.295, 18 MiB
2023/10/20 11:52:07.296, 18 MiB
2023/10/20 11:52:07.297, 18 MiB
2023/10/20 11:52:07.298, 18 MiB
2023/10/20 11:52:07.299, 18 MiB
2023/10/20 11:52:07.300, 18 MiB
2023/10/20 11:52:07.301, 18 MiB
2023/10/20 11:52:07.302, 18 MiB
2023/10/20 11:52:07.304, 18 MiB
2023/10/20 11:52:07.305, 18 MiB
2023/10/20 11:52:07.306, 18 MiB
2023/10/20 11:52:07.307, 18 MiB
2023/10/20 11:52:07.308, 18 MiB
2023/10/20 11:52:07.309, 18 MiB
2023/10/20 11:52:07.310, 18 MiB
2023/10/20 11:52:07.311, 18 MiB
2023/10/20 11:52:07.312, 18 MiB
2023/10/20 11:52:07.313, 18 MiB
2023/10/20 11:52:07.315, 18 MiB
2023/10/20 11:52:07.316, 18 MiB
2023/10/20 11:52:07.317, 18 MiB
2023/10/20 11:52:07.318, 18 MiB
2023/10/20 11:52:07.319, 18 MiB
2023/10/20 11:52:07.320, 18 MiB
2023/10/20 11:52:07.321, 18 MiB
2023/10/20 11:52:07.322, 18 MiB
2023/10/20 11:52:07.323, 18 MiB
2023/10/20 11:52:07.324, 18 MiB
2023/10/20 11:52:07.325, 18 MiB
2023/10/20 11:52:07.327, 18 MiB
2023/10/20 11:52:07.328, 18 MiB
2023/10/20 11:52:07.329, 18 MiB
2023/10/20 11:52:07.330, 18 MiB
2023/10/20 11:52:07.331, 18 MiB
2023/10/20 11:52:07.332, 18 MiB
2023/10/20 11:52:07.333, 18 MiB
2023/10/20 11:52:07.334, 18 MiB
2023/10/20 11:52:07.335, 18 MiB
2023/10/20 11:52:07.336, 18 MiB
2023/10/20 11:52:07.337, 18 MiB
2023/10/20 11:52:07.338, 18 MiB
2023/10/20 11:52:07.340, 18 MiB
2023/10/20 11:52:07.341, 18 MiB
2023/10/20 11:52:07.342, 18 MiB
2023/10/20 11:52:07.343, 18 MiB
2023/10/20 11:52:07.344, 18 MiB
2023/10/20 11:52:07.345, 18 MiB
2023/10/20 11:52:07.346, 18 MiB
2023/10/20 11:52:07.347, 18 MiB
2023/10/20 11:52:07.348, 18 MiB
2023/10/20 11:52:07.349, 18 MiB
2023/10/20 11:52:07.350, 18 MiB
2023/10/20 11:52:07.352, 18 MiB
2023/10/20 11:52:07.353, 18 MiB
2023/10/20 11:52:07.354, 18 MiB
2023/10/20 11:52:07.355, 18 MiB
2023/10/20 11:52:07.356, 18 MiB
2023/10/20 11:52:07.357, 18 MiB
2023/10/20 11:52:07.358, 18 MiB
2023/10/20 11:52:07.359, 18 MiB
2023/10/20 11:52:07.360, 18 MiB
2023/10/20 11:52:07.361, 18 MiB
2023/10/20 11:52:07.362, 18 MiB
2023/10/20 11:52:07.363, 18 MiB
2023/10/20 11:52:07.364, 18 MiB
2023/10/20 11:52:07.366, 18 MiB
2023/10/20 11:52:07.367, 18 MiB
2023/10/20 11:52:07.368, 18 MiB
2023/10/20 11:52:07.369, 18 MiB
2023/10/20 11:52:07.370, 18 MiB
2023/10/20 11:52:07.371, 18 MiB
2023/10/20 11:52:07.372, 18 MiB
2023/10/20 11:52:07.373, 18 MiB
2023/10/20 11:52:07.374, 18 MiB
2023/10/20 11:52:07.375, 18 MiB
2023/10/20 11:52:07.376, 18 MiB
2023/10/20 11:52:07.377, 18 MiB
2023/10/20 11:52:07.378, 18 MiB
2023/10/20 11:52:07.380, 18 MiB
2023/10/20 11:52:07.381, 18 MiB
2023/10/20 11:52:07.382, 18 MiB
2023/10/20 11:52:07.383, 18 MiB
2023/10/20 11:52:07.384, 18 MiB
2023/10/20 11:52:07.385, 18 MiB
2023/10/20 11:52:07.386, 18 MiB
2023/10/20 11:52:07.387, 18 MiB
2023/10/20 11:52:07.388, 18 MiB
2023/10/20 11:52:07.389, 18 MiB
2023/10/20 11:52:07.390, 18 MiB
2023/10/20 11:52:07.391, 18 MiB
2023/10/20 11:52:07.392, 18 MiB
2023/10/20 11:52:07.393, 18 MiB
2023/10/20 11:52:07.395, 18 MiB
2023/10/20 11:52:07.396, 18 MiB
2023/10/20 11:52:07.397, 18 MiB
2023/10/20 11:52:07.398, 18 MiB
2023/10/20 11:52:07.399, 18 MiB
2023/10/20 11:52:07.400, 18 MiB
2023/10/20 11:52:07.401, 18 MiB
2023/10/20 11:52:07.402, 18 MiB
2023/10/20 11:52:07.403, 18 MiB
2023/10/20 11:52:07.404, 18 MiB
2023/10/20 11:52:07.405, 18 MiB
2023/10/20 11:52:07.406, 18 MiB
2023/10/20 11:52:07.407, 18 MiB
2023/10/20 11:52:07.408, 18 MiB
2023/10/20 11:52:07.410, 18 MiB
2023/10/20 11:52:07.411, 18 MiB
2023/10/20 11:52:07.412, 18 MiB
2023/10/20 11:52:07.413, 18 MiB
2023/10/20 11:52:07.414, 18 MiB
2023/10/20 11:52:07.415, 18 MiB
2023/10/20 11:52:07.416, 18 MiB
2023/10/20 11:52:07.417, 18 MiB
2023/10/20 11:52:07.418, 18 MiB
2023/10/20 11:52:07.419, 18 MiB
2023/10/20 11:52:07.420, 18 MiB
2023/10/20 11:52:07.421, 18 MiB
2023/10/20 11:52:07.422, 18 MiB
2023/10/20 11:52:07.424, 18 MiB
2023/10/20 11:52:07.425, 18 MiB
2023/10/20 11:52:07.426, 18 MiB
2023/10/20 11:52:07.427, 18 MiB
2023/10/20 11:52:07.428, 18 MiB
2023/10/20 11:52:07.429, 18 MiB
2023/10/20 11:52:07.430, 18 MiB
2023/10/20 11:52:07.431, 18 MiB
2023/10/20 11:52:07.432, 18 MiB
2023/10/20 11:52:07.433, 18 MiB
2023/10/20 11:52:07.434, 18 MiB
2023/10/20 11:52:07.435, 18 MiB
2023/10/20 11:52:07.436, 18 MiB
2023/10/20 11:52:07.437, 18 MiB
2023/10/20 11:52:07.439, 18 MiB
2023/10/20 11:52:07.440, 18 MiB
2023/10/20 11:52:07.441, 18 MiB
2023/10/20 11:52:07.442, 18 MiB
2023/10/20 11:52:07.443, 18 MiB
2023/10/20 11:52:07.444, 18 MiB
2023/10/20 11:52:07.445, 18 MiB
2023/10/20 11:52:07.446, 18 MiB
2023/10/20 11:52:07.447, 18 MiB
2023/10/20 11:52:07.448, 18 MiB
2023/10/20 11:52:07.449, 18 MiB
2023/10/20 11:52:07.450, 18 MiB
2023/10/20 11:52:07.451, 18 MiB
2023/10/20 11:52:07.452, 18 MiB
2023/10/20 11:52:07.454, 18 MiB
2023/10/20 11:52:07.455, 18 MiB
2023/10/20 11:52:07.456, 18 MiB
2023/10/20 11:52:07.457, 18 MiB
