# registration_from_features.py FastGlobal FastGlobal_config.json euclidean True --use_random_keypoints=True --n_keypoints=5000 --use_status_txt --input_txt=/benchmark/point_clouds_registration_benchmark//tum/pioneer_slam_global.txt --input_pcd_dir=/benchmark/point_clouds_registration_benchmark//tum/pioneer_slam/ --input_features_dir=/benchmark/experiments/OverlapPredator/KITTI/features/tum/pioneer_slam/ --output_dir=/benchmark/experiments/OverlapPredator/KITTI/results/FastGlobal/
id;initial_error;final_error;transformation;status_code
1807261650030;4.242065528890624;0.07861032750712073;0.5272654782381028  0.6285610133385446  -0.5717535902547217  6.425698084502693  0.7700309879587036  -0.06899491944165105  0.6342649120632342  -5.378219841313281  0.35922610295145035  -0.77469397416145  -0.5203900972888049  1.5868354335541819  -0.0  0.0  -0.0  1.0;ok
1807261650061;7.372035540033227;7.372035540033227;1.0  0.0  0.0  0.0  0.0  1.0  0.0  0.0  0.0  0.0  1.0  0.0  0.0  0.0  0.0  1.0;runtime_error
1807261650092;12.102589230009645;0.13349412547435635;0.4400201996038221  -0.6594240113134336  0.609542613148509  7.175281541992505  0.8805960219898296  0.18391880244329373  -0.43672018520273675  -8.737919260810934  0.17587742889950486  0.7289265034357881  0.6616141493291808  11.29437320921227  0.0  0.0  0.0  1.0;ok
1807261650123;9.366919006451113;0.14834383450421;-0.7953172217923921  -0.19510349694597517  -0.5739382738586816  -4.56823810276374  0.46057852179228004  -0.8100609188877286  -0.362861864838963  -0.9871144228523819  -0.39412934676837985  -0.5529339320119746  0.7341158797122608  3.0795871497189076  0.0  0.0  -0.0  1.0;ok
1807261650154;4.484926530514292;4.484926530514292;1.0  0.0  0.0  0.0  0.0  1.0  0.0  0.0  0.0  0.0  1.0  0.0  0.0  0.0  0.0  1.0;runtime_error
1807261650185;4.785592360357215;8.065776369185734;1.0  -0.0  0.0  3.64765931570568  -0.0  1.0  -0.0  4.453330915157919  -0.0  0.0  1.0  -4.414480961897392  -0.0  0.0  -0.0  1.0;ok
1807261650216;5.7139193037879235;5.7139193037879235;1.0  0.0  0.0  0.0  0.0  1.0  0.0  0.0  0.0  0.0  1.0  0.0  0.0  0.0  0.0  1.0;runtime_error
1807261650247;12.652214164961155;2.9605374634850112;1.0  -0.0  0.0  -0.6891663631555174  -0.0  1.0  -0.0  -12.320153270601638  0.0  -0.0  1.0  -0.8813347077945044  -0.0  0.0  -0.0  1.0;ok
1807261650278;6.989420057286833;0.20317996524610524;-0.47624102570759974  0.6951474314146928  -0.5384835503806308  -5.098599497722414  -0.8666141651234095  -0.4747644267679896  0.15355333888625497  -7.182451863573815  -0.14891062500852179  0.5397858720578159  0.8285269084865945  3.7988025832093966  0.0  0.0  0.0  1.0;ok
1807261650309;8.352466281140485;8.352466281140485;1.0  0.0  0.0  0.0  0.0  1.0  0.0  0.0  0.0  0.0  1.0  0.0  0.0  0.0  0.0  1.0;runtime_error
1807261650340;10.036300996119001;0.08812317796840327;0.6802759239518414  0.5614012869614342  -0.4712252776427791  6.170144529791048  -0.7328736138701868  0.5306386743850395  -0.4258155273586687  8.350453800501928  0.010996971597767394  0.6350206234800037  0.7724169045086627  -12.958447682612716  0.0  0.0  0.0  1.0;ok
1807261650371;3.1812712757927435;0.08732298696978659;-0.09904489151617812  -0.9829542914710707  0.15489018801445475  2.30646491973144  -0.6182918046225083  0.18275279750929857  0.7644060827460544  4.7804747760545485  -0.7796828546282069  -0.020056816325887156  -0.6258533137386741  3.6606686686628738  0.0  0.0  -0.0  1.0;ok
1807261650402;12.640830633455;12.640830633455;1.0  0.0  0.0  0.0  0.0  1.0  0.0  0.0  0.0  0.0  1.0  0.0  0.0  0.0  0.0  1.0;runtime_error
1807261650433;17.72602606662104;17.72602606662104;1.0  0.0  0.0  0.0  0.0  1.0  0.0  0.0  0.0  0.0  1.0  0.0  0.0  0.0  0.0  1.0;runtime_error
1807261650464;13.516242316124647;13.516242316124647;1.0  0.0  0.0  0.0  0.0  1.0  0.0  0.0  0.0  0.0  1.0  0.0  0.0  0.0  0.0  1.0;runtime_error
1807261650495;7.578236265964046;0.11768737384181122;0.5510462771125401  -0.40388449908008356  0.730222782363876  -7.676263262199187  -0.8301591376138272  -0.3542067605522942  0.43055008653502513  5.542754964350895  0.08475734019350681  -0.843454137568772  -0.5304727241823495  -2.816327791786284  0.0  0.0  0.0  1.0;ok
1807261650526;15.116037694080763;15.116037694080763;1.0  0.0  0.0  0.0  0.0  1.0  0.0  0.0  0.0  0.0  1.0  0.0  0.0  0.0  0.0  1.0;runtime_error
1807261650557;24.456095870239103;24.456095870239103;1.0  0.0  0.0  0.0  0.0  1.0  0.0  0.0  0.0  0.0  1.0  0.0  0.0  0.0  0.0  1.0;runtime_error
1807261650588;6.853314294203077;6.853314294203077;1.0  0.0  0.0  0.0  0.0  1.0  0.0  0.0  0.0  0.0  1.0  0.0  0.0  0.0  0.0  1.0;runtime_error
1807261650619;35.588647047747834;35.588647047747834;1.0  0.0  0.0  0.0  0.0  1.0  0.0  0.0  0.0  0.0  1.0  0.0  0.0  0.0  0.0  1.0;runtime_error
1807261650650;3.7851067611784845;5.481210668760525;1.0  -0.0  -0.0  -1.1784246337463582  -0.0  1.0  0.0  1.773002863203959  -0.0  -0.0  1.0  -6.343734181295029  -0.0  0.0  -0.0  1.0;ok
1807261650681;15.599629407378206;15.599629407378206;1.0  0.0  0.0  0.0  0.0  1.0  0.0  0.0  0.0  0.0  1.0  0.0  0.0  0.0  0.0  1.0;runtime_error
1807261650712;15.285930710511307;15.285930710511307;1.0  0.0  0.0  0.0  0.0  1.0  0.0  0.0  0.0  0.0  1.0  0.0  0.0  0.0  0.0  1.0;runtime_error
1807261650743;12.892867624387561;12.892867624387561;1.0  0.0  0.0  0.0  0.0  1.0  0.0  0.0  0.0  0.0  1.0  0.0  0.0  0.0  0.0  1.0;runtime_error
1807261650774;8.730798497462562;8.730798497462562;1.0  0.0  0.0  0.0  0.0  1.0  0.0  0.0  0.0  0.0  1.0  0.0  0.0  0.0  0.0  1.0;runtime_error
1807261650805;27.065215252830498;27.065215252830498;1.0  0.0  0.0  0.0  0.0  1.0  0.0  0.0  0.0  0.0  1.0  0.0  0.0  0.0  0.0  1.0;runtime_error
1807261650836;7.792680035821759;7.792680035821759;1.0  0.0  0.0  0.0  0.0  1.0  0.0  0.0  0.0  0.0  1.0  0.0  0.0  0.0  0.0  1.0;runtime_error
1807261650867;39.325074377946905;39.325074377946905;1.0  0.0  0.0  0.0  0.0  1.0  0.0  0.0  0.0  0.0  1.0  0.0  0.0  0.0  0.0  1.0;runtime_error
1807261650898;3.285326842341318;3.285326842341318;1.0  0.0  0.0  0.0  0.0  1.0  0.0  0.0  0.0  0.0  1.0  0.0  0.0  0.0  0.0  1.0;runtime_error
1807261650929;12.554732005914778;12.554732005914778;1.0  0.0  0.0  0.0  0.0  1.0  0.0  0.0  0.0  0.0  1.0  0.0  0.0  0.0  0.0  1.0;runtime_error
1807261650960;16.500132258179224;16.500132258179224;1.0  0.0  0.0  0.0  0.0  1.0  0.0  0.0  0.0  0.0  1.0  0.0  0.0  0.0  0.0  1.0;runtime_error
1807261650991;6.090238403131256;6.090238403131256;1.0  0.0  0.0  0.0  0.0  1.0  0.0  0.0  0.0  0.0  1.0  0.0  0.0  0.0  0.0  1.0;runtime_error
1807261651022;18.00713753417378;18.00713753417378;1.0  0.0  0.0  0.0  0.0  1.0  0.0  0.0  0.0  0.0  1.0  0.0  0.0  0.0  0.0  1.0;runtime_error
1807261651053;17.655152207016677;17.655152207016677;1.0  0.0  0.0  0.0  0.0  1.0  0.0  0.0  0.0  0.0  1.0  0.0  0.0  0.0  0.0  1.0;runtime_error
1807261651084;7.048108031378534;7.048108031378534;1.0  0.0  0.0  0.0  0.0  1.0  0.0  0.0  0.0  0.0  1.0  0.0  0.0  0.0  0.0  1.0;runtime_error
1807261651115;29.330989838652297;29.330989838652297;1.0  0.0  0.0  0.0  0.0  1.0  0.0  0.0  0.0  0.0  1.0  0.0  0.0  0.0  0.0  1.0;runtime_error
1807261651146;12.978837113850958;12.978837113850958;1.0  0.0  0.0  0.0  0.0  1.0  0.0  0.0  0.0  0.0  1.0  0.0  0.0  0.0  0.0  1.0;runtime_error
1807261651177;4.659029665212119;4.659029665212119;1.0  0.0  0.0  0.0  0.0  1.0  0.0  0.0  0.0  0.0  1.0  0.0  0.0  0.0  0.0  1.0;runtime_error
1807261651208;13.18942876420926;6.249247431004168;1.0  -0.0  -0.0  -3.707542446685241  -0.0  1.0  0.0  8.963887595876518  -0.0  -0.0  1.0  -4.067193573786089  -0.0  0.0  -0.0  1.0;ok
1807261651239;14.502722552119096;6.472332761951892;1.0  0.0  0.0  -6.54356155288896  0.0  1.0  0.0  -3.735739358127893  0.0  0.0  1.0  -2.235474204653255  0.0  0.0  0.0  1.0;ok
1807261651270;5.3367863312056185;5.3367863312056185;1.0  0.0  0.0  0.0  0.0  1.0  0.0  0.0  0.0  0.0  1.0  0.0  0.0  0.0  0.0  1.0;runtime_error
1807261651301;18.499291020604566;18.499291020604566;1.0  0.0  0.0  0.0  0.0  1.0  0.0  0.0  0.0  0.0  1.0  0.0  0.0  0.0  0.0  1.0;runtime_error
1807261651332;12.390821196249583;12.390821196249583;1.0  0.0  0.0  0.0  0.0  1.0  0.0  0.0  0.0  0.0  1.0  0.0  0.0  0.0  0.0  1.0;runtime_error
1807261651363;14.174233102738592;14.174233102738592;1.0  0.0  0.0  0.0  0.0  1.0  0.0  0.0  0.0  0.0  1.0  0.0  0.0  0.0  0.0  1.0;runtime_error
1807261651394;15.37282925956283;15.37282925956283;1.0  0.0  0.0  0.0  0.0  1.0  0.0  0.0  0.0  0.0  1.0  0.0  0.0  0.0  0.0  1.0;runtime_error
1807261651425;13.890754583273365;0.27481400128377975;-0.029129665864281586  0.9320576368072666  -0.3611371266373623  7.50897363259118  -0.9195757891664085  0.11663686175534281  0.3752015597766644  -2.720045548347826  0.391831380246162  0.3430224542928924  0.8537000441052282  -10.629354045447084  -0.0  -0.0  -0.0  1.0;ok
1807261651456;9.3716141831985;9.3716141831985;1.0  0.0  0.0  0.0  0.0  1.0  0.0  0.0  0.0  0.0  1.0  0.0  0.0  0.0  0.0  1.0;runtime_error
1807261651487;17.785414458371655;17.785414458371655;1.0  0.0  0.0  0.0  0.0  1.0  0.0  0.0  0.0  0.0  1.0  0.0  0.0  0.0  0.0  1.0;runtime_error
1807261651518;16.45702919953805;3.1671765492478188;1.0  -0.0  0.0  -0.23916602562824218  -0.0  1.0  -0.0  -0.060556154465109646  0.0  -0.0  1.0  -12.538176048035853  -0.0  0.0  -0.0  1.0;ok
1807261651549;5.869275751550298;5.869275751550298;1.0  0.0  0.0  0.0  0.0  1.0  0.0  0.0  0.0  0.0  1.0  0.0  0.0  0.0  0.0  1.0;runtime_error
1807261651580;10.82780923860347;10.82780923860347;1.0  0.0  0.0  0.0  0.0  1.0  0.0  0.0  0.0  0.0  1.0  0.0  0.0  0.0  0.0  1.0;runtime_error
1807261651611;22.621753926741967;22.621753926741967;1.0  0.0  0.0  0.0  0.0  1.0  0.0  0.0  0.0  0.0  1.0  0.0  0.0  0.0  0.0  1.0;runtime_error
1807261651642;7.769711969705423;6.56161979031155;1.0  -0.0  0.0  0.8675111670053219  -0.0  1.0  -0.0  4.969891499943008  -0.0  0.0  1.0  -7.151027148574541  -0.0  0.0  -0.0  1.0;ok
1807261651673;8.158437860854828;8.158437860854828;1.0  0.0  0.0  0.0  0.0  1.0  0.0  0.0  0.0  0.0  1.0  0.0  0.0  0.0  0.0  1.0;runtime_error
1807261651704;36.66570801263619;36.66570801263619;1.0  0.0  0.0  0.0  0.0  1.0  0.0  0.0  0.0  0.0  1.0  0.0  0.0  0.0  0.0  1.0;runtime_error
1807261651735;13.857565236918324;13.857565236918324;1.0  0.0  0.0  0.0  0.0  1.0  0.0  0.0  0.0  0.0  1.0  0.0  0.0  0.0  0.0  1.0;runtime_error
1807261651766;22.45262214999514;22.45262214999514;1.0  0.0  0.0  0.0  0.0  1.0  0.0  0.0  0.0  0.0  1.0  0.0  0.0  0.0  0.0  1.0;runtime_error
1807261651797;21.051230087920704;21.051230087920704;1.0  0.0  0.0  0.0  0.0  1.0  0.0  0.0  0.0  0.0  1.0  0.0  0.0  0.0  0.0  1.0;runtime_error
1807261651828;3.434283833819833;3.434283833819833;1.0  0.0  0.0  0.0  0.0  1.0  0.0  0.0  0.0  0.0  1.0  0.0  0.0  0.0  0.0  1.0;runtime_error
1807261651859;30.81758641329856;30.81758641329856;1.0  0.0  0.0  0.0  0.0  1.0  0.0  0.0  0.0  0.0  1.0  0.0  0.0  0.0  0.0  1.0;runtime_error
1807261651890;5.456298175072451;5.456298175072451;1.0  0.0  0.0  0.0  0.0  1.0  0.0  0.0  0.0  0.0  1.0  0.0  0.0  0.0  0.0  1.0;runtime_error
1807261651921;13.250946855243232;13.250946855243232;1.0  0.0  0.0  0.0  0.0  1.0  0.0  0.0  0.0  0.0  1.0  0.0  0.0  0.0  0.0  1.0;runtime_error
1807261651952;9.163995689044379;9.163995689044379;1.0  0.0  0.0  0.0  0.0  1.0  0.0  0.0  0.0  0.0  1.0  0.0  0.0  0.0  0.0  1.0;runtime_error
1807261651983;6.588263075805257;6.588263075805257;1.0  0.0  0.0  0.0  0.0  1.0  0.0  0.0  0.0  0.0  1.0  0.0  0.0  0.0  0.0  1.0;runtime_error
1807261652014;17.758751011909293;17.758751011909293;1.0  0.0  0.0  0.0  0.0  1.0  0.0  0.0  0.0  0.0  1.0  0.0  0.0  0.0  0.0  1.0;runtime_error
1807261652045;29.809431639619387;29.809431639619387;1.0  0.0  0.0  0.0  0.0  1.0  0.0  0.0  0.0  0.0  1.0  0.0  0.0  0.0  0.0  1.0;runtime_error
1807261652076;4.484716985902588;4.484716985902588;1.0  0.0  0.0  0.0  0.0  1.0  0.0  0.0  0.0  0.0  1.0  0.0  0.0  0.0  0.0  1.0;runtime_error
1807261652107;29.336704611392904;29.336704611392904;1.0  0.0  0.0  0.0  0.0  1.0  0.0  0.0  0.0  0.0  1.0  0.0  0.0  0.0  0.0  1.0;runtime_error
1807261652138;8.336172594373753;8.336172594373753;1.0  0.0  0.0  0.0  0.0  1.0  0.0  0.0  0.0  0.0  1.0  0.0  0.0  0.0  0.0  1.0;runtime_error
1807261652169;11.016264409904746;11.016264409904746;1.0  0.0  0.0  0.0  0.0  1.0  0.0  0.0  0.0  0.0  1.0  0.0  0.0  0.0  0.0  1.0;runtime_error
1807261652200;7.691976379282801;7.691976379282801;1.0  0.0  0.0  0.0  0.0  1.0  0.0  0.0  0.0  0.0  1.0  0.0  0.0  0.0  0.0  1.0;runtime_error
1807261652231;30.250277525569288;30.250277525569288;1.0  0.0  0.0  0.0  0.0  1.0  0.0  0.0  0.0  0.0  1.0  0.0  0.0  0.0  0.0  1.0;runtime_error
1807261652262;34.4089756725358;34.4089756725358;1.0  0.0  0.0  0.0  0.0  1.0  0.0  0.0  0.0  0.0  1.0  0.0  0.0  0.0  0.0  1.0;runtime_error
1807261652293;40.84770933151314;40.84770933151314;1.0  0.0  0.0  0.0  0.0  1.0  0.0  0.0  0.0  0.0  1.0  0.0  0.0  0.0  0.0  1.0;runtime_error
1807261652324;17.8904122783438;17.8904122783438;1.0  0.0  0.0  0.0  0.0  1.0  0.0  0.0  0.0  0.0  1.0  0.0  0.0  0.0  0.0  1.0;runtime_error
1807261652355;3.608779537763446;3.608779537763446;1.0  0.0  0.0  0.0  0.0  1.0  0.0  0.0  0.0  0.0  1.0  0.0  0.0  0.0  0.0  1.0;runtime_error
1807261652386;28.030315095757214;28.030315095757214;1.0  0.0  0.0  0.0  0.0  1.0  0.0  0.0  0.0  0.0  1.0  0.0  0.0  0.0  0.0  1.0;runtime_error
1807261652417;16.760798496759268;16.760798496759268;1.0  0.0  0.0  0.0  0.0  1.0  0.0  0.0  0.0  0.0  1.0  0.0  0.0  0.0  0.0  1.0;runtime_error
1807261652448;11.541073086658493;11.541073086658493;1.0  0.0  0.0  0.0  0.0  1.0  0.0  0.0  0.0  0.0  1.0  0.0  0.0  0.0  0.0  1.0;runtime_error
1807261652479;17.131314427617824;17.131314427617824;1.0  0.0  0.0  0.0  0.0  1.0  0.0  0.0  0.0  0.0  1.0  0.0  0.0  0.0  0.0  1.0;runtime_error
1807261652510;16.88386035870282;16.88386035870282;1.0  0.0  0.0  0.0  0.0  1.0  0.0  0.0  0.0  0.0  1.0  0.0  0.0  0.0  0.0  1.0;runtime_error
1807261652541;12.460236884144733;7.335561563587212;1.0  -0.0  0.0  4.351179396846337  -0.0  1.0  -0.0  4.754416318990764  -0.0  -0.0  1.0  10.609617651839908  -0.0  0.0  -0.0  1.0;ok
1807261652572;42.08124229642907;42.08124229642907;1.0  0.0  0.0  0.0  0.0  1.0  0.0  0.0  0.0  0.0  1.0  0.0  0.0  0.0  0.0  1.0;runtime_error
1807261652603;27.455101979184786;27.455101979184786;1.0  0.0  0.0  0.0  0.0  1.0  0.0  0.0  0.0  0.0  1.0  0.0  0.0  0.0  0.0  1.0;runtime_error
1807261652634;28.71491398766282;28.71491398766282;1.0  0.0  0.0  0.0  0.0  1.0  0.0  0.0  0.0  0.0  1.0  0.0  0.0  0.0  0.0  1.0;runtime_error
1807261652665;10.293881191059828;10.293881191059828;1.0  0.0  0.0  0.0  0.0  1.0  0.0  0.0  0.0  0.0  1.0  0.0  0.0  0.0  0.0  1.0;runtime_error
1807261652696;33.77779932650991;33.77779932650991;1.0  0.0  0.0  0.0  0.0  1.0  0.0  0.0  0.0  0.0  1.0  0.0  0.0  0.0  0.0  1.0;runtime_error
1807261652727;26.404805354969792;26.404805354969792;1.0  0.0  0.0  0.0  0.0  1.0  0.0  0.0  0.0  0.0  1.0  0.0  0.0  0.0  0.0  1.0;runtime_error
1807261652758;11.706876263611738;11.706876263611738;1.0  0.0  0.0  0.0  0.0  1.0  0.0  0.0  0.0  0.0  1.0  0.0  0.0  0.0  0.0  1.0;runtime_error
1807261652789;37.4807323049303;37.4807323049303;1.0  0.0  0.0  0.0  0.0  1.0  0.0  0.0  0.0  0.0  1.0  0.0  0.0  0.0  0.0  1.0;runtime_error
1807261652820;24.622197736499775;24.622197736499775;1.0  0.0  0.0  0.0  0.0  1.0  0.0  0.0  0.0  0.0  1.0  0.0  0.0  0.0  0.0  1.0;runtime_error
1807261652851;31.035011037167635;31.035011037167635;1.0  0.0  0.0  0.0  0.0  1.0  0.0  0.0  0.0  0.0  1.0  0.0  0.0  0.0  0.0  1.0;runtime_error
1807261652882;15.670251551388807;15.670251551388807;1.0  0.0  0.0  0.0  0.0  1.0  0.0  0.0  0.0  0.0  1.0  0.0  0.0  0.0  0.0  1.0;runtime_error
1807261652913;15.719459525657804;15.719459525657804;1.0  0.0  0.0  0.0  0.0  1.0  0.0  0.0  0.0  0.0  1.0  0.0  0.0  0.0  0.0  1.0;runtime_error
1807261652944;19.564049308117394;19.564049308117394;1.0  0.0  0.0  0.0  0.0  1.0  0.0  0.0  0.0  0.0  1.0  0.0  0.0  0.0  0.0  1.0;runtime_error
1807261652975;27.89646367782606;27.89646367782606;1.0  0.0  0.0  0.0  0.0  1.0  0.0  0.0  0.0  0.0  1.0  0.0  0.0  0.0  0.0  1.0;runtime_error
1807261653006;6.365423988371116;6.365423988371116;1.0  0.0  0.0  0.0  0.0  1.0  0.0  0.0  0.0  0.0  1.0  0.0  0.0  0.0  0.0  1.0;runtime_error
1807261653037;10.197467142422473;10.197467142422473;1.0  0.0  0.0  0.0  0.0  1.0  0.0  0.0  0.0  0.0  1.0  0.0  0.0  0.0  0.0  1.0;runtime_error
1807261653068;11.981883041146329;11.981883041146329;1.0  0.0  0.0  0.0  0.0  1.0  0.0  0.0  0.0  0.0  1.0  0.0  0.0  0.0  0.0  1.0;runtime_error
1807261653099;8.993075075233714;8.993075075233714;1.0  0.0  0.0  0.0  0.0  1.0  0.0  0.0  0.0  0.0  1.0  0.0  0.0  0.0  0.0  1.0;runtime_error
