# registration_from_features.py FastGlobal FastGlobal_config.json euclidean True --use_random_keypoints=True --n_keypoints=5000 --use_status_txt --input_txt=/benchmark/point_clouds_registration_benchmark//eth/plain_global.txt --input_pcd_dir=/benchmark/point_clouds_registration_benchmark//eth/plain/ --input_features_dir=/benchmark/experiments/OverlapPredator/KITTI/features/eth/plain/ --output_dir=/benchmark/experiments/OverlapPredator/KITTI/results/FastGlobal/
id;initial_error;final_error;transformation;status_code
4215528470030;7.9427285406441825;0.11213046639700865;0.5908378994835005  0.6780842229088132  0.4371640003203311  -0.5857878143150111  -0.5499056695195931  0.7349600111853792  -0.3967839923542737  5.312072179168077  -0.5903510236834799  -0.0059639416947387044  0.8071245878024836  11.608650960856693  0.0  0.0  0.0  1.0;ok
4215528470061;8.5731783167614;1.3143031652766264;0.5227043129552494  0.8425082081995979  0.13023102677275536  -0.07893949172002832  -0.8521611285312064  0.5207506678956929  0.05138241826355214  12.48175881135683  -0.024527785028466698  -0.13783563038087826  0.9901513655795781  6.520157445685589  0.0  -0.0  -0.0  1.0;ok
4215528470092;7.21989676751356;0.14043394947232515;0.7720782906337021  0.24536447778782267  -0.5862519818065007  -1.306423092165953  0.29699653525170155  0.676237766597599  0.6741628446270054  -3.598920503196519  0.5618613451561018  -0.694621304069346  0.4492360991198004  6.603603103826891  -0.0  -0.0  -0.0  1.0;ok
4215528470123;3.699125908164359;0.10467433915519121;0.8655953650407667  -0.398542951741162  0.3031636185913215  -1.5957611740404805  0.2968305100573595  -0.0792069878483634  -0.951639585859624  2.4546956771683908  0.40328192659605977  0.9137230262467023  0.049738506084711594  -4.216106610025401  -0.0  0.0  -0.0  1.0;ok
4215528470154;6.304867582126328;0.07428666429426475;-0.7807676058933446  0.2782487772646844  -0.5594457646084079  3.9073025789394262  -0.5919377568889579  -0.6160381798547582  0.5197178589682174  -3.6834605489059453  -0.20002909177629083  0.7369359394899577  0.6456886118952448  -0.03587687085165628  0.0  0.0  -0.0  1.0;ok
4215528470185;10.45878331764484;0.9874170451935759;0.8032604511262339  0.5424020704768906  0.24611509827489159  4.0233939026391425  0.22107283255585458  -0.6551830548921839  0.7224001434716617  7.542116372596053  0.5530817754746667  -0.5258661032283108  -0.6461929983474463  -4.575295889049196  -0.0  0.0  -0.0  1.0;ok
4215528470216;5.914600834043442;0.5052193660208609;0.8420157789662377  0.4006821585204535  0.36119694879008735  -6.489437673441117  0.1029899638292395  -0.7766470307964062  0.6214599399040762  -0.2961485980546072  0.5295304479652994  -0.4860794147035192  -0.6952152956308961  -1.6277340225613082  -0.0  0.0  -0.0  1.0;ok
4215528470247;6.661053221913973;4.05068186081407;-0.28486782553197537  -0.9466469964432084  -0.15069766455302075  24.481263447817437  -0.9434266618909755  0.3047132289474352  -0.13075160319353363  18.47049196078023  0.16969518440408135  0.10492526973746098  -0.9798950107846168  6.100956974100828  0.0  0.0  0.0  1.0;ok
4215528470278;5.936222330533173;2.1220124421250217;-0.7776688455788694  0.44628379244082333  0.442788824633895  20.005101296785913  -0.5887318278846039  -0.2699310086566742  -0.7619265616850771  14.064340698495796  -0.2205130414548826  -0.8532104237350986  0.47265840876693427  4.440745533988844  0.0  0.0  0.0  1.0;ok
4215528470309;13.3828056546087;0.9574040165374574;0.9992544937710118  0.02591264158836155  0.028618030756023677  -5.271912810651452  0.0335215802995294  -0.9500770483684527  -0.31020945475228584  7.277234574769773  0.019150987772482968  0.31093751328748026  -0.9502373927066526  -5.347580167756486  -0.0  0.0  0.0  1.0;ok
4215528470340;6.643852363898183;0.3185159350253622;-0.9827336383792097  0.17956037219004786  -0.044639318284818916  23.876190156273367  0.1634325476681125  0.9555092052414745  0.24554421406645993  -0.39264296415479083  0.08674329000373485  0.23400904135903974  -0.9683570468590359  1.74169996021945  0.0  0.0  0.0  1.0;ok
4215528470371;8.616592423121881;0.1391879165339674;0.18869127666041127  0.8509630092468115  -0.490160748128482  2.388122078210714  0.40279644009729226  -0.5222739877178397  -0.751654780865694  4.162172502002485  -0.8956286227880463  -0.05560430421212836  -0.4413134162880988  11.689664526805245  0.0  0.0  0.0  1.0;ok
4215528470402;8.051064745866395;0.23582535840961916;-0.8824333168584978  0.22614352275291305  0.41251733104806054  18.098577184580712  -0.3928268432126815  0.12825860827114796  -0.9106244015267262  3.7365933413172354  -0.2588407088339694  -0.9656131919776424  -0.024344422956341708  10.351434476562389  0.0  0.0  0.0  1.0;ok
4215528470433;3.035557231842426;0.352771530228431;0.8574989573603591  0.2974124227956595  -0.41981113478886295  0.7181394228798736  0.007922427397449671  -0.8235185318107449  -0.5672340459708045  11.032535359780214  -0.5144247012634886  0.4830766797632574  -0.7085225107213448  2.6804721132741194  -0.0  -0.0  0.0  1.0;ok
4215528470464;11.371431429449434;1.8354383303454844;-0.7905958821420493  0.2113551409833499  -0.5747061471047128  37.17052564455303  0.3056761597693529  -0.6770167048611836  -0.6694852251450853  4.319652964423791  -0.5305848061231091  -0.7049662301974564  0.4706403911613293  13.166805193527985  0.0  0.0  -0.0  1.0;ok
4215528470495;6.926527848736154;0.17698988027595247;-0.7650863388027292  0.5939204393920438  -0.24879993137015574  10.578640415360004  -0.6319622346552224  -0.7666962991158283  0.11313937816546328  14.247811658852138  -0.12355819740919637  0.24379355322578175  0.9619241525497416  2.2046359317520694  0.0  0.0  0.0  1.0;ok
4215528470526;13.514784535064075;0.23574109638361584;-0.9837771080720696  0.16949154418094203  0.058781103124362306  22.248431994807177  -0.17900959349089174  -0.9489394230794876  -0.25974898799378315  15.558332728863451  0.011754449012304918  -0.26605748960840914  0.9638854937966899  -7.636241864830644  0.0  0.0  -0.0  1.0;ok
4215528470557;10.446360986706342;0.10540034072638668;0.02511356743432405  0.07660132112168816  -0.9967454772072624  -1.733688188398513  -0.9827045884681291  -0.18109599474325888  -0.0386772865081961  13.831176313731127  -0.18346934494462377  0.9804776786293303  0.0707285032729325  -2.6866448344294867  -0.0  -0.0  -0.0  1.0;ok
4215528470588;3.580277951137834;0.25583871815128956;0.5284128802326135  -0.5526820617361076  0.644455092802749  5.318901036588719  0.6978672578598786  0.7150516252979608  0.0410178444811316  -2.487680003583564  -0.4834884883959562  0.4280697510848795  0.7635412037308278  3.510543344334234  0.0  0.0  0.0  1.0;ok
4215528470619;3.9070449392142814;0.3961033347854483;0.8286481793842174  0.0360352967424655  0.5586086753639837  3.131235923860418  0.49610374785609956  0.41494264034655387  -0.7626950088897665  -1.894547919204026  -0.25927449964536237  0.9091336879749387  0.32596421770300826  1.3866834423446681  0.0  0.0  0.0  1.0;ok
4215528470650;5.1845358049870764;1.0186583939684264;0.6618470778781167  0.6029165588956336  -0.44547734904666947  5.4601179788049174  -0.6883263024718358  0.253390102329295  -0.6797060816021882  16.145773276283478  -0.29692650071970683  0.7564952604286413  0.5827088244735541  0.9897410891578482  0.0  0.0  0.0  1.0;ok
4215528470681;3.380804448922173;0.13883743241039298;0.5145433679417121  0.5203923501813698  -0.6814960927106698  -0.07041212123867355  -0.5372255607348886  -0.4238021914792061  -0.7292327470639994  4.192044458843308  -0.6683066806491497  0.7413389942328223  0.06150346518354357  -0.3823024556523528  0.0  0.0  0.0  1.0;ok
4215528470712;10.187008660188404;2.634261813469279;0.1635223648837772  -0.864517594819591  0.47525757693083215  11.3024832366944  -0.4577231312718487  -0.49323718864124094  -0.7397341487588477  19.892927315842872  0.87392789821673  -0.09657330888311745  -0.47636501207567233  -7.500637207048687  0.0  0.0  0.0  1.0;ok
4215528470743;11.416465271917176;6.506861920402314;0.6389744740503408  -0.5713458833100883  0.5150490298376522  9.033489269308198  0.7692026427853756  0.48001422867020155  -0.421798096968377  -9.180172353826139  -0.006238256493944912  0.6656952920809688  0.7461976026878866  -5.012457351779078  -0.0  -0.0  -0.0  1.0;ok
4215528470774;8.6384432610346;0.4095071993354637;-0.20476836528904965  -0.9786827512941865  -0.015811037160534214  19.127737036296498  0.9778157722594072  -0.20380553694525783  -0.04836960441427563  -3.6640485835195613  0.04411612060901067  -0.02536484633693918  0.9987043568908243  -5.711220319053229  0.0  0.0  0.0  1.0;ok
4215528470805;4.364926864890053;1.7308623137177048;-0.9768486908655877  -0.18009147345589924  0.11547162570376854  34.43186879666513  0.157222541835875  -0.9703870001879789  -0.18338522897125636  -0.7844613297544101  0.1450782805689904  -0.1609848783415907  0.9762357099863168  -4.3377372883431065  -0.0  0.0  -0.0  1.0;ok
4215528470836;7.998596834151955;0.11959585509453916;0.5904057301274228  -0.4873215833453641  -0.6433807179566958  3.4830382043700063  0.8057138639303161  0.40267454072130504  0.434371251034604  2.007999728500408  0.047394549298265545  -0.7748360398565975  0.6303831121121191  8.089279994331726  0.0  0.0  0.0  1.0;ok
4215528470867;4.496746515697113;0.5962052323249025;0.6279813867010718  0.7154159047114822  -0.3062996265796767  5.173851453358367  -0.7764642756693504  0.6024729356240974  -0.18474195638715465  14.73403693085208  0.05236990133913722  0.3538452276438551  0.9338366818172206  1.46782195748242  -0.0  0.0  -0.0  1.0;ok
4215528470898;3.0735426127890535;0.1120327930343526;-0.8018797436288699  0.24398311013911284  0.5453999621603784  6.281623079727393  0.5253429010494874  0.7227336666096796  0.4490778144885769  -2.895446515288414  -0.2846115125475533  0.6466284011051272  -0.7077202821804818  1.8713178890725952  0.0  0.0  0.0  1.0;ok
4215528470929;7.751781789465057;0.27283711184245596;0.6004255778686204  0.7928432922532325  -0.10434864335576757  -1.0197106059209067  0.5672967291632661  -0.5142706295901773  -0.6431952585502965  -4.5946897555031985  -0.5636164888661375  0.3269942407290676  -0.7585586463868348  -2.5067773621370577  0.0  0.0  0.0  1.0;ok
4215528470960;7.051327912203398;0.14361876029296344;-0.4974794436180271  -0.020980495978580604  -0.8672220142304918  19.79633304168003  -0.18170686839515124  0.9800501295347555  0.08052550885859094  0.23106523506470078  0.8482315822672051  0.1976399817531883  -0.49136709338037077  -4.107932149587756  0.0  0.0  0.0  1.0;ok
4215528470991;7.811575106800094;0.33032611222626385;-0.9393688958555334  0.060813091834135365  -0.3374727327662612  17.19586504911191  -0.23079267884588828  -0.8400021530776056  0.4910510383006289  9.177195938110746  -0.2536154902412191  0.5391643076897434  0.8031071114260827  -1.7903214901676938  0.0  0.0  0.0  1.0;ok
4215528471022;6.397326685010671;0.45977028462598957;-0.2495129973345348  -0.5241071032695998  -0.8142818974185078  25.688495254572906  0.9579463343133159  -0.010535066949318736  -0.2867539588916818  -12.729434766445802  0.14171127244088685  -0.8515871985103595  0.5046951144963288  4.820480246599082  -0.0  0.0  -0.0  1.0;ok
4215528471053;4.989390319330123;0.3413616622588516;-0.10712647049025496  0.026604278558500335  0.9938893961013373  10.937218374805283  -0.5395034748213831  -0.8412290545531437  -0.03563254735881716  12.984951638612754  0.8351406587970404  -0.5400239718179243  0.10447100021555927  -9.357636231087637  0.0  0.0  0.0  1.0;ok
4215528471084;7.283065117516562;0.09771641652227137;0.6526907156656931  0.3244935614921107  -0.684615774163852  3.03477207201967  -0.5503892206249371  0.8240628255152398  -0.13413487773026797  1.391964384732595  0.5206405050547641  0.46435373171107963  0.7164559137464872  5.556582383714061  -0.0  0.0  -0.0  1.0;ok
4215528471115;13.751336068378958;2.6023224690904607;-0.19149385562457932  -0.9601542526854182  -0.2035532222985884  13.928876667155832  0.8746081720948409  -0.2610459431153049  0.408553008663455  -5.546465516026211  -0.44541065160473364  -0.09979392082259621  0.8897474500125855  12.532000880274863  0.0  0.0  0.0  1.0;ok
4215528471146;11.525962444638278;0.6740272223558332;-0.6826749859201706  -0.7204272905014082  -0.12222676752533285  28.539922803749096  0.35649173532632655  -0.47437119629248825  0.8049134181836318  -7.724036596882835  -0.6378624508802164  0.5059214239670345  0.5806677247172003  7.009602294794499  0.0  0.0  0.0  1.0;ok
4215528471177;6.697705102568167;2.514056317647194;-0.4882034128836935  0.1429233591355321  -0.8609473509234635  23.267616955656084  0.1302035854125903  0.9873866941217454  0.09008075608607352  0.018375561299035337  0.8629626028944836  -0.06812069938534203  -0.5006546877048419  -13.990965755954624  0.0  0.0  0.0  1.0;ok
4215528471208;6.121585792418238;1.9253274746959494;-0.3140658537527392  0.6337526635565073  -0.7069089056884152  21.604389627693305  -0.9323636599163476  -0.3463125665081257  0.10375746694068473  18.386670455166726  -0.17905486637887014  0.6916828519730588  0.6996529047409571  5.363589930864762  0.0  0.0  -0.0  1.0;ok
4215528471239;7.5967337800512365;0.3617562009551409;-0.5132885957303444  -0.07100972908116765  -0.8552733106259024  7.380930312826968  -0.15559504284728898  0.9877554827297897  0.011370531148095818  -4.871429170867018  0.8439934834668579  0.1389126513786936  -0.5180523864942814  -8.5454086463062  0.0  0.0  0.0  1.0;ok
4215528471270;4.659737430181631;0.7954982261033082;-0.7589660218845535  -0.3225430575818456  0.5656293429716062  29.100072338002267  0.6479652985585402  -0.4596788940788415  0.6073189328535669  -13.135697035670301  0.06412136530579599  0.8274426205751112  0.5578773701873143  0.21407181421060192  -0.0  0.0  -0.0  1.0;ok
4215528471301;12.269791784026703;1.2205944512049764;-0.6898903724712351  -0.7029241657405374  0.1730574794381025  21.86448865866819  0.6852585381014097  -0.7111899438874474  -0.15693820335561337  -11.411380446063148  0.23339239475745027  0.010318959799298042  0.9723278814978223  -0.9839946255632616  0.0  0.0  0.0  1.0;ok
4215528471332;10.27674754914434;0.7355520011856977;0.6855219661466596  -0.7267336129241985  -0.043793718460087276  9.162189557004282  0.6432409350609919  0.5763926360822111  0.5039966552786438  -11.531069786409647  -0.34102893336530815  -0.3736706904700202  0.8625946218771469  11.251904735221421  0.0  0.0  0.0  1.0;ok
4215528471363;7.251183878607266;1.060209302338719;0.5037262510029932  -0.6796755757610125  -0.5331988144814332  7.469907388205144  0.39803783831566675  0.7304142281759332  -0.5550323725217718  -6.363377869655453  0.7666979479035143  0.06735107268702253  0.638465417770177  -8.892257778518795  0.0  0.0  0.0  1.0;ok
4215528471394;7.752494131188369;1.1471376925704777;-0.6505641676174487  0.06183079734309902  0.7569301264397745  17.40663966926163  0.7593320848634094  0.07061592217468853  0.646860244900246  -6.655260528278828  -0.013455434188613674  0.9955854277937857  -0.09289029688541708  -3.5110897008154334  0.0  0.0  0.0  1.0;ok
4215528471425;6.845520635125362;0.161068133364893;0.49007485396946804  0.871223226255181  -0.028226362505943937  2.9003911143748153  -0.6779746378926034  0.3606169843899716  -0.6405511540414842  9.684592967258842  -0.5478841372783093  0.33305477117584703  0.7673965673078079  -0.9910826452384236  0.0  0.0  0.0  1.0;ok
4215528471456;8.696136189115853;0.20383799474403347;-0.33589766340082605  -0.9342180106710205  -0.12003944459946392  22.913022902867546  0.7979357329111417  -0.3499541854190129  0.490744978834501  -13.11974229556812  -0.5004711039265153  0.06905632951147687  0.8629947262231544  6.371543497571864  0.0  0.0  0.0  1.0;ok
4215528471487;4.397592397978111;0.8757037083622012;-0.26088471826282544  0.9615013635787826  0.08633823957591243  20.934996328219455  -0.9230431172669925  -0.22225434412407838  -0.3139974684356685  18.49051591590822  -0.28271994525140937  -0.16161105888557428  0.9454899778437228  4.05302361571869  0.0  0.0  0.0  1.0;ok
4215528471518;4.316883413942118;1.4322801441247615;0.04650426042236007  0.13711125355172837  0.9894634191884215  10.732593324367656  -0.9427700039400407  0.3334383414060833  -0.0018952971422817185  18.15668800675517  -0.3301849079432104  -0.9327482922149118  0.1447706805147351  8.331627417523158  0.0  0.0  0.0  1.0;ok
4215528471549;1.9026528424683027;0.04239297369837531;0.6263174252482611  -0.7595740842832088  0.17542432361481317  1.968024000964279  0.6293259297497454  0.6254484775922147  0.46126248061402075  -0.14668858411665184  -0.460081902464125  -0.17849765366218687  0.8697489469163417  0.39642657685921157  0.0  -0.0  -0.0  1.0;ok
4215528471580;8.32112714146523;1.3844763379911724;-0.327161295179958  0.9366028182253088  0.12546173850454034  16.020061310247225  -0.93878487255192  -0.337306958781294  0.07004982958858029  18.229889021149198  0.10792798526724766  -0.0948639892167919  0.9896223388475175  -4.44826416889471  0.0  0.0  0.0  1.0;ok
4215528471611;14.49435390175508;2.2049104058954887;0.14474131805645604  0.0434190142774269  0.9885164338777869  19.395561139936405  -0.7864129563647715  0.6113579201879887  0.0882958407006535  13.552624654783028  -0.600503632719152  -0.7901621875429069  0.12263402655261872  18.744647863211167  0.0  -0.0  -0.0  1.0;ok
4215528471642;10.551955767567739;0.23289170556850725;0.6717366922626367  0.3737143609668381  0.6396150347476202  0.47808490131901304  -0.33723438417155255  0.923036119538381  -0.1851412762188992  -1.1473896632783693  -0.6595777334025805  -0.0913339938614132  0.7460665621543685  13.180367856264285  0.0  -0.0  -0.0  1.0;ok
4215528471673;5.301269378770812;0.15719038633855792;-0.893024194073825  -0.20383054227372374  0.4011993255667235  29.860527110883318  0.3268153983469385  -0.9066373210506612  0.2668341497661221  -4.092113574600904  0.3093533322951695  0.369407468947878  0.8762640228169791  -7.436334872018984  0.0  0.0  0.0  1.0;ok
4215528471704;14.231622672185328;1.0437478941509535;0.0793660223728396  -0.9304963520107788  0.35759973907617276  8.116590737940596  -0.3180387033816897  -0.3636198477777066  -0.8755752334627845  6.389693644146503  0.9447499233363335  -0.0442396337773046  -0.3247929142688341  -13.061560069701247  0.0  0.0  0.0  1.0;ok
4215528471735;9.260585039119485;0.21519522547637712;0.7801564269733148  -0.18833426924747984  -0.5965619435391851  8.39320733903522  0.6110954502753805  0.43347675799888563  0.6623143143006237  -5.52496279197195  0.1338592548349267  -0.881265058482289  0.4532698937644599  -2.560454439086196  -0.0  -0.0  -0.0  1.0;ok
4215528471766;10.023762998931376;0.5443283339949115;0.23822701081630265  -0.940974294401943  0.2404480579923564  -0.931361674425966  0.9637602136311965  0.2596451239331999  0.061242634163320604  2.319208878146809  -0.12005891028606952  0.21714462206667554  0.9687280687419153  -2.468395795851479  0.0  0.0  0.0  1.0;ok
4215528471797;16.49642327605817;2.52314577767629;-0.4022213485589914  0.9121628511297937  -0.07859338255954695  23.63959805827185  -0.913341153325848  -0.40572232758929005  -0.03460246431886999  10.473275140896675  -0.06345017261439224  0.05786472080891585  0.9963060522153371  -5.183308605665697  -0.0  -0.0  -0.0  1.0;ok
4215528471828;6.120378490255965;0.09748218506092499;0.9899007268515427  0.13884171565450007  0.028627416455239824  -1.776394891238174  -0.04825318548130234  0.5198828854052869  -0.8528736222639204  1.6274958662340777  -0.13329734082004  0.8428788545554973  0.5213320011983892  1.5507712844878119  -0.0  -0.0  -0.0  1.0;ok
4215528471859;3.3560635566366703;0.17881853409293616;-0.4842299848602949  -0.794560897328042  0.3663254047966851  5.436497555621674  -0.8053955072011418  0.24120665357654564  -0.5414401418906987  2.7085765541372453  0.34184703997901417  -0.557218386907379  -0.7567352711152855  2.137471059328713  0.0  0.0  0.0  1.0;ok
4215528471890;6.397138347400414;0.613441131135773;0.5590245613522536  0.5867098571240704  -0.5858865789198219  3.3760671109244482  -0.8053395213380891  0.5523322571676825  -0.2153075313661603  6.924563367986663  0.1972810056134605  0.592199815303504  0.7812679332845017  -6.81793124069015  0.0  0.0  0.0  1.0;ok
4215528471921;4.826841366204702;1.302356400495707;0.395260036100025  -0.04646095044855989  0.917393527307459  -1.5249703788193674  -0.7155812372045212  -0.6417742529582147  0.27580663733995037  7.281833879194082  0.5759453071456119  -0.7654849367057067  -0.28691429879600927  -2.1776207176875464  0.0  0.0  0.0  1.0;ok
4215528471952;10.627445185868936;1.331948800189903;0.5807689666057128  -0.44592828163945936  0.6810692880036591  3.0375685920826863  0.7989972670369141  0.4724816460698749  -0.3719737375066207  -3.866697237400075  -0.15591912870227226  0.760203302913885  0.630698155652562  -3.8110307447951532  0.0  0.0  0.0  1.0;ok
4215528471983;2.5890048286559675;0.31217902160559147;0.4635549129113938  -0.7986400500520486  -0.3837849829899168  6.793678941484847  0.1102044248550995  -0.37780369806438086  0.9193037313484784  4.06628946182016  -0.8791881638523498  -0.4684425644427908  -0.08711909297160236  8.075416989337251  0.0  0.0  0.0  1.0;ok
4215528472014;9.471090222260203;0.46005048838671675;0.46221667842925895  0.8773007968641572  0.12922481961039117  -1.7763638985682662  -0.8586576795194357  0.47918738888017043  -0.18189677221023218  6.742308835765226  -0.2215010870946692  -0.026884161874959525  0.974789469709311  -7.617624624087969  0.0  0.0  0.0  1.0;ok
4215528472045;3.9958979372442767;1.0009642688282996;-0.7085615919046858  0.6820409540044038  0.18099891584830075  6.4176935316879655  -0.602537941850655  -0.7182848567644302  0.3478719493912657  8.091201925745024  0.36727169657880404  0.13742998800722636  0.9199046142337047  -0.1791906041462087  0.0  0.0  0.0  1.0;ok
4215528472076;8.69484171943448;0.3510175023373557;-0.02605444408362452  0.511818911387499  0.8586981820695841  3.655219955309568  -0.9891784787987202  0.11086776974269028  -0.09609513366311398  3.42995502260423  -0.14438525902924867  -0.8519094667735521  0.5033916540792662  -6.0220023829841605  0.0  0.0  0.0  1.0;ok
4215528472107;10.315265354533507;0.699588153064133;-0.49131741758232905  0.07827549208597534  -0.8674561329075553  21.216196102555244  0.6101631842517811  -0.6797855999944671  -0.40693049360288697  5.44289233244843  -0.621536872408997  -0.7292218355060829  0.28622968199888243  17.405138773649693  0.0  0.0  -0.0  1.0;ok
4215528472138;6.670306263270432;0.36442406637964353;0.37087904395153437  -0.8776746038153057  0.3035391648127798  6.597356503339933  0.2513976996347071  -0.21976180723651403  -0.9426048719895933  -3.6336226938258482  0.8940066730041626  0.42590144153053205  0.13914032746203153  -3.473460368699568  0.0  0.0  0.0  1.0;ok
4215528472169;13.267182160692693;1.7621289326726535;0.5738659595723218  0.5995341652176644  0.557885871107074  2.832549878407002  0.6464999724470033  -0.7498139766245334  0.14077210691230466  -2.1408731511588965  0.5027083111210364  0.27988888008504764  -0.8178915384906319  3.5565930944903035  0.0  0.0  0.0  1.0;ok
4215528472200;8.200847505154186;0.3581798084490067;-0.03588733068909811  -0.9551975731950058  0.2937851181703812  11.866940758541261  0.24555893056969888  0.27653319358277517  0.9291018267468734  -1.4514920486766278  -0.9687171471144078  0.10548454393552162  0.22463325639191967  -1.0825684494219172  0.0  0.0  0.0  1.0;ok
4215528472231;10.278644612899345;0.13864212234608458;0.6710584796890516  -0.6133853386968303  -0.4164600138178857  2.8555425413894406  -0.5893348824224689  -0.10048750697581471  -0.8016150306112534  16.033437029834815  0.44984987851228087  0.7833649770149039  -0.42892237011949585  -0.04847675108668904  0.0  0.0  0.0  1.0;ok
4215528472262;4.061839555975304;3.339985913629205;-0.8223027848702014  0.5483947467073294  -0.15192541518296943  25.814683415905197  -0.4028408446247895  -0.7495599696328603  -0.5252419497964472  14.670828303312934  -0.4019171356096916  -0.37070615547599267  0.8372810534077019  6.204374806650831  0.0  0.0  0.0  1.0;ok
4215528472293;4.76530520571006;0.7463044883009409;0.9095005885697066  0.20395073341956313  0.36223304339744977  -2.936197126620456  -0.20927136274956362  -0.5282743614867659  0.8228801223317342  7.082865874326562  0.3591854341761328  -0.8242149582077312  -0.43778479478201404  3.206910253670405  -0.0  0.0  -0.0  1.0;ok
4215528472324;7.620481991712362;5.106924351217999;-0.805240630642006  -0.32511856557324975  0.4958683747556969  12.356199128651417  -0.255175943290463  0.9448830700363938  0.20513708081285856  -2.0055933100530097  -0.5352315057328808  0.03865103204561267  -0.8438206758504572  10.889644711051407  0.0  0.0  0.0  1.0;ok
4215528472355;4.274579483987271;1.0510461073028012;0.4244875672258547  0.34711475657011664  0.8362545372325004  1.3715397189047707  0.9050377932835942  -0.13535196123601617  -0.40322008793948366  -2.6922847275133615  -0.02677495096235883  0.9280038751863225  -0.37160719804671477  0.7331032745508249  0.0  0.0  0.0  1.0;ok
4215528472386;6.98607721477994;0.26423875075349507;0.4646160649916278  -0.859883268892475  0.21150100716187686  5.650345443687013  0.8781376371823637  0.41665067577922493  -0.23510955858171606  -5.800842855903249  0.11404473821912989  0.29496267264097625  0.9486784594545316  4.5376049310944575  0.0  0.0  0.0  1.0;ok
4215528472417;3.9350110134314358;0.09984619002202046;-0.6695526895786941  -0.5416239922120852  -0.5082741848040088  1.4202211100284  0.4214615757337651  -0.8405085693565921  0.3404636324457383  1.9837129292763618  -0.6116120797187944  0.013740301975483794  0.7910384744395648  3.8573441378476843  0.0  0.0  -0.0  1.0;ok
4215528472448;8.44720383204338;0.374831579270557;0.45640895003379484  -0.6886986343649072  -0.5633693826903977  6.701163336566296  0.8573217664877827  0.5098165107318967  0.07131980153800632  -4.2268074847513954  0.23809716301399952  -0.5155398300898432  0.823121148164485  -7.187806942662775  0.0  0.0  0.0  1.0;ok
4215528472479;4.6646235313045;0.428526907017226;-0.8091654325060819  0.5205338574904238  0.27257257023292797  6.304540609981613  0.5873358860462148  0.7299300093110801  0.34962657002784275  2.0994796011740697  -0.016966431550327756  0.44299738680184825  -0.8963623460895609  -0.8130698875102298  0.0  0.0  0.0  1.0;ok
4215528472510;4.403148072732226;0.25465496317703695;-0.9975022580626658  0.0687390050308624  0.016254056332169975  9.175833810110195  -0.06811856587076222  -0.9970253721534805  0.03605923274176921  5.213546374676676  0.018684382344431018  0.03486196307699213  0.9992174625109524  -3.6713301408821226  0.0  0.0  0.0  1.0;ok
4215528472541;10.318454924319978;1.1416706799365346;-0.4486465693944313  0.8663912387355294  -0.21927716983973267  15.779253308934953  -0.8895043040951499  -0.45665937656451355  0.015630316436735993  19.783225657526973  -0.08659300645439148  0.20206047421013637  0.9755373985630511  6.063095384373956  0.0  0.0  0.0  1.0;ok
4215528472572;7.24244761931414;0.542718410215161;0.9233950991144335  0.3707350817773801  -0.0994836170983153  4.203818056087687  0.0021000008630137445  0.2542895257768097  0.9671258589638589  2.1505734038037247  0.38384512622647754  -0.8932481940758262  0.23403115786675746  5.243429966262907  0.0  0.0  0.0  1.0;ok
4215528472603;5.1560174420135;0.4210950306626566;-0.11577680666364434  0.9809243543214258  0.1561510234928477  3.0183686268384275  -0.9535806286631184  -0.15376642856796657  0.2589205864428381  11.799050828049989  0.2779922942766935  -0.11892559247086924  0.9531930485364617  -5.776886076011271  0.0  0.0  -0.0  1.0;ok
4215528472634;2.054122432201142;0.22236616004476617;-0.8291813212590179  -0.03153027473057806  -0.5580897582383715  1.7198395188467661  -0.5578711156171859  -0.0161704217250195  0.8297700499664183  0.3745550155742469  -0.03518742438977525  0.9993719824152814  -0.004181617888396664  -0.6351398700425511  0.0  0.0  0.0  1.0;ok
4215528472665;3.1616134532515607;0.30549694974092084;-0.11298754741216516  -0.8105562056776737  0.5746585521570154  0.11793483844454838  -0.00412169319791711  0.5787395306934914  0.8155020338772059  0.23345034896461309  -0.993587855086286  0.08977300847186712  -0.0687312241629961  3.9756459423652077  -0.0  -0.0  0.0  1.0;ok
4215528472696;6.874583370600295;0.48570443720551687;-0.013165900074043958  -0.9981457267227893  0.05942867405784618  21.04674945512843  0.9997214007129245  -0.011975675740203454  0.02033971846303058  -13.804493941856702  -0.01959030453643159  0.05967990797244033  0.9980253145850421  0.7377038509397791  -0.0  -0.0  -0.0  1.0;ok
4215528472727;10.234961895922138;0.05062615858413812;0.8307455977653049  0.3014545946294443  -0.46796033931345465  2.9768557769772985  -0.07584104244208432  -0.7715347982751333  -0.6316503711166866  8.479194499857416  -0.5514615925654877  0.5602313650870927  -0.6180865064841563  7.937336132239037  -0.0  -0.0  0.0  1.0;ok
4215528472758;6.7270965623001775;0.1485191842905606;-0.5502303631312272  -0.8345629283613741  -0.027409233724511244  9.850345409242841  0.8204543650657976  -0.5464485068053332  0.1680733894901281  -1.3650791030792824  -0.15524555495394057  0.06999105667946531  0.9853933578281997  -5.308238938418658  0.0  0.0  0.0  1.0;ok
4215528472789;6.2551636084248825;0.08402100970626665;-0.468429351379562  0.8601872853097438  -0.20162285822191908  1.496421158433524  0.28170841523233503  0.36171688366598537  0.8887076374479146  4.236460553738668  0.8373854020422189  0.3594978863114784  -0.41176080214630684  -5.815323981072608  0.0  -0.0  0.0  1.0;ok
4215528472820;11.132084316276776;0.6973129908344805;0.0034152148137836136  0.99276491335764  0.12002567689362885  22.664678573470255  -0.9740640122369634  -0.023853139998642636  0.22501183919304232  19.524496807649335  0.22624684831529926  -0.11768115617295394  0.966935111116145  -0.2416157779826718  0.0  0.0  -0.0  1.0;ok
4215528472851;7.769777714220737;0.06638376006637782;-0.075928673200838  -0.9400696528267394  -0.33242124544043855  4.030123830473726  0.9958566476254509  -0.0882267336971485  0.022035898922691394  1.4105249648350784  -0.050043720546727635  -0.3293707505158045  0.9428735518289273  7.261278000121153  -0.0  0.0  -0.0  1.0;ok
4215528472882;7.042666088122157;1.8987217792152196;0.8924730541313587  0.28539080078034323  0.3493478760195903  1.5489140526534457  -0.4263280687936753  0.28051345476119616  0.8599747551274954  7.554990781796057  0.1474321044009741  -0.9164411015051062  0.37202080864382736  -0.7115776106173002  0.0  0.0  0.0  1.0;ok
4215528472913;11.695730771155905;1.5380418871237322;-0.05668445270367181  0.4328934616828117  -0.8996611160064425  4.8780437903365375  0.7833027914277506  -0.5394481015833781  -0.30892148296870414  4.917103072638474  -0.619050571248569  -0.7222181086973394  -0.30850833652668  16.151868524052095  0.0  -0.0  0.0  1.0;ok
4215528472944;6.966974866703557;0.8550364775319487;0.7296405908100204  -0.39860209618957476  -0.555644650073841  6.418985934452017  0.30740655251065635  0.9170071209803852  -0.254163631436087  -0.33479571240549216  0.6108402571179457  0.014639295903257046  0.7916185137422823  -8.35088576924983  0.0  0.0  0.0  1.0;ok
4215528472975;4.140007954611918;0.6520950639261516;-0.7619299594538951  0.573680194119739  -0.3005890413194143  15.463400508178694  0.5467452731188694  0.3209505797326916  -0.7733436051920399  -1.0027236923094327  -0.34717768247506836  -0.753579299240622  -0.5581987966193166  11.921261813187595  0.0  -0.0  0.0  1.0;ok
4215528473006;2.4517018405060282;0.19267375483733853;0.11626681874228259  -0.9815035852716558  0.15209450666751614  8.395405543801656  0.9433436647755105  0.061210261782303994  -0.32612272840213336  -2.408738448606608  0.31078088259649994  0.18139464146282747  0.9330119115322769  -1.9469772028750683  0.0  0.0  0.0  1.0;ok
4215528473037;9.53731782294903;1.6503456275828332;-0.7861933500878692  -0.05701073502335941  0.615345262734434  22.219996251444385  -0.10851234052136627  0.9930003713091858  -0.04664048171270267  3.408514905069859  -0.6083790662343569  -0.10344099125547059  -0.7868766568502945  18.873731258410206  0.0  0.0  0.0  1.0;ok
4215528473068;7.896574012257276;0.7543190481367656;0.46626876362739694  -0.8845899339180544  -0.00969994207350256  2.833676919462735  0.7862026502119382  0.40933208887721145  0.4629607259964309  -4.9030222161645876  -0.4055599004649027  -0.2234902454834882  0.8863257173909759  -3.9050403569775765  0.0  0.0  0.0  1.0;ok
4215528473099;4.933808374600305;0.1140317156327201;0.3931699989041122  0.6916004920157122  0.605892821714671  2.8717123816648598  -0.8728227186905673  0.48794660259441347  0.009413541000902219  1.7616608268206595  -0.28913293430418235  -0.5325381417891073  0.795490586896198  5.534125099542014  0.0  -0.0  -0.0  1.0;ok
