# evaluate_problem.py --input_txt=/benchmark/point_clouds_registration_benchmark//eth/wood_autumn_global.txt --input_pcd_dir=/benchmark/point_clouds_registration_benchmark//eth/wood_autumn/ --roreg_dir=./data/YOHO_FCGF/Testset//wood_autumn/problems/ --results_dir=/benchmark/experiments/RoReg/results/
id;initial_error;final_error;transformation;status_code
26875431820030;2.0535532931381004;0.0362221798485346;-0.8451396552582443  -0.27772823160641114  -0.45673405005402434  9.36935548061448  0.52351043635628  -0.2573178211161933  -0.8122341792624047  -1.1739099903190948  0.10805455166735659  -0.9255563560933446  0.36286312234667206  3.6654144166802975  0.0  0.0  0.0  1.0;ok
26875431820061;1.6463845109934325;0.11735918110922991;0.4574845021170473  -0.5368406392092746  -0.7088794385620839  0.24020856736309515  -0.841482785281816  -0.0036846554365756426  -0.5402713627323504  2.316136604999412  0.28742764723852643  0.8436756197779399  -0.4534278290921652  -0.7741555954005266  0.0  0.0  0.0  1.0;ok
26875431820092;3.1454983955145077;0.07381633891469956;-0.15755424012008007  -0.010013698033968566  -0.9874595623476783  -1.094551083768628  -0.9581327322222708  -0.2405392787198025  0.1553142711963179  4.713958512437875  -0.23907808110420825  0.9705877504093288  0.028303531420795672  2.4178533091630867  0.0  0.0  0.0  1.0;ok
26875431820123;5.022952331012622;0.1557306368368733;-0.6421696483823265  0.6214665883494144  -0.44877324147263864  1.334740650394048  0.21459532799961215  0.7077725181110948  0.6730578784973992  -6.449898232084019  0.7359123506894408  0.3359127002243593  -0.5878738554577175  1.5552247492016218  0.0  0.0  0.0  1.0;ok
26875431820154;4.903977989894696;0.10147204575377214;-0.9029868639322678  -0.39548723094857235  0.16794217374560333  19.912605732852292  0.16188702997029342  -0.6752156131739714  -0.7196363423657082  8.01342016025005  0.39800416215558065  -0.6226345042500678  0.6737350822275074  -3.7900265312680315  0.0  0.0  0.0  1.0;ok
26875431820185;2.5184903604714353;3.9872021876932724;0.48466149211676074  -0.7525195046461326  -0.445889709666297  8.401850776789747  -0.7730166501881103  -0.12994042976407166  -0.6209353776720095  6.9562764811378885  -0.40932688232158404  -0.6456236363701899  0.6446872292585176  2.3210798895717724  0.0  0.0  0.0  1.0;ok
26875431820216;3.040176925026691;0.1701720365025394;0.4667610711270578  0.19543351901877412  0.8625194734753876  2.460086538965804  0.26091327278148485  0.9014378418496379  -0.3454476535857801  -2.3032372278136664  -0.845019743299987  0.3862842954682541  0.36976489355780917  5.556217212081685  0.0  0.0  0.0  1.0;ok
26875431820247;4.293952946805166;0.07689531126922951;-0.8529661472599844  0.49912056326141846  -0.15273314950613015  7.683335486391165  -0.5219453590907938  -0.8129834212150386  0.2581298102759016  0.5915689815405196  0.0046683778810296065  0.2998943483280315  0.9539609982011137  -7.644442194539204  0.0  0.0  0.0  1.0;ok
26875431820278;1.9928622542605958;1.2329775029141226;0.4381174959932492  0.8865709649010088  0.14847553299820054  -4.878534273777127  0.8860577335836075  -0.45375709503566175  0.09490095606198307  7.656958365899807  -0.15150825872303553  -0.08998012502376213  0.9843519820874146  5.3479646352353605  0.0  0.0  0.0  1.0;ok
26875431820309;3.3178555720271423;12.03952364946129;1.0  0.0  0.0  14.77591859989861  0.0  1.0  0.0  -10.929471573760916  0.0  0.0  1.0  16.010456527069906  0.0  0.0  0.0  1.0;ok
26875431820340;3.1987335091215683;0.04970913909759639;0.6025728100478261  0.714992610419246  -0.3545300771964734  4.137605268533141  -0.08769545218026403  0.5008691148903804  0.8610688923749515  -5.586602080759139  0.7932310610773917  -0.48776602669189584  0.3645117103019278  -4.9428484177207865  0.0  0.0  0.0  1.0;ok
26875431820371;3.526575961675101;2.1075483010898335;1.0  0.0  0.0  3.7932045088275457  0.0  1.0  0.0  1.3908450501629002  0.0  0.0  1.0  -8.84621272585268  0.0  0.0  0.0  1.0;ok
26875431820402;5.0883567835047625;0.0279702571961016;0.537747577515484  -0.8420608176435642  0.04196572727453117  -0.9603790435059469  0.722232098902957  0.4857615046394757  0.4923581581781923  -3.4296383783585576  -0.43498084807317405  -0.23445541153883487  0.8693804241008061  -6.856403972729291  0.0  0.0  0.0  1.0;ok
26875431820433;1.6687229373662258;0.027366014733038416;-0.6895581683570988  -0.6067418312220904  -0.3954413770677867  15.229501560780335  0.6764624158850128  -0.7346066124210522  -0.0524568859376745  13.569815109796519  -0.2586660633848498  -0.30367330345707116  0.9169920350910655  5.979040527315066  0.0  0.0  0.0  1.0;ok
26875431820464;4.589458464667151;0.044523392472194806;-0.6189993563776254  0.18220777844304292  0.7639634299355812  0.3994344070237963  0.1718216555730137  -0.9177367810533718  0.35810126972400536  1.1450968047004695  0.7663661758456168  0.3529299168059393  0.5367712346457455  -9.326042519175664  0.0  0.0  0.0  1.0;ok
26875431820495;2.0354250718670475;0.029358288904246826;-0.29192692084897914  0.821003136604567  0.49064500666887  4.527501789843898  -0.868980989770188  -0.44198108952852405  0.22254158244517408  13.34082678564641  0.3995631518316697  -0.3613953045968367  0.8424622967906052  -0.9935347481286665  0.0  0.0  0.0  1.0;ok
26875431820526;3.855140063669406;0.015730340816746968;-0.15178040683795624  0.9738362086374834  -0.16913233530781774  5.261903347842427  -0.3039855957253532  -0.20881269317384255  -0.9295106329467072  -6.611343140463058  -0.9405080891154558  -0.08966770832389057  0.32772585554443945  6.282578364657445  0.0  0.0  0.0  1.0;ok
26875431820557;2.7573624115491;4.253608043237293;1.0  0.0  0.0  -9.443922586101428  0.0  1.0  0.0  -2.945852888894788  0.0  0.0  1.0  7.4325368157184055  0.0  0.0  0.0  1.0;ok
26875431820588;1.5947841889661274;0.04719344133677398;0.45074651977728547  -0.8406415849659762  0.3002487311123169  9.99814813358666  0.823508217523868  0.26180446595261514  -0.5032818666293541  0.9060160344277159  0.3444732073461248  0.474109847222305  0.8102827051020626  -3.5003609131007964  0.0  0.0  0.0  1.0;ok
26875431820619;3.5884439472599823;0.02121259138141821;-0.8124841134909566  -0.06383512412514203  -0.5794779048874443  4.859432929203654  -0.1317169772120691  -0.9481843249848697  0.28913167202349666  7.924904619152341  -0.5679086222614775  0.31124196821912586  0.7619765311216316  1.3710982883168283  0.0  0.0  0.0  1.0;ok
26875431820650;3.205971749881819;0.04334184210592502;-0.5239750228729184  0.6275780764197806  -0.5758436709755284  6.813639765427911  0.40928909006834624  0.7784331358219077  0.4759456836714634  -1.4537584587804773  0.7469488711795139  0.013697118372831805  -0.6647403799920167  -8.196961216210902  0.0  0.0  0.0  1.0;ok
26875431820681;1.5831696178308692;0.08270074624267344;0.8212037366623087  0.3780244286572474  0.4274598861065481  0.29990699574049917  -0.3730145457047823  -0.21127677676034093  0.9034502046568007  2.1686289634557254  0.4318385943665944  -0.9013654391755442  -0.03249266802466711  1.550958863525357  0.0  0.0  0.0  1.0;ok
26875431820712;2.1253878571825364;0.061840698103786645;0.11857562495421933  -0.9469993545645992  0.29854990139162396  5.4457906675148084  0.7242381866931636  -0.12320526768064492  -0.6784537647851466  0.31737703649565874  0.6792781978704415  0.2966693183832341  0.6712439537365772  -0.31460802470158056  0.0  0.0  0.0  1.0;ok
26875431820743;1.561008803030443;0.050642798047538864;0.5460871864374838  0.5721610476454437  0.6118991096300607  -1.3339045090944648  -0.579759534959449  0.7853701645720043  -0.21696217694277323  3.9074302832432157  -0.6047046108906361  -0.23627407847119405  0.7605964063879034  1.49356283905024  0.0  0.0  0.0  1.0;ok
26875431820774;3.330059369423353;0.07801746668366429;0.6194467839058047  -0.18425164235016275  -0.7631100931058521  4.849291725491518  0.32164453468905546  -0.8271637745833279  0.46080894448971127  -4.453256714737856  -0.7161218298679463  -0.530896809472734  -0.45312040615961646  5.634972721694526  0.0  0.0  0.0  1.0;ok
26875431820805;4.120916915159846;0.017500510844244654;0.9460218084284611  0.12269580971151015  0.2999807931467974  -6.162910658020257  -0.30572023624212685  0.6451082021198643  0.7002646247739032  6.394494828326347  -0.10760053498846005  -0.7541758056560245  0.6477970199323889  -0.36856218874899094  0.0  0.0  0.0  1.0;ok
26875431820836;1.4675689642071517;0.058354617292976356;-0.9901790757659422  -0.0858791494631137  0.11031849166298396  11.257270062998984  0.07159702601779498  0.36626345520139153  0.9277526325747316  6.096653658324045  -0.12008023892677301  0.9265397201801066  -0.35651771785965813  -8.891506866003274  0.0  0.0  0.0  1.0;ok
26875431820867;3.4095493357026116;0.14336038801065093;-0.7721303705008499  -0.5242156113858454  0.35918335669903206  13.361094416200132  0.5106949633841571  -0.8482585628176956  -0.14017155553289287  3.089652221357602  0.3781604756241374  0.07520241609031789  0.9226804708510441  -7.41765814193469  0.0  0.0  0.0  1.0;ok
26875431820898;2.851643886467438;0.13393412709937033;-0.8190959216869145  0.5569218837335506  0.13754957831464829  5.5430567621843565  -0.5662506651360125  -0.8233394763279303  -0.038370443743499474  5.171050547839172  0.09188065796938837  -0.10931661419346515  0.9897513943169717  -1.743286872679229  0.0  0.0  0.0  1.0;ok
26875431820929;4.31324373702403;0.1266452023743943;-0.3316020083891126  0.2922911673456233  -0.8969983174588674  -1.4297178557388976  0.8294016504928513  -0.36278601631084156  -0.42482844599796304  2.0424780403803156  -0.449592048630802  -0.8848458509034454  -0.12212620499678181  3.9742273913070196  0.0  0.0  0.0  1.0;ok
26875431820960;2.970607835457532;0.17116329531204846;0.8473535055217307  -0.5291007999699163  0.04521482225143374  7.396775386075519  0.07814213281038715  0.20845587645227856  0.9749051003314921  2.0475819017473373  -0.5252483638812006  -0.8225560716715347  0.21798088263977422  11.868589218430934  0.0  0.0  0.0  1.0;ok
26875431820991;2.9933660743599426;0.25161438310604156;0.45671504645148375  0.26325146390835236  0.8497705767411154  -0.9548664831037783  -0.8766048436716413  -0.029579961149120385  0.4803009202050666  5.019131010165246  0.15157610100618008  -0.9642736606630535  0.2172578950354581  4.4664709156665205  0.0  0.0  0.0  1.0;ok
26875431821022;1.6564090311300348;0.04610505349630282;-0.858601355018641  -0.2119362868077717  -0.4667833796251622  11.740678402932339  0.49737120813534874  -0.5649860950593302  -0.6583407884276913  8.254461651528315  -0.12419981673955136  -0.7974169064697239  0.590508833801932  4.8425527657258005  0.0  0.0  0.0  1.0;ok
26875431821053;1.9984878364331895;0.02823822037655176;-0.7190189001402975  -0.6946556328461467  -0.021572505560463397  17.54124157198148  0.6949828700487067  -0.7188101534768445  -0.017628771864665847  12.560745771356878  -0.003260610356846725  -0.027667941985509113  0.999611851373515  0.7877580253314145  0.0  0.0  0.0  1.0;ok
26875431821084;2.6465098846802793;0.0828235455046575;0.7285937771728216  -0.3848025519269016  0.5666375419045085  1.2770710936655099  0.2766969255740262  0.9221210813573577  0.27042840585673983  2.749543042751467  -0.6265699635658589  -0.04024558791818645  0.7783253647480576  3.5408731945325855  0.0  0.0  0.0  1.0;ok
26875431821115;1.5027097041887814;0.07345482053653245;0.9851137784758903  -0.15240568942198193  0.07951948999310776  2.071306739095167  0.0519859762202605  -0.1768007656993853  -0.9828728033293714  7.356396198106847  0.16385451392433484  0.9723754393648171  -0.16624591178942827  -6.186272965028576  0.0  0.0  0.0  1.0;ok
26875431821146;3.393986024931287;0.11465047782173522;0.2155555311582723  0.5938541058273046  -0.7751600570070203  6.1060812307596155  0.8099244753574919  -0.5521748204940189  -0.19780119268925356  -0.7698081212505078  -0.5454889157480357  -0.5851839613356226  -0.6000013118248839  6.024868319835014  0.0  0.0  0.0  1.0;ok
26875431821177;4.551379335696718;0.0311919802726539;-0.4425917886974289  -0.14948324492985066  -0.8841760390684954  6.510746514658663  -0.4054078258697795  -0.8461312615694474  0.3459861022041704  8.847223790025755  -0.7998481126446131  0.511582493523907  0.31388907119986287  -5.301955315286284  0.0  0.0  0.0  1.0;ok
26875431821208;2.543233512385254;7.220108594913562;1.0  0.0  0.0  2.048728558101006  0.0  1.0  0.0  11.079308654258053  0.0  0.0  1.0  4.60041409824941  0.0  0.0  0.0  1.0;ok
26875431821239;2.0144217666675788;0.08591522578285647;-0.9581939643770362  0.25734002267645373  0.12506174219281307  11.336064948858633  0.1570418075304507  0.8383947539127811  -0.5219502919810435  0.16986983423300384  -0.23916980854403042  -0.4804896974342013  -0.8437579352756347  5.520926122928022  0.0  0.0  0.0  1.0;ok
26875431821270;2.8934216940175648;0.16509408778842435;-0.30717611504035375  0.9481485455173576  -0.08159148228850314  8.784197554158418  -0.030309130291522816  0.07594591223710155  0.9966511802207664  2.2352899482230315  0.9511699064676552  0.30862040445795874  0.005408787527614714  -0.3108990735642787  0.0  0.0  0.0  1.0;ok
26875431821301;2.825654895817324;0.12268044146026623;0.09328347381663808  0.34587525062555075  0.9336318891926368  4.519185688354764  -0.3503052339090052  0.8891648485291636  -0.29440128266715593  -1.5273905023837642  -0.931978774762954  -0.29959336298526684  0.20410629644016476  1.0011719097868284  0.0  0.0  0.0  1.0;ok
26875431821332;1.8548674114736086;12.64078289977925;1.0  0.0  0.0  17.249429529302244  0.0  1.0  0.0  9.150262903454202  0.0  0.0  1.0  6.783993089448718  0.0  0.0  0.0  1.0;ok
26875431821363;4.467403769838114;0.031958333672309935;-0.5633734681622676  -0.4958562739296555  0.6608607198006364  10.31312541146777  0.717313690944184  0.10334833407178459  0.6890429526732116  2.2763363380432677  -0.409965125534903  0.8622329600805015  0.2974607846354982  7.882854435024452  0.0  0.0  0.0  1.0;ok
26875431821394;5.784727726475906;0.11304595961880134;-0.19738845268572439  0.9016580909781019  -0.38477329132888155  4.426053915943413  0.6992637185106164  -0.14558657547782575  -0.6998819907779774  9.859651513647474  -0.6870720855347279  -0.4072066257004719  -0.6017596806571495  16.72841159502071  0.0  0.0  0.0  1.0;ok
26875431821425;1.4999174095934686;0.0178344682050721;-0.6671201856291066  -0.7442692093545669  0.03184339700651584  17.20705392613356  -0.23221016873214076  0.16714361214335322  -0.9581969789438198  11.87713280100305  0.7078340875258676  -0.646626907054138  -0.2843317562461538  4.774514048505303  0.0  0.0  0.0  1.0;ok
26875431821456;2.5138223759986826;0.12348451698978927;-0.15831564821150124  0.9771059097556715  0.14212739585285372  -3.610140787964842  0.1505180826785417  -0.11837801014538706  0.9814942452713589  6.325948601918457  0.9758485857540339  0.17677864077585867  -0.12833101670014127  -5.109885180669467  0.0  0.0  0.0  1.0;ok
26875431821487;2.043897772459036;0.06395976117084701;-0.1016934732850877  -0.9901114055530661  0.09663251049697325  7.90995979788721  -0.8822849432423224  0.13464003321234747  0.4510491551754306  7.50429190577905  -0.45959951742697364  -0.03938865382709114  -0.8872523978725457  4.479300166616371  0.0  0.0  0.0  1.0;ok
26875431821518;1.5491762003112224;0.07152085870096221;-0.09605304828486891  -0.8717237238677515  0.48049095845949613  14.461857165811708  0.7555941129923115  -0.3780941833664687  -0.5349040333702912  8.906063978952902  0.6479593724351452  0.3116769766129405  0.6949864127613362  -4.671430483529041  0.0  0.0  0.0  1.0;ok
26875431821549;1.5883996969544905;0.15754434337454867;0.040074759145650174  0.5928135973132601  0.8043419997239543  3.5161463873672734  0.4138128910525957  0.7228625465169265  -0.5533792822664728  -3.050419753854605  -0.9094794691899925  0.35502362975381696  -0.216345366112412  5.934876717625957  0.0  0.0  0.0  1.0;ok
26875431821580;4.425160905918537;0.008038419391316255;-0.41270132583652586  -0.6255315707703544  0.6621086539400814  3.257745504778894  0.8804003058189835  -0.08751343262145875  0.46608658060992186  -11.403170765220134  -0.23360846980923788  0.7752752111865712  0.5868350958770311  -2.6362949615437827  0.0  0.0  0.0  1.0;ok
26875431821611;3.353273937562721;0.13937773134421677;0.6127472164575393  -0.19441270525677404  0.7659925252626689  0.8570231986566794  0.6953106491754973  0.5933078997924932  -0.4056215442835464  -6.149369417088409  -0.3756114346857481  0.7811462321989163  0.4987249884001714  2.387199793694154  0.0  0.0  0.0  1.0;ok
26875431821642;1.3671223414634766;0.0754110150753604;0.6010708036336113  0.41492705765315574  -0.6830442341799968  1.318641632540472  -0.6643749058225049  0.7344579627223223  -0.13848279859647722  2.821826759654074  0.44420701652785877  0.5370354157977573  0.7171283627401362  0.2894300378129584  0.0  0.0  0.0  1.0;ok
26875431821673;4.231146946497156;0.04042999473351503;0.18034189627133  -0.8985141724124044  -0.40018630964003943  10.300709249784683  0.9769256765744487  0.11629175448937888  0.17914365823923872  6.943916907504863  -0.11442474775509023  -0.42325938833277493  0.8987538413210532  11.560979149456294  0.0  0.0  0.0  1.0;ok
26875431821704;5.916097515817769;0.050995473968554084;-0.46019547954647017  -0.6045814307701914  0.6501549155184949  0.9553836574268555  0.6750440685457928  0.23737420930436523  0.6985477723665505  -9.998017247544853  -0.5766590206752483  0.760351746446995  0.2988805707115602  -3.021913721244246  0.0  0.0  0.0  1.0;ok
26875431821735;2.456523073906334;0.20599758560802306;-0.8813556730340345  -0.2789886404435054  0.38128403600754973  5.342585630046791  -0.03832548324022776  0.8465892524434917  0.5308651382239865  -2.31800040562749  -0.47089631018423267  0.45326810625793423  -0.7568386148342459  5.735867708791655  0.0  0.0  0.0  1.0;ok
26875431821766;3.6833967010897686;0.07609405668225734;-0.3394997023756635  -0.21467714306926197  0.9157803646783739  -2.2463775871182694  0.8763133036836056  -0.42596182953893474  0.22501447411881834  -2.3193401927022324  0.3417820151411727  0.8789028638134383  0.33273835082024433  2.5406436548568716  0.0  0.0  0.0  1.0;ok
26875431821797;3.7834060321852396;0.04302746459714468;-0.39646261457937604  -0.7129396227425852  -0.5783895655737094  13.999889482329795  -0.5826106511373226  0.6822845677862887  -0.4416475945162863  6.551010976577988  0.7094943441791696  0.1618791613653125  -0.6858665414593665  -10.65525783268339  0.0  0.0  0.0  1.0;ok
26875431821828;3.309200691813214;0.09904961173224522;0.386435740912149  0.9198029287026012  0.06804403350622626  -2.383894169926629  -0.8665266889749113  0.3368021014016749  0.3683691650852348  16.136248606207406  0.31590966341638793  -0.20131298229755104  0.9271861559140165  2.3802868491350146  0.0  0.0  0.0  1.0;ok
26875431821859;1.3587079118313974;0.08920411811270848;-0.00684458954590311  0.8824245414613776  0.47040416688271824  4.972959060778751  0.7164897037280403  -0.32382474533520855  0.6178835155272325  -3.1747142659173146  0.6975640874110802  0.3412689012131983  -0.6300316508073889  -2.6689082832516102  0.0  0.0  0.0  1.0;ok
26875431821890;5.99180136419761;0.5858011835058888;-0.34618417798417156  -0.9272898770139683  -0.14244296718631858  5.5937805131098015  0.9367497650003865  -0.34999510346523177  0.0018180544772174916  -10.219821820437739  -0.05154020455085384  -0.13280403434301574  0.9898013415716689  5.582478177642961  0.0  0.0  0.0  1.0;ok
26875431821921;1.334025833505696;0.09767401252247492;0.6063707792557769  0.6565634216014822  0.44859664675485117  0.3831500374650523  -0.7329115076454757  0.6803055334103553  -0.005010306586261692  -1.04594728243793  -0.3084723650922038  -0.32574354118878107  0.8937202836168683  1.3719981862095885  0.0  0.0  0.0  1.0;ok
26875431821952;1.5331962113685564;0.3503851982765035;-0.7765700691260919  0.5479853572485033  0.3108874008040964  6.103721412511662  0.4703118818684784  0.1758720264180933  0.8647981059744081  -1.1019147363616073  0.4192203018829445  0.8177903634580344  -0.3943009763167587  0.1208014171533125  0.0  0.0  0.0  1.0;ok
26875431821983;5.104278779962253;0.057518540619676546;-0.8651690582694118  -0.459375485063058  0.20113842083575187  14.703921108978314  0.47724551377745866  -0.8774076205118745  0.04891407820842576  25.842420455905955  0.1540104548156052  0.1383113559718452  0.978340814142352  4.529385164842198  0.0  0.0  0.0  1.0;ok
26875431822014;4.051816939242429;0.10639394297876144;0.46029114111988323  0.16887519385783767  -0.8715579351403057  -2.029492526728049  0.25917520435605823  0.9134107414197319  0.3138614836294058  -1.577404919220743  0.8490937986191816  -0.3703538664014911  0.3766666096004731  4.1582641425019355  0.0  0.0  0.0  1.0;ok
26875431822045;4.351333545702148;4.437334077106958;1.0  0.0  0.0  -11.851397821634986  0.0  1.0  0.0  2.766733188973631  0.0  0.0  1.0  -9.983820874325763  0.0  0.0  0.0  1.0;ok
26875431822076;1.1412009696094776;0.10965793184277658;0.8547562314912986  -0.45793172621233014  -0.24431602250976037  2.126458431620646  0.5024425078410876  0.6119870715166856  0.6107563758249184  -4.363039900512641  -0.1301664743363384  -0.644802573214954  0.7531841279091194  1.6337420783579173  0.0  0.0  0.0  1.0;ok
26875431822107;1.4325003679545003;0.5673267053597549;0.6327293210153285  0.5744360707966492  -0.5193041564393527  0.33452006281209234  -0.011618635844607055  -0.663494606114278  -0.7480908467281026  -0.1513685858094006  -0.7742858733236657  0.47937261939431464  -0.413138328101427  0.2925849924261168  0.0  0.0  0.0  1.0;ok
26875431822138;4.104686773760169;9.254707858190033;1.0  0.0  0.0  -17.66756307030665  0.0  1.0  0.0  1.4667630887364655  0.0  0.0  1.0  6.100925596166698  0.0  0.0  0.0  1.0;ok
26875431822169;2.4370489578780687;0.0941614649193144;0.6126887429477041  -0.504157103923561  0.6086362779432145  6.533128023661813  0.6641683304567564  0.7458572533015132  -0.05076796741852419  2.068594822246151  -0.4283607511005733  0.4353419027166249  0.791823524944556  1.7456271772128142  0.0  0.0  0.0  1.0;ok
26875431822200;3.743180736524179;0.2574892435942902;0.633846970240245  -0.0772829138941949  0.7695877919622199  -1.9888110059834867  0.6400778465771187  -0.5061667528015399  -0.5780100074216223  1.5384262433195512  0.434210051286772  0.8589659886039538  -0.2713651815969976  -7.1069788377686525  0.0  0.0  0.0  1.0;ok
26875431822231;2.9987588218906187;0.053415014446711394;0.4767096251620299  -0.8781844825878172  -0.039242168898315805  -0.20924853164881196  0.2665548614724141  0.18694630885719843  -0.9455155119986615  -4.602397500534836  0.8376732293103909  0.44027615441519946  0.3232034479241597  -0.16931501993662157  0.0  0.0  0.0  1.0;ok
26875431822262;1.423201709976139;0.4430399950536064;0.654447314992906  0.04907810352103511  0.7545131222539175  -0.4887623854232084  0.4490934312748252  0.7775713304457434  -0.4401112541785775  0.8207467745419135  -0.6082875980030996  0.6268765156102234  0.48683881551495584  -0.5552151913484811  0.0  0.0  0.0  1.0;ok
26875431822293;1.6014741833671042;0.3888136751168437;-0.7729632792348938  0.12840801799666446  -0.621320488853062  8.6496876622369  0.3110109186036623  -0.7768802447192413  -0.5474753819801191  18.35861027158494  -0.5529918421312793  -0.6164158225411971  0.5605636058977732  11.36248932875112  0.0  0.0  0.0  1.0;ok
26875431822324;2.782792515369427;0.10206331185525033;0.49298333260251165  0.8676959043378148  0.06380635839399686  0.9132109958229713  0.6830071849825909  -0.4313942780235917  0.5894066186858272  -0.4830623122381723  0.5389514069359854  -0.2469874379070421  -0.805312725888419  -3.873987873476824  0.0  0.0  0.0  1.0;ok
26875431822355;3.517315059062168;0.06070199046747975;-0.14973204685941188  -0.8036911100930569  0.5759000900335757  2.579427806674171  0.9377220284713357  0.06923037254914065  0.3404182028568829  4.255964146494156  -0.3134608611340404  0.591005714925073  0.7432728526342188  1.6913840404686398  0.0  0.0  0.0  1.0;ok
26875431822386;2.6396216123483303;10.68704466669781;1.0  0.0  0.0  13.167915696273747  0.0  1.0  0.0  -1.5169021268210852  0.0  0.0  1.0  9.80311530651542  0.0  0.0  0.0  1.0;ok
26875431822417;3.186775984733459;0.030068150543394272;0.6558993957053938  -0.7408091206350047  -0.1449062783225392  15.183990917923886  0.7538505778015059  0.6527165253360133  0.0753023499076703  -4.095025674041967  0.03879805486921042  -0.15862844744014915  0.9865757581661397  0.19428536647685046  0.0  0.0  0.0  1.0;ok
26875431822448;3.9599817839126596;0.3177720930006642;0.4508267921314851  0.1204114389639393  -0.8844525362409604  7.155289140005945  0.3543551592169262  -0.9335778561862937  0.05352389723245723  -1.7345609317768658  -0.8192604131976482  -0.3375403261911631  -0.46355032473506147  6.606074295543646  0.0  0.0  0.0  1.0;ok
26875431822479;2.9073535472467738;0.030966132577981986;0.4642737004177716  0.005678387194021107  -0.8856735781422314  7.866793735914332  0.6566517841751947  0.6688428703627745  0.3485077461182438  -2.8796184271377303  0.5943554201316941  -0.7433821161984995  0.30679743133917786  3.426856190242922  0.0  0.0  0.0  1.0;ok
26875431822510;3.7711636163769215;0.024023136751986262;-0.994334938413928  0.10564463103185726  0.01171504090959724  7.256403139552085  -0.10571875173689403  -0.9943785820201123  -0.005897554651216825  -3.199609700771521  0.01102614078287492  -0.007102644142419405  0.9999139846334897  -6.701724874761156  0.0  0.0  0.0  1.0;ok
26875431822541;2.7225886157360173;0.10244470009989659;-0.06641034640658579  0.8462427053667051  0.5286425536256016  2.458020034783926  -0.9577660093316999  0.09449185226389788  -0.2715797511313515  5.84596036092961  -0.27977479739781164  -0.5243515742985589  0.8042272622036855  -2.7646637517250063  0.0  0.0  0.0  1.0;ok
26875431822572;6.317418780166988;0.17108170879209905;0.5737219007493688  -0.8168724089941054  0.0596879219331605  2.261508045910271  0.8031906053116388  0.5753882641674977  0.154315251992269  -2.6362705945639613  -0.1603996014323431  -0.04059326154033376  0.9862170932294082  -9.337980216172378  0.0  0.0  0.0  1.0;ok
26875431822603;4.291318477345014;0.07899138279530374;0.554444446799924  0.829588477652547  0.06613859054179447  3.9460715391373986  0.6275815360081146  -0.46898053559420366  0.621448849782079  -6.421097547502707  0.5465645168453782  -0.30305150549024273  -0.7806580646772797  -6.257057887935916  0.0  0.0  0.0  1.0;ok
26875431822634;2.151728747398116;0.1202555226872476;-0.8999965466120797  -0.2920326981599889  -0.32360951668906085  7.937892895416482  0.3109750693927461  -0.950390765655688  -0.007204080272445132  7.152451671658498  -0.3054516693398604  -0.10711813927525035  0.9461632955973824  3.4177857357202726  0.0  0.0  0.0  1.0;ok
26875431822665;1.5906219386342715;0.021432321379987605;0.1422125673385553  0.4977874076902608  -0.8555602155523517  3.0013982381928512  0.34541995647534013  -0.8349658988489606  -0.42838884372485825  0.5489317525535755  -0.927610176399306  -0.23460529513281905  -0.29068834881379757  4.980931403605807  0.0  0.0  0.0  1.0;ok
26875431822696;2.534146944068928;0.04403306873495893;0.12051892930539568  -0.8925022132784431  -0.43464351711737453  2.447754378133964  0.9877306769657195  0.06400712737798553  0.14244717415821087  -0.43245658535795883  -0.09931413524731582  -0.44647831631323254  0.8892658857744283  -1.0164119474280198  0.0  0.0  0.0  1.0;ok
26875431822727;3.22809138668711;0.07548543143820437;-0.18015469003323367  -0.16158310281797764  0.9702758311649038  -1.8048013281170139  -0.5152764246245718  -0.8247376236016102  -0.233019437906127  0.2555068197956143  0.8378749870267926  -0.5419398057899831  0.06532038743890184  0.7946196291530601  0.0  0.0  0.0  1.0;ok
26875431822758;5.123607463454776;0.055353097064160174;0.08980755934630115  -0.5922156232531949  -0.8007591759443604  10.387171151784017  -0.7236738377381359  0.5135920219763962  -0.4609982771503112  4.205174463891951  0.6842739063106374  0.6208895960934014  -0.3824465068546895  0.6998856702485414  0.0  0.0  0.0  1.0;ok
26875431822789;3.444991985517336;8.557488393431667;1.0  0.0  0.0  -7.100267152486938  0.0  1.0  0.0  -4.337891211457551  0.0  0.0  1.0  18.81544342596628  0.0  0.0  0.0  1.0;ok
26875431822820;3.2885712155089486;0.07339395316372303;0.36589745993257083  0.3108717625406387  -0.877198834968315  1.349695921568777  -0.9052503010302639  -0.09984157730522211  -0.41298129730754374  -1.2375900865147509  -0.2159651390838556  0.9451933171029522  0.24488497709007953  -0.30931114114566105  0.0  0.0  0.0  1.0;ok
26875431822851;5.9287144767363475;0.1860288086026438;0.8574722589346926  0.14337328283593706  0.49415121868339185  4.127924724832819  0.3032236099739888  0.6350916042830563  -0.7104323307138518  7.909527811700028  -0.4156883057192936  0.7590143318396697  0.5010992681597157  4.401759243190717  0.0  0.0  0.0  1.0;ok
26875431822882;5.41078833518639;0.04607809177763234;0.12309595874705379  -0.8641153206956071  -0.4880082965270899  -5.842490939366864  0.022853002642135092  -0.4891494959722956  0.8719005166074213  0.06498157324906462  -0.992131606799412  -0.1184798849137594  -0.040464696470382075  4.625148631227015  0.0  0.0  0.0  1.0;ok
26875431822913;4.777035883166865;0.025323866950989947;-0.8397700831631163  0.4744368314292116  -0.2639998113780052  3.048767783409123  -0.1709875512082274  -0.6925952768925832  -0.7007674648254574  5.361020929424152  -0.5153149180414112  -0.5433428709475215  0.6627435852835378  -0.77605119558027  0.0  0.0  0.0  1.0;ok
26875431822944;2.976285503595206;11.939858944972803;1.0  0.0  0.0  6.932604414697387  0.0  1.0  0.0  -20.418356067680186  0.0  0.0  1.0  14.181564114092598  0.0  0.0  0.0  1.0;ok
26875431822975;3.3937963021930773;0.15852145433468653;-0.9585967293991778  0.1568714624389243  0.2376629013066042  4.617065521713447  0.2795105910429685  0.6779370241036057  0.6799082444303475  3.330803157029076  -0.05446227942355829  0.7181871174156637  -0.6937154492284063  1.4244492701194262  0.0  0.0  0.0  1.0;ok
26875431823006;5.039958847236191;0.13268932120789664;-0.5068044123843543  -0.3347736797013565  -0.7944028392238809  8.612046201880549  0.29339413277278736  -0.9334867711740394  0.20620943455034044  -9.31183020404598  -0.8105980325921432  -0.12856528078093496  0.5713158479645614  3.806047130740326  0.0  0.0  0.0  1.0;ok
26875431823037;5.369728603719778;0.08191206738943407;0.7308707151223038  -0.6752362751199649  0.0994181600047343  0.1985406575496098  -0.16180297995152737  -0.3129301042593506  -0.935892379244022  8.441215369643658  0.6630594192494493  0.6679301779455291  -0.3379666905691083  2.104171235664552  0.0  0.0  0.0  1.0;ok
26875431823068;4.204830814786546;10.365494844189278;1.0  0.0  0.0  9.02031589116629  0.0  1.0  0.0  -12.399566637791109  0.0  0.0  1.0  7.361363366255162  0.0  0.0  0.0  1.0;ok
26875431823099;2.356510122240445;0.11417376216004528;-0.4454236642093136  -0.8936145181103332  -0.05523452167609335  15.591577936410893  0.3592055957798674  -0.1218555479102265  -0.925268915183002  5.252152003392762  0.820103102861329  -0.43197721984606613  0.37526868002976765  1.7412745433688621  0.0  0.0  0.0  1.0;ok
