# ransac_benchmark.py --distance_metric=euclidean --max_correspondence_distance=0.15000000000000002 --estimation_method=TransformationEstimationPointToPoint --ransac_n=3 --ransac_confidence=0.999 --ransac_max_iteration=100000 --input_txt=/neural_comparison/point_clouds_registration_benchmark//eth/apartment_global.txt --input_pcd_dir=/neural_comparison/point_clouds_registration_benchmark//eth/apartment/ --input_features_dir=/neural_comparison/experiments/3DFeatNet/feature_extraction_voxelgrid_0.1//eth/apartment/ --output_dir=/neural_comparison/experiments/3DFeatNet/results_ransac_voxelgrid_0.1//
id;initial_error;final_error;flops;transformation
13001298760030;4.310263072930483;5.454018587436998;0.6979816991056101  0.7114528321889777  -0.08158685729900139  -2.5818799546421274  -0.7033855770704526  0.702496468389706  0.10838561652386107  1.2448327810385011  0.1344257329640129  -0.018264158077310917  0.9907553395499892  0.16243010868809105  0.0  0.0  0.0  1.0
13001298760061;11.165739862422033;12.454545859126675;0.18919403439304117  0.9660864416238832  -0.1757344720326346  7.066738900353115  -0.8013684035520909  0.04848502101925279  -0.5962028887259226  9.172446809709829  -0.5674630376847972  0.25362608313670487  0.7833642261517155  0.39314261973041864  0.0  0.0  0.0  1.0
13001298760092;4.041875262067823;3.0698654997068027;0.3505729105321921  -0.8613524025938144  -0.36765564451922966  -1.383095882762471  0.8616280555064708  0.4504807772780208  -0.23380368531553858  -5.364679694825479  0.3670091665955018  -0.2348171796288614  0.9000917529818957  -0.8635845986512574  0.0  0.0  0.0  1.0
13001298760123;2.6347404064812237;4.270180078412219;-0.9687571543285405  0.0853764492479881  0.2328528244429823  5.096615882505865  -0.08619804815693077  -0.9962557320277015  0.006664300104623683  -6.161910422813829  0.23254993534981722  -0.01361537056986653  0.972489151226399  -1.485390344722708  0.0  0.0  0.0  1.0
13001298760154;4.655949543134552;5.956838972564357;0.6174277490149719  -0.7844421731290303  -0.05859566334558325  0.1513474695789676  -0.6791872938064912  -0.569195722381552  0.4633798113366151  -12.374803606344905  -0.39684706711542994  -0.2463061238360659  -0.884220390334182  -0.8369605080050514  0.0  0.0  0.0  1.0
13001298760185;11.526736439495075;13.423532162575427;-0.35470576530270226  -0.9348399690850566  -0.016064005169151734  -6.504635666190298  0.9157585830111907  -0.343897439225556  -0.20765540911674032  -1.768516217347626  0.188600205997661  -0.08836732142118599  0.9780701297976973  2.2009858379724583  0.0  0.0  0.0  1.0
13001298760216;5.6572197072150425;5.876263778707487;0.6106305196554023  0.7919020160021965  -0.004643868756789141  0.5125277522201377  -0.4620135486021658  0.35148072945884606  -0.8142510532551444  -5.300811264722647  -0.643174820226513  0.4993520740627141  0.5804943210366987  0.6615292801571442  0.0  0.0  0.0  1.0
13001298760247;2.8755933061249292;3.1087609466606643;-0.276240930029943  0.7819022193608104  -0.5588558561336108  2.060546793739058  -0.8713132534819568  0.04164712033431045  0.4889567789432375  0.5923186386529662  0.4055911277171613  0.6220083895949462  0.6697771274018118  0.3897458249395068  0.0  0.0  0.0  1.0
13001298760278;3.489631205271557;5.425730187881727;0.7525595237443827  -0.13010335572488135  -0.6455441735859395  -1.4987842705967802  0.5470514290286117  0.6692261758665479  0.5028628635451127  -3.811970455754594  0.3665909126252069  -0.7315800997595285  0.5748057588581181  -0.23891777309099435  0.0  0.0  0.0  1.0
13001298760309;15.033436311598187;14.795248133262678;-0.32915840152100617  -0.9107597560344982  -0.24934196096148187  -7.38110492277662  0.8644510948110362  -0.396893388703597  0.30854487952869364  -10.449248946954317  -0.3799724350372493  -0.11398379179232747  0.9179480616137856  0.6762840882266961  0.0  0.0  0.0  1.0
13001298760340;6.506989460822594;6.1909512318918685;0.87594606507889  -0.4643759183528195  0.13066559427326058  -4.1114600119272975  0.1120545257635186  0.45931210315804916  0.881178855368445  4.484411721997612  -0.4692145291108557  -0.7572234797908111  0.4543680527114262  1.858156551338388  0.0  0.0  0.0  1.0
13001298760371;4.91629017563752;6.321460258661149;-0.9792268867724031  -0.20248828327068225  -0.010639518791703287  3.054571702788411  0.20272507086527067  -0.9787475429632526  -0.030915898597103447  -0.06479757306568268  -0.004153295642992971  -0.03243057633603334  0.9994653610074808  5.616015328670175  0.0  0.0  0.0  1.0
13001298760402;8.540013131131722;8.703781201167486;-0.2091253147124864  -0.63056833851  -0.7474290422609643  7.536033920602659  0.8038023342059673  -0.5461442946611321  0.23585634808953776  -7.484466903457767  -0.5569276526367154  -0.5514616758015307  0.6210648998701547  2.3802546291907896  0.0  0.0  0.0  1.0
13001298760433;5.8803617295845045;5.187615487497678;-0.08819859433273701  0.9206831515645942  0.3802151264518742  7.8462571477116825  -0.9829176837026907  -0.14234147692855648  0.11666932334737062  -3.056818206899283  0.1615358629601037  -0.36343010107981244  0.9175100689403091  -2.845380791297376  0.0  0.0  0.0  1.0
13001298760464;2.166048600398045;2.868997289587758;-0.8373544289995261  0.17056670834863225  -0.5193693851566448  7.804354384668691  0.4421988925213781  0.7699235439423757  -0.4600846399697338  -2.806180364229061  0.3213995950335731  -0.6149184779190866  -0.7201232990439408  -0.030843145239164205  0.0  0.0  0.0  1.0
13001298760495;4.352922081343947;3.4959351179385734;0.8170092642507965  -0.5765913709607364  0.006184905980724216  -2.4577274792577013  -0.5765479300370943  -0.816678881336536  0.025061706822268638  -3.2116426089750645  -0.009399281797758414  -0.024041541392391463  -0.9996667733745901  3.417099108069692  0.0  0.0  0.0  1.0
13001298760526;3.427592892868579;2.4617818546096317;0.27723816657215655  0.9227988196492394  -0.2675468883199352  7.113290975197791  -0.6796092283321477  0.38518291351242306  0.6243119572007763  2.392901763351093  0.6791688271420384  0.008744231930360587  0.7339299984647418  -3.7443786266042562  0.0  0.0  0.0  1.0
13001298760557;8.921254112295115;8.869358752208575;0.3926731828089338  0.06566199818636717  -0.917331059921594  1.294211181651395  0.8936979876895408  -0.2626502404914484  0.3637564541962788  -4.45011263997676  -0.21705224786296676  -0.962654326933587  -0.16181770154613973  -9.53071159410958  0.0  0.0  0.0  1.0
13001298760588;5.635777697146662;6.90911084026593;0.9775346383550988  -0.17152635212376902  0.1224938420618728  7.5840827045533015  -0.20889459863988774  -0.8658637533408533  0.4545800339979421  -8.187776589187301  0.028090522868868956  -0.4699560311109996  -0.8822427394698983  -5.391354946943752  0.0  0.0  0.0  1.0
13001298760619;9.801579940171315;9.196422412177412;0.02575200445107728  -0.9209964000773104  -0.38871900559579886  5.280570615119316  0.31645150421394364  0.3763613555782659  -0.8707528785528201  3.9762599589430216  0.9482590783891733  -0.10058708203305847  0.301142755484157  -2.5183561169160966  0.0  0.0  0.0  1.0
13001298760650;5.928008986154682;6.181308662431349;-0.472668314742842  -0.7009686767668317  0.5340670167965053  -4.680648022707382  0.8569471230295092  -0.5069302015504974  0.09307738225487566  -2.7140375249826088  0.20549037099000478  0.501661922959805  0.8403029349482611  0.26525716560017987  0.0  0.0  0.0  1.0
13001298760681;3.926177848256171;4.003988138165171;-0.9633467663955562  -0.21716847611364526  -0.15748289004746915  3.831924045430908  0.1861944251693686  -0.9639157938581673  0.1902576631482361  -12.521115176743177  -0.19311821175403035  0.15396166838942826  0.969020722665759  3.673199742550871  0.0  0.0  0.0  1.0
13001298760712;3.640287511906044;4.11795581311573;-0.9834749135346998  0.18050698715774027  -0.013939943871812174  5.672695073577817  -0.15955538525402113  -0.9005532083992733  -0.40440820698672125  -3.6850843898002315  -0.08555216820370354  -0.39550113328410264  0.9144723506408687  -1.339547319928026  0.0  0.0  0.0  1.0
13001298760743;2.23776059014918;2.9955854763085275;0.016957735089926096  -0.22699420461896536  -0.9737484615084244  4.854730715245957  -0.9038856041112285  0.4128564910599762  -0.11198362590184065  5.273857972326181  0.4274380070853545  0.8820562050453744  -0.19817568276620975  2.2463441684376235  0.0  0.0  0.0  1.0
13001298760774;5.456665076952151;5.3422954401922444;-0.940666884135487  0.32876265755103207  0.08402932875381158  -0.5537677365671594  0.3385862302873028  0.9257699083449953  0.16825409790769394  9.330591703360369e-05  -0.02247615960672265  0.18672223167818325  -0.9821556039887224  -1.5151966650620392  0.0  0.0  0.0  1.0
13001298760805;8.825594568085958;9.137324742555553;0.39628740309708366  0.32554400144096907  0.8584738768724259  -0.36539733302900856  0.8902135982932754  0.09256315173080198  -0.446040146573602  0.039592697507091934  -0.22466874184075875  0.940985210334075  -0.25312208590367524  11.445783738506545  0.0  0.0  0.0  1.0
13001298760836;4.000188739564292;3.511153345701514;-0.9271828399818596  -0.25071781332419807  -0.2783389288710907  9.195104972661376  0.3143636205538029  -0.9248385954848704  -0.21412399765994583  -3.2665197305467606  -0.20373388357236583  -0.28603172967960144  0.9363110350204238  -1.89471076648969  0.0  0.0  0.0  1.0
13001298760867;4.334456072611078;3.500639434987429;0.29375146557693393  -0.7159584353420497  -0.6333352945588672  5.044006856738582  0.866074806685029  0.47973092075549606  -0.1406153366335735  -1.0530941436667771  0.40450526040694734  -0.5072097815831708  0.7609952245378807  -2.8253022723494317  0.0  0.0  0.0  1.0
13001298760898;8.680467736983655;10.756049927693656;1.0  0.0  0.0  1.7385579999999994  0.0  1.0  0.0  -0.5235623999999999  0.0  0.0  1.0  9.323107669999999  0.0  0.0  0.0  1.0
13001298760929;4.363996845460841;3.2653190753442645;-0.1823644758743968  -0.976931017996473  0.11112598262976754  1.242291140339853  0.8931978640050378  -0.21185084367955642  -0.3966318138640652  -5.8436878608889735  0.4110240548628446  0.026925937469937794  0.9112267666258884  -0.6272275902167748  0.0  0.0  0.0  1.0
13001298760960;8.141769742702108;8.531600042873446;-0.8726135432401789  0.1415705337094115  -0.467443459831296  -3.194425510955531  -0.37346119271220357  -0.8101906413521744  0.45179404843726134  -6.695614140050809  -0.3147575919525984  0.5688135974557786  0.7598544266223739  -3.6374129490068534  0.0  0.0  0.0  1.0
13001298760991;5.538685950931398;4.646387951640265;-0.6088161952772831  0.031216599302867666  -0.7926968930783433  1.8538755253172936  0.5919878614205422  -0.6473023541704519  -0.48015626020715957  -1.1235917626903917  -0.5281034106108643  -0.7615938459660475  0.375608308597956  -0.401054886200793  0.0  0.0  0.0  1.0
13001298761022;8.071467038641245;7.634089408088197;0.2534723263774814  -0.9576386486222189  0.1366747907472254  3.102682079717571  0.9607223981491367  0.26571387568435206  0.08005379418473688  -6.3246194050861275  -0.11297899563794547  0.11101511128585678  0.9873760132851264  -6.318630367904871  0.0  0.0  0.0  1.0
13001298761053;9.81526024076362;9.512297317321641;-0.31742580293296146  -0.8229322807925077  -0.47119350681222893  6.899932638798348  0.007480603643162276  0.49470267513717814  -0.8690300937143978  3.8342782796698494  0.9482536054249942  -0.27937738713389304  -0.15087536365073106  -6.28797624995901  0.0  0.0  0.0  1.0
13001298761084;5.591627609591558;4.0688806989590285;0.10641714211040515  0.855052179857166  0.5075048389784703  7.0686640031910954  -0.05550674269387661  0.5147157563807047  -0.8555622079363696  -5.271543718593966  -0.9927710679610734  0.06287654455318184  0.10223574113040003  5.817664496177872  0.0  0.0  0.0  1.0
13001298761115;4.7915878266942675;6.0811716021359254;-0.3218395395596686  0.9328804235739118  0.16172020927694622  9.819297591584355  -0.9464202961413537  -0.3217847313037578  -0.027261873587126673  -1.3634527526509466  0.02660702590919256  -0.16182923719874406  0.9864600165034263  3.6295396355878484  0.0  0.0  0.0  1.0
13001298761146;10.139080917100562;13.490828634371216;0.11984827590665748  0.45996752967465443  0.8798103559331398  10.123022465432422  -0.7032810777014465  0.6648342408450337  -0.25177600748899737  -2.625699831020266  -0.7007368382704691  -0.5885790548813341  0.40316569750625164  7.666643973823048  0.0  0.0  0.0  1.0
13001298761177;7.93887486463345;7.906379559723197;-0.37892738696480566  0.9254250770860367  -0.001569110680082579  0.7611209213587085  -0.9252923952944474  -0.3789008238413136  -0.016375252750330388  -2.2513929033498226  -0.015748606868159237  -0.004753145555915161  0.9998646853394895  5.530874593154091  0.0  0.0  0.0  1.0
13001298761208;3.7143332170860712;3.4699783683315726;-0.20346280163029104  0.9576832102885299  -0.2035823103420532  7.991324850890978  0.9759413355344129  0.21502038051862987  0.03612126184022155  -2.7056292304014358  0.07836707183542599  -0.19133505871397208  -0.9783912802958037  -1.1135118397533486  0.0  0.0  0.0  1.0
13001298761239;9.442007376163867;7.923094757414726;0.04995757762234232  -0.9075330077668222  0.4169988971829701  -2.6330788219025174  0.9502752750907422  0.1716884406837119  0.2598075843519775  1.0337619343098097  -0.30737784889175424  0.383284384170946  0.8709833172118604  -3.527550505809133  0.0  0.0  0.0  1.0
13001298761270;3.3218855709366024;4.9249499120068805;-0.8821523866471369  0.457766085804272  -0.11071304087683634  10.100772646084426  -0.20579019716995925  -0.5861073896288449  -0.783663526375453  -6.88184488460638  -0.42362431644265836  -0.6685269916090877  0.6112398056479906  2.035273393050843  0.0  0.0  0.0  1.0
13001298761301;1.702374455622597;1.785016152781307;0.5092520119603787  0.8588550818384  0.05504849420884751  2.4201552423370116  -0.8498411873972981  0.5119361714923835  -0.12526496924867547  3.235788449853929  -0.13576577078725385  0.017008959935162604  0.9905949478795398  2.5905217063176442  0.0  0.0  0.0  1.0
13001298761332;2.6966908062382884;2.1469624301541383;-0.8926399910541  -0.11544612880864397  0.4357362019777963  10.192614569735587  -0.33200163669906907  -0.48547722714572367  -0.8087563138251466  -3.6723311807012853  0.30490778868385127  -0.8665933609634899  0.39502808398128614  -3.5723201774059454  0.0  0.0  0.0  1.0
13001298761363;3.780503688669632;3.35888164669165;-0.9886046565169169  -0.1002442432434651  0.1123028263652098  3.719016964184217  0.04955081203434176  -0.9211490129264381  -0.38604301963821014  -9.056002032842846  0.14214622801821614  -0.3760792305900381  0.9156193871795197  -3.6904138918767524  0.0  0.0  0.0  1.0
13001298761394;9.713878523349894;6.782088467035051;0.2141616327536049  -0.9709221308226869  0.10698135788558447  1.8823229504016332  -0.9103015509164063  -0.15866293365949766  0.382331217508781  1.7492426832376573  -0.3542398642946543  -0.1792659737967448  -0.9178114344369486  -3.219511394763951  0.0  0.0  0.0  1.0
13001298761425;4.539890497597582;4.557646499731749;-0.30611493346668167  0.9503442501646402  0.056030828011877955  7.873949804393148  -0.9428333012840917  -0.2944980122457102  -0.1560009191417333  -3.2063867409898617  -0.13175360905276617  -0.10058194153193302  0.986166446163748  -5.015022930628416  0.0  0.0  0.0  1.0
13001298761456;2.8219341713243176;3.166198779400389;0.9240423069137078  -0.3802095032905559  0.03983150312432299  -0.6327376299849634  0.3360265645170847  0.8574808582287836  0.3896315255598233  -4.236909100923397  -0.1822963602830292  -0.346651570570188  0.9201090835595435  -3.308960424607674  0.0  0.0  0.0  1.0
13001298761487;4.817878682726937;2.9756267204764657;-0.878423258787788  -0.09039497346958558  -0.46925614241272884  5.354163641649534  -0.3812160280074559  0.7246932469166429  0.5740157122097201  0.8946179325206796  0.28817862240433606  0.6831167152433368  -0.6710474163159351  2.8526234127597583  0.0  0.0  0.0  1.0
13001298761518;2.4163432216525833;2.439586601470586;-0.9946196365003572  -0.0667664866458526  0.07920867975712978  3.9901348256959546  0.07289561837533408  -0.9943478119172199  0.07719234260673778  -9.601832055205133  0.07360711588953889  0.08255098543571433  0.9938648435748277  -1.3119249595186178  0.0  0.0  0.0  1.0
13001298761549;2.2392274259590965;2.943352054591993;0.9667462062214545  0.0483163123338233  0.251132050361729  -2.4288873710802545  0.007013988845348125  -0.9866306695315517  0.1628211469686922  -9.807090832989742  0.2556415003807146  -0.15564528872466238  -0.9541603467871184  -1.2350008258012148  0.0  0.0  0.0  1.0
13001298761580;8.570690654168628;6.516819125409724;0.43694807187149487  0.6431747308910687  0.6288105024814585  2.384394594021382  0.5932287857979518  -0.7315465524029706  0.3360345954928087  -2.2125649528300935  0.676133115731267  0.22619882230137506  -0.7011976202191507  -4.0520324161341446  0.0  0.0  0.0  1.0
13001298761611;10.391644677470136;9.112994622470998;0.6234178328525515  0.25496106535550256  -0.7391515817707592  0.7073020385613971  0.7100190717150555  -0.5805025513988673  0.3986097159130684  -0.08123598380143626  -0.3274494212581843  -0.7733121251940855  -0.542922861505654  -1.013794834484112  0.0  0.0  0.0  1.0
13001298761642;10.080782196489423;7.2919607227424;0.856005780677781  0.18913391747240532  -0.48112624612232885  6.067290803190735  0.5169370785670588  -0.32304176604967655  0.7927295088427444  -11.591840569898391  -0.00549183473680466  -0.9272930381756601  -0.37429595389501125  -5.543421313482574  0.0  0.0  0.0  1.0
13001298761673;5.377260718947195;5.9462739116443295;-0.9271618180229633  0.34343234311321036  -0.14975042204989952  9.199344118656755  -0.2857914371112501  -0.9067460968644955  -0.31005607604897745  -1.3100517031493961  -0.24226889539154575  -0.24467476683297884  0.9388503825429205  -0.9743936222099346  0.0  0.0  0.0  1.0
13001298761704;4.0697080635330884;1.0780855109448675;0.19835834700912497  0.1859447471190347  0.9623297341299636  2.428556203502498  -0.17623862131000728  0.9726029507070162  -0.15160293082508025  0.7610845706684959  -0.9641545076026748  -0.13952795882848934  0.22569455947053743  2.153189807572594  0.0  0.0  0.0  1.0
13001298761735;7.748271368017596;7.981916957647902;0.9152637267603186  -0.23676767748165023  -0.3259346213226783  -5.567587315553011  0.09651949320081582  0.9143772372399079  -0.3931898465751247  -5.512983682460954  0.3911218453488252  0.32841335983400155  0.8597490140578654  7.663876282440404  0.0  0.0  0.0  1.0
13001298761766;4.3143958585213165;4.301477279301991;0.9863948461870906  0.08613482236727282  -0.14002142618651076  -0.5072841494746108  -0.08994233837951582  0.9957237839654811  -0.02108368592748076  -0.8307825355827716  0.13760662477646493  0.03339069363194409  0.9899239760690746  2.639959194894785  0.0  0.0  0.0  1.0
13001298761797;8.231005951784896;8.347659202228906;-0.7195246381652538  0.5531451387985074  0.41989850023159225  0.5297539970780918  -0.4448127070998775  -0.831407408643801  0.3330215855686808  -7.10814044110375  0.5333159951432535  0.052841047262331076  0.8442641014804437  -6.105061870014599  0.0  0.0  0.0  1.0
13001298761828;4.4334073516756565;4.897212633297323;0.9075424841339258  -0.205813206874291  -0.366070434982318  -5.64424403968218  0.41245859643380606  0.6008423108215593  0.6847382154914846  -2.1683845013880836  0.07902243807854756  -0.7724179188772932  0.6301793497706771  -2.1635996104938213  0.0  0.0  0.0  1.0
13001298761859;2.6655230457662435;3.089404826146898;-0.736647416604862  -0.6674074020714015  0.10916933300925098  -1.6238158791980768  -0.5618509511857317  0.6938255836241753  0.4504770450980384  -4.04569587307434  -0.37639619055068907  0.2705058579197025  -0.886088307433325  2.4040173808208136  0.0  0.0  0.0  1.0
13001298761890;6.637126318209209;7.124684160947642;0.20727553658735343  0.9102834256290088  0.3583586708279039  4.520632620683754  -0.9745529230281532  0.22408917603806894  -0.005535467447453937  -9.982799612477372  -0.0853431435424488  -0.3480921231623847  0.9335675774375395  1.1734125152427533  0.0  0.0  0.0  1.0
13001298761921;6.263021266226115;6.7460513424102055;-0.6054092409585332  0.5779485287570655  0.5472249528937405  7.450518142564215  0.384968743001561  0.8144008304925424  -0.4342238526438358  -7.982569660496907  -0.6966194928896343  -0.05221863078060282  -0.715537907259698  -2.2165888281634447  0.0  0.0  0.0  1.0
13001298761952;8.524152599894595;9.039554778980385;0.3057784237376948  0.9501350065502497  0.06118026564381458  8.827994223968773  -0.8256341524497569  0.29661501481490493  -0.47994560034958633  -1.6357317338454958  -0.47416010153223775  0.09624449238325633  0.8751623825329944  7.116676324583083  0.0  0.0  0.0  1.0
13001298761983;3.259695949088397;3.4640587564619736;0.8384221992111394  0.4270183289005275  -0.3386791441068639  5.198140262018378  -0.5007958076505836  0.8487943291621992  -0.16956339764728634  -0.04973326150883839  0.21506225821737357  0.3117748122685561  0.9254969970374571  4.2654035175137714  0.0  0.0  0.0  1.0
13001298762014;4.304140440760447;4.953846390435502;-0.9842771190378716  -0.057584942790886495  -0.1669806195409416  0.6035463236811685  0.07073106271439722  -0.9947559127341981  -0.07387686273553118  -8.197247153617644  -0.16185076368617568  -0.08452602228972429  0.9831885281318521  2.1727862035796788  0.0  0.0  0.0  1.0
13001298762045;5.169410619190491;6.953813073590738;0.8143735790252268  -0.5458478838751084  -0.19709328109986174  1.4307197722372131  -0.3207951751103331  -0.7064193894357513  0.6309216289327475  -6.4044823092610015  -0.4836177513404297  -0.4505793314148874  -0.7503946539589285  5.430819644375788  0.0  0.0  0.0  1.0
13001298762076;7.251100765186261;6.338394130463258;0.8711905564603706  -0.10424762751351488  0.47974935799026797  5.951638727073118  0.34016524683019916  0.8327862824698546  -0.43675463658556546  1.4857499798552851  -0.3539980496884423  0.5436905736610147  0.7609769647820733  5.703907257652797  0.0  0.0  0.0  1.0
13001298762107;3.6083033742486865;3.595137013572845;-0.42399111691375796  0.4165799099071939  0.8041720658167241  2.965305445258214  0.5387316505505472  -0.5977481044678554  0.593687975539482  -5.759118437555449  0.7280108113711683  0.68495137219134  0.02901510399590683  -4.991891256751674  0.0  0.0  0.0  1.0
13001298762138;7.232928857269941;6.767262215630496;-0.07820815578963022  0.018730242717638616  -0.9967610859056064  1.3887957389860008  0.9931632400376238  -0.08544889018705079  -0.0795315396793688  -6.860314039903232  -0.08666177361417565  -0.9961664846668656  -0.01191938842834131  -6.052547954089664  0.0  0.0  0.0  1.0
13001298762169;6.764347421644368;6.578316159079722;0.3256447696663676  -0.6077734368563807  -0.7242699313382561  5.117282413661556  -0.6402575313169618  0.4219115577761148  -0.6419197231794985  3.0427804373675427  0.6957196113240225  0.6727570786448229  -0.25173822823011044  4.414254055878695  0.0  0.0  0.0  1.0
13001298762200;2.173201777732865;2.942606407837402;0.4150152629850844  -0.25425735368250163  0.873564839944805  3.9309601138049826  0.6840486872683317  -0.5458582903468465  -0.4838554746058898  -8.547710598909287  0.599866422577472  0.7983682890483499  -0.052615112906049755  2.2983910289148857  0.0  0.0  0.0  1.0
13001298762231;5.881331751981235;4.666739212809402;0.7793130438080931  -0.6237767763876778  0.05978054022808907  1.1417343899410821  -0.03790740457157432  -0.14215305921258395  -0.9891185654081871  -4.619082155371088  0.6254871768703274  0.7685668747714155  -0.13442749188647102  0.4812787813629129  0.0  0.0  0.0  1.0
13001298762262;12.753530724937347;12.183008446588719;0.6377649022992018  -0.7691891200114928  -0.040050306506129535  -7.346669877885845  0.7676875997015021  0.6390211935120087  -0.04803814637383615  0.35064545303951977  0.06254341420034297  -0.00010907994025566824  0.9980422383054389  -4.778556872333897  0.0  0.0  0.0  1.0
13001298762293;4.0873319758586355;4.847470815364376;-0.7245721200677031  0.6882879402266877  -0.03542533216635574  8.948162730906303  -0.4698336129692833  -0.4556889274844582  0.7560449573221777  -1.7383835212828833  0.5042336947733889  0.5644531093957825  0.6535603019986829  4.261113314224989  0.0  0.0  0.0  1.0
13001298762324;5.257805486369847;4.092293720868738;0.8293958822283509  0.5174627904349232  -0.21055814175176815  4.207745720905315  -0.018095460205496516  -0.35181627813440397  -0.9358941504035627  -3.6315239584995473  -0.5583681803815534  0.7800369010213283  -0.2824312450534384  3.2649427199024057  0.0  0.0  0.0  1.0
13001298762355;3.940223826782666;4.120791117399893;-0.2548471771570182  -0.9201576767321091  -0.2972587530184203  0.22785887702733065  0.44741001667388824  -0.3847295266668942  0.8073459409017539  -11.165165890262358  -0.8572497846456246  0.07275329038355823  0.509734995329333  0.20266373739237264  0.0  0.0  0.0  1.0
13001298762386;9.483249247669189;10.460873430647288;-0.04307249777277489  0.5905403443821665  0.8058578420494564  9.502021228859508  -0.990161077643337  -0.1327225394855545  0.04433698041918577  -8.316257613672073  0.13313827494676428  -0.7960193648206666  0.5904467550717015  -0.04690155028936338  0.0  0.0  0.0  1.0
13001298762417;6.696026314562576;6.3672655428761855;0.601916977106792  -0.30252123638950307  -0.739037789428923  4.124270382031339  -0.4596952852816253  0.625479856240525  -0.6304404762760538  2.1002901337608186  0.652974882641337  0.7192050131712782  0.23741935824366522  -3.250537227827795  0.0  0.0  0.0  1.0
13001298762448;6.742317045442832;7.971399980573342;0.5734586697060735  -0.059445211093132805  0.8170749176281402  -0.2478345565158343  -0.6380571980685054  -0.6579710141855379  0.39994644202020607  -3.6084869053697703  0.5138367115455139  -0.7506932871484508  -0.41524862732866985  7.1275278824759685  0.0  0.0  0.0  1.0
13001298762479;4.7976364578938275;4.533144015077748;0.617328735054938  0.7092854326043115  0.3403225058246739  2.7312534503037584  -0.7857015471347755  0.5340215749637662  0.31224035021636787  0.3038692351783543  0.03972797132363044  -0.4601468597834109  0.8869535251217932  -7.311909098421958  0.0  0.0  0.0  1.0
13001298762510;3.641411788076855;3.26822754937269;0.5339893863546241  -0.8177745337978759  0.2147094481672388  -0.009128476258909002  0.8434421884081695  0.5329015286933776  -0.06797966997199051  -0.5517358871085888  -0.05882695023415499  0.21739542908701937  0.9743093027053675  -1.9328434255022457  0.0  0.0  0.0  1.0
13001298762541;3.070002262790549;3.2849272587851126;-0.8148825327824885  0.5650907823639498  -0.128991726297834  2.9698238078395875  0.41084530927758384  0.7200946159353633  0.5591689153963297  -3.97342009558907  0.4088674474821916  0.4026613363463152  -0.8189574217266711  3.5661188168583102  0.0  0.0  0.0  1.0
13001298762572;5.3165421424298245;3.2363343944881633;-0.22223486506271262  -0.6033630945036174  0.7658750818126782  3.1564022335885698  0.741863720348643  0.40506335651725217  0.534379918819418  -2.396319073003376  -0.6326530527714451  0.6869327866669314  0.3575939896320623  1.1005475754907579  0.0  0.0  0.0  1.0
13001298762603;8.701034267553123;6.979222688657274;-0.7824926144298254  -0.21781864463893186  -0.5833183919699731  5.0824106966424  -0.4674190775410632  0.8244067873966328  0.31917527292229986  0.7911722516928084  0.41136931620313893  0.5224064384576648  -0.7469048123720585  -3.789931106660284  0.0  0.0  0.0  1.0
13001298762634;3.6983118308243395;3.559075886112049;-0.4963160603151461  -0.8668719195780614  -0.046940849164661944  -1.2425379476282337  0.8494412308483255  -0.49607687441925863  0.17988143317558217  -2.6418414358346793  -0.17922043300956106  0.04940455154605111  0.9825676702794567  2.1466878054978435  0.0  0.0  0.0  1.0
13001298762665;3.264462073407414;1.7855042791426037;0.14679569536042394  0.0814753582190137  0.9858056552012334  0.772824573375106  0.9886780556066329  -0.043411172055686176  -0.14363555445167242  -2.2210317924136658  0.031092220659472425  0.9957294994845914  -0.08692547193215366  0.15058262557510893  0.0  0.0  0.0  1.0
13001298762696;11.28400940315467;11.741353712274956;0.36422355829581887  0.9311824842809492  0.015504210740694142  1.8508826621159002  -0.9167318800880033  0.3614061583061514  -0.17025935736018522  -3.431728994456413  -0.16414584860009818  0.04779926470928886  0.9852773064881809  6.4652657728625975  0.0  0.0  0.0  1.0
13001298762727;5.9914853246080435;7.421227699609689;0.6287588622008851  0.7679900404998625  -0.12187530880727238  -7.63296173520631  -0.7612798902273987  0.5760119611616151  -0.29776357959648103  4.869905045245894  -0.158477827910431  0.2800027112221767  0.9468279990415484  1.245100486988358  0.0  0.0  0.0  1.0
13001298762758;2.650189718750765;6.803270758199178;0.10792534065158582  0.7786650570220592  0.6180880599219443  8.404858267097135  -0.22887033888346484  0.6244804103474731  -0.7467547020753327  -0.16995809388987682  -0.9674556779639092  -0.060868268129504646  0.2456105964943447  5.035972142403557  0.0  0.0  0.0  1.0
13001298762789;12.47752396560415;13.657454831120825;-0.8117598845312488  -0.5153724745292861  0.27465815546488725  -0.9597237673287728  0.5839429405676911  -0.7102637010256212  0.3931108204648478  -12.284352458019479  -0.00751877828984536  0.4794962851815936  0.8775116981955738  6.916397968708675  0.0  0.0  0.0  1.0
13001298762820;2.5113803815995865;4.875211498493511;-0.24848596409477075  0.9682965355501636  0.0256231319210349  11.172569358431772  -0.9651335588013847  -0.24974830090559105  0.0783772918015487  -2.649904745734838  0.08229179377840203  -0.005254087582140771  0.9965944286621377  -2.1546682730445292  0.0  0.0  0.0  1.0
13001298762851;8.315224491879562;10.202047565857823;0.6853575303977804  0.6230621397377316  -0.3769331844670806  3.8669649755934983  -0.7253918851969936  0.6296010854755358  -0.2782248839668688  -5.535901665523674  0.063966150559545  0.4641077926446242  0.8834660652165017  5.813259033544095  0.0  0.0  0.0  1.0
13001298762882;7.127338882949794;8.86018483846022;0.07931957323714853  -0.9091021747514111  -0.40895188123266135  8.475954201997917  -0.22087745829899094  -0.4160753258718819  0.8820966339443688  -9.80622679572251  -0.972070755509523  0.020360723534868452  -0.23380309497584173  2.578189271189665  0.0  0.0  0.0  1.0
13001298762913;2.3308338239256097;2.2245163415003426;-0.8145811514956856  0.4381811949438108  0.3800720826706109  8.56064706858222  -0.5025993502164755  -0.2060793852915399  -0.8395982254148923  -0.3159371402770068  -0.28957113252176614  -0.8749448710378692  0.38809796682614406  -1.2683903862963257  0.0  0.0  0.0  1.0
13001298762944;13.120560348922597;13.643202672882504;0.787109656032178  0.6107586127000061  0.08621082526962662  -6.509242372811097  0.5811242585372548  -0.781141470900394  0.22828184023065587  -7.6159313621006905  0.20676795090253292  -0.12958363882964757  -0.9697706404234125  2.8811094956110903  0.0  0.0  0.0  1.0
13001298762975;11.342250680316473;9.471383147085803;0.6551998146861208  -0.2875022830484443  -0.6986097909972383  2.8706727063271567  -0.7094774330358901  -0.5518609808081798  -0.43828213501606206  5.100406554306827  -0.2595283700254691  0.7828102548532216  -0.5655555941271886  7.73629079915465  0.0  0.0  0.0  1.0
13001298763006;4.458598501776789;3.364877320416626;0.9754172230022893  -0.08723844957942439  -0.20236277816209433  0.7341072785057308  0.1735250059352199  0.8701022262180982  0.4613146304264483  2.6976598725699965  0.13583193065580965  -0.48508923802253856  0.8638507497068159  -3.0014529244351316  0.0  0.0  0.0  1.0
13001298763037;6.669679305647058;6.858108056977899;-0.8804094321881459  0.473834571911654  0.018974461137187315  10.56442486630932  -0.43984364335636184  -0.8308995971908991  0.34079822298099527  -3.5298990965992854  0.17724785221025574  0.2916961738681228  0.9399449670260224  -3.7230582290948515  0.0  0.0  0.0  1.0
13001298763068;2.7376255445017748;3.802259552564771;0.5338199219576535  0.499307537201198  -0.6824428724920494  -0.34778314099718566  -0.6997356638073805  0.7139651266219977  -0.024975963718736213  5.387503905553084  0.4747697249374371  0.4908622833969926  0.7305120991613497  -2.01450624162384  0.0  0.0  0.0  1.0
13001298763099;6.456555758447102;6.030949196461777;-0.7486513363296933  0.4527639147802451  -0.48427885983659463  9.843132781194432  -0.6526201983561644  -0.6318387331733135  0.41817064932812364  -1.667585262099609  -0.1166535610657719  0.6291141809996106  0.7685097878074583  0.2570880145593222  0.0  0.0  0.0  1.0
