# ransac_benchmark.py --distance_metric=euclidean --max_correspondence_distance=0.15000000000000002 --estimation_method=TransformationEstimationPointToPoint --ransac_n=3 --ransac_confidence=0.999 --ransac_max_iteration=100000 --input_txt=/neural_comparison/point_clouds_registration_benchmark//eth/gazebo_summer_global.txt --input_pcd_dir=/neural_comparison/point_clouds_registration_benchmark//eth/gazebo_summer/ --input_features_dir=/neural_comparison/experiments/3DFeatNet/feature_extraction_voxelgrid_0.1//eth/gazebo_summer/ --output_dir=/neural_comparison/experiments/3DFeatNet/results_ransac_voxelgrid_0.1//
id;initial_error;final_error;transformation
36535719080030;2.8719654907800902;1.6990308335625475;0.9879731518329619  0.049171062562138906  0.14659896951804724  -0.9498321380689152  -0.013905124504003885  0.9725021838576873  -0.2324782783499504  1.9043708257133725  -0.15399902197667126  0.22764382047079407  0.9614897774972385  4.106925717814213  0.0  0.0  0.0  1.0
36535719080061;2.8185456084080336;8.264001792739379;0.20887392123109455  -0.2057850129541358  -0.9560461356404376  -1.4659853646981018  0.4811805170088299  -0.8294576313453772  0.2836641462258364  12.756418670282297  -0.8513735931309255  -0.5192808163666198  -0.07423232902822446  8.157932985706447  0.0  0.0  0.0  1.0
36535719080092;1.9001870719663094;1.9226482394220863;0.6312464706195365  0.7311189832601556  0.2588299164451732  -0.33998193615905503  -0.5226598553413327  0.6475698836096426  -0.5545087208118297  3.637675059180246  -0.5730223110359283  0.21475166625297792  0.7909027455361451  -4.36206463742063  0.0  0.0  0.0  1.0
36535719080123;2.152334886682317;4.824417175073078;-0.7067345669571949  0.6438581165334789  -0.2932114896142178  -0.37944558922115545  -0.4438684046494107  -0.7262576013897419  -0.5249102168729484  2.8312042605907566  -0.5509147767321314  -0.2408248786931701  0.7990596264238401  -9.651229873664382  0.0  0.0  0.0  1.0
36535719080154;3.7084111945439853;5.25224630064995;0.3745592876039426  -0.10004552232868946  0.9217896905105888  -7.309411348664181  -0.7977703499434556  -0.5414084499361579  0.2654041429383176  -6.462659648320611  0.4725122313980067  -0.8347860706790133  -0.2826029146692764  12.160810287258204  0.0  0.0  0.0  1.0
36535719080185;2.3222284832250804;4.011285852418441;-0.5940783961297209  0.6917147754663661  -0.4106111647939613  4.277775855278655  0.30170721339132583  0.6647916260595134  0.6833921650917499  -8.889984611161928  0.745683321953482  0.28210417104797136  -0.6036336803374689  1.4692895563280985  0.0  0.0  0.0  1.0
36535719080216;4.7404660091141455;3.3972272034173403;0.9158420642185358  -0.37842392522550405  0.1342707943852769  -4.19978187285243  -0.031879117407401805  0.2648099011973164  0.9637735408804248  -1.6078016388291019  -0.4002712021633033  -0.8869447835377291  0.23046022579602354  5.858500236255175  0.0  0.0  0.0  1.0
36535719080247;2.9917173628249674;5.766862212005262;-0.825295410815779  -0.04647516081795045  -0.5627855224802427  -2.434305796612671  -0.0290003121835389  -0.9918043419125318  0.12443122299771661  -2.0742855563131286  -0.5639560858610102  0.11901347314651328  0.8171837776350752  0.3995643031454992  0.0  0.0  0.0  1.0
36535719080278;1.8936058971638152;4.352232242471765;-0.10778573913785754  0.6510106785308841  -0.7513769565785627  8.180242002172761  -0.18232303822368678  -0.7559058920246235  -0.6287802415274689  6.151833052090163  -0.9773129202928762  0.06921978648635185  0.2001701201163501  5.282814875515058  0.0  0.0  0.0  1.0
36535719080309;2.0474131250721026;3.1329106625391994;-0.8157108428723596  -0.5086717645398477  0.275443019117172  2.3409691550192138  -0.5526328023185182  0.5445808635452551  -0.6308951330148984  7.327272022449043  0.1709175433419484  -0.6668468482494477  -0.7253292179126188  6.605599555886375  0.0  0.0  0.0  1.0
36535719080340;2.643359974182583;2.3595011110397843;0.6002726094859651  -0.5836589110196296  0.5468227042545784  -1.221984355256543  -0.27566356497001865  0.49082575589297767  0.8264984430113025  2.2021619452023264  -0.7507878483625917  -0.6468634731838452  0.133735761154609  5.035351717097346  0.0  0.0  0.0  1.0
36535719080371;4.184735305781556;6.496976595489375;0.8758004026870131  0.4382126251330963  -0.20234463132790556  0.9433960577235299  0.12795558631197357  -0.6150038531035178  -0.7780730226652156  10.912283834458176  -0.4654041497288406  0.6555455406314559  -0.5946923755803402  10.114585235382782  0.0  0.0  0.0  1.0
36535719080402;2.5739270336253104;1.4297394799254948;0.18063685935408394  0.9807819870526253  -0.07373614389021299  5.783883664508917  -0.8225141638492577  0.109529289282283  -0.5580983650367333  4.279617780420204  -0.539296555996837  0.16146215860821256  0.8264921028222397  1.5299472403251908  0.0  0.0  0.0  1.0
36535719080433;2.734748311517099;3.0653740266525076;-0.136104724111498  0.6022396382130231  0.7866275625984516  6.695380378479882  0.21154843996018524  0.7933699823836986  -0.5707988512627742  -0.7162184375369804  -0.9678443891581671  0.08872141352310536  -0.23538425851682832  11.500859524914718  0.0  0.0  0.0  1.0
36535719080464;3.7323423107611307;1.4390980577713728;0.09828895785706857  0.7271323098065932  0.6794246719090359  3.378398022525456  -0.37316905849037096  0.6598425420066458  -0.6521906726898343  2.170483476922082  -0.922542212881764  -0.18943712358863957  0.33619851525204714  1.9786738868661526  0.0  0.0  0.0  1.0
36535719080495;4.095283908390811;7.169589316400762;-0.39260983201879707  0.6374929768023011  -0.6629179619907071  5.068583940682823  -0.6951645082140891  -0.677627803265302  -0.23993096248984733  16.894050193336007  -0.6021659458335679  0.3666377841543089  0.7092058297199644  -0.6154149371920443  0.0  0.0  0.0  1.0
36535719080526;2.3278553928468253;2.8026756817681733;-0.5027306229491264  -0.5190242146096815  -0.6912856033492862  2.079271671294811  -0.714904288262798  0.699203998316698  -0.005062347420457809  3.296630440961607  0.4859771387345764  0.4916580451764689  -0.7225638983789654  2.662413749937296  0.0  0.0  0.0  1.0
36535719080557;2.2194490343578286;7.9558222453052565;-0.9569501988346101  0.18633132198556884  0.2225465241191376  3.3330177734868163  -0.21579414604842145  -0.9695024302508012  -0.11618056751893689  15.434044738043251  0.19411131724253539  -0.15920325431629828  0.9679747519090919  1.7695540349136913  0.0  0.0  0.0  1.0
36535719080588;3.796227498088121;3.4570209321501695;-0.18598471338319905  0.960474821025197  -0.20711785187275727  1.95264973848617  -0.7276382892844929  0.007015014350934393  0.6859251486429067  2.000574684479448  0.6602667690826993  0.27827847158965135  0.6975735702381661  2.9315156341413346  0.0  0.0  0.0  1.0
36535719080619;2.4973131938563013;6.205058328793531;-0.04752547152876885  0.03410361992805028  -0.9982876702953777  -11.659382684761479  0.5476175880340507  0.8367249594286909  0.0025138704870125983  2.3241867262686675  0.8353779425096992  -0.5465604132910282  -0.05844149032496698  -1.2759233841459423  0.0  0.0  0.0  1.0
36535719080650;2.045757500568744;6.5094584515793255;-0.19109838934667875  0.5205555915249156  -0.8321678206475248  -16.171461682837453  -0.935930233746816  -0.35214474700597587  -0.005354877657662488  0.16594604042221128  -0.2958310381750651  0.7778277143996879  0.554498010423862  5.300520451916623  0.0  0.0  0.0  1.0
36535719080681;3.422151150058385;6.3426425281983265;0.9941244149290271  -0.10082413923730013  0.03938452220198339  -7.472241554061949  0.07647778910041278  0.3967505872119377  -0.9147349995060294  16.63885252960696  0.07660153664472884  0.9123724373818192  0.40213025264163643  4.476837556416232  0.0  0.0  0.0  1.0
36535719080712;2.329822326641319;4.087035707304753;0.2084228104637587  -0.9138143425885858  0.3485732051632477  -3.6151449623696177  -0.06942677516234425  -0.36932459506586757  -0.9267034403572646  -0.7021100699973966  0.9755715529723825  0.1689458219632086  -0.14041885298004064  -2.428114214361295  0.0  0.0  0.0  1.0
36535719080743;1.5817497009913515;3.507666706114723;-0.7187536254899223  -0.6372638659133392  0.2780071780481185  7.214080851357576  -0.6899135306025641  0.6042072473280857  -0.3986890048242145  0.8690929558699076  0.08609614472551824  -0.4783600814004062  -0.8739331132220584  4.813402631915602  0.0  0.0  0.0  1.0
36535719080774;4.455523395855616;4.708174882136196;0.7591357568013934  0.6279939137951968  0.17127914929076204  -0.5088970167936617  0.2528344353655594  -0.5269407684468925  0.8114235483654495  -8.176101689058592  0.599823016429809  -0.5726753624740544  -0.5587980656518562  5.166811161318348  0.0  0.0  0.0  1.0
36535719080805;2.6623006804379994;5.050827403574863;0.6106941031827456  -0.47770715015891646  0.6315446073120002  13.596922178516904  0.19715588063284628  0.8641500558108685  0.4630056584686195  6.233497156130335  -0.766930421270215  -0.15824209215350776  0.6219141172229263  7.964534385416167  0.0  0.0  0.0  1.0
36535719080836;2.3641851278479833;3.4903230876053812;-0.5440290002185805  -0.5712406613562676  0.6145864900357197  2.125812484033304  -0.22703342313270938  -0.6049258901056926  -0.7632303009318218  4.930188181984173  0.8077674614032281  -0.5547510921963915  0.19940650442022861  3.6435001556999067  0.0  0.0  0.0  1.0
36535719080867;2.3245937370798613;5.555479105120196;-0.7868172741020536  -0.003268225393935356  -0.6171773617667682  9.33834757840471  -0.33971684982569456  -0.8325771662468499  0.43750168478403717  -14.126267770738536  -0.5152776330475837  0.5538994321599717  0.6539758251906109  4.407566200859687  0.0  0.0  0.0  1.0
36535719080898;1.1108467191895781;5.1239470655756705;0.8621802359849235  0.38144411645803045  -0.3333851026913683  2.1682879923156566  -0.4655276186897558  0.3369697569518084  -0.8183736427432672  -7.715634640555156  -0.19982311406348133  0.8607855533867839  0.4681014357664172  10.342497754258883  0.0  0.0  0.0  1.0
36535719080929;3.0133446968971027;2.9008683272609854;0.6296748553207963  0.08026800886831793  -0.7727008627722954  5.125266368549262  0.2077473754282854  -0.9758212739896824  0.06792546821194706  -9.632994107025535  -0.7485656982385669  -0.20329753560107117  -0.6311255876916559  1.7594684184326908  0.0  0.0  0.0  1.0
36535719080960;4.172447019856412;9.087459089623282;-0.3180913216330054  0.7096820874680672  0.6286248848309594  -14.258257316342867  -0.6484168381009884  0.3208765117766986  -0.69035778278885  11.82535566427757  -0.6916455126500035  -0.6272077797006244  0.3581017815009142  -4.9137436622025685  0.0  0.0  0.0  1.0
36535719080991;2.0023267432930947;5.191514186021519;0.8967950674565165  -0.05521558355967038  -0.4389872963057448  8.827843551934388  0.3499723038703694  -0.5185154281901267  0.7801673777161398  3.5091321762451315  -0.2706990829488132  -0.8532836515842643  -0.4456781534130838  -0.9178613976488892  0.0  0.0  0.0  1.0
36535719081022;5.2049478600741095;2.3801316199687417;-0.19325997655122412  0.82061998579307  0.5378042584253142  2.6419818015688272  -0.4306295312391139  -0.563465179414832  0.7050285089354845  -5.072071392515696  0.8815944579500267  -0.09534060259927614  0.4622784671686596  -0.6140095717942229  0.0  0.0  0.0  1.0
36535719081053;2.759339837400279;3.375961142101779;0.8459061079505148  0.5180781243278225  0.12664088449224703  -4.601046471382099  -0.37220402140939124  0.7435262218321594  -0.5555474092232571  5.305115858671199  -0.3819777781215697  0.42280470023518074  0.821784133748242  1.6231913456295937  0.0  0.0  0.0  1.0
36535719081084;2.627616704218367;5.10345555143004;-0.7272617005086649  0.3056582426375607  -0.6145432919501792  1.3392179075044146  -0.2431677131412704  -0.952033154020388  -0.1857480469120416  7.354657720638656  -0.6418410101098952  0.014349646466418009  0.7667034663984502  2.0109363075806574  0.0  0.0  0.0  1.0
36535719081115;3.3642234081663633;3.5984415480248053;0.41076485801030377  0.4715355286758457  0.7803374120341567  0.22858445310399844  0.9108354846615411  -0.17408657748520187  -0.3742627197849987  5.953387296109369  -0.04063190009279285  0.8644929778406996  -0.5009999400788085  1.9598149190768783  0.0  0.0  0.0  1.0
36535719081146;2.4293434851076756;4.049002778232171;0.3737116526195998  -0.8810416069111121  0.290009116387422  8.165810417489514  0.8028595023477418  0.46383299700098035  0.37453380405915965  -7.007812259570034  -0.46449566218239763  0.09286892798225996  0.880692421921048  0.3254564207110502  0.0  0.0  0.0  1.0
36535719081177;3.5423989428844522;6.837712533216939;-0.022767933151475628  -0.7958342947262265  -0.605086271995672  -3.7648333137892434  0.3057332808248089  -0.5817896260475174  0.7536895859832408  11.515202630277031  -0.9518449360143222  -0.1678350570086595  0.2565591772336194  14.443366641309066  0.0  0.0  0.0  1.0
36535719081208;2.4968567701157345;2.352618151080531;-0.22962538917186678  -0.03118373361756538  -0.9727793970913122  5.204742686167092  0.7418659951438158  -0.6525776283248477  -0.15419884649112087  -8.893665296932769  -0.6300055760840091  -0.7570799256139242  0.17298254344144182  4.575044626906514  0.0  0.0  0.0  1.0
36535719081239;2.6254413723760552;3.448374924085759;-0.46763198683717594  -0.8550796951171411  -0.22396213940104265  9.24926681204392  0.8806505634042057  -0.42891463522477175  -0.20121337148871574  -12.745604413415467  0.07599282902070544  -0.2913261929322144  0.9536006183141097  -0.56542770678603  0.0  0.0  0.0  1.0
36535719081270;4.852975213123584;6.130261564960469;-0.33574871704302456  -0.7600911649475849  -0.5563579962331676  7.730707927924427  0.771231598543986  -0.5609340891669358  0.30092319454928584  -7.7549273802051895  -0.540809227372509  -0.3280462902992239  0.774539224965183  -8.395023004221622  0.0  0.0  0.0  1.0
36535719081301;1.4134837583742463;7.020431054420473;0.9145837075613436  0.17807142519080085  0.3630801693756703  -4.665091875841984  0.029631821261344837  -0.9249277375973948  0.37898632612760885  -13.190859491285902  0.40330955484848596  -0.33585599258236165  -0.8512004201211567  6.981125994963227  0.0  0.0  0.0  1.0
36535719081332;2.6207414559357245;4.508162659609332;-0.10796068799732825  -0.9572168639577003  -0.26847786724817696  7.215931956743803  -0.42070338263741563  0.2886726937245111  -0.8600446149678939  9.923252346768534  0.9007514383472175  0.020098538574255836  -0.43386967520512343  1.290752310935857  0.0  0.0  0.0  1.0
36535719081363;4.7790429741920475;9.305515830550414;-0.8176815629674555  0.4464215867030781  -0.36346200421585384  -1.913546974885839  -0.0849902354701793  0.5308364908781723  0.8432018025519585  -14.856732241650258  0.569362381491632  0.7203612891304298  -0.39611373576855735  0.24259221736819336  0.0  0.0  0.0  1.0
36535719081394;1.4663573651430153;3.2030531526866173;-0.45560352717507524  0.43404623456900815  0.7771932142537633  6.521563013520671  -0.8901827992026813  -0.22205052501703007  -0.39782929548154233  -3.852827407694342  -0.00010014644028355502  -0.8730964612207104  0.48754749448085977  -0.8601209004823138  0.0  0.0  0.0  1.0
36535719081425;2.332117443040167;6.18438345451551;0.31694225970183737  -0.8632136190475719  0.3929501901079656  -3.2910073230781878  0.8499425306046325  0.4423581147725282  0.2862114479965615  8.816286496018018  -0.42088632513362384  0.24327257590137086  0.8738839483191259  12.42960615907771  0.0  0.0  0.0  1.0
36535719081456;3.9542146055036578;3.47055491312397;-0.10861930287200983  -0.9916392813556373  -0.06966622363867886  1.341371316975549  -0.9786230256878655  0.09435540035609136  0.1827403404209626  4.175657901147542  -0.17463911542700344  0.08802609894865004  -0.9806898517200819  8.707439805901629  0.0  0.0  0.0  1.0
36535719081487;3.3533169379046845;3.2236495824935476;0.3978359014479037  -0.65254533987403  0.6449117574737033  8.32171025747594  0.6498768986291414  0.6966124154886408  0.3039591407002756  -2.146694704165678  -0.6476006579268607  0.29818739409265516  0.7012115699679579  7.088385366112523  0.0  0.0  0.0  1.0
36535719081518;3.0920879439740774;3.232602687582415;-0.30025936528679037  -0.9194171014710519  0.2540009981872948  0.200096301536417  0.9071363207138698  -0.35756057503908145  -0.22193271687478655  -8.207918810219898  0.29486947824296184  0.1637761542480766  0.9413975579426758  4.245768100525593  0.0  0.0  0.0  1.0
36535719081549;1.5294161413651834;2.4498607458281034;0.4349570890526121  -0.05416116745606  -0.8988208378885499  2.5045959480682454  -0.7122837216462643  0.5899748589182111  -0.38023882721545477  5.778144852282652  0.5508758758201575  0.8056030249348833  0.21803562932498166  2.329643534298408  0.0  0.0  0.0  1.0
36535719081580;3.0692450464075005;3.0025962850896737;0.5400572665088224  -0.33129973016902275  0.7736786397988189  0.2246948402032655  -0.6805265948511218  0.3689822963230066  0.6330368225471072  5.063122058465704  -0.4951986496259406  -0.8683850262355599  -0.02618670690466887  3.8110314378545724  0.0  0.0  0.0  1.0
36535719081611;4.067373545893354;5.295572152506834;0.6265486347463864  -0.11525724545877099  0.7708129316939987  2.5469808343727474  0.24614132831865454  -0.9091259388430518  -0.33601260960902657  8.894337901209635  0.7394939180216215  0.40025716070046335  -0.5412420442990693  -3.3737645342456477  0.0  0.0  0.0  1.0
36535719081642;1.8617882493278746;3.4489220594693504;-0.10828148684708987  -0.09222851012773933  -0.9898328250395619  7.830322537985621  0.07874428024223776  0.9917629738816556  -0.10102248248061257  0.5231155994653078  0.9909966992555098  -0.08888253797586602  -0.10012710176397452  2.3141160530208778  0.0  0.0  0.0  1.0
36535719081673;1.5998785025075408;5.185179953322324;-0.6739806167243738  -0.3060542051802752  0.6723696541124553  1.2884342951373458  0.5718387573777529  -0.7923558883607557  0.2125384241512696  7.930781290889163  0.4677077761172035  0.5277338056932751  0.7090461666830955  -6.878183339592092  0.0  0.0  0.0  1.0
36535719081704;1.9756325052656099;5.1496638303873805;0.3161582275206529  0.17669699819493223  -0.9321062954405468  -4.5685651418256725  -0.8951714910173372  0.3809386226731572  -0.2314168693627938  5.8254979214027465  0.3141846222220263  0.9075593295122797  0.2786109950709494  -1.9327597808263928  0.0  0.0  0.0  1.0
36535719081735;3.6039393451346733;4.501355756308254;-0.07497245862413021  -0.07543282653687797  -0.9943284261895113  -3.0723738047801947  -0.8735723380647664  0.4858289149797907  0.029010955475768818  13.76329354748665  0.4808851220571403  0.8707928307296844  -0.10231981887138292  -4.082895329249023  0.0  0.0  0.0  1.0
36535719081766;4.290345428514503;8.977156086945724;-0.11362095981338555  -0.4029457814925539  -0.9081436971473407  0.4647755689851323  0.5341085764978093  -0.795516759914237  0.28614876062467814  15.100342777139268  -0.837745967464225  -0.4525348405072367  0.3056041755678752  1.8475657200419355  0.0  0.0  0.0  1.0
36535719081797;3.80649089162507;6.620108872186115;-0.24383017432924642  -0.4081908595063692  -0.8797312477694662  -6.204789554075566  -0.300396191826577  -0.8307096339485528  0.4687042052309243  -13.469415824151676  -0.9221219951951368  0.37855214473109755  0.07993309512852938  6.014132077702488  0.0  0.0  0.0  1.0
36535719081828;1.9802991795936433;1.933040885344194;0.18308426418785578  -0.9830585248394437  0.008722897872154911  -2.3656398256832163  0.9788023877678781  0.18310572746639409  0.09175063089103658  -1.6847631061874768  -0.09179345241732678  -0.008260103479936165  0.9957438088101822  1.176255205564726  0.0  0.0  0.0  1.0
36535719081859;4.6068693402346454;6.870010564757227;-0.0939543261545011  -0.5655738038195612  0.8193282962463375  0.6874180359618545  -0.24540721502376767  0.810731291318454  0.531497951163869  -9.194180835522397  -0.9648564055915954  -0.15113254351788297  -0.21496760425395123  -2.7376494143971026  0.0  0.0  0.0  1.0
36535719081890;4.508629332811153;6.754462720621159;-0.4103611013212277  -0.4548025167271518  -0.7904166226118213  12.82855293675598  0.02375321021514626  -0.8717947128374778  0.4892951702940608  -4.485764635365752  -0.9116137074040209  0.18201277275858382  0.3685536582722085  17.31881470532127  0.0  0.0  0.0  1.0
36535719081921;2.2999981710951882;4.9393076287389155;0.37555555900897053  0.21170752408389756  0.9022959305813842  1.4205986002929318  -0.8393789458718053  -0.3350686606193303  0.42798595525776956  -7.189241067946808  0.39293893587248085  -0.9181007117506416  0.0518659402533921  1.7508735429396909  0.0  0.0  0.0  1.0
36535719081952;1.2152378562390587;4.011094176372814;0.6348560162361709  0.5306560455273085  -0.561571010642517  -2.068695766135944  0.21152591265511694  0.5796872443624141  0.7869050050666417  6.248209844998069  0.7431114498674873  -0.618358197219727  0.25577043028272667  9.523467768991084  0.0  0.0  0.0  1.0
36535719081983;1.4321260052918148;1.1581169052463798;0.6669304335735855  0.7141182381342902  -0.21269447274747555  2.9319805266782737  -0.4139759381919604  0.592459078350928  0.6910977955960034  2.5997825170179  0.6195383114638157  -0.3728637585547111  0.6907567576108237  -4.46230156389153  0.0  0.0  0.0  1.0
36535719082014;2.1446172376713286;1.9192739201672229;-0.5372547914863287  -0.22457599747528711  0.8129716541079167  5.534024084626339  -0.4687570769508337  0.8808233962606163  -0.06646011893176154  -0.1358596818368546  -0.7011591059335197  -0.4167922335623514  -0.5784981782241109  3.394780576481228  0.0  0.0  0.0  1.0
36535719082045;1.9741406690068724;1.8140538859811655;0.35300368566160123  -0.9348758760420065  0.03735631545021431  1.6061344661341561  0.9256753574079606  0.3547788355173145  0.13136632200310094  -4.570271790690284  -0.1360644354597098  -0.011792975183081684  0.9906297972196081  3.35424603037484  0.0  0.0  0.0  1.0
36535719082076;2.7263856166451443;2.593342143523364;-0.9472625188670928  0.30615609301709534  -0.09466872270226762  8.069546413902875  -0.3013712424060691  -0.9515134024696372  -0.06162482593302408  -4.673574395471017  -0.1089453743864024  -0.02984445726028466  0.9935996244819371  2.1113790648725828  0.0  0.0  0.0  1.0
36535719082107;1.536577084651521;3.434173334263449;-0.07770783984851476  -0.9944241819861461  -0.0712884135555136  2.830028766229575  0.990805930756582  -0.06908622250750107  -0.11632154330659597  1.7270314968928941  0.11074790834892473  -0.0796720788032318  0.990649918313988  -0.6348407248688224  0.0  0.0  0.0  1.0
36535719082138;2.448192473659257;3.1184586587612233;0.8271519529738407  -0.43474586106015844  0.3561118967159371  -6.671929843169193  -0.5463482628694062  -0.4736775836456374  0.690748233737309  4.997863260985106  -0.13161771290804028  -0.765914866706928  -0.6293259843723011  4.618554633370633  0.0  0.0  0.0  1.0
36535719082169;2.751939271344588;2.976918917923443;-0.27730039553532937  -0.11687190664635808  0.9536484929326923  9.86365699558218  -0.8334601696725331  0.5230393798538079  -0.17825249701358298  6.5320831334302625  -0.4779630071515821  -0.8442575226546639  -0.2424471060574403  3.193547176831146  0.0  0.0  0.0  1.0
36535719082200;3.495996902324403;5.803573571750444;0.22316453256775454  -0.25870391776598656  0.9398243848381164  6.366912427889844  -0.38076496300557827  -0.9106770297320181  -0.16026662305616934  -3.7875555763844613  0.8973380825258536  -0.3220863711040837  -0.30173620133790124  10.114628228346232  0.0  0.0  0.0  1.0
36535719082231;4.028218031238248;4.378742154317674;-0.9599140115736876  0.21461618905176838  0.1802913802193736  11.614102140350171  0.25804718001354227  0.9277896759759876  0.2694772161787179  2.0402058674797425  -0.10943830806244029  0.3051986378561815  -0.9459794121328234  -5.04310040383438  0.0  0.0  0.0  1.0
36535719082262;2.352339194995012;1.644828820404979;-0.12052778353691762  0.5271270207659061  -0.8411956712763902  0.28749600274527265  0.8996102813547191  0.4162787894863757  0.1319595055486348  0.6399122058428333  0.4197313367817095  -0.7408434877909214  -0.5243820472911161  0.9996900768127421  0.0  0.0  0.0  1.0
36535719082293;4.915635355433878;6.563613383143781;-0.5069622148851078  -0.44600184477144195  0.7376121386875738  7.798854847445063  -0.03862588971708558  -0.8431158132061767  -0.5363429557337834  2.874190319119881  0.8611024058277559  -0.3003965378997539  0.4102006419979036  8.610643627683713  0.0  0.0  0.0  1.0
36535719082324;2.6136203318699214;2.998467576276407;0.30501542038003493  0.5944028930849234  -0.7440771425213014  8.833314007573197  -0.8879087660789268  -0.10502109321771597  -0.4478711791347537  6.029954684476874  -0.3443597195529545  0.7972802334635108  0.4957424864562058  4.721910069215765  0.0  0.0  0.0  1.0
36535719082355;2.6932219088290648;3.988214599913477;0.8832624630283674  0.040949373197381594  0.46708732613913134  6.06787995319517  -0.41965165005169336  0.5133808705195142  0.748553654986412  3.348783595684294  -0.20914089512563694  -0.8571833121447051  0.47063452419757756  0.10417284327926224  0.0  0.0  0.0  1.0
36535719082386;4.785475193293865;4.685234555824315;0.6673493025166506  0.6842694751435467  0.29397311750790367  3.8600164565186117  -0.7421613853211321  0.6438817354397295  0.1860451259918972  -2.680008714711364  -0.061978920358125994  -0.3423325812041525  0.9375324086544122  -7.213176496461595  0.0  0.0  0.0  1.0
36535719082417;2.477038884971137;4.696082340909207;-0.16503447748178493  0.8810835055676746  -0.4432329832705279  -8.501336001732042  0.9052699354860687  0.31369145419411837  0.2865030810840078  5.486248330337162  0.3914715381063665  -0.3539626078869878  -0.8493883134765151  6.63093052628407  0.0  0.0  0.0  1.0
36535719082448;2.815184467780424;3.480838473846945;-0.510535616347692  -0.810139784636626  -0.28814391159523534  8.66609614474897  -0.8530437004591922  0.5193059891130486  0.05135888217441392  9.136202818242019  0.10802698527390908  0.272019887177829  -0.9562088430005188  4.852752386605658  0.0  0.0  0.0  1.0
36535719082479;3.430440585461284;2.46869826256162;-0.02272007754881375  0.5898266973544468  0.807210174096017  1.4343926891622005  -0.25247348382774837  -0.7846326988281096  0.5662231608593886  -4.251966877405878  0.9673370343577549  -0.19093453071056465  0.16674251690040193  -5.9960473775572165  0.0  0.0  0.0  1.0
36535719082510;3.752685809770862;3.9126590316101195;-0.3596420336626084  -0.9072753958495233  -0.21796551036600764  0.009673387795632093  0.9325091206794925  -0.3577180653706994  -0.049643988125489424  -5.243694914142694  -0.03292943170756287  -0.2211088912584358  0.97469303410555  2.833589283697261  0.0  0.0  0.0  1.0
36535719082541;1.6713742885955687;4.1889673370281;-0.8976936655663427  -0.04519607570059617  0.43829601588804057  8.983959598454497  0.08552177052983466  -0.9936807736315217  0.07269488895722159  -6.78917427124563  0.4322408004428848  0.10274159263086427  0.8958861844989955  -4.309863378997458  0.0  0.0  0.0  1.0
36535719082572;5.705872389959219;11.24303444406053;-0.02309660880272707  -0.39438127791569544  0.9186566030304237  -16.06609526125673  -0.49376631964971396  -0.7945032015597029  -0.353496088084379  3.8763661731295818  0.8692878511985493  -0.46176625076001915  -0.17638186249624532  -5.295322587751628  0.0  0.0  0.0  1.0
36535719082603;3.111669804062568;4.6452998990427545;0.22985201802295502  0.2746894075677316  0.9336561354057841  3.2532034717316294  0.743089244882237  0.5699797336632808  -0.3506301147270195  3.1137075927501194  -0.6284794538814475  0.7743828720879772  -0.07310775243196316  9.36494783182414  0.0  0.0  0.0  1.0
36535719082634;4.355140868473985;5.669114326662608;0.12244128709316307  -0.5042754695833322  -0.8548183327418045  12.860202576072878  -0.5478927313357871  0.6838185211214071  -0.481877354853641  -4.1416740164483254  0.8275395375233623  0.52735043467114  -0.1925612445114004  -1.9384110179364238  0.0  0.0  0.0  1.0
36535719082665;2.7201030154491477;3.4515387891570732;0.658693464493686  0.6631527297725519  -0.3554593884377206  5.114541321161317  0.6943083994927072  -0.35367926198997146  0.6267749404946763  6.0190914846860615  0.2899288985720134  -0.6596509960831127  -0.693398728827344  4.525940387402026  0.0  0.0  0.0  1.0
36535719082696;3.2991237738734345;4.697518391254708;0.9805030798813599  -0.14120824633318427  0.13665263082236825  7.295107201442226  0.02643456396900457  -0.5943138977142988  -0.8037986096102723  -4.35735274636488  0.194717549725073  0.7917393650382328  -0.57899382870452  2.7006064123737965  0.0  0.0  0.0  1.0
36535719082727;1.2878238866021425;5.771892032679866;0.554820468352341  0.6380946999601443  -0.5338627181027563  5.956357966812197  0.42188383480374586  0.33728188744419624  0.8415788485539347  15.846556153059478  0.7170692280586128  -0.6921532216820596  -0.08207094422858074  -0.8596601837703304  0.0  0.0  0.0  1.0
36535719082758;3.2221881761895412;2.4174953087195643;0.47151236535559693  -0.2533535754293267  -0.8446822213909477  0.1937877824311114  -0.8818492761397149  -0.1308605007723752  -0.45300925322719854  -0.6595216861189916  0.004235975522938036  0.9584818700188229  -0.2851220113505607  0.303549482109132  0.0  0.0  0.0  1.0
36535719082789;4.375691271181936;4.592203744150086;0.22386850570824682  0.6546743640258822  -0.7220002557058159  10.308606039727328  -0.3068789667389441  -0.6557715995340279  -0.6897745349154479  1.7848012480367659  -0.9250449675151994  0.3759854868633763  0.054099184309148396  13.41411892710545  0.0  0.0  0.0  1.0
36535719082820;2.9711958970592893;5.384264316174107;-0.6974736961918939  -0.41677156960600326  -0.5829510287224522  13.67111031326612  0.1149631553172373  -0.8680231690592822  0.4830313146119891  -4.2973015422851075  -0.7073287185177211  0.26988374672149096  0.6533367027924019  0.5792107981407675  0.0  0.0  0.0  1.0
36535719082851;3.748982682712409;3.3251143529919576;-0.5572108273466528  -0.7785393773145903  0.2887776512444637  2.243344650870918  -0.7077552537775829  0.26340433214286324  -0.6555155669841886  1.4503411361722887  0.4342793969760578  -0.5696442712596895  -0.6977870804071462  5.4955536740400355  0.0  0.0  0.0  1.0
36535719082882;4.963661102647681;4.730796475265759;-0.4362558968234562  -0.8067500462948539  0.39854128429814273  6.591917942972128  0.864275687315579  -0.252420619877827  0.43509926106082597  -6.47926464507797  -0.2504163109742358  0.5342641607517247  0.8073744346548944  -6.289193013981366  0.0  0.0  0.0  1.0
36535719082913;2.817358654932551;3.8749912553868597;0.6150427984003277  -0.5422669076508067  0.572423756497514  -4.449912187558768  -0.7835857946914873  -0.5012213049720239  0.36711102652992056  2.949330646306513  0.08783882110777874  -0.6743321172159702  -0.7331851997943102  5.5183329632940845  0.0  0.0  0.0  1.0
36535719082944;2.334751411184137;3.2535297247923416;-0.08401323561135722  -0.583665011655604  -0.807636632658013  3.6746198543758704  -0.0678966322826286  -0.8052653759697721  0.589014194726188  -2.9401410837492232  -0.9941487934744921  0.10432079578552655  0.028024061088399915  0.21912369890505667  0.0  0.0  0.0  1.0
36535719082975;3.599500676289258;2.2392547200169077;0.157433868257393  0.09922943566297332  0.9825314734009905  1.1103364961365285  0.8591504155258134  -0.504319623075618  -0.08673108602276872  -7.399337800185036  0.48690362560504263  0.8577967340103798  -0.16464999998113972  -1.8619405315836985  0.0  0.0  0.0  1.0
36535719083006;4.488115034885534;7.92117124560587;-0.32596961524058565  0.5818434206587282  -0.7451188118522144  8.081667941960905  -0.8837255739148838  0.09243490487055817  0.45878633193500973  16.50518507520929  0.3358167952153595  0.8080309537373688  0.4840589404747779  1.9996151871200887  0.0  0.0  0.0  1.0
36535719083037;2.300426924388642;3.75095382534451;-0.3140265610939964  0.9461747575575676  0.07836228103083577  1.4270663067647469  -0.7146953970724683  -0.18125220374231177  -0.6755428395312775  5.366890724603532  -0.6249782462861444  -0.2681435563265183  0.7331447502844591  7.701268423121417  0.0  0.0  0.0  1.0
36535719083068;5.209340635066207;5.126384055940847;0.2136133640694615  0.9552124820746206  -0.2047887808933176  -3.591081001497132  -0.9643337957130415  0.1726377065183241  -0.2006403566926949  3.0726872299945134  -0.15629990766666024  0.24034420395952238  0.9580213998061098  7.065676678512187  0.0  0.0  0.0  1.0
36535719083099;3.2857786138404523;4.143996800977967;-0.2127360147320125  -0.7519881280351366  0.6239048351552925  11.092214594147224  0.9632963826908365  -0.05442202427750695  0.26286559753662747  -2.2574126475081613  -0.16371764453073076  0.6569262504785072  0.7359649681211461  1.396582202208788  0.0  0.0  0.0  1.0
