# ransac_benchmark.py --distance_metric=euclidean --max_correspondence_distance=0.15000000000000002 --estimation_method=TransformationEstimationPointToPoint --ransac_n=3 --ransac_confidence=0.999 --ransac_max_iteration=100000 --input_txt=/neural_comparison/point_clouds_registration_benchmark//eth/gazebo_winter_global.txt --input_pcd_dir=/neural_comparison/point_clouds_registration_benchmark//eth/gazebo_winter/ --input_features_dir=/neural_comparison/experiments/3DFeatNet/feature_extraction_voxelgrid_0.1//eth/gazebo_winter/ --output_dir=/neural_comparison/experiments/3DFeatNet/results_ransac_voxelgrid_0.1//
id;initial_error;final_error;transformation
38591597440030;3.9584549028563556;8.31400417092045;-0.07066137340562627  -0.6151450976681337  0.7852410325010363  9.607711210313592  -0.34121932186722764  0.7546249363422765  0.5604556894482249  15.153890500079125  -0.9373240339887277  -0.22833684386291614  -0.2632222274843484  1.2750717681331367  0.0  0.0  0.0  1.0
38591597440061;2.893302858668122;7.223325446053319;0.866429528290848  0.49648745763707364  -0.05291575299260509  3.447295043218686  0.026579835852906464  -0.15169371751486635  -0.9880701029747603  -1.371485351715842  -0.4985914006796872  0.8546866212101342  -0.14462847123811087  12.998510717669905  0.0  0.0  0.0  1.0
38591597440092;2.596560926939177;3.131607767209682;-0.2161181153264522  -0.8913414404075592  -0.39850143894334805  4.246132394925377  0.9551535575542524  -0.2776286846338754  0.10297570082267068  -3.7789660259566764  -0.2024219398168053  -0.3583751527110113  0.9113685358844472  -3.5510935276745808  0.0  0.0  0.0  1.0
38591597440123;2.5491129024057546;1.6496408250081966;0.6388425449907555  0.7063522910238622  0.30487151994746386  1.5197669270830887  -0.7099432315754163  0.693938305520122  -0.12012591757034491  3.8267846328595985  -0.29641324304084377  -0.13969992518682264  0.9447873412852262  0.9383790159976253  0.0  0.0  0.0  1.0
38591597440154;2.8903184466470044;6.349334082965768;-0.5239476399344646  0.8468949057879349  0.09081789007430237  2.3736895074380007  -0.46799620254467134  -0.19715519990811828  -0.8614577073501382  8.844001218684333  -0.7116589246337537  -0.493861160347353  0.4996426015558474  8.95539061161833  0.0  0.0  0.0  1.0
38591597440185;5.076548343189817;11.433308860182882;0.09140508105370099  -0.3830909268721456  -0.9191770519904243  2.288923108002054  -0.7090517481871655  0.6230724474729581  -0.3301913741950008  -10.36393534958036  0.6992072150302023  0.6819252649288621  -0.214679303849743  9.556907517458292  0.0  0.0  0.0  1.0
38591597440216;1.6762692747156474;1.9371240611249878;0.7051576652593918  0.6606691758041807  -0.25742747962901896  2.867620589481141  -0.059428006160140004  0.41685096594848603  0.9070300900585628  1.8851070449306613  0.7065557155736234  -0.6243008187805295  0.33320790575886206  -4.241973819892263  0.0  0.0  0.0  1.0
38591597440247;4.93981129019194;3.735212133487208;0.9227284577347573  0.1345859979802406  0.3611908116689817  6.205851831189065  -0.3685760229763322  0.582306387070384  0.7246178212437129  2.085249984507664  -0.11280030395963139  -0.8017517575438784  0.5869158463544122  -3.219939866129903  0.0  0.0  0.0  1.0
38591597440278;3.836455877765292;3.481973325962193;-0.44481322547012303  0.5730828464292677  0.6882712006000202  7.062405233358174  -0.8442769417012316  -0.011841507323712197  -0.5357762820580219  -2.6784241577521044  -0.2988940283084962  -0.8194118804562397  0.48910789199182747  2.462079741084783  0.0  0.0  0.0  1.0
38591597440309;3.8455601514228666;3.054102205006974;-0.6719056873427058  0.4419661248699054  0.5943136308246739  -2.5511660487890087  -0.5690613610404938  -0.8216595425954902  -0.032322800505391686  -0.7256815087004163  0.4740378831773555  -0.3599187971324228  0.8035835642815771  -1.698253108773939  0.0  0.0  0.0  1.0
38591597440340;3.1249643016133017;7.182112369287504;-0.1928974162679407  0.7900942244010828  -0.5818433666934804  11.335204780909638  0.6324575738080138  0.553479936420002  0.5419016306613135  5.952804518875932  0.7501919781829403  -0.263459819609294  -0.6064659259359961  2.8615140984249767  0.0  0.0  0.0  1.0
38591597440371;1.9082676334258446;5.6999099101987545;0.3464112461542893  0.8968530525199513  -0.27505245085888236  -6.141536619813781  0.9365760433759467  -0.34726568130233426  0.04724258210432308  -3.9791399786206427  -0.053146622772199836  -0.27397289788457374  -0.9602678208253357  0.78168781075785  0.0  0.0  0.0  1.0
38591597440402;1.653095540299216;3.147469471309913;0.6999157116883074  0.6623645368109523  -0.26719134886268825  -1.409674553503185  0.1256769059467423  -0.4824785118728483  -0.866844738631213  -3.3723645501422643  -0.7030812981750431  0.5731384701415305  -0.4209382166070476  1.8239503004177862  0.0  0.0  0.0  1.0
38591597440433;5.513897604577699;1.9176197124629217;0.11870448766465223  0.7519010302343528  0.6485014150646019  3.3564542914444755  -0.9429009271108855  -0.11933923117667389  0.31095978768257815  -1.3824815864326447  0.3112026450107812  -0.6483849077783038  0.6948020762084808  -3.954794957954582  0.0  0.0  0.0  1.0
38591597440464;2.6229936829188185;3.5346254892527176;-0.36503362699824615  0.923269380398064  0.11968334211527613  4.123073292854794  -0.7886713261473676  -0.23835199679326896  -0.5667326220870078  4.852447986934908  -0.4947201132695733  -0.30126728472245023  0.8151625805215201  -4.925969534588121  0.0  0.0  0.0  1.0
38591597440495;7.040304842930483;9.982314538534816;0.21432691297678033  0.4858338572270089  -0.8473661767770592  5.299519572559194  -0.7507323482661425  0.6369248354254275  0.17529316953348448  13.22002513631914  0.6248719193888036  0.5985751558411174  0.5012413262782061  0.4544601876716814  0.0  0.0  0.0  1.0
38591597440526;4.4907205692444;4.54142373702988;-0.9554745203611339  -0.27622426036171793  0.10377186000203713  3.215899632402444  0.2758290360987368  -0.7111773258263051  0.6466414416625232  -10.871191907887226  -0.10481786005019512  0.646472713436667  0.7557024857682623  2.1607351893630566  0.0  0.0  0.0  1.0
38591597440557;2.48450718425269;4.231640918453188;0.9418123014564407  0.2970671755123346  -0.15729171007540918  9.87693032294742  -0.082335559228151  0.6575583539928095  0.748891091401717  6.368737562083059  0.3258994392629577  -0.6923641414222659  0.6437557387400119  -1.2217271479982057  0.0  0.0  0.0  1.0
38591597440588;2.328820346378117;6.074325820334824;0.30429456529863086  0.23879333576388745  -0.9221618948560343  7.531622834163112  -0.38588933760816546  0.91598079924982  0.10985715509693529  11.10892631572833  0.870915746011087  0.3224235075183197  0.37087578129278753  -2.767612753858752  0.0  0.0  0.0  1.0
38591597440619;6.320591373756098;6.8955104089808135;-0.487317902789923  0.7105217984876846  -0.5076219415019965  2.1141478001134253  -0.6577631727774388  -0.6810290829664346  -0.3217871916215026  2.6030371848979943  -0.574342119435957  0.17708235944814682  0.7992327369509391  11.84800629260424  0.0  0.0  0.0  1.0
38591597440650;2.279414240855783;7.113740142210131;0.7590444265842474  0.10356423751374  -0.6427487901035586  8.210810155217892  -0.009152434651842345  -0.9854714186271611  -0.16959456361839353  5.8869174650736555  -0.65097449367186  0.1346125245925029  -0.7470687229509065  13.405994303239307  0.0  0.0  0.0  1.0
38591597440681;2.179632741963947;5.029547411974156;0.0871565640751225  -0.9033402012923022  0.4199764446582715  -0.09830853147011531  0.16442021366256707  -0.4027547187818448  -0.9004191411993151  11.18517720859839  0.9825323031217723  0.1475300553383628  0.11342467145239898  1.807082876331564  0.0  0.0  0.0  1.0
38591597440712;3.8212360075464504;5.898805105598603;0.4842348700584792  -0.39679686962276783  -0.7797876857690305  -5.3621608738465865  0.6544918871335732  -0.4272010186278572  0.6238105957417328  -6.438379859669207  -0.5806521853018228  -0.8124355567925949  0.05283470226398937  9.111203687733992  0.0  0.0  0.0  1.0
38591597440743;5.199898909440479;9.000694139426978;-0.7997151175263162  0.5634156571186587  -0.20740908397035301  -0.8928598825707865  0.4915956200905093  0.41617850841954673  -0.7649373800759833  10.078043679466994  -0.34465849345068894  -0.7136933840545473  -0.6097969141026134  12.292211183587131  0.0  0.0  0.0  1.0
38591597440774;4.068195372446665;3.7775298190094073;-0.5175604233152122  0.6507286267442445  -0.5555928928211108  -3.0993891752553155  0.646169739798656  -0.12839398975285757  -0.7523161906830681  7.083178997406458  -0.5608884698282878  -0.7483764011050162  -0.35402949973524667  0.03351362457151463  0.0  0.0  0.0  1.0
38591597440805;6.856595695350732;12.768455867919888;-0.4582261551042736  0.8864211987473859  -0.06546945233925672  -0.7971351329152547  0.8845729063668933  0.4475846387283309  -0.13114406008683013  13.822959667305083  -0.08694575377775923  -0.11800614215233665  -0.9891991641294189  8.068168356882543  0.0  0.0  0.0  1.0
38591597440836;1.767433218515084;3.0706355466773916;0.5761197833471372  -0.46624846964412464  -0.6713407181085916  -0.6846277930352289  -0.8030684577527378  -0.16993812599305153  -0.5711410381828724  8.112075148021637  0.1522072514655173  0.8681782062966577  -0.4723341557762167  -2.174527859536261  0.0  0.0  0.0  1.0
38591597440867;2.621604289268463;7.371432349090699;0.4588230989623132  0.45831933898310667  -0.7611995450423672  3.068543660305222  -0.886940307471268  0.28743229570841344  -0.3615516095477429  13.906139025346947  0.053087238027527885  0.8410267884543743  0.5383824720964913  6.962722372191657  0.0  0.0  0.0  1.0
38591597440898;2.670728938211616;3.2847849710615336;0.05940061359898868  -0.9149906701121133  -0.3990784894126088  4.972121455376777  0.9967102662844098  0.07644638013710053  -0.026918321775240173  -2.8597752085243986  0.05513811918559683  -0.3961666626203174  0.9165215563427597  -2.5033794260841895  0.0  0.0  0.0  1.0
38591597440929;1.8420211736250836;4.536660725900244;-0.2860208541803495  -0.061040412086308435  -0.9562772291894628  8.651586501944596  -0.06950554728536501  -0.9940185400188504  0.08423847692921932  -10.916750610425302  -0.9556992465574642  0.09056053329749308  0.2800673846387125  3.9656014141034515  0.0  0.0  0.0  1.0
38591597440960;4.0321706019458725;12.100994315615004;0.41652359009319884  0.1031275036920033  -0.9032567834664345  17.716270932464486  -0.7006259042456127  -0.5967209844183798  -0.39121274142693463  6.042109796611763  -0.5793370704485349  0.795794436231503  -0.17629456618708872  6.924124884497493  0.0  0.0  0.0  1.0
38591597440991;5.87031157311765;5.144629710004659;-0.6256916023153236  -0.7629347402689863  -0.16260566067261387  10.578349620564019  0.08741074881767028  -0.275708819906605  0.9572585897325975  -4.6546449359820805  -0.7751576483420759  0.5847351782785112  0.23919739024575737  -0.9685511033061842  0.0  0.0  0.0  1.0
38591597441022;4.407785844403787;3.480622077375772;0.43985967480192023  -0.44464770880894233  -0.780263981953613  -3.8021476427025527  -0.31553002018658094  -0.8899520920378298  0.3292811568227785  5.008362748190781  -0.8408116750165912  0.10135920741821788  -0.5317537383294506  2.3779314927294632  0.0  0.0  0.0  1.0
38591597441053;5.317946691794153;7.7290669329716515;0.8989986080103595  -0.3432824219792622  0.2719534547592429  -0.24695735376184658  -0.3422382211856142  -0.9381261809126014  -0.05284192129401932  0.32696077475785046  0.2732663586231252  -0.04556805291416949  -0.9608584962409756  10.767453057094583  0.0  0.0  0.0  1.0
38591597441084;5.062681624331849;5.035448286015011;-0.9828491268340656  -0.05232336070036714  -0.17683285839044016  15.853520849707325  0.17814054066737245  -0.5173178686569544  -0.8370472928926789  -0.7414129619396501  -0.04768166998176998  -0.8541923019398179  0.517766327269845  0.8947530570712576  0.0  0.0  0.0  1.0
38591597441115;4.0304954775959185;4.88249068211796;-0.00045025658793498846  0.8225799604239423  0.5686492820517328  8.35753824331097  -0.9340290479718573  0.2027737915134436  -0.29406211422087075  -0.7181359661627433  -0.3571967732410121  -0.5312673509488501  0.7682222770800133  7.289760448243005  0.0  0.0  0.0  1.0
38591597441146;3.50878041807317;2.591300474319135;0.3408223864418691  -0.11238479915863976  0.9333861782874977  2.515885434990166  0.21860147124915236  0.9750901432543039  0.03758469497023027  2.7652036570240464  -0.9143596106936124  0.19122988638382687  0.3569000320619952  3.5544440331296037  0.0  0.0  0.0  1.0
38591597441177;1.8734213949510077;7.259588733966918;-0.6014132861785805  0.4441217186928819  0.6641219452729756  3.7236436320756323  0.7866018819716258  0.1836448118387254  0.5895185004420264  7.972929174103244  0.13985541993993927  0.8769438306242882  -0.45979340952586883  1.678793683290755  0.0  0.0  0.0  1.0
38591597441208;4.856694250338816;4.34513546359791;-0.09581385184733082  -0.9624770404186208  0.25388511665946445  8.066442225802001  0.40825348252093263  -0.2706165325639485  -0.8718347241952433  -7.682917065543933  0.9078264150176004  0.02011563993705856  0.4188634159558633  -0.9828493636798799  0.0  0.0  0.0  1.0
38591597441239;3.562972413096303;5.624422291123762;0.5921344582005084  0.7997525186842773  0.09885692828399201  -2.0994793431156804  0.7390284568487197  -0.5878478289674979  0.32904691146704385  8.387841410424027  0.32126892688119085  -0.12178193148556551  -0.9391248254541322  3.538033364110534  0.0  0.0  0.0  1.0
38591597441270;3.8856885051039876;6.9000189178394775;0.06346641687883064  -0.0568587578646811  -0.9963629336655637  5.283964167122115  -0.8666349946547038  0.49194392351906324  -0.08327642014707978  13.527378032823039  0.4948896846453815  0.8687682416886319  -0.018053871187062573  4.511468955351596  0.0  0.0  0.0  1.0
38591597441301;5.885271651627378;6.58934018133713;-0.036800270105305136  -0.8447681218176978  0.533865676440034  2.208506424497166  -0.976448616515023  -0.08325087103245435  -0.19904118111143274  2.9285427286707146  0.21258842730984437  -0.5286171703917081  -0.8218090092843895  6.371028183092781  0.0  0.0  0.0  1.0
38591597441332;4.848688954378692;5.749251508804783;-0.6069968207377907  -0.7416364159081976  -0.2855350875340146  -0.7703116844349318  0.6690551336984545  -0.28300767984004777  -0.6872204022170003  2.9521974713922803  0.42885905340327957  -0.608179315457535  0.6679804133083893  -0.2915369128912424  0.0  0.0  0.0  1.0
38591597441363;1.9312590227021411;2.9791970107857884;0.1855065947659081  -0.9418932772156462  -0.28004349239774673  1.6761216117009274  0.4456583289157134  0.3346386947516944  -0.8303045211504845  -6.7992809383430455  0.8757716352830861  0.02922324949166427  0.4818402686811644  -0.7177910829346521  0.0  0.0  0.0  1.0
38591597441394;1.946076302141685;4.380155161504598;0.4632931149840891  0.8857674821274837  0.027847032407015165  7.2723577132045  0.3771785086693282  -0.2255198802659614  0.8982634113681838  -7.644160959135468  0.8019325795890331  -0.40565595177485547  -0.438574265755887  -2.0905311939842486  0.0  0.0  0.0  1.0
38591597441425;2.927510512380139;3.8969114609752222;-0.974061380964149  -0.05850508548975918  -0.21858998395638  10.548324192987604  0.025440707448386356  0.9315600157045152  -0.36269643993997025  1.8245020219647072  0.22484927511277447  -0.3588496789916898  -0.9059082245839372  3.257175890541357  0.0  0.0  0.0  1.0
38591597441456;2.426629832247053;7.403198091572812;-0.7751070982164178  0.010027589213978838  -0.6317502938258749  3.147468711618508  0.24504061118824805  0.9263869943097798  -0.2859409653095924  7.853804850951945  0.5823779573120994  -0.3764393499997674  -0.7205063015746208  5.010909370482754  0.0  0.0  0.0  1.0
38591597441487;5.191066102703561;5.669869598960133;0.9173711395725725  0.3910196096816113  -0.0743898993396305  7.7875709233412405  -0.39359330278635  0.8633191541876634  -0.31585495091011684  -0.06082675381089864  -0.05928325464288321  0.31903558243108177  0.9458867759207802  5.569111376025621  0.0  0.0  0.0  1.0
38591597441518;4.920812353335283;7.3159247176794375;0.33334590032492467  0.9097303040753806  -0.24753037103248798  4.127921230241099  -0.08185841014003871  0.28948258999140614  0.9536765860506448  1.2792544884635002  0.9392442235254422  -0.2976417375617593  0.17096691093690108  13.53844971723113  0.0  0.0  0.0  1.0
38591597441549;4.927630398119143;4.5436493192287655;0.9276838322416345  0.038667792841433235  -0.37135900311456815  -3.343290821628373  -0.28439163353507724  0.7176317921982125  -0.6357090604998734  1.036048008147545  0.24191756069521775  0.6953484109589616  0.6767322078962416  -4.556120615182684  0.0  0.0  0.0  1.0
38591597441580;4.789769207117012;6.340636409130814;-0.861971593616016  0.03645246365361718  -0.5056443312177538  13.79415262239413  0.325475993160386  0.804495914771812  -0.49684172629895706  8.04160009006708  0.38867769382269407  -0.5928385454818612  -0.7053170275242365  2.021619595650945  0.0  0.0  0.0  1.0
38591597441611;3.8037185845764383;3.819829957727237;-0.9810630537747519  0.15904367589036045  0.11054588946423959  10.843147663843867  0.14333756349401006  0.9800210316611205  -0.13788807197677858  0.5481888561253125  -0.1302675224672618  -0.11943151452256898  -0.9842593590761977  7.013433847887084  0.0  0.0  0.0  1.0
38591597441642;2.439160696844833;3.74817492015604;-0.1920809403026144  -0.4002994480188314  -0.8960274908105673  7.029437582024193  0.9538326775365022  -0.29095468959691007  -0.07448887074665543  -3.5421553438721385  -0.2308855466156547  -0.8689681930412547  0.4377055446834158  -4.206089674502412  0.0  0.0  0.0  1.0
38591597441673;5.598187939653337;5.155485046114778;-0.06552142643683594  0.897602475618749  0.43590909423958474  3.760394430662477  0.6912139967462241  -0.27423779264986775  0.668593182574156  4.317552619463957  0.7196736436606477  0.3451136462755726  -0.6024669433044324  -4.770848822761055  0.0  0.0  0.0  1.0
38591597441704;4.778579004204095;5.211722620082851;-0.14613714115151538  -0.9851194778461574  0.09046297775430588  -3.6240810643650145  0.9549191539769865  -0.11658629425641626  0.27301473469289694  -8.697657282855886  -0.25840538954119874  0.1262824230036401  0.9577470460911853  5.207156412481046  0.0  0.0  0.0  1.0
38591597441735;4.169490407709132;5.140775096966244;0.5710391822490476  -0.8073568685322736  -0.1486241540601687  -6.502935204081146  0.7134412106752721  0.5776336443183182  -0.396662339858149  -5.731917519394726  0.4060983763160614  0.12047514177331667  0.9058531056237307  3.3398931199780573  0.0  0.0  0.0  1.0
38591597441766;1.9262032552907409;2.6305557855795163;-0.031293959628048734  0.9991034023151475  -0.028514550199760198  4.252090458999501  -0.8582756351703132  -0.012240628138617725  0.5130429817235279  -2.0622720615183345  0.5122339525683496  0.04052849004180479  0.8578891649456459  -1.7059273091758427  0.0  0.0  0.0  1.0
38591597441797;2.2135128812075298;3.0662162022360437;-0.2927675711775463  -0.9556368237370972  -0.03233280662846058  0.06890523400969359  0.7646898361281985  -0.21370067468417042  -0.607932131213477  5.203872794159299  0.5740527883296369  -0.20270738209844097  0.7933303936278802  -3.091877774185133  0.0  0.0  0.0  1.0
38591597441828;5.443305572519713;5.405019679703861;-0.048951300962315314  -0.5732778798506377  -0.8178974523789978  5.298715498731241  0.43227338471444254  0.7260544986627178  -0.5347752666673635  5.164320951159611  0.9004129558161725  -0.3797332451150251  0.2122714572258731  -8.856450212015377  0.0  0.0  0.0  1.0
38591597441859;1.9328163177142916;7.891051931387096;0.26017433887912217  0.06592293392207797  0.9633086110753495  -12.156034827712533  0.31497422959658494  0.9372976496817038  -0.14921243443893173  6.4186292255685125  -0.9127434185349409  0.3422386341199078  0.22309677101403896  9.080833229727006  0.0  0.0  0.0  1.0
38591597441890;4.287804159875307;7.973317446803058;-0.7475701643914654  0.5366000183923232  0.3914067827376973  7.4891977587799845  -0.5859979735799141  -0.25547627971012066  -0.7689852049719232  9.061643253166867  -0.3126423264242246  -0.8042339776251901  0.5054329678218618  6.1215397142363095  0.0  0.0  0.0  1.0
38591597441921;4.652169079942416;4.0612662218725575;-0.18498700230425336  -0.9809789641671645  0.05882245183604601  4.79300159841495  0.9827170029335847  -0.18506883158350115  0.0041011853835307005  -5.030053430736198  0.006863025842780309  0.058564489563517674  0.9982600359818306  -4.321095721902882  0.0  0.0  0.0  1.0
38591597441952;1.783388299920841;2.1775505179524464;0.28562244480890153  -0.9386068811012684  0.1934862831591298  -2.311407336623989  0.9536783159434629  0.2982735358101512  0.039122468410747374  -7.560635742271795  -0.09443245586463223  0.17334941760692224  0.9803226462214953  0.8722539675607741  0.0  0.0  0.0  1.0
38591597441983;5.49349230429743;7.067907582313649;-0.3638071883669564  -0.9062507188755209  -0.21529970791929276  7.222120792109682  -0.32557879980080406  0.3402778884582038  -0.8821617786702699  -10.902213584905903  0.8727214760808846  -0.25083977588099715  -0.4188515632335317  -5.760335215542078  0.0  0.0  0.0  1.0
38591597442014;1.4576110063785062;3.527572665231761;0.19905935462019367  -0.8798905304032646  -0.43147193169991327  -1.8693328861676384  -0.5770957832860127  -0.4610946185961555  0.6740565329519254  2.609295599184868  -0.7920453460829726  0.11482337396335462  -0.5995663120456123  6.369056244846735  0.0  0.0  0.0  1.0
38591597442045;3.4058146160113;3.457678194763448;0.4591237558740579  -0.8743925769630491  0.15698088464528873  3.00861121629898  0.8470595604755737  0.4841439523796711  0.2193051170883143  0.18635434619528457  -0.2677601124122617  0.03228397011071785  0.9629445817256892  7.680166788905378  0.0  0.0  0.0  1.0
38591597442076;1.5195309119701852;3.478876922134552;-0.1891308862971962  -0.8944278626669716  0.4052509177453271  5.84656255108391  0.3731919696268772  0.31626004670046615  0.8721853797599635  -6.164567326297485  -0.9082715792396293  0.31619358207593706  0.2739787528249928  7.511092477362134  0.0  0.0  0.0  1.0
38591597442107;3.7055155609155883;5.042512761847615;0.20031582197819528  -0.15289265946548863  -0.9677279608168666  3.4907738533608113  -0.5382406571010547  -0.8425118879997336  0.021695935622821905  5.212765743888456  -0.8186394606349156  0.5165244943472622  -0.25106150686770035  10.907221570565758  0.0  0.0  0.0  1.0
38591597442138;5.646923884727078;5.948987892542138;0.10186205860318744  -0.8461608322677344  -0.5231022528656282  -5.096956465555193  0.9941707048927371  0.06790879696682013  0.0837436852998294  -3.375346989758862  -0.03533738176773264  -0.5285832396420583  0.848145640924545  -5.786067933152915  0.0  0.0  0.0  1.0
38591597442169;1.4800799852740398;4.82179037797118;-0.37209817968082526  -0.27033827825611334  -0.8879527915310228  0.22801103551823632  0.7373099267654164  0.4950382353342422  -0.4596859987538619  -4.213072641843318  0.5638413044211925  -0.8257447310559598  0.01512026990262444  3.010868144506838  0.0  0.0  0.0  1.0
38591597442200;3.2131369785042154;4.359837461825927;-0.43029946282789683  0.8995558959269225  -0.07511033479578422  -2.460373067628028  -0.8141497651468697  -0.42268720779400626  -0.398115164592612  -2.4573507316450645  -0.3898750212585043  -0.11015768003375032  0.9142552998633706  6.791189992564522  0.0  0.0  0.0  1.0
38591597442231;3.3002375565089763;4.77836463520272;-0.596220415161243  -0.19583771944975747  -0.778568432564327  8.655889787359204  -0.5231286920641953  -0.6408655190741828  0.5618075809394016  0.2844285837072955  -0.608980778090868  0.7422526349582712  0.27964877581234837  11.730693725577439  0.0  0.0  0.0  1.0
38591597442262;3.603766945068243;2.5957445980940435;0.15466851277572385  0.9838639667248332  0.08994079239267501  0.7930417667458789  0.9618583789692912  -0.17074609325528947  0.21371530231741379  -3.3631703829732773  0.22562382401314193  0.0534552768071833  -0.972746844466305  4.441613636214163  0.0  0.0  0.0  1.0
38591597442293;2.0154890518338;3.0285932263262176;-0.007729195815939199  -0.7744766645676773  0.6325552589079984  2.0002483660345645  0.04291130781647046  0.6317345603963569  0.7739961659222236  -5.228895604877751  -0.999048987384262  0.03312614135312722  0.028351006428937175  7.863600204865164  0.0  0.0  0.0  1.0
38591597442324;5.849680243723311;9.091370224750483;0.7179070511613052  0.14635888567692934  -0.6805795636634172  8.951139037237532  -0.1997770909828357  -0.893210815813655  -0.4028195035396639  8.344926459021927  -0.6668572409529013  0.4251511673474659  -0.6120031904261376  9.309455603117422  0.0  0.0  0.0  1.0
38591597442355;5.300655887315837;8.10948290687647;-0.5933271177080736  -0.7808785169438106  0.19542689980620748  -3.86244322802151  -0.6129200799005637  0.5956402495089085  0.5191740255633484  7.998021909946248  -0.5218159704789775  0.18825895713245902  -0.8320256354298724  -4.7244460592020845  0.0  0.0  0.0  1.0
38591597442386;1.9258199135952243;7.019546437155295;-0.5941264395108775  -0.8027482838274768  -0.05107804505037864  7.506056692899442  0.8042371064114852  -0.5916667400952473  -0.055974506125064716  11.06851067883473  0.014712258324590444  -0.07433479317993646  0.9971248106319925  10.48295124851346  0.0  0.0  0.0  1.0
38591597442417;4.983836368994222;5.262255883679589;-0.8967847555833574  0.42846523704614226  0.11042935658732905  8.361764546453522  -0.43865919922127233  -0.8936051083090607  -0.09512106676495945  -2.5770862099301586  0.05792416673418979  -0.13374397574076047  0.9893216564197943  -8.033144463537386  0.0  0.0  0.0  1.0
38591597442448;3.9670676070792013;3.215825799858116;-0.28132431619881887  0.8895526875875572  -0.35993422332562414  4.03839633953465  0.9588772600982824  0.24590285146396126  -0.14172574821924067  2.687208146472923  -0.037563668373546244  -0.38500364108362206  -0.9221502953264598  -1.9568008105815649  0.0  0.0  0.0  1.0
38591597442479;2.535069451706357;2.644432348705836;-0.6325143150364648  0.025435620854980828  0.7741309130022355  3.423788673713565  -0.6199876734987058  -0.6157023167367326  -0.4863393279128092  3.1742232136599418  0.4642638538413417  -0.7875682106057498  0.40521030053497353  -0.5681239978601771  0.0  0.0  0.0  1.0
38591597442510;2.7117678210954486;2.859740169971669;0.027401265279541454  -0.9943015413046601  -0.10302240348709087  6.72133506377299  0.37523485022676223  -0.08529352139881452  0.9229971952192961  0.5696574831214805  -0.9265246774028089  -0.06394888714095642  0.37075943952521784  6.065631831245286  0.0  0.0  0.0  1.0
38591597442541;1.1504027505085501;4.92824468411202;-0.020291929822777166  -0.8754497657851535  -0.48288295183283036  8.199954907537984  -0.42949434889572763  0.4437792986741324  -0.7865078119986677  9.544221201140488  0.9028415375084948  0.19143573766414523  -0.38500586553230826  0.5532414899719726  0.0  0.0  0.0  1.0
38591597442572;2.4453153833729853;5.1488659857362125;-0.8273641693650066  -0.47984984564555233  0.2919120704679636  10.965018485592857  -0.5204606347197567  0.8503828179868752  -0.07726441988269485  -0.30237705262967307  -0.21116168913432584  -0.21585455405582935  -0.9533192290808457  -0.6543528459950063  0.0  0.0  0.0  1.0
38591597442603;2.022769694472952;2.123810389246072;-0.562358619024427  -0.7856223115174269  0.2579735785985759  7.189306513550657  0.826847508283898  -0.5309722607923631  0.18544987547517455  -3.304458977807347  -0.00871674558824348  0.3175941465377836  0.9481866780498911  0.9441869197419623  0.0  0.0  0.0  1.0
38591597442634;2.3143065310168365;3.7638020915244814;0.587940352646872  -0.7278154581749141  -0.35300255037479766  0.14411299219065138  -0.019599114286965647  0.4234505278853852  -0.905707196147163  5.496397845898709  0.8086668142372591  0.5394203456259588  0.23469911434884688  0.8674660796645921  0.0  0.0  0.0  1.0
38591597442665;1.7442633128967042;6.089193315936375;-0.337766149759343  -0.5021011221910108  -0.7961209023579752  1.1664964435963223  0.8968922864823495  0.0848494876704218  -0.43403316796130903  3.441620549365752  0.2854789913902812  -0.8606364084423782  0.421671338767758  4.625209716506195  0.0  0.0  0.0  1.0
38591597442696;4.239524031860057;4.130167186846819;-0.0709697186327872  -0.9892698133319935  -0.12770487644277645  -5.004098274392122  0.9897065389010657  -0.08578812256491194  0.11454852632513743  0.6426574943133985  -0.12427496084753328  -0.11826087458187318  0.9851751619125779  -4.108082709772129  0.0  0.0  0.0  1.0
38591597442727;3.3606588330920775;6.770882886168124;-0.24496990424648224  0.7211439746253174  -0.6480286366165221  -6.24526594772118  0.4755656298236369  0.6718382265233198  0.5678650624157537  5.2207105593133125  0.8448828781221197  -0.16907029675137913  -0.5075314345067539  9.74657532654335  0.0  0.0  0.0  1.0
38591597442758;5.505400493338908;10.53851891175173;0.02994784242298762  -0.7742258978935397  0.6322004316394843  -12.036695499849564  0.756469965745689  0.43096969665231216  0.49195356639842536  3.8802259218934143  -0.653342419913879  0.4635076909808035  0.5985852510233773  6.442353073483666  0.0  0.0  0.0  1.0
38591597442789;2.5679788633882894;2.7253680175547945;0.36464691493613505  0.2057976304392622  0.9081189144231845  -0.9448662522471096  0.8822956934057071  -0.38810422808649503  -0.26632577332869495  2.210708833140764  0.2976355772170063  0.8983442789081312  -0.32309537249507103  3.9419272371750056  0.0  0.0  0.0  1.0
38591597442820;4.890369584704633;4.452840691728544;0.10839158086395982  0.044745032386842826  -0.9931007739774008  3.048199883999628  -0.9812820471299597  -0.15514072089989947  -0.11409163290572741  6.688895937858611  -0.15917540381053652  0.9868785329488934  0.02709154898474314  0.9729168931129606  0.0  0.0  0.0  1.0
38591597442851;3.7198562228278598;6.224207388542709;0.8602162827231379  0.024730939872962515  -0.5093292918642981  4.541684162888068  0.09023004492005801  0.975680251079291  0.1997663301149035  9.63944869485811  0.5018829404669094  -0.21779905478870254  0.8370645648941526  8.490752775297533  0.0  0.0  0.0  1.0
38591597442882;2.8047071756103454;3.147601988803445;0.723173491089  0.2563865530995271  0.641315863811189  -2.237714473440112  -0.27115537855290295  0.9593878164642491  -0.07778032078740911  3.3251580545319293  -0.6352124545913596  -0.11764757970185165  0.7633244294022792  2.446695275439339  0.0  0.0  0.0  1.0
38591597442913;2.6498156260201227;4.652449099207608;0.6565161020476733  0.11593456043550047  0.7453494384842297  -4.014352539021798  -0.45712845220741705  -0.7248480377125655  0.5153919871386188  10.061566567006338  0.6000168213763514  -0.6790835735908138  -0.42287742212673096  -3.900830219555822  0.0  0.0  0.0  1.0
38591597442944;3.9890625842330967;3.983906892995065;0.49500892009828007  -0.8668969346335826  -0.05878668000520387  -3.106963437051708  0.8627262462983213  0.49841552798842065  -0.08535446917433995  1.732618758827655  0.10329372183799196  -0.008465588161678111  0.9946148706137133  -1.524202297077358  0.0  0.0  0.0  1.0
38591597442975;4.829702581700206;6.615826523307544;-0.24264073865048236  -0.4814631679238359  0.8422105971073341  -3.1804841602137977  -0.49366940926996006  0.8086210774907077  0.3200351033696393  -3.5351415012191136  -0.8351143552222039  -0.3381200540791855  -0.4338880532248975  9.39862566993222  0.0  0.0  0.0  1.0
38591597443006;1.5836086183196916;3.4785040480307723;-0.9867604135717446  0.08287594174651869  -0.1394111347322963  7.271295428029759  -0.12322370449799847  -0.9419918337447727  0.31219753972116787  5.740397870215559  -0.10545048533557759  0.3252429298813243  0.9397325320029645  2.6195820770056297  0.0  0.0  0.0  1.0
38591597443037;3.2675087807083063;3.699634850872798;0.1737533482308162  0.2877182639060053  -0.9418216256773337  9.49045630936125  -0.14236839791443223  0.9536609068143016  0.2650700173339157  -0.590551632616239  0.9744439508016146  0.08802883294147978  0.206663763918841  -1.8476287689467856  0.0  0.0  0.0  1.0
38591597443068;3.1958174120499194;1.562024335322301;0.9494358881924667  0.29936868363585345  -0.09460383433200187  0.9875384252479336  -0.2701098125290588  0.9324592091979894  0.239917719973696  -2.028483336625932  0.16003806855775685  -0.20223306960039034  0.9661726565020905  -1.6703543533994534  0.0  0.0  0.0  1.0
38591597443099;4.778408638902547;4.933090281478416;0.47375290704883327  0.7767980815228612  -0.4149011009929737  0.8556311668690992  0.7836073298019827  -0.1568288356694506  0.6011358157547853  -10.712326165978212  0.4018926918262961  -0.6099093841260081  -0.6830027872649184  1.1485577709747874  0.0  0.0  0.0  1.0
