# ransac_benchmark.py --distance_metric=euclidean --max_correspondence_distance=0.15000000000000002 --estimation_method=TransformationEstimationPointToPoint --ransac_n=3 --ransac_confidence=0.999 --ransac_max_iteration=100000 --input_txt=/neural_comparison/point_clouds_registration_benchmark//tum/pioneer_slam3_global.txt --input_pcd_dir=/neural_comparison/point_clouds_registration_benchmark//tum/pioneer_slam3/ --input_features_dir=/neural_comparison/experiments/3DFeatNet/feature_extraction_voxelgrid_0.1//tum/pioneer_slam3/ --output_dir=/neural_comparison/experiments/3DFeatNet/results_ransac_voxelgrid_0.1//
id;initial_error;final_error;transformation
39885980090030;nan;nan;0.9198391531449079  -0.3892644939308748  0.04867325863755832  7.644090375792989  -0.39198420268460965  -0.9169504305539458  0.07450028692994612  12.019530617796729  0.015630648974682214  -0.08760742931779936  -0.996032439803522  -5.711918782078992  0.0  0.0  0.0  1.0
39885980090061;nan;nan;0.0  -0.7071067811865474  -0.7071067811865474  0.41097694096209025  1.0  0.0  0.0  5.0802239  -0.0  -0.7071067811865474  0.7071067811865474  -0.8978096677120754  0.0  0.0  0.0  1.0
39885980090092;nan;nan;-0.36486939578853606  -0.8607656762777762  0.3548982594476494  10.901693531282447  -0.9123423495544055  0.4065865114228845  0.04815439687624816  7.72143089048857  -0.1857464972118058  -0.30621864618443956  -0.9336639542696902  -12.120956523060201  0.0  0.0  0.0  1.0
39885980090123;nan;nan;1.0  0.0  0.0  5.718437600000001  0.0  1.0  0.0  3.4036991  0.0  0.0  1.0  10.2453296  0.0  0.0  0.0  1.0
39885980090154;nan;nan;-0.5956978260815063  -0.7549268031006029  -0.27428018878889315  11.261289598901367  -0.7732572166945835  0.6313938723634973  -0.05843846996263462  4.831900907469983  0.21729559781899271  0.17727746586109355  -0.9598725557418313  9.989868264410159  0.0  0.0  0.0  1.0
39885980090185;nan;nan;0.3825532100887718  -0.4698142057200234  -0.7955675040839961  -3.4037377260150645  -0.7651090909152328  0.32161009702626403  -0.5578306414043808  0.7820544665897229  0.5179393018970871  0.8220958323665315  -0.2364261448231507  -3.359540975933256  0.0  0.0  0.0  1.0
39885980090216;nan;nan;1.0  0.0  0.0  1.5383654000000002  0.0  1.0  0.0  3.6580545  0.0  0.0  1.0  -1.2481700400000002  0.0  0.0  0.0  1.0
39885980090247;nan;nan;-0.8181696762433522  0.5656835131090914  0.10295894265387798  11.116714793485276  0.3858457392555518  0.40740953124727597  0.8277321664326038  0.6635813563335633  0.4262879852566628  0.7169516279676276  -0.5515966975792947  -2.312889598197237  0.0  0.0  0.0  1.0
39885980090278;nan;nan;-0.9193914328536648  0.13559280096888718  -0.3692343233242225  15.113271709263445  0.3907908207168017  0.2080959853311643  -0.8966485350083053  1.9177024857469456  -0.04474290601618563  -0.9686643656161114  -0.24431008809863586  4.49538127422005  0.0  0.0  0.0  1.0
39885980090309;nan;nan;-0.6905326551897883  0.6643355238001953  -0.28604713585991615  16.59810478141192  -0.7014562830139994  -0.7115427820043301  0.0408160801366649  10.44484852055419  -0.17641920285707324  0.22883439687830764  0.9573458537376218  2.2985616487378575  0.0  0.0  0.0  1.0
39885980090340;nan;nan;1.0  0.0  0.0  -3.133408  0.0  1.0  0.0  -2.51214883  0.0  0.0  1.0  9.06135213  0.0  0.0  0.0  1.0
39885980090371;nan;nan;-0.46604277483778733  0.7994038324335052  -0.379153853616338  10.714050523778976  -0.7335583460527436  -0.5887131225670581  -0.3395718072127113  1.9520753049382638  -0.49466785316802053  0.1198764864682309  0.8607748503727173  7.510257668719215  0.0  0.0  0.0  1.0
39885980090402;nan;nan;1.0  0.0  0.0  0.0  0.0  1.0  0.0  0.0  0.0  0.0  1.0  0.0  0.0  0.0  0.0  1.0
39885980090433;nan;nan;-0.3791173121706568  -0.9210678301482622  0.0889050947835323  12.615103597238349  0.9241154845676703  -0.3818190096915822  -0.014993832745473128  -2.162055540164862  0.04775599223926345  0.07647415317681848  0.9959272408670888  6.9610456291220695  0.0  0.0  0.0  1.0
39885980090464;nan;nan;0.7015452749700497  0.46940115825127193  0.5361872618773802  0.3852831473185425  0.7033423109815857  -0.5771311541022055  -0.41500508978534073  -6.701411211204432  0.11464650343678176  0.6682680477151524  -0.7350333296202964  -3.0287951364522216  0.0  0.0  0.0  1.0
39885980090495;nan;nan;1.0  0.0  0.0  0.0  0.0  1.0  0.0  0.0  0.0  0.0  1.0  0.0  0.0  0.0  0.0  1.0
39885980090526;nan;nan;1.0  0.0  0.0  2.3294495000000004  0.0  1.0  0.0  0.05301879999999981  0.0  0.0  1.0  3.0621212349999998  0.0  0.0  0.0  1.0
39885980090557;nan;nan;0.9186847137245084  0.16858004793653042  -0.3572102521018059  6.170165540454091  -0.32293773340059784  0.8413008214395155  -0.43350218937311163  7.368102324710225  0.22744145865475526  0.5136085039043982  0.8273310628775421  -9.960271110309131  0.0  0.0  0.0  1.0
39885980090588;nan;nan;-0.7123403429061848  0.4991668981415383  -0.49335954806616816  -3.7784735581264464  -0.11129171396396337  -0.7744022353672012  -0.6228284934564611  -11.569294197849265  -0.6929541040150218  -0.38875903289574787  0.607191093537035  0.3250140814683545  0.0  0.0  0.0  1.0
39885980090619;nan;nan;-0.513473516670565  0.8340316143584585  -0.20183214295197605  3.8073789369054265  -0.8391840417411469  -0.5371842475802596  -0.08487183418911057  5.209256331189005  -0.1792068407314759  0.12579487430835248  0.9757359057822921  -1.7506795936981618  0.0  0.0  0.0  1.0
39885980090650;nan;nan;-0.8885554304507457  -0.12579928529775045  0.44118452696696714  15.715456612992167  -0.279041042433669  0.9115275905822919  -0.30208202237931  13.318399392451987  -0.3641501663517712  -0.39152521173714694  -0.8450459543244737  2.1999570996223876  0.0  0.0  0.0  1.0
39885980090681;nan;nan;-0.7767836256183278  -0.11556093731929498  0.6190742029330022  3.7837524625287235  -0.05487426401631902  0.991701229283453  0.1162647280406043  4.192388256703305  -0.6273723090158773  0.05634129572147166  -0.7766785977973855  12.233799130163964  0.0  0.0  0.0  1.0
39885980090712;nan;nan;0.4032691278304791  -0.8052334873285804  0.43471029597134914  6.515594467885171  -0.7820854426214897  -0.05664628761340597  0.6205912975051839  1.9438730177645103  -0.47509617024176576  -0.5902459055209721  -0.652605087351711  7.937029211558008  0.0  0.0  0.0  1.0
39885980090743;nan;nan;-0.3251434104129963  -0.7640004178443696  -0.5573016456091221  4.999720732166356  0.9453018052116189  -0.2789070909201278  -0.16916066829534146  -5.001779446299358  -0.02619655948136657  -0.5818197282389977  0.8128957769008512  15.093091505484885  0.0  0.0  0.0  1.0
39885980090774;nan;nan;1.0  0.0  0.0  4.9257451  0.0  1.0  0.0  1.2642400599999997  0.0  0.0  1.0  8.20422698  0.0  0.0  0.0  1.0
39885980090805;nan;nan;-0.9061317573532479  -0.33055245930984245  0.26393239657179146  8.098006071960885  -0.3941634372308941  0.886255594437868  -0.24328215322523766  -2.7099895393591336  -0.15349404896034796  -0.32447818566399156  -0.9333560327988254  -2.2064254316071588  0.0  0.0  0.0  1.0
39885980090836;nan;nan;-0.7654292573332269  -0.45470126390885784  -0.4553732673510734  8.816005677273628  0.034634221892622274  0.6774951132848841  -0.734711400584607  1.0995251558312056  0.6425873658049914  -0.5781411004891363  -0.5028263569394641  -5.379926489422299  0.0  0.0  0.0  1.0
39885980090867;nan;nan;0.8388026933605082  -0.3139642866137497  0.4447881162331976  -4.9910513679895185  0.30285334856173984  0.9479829769535503  0.09802104198194382  -0.23926729050039905  -0.45242666905930573  0.05248525638123431  0.8902558098583223  -8.749972523216197  0.0  0.0  0.0  1.0
39885980090898;nan;nan;0.011044039090159495  0.9893303681234166  -0.14527027193944325  8.96939422907391  -0.9969509002809194  -0.00032868722395536015  -0.07803072724108721  3.706170711226634  -0.07724591658876974  0.14568910279596609  0.9863101711413438  6.534429947430759  0.0  0.0  0.0  1.0
39885980090929;nan;nan;-0.4160310295457588  -0.5265448804924676  -0.7413964332813244  5.152580923018387  0.33795670842075054  -0.8464349112911908  0.41150115939191  0.42661106197107257  -0.844217653030608  -0.07936264722555125  0.5300925622349788  2.253662902545946  0.0  0.0  0.0  1.0
39885980090960;nan;nan;-0.6221422961473968  0.7792395917713054  -0.0756612315557558  9.107572069441664  0.7803378129871603  0.625018947639371  0.020596424791420678  -3.5235600059869383  0.0633392529704923  -0.04622741294797196  -0.9969208420558161  -11.753821791942736  0.0  0.0  0.0  1.0
39885980090991;nan;nan;1.0  0.0  0.0  0.0  0.0  1.0  0.0  0.0  0.0  0.0  1.0  0.0  0.0  0.0  0.0  1.0
39885980091022;nan;nan;0.836160553110559  -0.4353962439183837  -0.3335650464356355  1.9475297229936794  0.4971523120869922  0.8585216967014053  0.1256187680225307  -10.370404067341797  0.23167888986354024  -0.27087009261766737  0.9343202261092789  5.847095085220249  0.0  0.0  0.0  1.0
39885980091053;nan;nan;-0.806991797422856  0.5875321822023686  0.059750931111999514  -7.499000718178598  -0.5903468408695455  -0.7998223842218426  -0.10851157160890476  7.595981219793922  -0.01596390828011387  -0.12284172163483173  0.9922978711345772  -0.8216400722522121  0.0  0.0  0.0  1.0
39885980091084;nan;nan;-0.507325362958245  -0.4861620746966348  -0.7115247102005299  0.7169620213483645  -0.3284178194040313  0.8724338664421007  -0.361940443419615  0.15103521043080215  0.7967199708788436  0.050055826949018986  -0.6022721163986127  -4.144444613857264  0.0  0.0  0.0  1.0
39885980091115;nan;nan;-0.2138404066084423  -0.9726716399580903  0.09045530013645572  6.528596803815762  -0.9755298358574631  0.20778368959575153  -0.0718851701666522  4.63077450023354  0.0511255303488201  -0.10361379811210812  -0.9933027539412823  3.1188756870894063  0.0  0.0  0.0  1.0
39885980091146;nan;nan;1.0  0.0  0.0  7.2066855  0.0  1.0  0.0  -1.25651  0.0  0.0  1.0  2.327996662  0.0  0.0  0.0  1.0
39885980091177;nan;nan;-0.4839671293098173  -0.8750705059099153  -0.005237120791030663  6.898331554380033  0.8750625322591951  -0.4839893800617278  0.0044547304733143596  1.7524858029601247  -0.006432914093934826  -0.0024268650621276557  0.9999763636917773  -1.7161444740011496  0.0  0.0  0.0  1.0
39885980091208;nan;nan;0.15221705619195522  0.9683504474530502  0.19780641729158177  1.4846423038428722  -0.9669030769596481  0.10443711000715906  0.23279031298427472  0.9288277361764925  0.20476427317825524  -0.22669428967406474  0.9521981366600923  -3.8722355733594696  0.0  0.0  0.0  1.0
39885980091239;nan;nan;-0.5903371365119991  -0.3241747753030427  0.7391973892757163  12.648598961472974  0.5908265389259583  0.4504068299068864  0.6693711141616454  3.6227144042526302  -0.5499327833068206  0.831892061886908  -0.07436081773328135  0.7647328519568641  0.0  0.0  0.0  1.0
39885980091270;nan;nan;1.0  0.0  0.0  0.0  0.0  1.0  0.0  0.0  0.0  0.0  1.0  0.0  0.0  0.0  0.0  1.0
39885980091301;nan;nan;0.43176057212997593  0.37222156713719773  0.8216044749828981  -0.9005303749864595  0.4082280920521419  -0.8928906691974975  0.18998967792886184  2.6399769752015043  0.8043212251417111  0.25337197520241506  -0.5374662863553052  9.356514818275095  0.0  0.0  0.0  1.0
39885980091332;nan;nan;-0.7595858525129895  -0.13617297042861554  -0.6359923386226949  1.4180698398570586  0.5959349796390714  0.2460178367303068  -0.7644192070147908  6.345485563603706  0.2605586933968946  -0.959652096405353  -0.10572143188642258  4.545981827582398  0.0  0.0  0.0  1.0
39885980091363;nan;nan;0.12031724756000758  -0.9879013416349764  -0.09785039159552125  7.85740894937002  -0.9920014518649658  -0.11585310727672271  -0.0501116456737138  2.5176656445784396  0.03816909007801318  0.10309702580647623  -0.9939386921900545  0.7584704731644961  0.0  0.0  0.0  1.0
39885980091394;nan;nan;1.0  0.0  0.0  11.349320599999999  0.0  1.0  0.0  7.9543011  0.0  0.0  1.0  -3.10793232  0.0  0.0  0.0  1.0
39885980091425;nan;nan;1.0  0.0  0.0  1.3798379999999995  0.0  1.0  0.0  -2.919183  0.0  0.0  1.0  8.530327369999998  0.0  0.0  0.0  1.0
39885980091456;nan;nan;-0.028888633683622267  0.9667478793199682  0.2540944404630636  -1.5985831750030606  0.8333578718082945  0.16366525837754833  -0.5279472896941141  7.002232495673781  -0.5519783549551958  0.19649992628638363  -0.8103750209812752  -0.9070827181589569  0.0  0.0  0.0  1.0
39885980091487;nan;nan;-0.7402012771370864  0.2511504815296833  -0.6237190913801136  16.092975128140424  0.5630685556351515  0.7385322595663244  -0.3708421540693615  -1.2868224816206184  0.3674994843255848  -0.625694443963879  -0.6880774606199229  -1.1002116262527237  0.0  0.0  0.0  1.0
39885980091518;nan;nan;0.9678317540022584  0.24847168740492978  -0.03954132652123508  4.221033498788309  0.24032528724795638  -0.9594954523870336  -0.14701099672401866  4.438598832491348  -0.07446779340157336  0.13277913016264617  -0.9883441962895073  2.071964948748912  0.0  0.0  0.0  1.0
39885980091549;nan;nan;0.15843321182934508  -0.5870360880983287  0.7939065112843254  2.8484642016493713  0.23449638918038965  0.8034277570963626  0.547279894193517  -9.040323221219156  -0.9591195758875931  0.09946089883627153  0.26494748300726284  1.1592699915359845  0.0  0.0  0.0  1.0
39885980091580;nan;nan;0.9315916016615648  0.3391769283544767  0.1307520515543153  -2.105575100446525  0.3458038507850463  -0.9377900569176825  -0.03113689015561951  7.187841966510794  0.11205705910773134  0.07422142829636093  -0.9909260290686559  -3.2146523994943337  0.0  0.0  0.0  1.0
39885980091611;nan;nan;0.0  1.0  0.0  2.3210719699999998  0.7071067811865474  0.0  0.7071067811865474  -7.386495766225435  0.7071067811865474  0.0  -0.7071067811865474  1.8373856759389562  0.0  0.0  0.0  1.0
39885980091642;nan;nan;-0.9327655217144923  -0.32885464785810165  0.14765873520660697  8.136980743463246  0.3313334638694823  -0.9434780889905987  -0.00819947040353807  0.11481427177338978  0.14200921526767682  0.04127609691785303  0.9890043814879115  8.87843747531905  0.0  0.0  0.0  1.0
39885980091673;nan;nan;0.5282524633572092  0.1593301020753464  0.8340043486275713  18.83316217324299  0.7965521036783079  -0.43313160226544134  -0.4217840220357252  3.2942386419117726  0.2940307485327035  0.8871363670212324  -0.3557175638419713  -1.086008163879465  0.0  0.0  0.0  1.0
39885980091704;nan;nan;0.8303899041288345  -0.5550488300474735  -0.04871758803386009  -3.230790061887758  -0.5553797347940072  -0.8315611787618136  0.007704294672567204  -7.083338576638182  -0.04478791467621852  0.020659192607515538  -0.9987828795387723  -6.10630292642106  0.0  0.0  0.0  1.0
39885980091735;nan;nan;-0.8128643057996215  0.09424970777376837  -0.574777011493552  9.125386701559353  0.17053441573236455  0.982087759384823  -0.0801351727852372  -5.931808520240848  0.556928750746198  -0.16315828342765198  -0.8143769036147952  -1.0920217446973042  0.0  0.0  0.0  1.0
39885980091766;nan;nan;0.6604484660211397  -0.06095343412002816  -0.7483932807015967  2.317072597857262  0.02328224366125546  0.9978828443158709  -0.060726980413695494  -0.7424038616061313  0.7505103336133496  0.022682766344580052  0.6604693265024014  -1.355425257799987  0.0  0.0  0.0  1.0
39885980091797;nan;nan;-0.5542847536539963  0.7417658217762487  -0.37756042895321307  -3.1133140319689847  -0.809113793735581  -0.3738142319072856  0.4534289236588045  9.472510852996171  0.19520061642716235  0.556818090284585  0.8073724875658592  -0.4074295562424042  0.0  0.0  0.0  1.0
39885980091828;nan;nan;0.18533259184568984  0.9816066240582899  -0.0458286592062938  9.384876533914817  0.9804783314530081  -0.18783410270092182  -0.05814285350466516  -4.111943957013274  -0.06568159522183059  -0.034158241573991645  -0.9972558059904633  -5.428285608656899  0.0  0.0  0.0  1.0
39885980091859;nan;nan;0.22562675115073294  -0.41141455861389514  -0.8830801946175101  12.010085505614107  0.6118793815953556  0.7652047906752405  -0.20016306029371764  3.889789935836981  0.7580871925732887  -0.49517642238720855  0.4243867565890276  -6.873241488610451  0.0  0.0  0.0  1.0
39885980091890;nan;nan;1.0  0.0  0.0  -2.8191169999999994  0.0  1.0  0.0  -9.8681499  0.0  0.0  1.0  -3.13723038  0.0  0.0  0.0  1.0
39885980091921;nan;nan;1.0  0.0  0.0  1.5586069999999985  0.0  1.0  0.0  7.995334000000001  0.0  0.0  1.0  0.2865166399999999  0.0  0.0  0.0  1.0
39885980091952;nan;nan;0.44721359549995787  0.0  0.8944271909999157  1.184151796738762  0.0  1.0  0.0  1.0474310000000004  -0.8944271909999157  0.0  0.44721359549995787  -0.5129623855278531  0.0  0.0  0.0  1.0
39885980091983;nan;nan;-0.7900437934114202  0.5828160219523187  0.19014807137535714  2.432077471413681  -0.5815378703040255  -0.8106363554630897  0.06842809805758175  13.70022959389501  0.1940219314777379  -0.05651711030470247  0.9793678095324834  -2.445291187401857  0.0  0.0  0.0  1.0
39885980092014;nan;nan;1.0  0.0  0.0  6.076314399999999  0.0  1.0  0.0  8.6451013  0.0  0.0  1.0  -1.7590072999999995  0.0  0.0  0.0  1.0
39885980092045;nan;nan;-0.9134573897895698  -0.34120380721772614  -0.22175562896791384  -0.07592740574064649  0.3698650585053276  -0.923381672800178  -0.10279165741243934  3.1174156617495323  -0.16969217876990328  -0.17591545775421377  0.9696691787344014  -3.039022809637309  0.0  0.0  0.0  1.0
39885980092076;nan;nan;-0.24977844326636814  -0.9485273999567102  -0.1946959188344562  13.052697131623464  0.9495941387309261  -0.27928398722753395  0.14237775867796765  1.8611368953854464  -0.18942465775949174  -0.1493192084416943  0.970475178983494  15.086882701062345  0.0  0.0  0.0  1.0
39885980092107;nan;nan;-0.24253562503633297  -0.015601661394529705  -0.9700170404430871  2.0996541385861383  0.9701425001453319  -0.0039004153486324263  -0.24250426011077178  -10.262817214910303  -0.0  -0.9998706790989716  0.01608182446619183  0.0145846626714832  0.0  0.0  0.0  1.0
39885980092138;nan;nan;-0.5697101412596907  -0.8197852094969715  -0.05815982492984355  11.168812375883164  0.8216979682959297  -0.5695213860449332  -0.021397189904284623  -4.816152928771277  -0.0155821642978447  -0.05998000606422982  0.9980779503767878  -11.073300687407382  0.0  0.0  0.0  1.0
39885980092169;nan;nan;0.0  0.9701425001453319  -0.24253562503633297  -1.6618483026971784  -1.0  0.0  0.0  9.4232051  0.0  0.24253562503633297  0.9701425001453319  1.727472962298257  0.0  0.0  0.0  1.0
39885980092200;nan;nan;-0.2975837240115023  -0.857194823467937  0.4203105540231151  12.154256044765004  -0.8389488339953928  0.4449158847207044  0.31339226132909453  -4.613661085845415  -0.4556410661268546  -0.2593586130109522  -0.8515423235023719  3.9428143305619683  0.0  0.0  0.0  1.0
39885980092231;nan;nan;0.6804842260772143  -0.5956146690548485  0.4268306269081199  0.14210213244884162  -0.6865602686466757  -0.31468081631934475  0.6554471613764113  -7.1651868637155705  -0.2560785340006062  -0.7390664042204019  -0.6230606989506126  5.536802154697854  0.0  0.0  0.0  1.0
39885980092262;nan;nan;-0.4239026226321934  0.8542922219156737  0.30081782876008195  9.039827214353306  0.898566670038739  0.4383114903448544  0.02147037324231673  -3.7639585607112576  -0.11350993798359713  0.2794062222035406  -0.9534399073737714  2.1009833097584107  0.0  0.0  0.0  1.0
39885980092293;nan;nan;-0.3784308489839276  -0.7023206494582266  -0.6029392986710009  9.946201095082243  -0.9185237324758331  0.3654871765967706  0.15077558364000912  -4.0156346409222055  0.11447377610600677  0.6108721871945847  -0.783409806867476  12.069251662970341  0.0  0.0  0.0  1.0
39885980092324;nan;nan;0.2950722152377501  0.9461251958059845  0.1333397977191148  2.734441256343689  0.9258510498508565  -0.3176063552416536  0.20475848358536825  -3.7498847892298315  0.23607672753737036  0.06303425236488619  -0.9696878166420604  -0.374090337987699  0.0  0.0  0.0  1.0
39885980092355;nan;nan;0.7667591611865823  0.6401729966573859  -0.04752812943037181  -0.3642204613976867  -0.6385211032616827  0.7529627831753152  -0.1591786664172233  -2.24092827312777  -0.06611497126923102  0.15239941438071414  0.986105080136232  2.0716112991627575  0.0  0.0  0.0  1.0
39885980092386;nan;nan;-0.24542093287666814  -0.9635720825610468  -0.10628926293334481  -1.4154623986147692  0.9675815097374915  -0.25022268593827784  0.03427286763536429  0.6003582989622713  -0.05962036330032841  -0.09443224635050128  0.9937444153951935  5.1975544020535915  0.0  0.0  0.0  1.0
39885980092417;nan;nan;0.6818484320087892  0.7164759195595486  -0.14746176609024814  -5.81281308401504  -0.7108940270033418  0.6015391841923556  -0.36439030208303735  5.395708957853291  -0.17237284629003402  0.35328864483944933  0.9194970012400137  -2.066206168177104  0.0  0.0  0.0  1.0
39885980092448;nan;nan;1.0  0.0  0.0  7.537478299999999  0.0  1.0  0.0  -3.7019751999999997  0.0  0.0  1.0  -5.336169999999999  0.0  0.0  0.0  1.0
39885980092479;nan;nan;-0.9577291030472936  0.17622159482891714  -0.22737835141494828  5.4867901276200675  -0.18792094274425117  -0.9817043386269275  0.030697081281108575  1.4081641899955633  -0.21780882547394304  0.0721286422790567  0.9733225439229494  -13.069940015127825  0.0  0.0  0.0  1.0
39885980092510;nan;nan;-0.5188661784611125  0.8072398033451554  0.28132150423391966  10.02894294419481  -0.8435781865540032  -0.5367791018684999  -0.015621746621473297  10.992654785324813  0.13839700870835286  -0.245422280350666  0.9594864106844135  -1.8902640058324205  0.0  0.0  0.0  1.0
39885980092541;nan;nan;0.28343119597508215  -0.026367920721352148  0.9586300067831004  -1.8793634410956164  -0.030058509374322473  0.9988865113211183  0.03636239149065431  14.031319169002689  -0.9585213837793752  -0.03912122515410693  0.2823230181549378  3.368490967868861  0.0  0.0  0.0  1.0
39885980092572;nan;nan;0.9525028624517615  -0.2854396347916499  -0.10612498250275662  -6.836936929813689  0.2056154582488329  0.8598655863779832  -0.46728305842601403  -3.29891656961631  0.22463432585053264  0.42326751381703853  0.8777152336588557  3.483174151153966  0.0  0.0  0.0  1.0
39885980092603;nan;nan;1.0  0.0  0.0  -1.2716203000000004  0.0  1.0  0.0  2.3106597540000005  0.0  0.0  1.0  -0.7294824890000001  0.0  0.0  0.0  1.0
39885980092634;nan;nan;-0.31268927867342977  0.8961636586392444  0.3148271143612229  14.39640451530476  0.26903170515308145  0.401432991047516  -0.8754847202099366  -9.486843907077029  -0.9109595801269756  -0.18905621024703062  -0.3666202295863049  3.1958202160133307  0.0  0.0  0.0  1.0
39885980092665;nan;nan;0.0  1.0  0.0  -8.454428599999998  -1.0  0.0  0.0  1.7516313000000001  0.0  0.0  1.0  -14.08199974  0.0  0.0  0.0  1.0
39885980092696;nan;nan;-0.3106873092818461  0.9257367761379348  -0.21560337927998713  5.85015774363649  -0.9447578839364099  -0.3256786632650507  -0.03695874773158481  0.30046917612590396  -0.10443149233446644  0.1922103784909472  0.9757813452865163  8.307350334637377  0.0  0.0  0.0  1.0
39885980092727;nan;nan;1.0  0.0  0.0  0.0  0.0  1.0  0.0  0.0  0.0  0.0  1.0  0.0  0.0  0.0  0.0  1.0
39885980092758;nan;nan;-0.6663935880713001  -0.7456001163662359  0.00022858721130497583  -0.4316337865650537  0.7456001333954605  -0.6663936080429325  -1.5498178127870167e-05  4.750221015402263  0.00016388449990959592  0.00016010676871029  0.9999999737538461  -8.593786739901926  0.0  0.0  0.0  1.0
39885980092789;nan;nan;-0.2107601058052812  0.4281394768015618  -0.8787927891175669  1.3677722627768336  -0.5528598241585724  -0.7936040749876584  -0.25404445869637915  13.00336934103622  -0.8061800001440742  0.43230678986926485  0.4039611946717555  -1.3265033669668733  0.0  0.0  0.0  1.0
39885980092820;nan;nan;1.0  0.0  0.0  11.580828499999999  0.0  1.0  0.0  0.30979540000000005  0.0  0.0  1.0  9.221440000000001  0.0  0.0  0.0  1.0
39885980092851;nan;nan;-0.013309140234663452  0.8758592754407672  -0.48238303909920854  7.861217700005755  -0.7294928198554811  -0.33844556841843637  -0.5943860891686652  2.877327263954953  -0.6838589712546829  0.34398419562865956  0.6434374721697451  0.26132016104024364  0.0  0.0  0.0  1.0
39885980092882;nan;nan;-0.6546407499430206  0.3256949856045187  -0.6821790563086139  0.07171817855245877  0.46838389893184973  -0.533566269908528  -0.7042184027965316  -5.21227676485618  -0.5933481370455609  -0.7805317494938768  0.19674393585722197  5.443140404275489  0.0  0.0  0.0  1.0
39885980092913;nan;nan;-0.126060456039836  -0.9503353770134259  0.2845547972180015  9.356746963080314  0.9919819371225269  -0.12335402541614288  0.027488558279266155  1.4524213137944186  0.00897763029243281  0.28573843915438285  0.9582655929041537  7.903765484442463  0.0  0.0  0.0  1.0
39885980092944;nan;nan;1.0  0.0  0.0  -2.3444668000000006  0.0  1.0  0.0  2.1454401499999998  0.0  0.0  1.0  -1.0377821646999998  0.0  0.0  0.0  1.0
39885980092975;nan;nan;0.9604957623874897  -0.24047466797510147  -0.1400707838842209  13.569318019212737  -0.096788117239888  -0.760551169678909  0.6420233474424437  4.644657744433368  -0.2609213498294707  -0.6031035171198291  -0.7537812659126376  6.832356127438823  0.0  0.0  0.0  1.0
39885980093006;nan;nan;1.0  0.0  0.0  0.0  0.0  1.0  0.0  0.0  0.0  0.0  1.0  0.0  0.0  0.0  0.0  1.0
39885980093037;nan;nan;-0.8286516809565266  -0.19633813783263848  0.524201990916035  -5.615834443952684  -0.06968679166665817  0.9653673620550246  0.25141520905890025  -3.6384210524394622  -0.5554098871240327  0.17180568067248114  -0.813635462214827  10.322048166571008  0.0  0.0  0.0  1.0
39885980093068;nan;nan;-0.6756674094089892  -0.34857614979255724  0.6495908094010739  8.524989396567623  0.4924677855413596  0.44228663924543393  0.7495718837769793  -6.7400442846235835  -0.548588217214456  0.826363840291173  -0.12717614317429665  5.035113514049723  0.0  0.0  0.0  1.0
39885980093099;nan;nan;0.8350308662736234  0.42228633817502403  0.35270058259244785  4.333719969230667  -0.372685149593287  0.9056962533127046  -0.20203978818034818  11.702105963060813  -0.40475823851152415  0.03726318996086986  0.9136641740984425  -3.4726346064683318  0.0  0.0  0.0  1.0
