# ransac_benchmark.py --distance_metric=euclidean --max_correspondence_distance=0.15000000000000002 --estimation_method=TransformationEstimationPointToPoint --ransac_n=3 --ransac_confidence=0.999 --ransac_max_iteration=100000 --input_txt=/neural_comparison/point_clouds_registration_benchmark//eth/plain_global.txt --input_pcd_dir=/neural_comparison/point_clouds_registration_benchmark//eth/plain/ --input_features_dir=/neural_comparison/experiments/3DFeatNet/feature_extraction_voxelgrid_0.1//eth/plain/ --output_dir=/neural_comparison/experiments/3DFeatNet/results_ransac_voxelgrid_0.1//
id;initial_error;final_error;transformation
4215528470030;7.9427285406441825;14.498302627924557;0.2584903543611554  -0.7777419037483813  -0.5729749277726628  17.39273433732978  0.9658594467983589  0.19747441524799336  0.16768835485158712  -0.479167407610559  -0.017270371525039963  -0.5967590690356595  0.8022345964810297  13.996742888943913  0.0  0.0  0.0  1.0
4215528470061;8.5731783167614;8.378020315275784;0.5607495284682961  0.7904750103288741  0.2463924194616183  -1.0920691780181908  -0.8006512478529406  0.5935035097526098  -0.08192168957524423  12.25193956153695  -0.21099181414005772  -0.15133684930280578  0.9657016166544344  8.486346538190014  0.0  0.0  0.0  1.0
4215528470092;7.21989676751356;10.946216504717487;-0.1332410022354923  -0.31405570478676537  -0.9400084306080292  12.824080482398788  0.7883317633333182  0.5412364697569096  -0.2925681368926887  -4.874637397748986  0.6006495369540069  -0.7800205754311653  0.17546519786262854  7.908912495623719  0.0  0.0  0.0  1.0
4215528470123;3.699125908164359;13.196101803109558;0.7454283316800283  -0.1645801889264674  -0.6459488863227947  -1.2222681511565536  -0.6582296519895603  -0.028783357192864456  -0.7522667369958683  17.799498125431825  0.10521562417451522  0.9859436493845055  -0.12978749041387194  0.22844264992470542  0.0  0.0  0.0  1.0
4215528470154;6.304867582126328;8.192740968947556;-0.6091859495692908  0.7381045456818789  -0.28998992825804937  6.883292146886262  0.7928608155399979  0.5593812075947889  -0.24179411029023248  5.935689670515658  -0.016254415665012303  -0.3772192256944795  -0.9259813441629622  -0.009341767864938788  0.0  0.0  0.0  1.0
4215528470185;10.45878331764484;19.11635433133171;1.0  0.0  0.0  -8.462917000000001  0.0  -1.0  0.0  -1.3284297999999994  0.0  0.0  -1.0  -1.1559290000000002  0.0  0.0  0.0  1.0
4215528470216;5.914600834043442;9.188304912598182;0.815865296612613  0.574105603911663  0.06904037471247124  -8.674975694124736  0.3766191316943753  -0.618185203081597  0.6899312171026468  -4.70407378243381  0.4387731161146822  -0.5368890111076868  -0.7205750081197809  -0.44719168519930996  0.0  0.0  0.0  1.0
4215528470247;6.661053221913973;2.543524931951856;0.9757355331080443  -0.19567798098201072  -0.098235926163322  1.7282654641642132  0.18247145961547828  0.4787502311256355  0.858779589081475  -6.371461299351196  -0.12101378374449268  -0.85586701300842  0.5028392587973688  4.656125140489902  0.0  0.0  0.0  1.0
4215528470278;5.936222330533173;8.738288351745242;-0.7529909637279324  0.5279971776516543  0.39271311276295195  19.263556012353337  -0.6067839215957496  -0.32623478289735386  -0.724833869876953  12.074245269297915  -0.25459356047819215  -0.7840853568456707  0.5660320416224096  4.438977807034088  0.0  0.0  0.0  1.0
4215528470309;13.3828056546087;13.403804992635198;0.34726230468264957  -0.920713080562862  -0.17803458941155245  18.434889060887684  -0.757814154424759  -0.1636916603990869  -0.6316033151189743  21.64277819460696  0.5523826564076602  0.3542491546866909  -0.7545733478620761  -10.311686679487465  0.0  0.0  0.0  1.0
4215528470340;6.643852363898183;5.681603499067261;0.1252341709424224  -0.9769757432638859  0.17272752965969707  11.170151499585689  -0.9517839634746971  -0.16744869156166944  -0.2570373952690199  17.639739582784074  0.2800422991277597  -0.13220942768298413  -0.9508401432054585  -0.4621379361017932  0.0  0.0  0.0  1.0
4215528470371;8.616592423121881;7.182885271537088;-0.02740965096646647  0.26721657500774004  0.9632466003443927  3.5046140947109876  0.02568551389357602  0.963478753009844  -0.2665500832388138  1.3819597258946503  -0.9992942336518909  0.017435439189427082  -0.03327221138356118  11.111936620391102  0.0  0.0  0.0  1.0
4215528470402;8.051064745866395;7.086363629827873;-0.1345369387415922  -0.002095264837630402  0.9909063638807157  14.723173852951469  0.989462968145607  -0.05428042294910633  0.1342261910096217  -1.6601041989235608  0.0535055771160948  0.9985235327971629  0.009375908902464529  -5.8598336486309925  0.0  0.0  0.0  1.0
4215528470433;3.035557231842426;11.293239624378476;-0.2622477519009209  0.7007863500677616  0.6634188783729456  14.127695305031809  -0.8376669658264969  -0.5066357576383601  0.20404475843607117  16.457959723277956  0.4791035075909415  -0.5022137997316576  0.7198896640271673  2.7414512827426964  0.0  0.0  0.0  1.0
4215528470464;11.371431429449434;14.004332805899212;0.9603660339397003  0.19219268982082882  -0.20188870903139836  -1.7471360752652387  0.1344656323630725  -0.953871098557735  -0.26841930081396687  8.139434379605504  -0.2441640320934454  0.23063368642870546  -0.9419087153839146  17.039726515883576  0.0  0.0  0.0  1.0
4215528470495;6.926527848736154;11.131615558084711;0.8519665231150775  0.5150489028157403  -0.09422139459544115  3.4167264361491947  0.5232372253852626  -0.8308211756738028  0.18962853166950833  10.646449476875663  0.019386837347530245  -0.21085730188993684  -0.9773245872162215  1.187862737438812  0.0  0.0  0.0  1.0
4215528470526;13.514784535064075;14.756731397217042;-0.99518934890469  -0.0031884723329760715  0.09791829997932644  20.977007746097577  -0.03134601257964889  -0.9365680606966603  -0.3490812157338938  16.10145794031183  0.09282018811668086  -0.35047125606400087  0.9319626126357783  -7.829059627728068  0.0  0.0  0.0  1.0
4215528470557;10.446360986706342;12.932161099900172;-0.4394094555827095  0.49821693829118974  -0.7474618470157922  0.8722863404506391  0.6782536327640657  0.7295900687186583  0.08758048452395786  2.234441722340785  0.5889748211824123  -0.4684850200666572  -0.6585062231948071  -6.797492733437067  0.0  0.0  0.0  1.0
4215528470588;3.580277951137834;14.000229504825134;-0.40190059041088777  -0.7923209127176515  -0.45902449465975903  18.86827511624699  0.43323263500701414  -0.6061676805816764  0.6669859271252354  7.002807738457744  -0.8067127118077779  0.06919764655317534  0.5868784255016052  8.89773822427069  0.0  0.0  0.0  1.0
4215528470619;3.9070449392142814;7.999255772354697;0.3679491174620238  -0.4071064575334055  0.8359891023174411  9.365629883367241  0.9042757359724888  0.366057767513426  -0.21974326878087214  -2.684595060832377  -0.21656140073968314  0.8368190025792251  0.502827124001856  1.5594029835896337  0.0  0.0  0.0  1.0
4215528470650;5.1845358049870764;11.287502102908372;0.7602732653667265  -0.5649465014485366  0.3206555979079004  5.231171585632442  0.6402217715773217  0.568056277739998  -0.5171345555255158  0.718156698069409  0.11000293253822913  0.5984542721221366  0.7935690511932489  -4.318854604473541  0.0  0.0  0.0  1.0
4215528470681;3.380804448922173;7.345307423661148;-0.09075572305550868  0.006880124312034549  -0.9958494176441154  8.477461778407916  -0.7019221598320334  -0.7098003919102892  0.05906509274295453  6.965741657765325  -0.7064479317468529  0.7043692692994578  0.06924775950991788  0.36817362848541113  0.0  0.0  0.0  1.0
4215528470712;10.187008660188404;19.68218363261662;0.4929540329119008  0.8186980485454025  0.29449928139783776  -5.945013807987856  -0.8626702308361487  0.5039271306689574  0.04309895363993798  18.56415237659825  -0.11312114861951629  -0.27530156607564316  0.9546793458807517  -2.71923447456175  0.0  0.0  0.0  1.0
4215528470743;11.416465271917176;8.324152605241181;-0.12231783500697492  -0.149627819139439  0.9811472177908784  15.569392131308366  -0.9920130671931304  -0.012243061592046092  -0.1255395633293765  17.91571945949475  0.030796456894970153  -0.9886665884829063  -0.14693520701413754  10.29899110252136  0.0  0.0  0.0  1.0
4215528470774;8.6384432610346;10.82344307341461;0.13328008134887287  -0.9896765450605289  -0.05269493403253536  13.128295686798658  0.974353668234954  0.14057221068880282  -0.17571107756527993  -3.7129593663446894  0.18130457554272278  -0.027924715560201152  0.983030447721817  -7.963895245355788  0.0  0.0  0.0  1.0
4215528470805;4.364926864890053;4.785044902062017;-0.9974489222006684  -0.01772194328653244  0.0691489719871019  33.20749016679234  0.010742476973329702  -0.9949264484321454  -0.1000298025524132  2.395352969169661  0.07057086359965747  -0.09903178750454884  0.9925786912252608  -3.6085075591009907  0.0  0.0  0.0  1.0
4215528470836;7.998596834151955;13.612093328701327;0.7110160799079673  -0.38307397055720965  0.5896697950496029  13.71394367439016  0.3581589254685093  -0.5243590737247668  -0.7725087351672777  -3.3269009244482586  0.60512669600634  0.760461632749502  -0.2356263713942311  -4.054111702320343  0.0  0.0  0.0  1.0
4215528470867;4.496746515697113;7.063799343030297;0.6376701214663494  0.6369336386732842  -0.43323475866497774  5.475065489669019  -0.7678882468378577  0.5701606817446104  -0.292000748904524  17.835505201747416  0.061028325860802646  0.518876032322685  0.8526682863363089  2.027216056600917  0.0  0.0  0.0  1.0
4215528470898;3.0735426127890535;12.913040100614616;0.5702604620549898  0.6657530241963303  0.48122335374571135  -0.14939245006727653  0.8193337002717099  -0.4188063511343444  -0.39152717383165614  11.51594782892121  -0.059121003170594044  0.6175549781379601  -0.7843025920912963  1.9799091810299363  0.0  0.0  0.0  1.0
4215528470929;7.751781789465057;13.039878336161387;0.0035912312581944  0.7646360570621883  0.6444523281814106  10.615829903042359  0.9813581719586126  0.12114099724419516  -0.14920119676709187  6.976263010991206  -0.19215421251718823  0.6329743747001708  -0.7499467978362381  -1.855983025813157  0.0  0.0  0.0  1.0
4215528470960;7.051327912203398;12.264495366276302;0.4487319378126357  -0.8639088035418403  0.2286946154806048  9.405967368398754  0.8477184222465163  0.33048641643925375  -0.41491228607142505  4.771044251139644  0.2828659127056366  0.3800530327625936  0.8806512179729051  -5.069679689283651  0.0  0.0  0.0  1.0
4215528470991;7.811575106800094;21.103410262432313;-0.2153657022005097  -0.8921547260957503  0.3970863369856713  27.503130450467822  0.9728966491615426  -0.160962877760261  0.16602126982220558  3.3792592973731184  -0.08420050098380422  0.42207925403667046  0.9026402267492428  0.552125260520477  0.0  0.0  0.0  1.0
4215528471022;6.397326685010671;14.15725019172595;0.8210620742142014  -0.5671583379123022  -0.06471854466555937  10.64083539347176  -0.5695495017538211  -0.8215414319159635  -0.026135047301324044  22.187629457649393  -0.038346255867382675  0.058318911015413144  -0.997561260915303  6.8376766899509285  0.0  0.0  0.0  1.0
4215528471053;4.989390319330123;7.075281094658032;-0.05137972655428022  -0.20212939098159077  0.9780101395183072  9.323241812549977  -0.5770500828455569  -0.7932685170578238  -0.1942633823776841  12.82649258716551  0.8150909922132278  -0.574342031498909  -0.07588086232089858  -8.529241060898853  0.0  0.0  0.0  1.0
4215528471084;7.283065117516562;17.460237787502937;0.6517285062167728  -0.6684188555540759  0.3584218014075503  9.632614148166633  -0.5266173380464743  -0.05871141848785286  0.8480726080990885  17.4822458615311  -0.5458242697547444  -0.7414642289948474  -0.3902648634809142  -0.8095837738010125  0.0  0.0  0.0  1.0
4215528471115;13.751336068378958;18.24440272647682;-0.2992046489670317  -0.755112795494578  -0.583336304473568  15.03016778736465  0.748956791726211  -0.5646426972323423  0.34675978513859684  0.9150602747896883  -0.5912193350726076  -0.3331415473076703  0.7344905767222312  14.958862963859868  0.0  0.0  0.0  1.0
4215528471146;11.525962444638278;11.671768199081122;-0.9741636284070692  -0.16854391567419738  0.1503268890717245  30.393921046941326  -0.18431134660403628  0.9779801495840252  -0.09789869525491438  3.803967566926498  -0.13051648402320806  -0.12307629954145045  -0.9837772470886907  4.786448315761759  0.0  0.0  0.0  1.0
4215528471177;6.697705102568167;7.283288096308895;-0.05923123285450815  -0.2967406236657237  -0.9531194381193852  17.265796719737086  0.06422333049607148  -0.9539504926746308  0.29300822743708277  3.620671293430412  -0.9961762017206226  -0.04385726612895888  0.07556133490857772  21.59100730158149  0.0  0.0  0.0  1.0
4215528471208;6.121585792418238;9.724049846929066;-0.6874278785452662  0.7219892135609305  -0.07857790593050765  26.91257392549905  0.7248467583870681  0.6753404549119547  -0.13606045279607648  -16.357212458097994  -0.04516734057384551  -0.15048868881408767  -0.9875793972559893  1.7990829714155794  0.0  0.0  0.0  1.0
4215528471239;7.5967337800512365;7.162583387888609;-0.5738708789221175  0.8076228185812429  -0.1357114484192285  3.540689410909387  0.2951480918174668  0.35854190886159054  0.8856270679503848  3.3216040590632074  0.7639108706005331  0.4681806088431854  -0.44412509418131263  -10.847304353065736  0.0  0.0  0.0  1.0
4215528471270;4.659737430181631;3.283006603626946;0.08033788355114825  0.14635327879948307  -0.9859647773887075  18.24170092689195  -0.9906666887023706  0.12099853510786213  -0.0627603887594123  17.121822296582213  0.11011510505831285  0.9818044979966192  0.15470808431237382  0.5324936975289454  0.0  0.0  0.0  1.0
4215528471301;12.269791784026703;16.980998721595082;-0.7661649905837942  -0.3622122394397998  0.5308422560457475  20.26968090143043  -0.3969879751241799  0.9163340030193527  0.05227372683607154  6.884699884128564  -0.505362993115382  -0.1706876929088142  -0.8458569362953341  7.189228901638909  0.0  0.0  0.0  1.0
4215528471332;10.27674754914434;18.795722252802452;0.4305649661318101  -0.7072116394299294  0.5607722416407075  18.253244179047023  -0.7404584582102389  -0.632043614774692  -0.2285653969599422  26.880254213547133  0.5160766237728933  -0.31681629705141673  -0.7957966777499137  -0.7582159459108979  0.0  0.0  0.0  1.0
4215528471363;7.251183878607266;10.64164384092803;0.9067727369311334  0.37560805310991746  -0.19152491743217037  1.7941535624531433  0.41660370553545645  -0.8680677025478131  0.26999965986550606  4.3620567658336  -0.06484254847358056  -0.3246183208513346  -0.9436198332353511  3.6984796667568585  0.0  0.0  0.0  1.0
4215528471394;7.752494131188369;16.414755702989968;0.37837390559061856  0.5484832685792266  0.7456536003109958  4.9199924160149955  -0.9227571849389062  0.15983216790156857  0.35067485759248535  5.416653345655557  0.07315986065956515  -0.8207434326222378  0.5665931985081889  4.353245324792692  0.0  0.0  0.0  1.0
4215528471425;6.845520635125362;4.077558402432337;0.38681855615020433  0.9196413115254746  -0.06805338164687674  2.4604559754965205  -0.9217276589774713  0.3878333208711603  0.0018541569398486382  8.65961867310917  0.028098528320557162  0.062009461840528024  0.9976799583776688  -0.6060124938639779  0.0  0.0  0.0  1.0
4215528471456;8.696136189115853;14.463116980784354;-0.756414420622117  -0.4403980407449937  -0.48361843428769136  27.099635941345106  0.26960610025304277  -0.8835645985431417  0.38291794278623476  -4.419829239599668  -0.5959444395086282  0.1592581737596758  0.787075002213563  7.474992097768514  0.0  0.0  0.0  1.0
4215528471487;4.397592397978111;13.820808060364307;0.6309010827618635  -0.7691912301173858  0.10153164669407622  14.106093896394547  0.7757356311698475  0.6229990517006377  -0.10053065260717195  -15.021071059754568  0.014073176735400428  0.14218661361256502  0.9897398206629684  -2.9265523275676593  0.0  0.0  0.0  1.0
4215528471518;4.316883413942118;10.55536430838628;0.23441853846478494  -0.43504461229378644  0.8693584612449494  5.476014719309253  0.9310388761715611  -0.15679905345481288  -0.3295158082594427  -13.092503041975615  0.2796686608850432  0.8866511389209542  0.3682868419709599  -5.890961210865673  0.0  0.0  0.0  1.0
4215528471549;1.9026528424683027;11.846443567482217;-0.6679430755971163  0.1887571847795121  -0.7198769151431224  15.02760277081001  -0.041190411158273335  -0.9751942581509586  -0.21748450266171676  -3.8206509299168143  -0.7430715966785956  -0.11561524148448168  0.6591492381441459  2.3682516947397843  0.0  0.0  0.0  1.0
4215528471580;8.32112714146523;19.752648933355132;0.9650229942923433  -0.2554429869213609  0.05898729456191393  -0.896795512490236  -0.2535812609877327  -0.9665958705691461  -0.03726884858091378  19.241979068499365  0.06653694134022023  0.021007223314116752  -0.9975627960212428  7.182021323070089  0.0  0.0  0.0  1.0
4215528471611;14.49435390175508;20.226973994317586;-0.5076392754839321  0.4276547378384458  -0.7479396975628974  26.62572588370019  0.8261540732475893  -0.0047217645689815735  -0.5634244866845703  -25.86741435843424  -0.24448274630853817  -0.9039298258956194  -0.3509117504640586  8.747876664415132  0.0  0.0  0.0  1.0
4215528471642;10.551955767567739;12.933256070537219;0.4686433817197753  -0.12963618096556231  0.8738236900856577  12.041848156436895  0.009986890565562873  -0.9883330617510896  -0.15198033118317483  15.253472466889685  0.8833309927694619  0.07995135792705618  -0.46188108597184996  -10.56447316048473  0.0  0.0  0.0  1.0
4215528471673;5.301269378770812;10.910607826134964;-0.35380136933482575  0.8426792062769458  0.405852616555888  15.598993143972173  0.8883339366414158  0.4385469627118654  -0.1361593864093294  -9.433413375745246  -0.29272411596581693  0.31235927520190077  -0.9037390525629485  7.156219908683658  0.0  0.0  0.0  1.0
4215528471704;14.231622672185328;14.673342702160118;0.6584752651434365  -0.7517758130517601  0.03526261624789323  2.855341541314644  0.43244296465882837  0.41628951786228063  0.7998100522218219  -3.208485418590204  -0.6159573098124289  -0.5114060658892843  0.5992165120057025  9.602944997816348  0.0  0.0  0.0  1.0
4215528471735;9.260585039119485;13.906739561132348;0.4105130888855174  0.8761789951196941  0.25256558032462434  0.7254418420617519  0.9090539511035433  -0.4149327237369458  -0.038101820891887905  -0.41265268378564546  0.07141370902501401  0.24523703489335047  -0.966829291488424  13.158045019002795  0.0  0.0  0.0  1.0
4215528471766;10.023762998931376;9.902396454519954;0.44404474568868424  -0.8922210134749965  0.08225525478608148  4.890710891571739  0.8958904628189062  0.4435786553243346  -0.024864737496759284  6.25994187086859  -0.01430183402222207  0.08473275431795363  0.9963010678952897  -2.165313550617042  0.0  0.0  0.0  1.0
4215528471797;16.49642327605817;16.674904498932612;0.1414641712974281  0.9892738613562897  -0.03640213560148056  15.740083625723045  -0.9892123368542499  0.14267701757624032  0.033199717934089865  10.962618066430212  0.03803736129762181  0.031312871039971435  0.9987855942356939  -6.595004889547655  0.0  0.0  0.0  1.0
4215528471828;6.120378490255965;6.608130011074651;0.35557993270696775  0.789801662480611  -0.4997761953104315  3.6778099740062737  0.2934641074525059  0.4133362360456547  0.8619930241067582  2.9587582569959956  0.8873791349210391  -0.45317379658854173  -0.08480436894591237  -7.946510149697031  0.0  0.0  0.0  1.0
4215528471859;3.3560635566366703;4.510612382377746;0.8309482619186016  0.5017829918790143  0.2402890240427128  3.2346225614093598  0.22915459100910884  -0.7022546339214294  0.6740375379423073  -0.33018732316238086  0.5069646530419084  -0.5050269875925681  -0.6985231437606583  1.7864372214538244  0.0  0.0  0.0  1.0
4215528471890;6.397138347400414;15.217602224690292;-0.7840059225781078  0.4572836690182954  -0.4197932341184375  17.39320405386551  -0.5546610226420973  -0.8196997997961931  0.1429803768903407  16.31964061413257  -0.2787218386206459  0.3449404068288431  0.8962869252715224  -0.7344613250732897  0.0  0.0  0.0  1.0
4215528471921;4.826841366204702;11.302344400236933;-0.05128596625039751  -0.3112151108611122  0.9489546377132416  3.2572224289071947  -0.9577748715452842  -0.2538477101102817  -0.13501346417369794  19.530745322273418  0.2829081920025981  -0.9158092022050623  -0.2850551877344963  1.0595000333161533  0.0  0.0  0.0  1.0
4215528471952;10.627445185868936;17.039349453061455;-0.1461468699329688  0.9309931942031665  -0.33450375895672824  20.169956480033466  -0.7145300840084412  -0.3331941264611251  -0.615165370562012  14.190196196811154  -0.6841694610662521  0.14910850558969752  0.7139179239276188  2.004349591659661  0.0  0.0  0.0  1.0
4215528471983;2.5890048286559675;9.06484804522654;-0.04722561666732103  -0.00026627921872323  0.9988842126221479  3.5523258707692547  -0.2550126257590528  0.9668657342894116  -0.011798837250765117  9.494553168623362  -0.9657837759218488  -0.25528529325516286  -0.045728735099071466  8.886951255751791  0.0  0.0  0.0  1.0
4215528472014;9.471090222260203;11.496833061044649;0.2870780586101485  0.9479531931066228  0.13773500623874482  -2.0841015715818223  -0.8771842349000112  0.3179271922408933  -0.3598195637770476  12.389861213368018  -0.38488180823145013  -0.01752267424741627  0.9227995175441461  -6.104856450425468  0.0  0.0  0.0  1.0
4215528472045;3.9958979372442767;9.360955980255014;-0.5668839271276899  0.12200089498158836  0.8147136888428835  11.647622137749092  0.6413976848713975  0.6859822871944949  0.3435655854375126  5.237954508948787  -0.5169638507728554  0.7173172821556026  -0.4671234244982795  -0.14177498093733654  0.0  0.0  0.0  1.0
4215528472076;8.69484171943448;14.687463704286216;0.6867536814616187  -0.09471561428299369  -0.7206929536285953  15.110481260543937  0.7051400148281781  0.32753262914785236  0.6288878567213809  -1.617437915958667  0.17648495824582439  -0.9400804908381462  0.2917220085260606  -4.5847490429840345  0.0  0.0  0.0  1.0
4215528472107;10.315265354533507;15.230691770658904;0.6710512035500736  -0.5265403260166424  -0.5219631857634083  12.939890411988408  0.7067064738157963  0.2413928303341508  0.6650529763335482  0.5434996288490197  -0.22417904023534546  -0.8151593626657037  0.5340964064451312  14.61204611635522  0.0  0.0  0.0  1.0
4215528472138;6.670306263270432;12.77846834254697;0.3816136223140423  0.08692123154692796  0.920225919419096  11.456356383134747  -0.6166620001061047  0.7655632181808583  0.18341465752143749  11.622614581418462  -0.6885484884084013  -0.6374618878607046  0.34575037329780756  6.886455113830987  0.0  0.0  0.0  1.0
4215528472169;13.267182160692693;11.76779221334577;0.15603719825856377  0.8849406872004162  0.43878511015857646  6.230732390015197  0.8956781690942223  -0.3140476238238614  0.3148566457590021  -8.06076602965852  0.4164288776821813  0.3438808952353163  -0.8416251658098859  3.6488318072080874  0.0  0.0  0.0  1.0
4215528472200;8.200847505154186;11.116065123399384;-0.10035987889322301  -0.7460358481980391  -0.6582996338385511  15.883831706525191  0.04723177385896862  -0.6644665062192249  0.7458239883852974  4.932639678514317  -0.9938294895235669  0.043758145713104796  0.10192237456553803  -0.17432242363068573  0.0  0.0  0.0  1.0
4215528472231;10.278644612899345;5.346702305383622;0.6951350343086679  -0.5443954698580126  0.46948999613917525  -0.006492618670701944  0.25561938683544055  -0.4232214147379232  -0.869219398760235  6.1631745757345975  0.6718973233691008  0.7242356015174245  -0.15503799645291208  -3.852761605046372  0.0  0.0  0.0  1.0
4215528472262;4.061839555975304;5.73043776792064;0.7825271571953017  0.2945295692703628  0.5485467902351209  -1.699604814621452  0.4574508076791622  -0.8696414970837135  -0.18564058043347986  -1.3320207597614035  0.4223624116863634  0.39620196790956486  -0.8152508778401077  -2.7147311622414283  0.0  0.0  0.0  1.0
4215528472293;4.76530520571006;10.945984699846202;0.4429935092731622  -0.8832219607814062  0.15386916109245563  8.774295329289233  0.6730935002898508  0.21428645327058038  -0.7078322229259353  2.1657098713228713  0.5922008870386847  0.4171334126369672  0.689418469039256  -14.193476940972362  0.0  0.0  0.0  1.0
4215528472324;7.620481991712362;7.568049387435211;-0.9257909669659228  -0.022547838361497687  0.3773627968805695  11.97248090272361  0.005962979102453199  0.9972244860032334  0.07421433416672983  -1.2851325987947781  -0.377988793966866  0.0709571666627911  -0.9230869688900731  9.541962379434526  0.0  0.0  0.0  1.0
4215528472355;4.274579483987271;9.117062375446785;-0.974569617127574  -0.02714432194489677  0.22243481552572736  16.79472809564333  0.21347306836897542  -0.41431305213987424  0.8847451293495064  5.844554313327588  0.06814184069239171  0.9097295645479994  0.40957149428928663  1.9738840694342419  0.0  0.0  0.0  1.0
4215528472386;6.98607721477994;11.854177974627326;-0.5027541921074015  -0.8644097437167679  0.005832433964164385  15.018836693446612  -0.8643995730537268  0.5027814578689793  0.00491769536257898  12.020851630333187  -0.007183343439471135  -0.0025691614694440396  -0.9999708990697552  -5.78450710030719  0.0  0.0  0.0  1.0
4215528472417;3.9350110134314358;4.692830462656778;-0.9028043425238172  0.052795687332259325  -0.42679847061494036  0.4771769745868646  0.046451526819415494  0.9986008636829856  0.025269956623230925  3.212417794876818  0.4275354661034366  0.002988385970585764  -0.903993636467098  -3.629139369303805  0.0  0.0  0.0  1.0
4215528472448;8.44720383204338;17.8142576402591;0.20674704582398118  0.9430431011704521  0.2606249573196578  9.441886758859928  -0.9405465588198091  0.264941668792941  -0.21255136515540723  21.147729102577237  -0.2694955096755275  -0.20118553991782934  0.9417518509632462  -0.2811949072889113  0.0  0.0  0.0  1.0
4215528472479;4.6646235313045;3.48484218948587;-0.8930320889988199  0.08797585351675061  -0.44130934412994605  6.1368909544689085  0.07242994117123772  -0.9398135977855168  -0.3339226033669693  2.916650505460716  -0.44412564848287583  -0.33016760988237837  0.8329116146051888  1.1759855008622082  0.0  0.0  0.0  1.0
4215528472510;4.403148072732226;4.339581165564858;-0.8784532565387567  -0.4635009072463535  0.11613261840783745  10.78816917450607  0.4607535536113267  -0.8860546901824373  -0.051119945620469454  3.955390120816112  0.12659399239690344  0.008602033917213786  0.9919173181780329  -3.86544556633576  0.0  0.0  0.0  1.0
4215528472541;10.318454924319978;10.449832110607888;0.0354394852469746  0.9980054043961115  -0.052242278679086644  11.667149713666907  0.9976399446832634  -0.032253480474953244  0.060615623148051044  -5.6120171200527  0.05880972417724998  -0.05426717049382315  -0.9967931031807902  0.016266729292532922  0.0  0.0  0.0  1.0
4215528472572;7.24244761931414;7.385094557298385;0.10842816277763079  -0.9742181422236422  0.1978442439874943  13.040582291137191  -0.7993035209301965  0.03289283887278069  0.6000266182257928  3.7182044551128075  -0.5910644761320542  -0.22319738464687466  -0.7751294811459158  1.321407552085046  0.0  0.0  0.0  1.0
4215528472603;5.1560174420135;8.770390855154584;-0.6292096152880597  0.6993187713897917  0.3391880245688583  4.1730123477811505  -0.74829869025132  -0.6630249690307378  -0.021141442948574063  19.475063406430344  0.21010552157716017  -0.2671163537181159  0.9404810063893516  -4.107110701450309  0.0  0.0  0.0  1.0
4215528472634;2.054122432201142;3.5790183538767533;0.16281611237628474  -0.7139104604797808  -0.6810453494211819  3.26373425578637  -0.7447908763782812  0.3637973252529861  -0.5594086668996507  -1.6606087950198596  0.6471301754781212  0.5983171070229565  -0.4724819313257764  -0.5865566697454088  0.0  0.0  0.0  1.0
4215528472665;3.1616134532515607;9.94758709993775;-0.21796641553827323  -0.11955465810493554  0.9686058669153357  -0.02658533829130061  0.5819699717848433  0.7807882731918642  0.22733372910066796  8.369577430369882  -0.7834549084906838  0.613250647102373  -0.10060840019787268  6.592559107655544  0.0  0.0  0.0  1.0
4215528472696;6.874583370600295;5.893338670157452;-0.07335907107957548  -0.994939984747641  0.06865037101652702  21.426930367176734  0.9961182369587127  -0.06973996221947742  0.053710293872707135  -14.023828484305904  -0.048650844685456746  0.07232402380945724  0.9961939223320936  1.0428168884890594  0.0  0.0  0.0  1.0
4215528472727;10.234961895922138;7.531316086939733;0.6529005384087921  0.7416360890837675  -0.15393764423961973  0.5376472745213388  -0.39705902003241206  0.5081849697105578  0.764259230347387  -3.7337586649633354  0.6450310237162321  -0.4378629328098167  0.6262675390875502  -7.2441354502948885  0.0  0.0  0.0  1.0
4215528472758;6.7270965623001775;6.8803777278479314;-0.27325429210508456  -0.960819804867974  -0.04644776011410773  11.621282611803048  0.9527934954704073  -0.2769833025283097  0.12435756957175434  -0.48018644984372827  -0.13235046972123682  -0.010273884074653045  0.9911497366546536  -4.780390941404053  0.0  0.0  0.0  1.0
4215528472789;6.2551636084248825;8.979317833424208;-0.20924542146528857  -0.5842228354088617  -0.7841556173251858  -5.141611869387838  -0.5447480193254063  0.7355934465392051  -0.4026808622837928  -3.464051782529301  0.8120750882996346  0.34290809263620803  -0.4721737931818506  -6.386770801277418  0.0  0.0  0.0  1.0
4215528472820;11.132084316276776;15.435969373955835;-0.14405549347747548  0.9856706083203916  0.08775800073081881  28.270229384490953  -0.9684198292481465  -0.15865812269063617  0.1923294944184948  20.37830136245254  0.2034970494084663  -0.057280467854168626  0.9773985363629595  1.2448200748710723  0.0  0.0  0.0  1.0
4215528472851;7.769777714220737;10.864010188717861;-0.32647365735306566  -0.9140855731672819  -0.2405462865686271  5.335593452179162  0.9450596086772103  -0.3111921498265767  -0.10010885042388981  6.123793772291084  0.016651939868748106  -0.26001348198460095  0.9654613933684  7.701090619197226  0.0  0.0  0.0  1.0
4215528472882;7.042666088122157;10.514922289252091;-0.024546161668586447  0.11690763582616387  -0.9928394082795442  18.49852738217313  0.9770889129468433  0.2128296003971677  0.0009040968629950921  -6.228710222045429  0.21141131034950644  -0.9700701860588846  -0.11945330458378109  -0.5406268089120587  0.0  0.0  0.0  1.0
4215528472913;11.695730771155905;15.459745500981962;0.07068099250778045  0.09341944221189674  0.993114799564951  13.828052972536751  -0.6204263848401202  0.783707234604341  -0.029564698933611536  -0.8086113256372656  -0.7810731708952334  -0.6140649625614824  0.11335309198266996  16.985107840218316  0.0  0.0  0.0  1.0
4215528472944;6.966974866703557;8.408827427252604;0.2771848451917829  0.9112919757738908  0.304492194458455  3.6524750765621423  0.9358527371773299  -0.18429629027159564  -0.30035734002988357  2.796525420363423  -0.21759645197867242  0.368214356431476  -0.9039192285840849  6.656228928015141  0.0  0.0  0.0  1.0
4215528472975;4.140007954611918;7.564689104382701;-0.8466040596231963  -0.31616791271067624  0.4281348119479393  19.296530177586  0.5189013386824617  -0.6691934472491353  0.5319036857104559  5.746841242033362  0.11833413262061149  0.6724715467073623  0.7306018422683689  -5.5841230598444005  0.0  0.0  0.0  1.0
4215528473006;2.4517018405060282;6.626280943884687;0.31587739985572305  -0.8981171947574672  0.305952566162414  7.199024784983201  -0.845309076300615  -0.11994293957874513  0.5206402373703085  12.758321454395407  -0.43089909930770254  -0.42308296553535224  -0.7970738801953196  5.15055227300928  0.0  0.0  0.0  1.0
4215528473037;9.53731782294903;12.244932639267006;-0.43429911936885646  -0.8988870429563407  0.058192430097414205  24.352233795906713  0.779745037279222  -0.40750726547715715  -0.4753267354375883  -0.7544950306170559  0.45097888171605227  -0.16105872403734134  0.8778827573529414  -11.027884586494345  0.0  0.0  0.0  1.0
4215528473068;7.896574012257276;10.226963226215462;-0.958262635101983  -0.2755350956704191  -0.0762439061256559  14.197272651387102  0.21985794681475251  -0.5397728937119793  -0.8125931986155176  3.007686194560037  0.18274355088430827  -0.795440528429178  0.5778227758945684  -7.195839502033484  0.0  0.0  0.0  1.0
4215528473099;4.933808374600305;10.563288210261412;0.49485227470701265  0.6471907965482357  0.5798838668910834  4.393203106658936  -0.7791175842996972  0.6259684604465373  -0.03375316816531661  10.730633924385096  -0.38483375118653373  -0.43509488550137265  0.8139996465344739  7.132569367828498  0.0  0.0  0.0  1.0
