# ransac_benchmark.py --distance_metric=euclidean --max_correspondence_distance=0.15000000000000002 --estimation_method=TransformationEstimationPointToPoint --ransac_n=3 --ransac_confidence=0.999 --ransac_max_iteration=100000 --input_txt=/neural_comparison/point_clouds_registration_benchmark//eth/stairs_global.txt --input_pcd_dir=/neural_comparison/point_clouds_registration_benchmark//eth/stairs/ --input_features_dir=/neural_comparison/experiments/3DFeatNet/feature_extraction_voxelgrid_0.1//eth/stairs/ --output_dir=/neural_comparison/experiments/3DFeatNet/results_ransac_voxelgrid_0.1//
id;initial_error;final_error;transformation
5494384560030;1.9653997219596564;2.0134590070692995;-0.24086080398507478  -0.9590681306859061  0.14891069070522278  9.187788219739822  0.9680878619751818  -0.2483458713303655  -0.03361874015312821  -8.688375120624812  0.06922401750827128  0.1360611954078189  0.9882790023592578  0.07582541773112661  0.0  0.0  0.0  1.0
5494384560061;3.2470421696666185;9.260914065705235;-0.3539487983109846  0.9018606783191476  -0.24772477687130462  3.462663438752047  0.2968969429732429  -0.14282419218066814  -0.9441681287679023  -10.94584527365318  -0.8868892001977209  -0.40773590353274936  -0.21720722718864552  3.192862383519829  0.0  0.0  0.0  1.0
5494384560092;2.297685819693392;3.8330403616144935;-0.8764959503204709  -0.08126664327129296  0.47450034959231685  15.832931379688496  -0.4482066611074294  0.49746043404588236  -0.7427273426351102  1.4987100155362105  -0.175686191861354  -0.863671725397039  -0.47244630672591414  8.04829027271419  0.0  0.0  0.0  1.0
5494384560123;8.759025089926762;8.459500438501554;0.5392576513984697  0.67103870392364  -0.5088302695837651  7.3001038310297215  -0.8378610745432632  0.3666731252085001  -0.40440034497393684  4.930370915951191  -0.0847938982086208  0.6444050566889681  0.7599684978604526  8.801634876100442  0.0  0.0  0.0  1.0
5494384560154;2.6625673868786452;4.569259337826175;0.6062081539329828  -0.7896497732851756  -0.09468320683118023  -0.0634705441880743  0.5158072693073649  0.29975089347793454  0.8025535887334005  -3.006363904282319  -0.6053548835475316  -0.5353528158232206  0.5890185290424275  3.705264680226874  0.0  0.0  0.0  1.0
5494384560185;6.621620892396294;6.7014325460288005;0.7868163900686438  0.5987022626953435  -0.1499185410908991  -4.413826193584548  -0.50563418051283  0.7645871308510832  0.39967561200807455  4.3776890071785735  0.35391248044745127  -0.23866738357049325  0.9043140141583278  4.425321041327267  0.0  0.0  0.0  1.0
5494384560216;5.2200031515621825;4.7417191420275975;-0.3853634962041968  0.6750043433693134  0.6291773297138414  5.4325121991867436  -0.8866705464845583  -0.08203303932521883  -0.4550669428291198  1.3146500301820518  -0.25555883430249926  -0.7332391948686523  0.6301190088533419  6.336638770340716  0.0  0.0  0.0  1.0
5494384560247;8.503686109037535;10.444103692085081;0.5741434560754379  0.7947607337746937  0.19676043274922542  3.86666399501091  0.701928330242261  -0.35408107578940334  -0.6179993616267984  -10.090678139700666  -0.4214924804181725  0.492932011354233  -0.761158407385222  -3.349005259153038  0.0  0.0  0.0  1.0
5494384560278;5.489767218869771;1.9114399693804445;0.7357855525472277  -0.6373109082969927  0.22902931434301732  1.4228327234004547  0.6683777846358004  0.6289396112378379  -0.3971222764103488  -2.2854465459198474  0.10904475075908293  0.44527493931464324  0.8887291323852446  -1.984499168924137  0.0  0.0  0.0  1.0
5494384560309;6.344090179496548;6.929485641247229;0.5373652288155777  0.7965136001824904  -0.27713660094673664  8.387737309933868  0.8321452136018374  -0.5541676605802593  0.020797775038587762  -4.953064060966357  -0.137014431136047  -0.2417938971341749  -0.9606054116905306  7.46414738043894  0.0  0.0  0.0  1.0
5494384560340;11.288142510784303;12.47798949222473;-0.9683824535916896  0.020603789998935876  0.24861799495092618  8.748810449364633  -0.09406902194143751  -0.9531765239485033  -0.28741178351701147  -7.693274075266366  0.23105506418756616  -0.30171177973544133  0.9249775993407365  -5.252367800223827  0.0  0.0  0.0  1.0
5494384560371;4.893298023722126;4.407887002777847;0.5640284819660132  -0.5630515786575749  -0.6040238333893184  -0.030329484241577553  0.02295720419279751  0.741889806325341  -0.6701287055828887  0.04312613229591111  0.8254361503512944  0.36410497805133135  0.4313730713100607  0.16568663295606978  0.0  0.0  0.0  1.0
5494384560402;1.640061358821845;1.9211159859608686;0.2729579199760831  -0.9080313730052734  0.3177624892281808  0.972626220110397  0.9461102056083676  0.313209467467062  0.0823122611321835  -3.176846558148738  -0.1742683355231913  0.27817055043113115  0.9445907537694928  2.4164774005661593  0.0  0.0  0.0  1.0
5494384560433;4.064579359510598;3.9923458290060565;0.14914392680303135  0.931760699830998  -0.33102581069792913  9.533720621151755  -0.9673728313148766  0.20682945659747248  0.14632628307120144  9.359432715300098  0.20480696846448176  0.2984016992814272  0.9322073436389272  4.866715111578477  0.0  0.0  0.0  1.0
5494384560464;8.086453804333049;8.502944752721339;-0.8078500168658393  -0.43891765215089285  0.39335689250375583  1.7358968013028144  0.46778282998774817  -0.8834865150362702  -0.025115766317600256  4.428484194878147  0.3585492633077313  0.16371582812732138  0.9190427375275148  -4.503664186526262  0.0  0.0  0.0  1.0
5494384560495;3.79668680245774;3.875071295982236;0.07309474862794407  0.9971828444531401  0.01683842187860682  3.5358882675153334  -0.9617575828454559  0.07494662980478395  -0.2634489599906791  -0.28743762920717564  -0.26396876626275967  0.0030622555819106445  0.964526367202301  -0.825403801547002  0.0  0.0  0.0  1.0
5494384560526;3.919459476654856;5.360807054383974;-0.8565738347322212  0.44928784649951276  -0.2538142955784176  27.304016995656326  -0.12786618704899308  0.2917241941391217  0.9479173132522862  -2.5341998635074114  0.499931499169326  0.8444154342157129  -0.19243458783856832  -2.279617848584633  0.0  0.0  0.0  1.0
5494384560557;4.769841275602151;4.081169595572092;-0.6702180379343012  0.4476922955383006  -0.5919285346586548  3.8537366334295458  -0.7007945407343008  -0.6443218064812114  0.30616404323464885  1.7021683789924125  -0.24432517943203363  0.6200169499363989  0.7455764135801708  5.620012125019568  0.0  0.0  0.0  1.0
5494384560588;4.0033637514024445;6.203993664295756;-0.9482826914998455  -0.27374925793017063  0.16069001457617055  13.925268749498926  -0.12353060021624618  0.7845769822523447  0.6076011436213871  -7.882553739665152  -0.2924040488981349  0.5563275138823213  -0.7778171825599458  7.007003801655829  0.0  0.0  0.0  1.0
5494384560619;2.5680413302481218;3.3013393010688246;-0.559403301510711  -0.7583019531730586  -0.3347328697227695  4.964584595829098  -0.7587749226852842  0.631024208418381  -0.16145917469718596  0.13140548897250715  0.33365935167900995  0.16366611195931724  -0.9283775314134132  1.946630917990884  0.0  0.0  0.0  1.0
5494384560650;2.1252762310053015;2.3805067946775975;-0.09803354380604111  0.9782198354927818  0.18296277691733986  11.002384635657267  -0.9950969897665346  -0.09877281215053625  -0.005090435880851171  11.061504509272158  0.013092182645044075  -0.18256474201868794  0.9831066624355869  -2.2852513954313975  0.0  0.0  0.0  1.0
5494384560681;5.499161925361485;7.3290979049821745;-0.5370285191728585  0.8235348806877894  -0.18273114098466076  27.433202001233163  -0.6876174625584333  -0.5528372020600629  -0.4706944371915846  6.87176904373208  -0.4886538598841807  -0.12712721309361905  0.8631663089528817  5.720349743852878  0.0  0.0  0.0  1.0
5494384560712;3.9543429907625507;2.569297252946403;0.8430348369579391  -0.3643179412828831  0.39568257648613064  0.7036379811769038  0.12833915777102822  0.8506666040760444  0.5097993618006532  -1.6005125353001164  -0.5223230075900583  -0.37899705324597444  0.7638978396179321  -0.7799758465800248  0.0  0.0  0.0  1.0
5494384560743;2.252255054334342;2.2708232914375572;0.49625428484723555  0.8612749790645614  0.10925701445719221  2.534643596322706  -0.8517499809580593  0.5073588880751726  -0.13080110331748518  11.531847403377164  -0.16808823489080205  -0.02814905199939921  0.985369969180526  -0.6863060422584049  0.0  0.0  0.0  1.0
5494384560774;4.093777341873709;3.7637156944768035;-0.10206822231377276  0.4477174989503493  -0.8883305235819321  8.891908372787192  0.5532455839800385  -0.7166031009297581  -0.42473441059613015  -1.6129631098019641  -0.8267414358796179  -0.5348168255314144  -0.17455532454843078  3.987549211474746  0.0  0.0  0.0  1.0
5494384560805;2.4081201720064747;5.616318081739584;-0.8743877412666056  -0.15400527731481853  -0.4601396010797914  25.845321111230916  -0.026173899010839302  -0.9319454728060595  0.36165254420072895  6.375070300049367  -0.48452141844634045  0.32826819869654694  0.8108507783749548  11.069924457198194  0.0  0.0  0.0  1.0
5494384560836;2.3977526989083033;2.2886754526657898;-0.967284695932198  0.18570532545491164  -0.17284053087467668  16.384118226172443  -0.1432688360051938  -0.9621207630592007  -0.231943264442186  1.1577293103123052  -0.20936656286301208  -0.1995925083465466  0.9572504755636648  4.040158857826876  0.0  0.0  0.0  1.0
5494384560867;5.82100797182095;3.561319314199794;-0.12249442229282403  -0.24346138381457877  0.9621443088737981  2.0512041949160564  0.35733066132331864  0.893611324387813  0.27161295882947045  -3.600318970644514  -0.9259103169235061  0.3770747346574019  -0.02246618565005664  -0.3039392185575207  0.0  0.0  0.0  1.0
5494384560898;7.426959109966299;7.690512104573842;0.4176519922596783  0.5774916732202239  -0.7014771419817086  10.423856887798571  -0.9066964481538913  0.3149334203019326  -0.28056815871022023  9.230271698273265  0.05889282016204184  0.7532066835459119  0.6551422193654828  -2.851145092447057  0.0  0.0  0.0  1.0
5494384560929;3.2277640385532322;3.47484286193895;-0.015775132403028653  -0.9986514209702152  0.04946195095057922  10.69211878356465  0.9914014700798649  -0.022049042367089933  -0.1289843589516861  -8.934228977252477  0.12990100200210186  0.04700190554503968  0.9904123134099172  -6.947898394711305  0.0  0.0  0.0  1.0
5494384560960;7.03502339552627;7.693699855863704;-0.6490679761562654  -0.18847694354786756  -0.737012350018142  13.127594306488975  -0.05062188767189796  -0.9559735766479085  0.2890535335185164  2.6567017661057477  -0.759044258799804  0.22492434839710065  0.6109507759887011  11.244072146550945  0.0  0.0  0.0  1.0
5494384560991;7.791752238870199;8.641223789431384;-0.43635047122582915  -0.8370191185470285  0.3301473329405416  8.274200561167355  0.8992187184784176  -0.41858514516790485  0.12724846789960334  -14.732218350080023  0.0316853688479274  0.35239959056661796  0.935313084463941  2.6833164961331186  0.0  0.0  0.0  1.0
5494384561022;4.731288337239354;4.439356768852779;-0.9413548710753106  0.08926046825075828  0.3253975653111756  11.539319241680198  0.19757363951305212  -0.6359446160458413  0.7460154839491429  -2.667482659648418  0.27352452115368364  0.7665552909803458  0.5810140464719292  2.4838650577950454  0.0  0.0  0.0  1.0
5494384561053;4.703195918816284;5.7119303689479715;0.8748118561643725  0.00323032037722705  0.48445204235765726  -4.937773014216154  -0.4755270192199765  -0.18544889692330074  0.8599318348693081  -4.097273866322503  0.09261895219667222  -0.9826486002942205  -0.1606967891209997  1.9048542309085192  0.0  0.0  0.0  1.0
5494384561084;7.769594886748286;7.094713651892718;-0.9878097054014686  0.0060966274171318224  -0.15554683233290512  15.050972807026213  -0.000552141975758702  0.9990892596324769  0.04266551800069947  0.16861898806545766  0.15566528532046842  0.04223129670239928  -0.9869067010234207  9.171117750740263  0.0  0.0  0.0  1.0
5494384561115;2.7618695788486547;2.295021846510971;0.6316465675911442  -0.7750097493771891  -0.01955765887403489  2.3280655573125593  0.7722262707070078  0.6312057448495971  -0.07242854754040726  -5.159430559844315  0.06847773711414432  0.03064630547345444  0.9971818307011786  -1.8367493089427986  0.0  0.0  0.0  1.0
5494384561146;4.978157980828911;3.810541153342813;-0.7779280008178768  0.5007919943894463  -0.37951996508608377  15.887026098712898  0.5602437869380535  0.8262915382038979  -0.05804475075272078  -3.455942962370788  0.2845257892367764  -0.2577783393694615  -0.9233609278126902  -0.835170143970215  0.0  0.0  0.0  1.0
5494384561177;7.540163639644457;8.024310352620688;0.10963420320400441  -0.8872412839986056  0.4480884348611663  2.755803219579694  0.7007857764273475  -0.25070268055396233  -0.6678678473471965  -10.227020726073064  0.7048968981666348  0.3872351610217809  0.5942804834617176  -0.34220684112589117  0.0  0.0  0.0  1.0
5494384561208;2.258030642572619;4.615784209381765;0.5221294596529653  -0.6727539909120519  0.524197381788969  5.73027084933236  0.35230618494557364  -0.3896044547889018  -0.8509340284991183  2.7862357856379623  0.7766988988093118  0.6289757042370951  0.03359142848781653  2.541943617576725  0.0  0.0  0.0  1.0
5494384561239;3.8492329696698255;4.79087283354753;0.6175444221791992  -0.6446058680876476  0.45069076034718997  4.915638783179251  0.7435980502536574  0.6652151499415365  -0.06745920209443308  -12.693839704018389  -0.2563217241950387  0.37679182463958505  0.8901275720875373  7.09041631792699  0.0  0.0  0.0  1.0
5494384561270;9.123550834747231;12.137086116454109;-0.48214753599372495  0.8221218054107469  0.30273666874588334  7.543627909113875  -0.11785739675740572  -0.40327929473888735  0.907455477951659  -7.02357719231304  0.8681263661269297  0.4018476670370014  0.2913332540788506  -13.612959741855608  0.0  0.0  0.0  1.0
5494384561301;4.160514649695006;6.025932392759181;0.5874570529377765  0.4151224238401527  -0.6946708459254204  -5.003745235427786  0.7578964427691478  -0.5831561466231323  0.29244126024474015  -3.2795850097653223  -0.28370264889763436  -0.6982852439230952  -0.6571989996399334  2.3239530744145025  0.0  0.0  0.0  1.0
5494384561332;6.482396831003189;5.862126554665681;0.5388050823177076  -0.785609518781462  -0.30414925163243123  7.671697298570568  0.786271815525128  0.5985805488622012  -0.15322518929551066  -3.1349852287973468  0.3024329932058129  -0.15658547354012675  0.9402208645295992  -4.84899276491202  0.0  0.0  0.0  1.0
5494384561363;2.945345827521586;3.9906788886085502;0.6632223474786189  0.31646630953420246  0.6782220821639114  -3.8287335591255465  -0.36787509136867574  0.927019581181979  -0.07281904459463254  2.57413409848798  -0.651769924862629  -0.20120579274710007  0.7312401753251612  2.5659271331711233  0.0  0.0  0.0  1.0
5494384561394;1.7737978589250467;5.522505765637575;-0.4031464353719395  -0.9149781389495213  -0.016969292600732065  -3.30341206679856  0.3341764888471313  -0.16445251345517126  0.9280525012735431  -9.942029212021616  -0.8519383932824612  0.36847031910690903  0.3720626264334418  1.4029436137545972  0.0  0.0  0.0  1.0
5494384561425;2.0770362960670123;4.123804273992088;0.29350521296172216  -0.7281572096637338  0.6193882207299563  7.775042739699172  0.00013548569235080632  -0.6478927591621113  -0.7617315500023184  1.9834576583455206  0.9559574632837605  0.22365609904501255  -0.19006124737054148  -5.036801696678866  0.0  0.0  0.0  1.0
5494384561456;3.2026873730298178;2.735367426313556;-0.923679712509377  -0.009241511441085079  -0.3830540212096447  3.541421940827801  -0.3577715231994348  -0.33708307049536995  0.8708470248975821  -0.5423264705138653  -0.13716896837897147  0.9414295502328884  0.30805044402199944  2.6060937378025297  0.0  0.0  0.0  1.0
5494384561487;2.7650958552301788;3.379780991219324;-0.6898329247014608  -0.0025909835562951265  -0.7239639651267461  11.154811988902388  -0.6598270739273209  -0.4092624982729298  0.6301844492050798  -1.7240348330464599  -0.29792409857267144  0.9124130064349212  0.28061314505569757  4.1898718096017165  0.0  0.0  0.0  1.0
5494384561518;5.145762913418466;4.8768088847253175;-0.3183990994517936  -0.5099977156281279  0.7990771824563494  8.179249059380627  0.7906666814473311  0.3221379416720177  0.5206470449204336  -9.314986062666474  -0.5229418823515204  0.7975772543079491  0.3006697708337871  3.965561828696342  0.0  0.0  0.0  1.0
5494384561549;4.6377896203071325;4.555504237943019;-0.9669646050239837  -0.2488497146116571  -0.055256421966220076  5.546953181505487  0.24874301255156436  -0.968528532093635  0.00891045606698665  2.373668878934531  -0.05573478570501911  -0.0051285532313006255  0.9984324371754806  -3.9009992728541296  0.0  0.0  0.0  1.0
5494384561580;4.567914726536869;4.546218451884873;-0.9311401623759238  -0.10357821437437767  -0.34964203339637734  13.241429747389503  -0.3164233801906342  0.7060786148983176  0.6335055122506876  -1.8588538708151907  0.18125739289549375  0.7005173396071565  -0.6902327248330377  5.505837251465662  0.0  0.0  0.0  1.0
5494384561611;3.9710273671971175;5.488572286125683;0.16567918095410125  0.4556312630177296  -0.8746145214660266  15.076712935125276  0.09233341585003532  -0.8901424432142258  -0.4462297290702105  -0.456190657540099  -0.981847722060729  -0.006825170289279251  -0.18954806180670836  12.246456402724966  0.0  0.0  0.0  1.0
5494384561642;3.9300328799679396;5.984847290988329;-0.12668996711506214  -0.25443746840812  -0.9587550400923328  12.479593817144416  0.6466364714954782  -0.7541275452806815  0.11468617693868433  -2.4029721711728067  -0.752204045431997  -0.6054363881688982  0.2600689406998409  4.744074234618792  0.0  0.0  0.0  1.0
5494384561673;1.856504570527757;3.0626331657322274;-0.6824823140434851  0.7309015806472792  -0.0008777386622598471  2.7215639435907617  -0.15947439983933995  -0.1500816166768766  -0.975727125856168  3.49021463333599  -0.7132922310061517  -0.6657765298829363  0.21898813996037164  3.9647558395285074  0.0  0.0  0.0  1.0
5494384561704;3.161923902897827;5.427184954112681;-0.007566502716155264  -0.968869104599161  -0.24745788770994165  -2.371927074139926  0.9976508199648121  -0.0241633230782402  0.06410128892116698  -2.1760432698975856  -0.06808516328969746  -0.24639154200385263  0.9667758884916289  2.4874791132789715  0.0  0.0  0.0  1.0
5494384561735;3.569181629467939;4.445718584008116;0.5362917533969753  -0.06552231896748717  -0.841485579766832  2.173028135785776  0.6621605865235589  0.6508935072858341  0.3713233090285643  -2.556911539345124  0.523387536050654  -0.7563362135256178  0.3924551174549222  -3.8267901642081754  0.0  0.0  0.0  1.0
5494384561766;3.9022771741523186;2.736763227953367;-0.8407846876404252  -0.2583241057288455  0.4757622992932345  17.968147228758696  -0.4925302621194342  0.00022535572291463614  -0.8702952890320388  6.833181706789286  0.22471103650233573  -0.9660582827211778  -0.12742191514749546  5.220192079160557  0.0  0.0  0.0  1.0
5494384561797;1.7821658772718727;3.5464799936897498;0.42432164175417364  0.716400792346772  0.5538240235525725  9.32462339701301  -0.6759184338215037  -0.1564077628683149  0.7201880883038924  6.414079586582782  0.602565693646202  -0.6799312586132856  0.41786130282813355  -3.9847168115870097  0.0  0.0  0.0  1.0
5494384561828;3.031970333042847;2.768759943176972;0.7761834409397048  0.2701114820293742  0.5697183982345098  2.2316485973222076  0.4555556736411759  0.3844397732599916  -0.8029166139451478  -2.437048806904791  -0.4358994083780507  0.8827490288930951  0.1753449678889122  3.8894309041526243  0.0  0.0  0.0  1.0
5494384561859;3.9115043062921147;2.599852322065283;0.7632757206556184  -0.5282688853437234  -0.3719437578927052  0.9912829751165999  0.4184291707190638  0.8428463236468591  -0.3384185334852843  3.846170859606658  0.4922674104071923  0.10267453186002107  0.8643672466945533  1.6817966935390143  0.0  0.0  0.0  1.0
5494384561890;2.700280821168816;2.227729309326703;-0.34340463570368795  -0.8106763288264994  -0.474212131917359  5.640986722669605  0.2174322786005429  0.4225764174439136  -0.8798592930934146  2.4239701811330465  0.9136719654229264  -0.40525678439806107  0.031152500694971996  -2.145141617772077  0.0  0.0  0.0  1.0
5494384561921;4.363288827751439;6.967853451945328;-0.787442785373542  0.6152762038347271  -0.037000712937520136  4.459646209368483  0.611332515414462  0.7719040459113315  -0.17446116903982745  -6.391818753807723  -0.07878080578531815  -0.1599979278004688  -0.9839686213184706  8.739626363803197  0.0  0.0  0.0  1.0
5494384561952;5.900960080460973;7.9275399811240534;0.7217720057706378  0.6197410333969351  -0.3081659020883529  -6.169510959303936  0.5248078343268213  -0.7803251049288008  -0.3401021429615635  -4.575511782218877  -0.45124484342208393  0.08374832620390024  -0.8884617657181563  -0.25777431938551754  0.0  0.0  0.0  1.0
5494384561983;1.9280359265963185;1.7350795472599132;0.6793204048508149  0.2677098793987971  0.68326803527284  0.15595203071513053  0.6814210874047723  0.11546852591197981  -0.7227256195568361  -0.6370424434564427  -0.27237674128571093  0.9565555080579464  -0.10398303135887543  2.3951395207106883  0.0  0.0  0.0  1.0
5494384562014;2.290467177188447;2.688753073444951;-0.9927225726725469  -0.12018218106473533  -0.007624766286447093  6.995120456206245  0.12007171394976263  -0.9926722161322645  0.0135887758177482  -2.61794308805037  -0.009202022362834739  0.01257436573278542  0.9998785966860435  1.7922728366282805  0.0  0.0  0.0  1.0
5494384562045;2.843775395138052;3.065822793075127;-0.14451483731941228  -0.9323396597549766  -0.331448669694899  7.253761220991938  0.9853615212281653  -0.16620969347715858  0.03790791839635915  -3.256517629760487  -0.09043303753308246  -0.32111850871944997  0.9427113922512744  1.4426012442507663  0.0  0.0  0.0  1.0
5494384562076;7.910208896373804;5.51997074140354;0.16780746518834433  0.7949146821042726  0.5830534304865429  3.6965960020575324  0.1511696628469747  0.563695925131465  -0.8120311798354265  -2.3447771606603265  -0.9741603500768214  0.22440488445050605  -0.025574600152502708  11.220826515782012  0.0  0.0  0.0  1.0
5494384562107;6.000656068192277;5.924422737576308;-0.055341124146938814  0.9744312424357469  0.217763894489606  11.181072087097087  -0.9984363544349606  -0.05228440483473101  -0.019778451751961967  3.380101865163973  -0.007887085696237445  -0.21851795069560093  0.9758010550839838  0.8144344743484662  0.0  0.0  0.0  1.0
5494384562138;3.161989247048879;3.149232568800997;0.8908664584325251  0.12495394554513965  0.43674187426052075  -2.7369740169832806  -0.2527006752108894  0.9352532026866222  0.24787863081027522  1.5640706174046857  -0.37749082371343917  -0.3311917244695562  0.8647616548246291  4.148524028147144  0.0  0.0  0.0  1.0
5494384562169;5.267286062056453;5.230267133801069;-0.9419038764634986  0.07191602548399426  0.3280932379394885  6.977288169688815  -0.013056234526556743  -0.983910428751163  0.17818474383260036  -0.6978978837080146  0.3356286969897234  0.1635492386814665  0.927687999428521  4.417563903275891  0.0  0.0  0.0  1.0
5494384562200;6.316421781002835;6.425086300977616;-0.05518499807653018  -0.9972821982885173  0.048814270086889794  2.2680829256257917  0.9740676373942243  -0.06451532029521477  -0.2168640385781831  1.1914004411903105  0.2194239133926093  0.035580759182854874  0.9749805925286121  -6.063891047580909  0.0  0.0  0.0  1.0
5494384562231;6.809241551181215;6.6905659656311105;-0.021675905256445877  -0.9655016571513282  0.25949316979326165  -0.9305827760511649  0.9090885746556789  -0.12704438381000743  -0.39675897970032464  -5.126032904679551  0.41603860224962397  0.22730216580661178  0.880480327354225  4.740298094528306  0.0  0.0  0.0  1.0
5494384562262;9.226605709293516;8.106915533771472;-0.45402051954475  -0.8265370954827331  -0.33271879661852966  1.3866864894549407  0.8224480491537867  -0.5324065969904078  0.20030582099435845  0.7058440976421643  -0.342701873755376  -0.18270097228000948  0.9215073415076487  7.0979337975470065  0.0  0.0  0.0  1.0
5494384562293;3.35198828640729;4.75948476405309;-0.17340996529423236  -0.5782380048734503  -0.797226312697107  6.993004692635946  0.9046950923187451  0.22634988385458837  -0.3609605518798313  -3.8485138644012844  0.389173192641825  -0.7838408893385101  0.4838777596976159  3.178966866503563  0.0  0.0  0.0  1.0
5494384562324;6.007210908334361;6.255308355843997;0.7726558149041937  0.5680783353310583  0.2833548951795781  7.723031600873814  -0.6112739522384851  0.545316869234285  0.5735622611741986  2.174295031321921  0.17131009021501997  -0.6163736829683848  0.7685937391980956  -2.5383907962234673  0.0  0.0  0.0  1.0
5494384562355;2.8594967283924566;3.4007800839581637;-0.40773869272772134  0.6606999679519769  -0.6302576542977844  4.129948295255332  -0.8929585018935161  -0.4326957427806424  0.12409475442417375  4.758681599568426  -0.190720403598505  0.6133921637319512  0.7664044500937206  2.7510591358921586  0.0  0.0  0.0  1.0
5494384562386;7.555953592991905;9.135011637699234;0.5964838116664557  -0.4852832856922065  -0.6393021156289361  2.0231562780531176  0.6407889930818234  0.7675660690584787  0.015224847299670184  -3.0018921798339067  0.4833182479123249  -0.4187391338982921  0.7688049225759868  8.864851465542198  0.0  0.0  0.0  1.0
5494384562417;3.909277903469262;4.8266062620157975;0.8578291287764876  0.3510417032347307  0.3753650335508514  0.18943758099853358  0.16899320671507623  0.4970905360762367  -0.8510830130061311  -3.4695986165218873  -0.48535603623188606  0.7935179402719883  0.3670950783649558  -1.9017201761510945  0.0  0.0  0.0  1.0
5494384562448;8.322743061723811;14.113335734716859;0.11726392098296769  0.6003498244574366  0.7910937119644079  11.419050017857225  -0.986250926296966  0.16379880168216965  0.021887506615924306  5.820267455813299  -0.11644004128338835  -0.7827835210589263  0.6113032602109303  9.00347722789285  0.0  0.0  0.0  1.0
5494384562479;5.142564597723577;6.284373431996561;1.0  0.0  0.0  3.86479846  0.0  1.0  0.0  -5.112195  0.0  0.0  1.0  2.0966436  0.0  0.0  0.0  1.0
5494384562510;7.409784479444804;7.296191459622079;0.24215263328552084  -0.9648784374710876  -0.1018415587873656  4.607708814982689  -0.9038756715382016  -0.26249656146603867  0.3377933179029321  8.447024718042288  -0.3526625477623804  0.010254565902979247  -0.935694379209306  -1.559593992458487  0.0  0.0  0.0  1.0
5494384562541;3.4584512201369555;11.898677310271461;0.925838947088256  -0.17250053987494163  0.33625259522769935  -12.29012164030957  -0.050297625808491286  0.8255898558260681  0.5620245001733652  -5.6122591363676975  -0.3745562613180272  -0.537256878690209  0.755686875238359  0.8549573386794371  0.0  0.0  0.0  1.0
5494384562572;8.23556210803444;7.703994699882993;-0.2311138311056551  0.8616712185492952  0.4517843602820265  9.025664612395325  -0.8387223568870553  -0.4117891335257  0.35633483911621294  3.791376964923956  0.4930833652938328  -0.29656773363588623  0.8178730795402082  5.674162761199403  0.0  0.0  0.0  1.0
5494384562603;7.97771549928889;8.073025998317132;-0.5824499005359359  0.7540307746748955  0.3036275748492813  15.155564739212302  0.6850275263910319  0.656403245063775  -0.3160254229588663  -0.05196739529218264  -0.4375950199125478  0.023924270373892276  -0.8988538411971181  7.853824238248732  0.0  0.0  0.0  1.0
5494384562634;7.765621830691003;10.20192232269916;1.0  0.0  0.0  3.2562147999999995  0.0  1.0  0.0  6.206607999999999  0.0  0.0  1.0  8.563244  0.0  0.0  0.0  1.0
5494384562665;9.270386005314265;10.215329346413936;0.7619700242977845  -0.6237003176363258  -0.1743547987638419  0.7647016559146289  -0.6131128108007321  -0.7814430572118929  0.11592855371890026  -5.317852171543976  -0.20855302276317889  0.018565077852697693  -0.9778348401343981  -0.11917629939793195  0.0  0.0  0.0  1.0
5494384562696;6.577937540194185;6.557965133630435;0.4149297268038681  0.9018766407548617  -0.1202158337125105  1.6207369881623048  -0.9098530598774746  0.41116761468374347  -0.055754838954817  7.707255504876576  -0.0008551292676081715  0.13251308424456515  0.9911808872541523  5.914813681256923  0.0  0.0  0.0  1.0
5494384562727;4.59848726203546;6.570315350506805;-0.07965681604423729  -0.9937278124162742  -0.07848456210020488  1.3733604225855558  0.9677931520023839  -0.058234237181804746  -0.2449187386811064  -9.259217760939453  0.23881207380487557  -0.09546626865139149  0.9663617257294471  2.604307848135922  0.0  0.0  0.0  1.0
5494384562758;5.063388290222;4.4901003508983495;-0.9035819720985789  -0.02697921913777515  -0.4275648973350805  5.311408073896475  0.08359176234805188  -0.9899357035236244  -0.11419159407212412  3.6555507922545627  -0.42018095740524575  -0.13892236905517363  0.8967432957151724  2.796759727679354  0.0  0.0  0.0  1.0
5494384562789;4.438629717023098;2.871970390600413;0.7643264226415654  0.4410746038909775  -0.4703810300749425  1.5031772912224328  -0.5595323313298756  0.0910739371651898  -0.8237894804898793  -1.3378687337503066  -0.32051316641988564  0.8928374610037646  0.31640571799487255  0.5503576158399968  0.0  0.0  0.0  1.0
5494384562820;8.161517273743991;7.0190379867582315;0.44933053638680287  0.06753765073361012  0.890809033858398  6.9813993480137055  -0.2971279587254172  0.9516692277047152  0.07772166482762466  6.2346676421584055  -0.8425064066308428  -0.29960698719037887  0.44768136884696197  5.63451326650967  0.0  0.0  0.0  1.0
5494384562851;6.219799808788275;8.235600154977298;0.06496463333100438  -0.9977208814987308  -0.01823839459941952  1.6967354304830504  0.9955190840496464  0.06354110473308047  0.07003057405343216  -11.419908363808258  -0.0687120783350475  -0.022706180451491087  0.9973781026572532  6.276305950909352  0.0  0.0  0.0  1.0
5494384562882;6.86050681050468;7.89126911857946;0.6730026337544511  -0.4435153904577242  -0.5919134678200054  -4.947967547206953  0.5504306593813062  0.8348808401527785  0.0002682514681924819  -7.302721205154057  0.49405823965665463  -0.32598785433344335  0.8060014731093519  -1.5104189294120687  0.0  0.0  0.0  1.0
5494384562913;3.2808971466396697;6.518372533213354;0.37796175023888556  -0.89638074940805  -0.2316170707159133  -0.10642217223156214  -0.42023010829598445  0.056817472838365524  -0.9056370304166044  2.368951469102067  0.8249554966408208  0.439628623807554  -0.35521134792004155  -3.435051224329089  0.0  0.0  0.0  1.0
5494384562944;2.926015559566035;11.710399158590578;-0.7572246639415446  -0.22187513183860713  0.6143144424398755  4.042096172854501  -0.40506581467532143  -0.5782955670282933  -0.7081637684440258  -18.856205401836252  0.5123792483112803  -0.7850768516693293  0.3480256353674846  1.6630290312991418  0.0  0.0  0.0  1.0
5494384562975;7.45090069206603;6.6621522659133205;0.1979046273846384  -0.40909164428664757  -0.8907737002373808  4.479465735547001  -0.7575155203210315  -0.6405649933165892  0.12588377897916406  8.547888187343418  -0.6220964514707543  0.6498619206509684  -0.4366640460987491  2.8856274260508696  0.0  0.0  0.0  1.0
5494384563006;1.7422069969351626;7.181712087919593;0.9279889275827159  -0.37260150206721754  0.0021612360200285938  -6.6535920588347945  0.3725867926725381  0.9278595260937851  -0.01599317863989569  -2.7559547498815395  0.0039537589547339325  0.015646740691586447  0.9998697651673731  -0.3393501063389337  0.0  0.0  0.0  1.0
5494384563037;5.728273913522797;5.4817682507521415;-0.6066507819234856  -0.6983703860047169  -0.37980736267645776  1.0954081766796353  0.7933358487571792  -0.5012376610292655  -0.34551271791735455  -4.592967103260806  0.050922096071840145  -0.5109203569222254  0.8581184819208341  2.6911374002724147  0.0  0.0  0.0  1.0
5494384563068;4.596809114569144;3.2705423168790344;0.24465688178350334  -0.330111875412784  -0.9116847919689286  5.759724159011607  -0.7423031931868486  -0.6686879578634741  0.04292300540487437  -0.28520829257061786  -0.6238020355694449  0.6662451235992894  -0.4086422098848642  3.608660033918242  0.0  0.0  0.0  1.0
5494384563099;7.571012982470478;9.307350527104122;-0.3256572369191393  0.18539778398196005  0.9271326904692614  -3.1362590198148164  -0.8823630843403918  -0.4118838035814956  -0.2275678354701118  3.484856720937864  0.33968036657349454  -0.8921767728661285  0.29772110191029094  5.985240134999323  0.0  0.0  0.0  1.0
