# ransac_benchmark.py --distance_metric=euclidean --max_correspondence_distance=0.15000000000000002 --estimation_method=TransformationEstimationPointToPoint --ransac_n=3 --ransac_confidence=0.999 --ransac_max_iteration=100000 --input_txt=/neural_comparison/point_clouds_registration_benchmark//kaist/urban05_global.txt --input_pcd_dir=/neural_comparison/point_clouds_registration_benchmark//kaist/urban05/ --input_features_dir=/neural_comparison/experiments/3DFeatNet/feature_extraction_voxelgrid_0.1//kaist/urban05/ --output_dir=/root/neural_registration_comparison/results/3DFeatNet/results_ransac_voxelgrid_0.1//
id;initial_error;final_error;transformation
34562489690030;3.026378295279987;3.9962698738197635;-0.9920143262037064  0.08160236267265863  -0.09616980301969359  742634.443845091  -0.12597459673237882  -0.6038052202551856  0.7871147673438108  12991738.959280748  0.006162595615591071  0.7929440777247956  0.609263253459826  -6383880.649459063  0.0  0.0  0.0  1.0
34562489690061;2.3389289960652655;3.7694868092231584;0.4901191327545924  -0.728506393130613  0.4786038767871733  6219369.474824954  0.6811536231509464  -0.022502645757995477  -0.7317946246059951  7748313.831648963  0.5438869159818295  0.6846693114940348  0.48519579194595214  -5890590.488559425  0.0  0.0  0.0  1.0
34562489690092;2.8315574878443655;6.291819848756722;-0.3030741000150585  0.3458882846045191  0.8879793829101018  -1867470.2413964504  0.707320567589822  0.7060927327985691  -0.03362539744688104  1867695.6540118614  -0.6386264201898276  0.6178950940591711  -0.4586523173092379  -4522442.694287344  0.0  0.0  0.0  1.0
34562489690123;1.8101091339027975;3.998260572971827;0.4335428278750707  -0.4568290211716176  0.776754698610487  4073281.425417686  -0.8738160545380316  -0.4237492326428435  0.23849966596661712  12068732.187204685  0.22019563853462956  -0.7821405457141208  -0.582897973508524  6138363.116654865  0.0  0.0  0.0  1.0
34562489690154;2.62470578061902;3.4965848250358214;0.3434241333192293  -0.49866725250920235  -0.7958585527145257  4473493.037978869  -0.6096734137891399  0.5262080577803201  -0.5927928883225239  4240371.453834837  0.7143935842185548  0.6887931846367147  -0.12331161999333526  -6043496.250492595  0.0  0.0  0.0  1.0
34562489690185;5.512606798611554;9.855909800792103;-0.681401109662667  -0.7067958203366062  0.1900847077099856  6867895.806886055  0.3398877152727191  -0.07556589382219643  0.9374252699269121  8414710.99933239  -0.64820434182222  0.703370076165852  0.29172190044161167  -5203588.652833581  0.0  0.0  0.0  1.0
34562489690216;1.5460191220852306;3.557186396517645;-0.21164946725619505  0.7475210863888507  0.6296163342974834  -5163342.495609844  0.12864728110897064  0.6599133520748431  -0.7402460704499644  2645998.04223607  -0.968841772465163  -0.075674256900059  -0.23583686473744025  1289547.0588253327  0.0  0.0  0.0  1.0
34562489690247;5.3501947700473025;5.779457809256398;-0.18847256492100567  -0.9772421149092673  0.09734444575712124  8697535.771745851  0.9707289428857354  -0.20040281623772954  -0.13237836185695062  8976070.938160047  0.14887381138413872  0.06954538152638753  0.9864076379430106  -664118.2286166773  0.0  0.0  0.0  1.0
34562489690278;1.7336325432466153;2.537422152504349;-0.47841485310489323  0.24082365944104628  0.8444662180229867  -899280.024499981  0.8033033132632561  0.5084773370616842  0.31008802717121087  3390268.4173020422  -0.35471540032665416  0.8267132288454573  -0.43671755405870755  -6401947.08260948  0.0  0.0  0.0  1.0
34562489690309;1.8806280573322476;9.378923376288517;0.20246707328228314  -0.9140785418762345  0.35137942956001855  7914631.783083697  -0.9446902818359211  -0.2768413030383418  -0.17583846091456087  10936847.101041257  0.2580065030988078  -0.2963432337905666  -0.9195723637350544  2203378.7187561425  0.0  0.0  0.0  1.0
34562489690340;1.342499596526476;4.629803804591139;0.10952271988716125  0.12834879313796468  -0.985662904409285  -407001.49356285273  0.9869551045634638  -0.13176415031805427  0.09250854158986786  8412633.795084216  -0.11800167543150215  -0.9829368219733096  -0.14110566467852823  7991570.71355562  0.0  0.0  0.0  1.0
34562489690371;2.166541248145545;3.577804384226612;-0.4878923123050556  -0.7057069676721827  0.5137497127712664  6721999.643467158  0.24296127534360423  -0.6750824013648788  -0.6965870871978881  13306350.10224675  0.8384097508241632  -0.21503819927250367  0.5008269786828615  1141688.1830320563  0.0  0.0  0.0  1.0
34562489690402;1.8237522520831808;3.013697619343924;-0.8512015085102067  0.473301190418736  -0.2268082341057249  -2507421.5379965096  -0.43287605792791684  -0.877473754904704  -0.2065384417638213  15409690.264131486  -0.2967731631781028  -0.07762597890943368  0.9517877373740516  833072.0705951964  0.0  0.0  0.0  1.0
34562489690433;1.485279001754726;1.0973624853657733;0.25329774655389  -0.03977142344071116  -0.9665704762034794  844675.8951861457  -0.9646910718022005  0.06417586349619936  -0.25544587397262586  8207020.556936309  0.07218994096023867  0.9971457729048531  -0.022111535499381496  -8073240.515770001  0.0  0.0  0.0  1.0
34562489690464;3.2048953782106575;4.231283394694934;0.38612198343555754  -0.7696716778986112  -0.5084440206635611  6623633.721611104  0.15477946145125537  -0.4893175265681886  0.8582608440946431  11873438.294388505  -0.9093696345384811  -0.4100900711233162  -0.06980688608885921  3938234.8757672394  0.0  0.0  0.0  1.0
34562489690495;1.6045786219463427;3.940103646955658;0.35604552347122576  0.4773500653958206  -0.8033483057072488  -3388099.3864185303  0.9288912461184479  -0.27457733231314757  0.24853237508283132  9602121.79017729  -0.10194428920061516  -0.8347120483414636  -0.5411683270970136  6787497.454507823  0.0  0.0  0.0  1.0
34562489690526;5.298220209160753;4.3535432471812925;0.06862943135908701  -0.6352810236435952  0.769225598995297  5765502.286313538  -0.6170370356019658  0.578847654620183  0.5331047640344728  3821889.483567626  -0.7839357740573306  -0.5112273601237107  -0.3522659342231023  4664110.741266371  0.0  0.0  0.0  1.0
34562489690557;4.725165945981713;6.015100940587065;0.8206952676347987  -0.4952395492312672  -0.2849509897492132  4110530.6036227345  0.5680809741870511  0.7606622275584172  0.31412892629071465  1526485.2178096967  0.06118238675089671  -0.4196793590862878  0.9056080560089925  3333640.6597156236  0.0  0.0  0.0  1.0
34562489690588;1.3460500527468555;1.3388416081274483;-0.8660058420613387  -0.48015910403609047  0.13957476966447324  5173928.527738077  0.4878975164806686  -0.8725259250299412  0.025583658116889493  14723165.914686467  0.10949837865296407  0.09025378087318424  0.9898809828006938  -803073.0151024894  0.0  0.0  0.0  1.0
34562489690619;1.8205673160604245;1.641859479051131;0.4498863914367087  0.8784865620522182  -0.16082162508111714  -6681560.2983356  0.53295102970333  -0.11958602359777526  0.8376529012056443  8633331.071998995  0.7166347987212298  -0.4625586916854415  -0.521990442448936  3218416.9395538545  0.0  0.0  0.0  1.0
34562489690650;2.1392684506950816;6.220377755299457;-0.2000489426216559  0.3830022821956882  0.9018257439155597  -2238692.965632299  -0.2801186488502081  -0.9043699184939576  0.32194501563087824  15518253.379704976  0.9388897502488205  -0.18821344892469055  0.2882043277287516  854920.0460787142  0.0  0.0  0.0  1.0
34562489690681;1.8732202401465774;6.979905166188464;-0.32659037669375696  -0.8794584574441434  0.3462535884016179  8006896.0783855105  0.137172107578788  -0.4065659774620547  -0.903265143173762  11220320.724638436  0.9351590980969084  -0.24750136888569113  0.25341770586580165  1334876.0730269824  0.0  0.0  0.0  1.0
34562489690712;2.5869430889270166;3.6435200643251453;0.051576734985895115  0.8487119338703975  -0.5263343934364968  -6162081.903065925  0.9787489503201171  -0.1476980279551733  -0.1422525387661732  8546387.397758553  -0.19846997922976542  -0.5078123136003331  -0.8382936964455915  4225345.217478063  0.0  0.0  0.0  1.0
34562489690743;3.8819775247609996;5.61905491978983;-0.9877449085314837  0.12204629448419962  0.09728667777659827  414573.29868928157  0.11413565093682371  0.9899816882231891  -0.08312226036382486  430.4811744168401  -0.10645679337345781  -0.07099971116448317  -0.9917792053472386  646302.4015899996  0.0  0.0  0.0  1.0
34562489690774;1.586561897713293;3.0315872092842335;0.47540376196806244  -0.8702061033230539  -0.12935455479386745  7369906.537390568  0.7984581868908105  0.48851330428508694  -0.3518796318679231  3554420.6363319065  0.3693992242732146  0.06400069746316804  0.9270642501092223  -774397.5336066573  0.0  0.0  0.0  1.0
34562489690805;1.205521164189387;2.9675944050216603;0.8373381227344406  0.0950275969725857  -0.5383629110824576  -650190.4899132213  0.07119545412889211  -0.995345046494399  -0.06495726079848879  16003822.194414757  -0.5420295891618314  0.016062198874309985  -0.8402058856258847  251809.14141201973  0.0  0.0  0.0  1.0
34562489690836;2.065099418152508;3.9496248284973094;-0.10882080894479068  -0.9940134792240327  0.009758824803052901  8776450.543608323  -0.02678328003770797  0.012745409863176516  0.9995600084226275  7961845.543686551  -0.9937005018872758  0.10851155536787271  -0.028009907186957644  -174892.16033546554  0.0  0.0  0.0  1.0
34562489690867;2.727894652051314;3.2484633868185635;0.7927188343090363  0.030538257049404646  0.6088220303077964  -100176.13115422905  -0.5420458618852426  0.4922543889379747  0.6810814196440735  4465831.483281794  -0.2788962770364773  -0.8699155312027063  0.40677246124523575  7195047.810860718  0.0  0.0  0.0  1.0
34562489690898;2.29580039724926;4.504971640954799;-0.6710677707523819  -0.42060753312887805  0.6105385738286069  4557753.365805963  -0.739768728328868  0.3253421036199362  -0.5889777111222843  5947802.1200639  0.049094558192522224  -0.8469013039825807  -0.5294789001164134  6779689.71113409  0.0  0.0  0.0  1.0
34562489690929;2.300657442855721;3.856338966052933;0.6756853168607867  0.6262629142693165  -0.3889011632659924  -4810756.909338026  -0.5565377260670097  0.7793060615560584  0.28800663514257374  2166485.7576081287  0.48344090853267785  0.021836314544551483  0.8751046013615804  -515225.6342612814  0.0  0.0  0.0  1.0
34562489690960;1.3464116655749152;2.7036691545925353;-0.1720163421198988  0.7279908253289095  0.6636563389892566  -5033976.61384638  0.11612614549985953  0.6839864945420979  -0.7201924698407767  2461072.4617740624  -0.9782254834009563  -0.046817021700935414  -0.20219562335525143  1064020.575595542  0.0  0.0  0.0  1.0
34562489690991;1.2386766652537227;1.3866572506546908;0.4110197073014879  -0.8972788072841534  -0.16110103105978807  7632871.867948877  0.90675765920711  0.4206299697048195  -0.02934239348391776  4024478.9984632134  0.09409222964220593  -0.1340192918383408  0.9865016379794351  1012177.9196637329  0.0  0.0  0.0  1.0
34562489691022;4.77837015482652;3.974899408737337;0.4462539014965312  0.5019307534178121  -0.7408933622138566  -3649260.130278349  0.8925841655409095  -0.19003929567354075  0.4088747650877266  8947536.737061478  0.06442796616969068  -0.8437716426103294  -0.532821219830728  6743615.184925095  0.0  0.0  0.0  1.0
34562489691053;2.167491542430286;3.362087983857517;0.95639688651467  0.21551433077177162  0.1971257687291062  -1703326.5141349612  0.20310416775777143  -0.9757686574911728  0.08138933650852238  15753338.263960764  0.2098897150993082  -0.037803442830909584  -0.976993964774431  157019.06067495898  0.0  0.0  0.0  1.0
34562489691084;2.4865787628779126;5.722232209104336;0.38047760642030415  -0.3302822068951595  -0.863800008579034  3092228.9363385793  -0.9048571481084763  -0.32584021118302287  -0.27397390075187544  11302174.340160698  -0.19097207264328453  0.8858565462786095  -0.4228331194285307  -6992859.694853842  0.0  0.0  0.0  1.0
34562489691115;1.9042244213164048;4.238054405290134;0.18869412722175036  -0.6862767089967641  -0.7024377588374593  6091625.016357942  0.9594922042859771  -0.02354526420619517  0.2807495867279196  7560923.697578266  -0.20921098505207367  -0.7269593518361472  0.6540342991858377  5995877.293002383  0.0  0.0  0.0  1.0
34562489691146;2.204368269441607;5.423701450468147;-0.09865162628467156  -0.8417670785076606  -0.5307504518811695  7544461.375882234  0.66064640527143  0.34345894521540626  -0.6675194979575183  4818349.891636096  0.744186928018308  -0.41649026218171864  0.522227610984402  2828267.337986142  0.0  0.0  0.0  1.0
34562489691177;3.9205161639220982;3.0728479591710336;0.7678527032261881  0.4887419200934469  -0.4141661039868031  -3769054.5516999164  0.35483307930306546  0.21380511653166578  0.9101543044875335  6075954.756906598  0.5333813944829167  -0.8458242770742942  -0.009250963798820788  6430585.216310893  0.0  0.0  0.0  1.0
34562489691208;2.3565380774100433;2.8194983272313463;0.163010667952006  -0.6827757999413393  0.7122111548889867  6081233.226401817  0.8184664822622061  0.4966821935153692  0.28882419576290963  3474526.434768133  -0.5509447699608107  0.5358395334978794  0.6397936032765599  -3924100.1600723863  0.0  0.0  0.0  1.0
34562489691239;2.888227844794611;3.1375796864710805;-0.8036657081448658  0.4864779135117972  0.3427253553754368  -2647133.904044489  -0.5013633821983742  -0.863767364947403  0.050405339423779505  15347048.580692414  0.32055606146603743  -0.13132090053387474  0.9380824231059621  831397.3178414261  0.0  0.0  0.0  1.0
34562489691270;2.5432202258587244;1.4297195362168102;0.05812294449261109  -0.07493356821459796  0.9954931861535451  1264360.8745854935  0.8137213618523472  -0.5741308715810707  -0.09072644356924028  12093293.41486009  0.5783418267674155  0.815327359195182  0.02760486839563775  -6965938.541361278  0.0  0.0  0.0  1.0
34562489691301;2.1034157138496146;4.441232308950992;-0.20364443010851396  -0.3958674728131554  0.8954428457776099  4030532.2293879576  -0.9461912414153258  -0.15536666563656512  -0.28387203785843346  9960544.382962182  0.2514976754459224  -0.9050691372362124  -0.3429267794556093  7105450.557685683  0.0  0.0  0.0  1.0
34562489691332;1.5400005703685937;1.7453027770407397;0.8963243670968921  0.4419837827565954  0.03539724182090673  -3483213.4976717383  -0.3387766524673821  0.7341506224610616  -0.5884328706683806  2377024.432177596  -0.28606469319255634  0.5154349612901782  0.8077708783983498  -3945987.2131343293  0.0  0.0  0.0  1.0
34562489691363;3.2280224062918226;7.300504808668519;0.8198880877603741  0.4683159468587444  -0.3293382720948699  -3641437.1371230236  -0.35713025630970613  -0.03126251232439864  -0.933531271758654  8548313.611570098  -0.44748352324616425  0.8830078307925492  0.14161803268735002  -6790021.22319473  0.0  0.0  0.0  1.0
34562489691394;2.3976719802288198;5.046574322389551;0.09786475985080179  0.9892411719525857  -0.10874002249962961  -7325354.747702044  -0.9745417578052268  0.0731124167915625  -0.2119503168310824  8141903.32907211  -0.2017197339707849  0.1267141595275442  0.9712119597193933  -877804.218862772  0.0  0.0  0.0  1.0
34562489691425;1.0094624480211292;1.1050176227199895;0.06964710083434311  0.8623015283428671  -0.5015828501483357  -6284081.73083212  -0.969991491663303  -0.058874815092202104  -0.23590307808220762  9200820.8137803  -0.23295018232697728  0.5029610624744383  0.8323246855575128  -3882965.9948583012  0.0  0.0  0.0  1.0
34562489691456;2.09075176249572;2.9269026510396063;0.22041759527714122  -0.945074670286152  0.2413502667820438  8151128.895414885  0.791023474187846  0.3179654482598531  0.5226660855619971  4931628.586500547  -0.5706995242472452  0.0757089248136037  0.8176614285433399  -208229.93905236313  0.0  0.0  0.0  1.0
34562489691487;4.819526363868169;10.674726063752594;0.31723002733765243  0.9481957945159173  0.01702483532023189  -7149179.932288754  -0.7728338367572687  0.24807289509343683  0.5841127455234983  6592664.332548955  0.5496298486421487  -0.1984554710313861  0.811493965165065  1210596.5369770648  0.0  0.0  0.0  1.0
34562489691518;0.9081270063423241;4.28023214462167;0.40955121631724345  0.7815664373268677  -0.4705546782864393  -5873451.726027867  0.4083120323346592  -0.6182881503180724  -0.6715661154547612  12733624.011112314  -0.8158119179466593  0.08290758240622614  -0.5723436444267973  -93741.97749957888  0.0  0.0  0.0  1.0
34562489691549;2.7018815013951687;2.687262874664871;-0.04798333026235339  0.20841658527068432  -0.9768623889786325  -940545.5460437727  0.971074766295173  -0.21928631270859222  -0.09448445016744501  9127873.27203637  -0.23390467776790808  -0.9531400946570117  -0.1918659992690577  7833150.955380485  0.0  0.0  0.0  1.0
34562489691580;4.668438872941319;4.738807602680597;-0.8104977928959101  0.5631584857037282  -0.16107714825741604  -3259000.709314874  -0.5823476984007363  -0.7451731745366544  0.32494322291491023  14450136.179828275  0.0629641634441594  0.3571686715416792  0.9319152612716083  -2917886.409728376  0.0  0.0  0.0  1.0
34562489691611;3.9959073484826004;4.186018857990844;-0.5025286968864666  -0.6561065205354144  0.5630178882739882  6333957.901324137  0.8239832532921468  -0.5606297909675677  0.08213303704205369  11977261.992736628  0.2617565798593793  0.5051915193177465  0.8223533435876254  -4248345.087892055  0.0  0.0  0.0  1.0
34562489691642;3.292173022565408;2.3460951154844407;-0.6474148119582667  -0.5353205906248648  -0.5424812683495056  5464204.799766359  0.7322423550218012  -0.23950063980968445  -0.6375426080215175  9458292.636272494  0.21136507462011972  -0.8099822891790893  0.5470406716570838  6368401.405038739  0.0  0.0  0.0  1.0
34562489691673;1.953679954832125;8.285507020610801;-0.4005067464599581  -0.8519790510241889  -0.3372329204807586  7838322.083230386  0.9154333431837341  -0.38799165452967244  -0.10697789586068246  10524126.156470401  -0.039700632583254125  -0.35155962884160913  0.9353233062108737  2856357.185313913  0.0  0.0  0.0  1.0
34562489691704;2.008186623570813;2.2110320746077763;0.36332308922261236  -0.12335098884694848  0.923461350782055  1439544.6582702748  -0.8799870946163727  0.2800885769151599  0.3836314668927404  6410231.370324262  -0.3059722963707222  -0.9520162407396843  -0.0067846312727015134  7874659.049853619  0.0  0.0  0.0  1.0
34562489691735;2.8076941945791956;5.6572809132598865;0.3798927870176315  0.11973283119282178  0.9172488863479354  -527842.8360094075  -0.631078631286372  0.7585383966785207  0.16235535685063773  2386045.684397607  -0.6763292330704738  -0.6405338007466351  0.36372409680329704  5628795.893463807  0.0  0.0  0.0  1.0
34562489691766;1.8275291698076832;1.9038378534072478;-0.30850697442379516  -0.8249796544666333  0.4735314313200236  7556786.945921807  -0.7938802037582072  0.49753711175929183  0.34958696271893414  4600360.520140439  -0.524001592376114  -0.2680772130158333  -0.8084286851967588  2525276.4410942327  0.0  0.0  0.0  1.0
34562489691797;3.7232768051076097;3.0500047227982074;0.9694751914231419  0.2325482955472762  -0.07771192606749605  -1849570.5324481907  0.2277149985032461  -0.971470320033478  -0.06626686012420292  15701957.520389415  -0.09090507506036136  0.046547905775777935  -0.9947711092488363  -310361.18278233  0.0  0.0  0.0  1.0
34562489691828;2.886530052875628;4.911310478502996;0.024372782934366594  0.9961713088181504  -0.08395648241540629  -7329756.6547757145  -0.632922336353788  -0.0496306409677198  -0.7726228805967348  8889152.9096127  -0.7738315602225699  0.07196890276131385  0.6292894353465949  -35752.68931955247  0.0  0.0  0.0  1.0
34562489691859;3.863192297346279;4.409849852883268;0.35404848035684466  -0.13716406491122485  0.9251138810190006  1557239.517130345  0.8286395457194694  0.5046219310256346  -0.24230808900610637  3403585.465724444  -0.4335967906094786  0.852374756797143  0.29232019627143563  -6553263.246814091  0.0  0.0  0.0  1.0
34562489691890;3.6706534983214847;3.5409706968245467;0.6789461601600657  -0.7341411576904748  0.008298926966312403  6132163.905434355  0.7341519917279636  0.6789814763874659  0.0022378035126938423  2067052.4968410917  -0.007277681345511475  0.0045733256593868815  0.9999630593410175  -31690.507035884788  0.0  0.0  0.0  1.0
34562489691921;3.2786406111649433;2.502092566315459;-0.6362706348216043  -0.7132841524440804  -0.2939139281079459  6888442.493909168  -0.5667764828803747  0.6906630495165685  -0.449164747599615  2887069.3586346284  0.5233775861817781  -0.11920683665211582  -0.843721300180297  591654.6425446374  0.0  0.0  0.0  1.0
34562489691952;2.441651137137093;4.106429715303034;0.9935401848208744  -0.010792174957813112  0.11296649992711462  91353.51211058802  -0.09115424785707595  0.5170360420938842  0.8510961369160963  3949734.918811234  -0.06759293042703185  -0.8558955895058531  0.5127123322299894  6933892.176643378  0.0  0.0  0.0  1.0
34562489691983;3.0513635683647133;3.0184755310897153;0.40737767421823123  -0.8958314593375367  0.17756527534888236  7623938.605057151  0.9110177296415188  0.41223802839989715  -0.010320088167160069  4088947.133823804  -0.06395409937882937  0.1659692875267748  0.9840549114609908  -1290419.9484280036  0.0  0.0  0.0  1.0
34562489692014;1.9745718167701451;1.8789665801743785;-0.9889975728710421  -0.13644544648628895  -0.05715278635680175  2495145.720841597  0.14145304250097196  -0.9853384730223712  -0.09538936182385152  15874138.47625316  -0.04329939517368721  -0.10242428283908464  0.9937979818164724  854500.067579031  0.0  0.0  0.0  1.0
34562489692045;1.2175878921579373;1.7035968307982277;-0.8460765098938274  -0.5188768964556764  -0.12215279665404671  5471698.678828305  -0.2842131312673398  0.6329654287625934  -0.720123365824634  3152818.299115666  0.45097387443298054  -0.5745620352197935  -0.6830088083348523  4306141.533507676  0.0  0.0  0.0  1.0
34562489692076;4.820847866328376;6.25608003187641;-0.778151565852572  0.02496487180754535  0.6275801906822925  1048313.0718767972  0.6266823221718644  -0.03567962604957278  0.7784575976649221  7892362.667439965  0.04182592065297824  0.9990514098186317  0.012119113042433835  -8067304.486467391  0.0  0.0  0.0  1.0
34562489692107;1.0951736045872003;1.1950540838685548;0.5233350948852182  0.8435802641754143  0.12038569830016375  -6452228.239823657  -0.8432684554054363  0.5330182782790439  -0.06920857705930353  4349394.020859593  -0.12255076735626545  -0.06529818461628235  0.9903117976204303  611435.0265510099  0.0  0.0  0.0  1.0
34562489692138;2.6395870453587285;3.1273977676390947;0.5077147387654413  -0.7555166386912701  -0.41402941042996644  6424614.559512106  0.4071936649461759  0.6339509069916742  -0.6574949176625897  2659190.899330467  0.759222670412338  0.16522970733218456  0.6295078081699064  -1862705.703715596  0.0  0.0  0.0  1.0
34562489692169;2.994782826868506;2.2997803408171107;0.6568486167695647  0.6831114120358661  0.3192314104130041  -5254989.473062198  0.291894084248313  0.15999797845416291  -0.9429732183214012  6553335.96152495  -0.6952321470046889  0.712572414310958  -0.09430172922223753  -5244509.668936124  0.0  0.0  0.0  1.0
34562489692200;5.292190560418294;11.989726278442399;-0.9542030434631464  -0.10764554420004918  -0.27912181688206306  2239035.903461459  -0.12454554837593718  -0.7053773651477209  0.6978045422014649  13808334.730855394  -0.27200176143805715  0.7006105976583099  0.6596664552813492  -5445739.497153285  0.0  0.0  0.0  1.0
34562489692231;1.8630711678931846;1.9737374604451943;0.958454156544368  -0.26955292390845187  -0.09331050860021142  2197934.910767979  0.2679254671780575  0.9629790326347302  -0.02978803020174467  109635.37698498648  0.09788551394484023  0.0035501997527973006  0.9951913495612137  -97327.49967180596  0.0  0.0  0.0  1.0
34562489692262;5.46562893652775;8.906113310351692;0.46782994196665084  -0.49156702483292236  0.734504598689749  4328771.575610466  0.8542678628864496  0.4646023483028766  -0.23317606307438732  3707500.8766803714  -0.22663089780278894  0.736550417859064  0.6372848014135755  -5766768.749578779  0.0  0.0  0.0  1.0
34562489692293;5.069828729190322;5.041051816056057;0.7125854785740083  0.6996156103180247  -0.05253506947544456  -5426948.133486499  -0.701565674854893  0.7100049235411173  -0.06081621833665249  2826085.41622096  -0.005247817722691052  0.08019355551857381  0.9967654960232311  -641529.600460834  0.0  0.0  0.0  1.0
34562489692324;3.2273635158321206;3.1957182917758917;0.5329680149918505  0.8408029316013261  0.09484474263902498  -6436722.787656342  0.6066783063885877  -0.3015930910222047  -0.7355154927023273  10046082.919277808  -0.5898190634026015  0.4495464799754171  -0.6708363696078126  -3202292.862585744  0.0  0.0  0.0  1.0
34562489692355;1.3752959580528585;3.235732483122628;-0.545781736373193  0.7992569011707977  -0.251616180267317  -5344784.265513841  -0.828141247273847  -0.5602729574547957  0.016621904480945367  13135315.026528671  -0.12768856959485125  0.21744566925029676  0.9676843545904369  -1659822.5417708277  0.0  0.0  0.0  1.0
34562489692386;5.158940174423677;2.6250306552668246;0.8348099892904448  0.5378222532704551  0.11764142836593453  -4211086.003774107  0.30657983098806063  -0.6316313754758855  0.7120748645653578  12912015.998295521  0.4572757253695181  -0.5583807208361793  -0.6921776373058068  4171514.854785027  0.0  0.0  0.0  1.0
34562489692417;4.03283871174125;4.931392676381329;-0.4048114657100898  -0.5288663136896222  -0.7459410831117954  5242121.06242026  0.4355105960586999  -0.828815010009495  0.35127795248714055  14408019.104593629  -0.8040262420781088  -0.1826639029127317  0.5658407025148011  2034577.837687399  0.0  0.0  0.0  1.0
34562489692448;4.000054921873328;9.405312086779794;0.9719968424534754  -0.07434495001151287  0.2229236790210005  617793.0883691234  0.20204192441478705  -0.22005283633923392  -0.954335271274109  9674451.275842046  0.12000499589284555  0.9726507994274428  -0.19886986532381973  -7909850.319701307  0.0  0.0  0.0  1.0
34562489692479;2.0170795377863655;4.188463606374422;0.5457527193402019  -0.546098218156141  0.6355554306741963  4712669.397600893  -0.6334113148411231  0.22769488817053773  0.7395573974562395  6658482.122157171  -0.5485836996885847  -0.8061834617676644  -0.22163968599574163  6871730.575477578  0.0  0.0  0.0  1.0
34562489692510;1.1740247611060295;2.1995015798440356;0.6275961633016521  -0.6944352569544812  0.3519697852197115  5848669.036002269  0.6316814795231801  0.18993941137593312  -0.7515993137527274  6073834.231732856  0.455084128745941  0.6940336403264091  0.5578671363853759  -5903499.127924258  0.0  0.0  0.0  1.0
34562489692541;3.354655951863199;4.723541074364699;0.1857818029100548  0.46759863141339286  0.8641971080765154  -3190397.5527179604  -0.08628686855873319  -0.8683468610371609  0.48839359664233795  15092774.31305293  0.978795023496656  -0.16530350518737505  -0.1209754237477593  642645.2812508595  0.0  0.0  0.0  1.0
34562489692572;1.8393631220032445;3.5651124048789686;0.40532375896201966  0.6973884437336849  0.5910685315321801  -5193276.734107173  0.47902062169784787  -0.712712306457889  0.5124260065723477  13443362.965975273  0.778621791635134  0.07543558026677843  -0.6229426769942068  -1153725.3879009578  0.0  0.0  0.0  1.0
34562489692603;2.6663199487245373;5.546533850348769;-0.03517971369311043  0.9350461285299464  -0.3527763105221631  -6795985.745850279  0.9756734351649534  -0.04429691637939728  -0.21470708212049378  7716886.48721797  -0.21638792863256157  -0.3517478084088592  -0.9107413154247885  2982334.907554814  0.0  0.0  0.0  1.0
34562489692634;2.141177615887272;5.693561466696645;-0.11397156138364051  0.9705931784617959  0.21203623539198105  -7026564.377288768  -0.21683847020104213  0.18397895650621846  -0.9587141499966269  6717964.149046697  -0.9695316194104486  -0.15524376150529062  0.1894935710704762  1930275.1521375321  0.0  0.0  0.0  1.0
34562489692665;3.9424089616480122;6.169946547498895;-0.27070448941491915  0.9557556419383957  -0.1151096534332973  -6797020.172065163  -0.8216373557254099  -0.1670816675705197  0.5449731846966515  9967159.144698527  0.50162848312986  0.24210507897353212  0.8305142958721758  -2300303.4287718926  0.0  0.0  0.0  1.0
34562489692696;1.8711162461125304;3.966300777545455;-0.03628520599358015  -0.5840880432468731  -0.810878869845578  5427541.164079732  0.6020301744887291  -0.660425081562468  0.44877430925608525  12936333.48438448  -0.7976484519079023  -0.47188967924637365  0.3756022867205161  4357150.40587009  0.0  0.0  0.0  1.0
34562489692727;3.310271605615024;5.517683193496671;-0.6534632363992845  -0.6197494741848105  -0.4346221208385777  6147729.772115559  -0.27876343202736475  0.7308450316074868  -0.6230220611976556  2361393.013134553  0.7037590124743677  -0.28596525841839926  -0.6503438500814783  1806650.5657651387  0.0  0.0  0.0  1.0
34562489692758;4.511424934062755;4.528611222778229;-0.5979112701339295  0.7998383962155312  -0.05254191646865136  -5312867.988420645  -0.7997567890636494  -0.5908843343995357  0.10604141505949256  13361620.689090272  0.053769800012954935  0.10542411157123949  0.99297259041022  -885996.6455925186  0.0  0.0  0.0  1.0
34562489692789;1.931706743686756;1.9314537330434083;-0.9633701937081095  0.20839617334777066  0.168786565842206  -297446.1295928488  -0.2210261842523566  -0.9734418564627954  -0.059652141295257755  16033136.58612201  0.1518726300214847  -0.09477334551587827  0.9838458808319958  655836.9881813528  0.0  0.0  0.0  1.0
34562489692820;4.539455050249923;5.660755985717617;0.32499080213502934  -0.6301104423306884  0.7052246514363023  5543770.668821755  0.06496000677721626  0.7588157375626986  0.6480577705318267  1894796.9805102888  -0.9434835324726836  -0.16480141653821512  0.28754011382738137  1988780.0601634583  0.0  0.0  0.0  1.0
34562489692851;3.0455147307974437;9.742820186774253;-0.17001847692660024  -0.49613893835683376  -0.8514340088049767  4813847.699790086  -0.09715341538662868  0.8682431421244593  -0.4865337193171293  1128396.1582401684  0.9806400620932597  0.0  -0.1958189689936287  -688750.2384825584  0.0  0.0  0.0  1.0
34562489692882;3.605304913385411;5.008826259645234;0.39398670549134  -0.8837572968043041  -0.25248270483585367  7536208.331211657  0.8785884431771623  0.44279822960044973  -0.17891918672472581  3865846.5423725513  0.2699200315123173  -0.1513366056440271  0.9509155632234303  1027988.8004527459  0.0  0.0  0.0  1.0
34562489692913;4.484860766274024;6.361714727794903;-0.030957348960288872  0.6532216258084387  0.756533641103639  -4531483.228906097  0.9609512276138752  -0.18878069799595457  0.2023229749967742  8889393.159790995  0.2749806914907592  0.733255314089396  -0.6218699732797235  -6092407.105650363  0.0  0.0  0.0  1.0
34562489692944;1.7079159739228686;1.8536522303885048;-0.26466651662108015  -0.9393813837427781  0.21797763843378107  8446447.461034939  -0.7863895990864245  0.07941047043183211  -0.612605399612579  7959356.4894294925  0.5581604011647151  -0.33355148487647246  -0.7597370423431672  2291766.8232728955  0.0  0.0  0.0  1.0
34562489692975;1.881460468963167;1.7030373659799842;0.4071705359397104  0.27614927851208204  0.870605381697027  -1805465.5669317832  -0.9048486429692464  -0.007806541266016528  0.42566182731151203  8744172.307604628  0.12434262334084249  -0.9610830525457826  0.24669470632747442  7645368.461840525  0.0  0.0  0.0  1.0
34562489693006;1.115739312366094;1.6870520099365574;0.9102965944085013  0.3527046248010388  -0.21670154095493183  -2774684.366997708  0.3899270067700514  -0.5548187771710428  0.734937448964044  12235468.976554535  0.1389857532253998  -0.7535088401222557  -0.6425787019953126  5965052.161014555  0.0  0.0  0.0  1.0
34562489693037;3.6096861314976527;2.783106027291898;-0.4910479073710084  0.838165761978059  0.23738177713189101  -5696146.637116254  -0.7419813457822345  -0.2596410139494747  -0.6181021164714402  10655913.930885267  -0.4564379861248828  -0.4796506012953907  0.7493995366286481  4179759.1135256584  0.0  0.0  0.0  1.0
34562489693068;5.981505073479419;6.442070895495112;0.1519467483267128  0.9305427547327798  -0.3331701776679108  -6891125.490800049  -0.9369165088918727  0.028243168160881064  -0.34841035980306456  8476760.145796763  -0.31480095463451746  0.3650924609829198  0.8761323267033538  -2716279.6263062796  0.0  0.0  0.0  1.0
34562489693099;4.279282882274275;5.748720835146003;-0.8963251967021151  -0.12444077247084737  0.4255768272636264  2333196.0104677333  -0.03519642921239084  0.9767489226372712  0.21147754844812156  211780.13795008976  -0.4419981370182602  0.1745738705356254  -0.8798645410508364  -1093831.563193157  0.0  0.0  0.0  1.0
