# ransac_benchmark.py --distance_metric=euclidean --max_correspondence_distance=0.15000000000000002 --estimation_method=TransformationEstimationPointToPoint --ransac_n=3 --ransac_confidence=0.999 --ransac_max_iteration=100000 --input_txt=/neural_comparison/point_clouds_registration_benchmark//eth/wood_summer_global.txt --input_pcd_dir=/neural_comparison/point_clouds_registration_benchmark//eth/wood_summer/ --input_features_dir=/neural_comparison/experiments/3DFeatNet/feature_extraction_voxelgrid_0.1//eth/wood_summer/ --output_dir=/neural_comparison/experiments/3DFeatNet/results_ransac_voxelgrid_0.1//
id;initial_error;final_error;transformation
2318808360030;4.969564550018172;4.962466900572971;0.6638907648769323  -0.5374284483365819  0.5200189566060603  -1.1777077920835364  0.7469123543337409  0.44209109088520315  -0.4966662886723432  -9.68541551426292  0.037026845055308094  0.7181407454520772  0.6949121401060601  -5.6877222354737835  0.0  0.0  0.0  1.0
2318808360061;1.6724101210514537;3.691544309964461;0.9591302182390093  -0.20299108303013977  -0.19713915052835793  2.3035819696875217  0.12097991773559401  -0.33563219632074004  0.9341921046003367  -8.40485083194681  -0.25579891314366554  -0.9198617553758652  -0.29735713717910417  2.999876979453192  0.0  0.0  0.0  1.0
2318808360092;1.584883217651029;3.2280443416072746;-0.8852175236378366  0.4034311815996155  0.2315884659425734  9.963387233619116  0.4103831841433567  0.44286831869363164  0.7971532440314331  -9.68068604008863  0.21903328061474314  0.8006940327057611  -0.557596169259196  0.15656016266290873  0.0  0.0  0.0  1.0
2318808360123;2.8011658140671436;5.04521421533255;0.7725251817160224  -0.18753192531708435  0.6066602184101857  8.026855078251312  0.4543709212042293  0.8306466370059749  -0.3218279515434985  -5.9495574460914  -0.4435672548539254  0.5242689590444313  0.7269044978563697  12.004604042182526  0.0  0.0  0.0  1.0
2318808360154;5.158117208596515;5.922581352926629;-0.8944727219626561  0.4397901316863625  0.08064235695966161  11.388014646403253  0.3294576099340379  0.5263400986493383  0.7838518889499196  -3.194096439324694  0.3022850193464256  0.7277023709079815  -0.6156890663749304  -1.5436052109097549  0.0  0.0  0.0  1.0
2318808360185;2.9373278081057164;4.38307229410946;-0.708199550490645  -0.5012706408320782  0.4971731502451089  15.040776219228793  0.6146638636786249  -0.09132192418092377  0.7834849333915476  -9.693737764265807  -0.3473351859119844  0.8604580470910193  0.3727870944973767  -0.8873775698755235  0.0  0.0  0.0  1.0
2318808360216;2.8192109211834575;4.893006500515428;0.19957749961613702  -0.29574431470866974  -0.9341863422061306  0.3487254320518245  -0.727525146754722  0.5939259978497033  -0.3434516995412228  9.068361654179583  0.6564114429886875  0.7481892871431228  -0.09662716035243687  2.473060015365532  0.0  0.0  0.0  1.0
2318808360247;5.338906233558544;8.100048386386971;-0.7504517368158145  -0.09882153537788642  0.653495596661283  -0.7842164212843965  -0.1538701276805997  0.9877128407794072  -0.027337299922101627  -8.657047816245273  -0.6427644782637612  -0.12106877510337707  -0.7564364991043759  8.198893484325948  0.0  0.0  0.0  1.0
2318808360278;3.9358878406157967;5.461948497886293;0.6734184561418155  -0.5661010327009696  0.4754337006381328  -3.5525947370482616  0.5447549363956927  -0.05475632044484757  -0.8368057149923546  4.301296144126905  0.49974957948966636  0.8225152680322942  0.2715124152845768  7.225122854279244  0.0  0.0  0.0  1.0
2318808360309;2.1234453820707166;3.0899711073180303;0.25156514081151765  0.7706656716193266  0.585482196583306  5.283096072066224  -0.34364777981236716  -0.49439462804889633  0.798423543732538  5.520721604828455  0.9047768693763741  -0.40205518818182806  0.14046509280801  -1.7134379463414753  0.0  0.0  0.0  1.0
2318808360340;2.3866042493559383;4.628791390754761;-0.7430348857466668  0.5392225490872292  0.3964066108420835  11.139363368116673  -0.0038919057186270894  -0.5957837468275918  0.8031354680786744  16.605135093779822  0.6692413702344725  0.5952148936072964  0.44478671157616634  -4.573877535786229  0.0  0.0  0.0  1.0
2318808360371;4.044074629937958;5.746836729577129;-0.5892996219196713  -0.4512208525831324  -0.67016841002802  -5.795215264387808  0.17842499760218167  -0.8817083364339986  0.43675499962044223  2.208546084017293  -0.7879660372351049  0.13780475919554538  0.6000994688441775  6.151163820960939  0.0  0.0  0.0  1.0
2318808360402;4.2662430875772905;4.757354770770232;0.23828521229683058  -0.6706609529576156  -0.7024486057916531  8.576496841069892  0.6208950018610085  0.6613648410079495  -0.4208158073819809  5.449500272069709  0.7467995408840802  -0.3358726444003937  0.5740034951799631  -6.822887481747472  0.0  0.0  0.0  1.0
2318808360433;3.0557917853126377;6.271852623588209;-0.6688819655744709  0.7420410260294592  0.04440756487784936  4.796084404603202  0.5081097404323476  0.499984545511612  -0.7013130156551491  5.833420446361327  -0.54260612584729  -0.446531712131059  -0.7114689186846466  19.73758974758076  0.0  0.0  0.0  1.0
2318808360464;1.0653308809730693;2.535745818583377;-0.9743190252466695  -0.18977293616017163  -0.12119682233263102  13.99844615767156  -0.15696277550581744  0.9583204042875227  -0.23871466195378288  3.6527780098002154  0.1614469700796223  -0.21356084713108234  -0.9634970889550026  4.524039642716722  0.0  0.0  0.0  1.0
2318808360495;1.7172042102086578;1.3413108903725748;0.49373133532254876  0.8539363234140163  -0.16438407488186402  -8.079618816537694  -0.8594604798908809  0.5079714407393446  0.057382043349225115  16.210181559861713  0.13250302647996542  0.11295030299803614  0.9847259400596198  -1.8796104465848176  0.0  0.0  0.0  1.0
2318808360526;3.6807220373796983;5.409541159460327;0.7313547495358859  0.15405270583206881  -0.6643703742319631  -8.364485968994472  0.6438677663891704  0.1651970563060457  0.747090511245349  1.236982115231065  0.2248433448788759  -0.9741548626443511  0.021628080128471894  0.4413881998749336  0.0  0.0  0.0  1.0
2318808360557;2.560279020018075;2.792430894083337;-0.051743445142548666  -0.941928496953241  0.3318031381891814  -1.0445390724096377  0.6945548964500867  -0.27267586172023894  -0.6657637495781336  0.5974606683038284  0.7175765545932997  0.196006584232607  0.6683302381573621  -3.290287338495407  0.0  0.0  0.0  1.0
2318808360588;3.9226564362176193;4.9714310939861575;-0.34704361529374744  0.6834102370004953  0.642270330193425  2.1834152945241687  -0.919546584595456  -0.3825904360962681  -0.08976991125370481  23.233533554464724  0.18437680939498896  -0.6217515630624447  0.7612031174310379  15.578389350479771  0.0  0.0  0.0  1.0
2318808360619;3.5577362196516864;3.103537451235233;0.7276192726320447  -0.6718845336818096  0.13835233100165378  16.59673995956311  0.055288145954401464  0.25846812544629555  0.9644363374765609  6.355876921658888  -0.6837495265163541  -0.6940932225050573  0.22521363959850663  14.20540418623667  0.0  0.0  0.0  1.0
2318808360650;2.026557361496415;4.452698527133855;-0.8825907152644219  0.38888026485579796  0.2642078139168497  8.699375950429099  -0.4107161550776585  -0.9112439250331228  -0.030769287421925338  32.370182759408046  0.22879219673594864  -0.13567110486729567  0.9639748347424981  1.4071815856469536  0.0  0.0  0.0  1.0
2318808360681;3.2402694513344694;2.4639495838705026;-0.6757894581238864  0.6311982564303678  -0.38065387081689667  8.48326013488338  0.1821278260021968  -0.3574213716700478  -0.9160127826996816  5.495927385912614  -0.7142394999468571  -0.6883594440063738  0.1265828288627578  5.0620457810637  0.0  0.0  0.0  1.0
2318808360712;4.183482302346372;5.354298145009407;0.7042471216279498  0.3362888831532741  0.6252565703343479  -0.9175044765765641  0.7092086636024924  -0.2928646923483529  -0.6412903737363225  -0.9881617837863579  -0.03254325045097886  0.8950642764870177  -0.44474810601829046  -12.826474491680283  0.0  0.0  0.0  1.0
2318808360743;4.6928323050556155;2.1360989829987456;0.7886534198409235  -0.3635961079535238  -0.4958060645597894  -1.0306490923413698  -0.24653145765081522  -0.9257433839107975  0.28674278985521223  0.7143108646022605  -0.563247746344165  -0.10390889002600134  -0.8197285641063046  0.2963476282544657  0.0  0.0  0.0  1.0
2318808360774;2.6368253275423768;3.4313019063165786;0.43755040911172394  0.5751630864598409  -0.6911852598689827  3.9636201086705247  0.644009660010682  -0.736895767110503  -0.2055144428684991  2.3009293141091884  -0.6275358135589465  -0.3552070556571387  -0.6928396281335946  10.137783258228698  0.0  0.0  0.0  1.0
2318808360805;3.822501238380734;5.03200581459893;0.9379953829925494  0.3051965253456205  0.1643768304890325  -0.22875350353417767  0.23897165154930605  -0.9128149682117228  0.33115160208645833  -7.0825268126605545  0.25111194961701266  -0.2713372711692793  -0.9291495434180395  10.4941852622797  0.0  0.0  0.0  1.0
2318808360836;3.8885550361159975;1.685363573215259;0.9614532684177484  -0.16669972537779404  0.21867513394942162  0.7412405186509634  -0.2749649732955732  -0.5868358390506404  0.7615891027754372  13.280930984528993  0.0013697114273338307  -0.7923603344215928  -0.6100518210167947  7.507715775157621  0.0  0.0  0.0  1.0
2318808360867;3.4260014484993295;4.90586712738672;-0.15134765973092132  0.28331306510778875  0.9470098167565126  -2.553971113162814  -0.3944444094202439  0.8611541714556983  -0.3206666506850474  7.208825305193574  -0.9063705057927961  -0.4220748750206308  -0.018582413869859538  1.7149900985647923  0.0  0.0  0.0  1.0
2318808360898;3.99662055613861;3.6561016585432213;-0.6304874054346936  0.6947579072103703  0.3461171506251809  6.148459383107115  0.11587404233887394  -0.3566698865050859  0.9270166117025619  21.27505923032978  0.7675016859266677  0.6245782916729619  0.14437146418391655  -17.15912576198344  0.0  0.0  0.0  1.0
2318808360929;3.423510523147215;3.8137871241898273;0.21178349234242083  -0.680645404904567  -0.7013341465760431  4.505367691498453  -0.8810550573596746  0.17759365739625277  -0.4384090313321158  2.0259342068069026  0.4229535887921857  0.7107617924698266  -0.5620746712785505  -9.357380911808072  0.0  0.0  0.0  1.0
2318808360960;3.2303591939848126;4.501275163346466;-0.08962866922184481  -0.48627086554187926  -0.8691992562000224  16.567383591127644  0.5753309563898669  0.6870992726825844  -0.4437216245559655  1.8857827861670404  0.8129950751837569  -0.5398474180768258  0.21818288870290087  0.8402534936066228  0.0  0.0  0.0  1.0
2318808360991;1.4400202981915988;1.6176863499250516;-0.1634251991906553  -0.05578206326860988  -0.9849774442529087  6.501638963403849  0.9165585399737073  -0.37794983226749257  -0.13066892166938415  -1.7052195686517697  -0.3649830777868475  -0.9241440827633267  0.11289405308858755  3.2337208771637433  0.0  0.0  0.0  1.0
2318808361022;4.853359975936401;6.49546252563078;0.08325695552294426  -0.7603403884210473  0.6441667277132389  19.039705168688478  0.9832189691558336  0.1679686772210977  0.07118273782831736  3.9352375128640578  -0.1623229436930921  0.6274304879493232  0.7615656535995322  5.561936003458756  0.0  0.0  0.0  1.0
2318808361053;1.3356595994763014;2.242503100467948;-0.4414772348196907  0.5739786928703026  -0.6896711616900181  6.451258305672187  0.8377223144951952  0.5390160603311567  -0.08765278376578503  -3.6489195073166716  0.32143300224583715  -0.6164496304127193  -0.7187980789006391  5.655698278268302  0.0  0.0  0.0  1.0
2318808361084;4.199949712177371;2.1594913619297946;-0.009157491184065697  -0.2708236729656636  -0.9625854136213584  10.633901105453091  -0.21665456043585718  -0.9392225038169266  0.26631164031301546  9.905072896231264  -0.9762053789021854  0.21098726616848346  -0.050074262023420746  5.1200962788993785  0.0  0.0  0.0  1.0
2318808361115;2.9319105454862306;3.772395976726533;0.627729713323838  0.5186813290261183  0.5804524837831881  -2.97049240751846  -0.10886345107759209  0.7968360014154444  -0.5943072739481854  2.474437110894886  -0.7707815228907923  0.30987427413056823  0.5566630742219251  11.097537511143992  0.0  0.0  0.0  1.0
2318808361146;2.1018359827685917;1.7536854112019986;0.5752229738516481  0.6749595046992435  -0.46211275395666973  -2.367447712068474  -0.49173321101844225  -0.16613532982913803  -0.8547499642375277  11.388161270917918  -0.6536948673003002  0.7189080046839896  0.23633514606703535  2.3032297707010025  0.0  0.0  0.0  1.0
2318808361177;2.9797821204083887;2.6562261675309746;0.46400611498473454  0.4698661483376443  -0.7509488184311358  -1.4696357001367577  -0.7794616812168873  0.6193415067599197  -0.09410412062653967  16.952857427819197  0.4208774320052281  0.6290007159381446  0.6536209043306263  -10.589163422320063  0.0  0.0  0.0  1.0
2318808361208;2.047594508282059;4.099853044064214;0.7769210537615894  -0.6291847440671756  0.022808639922308874  1.8957368530376528  0.6163674338898417  0.7527074861779273  -0.23134957681343915  -6.331807688049608  0.12839339025835436  0.19379885986462542  0.9726032794789138  -2.6225654351794443  0.0  0.0  0.0  1.0
2318808361239;2.8811770696532393;6.218149307671596;-0.9830098594944774  -0.012046707304087412  -0.1831570172823774  8.6832373923081  0.1829707864913297  0.01508598193038646  -0.9830025963546284  5.222499061564455  0.014605048010587762  -0.9998136276288326  -0.012625473467665682  16.52954781127412  0.0  0.0  0.0  1.0
2318808361270;2.4139519301703216;3.1519084616147404;0.5114597254291479  -0.6438785137044231  0.569060110053168  2.2884730599209213  0.8344412978172975  0.2139898125774364  -0.5078543891806564  -4.611005664487131  0.2052234629883361  0.7345943232171462  0.6467259933976813  7.4327014392372135  0.0  0.0  0.0  1.0
2318808361301;3.633939948710988;4.792035122538824;-0.1926511833708896  -0.9094479735758153  0.36849681803869017  28.828441542828287  0.7851560363112116  0.08237969795441845  0.6137944151008603  -1.506570382483865  -0.588570743572822  0.40757572146017573  0.6981880198673952  -4.922843943670325  0.0  0.0  0.0  1.0
2318808361332;6.355512347551134;7.347039967289685;0.19850281211569187  -0.971516526468329  -0.1294305697317074  -1.4887928955371983  -0.6515166441869409  -0.22945506117589776  0.7231019549469848  11.524244583518572  -0.7322039988483736  -0.059211601056524676  -0.6785066619943935  0.40980673554448277  0.0  0.0  0.0  1.0
2318808361363;3.0049062450558113;2.8903721685047086;-0.28485327037494584  0.31723989904275113  0.904553735723889  0.305780392214027  0.24555149806251098  -0.8880123876898947  0.38876530337537685  -2.419829883669034  0.926586788248114  0.33285559295982525  0.17505450031178343  -2.767599644632666  0.0  0.0  0.0  1.0
2318808361394;4.888364505047668;3.8082733822123873;-0.2860159513840217  -0.7717353937317528  0.5679959133793044  14.105407673292788  -0.6167363542427802  0.6019227404441897  0.50727239614578  2.3076741421606766  -0.7333697191111841  -0.20521573184786265  -0.64811677843806  2.2433318454342133  0.0  0.0  0.0  1.0
2318808361425;1.9513800093892786;3.2646473480113336;-0.47668408925257977  0.7923357196078692  0.3807576479690459  7.611159408945022  -0.5869581880469522  -0.6093154315609551  0.5331179891415471  -4.949885621810571  0.654409936154761  0.030640043981174425  0.7555189098670889  -1.039708440530621  0.0  0.0  0.0  1.0
2318808361456;2.9799420916800283;3.0707998546426776;0.03870419028001687  0.6366796018604141  0.7701565232013778  6.0830765381293235  0.4790619009815429  0.6645617634165891  -0.5734608597215541  -4.224087998273093  -0.8769274090155464  0.391147986290993  -0.2792876154393223  6.754054382214799  0.0  0.0  0.0  1.0
2318808361487;3.3327799764990607;3.5273477831948123;-0.6436142840841691  -0.26316882438698774  -0.7186813085043968  13.267051292621709  0.008101020753448429  0.9366279435342744  -0.3502320214565021  1.6924939611828869  0.7653071453903808  -0.23123638394838794  -0.6006951872230204  3.7745382278183244  0.0  0.0  0.0  1.0
2318808361518;4.4213036334582645;6.28767824849213;-0.22143720001133782  0.06966102169186739  -0.9726833546987342  16.85590389374384  0.8270928277735183  -0.5149890880990761  -0.22517480628277994  12.105471789242673  -0.5166072209103779  -0.8543615049823625  0.05642161028833231  13.48412885686401  0.0  0.0  0.0  1.0
2318808361549;2.6879622013693756;2.7286331937675765;-0.9132920028181675  0.2640551030709213  0.31011710712340085  2.3794511797787123  0.3017915929621663  -0.07261675413321905  0.9506043558897229  -5.071898651171105  0.27353162889461236  0.9617700918417881  -0.013369309365080295  2.824803106556064  0.0  0.0  0.0  1.0
2318808361580;1.329810775815828;2.5617537032524127;0.0022370556975393474  0.8768825155700557  0.48069954178190893  5.2778482281900825  -0.9033830969750973  0.20791086412776838  -0.37506273165608794  12.370810601057784  -0.428828608748866  -0.43341680454866527  0.7926259507821681  3.8756255388446017  0.0  0.0  0.0  1.0
2318808361611;3.0580385862811856;5.105789650332739;-0.1298250045943627  0.0071292409541059976  -0.9915112919707433  21.100580591311548  -0.5334250572233843  0.8424349072791029  0.07590214307830309  6.37546479456431  0.8358248479844946  0.5387509637309879  -0.10556619994405791  -9.748833369975538  0.0  0.0  0.0  1.0
2318808361642;5.3800009482235644;9.180287273128862;-0.2258219288349742  -0.3772829386920462  -0.8981436636914749  -7.580747693733208  -0.27998765916240653  -0.8579225595639507  0.4307850885395117  6.745735999674691  -0.9330655749592354  0.3487498615958615  0.0881031603454697  10.773684368781897  0.0  0.0  0.0  1.0
2318808361673;3.504208192072817;4.859552586379667;-0.9686681326200324  0.22899628391536492  -0.0961392261221859  2.9545099360523976  0.15277689780561263  0.854610668501373  0.4962860312164045  -1.1477789555303666  0.1958092652131478  0.4660486103794218  -0.8628194622399852  -8.259078831403793  0.0  0.0  0.0  1.0
2318808361704;2.519718137010217;5.802145169688317;-0.4510051321941013  0.36562237160589955  -0.8141957087309277  6.473507245078628  0.12396338932000298  -0.877739677086612  -0.4628240890189132  0.10206657365721772  -0.883870719530225  -0.3096664990746772  0.3505413107009704  15.567471028051216  0.0  0.0  0.0  1.0
2318808361735;5.251465982301738;3.284158294360304;0.2560163235411367  0.7148710605963438  0.6507034722531747  -3.5104016953187163  0.8599474795519119  0.13902920988443007  -0.4910816746847971  4.0205367473585945  -0.4415268672377637  0.6852957358110215  -0.5791578195849871  3.3673183920943863  0.0  0.0  0.0  1.0
2318808361766;5.291135375928377;5.878297039778375;-0.8937245539489271  -0.23624013221192963  -0.3813751717158331  22.08373846796086  -0.23717202319487013  -0.4727863307135734  0.8486592466379231  13.824625248855202  -0.38079634068940693  0.8489191277282456  0.36651120241361157  4.832318030319771  0.0  0.0  0.0  1.0
2318808361797;3.384830345230238;3.4197830492021697;-0.4274180009169045  0.9025390694767936  -0.05231711536543643  3.8349830849518827  -0.8942978520482627  -0.41361809017412343  0.1707378906469617  17.441489207507296  0.13245831160806829  0.11976353179776439  0.9839265684680263  -7.30462895746977  0.0  0.0  0.0  1.0
2318808361828;1.4149627962549474;2.2233182262659477;0.9859646119673849  0.13188730004259733  -0.10236954642605789  -3.8266127261389142  -0.10766518050275256  0.9709058399694273  0.21389263386234203  3.854436531869374  0.12760091243918514  -0.19986893205481993  0.9714784697274313  0.7485053230620022  0.0  0.0  0.0  1.0
2318808361859;2.242344127922003;2.3126585635924246;-0.5664452849955224  -0.7100285379108159  0.41832907436439404  3.22425106089062  -0.697894256449591  0.14333620237033684  -0.701711008823948  -1.5133087907927725  0.438273140770701  -0.6894303506825613  -0.5767169545251004  -0.16918111681642056  0.0  0.0  0.0  1.0
2318808361890;3.1043376176245805;2.8232224037924407;0.961892949828548  0.13907832349489102  -0.23541277153966111  3.7255509202105586  -0.20777637709069674  0.9314615828230293  -0.29867758008910206  -0.45223739817691744  0.17773837569078563  0.33620907135094935  0.9248635197412287  -3.959117540268016  0.0  0.0  0.0  1.0
2318808361921;2.582712583147148;2.3327051401971195;0.9212668916799324  -0.3207916457536578  0.21990915012580742  3.1891677644951573  0.2375786787247497  0.016494800433316914  -0.9712282393825182  11.727705171107775  0.3079345477691601  0.9470061465340787  0.09140936886817486  -17.521242532801512  0.0  0.0  0.0  1.0
2318808361952;1.429597864979908;7.216160801670868;-0.00446661909010837  0.9084026567100426  0.4180725566167191  -6.069329698585135  0.5128198673637253  -0.35683521582415456  0.7808229071849649  -1.8567725890298235  0.8584846142773642  0.217883551535826  -0.4642530829398771  2.7291071903895734  0.0  0.0  0.0  1.0
2318808361983;3.430782124719056;3.8825392325427828;0.7347202258865628  0.6682422952770913  0.11678366527902195  -0.08362791582763407  0.3070440498020916  -0.1740746136150176  -0.9356398775041136  -0.290222052290078  -0.6049050678861343  0.7232912716863018  -0.3330759600272651  4.177449502401794  0.0  0.0  0.0  1.0
2318808362014;3.6985124006147214;4.077138234508213;-0.8964144889606537  0.4398791119856399  0.05429024608651295  12.769026620853207  0.32551381744875235  0.7365327183562497  -0.5929252140368918  5.867708334054934  -0.30080195915477237  -0.513834527478914  -0.8034253292865319  12.328448288395375  0.0  0.0  0.0  1.0
2318808362045;2.2111434334810025;4.363601517814518;-0.2552651109785364  -0.9447533970860517  -0.20562281442359648  13.399657448555006  0.9573193381155403  -0.27678116321496293  0.08325786785280931  -0.7140500984402722  -0.135570675247781  -0.17559386772816796  0.9750832711256626  4.3257618981529715  0.0  0.0  0.0  1.0
2318808362076;1.35138127439203;4.955544913987297;-0.609217093549861  -0.6987255492025434  0.375016186075036  6.39710327677806  -0.26539971918022603  -0.26598432163499774  -0.9267228980139792  6.71672854715994  0.7472733917287021  -0.6641046209265339  -0.023399369186099306  2.883429148081825  0.0  0.0  0.0  1.0
2318808362107;2.3703459450599085;2.5417684252416683;0.6145044905178487  -0.5406606781766807  -0.5745174168003359  3.3050495623933394  0.6921575373234639  0.7189232005285224  0.06377597720257921  -4.130140503277129  0.37855273695974967  -0.43684718474010753  0.8160038985966463  4.599307778702636  0.0  0.0  0.0  1.0
2318808362138;3.4849647346435484;3.569194475279452;0.4359692285542218  -0.5628026587372836  0.7022706024546959  9.79240875201382  0.8881648936380558  0.1431334328127556  -0.4366645647635459  8.579642813044718  0.14523757593245978  0.8141044083712368  0.5622633358203095  -8.455946839738626  0.0  0.0  0.0  1.0
2318808362169;3.48714335094723;3.07963113334853;-0.4540625770308472  -0.8592240575637364  0.23571422325310584  -4.176064632802323  0.8564220162328638  -0.4938615930063927  -0.1504727784844354  2.256100660354616  0.24570003307232877  0.1335467927615539  0.9601024673915592  -0.49102621324896045  0.0  0.0  0.0  1.0
2318808362200;1.6972551672156184;1.9983153840792653;-0.13926081151936265  -0.9742541237986043  0.17730010895761666  12.997758213734897  0.9896791675916059  -0.14303965231592694  -0.008648878570417403  -1.327571965689847  0.03378715155433583  0.17426577439862595  0.9841188283246555  1.5123613537222598  0.0  0.0  0.0  1.0
2318808362231;2.3843011935207;5.172707529505419;0.9278679778747234  -0.3728432386441159  0.006995357892060294  0.06507010357068932  0.3644025589124208  0.9105269735476106  0.19532384775113365  -2.572814779027256  -0.07919463803030286  -0.1786856173271797  0.9807138519811236  11.7153493562997  0.0  0.0  0.0  1.0
2318808362262;5.232306399155367;5.074024873562241;0.8723948972720704  0.1753509890240684  0.45626656009610694  -6.608844352723446  0.3598034447895049  -0.8621941836980487  -0.35659875310334627  23.072171280442603  0.33086043028935896  0.47526121264577925  -0.815265696213942  -4.100489557882866  0.0  0.0  0.0  1.0
2318808362293;3.4552109610591604;3.5537149872698808;0.6516986105854718  0.7571532941404178  -0.04480859441312518  -4.721779454926367  0.7556633437108025  -0.6532309614801683  -0.04756282093720521  13.828622460841745  -0.06528270776227646  -0.0028635879609015813  -0.9978626999398345  -3.380714589423642  0.0  0.0  0.0  1.0
2318808362324;3.901348001708932;6.716403708139316;0.19258030503286286  -0.3141392367863624  -0.9296393741794344  22.60651349477001  0.07547359756984573  0.9493085085813142  -0.30515093249896197  5.582748466777563  0.978374448860616  -0.01139716835018928  0.20652734049099383  -8.097285181772168  0.0  0.0  0.0  1.0
2318808362355;2.04977221751585;3.4262424726891716;-0.2634208238189937  -0.960152623853374  0.09336170781430758  4.271805975734547  0.48836858749185386  -0.04926871721471099  0.8712454971219242  2.286709313470361  -0.8319288385010674  0.2750991319715468  0.4818867867650735  3.677477346125637  0.0  0.0  0.0  1.0
2318808362386;3.0729207631497046;3.683921687192533;0.4337575681909498  0.8801213287316947  -0.19297880388433775  3.1642327634460115  0.8035773271848914  -0.4747483888449936  -0.3589950508342253  -5.720098625342134  -0.40757557737364436  0.0006434288137268651  -0.9131712515886068  11.73126682042985  0.0  0.0  0.0  1.0
2318808362417;1.4050409535936035;2.4309956549150455;-0.5576959573456848  -0.700000340474191  -0.4460658499552477  14.800109375255678  0.7488986455605509  -0.1925942171150386  -0.634080662227936  1.1623665741367697  0.3579469762937706  -0.6876823328178958  0.63163832316626  4.679127703903221  0.0  0.0  0.0  1.0
2318808362448;2.5537408364538483;1.4463231718535188;0.624100018737555  0.6575170559873339  -0.42210246113655103  -3.0722232884943557  -0.4062682595046286  0.734535127795053  0.5435110370122999  8.282155569814167  0.6674168621864929  -0.16771841616487754  0.7255516969508665  -3.37861753008655  0.0  0.0  0.0  1.0
2318808362479;3.2775968567417544;5.721961269943122;-0.47108038981064715  0.1744390302653267  -0.8646700475071064  14.79135653951344  0.7917350387678006  -0.3485548686458505  -0.501662368461721  -10.416243928035643  -0.38889445190591  -0.9209128776726743  0.02608787100235027  8.72638049715563  0.0  0.0  0.0  1.0
2318808362510;1.7896114733317854;1.5591862256309423;-0.714620023155108  0.5911479107519713  -0.37398177779054037  8.818383088183362  -0.5767912124414062  -0.800444751677592  -0.16309536094619664  25.91530375502972  -0.39576523313217665  0.0991581924269366  0.9129827671530594  2.7229456156989693  0.0  0.0  0.0  1.0
2318808362541;4.507281674743628;2.6963141177026433;0.21288519274940063  0.20214514459364694  -0.9559378825139548  6.722379847491354  -0.9423419619059799  0.30102608992450786  -0.14620164163220378  14.394282726593596  0.2582082909963188  0.9319445443275989  0.254573849322322  -8.92830180923501  0.0  0.0  0.0  1.0
2318808362572;1.6524012560965744;2.560485239261669;-0.06450151635844416  0.5740780236452621  0.8162560732729727  4.557619345194805  0.9751032508952632  -0.1376451253988218  0.1738604887472527  -1.6262281233037124  0.2121631553332298  0.8071482157704954  -0.5509070278164506  1.6822800991136235  0.0  0.0  0.0  1.0
2318808362603;2.7922284303351215;3.843603155677479;-0.7872214828070635  0.4874181559179248  -0.37776431579573294  7.572979016416136  -0.1022796872125736  -0.7073030838590058  -0.6994720960461819  -4.7222165326727366  -0.6081292647050844  -0.5120018445719805  0.6066571589985095  9.790199780576128  0.0  0.0  0.0  1.0
2318808362634;4.154034979657225;1.8814924901530645;0.33093070061262586  -0.7574510983233168  -0.5628078757807472  14.629589122838834  0.9053394302434632  0.08662068938206799  0.41576119614198753  -0.6686316757649244  -0.2661679684681789  -0.6471203055226873  0.7144157912180737  7.852222979064356  0.0  0.0  0.0  1.0
2318808362665;2.2058351322628655;3.688999776074603;0.10415934706011352  -0.6921785400000786  -0.7141706373013187  8.989610072484433  -0.11819767280787866  0.7043723163122492  -0.6999206741879541  0.10801412171976388  0.9875120964134128  0.1573165877340271  -0.008446932041260895  -2.4562826195927605  0.0  0.0  0.0  1.0
2318808362696;1.9478287065829136;6.241244744210305;0.043200728664768595  0.5009497932677595  0.8643974789804869  -8.419169122450883  0.14682268981048668  -0.858994605680597  0.49048074902940786  -4.158515452411772  0.9882190014362432  0.10572403717520718  -0.11065998899208684  1.9422122434583842  0.0  0.0  0.0  1.0
2318808362727;4.3430344902627;6.164991748888415;0.7108009431924099  0.3494828281734814  -0.6104291703126946  12.317632825587491  -0.415535243852431  -0.49157733994106295  -0.7652987521046726  3.1600020657962022  -0.5675319200479217  0.7976299089604986  -0.20419120465481855  1.0717675353506468  0.0  0.0  0.0  1.0
2318808362758;1.6605101549061114;1.9206668767405377;-0.3464566516943217  -0.8498649887399966  0.3971111801633458  4.819895187637451  0.9230351692597204  -0.23337372036842552  0.30584764663322206  -7.611993200103673  -0.16725389324748194  0.4725105369781351  0.8653091514818245  4.6405787777992975  0.0  0.0  0.0  1.0
2318808362789;3.2529369529640206;5.103424032202113;-0.5704740609354682  -0.2657746003939035  0.7771249626573942  8.973332386935489  0.16613092413040167  -0.9639768804943534  -0.20772359018646436  -7.465363993657892  0.8043381514309605  0.010603568165309524  0.5940771856373457  2.1537100358817955  0.0  0.0  0.0  1.0
2318808362820;2.400344764826293;5.139789408230543;0.3960294512700854  -0.8154304147210483  0.42217758405033023  2.198493458912838  0.461983436135991  0.5742821840481781  0.6758485613070699  -5.80392830222528  -0.793556537659855  -0.07261688393695309  0.6041480031454123  6.127561790178834  0.0  0.0  0.0  1.0
2318808362851;2.213741788563696;3.168827939437861;0.22380321923146407  -0.8952759737514753  0.3852181847797177  1.621740090899649  0.6618956847822174  0.42973310548480403  0.6141852819117908  -11.025513654642074  -0.7154063331620101  0.11751761090889074  0.6887549561331331  4.181394559750563  0.0  0.0  0.0  1.0
2318808362882;2.8118491113323465;3.9409958316554006;-0.5222955417044446  -0.0007930786438484771  -0.8527641749873904  15.00746493633962  -0.16169294345582985  -0.9817669004773875  0.09994571108163063  23.235945138797327  -0.8372949057245306  0.19008714883780992  0.5126442398920149  8.903491392204796  0.0  0.0  0.0  1.0
2318808362913;3.693761787700806;5.3320363773102;0.8294722178130265  -0.45399075808027534  0.3253739870580239  5.812774466807848  0.5585163008361661  0.6803648841558679  -0.47451361003437675  -13.169947098561321  -0.005948241473150498  0.5753225321376427  0.8179050081996732  6.471739043452059  0.0  0.0  0.0  1.0
2318808362944;2.216755272952035;4.202956673855821;-0.13572056692991868  0.2334643525038015  -0.962846988790121  0.34381512122491975  -0.7139601672518028  -0.6968444483895144  -0.06832784444494217  10.44474125963227  -0.6869066947482751  0.6781609033693223  0.26126037175833916  9.13302534392955  0.0  0.0  0.0  1.0
2318808362975;4.0877051608656085;3.384097197204621;-0.7433262679243647  -0.19067966860145386  -0.6411765150063409  19.184717247625024  -0.035906260236832244  -0.945756660434529  0.32288555204519903  19.704717922729653  -0.6679646696416224  0.2630315631740187  0.6961591749627318  0.16849769364282619  0.0  0.0  0.0  1.0
2318808363006;1.8159881834797982;3.217500038298484;-0.6559195875233391  -0.6490895065556501  0.3852950910439366  15.312006897534639  -0.7498112821408792  0.6190516402186541  -0.2335767709273439  3.3785392292352157  -0.08690532709485282  -0.4421061854599378  -0.8927427316425488  8.392227165463808  0.0  0.0  0.0  1.0
2318808363037;2.514235334584633;3.62944177992905;0.7403338006390212  0.07687609604490972  -0.667829266720376  -1.4339465396909032  -0.16629403320078423  0.9835071670286026  -0.07113330391025056  1.668581825863804  0.65134641946755  0.16371841148833996  0.7409076349900419  2.0336498945698755  0.0  0.0  0.0  1.0
2318808363068;1.8909816795339536;3.558147974292596;-0.17327905945226685  0.08451188175453832  0.9812400875410897  9.783449999051726  -0.8767993592573914  0.44052239536995963  -0.19277682117760142  0.785743569471868  -0.44855016571300677  -0.8937548662915462  -0.0022333425653506475  3.7357660047967842  0.0  0.0  0.0  1.0
2318808363099;3.0749693121327226;3.3369865892654715;-0.5061309507669797  0.026759034157874007  -0.862041422883292  15.27690866872571  -0.5482307490804842  0.761613897342805  0.3455246983023835  4.072841836504713  0.6657886349573439  0.647478359070973  -0.3708062406384177  -5.443414291263988  0.0  0.0  0.0  1.0
