# registration_from_features.py FastGlobal FastGlobal_config.json l2 True --use_random_keypoints=True --n_keypoints=5000 --input_txt=/neural_comparison/point_clouds_registration_benchmark//planetary/box_met_global.txt --input_pcd_dir=/neural_comparison/point_clouds_registration_benchmark//planetary/box_met/ --input_features_dir=/neural_comparison/experiments/FCGF/3dmatch_normalized_5cm_32//planetary/box_met/ --output_dir=/root/neural_registration_comparison/results/FCGF/3dmatch_normalized_5cm_32/FastGlobal/
id;initial_error;final_error;transformation
7680147070030;7.545142564026325;12.038257145376882;-0.5678440868442808  0.6372365035788663  0.5210400479258467  -128.7971299583492  0.6774022916342807  0.002160626962361138  0.735609588694814  58.657703285852996  0.4676315091229524  0.7706652776645085  -0.4328923670817922  33.247125120022126  0.0  0.0  0.0  1.0
7680147070061;10.640927348979892;31.44257700992287;-0.7656338051743462  0.2906437393425521  -0.5738737606436017  -202.1677424489197  0.3927362360841887  0.9177458121366745  -0.05916817702125882  80.52108141659006  0.5094733803062503  -0.2706821772606623  -0.8168035465598513  23.279940283109728  0.0  0.0  0.0  1.0
7680147070092;9.025949398967478;5.165870401388959;0.8336907163103197  -0.430516898459689  0.34585400052425797  1.2230376278829456  0.4994853857177845  0.8549752803812406  -0.1397555701622473  40.37012769524697  -0.23552948646048544  0.2892619402508199  0.9278218530138168  -4.229324363888276  0.0  0.0  0.0  1.0
7680147070123;4.786994751420969;11.277378789133744;0.9762019839475491  0.21680423938777305  0.005060466416884658  3.6526494750887295  -0.11290411537221344  0.5280182153072536  -0.8416943774528615  -0.8982245370412756  -0.1851549277466987  0.8210923736628115  0.5399305202004085  -31.1212367998637  0.0  0.0  0.0  1.0
7680147070154;3.758201806177061;5.223581478476044;0.766418146171256  0.5322581161790704  0.3595893810736372  -6.711714014132338  0.23830839307688045  -0.7554685911279212  0.6103083791070781  6.110408947065777  0.5965000712560966  -0.38205824893686346  -0.7058464134716335  26.29815003585496  0.0  0.0  0.0  1.0
7680147070185;16.67684111957192;17.708552961071543;0.8114396626101292  -0.5634321379470683  0.15527362902810846  -15.087217922306294  0.5836949427665403  0.7679082669432156  -0.2638505397929485  77.43041680081696  0.02942597036507034  0.3047312249978047  0.951983714555776  11.581751017028395  0.0  0.0  0.0  1.0
7680147070216;7.156480741338333;20.02029499597469;-0.40544083305751605  0.008831427009412139  -0.9140786272452752  -121.40341028348668  0.25789263472181806  -0.9582290445490952  -0.12364662202731747  54.16327363532586  -0.8769886657453828  -0.28586553496269  0.3862276221020819  -71.92729180557282  0.0  0.0  0.0  1.0
7680147070247;4.543534343953617;14.745456670513176;0.6612740341125648  -0.5144270685413029  -0.5459683534422994  -55.348461335910464  -0.10414608110720196  -0.7837282456058302  0.6123100773542931  2.9991530592344327  -0.7428796979313049  -0.34804429056028285  -0.5718347018237734  -75.86122601809669  0.0  0.0  0.0  1.0
7680147070278;7.860981056932645;8.993323872847313;0.17374642798093895  -0.7502033993402424  0.637971032557286  -50.87077734626276  -0.7907707630948856  0.27982219767764566  0.5444089803825652  -48.96854264842964  -0.5869359240992126  -0.5990779559499719  -0.5446208072563936  -33.34647157153766  0.0  0.0  0.0  1.0
7680147070309;12.215977712507863;10.561542200076872;0.9812579548920374  -0.10630949373891987  -0.16072061940545956  -8.183543676929661  0.15859263397923062  0.9192992824612556  0.3601905130812741  4.164489573794604  0.10945867900093569  -0.37892891260392936  0.9189296364707005  5.200254906517839  0.0  0.0  0.0  1.0
7680147070340;9.621420397831704;13.271453772245628;0.6734058244016572  -0.11726318688683107  0.7299136528816726  18.672377129387073  0.2542084299997479  0.9638615436849093  -0.07968060443048984  -23.88865164246131  -0.6941920986146318  0.23920758684976798  0.6788792680694593  -19.855033372857996  0.0  0.0  0.0  1.0
7680147070371;4.530868242072095;5.690352072185016;0.6399778904246399  0.7662213022658565  -0.05773400836284211  -15.189980785470338  -0.7627486051879033  0.6243901711883818  -0.16837897554995362  -31.046565964585085  -0.09296701055500982  0.15179535591498566  0.9840301341275619  -8.392180951905871  0.0  0.0  0.0  1.0
7680147070402;11.153677535127484;13.688794559072116;0.818847294579222  -0.21053466571026044  0.5340077365493482  1.7010764685981241  -0.020437574725150193  0.9190253208006526  0.3936683442526361  -6.218531179281964  -0.5736474646502342  -0.33326808167228805  0.7482385796247266  3.817862611029648  0.0  0.0  0.0  1.0
7680147070433;6.5184452478862145;3.469449267257559;0.7357201599342982  0.3934308364709807  0.551296674377774  -4.672042811219156  -0.08608119455779784  -0.7530601651103548  0.6522962637233697  -21.503605836451836  0.6717930292952972  -0.5273637877572844  -0.5201745487358456  2.7444140209776577  0.0  0.0  0.0  1.0
7680147070464;13.779157687380561;12.587280395308978;-0.7371842967680503  0.08564334478393111  -0.6702421428803296  -139.31893080475112  0.12273656200830484  -0.9584604766585011  -0.2574669901753202  44.74290703414098  -0.6644509379517616  -0.272063838423591  0.6960504427677959  -19.29978532809657  0.0  0.0  0.0  1.0
7680147070495;6.966857954116943;12.52598483209723;0.9838720190092011  0.010007928694955587  0.17859364931036534  -19.511093145629363  -0.1038271100018988  -0.7810690671717184  0.6157524206498545  15.481110859877916  0.14565638138924994  -0.6243644397871632  -0.7674329057903696  0.28090569963177725  0.0  0.0  0.0  1.0
7680147070526;7.628096648499513;9.30042239000096;0.2998229609269367  -0.5497226998407077  -0.7796865686805482  -8.139916222660759  -0.33747832548418927  -0.8255564164056595  0.45228860604688326  11.458530459209157  -0.8923085631828214  0.12752080854233128  -0.4330402654018652  -38.69056385374072  0.0  0.0  0.0  1.0
7680147070557;12.205670442716103;12.205670442716105;1.0  1.2822942700444909e-16  -1.2379386838481447e-15  -4.263256414560601e-14  -1.2822942700444909e-16  1.0  2.0394175175037718e-16  -7.105427357601001e-15  1.2379386838481447e-15  -2.0394175175037708e-16  1.0  1.3500311979441904e-13  0.0  0.0  0.0  1.0
7680147070588;13.972589640073979;8.431314947608977;0.3980566648904571  -0.11259103209601394  0.9104252583424095  -42.867405331666426  -0.6362039807557054  0.6811132235815884  0.3623938072496406  -69.66467541643716  -0.6609049753231389  -0.7234694438287291  0.19949079537479783  -71.82342464934355  0.0  0.0  0.0  1.0
7680147070619;9.983295415447671;6.71905015757056;-0.4450917412394723  0.34057497166520534  -0.8281920251702879  -2.6682635877161056  0.7283411566912813  0.675741391249756  -0.11354616515519429  -27.16102009024649  0.5209726493300997  -0.6537447979350106  -0.5488216812616726  -18.338295056560977  0.0  0.0  0.0  1.0
7680147070650;4.983189947689928;14.421775238536247;0.9964210552616143  0.06842421605325556  -0.04963070913082436  3.759199489780697  -0.06039965951105023  0.9871023604298991  0.14825927008005016  -18.63820725696732  0.05913511446070184  -0.1447309804126866  0.9877023749827181  7.058471912652925  0.0  0.0  0.0  1.0
7680147070681;5.27419459849476;5.27419459849476;1.0  -2.7542323923664758e-17  -2.7351995602736055e-18  5.986992950606515e-49  2.7542323923664758e-17  1.0  -6.766879285358249e-17  1.0947644252537633e-47  2.7351995602736055e-18  6.766879285358249e-17  1.0  -1.9984014443252818e-15  0.0  0.0  0.0  1.0
7680147070712;11.641877588335147;15.781516365829193;-0.733341684645914  0.4239437251596977  0.5314900671305253  -57.85190477668232  0.19898184562364954  0.8813713497408464  -0.4284749338855249  7.611290742506714  -0.6500893774496688  -0.20846165535588768  -0.7307034552904376  -26.889100350430837  0.0  0.0  0.0  1.0
7680147070743;6.384964019908019;11.083555887766165;0.6797915406196869  -0.5245472738754827  0.5125754761707896  -52.067804531444985  -0.2777678600155756  0.46269042231254587  0.8418803887979611  -36.390640154787796  -0.6787698264097191  -0.7146801596308908  0.16883066127242238  -63.950878413952886  0.0  0.0  0.0  1.0
7680147070774;9.308681266179983;19.16718729826296;0.6819982141476071  -0.2528277639841306  -0.6862627468093107  -21.195712601247944  0.619269709799474  0.6988331631990397  0.35796261891167247  75.86839362243039  0.38908027760906827  -0.6691115988921521  0.6331715453205704  18.6723778088317  0.0  0.0  0.0  1.0
7680147070805;5.341016807889507;8.854305967028395;0.463375613426615  0.88100168684482  0.09549381476352853  -69.29500379580772  0.832012157479241  -0.4696192166612715  0.2953194222349634  96.51808871874042  0.3050226396322849  -0.05739180358759337  -0.9506142068119516  11.340676920579089  0.0  0.0  0.0  1.0
7680147070836;8.83474922596794;15.061901604762285;-0.20114651132096803  0.8802156833683143  0.4298376806840636  -139.11985635469222  0.150873608227276  0.461409183351987  -0.8742646738024684  9.888620279676303  -0.9678725305141612  -0.11100412726968195  -0.22561216369072462  -75.34469641730324  0.0  0.0  0.0  1.0
7680147070867;6.947504424693243;8.878894267891589;-0.9314545700819868  -0.2138546435207473  -0.29437828608441446  -134.64644395638223  -0.3638269243623671  0.557921939269592  0.7458907954859615  -12.988559086026314  0.00472789407701792  0.8018661366626437  -0.5974850172944278  -14.274848328245222  0.0  0.0  0.0  1.0
7680147070898;5.179162324391041;7.911691232906042;0.8068369429148968  -0.13601777441259272  -0.5749028723111302  -28.988683372976443  -0.5690664853944043  -0.4403086420431594  -0.6944721988265403  -34.33950601337522  -0.15867414013822062  0.8874837828298355  -0.43266043552125505  -28.529931524645438  0.0  0.0  0.0  1.0
7680147070929;8.172064813793584;7.8989930986230865;-0.8187736968553518  0.020501493652935493  0.5737502262272487  -132.13740504070478  -0.16999442439922055  0.9458911959932966  -0.27639055883938085  -20.97922707853652  -0.5483717069752957  -0.3238356590932606  -0.7709856917535067  -58.92229649890022  0.0  0.0  0.0  1.0
7680147070960;5.592350345683874;10.276758423990323;-0.5897318225271495  0.0123924313018938  0.8075040589032572  -103.90033964258343  0.6507848830826914  0.5993740116845403  0.46607921007939085  36.38438669113075  -0.4782210926442448  0.8003731765642872  -0.3615347352420461  -41.31446962244812  0.0  0.0  0.0  1.0
7680147070991;17.111542984644494;24.730519580730558;-0.6782450057889661  0.5034964166277419  0.5352336597836032  -145.47177501296238  0.4433235067235569  -0.3005245754306552  0.8444816445302713  36.64310042141583  0.5860443502915568  0.8100471208548607  -0.019382504639465115  53.6434811075021  0.0  0.0  0.0  1.0
7680147071022;5.465700088476111;12.33886410238676;0.43461207886397835  -0.8617310056413962  0.2617862005946826  -25.99676345666645  0.5994648772814857  0.49372234206111354  0.6299842139733215  39.199592977474126  -0.6721266263223225  -0.11686711627295711  0.7311551650112426  -50.32756479215017  0.0  0.0  0.0  1.0
7680147071053;12.380450498325937;12.380450498325937;1.0  -6.363298054708403e-17  -9.240871766875863e-18  4.3790577010150533e-47  6.363298054708403e-17  1.0  6.161693570477178e-17  5.329070518200751e-15  9.240871766875863e-18  -6.161693570477178e-17  1.0  1.6653345369377348e-15  0.0  0.0  0.0  1.0
7680147071084;11.24151184560079;11.241511845600792;1.0  -1.3625283700431933e-16  -2.4425768807976403e-18  0.0  1.3625283700431933e-16  1.0  -1.8324367980011374e-16  7.105427357601002e-15  2.442576880797657e-18  1.8324367980011374e-16  1.0  -7.105427357601002e-15  0.0  0.0  0.0  1.0
7680147071115;12.186275917515337;8.717003245773872;0.9048002014967296  -0.08969658730084462  -0.41628249734772754  -36.19845357637274  -0.05110755576830305  0.9476252478593472  -0.31526878590006735  -18.331021580984796  0.42275833890636494  0.306530441956578  0.8528273418688205  37.77928719440473  0.0  0.0  0.0  1.0
7680147071146;10.370232338681536;10.001373859820967;0.9977449457350814  0.06696812317740886  -0.004504857178014162  9.20592732467221  -0.06479052394448628  0.9784797342508383  0.19590711489735882  -16.03206191500277  0.017527443256158386  -0.19517346166552293  0.9806121091412237  -0.7746927793691701  0.0  0.0  0.0  1.0
7680147071177;13.127472395246876;18.9744190372362;0.9234120228470953  -0.16241914649547778  0.34775027952988835  -27.81985460835899  -0.3834188633838793  -0.3494648507675789  0.8549060142959626  -15.728296645386086  -0.017326605635505338  -0.9227645089239587  -0.38497460930232424  7.627536426530705  0.0  0.0  0.0  1.0
7680147071208;5.015205061296216;11.76390426488943;-0.09198323491304829  0.7134016979988062  0.6946920913522392  -35.1619845462601  0.18626037891109382  0.69766293496081  -0.6917900696235548  20.056594877853602  -0.9781851336750248  0.06576052367711119  -0.1970517642217025  -32.97044058766521  0.0  0.0  0.0  1.0
7680147071239;9.396380850619304;10.61855111304147;0.37920487539992315  0.17262080352486028  0.9090686006365859  -55.95595521193701  -0.9249444193273502  0.042996963966227694  0.3776626566724306  -53.751643602370855  0.026105241391728064  -0.9840494496112072  0.17596930724351106  31.757974206466077  0.0  0.0  0.0  1.0
7680147071270;4.313719515461572;7.087461693879321;0.5368128338479582  0.14141204134015428  0.831765962263506  -13.543887304197845  0.07691377726213458  0.9735461763476135  -0.21515602103174322  16.724120095764984  -0.840188224318454  0.17947277532526112  0.5117355475571872  -45.57677094580487  0.0  0.0  0.0  1.0
7680147071301;6.640988953970737;8.593458783209591;0.9252448618842773  -0.29487117701538934  0.23869003859043414  -11.955581455178189  0.2710515704467914  0.9540304893081887  0.12789398589731943  35.72640171427976  -0.26542982446415453  -0.053635943507453016  0.9626371039228617  -38.816885874741224  0.0  0.0  0.0  1.0
7680147071332;4.27645581861147;7.391069792004294;-0.10433386728937367  -0.538270206889228  -0.8362892014798884  19.21483241345583  -0.929442427820139  -0.24645533740836653  0.27458430405020345  47.51776068933996  -0.35390848747133685  0.8059311081217504  -0.4745775294484507  -29.289954166754498  0.0  0.0  0.0  1.0
7680147071363;8.04771944655425;8.04771944655425;1.0  6.565300784715894e-16  -4.58805422142762e-17  -1.4210854715202004e-14  -6.565300784715894e-16  1.0  2.875273700558436e-16  -5.3290705182007514e-14  4.5880542214276324e-17  -2.875273700558436e-16  1.0  7.105427357601002e-15  0.0  0.0  0.0  1.0
7680147071394;5.63815225752638;11.9313830701872;0.6855264727120274  0.4765458845377514  -0.5504157293729323  -24.91588640527971  -0.6610973972523791  0.7241308301809346  -0.19643006930610513  -58.517304340897894  0.30496505792817685  0.4985364186412096  0.8114540977352088  40.11336908560394  0.0  0.0  0.0  1.0
7680147071425;4.625670255377578;7.843809375563585;0.9205822723638635  0.18725501281042772  0.34272998116119185  -12.855199382540995  -0.34041286991460806  -0.04542699420392327  0.939178080128628  -7.5614774981158  0.19143499629347943  -0.9812603876520054  0.021924730765786517  25.382619710077662  0.0  0.0  0.0  1.0
7680147071456;10.74094788718979;13.005183510526686;0.9013702374255185  -0.42439976922587636  -0.08611928334866865  0.5957088160498254  0.4321341322489516  0.8685778494261418  0.24255434696518186  27.803716172446354  -0.028138706951648933  -0.2558463510923758  0.966307848360866  13.51254067210386  0.0  0.0  0.0  1.0
7680147071487;5.184679137576186;10.655700357757937;0.470510856621459  0.5707413791905214  -0.6729589971766788  -27.731376914810728  -0.0015840592400457472  -0.7621036381929659  -0.647453114448737  38.55497215412103  -0.8823927836047084  0.3056997264191565  -0.3576739474851198  -29.967980726050094  0.0  0.0  0.0  1.0
7680147071518;11.144942838730964;7.658951320579088;0.9667429498116799  0.24953197924676876  -0.05605229988681628  -19.985597773631955  -0.22822848942635454  0.7428322756587407  -0.6293742661197891  -27.35093500471638  -0.11541154883102278  0.6212358662962462  0.7750781720727109  -56.571280632832774  0.0  0.0  0.0  1.0
7680147071549;4.676713798522656;4.6767137985226555;1.0  -3.2826954390280836e-16  -3.4280231437596517e-16  -7.006492321624085e-46  3.2826954390280836e-16  1.0  -9.033106435267204e-16  2.4868995751603507e-14  3.4280231437596527e-16  9.033106435267202e-16  1.0  1.509903313490213e-14  0.0  0.0  0.0  1.0
7680147071580;8.191691152633943;11.104200366269273;0.9055855820729937  0.34542633024875374  0.24616133715999114  16.94188757605436  -0.3507659272044366  0.9361737717168364  -0.02327946438133407  -1.8122002464122533  -0.23849112741132983  -0.06526346236869046  0.9689492569921931  -18.352857655966552  0.0  0.0  0.0  1.0
7680147071611;7.069420748707525;8.587696218690027;0.04110644381262401  0.6974696446611534  0.7154343820738026  -105.94614679543656  -0.22323607718119967  -0.6915278122892268  0.6869897660629496  69.22960868823533  0.9738972810937656  -0.18795047115322572  0.12727413826638734  100.58408486152994  0.0  0.0  0.0  1.0
7680147071642;6.993248842026112;6.993248842026112;1.0  5.122253846004014e-16  2.1079940173010748e-16  -2.842170943040401e-14  -5.122253846004014e-16  1.0  1.3787808223767072e-16  -4.263256414560601e-14  -2.1079940173010746e-16  -1.3787808223767077e-16  1.0  -1.2878587085651816e-14  0.0  0.0  0.0  1.0
7680147071673;7.041527509178438;8.553829425520401;0.9803865187782442  0.1868274779003917  -0.06275163184533561  12.147207259710791  -0.11194058736228052  0.7899185859290606  0.602907897198918  -4.72485697415304  0.162208442131911  -0.5840583199520502  0.7953391101888101  -5.607030646730799  0.0  0.0  0.0  1.0
7680147071704;12.282268918916616;13.315199759829476;0.812592573900479  0.22575801823585004  -0.537332881967983  -33.756227093795786  0.13268649538443705  0.8260686998118905  0.5477269366515471  24.42085378502039  0.5675276229263131  -0.5163756582114554  0.6413022507541135  50.302875156854164  0.0  0.0  0.0  1.0
7680147071735;4.789281163838539;9.613084328276726;-0.05629756417316126  0.1315409196108339  -0.9897108520856506  -98.65598928823995  0.25917490192459325  0.959227052418872  0.11274676101857974  37.348268621820296  0.964188236020616  -0.2501608450092448  -0.08809425147939252  82.27251141300523  0.0  0.0  0.0  1.0
7680147071766;3.5325422548569234;10.852265438583615;-0.46592717971649655  0.8725430952693475  0.14690272325324288  -18.26187918515103  0.6246238599808118  0.20675525499572486  0.7530586285770346  27.564013872506123  0.6267031966921054  0.44262942901420393  -0.6413441290184675  -30.174116396123473  0.0  0.0  0.0  1.0
7680147071797;10.169462042227867;8.467058627803338;0.9362610475515802  0.2993054029118305  0.1839334842420075  -17.952830947742132  -0.23630332745001853  0.9239783372540561  -0.3007071161799808  -16.075489653409115  -0.2599538195019783  0.2380762652450217  0.935811788584283  -43.683883657875626  0.0  0.0  0.0  1.0
7680147071828;7.018945504589687;6.384718400868173;0.2636421637725265  0.14208849491182715  0.954098353994509  -33.93330472735881  -0.922328929436186  0.3267911230373485  0.20619628471213577  -28.102046385806016  -0.28249275283879344  -0.9343545480799459  0.21720824817644516  -12.078594961024631  0.0  0.0  0.0  1.0
7680147071859;4.745586814975582;8.885186002073082;0.22466995473274312  0.5494462439573368  0.8047560105035331  -52.73223238449629  0.3459978297521116  0.7270719503765184  -0.5930024289853414  11.468832831417016  -0.9109384793976023  0.41167366199073385  -0.026755985796148365  -66.52623869784473  0.0  0.0  0.0  1.0
7680147071890;12.81657864345006;12.976721395551092;-0.10670438251377173  0.30734985458938524  0.9455951785178677  -56.186161731336085  0.23438234665866153  0.9319992114444442  -0.27648216116363217  -2.171474978987142  -0.9662707127545236  0.1921289586470955  -0.17148578052435998  -46.31733722672876  0.0  0.0  0.0  1.0
7680147071921;5.809282261310979;11.979832075129258;0.2513665316224407  -0.4672115531468591  0.8476604458072841  -47.574247596933816  0.9141981242587244  0.40224693733535766  -0.04938816666119974  79.92141491476708  -0.3178940961734489  0.7873441217221503  0.5282353430126011  -57.25696101961414  0.0  0.0  0.0  1.0
7680147071952;7.620338870136215;8.427884439224037;-0.055352040846239126  -0.9589246554184798  -0.27820793806918515  -55.824465108613595  -0.39108587862576877  -0.23554980842264703  0.8897011426830723  -12.315195213119415  -0.9186881881866483  0.15804996989119005  -0.3619837287831144  -28.110635369746063  0.0  0.0  0.0  1.0
7680147071983;7.6997638172701715;7.699763817270169;1.0  2.7205947266106905e-16  -2.157001008601957e-16  -1.226136156284215e-45  -2.7205947266106905e-16  1.0  2.502932193079403e-16  -1.7763568394002505e-14  2.1570010086019574e-16  -2.502932193079403e-16  1.0  2.4868995751603507e-14  0.0  0.0  0.0  1.0
7680147072014;9.996205289495665;6.299192096291698;-0.8935863614457682  0.060801018309042526  -0.44475459616590507  -11.212530188336165  -0.3053657081786614  -0.8085454617340779  0.5029970383389656  22.38558316230851  -0.32902157817787386  0.5852840955312301  0.741071743228368  -34.17619387342153  0.0  0.0  0.0  1.0
7680147072045;5.258513707654928;7.716041372796006;-0.31300205636981715  0.8634094567835934  -0.39566882950887533  -81.83667723953477  -0.4322546857444431  -0.5004581740286493  -0.750131656910893  -8.168667872562978  -0.845686466345677  -0.06376304560297792  0.5298572210088253  -55.52792132169462  0.0  0.0  0.0  1.0
7680147072076;3.639515910577449;3.639515910577449;1.0  -9.709752173827097e-17  -1.7282567631339491e-16  1.6417759291347038e-46  9.709752173827097e-17  1.0  -7.03711452357126e-17  7.105427357601001e-15  1.7282567631339491e-16  7.03711452357126e-17  1.0  8.881784197001252e-15  0.0  0.0  0.0  1.0
7680147072107;12.029329944120931;12.029329944120931;1.0  -1.7891818085492803e-17  2.243471570591999e-16  -6.349633666471827e-46  1.7891818085492803e-17  1.0  -5.142609859559421e-16  -7.105427357601002e-15  -2.243471570591999e-16  5.142609859559421e-16  1.0  -4.263256414560601e-14  0.0  0.0  0.0  1.0
7680147072138;7.590759272086863;7.590759272086863;1.0  3.4144919893004824e-17  -6.786488628132124e-17  -3.1086244689504383e-15  -3.4144919893004824e-17  1.0  -2.6587546199252827e-16  -3.5527136788005005e-15  6.786488628132122e-17  2.6587546199252827e-16  1.0  -7.105427357601002e-15  0.0  0.0  0.0  1.0
7680147072169;13.199001909138557;16.50428274976861;-0.6232459856835781  0.0930368109068328  0.776471888187583  -12.611555987693302  0.5955688299899341  0.6999460866383106  0.3941741297245836  3.8014346628224147  -0.5068157555500095  0.7081098979791187  -0.4916484133100354  10.575065212131651  0.0  0.0  0.0  1.0
7680147072200;7.797457500134239;7.797457500134239;1.0  9.653850039148334e-17  -2.640087998562753e-17  0.0  -9.653850039148334e-17  1.0  1.338207458590061e-16  0.0  2.6400879985627537e-17  -1.338207458590061e-16  1.0  3.552713678800501e-15  0.0  0.0  0.0  1.0
7680147072231;7.013635733914746;7.013635733914746;1.0  -1.5603883642099744e-16  1.407855700474371e-16  5.329070518200751e-15  1.5603883642099744e-16  1.0  -2.626451148638472e-17  0.0  -1.407855700474371e-16  2.626451148638473e-17  1.0  0.0  0.0  0.0  0.0  1.0
7680147072262;9.795586278474453;9.615940879988168;0.7399583033289565  -0.5763080113051059  0.34688728059714946  -3.8453493294836423  0.5714861896816041  0.8106182211830567  0.12767785434137915  -18.21033877786853  -0.354774920671873  0.10376500176634994  0.9291757530578896  -21.90581732835041  0.0  0.0  0.0  1.0
7680147072293;5.948491684290215;6.52143574941023;0.7803455004299267  -0.5659127840283448  0.2660894977860925  -8.121109546283355  0.035346884574616176  0.4647412295354327  0.8847407458237494  19.634435890050955  -0.6243488589800066  -0.6809980252858177  0.38266198118859673  -49.68179806087519  0.0  0.0  0.0  1.0
7680147072324;9.966999865530171;7.639190314991599;-0.085370169335685  0.9270226688697291  -0.3651587402613315  -62.83831586285908  -0.7028232070416008  -0.31580674948935605  -0.6374210826610026  -45.719569961322605  -0.7062233880517944  0.20222529114483487  0.6784935208165455  -53.910445277480996  0.0  0.0  0.0  1.0
7680147072355;6.355915505450699;5.231751479454629;0.8863644788610259  0.30459444286324494  0.34868357573916603  -27.583904694449508  0.27202443017277567  0.26680504978978953  -0.9245635590892841  33.09680244449456  -0.37464746095843016  0.9143507482271201  0.15362938916074909  -49.79480731161808  0.0  0.0  0.0  1.0
7680147072386;11.538831497596764;6.282586851276847;0.9191393261506162  0.3161868189842384  -0.23496551794682813  -23.667892417150824  -0.32588146594987394  0.9454071270938974  -0.0025756922232012267  -40.277303036063074  0.22132367535750355  0.07893832745058853  0.9720002938196834  27.271041277641316  0.0  0.0  0.0  1.0
7680147072417;7.834517558781045;7.834517558781045;1.0  -9.321359787464402e-16  -3.0665604504145154e-16  -3.5032461608120427e-45  9.321359787464402e-16  1.0  6.237100339681422e-17  6.483702463810914e-14  3.0665604504145154e-16  -6.237100339681436e-17  1.0  2.1316282072803006e-14  0.0  0.0  0.0  1.0
7680147072448;5.937688742105761;5.967667285828319;-0.7536546218697568  0.12905865308416709  0.6444754262176756  -55.442483590339286  0.3320613414261801  -0.7714314291622798  0.5427972140964705  6.490147737291699  0.5672212764561999  0.623087003687883  0.5385374725779591  11.03058536411438  0.0  0.0  0.0  1.0
7680147072479;5.153023637941118;5.153023637941118;1.0  1.0202021394274029e-16  7.86314056369502e-17  0.0  -1.0202021394274029e-16  1.0  1.231086982968016e-16  -3.552713678800501e-15  -7.86314056369502e-17  -1.231086982968016e-16  1.0  1.582067810090848e-15  0.0  0.0  0.0  1.0
7680147072510;6.2172217632284745;6.217221763228475;1.0  -3.6436271469747847e-16  6.732549624313994e-17  -3.552713678800501e-15  3.6436271469747847e-16  1.0  -3.925303633043456e-16  1.7763568394002505e-15  -6.732549624313988e-17  3.925303633043456e-16  1.0  2.6645352591003757e-15  0.0  0.0  0.0  1.0
7680147072541;5.285545456378999;7.3443137065263455;0.5682196848478483  -0.8188895156290301  -0.08090952319884083  -26.09014072098116  0.5085165568076288  0.4267465950178939  -0.7478624573363389  40.53313685188026  0.6469445889749192  0.38380633766717087  0.6589046926245001  54.37229881820626  0.0  0.0  0.0  1.0
7680147072572;4.133909065560788;6.090440083495547;0.25598942011513065  -0.928948716183336  0.26743915100532445  -35.179292022961775  -0.8985466765965109  -0.12663511469997343  0.42021115846950957  -28.087081197668258  -0.35648742862334126  -0.3478761711101437  -0.867121031233393  -27.817250410772825  0.0  0.0  0.0  1.0
7680147072603;10.395055408305826;8.028882047272791;0.969510718566702  -0.17395409352992178  -0.1725947274063105  1.6183304420149465  0.1791782003461276  0.9837016290254537  0.015042525499175717  -20.000208230448735  0.16716500562318215  -0.04550910235165694  0.9848780546332351  11.185328816421277  0.0  0.0  0.0  1.0
7680147072634;11.946248221103541;6.172391328060495;0.8163107508309371  0.31205496141495287  0.4860642541209388  -28.73911533627032  0.04730215944757612  0.8025630940703854  -0.5946889823662159  16.7740969460721  -0.5756728791505018  0.5084428985564476  0.6403800083685398  -53.00314683470148  0.0  0.0  0.0  1.0
7680147072665;11.239001405122174;7.568711548851641;0.659681443821087  0.7495709269854441  -0.0544409597298537  -42.834012159221665  0.4743300734361134  -0.47144577854206593  -0.7434714919409868  37.99369502783231  -0.582950576045874  0.4646313628168538  -0.6665480647145674  -38.620813939683785  0.0  0.0  0.0  1.0
7680147072696;15.195524521954715;8.402479389341956;0.4798585223836722  -0.39785665114478935  -0.781950051880306  13.964767374907437  0.4031048242602738  0.8916035697237814  -0.20627548355028263  7.261673608856229  0.7792575307007651  -0.21622478950310664  0.5882215069601613  -1.0548853799341786  0.0  0.0  0.0  1.0
7680147072727;7.340738660247694;7.340738660247694;1.0  1.2876629120662613e-16  1.4426810732391517e-16  -3.612722603337419e-46  -1.2876629120662613e-16  1.0  2.689615266794453e-16  -1.2878587085651816e-14  -1.4426810732391517e-16  -2.689615266794453e-16  1.0  -1.5987211554602254e-14  0.0  0.0  0.0  1.0
7680147072758;6.227684121791451;6.227684121791451;1.0  1.3581962946739016e-16  -1.5953080248189109e-16  -2.220446049250313e-15  -1.3581962946739016e-16  1.0  2.8573018169022475e-17  -1.7763568394002505e-15  1.5953080248189109e-16  -2.8573018169022475e-17  1.0  6.661338147750939e-16  0.0  0.0  0.0  1.0
7680147072789;6.6370184400482515;6.637018440048252;1.0  6.986123538769878e-16  -5.5067537379408806e-17  -9.769962616701378e-15  -6.986123538769878e-16  1.0  -8.286791900244646e-17  -1.7763568394002505e-15  5.5067537379408793e-17  8.28679190024465e-17  1.0  -3.552713678800501e-15  0.0  0.0  0.0  1.0
7680147072820;9.269844301300596;9.269844301300596;1.0  -1.980515128934102e-16  -7.668790254422394e-17  3.0653403907105373e-46  1.980515128934102e-16  1.0  8.398122298844077e-17  1.9539925233402755e-14  7.668790254422394e-17  -8.398122298844077e-17  1.0  1.0658141036401503e-14  0.0  0.0  0.0  1.0
7680147072851;4.298249925112131;7.027931780579913;0.9939561532381065  0.10716039377803058  0.023828878392425416  -5.942142605531691  -0.02824579335429427  0.03989051467991625  0.9988047466829328  -11.08197584365583  0.10608176373859005  -0.9934411894238674  0.042676252860356714  -3.5427950250955313  0.0  0.0  0.0  1.0
7680147072882;5.601886296953832;5.601886296953832;1.0  3.212340543469867e-16  3.2530643163145335e-16  -1.4210854715202004e-14  -3.212340543469867e-16  1.0  -6.828822086845402e-17  -2.8421709430404004e-14  -3.2530643163145345e-16  6.828822086845393e-17  1.0  -3.3834046675451646e-14  0.0  0.0  0.0  1.0
7680147072913;9.333520105944512;9.333520105944514;1.0  -8.198485754092187e-17  2.306159171778904e-15  4.1744385725905886e-14  8.198485754092264e-17  1.0  -5.236401346987172e-16  -7.105427357601002e-15  -2.306159171778904e-15  5.236401346987174e-16  1.0  -3.197442310920451e-14  0.0  0.0  0.0  1.0
7680147072944;12.394403539673155;12.394403539673155;1.0  3.1881429769742633e-17  9.522262048997262e-17  -1.642146637880645e-47  -3.1881429769742633e-17  1.0  6.731972501607524e-17  -8.881784197001252e-16  -9.522262048997262e-17  -6.731972501607524e-17  1.0  -3.552713678800501e-15  0.0  0.0  0.0  1.0
7680147072975;12.294304208336897;12.294304208336897;1.0  -8.655231375981911e-17  7.896842815195176e-17  -1.0947644252537633e-47  8.655231375981911e-17  1.0  2.343327820341008e-16  4.440892098500626e-15  -7.896842815195176e-17  -2.343327820341008e-16  1.0  -5.995204332975845e-15  0.0  0.0  0.0  1.0
7680147073006;9.313900341752262;5.8678891143358225;-0.5951855819188935  -0.48112904325468797  -0.6436372944544911  12.805748838081561  -0.2740450412441703  0.8744656306044378  -0.4002613849237348  2.7718895088503275  0.755416069755833  -0.06184419640042876  -0.6523203637218734  -24.35570938408508  0.0  0.0  0.0  1.0
7680147073037;7.440136743478575;7.4401367434785755;1.0  -2.4754302108800403e-16  5.119931846870315e-17  1.776356839400251e-15  2.4754302108800403e-16  1.0  3.9333788289720747e-16  1.7763568394002505e-15  -5.119931846870319e-17  -3.9333788289720747e-16  1.0  5.329070518200751e-15  0.0  0.0  0.0  1.0
7680147073068;14.611712831992941;14.611712831992941;1.0  5.153333325688816e-16  -2.1007049319901018e-16  -2.352983303532479e-45  -5.153333325688816e-16  1.0  2.0603202129563913e-16  -5.684341886080801e-14  2.1007049319901023e-16  -2.0603202129563905e-16  1.0  2.1316282072803006e-14  0.0  0.0  0.0  1.0
7680147073099;5.832775396124054;5.832775396124054;1.0  -9.898570887737677e-17  1.3457729824849435e-16  -1.5326701953552687e-46  9.898570887737677e-17  1.0  -4.594810985716936e-17  5.329070518200751e-15  -1.3457729824849435e-16  4.594810985716936e-17  1.0  -7.105427357601002e-15  0.0  0.0  0.0  1.0
