# registration_from_features.py FastGlobal FastGlobal_config.json euclidean True --use_random_keypoints=True --n_keypoints=5000 --input_txt=/neural_comparison/point_clouds_registration_benchmark//eth/gazebo_summer_global.txt --input_pcd_dir=/neural_comparison/point_clouds_registration_benchmark//eth/gazebo_summer/ --input_features_dir=/neural_comparison/experiments/FCGF/3dmatch_normalized_5cm_32_2023/eth/gazebo_summer/ --output_dir=/root/neural_registration_comparison/results/FCGF/3dmatch_normalized_5cm_32_new/FastGlobal/
id;initial_error;final_error;transformation
36535719080030;2.8719654907800902;2.9061236752032458;0.6744337511434364  0.19411840888005133  0.7123602730728817  -5.21147485801583  -0.7383242207752511  0.182616785510577  0.6492522273095442  8.21375720465371  -0.004057133866848146  -0.9638304586303867  0.26648524664814977  -7.024672643771703  0.0  0.0  0.0  1.0
36535719080061;2.8185456084080336;4.443427409631982;0.11745297622009628  -0.5345902430071381  0.8369098341270755  -0.9213231066469719  -0.789977915483609  0.46038497395347927  0.4049451429589284  6.73093931945227  -0.6017804345649759  -0.7087022984578402  -0.36824090041080654  3.2034361451293827  0.0  0.0  0.0  1.0
36535719080092;1.9001870719663094;2.9391871954775266;-0.08466774391614461  0.6207222293827722  0.7794454997562253  -6.5421146944423825  0.9527844949227161  -0.1784955097759355  0.24564417197380126  -4.5973503973421  0.29160431988400864  0.76344172465219  -0.576301703697876  7.463890938446978  0.0  0.0  0.0  1.0
36535719080123;2.152334886682317;1.2664865989725864;-0.17167488091822775  0.6288476528965635  -0.758339214803107  5.283928899100254  0.37974568500045275  -0.6680393053050316  -0.6399349195747206  0.543855448779224  -0.9090219744237478  -0.3978367957015181  -0.12411661452319604  -1.5093828351567646  0.0  0.0  0.0  1.0
36535719080154;3.7084111945439853;2.788102991024296;-0.8782005348545507  -0.4262784860841621  0.21691120967570535  0.6920630597494799  0.30930404926015875  -0.8520768071214133  -0.42225125207280206  7.338614790994406  0.3648216354500534  -0.3037297599307226  0.8801439696095035  -5.059842528412957  0.0  0.0  0.0  1.0
36535719080185;2.3222284832250804;2.2457837235578664;-0.4533290656901651  -0.2883583863348498  0.843411049981469  0.7199370125431855  0.26529843320168023  0.8596897998352662  0.4365205486571453  -0.44656567774306055  -0.8509462377501984  0.4216430825823695  -0.3132213456474852  2.8139201574412542  0.0  0.0  0.0  1.0
36535719080216;4.7404660091141455;4.572370181903697;-0.07587477532905995  0.5518166841440902  0.8305066920675502  -10.440408796725794  0.7777883669231762  0.5539319655389212  -0.2969926494598211  -1.6055064243513284  -0.6239297033702931  0.623424193189844  -0.47122606103424486  -2.6957855240417805  0.0  0.0  0.0  1.0
36535719080247;2.9917173628249674;5.070465249583172;0.3617636166141435  -0.7311057636788663  0.5784560899582578  -8.050859036547362  0.04080020355099108  -0.6074708182694398  -0.7932934818472008  -0.2549287263224328  0.9313766311672492  0.3105858452450778  -0.18993157622930534  5.232931249431455  0.0  0.0  0.0  1.0
36535719080278;1.8936058971638152;4.593756204155287;0.3507670607526816  0.861931278922348  -0.3661105563982139  13.68169704883168  -0.9347353795561676  0.29851993575738517  -0.19275792632572664  4.7977080056902155  -0.056852786184258465  0.40982962114846067  0.9103886215965111  -3.1351973742476504  0.0  0.0  0.0  1.0
36535719080309;2.0474131250721026;2.9274663918721022;0.9566698146327144  -0.09597916037123547  0.27490155791672494  -2.61472606858019  -0.19012446422353285  -0.9209718223549181  0.3400935026312257  3.1433630938372064  0.22053469993251568  -0.3776226995331369  -0.8993139290164365  3.20522029441744  0.0  0.0  0.0  1.0
36535719080340;2.643359974182583;2.5776334931612532;-0.6874117677012731  -0.6844623828723461  0.24285038204318482  7.546710838371703  0.4631729895707826  -0.6707145507659117  -0.5793209586429143  -0.8137759481819273  0.559406688696046  -0.2857503067777739  0.7780815630886858  -8.085291798560654  0.0  0.0  0.0  1.0
36535719080371;4.184735305781556;3.0910278030461393;0.21783709319434985  -0.9683449238280897  -0.12188153808107693  3.9826582061514166  -0.37665869612620473  0.03179493155158653  -0.9258063020741086  4.934076944310054  0.9003750482222086  0.24758269492030835  -0.3578094209420063  -5.496102613919769  0.0  0.0  0.0  1.0
36535719080402;2.5739270336253104;2.6745579223132725;0.033229114753969495  0.09835915695665695  -0.9945960497485623  8.300913570246559  -0.9419779546447964  -0.3295060083686683  -0.06405718860637274  7.3341782859178695  -0.3340259853602308  0.9390161163109623  0.0817029645264132  -1.4528561161258968  0.0  0.0  0.0  1.0
36535719080433;2.734748311517099;4.34151552337415;0.032560960965647576  -0.8885518167932765  0.45761933164406665  5.676361144165543  0.740060460470114  -0.2862985820926811  -0.6085586551356268  -6.715225550003505  0.6717516644339304  0.3584812279117123  0.6482599097315487  0.04780980893727467  0.0  0.0  0.0  1.0
36535719080464;3.7323423107611307;4.133276553187812;-0.1221809016085328  -0.4316324502619043  -0.893736681110847  5.340554731818302  -0.16664905260679322  0.896620726021652  -0.41024305836133895  -3.491284456229253  0.9784170483732306  0.09881650443783176  -0.18148106761671778  3.1903637850699713  0.0  0.0  0.0  1.0
36535719080495;4.095283908390811;1.742545966004195;-0.14563788897735894  -0.9893274954063263  -0.004551057817981046  7.303438006119738  0.38960680689019295  -0.061580793164676094  0.9189202043366113  -8.728799461129244  -0.9093932819847786  0.13205647559379127  0.3944172231719851  -0.44441817196213185  0.0  0.0  0.0  1.0
36535719080526;2.3278553928468253;4.725880557314208;0.712324401844306  0.6169412171340232  -0.3346303649377056  -1.0794661728389314  0.7015852255232268  -0.6128071776949506  0.36365579095220585  -6.276273044044831  0.01929035677938392  -0.4938126138189874  -0.8693543492550001  11.42410072680035  0.0  0.0  0.0  1.0
36535719080557;2.2194490343578286;4.5310943127206675;-0.10104511163182597  -0.5452128661516815  -0.8321855658433284  -1.4208597464803512  0.4761024968660403  0.707967841522375  -0.521639672425392  -0.1686469276503085  0.8735652796976494  -0.4489147646857002  0.1880405173199343  1.0880188452970803  0.0  0.0  0.0  1.0
36535719080588;3.796227498088121;5.73615785440005;0.8751800666621596  -0.36483100637017873  0.3177391818900266  3.439294324422024  -0.4177549689580696  -0.9011265389366184  0.11598166551207499  6.586421943085781  0.24400950151185177  -0.2342419638216764  -0.9410579501587046  7.303859134874415  0.0  0.0  0.0  1.0
36535719080619;2.4973131938563013;2.9200044403962226;0.16025343434519612  -0.6767890957842017  -0.7185230383280501  -8.02593496583198  0.622610741318146  0.6341635508302489  -0.4584675076749034  0.5279265092739589  0.7659469313051896  -0.37388916890700835  0.5230030475993314  1.5932793480968666  0.0  0.0  0.0  1.0
36535719080650;2.045757500568744;3.0563528510031923;-0.2808431883523251  0.6380837026309398  -0.7169213987550466  -0.23572806556737794  -0.37306553444627993  -0.7608204854759557  -0.5310125195213794  -3.363460403800633  -0.8842789212485009  0.11832741574514086  0.4517182884483033  -3.540961130642735  0.0  0.0  0.0  1.0
36535719080681;3.422151150058385;2.808169280960438;0.125721731897167  -0.8941753090015336  -0.429702877463939  -2.1586649546014236  -0.9014073950841505  0.07793132097877058  -0.4259007129579716  9.503387035884117  0.4143172144823118  0.44088232668424737  -0.7962185753931534  -5.475853441503887  0.0  0.0  0.0  1.0
36535719080712;2.329822326641319;4.902733390386198;-0.3358962020331797  0.9414622189507683  0.028681557628256422  2.3426782393924213  0.27611216150871953  0.12753335912144023  -0.9526265357306527  -6.055130361775356  -0.9005197475495296  -0.3120643084357764  -0.3027871392147174  -4.261798083904836  0.0  0.0  0.0  1.0
36535719080743;1.5817497009913515;3.2746695029880133;0.4312726630838407  0.8256706971691012  -0.36369188870919483  -4.5128046130307204  0.884354655503746  -0.30703856670742086  0.35163071800270984  -2.8470261414620457  0.178663743846983  -0.47328133112403914  -0.8626030652878742  5.38976346765389  0.0  0.0  0.0  1.0
36535719080774;4.455523395855616;4.50637860944616;-0.7336065268507566  -0.2616564967461156  0.627182064055184  1.2646504142014308  -0.6615672849541706  0.06392858844422379  -0.7471558492429128  13.117756351530351  0.15540331798368656  -0.9630415428682597  -0.22000180787798598  10.218750971413861  0.0  0.0  0.0  1.0
36535719080805;2.6623006804379994;0.03520387990964594;0.1061201808451762  -0.7045783771339087  0.7016465047962077  7.1684166874501  -0.48030775537069664  0.581529467645045  0.6566033341304572  5.38413942172024  -0.8706566299914973  -0.4066851223438308  -0.27670244653062404  -0.6370148158408315  0.0  0.0  0.0  1.0
36535719080836;2.3641851278479833;1.9944106700255122;-0.1764907662790854  0.4655337735706391  -0.8672538930920406  9.82184108162584  0.6121112879189604  -0.6380838859865993  -0.46708535156482006  0.6171120994758647  -0.7708247405347158  -0.6132921490687132  -0.17234256372198556  -1.053902540770438  0.0  0.0  0.0  1.0
36535719080867;2.3245937370798613;5.459806749461325;-0.5218316163259877  0.21730655364603457  0.8249058285314088  4.16521572496337  -0.7554023933780485  -0.566965856222531  -0.32850714140878  -4.154940278585275  0.39630668462861435  -0.7945612497601032  0.4600145998752013  4.32089826935456  0.0  0.0  0.0  1.0
36535719080898;1.1108467191895781;2.641864072230791;0.24166938593606344  -0.272064597935888  -0.9314380078412479  4.274179329235358  0.9398904562486056  -0.17301737334043035  0.29439925063621725  -8.65591938542707  -0.2412505713031048  -0.9465969802784917  0.21389791671160227  2.0479976488648295  0.0  0.0  0.0  1.0
36535719080929;3.0133446968971027;2.0238113227495944;0.03025961827081703  0.7641866076277205  0.6442850178488869  7.911979710671372  0.6072483095771934  0.49793478081961146  -0.6191207027436297  -4.206548617476293  -0.7939356686896888  0.4099753441032321  -0.44898370929209985  5.263901010746659  0.0  0.0  0.0  1.0
36535719080960;4.172447019856412;0.05960914888109826;0.15251080712709608  0.9651757573826125  0.21254696203508086  -2.8631649205772263  -0.28211628775942826  -0.16359810796000074  0.9453285456669279  -9.308077452493293  0.9471804758810658  -0.204135779403828  0.2473413222187314  -1.6126416387849205  0.0  0.0  0.0  1.0
36535719080991;2.0023267432930947;3.3853432191465975;-0.3797798716235571  -0.7790927108261338  -0.4987803094020245  -3.796916910924673  0.4375784701637481  0.32374948399804016  -0.8388750527105664  -2.6637747557878924  0.8150413066579799  -0.5368433845625624  0.21796065904805864  4.640876423400792  0.0  0.0  0.0  1.0
36535719081022;5.2049478600741095;0.07696021557324517;-0.5209829058262038  0.2745936015515615  0.8081925301707659  -3.86667765097049  0.2535759561484774  0.9538849227293322  -0.1606324645052801  4.848404031801037  -0.8150313161469743  0.12125142546212395  -0.5665880739330232  5.625844036574881  0.0  0.0  0.0  1.0
36535719081053;2.759339837400279;4.681856066559601;0.8631547608552449  -0.38692947974652925  0.324421695507569  -5.285076034553599  0.12502452349576001  0.7862609303363572  0.6051137231556252  -2.6650125698383262  -0.48921644221917077  -0.48174612310809967  0.7270405391260741  -9.569657255058633  0.0  0.0  0.0  1.0
36535719081084;2.627616704218367;2.115299506098685;-0.2236294061159582  0.21016280259916795  0.9517465445820585  5.540875799159418  0.7324688273318701  -0.6079753759136559  0.3063582205029327  3.5620511541483446  0.6430235654369904  0.7656353823369925  -0.01797652931989415  -1.2023405840964534  0.0  0.0  0.0  1.0
36535719081115;3.3642234081663633;3.0238874153949307;0.8041849436711459  0.5567695423265037  0.20807271111362033  1.013771699024065  0.4842379730773336  -0.8167100976464143  0.31384423179714377  2.499368631520786  0.3446739935106683  -0.15163209798693505  -0.9263949185188178  -0.5257225027586446  0.0  0.0  0.0  1.0
36535719081146;2.4293434851076756;3.1458715416719625;0.9209219080971188  -0.03087496650113501  -0.388522297468645  -2.9780721760216693  -0.16916224494884818  -0.9297309032264075  -0.3270849774442009  3.597701068490785  -0.3511224488275084  0.36694302559029546  -0.8614324360621755  4.164687020560611  0.0  0.0  0.0  1.0
36535719081177;3.5423989428844522;3.3910329247953475;0.6419149062546349  -0.724948716632459  0.24978913383302423  4.720480684272043  0.3509719974692221  -0.01184382964734604  -0.9363110491133537  -10.829706066146883  0.6817359533723936  0.6887010105642616  0.24683396834147137  -7.228627425816756  0.0  0.0  0.0  1.0
36535719081208;2.4968567701157345;2.4183057039109093;0.12661254178584735  0.2767275508884021  -0.9525707988605538  3.950924351517971  -0.2801356698577406  0.9311844372190761  0.23327998275537218  2.222448709045935  0.9515741015474747  0.23731288726130836  0.19542088630394558  0.36760836877636704  0.0  0.0  0.0  1.0
36535719081239;2.6254413723760552;3.1204574849002067;0.07656348350263315  -0.5004356266385745  0.8623817116479222  2.305660505159866  0.5068651410041476  0.7643581365267452  0.3985528421178372  -5.054957375306447  -0.8586185193837755  0.4065966339214057  0.3121752960357296  5.405120565338602  0.0  0.0  0.0  1.0
36535719081270;4.852975213123584;2.336426888762656;-0.20290216121470758  -0.6219209364790227  0.7563366061109672  -6.529530565790766  0.3444074226458123  0.677723262965312  0.6496727684474076  -3.233365461726133  -0.9166320091513658  0.39230794996368024  0.07668267206106537  2.063291861590797  0.0  0.0  0.0  1.0
36535719081301;1.4134837583742463;4.382978663820733;0.1790558662905615  0.030089796732199837  0.9833786660689523  5.263989576849171  0.5974970134915112  0.7907661036822511  -0.13298980463146273  -6.999545636506186  -0.7816241524004113  0.6113784207835654  0.12361274604398136  11.43544656270358  0.0  0.0  0.0  1.0
36535719081332;2.6207414559357245;3.104614781262858;-0.08779556622172585  0.23960769619976946  -0.9668919745626431  9.290027893590702  0.4664837428605294  0.8675215060368712  0.1726248945266899  -3.6296235608063534  0.8801618352318151  -0.435883686876853  -0.18793763677348835  -2.1388583902988314  0.0  0.0  0.0  1.0
36535719081363;4.7790429741920475;4.110780634230909;0.9093689824335917  -0.24373853848895827  -0.3371046998233031  8.956043171355203  0.2915883434734542  -0.20448172780279864  0.9344321596270052  -7.250847911146076  -0.2966888803748801  -0.9480394231518263  -0.11487802405965751  -7.843700989314495  0.0  0.0  0.0  1.0
36535719081394;1.4663573651430153;1.4663573651430162;1.0  -4.888786843091369e-16  2.4576427212110803e-16  -2.6645352591003757e-15  4.888786843091369e-16  1.0  -7.145041649986511e-16  -1.7763568394002505e-15  -2.4576427212110793e-16  7.145041649986511e-16  1.0  3.219646771412954e-15  0.0  0.0  0.0  1.0
36535719081425;2.332117443040167;1.1245050515121164;0.10471814034173746  -0.9810209095160795  -0.16319340113990877  -2.8512242850985716  0.883448078258485  0.016410559723890775  0.46824158994149334  -0.7583465848093545  -0.45667669538170763  -0.19320628515085037  0.8683995205396249  3.5677396641340198  0.0  0.0  0.0  1.0
36535719081456;3.9542146055036578;3.4930696309448734;-0.27492305937786005  0.27890874351120504  0.9201234831343664  -8.90339937028194  -0.9589336765676886  -0.14895648207613899  -0.24136729354217693  0.28378368496041745  0.06973890855678973  -0.9486948293526758  0.30840655860860994  -3.1198687894562718  0.0  0.0  0.0  1.0
36535719081487;3.3533169379046845;4.309150580294653;-0.7259215679958441  -0.6717422094145837  -0.14764918289400863  8.024405762998489  -0.30112804725554265  0.11741233706087871  0.9463277668239303  12.834306296087819  -0.6183524692879617  0.7314210464545813  -0.2875125676014264  -5.194684317238576  0.0  0.0  0.0  1.0
36535719081518;3.0920879439740774;0.04410584558833195;-0.2997431345190682  -0.9009159900651883  0.3138541574577988  0.04177937933305788  0.8996452712791079  -0.3764034448584423  -0.221266428912833  -7.574430231846104  0.31747824992245294  0.2160343156620238  0.9233291586875274  4.063318613919155  0.0  0.0  0.0  1.0
36535719081549;1.5294161413651834;1.5294161413651834;1.0  3.7781256927734844e-16  1.0680270781515185e-16  1.5543122344752192e-15  -3.7781256927734844e-16  1.0  -6.283794261424855e-17  4.4408920985006257e-16  -1.0680270781515186e-16  6.283794261424853e-17  1.0  5.551115123125783e-16  0.0  0.0  0.0  1.0
36535719081580;3.0692450464075005;3.5979906074718926;0.7247509222356006  -0.5777670557609211  -0.37539489873465576  1.9447747406911093  -0.005214731034778524  0.540216319378209  -0.8415100325353795  0.08721695739995808  0.6889912243990342  0.6118427555792555  0.3885093758795301  -2.2867524638887393  0.0  0.0  0.0  1.0
36535719081611;4.067373545893354;3.2060397760077994;0.922874908516201  -0.1354444782731667  -0.36049507144553583  1.5587024904081201  -0.30548185886440815  -0.8274677053603784  -0.47114544515507917  -3.920203523733056  -0.23448398055295366  0.544933014131959  -0.8050250138803771  -10.060270320903493  0.0  0.0  0.0  1.0
36535719081642;1.8617882493278746;2.010469628182358;-0.6896164577668564  0.5597178565420038  0.4595052363631097  0.642146218504899  0.7175990362891222  0.6134826515122832  0.32968266471014235  -1.3208415040291068  -0.09736921635720254  0.5570951062085199  -0.8247207274856753  -1.433570410530248  0.0  0.0  0.0  1.0
36535719081673;1.5998785025075408;2.697711040656282;0.7731845348436263  0.04671714206851261  0.6324580489768425  -5.9514863568882586  -0.3339132887395834  0.8778380404637968  0.34336902935151076  2.3922929956654415  -0.5391545146632459  -0.4766737703625324  0.6943302715326521  -0.0092660081579855  0.0  0.0  0.0  1.0
36535719081704;1.9756325052656099;4.668776424117954;0.7570212771151645  0.6322974927365275  -0.16467746255643798  8.291817708861851  -0.423449307863466  0.666715775238538  0.6133357634428523  -2.606059626244038  0.4976037275431903  -0.39457566540167693  0.7724639633069917  0.9908305340262615  0.0  0.0  0.0  1.0
36535719081735;3.6039393451346733;3.603939345134671;1.0  4.557234789281827e-16  -3.581251916439323e-16  -1.7763568394002505e-15  -4.557234789281827e-16  1.0  7.980668868484083e-17  2.220446049250313e-15  3.5812519164393243e-16  -7.980668868484079e-17  1.0  -6.217248937900877e-15  0.0  0.0  0.0  1.0
36535719081766;4.290345428514503;2.580675609750654;-0.005563615480279525  -0.5920888876207855  -0.8058534577320916  1.965638883620903  -0.3784239167193192  0.7471803106346144  -0.5463670219319323  -6.7775991173180525  0.9256156791226029  0.301914445755649  -0.22821761984224875  -0.36662723813493314  0.0  0.0  0.0  1.0
36535719081797;3.80649089162507;3.0994224138917943;0.24259166776028634  0.9257425463359445  0.2900862296571915  6.171171822477733  -0.920974967826272  0.3137365249181656  -0.23102922232841058  -3.011239080006221  -0.3048842261755762  -0.21111639167936494  0.9286955786443721  0.8120296509130724  0.0  0.0  0.0  1.0
36535719081828;1.9802991795936433;3.319396365202104;0.7947110064932419  -0.438723003197903  0.41947174234209605  -4.544654470449127  -0.43965089535387564  -0.892523441618318  -0.10054350489380189  -5.170331723464676  0.4184991115558511  -0.10451809712584115  -0.9021831637756028  5.179706397512803  0.0  0.0  0.0  1.0
36535719081859;4.6068693402346454;4.63281624863974;-0.7984818106209469  -0.41008436418172484  0.4407466532614449  -8.254574986238723  0.5960016902623556  -0.6417271474142434  0.48266785005425056  -1.4259175329554215  0.08490455412938405  0.648087249161135  0.7568184287944119  -0.28362708008819393  0.0  0.0  0.0  1.0
36535719081890;4.508629332811153;2.489033497420836;0.7755040767935727  -0.6312076707739528  0.013050028071593708  -2.5129779700827966  0.08157987346582626  0.07968952025127325  -0.993475870168683  -4.605704288450353  0.6260496395030088  0.7715092071506617  0.11329338974498465  -4.850924014397614  0.0  0.0  0.0  1.0
36535719081921;2.2999981710951882;2.2999981710951882;1.0  -2.6584987601117127e-16  2.079535250393661e-16  -1.3322676295501878e-15  2.6584987601117127e-16  1.0  -4.2356556891612844e-16  4.440892098500626e-16  -2.0795352503936597e-16  4.2356556891612844e-16  1.0  3.4416913763379853e-15  0.0  0.0  0.0  1.0
36535719081952;1.2152378562390587;1.4138109676424082;0.6209574333819154  -0.29334153940999314  0.7268855530166484  2.0518151498090855  -0.12850900538383533  -0.9528851148350777  -0.27476425069684446  -1.0503127274838333  0.7732381919324731  0.07720556445176968  -0.6293981246831631  -3.7716612133104217  0.0  0.0  0.0  1.0
36535719081983;1.4321260052918148;4.880202912151243;-0.2356342282247035  -0.3778586344745443  0.8953766597594447  6.492119678319381  0.9714111503711994  -0.11900066833817384  0.2054244821572442  -0.2254143178453864  0.028929006610199197  0.918183910384026  0.3950967214346973  -5.592070719448887  0.0  0.0  0.0  1.0
36535719082014;2.1446172376713286;2.717673664243729;-0.6158687088260029  0.7786739828160345  0.11988562038211978  10.755272758130621  -0.5205369360258139  -0.2879456709504167  -0.8038212418279147  2.535663687003919  -0.5913941424480366  -0.5574532438387355  0.5826652977583452  4.902481931329786  0.0  0.0  0.0  1.0
36535719082045;1.9741406690068724;3.013747432871531;0.6347483852665736  0.7547971509561445  -0.1654561824470861  -6.266077635759221  0.2818130229429173  -0.4254998436110937  -0.8599600590647845  -3.1644471795744193  -0.7194969822739022  0.49923055194511096  -0.48279700548297516  -3.8978474617151315  0.0  0.0  0.0  1.0
36535719082076;2.7263856166451443;2.6457109781376946;0.07047892901718911  0.9460224119129216  0.3163452492500052  10.387556418078104  0.20508330144173328  0.2966169084267079  -0.9327160602804795  -1.9632690097357455  -0.9762036468044707  0.13061395711729906  -0.17310815743866936  7.300244403438827  0.0  0.0  0.0  1.0
36535719082107;1.536577084651521;3.1641718287670773;0.9661739748892291  0.2556075649805998  0.034243582923459075  5.621504563296675  -0.25735576851745146  0.9641822159375637  0.064192389584135  1.1811007202155206  -0.01660899327289531  -0.07083379980220002  0.9973498454143568  -4.075688091933886  0.0  0.0  0.0  1.0
36535719082138;2.448192473659257;1.6553727809031828;-0.5128579853046604  -0.025874989937150587  -0.8580834293965809  4.9510816150456005  -0.3465988713424677  0.9206996792651558  0.1793915354334386  -4.550966502976963  0.7853953840540276  0.3894131295896325  -0.4811564248867883  -7.278236706002101  0.0  0.0  0.0  1.0
36535719082169;2.751939271344588;2.751939271344588;1.0  -4.093799852091709e-16  5.380419421084491e-16  -1.5543122344752192e-15  4.093799852091709e-16  1.0  6.997249740031762e-16  2.6645352591003757e-15  -5.380419421084492e-16  -6.997249740031762e-16  1.0  2.6645352591003757e-15  0.0  0.0  0.0  1.0
36535719082200;3.495996902324403;3.744049928948964;0.04347359876226303  -0.9112385277378079  0.4095783097002201  -5.647878710558879  0.6557558960922503  -0.2832651832231987  -0.6998178625283704  2.3623021623556615  0.7537202736764524  0.2990069924596405  0.5852354803917243  10.87086748263871  0.0  0.0  0.0  1.0
36535719082231;4.028218031238248;4.028218031238248;1.0  3.4198880843922354e-16  5.189131838586188e-16  5.329070518200751e-15  -3.4198880843922354e-16  1.0  -5.016095395763845e-16  -1.7763568394002505e-15  -5.18913183858619e-16  5.016095395763843e-16  1.0  5.329070518200751e-15  0.0  0.0  0.0  1.0
36535719082262;2.352339194995012;0.021909229560338365;0.6140812538630891  -0.46747658689938953  0.6359008211622573  -3.969971974971523  0.789140307354579  0.3506943487082668  -0.5042529614116353  -2.3917962468161345  0.012719629014071344  0.8114672602668456  0.5842594428443257  3.0944057591943315  0.0  0.0  0.0  1.0
36535719082293;4.915635355433878;4.443211454995209;-0.2718136085317585  0.9619405967977525  -0.028065110891069795  -5.057250437239654  0.481478618225071  0.16118540408807147  0.8615089121425505  7.9233094300288816  0.8332440833327419  0.2206570953795701  -0.5069662156886097  0.8058047301966379  0.0  0.0  0.0  1.0
36535719082324;2.6136203318699214;2.613620331869921;1.0  3.552371455631727e-16  -1.267486503630788e-16  1.7763568394002505e-15  -3.552371455631727e-16  1.0  -1.203619031473848e-16  4.440892098500626e-15  1.2674865036307874e-16  1.203619031473848e-16  1.0  -1.7763568394002505e-15  0.0  0.0  0.0  1.0
36535719082355;2.6932219088290648;5.42154053068274;-0.31348223977872436  0.8355091758442579  -0.4512796277513139  8.52431041397129  -0.7291226067498712  -0.5162449328598461  -0.4493010055884634  -5.4107644578635234  -0.6083659340147064  0.18819029299244525  0.7710222460823228  16.46995974249711  0.0  0.0  0.0  1.0
36535719082386;4.785475193293865;2.667561863072011;0.014693038558313977  -0.8717718917054426  -0.4896916207678418  3.4968856962557577  0.9456012687893048  -0.14706734795467932  0.2901886207790239  -6.414741237906025  -0.32499593086987905  -0.46731677050785325  0.8221877406773536  -9.254158098776802  0.0  0.0  0.0  1.0
36535719082417;2.477038884971137;2.477038884971137;1.0  6.355618148417538e-17  1.9608241152724578e-17  -1.7763568394002505e-15  -6.355618148417538e-17  1.0  -1.1397266245715247e-16  -1.7763568394002503e-15  -1.9608241152724584e-17  1.1397266245715247e-16  1.0  -3.3306690738754696e-16  0.0  0.0  0.0  1.0
36535719082448;2.815184467780424;4.729281558202929;0.8208286148975841  -0.4610363289155497  -0.3371733803036448  -2.408263557199286  0.38114489082747227  0.8817805074051167  -0.27783395932910687  7.6381285215429315  0.4254044630248101  0.09954215278185936  0.8995123137890466  -12.817884335697123  0.0  0.0  0.0  1.0
36535719082479;3.430440585461284;3.430440585461284;1.0  4.625695900104531e-16  -5.17949478027972e-17  7.216449660063518e-16  -4.625695900104531e-16  1.0  -3.840257904413636e-17  1.7763568394002505e-15  5.179494780279719e-17  3.8402579044136375e-17  1.0  0.0  0.0  0.0  0.0  1.0
36535719082510;3.752685809770862;4.340356705172918;-0.05613861755789104  0.915177803310541  -0.39912159042875656  13.105082942981694  -0.7676185514929635  0.21605974449052373  0.6033903763025527  5.3829982878010485  0.6384435879719796  0.3402466386878497  0.6903781643701407  -0.5117239014443743  0.0  0.0  0.0  1.0
36535719082541;1.6713742885955687;3.881045973483966;0.29760424109164896  0.9513938557090208  0.07925558026654979  5.182007534250351  0.5364701129031744  -0.23532638826485597  0.8104451301278038  -0.18285561437346584  0.7897034466468533  -0.19867365780430515  -0.5804285003760049  9.48604013697774  0.0  0.0  0.0  1.0
36535719082572;5.705872389959219;5.705872389959219;1.0  6.408491240277697e-16  6.098891203028745e-16  -4.440892098500626e-16  -6.408491240277697e-16  1.0  4.571844857264216e-16  -2.6645352591003757e-15  -6.098891203028744e-16  -4.57184485726422e-16  1.0  -1.7763568394002505e-15  0.0  0.0  0.0  1.0
36535719082603;3.111669804062568;3.3255485799647517;0.3987820228118141  0.04320863904479591  -0.9160272440238952  -4.5025227305101385  0.4151912163964522  -0.8991548294927021  0.13833599107673902  -12.884031519534544  -0.8176730105056375  -0.4354923720478299  -0.37650662912995597  -2.8279480986749586  0.0  0.0  0.0  1.0
36535719082634;4.355140868473985;4.909301607229722;0.21182862480480932  -0.8894062932287949  -0.4050741651578388  12.201809868939254  0.8448950830949934  -0.041663696788969855  0.5333070737687431  5.659377803191091  -0.4912035548275351  -0.45521487446577713  0.7426294404276595  -5.168210109858072  0.0  0.0  0.0  1.0
36535719082665;2.7201030154491477;2.7201030154491486;1.0  -3.9437903250580896e-16  -3.7006146880688074e-16  -4.440892098500626e-16  3.9437903250580896e-16  1.0  2.907400588369119e-17  9.50194783966296e-16  3.7006146880688074e-16  -2.907400588369125e-17  1.0  1.7763568394002503e-15  0.0  0.0  0.0  1.0
36535719082696;3.2991237738734345;3.2991237738734345;1.0  -3.991698000031407e-17  -1.289727051731522e-16  6.661338147750939e-16  3.991698000031407e-17  1.0  -9.736353737323386e-17  -8.881784197001252e-16  1.289727051731522e-16  9.736353737323386e-17  1.0  -4.440892098500626e-16  0.0  0.0  0.0  1.0
36535719082727;1.2878238866021425;1.2878238866021428;1.0  3.746123300511676e-16  1.2202055568483803e-19  3.4416913763379853e-15  -3.746123300511676e-16  1.0  2.2190195944646035e-16  -1.7763568394002505e-15  -1.2202055568479142e-19  -2.2190195944646033e-16  1.0  4.440892098500626e-16  0.0  0.0  0.0  1.0
36535719082758;3.2221881761895412;3.2221881761895412;1.0  -1.726455160465737e-16  -1.6082776775215214e-16  -8.881784197001252e-16  1.726455160465737e-16  1.0  1.0991833343700859e-16  -8.881784197001252e-16  1.6082776775215214e-16  -1.099183334370086e-16  1.0  -8.881784197001252e-16  0.0  0.0  0.0  1.0
36535719082789;4.375691271181936;4.375691271181935;1.0  -2.717179577853527e-16  -5.247723128769683e-16  1.751623080406021e-46  2.717179577853527e-16  1.0  -4.2221937605745493e-16  1.7516230804060213e-46  5.247723128769684e-16  4.2221937605745493e-16  1.0  -4.440892098500626e-15  0.0  0.0  0.0  1.0
36535719082820;2.9711958970592893;5.20303296326936;0.2926107842745317  0.8712798607159118  0.39401818896734275  -1.5607585701668711  0.8076437857620927  -0.4457912905097808  0.3859813993257958  -2.0650904035009945  0.511947696787591  0.2052840218246059  -0.83412710430569  10.854655310209083  0.0  0.0  0.0  1.0
36535719082851;3.748982682712409;3.74898268271241;1.0  7.310879450122239e-16  5.542473199291518e-17  -1.3322676295501878e-15  -7.310879450122239e-16  1.0  1.4749250128639708e-16  -3.0808688933348094e-15  -5.542473199291512e-17  -1.4749250128639703e-16  1.0  8.881784197001252e-16  0.0  0.0  0.0  1.0
36535719082882;4.963661102647681;4.96366110264768;1.0  -3.827723235764877e-16  8.519740960204317e-17  -4.3790577010150533e-47  3.827723235764877e-16  1.0  -3.768697399724224e-16  8.881784197001252e-16  -8.51974096020431e-17  3.7686973997242245e-16  1.0  -1.7763568394002505e-15  0.0  0.0  0.0  1.0
36535719082913;2.817358654932551;2.817358654932551;1.0  9.597333213526585e-17  1.591902938697633e-16  -8.881784197001251e-16  -9.597333213526585e-17  1.0  -3.784150678937632e-17  8.881784197001252e-16  -1.591902938697633e-16  3.784150678937632e-17  1.0  8.881784197001252e-16  0.0  0.0  0.0  1.0
36535719082944;2.334751411184137;2.3347514111841385;1.0  -8.090627671217955e-16  -3.775755917951504e-16  -2.275957200481571e-15  8.090627671217955e-16  1.0  4.606990688346651e-16  -6.661338147750939e-16  3.7757559179515024e-16  -4.606990688346654e-16  1.0  -1.5543122344752192e-15  0.0  0.0  0.0  1.0
36535719082975;3.599500676289258;3.599500676289258;1.0  1.4808148985903969e-16  -2.1112129056100588e-16  -1.7763568394002505e-15  -1.4808148985903969e-16  1.0  3.753053129311545e-16  1.3322676295501878e-15  2.1112129056100588e-16  -3.753053129311545e-16  1.0  -8.881784197001252e-16  0.0  0.0  0.0  1.0
36535719083006;4.488115034885534;4.488115034885534;1.0  -2.1661928055102653e-16  -2.294383129920003e-16  -1.313717310304516e-46  2.1661928055102653e-16  1.0  2.845318280470537e-16  -1.7763568394002505e-15  2.294383129920003e-16  -2.8453182804705377e-16  1.0  -2.886579864025407e-15  0.0  0.0  0.0  1.0
36535719083037;2.300426924388642;2.300426924388643;1.0  -2.4124409591676253e-16  -3.981849448556678e-16  -8.881784197001252e-16  2.4124409591676253e-16  1.0  1.3494328340976767e-16  4.4408920985006257e-16  3.981849448556678e-16  -1.3494328340976775e-16  1.0  -1.7763568394002505e-15  0.0  0.0  0.0  1.0
36535719083068;5.209340635066207;5.209340635066207;1.0  -7.981480859550392e-17  -3.656612468321107e-17  4.440892098500626e-16  7.981480859550392e-17  1.0  -8.740325852154605e-17  -8.881784197001251e-16  3.656612468321107e-17  8.740325852154605e-17  1.0  -8.881784197001252e-16  0.0  0.0  0.0  1.0
36535719083099;3.2857786138404523;0.07189798449702442;-0.944942487218381  0.1226439168964073  0.3033845175645047  10.72498553132937  0.08940317927126967  -0.7950827169969064  0.5998754409617093  1.5716542759048437  0.31478686024948577  0.5939713316155271  0.7403426840545854  0.21502429895815872  0.0  0.0  0.0  1.0
