# registration_from_features.py FastGlobal FastGlobal_config.json l2 True --use_random_keypoints=True --n_keypoints=5000 --input_txt=/neural_comparison/point_clouds_registration_benchmark//eth/gazebo_summer_global.txt --input_pcd_dir=/neural_comparison/point_clouds_registration_benchmark//eth/gazebo_summer/ --input_features_dir=/neural_comparison/experiments/FCGF/3dmatch_normalized_5cm_32//eth/gazebo_summer/ --output_dir=/root/neural_registration_comparison/results/FCGF/3dmatch_normalized_5cm_32/FastGlobal/
id;initial_error;final_error;transformation
36535719080030;2.8719654907800902;3.445722516193808;0.2799302126663513  0.9210403345917448  0.2707836370457025  -1.3809261117600011  0.8700563431364964  -0.12418192008707543  -0.47705430559993295  -8.292088491366128  -0.40575982527169757  0.36913893424917193  -0.8361192566953995  -3.248656283030648  0.0  0.0  0.0  1.0
36535719080061;2.8185456084080336;4.854622727222745;-0.9118889916950851  -0.01908133909520058  0.409993133264026  0.5207591400386956  -0.3624028426811814  0.5063573660030395  -0.7824745347364747  1.5307583044370439  -0.1926723811082393  -0.8621125914825734  -0.46865683945215614  1.740630065235634  0.0  0.0  0.0  1.0
36535719080092;1.9001870719663094;1.9265988822873903;-0.5903037268400336  0.6677195396863981  0.45353293860507465  -4.268533846569302  -0.7721624921839256  -0.3034258859627354  -0.5582990393973802  2.383886350908709  -0.23517354388424871  -0.6797671278082775  0.6947014151476938  4.062324784482529  0.0  0.0  0.0  1.0
36535719080123;2.152334886682317;1.2638895808463526;-0.16465076343046467  0.6336394007362568  -0.7559042505081995  5.267404590782762  0.38131685805896504  -0.6658881192059276  -0.6412413480589281  0.5928228943541708  -0.9096634431820405  -0.39381991129828675  -0.13197839824458224  -1.516805551892611  0.0  0.0  0.0  1.0
36535719080154;3.7084111945439853;2.8217068975387347;-0.9888212133726546  -0.14908556302424786  -0.002470401177067862  -2.0694435635570794  0.13257080631116927  -0.8714611916729665  -0.4722079761312143  6.780114341585646  0.0682465332323849  -0.4672567669982681  0.8814837062567221  -5.698255043747782  0.0  0.0  0.0  1.0
36535719080185;2.3222284832250804;2.3116752733807404;-0.40083126284116377  -0.2576303457773701  0.8791819513978841  0.6116242946694417  0.26087617983432326  0.8878217369954802  0.37909917187112985  -0.060869814675223226  -0.878224297958218  0.3813124286631101  -0.28865708760193726  2.5900827139954092  0.0  0.0  0.0  1.0
36535719080216;4.7404660091141455;4.583173362500428;0.986104215012246  -0.0639174394054743  0.15333961678225624  -4.766835576460336  0.16416584709501028  0.5163617015190681  -0.8404880533665611  5.645006799481485  -0.025456861209885752  0.8539819401744868  0.5196795109229918  -14.986350152271168  0.0  0.0  0.0  1.0
36535719080247;2.9917173628249674;5.111183784978274;0.38401536555311194  -0.6786822980210399  0.6260371693214318  -8.414574381813448  0.18398621436018653  -0.6081804726890826  -0.7721823525340951  -0.598372475677519  0.9048100750679766  0.4117120972142591  -0.10868245977579985  4.953974952046823  0.0  0.0  0.0  1.0
36535719080278;1.8936058971638152;4.389996220701132;0.10269697384374817  0.7901411091114806  -0.6042601751360224  14.702635904193155  -0.9855181713978041  -0.0015821388756751184  -0.1695624683746676  3.5134223679137966  -0.1349343003393445  0.6129229352281238  0.7785359401230445  -1.6677943198572271  0.0  0.0  0.0  1.0
36535719080309;2.0474131250721026;2.4481487927558603;-0.4493536580510969  0.13557711635509104  0.8830063054797146  -4.35800578765042  0.5810251708203018  0.7951581413650447  0.1735894037495534  0.7319322578063394  -0.678594901888702  0.5910519230505265  -0.4360809367410349  1.3410152827412807  0.0  0.0  0.0  1.0
36535719080340;2.643359974182583;2.233843257996612;-0.7491656781724585  -0.10695643481570079  0.6536903760190417  8.389734925431968  0.583934275350555  -0.5725080027675377  0.5755478684157788  -2.6216277989259993  0.3126844235314944  0.8128929251867296  0.49135887441068693  -4.483273156813875  0.0  0.0  0.0  1.0
36535719080371;4.184735305781556;3.167862754168115;0.22999019181600494  -0.9656992245867924  -0.12053845569321664  3.7837472087437622  -0.3663053450134556  0.02884939346255695  -0.9300473679933822  5.000093406655301  0.9016234834358591  0.25805565316286155  -0.3471057101052622  -5.746700032795897  0.0  0.0  0.0  1.0
36535719080402;2.5739270336253104;2.1713070882631187;0.05224097256780345  -0.030719605753411223  0.9981619040053193  0.021246864662667377  -0.45244725773657696  -0.8917832120086251  -0.0037658659337104737  4.648133422314698  0.8902597147753127  -0.4514188837453903  -0.0604866236968498  -5.828940514518956  0.0  0.0  0.0  1.0
36535719080433;2.734748311517099;4.371236727265484;0.016083575232516537  -0.8831065395357781  0.46889674602931825  5.799120817108307  0.7539750299611105  -0.2972951912483451  -0.5857791592876554  -6.983794313179162  0.6567061540772111  0.36295786131416624  0.6610587100306329  0.07108387220276167  0.0  0.0  0.0  1.0
36535719080464;3.7323423107611307;4.139824469214897;-0.12402709353712597  -0.4332640069344218  -0.8926923212192786  5.3811941155325735  -0.16595060793175911  0.8960248946255558  -0.41182494331735403  -3.505285233224237  0.9783034681507646  0.09706538263660867  -0.18303178876303455  3.199739286190681  0.0  0.0  0.0  1.0
36535719080495;4.095283908390811;1.7340030376250803;-0.2405272695251928  -0.9705121773368753  -0.015897995332502655  7.709019586732045  0.42698967580178654  -0.12050369605023924  0.8961912050432753  -8.557152550318222  -0.871680244914063  0.20877014364862667  0.4433831049414162  -1.1855466608012013  0.0  0.0  0.0  1.0
36535719080526;2.3278553928468253;4.446763108003907;0.7804884690769899  0.5798162313697255  -0.2337752927023417  -1.7912856420215837  0.6208383704608118  -0.6749072910850228  0.3988231013918825  -5.505567795195294  0.07346745811188182  -0.45641350361320854  -0.8867295226381577  10.90806888249918  0.0  0.0  0.0  1.0
36535719080557;2.2194490343578286;4.547541714705937;-0.3831692560244332  -0.6852281461961865  0.6193897875314206  -0.6090981210162721  0.10514777316921055  0.6338516342425757  0.7662741360411265  0.9564728617743734  -0.9176738347774993  0.3587401475003227  -0.1708222454372036  1.5902713916602036  0.0  0.0  0.0  1.0
36535719080588;3.796227498088121;5.884720173555918;0.8668770454149703  -0.3696545082008372  0.3344842787029179  3.391765341158372  -0.44166321648191875  -0.880657481744155  0.17139429119690447  7.210968351530991  0.23120941014469928  -0.29630717914833093  -0.9266845548759826  7.708478193083756  0.0  0.0  0.0  1.0
36535719080619;2.4973131938563013;2.8642473843216543;0.12231188831858918  -0.7095989927450472  -0.6939085469074107  -7.937347111530651  0.60006539251263  0.6097692817718391  -0.5177865851063718  -0.044153147482307864  0.7905449555114527  -0.3530590495974699  0.500387830400307  1.4832638906099636  0.0  0.0  0.0  1.0
36535719080650;2.045757500568744;3.0775177238080436;-0.2974007589341141  0.6493012778867142  -0.6999718845211519  -0.19733629984108303  -0.3856233671656111  -0.7523736597899173  -0.5340678746659288  -3.3894332730222905  -0.873411362006055  0.11109332378232746  0.4741422425071672  -3.523346806469965  0.0  0.0  0.0  1.0
36535719080681;3.422151150058385;2.8117859439189483;0.13475901073067792  -0.9041912728624677  -0.40531241173475147  -2.340513781824043  -0.9031502537452966  0.056189633460370876  -0.425631700242586  9.469732904598695  0.40762682466527445  0.42341571436466574  -0.8090485181015807  -5.453335938537175  0.0  0.0  0.0  1.0
36535719080712;2.329822326641319;4.728936670273477;-0.14035851389163678  -0.1232039847015888  0.9824053469580587  7.8494106964079915  -0.9302120039340944  -0.3234433680900491  -0.17346473813280522  -1.445256456231082  0.33912404119296663  -0.9381924993263457  -0.06920779502870557  -4.550676202298241  0.0  0.0  0.0  1.0
36535719080743;1.5817497009913515;3.3681297525311744;0.14352964177471667  0.8449931785682361  -0.5151560638342247  -3.9804642329986866  0.9354746375002322  0.05401845921423644  0.3492409034719877  -3.4564992721903898  0.32293411793403354  -0.5320418538397792  -0.7827164373110469  4.532805334654214  0.0  0.0  0.0  1.0
36535719080774;4.455523395855616;4.493471844057259;-0.8197495743637775  -0.18629117850259555  0.5415775402862634  2.4387196003995166  -0.5679879224500008  0.14310410515796423  -0.8105004226019078  12.923140913485025  0.0734871096270441  -0.9720168784023524  -0.22312066874140227  10.710087386294708  0.0  0.0  0.0  1.0
36535719080805;2.6623006804379994;0.033584147727241435;0.10587811544465583  -0.7022913021612518  0.7039721241487765  7.171460814200044  -0.48021525255760517  0.5838117942383456  0.654642727080382  5.367138447171307  -0.8707371221447519  -0.40737048962443917  -0.2754381024880563  -0.6534478945451462  0.0  0.0  0.0  1.0
36535719080836;2.3641851278479833;1.9074668073927232;-0.44131478938027685  0.6536623758978363  -0.614790008872816  10.684476763626371  0.056330886648973066  -0.6635842039342132  -0.7459777714505543  3.336525018539712  -0.8955825410779178  -0.3638426893928063  0.2560281419919072  -0.8150146119190284  0.0  0.0  0.0  1.0
36535719080867;2.3245937370798613;5.47393317915101;-0.540137715051171  0.18392230509118507  0.8212331182248117  4.042365359015235  -0.7140277351175477  -0.6166497322360702  -0.3315230025444547  -4.2271395515179675  0.4454387076379955  -0.765451300490847  0.46440140429876386  4.366306760288561  0.0  0.0  0.0  1.0
36535719080898;1.1108467191895781;2.611660285076242;0.2251864754037904  -0.2644422275201263  -0.937742693706226  4.328961723263725  0.9458600949255633  -0.1715741990088149  0.27551946403455  -8.730519163191435  -0.233751432343462  -0.9490166502958094  0.2114891612794911  1.9266310380234961  0.0  0.0  0.0  1.0
36535719080929;3.0133446968971027;2.3427331313603363;0.08589597185932696  0.6760353944453398  0.7318456309055055  6.7197566952586705  0.620801089403487  0.5382113163272217  -0.5700303381161058  -4.056596378552483  -0.7792482848321103  0.5032938748231026  -0.3734533252653676  5.304645736549451  0.0  0.0  0.0  1.0
36535719080960;4.172447019856412;0.06343172327224536;0.16443672248088562  0.9624410521184024  0.21602727952035644  -2.841152782836397  -0.2842663229073945  -0.16347829771775607  0.9447049824342078  -9.23125099766691  0.9445386291520603  -0.2167534714197831  0.24670774342735916  -1.5656032371764486  0.0  0.0  0.0  1.0
36535719080991;2.0023267432930947;3.590756359389491;-0.35344045773447086  -0.7913504468653947  -0.4988429743740902  -4.241120023133431  0.38857933154560653  0.36087889830595593  -0.8478045316304041  -1.7797507264616865  0.8509323979800145  -0.4934884912573135  0.17995322465730293  4.447203904828429  0.0  0.0  0.0  1.0
36535719081022;5.2049478600741095;0.1262878065037835;-0.5389726095131219  0.2645704860917624  0.7996943066470998  -3.975738867231849  0.2427310289821598  0.9579015616423443  -0.1533174672776048  4.749134543181599  -0.8065917020177423  0.11147670650107237  -0.580502170662432  5.595193402743901  0.0  0.0  0.0  1.0
36535719081053;2.759339837400279;4.258934079411191;0.9029661302892042  -0.2975119775403862  -0.3100625594465551  -1.8740055723613804  -0.3890874530869168  -0.8723183913129033  -0.29609386691994377  0.7419972611497088  -0.18238180117784752  0.38800418476773924  -0.9034321397879567  0.05458996581583881  0.0  0.0  0.0  1.0
36535719081084;2.627616704218367;2.893297350367925;-0.26273282503543943  -0.3350074995537516  -0.9048433222893564  3.5549324901117774  0.32626498656666053  -0.913394230160432  0.24343816227183432  2.597384080940533  -0.9080322798169426  -0.2312594982965546  0.34927986380275566  -3.924596748064475  0.0  0.0  0.0  1.0
36535719081115;3.3642234081663633;3.1190055088222857;0.8109316457134121  0.505634083665476  0.2944894555265311  1.063747811396455  0.4639863146587424  -0.8622973772398554  0.20287910935989495  2.3477962914860573  0.35652007768137944  -0.027882012858475864  -0.9338715262652673  -0.6673430708496012  0.0  0.0  0.0  1.0
36535719081146;2.4293434851076756;3.1376769532418862;0.9267174579400922  0.16556437243276262  -0.3373176421861104  -3.6228207387003613  0.06037613301982406  -0.9516417722319381  -0.30121862476418626  2.9710242888947103  -0.3708766313892312  0.2587786233911154  -0.8918991806057313  4.642404476993691  0.0  0.0  0.0  1.0
36535719081177;3.5423989428844522;3.365653429074915;0.628186637001972  -0.7340156490021185  0.25807474907892547  4.832591778119473  0.3582029951004162  -0.02161663172319157  -0.9333934516237158  -10.815867637064718  0.6907041069758042  0.6787884414550253  0.24934732473763327  -7.155601782035995  0.0  0.0  0.0  1.0
36535719081208;2.4968567701157345;2.4279327843853755;0.14667966687763126  0.27338310445525005  -0.9506559596000428  3.920546359301204  -0.2804744748965956  0.9331034145606625  0.22506018454340845  2.1308375944516826  0.9485879739149905  0.23362297817989555  0.21354428067782497  0.3794896468496844  0.0  0.0  0.0  1.0
36535719081239;2.6254413723760552;3.116395106587983;0.062297494993014194  -0.5016062944793348  0.8628500144615544  2.4698512706210516  0.4968746342940669  0.7653657594070425  0.40906093937507265  -4.972259414411174  -0.8655833985889126  0.40324481356365977  0.29691581369350717  5.468317338416977  0.0  0.0  0.0  1.0
36535719081270;4.852975213123584;2.3204606574851088;-0.22847971659084335  -0.6016487657308767  0.7653860344957192  -6.4265345007038315  0.3259627933347427  0.6935287688770935  0.6424687572958195  -3.015028595651944  -0.9173577690672156  0.39627844936904616  0.037657855723402155  2.4704937963948463  0.0  0.0  0.0  1.0
36535719081301;1.4134837583742463;4.405473269725319;0.18893284279683778  0.01347291233738633  0.9818975820042819  5.1583583521011205  0.597990193306772  0.7915496675038296  -0.12592399526502365  -7.048065521089635  -0.7789172675076821  0.6109563032719484  0.141493059443351  11.446346798694172  0.0  0.0  0.0  1.0
36535719081332;2.6207414559357245;2.6503900908402627;0.7698455089552869  0.032546004979480174  0.6373999136344852  6.635769620829983  -0.5639391583018487  0.5023245540851395  0.6554713327804412  -0.9464823101610775  -0.2988486541297709  -0.8640664325866625  0.40506626865462764  0.5862624290903276  0.0  0.0  0.0  1.0
36535719081363;4.7790429741920475;4.11437261678407;0.914357301456219  -0.23108772871566552  -0.3324893786434931  8.92981302760545  0.294490709522975  -0.1840333099756744  0.9377670088161829  -7.250163790909479  -0.2778955690153323  -0.9553691446014109  -0.10021901149588369  -7.893511759531668  0.0  0.0  0.0  1.0
36535719081394;1.4663573651430153;1.466357365143015;1.0  3.223870267661054e-16  -2.2884228408900846e-16  1.7763568394002505e-15  -3.223870267661054e-16  1.0  5.539953968653e-16  1.7763568394002505e-15  2.288422840890085e-16  -5.539953968653e-16  1.0  -2.6645352591003757e-15  0.0  0.0  0.0  1.0
36535719081425;2.332117443040167;1.1287534959703023;0.09950547065213591  -0.9807269974101098  -0.1681464179257075  -2.865389016305101  0.8772236665346143  0.00670152429070633  0.4800351325098494  -0.7492250014645491  -0.46965657685362433  -0.19526813903740406  0.8609837708662141  3.5714457125627725  0.0  0.0  0.0  1.0
36535719081456;3.9542146055036578;3.505541587302536;-0.2676460437785318  0.28224451406092566  0.9212511218621181  -8.91945660508895  -0.9612579062077992  -0.1436584047819397  -0.23525624431352818  0.28588076816218083  0.06594568221421412  -0.9485253275574784  0.3097593743202638  -3.0978424836646514  0.0  0.0  0.0  1.0
36535719081487;3.3533169379046845;3.746509296744501;-0.6817995283575433  -0.7315263377023458  0.004315133743528618  8.66281318454714  -0.726488899336549  0.6777728776887054  0.1133040396911803  10.045200225961997  -0.08580956981713428  0.0741157440586256  -0.993550992254767  -9.949170636941359  0.0  0.0  0.0  1.0
36535719081518;3.0920879439740774;0.06821275686311029;-0.3003245791164061  -0.9001847301553004  0.3153927690575371  0.01178769024937933  0.9010130152340388  -0.3762459857511893  -0.21590392443163614  -7.562661209301312  0.3130186792468128  0.21933173459703284  0.9240740752998305  4.069277234636155  0.0  0.0  0.0  1.0
36535719081549;1.5294161413651834;1.5294161413651834;1.0  1.6809175490205039e-16  1.8720100302132537e-17  4.440892098500626e-16  -1.6809175490205039e-16  1.0  -1.1917161944403066e-16  -4.440892098500626e-16  -1.8720100302132543e-17  1.1917161944403066e-16  1.0  5.273559366969494e-16  0.0  0.0  0.0  1.0
36535719081580;3.0692450464075005;3.5674943560136803;0.7213453014797497  -0.5793229195577141  -0.37953380733238506  1.8685527879777029  -0.022613915356228597  0.5280094604854699  -0.8489373477884596  0.06835483352661148  0.6922063036879625  0.6209597124717269  0.3677763839912495  -2.1525278166052937  0.0  0.0  0.0  1.0
36535719081611;4.067373545893354;3.2138829358545284;0.852975167322833  -0.1578127111890591  -0.4975223734845958  0.7860150235633024  -0.4190613408236388  -0.7753065556414986  -0.4725328955812605  -4.530916907385421  -0.31116066036322965  0.6115512185961816  -0.7274504453746963  -10.21586835897011  0.0  0.0  0.0  1.0
36535719081642;1.8617882493278746;2.0037312814986232;-0.6715675049674775  0.568768045180631  0.47486839972055445  0.7018940573115403  0.7343556140196349  0.5962029392010311  0.32444396657342417  -1.3230803393790662  -0.09858457500846883  0.5666083003887747  -0.8180685273868817  -1.553261028695668  0.0  0.0  0.0  1.0
36535719081673;1.5998785025075408;2.6926259118476326;0.7644107823193013  0.04017480628358558  0.6434766047138549  -5.879453716648607  -0.34377409477912746  0.8697389297104463  0.3540812984399507  2.4689407075047045  -0.5454315059040725  -0.4918741496421684  0.6786488733365796  0.08791191756364004  0.0  0.0  0.0  1.0
36535719081704;1.9756325052656099;4.68775263360148;0.7577869639978171  0.6292882511288885  -0.1724969976147926  8.342677786473216  -0.41424123553220754  0.6682218218767544  0.6179674712737405  -2.676081122775314  0.50414592726682  -0.3968323244883881  0.7670469283306085  0.9688158864162217  0.0  0.0  0.0  1.0
36535719081735;3.6039393451346733;3.6039393451346737;1.0  -6.191331073736999e-16  3.182500313226183e-16  1.7763568394002505e-15  6.191331073736999e-16  1.0  -3.49806374858338e-16  -5.773159728050814e-15  -3.1825003132261814e-16  3.4980637485833806e-16  1.0  4.440892098500626e-15  0.0  0.0  0.0  1.0
36535719081766;4.290345428514503;2.2766846485192813;0.28254232395694256  -0.11792670569130838  -0.951978532981603  1.504433502575397  -0.8083154466134572  0.5051092353849402  -0.3024744602357816  -7.622560306696826  0.5165229655485781  0.8549607899860877  0.04739275943925178  -3.488961608265056  0.0  0.0  0.0  1.0
36535719081797;3.80649089162507;3.079825952904224;0.24117395762699237  0.927155230033125  0.2867373390138744  6.201484729328761  -0.9195661385490052  0.3127621743030529  -0.23786117623373848  -3.0156362817288787  -0.3102148271707922  -0.20630802637670353  0.9280106460897656  0.8406750494423216  0.0  0.0  0.0  1.0
36535719081828;1.9802991795936433;3.3149809094642992;0.7947212803182451  -0.4392380475310181  0.418912907667532  -4.54120799066752  -0.4400510466272642  -0.8923005196293976  -0.10077132048036232  -5.207548126040469  0.41805880324611766  -0.10425795063325458  -0.9024173739230507  5.157715589412551  0.0  0.0  0.0  1.0
36535719081859;4.6068693402346454;4.354804137702729;-0.8200416073443642  -0.3857290709457039  0.4227822679009097  -7.690873783807274  0.5631956925618684  -0.6751788029578062  0.4763866034180883  -1.6522525365392111  0.10169746360568388  0.6287659881576211  0.7709156620748739  -0.7284177827639216  0.0  0.0  0.0  1.0
36535719081890;4.508629332811153;2.4901333000881745;0.7718572119534423  -0.6357906663902881  0.0025831930728593424  -2.4822656934142735  0.07720747069300718  0.08969635363099214  -0.9929720895445605  -4.553054419307713  0.6310906835191331  0.7666321103869154  0.11832056667822308  -4.891260208693604  0.0  0.0  0.0  1.0
36535719081921;2.2999981710951882;2.2999981710951887;1.0  -3.3541525255801796e-16  2.6233119693379715e-16  -8.881784197001252e-16  3.3541525255801796e-16  1.0  -5.122609445544204e-16  -4.440892098500626e-16  -2.623311969337969e-16  5.122609445544204e-16  1.0  -9.992007221626409e-16  0.0  0.0  0.0  1.0
36535719081952;1.2152378562390587;1.4066187806205228;0.6168127926375879  -0.2965412224989243  0.7291126676978404  2.070603911884307  -0.12503335936837312  -0.95146857548989  -0.2812013671735916  -1.0423606228573228  0.7771155884961245  0.0822851943795538  -0.6239555343950725  -3.7653215669513287  0.0  0.0  0.0  1.0
36535719081983;1.4321260052918148;4.902527087652147;-0.25022339372674585  -0.3677314910041853  0.8956348607304822  6.586555311845581  0.9681850630980539  -0.09271003874995828  0.23242747752535758  -0.12200833590651244  -0.0024365602166047788  0.9252990863708989  0.3792303573495809  -5.389392877873383  0.0  0.0  0.0  1.0
36535719082014;2.1446172376713286;2.729294084895495;-0.6136322291108928  0.781680299795558  0.11149617171868571  10.71500279217456  -0.49809753399919343  -0.27365247256539077  -0.8228081008854812  2.497186803596844  -0.6126616799019833  -0.5604375372602861  0.5572750064459253  5.117238008550057  0.0  0.0  0.0  1.0
36535719082045;1.9741406690068724;3.0135161444052154;0.6313092635051337  0.7569310769160696  -0.16883115414900704  -6.245935667855964  0.27822912153424323  -0.4242614615182655  -0.8617370644231748  -3.140149289346762  -0.7239041164013978  0.4970488477695789  -0.4784404593970335  -3.8616356350141876  0.0  0.0  0.0  1.0
36535719082076;2.7263856166451443;2.638398714985972;0.09014605707602663  0.9491979533179326  0.30149118363675736  10.3574330028915  0.20360941045849845  0.2787649228047695  -0.9385272109994424  -2.0573761543114366  -0.9748932743466779  0.14599096968887537  -0.1681360770415246  7.339829621010449  0.0  0.0  0.0  1.0
36535719082107;1.536577084651521;3.3905507782417956;0.2814011287243309  -0.6584719916351112  0.6980172211233481  7.436594978707471  -0.3639660121389157  -0.7462977247010213  -0.5572866839551918  3.4059730799824304  0.8878863366221864  -0.0972334424885235  -0.44967044699586795  -5.067793667766015  0.0  0.0  0.0  1.0
36535719082138;2.448192473659257;1.661047987021972;-0.5217264862034282  -0.030518014026348697  -0.8525667858963965  4.907005510120004  -0.327585499715484  0.9299134674516764  0.16717859739857774  -4.685769617044488  0.7877113773267337  0.3665100187878721  -0.4951577447219541  -7.248807542560973  0.0  0.0  0.0  1.0
36535719082169;2.751939271344588;2.7519392713445874;1.0  -3.6382810215725683e-16  5.502618280668817e-16  -8.881784197001251e-16  3.6382810215725683e-16  1.0  6.294852258842637e-16  8.881784197001252e-16  -5.502618280668817e-16  -6.294852258842636e-16  1.0  3.552713678800501e-15  0.0  0.0  0.0  1.0
36535719082200;3.495996902324403;3.745494023342394;0.0333600647625561  -0.9106524015674309  0.4118243674171188  -5.725126462321415  0.6736378939399134  -0.28390455919243934  -0.6823563505368319  2.4455135307463456  0.738308264837416  0.3001839515850552  0.6039788914221629  10.762969884023644  0.0  0.0  0.0  1.0
36535719082231;4.028218031238248;4.028218031238248;1.0  2.929285860806749e-16  2.919126862085967e-16  4.440892098500626e-15  -2.929285860806749e-16  1.0  -4.58945238968537e-16  -1.7763568394002505e-15  -2.919126862085968e-16  4.589452389685369e-16  1.0  3.552713678800501e-15  0.0  0.0  0.0  1.0
36535719082262;2.352339194995012;0.01944644832501342;0.6184997847251467  -0.46164155243901345  0.6358813516345986  -3.98876224779014  0.7857847742887898  0.3627943811906387  -0.5009216759857952  -2.3043696257795605  0.0005520786754941928  0.8094858331300177  0.5871391497515199  3.15965655704356  0.0  0.0  0.0  1.0
36535719082293;4.915635355433878;4.210979236213544;-0.3402263295577649  0.9402369455504324  -0.014160893250306256  -4.683030989129208  0.4559638549085959  0.17812433781137765  0.8719912174420968  7.873395497063014  0.8224007585675875  0.29021751584157257  -0.4893166518791307  0.5023140626900876  0.0  0.0  0.0  1.0
36535719082324;2.6136203318699214;2.6136203318699214;1.0  1.6521382256814777e-16  -7.873964250525317e-18  2.1895288505075267e-47  -1.6521382256814777e-16  1.0  -2.0510979648631051e-16  2.6645352591003757e-15  7.873964250525302e-18  2.0510979648631051e-16  1.0  0.0  0.0  0.0  0.0  1.0
36535719082355;2.6932219088290648;5.431549269564787;-0.3160988568323602  0.8355050728813209  -0.44945832498559357  8.572185487015911  -0.7242793862026499  -0.5185123949830004  -0.4544934179621359  -5.432455914409055  -0.6127812688318616  0.181868549888574  0.7690402766632182  16.480749408235607  0.0  0.0  0.0  1.0
36535719082386;4.785475193293865;2.62954604368642;0.006349980983549675  -0.8497960212073187  -0.5270734294969892  3.9078546904968454  0.9458121702908154  -0.16601843369641003  0.27906489962510417  -6.2412381502827445  -0.32465214656811897  -0.5002845210609664  0.8026932052257034  -8.85129931686669  0.0  0.0  0.0  1.0
36535719082417;2.477038884971137;2.477038884971138;1.0  3.831261932127256e-16  1.9180851723901816e-16  -5.10702591327572e-15  -3.831261932127256e-16  1.0  -7.908952512534925e-17  1.7763568394002505e-15  -1.9180851723901816e-16  7.908952512534925e-17  1.0  -1.1102230246251565e-15  0.0  0.0  0.0  1.0
36535719082448;2.815184467780424;4.76657142244514;0.8216552103822428  -0.4334675391800271  -0.3701197208052054  -2.1678142205634328  0.3534793052006179  0.8969119982357459  -0.2657089539621308  7.9732481912980715  0.447141024785917  0.08749148471692969  0.8901742211811274  -13.071077171411643  0.0  0.0  0.0  1.0
36535719082479;3.430440585461284;3.430440585461284;1.0  -1.969289419102953e-16  -2.765336337116786e-17  8.326672684688674e-16  1.969289419102953e-16  1.0  6.069417930811317e-17  0.0  2.7653363371167853e-17  -6.069417930811317e-17  1.0  0.0  0.0  0.0  0.0  1.0
36535719082510;3.752685809770862;4.343676440530627;-0.05029079053460706  0.9071498036888673  -0.41779189802418876  12.991245931834433  -0.7677281462370359  0.2324482598012794  0.5971275408074924  5.4764683585271206  0.6387991310755288  0.3507806154601573  0.6847544304015443  -0.5000421876144381  0.0  0.0  0.0  1.0
36535719082541;1.6713742885955687;3.8835531856543732;0.29472524638197556  0.9523340405742703  0.07872041862545638  5.196377851926567  0.5400430192957396  -0.2339589459866344  0.8084656757727964  -0.17725557866934102  0.7883467298435536  -0.19576283292879101  -0.583254958649019  9.505975433467533  0.0  0.0  0.0  1.0
36535719082572;5.705872389959219;5.705872389959219;1.0  3.443374619967124e-16  3.358738204038751e-16  -8.881784197001252e-16  -3.443374619967124e-16  1.0  3.3350011875135844e-16  -1.7763568394002505e-15  -3.3587382040387507e-16  -3.3350011875135844e-16  1.0  -1.7763568394002503e-15  0.0  0.0  0.0  1.0
36535719082603;3.111669804062568;3.3288139809653936;0.40346526653653514  0.04078570307307263  -0.9140855020857936  -4.540976587129455  0.41492724273448045  -0.8985386376858477  0.14305138874691994  -12.851440005817382  -0.8155066903069301  -0.43699524369321946  -0.3794522302663928  -2.8733517394718446  0.0  0.0  0.0  1.0
36535719082634;4.355140868473985;4.933466664023694;0.23206557251274249  -0.8792004228740428  -0.41611559268121023  12.179381150360307  0.8457198209152189  -0.028959180183178578  0.5328408302619526  5.58995854123916  -0.4805242497163505  -0.47557121685528914  0.7368367954529133  -5.044494468425492  0.0  0.0  0.0  1.0
36535719082665;2.7201030154491477;2.7201030154491472;1.0  -5.518317113120592e-16  -6.305220328219772e-16  2.6645352591003757e-15  5.518317113120592e-16  1.0  -3.575024769446956e-16  1.553878553606225e-15  6.305220328219775e-16  3.575024769446952e-16  1.0  4.440892098500626e-16  0.0  0.0  0.0  1.0
36535719082696;3.2991237738734345;3.2991237738734336;1.0  1.1123748762345589e-16  1.2390142059751285e-16  1.5543122344752192e-15  -1.1123748762345589e-16  1.0  9.481725351239234e-17  -1.0947644252537633e-47  -1.2390142059751285e-16  -9.481725351239235e-17  1.0  -4.440892098500626e-16  0.0  0.0  0.0  1.0
36535719082727;1.2878238866021425;1.2878238866021423;1.0  -5.246171728901305e-16  2.328915825193872e-16  -4.052314039881821e-15  5.246171728901305e-16  1.0  -1.378109950942921e-16  2.220446049250313e-15  -2.3289158251938713e-16  1.3781099509429216e-16  1.0  1.3322676295501878e-15  0.0  0.0  0.0  1.0
36535719082758;3.2221881761895412;3.222188176189542;1.0  -2.9537127279275064e-16  2.2806606027143663e-16  2.1895288505075267e-47  2.9537127279275064e-16  1.0  -9.354130911157384e-17  -1.3322676295501878e-15  -2.280660602714366e-16  9.35413091115739e-17  1.0  8.881784197001252e-16  0.0  0.0  0.0  1.0
36535719082789;4.375691271181936;4.375691271181935;1.0  7.768115421774362e-17  -1.7104240558137764e-16  1.7763568394002505e-15  -7.768115421774362e-17  1.0  -3.941363153685993e-16  4.440892098500626e-15  1.7104240558137764e-16  3.941363153685993e-16  1.0  -8.881784197001251e-16  0.0  0.0  0.0  1.0
36535719082820;2.9711958970592893;5.202475422276424;0.28930195239035106  0.8701259318151047  0.39898025405529364  -1.5761436250607903  0.8120361959880344  -0.44378064329550926  0.37901973173108894  -2.058610630657211  0.5068546110556887  0.21433525939312886  -0.834960358240118  10.867235138279048  0.0  0.0  0.0  1.0
36535719082851;3.748982682712409;3.7489826827124086;1.0  -6.958840611523945e-16  2.419226189433024e-16  -2.220446049250313e-15  6.958840611523945e-16  1.0  -2.4203191575914536e-16  4.107825191113079e-15  -2.419226189433023e-16  2.420319157591455e-16  1.0  -1.7763568394002505e-15  0.0  0.0  0.0  1.0
36535719082882;4.963661102647681;4.96366110264768;1.0  4.3958879128250716e-16  -2.7517347395013718e-16  8.758115402030107e-47  -4.3958879128250716e-16  1.0  5.411721216594219e-16  -2.6645352591003757e-15  2.7517347395013737e-16  -5.411721216594218e-16  1.0  -1.7763568394002505e-15  0.0  0.0  0.0  1.0
36535719082913;2.817358654932551;2.8173586549325518;1.0  1.024914253896699e-16  1.5980576658744876e-16  -1.7763568394002505e-15  -1.024914253896699e-16  1.0  9.678786699282442e-17  -4.440892098500626e-16  -1.5980576658744876e-16  -9.678786699282442e-17  1.0  1.7763568394002505e-15  0.0  0.0  0.0  1.0
36535719082944;2.334751411184137;2.3347514111841368;1.0  8.816530091617235e-16  4.456879700776108e-16  2.220446049250313e-15  -8.816530091617235e-16  1.0  -5.244777812292628e-16  4.440892098500626e-16  -4.45687970077611e-16  5.244777812292622e-16  1.0  2.2204460492503128e-16  0.0  0.0  0.0  1.0
36535719082975;3.599500676289258;3.599500676289258;1.0  -3.109951478591872e-16  -1.667861689809552e-16  4.440892098500626e-16  3.109951478591872e-16  1.0  -2.201420875252114e-16  -1.1102230246251565e-15  1.6678616898095522e-16  2.201420875252114e-16  1.0  -2.1895288505075267e-47  0.0  0.0  0.0  1.0
36535719083006;4.488115034885534;4.488115034885534;1.0  1.9557308421992435e-16  2.0658548768521453e-16  0.0  -1.9557308421992435e-16  1.0  -7.417385725155761e-16  -4.440892098500626e-16  -2.0658548768521453e-16  7.417385725155761e-16  1.0  1.887379141862766e-15  0.0  0.0  0.0  1.0
36535719083037;2.300426924388642;2.300426924388642;1.0  1.1444714945077654e-16  1.1819008012591277e-16  -8.881784197001251e-16  -1.1444714945077654e-16  1.0  3.2375821004707925e-16  6.661338147750939e-16  -1.1819008012591277e-16  -3.2375821004707925e-16  1.0  1.9984014443252818e-15  0.0  0.0  0.0  1.0
36535719083068;5.209340635066207;5.209340635066207;1.0  7.998716950815925e-17  5.208795732629232e-17  7.887343868034128e-48  -7.998716950815925e-17  1.0  6.356565489118956e-17  -8.881784197001251e-16  -5.2087957326292314e-17  -6.356565489118956e-17  1.0  8.881784197001252e-16  0.0  0.0  0.0  1.0
36535719083099;3.2857786138404523;0.20102217418086746;-0.9410269915235718  0.17949357588932277  0.286793056817208  10.301452939770632  0.035159952729841855  -0.7911973745574276  0.610549336431929  2.0038354691475426  0.3364995972480946  0.5846270355601907  0.738227099437546  0.1429376345465513  0.0  0.0  0.0  1.0
