# registration_from_features.py FastGlobal FastGlobal_config.json l2 True --use_random_keypoints=True --n_keypoints=5000 --input_txt=/neural_comparison/point_clouds_registration_benchmark//eth/hauptgebaude_global.txt --input_pcd_dir=/neural_comparison/point_clouds_registration_benchmark//eth/hauptgebaude/ --input_features_dir=/neural_comparison/experiments/FCGF/3dmatch_normalized_5cm_32//eth/hauptgebaude/ --output_dir=/root/neural_registration_comparison/results/FCGF/3dmatch_normalized_5cm_32/FastGlobal/
id;initial_error;final_error;transformation
3394309160030;3.936759879304484;2.6585064340426015;0.44247207431144236  -0.23789589369623482  -0.8646525355407222  1.1227071873879984  0.8700754713524493  0.3474319051546955  0.3496566107360052  -10.49473893666067  0.21722600582191295  -0.9070262482657526  0.360716297596338  2.4737326655801035  0.0  0.0  0.0  1.0
3394309160061;3.7772892530728184;3.2093229248711044;0.5036215539474135  -0.0468474230265236  -0.8626532613717797  8.462649284201458  -0.4737296843312763  -0.8499960779958133  -0.2304058453579745  10.922853291169341  -0.7224579687310411  0.5247018070747486  -0.45026936057154643  16.28370188228944  0.0  0.0  0.0  1.0
3394309160092;3.061336083217481;3.6755841425548756;-0.008179275797236507  -0.019202621626950994  0.9997821556569632  9.907128585814611  -0.8264465432339835  0.5630006132834696  0.0040522363005948145  17.972721893700026  -0.5629557803451618  -0.8262333621714205  -0.020474877554682604  -0.5495070877638073  0.0  0.0  0.0  1.0
3394309160123;1.9832381539954238;1.6678604182331362;0.39769279469906427  -0.4417782160780401  -0.8041594672969734  14.522775594551854  -0.624031408049622  0.5122834632115856  -0.5900427569994824  15.109997928439695  0.6726256334782772  0.7364765176968284  -0.07195204006209877  -15.399715454595956  0.0  0.0  0.0  1.0
3394309160154;1.9207102010338835;1.7021648107203369;-0.5521454332171657  -0.8129175240141142  0.1852039949034346  14.065161733653213  -0.3537600423672889  0.027275409035186462  -0.9349384388751257  4.526781578488292  0.7549763261200457  -0.581739762447717  -0.3026377302742524  -8.860555815752512  0.0  0.0  0.0  1.0
3394309160185;2.640555800877831;1.6348698626977265;-0.45177856203355027  -0.0034518265970978623  -0.8921234307987012  25.57999539329657  -0.23245798549407007  -0.9649935758236923  0.12145239231501813  6.327389663392872  -0.8613126121606131  0.2622508026911379  0.43516100540020447  15.208319206266868  0.0  0.0  0.0  1.0
3394309160216;2.7201455624554285;3.794762172683372;-0.6196499023350677  -0.6383818025938066  -0.4566209288383763  24.37889598662163  0.7723786992952266  -0.5993808118856851  -0.21017561042678715  1.0168660208462144  -0.13951753800563582  -0.4829195755613356  0.864478767887626  -8.530322025126702  0.0  0.0  0.0  1.0
3394309160247;2.5310221937667676;2.7744048316010237;0.9143735888513387  -0.3086577589385159  0.2620139840889742  1.8944505098238018  0.4024820484141506  0.763173271416249  -0.505544022316721  -0.34502487260715553  -0.04392198442094533  0.5677120270373638  0.8220546901767872  -4.497690356200319  0.0  0.0  0.0  1.0
3394309160278;1.96744994252244;2.7204129741491023;-0.7099652398634326  -0.6797748148657002  0.18399880233295507  17.064605468794614  -0.3952372882648844  0.6008583659122771  0.6948069588585369  6.282988194813133  -0.582869491525058  0.4205656015267193  -0.6952609083371417  7.386617744159902  0.0  0.0  0.0  1.0
3394309160309;1.4697744642858348;3.045464715847248;0.21090760735314518  0.9419454583917001  0.2612598985221815  4.516894008473103  0.10578454268724599  -0.28769610574830257  0.951861639770041  -6.9667128724335186  0.9717652039916951  -0.1731176020874553  -0.16032056686048635  -15.678276698876411  0.0  0.0  0.0  1.0
3394309160340;3.1108095863624285;3.57089562952349;-0.9686890121040801  0.10892411717918797  0.22310789884169557  18.691641937866628  -0.15205204189594843  0.45011407744810356  -0.8799303914732775  -1.3563944640652355  -0.1962696471288789  -0.8863029132185993  -0.4194584265885331  1.2957453726682968  0.0  0.0  0.0  1.0
3394309160371;4.078910422747308;2.2221479777648763;0.8553018440867571  0.5136913779122068  -0.06767513398915913  1.2922857985401814  -0.49789334041425104  0.7787080807276199  -0.38172758163465986  2.3895851584661516  -0.1433909936953204  0.36018730303574675  0.9217939735423002  -5.0315950718495746  0.0  0.0  0.0  1.0
3394309160402;3.021814741136945;1.368697080340862;0.5913570258125774  -0.7052435618763196  -0.3910605917937855  5.858528375072808  0.5277705291343419  0.7051294602548954  -0.47355117237516886  -3.5186396758485277  0.6097172595550832  0.073647557411244  0.7891900282492154  -14.482625218407321  0.0  0.0  0.0  1.0
3394309160433;1.3594709122664788;2.6579260600906904;-0.2731647149656793  0.9509751828893817  0.1450077240226392  22.28942181807261  -0.7697839932885787  -0.12569312350491763  -0.6258065534813991  12.002511419915715  -0.5769000278856027  -0.28257289366123556  0.7663804000582914  11.066705225782039  0.0  0.0  0.0  1.0
3394309160464;1.5447184908495197;2.3002251336649726;-0.7034703257661693  -0.15015185099250986  0.6946826055184905  7.398078648811666  -0.6673970355848716  -0.19649548509839196  -0.7183110198434053  8.482537772037132  0.2443577247785753  -0.9689395987260876  0.03801784267376504  0.2890183852888018  0.0  0.0  0.0  1.0
3394309160495;2.78060091011266;2.8334507147028867;0.18584594567095633  -0.8199801909332726  -0.5413813544579276  -5.724828224630703  0.942452749574059  0.3046062369431928  -0.1378327074231736  -0.514034518756677  0.27792822688234287  -0.484610696221555  0.8294024197033046  -5.41685438589268  0.0  0.0  0.0  1.0
3394309160526;1.34399863829473;2.498243311220418;-0.3773259182964095  -0.7631113322889597  -0.5246772778708292  21.710423303473412  -0.14329472264523585  0.6078436873571863  -0.7810202777150167  -0.1257421502054176  0.9149271959253349  -0.21951570848617777  -0.3387050042205085  -9.331722194096235  0.0  0.0  0.0  1.0
3394309160557;2.19301441794297;3.229173145550154;0.5897253268275511  -0.41583463747326344  -0.6923189966883894  -1.938387689991347  0.8076027020521928  0.3051174114833667  0.5046595296313015  -8.870695665689253  0.0013836676386633367  -0.8567291984560648  0.5157646420381069  5.089161443175686  0.0  0.0  0.0  1.0
3394309160588;3.3552539819811384;2.2277584801969526;0.5815771588033171  -0.7011392500071976  0.41251880012626085  4.660160388591196  0.24848595386780925  0.6359721292001097  0.7306121964565631  -8.789366164007399  -0.7746113471210374  -0.3224022378644799  0.5440901193104947  7.8625663358451225  0.0  0.0  0.0  1.0
3394309160619;3.0056203551742433;2.8584304958586317;0.13873385492787865  0.6929018473914059  0.7075591476183652  -5.386963204847816  -0.041282501108052996  -0.7098009137221566  0.7031915940776416  -0.4120374378853869  0.9894688840984912  -0.1267662918948391  -0.06986869570929756  -8.45553810379225  0.0  0.0  0.0  1.0
3394309160650;2.0651927868102353;1.89121597632003;0.3982240867375907  -0.43934083113029093  -0.8052311536718866  13.071669917926805  0.916588723728274  0.2248608263479816  0.33060961920106874  -12.160453232970465  0.035814637736332  -0.8697225091233683  0.4922398489029173  -4.966504482725885  0.0  0.0  0.0  1.0
3394309160681;2.0883872688177947;2.8558958212714334;0.2495034625009153  -0.6025185012852878  0.758102550984355  -0.28816796005811784  -0.4815809440951163  0.6019875729512139  0.6369385812594215  4.773870204219691  -0.8401355941063986  -0.5240061236486069  -0.13996344484989343  -3.3032015596536564  0.0  0.0  0.0  1.0
3394309160712;2.2055221376060135;3.786934346873732;-0.839701353544476  0.2849908275438204  -0.46225735805010554  23.58882615040818  -0.2988214518475125  -0.9532529782720673  -0.04488317425471321  2.120116457072662  -0.4534394962630841  0.10044395268667272  0.8856091889752266  20.727321647187917  0.0  0.0  0.0  1.0
3394309160743;2.1472367397073575;3.617321483823758;0.785663920044174  -0.6181061328141942  -0.026019479593291164  -1.8531047905906857  -0.5056602308468954  -0.6658300969910482  0.5486146305748297  9.647793191887942  -0.3564266203311527  -0.41786970519334693  -0.8356703738920855  0.523386262105089  0.0  0.0  0.0  1.0
3394309160774;3.3639630831655443;3.4523509233629235;0.31073546943875263  0.9317522071508433  -0.187833150700857  18.68759345067644  0.655695935449859  -0.06706703217998095  0.7520404599681484  2.1724616741698104  0.6881179464795363  -0.3568470788224307  -0.6317862408035528  -7.725905383727216  0.0  0.0  0.0  1.0
3394309160805;1.324119052607352;2.3996396601482917;-0.46488247991661197  -0.3157793844053956  -0.8271442801900596  28.290742028147054  -0.3503581299636561  -0.7923609284207219  0.49941299530610966  8.351135389755928  -0.8131011380111034  0.5219650749780107  0.2577188387919053  14.661797922994669  0.0  0.0  0.0  1.0
3394309160836;1.3305106697980524;2.7209168941964825;0.690663175376195  -0.1776324264467272  0.7010214684686352  -1.9555029099428807  0.022745482229477563  -0.9635488336512779  -0.2665638539026074  2.2074226990567456  0.7228188024791689  0.20005090913042656  -0.6614473618804971  -0.23456910238500545  0.0  0.0  0.0  1.0
3394309160867;3.084620563102242;2.5932189470714;0.20099309502664248  0.959061525581219  0.19950630541774247  9.95288942757844  -0.8630412745306147  0.26971592721398335  -0.4270984395472218  19.883510725787858  -0.46342370915629927  -0.08633833885897718  0.8819207203796102  1.4670888160393907  0.0  0.0  0.0  1.0
3394309160898;2.141076967332666;0.09480579840600309;0.5635841796772805  0.752056827176331  -0.3417358645430061  12.455320763429198  0.4822606037570913  -0.6354248670904159  -0.6030422442474286  -8.745082656452096  -0.6706695031692831  0.17505932417497053  -0.7208027819993968  16.45067092853557  0.0  0.0  0.0  1.0
3394309160929;4.439440389033587;2.162886013872744;0.20149754655070218  0.97838907643804  0.04640639870499039  0.8406380514546651  0.20505604487219511  -0.08846445176232892  0.9747440993592948  -12.203205125003477  0.9577842957552711  -0.18689263196046413  -0.21844996434760652  -13.379868989783608  0.0  0.0  0.0  1.0
3394309160960;2.4847882689820464;2.4847882689820464;1.0  -1.311975787697956e-16  -1.0070042555578587e-16  1.642146637880645e-47  1.311975787697956e-16  1.0  -4.231097341738897e-18  -3.4416913763379853e-15  1.0070042555578587e-16  4.231097341738891e-18  1.0  -4.440892098500626e-16  0.0  0.0  0.0  1.0
3394309160991;2.9477521292476965;2.9240063190341816;-0.5917283625303142  0.7719983048540962  0.2321123914822207  12.145653393128102  -0.24914467839261256  0.09870047171121685  -0.9634236586842909  14.594193385576743  -0.7666710338899188  -0.6279146711029974  0.13393540087586775  9.112879098213435  0.0  0.0  0.0  1.0
3394309161022;4.019397668082857;2.8959945606253896;-0.638487482490167  -0.01981902225963302  0.7693769824085213  6.328528659659528  0.7269397033937559  -0.343849817775429  0.5944122899516836  -10.146116874523301  0.25276946479582757  0.9388154819624969  0.23395103866910838  -6.049475661011488  0.0  0.0  0.0  1.0
3394309161053;2.8365870008578016;1.8134987107767808;0.059027856170295004  0.9943102757067338  -0.08867236221018927  18.922528071978007  -0.8418320492458831  0.09732081301941331  0.5308930779504638  8.231496738381654  0.5365021090903693  0.04330975614381141  0.8427868959377266  -12.062694151726857  0.0  0.0  0.0  1.0
3394309161084;1.9084522891745812;0.09892771755496305;-0.7786720221128313  0.3557732835642843  0.5168125895144196  36.406438503647614  -0.07308066165333801  -0.8695174097230021  0.48846564984747026  -4.004377541751719  0.6231605723014116  0.34258552930689956  0.7030690266527806  -9.280478962811754  0.0  0.0  0.0  1.0
3394309161115;2.6459747141640655;3.4118383532407237;-0.20016902855807303  -0.913453399020668  -0.35430953673829635  9.22172846345218  -0.5386466157246436  0.4046730512475567  -0.7389854835938129  -2.3999366576437207  0.8184083231336936  0.04292562651355798  -0.5730315935565089  -6.276992185390099  0.0  0.0  0.0  1.0
3394309161146;1.4245283483443059;2.6788506354854866;-0.46655841105768037  0.7281538557411489  0.5021107561491085  2.8590915738600273  -0.3022725898154353  -0.6647672337562052  0.6831660166975463  6.160183575250089  0.8312367475741222  0.1669625326036341  0.5302536960634769  -5.537380390170113  0.0  0.0  0.0  1.0
3394309161177;1.4359728733692718;2.353888829666875;-0.6711525816206604  0.27652260039277454  0.6878149923169299  7.7078076844881664  -0.6813633368922802  0.13543491561662846  -0.7193061842991029  3.58877869647435  -0.29205858200528834  -0.9514161208976526  0.09751486847207483  4.342877698503726  0.0  0.0  0.0  1.0
3394309161208;3.0244753449661483;2.4749170476059614;0.2554911811594911  -0.914792151419353  -0.3128571176292473  11.038395415620535  0.9665387277535105  0.2493610205822189  0.06018279793114753  -8.739071980515618  0.02295961895056976  -0.31776469457091366  0.9478915838754438  -3.1285591964326187  0.0  0.0  0.0  1.0
3394309161239;2.9239237120023964;2.6692077922841375;0.7242113027259744  -0.3010663145541051  0.6203846091294959  -2.8708220683066257  -0.24170066972964996  -0.9534097679683915  -0.18052866973058698  -1.8720855564983647  0.6458318475084566  -0.019206472431590377  -0.7632380599528225  8.594396552915327  0.0  0.0  0.0  1.0
3394309161270;1.0304885640464179;2.9060596625511645;-0.8877255362885363  0.20714506505488953  -0.41113780444594955  7.27504654095312  -0.14564502925693826  -0.9735503675751436  -0.176031835890694  5.405016857860448  -0.4367274867397004  -0.09638777836275797  0.8944151712198958  -0.019757886713947837  0.0  0.0  0.0  1.0
3394309161301;2.0398930971718565;2.2986477863728183;0.34621822091626925  -0.11653913126315922  0.9308875197304984  0.7638376291764423  0.8774326989607645  -0.31095437561761324  -0.3652659785398679  -0.3576913650834912  0.33203132728705015  0.9432528861173372  -0.00540282623368302  1.0292024133158517  0.0  0.0  0.0  1.0
3394309161332;2.256914975873143;3.6588372525323316;0.321088898730866  0.9058262313721093  0.27637068887637223  2.8624686754877997  -0.6723990575481847  0.42355214297454774  -0.6070280797376533  5.550297105174854  -0.6669193553347464  0.009078586887260825  0.7450745954198251  -4.72869887879804  0.0  0.0  0.0  1.0
3394309161363;3.66917130522765;1.8644235906411823;-0.6524278825334964  -0.4541534737332924  -0.6066980141625985  30.403083432234723  -0.46597256629589723  -0.390946543839411  0.7937445227021322  -2.2932838340911976  -0.5976683240330504  0.8005656888450826  0.0434413661332378  13.386741255928436  0.0  0.0  0.0  1.0
3394309161394;2.752686316258313;2.9669422708334543;0.7807852161661775  -0.3566861845517512  0.5129809079939032  -1.1274797833633918  0.40611532630381175  0.9136607530262859  0.017157217740372873  -7.006897068630484  -0.4748102652191548  0.19493330687534247  0.8582285347814766  -1.2369690136867142  0.0  0.0  0.0  1.0
3394309161425;1.9040075588087033;1.9040075588087038;1.0  -1.9686683241569708e-16  5.082935224690465e-16  3.552713678800501e-15  1.9686683241569708e-16  1.0  7.488283188333823e-17  -3.552713678800501e-15  -5.082935224690465e-16  -7.488283188333818e-17  1.0  9.325873406851315e-15  0.0  0.0  0.0  1.0
3394309161456;1.9884497529698029;2.5342736288289642;0.10198748545683346  -0.7432239863313125  0.6612236073764939  2.860411039007443  -0.8395785425970046  -0.4208318859400283  -0.3435234993226078  6.3015230396916495  0.5335788822853501  -0.5201140547206461  -0.6669144971142595  -6.238756392567077  0.0  0.0  0.0  1.0
3394309161487;2.3504147878262693;3.385418596294226;0.6243654245844462  -0.7792324396389353  -0.054448338797773776  1.345990561043682  -0.6544659782041603  -0.4837951041063118  -0.581047829886693  3.433992718344116  0.42642947829243205  0.39842076032395257  -0.8120460564439242  -3.5806337112584474  0.0  0.0  0.0  1.0
3394309161518;2.2062122654647958;3.7340191918116714;0.8874439138361917  0.10256994313135152  -0.44935810503554097  5.871308235551478  -0.4496048459491988  -0.022014615566424162  -0.8929562358819492  -1.5402824469950518  -0.10148291626721137  0.9944821584460395  0.026579206880722385  -10.085708155147037  0.0  0.0  0.0  1.0
3394309161549;1.3852236987168691;2.536904550774313;-0.23078141793018891  -0.6165882729894976  0.7527010287956032  -1.452911993727194  -0.3507236969649997  -0.6688662980947597  -0.6554469953094719  2.4863679868831428  0.9075972815766544  -0.41525507448415483  -0.061890205928115484  1.1500669753507278  0.0  0.0  0.0  1.0
3394309161580;2.2986137988137836;2.2986137988137827;1.0  -1.7474285850721685e-16  1.3904495790253556e-16  -5.329070518200751e-15  1.7474285850721685e-16  1.0  5.253458644756143e-16  -4.440892098500626e-15  -1.3904495790253556e-16  -5.253458644756143e-16  1.0  1.7763568394002505e-15  0.0  0.0  0.0  1.0
3394309161611;3.407144086678155;3.978043646167944;0.20775927091341498  -0.9728333245415769  0.10213426462705674  9.492473399504899  0.9710921169221475  0.19257982698853668  -0.1410429391665097  -16.08036762553773  0.1175422724009914  0.12848475745569446  0.9847210169892597  13.45856925786977  0.0  0.0  0.0  1.0
3394309161642;1.7425026346266586;3.6881244935803927;0.13428829493659913  0.9468780646316526  0.2922132518597238  11.307886081431095  -0.49502440692873034  -0.19135333754930176  0.8475463036044696  6.010950355604317  0.8584389846622057  -0.25846823968943705  0.4430312389481845  -12.540561693916288  0.0  0.0  0.0  1.0
3394309161673;2.6456540480703254;3.2101667002100376;-0.5374470754197719  0.3746193710181663  -0.7555203292967626  10.146013897946666  -0.7749294854281288  -0.5727657167750912  0.26725217735542  7.390882653226206  -0.3326183003636895  0.729108881131667  0.5981348557959986  4.281515603728866  0.0  0.0  0.0  1.0
3394309161704;3.077519635932954;1.7344118712783634;-0.5415847598676469  -0.7254136516381444  -0.4248069936996239  20.929734858851635  -0.0019639462099797426  -0.504240686330519  0.8635609261448843  -1.8782304159065013  -0.8406438549078828  0.46852573490250865  0.2716643976300093  3.1610252065055433  0.0  0.0  0.0  1.0
3394309161735;3.1217165961473894;3.1217165961473894;1.0  7.490459446296238e-17  -2.8963137282057817e-19  0.0  -7.490459446296238e-17  1.0  5.668106966679632e-17  2.6645352591003757e-15  2.8963137282057827e-19  -5.668106966679632e-17  1.0  8.881784197001252e-16  0.0  0.0  0.0  1.0
3394309161766;2.088824937831005;2.220168392984013;0.0247288339924847  0.05023376866097607  -0.9984312962119561  1.2784056955759042  0.9299405124350237  0.3653702525273842  0.04141523753596038  -7.450552641574532  0.36687753828962644  -0.9295058617642983  -0.03767923624958848  -4.213544201346341  0.0  0.0  0.0  1.0
3394309161797;2.586432702881334;1.6433715822384956;-0.29891897571109155  0.9148366702439946  0.2715166896098859  21.48369233134749  -0.07728734326533789  -0.3067998624555691  0.948630861277573  4.083433634462418  0.9511435814485721  0.2625789617888761  0.16241359639838807  -14.416780034031579  0.0  0.0  0.0  1.0
3394309161828;3.2220836563382176;3.2220836563382167;1.0  1.4427505455863154e-16  2.1384115131557015e-16  -3.552713678800501e-15  -1.4427505455863154e-16  1.0  7.287014158491198e-17  3.552713678800501e-15  -2.1384115131557015e-16  -7.287014158491201e-17  1.0  4.773959005888173e-15  0.0  0.0  0.0  1.0
3394309161859;1.6225102333552934;1.6225102333552934;1.0  -2.061654849791658e-16  2.1558675887933713e-16  0.0  2.061654849791658e-16  1.0  2.1062826514643886e-17  -3.552713678800501e-15  -2.1558675887933713e-16  -2.1062826514643867e-17  1.0  2.6645352591003757e-15  0.0  0.0  0.0  1.0
3394309161890;1.282929335068904;3.8432818495503236;-0.8850844861050282  0.14246163202569836  0.44309156599598415  15.983292539253048  -0.007275235411765798  -0.9561222975180833  0.2928774882752944  6.561263718874591  0.4653735310542518  0.2559977257502811  0.8472854542624825  -10.70195956150495  0.0  0.0  0.0  1.0
3394309161921;1.558203848860055;2.3485590238892247;-0.02944743306394332  -0.3319644914146506  0.9428321298755973  0.9853946082060847  0.6227142254594196  0.7317429465945632  0.27709069547637744  0.12923019714332729  -0.7818950326587455  0.5952745892014198  0.1851710597114489  -2.3786971859515273  0.0  0.0  0.0  1.0
3394309161952;3.0446776651304432;2.56712700815183;-0.9053750418199743  -0.39008496682816673  0.1677192663475129  15.108397452199863  0.0781606622870467  -0.5413489938532263  -0.8371572001272817  -13.011690501396341  0.41735709472863897  -0.7448321861391102  0.5206131673045759  -1.710727707299826  0.0  0.0  0.0  1.0
3394309161983;3.4771226457556867;1.8809544920369272;0.5159482030489138  0.09129584011578075  0.8517408768799072  2.1407049243149543  -0.5087310695691483  0.8326262661632816  0.21892053295664754  0.5013953536137628  -0.689195292080284  -0.5462587028803721  0.4760370562275862  13.175921896273053  0.0  0.0  0.0  1.0
3394309162014;3.770407506413389;3.6686159861160306;-0.45303217280653585  0.7564979918922803  -0.47167005275418655  14.135047964747866  0.38393182537265097  0.6430596983962005  0.6626240093481471  -1.3578065456777044  0.8045857343181116  0.1191008503812397  -0.5817703873266931  -4.9217965300636415  0.0  0.0  0.0  1.0
3394309162045;1.518228345276698;3.286332080124278;-0.9007124250311763  0.3963438504122924  -0.17784453782676382  23.23306958962858  -0.42215537509705303  -0.7020066127044802  0.5735604196558981  1.6891936289718028  0.10247910358274769  0.5916910240653808  0.799624765355186  -4.80118641074264  0.0  0.0  0.0  1.0
3394309162076;2.477253977533275;2.4772539775332745;1.0  -2.1006651411423337e-16  4.04622588960515e-17  8.881784197001251e-16  2.1006651411423337e-16  1.0  -4.1630838657751473e-16  -3.774758283725532e-15  -4.0462258896051436e-17  4.163083865775148e-16  1.0  -1.3322676295501878e-15  0.0  0.0  0.0  1.0
3394309162107;3.7764439721661978;3.7764439721661986;1.0  -8.785372968757273e-17  8.380543320785009e-18  0.0  8.785372968757273e-17  1.0  1.1031307690604704e-16  -1.7763568394002505e-15  -8.380543320785013e-18  -1.1031307690604704e-16  1.0  0.0  0.0  0.0  0.0  1.0
3394309162138;3.5448738491278085;3.5448738491278085;1.0  -5.876206933559524e-17  -4.3239854953206664e-16  -7.148025291631799e-47  5.876206933559524e-17  1.0  -1.9830689793606302e-17  -8.881784197001251e-16  4.3239854953206664e-16  1.9830689793606296e-17  1.0  -4.107825191113079e-15  0.0  0.0  0.0  1.0
3394309162169;3.3386677234651425;3.3386677234651425;1.0  -2.4393420610948773e-16  -2.617218468573457e-16  -3.552713678800501e-15  2.4393420610948773e-16  1.0  3.0482602072515096e-16  1.7763568394002505e-15  2.617218468573457e-16  -3.0482602072515096e-16  1.0  -4.884981308350689e-15  0.0  0.0  0.0  1.0
3394309162200;3.9550078381949887;3.1910128159519453;0.966063459102268  0.25804155626393355  0.011659683882731685  5.239790354919618  0.25808334570982105  -0.9661201325016971  -0.002208221485233521  7.171479424431075  0.010694842429087833  0.005142452312862811  -0.9999295852856971  6.810099837394802  0.0  0.0  0.0  1.0
3394309162231;2.42664388566255;2.3833518874348805;0.9977154113994797  -0.02227273167286798  0.06377995986039883  -6.793482008680343  -0.06686036739150829  -0.46077887897618863  0.8849929468429216  3.5479264681384124  0.009677247968207802  -0.8872354535935055  -0.46121535182438045  -4.32046441500577  0.0  0.0  0.0  1.0
3394309162262;2.736577686008396;2.736577686008396;1.0  1.1883522258006743e-16  -1.7567594857776607e-16  -1.7763568394002503e-15  -1.1883522258006743e-16  1.0  7.522812707433612e-17  1.1102230246251565e-15  1.7567594857776607e-16  -7.52281270743361e-17  1.0  8.881784197001252e-16  0.0  0.0  0.0  1.0
3394309162293;2.8148683419657083;2.153165174346485;0.963773086467132  -0.2640653233523247  -0.03756251861162439  0.32756571046579197  0.2309467418359899  0.7557276593916626  0.612812620028129  1.9628978768760486  -0.13343552839089454  -0.5992872515190282  0.7893350048805713  -9.778935821292718  0.0  0.0  0.0  1.0
3394309162324;2.2219663596591737;1.6014497800997078;-0.49047160460646383  0.8563607478992326  -0.16150502943322353  24.760680203489486  -0.8631875168603557  -0.502872207017489  -0.04502059690638301  10.606102536441307  -0.1197702626331301  0.11732780091190846  0.9858444458036802  10.383234656115002  0.0  0.0  0.0  1.0
3394309162355;3.4807471093941937;0.8169233008580074;0.7941285556258297  -0.3678805323592804  -0.4837600139022315  -7.934775882471235  0.5659168311805801  0.1574009867045691  0.8092978867950655  -5.953706604698212  -0.22158063391498253  -0.9164544960310252  0.33318640335156824  4.6403684561485194  0.0  0.0  0.0  1.0
3394309162386;1.7900521026949254;1.9728522256366139;0.8023359263823255  0.4726352839078293  -0.36451742021689754  4.265754425777331  -0.5863346795108849  0.5098623592821923  -0.6294855186500042  2.7059915412092748  -0.11166335495176692  0.7187880515093185  0.6862033460777887  0.3783485201337648  0.0  0.0  0.0  1.0
3394309162417;3.2825031286422393;3.2825031286422406;1.0  -2.1394359120367673e-16  4.012641190685261e-18  8.881784197001252e-16  2.1394359120367673e-16  1.0  3.176425963036186e-16  -4.107825191113079e-15  -4.0126411906852905e-18  -3.176425963036186e-16  1.0  1.7763568394002505e-15  0.0  0.0  0.0  1.0
3394309162448;2.5548125902487047;0.06547833688335064;0.4953096112675799  -0.8501605155900104  -0.1785930757831559  14.80614647420496  0.8505798897574631  0.5163987434040528  -0.09922796456089505  -16.67317325901769  0.17658493742712403  -0.10275911415755312  0.9789066984812259  -1.1241863259824378  0.0  0.0  0.0  1.0
3394309162479;2.7901407133897638;2.790140713389763;1.0  -3.3211096523243285e-16  3.7355700206482686e-17  1.7763568394002505e-15  3.3211096523243285e-16  1.0  -8.846521011769113e-17  -8.021361352916756e-15  -3.7355700206482674e-17  8.846521011769113e-17  1.0  -6.245004513516506e-17  0.0  0.0  0.0  1.0
3394309162510;2.4626078118590478;2.462607811859048;1.0  2.080807676549115e-16  -1.377677066392584e-17  -4.3790577010150533e-47  -2.080807676549115e-16  1.0  5.979020102631729e-17  6.217248937900877e-15  1.3776770663925834e-17  -5.979020102631728e-17  1.0  1.7763568394002505e-15  0.0  0.0  0.0  1.0
3394309162541;2.621200470666735;2.6212004706667345;1.0  -1.267878034334822e-16  -1.2899709990169492e-16  -2.1895288505075267e-47  1.267878034334822e-16  1.0  1.4842583657018948e-16  -8.881784197001252e-16  1.289970999016949e-16  -1.484258365701895e-16  1.0  -2.6645352591003757e-15  0.0  0.0  0.0  1.0
3394309162572;1.826907686892434;1.8269076868924354;1.0  -3.8905688440639945e-16  2.9457301940221124e-16  -4.440892098500626e-16  3.8905688440639945e-16  1.0  1.905498604210815e-17  -2.220446049250313e-15  -2.9457301940221124e-16  -1.9054986042108098e-17  1.0  -2.6645352591003757e-15  0.0  0.0  0.0  1.0
3394309162603;1.9909019248105964;1.9909019248105972;1.0  -9.361264367419535e-17  -4.181603487646065e-17  8.881784197001252e-16  9.361264367419535e-17  1.0  1.258907010122688e-16  2.220446049250313e-15  4.1816034876460635e-17  -1.258907010122688e-16  1.0  0.0  0.0  0.0  0.0  1.0
3394309162634;3.01258289883689;3.0125828988368895;1.0  -1.3969499892200256e-16  -4.221466924055331e-17  8.881784197001252e-16  1.3969499892200256e-16  1.0  2.384943101657997e-16  -2.6645352591003757e-15  4.22146692405533e-17  -2.384943101657997e-16  1.0  4.440892098500626e-16  0.0  0.0  0.0  1.0
3394309162665;3.8547413171629152;3.8547413171629152;1.0  -2.262849335023165e-16  -4.129036000202117e-16  -3.552713678800501e-15  2.262849335023165e-16  1.0  2.72528363673797e-16  -2.3314683517128287e-15  4.1290360002021166e-16  -2.72528363673797e-16  1.0  -5.88418203051333e-15  0.0  0.0  0.0  1.0
3394309162696;3.0132495381752045;2.180190338609778;0.9531976792721342  0.1778971224741045  -0.24447248934317622  4.639324965072162  -0.24544800501062042  0.9274513276036099  -0.28211577723092335  6.415553163453805  0.1765487498299615  0.3289173889318339  0.9277089469180195  -4.82080515377263  0.0  0.0  0.0  1.0
3394309162727;3.502392525482743;3.502392525482743;1.0  1.6471444909754574e-16  -1.361181954086898e-16  -3.552713678800501e-15  -1.6471444909754574e-16  1.0  2.853645042480064e-16  4.440892098500626e-15  1.3611819540868981e-16  -2.853645042480064e-16  1.0  -1.6653345369377348e-16  0.0  0.0  0.0  1.0
3394309162758;3.457925038615682;2.2861805343117627;0.5537131455691687  -0.7180157677793626  -0.42172871569779247  -5.147250998113371  0.3653256076478531  0.6645785262920785  -0.6518225086541387  -5.659172370654053  0.7482906873806623  0.20685439229482502  0.6302954129356444  -1.3345911891517361  0.0  0.0  0.0  1.0
3394309162789;2.1605956540110696;2.1605956540110696;1.0  -1.2670634166980316e-16  -2.6877613000563593e-16  -2.6645352591003757e-15  1.2670634166980316e-16  1.0  1.1509183352680594e-16  4.4408920985006257e-16  2.6877613000563593e-16  -1.1509183352680596e-16  1.0  -1.9984014443252818e-15  0.0  0.0  0.0  1.0
3394309162820;3.736908019221678;3.736908019221678;1.0  -1.605390899261855e-17  -3.8809757854739393e-17  -8.881784197001252e-16  1.605390899261855e-17  1.0  6.927856545813096e-17  -9.43689570931383e-16  3.8809757854739393e-17  -6.927856545813096e-17  1.0  8.881784197001252e-16  0.0  0.0  0.0  1.0
3394309162851;3.0196041882655598;2.3389010380023687;-0.6685746453227304  -0.6499267183480157  0.3613906534609947  10.22014524142801  -0.44430326915278695  -0.04058770697696773  -0.8949565593158693  2.2476973584343836  0.5963241976070833  -0.7589123129978393  -0.2616286538751766  2.9035029202242795  0.0  0.0  0.0  1.0
3394309162882;1.0159530457947656;2.3192112586156;0.8366229997832553  0.23656024841618983  -0.49406599265982454  0.3238502832204443  0.07109529526694279  0.847422656291713  0.5261371499850619  4.6005233692196255  0.5431458507846428  -0.47530420834742043  0.6921549640814971  -1.1279014943739654  0.0  0.0  0.0  1.0
3394309162913;3.707565587024253;3.707565587024253;1.0  1.5535802084350925e-16  3.038817418999819e-17  0.0  -1.5535802084350925e-16  1.0  -1.5018822837564789e-16  0.0  -3.0388174189998197e-17  1.5018822837564789e-16  1.0  -4.440892098500626e-16  0.0  0.0  0.0  1.0
3394309162944;2.7894836947736765;2.7894836947736787;1.0  -1.6215284264023207e-16  1.5937229101660352e-16  7.105427357601002e-15  1.6215284264023207e-16  1.0  1.0040584359954877e-16  -2.6645352591003757e-15  -1.5937229101660352e-16  -1.0040584359954874e-16  1.0  2.0261570199409107e-15  0.0  0.0  0.0  1.0
3394309162975;2.6130962231388835;1.71564582160707;0.8377405565115514  0.542198516503833  0.06489629170267601  0.7605981316989442  -0.11951846350426999  0.2980188419343822  -0.9470481015944596  6.797856370928459  -0.532828393441354  0.7856242986015212  0.3144652040998697  11.63668091370725  0.0  0.0  0.0  1.0
3394309163006;2.118558382630927;2.118558382630928;1.0  3.456363186046906e-17  1.5751387590788847e-16  2.220446049250313e-16  -3.456363186046906e-17  1.0  1.9125240348062549e-16  -2.220446049250313e-16  -1.5751387590788847e-16  -1.9125240348062549e-16  1.0  -2.400857290751901e-15  0.0  0.0  0.0  1.0
3394309163037;1.6957835337450329;1.6957835337450349;1.0  3.4745397847710666e-16  1.587145887224731e-16  3.552713678800501e-15  -3.4745397847710666e-16  1.0  -2.038333670347821e-16  7.882583474838611e-15  -1.5871458872247315e-16  2.038333670347821e-16  1.0  4.440892098500626e-15  0.0  0.0  0.0  1.0
3394309163068;2.3800172959411823;2.3800172959411827;1.0  -1.213979791232022e-16  2.1737822750965752e-16  1.3322676295501878e-15  1.213979791232022e-16  1.0  2.3704368328935723e-16  1.7763568394002505e-15  -2.1737822750965752e-16  -2.3704368328935723e-16  1.0  1.7763568394002505e-15  0.0  0.0  0.0  1.0
3394309163099;2.23708937419933;2.237089374199331;1.0  -3.5746249807419917e-16  8.736150231580247e-17  8.881784197001252e-16  3.5746249807419917e-16  1.0  2.2133357425012801e-16  -1.7763568394002505e-15  -8.736150231580251e-17  -2.21333574250128e-16  1.0  3.1086244689504383e-15  0.0  0.0  0.0  1.0
