# registration_from_features.py FastGlobal FastGlobal_config.json l2 True --use_random_keypoints=True --n_keypoints=5000 --input_txt=/neural_comparison/point_clouds_registration_benchmark//planetary/p2at_met_global.txt --input_pcd_dir=/neural_comparison/point_clouds_registration_benchmark//planetary/p2at_met/ --input_features_dir=/neural_comparison/experiments/FCGF/3dmatch_normalized_5cm_32//planetary/p2at_met/ --output_dir=/root/neural_registration_comparison/results/FCGF/3dmatch_normalized_5cm_32/FastGlobal/
id;initial_error;final_error;transformation
27844314100030;8.255147930606862;8.191018191415747;0.8752124069113852  0.4210997364921307  0.23807195280972804  22.553671859701552  0.48145742694631494  -0.8060297295209832  -0.34425981636921454  -110.74765198575791  0.04692535377185153  0.41592197231522804  -0.9081888152354638  7.356624454921311  0.0  0.0  0.0  1.0
27844314100061;18.254613203222405;29.36669898463258;-0.5081273237874149  -0.060477457936512415  0.8591560393212491  -31.329225668267735  0.018331551640246576  -0.9980651086219482  -0.05941374559746032  -132.5349653570223  0.8610868580085848  -0.014440084244775463  0.5082527982529021  16.143820809914455  0.0  0.0  0.0  1.0
27844314100092;11.393043179182689;7.237748757878822;0.18207591366722073  -0.4684389329813339  -0.8645306979683003  -76.01570987416189  -0.03894997773808676  0.8751013583860279  -0.4823696837334724  -23.73493643457926  0.982512728109132  0.12150135233089804  0.1410891933682858  60.88834860855109  0.0  0.0  0.0  1.0
27844314100123;5.730994932441914;21.16651079023918;-0.0059054694404999395  -0.9437702216040326  0.3305493824592053  -29.021569447984014  -0.4357186316867549  0.2999543493200018  0.8486322303124222  -13.644781477494904  -0.9000635529959586  -0.1390149529276934  -0.41298964082746936  -34.77746188888929  0.0  0.0  0.0  1.0
27844314100154;17.463252642790277;9.72664073591115;-0.53673691766326  0.49376942459755835  0.6841821662027863  17.22796211832994  0.4130580079894146  0.8608388515440367  -0.2972197061235365  -17.21439339323235  -0.7357285934725929  0.12307813374007914  -0.6659994067128746  -23.40964446363474  0.0  0.0  0.0  1.0
27844314100185;21.245539471637414;21.245539471637418;1.0  -1.1305817625147134e-15  2.6740434427268476e-16  -1.0658141036401503e-14  1.1305817625147134e-15  1.0  1.1567215390311627e-16  1.7763568394002505e-14  -2.6740434427268476e-16  -1.156721539031161e-16  1.0  -4.884981308350689e-15  0.0  0.0  0.0  1.0
27844314100216;3.735345026853811;5.657841358128647;0.7125100787389935  -0.45051087652338206  0.5379306068904145  -62.574911528616674  -0.590950813149586  -0.7986267890322715  0.11389639273413374  -153.95499601750961  0.378294229579566  -0.3990428573150257  -0.8352594051506786  -21.059379144005046  0.0  0.0  0.0  1.0
27844314100247;13.271216615726097;17.992096995311012;0.8170180925616098  0.5707990487647084  0.08166934771561961  27.03201876445975  0.45532719366393043  -0.7255624815345985  0.5159808447020929  -100.37157863012263  0.35377758993062197  -0.3843794106331156  -0.8526980037177414  -23.185921761795065  0.0  0.0  0.0  1.0
27844314100278;11.802091711636171;8.574434161245042;0.48785008340041414  0.3543988278988325  0.7977491879720983  21.504529028911858  0.48156178347351347  -0.8714988987411749  0.0926710213104907  -183.48377542479622  0.7280800401219762  0.33895595624926705  -0.5958257420581342  48.39647367821941  0.0  0.0  0.0  1.0
27844314100309;7.478645140598016;9.866073599690985;-0.577658328349958  -0.7903726424212422  0.2040145627154953  -45.29615219336134  0.772040878857124  -0.4478515321971597  0.45097880934937107  -83.91018711405354  -0.26507307871878044  0.418019247428535  0.8689051569175014  23.119567070976554  0.0  0.0  0.0  1.0
27844314100340;12.12926847078954;10.583169854421357;-0.051893712853631944  -0.9604633256472579  0.27352740749854443  -88.05466525272824  -0.9679924909639969  0.1157245326221148  0.222706914995263  -87.55937489841871  -0.24555565561309922  -0.2532153878341587  -0.9357266627388675  -56.7455608209813  0.0  0.0  0.0  1.0
27844314100371;7.953713343024883;6.466204806710017;0.5208595256330693  0.4353165687858899  -0.7343056853230643  16.409537697958438  -0.7053647733255273  0.7039685112580298  -0.08299922715652483  -22.662879063733875  0.48079714132752405  0.5611843013642069  0.6737256777009808  49.961758812787785  0.0  0.0  0.0  1.0
27844314100402;10.041005189608843;6.8433927493009605;0.5102727002880544  0.8537894990267444  -0.1032727587139864  1.6255550765388906  0.6591412394016388  -0.4653916248966766  -0.590714365828446  5.8825544162773  -0.5524079994540351  0.2333540803750633  -0.8002445097040658  -10.688513777633394  0.0  0.0  0.0  1.0
27844314100433;14.948099495912265;14.384779269848059;-0.2468404147952947  -0.7716729455342938  0.5861660812040517  -44.52900474815557  0.4023768151608266  0.4686559836509183  0.7864187609723083  -60.44729641410918  -0.8815683230724194  0.42997957407139464  0.19482006476917357  52.842605033777126  0.0  0.0  0.0  1.0
27844314100464;4.885279212879443;7.055312711788508;0.8842364535675794  -0.04701580232470826  0.46466698668400447  3.4088200022204576  0.4633715437262241  0.21276188261711895  -0.8602436827841252  -89.3678408817608  -0.05841837593605545  0.9759722822073287  0.20991759744245028  63.03161387830828  0.0  0.0  0.0  1.0
27844314100495;16.561379565347497;18.6936040001299;-0.643296404591015  -0.05469563931276345  -0.7636609999734446  -14.285936871479745  -0.6122434416693457  -0.5621509380919617  0.5560074558269887  -33.755692499613126  -0.45970393077843724  0.8252240361516949  0.3281426308548737  -18.933165506718435  0.0  0.0  0.0  1.0
27844314100526;4.988304065514908;14.678512629755648;-0.5211729255271734  -0.4575813333132928  -0.7204152310304637  -58.95628337846942  -0.6064630350505547  -0.39535654809800996  0.6898520036886849  -99.9007751782744  -0.60048427857415  0.7964373944505969  -0.07145703538509415  35.62720056796554  0.0  0.0  0.0  1.0
27844314100557;9.320673558395054;13.48105442510528;0.4276614354569894  0.8991613804652563  0.0928143765947989  -0.8389648764238051  0.07748965562731311  0.06583246400453986  -0.9948172897340747  -14.591309419856152  -0.9006114866542769  0.4326371442247017  -0.04152169966977965  -35.061031937532604  0.0  0.0  0.0  1.0
27844314100588;15.87658357879776;15.87658357879776;1.0  -2.344202645845136e-16  3.051483494816953e-17  -3.552713678800501e-15  2.344202645845136e-16  1.0  -3.2113919143926804e-17  3.552713678800501e-15  -3.051483494816953e-17  3.211391914392681e-17  1.0  0.0  0.0  0.0  0.0  1.0
27844314100619;9.309459031404598;10.524296159886747;-0.09937046059661549  0.8250467887185567  0.5562583104871439  48.712826335327186  0.9908339865101381  0.1334530861427203  -0.020935256755338198  -48.1329651905387  -0.09150695458403507  0.5490792932028837  -0.8307456933614376  11.591337694468606  0.0  0.0  0.0  1.0
27844314100650;9.597631194952498;12.467773775081085;-0.7506898185459294  0.4282172961182216  0.5030852250232345  14.087631085774989  -0.10914305627025057  0.6706470185236778  -0.7337031891802647  -5.816531284320043  -0.6515770020492346  -0.6056917729757452  -0.4567109441977818  -46.888796786622194  0.0  0.0  0.0  1.0
27844314100681;7.297471099283818;6.674402174501993;-0.5468307981372401  0.8071586270040135  -0.22242083774139557  -19.227496410851252  -0.47019643513358206  -0.07625749924093203  0.8792611137751933  -11.291178399797296  0.6927419365075721  0.5853885416221564  0.4212230581784724  14.765057721833262  0.0  0.0  0.0  1.0
27844314100712;8.650942439496344;1.5996779533837324;0.5386790153703405  0.7738664431791594  -0.3331000548196829  7.14048570470368  -0.6253822445498695  0.632203139712263  0.45740161602220775  -14.849070628763839  0.5645546621908347  -0.038077792204828355  0.8245168980314459  6.451389922263886  0.0  0.0  0.0  1.0
27844314100743;12.733448854215453;18.65910489042053;-0.146928876283368  0.17177088150899647  0.9741184063447982  4.527088592016361  0.926934812638131  0.3676541490345465  0.07498186325502768  -24.498550776953934  -0.3452589729950827  0.9139612633822645  -0.21323942084679237  -18.48115630492482  0.0  0.0  0.0  1.0
27844314100774;4.598125415447288;13.683632790848698;-0.8834992004813637  0.2061646522718784  0.42062489096867345  -9.19322791458198  -0.461720636177406  -0.2318080231391576  -0.8562003822331828  -106.14033598840933  -0.07901402961958152  -0.9506635454049616  0.2999926775128766  -79.07460919427403  0.0  0.0  0.0  1.0
27844314100805;11.913189531673748;24.769569987260105;-0.3535059642485372  -0.5261059672048499  -0.7734636672217792  -17.528609146145374  -0.8637074942237497  -0.1339538450457406  0.4858659607537807  -20.9458697407127  -0.35922541344181724  0.8398028808410414  -0.4070481834729682  -15.940401087580568  0.0  0.0  0.0  1.0
27844314100836;8.640990827250187;7.205574999779828;0.7356010209818246  -0.5663316964871997  0.3716981940828174  -20.5061162950078  0.4005476997652726  -0.07887697092357625  -0.9128745607533764  -39.41380700180426  0.5463082263184835  0.8203943155652963  0.16882087798877599  55.96218853961471  0.0  0.0  0.0  1.0
27844314100867;6.409696051288649;9.318967976036417;0.7580051816570681  -0.26777699441307595  0.5947466904860705  -24.217006649167256  0.059952393507366815  0.936584455063948  0.34527564212568695  -2.6626173729157303  -0.6494873787024437  -0.22606423820601768  0.7259897417392075  -39.36630114622385  0.0  0.0  0.0  1.0
27844314100898;22.51393172662874;11.997615994425756;0.1735389955891186  -0.7375244723886448  -0.6526422217706798  23.429017383506416  -0.49305201013901945  0.5085996055535249  -0.7058513699984377  7.548289016222168  0.8525162358030431  0.4442792971303616  -0.27537605893316025  -4.334879715425849  0.0  0.0  0.0  1.0
27844314100929;11.35647365629622;5.917568513880983;-0.21377826730611568  0.47006727737441223  0.8563501662108788  -1.866204725444448  0.6614350452743971  -0.575452514439917  0.4809969693331053  34.644088907359  0.7188897921868491  0.6692467096419558  -0.18789972943824282  0.44877758123874034  0.0  0.0  0.0  1.0
27844314100960;8.931838196630506;20.467946843266812;-0.0015506833775609926  -0.9421346915270982  0.3352309926039087  -81.66282298478747  0.6699745371467858  -0.24984901035245824  -0.6990776720800397  -98.20694750536185  0.7423824586801688  0.22351218098134235  0.6315936905930509  15.592114675515061  0.0  0.0  0.0  1.0
27844314100991;2.7303992422678602;5.810104401168518;0.5582179191422013  0.6105177127013897  -0.5618370557612014  -4.458647681609078  0.7351014062768065  -0.6779278857879073  -0.006301123788605813  18.448922377418217  -0.38473195505236174  -0.40948980957894643  -0.8272239228966873  -13.821925737763543  0.0  0.0  0.0  1.0
27844314101022;3.041428379569016;9.725118238256368;0.8173971026192786  -0.14309236578563508  0.5580202070565904  14.368527838582875  0.2735228342016177  -0.7561069435907699  -0.5945481889839871  -8.643439181450768  0.5069982601547304  0.6386132356189399  -0.5789005955191115  -1.1217521113205053  0.0  0.0  0.0  1.0
27844314101053;13.922293305846535;21.661466063452075;-0.2516485136390608  -0.6344835190766843  -0.7308239799044072  -22.77883514496491  0.49457875092993886  0.5647732199687437  -0.6606232429567703  -16.026484680283794  0.8319043723360464  -0.5276948682962548  0.1716777250022975  9.163086956833  0.0  0.0  0.0  1.0
27844314101084;10.548695524568679;4.884127655170477;0.019542044696597597  -0.9640109704144371  -0.26514327713463137  -113.72845300159653  0.9371005898793358  0.11010145203782744  -0.33124032771835804  -80.16745610623518  0.3485119695747609  -0.24199280811581528  0.9055268565224017  -4.976400026707827  0.0  0.0  0.0  1.0
27844314101115;4.295014706995369;6.254080032222226;-0.34281111612687626  0.8903747851113617  -0.2995217532963876  59.78089347136444  0.6817076653931617  0.016414006637717887  -0.731440523440083  -82.90764794753585  -0.6463398468329579  -0.4549322173950694  -0.6126022200187934  -38.73768352478417  0.0  0.0  0.0  1.0
27844314101146;10.908481463882481;15.478066282364965;-0.2530833922890995  0.23634192517030264  -0.9381318089449033  18.58426860618695  -0.774902197672042  0.5310311819242013  0.34283008600067033  -38.09343040626739  0.5792023658363987  0.8137250016012669  0.04874670428384207  100.46408988104838  0.0  0.0  0.0  1.0
27844314101177;7.524206569447689;13.28683591930819;-0.7501671758139727  -0.2041752128751288  0.6289369529441589  -49.578239008526246  0.5051366323795042  0.4368393813476748  0.7443173634492709  -29.982451310559767  -0.4267155855597272  0.8760615488372828  -0.22456618554279753  12.894696295215322  0.0  0.0  0.0  1.0
27844314101208;16.92222694472815;16.92222694472815;1.0  -2.2627743733085444e-16  -3.368373966578061e-16  -1.609823385706477e-14  2.2627743733085444e-16  1.0  -8.429565179553432e-16  4.203895392974451e-45  3.3683739665780617e-16  8.429565179553432e-16  1.0  7.283063041541027e-14  0.0  0.0  0.0  1.0
27844314101239;4.364181244222641;9.343048075137586;0.22161213631968157  -0.9368172390383909  -0.2706686566197014  -84.38393016474018  -0.6084677094538268  0.08405559897396733  -0.7891145055270112  -87.68501786620473  0.7620072884086097  0.33957048888502467  -0.5513952987562966  31.72550733669575  0.0  0.0  0.0  1.0
27844314101270;10.750785704410854;1.5261005390569509;0.18666889364250486  -0.6995403637652194  0.689781127321927  -32.45298863918758  0.9665436022467183  0.0050423422084805445  -0.25645280217028643  -60.15475007744472  0.17592097402590334  0.7145752964161834  0.6770775115520374  27.80543278976524  0.0  0.0  0.0  1.0
27844314101301;12.136609704346055;16.41767511005257;0.31038987760282694  -0.06476045878870088  -0.948400868229875  5.73198774057901  -0.25702414949254443  0.9548002168037198  -0.1493155469775452  3.2621033126475294  0.9152030979292722  0.29010796088533425  0.27971532058794646  10.766284374671121  0.0  0.0  0.0  1.0
27844314101332;6.935112362192998;19.1574031883564;0.12680584539097162  0.9761038227073033  -0.17646984125019297  62.162623375919274  0.31803666614589726  0.1285051257461217  0.9393290752679667  -78.59674438684657  0.9395599802894347  -0.17523629747618139  -0.29414160447878734  -17.582781164458876  0.0  0.0  0.0  1.0
27844314101363;7.8460839984677655;3.6741183197693563;0.4340186363538711  0.82419678904392  0.36376843764573924  84.75792020201175  -0.4498723343980733  -0.1515583120363572  0.8801391712654978  -98.52722578185046  0.7805400092504898  -0.5456461591383049  0.3050042015724701  -52.993086367893135  0.0  0.0  0.0  1.0
27844314101394;13.188484809554595;13.188484809554595;1.0  -8.811200520147427e-17  -5.3500375631034355e-17  -3.552713678800501e-15  8.811200520147427e-17  1.0  -2.019827768104577e-16  0.0  5.350037563103437e-17  2.019827768104577e-16  1.0  1.4210854715202004e-14  0.0  0.0  0.0  1.0
27844314101425;12.438217758874531;12.438217758874531;1.0  8.221772587944043e-17  2.8915102789308395e-16  1.0658141036401503e-14  -8.221772587944043e-17  1.0  1.7710214655825235e-16  0.0  -2.8915102789308395e-16  -1.7710214655825235e-16  1.0  -1.4210854715202004e-14  0.0  0.0  0.0  1.0
27844314101456;13.306910826894018;4.309182150268572;0.8047388890189252  0.3911571262387405  -0.4465326674424131  40.03786347923977  -0.5661003378521077  0.7320816180852247  -0.378928637008937  -11.901900600071903  0.17867772100717436  0.5577209042651797  0.8105687293260911  65.88063350416421  0.0  0.0  0.0  1.0
27844314101487;11.823132391507976;15.417578500717957;-0.8008741787785367  0.5893125590425502  0.1063543958683682  -36.62001947626497  0.1880163970444044  0.07883224667273589  0.9789970946468473  41.67429151642357  0.5685511271717318  0.804049864522872  -0.17393513489949225  -7.931530405877227  0.0  0.0  0.0  1.0
27844314101518;11.362927964176022;1.508607700325808;-0.1869996287055794  -0.3378846048620132  -0.9224235104664328  -15.227108205979  0.9449483519735337  0.19479637885367335  -0.2629201074242893  -1.126473124947518  0.26852141621568887  -0.9208085385044685  0.2828566500027599  -5.649460072143275  0.0  0.0  0.0  1.0
27844314101549;8.602285781784683;4.96817268298168;0.3374593020905284  -0.37324981835224363  0.8641792594899456  1.1153046757070382  0.006761246598659105  0.9189682279269951  0.3942736126158468  4.125769692167481  -0.9413158369946858  -0.12720836906719674  0.3126380109043968  -24.821762863204448  0.0  0.0  0.0  1.0
27844314101580;8.529179145836824;7.179574117295679;0.8944626361555211  0.0709638933386939  -0.4414756146877569  4.303037189093181  0.2713725102645828  0.6985489238855489  0.6621075151446617  10.253664329217065  0.35537804264531714  -0.7120347791930915  0.6055682620688001  -30.885274329247956  0.0  0.0  0.0  1.0
27844314101611;6.938820905749202;6.938820905749202;1.0  -2.398196541999501e-16  1.7118575695859616e-16  1.7763568394002505e-15  2.398196541999501e-16  1.0  -2.571190964257112e-16  1.7763568394002505e-15  -1.7118575695859616e-16  2.571190964257112e-16  1.0  -6.217248937900877e-15  0.0  0.0  0.0  1.0
27844314101642;12.547466022442515;8.922464584271149;0.15716812825373275  0.9019802444659982  0.40215645966995905  22.39330103273927  -0.5534825703266064  -0.2568028935947083  0.7922810853390593  -43.581886213353485  0.8178968295609602  -0.34710792620515263  0.4588691139744381  -3.7067644630604812  0.0  0.0  0.0  1.0
27844314101673;7.73561147720838;5.182538986123752;0.9813386966251776  0.11046896252885428  0.15738796276651698  -10.17669428743318  0.12501751294275973  -0.988444130732944  -0.08572526977034986  4.621188351584198  0.14609922643054257  0.10380177617647485  -0.9838090298929997  5.840066789530177  0.0  0.0  0.0  1.0
27844314101704;7.852470163017852;10.837093790783653;0.05376700871876322  0.40379686594072856  -0.9132673211222887  37.817965136704714  -0.16908851615785633  0.9050642182441145  0.39021511318464097  -12.572378086873593  0.9841332137861067  0.13344231679123664  0.11694000860448277  -16.239627163188654  0.0  0.0  0.0  1.0
27844314101735;7.401041146075741;7.401041146075742;1.0  -4.436887892243806e-16  -1.5940688017486951e-16  -3.019806626980426e-14  4.436887892243806e-16  1.0  2.3288659480333663e-16  4.203895392974451e-45  1.5940688017486946e-16  -2.328865948033367e-16  1.0  -1.4210854715202004e-14  0.0  0.0  0.0  1.0
27844314101766;17.078221026612844;5.140049722063426;-0.9790025862260602  0.1997906599102388  -0.0404676213202206  20.254059409863274  0.05701769379371344  0.4589788985870739  0.8866156739231734  -40.481851845559945  0.1957113148418652  0.8656916673183515  -0.46073313140953986  40.2458927155695  0.0  0.0  0.0  1.0
27844314101797;5.658008139654423;4.663425466046419;-0.49412711157078515  -0.14371123287823548  -0.8574295767906115  1.3609989695267126  -0.6351452068982395  -0.6137775248509946  0.46890053971175993  -116.06573875372551  -0.593657278035826  0.7762887552530977  0.21200661476164023  51.37847060408521  0.0  0.0  0.0  1.0
27844314101828;12.532088953947076;17.229030086044816;0.983682326999871  0.12271759304254796  0.13156546623624998  -8.786298192309944  -0.06787891853368694  0.9303686521242441  -0.36028686287903094  1.8523093110887252  -0.1666179221056825  0.3454772980998328  0.9235171381900948  0.9779668254749616  0.0  0.0  0.0  1.0
27844314101859;13.452993466710405;13.452993466710405;1.0  6.618394991491875e-17  -1.443878120282854e-16  0.0  -6.618394991491875e-17  1.0  1.0225586880841553e-16  0.0  1.443878120282854e-16  -1.0225586880841556e-16  1.0  -3.552713678800501e-15  0.0  0.0  0.0  1.0
27844314101890;10.240194569123585;10.240194569123585;1.0  -1.6791376151646682e-16  3.334288783146857e-16  -1.4210854715202004e-14  1.6791376151646682e-16  1.0  -1.829473253385713e-16  5.035916356167311e-46  -3.334288783146857e-16  1.8294732533857137e-16  1.0  1.1102230246251565e-14  0.0  0.0  0.0  1.0
27844314101921;5.39778345406533;3.9904949115320254;-0.1992502440406748  -0.7392840554942492  -0.643240565839646  -23.348170696908404  0.8971851911920281  0.12639680010171658  -0.4231814996307989  -29.1034808931127  0.39415488447494407  -0.6614249271202454  0.6380901134075994  -27.41241100633656  0.0  0.0  0.0  1.0
27844314101952;13.302221500961894;13.302221500961894;1.0  -5.77383675653759e-17  -1.6065629262285264e-17  0.0  5.77383675653759e-17  1.0  5.557976617029216e-17  0.0  1.6065629262285264e-17  -5.557976617029216e-17  1.0  1.7763568394002505e-15  0.0  0.0  0.0  1.0
27844314101983;10.786030610610256;2.777496316003245;0.15390993616023868  -0.8959130734697092  0.4167151261200075  -7.677672190033931  -0.9831385060034268  -0.1810006723298437  -0.026027574406622914  1.1698849840532006  0.09874416217933576  -0.40568278420732506  -0.9086644424831936  -7.911239889021251  0.0  0.0  0.0  1.0
27844314102014;18.074211930870813;5.217171176068235;-0.1679971481404402  0.9680773888398718  -0.18601915878116507  36.091294632534755  -0.8125393175379658  -0.029138260242843154  0.5821776526499098  -39.304782875001955  0.5581727471595311  0.24895206568131426  0.7914960854744566  -0.19131133050757596  0.0  0.0  0.0  1.0
27844314102045;5.527523174873733;5.527523174873733;1.0  1.544380491534383e-17  -1.0259029838904121e-15  1.1385550022639139e-45  -1.544380491534383e-17  1.0  -2.5613893512923435e-17  -5.473822126268817e-48  1.0259029838904121e-15  2.5613893512923475e-17  1.0  1.3100631690576847e-14  0.0  0.0  0.0  1.0
27844314102076;12.49337546729974;12.49337546729974;1.0  9.348459383358398e-17  8.002581377111324e-17  7.105427357601002e-15  -9.348459383358398e-17  1.0  -1.647670491363918e-16  -4.3790577010150533e-47  -8.002581377111328e-17  1.647670491363918e-16  1.0  1.2434497875801753e-14  0.0  0.0  0.0  1.0
27844314102107;8.34390181428472;10.82686738816298;0.08010182453187178  -0.048509707539592925  -0.9956055976043361  -3.613244943493242  0.9881207244301314  -0.12755562424696784  0.08571462345852897  2.216763498710913  -0.13115308482203608  -0.9906444220795829  0.03771600912443269  -0.7028982454137831  0.0  0.0  0.0  1.0
27844314102138;13.875093444885819;6.654480935809266;0.6575667559066312  -0.7129080224430842  -0.2436557265132877  -48.40635775336891  -0.7471244550371638  -0.575405021271591  -0.3327372990526627  -144.5638835217688  0.09701036136336397  0.40083813819511893  -0.9109982309293582  22.16938387146584  0.0  0.0  0.0  1.0
27844314102169;7.7056993337980995;7.705699333798099;1.0  -1.321959229552745e-15  -3.0902115748318733e-16  -2.042810365310288e-14  1.321959229552745e-15  1.0  -6.918238194576749e-17  5.329070518200751e-15  3.090211574831874e-16  6.918238194576731e-17  1.0  3.0253577421035516e-15  0.0  0.0  0.0  1.0
27844314102200;9.927306225231835;15.407656837217093;-0.5987761469267744  0.7908151908518162  0.12680086667500934  -16.617535210293404  -0.33961067392101796  -0.3940775728396768  0.8540301263677422  0.6278268155090124  0.7253493751499613  0.468309940640594  0.5045335305673601  32.732211088332726  0.0  0.0  0.0  1.0
27844314102231;10.287771982386351;5.665623175890291;-0.9812277223671103  0.09456385412549076  0.16807687036349486  -51.766149623519524  0.02448876181442705  0.9255705465211784  -0.3777822970406154  -3.7607930604418476  -0.19129155078845078  -0.3665744684309318  -0.9105112309529905  -21.6057623617789  0.0  0.0  0.0  1.0
27844314102262;8.065900080817094;14.224366721558766;-0.7429482489517318  0.5504773929060591  -0.3807919895151503  -8.950411464411733  0.2900047848290746  -0.24800309180755895  -0.92433310620692  -14.243663327617606  -0.6032620692168521  -0.7971631616885226  0.02461238491004932  -33.31340847917358  0.0  0.0  0.0  1.0
27844314102293;15.344796486985695;1.7942673242099139;0.2770711110858632  0.9557101723481709  0.09924548287894541  70.26842755226342  -0.1267998351801161  0.1387544792838046  -0.9821756443106164  -74.06266145935601  -0.9524460095984149  0.25954818617919523  0.15962875007701344  12.14476470351758  0.0  0.0  0.0  1.0
27844314102324;11.120662662609497;11.120662662609499;1.0  -5.247832185912301e-16  -5.441005782540156e-16  -7.105427357601002e-15  5.247832185912301e-16  1.0  4.871380788678043e-17  3.552713678800501e-15  5.441005782540156e-16  -4.87138078867806e-17  1.0  3.552713678800501e-15  0.0  0.0  0.0  1.0
27844314102355;17.81708979026515;4.601991405437378;0.9941881281483271  0.06236970531327985  -0.0877495624379999  6.532798156842831  -0.054942992925498625  0.9948951354686639  0.08464595057754162  -3.7507282385695015  0.0925809558025539  -0.07933277557177543  0.9925397107132615  -9.150232290497392  0.0  0.0  0.0  1.0
27844314102386;12.639375851730701;12.639375851730701;1.0  2.9760995080437827e-16  2.705294700441793e-16  3.197442310920451e-14  -2.9760995080437827e-16  1.0  -2.560796539161099e-16  1.4210854715202002e-14  -2.7052947004417934e-16  2.560796539161099e-16  1.0  3.019806626980426e-14  0.0  0.0  0.0  1.0
27844314102417;4.852743056092726;4.852743056092726;1.0  -5.005678686946816e-17  -5.696934917889292e-17  0.0  5.005678686946816e-17  1.0  -1.8558776666854744e-16  1.7763568394002505e-15  5.696934917889292e-17  1.8558776666854744e-16  1.0  -1.3322676295501878e-15  0.0  0.0  0.0  1.0
27844314102448;8.862723016525484;10.027673543590485;0.7681603358087902  -0.6102146996699966  0.1938239376258422  -12.794594186715363  0.6017231502787121  0.7914908608194575  0.10710493759830708  24.239578128038765  -0.21876688256861895  0.03435458551535162  0.9751721968684689  -4.06400256643834  0.0  0.0  0.0  1.0
27844314102479;8.845892927971892;8.84589292797189;1.0  1.2058765861315234e-15  -5.043275023286631e-16  8.704148513061227e-14  -1.2058765861315234e-15  1.0  -1.3851936150354337e-16  1.4210854715202002e-14  5.043275023286631e-16  1.385193615035437e-16  1.0  5.329070518200751e-15  0.0  0.0  0.0  1.0
27844314102510;12.811880985162878;12.81188098516288;1.0  -6.317921857246544e-16  5.54231321005593e-16  -7.105427357601002e-15  6.317921857246544e-16  1.0  -7.089718324080501e-17  2.19824158875781e-14  -5.54231321005593e-16  7.08971832408052e-17  1.0  -1.865174681370263e-14  0.0  0.0  0.0  1.0
27844314102541;16.755247254223338;3.277532655817473;-0.8325376854177494  0.4564451972174733  -0.3139088789702479  26.248548153933168  -0.39258139067498454  -0.08633270854735049  0.915656330252008  -24.442775515898035  0.3908463304867412  0.8855531860774811  0.2510671236404094  5.911726133313749  0.0  0.0  0.0  1.0
27844314102572;6.047632241354357;10.027149229567017;0.9784396102317825  -0.16338571429231694  -0.12633699970581513  -13.010425000729636  0.10886293638544942  0.9278180060461384  -0.3567949113119541  -5.862968715529811  0.17551293459746853  0.33534885719464885  0.9256005368231084  2.217983862881953  0.0  0.0  0.0  1.0
27844314102603;5.000465750138839;5.000465750138839;1.0  4.414020971434375e-16  -3.2985372013442535e-16  2.2648549702353193e-14  -4.414020971434375e-16  1.0  1.2001976363814775e-16  4.816963471116559e-46  3.2985372013442544e-16  -1.2001976363814763e-16  1.0  -5.329070518200751e-15  0.0  0.0  0.0  1.0
27844314102634;4.837279486815611;5.350282995078711;0.9360860136888185  -0.09815862696965333  0.3377985478470989  -0.5123878454536789  0.3510327726061067  0.32284627496816265  -0.8789461162640464  -23.97152164495803  -0.022780858909302527  0.9413475270539646  0.3366687775495984  36.90908535045788  0.0  0.0  0.0  1.0
27844314102665;12.464679441521291;6.2607858164412615;-0.08405396116320109  -0.9176821474257462  -0.3883225565285233  -22.238415551555935  0.025491793840182048  0.3875937931277474  -0.9214777371025603  -12.10138600339186  0.9961350812312482  -0.08735289248169038  -0.009185429521664732  -22.072055109835446  0.0  0.0  0.0  1.0
27844314102696;10.865536856965761;10.865536856965763;1.0  3.0489797902077646e-16  2.3931752276959582e-15  5.3290705182007514e-14  -3.0489797902077646e-16  1.0  7.320173200494641e-17  -7.105427357601002e-15  -2.3931752276959582e-15  -7.320173200494691e-17  1.0  -4.796163466380676e-14  0.0  0.0  0.0  1.0
27844314102727;12.326628554608499;5.979151334470168;-0.9178907691962979  -0.3916172377816989  0.06412858096403598  -31.93986037301917  0.3956269874047148  -0.9156629639857194  0.07099734658390178  -119.76783634186087  0.03091638176270983  0.09053880636013471  0.9954129303367446  9.836822524138443  0.0  0.0  0.0  1.0
27844314102758;6.140194318079895;10.308915444277119;-0.9498496424574188  -0.17096522782165544  -0.2618330529161714  -76.6515864704886  0.2013353502442844  0.30631767184288805  -0.93039430386195  -57.28541984268302  0.23926916530452688  -0.9364509462821006  -0.25653438705528936  -57.44469830357658  0.0  0.0  0.0  1.0
27844314102789;11.79753658561828;8.663378600864366;-0.12387957864232553  0.39237973259498743  -0.9114230606277676  -37.169024206046004  0.5147074629773231  -0.759865324920244  -0.39709056339744153  9.158987557591976  -0.8483690691856037  -0.5183076629112627  -0.10782898041165292  -12.676692311346953  0.0  0.0  0.0  1.0
27844314102820;13.718009914125455;1.6900279643616267;0.6861773891925905  -0.5053369148284945  -0.5232544247996974  -4.3933118380390335  0.24218274530496903  0.8369785539031074  -0.4907284566670367  4.210523709729203  0.6859359361029204  0.2100035781073326  0.6966996402645316  -2.15566515401019  0.0  0.0  0.0  1.0
27844314102851;14.126286162245718;14.126286162245718;1.0  -6.689945086181301e-16  2.0746274713214006e-16  -5.329070518200751e-15  6.689945086181301e-16  1.0  -6.011953384646624e-16  1.9539925233402755e-14  -2.0746274713213986e-16  6.011953384646626e-16  1.0  -1.7763568394002505e-15  0.0  0.0  0.0  1.0
27844314102882;16.65338049572903;3.3316882911293826;-0.477161682697241  -0.06689028130857085  0.8762661803538894  -69.72217359214416  -0.7463096988715223  0.557346491749654  -0.36384986121290697  -56.527603379458114  -0.4640458618884954  -0.8275811612167184  -0.31586525554949985  -97.15403448603126  0.0  0.0  0.0  1.0
27844314102913;3.6628597101339557;3.6628597101339557;1.0  3.4562950099662486e-17  3.8216460249726354e-17  0.0  -3.4562950099662486e-17  1.0  -1.1894301309740389e-16  0.0  -3.8216460249726354e-17  1.1894301309740389e-16  1.0  4.440892098500626e-16  0.0  0.0  0.0  1.0
27844314102944;9.703443455187617;2.2907359602516895;0.9444418259124729  -0.3153055100424109  -0.09280125432346986  -5.084767980462474  0.3109248167629765  0.9486160598609839  -0.05876503462716225  15.431107799138994  0.10656169944226446  0.026645943607187618  0.9939489915992966  4.809147185688216  0.0  0.0  0.0  1.0
27844314102975;6.1736923351409825;6.1736923351409825;1.0  -3.2675641143970326e-16  1.6430266146115262e-16  -2.842170943040401e-14  3.2675641143970326e-16  1.0  1.7438242193076676e-16  1.4210854715202004e-14  -1.6430266146115264e-16  -1.7438242193076672e-16  1.0  -1.9095836023552692e-14  0.0  0.0  0.0  1.0
27844314103006;8.779326562990162;7.229930587705318;0.2245522987920028  -0.5499375136107524  0.8044532281188578  -29.195288703419855  -0.6279346029690415  0.5496228515651642  0.5510107579997785  -24.81764937051851  -0.7451673634166613  -0.6288747507739514  -0.2219057194793763  -19.451115498856385  0.0  0.0  0.0  1.0
27844314103037;4.983612374719573;4.9836123747195735;1.0  -1.7712649510732684e-16  -2.8814002430768387e-16  1.7763568394002503e-15  1.7712649510732684e-16  1.0  2.632413057156647e-16  5.329070518200751e-15  2.881400243076838e-16  -2.6324130571566484e-16  1.0  5.329070518200751e-15  0.0  0.0  0.0  1.0
27844314103068;8.080951485631328;8.080951485631328;1.0  7.286734336401507e-17  1.8097353364493146e-16  2.6645352591003757e-15  -7.286734336401507e-17  1.0  8.61204835054499e-17  -5.473822126268817e-48  -1.8097353364493146e-16  -8.61204835054499e-17  1.0  -3.9968028886505635e-15  0.0  0.0  0.0  1.0
27844314103099;5.35424278701302;5.354242787013022;1.0  8.64364909180576e-17  -4.0141580845299997e-16  3.552713678800501e-15  -8.64364909180576e-17  1.0  2.3041763853577707e-16  0.0  4.0141580845299997e-16  -2.30417638535777e-16  1.0  -1.509903313490213e-14  0.0  0.0  0.0  1.0
