# registration_from_features.py FastGlobal FastGlobal_config.json l2 True --use_random_keypoints=True --n_keypoints=5000 --input_txt=/neural_comparison/point_clouds_registration_benchmark//tum/pioneer_slam_global.txt --input_pcd_dir=/neural_comparison/point_clouds_registration_benchmark//tum/pioneer_slam/ --input_features_dir=/neural_comparison/experiments/FCGF/3dmatch_normalized_5cm_32//tum/pioneer_slam/ --output_dir=/root/neural_registration_comparison/results/FCGF/3dmatch_normalized_5cm_32/FastGlobal/
id;initial_error;final_error;transformation
1807261650030;4.242065528890624;0.8851853930535833;0.5710200056242604  0.7900795114605796  0.22295855836249692  2.1487043836525457  0.4570392560537123  -0.08034583631354031  -0.8858101743674816  3.507677594192627  -0.6819466779761737  0.6077161443941497  -0.40697643204486694  4.281933001289491  0.0  0.0  0.0  1.0
1807261650061;7.372035540033227;11.304874584828722;-0.7187513817352982  0.15036631166417608  0.6788125098803877  -4.122113310591389  0.44010269546402847  -0.657435291654291  0.6116277092584458  -0.09110249126178521  0.5382435031645958  0.7383554764501634  0.4063559052076824  -2.234751799759364  -0.0  0.0  -0.0  1.0
1807261650092;12.102589230009645;0.059195570267641134;0.4052031031566682  -0.6688877287343602  0.6232171784705505  7.420072766302442  0.8899569001923378  0.13256502744700746  -0.4363521849355402  -8.86090936912141  0.20925381954041392  0.7314476877033401  0.6489970101327003  11.074798662468185  0.0  0.0  0.0  1.0
1807261650123;9.366919006451113;0.0767461887998735;-0.7878831592880468  -0.25608500135506307  -0.5600541039857352  -4.370080622681886  0.4852040118387683  -0.8181831038597563  -0.3084695697374048  -0.5821911930128881  -0.37923237494424483  -0.5147784772495768  0.768886158774338  3.3655824876914253  0.0  0.0  0.0  1.0
1807261650154;4.484926530514292;10.09410369294522;0.9952966550730986  -0.09686237150634197  -0.0014997954763196065  -5.471910687260965  0.0903482919672991  0.9225534490209044  0.37514306582719076  -7.072961876906477  -0.034953605520677215  -0.37351414255125565  0.9269657117581553  -6.862495615953029  -0.0  0.0  -0.0  1.0
1807261650185;4.785592360357215;7.1048598695340335;0.29516382673594843  0.8971212735763264  -0.3287122387185826  6.299840070693281  0.3663811193602262  0.21146442239460791  0.9061168100403297  -2.4912298175834207  0.8824076103269606  -0.3878868630903943  -0.26627164828226646  0.1220702818259816  0.0  0.0  0.0  1.0
1807261650216;5.7139193037879235;6.875323956535339;0.19371385267094912  -0.9445050628298188  0.2653019592317734  -1.990718579731006  0.22880001092061386  -0.21947302773082622  -0.9484103252819375  -9.60971501358075  0.9540049781243838  0.24442130919276245  0.1735878029309417  -0.49171198094013224  -0.0  0.0  -0.0  1.0
1807261650247;12.652214164961155;0.08186160777043848;0.5227077616936971  0.7974735455606783  0.3013511904672784  -8.376176407459212  -0.780186933252202  0.3049942919084941  0.5461564163184014  -0.8648285464169101  0.3436349007998004  -0.5205904590310086  0.7816013235135894  4.719620145459088  0.0  0.0  0.0  1.0
1807261650278;6.989420057286833;0.04771850177046561;-0.5204429942204227  0.760288962496864  -0.3887155557375106  -4.908598737320158  -0.8513731654162059  -0.49699090708903265  0.16782065272192348  -7.0098870569880765  -0.06559590670210476  0.41828307612938753  0.9059450564176975  4.511927464923517  0.0  0.0  0.0  1.0
1807261650309;8.352466281140485;14.888600135404975;-0.9390609143044425  0.06404968864000624  0.3377310122135992  4.176473593564375  0.2821803328949198  0.7047222326750007  0.6509537882990417  0.08598205483186146  -0.19631316551117003  0.7065863090654106  -0.6798506666087074  9.317056843392445  -0.0  -0.0  -0.0  1.0
1807261650340;10.036300996119001;0.05381352787362277;0.6886550129844584  0.5665185315410141  -0.45256052248510364  5.887738631273998  -0.7250718315993607  0.5423529274697952  -0.42441034516855325  8.256088424767993  0.005011198711352334  0.6204111987106259  0.7842606916082939  -13.02489290515989  0.0  0.0  0.0  1.0
1807261650371;3.1812712757927435;0.04457227257317006;-0.07502134240537664  -0.9757876538598504  0.20545133914964772  2.3579788027803086  -0.6573967411034451  0.20331655898545337  0.7255976168847873  4.909710701743802  -0.7498008555411652  -0.08062773354747835  -0.6567327048447722  3.293630951548693  0.0  0.0  0.0  1.0
1807261650402;12.640830633455;4.12219746516559;0.8777973113951  0.10603325600785629  -0.46714968556974  0.5203272604100244  0.44328329223563173  -0.5494555466452813  0.7082362071268846  -9.986991027039823  -0.18158139478557475  -0.8287674890348372  -0.5293133723859775  9.278426618120456  0.0  0.0  0.0  1.0
1807261650433;17.72602606662104;17.72602606662104;1.0  0.0  0.0  0.0  0.0  1.0  0.0  0.0  0.0  0.0  1.0  0.0  0.0  0.0  0.0  1.0
1807261650464;13.516242316124647;16.074259757432138;0.7337623426603723  0.39940007746433775  0.5496111376373699  3.433675146292691  0.6793693441742528  -0.4397601839576558  -0.5874251227192904  1.1205347518295912  0.007079455474001854  0.8044193923116282  -0.5940196314796191  4.709931728398951  0.0  0.0  0.0  1.0
1807261650495;7.578236265964046;0.04608349144532144;0.554997652636457  -0.35068142521741996  0.7543209817945554  -7.615977988382435  -0.8224081816583024  -0.3675630248804575  0.4342144694528416  5.26180247400636  0.12498955280145518  -0.8613477583114777  -0.4923998892590091  -3.481590974932277  0.0  0.0  0.0  1.0
1807261650526;15.116037694080763;7.856669388946079;0.2603230555556379  -0.9207384423346252  -0.2906417512219893  1.2899573358205483  0.8733161586764011  0.09616537491655824  0.47756790895311474  1.6124893879040847  -0.4117654596258277  -0.3781440750221619  0.8291298238423006  7.597974656972967  0.0  0.0  0.0  1.0
1807261650557;24.456095870239103;15.496833082234286;0.08643406019449856  0.9166374366181691  -0.39026268464761427  5.727925609999909  -0.9954755930851943  0.06394619555795868  -0.07027963891017053  1.3666765193813908  -0.039465134105618846  0.3945715319986134  0.9180173251776297  -6.9174384205159685  0.0  0.0  0.0  1.0
1807261650588;6.853314294203077;9.034555243193852;0.8051184870575309  0.027038582431725734  -0.5924973728703563  -1.358499454268953  -0.5435403380330308  0.4334420490174768  -0.7188128345226392  -5.855828157075265  0.23737759525517674  0.9007757241420387  0.3636687669669419  6.026668394162847  0.0  0.0  0.0  1.0
1807261650619;35.588647047747834;14.648833278822698;0.7602336459775846  0.6488980197800258  -0.031243614534651513  5.223384171044423  -0.6322159319108578  0.7279093813272475  -0.2654259746405149  4.168103488699365  -0.14949186921606814  0.2215384673174006  0.9636248691980418  -10.748974189973799  0.0  0.0  0.0  1.0
1807261650650;3.7851067611784845;9.692720447865712;0.4769778258352201  -0.6976353272091151  0.5345999475227599  7.242537844525385  0.8458914289936263  0.19920839051479247  -0.49475621017186555  0.3604680451466711  0.23866261545668976  0.6882012549961938  0.6851417288452333  -4.442790261601967  -0.0  0.0  -0.0  1.0
1807261650681;15.599629407378206;30.991708752468465;-0.2818892167673259  0.9592166034459799  -0.021023252456785234  3.9457647485389513  -0.9557868756150162  -0.2826585651201647  -0.08108997451162335  -14.07479350286873  -0.08372525229815425  -0.0027646406218273206  0.9964850419799799  -1.1565159911231446  0.0  0.0  0.0  1.0
1807261650712;15.285930710511307;0.018686384460228845;-0.8285406829189595  0.29241403471231436  -0.4775085015488709  2.7605575244164915  -0.07642978018780047  -0.9038821257949496  -0.42089855234824086  -1.515545763688036  -0.5546880433618762  -0.31223570419102675  0.7712522541812804  8.57044436809114  0.0  -0.0  -0.0  1.0
1807261650743;12.892867624387561;0.024344915451475966;-0.48936212475965246  0.8693891024628673  -0.0684638544746847  3.366313010960206  -0.8052843064034487  -0.48061783436348393  -0.3471652101695559  7.470902756968994  -0.33472659994544146  -0.11475663732685264  0.9353015649930233  0.09804410074883148  0.0  -0.0  -0.0  1.0
1807261650774;8.730798497462562;7.0912402320827255;0.3499385998748761  -0.4228129816270814  -0.8359259290662235  -0.09639615172340944  0.8990755428668359  -0.09900552016965596  0.42645172668737064  2.2246607028067085  -0.2630706075112103  -0.9007924786228813  0.34549495787946005  2.0742302507941712  0.0  0.0  0.0  1.0
1807261650805;27.065215252830498;19.55417681059416;0.2529523997007041  0.684662206695349  -0.6835588827662983  -11.219138471938917  0.06827866944665426  -0.7174079551052113  -0.6932992494228983  -14.629043364220141  -0.9650663742894843  0.12869921784849492  -0.2282178883018069  -4.536546446855148  -0.0  -0.0  0.0  1.0
1807261650836;7.792680035821759;10.20431277528914;0.7963078329097286  0.5854493973505577  0.15212770421090302  3.60960759050638  -0.3866704662803661  0.6860724300273142  -0.616271507748768  -1.6500870772667227  -0.4651664065182868  0.4319185384980409  0.7727008414312615  -2.847979916230212  0.0  0.0  0.0  1.0
1807261650867;39.325074377946905;24.622309607081178;-0.16816811212280666  0.655790446492218  0.7359744400144539  -11.469008788560906  -0.5800221677002387  -0.66951150564656  0.4640351589946529  -4.923975208357237  0.7970531795566514  -0.34884557342241523  0.4929634822806034  13.047780108944606  0.0  0.0  -0.0  1.0
1807261650898;3.285326842341318;12.374915382057821;0.9442523985214962  0.055047635668622114  0.32458768567784063  -2.10704705288238  -0.31263713149353684  0.45891317362464956  0.8316590185197564  -5.547872853085914  -0.10317670230189827  -0.8867741859577603  0.4505397998191262  3.0132490647697914  0.0  -0.0  -0.0  1.0
1807261650929;12.554732005914778;24.64062658992536;-0.9608873623439387  -0.27084738371194045  0.05776825792858923  2.9333130427653074  0.27529909679460157  -0.9115132055498388  0.3055390047315302  3.464824154673681  -0.030097910089966637  0.3094921175808104  0.9504255599275309  9.25858968045432  -0.0  -0.0  -0.0  1.0
1807261650960;16.500132258179224;8.184504595074623;0.5193698906889291  0.5885458390664167  -0.6195713937581178  10.026626217044441  0.7949174929578056  -0.5988297012464845  0.09751496446557481  -3.7800975588261814  -0.3136257260421185  -0.5431544754695969  -0.7788594993590955  11.237988406166107  -0.0  0.0  0.0  1.0
1807261650991;6.090238403131256;23.71890566399017;0.7721592001039549  -0.5996543573967454  0.2102018585786447  -1.18655574557262  0.5916175968853762  0.7991505790172989  0.10652216253854568  1.5653689361124532  -0.23185941591919956  0.042107050614030556  0.9718375417415176  6.860518938871717  -0.0  -0.0  -0.0  1.0
1807261651022;18.00713753417378;18.007137534173797;1.0  4.1074382083482586e-16  -2.1032070984998613e-15  2.8421709430404e-14  -4.1074382083482586e-16  1.0  3.51712803389006e-16  -5.329070518200751e-15  2.1032070984998613e-15  -3.5171280338900545e-16  1.0  7.105427357601002e-15  0.0  0.0  0.0  1.0
1807261651053;17.655152207016677;11.52532232449245;0.9212539221620432  -0.24755147112876588  -0.3000157996556784  2.1464271379429474  -0.30233128580926627  0.029547875602789146  -0.9527448329265696  8.234785845470489  0.24471821452839987  0.9684240766262197  -0.04762145827970957  -0.7273269536117858  -0.0  0.0  0.0  1.0
1807261651084;7.048108031378534;10.212649460753502;0.9161497389444442  0.25303135268444904  0.31087745236781583  4.886974700975078  -0.12200759666987261  0.9148041547091663  -0.38502922600977724  -0.02839801575898374  -0.38181645091177885  0.3148150140725893  0.868969334745254  -1.673464950585448  0.0  0.0  0.0  1.0
1807261651115;29.330989838652297;30.24939176677295;-0.15260340083530274  0.01958103157257202  0.9880935103804974  -6.7012363913307205  0.19447722617096813  -0.9796598209913919  0.04944940480896745  -11.941431176087855  0.9689637818589224  0.19970783243946394  0.14569135563919045  -11.444376163820777  -0.0  0.0  -0.0  1.0
1807261651146;12.978837113850958;5.447410427136674;-0.670454344745248  0.24110972999309396  -0.7016816013797694  -1.7862205639310071  -0.7289422623881867  -0.39037285442078873  0.5623630612298052  7.020448382229031  -0.13832624377396124  0.8885241317116954  0.43748224838199246  6.181829857857329  0.0  0.0  0.0  1.0
1807261651177;4.659029665212119;5.447561123118156;0.5058906758353672  -0.16745840946550627  -0.8461869209590266  7.755793198350336  0.653704070835691  0.714463681261076  0.2494246097154789  -0.8445626663455671  0.5628015741588519  -0.6793374192977709  0.4709087585362618  -0.38623300230461344  0.0  0.0  0.0  1.0
1807261651208;13.18942876420926;6.361115594856512;0.9378230812526435  -0.22828745712799214  -0.26148174924425166  -4.043908016688343  -0.30697631675834347  -0.8970960655880621  -0.3177800970103399  -1.4634911446845686  -0.1620290381977256  0.37829021402153  -0.9113962391606982  6.549952968083858  0.0  0.0  0.0  1.0
1807261651239;14.502722552119096;14.353430067816538;-0.7360144632110099  0.6680975336074317  0.10921719430509734  -0.7871923802194125  -0.39749801926154843  -0.5571013499681385  0.7291319568821704  -9.207317301484506  0.5479763084544383  0.4932380474490435  0.6756020973334091  -14.463647688611461  -0.0  0.0  -0.0  1.0
1807261651270;5.3367863312056185;14.350309523797044;0.37337689483167824  -0.05490433744290164  -0.9260535665585499  0.36375898826174197  0.5613911792554769  -0.7813383647128406  0.27267252095143135  -6.088115115203514  -0.7385320834330744  -0.621687922962816  -0.26091088168603144  -8.15098084014349  -0.0  0.0  -0.0  1.0
1807261651301;18.499291020604566;18.499291020604566;1.0  0.0  0.0  0.0  0.0  1.0  0.0  0.0  0.0  0.0  1.0  0.0  0.0  0.0  0.0  1.0
1807261651332;12.390821196249583;12.390821196249583;1.0  0.0  0.0  0.0  0.0  1.0  0.0  0.0  0.0  0.0  1.0  0.0  0.0  0.0  0.0  1.0
1807261651363;14.174233102738592;11.567731051240226;0.9560130580547574  -0.13884967996207268  -0.25837917718581943  -5.142869884080941  0.23354345913515637  -0.17264426585226905  0.9568967604519916  3.0891041709373406  -0.17747249230226217  -0.9751485650108713  -0.13262273799489446  2.564301422598101  -0.0  0.0  -0.0  1.0
1807261651394;15.37282925956283;5.448106930863754;-0.2772660234153146  -0.5224103970138138  -0.8063565770497125  -6.419373088409309  0.4964860368424663  -0.7964274260711244  0.34526072788862816  5.717827822876556  -0.8225722870848016  -0.3046157121581108  0.4801917329843224  3.397090932183168  0.0  0.0  0.0  1.0
1807261651425;13.890754583273365;6.36230236150868;0.8921618742887146  -0.3027737819733721  -0.3352241444394918  7.070976582304438  -0.44011557968230647  -0.415535729460327  -0.7960077474891698  11.557593704976227  0.10171266679502279  0.8577051326017675  -0.503980593795068  7.459245424062604  0.0  0.0  0.0  1.0
1807261651456;9.3716141831985;8.989651508574932;-0.8124772339269177  -0.23318805125918224  -0.5343258154912671  6.271827241804495  -0.5198998459384224  -0.1248947422418674  0.8450476043120541  -8.928983516222546  -0.2637894890697256  0.9643778492428585  -0.01976029721564253  12.40473171265209  0.0  0.0  0.0  1.0
1807261651487;17.785414458371655;19.55702287143248;-0.8881335727400288  -0.34576474867996915  0.30276310135534734  3.355783441850332  0.4139296089259353  -0.8880565415333452  0.20004463975386774  -15.8172966037942  0.19970236810426847  0.3029889727533176  0.9318350962286387  -9.927112296807096  -0.0  0.0  -0.0  1.0
1807261651518;16.45702919953805;6.3591972902150244;-0.6268035245478273  -0.6161304816413153  0.4769701994955898  -1.764624326304553  0.7613967979002477  -0.6143579906059827  0.2069762680256577  -2.0170202007975613  0.16550606563407438  0.49289703688602227  0.8542015296563856  -14.41271381760312  0.0  0.0  0.0  1.0
1807261651549;5.869275751550298;8.98517102440141;0.262439432532067  0.9645442246270421  0.027928175573505715  -1.1693698534019412  -0.6284023426376667  0.14887250377909164  0.7635099694084126  -4.479707745859607  0.7322813940144443  -0.2179252540601064  0.645191865744679  3.8916404972139036  0.0  0.0  0.0  1.0
1807261651580;10.82780923860347;14.462438979547361;0.244960032222165  -0.9557752421507023  0.16275217081649654  3.2939290859198764  0.9078429119914444  0.16719556472839808  -0.3845346411990026  -5.46003871800431  0.3403172486968735  0.24194902278562358  0.9086500099666934  3.452507700384174  0.0  0.0  0.0  1.0
1807261651611;22.621753926741967;34.46406160952965;-0.2673554591790242  -0.6853173015456342  0.6773929839091815  -2.9778062713760947  -0.9235293963985997  -0.018371182232080292  -0.38308739688357607  -6.658065987547778  0.2749809310385216  -0.7280128404537975  -0.6279990379766365  15.023966386234777  0.0  0.0  0.0  1.0
1807261651642;7.769711969705423;6.3612194268681055;0.7409655863188046  0.14097709876972883  -0.6565785996464558  6.4772413588373725  0.19834113650273374  0.8881570022318273  0.4145333918484464  0.36284379713728  0.6415845957175362  -0.4373815233969581  0.6301322159110107  -8.70257652738493  0.0  0.0  0.0  1.0
1807261651673;8.158437860854828;19.545594177675888;0.2740531017661592  -0.14892617716547116  0.9501136201356266  -0.9385609302260547  -0.7574146465971763  0.575372483648119  0.30865767150788753  -13.369327962810264  -0.5926364404358064  -0.8042185640828454  0.044883745967811826  -7.872826611905696  0.0  -0.0  -0.0  1.0
1807261651704;36.66570801263619;14.94701277934697;0.5834801406181139  0.5907111109774904  0.5573251374843996  -5.6590663785015565  -0.44389849674933884  -0.34269748524457583  0.8279568576868733  3.7012009097233403  0.680077238325136  -0.7304921744788119  0.06225859729606068  -2.6717755569742274  0.0  0.0  0.0  1.0
1807261651735;13.857565236918324;6.364726736120078;0.8401484207921635  0.35235534788710604  -0.4123061239610571  -6.32414451508934  -0.3392519940694144  -0.2517066216238202  -0.9063949807620565  -0.6552726931465233  -0.42315330030659054  0.9013819864220055  -0.09193366626846  -4.5095981364227535  0.0  0.0  0.0  1.0
1807261651766;22.45262214999514;30.26913817673248;0.15265617158282013  -0.8601560895820869  -0.48664935511364715  2.7288051217861273  0.7585775352955305  -0.21363820506171857  0.6155638393237253  -19.208808736334348  -0.6334478796417542  -0.46313088743125225  0.6198818959160737  -5.90069494530756  -0.0  0.0  -0.0  1.0
1807261651797;21.051230087920704;11.96506857578973;-0.3664026306533518  0.8080723050359689  0.4612681021750369  4.681613725792753  -0.21460313839946998  -0.5557705969010289  0.8031590979434722  6.4928192790262695  0.905369872063016  0.19529002394933087  0.37705066145873334  -2.9261083679489603  0.0  0.0  0.0  1.0
1807261651828;3.434283833819833;5.4493218890390995;-0.5390171348069669  -0.5282141524698335  -0.6560871417083743  7.4556650814728185  0.7392885456065671  -0.6699466008447977  -0.06799998787815077  0.6015101128979865  -0.40362479448048766  -0.5216908674177428  0.7516153698092582  0.9436847105958743  0.0  0.0  0.0  1.0
1807261651859;30.81758641329856;11.98049767222187;0.8709945666652275  0.14093597872370284  0.47064372378779745  -5.040053708009088  0.49120589540391574  -0.2678178697887416  -0.8288488142853667  -0.40590348007909877  0.009232180679000036  0.9531057855888883  -0.3024964930654525  9.199290232051593  -0.0  0.0  0.0  1.0
1807261651890;5.456298175072451;5.456298175072451;1.0  -7.768320929979531e-16  -7.855128456443038e-16  8.881784197001252e-16  7.768320929979531e-16  1.0  2.7128726717767333e-17  -5.10702591327572e-15  7.855128456443038e-16  -2.7128726717767817e-17  1.0  -4.440892098500626e-15  0.0  0.0  0.0  1.0
1807261651921;13.250946855243232;30.270083265398128;0.9531810262594393  0.12114007686546345  0.2770758252825948  3.041464499804476  -0.2723220648948217  0.7422325088135886  0.6123165813790337  -6.272242463656819  -0.13147860719684232  -0.6591024083079321  0.7404710603475749  -2.384427334190543  0.0  -0.0  -0.0  1.0
1807261651952;9.163995689044379;8.982981455799022;0.7902653907266045  0.5847937698653132  0.1830214712716545  -3.308628473619294  0.3001791018778981  -0.6298490837766222  0.7163676698885324  -2.987937611047362  0.5342032562756469  -0.5111813556776725  -0.6732908009114872  -0.6239640003696458  0.0  0.0  0.0  1.0
1807261651983;6.588263075805257;11.992373775732455;-0.08904940949616948  0.6140134932212703  -0.7842561015450229  -0.9739718725863058  -0.9042652761305334  0.2802705192679495  0.32210673140101254  2.0412242366083606  0.41758174415670213  0.7378589744466675  0.5302731567556097  0.5304597502488424  0.0  0.0  0.0  1.0
1807261652014;17.758751011909293;10.198191862716971;-0.9129676038298394  -0.2578740000621111  0.316213779663646  8.569411972712002  0.13188020520969806  -0.919867201377578  -0.3693940217486325  -6.749237495453461  0.38613179852357454  -0.29554243675274056  0.8738174307297839  8.00836146763391  0.0  0.0  0.0  1.0
1807261652045;29.809431639619387;34.42705450110493;-0.3455973455368073  -0.3175611859440833  -0.8830160632399056  -6.108958955877389  -0.4747186785121932  0.8708687987343959  -0.12739588557935008  -6.811287547931926  0.8094471267658869  0.375156538757753  -0.45172217169157547  6.8003253025432215  -0.0  0.0  0.0  1.0
1807261652076;4.484716985902588;30.288418955667108;0.8927460564702978  -0.42773922139111964  0.14157555276406433  0.7422811446874236  -0.09757216611833461  -0.4903032422838839  -0.8660729778747793  -11.163378497757728  0.4398683337724011  0.7593694022606062  -0.4794517283884391  -4.918599111858077  -0.0  0.0  0.0  1.0
1807261652107;29.336704611392904;19.557498912142425;-0.8823329670735608  -0.3279788882455009  -0.33751797593670746  -2.8811225801403624  0.12747963138044235  -0.8569163509746616  0.4994430007672328  -2.6863292369310745  -0.4530314324616701  0.3976483575943905  0.7978961742634255  6.931652625010746  0.0  0.0  -0.0  1.0
1807261652138;8.336172594373753;15.049240580619776;-0.7817473396866667  -0.476385473040777  0.402402755915683  5.049301667135801  -0.26958044614238413  -0.3237102999234983  -0.9069388208589998  -4.447940097052591  0.5623143960014664  -0.8174769249337597  0.12463545743628407  2.2018719687239057  0.0  0.0  0.0  1.0
1807261652169;11.016264409904746;30.2284102315654;-0.23690498104822855  -0.5710661659011824  0.7859767580008089  -1.132127667047779  0.5657156028117251  0.576620699367386  0.5894696139721141  -10.63483731002034  -0.7898366202512421  0.5842876031750032  0.1864567244325214  -0.703825638103509  -0.0  -0.0  -0.0  1.0
1807261652200;7.691976379282801;14.872924680327623;-0.8608329208688612  -0.02338226855214063  0.5083502255981998  3.8809651676799874  0.44619107410550723  -0.5150335700742735  0.7318838344198638  -5.154147038714436  0.2447043271725275  0.8568510321017897  0.4537908119928573  -0.5104534827055766  0.0  0.0  0.0  1.0
1807261652231;30.250277525569288;30.250277525569288;1.0  0.0  0.0  0.0  0.0  1.0  0.0  0.0  0.0  0.0  1.0  0.0  0.0  0.0  0.0  1.0
1807261652262;34.4089756725358;34.4089756725358;1.0  0.0  0.0  0.0  0.0  1.0  0.0  0.0  0.0  0.0  1.0  0.0  0.0  0.0  0.0  1.0
1807261652293;40.84770933151314;11.97464725349619;0.324379716155484  -0.9436476039194699  0.06562773319209007  -9.992276172325266  0.5466824610565778  0.24363736142080175  0.8011111801073756  1.839603151070514  -0.771956013332373  -0.22398668651719925  0.5949066126233887  10.819375539164492  0.0  0.0  0.0  1.0
1807261652324;17.8904122783438;10.205512628323637;0.8188345229330245  0.3314679928665147  -0.4686565840336509  -0.7300249918338717  0.5715283648264581  -0.39463458605088664  0.7194573452896568  0.7293099013420985  0.05352898515609093  -0.8569670432388224  -0.5125837829571563  6.789521050270673  0.0  0.0  0.0  1.0
1807261652355;3.608779537763446;10.191204909823616;0.5346786251023897  -0.7057686954844741  -0.46476802421504854  6.060088802067348  0.14867763922070423  0.6199713421830466  -0.770409303206749  -1.6256137316064876  0.831873624689698  0.34282077437911  0.43641744832182255  0.07714131923925341  0.0  0.0  0.0  1.0
1807261652386;28.030315095757214;10.202906863351968;0.30417365830329574  0.32157820183532876  -0.8966971872927595  4.411257679238623  -0.3993576438736571  -0.8115441775830086  -0.42650852290523056  9.72656949081192  -0.8648652252658054  0.48783553369499055  -0.11842564836407761  8.380187019565529  0.0  0.0  0.0  1.0
1807261652417;16.760798496759268;10.221822969078302;-0.5335049629393245  0.8002269223304589  0.2738783074590431  2.7881026512104787  -0.818605904288244  -0.4070878511201612  -0.40517138958075044  -5.912369195020781  -0.21273652244863006  -0.4403593467247968  0.8722538723150349  -7.155824658752792  0.0  0.0  0.0  1.0
1807261652448;11.541073086658493;6.370616421093861;-0.21600156065648718  0.9665934994942929  -0.13798671142301608  0.9786566672861167  0.4807401305871079  -0.0177221602567084  -0.8766840091383694  8.897664300921523  -0.8498424869568786  -0.2557008638452605  -0.46085227089788267  4.996010483849856  0.0  0.0  0.0  1.0
1807261652479;17.131314427617824;24.639141845084758;-0.16428859661962958  -0.9855622581832448  0.04094254835125889  -4.823986165592947  0.9854906530275592  -0.16219979344126148  0.04999399766896714  -3.7455731661519622  -0.042631324352702074  0.04856194242773429  0.997909969852782  9.335609589648996  0.0  0.0  0.0  1.0
1807261652510;16.88386035870282;19.556044362346334;-0.9932879370091826  -0.096950725071475  -0.06308431738679113  -8.868929196156644  -0.004271116824594914  -0.5142768940475659  0.8576135690448585  -7.809142359081066  -0.11558906415882425  0.8521266532370084  0.5104109472669862  -1.6459502072878025  0.0  0.0  -0.0  1.0
1807261652541;12.460236884144733;6.364837339619167;0.20471278375794555  0.9372238880851825  -0.2823190743973306  2.03631673958654  0.4774829897860639  0.15616420548036622  0.8646518000858179  11.195917599108576  0.8544604558614954  -0.3118078326937581  -0.4155396549545991  -4.651939057076617  0.0  0.0  0.0  1.0
1807261652572;42.08124229642907;11.996804088839061;0.7863257168540254  0.6172970606895227  -0.025223121893993828  -2.2365427798128144  -0.6174000637836886  0.7866369827617048  0.004406653090446117  11.612740849320597  0.022561654502732842  0.01210769241590349  0.9996721340171794  -13.761093854890767  0.0  0.0  0.0  1.0
1807261652603;27.455101979184786;19.561758335556558;0.5190847619517117  0.8483921339578002  -0.10383543204544068  3.65398097391094  -0.6600680552301308  0.32071938460026683  -0.6793005511600443  2.9396439766229694  -0.5430112083320635  0.42115301658679316  0.7264770913425947  -12.1963834052547  -0.0  -0.0  -0.0  1.0
1807261652634;28.71491398766282;24.597691794850387;-0.9427867450742147  -0.12570745989531038  0.3087892288261301  6.327242695382286  0.0956001188273385  -0.9892306610196777  -0.11083012487031363  3.3557414232043805  0.31939594642475666  -0.07496888571427154  0.9446512031338306  15.749202552247935  -0.0  0.0  -0.0  1.0
1807261652665;10.293881191059828;24.615679108025017;0.3007888302040994  0.5792885714781015  -0.7575954267148867  3.477452319323012  -0.7930695038454226  -0.289271707169409  -0.5360621619753361  2.131452081068868  -0.5296856064637063  0.7620673397975781  0.372406401554833  7.686402884119853  -0.0  -0.0  -0.0  1.0
1807261652696;33.77779932650991;12.0047892572177;-0.48285562046402836  -0.8234352074384698  -0.2980015250582808  4.880386508435757  0.564083271444754  -0.5527641582653592  0.6134018651857636  -2.652793430671244  -0.6698212542630179  0.12808686305766367  0.7313913062441775  -9.773753213555072  0.0  0.0  -0.0  1.0
1807261652727;26.404805354969792;19.55766675020562;0.16853611788449677  -0.9225805708093281  -0.34704562716386106  -7.56179431914403  0.9659437342961794  0.2247136144480262  -0.12828286579140297  -10.58332099842493  0.1963371568052624  -0.31360625288223853  0.9290332819715276  -17.14717361738669  -0.0  0.0  -0.0  1.0
1807261652758;11.706876263611738;10.193178456418195;-0.5332326790329044  0.5706081822838595  0.6245552115882964  9.51074005990642  -0.7264687558180573  0.06943576429655936  -0.6836825443557236  -5.605134929935333  -0.4334813223560567  -0.818281722237068  0.37750359762680713  -1.6869763454758653  0.0  0.0  0.0  1.0
1807261652789;37.4807323049303;11.972691322027362;0.2535891812483754  0.10046169128892228  -0.9620810650548883  -3.2675124028483733  -0.8607567593363679  0.47723333683272906  -0.17704842126450596  -6.67039515344928  0.44135057313946413  0.8730153439653097  0.20749429098314529  6.631302255428043  -0.0  0.0  -0.0  1.0
1807261652820;24.622197736499775;24.622197736499775;1.0  0.0  0.0  0.0  0.0  1.0  0.0  0.0  0.0  0.0  1.0  0.0  0.0  0.0  0.0  1.0
1807261652851;31.035011037167635;11.976749276918776;-0.19505540635067997  -0.942270990885176  -0.27217415048023813  -3.8286583708596837  -0.8308546512465839  0.011283138944806977  0.5563750886564477  -6.749933937972715  -0.521185127335085  0.33466112787687263  -0.7850910727634662  3.645292796689548  0.0  0.0  0.0  1.0
1807261652882;15.670251551388807;10.192496396086932;-0.0005166403665216798  0.9288972787534684  0.3703371148118051  10.401377928460915  -0.8863636452702413  0.17103684791905752  -0.4302393345536442  -3.3228876020781666  -0.46298943986443264  -0.3284756340709516  0.8232524135377348  -5.248666380804901  0.0  0.0  0.0  1.0
1807261652913;15.719459525657804;10.193836463074168;-0.16962548239967604  -0.6124215195048002  0.7721185648383985  12.043012832563988  -0.3918096889266071  -0.6769837569431645  -0.6230394534043201  -0.611939661151167  0.9042744955951769  -0.40820690254152947  -0.12511898870090685  1.8473344726981038  0.0  0.0  0.0  1.0
1807261652944;19.564049308117394;19.564049308117394;1.0  0.0  0.0  0.0  0.0  1.0  0.0  0.0  0.0  0.0  1.0  0.0  0.0  0.0  0.0  1.0
1807261652975;27.89646367782606;11.972176983809213;0.7793716719226611  0.5423496645282865  -0.3137461368535597  -0.29225692005984005  -0.6183265435065789  0.5848341181873882  -0.5250155614828821  9.262741740789183  -0.10125256836091942  0.6031798202775319  0.7911523379288474  -8.986209816195183  0.0  0.0  0.0  1.0
1807261653006;6.365423988371116;6.365423988371119;1.0  -1.415274281548596e-16  1.0106145998330374e-16  1.7763568394002505e-15  1.415274281548596e-16  1.0  -2.80431065044219e-16  -4.440892098500626e-16  -1.0106145998330373e-16  2.80431065044219e-16  1.0  -2.220446049250313e-16  0.0  0.0  0.0  1.0
1807261653037;10.197467142422473;10.197467142422473;1.0  0.0  0.0  0.0  0.0  1.0  0.0  0.0  0.0  0.0  1.0  0.0  0.0  0.0  0.0  1.0
1807261653068;11.981883041146329;11.981883041146329;1.0  0.0  0.0  0.0  0.0  1.0  0.0  0.0  0.0  0.0  1.0  0.0  0.0  0.0  0.0  1.0
1807261653099;8.993075075233714;8.993075075233714;1.0  -8.123602397361253e-16  -1.1617383490925757e-16  -1.3322676295501878e-15  8.123602397361253e-16  1.0  -4.204160787715187e-17  -1.3322676295501878e-15  1.1617383490925757e-16  4.204160787715184e-17  1.0  4.3790577010150533e-47  0.0  0.0  0.0  1.0
