# registration_from_features.py FastGlobal FastGlobal_config.json l2 True --use_random_keypoints=True --n_keypoints=5000 --input_txt=/neural_comparison/point_clouds_registration_benchmark//eth/plain_global.txt --input_pcd_dir=/neural_comparison/point_clouds_registration_benchmark//eth/plain/ --input_features_dir=/neural_comparison/experiments/FCGF/3dmatch_normalized_5cm_32//eth/plain/ --output_dir=/root/neural_registration_comparison/results/FCGF/3dmatch_normalized_5cm_32/FastGlobal/
id;initial_error;final_error;transformation
4215528470030;7.9427285406441825;0.5156450384967125;0.5777684900689051  0.6886656675901487  0.4380903675796953  -0.6615336079534846  -0.568232040389175  0.7246906487910382  -0.3897894455086989  5.234135690556759  -0.5859146014212763  -0.023728924068296967  0.8100253193597757  11.590767797093298  0.0  0.0  0.0  1.0
4215528470061;8.5731783167614;9.471369217597413;0.8372175746175755  0.10976082844499327  0.5357418158875905  3.01718389014807  -0.37259473061403026  -0.6026020124910966  0.7057223117206513  8.407494530126938  0.40029976201607065  -0.7904576997415804  -0.46361268905103026  1.799150764183033  0.0  0.0  0.0  1.0
4215528470092;7.21989676751356;6.961374177909257;-0.4986377445592679  0.835582791011052  -0.23056842599763228  -7.6168906028839585  -0.5153143712377133  -0.07187061432971446  0.853982267726764  11.777877364494143  0.6970017923195941  0.544643015343124  0.4664252215963721  -4.628182477673757  0.0  0.0  0.0  1.0
4215528470123;3.699125908164359;7.444699839854395;0.9662136109700112  0.24804027172040274  -0.07005199198568067  -2.7859686087222832  -0.08823301783383193  0.06294387772646116  -0.9941091503555797  6.3786209069616575  -0.24216975975589466  0.9667026905215604  0.08270257310475357  7.2846240050698  0.0  0.0  0.0  1.0
4215528470154;6.304867582126328;0.8810206358713123;-0.8976751494565097  0.11893083245063715  -0.424305059056372  2.887954979777198  -0.38163104703332634  -0.691230171699635  0.6136437025443491  -3.02191771974844  -0.22031130245286912  0.712780686343767  0.6658878458020003  -0.20092367243997164  0.0  0.0  0.0  1.0
4215528470185;10.45878331764484;10.982114012613646;0.05814388993592105  0.9261519907840522  0.37264162144056934  11.718553548104664  0.4250900978127169  -0.36071092517980147  0.8301722936821644  11.505809819102375  0.9032816265178285  0.11013681683555389  -0.41467117668417314  -12.548673755381838  0.0  0.0  0.0  1.0
4215528470216;5.914600834043442;5.603773473073657;0.08996930480467064  -0.8231762604328206  -0.5606124940213166  5.946014765707894  0.95264518162623  -0.09304062246314966  0.28950060534651145  -6.959124830004407  -0.29046976110654105  -0.5601109593924285  0.7758240980088228  -4.073353743673069  0.0  0.0  0.0  1.0
4215528470247;6.661053221913973;4.5233715833743044;-0.4140217249989789  -0.9081373986548847  -0.062229224591100724  27.012150717991304  0.5838068944404042  -0.31736635353631437  0.7472938562887532  -13.01667152518941  -0.6983949607727151  0.2730660411098436  0.6615734395816361  12.23938688767135  0.0  0.0  0.0  1.0
4215528470278;5.936222330533173;8.938206407153087;0.5310019601976025  0.7823242819285677  -0.3255850674881352  9.58506798654016  -0.43605802877688576  0.5817286498204656  0.6866186521769392  7.137942086265358  0.726560605734662  -0.22262186748612486  0.6500378375998369  -2.767680883208539  0.0  0.0  0.0  1.0
4215528470309;13.3828056546087;4.160244422956446;0.8343570624755571  -0.4682767273378103  0.29080096102136305  0.3140323838385421  0.3985567980991898  0.14805455318948968  -0.9051145385909904  -9.677729311934307  0.3807896676461696  0.871089407531541  0.3101652351574387  -9.619192849232308  0.0  0.0  0.0  1.0
4215528470340;6.643852363898183;8.043681328358389;0.5550099617775697  -0.01565279910836148  -0.8316964182968059  2.6614921147677695  0.06292202170773314  0.9977484916883571  0.02321134459306808  2.197025206139265  0.8294605243842972  -0.06521454756172021  0.5547452580008653  -6.866466944822674  0.0  0.0  0.0  1.0
4215528470371;8.616592423121881;3.1231701789234694;0.12095888304783714  -0.42939605148807924  -0.8949793179611834  9.935400140055327  -0.33248134872722307  -0.8670474742944503  0.3710590654709056  8.882322231483393  -0.9353208547660775  0.2526810406145698  -0.24764327237700554  9.57127327658156  0.0  0.0  0.0  1.0
4215528470402;8.051064745866395;5.445704357668941;0.9710419296886345  -0.1616265433879112  0.17593871449754683  -1.0715348855370157  -0.20499832540771631  -0.18549274211121206  0.9610245206050135  14.305634456905342  -0.12269171678074123  -0.9692622468127698  -0.21325440097886686  5.183375238917027  0.0  0.0  0.0  1.0
4215528470433;3.035557231842426;5.180119748814264;-0.2515189647713757  0.8698808233589065  0.42431776242901703  3.6866737713616793  0.9066474308446546  0.3651928132382834  -0.21124546220426804  -3.2834411423075576  -0.3387161739615075  0.33157436920175193  -0.8805281319670246  7.093972007855588  0.0  0.0  0.0  1.0
4215528470464;11.371431429449434;10.658791934637337;-0.6120418647790159  0.48463241807331087  0.6249289360481243  16.188505489614013  0.5656022767775664  0.8205513234767865  -0.08239896871033721  -8.624768653136924  -0.5527194770060674  0.30302961058765915  -0.7763209612301034  21.642996865577455  0.0  0.0  0.0  1.0
4215528470495;6.926527848736154;6.926527848736154;1.0  3.50823199914711e-16  8.388770407332519e-17  -1.7763568394002505e-15  -3.50823199914711e-16  1.0  -1.5337180162042777e-16  8.881784197001252e-16  -8.388770407332522e-17  1.5337180162042777e-16  1.0  -4.440892098500626e-16  0.0  0.0  0.0  1.0
4215528470526;13.514784535064075;3.3185510205384325;-0.8248556308827177  -0.4403473761273247  -0.35455236078589863  27.648477846211726  0.051833276981265886  -0.6834093314402047  0.7281929669379106  -1.181119379029045  -0.5629622541507182  0.5822764584269496  0.5865386827510272  -2.6032742170649814  0.0  0.0  0.0  1.0
4215528470557;10.446360986706342;0.5170712985175931;0.09788678602710854  0.054896544404918465  -0.9936823167057384  -2.4805047427913447  -0.9810456078867652  -0.16246380670456986  -0.1056173601125634  12.911259872415426  -0.16723543992638004  0.9851862163689968  0.037952953892566026  -3.2515214802841337  0.0  0.0  0.0  1.0
4215528470588;3.580277951137834;7.173742820742995;0.9891534941435062  0.14669970030756072  -0.0073866740393536065  0.45530034245710854  -0.10031031860097596  0.637917123265324  -0.763544094225777  -2.382648032540427  -0.10729960394084648  0.7560032683623563  0.645713445128389  7.967238703707685  0.0  0.0  0.0  1.0
4215528470619;3.9070449392142814;3.9070449392142805;1.0  5.120107314354783e-16  -9.030047794368559e-17  -1.7763568394002505e-15  -5.120107314354783e-16  1.0  1.227172858138824e-16  6.661338147750939e-15  9.030047794368563e-17  -1.2271728581388239e-16  1.0  -2.7755575615628914e-16  0.0  0.0  0.0  1.0
4215528470650;5.1845358049870764;9.128001404621498;-0.3054432364052521  -0.9519075562973127  -0.024009031599845878  23.607127495234668  -0.621279709417647  0.21833406418829263  -0.7525568145203043  15.25557613534953  0.7216065077313322  -0.214947064830157  -0.6580895131520419  2.0452843979152107  0.0  0.0  0.0  1.0
4215528470681;3.380804448922173;0.3510580955114323;0.5653385374089  0.5148759003358602  -0.6444339728581212  -0.5959997869506277  -0.5068946644428651  -0.3994847026389485  -0.7638519303613919  3.951097311379725  -0.6507304643857708  0.7584950755349728  0.035143749223332216  -0.47629640724216854  0.0  0.0  0.0  1.0
4215528470712;10.187008660188404;10.187008660188404;1.0  -2.4361890240312167e-16  5.175581003775887e-16  -1.7763568394002503e-15  2.4361890240312167e-16  1.0  3.2640965396088133e-16  -5.329070518200751e-15  -5.175581003775888e-16  -3.264096539608813e-16  1.0  9.769962616701378e-15  0.0  0.0  0.0  1.0
4215528470743;11.416465271917176;11.416465271917176;1.0  3.333034121784343e-16  -1.72856191728422e-16  -3.552713678800501e-15  -3.333034121784343e-16  1.0  8.141554688484874e-16  -8.758115402030107e-47  1.7285619172842213e-16  -8.141554688484874e-16  1.0  2.6645352591003757e-15  0.0  0.0  0.0  1.0
4215528470774;8.6384432610346;10.574268341129406;0.4884660876934565  -0.7885734141885237  -0.3735677336287252  17.329475986935808  0.682949719504365  0.6119757404466322  -0.3988300060598572  3.6182660640809137  0.5431211299538612  -0.06031304618280234  0.8374853877279248  -11.403924277886958  0.0  0.0  0.0  1.0
4215528470805;4.364926864890053;13.857415509650743;-0.25247355115768383  0.8567399521270983  -0.44972631721424255  25.23434844387422  -0.13359749890745257  -0.49119716296913635  -0.8607421538281629  11.451055577865269  -0.9583364827927107  -0.1572323170354274  0.23847260687166838  11.683492404161099  0.0  0.0  0.0  1.0
4215528470836;7.998596834151955;2.4545495509926516;0.8339511196301171  0.08981497588972821  0.5444803028334462  6.790744281998262  -0.5370604368577254  0.35890370870953187  0.7633833997649748  7.019873052460364  -0.1268527383617035  -0.9290432702412043  0.3475442199054191  7.098910391154729  0.0  0.0  0.0  1.0
4215528470867;4.496746515697113;11.156720093035597;0.8107100853816281  -0.48535648946789  0.32738087236721664  3.9843688688971794  0.5823999515490232  0.6116216096717015  -0.5354711038126052  -16.424716939222293  0.05966115902501915  0.6247784284960558  0.7785194033482976  -3.619593090852594  0.0  0.0  0.0  1.0
4215528470898;3.0735426127890535;7.612235061945066;0.23936541135552222  0.4258249153041878  0.8725693905660359  0.7700363626437792  0.9676827865456796  -0.17806224879793117  -0.17856052244606077  -2.631581229700369  0.07933614856916292  0.8871115922245663  -0.45468538405254155  6.140929447622822  0.0  0.0  0.0  1.0
4215528470929;7.751781789465057;7.545985974371252;0.9419674019618977  -0.2170155488426036  -0.2561282202368471  -1.8333043589253002  -0.20437312007681507  -0.9759908106854768  0.07532307247831446  4.250839553468391  -0.2663250672227813  -0.018606155380659663  -0.9637036731022302  1.9383714983639877  0.0  0.0  0.0  1.0
4215528470960;7.051327912203398;7.051327912203396;1.0  9.155128108870117e-17  -2.867892858627387e-16  1.7763568394002505e-15  -9.155128108870117e-17  1.0  -8.422247897235413e-17  0.0  2.867892858627387e-16  8.422247897235417e-17  1.0  -3.552713678800501e-15  0.0  0.0  0.0  1.0
4215528470991;7.811575106800094;4.222979551127359;0.6342003996133203  -0.7156918047851024  0.2925322096688662  8.799912081622276  -0.423241937989735  -0.637991980616768  -0.6432981381874098  14.657382269783085  0.6470364093750826  0.28416803696428916  -0.7075255555178653  -0.5461607337955563  0.0  0.0  0.0  1.0
4215528471022;6.397326685010671;5.902178409274746;-0.75747724383751  0.13924203384448233  0.6378400121340625  25.280288270882103  -0.6288582044136869  -0.41809822385639483  -0.6555388882055124  19.533068298991743  0.17540120811990675  -0.897666715000049  0.4042633856424511  8.202360755041026  0.0  0.0  0.0  1.0
4215528471053;4.989390319330123;6.6139985594919555;0.3948684731707989  0.2506346573429516  0.8838897880586373  2.5007000543891045  -0.89293007245884  0.3311224167727729  0.3050144763928571  10.511116026670106  -0.21622852400738607  -0.9096923730850662  0.354549025885628  5.076991238979235  0.0  0.0  0.0  1.0
4215528471084;7.283065117516562;7.7794803292706405;-0.6128425877534462  0.7799492659083824  -0.12689801119259772  0.11139940217220153  -0.7445992898851017  -0.5162118760214416  0.4231987671969586  1.4093784043382271  0.2645673073874791  0.35384239664489253  0.8971062914718287  -1.2961962955851878  0.0  0.0  0.0  1.0
4215528471115;13.751336068378958;7.054917383224121;-0.6189197802316332  -0.7771609773293419  -0.11383813488690958  19.674902128630624  0.54596177836922  -0.32146748817322796  -0.773682357694367  -11.847327889037853  0.5646804779678044  -0.5409985853623815  0.6232627763936786  -2.6953595285410508  0.0  0.0  0.0  1.0
4215528471146;11.525962444638278;14.18741765142747;-0.7575854685374818  0.5848192810542746  0.2899149295362437  24.777562586082734  0.5379271535905832  0.8109540773193573  -0.2301909249059225  -14.487448079325375  -0.3697277853918705  -0.018436186869083694  -0.9289571958507838  13.243401784015537  0.0  0.0  0.0  1.0
4215528471177;6.697705102568167;9.516051277584165;-0.3290832043456519  -0.23042918601585247  0.9157546804956387  22.526696103623166  -0.049205123615127855  0.9726369133611577  0.22706010344686733  1.7375575496893023  -0.9430180806472467  0.029661844166430664  -0.33141676869619713  26.087343238547607  0.0  0.0  0.0  1.0
4215528471208;6.121585792418238;13.454902885446614;0.8452050148647616  -0.330337940823266  -0.42012537140727785  4.571636119365881  -0.5344214361869394  -0.5154675449514672  -0.6698409801181139  14.753867028148191  0.004712896280122659  0.7906769599238067  -0.6122154307548133  -7.990649393199167  0.0  0.0  0.0  1.0
4215528471239;7.5967337800512365;10.262741293921163;0.08661861142638257  -0.5798598686978056  -0.8100986043861145  11.886047921263792  0.9960768583587498  0.035622947808375036  0.08100554198081014  -7.47326269064097  -0.0181137626331034  -0.8139370603819469  0.5806706065749031  18.305192135964667  0.0  0.0  0.0  1.0
4215528471270;4.659737430181631;13.79258644016322;-0.6586138223646903  -0.17537096143228578  -0.7317601101976573  33.58606013502957  0.314584760914459  -0.947573295741263  -0.05604709982178514  -1.368312707440241  -0.6835673055307452  -0.2671139739593486  0.679253902252375  4.603691964272686  0.0  0.0  0.0  1.0
4215528471301;12.269791784026703;4.308455228321287;0.9076454455964663  0.4162591309696581  0.0539266258204282  6.8911243707952705  -0.39062419114563135  0.7906749285141843  0.47142963283072414  10.507306961305042  0.153598458259884  -0.4489560037503384  0.8802533841552164  0.1999338424153105  0.0  0.0  0.0  1.0
4215528471332;10.27674754914434;10.27674754914434;1.0  1.4173878689388854e-17  3.545379201013256e-16  3.6948299352314513e-47  -1.417387868938882e-17  1.0  -2.25525173727826e-16  2.0526832973508063e-47  -3.545379201013256e-16  2.25525173727826e-16  1.0  4.3576253716537394e-15  0.0  0.0  0.0  1.0
4215528471363;7.251183878607266;9.56799431052078;-0.9124580183878777  0.4089170690161124  -0.014394281744472286  29.54569272383085  0.31456932208489446  0.6785648528101412  -0.6637739691595329  -6.100791370208062  -0.26166105228466274  -0.6101938800070211  -0.7477947061321435  12.553125472548999  0.0  0.0  0.0  1.0
4215528471394;7.752494131188369;7.061875700375296;-0.8793883922447039  0.2945778655335503  0.37403199959759037  18.37862183570437  -0.07057333778818163  -0.8575814521723192  0.509483519736851  3.878362600364892  0.47084547314242  0.4216372066453728  0.7749365176539156  -7.78297312376774  0.0  0.0  0.0  1.0
4215528471425;6.845520635125362;7.57667828827979;-0.12724624688252378  0.49801516595150275  -0.8577816080661845  10.913659117522245  -0.5195427077099593  -0.7701474080323151  -0.37006532499885897  5.04185508789527  -0.8449164263521663  0.39856475557104226  0.35673851501748405  9.961514030364325  0.0  0.0  0.0  1.0
4215528471456;8.696136189115853;14.22192581923841;-0.7470090779835077  0.1251396438908343  0.6529299402976583  25.4411268635834  0.07379595019586367  0.9916632928915591  -0.10563177204876009  -7.609014481321899  -0.6607053769608042  -0.030724307288314382  -0.7500162810211081  15.795334511969722  0.0  0.0  0.0  1.0
4215528471487;4.397592397978111;14.207509228423273;0.06576716238592586  -0.031092860998539393  0.9973504471080504  12.268560238067444  0.5085365319618882  -0.8589255777094538  -0.06031125613563451  -14.907289081113912  0.8585250584647363  0.5111556376989372  -0.04067724224567245  -12.094833317868463  0.0  0.0  0.0  1.0
4215528471518;4.316883413942118;8.31285324619964;0.803718810613113  -0.4400709931783345  -0.4004667207517682  4.024170350191147  0.48185660894404125  0.08654009014940944  0.8719661812328963  -7.333671465428045  -0.3490705972773849  -0.8937831581317504  0.2816050147927839  11.335258953218268  0.0  0.0  0.0  1.0
4215528471549;1.9026528424683027;7.775330290879086;0.6125799537103993  0.677332538214505  0.40738978017135047  -1.0938199360260858  -0.4803381312845987  0.7283363858106595  -0.4886730898446181  4.237034890746837  -0.6277109844077803  0.10366649304458402  0.7715129151697031  -5.855757819937842  0.0  0.0  0.0  1.0
4215528471580;8.32112714146523;8.321127141465228;1.0  1.9411274580321212e-17  -2.316829240153761e-16  3.552713678800501e-15  -1.9411274580321212e-17  1.0  6.658208936323715e-17  0.0  2.316829240153761e-16  -6.658208936323715e-17  1.0  -3.552713678800501e-15  0.0  0.0  0.0  1.0
4215528471611;14.49435390175508;14.494353901755076;1.0  -1.5253084957597076e-15  -2.5497369092664e-16  7.105427357601002e-15  1.5253084957597076e-15  1.0  4.254840919194911e-16  -2.7533531010703882e-14  2.5497369092663966e-16  -4.254840919194913e-16  1.0  -1.7763568394002503e-15  0.0  0.0  0.0  1.0
4215528471642;10.551955767567739;10.551955767567737;1.0  -4.100670850876533e-16  6.052643106275698e-16  5.329070518200751e-15  4.100670850876533e-16  1.0  3.287675087059508e-16  -7.105427357601001e-15  -6.052643106275699e-16  -3.287675087059506e-16  1.0  1.176836406102666e-14  0.0  0.0  0.0  1.0
4215528471673;5.301269378770812;5.301269378770812;1.0  6.542733934064311e-17  1.1646697724401473e-16  6.842277657836021e-48  -6.542733934064318e-17  1.0  1.1462258981632348e-15  -6.106226635438361e-15  -1.1646697724401473e-16  -1.1462258981632348e-15  1.0  2.6645352591003757e-15  0.0  0.0  0.0  1.0
4215528471704;14.231622672185328;14.231622672185328;1.0  -7.351170099328387e-17  1.1356525697966854e-16  4.3790577010150533e-47  7.351170099328387e-17  1.0  4.832872113547077e-16  -3.552713678800501e-15  -1.1356525697966854e-16  -4.832872113547077e-16  1.0  -2.6645352591003757e-15  0.0  0.0  0.0  1.0
4215528471735;9.260585039119485;5.151747834656777;-0.6686757933325291  -0.6174453056535739  -0.41428731327121354  16.891769659699765  0.6211285102434141  -0.15755548737911923  -0.7677080448709168  8.099617034181083  0.40874448886059833  -0.7706734476567197  0.4888664233745184  -0.35244072903135415  0.0  0.0  0.0  1.0
4215528471766;10.023762998931376;7.7510963298959705;-0.8545927718073612  -0.4616322427060302  0.23783790040448033  5.0210625824141415  0.5175348478878758  -0.7193953268812868  0.46327966163327267  -3.003046706834494  -0.0427653550936187  0.5190048517649588  0.8537008189337467  6.552330499121331  0.0  0.0  0.0  1.0
4215528471797;16.49642327605817;12.30943294526977;0.8943944573649395  0.3635902103891763  0.26050088971830476  7.231855319765727  -0.32255913390408214  0.9277943444735681  -0.18749202515815852  1.8067575256488118  -0.3098615170845241  0.08366488673280574  0.947093462630834  -6.479778410889891  0.0  0.0  0.0  1.0
4215528471828;6.120378490255965;1.1373156076153692;0.941040350646514  -0.10408420551716722  0.3218843528613134  -0.21590252934437268  0.32101353374941133  0.5749610524489538  -0.7525756435844227  -2.4036822666843753  -0.10673972833393565  0.8115332810973623  0.5744739890252168  1.3463241351072393  0.0  0.0  0.0  1.0
4215528471859;3.3560635566366703;7.76815393755205;-0.8083088366559215  0.2834321108216766  -0.5160456018019336  1.4750087050645546  0.3716097205962056  0.9254529473447441  -0.07377708187057072  0.15364979968202302  0.45666512910705104  -0.2514022291191868  -0.85337792275846  -5.297134788780473  0.0  0.0  0.0  1.0
4215528471890;6.397138347400414;7.668980394884023;-0.49854726530914584  0.4416549568152209  -0.7459165659598377  11.439335986442016  -0.8260704268637883  -0.5029046468522266  0.2543512650558576  4.96802629380954  -0.26278941020111674  0.742985743668734  0.6155598351022968  3.6152453986728594  0.0  0.0  0.0  1.0
4215528471921;4.826841366204702;6.9714393478324705;0.45517068847700215  -0.6685708876936864  0.5880753459207831  0.27364065299602525  -0.7847990621109355  -0.6132210913220291  -0.0897236048518645  9.614553867140684  0.4206067955480114  -0.4206814249361333  -0.8038140719423476  7.188958323318204  0.0  0.0  0.0  1.0
4215528471952;10.627445185868936;7.065474598075903;0.2028868265402968  -0.5220279558438925  0.8284465878581757  5.218024408292281  0.5079875321930792  -0.6671777845563734  -0.5448141618302845  0.6149173954395203  0.8371293823255717  0.5313761540678091  0.12982210957810855  -10.237587296847154  0.0  0.0  0.0  1.0
4215528471983;2.5890048286559675;6.955588186996064;-0.14871578194648616  -0.9881083268098171  -0.03905829859516185  10.984481432180488  -0.11964588259217752  -0.021228069576700825  0.9925896593460893  4.243161560488005  -0.9816152397853157  0.15228691194961672  -0.11506614389152695  11.957418725253023  0.0  0.0  0.0  1.0
4215528472014;9.471090222260203;8.198661443241697;-0.014203906499437558  0.11558519671942923  -0.9931960085197118  8.744670711135043  -0.7159420227476948  -0.6945814842720401  -0.07059448824369587  14.478026004745495  -0.6980152355816418  0.710068041814149  0.09261806999783893  1.997185283955527  0.0  0.0  0.0  1.0
4215528472045;3.9958979372442767;7.620211116219961;0.533497632567015  0.8386896072275525  -0.10945327210222038  2.7589690341149455  -0.7340052629086001  0.5233875143264851  0.4327837610974072  5.624421107762316  0.4202577186297288  -0.1505498341933187  0.8948285854600854  7.268442312357918  0.0  0.0  0.0  1.0
4215528472076;8.69484171943448;7.912611224964822;-0.10113498282721868  0.8392661122123946  -0.5342322604826762  6.2099520576736555  -0.2779797155313227  -0.5394365653036187  -0.794817884654439  8.628808598378736  -0.9552481316399745  0.06812183868133666  0.28785486289623624  1.104778119844434  0.0  0.0  0.0  1.0
4215528472107;10.315265354533507;4.15044816847523;0.9149250474637245  -0.15955722099446884  0.3707474217739384  -3.0107129923310456  0.40362146778396735  0.36478914167673493  -0.8390581582099451  1.0876803324625715  -0.0013668457910611972  0.9173169437785791  0.39815544249615664  -9.373307049633235  0.0  0.0  0.0  1.0
4215528472138;6.670306263270432;2.46138973619694;0.5426851967529701  -0.13622566073754194  -0.8288156288233296  -1.818133770904802  -0.20125770394295323  0.9369254560758445  -0.2857726830204059  1.6215430602841139  0.8154680336032806  0.3218901351605706  0.4810391117752365  -1.312037602245719  0.0  0.0  0.0  1.0
4215528472169;13.267182160692693;7.050470273737153;0.3984291260894163  0.8883343611119578  0.22828993484477786  5.741369879959281  -0.08331121029830511  -0.2128188266940147  0.97353345563633  -7.033342780957814  0.9134076164135346  -0.4069031947188327  -0.010785008361262045  -5.798719776477442  0.0  0.0  0.0  1.0
4215528472200;8.200847505154186;8.200847505154185;1.0  -5.536748326931514e-16  -2.0468866441849683e-16  4.218847493575595e-15  5.536748326931514e-16  1.0  8.496424118301314e-17  -8.881784197001252e-16  2.046886644184968e-16  -8.49642411830132e-17  1.0  2.220446049250313e-16  0.0  0.0  0.0  1.0
4215528472231;10.278644612899345;10.278644612899345;1.0  -1.0807388753622957e-15  -2.4040801980262755e-16  -8.97706828708086e-46  1.0807388753622957e-15  1.0  -7.839845901741608e-16  -4.496403249731884e-15  2.404080198026279e-16  7.839845901741607e-16  1.0  -2.6645352591003757e-15  0.0  0.0  0.0  1.0
4215528472262;4.061839555975304;7.053794347858326;-0.19958775361646244  0.8429584848974827  0.4995855495765204  11.813902397169782  -0.10415922534764704  0.4887037894882117  -0.8662098255704785  3.231609381902464  -0.9743282734178007  -0.2249213170848884  -0.00973738874065679  16.936658669235776  0.0  0.0  0.0  1.0
4215528472293;4.76530520571006;4.144518068141158;-0.9369437103105613  -0.1480098346031772  0.31659054403159037  21.510771451480544  0.18341453261440094  0.5628511509256046  0.8059514198309726  -1.3959815192996612  -0.2974820884277226  0.8131984202901905  -0.5002126910647302  4.155783468494282  0.0  0.0  0.0  1.0
4215528472324;7.620481991712362;7.620481991712363;1.0  1.553436860629423e-16  -8.584121217095928e-16  3.552713678800501e-15  -1.553436860629423e-16  1.0  8.926765238517656e-17  8.881784197001252e-16  8.584121217095928e-16  -8.92676523851765e-17  1.0  -4.440892098500626e-15  0.0  0.0  0.0  1.0
4215528472355;4.274579483987271;6.952452318229128;0.49992644907665296  0.8096113740836395  0.30757595560773204  1.758427146888599  0.7443765930935531  -0.22014087990941122  -0.6304296000721615  -0.5528884585175194  -0.4426929332709583  0.5441207733096676  -0.7127100047598909  10.21800539554786  0.0  0.0  0.0  1.0
4215528472386;6.98607721477994;7.6121034377766;0.8464761280438032  -0.0869923331777419  -0.5252718330733765  -2.910628090732942  -0.23536058868006543  0.8237974382638592  -0.5157161758235578  -3.316278863710527  0.47758094387040295  0.5601697195298883  0.6768502990866297  7.028802841958122  0.0  0.0  0.0  1.0
4215528472417;3.9350110134314358;4.934171338590583;-0.45731994776153245  0.5088531226486717  -0.7293332331315246  -0.3055037186460616  0.08096900830112179  -0.7928871921624694  -0.6039651647234704  -0.04508223184510874  -0.8856085394089885  -0.335258706188834  0.3214017965887364  -2.33203556024651  0.0  0.0  0.0  1.0
4215528472448;8.44720383204338;2.4585871047489025;0.9216645504832103  0.26547926010143336  0.28294030967428074  -3.5400690476247467  -0.38748176533156664  0.5925938019575759  0.706180194721571  0.7430862782966364  0.019807521756032738  -0.7604954624042537  0.6490410724633877  -4.545441735893469  0.0  0.0  0.0  1.0
4215528472479;4.6646235313045;7.608686384885214;0.12074137280574906  0.6346451232353092  0.763313230886655  6.159092967250677  0.9400996728201593  -0.32004878966190903  0.11739411143399742  -0.6921405757376299  0.3188010759963237  0.7034161924419904  -0.6352728029390206  6.321459335416992  0.0  0.0  0.0  1.0
4215528472510;4.403148072732226;2.450084208783076;-0.15105565870457005  -0.925285626721281  0.34789178914762525  6.791425415672659  0.9819612595776666  -0.099963954748915  0.16049701691807458  -0.60011097760281  -0.11372894381806418  0.36586024207880835  0.92369476051565  -4.046455964589413  0.0  0.0  0.0  1.0
4215528472541;10.318454924319978;7.053482649109052;0.00810120808284413  0.9925322556809624  0.1217131540157388  8.073710930195949  -0.27959599381288064  0.11911076632931344  -0.952700742934649  0.01531323762156215  -0.960083564421028  -0.026312483297936944  0.27847298352139965  18.346600811668488  0.0  0.0  0.0  1.0
4215528472572;7.24244761931414;6.9676311475332895;0.8763109207956225  -0.2275277655277849  0.42462958682628343  7.331877909703934  -0.41976449168380653  0.07187401547466667  0.9047827901883319  3.695229861907092  -0.2363830400340995  -0.9711154626580093  -0.032524092158838856  11.480896412233902  0.0  0.0  0.0  1.0
4215528472603;5.1560174420135;5.1560174420135;1.0  -1.0852406459783043e-16  -5.24442778999342e-16  2.6645352591003757e-15  1.0852406459783043e-16  1.0  3.119062618187316e-16  -3.552713678800501e-15  5.24442778999342e-16  -3.119062618187317e-16  1.0  -3.552713678800501e-15  0.0  0.0  0.0  1.0
4215528472634;2.054122432201142;4.92619232050537;0.15722952048421235  -0.29078195518130256  -0.9437821424615132  2.390705732570293  -0.8158970913899647  -0.576687517068969  0.04175456763303267  1.8278127037029148  -0.5564088552042451  0.7634640542931704  -0.3279204532390975  -5.730150465769384  0.0  0.0  0.0  1.0
4215528472665;3.1616134532515607;4.940104477103581;0.23673970431264849  -0.8669869090135802  -0.43850657007739063  0.5153125683080121  0.44709076172498874  -0.3034962330056922  0.8414272917676973  -1.6666752448534266  -0.8625915390160793  -0.3952514846909906  0.3157722290947052  -2.862193374953748  0.0  0.0  0.0  1.0
4215528472696;6.874583370600295;11.126316823720325;-0.9746475763864533  0.027508951309812655  0.22204810163981634  32.40129273111725  -0.037435043032201964  -0.9984732557558195  -0.04061742352182485  -1.0016885047868411  0.22059174825271474  -0.047900053634714015  0.9741893375851549  -6.976055791205026  0.0  0.0  0.0  1.0
4215528472727;10.234961895922138;5.281310066479752;0.5852349932189899  0.6268880330590784  0.5143067146356209  -6.450620267845022  0.8079900593013414  -0.5042002317835533  -0.30485109535579213  1.8500772849883163  0.0682060611836192  0.5939642415808613  -0.8015949182355683  1.7564145162631073  0.0  0.0  0.0  1.0
4215528472758;6.7270965623001775;7.890962320076551;0.5159645645046294  -0.8099913946818639  -0.27873734718705584  6.3232394946951045  0.797693794003893  0.5729203581205299  -0.188273402950913  -3.342956304482139  0.3121941370096855  -0.1252046476468508  0.9417317118077778  0.2607254174929084  0.0  0.0  0.0  1.0
4215528472789;6.2551636084248825;6.255163608424884;1.0  -4.3576385490417933e-16  6.127069810963065e-16  3.552713678800501e-15  4.3576385490417933e-16  1.0  -1.6824820844186159e-16  -3.1086244689504383e-15  -6.127069810963065e-16  1.6824820844186169e-16  1.0  8.881784197001252e-16  0.0  0.0  0.0  1.0
4215528472820;11.132084316276776;11.132084316276778;1.0  -4.107905896803511e-17  -3.0888710966052535e-16  6.021204338895698e-47  4.1079058968035124e-17  1.0  2.829741963797157e-16  -8.881784197001252e-16  3.0888710966052535e-16  -2.829741963797157e-16  1.0  -7.549516567451064e-15  0.0  0.0  0.0  1.0
4215528472851;7.769777714220737;7.769777714220737;1.0  -6.710322475020401e-17  -8.074696762564717e-17  -1.7763568394002505e-15  6.710322475020401e-17  1.0  -1.6612020408067623e-16  -1.3322676295501878e-15  8.074696762564717e-17  1.6612020408067623e-16  1.0  -4.3790577010150533e-47  0.0  0.0  0.0  1.0
4215528472882;7.042666088122157;7.042666088122157;1.0  -6.555021035759492e-17  -9.218559443485741e-18  1.642146637880645e-47  6.555021035759492e-17  1.0  2.115334342487936e-16  -1.5543122344752192e-15  9.218559443485752e-18  -2.115334342487936e-16  1.0  8.881784197001252e-16  0.0  0.0  0.0  1.0
4215528472913;11.695730771155905;4.1333258059325;0.5731355930006243  -0.4498462210559845  0.6849481509117845  11.325733845827326  0.7689534867343301  0.5841413197169376  -0.25978732424518264  -7.325352246981816  -0.2832421707213443  0.6755866310111567  0.6807030018473954  -2.9431276182759882  0.0  0.0  0.0  1.0
4215528472944;6.966974866703557;6.966974866703557;1.0  1.4901507400679945e-16  1.648625318017998e-15  -1.0658141036401503e-14  -1.4901507400679945e-16  1.0  -7.755740981954141e-17  2.6645352591003757e-15  -1.648625318017998e-15  7.755740981954126e-17  1.0  8.881784197001252e-15  0.0  0.0  0.0  1.0
4215528472975;4.140007954611918;4.140007954611919;1.0  3.777716317026547e-16  3.112975201219927e-16  -3.552713678800501e-15  -3.777716317026547e-16  1.0  -4.0253770180948895e-16  5.329070518200751e-15  -3.112975201219927e-16  4.0253770180948895e-16  1.0  -1.7763568394002505e-15  0.0  0.0  0.0  1.0
4215528473006;2.4517018405060282;2.4517018405060274;1.0  -1.7783960787565334e-16  1.235720541720225e-16  1.7763568394002505e-15  1.7783960787565334e-16  1.0  1.8153075293403576e-16  -1.3322676295501878e-15  -1.235720541720225e-16  -1.8153075293403573e-16  1.0  7.147060721024445e-16  0.0  0.0  0.0  1.0
4215528473037;9.53731782294903;9.537317822949031;1.0  -1.5987040731455418e-16  -4.638624601965903e-16  3.552713678800501e-15  1.5987040731455418e-16  1.0  -2.7390334822297304e-16  4.440892098500626e-16  4.638624601965903e-16  2.7390334822297304e-16  1.0  -7.105427357601002e-15  0.0  0.0  0.0  1.0
4215528473068;7.896574012257276;7.896574012257278;1.0  -2.7492868907536775e-16  8.098506886763438e-16  -5.329070518200751e-15  2.7492868907536775e-16  1.0  4.10294976100196e-16  -5.329070518200751e-15  -8.098506886763439e-16  -4.102949761001958e-16  1.0  5.329070518200751e-15  0.0  0.0  0.0  1.0
4215528473099;4.933808374600305;4.933808374600308;1.0  -3.814494189201772e-16  -4.011416762543077e-16  1.5543122344752192e-15  3.814494189201772e-16  1.0  -1.0230697682725002e-15  -5.329070518200751e-15  4.0114167625430786e-16  1.0230697682725002e-15  1.0  -4.440892098500626e-15  0.0  0.0  0.0  1.0
