# registration_from_features.py FastGlobal FastGlobal_config.json l2 True --use_random_keypoints=True --n_keypoints=5000 --input_txt=/neural_comparison/point_clouds_registration_benchmark//planetary/planetary_map_global.txt --input_pcd_dir=/neural_comparison/point_clouds_registration_benchmark//planetary/p2at_met/ --input_features_dir=/neural_comparison/experiments/FCGF/3dmatch_normalized_5cm_32//planetary/planetary_map/ --output_dir=/root/neural_registration_comparison/results/FCGF/3dmatch_normalized_5cm_32/FastGlobal/
id;initial_error;final_error;transformation
25528382210030;15.683526663035371;34.39095963752115;-0.7716420226703393  -0.6348634096955161  0.0389491961279308  -57.99651809161749  -0.47771311407577527  0.5380270150884375  -0.694490541098333  -2.2602709694220335  0.41995091319016536  -0.5545046276315566  -0.7184468306325362  -40.644352256442964  0.0  0.0  0.0  1.0
25528382210061;9.694920160715437;24.40754768114541;0.9774949190880702  0.08841057564614858  -0.1915391690253618  -24.32686017712721  -0.08254899563751854  0.9958475066472183  0.038384981747474234  1.0871781335112447  0.194137442231648  -0.021709758599155686  0.9807340821575021  -13.95935171284557  0.0  0.0  0.0  1.0
25528382210092;12.399804628975684;57.74788819472093;-0.37458984546654117  0.15895957894639548  -0.9134628070887933  -18.369249557025224  0.7918150979853091  -0.4577359551929078  -0.4043595503090664  -56.48866776812193  -0.4824015943960661  -0.8747626235641428  0.045596646141046984  -116.20958294490694  0.0  0.0  0.0  1.0
25528382210123;6.953048353590656;22.749069287506988;0.5461940934401321  -0.039223601496545524  0.8367398170140777  -15.146918638717384  -0.4037027498783235  0.8629161014403666  0.3039735047921714  -26.090691324091246  -0.7339591964351923  -0.5038226979410476  0.4554850019568287  -17.472573425077794  0.0  0.0  0.0  1.0
25528382210154;10.183163861597526;39.76964888595173;0.9069021487747322  -0.3890244154987931  0.1618286028290258  -40.137771973094345  0.30534052939939316  0.8714722422011698  0.3838011101846412  47.71974752596802  -0.2903371379170619  -0.29865722026880076  0.9091249700274665  -13.326221029539036  0.0  0.0  0.0  1.0
25528382210185;7.249832144325139;12.310654205995602;0.22641498324865925  -0.13750512073393248  -0.9642762037572316  -12.079527896065057  0.7985605858627366  0.593047304573884  0.10293631644961314  38.87523937212873  0.5577071328816514  -0.7933392945704872  0.2440809653031739  -44.412617697426924  0.0  0.0  0.0  1.0
25528382210216;9.448765572705636;15.488119658224985;0.7834307970439399  0.6163693543408814  -0.07952990175087365  14.443663203107448  -0.08387094849439092  -0.02194040284207478  -0.996235053951515  -37.64499527618545  -0.6157936750582532  0.7871514706538569  0.03450669508541368  28.474731664760068  0.0  0.0  0.0  1.0
25528382210247;9.372654796950922;42.1435102308334;-0.7643947147648888  0.5512138332581363  0.334460804974778  35.233430855247796  -0.45079062032792605  -0.08603230918572333  -0.8884741180251331  -48.86223899363206  -0.46096478896317894  -0.8299167137737632  0.31424466826835556  -80.19214921751185  0.0  0.0  0.0  1.0
25528382210278;17.919495398511156;31.590479892566307;-0.2908729439649635  0.9218048560057888  -0.2562591225952814  24.461687974826997  -0.8873900951185139  -0.3600550180966107  -0.2879222169770895  -62.56292628073596  -0.3576754807848994  0.1436530242897689  0.9227307619548057  11.306301315221752  0.0  0.0  0.0  1.0
25528382210309;18.244330532647695;3.65073913088179;0.9731072031194953  0.2039882633927387  -0.10701009127633193  21.605069291022325  -0.12474570339369662  0.07613058093318115  -0.9892636878666826  -44.27555853620952  -0.19365144131084075  0.9760086695541139  0.0995298760847359  20.588299487743765  0.0  0.0  0.0  1.0
25528382210340;8.030201317376237;63.516799127059414;-0.36308022218987035  -0.7852696388899661  0.5015220299171108  -79.63876551231984  0.7352317541094241  0.0891870256256989  0.6719225715878435  -26.6494553582279  -0.5723696532868713  0.6126967183669789  0.5449731289693107  66.48349216002487  0.0  0.0  0.0  1.0
25528382210371;14.777020539726172;68.24896672729092;-0.15180069521587053  -0.42501853762916947  -0.89236527924586  -74.17841293867276  0.8687891711753898  0.3731540746331008  -0.3255171464502253  26.366027552287175  0.4713405615691916  -0.824691020477535  0.3126064550890823  -56.880934668884606  0.0  0.0  0.0  1.0
25528382210402;6.835161306041792;26.884833938423686;-0.8833336278008064  0.42023846357476846  -0.20765677385672662  -11.060121851617684  0.3799598369614151  0.3824959045694227  -0.8422157712153537  -20.18108439025074  -0.27450359613768244  -0.822858746517247  -0.4975452331070447  -8.321643952690852  0.0  0.0  0.0  1.0
25528382210433;17.430375538815767;31.730460680642675;0.9796277729702972  -0.09628300604159269  0.17623566373708807  -27.238173601689375  0.027836954501225843  0.9342046486866932  0.3556497973235308  -29.490794688195663  -0.1988832079119656  -0.34349855475644586  0.9178530451498644  -17.356737840126186  0.0  0.0  0.0  1.0
25528382210464;9.567579060620492;47.587459430606565;-0.18632158186637823  0.9649518235550077  0.18480326390157234  58.337754800681104  -0.7484819381049487  -0.26125695606080135  0.6095240694513258  -38.87734160329107  0.6364425005147516  -0.024754416327365355  0.7709268203991996  -18.696227773118412  0.0  0.0  0.0  1.0
25528382210495;9.764115823017264;13.65334186165228;0.7333788605033279  -0.316326062651761  0.6017418624743297  -10.157562178459317  -0.3402096564960796  0.595561774197543  0.727711180855081  -23.880163008763873  -0.5885684638116969  -0.7384063889227322  0.3291552342048212  -3.3946319243794525  0.0  0.0  0.0  1.0
25528382210526;4.636809275772577;36.31733838428309;0.5448560192503789  -0.13775038420162522  0.8271376849950289  -0.3647101890858705  -0.7269311218156164  0.4140953475635318  0.5478103570234191  -16.450003317243645  -0.4179749543005163  -0.8997498956813169  0.12548730134534808  -92.91882646449346  0.0  0.0  0.0  1.0
25528382210557;6.91062999272005;22.02968546378316;-0.7478347481768646  -0.33578761406475166  -0.5727039965461619  -38.63690339667062  -0.6172662035004178  0.03412833555465343  0.7860137980522041  -32.67002582461565  -0.24438826370230418  0.9413192524074766  -0.2327927009414219  1.0275235879498827  0.0  0.0  0.0  1.0
25528382210588;6.684883534881991;20.875985230902277;0.9607948106403461  0.10894077818673421  0.2549612493981168  -14.177124921471565  -0.1374594211355901  0.9857660585502627  0.09679971772348789  -22.110388080145793  -0.24078670932517904  -0.12805149221444959  0.9620938498680902  -8.501038752305186  0.0  0.0  0.0  1.0
25528382210619;3.0499892934791095;15.522265086731759;-0.12607524055073643  0.8990739658100567  0.41925056675292804  61.027750598121926  0.7274843563212258  0.37112004125185044  -0.5770930828636885  4.228541658929773  -0.6744416542800167  0.23224107944935668  -0.7008512937765277  24.35733152156346  0.0  0.0  0.0  1.0
25528382210650;9.772391176497468;27.48812300931253;0.9263246491888075  0.3718921165729659  0.06015727666800004  -9.766314895314515  0.1957972927178397  -0.33884143010315687  -0.9202444813254851  -51.891457369665055  -0.32184789026742905  0.86422377824064  -0.3866926384790358  29.375780976509688  0.0  0.0  0.0  1.0
25528382210681;21.011024087836613;36.682899386685676;0.7833661937620943  0.619622597790667  -0.049043274542323316  -21.6694340386541  0.058782668202937954  -0.15240391671355538  -0.986568621074738  -45.30079292839514  -0.6187745990177942  0.7699616110414289  -0.15581114572730442  18.711975102605177  0.0  0.0  0.0  1.0
25528382210712;9.118066866210063;33.747363062199604;0.5183552535672817  0.09209633770399651  0.8501917993492477  -1.0935166709078623  -0.7579357981101732  -0.4109352241371031  0.5066217203264056  -84.7588976387204  0.3960317626684707  -0.907000830288981  -0.14320732108661344  -49.408134971342655  0.0  0.0  0.0  1.0
25528382210743;20.13332180163335;24.307577715383935;-0.20692501724642137  -0.9762221009860449  -0.0645944795161351  -20.450102876762255  0.803714052080753  -0.2072644344425658  0.5577501023784237  -19.382076506854595  -0.5578761150340693  0.06349695867988807  0.8274916171858779  9.2012993007594  0.0  0.0  0.0  1.0
25528382210774;20.739154808696746;59.93033144386407;0.4353406909308475  0.8639026905191766  -0.25327973494454276  -10.997645033726082  0.7450198801577044  -0.18777767136536466  0.6400663436757155  -52.196867895916505  0.5053947575803015  -0.4673453620721253  -0.7253719401520993  -12.759173253086797  0.0  0.0  0.0  1.0
25528382210805;7.825028269463657;18.52514151972105;0.21575869941059064  -0.9415192950834924  0.25882349316500214  -6.4789257181584095  -0.7092014260568804  0.03109668082337243  0.7043197666689861  -24.481969043184368  -0.6711792017840978  -0.335521107275314  -0.6610174473228452  -25.875461263371065  0.0  0.0  0.0  1.0
25528382210836;18.891614934549192;100.70031190659441;0.4348977321375908  -0.8860665146997874  -0.16046835859243624  -103.44645795913382  -0.6271086409164738  -0.17013654429597905  -0.7601238772614088  -42.12467447186305  0.6462187826653407  0.43120724463161936  -0.6296519650630278  38.135899036182565  0.0  0.0  0.0  1.0
25528382210867;11.40364716584565;48.07534759354696;0.6855107097231938  -0.48725344089045003  -0.5409798066427441  -39.32036849417424  0.1325839775550095  0.8141614112922987  -0.5652987575240415  -11.164231238898612  0.7158886475915762  0.3157930979343101  0.6227183661548409  -16.296237920438756  0.0  0.0  0.0  1.0
25528382210898;8.960325021546454;33.09284205451017;0.26544727891171394  -0.27528495269067027  -0.9239891433022713  -45.9251670994352  0.6167749775683965  0.7850937102602655  -0.05671413540974161  82.81496951059289  0.7410306128385467  -0.5548387702133519  0.37818985959999385  -20.020379440958937  0.0  0.0  0.0  1.0
25528382210929;20.960366730846324;25.603084502872427;0.7375678050616795  -0.5973255769845714  0.3149537871125639  -8.429603980431416  0.32240358011460535  0.7213140872570643  0.6129942243233554  -24.258324347869213  -0.5933377322114128  -0.3505825760139204  0.7245979526121096  -17.623613403391957  0.0  0.0  0.0  1.0
25528382210960;12.492536214211547;18.418272132044173;-0.6501734348917295  0.7208242973632838  -0.2401808420582654  10.696529669692652  0.5737020532784131  0.2585056264479315  -0.7772006144869519  -4.348643772343266  -0.4981369878108059  -0.6431074353679108  -0.5816118705367762  -54.76852790584585  0.0  0.0  0.0  1.0
25528382210991;21.169336560628633;49.15609257388329;-0.30411529765768514  -0.8705770915174653  -0.38679376087983686  -6.336353437510143  -0.399118159271699  0.4851099546970618  -0.7780572130591586  -60.364512785925676  0.8649962893967528  -0.08224268708405656  -0.49499248453996375  24.718971418160724  0.0  0.0  0.0  1.0
25528382211022;20.78353201086023;44.09199646227402;0.31308380077237474  -0.7066436306592571  0.6345339336415545  -18.190724372032765  0.8984187634985809  0.003737922225210787  -0.43912384737237664  -42.38030913603654  0.3079322313230687  0.7075597552052691  0.6360321797882993  10.302535752458466  0.0  0.0  0.0  1.0
25528382211053;13.710252605486271;4.894888422995294;0.9015867817130464  -0.4255623188186715  0.0777044904879256  -1.729776233219982  0.4324615590696734  0.8821269920792266  -0.1866252120488636  16.054924884572447  0.010875429524377943  0.20186302942077264  0.979353379728548  0.7171166830247633  0.0  0.0  0.0  1.0
25528382211084;8.456027515763575;31.38667650920419;-0.7781633103580733  0.4118477804626133  0.474176410358618  -18.438457380288654  0.4850349498269934  -0.08556266396079083  0.8702988727915609  -35.78819439125659  0.39900245595596723  0.907226783259815  -0.13317884170225694  -0.6415546086176737  0.0  0.0  0.0  1.0
25528382211115;8.58618635194452;20.483107512595154;0.6754205347507709  -0.4152063943169894  -0.6094347802310494  -36.927608204863574  -0.07947763649592532  0.7806275229149462  -0.6199225562638411  7.439356474809102  0.7331373722120593  0.46714486038696545  0.4942522360900731  28.140031526153592  0.0  0.0  0.0  1.0
25528382211146;12.191514888658181;59.69701212110625;-0.08344038807761922  -0.33515122690041044  0.9384622297911643  -35.81035229368369  0.23649354873129302  0.9081818556163685  0.34536432725122357  72.21264290882607  -0.9680436472834966  0.25075759656760294  0.0034820565336424795  -14.27478339820743  0.0  0.0  0.0  1.0
25528382211177;18.082566832098863;24.102878013304686;-0.8344101625625638  -0.4737648950172257  -0.2816141062902103  -77.4510273268792  -0.24604730922541182  -0.1370119119707995  0.9595251208806568  -54.424156356089  -0.4931738053011838  0.869927905189519  -0.0022444458838864617  20.015488664435527  0.0  0.0  0.0  1.0
25528382211208;15.216848440223977;22.287840987244525;-0.08577636783974628  -0.6199678467858986  0.7799245371648955  -40.00115790829498  0.9070040668236354  0.27535063702085427  0.31863089846654474  7.54354071141106  -0.4122936301783096  0.734725728176076  0.5386947808086932  -13.215340677586497  0.0  0.0  0.0  1.0
25528382211239;11.671911420801475;24.737854940546352;0.9005579925539043  0.43466198967325004  0.008016032720372067  2.8027027333951495  -0.3956019398270086  0.8269980630756354  -0.39946628002154916  -42.55421501150977  -0.18026205161483635  0.3565713931352861  0.9167128418131679  1.4857166278735254  0.0  0.0  0.0  1.0
25528382211270;18.471821681962687;59.22043972992239;0.5150745270080335  -0.47520805811302386  -0.713355124136568  -36.889387336930255  0.659633686111827  0.7511996952834991  -0.024133336953299403  -33.136081607990924  0.5473405080696767  -0.458122602924619  0.7003870707798647  -9.02060229424984  0.0  0.0  0.0  1.0
25528382211301;9.301264776858527;46.89406939547166;0.7181451620175066  0.595879116968842  -0.35943790038236495  44.282761781303094  0.6888504910574693  -0.6820082706287333  0.2456617995616913  -97.394825360312  -0.09875488464240213  -0.4240198070308007  -0.900252562342829  -34.19369532260628  0.0  0.0  0.0  1.0
25528382211332;18.114374089714;31.622974785258478;0.33666654344056157  0.6395052387542512  -0.6911502645110197  16.76539765187291  0.9403602787565813  -0.2663544305308561  0.21160780579511973  -16.37139068460638  -0.0487666347478118  -0.7211715239403523  -0.6910379500381465  -51.02439287932001  0.0  0.0  0.0  1.0
25528382211363;14.154563908634087;36.838296747181374;-0.35176690417110706  0.6425790285281547  0.6806998143276434  25.893203108920385  -0.6848031746255421  -0.672422619346284  0.2808779681895008  -116.27868210368975  0.6382042440728939  -0.3673418204986967  0.6765761817859466  -13.672949847644684  0.0  0.0  0.0  1.0
25528382211394;15.624373069503454;58.26128168248214;0.563614057541229  -0.6241738761240403  -0.5410602244724699  -59.02469181240797  -0.28560934144158684  0.4673564861340226  -0.8366631454472947  -4.773835089244343  0.7750912838003108  0.6260869645925781  0.08513879576337822  69.56792986347871  0.0  0.0  0.0  1.0
25528382211425;8.428891844194663;20.886782529404442;0.9917321320714007  0.046133097143630675  0.11974604613534462  -4.782351906920962  -0.062193471404885604  0.9890201750953551  0.13405620227711731  20.321764340780668  -0.11224682771339832  -0.14039526559784726  0.9837122643669675  -17.566440454871326  0.0  0.0  0.0  1.0
25528382211456;7.093295871774291;26.563199327466794;0.8885240775580782  0.3903149259199361  0.24120369442378692  8.93750522373936  -0.3991566893334247  0.9167881888509392  -0.013166402082256988  26.414803021423005  -0.22627174140830777  -0.08457940285629394  0.9703851934425446  -14.61769883354707  0.0  0.0  0.0  1.0
25528382211487;10.502857338251829;47.12348494346733;0.036301033730285565  -0.7817135507347701  -0.6225802434608317  -79.44894464396552  -0.7656575937834552  0.37860734057109674  -0.5200239713199861  -27.040174432036622  0.6422232353565536  0.49556069886878296  -0.5847810784429025  69.24904868317675  0.0  0.0  0.0  1.0
25528382211518;5.90067579224309;28.557025498183144;-0.5706529512115089  0.6802476921908731  0.46001987624730445  -28.82340907732519  -0.506586348014458  -0.7325041680476392  0.45476138336298033  -16.938836296067933  0.6463168582661052  0.026471136390927897  0.762609859403354  8.71581589946996  0.0  0.0  0.0  1.0
25528382211549;9.273592136553932;31.568701999589628;0.3198554771123297  0.17296131927350872  -0.9315454126323688  -14.29910484869398  -0.13469774627338246  0.9815108780943376  0.13598865148001354  -46.5556831684338  0.9378427325037579  0.08198035263188574  0.33723913010241974  16.441838365664204  0.0  0.0  0.0  1.0
25528382211580;4.164998600241185;8.45296362480971;0.2301226197815016  0.7789302269485355  0.5833620500262251  -19.296289819010305  -0.7101729277100738  0.5442635363937554  -0.44657767039996565  -41.843720586102556  -0.6653555384999793  -0.31152031153371557  0.6784225106003917  -28.98403693243687  0.0  0.0  0.0  1.0
25528382211611;11.572839674945431;39.7404826896556;-0.09612890813546927  -0.9778323315299384  -0.18601925823797574  -107.0101149613213  -0.49864973650854355  0.20905138964556383  -0.8412169498810748  -21.14850449185168  0.8614567158601999  0.011893187208763813  -0.5076917162977689  18.011576266455975  0.0  0.0  0.0  1.0
25528382211642;5.72156680482253;69.99276724507752;0.953202614526184  -0.07035116196061351  0.2940331438311664  -7.616018442666257  0.020448337840655303  0.9853246344451623  0.1694615892615754  81.01280346782987  -0.301639919672451  -0.15551874088448608  0.9406525820374387  -16.003531395612107  0.0  0.0  0.0  1.0
25528382211673;14.291403794964067;33.751859932535424;-0.565431900949834  0.2559938760688788  0.7840624342509273  -41.64821598241637  0.7073485397106948  -0.33840414879340075  0.620597031453231  -11.363576514845212  0.42419902022211925  0.9055107771278291  0.010267606729361035  10.074238334788923  0.0  0.0  0.0  1.0
25528382211704;21.73324130112813;59.684782212254426;0.08748462050901214  0.6652173235723924  -0.7415068129110998  31.164584741263663  0.9923021677634806  0.0073020400443241  0.12362478741372322  -33.9572440742018  0.0876518626515791  -0.7466140854754707  -0.6594577760124865  -37.705084118607324  0.0  0.0  0.0  1.0
25528382211735;15.219178573330824;73.6242179857566;-0.7975276809084654  0.3260618957910325  -0.507575844872394  17.273601032095815  0.2267445352806203  0.9416785138598028  0.24865335761893445  66.74059558841591  0.5590496524506041  0.08321788658667291  -0.8249474343537941  18.991176452543503  0.0  0.0  0.0  1.0
25528382211766;8.120431397107039;35.85781393321073;0.27099415543213895  0.095954430029714  -0.9577864663270692  -15.208240020676023  0.701897569589835  0.6612122713285785  0.2648360512626368  20.553158103348864  0.658712357198121  -0.7440370149409072  0.1118344798008208  -47.937179163561105  0.0  0.0  0.0  1.0
25528382211797;10.704272615652533;11.883044639173642;0.9249514176142926  0.2927151968135355  0.24245141494271777  -4.341188991359267  -0.15749840499236106  0.8757182998728246  -0.4564117786524703  -11.331478284220866  -0.3459178045116707  0.38397301053884325  0.8560990595133032  -5.253381437982945  0.0  0.0  0.0  1.0
25528382211828;14.19066388465987;18.171518195014016;0.00999406616972895  -0.36695246051490926  0.9301860084754278  -18.689374254468444  0.7501765590133952  -0.6123136838717783  -0.2496138675037818  -48.25095618674053  0.661162044394729  0.700298396589216  0.2691596306773289  32.700797349847456  0.0  0.0  0.0  1.0
25528382211859;15.636492466966827;48.11264288721381;-0.16457623759506038  0.8266470268885998  -0.538116488276741  25.94262465419779  -0.1915239248573198  -0.5619537822731905  -0.8046903334799663  -41.5020596848246  -0.967591467627894  -0.029370725648048837  0.25080692225017415  7.628632569827783  0.0  0.0  0.0  1.0
25528382211890;12.685237572837845;46.53365065139701;-0.5761953428588457  0.32661652609709896  0.7492133019027629  -5.402095432376485  0.789560238321145  0.4592881596241391  0.40700002025961546  29.799690776574018  -0.21117186585819905  0.8260605494207642  -0.5225231207904887  55.18800846885894  0.0  0.0  0.0  1.0
25528382211921;17.65776473630698;29.31456439183939;0.2773358362225637  -0.7938277257335306  -0.5412230370221339  -48.47000686340253  0.30796964222156636  -0.4601449463122192  0.8327192371101106  -56.10878768307257  -0.9100766634831667  -0.3976231510363239  0.11686015721062905  -59.97378024107899  0.0  0.0  0.0  1.0
25528382211952;5.3309939895303184;19.937918473444757;0.08937736481579482  0.9954931058960584  0.03170430210558861  -16.825979952146113  -0.8013262654941781  0.05296724906954917  0.5958780804452848  -47.771210406938756  0.5915132313716569  -0.0786635025880641  0.8024488460162664  20.97591704884851  0.0  0.0  0.0  1.0
25528382211983;5.937684277188093;12.640956742495952;-0.6255635133211742  -0.5170542271353279  -0.5842304485412898  -47.233933103943315  -0.5716774175079354  0.813375299436022  -0.10772907025877315  -24.989116238861726  0.5309003871845704  0.26659997837368593  -0.804406135244146  20.434357665557208  0.0  0.0  0.0  1.0
25528382212014;5.706074287891998;12.764964922512064;-0.03374703396074754  0.31148906952183997  0.9496503026205334  -10.737066603914041  -0.9816643872394657  0.16803276762736213  -0.09000011016245135  -49.65686213183882  -0.18760641919885596  -0.9352751191878828  0.3001071190483093  -28.470769048589105  0.0  0.0  0.0  1.0
25528382212045;13.03254592804802;17.011619373334252;-0.4655436290226906  -0.17200752835608774  0.8681489156044688  -12.08936825433088  -0.12817871371900538  -0.9574848357984407  -0.25844343010681403  -53.10012762553315  0.8756936375386807  -0.2315949036677285  0.42370326145713133  6.100787650236039  0.0  0.0  0.0  1.0
25528382212076;6.239869401775077;28.797286894015365;-0.249119166526871  0.3341708849235436  0.9089936526392112  -8.958434149139261  -0.8951609572063924  0.27877149257798234  -0.34781218440298833  -42.777106710673614  -0.3696302227392821  -0.9003423096774135  0.22968940733618814  -66.04073644687286  0.0  0.0  0.0  1.0
25528382212107;9.253104797075562;44.24208496947947;0.42950629370838  -0.7561839430490461  -0.4936701205660397  -86.02157552273515  0.32139904441041134  0.6388669323872006  -0.6989647322678312  32.74540155233405  0.8439354228357566  0.14154464658532784  0.5174341649969296  49.08095924427011  0.0  0.0  0.0  1.0
25528382212138;13.001581628756192;13.503296351517667;0.24648674769350423  0.8694735571052296  0.428088795352388  23.212178727038733  -0.9229728991503662  0.34531870540295356  -0.1699294533999186  -57.212106597788875  -0.2955762349131722  -0.3532289982343014  0.8876170143485006  -21.447574321132056  0.0  0.0  0.0  1.0
25528382212169;16.977214459145614;39.622417728798595;-0.3318248784615401  0.9307282238598191  -0.15374401889091857  49.977724273471495  0.06082449530132146  0.18374832169177469  0.9810896671797096  -30.39288053620204  0.941378048822748  0.3161985572171438  -0.11758333899185387  11.169104938437915  0.0  0.0  0.0  1.0
25528382212200;12.284350643893093;22.269691402927226;-0.46173391491076576  0.8078202363038715  0.3663717478724782  -19.5372041758841  -0.13176216496979382  0.34599064908711835  -0.9289398272368052  -19.99245408064067  -0.8771775896040952  -0.47719695783002714  -0.0533154736837041  -14.119900449132752  0.0  0.0  0.0  1.0
25528382212231;9.397506716358016;35.583868340101084;0.9305377729323846  0.35554615607463036  0.0876720254504968  30.208169747222396  -0.09894700073598515  0.47462885669409716  -0.8746067341603343  -8.931132446859312  -0.35257473561131863  0.8051797186304482  0.476840305044362  52.03519491041229  0.0  0.0  0.0  1.0
25528382212262;16.50683836669155;42.285972338897665;-0.4272474941985994  -0.7653772658714223  -0.48130782207253503  -90.48233550712887  -0.14724983921294724  0.5841372494827135  -0.7981861678947648  -7.209529480258334  0.8920633741796483  -0.27015054072490646  -0.3622728554463632  0.7972216283438553  0.0  0.0  0.0  1.0
25528382212293;13.349273618262057;43.20899404152107;0.7481278029440861  0.4828498473270042  0.4551492232206278  11.893537082310683  -0.5830509502222859  0.8058157584864286  0.10350146288738966  23.503641800809316  -0.31679075098074183  -0.3428075091231638  0.8843792352728714  -37.04263166204665  0.0  0.0  0.0  1.0
25528382212324;12.545894920084725;36.642155351527954;0.19938105389046734  -0.9688245997907354  0.1470581184084985  -91.23678575538366  0.7953409051972081  0.2476583381958934  0.5532614138381002  -4.714567883411684  -0.5724334370646174  0.006651493243642095  0.8199242146491452  -20.440170868934143  0.0  0.0  0.0  1.0
25528382212355;12.823791017106068;24.713630580019743;-0.5229061217150218  0.4706656961267343  -0.7106637674473723  -1.2688955165149847  0.8505651124986302  0.34264623453643367  -0.3989142105242616  -13.482127096170688  0.05575102934606956  -0.8130604900298259  -0.5795036343969833  -20.402292093539767  0.0  0.0  0.0  1.0
25528382212386;16.104432155396697;62.44607644084309;-0.3750459275938909  0.7866555826235624  -0.4904218046971609  40.479012322586584  -0.9122379875300823  -0.40724936604502443  0.04438251866435544  -51.09363561483448  -0.16481021297936563  0.4640268830392351  0.8703543218222044  21.265656324024807  0.0  0.0  0.0  1.0
25528382212417;9.853473476029952;67.96651724860162;0.7890034875016708  -0.415064008187612  0.4529849509834019  -30.818493806830308  -0.25889653398018425  0.4440245718313446  0.8577964585512338  -3.4424648214391533  -0.5571768852018602  -0.7940806311182932  0.24287830261167126  -78.74479950115935  0.0  0.0  0.0  1.0
25528382212448;10.900268136326943;58.30333920074809;0.049341385367196976  -0.959149452384765  0.2785637371950149  -99.43065825751171  0.7819443644990164  0.21061624607791404  0.5866888508539061  -7.845049684377695  -0.6213923386382186  0.18887330377280634  0.7603936063669067  18.677803781398435  0.0  0.0  0.0  1.0
25528382212479;11.26380918649009;60.77859118168403;0.43714377236733887  0.20455201105712734  0.8758217838424303  18.62635671784354  -0.013375540880506775  0.9751644332058051  -0.2210778666365166  66.3340206578741  -0.8992921756507203  0.08492822253458769  0.42902305279612885  7.6637346736733996  0.0  0.0  0.0  1.0
25528382212510;10.577823908438841;33.67477301992263;-0.7544582236593341  0.4621060828406419  0.46610165946334153  11.88241872433089  0.48519965231128453  0.8709108861387731  -0.07807384838719442  31.1722193082531  -0.4420114095244704  0.1672489061448755  -0.8812795908470438  29.68140805582447  0.0  0.0  0.0  1.0
25528382212541;12.4785018390389;25.195728266310194;0.016361558905030785  -0.9970419394160553  -0.07509773921809873  -89.5111023318094  -0.48644780407252197  0.057682053295378004  -0.8718034839576232  -50.21390514380706  0.8735564282307241  0.050795194389838996  -0.48406509368439354  12.735086851814227  0.0  0.0  0.0  1.0
25528382212572;13.17354424027735;10.477166382558442;0.32597207083708907  0.9208724287208444  -0.2138601857662015  28.935970175951553  0.8277408466023976  -0.16872573678127864  0.535141772443117  -16.3726404309612  0.4567135862880876  -0.35146208297537584  -0.8172436015843048  -23.95568143779589  0.0  0.0  0.0  1.0
25528382212603;6.049856593200579;25.608957727476717;-0.9849380950740492  -0.15818888360842875  0.06980849500328969  -43.315550539822034  0.15022994084299707  -0.583033806756623  0.7984375649061063  -70.16545552418269  -0.0856032344378102  0.7968989002888636  0.5980169136171514  65.81176184750679  0.0  0.0  0.0  1.0
25528382212634;5.22985118888438;69.8482369387138;0.6527667055202392  0.07121874062752256  0.7542038975951297  -10.102990151924462  0.19102504071707185  -0.9788744529275178  -0.07289882869355621  -140.17288977919097  0.7330791648814574  0.1916577584896608  -0.6525812145836122  23.25438524619872  0.0  0.0  0.0  1.0
25528382212665;14.028454806891109;24.10254483559249;0.7801343945163935  -0.13184038345274188  0.6115622942788208  9.00935103022327  -0.4609699300984628  0.5397566019370706  0.7043930253845258  -8.442298358208465  -0.42296223240090863  -0.8314330544044908  0.36030823749403773  -49.89959313647864  0.0  0.0  0.0  1.0
25528382212696;4.140656319801549;32.11277569637233;0.06646842762792829  0.011400575103767551  -0.9977233960452031  -28.093186317789677  0.4100082330091558  -0.9119253377557384  0.016894591554458337  -105.94148043550204  -0.9096566368654615  -0.41019776358042787  -0.06528857296827599  -91.65524596341459  0.0  0.0  0.0  1.0
25528382212727;6.813729438443701;14.125273394919333;-0.2503804323636908  -0.05391303241992313  -0.966645242074185  -7.880297098027172  0.7248567880519703  0.651435713290702  -0.22408513619696918  -16.91825966185922  0.641788341982271  -0.7567858986428874  -0.1240275280368282  3.6682546242489398  0.0  0.0  0.0  1.0
25528382212758;8.119755599812619;60.84037833795732;-0.1079348105700143  -0.96461276115355  -0.2405666179812571  -122.29271952603885  -0.573960067697216  0.2580414486529723  -0.7771643657979207  -4.311907451034838  0.8117388233639078  0.05419254373804938  -0.5815008605728614  -8.921121000448476  0.0  0.0  0.0  1.0
25528382212789;14.49002705766472;48.12367140832565;0.3609666828198054  0.5260406030989438  0.7700547628483084  45.461838878846045  -0.877286989136189  -0.08855509023064485  0.4717261225399778  -51.01672295682974  0.31633936300502574  -0.8458364380218802  0.4295231396886922  -49.5591240775531  0.0  0.0  0.0  1.0
25528382212820;6.569850259432595;15.582962572283401;0.4474390371346056  -0.6340689698211796  -0.6306780871078098  -47.96202012128897  0.7119130225473145  0.6793523562990477  -0.17793320184404657  33.95871308711806  0.5412745665331051  -0.3693736827399026  0.7553707209864314  -3.51464289088284  0.0  0.0  0.0  1.0
25528382212851;11.42180800956712;56.815111524224264;-0.07299945197960962  0.8442311197583219  0.5309848363581449  69.50525934029955  0.986154053090757  0.1405880254192142  -0.08794993281066042  -1.520465677446866  -0.14890017993054946  0.5172125516074947  -0.8428047893055148  59.02510066950199  0.0  0.0  0.0  1.0
25528382212882;29.01962600839923;51.6290895675565;0.9629679223804597  -0.15442527083855567  0.22101044362812153  -39.82806224402629  0.13054423826477882  0.9842816341438154  0.11894480460721417  -10.619138681791753  -0.2359046042834452  -0.08568839135856483  0.967990969619165  15.72955866480033  0.0  0.0  0.0  1.0
25528382212913;4.000226151736474;8.882948107652899;0.8036295036784998  0.5808104292144946  0.12976465671793108  -4.086920948232942  -0.5911336322568213  0.753800568221067  0.28695946083803253  -29.190646998064892  0.0688523756475101  -0.30731734195334787  0.9491129551862756  1.252179168280559  0.0  0.0  0.0  1.0
25528382212944;10.14110014173418;15.285602785421744;-0.6252876550897766  -0.4777352611412497  -0.6170772793213444  -34.82675203702386  -0.4734261628740028  0.8608173846822692  -0.18671127050924471  -37.395926747245724  0.6203894073069975  0.1753922760302753  -0.7644308554802014  -12.68475256566164  0.0  0.0  0.0  1.0
25528382212975;20.06496742865844;18.179064474266518;0.8245829772481227  0.40639960293155847  0.39357626499789666  6.596061286980985  -0.47930908984732934  0.8714152433749345  0.104394779579853  -7.364651724603443  -0.30054235978036137  -0.2747268395167692  0.9133451995969424  -13.176564141146878  0.0  0.0  0.0  1.0
25528382213006;18.17453748105815;17.530409460854013;0.5454567541967581  0.4587734440004547  0.7014298656181526  9.973305058367213  0.8343707396915224  -0.37649449156053516  -0.40258833387369086  -23.986817366365276  0.07938764417564251  0.8048470816897677  -0.588148601161055  18.742091744709988  0.0  0.0  0.0  1.0
25528382213037;5.701290745392533;23.80949115843481;-0.5644630179920261  -0.5366735050549691  -0.6271866152042356  -42.60999346322294  0.1918003485555021  0.6537371517065086  -0.7320111766719459  4.877521395002544  0.8028661953360093  -0.5334878493936597  -0.2660762802957227  -27.02818460359421  0.0  0.0  0.0  1.0
25528382213068;4.547083976710081;54.5332625941564;0.7568571855885738  0.4022482395766163  0.5151345012523001  47.25731826052778  -0.22679461421999597  0.9008369965677329  -0.3702119778932459  58.493537954294275  -0.6129693333142752  0.16336786517653565  0.7730326882117688  -0.5778022524144656  0.0  0.0  0.0  1.0
25528382213099;3.400518070650358;18.20653364187424;-0.6908768238728784  -0.6175519378901024  -0.3759239527397818  -66.7447993860729  -0.7209011593150332  0.5491136406153678  0.42281878883083795  30.686689334006463  -0.0546875921353688  0.5631197152456258  -0.8245637959358393  36.66115194801876  0.0  0.0  0.0  1.0
25528382213130;4.188278019443553;27.521515051005377;-0.05994023349209031  0.5346037700405829  0.8429744820973576  -15.210128665802685  0.2140774289351012  0.8317280265071086  -0.5122492990167247  -32.54240489416474  -0.9749759088456758  0.14975746719607935  -0.16430057270005152  -18.64604217223894  0.0  0.0  0.0  1.0
25528382213161;10.413101164301901;10.4131011643019;1.0  -6.32557827297033e-16  4.957584096178142e-16  -1.7763568394002505e-14  6.32557827297033e-16  1.0  1.2587582767194477e-15  1.4210854715202004e-14  -4.957584096178149e-16  -1.2587582767194475e-15  1.0  -4.3076653355456074e-14  0.0  0.0  0.0  1.0
