# registration_from_features.py FastGlobal FastGlobal_config.json l2 True --use_random_keypoints=True --n_keypoints=5000 --input_txt=/neural_comparison/point_clouds_registration_benchmark//eth/stairs_global.txt --input_pcd_dir=/neural_comparison/point_clouds_registration_benchmark//eth/stairs/ --input_features_dir=/neural_comparison/experiments/FCGF/3dmatch_normalized_5cm_32//eth/stairs/ --output_dir=/root/neural_registration_comparison/results/FCGF/3dmatch_normalized_5cm_32/FastGlobal/
id;initial_error;final_error;transformation
5494384560030;1.9653997219596564;2.6992639956914126;0.6954171662404134  0.70482562596706  -0.140056423909417  5.227366637165358  -0.1652411845062248  -0.03283502154507567  -0.9857064534145626  6.0236634113398475  -0.6993499237442805  0.7086202779629405  0.09363218366881908  7.120653907838698  0.0  0.0  0.0  1.0
5494384560061;3.2470421696666185;7.7368945376669735;0.5538511099637273  -0.6032536171184812  -0.5738763119570403  4.151823403830721  -0.22879816269189854  0.5524415134436119  -0.801535885018844  6.894930558244893  0.8005625201948688  0.5752333853816213  0.16794702617683677  2.15628798411494  0.0  0.0  0.0  1.0
5494384560092;2.297685819693392;2.6505366320829182;-0.5137355112184077  0.8302885449254548  -0.216094323568967  15.177114614191392  0.8195877560595853  0.4004696965976168  -0.40975594226835355  -5.5588896944440735  -0.2536764368844185  -0.38761444022711794  -0.8862298297264898  8.484670815454118  0.0  0.0  0.0  1.0
5494384560123;8.759025089926762;11.307952399190507;0.6510276875924206  -0.18584903586260224  -0.7359504642684895  -1.288110473703784  0.7335521967796053  0.4032517812282441  0.5470732816872537  -6.424908815324908  0.1951002936642556  -0.8960179333055726  0.3988580431769325  -14.241264549803748  0.0  0.0  0.0  1.0
5494384560154;2.6625673868786452;11.095644068554604;-0.8713576895902031  0.1794952170417394  -0.45663688402401575  4.139488535506607  -0.48376097247054406  -0.15890503517135426  0.8606535373258776  3.4198743557896973  0.08192129336367489  0.9708401809032888  0.22529590506108457  6.178416927370134  0.0  0.0  0.0  1.0
5494384560185;6.621620892396294;3.062600157729511;-0.7287768508132574  0.6809754681478384  -0.07181026040577007  15.261938081677334  0.20798053985457854  0.1202156860740285  -0.970717406799502  -11.0564116431124  -0.652402020812712  -0.7223715114832426  -0.22924005460849697  10.251116606272216  0.0  0.0  0.0  1.0
5494384560216;5.2200031515621825;7.445811467559075;-0.7966365331819509  -0.3639610971556214  0.4825997863210453  9.433746243089367  0.5887385962587449  -0.28630255930123294  0.7559217617008039  -6.642830044906896  -0.1369565598104917  0.8863200123515432  0.4423570237150474  -2.8797077785843808  0.0  0.0  0.0  1.0
5494384560247;8.503686109037535;3.525995502366204;-0.6788477812012299  -0.5721901038483557  -0.4601784165040517  -1.827521881990911  0.44591680297069297  -0.8191601645045695  0.360742054267647  0.6414420475049605  -0.583372860858785  0.039687654841962565  0.8112342419218896  11.236365865299113  0.0  0.0  0.0  1.0
5494384560278;5.489767218869771;7.685638124543837;0.6974997770612973  -0.2710337754603274  -0.6633511540346947  12.837217894149816  -0.7008225360583192  -0.4511055483015  -0.5525862441686252  6.584229301712783  -0.14947185003278954  0.8503202201825636  -0.5045925972469786  4.103070129827951  0.0  0.0  0.0  1.0
5494384560309;6.344090179496548;6.78709046943015;0.9869025310656059  -0.05561525828960236  -0.15142766333032145  8.140310800175556  0.05113649124226201  0.9981358392722608  -0.03331524611476272  12.24345297588623  0.15299821384490203  0.02513542133400596  0.9879067552935511  -1.4303860480965742  0.0  0.0  0.0  1.0
5494384560340;11.288142510784303;8.281074656270825;0.0055972169699912006  -0.1926898955354823  0.9812437389969515  3.125434969185661  -0.978323341464298  0.20207600921431187  0.04526285503754303  6.253525622081429  -0.20700751365185568  -0.9602269995467437  -0.1873819591986775  -10.300819952105588  0.0  0.0  0.0  1.0
5494384560371;4.893298023722126;4.338553024251306;0.5203623531551499  -0.14241727467164506  -0.8419859507699259  -3.851930133373156  0.21927149845624877  0.9752196351031538  -0.02943931510787331  1.3860864859317645  0.8253138986976928  -0.169304409819622  0.538695633388691  -0.0414061737633503  0.0  0.0  0.0  1.0
5494384560402;1.640061358821845;5.506200970834411;0.5369453718734529  -0.8427770227359421  0.037637183369918954  -2.7080001936207463  0.4392916958916926  0.24123384400160383  -0.865349084721774  -7.187713223991846  0.7202169628273699  0.48117888820744276  0.49975434365212656  -0.22061377437158103  0.0  0.0  0.0  1.0
5494384560433;4.064579359510598;2.7398972391106176;-0.5745007480696575  0.7997789792486005  0.17407606044333143  19.545685820639367  -0.7729025202871137  -0.6000794251510814  0.20621924654157017  8.354191984237431  0.26938928078383223  -0.016070714433808746  0.9628972673844072  1.2425384228326912  0.0  0.0  0.0  1.0
5494384560464;8.086453804333049;7.897318076131643;-0.6825212628201637  -0.0035428527802427623  -0.7308571501959495  4.952740294563514  -0.23240618249529763  0.9491358229338909  0.21243482756263438  0.578088181310498  0.6929300773789009  0.3148470070014657  -0.6486287613464949  9.023528451703395  0.0  0.0  0.0  1.0
5494384560495;3.79668680245774;7.212921450253726;-0.3506229206451397  0.10257599296308942  0.9308822337900272  6.668941234454883  0.5630602122080521  0.8173590711877066  0.12201371306288326  6.220607963222537  -0.7483493602232144  0.5669235525313839  -0.3443412851208818  3.8714021758252906  0.0  0.0  0.0  1.0
5494384560526;3.919459476654856;2.059696115312288;0.5484628447626027  -0.5816078308017303  0.6007668758054315  0.3361489463565442  0.6270570838531159  -0.18921383379068757  -0.7556437908775905  -10.666071967468637  0.5531617498567113  0.7911576683900231  0.2609245527793913  -4.063374726986346  0.0  0.0  0.0  1.0
5494384560557;4.769841275602151;5.844022964602544;0.3197604207883788  -0.7018403958448524  0.6365322710260515  12.292156437955883  -0.930948587180811  -0.35773329961392797  0.07322304537086122  1.5835643961546313  0.1763178984768455  -0.6159926502058886  -0.7677662753527499  -6.1537901201141585  0.0  0.0  0.0  1.0
5494384560588;4.0033637514024445;4.970583208718749;-0.5178686356910713  0.7580803308400306  0.39639158437199273  10.271824885191114  -0.2545021763683102  -0.5789152292781633  0.7746520506224757  -1.3759453339404148  0.8167256077724403  0.3002854796743981  0.4927351340278627  -1.8380092051090253  0.0  0.0  0.0  1.0
5494384560619;2.5680413302481218;9.691156797805087;0.8940810755397273  -0.07103910708641352  0.44223576927481556  8.524172585324402  -0.2642742717490769  0.7134994395958103  0.6489049691503066  4.248713532264114  -0.3616326031391777  -0.6970451886074742  0.6191525380598485  3.042919779573234  0.0  0.0  0.0  1.0
5494384560650;2.1252762310053015;2.1252762310053015;1.0  2.3581183642530545e-16  3.1590528085238165e-17  0.0  -2.3581183642530545e-16  1.0  2.616873227242154e-17  3.3306690738754696e-15  -3.159052808523815e-17  -2.6168732272421547e-17  1.0  0.0  0.0  0.0  0.0  1.0
5494384560681;5.499161925361485;2.0092041356387624;0.8172124395038618  0.02889339375414393  -0.5756118488334963  -0.14725167403884246  -0.5644992343380667  0.24150744332003918  -0.789312846248403  10.836003578380472  0.11620861909463982  0.9699687245568213  0.21367318556555234  12.066827640234298  0.0  0.0  0.0  1.0
5494384560712;3.9543429907625507;5.850461461626322;-0.09577573443657521  0.9897561281567022  0.10587641602070912  0.378693403251805  -0.9909963687875  -0.0848134716021194  -0.10359957569789989  -6.0549071638925165  -0.09355856851792393  -0.11484546926654127  0.9889678015212752  -2.218914123282325  0.0  0.0  0.0  1.0
5494384560743;2.252255054334342;3.352698943368991;-0.8421993443215996  0.5362460738901551  0.0560393849150981  19.521026288965963  -0.5097675831753222  -0.8258168029153464  0.24117134814539373  6.173404158187267  0.17560545426569202  0.17454728946640574  0.9688632350193039  0.5025792716436417  0.0  0.0  0.0  1.0
5494384560774;4.093777341873709;7.44795784929966;0.2432185443744167  0.9311561841771002  -0.27164848672711484  3.1632877741993246  -0.9680780870049515  0.25052015383919707  -0.008029320096814112  10.038296883439607  0.06057686962217554  0.26492982691483896  0.9623630446342232  1.12972955540071  0.0  0.0  0.0  1.0
5494384560805;2.4081201720064747;2.4081201720064747;1.0  -4.5973573823538065e-17  1.0176430628310647e-16  -2.1895288505075267e-47  4.5973573823538065e-17  1.0  2.7896799546330294e-17  -1.3322676295501878e-15  -1.0176430628310647e-16  -2.7896799546330294e-17  1.0  9.992007221626409e-16  0.0  0.0  0.0  1.0
5494384560836;2.3977526989083033;3.2432413621469416;0.47891869406994925  0.5542689500591573  0.6807516547689426  3.2752914775161543  -0.3200499228961198  0.8323368367653543  -0.452530039906339  -1.524470590837295  -0.8174380290422764  -0.001149418880839729  0.5760154056201225  8.606746194791546  0.0  0.0  0.0  1.0
5494384560867;5.82100797182095;2.676912965053784;0.6875188163058195  0.6478013559421927  -0.32813302251510873  5.216989859744362  -0.6869703645582782  0.7266697329305264  -0.004776762642555784  -5.8088426287575015  0.2353499425198791  0.22870177629859786  0.9446194482826173  1.572433675403823  0.0  0.0  0.0  1.0
5494384560898;7.426959109966299;4.113390411911406;-0.3540015920370077  0.9352038423856808  0.00875477140323751  9.860532675302723  0.21859576612875647  0.07363588844841928  0.9730332198661021  -13.609060413383235  0.9093397406172495  0.3463690648996691  -0.23049882215465464  -3.9999181134897164  0.0  0.0  0.0  1.0
5494384560929;3.2277640385532322;3.2277640385532327;1.0  -5.857294008538386e-17  2.5269643101014795e-18  0.0  5.857294008538386e-17  1.0  -2.326769497701607e-16  6.661338147750939e-16  -2.5269643101014803e-18  2.326769497701607e-16  1.0  -2.1895288505075267e-47  0.0  0.0  0.0  1.0
5494384560960;7.03502339552627;9.741141209996556;-0.3711292809075466  -0.008767919810094539  0.9285398109048681  7.48254456621935  0.41068943113509665  0.8952890138884977  0.17260293382353487  -14.483947488001272  -0.8328248603439846  0.4453994894392722  -0.32866707592981936  2.4043151013449995  0.0  0.0  0.0  1.0
5494384560991;7.791752238870199;5.811217144284807;-0.1580411853614152  0.919316980871197  -0.3603876696162437  16.748946722033185  -0.9809757319455704  -0.10450721882150198  0.16359967771376283  9.519757011550281  0.11273684873816109  0.3793870449765809  0.9183440929414881  -3.718895035889508  0.0  0.0  0.0  1.0
5494384561022;4.731288337239354;4.731288337239355;1.0  -9.888664040186828e-17  2.5999783610644253e-16  -1.7763568394002505e-15  9.888664040186828e-17  1.0  -2.1937703647427226e-16  -8.881784197001252e-16  -2.5999783610644253e-16  2.193770364742723e-16  1.0  1.5543122344752192e-15  0.0  0.0  0.0  1.0
5494384561053;4.703195918816284;7.17160009884767;-0.3561947539394835  0.4957077637806495  0.7920852922467257  5.904544325240747  -0.21757736115581702  -0.8683826675161008  0.4456137729806992  2.0578535259215336  0.9087273458956007  -0.013614539478471898  0.4171681377290539  -3.183771193297426  0.0  0.0  0.0  1.0
5494384561084;7.769594886748286;5.1473770984334495;0.696764316673104  -0.6841268953983293  -0.2156151154342086  7.804737587262891  0.3071593473766659  0.5562054140543363  -0.7721973016631087  0.004518011123763111  0.6482072371782064  0.4718113270887945  0.5976800559668263  -8.671247447278331  0.0  0.0  0.0  1.0
5494384561115;2.7618695788486547;0.30727114238134523;0.371799899548912  -0.8453474515706793  -0.3836046412888915  11.363786663254078  -0.2603858447089075  -0.4916061684078299  0.8309768871987967  1.039536407528004  -0.8910466017951287  -0.20907190463171413  -0.4028956342814092  15.502890152035574  0.0  0.0  0.0  1.0
5494384561146;4.978157980828911;4.978157980828911;1.0  -5.722884007657793e-17  1.8649260525196116e-16  0.0  5.722884007657793e-17  1.0  2.323524319916665e-16  0.0  -1.8649260525196116e-16  -2.323524319916665e-16  1.0  1.7763568394002505e-15  0.0  0.0  0.0  1.0
5494384561177;7.540163639644457;8.135534440137226;0.6076173594534623  -0.5343512454052362  -0.5875967078061913  -6.036193092457202  0.4921094558366815  0.8339986514897245  -0.24954865815997926  -11.369879941350515  0.623401498207157  -0.13753179940360907  0.7697113590079595  0.9564373336958684  0.0  0.0  0.0  1.0
5494384561208;2.258030642572619;1.6561074207429125;-0.772523857936206  -0.01537554636693248  -0.6347995600922214  1.8477369308224236  -0.618386048973558  -0.20887343154327528  0.7576084635418266  -1.7517134526494391  -0.1442414065177919  0.9778218049160365  0.15185168578752828  0.5162436987183431  0.0  0.0  0.0  1.0
5494384561239;3.8492329696698255;1.9296955448559874;-0.2359876730238007  -0.18193319347055048  -0.9545732718311449  12.612363893757562  -0.1398724573832681  -0.9657292287112594  0.2186384057715445  6.301526400322912  -0.9616368929312034  0.1851144778950696  0.20245275060432857  18.153516555971564  0.0  0.0  0.0  1.0
5494384561270;9.123550834747231;8.415005304562037;-0.6774446510234918  0.7229417042641185  0.13573517243276428  9.906774084629175  -0.04255095408304683  0.14570529279927721  -0.9884125575673839  15.86862903399778  -0.7343419919262972  -0.6753704612181152  -0.06794541196981978  11.373101783157715  0.0  0.0  0.0  1.0
5494384561301;4.160514649695006;3.6732968756164817;0.7144517133596239  0.4563805508748952  0.5303541666288886  -2.060168645701102  -0.6773731169457834  0.2612619028972517  0.6876829782200968  2.70788174905343  0.1752837976444284  -0.8505639369721911  0.4957989304200984  -1.0250113375379941  0.0  0.0  0.0  1.0
5494384561332;6.482396831003189;2.0977319931670944;-0.15753932797685372  0.9838464946121496  0.08501432338133763  2.850862173195154  -0.9806508932631439  -0.16599494771866133  0.10377621535822343  -0.8777653882925699  0.11621181386932594  -0.06702053693655474  0.9909606762863683  -5.9412009634258895  0.0  0.0  0.0  1.0
5494384561363;2.945345827521586;2.433678361615612;-0.5765546126229695  -0.45945155160536344  0.675639734170958  5.741350263542029  0.13147486200522907  -0.8683107579291103  -0.47827898587046486  -3.036029190587776  0.8064112718234324  -0.18692431460887615  0.5610349020195786  -4.5664031347743945  0.0  0.0  0.0  1.0
5494384561394;1.7737978589250467;7.005507146506225;-0.8303807080046386  0.42685011054325706  0.35814363445819447  8.196437661892704  0.19046725336723655  0.8214894823581461  -0.5374730279462281  10.763584850306184  -0.5236316502737931  -0.37809259911317195  -0.7634499861335958  7.3990634284162216  0.0  0.0  0.0  1.0
5494384561425;2.0770362960670123;2.0770362960670123;1.0  4.009592288207067e-16  -7.08233313610177e-17  1.8474149676157256e-47  -4.009592288207067e-16  1.0  -1.5175561525254122e-16  2.761679773755077e-15  7.082333136101765e-17  1.5175561525254122e-16  1.0  -2.7755575615628914e-16  0.0  0.0  0.0  1.0
5494384561456;3.2026873730298178;3.2523038511910367;0.9306203290165692  0.365663931216508  0.015352284142120734  4.093822758494985  -0.36503019891308686  0.9304025294452247  -0.033227805877007514  0.24886482589555986  -0.026434014121276488  0.02531842430359155  0.9993298856174673  3.2998537578559786  0.0  0.0  0.0  1.0
5494384561487;2.7650958552301788;6.24260519101946;-0.34133834593529067  0.9082417649353326  -0.24204344655725007  13.69156912378373  -0.46744864913706713  -0.3874357052440803  -0.7945975929500121  8.061183376549835  -0.8154629936509025  -0.15808374593605423  0.5568030488931757  -0.10965825205945344  0.0  0.0  0.0  1.0
5494384561518;5.145762913418466;5.02266874253902;0.9198279208768206  0.0286363325457446  -0.39127555051875396  -5.208019714585752  0.35663575011179316  0.3545683299264277  0.8643449780934601  -1.2953281025690055  0.163485588715406  -0.9345914935796875  0.31592910978708943  0.9009598820975493  0.0  0.0  0.0  1.0
5494384561549;4.6377896203071325;4.559912259457589;0.4903566332326181  0.6986343580031326  -0.5210186235273395  -1.2059790390244758  0.15243020705902535  -0.657361912877553  -0.7379975253846777  0.786796494551366  -0.858088226361786  0.28246300521575257  -0.4288347542629565  2.812869604003922  0.0  0.0  0.0  1.0
5494384561580;4.567914726536869;9.199161879300279;0.6810071765708365  -0.6904969436108196  -0.24380975436420607  0.5593154764344445  -0.15518581509175455  0.18929867450396323  -0.9695789677098766  6.497260387816936  0.715644177125285  0.6981260507208986  0.021758424839935786  -10.408722976056378  0.0  0.0  0.0  1.0
5494384561611;3.9710273671971175;3.9710273671971175;1.0  -2.6656736539002688e-16  3.171057475998617e-16  -1.7763568394002505e-15  2.6656736539002688e-16  1.0  1.3240437686946946e-16  -2.6645352591003757e-15  -3.171057475998617e-16  -1.324043768694694e-16  1.0  3.1086244689504383e-15  0.0  0.0  0.0  1.0
5494384561642;3.9300328799679396;7.278718613716325;0.3041855103484484  0.750134767144161  0.5871703385012128  -2.9866111438462193  0.9298643979414494  -0.09991354583804207  -0.3540755354427285  -1.5637546121618724  -0.20693809880019504  0.653693440750053  -0.7279158665569229  4.448553948303211  0.0  0.0  0.0  1.0
5494384561673;1.856504570527757;1.856504570527757;1.0  7.26175975383964e-17  -3.7875506321529777e-16  2.2204460492503128e-16  -7.26175975383964e-17  1.0  1.3546422207530292e-16  -9.992007221626409e-16  3.7875506321529777e-16  -1.3546422207530287e-16  1.0  -4.3790577010150533e-47  0.0  0.0  0.0  1.0
5494384561704;3.161923902897827;2.2248816276125742;0.9003881165342927  -0.03936235209045935  -0.4333034096816384  3.1186057062776844  0.09388443957068479  -0.9548599252289002  0.2818301531035251  -4.663890017355557  -0.42483755908620546  -0.2944369685174819  -0.8560490172647293  0.8672548825470365  0.0  0.0  0.0  1.0
5494384561735;3.569181629467939;3.569181629467939;1.0  -5.98429255902251e-17  8.857880694348052e-17  0.0  5.98429255902251e-17  1.0  3.230406527168495e-17  -8.881784197001252e-16  -8.857880694348052e-17  -3.230406527168495e-17  1.0  6.661338147750939e-16  0.0  0.0  0.0  1.0
5494384561766;3.9022771741523186;0.08201255578536112;-0.03004828663411659  -0.8554237705564017  0.5170563540248041  14.547063709337822  0.49540856622159024  0.43653757887970634  0.7510028593421687  -2.8746260185269494  -0.868140226567473  0.2787204961837457  0.410667057386473  10.743323027066848  0.0  0.0  0.0  1.0
5494384561797;1.7821658772718727;1.7821658772718731;1.0  -2.822686249813721e-16  1.0963563330831553e-17  -7.663350976776343e-47  2.822686249813721e-16  1.0  1.2707392289136654e-16  -4.6629367034256575e-15  -1.0963563330831568e-17  -1.2707392289136654e-16  1.0  8.881784197001252e-16  0.0  0.0  0.0  1.0
5494384561828;3.031970333042847;7.359931302910512;0.8657044786460707  0.4558939615717931  -0.20667958644846834  -1.9971871237557612  -0.4997418411761626  0.7636490937174598  -0.4087764105747309  -3.357718891944029  -0.02852801833274  0.45716600646469574  0.8889237282822011  -1.8138324718504806  0.0  0.0  0.0  1.0
5494384561859;3.9115043062921147;2.1191431885789083;-0.5499962965018126  -0.21622829110837374  -0.8066903990742934  0.7344753933167607  0.7630468953741023  -0.5227502529889523  -0.38012051833587124  1.6677465555252218  -0.33950480010485135  -0.8246074818508135  0.4525030293616015  -6.882389771015977  0.0  0.0  0.0  1.0
5494384561890;2.700280821168816;3.762461773868331;-0.83024734568838  -0.040326105221582184  -0.5559344837434159  9.376824693195925  0.4853312259478281  -0.5428031327384789  -0.6854329728057096  4.362758194990691  -0.274122137189569  -0.8388912708611003  0.47023237827235137  0.6913374318613666  0.0  0.0  0.0  1.0
5494384561921;4.363288827751439;3.9021025195135426;-0.4639670970853729  -0.7166788917655214  0.5206783065578164  6.175848745930357  0.16184261940435232  -0.6464558519601383  -0.7455882228219735  8.211183596299557  0.8709428795084728  -0.2616604623634142  0.4159234341429366  -3.4454373317711005  0.0  0.0  0.0  1.0
5494384561952;5.900960080460973;6.131475706029953;0.12277930165523604  0.23667052713867184  -0.9638009673521574  -6.8352725528646054  -0.9906973051416071  0.08665624583417343  -0.10492637725131856  -0.5240317231273329  0.05868639254726248  0.9677178083727878  0.24510844679030971  -1.2696180655769909  0.0  0.0  0.0  1.0
5494384561983;1.9280359265963185;6.4731197503858695;-0.13563437045928808  -0.41921035491026876  0.8977003931636207  7.6635371406596935  0.2746891149435379  0.8546417221200121  0.44060573866357605  -2.466508055282108  -0.9519186980418279  0.3063498084669648  -0.0007662705825211557  -0.30436024930007416  0.0  0.0  0.0  1.0
5494384562014;2.290467177188447;3.76564896569726;0.855412905197481  -0.4885204840160923  -0.1720944459251614  -0.8804537573400674  0.4768012160458347  0.8725031431577985  -0.1067654698719366  2.9508656473182184  0.202310064007747  0.009273719666076435  0.9792776093247185  0.9268079814392423  0.0  0.0  0.0  1.0
5494384562045;2.843775395138052;5.5761502163587595;-0.06579974339740689  -0.27420581716831405  0.9594173042007811  -0.6945313678271002  0.9210956688360838  -0.38645499012674916  -0.04727905939781545  -6.538814639067302  0.38373579793947166  0.8806041735292834  0.2779984297483805  -7.443673369065354  0.0  0.0  0.0  1.0
5494384562076;7.910208896373804;6.140389918588146;0.9256499348095641  0.05787230253798016  -0.3739291306999252  -11.488714602432102  -0.015612610689261069  -0.9815511307303997  -0.1905613395978776  -9.810812455840797  -0.3780587845487996  0.18223110151899047  -0.9076692024436329  3.6499291964137797  0.0  0.0  0.0  1.0
5494384562107;6.000656068192277;7.883901725947048;-0.29151847623750976  -0.5674043312924513  0.7701099290638492  5.745365750813282  -0.9557889081150673  0.14035127807163492  -0.25839713982137524  -3.56591109291512  0.038529743528462015  -0.8113900686933663  -0.5832337569872001  -1.3356237757128466  0.0  0.0  0.0  1.0
5494384562138;3.161989247048879;8.419987831672467;-0.8439140493855981  0.503329171707121  -0.18565780931117246  10.350488916877065  0.04965862866055225  0.41787116425379245  0.9071481194847582  -2.430332369679601  0.5341751565256045  0.7563355306963984  -0.37764198277871963  -9.497341746119606  0.0  0.0  0.0  1.0
5494384562169;5.267286062056453;6.111788869012223;0.4191174117980321  -0.18108564011111458  0.8896901629630771  2.7982497117317715  -0.7596208234304731  -0.6066712225243067  0.2343634621089053  0.5412962600778786  0.4973095612780116  -0.774052981847115  -0.391822895649375  -6.349521824161914  0.0  0.0  0.0  1.0
5494384562200;6.316421781002835;7.902202636054337;0.47188827350517537  -0.8126768737604787  0.34187388929720935  4.013022534161198  0.8814352702496427  0.4435798547283086  -0.1621998052993575  -6.3362811399441075  -0.019832339454618073  0.377879890089572  0.9256421916581208  -1.5582337781296198  0.0  0.0  0.0  1.0
5494384562231;6.809241551181215;7.2537734831215515;-0.5474576177370267  -0.6407836817318817  -0.5382252595408659  -2.243019093518336  -0.8332070454284636  0.4771966044223922  0.2793732631733232  13.392584141397228  0.07782143811360998  0.6013980993932998  -0.7951503944638755  6.686831433627325  0.0  0.0  0.0  1.0
5494384562262;9.226605709293516;8.926098858305222;-0.28635391186496983  0.9554346038698056  0.07173670530332477  4.0337238094466565  -0.663521017990593  -0.2517620294017032  0.7045251870843671  1.6886709046633703  0.6911883215480101  0.15414473159885578  0.706043982961375  -2.0825046205479407  0.0  0.0  0.0  1.0
5494384562293;3.35198828640729;4.176768380305133;-0.13394904197240262  -0.2552732345231243  -0.9575454192312635  5.067037325069545  -0.4907221371915113  -0.8223827282399044  0.28788614479145347  8.117370135882606  -0.860958441636337  0.5084508078750504  -0.015110848630591521  2.7385613377858937  0.0  0.0  0.0  1.0
5494384562324;6.007210908334361;6.007210908334361;1.0  -4.609276443210895e-17  1.873408766581392e-16  -2.220446049250313e-16  4.609276443210895e-17  1.0  -2.410726068561677e-18  -6.320287961305425e-49  -1.873408766581392e-16  2.410726068561679e-18  1.0  -4.4408920985006257e-16  0.0  0.0  0.0  1.0
5494384562355;2.8594967283924566;7.202088323596114;0.6004064142217403  -0.7425379080135897  0.296899971243167  -3.8742818414257334  0.47264321402106174  0.030012672631594513  -0.8807426591924292  -9.299806904597467  0.6450740500138211  0.669131298508977  0.3689753045319648  -4.67085306540178  0.0  0.0  0.0  1.0
5494384562386;7.555953592991905;6.3979564025895375;-0.3566656503102387  -0.8386541680126337  -0.4116415921208761  10.150324221406985  0.931311899046818  -0.353986844323658  -0.08574065978045675  -1.161413750315091  -0.07380894649420201  -0.4139474610633743  0.9073035538873416  4.043005328479275  0.0  0.0  0.0  1.0
5494384562417;3.909277903469262;3.909277903469263;1.0  -1.034873880451611e-16  9.952385925533601e-17  8.881784197001251e-16  1.034873880451611e-16  1.0  1.8500662576521287e-16  8.881784197001252e-16  -9.952385925533601e-17  -1.8500662576521287e-16  1.0  1.5543122344752192e-15  0.0  0.0  0.0  1.0
5494384562448;8.322743061723811;8.801109687151913;-0.803046444722428  -0.5944925124454032  -0.04117110959179986  16.429459086027116  0.17856623888971862  -0.17414366253968713  -0.9683945906117214  -2.921673473469915  0.5685336453961601  -0.7850176032698984  0.24600174106891268  -4.122188658107573  0.0  0.0  0.0  1.0
5494384562479;5.142564597723577;5.142564597723578;1.0  -5.048213542672153e-16  9.692965992778339e-17  1.1102230246251565e-15  5.048213542672153e-16  1.0  1.4447552457802896e-16  -8.881784197001252e-16  -9.692965992778342e-17  -1.4447552457802893e-16  1.0  5.551115123125783e-17  0.0  0.0  0.0  1.0
5494384562510;7.409784479444804;7.287684344920078;0.3975815747524643  0.025407584878637157  -0.9172149944522208  -7.104326301053559  0.9044846039195564  0.15734434241140713  0.3964219458904938  2.4396504154818777  0.1543907143899342  -0.9872169024797716  0.039576442088811725  5.182050121186467  0.0  0.0  0.0  1.0
5494384562541;3.4584512201369555;9.66640984178341;-0.52433189505635  -0.8448022643112311  0.10670144348242148  6.066639899991197  0.6694927009087885  -0.3315695641349456  0.6647113264938521  -9.343309071723496  -0.5261706826272924  0.4199651870738544  0.7394414475734712  -7.503383976196471  0.0  0.0  0.0  1.0
5494384562572;8.23556210803444;8.23556210803444;1.0  3.399478944618346e-16  -2.249608767071384e-16  -4.440892098500626e-16  -3.399478944618346e-16  1.0  -9.304498555905418e-17  1.1102230246251565e-15  2.249608767071384e-16  9.304498555905423e-17  1.0  -8.881784197001252e-16  0.0  0.0  0.0  1.0
5494384562603;7.97771549928889;7.97771549928889;1.0  -3.153615050000723e-16  -1.2494637376621314e-16  -3.552713678800501e-15  3.153615050000723e-16  1.0  -3.1867662133985002e-16  -2.8463875056597847e-46  1.249463737662132e-16  3.1867662133985002e-16  1.0  2.220446049250313e-15  0.0  0.0  0.0  1.0
5494384562634;7.765621830691003;6.908895323216965;0.4987464026059319  -0.4864699149467179  0.7173555936489071  3.0825756918077825  -0.8601485101617998  -0.17585650156603397  0.47876824385436545  10.08155897542128  -0.10675470178909993  -0.8558162844376636  -0.5061441701108795  0.6637596558711149  0.0  0.0  0.0  1.0
5494384562665;9.270386005314265;9.270386005314265;1.0  -2.2694516878746843e-16  5.002862471031634e-16  -1.3322676295501878e-15  2.2694516878746843e-16  1.0  1.8567277789194023e-16  -2.5481827554808554e-47  -5.002862471031634e-16  -1.8567277789194015e-16  1.0  -8.881784197001251e-16  0.0  0.0  0.0  1.0
5494384562696;6.577937540194185;6.577937540194185;1.0  8.550067933848237e-17  2.134303674914511e-16  -1.0605530369645832e-46  -8.550067933848237e-17  1.0  -9.823514304227924e-17  2.7755575615628914e-16  -2.134303674914511e-16  9.823514304227921e-17  1.0  2.6645352591003757e-15  0.0  0.0  0.0  1.0
5494384562727;4.59848726203546;7.450535760217429;-0.958150143479769  -0.27649488661859106  0.07415443495483705  14.651149095457379  0.2824049653473189  -0.9553648171058404  0.08674965004830454  4.560128077982792  0.046858703533906365  0.10406077027437349  0.9934664654597191  5.50594483698303  0.0  0.0  0.0  1.0
5494384562758;5.063388290222;6.4059170967902395;0.9859214495653201  -0.1191285739297338  0.11733404518930401  8.6389387401721  -0.0511893016916924  0.4529892816643553  0.890045148343346  -1.191151223676449  -0.15918087410029716  -0.8835208506711542  0.44051374070508437  2.1801939783115434  0.0  0.0  0.0  1.0
5494384562789;4.438629717023098;4.788763177206406;-0.9495770687915684  -0.22230855383390435  -0.22109341310290329  2.666579031076159  -0.2024050667417177  0.9731913816127126  -0.10922785227229237  0.5017508475550239  0.23944849004012161  -0.058969836755874146  -0.9691165972010231  -1.0274552723162034  0.0  0.0  0.0  1.0
5494384562820;8.161517273743991;8.161517273743991;1.0  1.0972010813746975e-16  1.8547589895764065e-16  1.3322676295501878e-15  -1.0972010813746975e-16  1.0  1.0599814009698707e-16  8.881784197001251e-16  -1.8547589895764065e-16  -1.0599814009698708e-16  1.0  -8.881784197001252e-16  0.0  0.0  0.0  1.0
5494384562851;6.219799808788275;6.219799808788275;1.0  1.49866211447454e-16  1.1451031855828043e-16  1.0947644252537633e-47  -1.49866211447454e-16  1.0  1.4594565676835067e-16  1.3322676295501878e-15  -1.145103185582804e-16  -1.459456567683507e-16  1.0  8.881784197001252e-16  0.0  0.0  0.0  1.0
5494384562882;6.86050681050468;6.86050681050468;1.0  2.195380881935467e-16  2.3116095433217804e-16  -7.663350976776343e-47  -2.195380881935467e-16  1.0  -3.172707868509556e-16  1.3322676295501878e-15  -2.311609543321781e-16  3.172707868509556e-16  1.0  2.4424906541753444e-15  0.0  0.0  0.0  1.0
5494384562913;3.2808971466396697;11.249426991451152;0.16701551221820884  -0.46133979134379116  0.8713618166992152  -0.6010077213675831  -0.9242901867891575  -0.38090291999345777  -0.024507471222529872  3.036882610848325  0.34321053201170065  -0.801298048458453  -0.4900285382025423  -5.409994315681475  0.0  0.0  0.0  1.0
5494384562944;2.926015559566035;2.926015559566033;1.0  6.68439132771465e-16  -7.824839032477429e-16  -3.9968028886505635e-15  -6.68439132771465e-16  1.0  -1.4856261326681794e-15  -2.220446049250313e-15  7.824839032477424e-16  1.4856261326681796e-15  1.0  -3.9968028886505635e-15  0.0  0.0  0.0  1.0
5494384562975;7.45090069206603;7.45090069206603;1.0  -1.1887058047183404e-16  1.7445502514150268e-16  2.1895288505075267e-47  1.1887058047183404e-16  1.0  -3.9717295812775046e-17  -8.881784197001252e-16  -1.7445502514150268e-16  3.9717295812775065e-17  1.0  1.3322676295501878e-15  0.0  0.0  0.0  1.0
5494384563006;1.7422069969351626;1.7422069969351621;1.0  -4.025020728058313e-16  -1.7223370129020581e-16  -8.881784197001252e-16  4.025020728058313e-16  1.0  -5.141517624296796e-17  -1.9984014443252818e-15  1.7223370129020584e-16  5.141517624296793e-17  1.0  -6.661338147750939e-16  0.0  0.0  0.0  1.0
5494384563037;5.728273913522797;5.728273913522797;1.0  4.009044947356016e-16  -1.7015314356676653e-16  1.5543122344752192e-15  -4.009044947356016e-16  1.0  2.6545295362389227e-16  8.881784197001252e-16  1.7015314356676658e-16  -2.654529536238922e-16  1.0  -1.3322676295501878e-15  0.0  0.0  0.0  1.0
5494384563068;4.596809114569144;4.596809114569143;1.0  1.5567473794361429e-16  1.3216398402314357e-16  -2.220446049250313e-15  -1.5567473794361429e-16  1.0  2.656214611048175e-17  4.440892098500626e-16  -1.3216398402314357e-16  -2.6562146110481758e-17  1.0  -8.881784197001251e-16  0.0  0.0  0.0  1.0
5494384563099;7.571012982470478;7.571012982470477;1.0  -5.913510526746094e-17  2.19500883887106e-16  -2.220446049250313e-16  5.913510526746095e-17  1.0  -1.4171617178210094e-16  8.881784197001252e-16  -2.19500883887106e-16  1.4171617178210094e-16  1.0  -1.7763568394002503e-15  0.0  0.0  0.0  1.0
