# geo_benchmark.py --weights=/home/docker/GeoTransformer_benchmark/weights/geotransformer-kitti.pth.tar --input_txt=/benchmark/point_clouds_registration_benchmark/dataset_voxelgrid_0.3//planetary/box_met_global.txt --input_pcd_dir=/benchmark/point_clouds_registration_benchmark/dataset_voxelgrid_0.3//planetary/box_met/ --output_dir=/benchmark/experiments/geotransformer/kitti
id;initial_error;final_error;transformation;status_code
7680147070030;2.177020045956791;1.3614400387815693;-0.94536257  0.2667799  0.1873991  -140.62823  0.25619796  0.25242028  0.93308485  16.284555  0.20162487  0.9301142  -0.30697712  12.609175  0.0  0.0  0.0  1.0;ok
7680147070061;2.1158073062482887;0.2381936803811681;0.61487055  0.7564092  -0.223113  -60.43506  -0.7568465  0.64548963  0.10260137  -77.69792  0.22162573  0.10577563  0.96937793  35.615192  0.0  0.0  0.0  1.0;ok
7680147070092;2.856502668917761;2.8589599931624354;0.5405946  -0.82072693  0.18483682  -17.273762  -0.10252491  0.1537996  0.98276865  8.112917  -0.8350127  -0.5502298  -0.0010018349  -66.70542  0.0  0.0  0.0  1.0;ok
7680147070123;1.898480516578433;2.870532538440976;0.6813116  0.3548007  -0.64025813  -4.068485  -0.727648  0.23311111  -0.6451259  9.496561  -0.07964  0.90541464  0.41699135  -35.368256  0.0  0.0  0.0  1.0;ok
7680147070154;1.042043995661386;0.038494441240783564;0.7927248  0.055825964  0.607018  -12.899773  0.20785126  0.91136754  -0.35525596  17.164526  -0.5730491  0.40778977  0.7108603  -30.261925  0.0  0.0  0.0  1.0;ok
7680147070185;3.0278027536430923;1.4685776858984982;0.23165976  0.96413136  -0.12955433  -66.34461  0.9428747  -0.25531077  -0.21401775  90.22998  -0.23941785  -0.07257422  -0.9682004  -34.485806  0.0  0.0  0.0  1.0;ok
7680147070216;1.837077298427231;0.04528969225740571;0.62104553  -0.637746  -0.45561242  -31.115452  0.50796825  -0.11518316  0.8536401  48.38095  -0.5968843  -0.7615859  0.25242063  -33.138786  0.0  0.0  0.0  1.0;ok
7680147070247;1.8323176150838272;0.2750207680016036;-0.53393674  0.04980226  0.84405625  -135.4019  -0.6450489  0.6214033  -0.44471288  -63.857452  -0.54664713  -0.7819064  -0.29966527  -47.60296  0.0  0.0  0.0  1.0;ok
7680147070278;1.9466714855906555;0.06093081390025247;0.24023488  -0.64243585  0.72771096  -43.184723  0.80587476  -0.2859342  -0.51846653  94.00247  0.54115903  0.7109976  0.44903153  14.598182  0.0  0.0  0.0  1.0;ok
7680147070309;2.736069377392603;2.3829548062845336;0.9736943  -0.14189887  -0.17828146  -7.8840714  0.19738427  0.91616654  0.3488239  10.290603  0.11383777  -0.37483776  0.9200747  4.7536807  0.0  0.0  0.0  1.0;ok
7680147070340;2.3351527093448046;1.4237471394568855;-0.95398134  0.22266683  -0.2008465  -4.6102753  -0.054609127  -0.7875914  -0.61377317  45.314827  -0.29485187  -0.57456017  0.7635072  22.661543  0.0  0.0  0.0  1.0;ok
7680147070371;1.9761129537816073;0.07677277537890592;-0.6049965  -0.61213124  0.5091901  -80.86196  0.28014877  -0.76226026  -0.5835038  -0.8583493  0.74531615  -0.21036875  0.63265234  27.56295  0.0  0.0  0.0  1.0;ok
7680147070402;2.5156439925393443;0.04721979888110763;-0.69382507  0.52704054  -0.49074924  -54.39586  -0.4449504  -0.8495606  -0.28331202  16.7843  -0.5662383  0.021790072  0.8239535  -2.9571695  0.0  0.0  0.0  1.0;ok
7680147070433;2.0292535514080763;1.7371560498875442;-0.042817645  0.06884787  0.9967079  -21.613697  0.9834478  0.17870574  0.02990371  4.5201235  -0.17605853  0.9814908  -0.07536007  2.342916  0.0  0.0  0.0  1.0;ok
7680147070464;2.6974591817686635;0.026782316866091664;0.06625126  -0.8497233  -0.5230498  -49.087223  -0.6024512  0.38380396  -0.6998193  -37.045162  0.7954013  0.36147597  -0.4864893  15.625752  0.0  0.0  0.0  1.0;ok
7680147070495;2.0767324794575814;2.6954279185125074;0.8570726  0.48768133  -0.16611212  -24.405003  0.4453734  -0.86342436  -0.23694006  48.488594  -0.25897652  0.12909289  -0.95721793  -32.981606  0.0  0.0  0.0  1.0;ok
7680147070526;2.165498316625588;1.838559845655996;0.17184013  -0.9563051  -0.2365403  -10.053125  -0.5295129  -0.2921399  0.79641104  -3.472639  -0.83071494  -0.011604264  -0.55657715  -34.42585  0.0  0.0  0.0  1.0;ok
7680147070557;2.569132398262885;2.1670645419718695;0.63844633  -0.63382906  -0.43663242  -6.907387  -0.66502243  -0.7398764  0.10162774  25.067257  -0.38746834  0.22548646  -0.8938815  -82.25862  0.0  0.0  0.0  1.0;ok
7680147070588;2.1845920228129234;0.12106660054590253;0.28927976  -0.7290683  -0.62030363  -62.339714  -0.37760666  0.50854903  -0.7738158  -34.44233  0.8796194  0.45808014  -0.12818822  90.65571  0.0  0.0  0.0  1.0;ok
7680147070619;3.005456781624792;0.08074143896561885;-0.56337273  -0.12161833  -0.81720257  4.978613  -0.575094  -0.6524295  0.49356133  18.614712  -0.59319293  0.7480274  0.29761904  13.268095  0.0  0.0  0.0  1.0;ok
7680147070650;2.044449236007782;0.0542797636458526;-0.50689137  0.8615166  0.029155158  -1.4748678  -0.85047716  -0.50533783  0.14602125  2.2255354  0.14053273  0.049221024  0.9888518  4.057749  0.0  0.0  0.0  1.0;ok
7680147070681;2.2197165937708365;0.035023791900471;-0.8251046  -0.5649795  -0.00094338506  -124.09462  0.5646066  -0.82461834  0.034989044  109.057175  -0.020546015  0.028337017  0.9993873  -10.041074  0.0  0.0  0.0  1.0;ok
7680147070712;1.8629832426482302;1.192693174417448;0.8256689  -0.20972851  -0.52372235  6.534481  -0.23870662  -0.97101116  0.012518391  64.36925  -0.51116556  0.11467998  -0.8517971  -35.544186  0.0  0.0  0.0  1.0;ok
7680147070743;1.883070551506097;0.020539997567656208;0.36041155  -0.932408  -0.02680932  -61.6224  0.8467391  0.3390844  -0.40994447  81.73729  0.39132607  0.12504826  0.91171634  30.828878  0.0  0.0  0.0  1.0;ok
7680147070774;2.568855753626793;0.3657828696660377;-0.840727  0.24083559  0.48494962  -159.79854  0.15811925  0.9657967  -0.20551232  17.172089  -0.51785743  -0.09609991  -0.8500522  -47.761246  0.0  0.0  0.0  1.0;ok
7680147070805;1.6365470984139772;0.03341344944348697;-0.19118817  0.9330038  -0.3048789  -132.13147  0.9261892  0.2743242  0.2586896  100.42696  0.32499394  -0.23291704  -0.9165854  14.658894  0.0  0.0  0.0  1.0;ok
7680147070836;2.615235975688857;0.08033893338415957;0.21021804  -0.9584314  -0.19291826  -0.47929382  0.8227475  0.2800227  -0.49464548  68.04608  0.52810526  -0.05473954  0.8474128  29.986706  0.0  0.0  0.0  1.0;ok
7680147070867;1.8466746805067036;0.14385815540848138;0.4063065  -0.4272837  -0.80767816  -50.251446  -0.9119758  -0.13477886  -0.3874725  -51.27208  0.05670277  0.8940154  -0.4444338  -11.146043  0.0  0.0  0.0  1.0;ok
7680147070898;1.5097491098075642;0.09751225203119837;0.7873761  0.31710276  -0.52866316  -25.141777  -0.6151723  0.34848416  -0.7071927  -53.673775  -0.04002189  0.8820455  0.46946105  -9.165581  0.0  0.0  0.0  1.0;ok
7680147070929;2.433640049161967;2.11933017023129;-0.81237876  -0.045782793  0.58133036  -129.18584  -0.2557028  0.9239252  -0.28456745  -28.422075  -0.52407724  -0.37982428  -0.76228374  -56.574883  0.0  0.0  0.0  1.0;ok
7680147070960;1.765147736361035;0.04615574954823519;0.31780908  0.029677186  -0.94769  -37.501305  0.8993051  0.3072487  0.31120473  50.83938  0.3004123  -0.9511662  0.070957765  24.532492  0.0  0.0  0.0  1.0;ok
7680147070991;2.906016838735679;0.09721702181721896;0.2154483  0.87703586  -0.42940703  -76.10164  -0.97616947  0.18172947  -0.11860715  -77.79237  -0.025986731  0.4447277  0.8952889  -22.92518  0.0  0.0  0.0  1.0;ok
7680147071022;1.7667554767767846;0.032918387574041294;-0.20769936  0.002922196  0.9781884  -70.37429  0.48766702  0.86717296  0.10095614  18.20236  -0.8479634  0.49799874  -0.18153624  -42.182423  0.0  0.0  0.0  1.0;ok
7680147071053;2.9837498272373564;2.5215567855193113;0.570204  0.78015345  -0.25734824  -22.341156  -0.62057614  0.6143257  0.48732907  -65.615906  0.5382869  -0.118172765  0.8344354  48.595127  0.0  0.0  0.0  1.0;ok
7680147071084;2.1083483821104996;2.107019618358186;-0.0044212798  0.8740989  -0.48572809  -108.966225  -0.99998724  -0.002661012  0.004313454  -61.160748  0.0024779737  0.485741  0.87409943  -2.775918  0.0  0.0  0.0  1.0;ok
7680147071115;2.8373515511197125;2.941363751711624;0.38869947  0.6102814  -0.6902678  -98.746895  -0.75548935  0.63994783  0.14036568  -65.91614  0.5273979  0.46692997  0.70980847  40.865738  0.0  0.0  0.0  1.0;ok
7680147071146;1.9781253720034577;1.5364611645099244;0.47378385  0.88044757  0.018450998  -46.92408  -0.87672275  0.46959814  0.10408993  -25.429169  0.08298114  -0.06549257  0.9943967  -2.9082136  0.0  0.0  0.0  1.0;ok
7680147071177;2.437555210114098;2.020870830019064;0.9176985  -0.16302043  0.36228967  -3.870432  0.012353331  -0.8997801  -0.43616822  -7.298357  0.3970855  0.4047464  -0.8237132  14.862966  0.0  0.0  0.0  1.0;ok
7680147071208;1.2317336167345898;3.0520563475044398;-0.62495804  -0.7005532  0.3444599  -52.35254  0.5868727  -0.7125817  -0.38445807  43.638657  0.51478904  -0.038116083  0.85646915  18.916817  0.0  0.0  0.0  1.0;ok
7680147071239;2.3400619895634023;3.181128641012362;-0.083896466  0.34414217  -0.93516177  -117.3323  0.58495224  -0.7427499  -0.3258119  131.35254  -0.8067169  -0.57435954  -0.13899279  -78.30615  0.0  0.0  0.0  1.0;ok
7680147071270;1.1281205370762641;1.0351275312590769;0.5753506  0.50674987  0.6420096  -26.946234  -0.13348702  0.8325957  -0.53755563  8.743076  -0.80694044  0.22358301  0.5466788  -44.93528  0.0  0.0  0.0  1.0;ok
7680147071301;2.0256155020203233;2.172649207420767;0.79634386  -0.5432887  0.26584566  -22.67974  -0.49525756  -0.8380122  -0.22903153  -17.706257  0.3472121  0.050725773  -0.93641376  33.9877  0.0  0.0  0.0  1.0;ok
7680147071332;1.7289247235497678;1.497111847093919;-0.84068835  -0.4801436  -0.2504098  32.43152  -0.41833937  0.2822199  0.8633329  26.02504  -0.34385318  0.8305503  -0.4381222  -34.091938  0.0  0.0  0.0  1.0;ok
7680147071363;2.2387198456306376;0.10001632270716188;0.8060062  -0.5448137  0.23137017  -15.624084  0.143235  -0.19974521  -0.9693223  18.640873  0.57431495  0.81442004  -0.08295951  35.21376  0.0  0.0  0.0  1.0;ok
7680147071394;2.1419672053012255;2.053992043539024;-0.8393266  -0.5274274  0.13172407  -198.75076  -0.45838594  0.8168929  0.3500976  -36.148975  -0.29225552  0.23346573  -0.9274053  -32.21096  0.0  0.0  0.0  1.0;ok
7680147071425;2.1745433209018246;0.15440654176980662;-0.87908447  0.4574642  0.1339294  -115.41073  -0.26285908  -0.699633  0.66439325  29.985107  0.3976376  0.5488532  0.7352853  -0.55030155  0.0  0.0  0.0  1.0;ok
7680147071456;2.619494095896927;0.0851550558925127;0.10797698  0.59602886  -0.79566956  -105.63992  -0.9898472  0.13886628  -0.030304708  -32.869324  0.09242913  0.79086375  0.60497206  -17.305738  0.0  0.0  0.0  1.0;ok
7680147071487;1.3726298494308677;0.08894942626251134;0.2467162  -0.7760692  -0.58038586  16.126526  0.57403016  0.599558  -0.5576911  12.276104  0.78078187  -0.19556762  0.5934078  14.712366  0.0  0.0  0.0  1.0;ok
7680147071518;2.7439526678364645;1.8981680683662991;-0.27068895  0.96209866  -0.033071116  -186.47572  0.89323235  0.23820627  -0.38130543  127.09931  -0.3589757  -0.13275534  -0.9238573  -39.466225  0.0  0.0  0.0  1.0;ok
7680147071549;1.67364910750856;0.059945848705795536;0.58853984  -0.7181553  -0.37131405  -24.88271  0.6718554  0.17898446  0.7187315  68.87128  -0.4497012  -0.6724713  0.58783585  -30.978413  0.0  0.0  0.0  1.0;ok
7680147071580;1.7811443676166177;2.0527416531037797;0.13616952  0.9367673  0.32237428  -27.675488  0.86000943  -0.27330476  0.43091512  58.91619  0.49177364  0.21856737  -0.8428444  0.057991505  0.0  0.0  0.0  1.0;ok
7680147071611;1.7382309026701819;0.04934607692402926;0.96269983  0.07550563  0.25982314  -10.578842  -0.21905287  -0.34617698  0.9122373  56.329536  0.15882386  -0.93512565  -0.316725  44.41961  0.0  0.0  0.0  1.0;ok
7680147071642;1.778246930429374;0.03096735097592375;0.49588263  0.32010028  0.80723983  -62.77946  0.2130008  0.8563504  -0.47041944  27.17875  -0.8418616  0.40521556  0.35646772  -102.540474  0.0  0.0  0.0  1.0;ok
7680147071673;2.7342188274092836;0.0920676684102559;-0.07255575  -0.0765741  -0.9944206  -8.473586  -0.22839361  -0.96927804  0.09130232  27.011005  -0.9708617  0.23374389  0.05283749  -25.721424  0.0  0.0  0.0  1.0;ok
7680147071704;2.147942095817393;2.7585646946827183;-0.85975486  -0.29267693  0.4185236  -87.11371  0.18179414  -0.9412082  -0.2847429  69.0431  0.47725537  -0.16872385  0.862415  38.15074  0.0  0.0  0.0  1.0;ok
7680147071735;1.2087316003660682;0.05503404672129704;0.13904364  0.17465466  0.9747628  -71.22351  -0.1213765  0.9799086  -0.15826325  -6.789322  -0.98281956  -0.09630777  0.15744922  -91.34947  0.0  0.0  0.0  1.0;ok
7680147071766;1.450577896738882;0.05356193439422931;-0.2745397  0.5547693  0.78540343  -9.047712  -0.28295428  0.73401606  -0.61737925  -4.058096  -0.9190018  -0.39172858  -0.044542298  -0.14832163  0.0  0.0  0.0  1.0;ok
7680147071797;2.0405045924443295;0.4064094989457996;0.3518892  -0.8081989  0.47221658  -5.0265656  0.8814016  0.4559322  0.12352029  71.88699  -0.3151278  0.3727469  0.87278533  -45.755745  0.0  0.0  0.0  1.0;ok
7680147071828;1.5132393575980196;0.03307922517979464;0.505356  -0.38957348  -0.769966  -29.432926  -0.6461123  0.4206174  -0.6368828  -28.306133  0.5719738  0.81933707  -0.039146435  18.33118  0.0  0.0  0.0  1.0;ok
7680147071859;1.5305334525762206;0.018820498931039036;0.4495771  0.8143412  0.36705473  -53.353577  -0.27891946  -0.2623945  0.92377114  15.215062  0.84857786  -0.51768476  0.10916907  54.54561  0.0  0.0  0.0  1.0;ok
7680147071890;1.9347510358318263;2.418292813776488;-0.42514807  -0.5699482  0.7031416  -28.301188  0.017821446  -0.7819664  -0.62306577  62.62464  0.9049485  -0.25236422  0.34260875  30.552135  0.0  0.0  0.0  1.0;ok
7680147071921;1.4865346845790273;0.019666421677881525;0.8632131  -0.5047105  0.011420904  5.2278366  -0.044624627  -0.09881705  -0.99410444  13.767165  0.50286365  0.8576144  -0.107822716  12.322363  0.0  0.0  0.0  1.0;ok
7680147071952;1.7257298901664195;1.7683001890025718;0.07852182  0.9011068  0.42642903  -34.982475  -0.13772218  -0.41384318  0.89987063  -8.509075  0.9873536  -0.12938814  0.09160635  25.769522  0.0  0.0  0.0  1.0;ok
7680147071983;2.63871539066838;0.021363309629733433;-0.8722832  -0.34636983  -0.34518117  -134.8952  -0.23486999  -0.32237744  0.91701084  31.46939  -0.42890355  0.8809658  0.19985256  -56.3561  0.0  0.0  0.0  1.0;ok
7680147072014;2.6207766253428986;2.514254015242317;0.1501532  -0.7390362  -0.6567191  12.978058  -0.64735484  -0.57554716  0.49967754  17.937346  -0.7472521  0.3501019  -0.5648387  -16.781483  0.0  0.0  0.0  1.0;ok
7680147072045;1.983153058353664;0.027905232495296202;-0.26684934  -0.90093714  -0.3422043  -61.810295  0.95988894  -0.21675932  -0.17784503  57.92108  0.086051196  -0.3759359  0.9226417  3.9647694  0.0  0.0  0.0  1.0;ok
7680147072076;1.5860390657286427;2.2181808710785553;-0.88850474  0.4163904  0.192816  -127.117065  -0.34370315  -0.8823073  0.32156107  31.190989  0.30401796  0.21943706  0.9270493  18.45573  0.0  0.0  0.0  1.0;ok
7680147072107;2.570528651267563;0.026168749132114085;-0.08993659  0.79283184  0.6027681  -137.72626  0.9460821  0.25711602  -0.19702809  140.33282  -0.3111914  0.5525479  -0.7732081  -71.534775  0.0  0.0  0.0  1.0;ok
7680147072138;2.1456999432801243;2.301042828845511;0.8700443  0.2907856  -0.39807868  -22.685425  -0.49136898  0.57663494  -0.6527238  -5.304145  0.039743364  0.7635021  0.6445812  -10.859587  0.0  0.0  0.0  1.0;ok
7680147072169;1.9872903489030758;0.1069556300879794;0.8530838  0.013525277  -0.52159834  5.033758  0.425308  0.5610728  0.7101482  -17.422466  0.30225968  -0.82765585  0.47288966  -9.6362295  0.0  0.0  0.0  1.0;ok
7680147072200;2.234196256227232;1.7632954383195527;-0.33462352  0.11468354  -0.93534726  -73.47038  0.0002913326  -0.9925543  -0.12180197  10.235237  -0.9423517  -0.041030318  0.33209872  -39.75231  0.0  0.0  0.0  1.0;ok
7680147072231;2.54916607983432;0.07210773148705629;-0.82087827  -0.5532918  -0.14151493  17.918064  0.46841908  -0.7940436  0.38739875  43.778206  -0.32671365  0.25171897  0.9109861  -8.465887  0.0  0.0  0.0  1.0;ok
7680147072262;2.7024255770101124;1.2310534473087715;0.13312283  0.49361497  -0.85943156  -7.7639036  0.99005723  -0.026477562  0.1381492  9.727461  0.045436792  -0.8692775  -0.49223194  14.297553  0.0  0.0  0.0  1.0;ok
7680147072293;1.7509464736250273;1.9906501582065665;0.45952457  0.28330794  0.8417683  -66.114624  -0.6880596  0.71285415  0.13569427  -68.952866  -0.56161463  -0.64154154  0.5225067  -43.162796  0.0  0.0  0.0  1.0;ok
7680147072324;1.7705428370019436;0.08269418559465991;0.3879828  0.83708894  0.38568226  -45.55769  -0.55088145  0.5461065  -0.63110816  -40.07253  -0.7389173  0.032394134  0.6730169  -55.307594  0.0  0.0  0.0  1.0;ok
7680147072355;1.8878521143715163;0.04191526142685344;0.29037568  0.08251751  0.95334816  -57.990677  -0.8278535  -0.47801787  0.29352698  -28.418888  0.47993845  -0.8744656  -0.0704924  44.506313  0.0  0.0  0.0  1.0;ok
7680147072386;2.5968768502956125;1.5480141494995017;0.28878674  0.8985742  -0.33040366  -115.26953  -0.8789637  0.3856398  0.2805441  -46.991074  0.3795064  0.20939538  0.90118164  31.40774  0.0  0.0  0.0  1.0;ok
7680147072417;2.011041100902142;0.0758323920550688;0.5098857  -0.6985556  -0.50203276  -32.042923  -0.016932577  -0.5916315  0.8060307  3.5010343  -0.8600756  -0.40248272  -0.31349272  -61.936783  0.0  0.0  0.0  1.0;ok
7680147072448;1.615948992126524;0.13453091220661062;-0.6646928  0.7394157  -0.10699573  -53.847004  0.38027817  0.21156545  -0.9003486  12.081121  -0.6430954  -0.63914347  -0.42180997  -18.159098  0.0  0.0  0.0  1.0;ok
7680147072479;1.3476654827851298;0.04025385507944017;0.7710358  0.62295705  -0.13201684  -24.949913  -0.5873294  0.61558676  -0.5254497  -7.8309326  -0.24606478  0.48267776  0.8405204  -30.266443  0.0  0.0  0.0  1.0;ok
7680147072510;2.091141564645084;1.981513613424266;-0.04102251  0.5703106  -0.82040423  -17.388664  -0.9643527  -0.23743308  -0.11683326  -8.60848  -0.26142225  0.786366  0.5597204  4.591311  0.0  0.0  0.0  1.0;ok
7680147072541;1.2565987087918986;0.06703310750148071;0.6577232  -0.30587554  -0.68836075  -38.26258  -0.06394489  0.88787097  -0.4556274  -7.1734867  0.7505407  0.34369397  0.564414  61.421127  0.0  0.0  0.0  1.0;ok
7680147072572;1.5139203212252008;1.887229946349691;-0.768238  0.08626096  0.6343256  -148.6406  0.31276825  -0.8139874  0.48948961  86.26874  0.55855715  0.5744417  0.5983566  18.839767  0.0  0.0  0.0  1.0;ok
7680147072603;1.7750483966104298;0.049464921189881085;0.6287029  -0.776659  -0.039163142  30.867188  0.7751175  0.6299213  -0.048909515  -1.1626854  0.06265569  0.00039345026  0.9980351  8.208176  0.0  0.0  0.0  1.0;ok
7680147072634;1.9722995480229892;0.041285785289522724;0.8111459  0.2667291  0.5204786  -19.383083  0.086063415  0.8258174  -0.5573323  15.329624  -0.5784768  0.49687183  0.6469026  -52.329803  0.0  0.0  0.0  1.0;ok
7680147072665;1.8521262423632514;1.3314310827279858;-0.35378873  -0.9050655  -0.23598784  17.503216  0.88947207  -0.24753045  -0.38414615  37.007637  0.28926313  -0.34581107  0.8926038  21.458235  0.0  0.0  0.0  1.0;ok
7680147072696;2.5657085464505043;0.060621939835691134;-0.02487093  0.9944824  0.10191199  -47.88893  -0.403608  -0.1032546  0.90908694  27.342335  0.9145939  -0.018522665  0.4039491  -5.5632586  0.0  0.0  0.0  1.0;ok
7680147072727;1.6750890293245098;0.06913885670864439;0.5988091  -0.79609114  0.08756052  -36.039467  0.7789337  0.55347514  -0.29483488  82.955055  0.18625283  0.24475354  0.951528  25.013296  0.0  0.0  0.0  1.0;ok
7680147072758;1.7346791894029783;0.07504606318352738;0.15749414  0.9875154  0.0029634088  -4.8869495  -0.9871183  0.15734406  0.028984394  -4.559393  0.028156236  -0.007490143  0.9995754  -3.5079775  0.0  0.0  0.0  1.0;ok
7680147072789;2.1406460105382124;0.3123435846384778;-0.35509926  -0.78328025  -0.51027083  -7.962757  0.32586664  0.40789217  -0.85289764  -6.562395  0.87619364  -0.4691435  0.11040255  6.351784  0.0  0.0  0.0  1.0;ok
7680147072820;2.1575108680310886;0.04668464796384681;-0.13298321  0.6390385  0.75759155  -123.7955  -0.9097096  0.22468224  -0.3492076  -80.159515  -0.39337462  -0.7356273  0.5514606  -43.998478  0.0  0.0  0.0  1.0;ok
7680147072851;1.0172982709039702;1.881251733271978;-0.3786072  -0.27517566  -0.88370514  -34.302235  -0.9240301  0.16720422  0.3438185  -27.901655  0.053148642  0.9467424  -0.31757534  4.786658  0.0  0.0  0.0  1.0;ok
7680147072882;1.8701823699054505;1.4347200925012151;0.19353282  0.79316384  -0.5774392  -102.16239  0.8964417  0.09620448  0.43259358  121.471054  0.3986699  -0.6013615  -0.6924063  52.34109  0.0  0.0  0.0  1.0;ok
7680147072913;2.29667260210363;0.0230198951987778;-0.47886994  0.82063097  -0.31184605  -39.03867  -0.84172803  -0.53009933  -0.10241459  39.82978  -0.24935393  0.21344623  0.9445969  0.77366924  0.0  0.0  0.0  1.0;ok
7680147072944;2.85357486393516;0.22116554551308748;-0.9002383  -0.021219324  -0.43488067  -30.864588  -0.43530425  0.06459464  0.89796346  -19.662249  0.009036854  0.997686  -0.067387626  2.681027  0.0  0.0  0.0  1.0;ok
7680147072975;2.4410331073164007;0.04266140609350267;0.66739196  0.4068853  0.6237243  1.427227  -0.67190564  -0.03217738  0.7399374  -39.39372  0.32113957  -0.9129124  0.25191352  12.45296  0.0  0.0  0.0  1.0;ok
7680147073006;2.297981366806365;0.027519983431356095;-0.42616165  0.84756774  -0.31625175  -24.282045  -0.6801014  -0.53068703  -0.5057998  42.76038  -0.59653026  -0.00046919286  0.8025905  11.906146  0.0  0.0  0.0  1.0;ok
7680147073037;1.78263423286683;0.01988445101617807;0.77093816  0.5176852  0.37102136  -0.15207386  -0.47120875  0.07167713  0.87910473  39.25766  0.4285056  -0.8525635  0.29919618  7.1354685  0.0  0.0  0.0  1.0;ok
7680147073068;2.8599143741735684;0.025015985833818748;-0.55332696  0.7991651  0.23487045  -150.69821  -0.4765806  -0.07248322  -0.8761377  -41.542652  -0.6831547  -0.59672546  0.42097336  -86.3638  0.0  0.0  0.0  1.0;ok
7680147073099;1.804677628027892;0.0671638876491495;-0.28441283  0.7885557  0.54524225  -76.74762  -0.6815079  0.23370615  -0.69348997  -30.253006  -0.6742822  -0.5688245  0.4709378  -34.087692  0.0  0.0  0.0  1.0;ok
