# geo_benchmark.py --weights=/home/docker/GeoTransformer_benchmark/weights/geotransformer-kitti.pth.tar --input_txt=/benchmark/point_clouds_registration_benchmark/dataset_voxelgrid_0.3//eth/stairs_global.txt --input_pcd_dir=/benchmark/point_clouds_registration_benchmark/dataset_voxelgrid_0.3//eth/stairs/ --output_dir=/benchmark/experiments/geotransformer/kitti
id;initial_error;final_error;transformation;status_code
5494384560030;1.6410543140992804;0.016705402304980556;-0.23028877  -0.9631838  0.1387232  9.236048  0.95084345  -0.192389  0.24265775  -9.513817  -0.20703517  0.1877854  0.96014214  2.4645817  0.0  0.0  0.0  1.0;ok
5494384560061;2.5548824342900995;0.04246018242114673;0.09943315  -0.200811  0.97457075  4.528566  -0.99053353  -0.11313349  0.077750176  3.9214075  0.09464347  -0.9730755  -0.21015906  -1.7970693  0.0  0.0  0.0  1.0;ok
5494384560092;2.060537196137049;0.012179820098872354;-0.9989819  -0.040513124  -0.019830948  18.317957  0.00956691  -0.6199523  0.784581  -1.3250744  -0.044080056  0.7835927  0.61970896  2.9651303  0.0  0.0  0.0  1.0;ok
5494384560123;3.429708008558971;0.06470714904900267;-0.56884104  0.80811226  -0.15288603  14.882328  0.7005234  0.5734644  0.42474237  1.4864223  0.43091443  0.13451084  -0.8923115  1.8050355  0.0  0.0  0.0  1.0;ok
5494384560154;2.742385789822358;4.116148492853892;-0.30242437  -0.7819362  0.545083  0.6241832  -0.42436197  -0.4016059  -0.81156003  -6.8575544  0.85349697  -0.47674784  -0.21036847  0.030246109  0.0  0.0  0.0  1.0;ok
5494384560185;2.7515169055029163;0.022894918523897856;0.68873996  0.72446996  0.027941108  -3.014698  -0.7218  0.68880427  -0.067479104  5.2895737  -0.06813253  0.02630768  0.99732935  8.478771  0.0  0.0  0.0  1.0;ok
5494384560216;3.0496586866852224;0.04036987188704737;-0.457692  0.823356  0.33556342  7.2289577  -0.8506725  -0.29574734  -0.43461442  2.053176  -0.2586003  -0.48437396  0.8357675  6.7055564  0.0  0.0  0.0  1.0;ok
5494384560247;3.036509407746218;0.08444474088566982;0.76200855  0.62872636  0.15506878  2.1011407  -0.4897242  0.4028282  0.7732397  6.946017  0.42368993  -0.6651561  0.614861  4.4662046  0.0  0.0  0.0  1.0;ok
5494384560278;2.5375062131257256;0.037298275919866855;0.11124363  0.63580734  -0.7637894  5.621388  -0.7575426  0.5517057  0.34892708  -3.5995402  0.64323735  0.5397871  0.54302454  0.4147277  0.0  0.0  0.0  1.0;ok
5494384560309;3.5140214411234583;0.02983156065935511;-0.5466453  -0.8344686  0.069581784  -1.8490982  -0.30669108  0.12219846  -0.9439322  4.584327  0.77917886  -0.5373363  -0.32272327  -0.92439723  0.0  0.0  0.0  1.0;ok
5494384560340;4.542253392693377;0.018267545909902937;-0.86768615  0.20010123  0.45506108  9.861224  -0.33092016  0.4506068  -0.8291233  8.740547  -0.37096208  -0.8700075  -0.32476738  -2.1508489  0.0  0.0  0.0  1.0;ok
5494384560371;2.306293166280167;0.08343402732854382;-0.7269697  0.00576986  0.68664503  11.40695  -0.22180389  -0.948334  -0.2268611  -1.1396426  0.6498599  -0.31722197  0.6906898  -0.6922722  0.0  0.0  0.0  1.0;ok
5494384560402;1.0740950451596751;0.029256178852896823;0.6043995  -0.7948408  0.05412355  0.63685465  0.7827129  0.57976466  -0.22634816  -1.9066864  0.14853194  0.1791681  0.97254163  1.0215681  0.0  0.0  0.0  1.0;ok
5494384560433;2.1932973508339715;0.00961036137649638;0.15097211  0.9071638  -0.39276132  9.2039385  -0.9613865  0.2272197  0.15526679  9.239748  0.23009561  0.35415426  0.9064385  4.8976827  0.0  0.0  0.0  1.0;ok
5494384560464;4.43255539032279;0.02789249519174168;-0.84662807  -0.33677566  0.4120715  1.5866785  0.418997  -0.8992088  0.12595654  3.2564554  0.3281191  0.27929527  0.9024034  -4.9281583  0.0  0.0  0.0  1.0;ok
5494384560495;1.9232706379498017;0.03500431970522787;0.6652788  0.7368712  0.12010328  4.185217  -0.7193133  0.67571026  -0.16125801  -0.24862558  -0.19998142  0.02088955  0.97957695  -0.7040365  0.0  0.0  0.0  1.0;ok
5494384560526;2.0863026299798175;0.015307696158121038;0.6702278  -0.014580654  -0.7420121  -0.4730053  -0.61039275  0.5578844  -0.56230426  11.345247  0.42215577  0.8297906  0.36500973  -3.8848329  0.0  0.0  0.0  1.0;ok
5494384560557;3.1027816838492353;0.018947469564178678;-0.94428825  -0.1314381  0.30173495  7.2472486  -0.15927371  -0.6197881  -0.76843643  -3.109766  0.28801358  -0.77368426  0.5643238  3.4362712  0.0  0.0  0.0  1.0;ok
5494384560588;1.4730341446685884;0.017397309430470388;0.3623098  0.75287884  -0.5494589  9.513701  -0.68091446  0.61635596  0.39555168  2.3476977  0.6364646  0.23082209  0.73595786  -7.441968  0.0  0.0  0.0  1.0;ok
5494384560619;1.9117315008615396;0.07745430578124513;-0.020066142  -0.8652168  -0.5009967  4.912364  -0.59970295  -0.39052838  0.6984583  -0.8670399  -0.79997104  0.3144644  -0.5110365  4.292698  0.0  0.0  0.0  1.0;ok
5494384560650;1.519987547734842;0.020386757184061702;-0.09684907  0.97208124  0.2137247  10.723918  -0.99528146  -0.09587034  -0.014964413  10.158354  0.0059432313  -0.21416545  0.97677916  -2.1909833  0.0  0.0  0.0  1.0;ok
5494384560681;2.9261915425028397;0.0056067691470451965;0.76666063  0.28029233  0.57764006  1.8760357  -0.266275  -0.679854  0.68329835  -2.7765057  0.584234  -0.67766887  -0.44658238  -10.277928  0.0  0.0  0.0  1.0;ok
5494384560712;1.750378703514887;0.03026567037134792;-0.0792522  0.9853848  0.15078385  3.6983855  -0.74374574  -0.1591641  0.64923716  -2.8139954  0.66374785  -0.060691554  0.74549013  -1.4356034  0.0  0.0  0.0  1.0;ok
5494384560743;1.1635775770461043;0.02070021955323382;0.5048721  0.8625993  0.03204374  3.1517196  -0.85753804  0.50546056  -0.095590934  11.296839  -0.09865354  0.020782456  0.99490476  -1.6124792  0.0  0.0  0.0  1.0;ok
5494384560774;2.030978787839383;0.03333224021958141;0.11472897  0.16891174  -0.97893107  8.551512  0.85006195  -0.5266099  0.008760668  -4.0437317  -0.5140351  -0.83315706  -0.20400283  3.5606778  0.0  0.0  0.0  1.0;ok
5494384560805;1.503725070710944;0.004325285845853444;0.62190485  -0.6464197  -0.44201303  3.5865746  0.6904434  0.71895105  -0.07998413  -8.015477  0.369489  -0.25544244  0.8934355  -1.0945497  0.0  0.0  0.0  1.0;ok
5494384560836;2.326287338837109;0.023821655905897514;-0.9353527  0.35097456  -0.0439599  16.039757  -0.33239222  -0.9146477  -0.23007718  2.7583199  -0.12095902  -0.2005913  0.972179  3.5668669  0.0  0.0  0.0  1.0;ok
5494384560867;3.2372739811531854;0.02209880294857334;-0.0427744  0.28849727  0.9565249  1.9004714  -0.6553739  -0.7307327  0.19108878  0.36616737  0.75409263  -0.61870754  0.22033018  5.7074375  0.0  0.0  0.0  1.0;ok
5494384560898;2.0838380982861513;0.01777486140544905;0.6712491  0.50693315  -0.5407806  6.758567  -0.7241932  0.6040479  -0.33267128  8.446261  0.15801524  0.6149349  0.77258396  -5.1986628  0.0  0.0  0.0  1.0;ok
5494384560929;1.8767687512966695;0.010324022862523761;0.07081557  -0.9666326  0.24618486  8.10959  0.99273056  0.04421722  -0.111944415  -8.417786  0.09732349  0.25232255  0.9627364  -6.287556  0.0  0.0  0.0  1.0;ok
5494384560960;3.112482770277265;0.04629630016931641;-0.94535816  0.28438103  -0.15945357  14.699331  -0.32603103  -0.82260436  0.46586  5.970452  0.0013144612  0.49239135  0.8703729  1.2585187  0.0  0.0  0.0  1.0;ok
5494384560991;3.0672950366660383;0.014243384622079197;-0.47105438  -0.8400659  0.26906773  9.730154  -0.6515684  0.12574722  -0.74809545  11.2624445  0.59461457  -0.5277095  -0.6065939  -5.8373156  0.0  0.0  0.0  1.0;ok
5494384561022;1.6229333593923616;0.017979443144211744;0.24099006  -0.30420026  0.92162144  3.5301561  0.8568481  -0.37926832  -0.34923828  -7.1456833  0.4557801  0.8738524  0.16925341  2.2601655  0.0  0.0  0.0  1.0;ok
5494384561053;2.7332546398164173;0.6834824488176398;-0.21999754  -0.7328784  0.6438091  -0.0153923035  -0.17734796  0.6790283  0.7123681  -3.7264867  -0.9592438  0.042541146  -0.27935916  7.606758  0.0  0.0  0.0  1.0;ok
5494384561084;2.5257997411374458;0.025077933511928607;-0.60037965  -0.45864823  -0.655123  17.222445  0.6965332  -0.70239097  -0.14658922  -2.7120857  -0.39291954  -0.54432404  0.741165  0.30257344  0.0  0.0  0.0  1.0;ok
5494384561115;1.6886485923020382;0.010713513593576637;0.38637108  -0.8183634  -0.42543963  11.458193  -0.19938903  -0.52446085  0.8277587  1.0489712  -0.90053374  -0.23499414  -0.36580935  15.5416355  0.0  0.0  0.0  1.0;ok
5494384561146;2.674498283359385;0.010858485462231348;-0.78845334  0.6085633  -0.08940037  17.02464  0.4600723  0.487007  -0.74240017  -4.2578835  -0.40825874  -0.62647814  -0.66396517  4.130715  0.0  0.0  0.0  1.0;ok
5494384561177;2.9399076098895365;0.40681613882849715;0.6645814  -0.69198656  -0.2819335  -0.6196053  0.74445754  0.6455786  0.17032687  -4.8545804  0.06414617  -0.3230836  0.94419396  5.723858  0.0  0.0  0.0  1.0;ok
5494384561208;2.198835921062316;0.04245297913837141;-0.2778968  -0.9580308  -0.07035882  2.5774317  0.76895654  -0.2657539  0.5814468  -1.2198658  -0.57574236  0.107479215  0.8105361  -1.5674899  0.0  0.0  0.0  1.0;ok
5494384561239;2.4735393908545693;0.011363474726422362;-0.47154695  0.8171884  -0.33143088  13.093539  0.7383043  0.5713773  0.35837838  -10.527355  0.48223445  -0.075704485  -0.87276477  -4.142953  0.0  0.0  0.0  1.0;ok
5494384561270;2.763123161578055;0.5733928731523079;0.39133817  0.9045997  -0.1689794  4.837019  -0.5717782  0.38289437  0.72557735  0.4550352  0.72105825  -0.18732746  0.6670717  -11.312533  0.0  0.0  0.0  1.0;ok
5494384561301;2.6823540715081338;0.020283743089367968;-0.18426898  0.61658627  0.76541907  4.843962  -0.22051847  -0.78483653  0.5791399  2.959494  0.95781875  -0.06207165  0.2805897  -3.1136644  0.0  0.0  0.0  1.0;ok
5494384561332;3.9727573708873134;0.1314334285625237;-0.88087744  0.44448587  -0.16274898  6.157036  -0.44696045  -0.89425445  -0.023140639  2.7456899  -0.1558247  0.05235818  0.9863962  -4.926659  0.0  0.0  0.0  1.0;ok
5494384561363;1.980677476250651;0.04008655949452543;-0.44719774  -0.8727251  -0.19586997  3.966783  0.64555514  -0.16335538  -0.74603844  -1.7497483  0.6190901  -0.46007165  0.63644433  -4.7816763  0.0  0.0  0.0  1.0;ok
5494384561394;1.6993319544802143;0.024337839902035266;0.13012153  0.99077314  -0.037903056  1.4734943  -0.17923674  -0.014092834  -0.98370475  2.7485693  -0.9751626  0.1347946  0.17574939  1.2762631  0.0  0.0  0.0  1.0;ok
5494384561425;1.7840957891586477;0.013772022086622145;0.52726907  -0.60219926  -0.5994525  4.0266566  -0.34757537  0.49090466  -0.7988762  2.7698383  0.77535695  0.6295779  0.049529266  -3.2443163  0.0  0.0  0.0  1.0;ok
5494384561456;2.194867684137088;0.05005692709359329;0.006362945  -0.99038285  -0.13820699  1.2742462  0.994683  -0.007938266  0.10268009  -3.4286945  -0.10278973  -0.13812548  0.98506653  3.7938027  0.0  0.0  0.0  1.0;ok
5494384561487;1.6357157656046544;0.02980779021964839;0.39516938  -0.91660655  0.06060894  1.8679509  0.89052016  0.39844254  0.21958506  -5.761129  -0.22542232  -0.032799896  0.9737089  -1.4314926  0.0  0.0  0.0  1.0;ok
5494384561518;2.625319689134975;0.786315557474963;0.32632884  0.73190314  -0.598187  1.2681353  0.3786465  -0.6810542  -0.6267312  -2.497266  -0.86610425  -0.021981105  -0.49938002  10.901187  0.0  0.0  0.0  1.0;ok
5494384561549;3.2451321352841678;0.028019540243870756;-0.9662169  -0.25722528  -0.016115092  5.4944224  0.24504739  -0.93624717  0.25177956  0.54392767  -0.07985178  0.23932482  0.96765035  -4.8381147  0.0  0.0  0.0  1.0;ok
5494384561580;2.2576613199010613;0.13386293188389092;-0.6045555  0.3603732  -0.71038294  12.722128  -0.6781653  0.234967  0.69633484  -1.717265  0.41785714  0.90273005  0.10234183  0.26448298  0.0  0.0  0.0  1.0;ok
5494384561611;1.9826582377439432;0.011745547306375519;-0.29572937  0.6408011  0.708462  11.8620825  -0.82065314  -0.55002207  0.15493226  3.3824954  0.4889504  -0.5355835  0.68853307  -4.466791  0.0  0.0  0.0  1.0;ok
5494384561642;2.1547975230856533;0.03314687584886134;-0.42977232  0.13821402  0.8922963  4.390119  0.52933013  0.8391622  0.12496689  -4.83736  -0.73150903  0.52602655  -0.43380955  9.077022  0.0  0.0  0.0  1.0;ok
5494384561673;1.426762251435443;0.010522849318978131;0.29507682  0.31021684  -0.90371203  3.1450996  -0.95489967  0.06296413  -0.29017675  0.6667104  -0.03311626  0.9485784  0.3148051  -0.019302368  0.0  0.0  0.0  1.0;ok
5494384561704;2.7261076409814233;0.050958181951243055;-0.29524386  0.9207156  0.25517416  7.4365273  0.9540467  0.29843295  0.027058423  -1.6787295  -0.05123946  0.25143707  -0.96651626  1.6444018  0.0  0.0  0.0  1.0;ok
5494384561735;2.420727396842855;0.015336942863801344;-0.024643611  0.1815221  -0.9830782  9.546232  0.99949557  0.024185255  -0.020589385  -9.835421  0.020038575  -0.9830894  -0.18202654  -0.48616934  0.0  0.0  0.0  1.0;ok
5494384561766;1.833814519770341;0.014254613886110965;-0.052708745  -0.8579355  0.5110465  14.68301  0.50679076  0.41797698  0.7539618  -2.8186421  -0.8604562  0.29873404  0.41276273  10.747153  0.0  0.0  0.0  1.0;ok
5494384561797;1.6004799693280343;0.005622479505939968;0.29357865  -0.8014849  0.520993  4.7336493  -0.606146  -0.5775123  -0.54687065  9.678291  0.7391882  -0.15524797  -0.655362  -0.51327133  0.0  0.0  0.0  1.0;ok
5494384561828;2.0773558920448654;0.07536005897059088;-0.44844756  0.23004478  0.86369795  4.522801  -0.6909237  -0.70224196  -0.17169896  0.8121662  0.5670267  -0.6737474  0.4738621  -0.17222452  0.0  0.0  0.0  1.0;ok
5494384561859;2.117332504067403;0.014323191303976399;-0.28713995  -0.22963296  0.9299571  -1.9763005  0.081440024  -0.97317755  -0.21515939  -4.2274365  0.95442045  0.013954833  0.29813954  4.0921936  0.0  0.0  0.0  1.0;ok
5494384561890;2.003519746680794;0.026254710746404668;-0.70332134  0.4145841  0.57745945  4.935556  -0.699356  -0.2579094  -0.6666214  5.6600056  -0.1274384  -0.87269884  0.471335  0.1370213  0.0  0.0  0.0  1.0;ok
5494384561921;2.7091878445582784;0.05343261995953475;-0.17128423  0.41991758  0.89125234  -0.111044884  -0.34273806  -0.87351453  0.34569165  3.266024  0.92368394  -0.24625474  0.293541  -3.1116877  0.0  0.0  0.0  1.0;ok
5494384561952;4.051611647270154;0.04153342952159998;-0.13642853  0.78198534  0.6081829  6.142191  -0.09600949  -0.6214702  0.7775329  5.0641613  0.98598677  0.04768613  0.15986404  -3.837717  0.0  0.0  0.0  1.0;ok
5494384561983;1.1887410304052954;0.02535391357548368;0.56727916  0.77698565  0.2729241  2.2519617  -0.75178134  0.6238824  -0.21353145  2.2729251  -0.3361835  -0.08404729  0.93803877  -0.11262226  0.0  0.0  0.0  1.0;ok
5494384562014;1.6231690213921197;0.06162889446307277;-0.2675428  -0.9546417  0.13069011  3.9272923  0.9516999  -0.2830147  -0.1190387  -4.4847565  0.1506266  0.09252978  0.98425096  1.3216287  0.0  0.0  0.0  1.0;ok
5494384562045;2.428396415155411;0.034983437861590055;-0.7022076  0.4604317  -0.5430536  7.000149  -0.644323  -0.08645965  0.7598504  0.34577042  0.30290717  0.8834747  0.35737932  -2.7487128  0.0  0.0  0.0  1.0;ok
5494384562076;4.186600146876217;0.04283170027163541;-0.8626912  0.064995855  -0.5015372  14.053999  -0.48564184  0.17026746  0.8574152  6.6697626  0.14112394  0.98325175  -0.11532375  4.479921  0.0  0.0  0.0  1.0;ok
5494384562107;2.9826782846167306;0.015720020267463747;-0.10743858  0.99096173  0.08032334  11.383904  -0.99293244  -0.10285197  -0.05922094  2.9047382  -0.05042422  -0.08611836  0.9950082  2.28713  0.0  0.0  0.0  1.0;ok
5494384562138;1.7568761272569637;0.023771683550508294;0.3263572  -0.002027586  0.9452444  0.2837777  0.43387693  -0.8881081  -0.15170631  -4.8177137  0.83978665  0.45963022  -0.28896078  -2.7828245  0.0  0.0  0.0  1.0;ok
5494384562169;3.272588442350543;0.7933031188988816;0.59872246  0.4923793  -0.631739  -1.3365567  0.50798076  -0.84323967  -0.1757915  -3.6848094  -0.6192634  -0.21566093  -0.7549857  1.463897  0.0  0.0  0.0  1.0;ok
5494384562200;3.3770838283035216;0.018594481700312672;0.072804295  -0.9973344  -0.0048579536  2.6629434  0.9973368  0.07282382  -0.0039666593  -0.23234496  0.004309833  -0.004556258  0.99998015  -6.166298  0.0  0.0  0.0  1.0;ok
5494384562231;3.419379817364297;0.020537525558500785;-0.21236621  -0.9067054  0.36439815  0.37310672  0.9701919  -0.24018702  -0.032225586  -5.7642  0.11674282  0.34669238  0.9306855  6.5201616  0.0  0.0  0.0  1.0;ok
5494384562262;4.631523789573274;0.029104922388592754;-0.5475484  -0.6711978  0.499684  5.5933414  0.15495518  -0.6681595  -0.72770315  -5.152919  0.82230127  -0.32102394  0.46985525  5.693591  0.0  0.0  0.0  1.0;ok
5494384562293;2.519426158845243;0.04407365918340775;0.3513763  0.81373227  -0.46300548  0.27789545  -0.30034626  -0.3704286  -0.8789623  2.4623733  -0.88675046  0.4479087  0.114241645  3.1910267  0.0  0.0  0.0  1.0;ok
5494384562324;3.1522481191365914;0.015253894705993993;0.9984186  0.017618665  0.053382535  3.5966024  -0.049930878  0.714222  0.6981361  3.238955  -0.025826897  -0.6996977  0.7139725  -4.0036726  0.0  0.0  0.0  1.0;ok
5494384562355;2.010735280449874;0.03703766375414184;0.022470195  -0.7528716  -0.657784  2.963678  0.70080525  0.4810977  -0.5267042  -4.97864  0.7129991  -0.4491431  0.5384265  -2.1453362  0.0  0.0  0.0  1.0;ok
5494384562386;4.462535003048362;0.02893425037237885;0.9297838  -0.15486653  -0.33394372  1.6422479  0.24186584  -0.42686114  0.8713726  6.013975  -0.27749392  -0.89095765  -0.35943162  2.0433533  0.0  0.0  0.0  1.0;ok
5494384562417;2.4327401866059257;0.023468886834967742;0.22670273  -0.96525  0.1299941  6.7050037  0.9696386  0.23624161  0.06317538  -4.4194756  -0.091689825  0.111725196  0.98950016  0.06178546  0.0  0.0  0.0  1.0;ok
5494384562448;3.3114401261751376;0.02474222307146476;-0.24283901  -0.27787942  -0.9294152  6.31103  0.68082356  0.63367087  -0.3673434  -8.097103  0.6910203  -0.72197276  0.03530681  0.2938943  0.0  0.0  0.0  1.0;ok
5494384562479;2.383265664919807;0.02010920298274601;0.5439529  -0.7239311  -0.4243103  6.473531  0.83769286  0.43905473  0.32480976  -3.3953943  -0.04884442  -0.53212297  0.8452569  4.035164  0.0  0.0  0.0  1.0;ok
5494384562510;4.029692353466596;0.019917656261949017;-0.04906785  0.9068429  -0.41860285  1.2271781  -0.9970444  -0.069278196  -0.033208966  6.3610783  -0.05911529  0.4157362  0.907562  7.5230193  0.0  0.0  0.0  1.0;ok
5494384562541;1.4973812200220666;0.03905722827028064;0.8901789  -0.0627558  0.4512688  -3.6722636  0.4034797  0.56864613  -0.7168305  0.35123873  -0.21162689  0.8201851  0.5315173  1.3454547  0.0  0.0  0.0  1.0;ok
5494384562572;4.3469803090138734;0.03619896092502879;-0.4333879  0.8850781  -0.16974026  5.3786774  -0.78635126  -0.46339738  -0.4085517  -1.6063824  -0.4402574  -0.043585926  0.8968131  10.04059  0.0  0.0  0.0  1.0;ok
5494384562603;3.85521304354835;0.06407026866715237;-0.4193014  0.27022332  -0.86669815  13.939829  0.3708887  0.922359  0.108144656  3.723537  0.82863027  -0.27610314  -0.48696908  -4.4075427  0.0  0.0  0.0  1.0;ok
5494384562634;4.190278437592105;4.005659149766508;0.9515378  -0.029048026  0.30615628  -1.2774707  0.3074463  0.1132604  -0.94480103  -14.529861  -0.00723074  0.9931406  0.11670227  5.729453  0.0  0.0  0.0  1.0;ok
5494384562665;4.24438743315844;0.08362018317557587;-0.4672547  0.032487035  0.88352555  5.7384696  -0.88348126  -0.05520845  -0.4652016  -1.7644482  0.03366503  -0.99794614  0.054498076  -3.1638954  0.0  0.0  0.0  1.0;ok
5494384562696;2.8091531573851523;0.033060278371356125;0.36917472  0.92625225  -0.07594005  2.2516818  -0.9157821  0.3486479  -0.19946866  7.182333  -0.15828189  0.14318329  0.97695726  7.325143  0.0  0.0  0.0  1.0;ok
5494384562727;2.736741661115335;0.05364270022645722;0.3357263  -0.93935287  -0.07002623  2.744651  -0.033830762  -0.086317405  0.99569315  2.2077305  -0.94135165  -0.33191156  -0.060757786  7.626921  0.0  0.0  0.0  1.0;ok
5494384562758;3.1479282171570597;0.013022491024508386;-0.973739  -0.031014506  0.22554465  4.8798885  -0.14857006  0.83722365  -0.5262922  -3.6101565  -0.1725086  -0.5459805  -0.8198452  5.3357987  0.0  0.0  0.0  1.0;ok
5494384562789;1.7229854077096436;0.035458142665037135;-0.2169131  0.33774567  -0.91590214  1.6250352  -0.8875976  0.3223142  0.32906586  -3.1019707  0.40634876  0.88433105  0.22986802  0.45731497  0.0  0.0  0.0  1.0;ok
5494384562820;4.176161860751265;0.03870600209370986;0.1887745  -0.26665995  0.9451228  6.2809134  0.57108086  -0.7531436  -0.32655936  -9.147053  0.79889333  0.6013876  0.010110289  3.3271005  0.0  0.0  0.0  1.0;ok
5494384562851;4.207371224911934;0.019288192122316184;-0.063517384  0.9436772  -0.32471296  4.528508  -0.08574867  0.31900617  0.94386554  3.377941  0.99428993  0.087795585  0.06065634  -8.272558  0.0  0.0  0.0  1.0;ok
5494384562882;3.6098997386676173;0.023603741647969384;-0.9318262  0.2592919  0.25390545  12.563373  -0.28566012  -0.09255004  -0.9538517  0.84997565  -0.22382703  -0.96135455  0.16030982  5.875353  0.0  0.0  0.0  1.0;ok
5494384562913;1.802696874398226;2.19657371028454;-0.9080188  -0.16019316  0.38709182  14.313881  0.19457105  0.65703374  0.72831917  -1.8372447  -0.3710041  0.7366444  -0.56542987  4.108315  0.0  0.0  0.0  1.0;ok
5494384562944;1.5649618128292364;0.007531966726237243;-0.5404098  -0.47039062  0.6976315  3.9857075  0.3072353  0.66156065  0.6840644  -0.80992246  -0.783303  0.58401215  -0.21299335  2.217992  0.0  0.0  0.0  1.0;ok
5494384562975;3.629624103094277;2.542137034235677;-0.9887228  0.13322482  0.06839672  13.408466  -0.12654498  -0.98748314  0.09414634  12.979957  0.08008319  0.08442925  0.993206  -2.1597219  0.0  0.0  0.0  1.0;ok
5494384563006;1.0141877722545851;2.9956623434213916;-0.5192884  -0.80846834  -0.27698046  5.104978  0.8438468  -0.5363273  -0.016594306  -7.309222  -0.13513601  -0.24234644  0.9607321  0.9441602  0.0  0.0  0.0  1.0;ok
5494384563037;3.0444230696723227;0.051403087195194916;-0.58336306  -0.8112374  -0.03977111  1.1478963  0.8108795  -0.57890403  -0.085700005  -3.658773  0.046499282  -0.08224375  0.9955269  4.3097477  0.0  0.0  0.0  1.0;ok
5494384563068;2.0713374626548613;0.012567408066474047;0.5868961  -0.43539006  -0.6826339  5.8484077  0.7703619  0.5597643  0.30529764  -6.7967615  0.24919054  -0.7050529  0.6639312  -0.7525718  0.0  0.0  0.0  1.0;ok
5494384563099;4.093667191719536;0.06346506668148771;0.50134504  -0.12344825  -0.8563959  9.121917  -0.2359204  -0.97177017  0.0019684285  6.050981  -0.832463  0.20105448  -0.51631606  4.935908  0.0  0.0  0.0  1.0;ok
