# registration_from_features.py TEASER TEASER_config.json euclidean True --input_txt=/neural_comparison/point_clouds_registration_benchmark//tum/pioneer_slam_global.txt --input_pcd_dir=/neural_comparison/point_clouds_registration_benchmark//tum/pioneer_slam/ --input_features_dir=/neural_comparison/experiments/3DFeatNet/feature_extraction_voxelgrid_0.1_npz//tum/pioneer_slam/ --output_dir=/root/neural_registration_comparison/results/3DFeatNet/TEASER_mutual_on/
id;initial_error;final_error;transformation
1807261650030;4.242065528890624;4.732593279768662;-0.7423689114144353  -0.6696157204003135  0.022431815756098233  7.56340526242887  -0.6695699601053179  0.7426733291643606  0.01060163536855993  6.030619848405233  -0.02375853299152275  -0.007149345473129939  -0.9996921621026129  6.42981113897909  0.0  0.0  0.0  1.0
1807261650061;7.372035540033227;1.4854585400369118;-0.752458371257336  -0.5320664955462466  -0.3882159757685074  -3.319615301899516  0.6370704237868366  -0.7375557418639898  -0.22394821450398217  -0.27983325852084673  -0.16717558033642133  -0.4158326249353179  0.8939438200348973  3.218109184688756  0.0  0.0  0.0  1.0
1807261650092;12.102589230009645;10.224214933556167;-0.752458371257336  -0.5320664955462466  -0.3882159757685074  -3.319615301899516  0.6370704237868366  -0.7375557418639898  -0.22394821450398217  -0.27983325852084673  -0.16717558033642133  -0.4158326249353179  0.8939438200348973  3.218109184688756  0.0  0.0  0.0  1.0
1807261650123;9.366919006451113;2.475391949752899;-0.17746978491198354  -0.9764549465471383  -0.12263854535552617  1.0331279250680259  -0.9841232956779298  0.1757805378531188  0.024546719049162842  -6.734377146727348  -0.002411295772939429  0.12504775038237748  -0.992147794321492  -7.27225563789317  0.0  0.0  0.0  1.0
1807261650154;4.484926530514292;7.678577233627358;0.9535654127100645  -0.07376128219261302  0.29201417248549133  4.491949649728543  0.004680850236667811  0.973059942917154  0.23050474427032297  0.23118786930910074  -0.3011496194985916  -0.21843447699336935  0.928221571574636  1.9402870709101385  0.0  0.0  0.0  1.0
1807261650185;4.785592360357215;3.148417480713297;0.12116137601110089  -0.8272374181399659  0.5486330057444779  -0.5692416951795767  0.9762370542040655  -0.0007359480973635913  -0.2167041125114316  2.513097429887895  0.17966951595099784  0.5618520378262606  0.807490651728187  -3.5495334789531974  0.0  0.0  0.0  1.0
1807261650216;5.7139193037879235;0.667213464778509;0.8079859553069176  0.47431896197043083  0.3495428705353065  -2.504790975053761  0.5702505943372851  -0.7787743628799472  -0.26139003687766466  -2.5311626699600733  0.14823277533913487  0.4105265083234293  -0.8997194175291716  -3.509662411385406  0.0  0.0  0.0  1.0
1807261650247;12.652214164961155;9.468357283093889;0.8079859553069176  0.47431896197043083  0.3495428705353065  -2.504790975053761  0.5702505943372851  -0.7787743628799472  -0.26139003687766466  -2.5311626699600733  0.14823277533913487  0.4105265083234293  -0.8997194175291716  -3.509662411385406  0.0  0.0  0.0  1.0
1807261650278;6.989420057286833;1.3616241095809227;0.5851255681842065  -0.7510409709438621  -0.3058848303214962  1.3695210138889669  -0.07542153833921869  -0.42596137892259767  0.9015922000665852  3.4210349378008753  -0.80742780544867  -0.5044743438769312  -0.30588555925097943  -9.670337619083437  0.0  0.0  0.0  1.0
1807261650309;8.352466281140485;9.589150744613399;0.20326302749945058  -0.8430098110354849  0.49801465856907623  1.424640617915813  -0.9128320750436753  0.020815292040871847  0.4078042746081889  9.717469690328922  -0.35414932503566277  -0.5374952856678553  -0.7652954158111854  7.099741171386057  0.0  0.0  0.0  1.0
1807261650340;10.036300996119001;3.0430017952817345;0.039206748471579636  0.8279654409302268  -0.5594068818842879  7.912675916790128  -0.9589507958063237  -0.12617355420639603  -0.2539559123969052  12.136899847426998  -0.28084907351939975  0.5464004601426878  0.7890312636766389  -11.253664076855737  0.0  0.0  0.0  1.0
1807261650371;3.1812712757927435;5.237013672829952;-0.9622660244587848  0.05762227995559871  0.26593941231980534  13.235936720416792  0.02278468735792913  0.990951736552739  -0.1322706083947299  5.8130068565389506  -0.27115485648294446  -0.12122016612688333  -0.9548720935967728  1.2450573554670912  0.0  0.0  0.0  1.0
1807261650402;12.640830633455;5.577164686693989;0.6869409358762764  -0.2506768351430943  -0.6821094303262989  0.3114044638020003  0.27189353889246726  -0.7817962964790777  0.5611314055728204  -5.529428084827146  -0.6739332712709445  -0.5709252798171058  -0.4688904677425249  7.388317951861935  0.0  0.0  0.0  1.0
1807261650433;17.72602606662104;32.3789043659073;0.6869409358762764  -0.2506768351430943  -0.6821094303262989  0.3114044638020003  0.27189353889246726  -0.7817962964790777  0.5611314055728204  -5.529428084827146  -0.6739332712709445  -0.5709252798171058  -0.4688904677425249  7.388317951861935  0.0  0.0  0.0  1.0
1807261650464;13.516242316124647;6.881388269337959;0.11979072238050231  -0.8446292498218385  -0.5217773597780524  0.37364987783465153  0.2672779601139671  -0.4787213684747902  0.8362944119166049  13.139761912301998  -0.9561446934794304  -0.2396399000813973  0.1684044043963937  -4.415131583882246  0.0  0.0  0.0  1.0
1807261650495;7.578236265964046;1.392831700921302;0.8204064878836499  -0.1804571218403534  0.5425572981865701  -7.338870233012784  -0.5628994664690774  -0.42149743869469347  0.7109740500346278  0.9237814919062027  0.100386180758324  -0.8886929370434478  -0.4473784509359477  -3.777134984076442  0.0  0.0  0.0  1.0
1807261650526;15.116037694080763;19.883716768841936;0.8204064878836499  -0.1804571218403534  0.5425572981865701  -7.338870233012784  -0.5628994664690774  -0.42149743869469347  0.7109740500346278  0.9237814919062027  0.100386180758324  -0.8886929370434478  -0.4473784509359477  -3.777134984076442  0.0  0.0  0.0  1.0
1807261650557;24.456095870239103;24.456095870239103;1.0  0.0  0.0  0.0  0.0  1.0  0.0  0.0  0.0  0.0  1.0  0.0  0.0  0.0  0.0  1.0
1807261650588;6.853314294203077;2.239671932059145;0.7423354266865163  0.010090776777297417  -0.6699524539175735  -1.9701766564011  -0.41104175208847177  -0.7827707310408307  -0.46724154424220776  -1.4339651825069486  -0.5291340022396853  0.6222283815849565  -0.5769307140584371  -4.248747918786323  0.0  0.0  0.0  1.0
1807261650619;35.588647047747834;35.588647047747834;1.0  0.0  0.0  0.0  0.0  1.0  0.0  0.0  0.0  0.0  1.0  0.0  0.0  0.0  0.0  1.0
1807261650650;3.7851067611784845;2.8316100619850317;-0.06610388411884303  -0.9966109235074423  -0.04895859117708658  2.4373907350486945  0.6605471585505255  -0.08048304070748052  0.7464582583703562  -2.4317614939052112  -0.747868790520924  0.01700433192220606  0.6636287552997158  -2.6895441611035578  0.0  0.0  0.0  1.0
1807261650681;15.599629407378206;23.91339560365331;-0.06610388411884303  -0.9966109235074423  -0.04895859117708658  2.4373907350486945  0.6605471585505255  -0.08048304070748052  0.7464582583703562  -2.4317614939052112  -0.747868790520924  0.01700433192220606  0.6636287552997158  -2.6895441611035578  0.0  0.0  0.0  1.0
1807261650712;15.285930710511307;17.399802459221483;-0.06610388411884303  -0.9966109235074423  -0.04895859117708658  2.4373907350486945  0.6605471585505255  -0.08048304070748052  0.7464582583703562  -2.4317614939052112  -0.747868790520924  0.01700433192220606  0.6636287552997158  -2.6895441611035578  0.0  0.0  0.0  1.0
1807261650743;12.892867624387561;9.239559663985483;0.09862108812763157  0.20466696639564189  0.97385076569407  -1.0008641522731774  -0.6024832379277268  0.791160184814669  -0.10525925128054417  4.251614859281012  -0.7920150434130929  -0.5763479806769722  0.2013334949205724  1.5438722528351734  0.0  0.0  0.0  1.0
1807261650774;8.730798497462562;0.43417125546273355;-0.27185605503188637  0.9623375746730154  0.0008232344491177074  1.0046315573159326  -0.9623342836448093  -0.2718525725036778  -0.0029841824616133605  0.383894598851165  -0.002647992509724445  -0.0016034948053729736  0.9999952084585594  5.500326967055049  0.0  0.0  0.0  1.0
1807261650805;27.065215252830498;16.507903712599248;-0.27185605503188637  0.9623375746730154  0.0008232344491177074  1.0046315573159326  -0.9623342836448093  -0.2718525725036778  -0.0029841824616133605  0.383894598851165  -0.002647992509724445  -0.0016034948053729736  0.9999952084585594  5.500326967055049  0.0  0.0  0.0  1.0
1807261650836;7.792680035821759;17.94990254591748;-0.27185605503188637  0.9623375746730154  0.0008232344491177074  1.0046315573159326  -0.9623342836448093  -0.2718525725036778  -0.0029841824616133605  0.383894598851165  -0.002647992509724445  -0.0016034948053729736  0.9999952084585594  5.500326967055049  0.0  0.0  0.0  1.0
1807261650867;39.325074377946905;39.325074377946905;1.0  0.0  0.0  0.0  0.0  1.0  0.0  0.0  0.0  0.0  1.0  0.0  0.0  0.0  0.0  1.0
1807261650898;3.285326842341318;8.686636585511925;-0.27185605503188637  0.9623375746730154  0.0008232344491177074  1.0046315573159326  -0.9623342836448093  -0.2718525725036778  -0.0029841824616133605  0.383894598851165  -0.002647992509724445  -0.0016034948053729736  0.9999952084585594  5.500326967055049  0.0  0.0  0.0  1.0
1807261650929;12.554732005914778;15.00624843049496;-0.27185605503188637  0.9623375746730154  0.0008232344491177074  1.0046315573159326  -0.9623342836448093  -0.2718525725036778  -0.0029841824616133605  0.383894598851165  -0.002647992509724445  -0.0016034948053729736  0.9999952084585594  5.500326967055049  0.0  0.0  0.0  1.0
1807261650960;16.500132258179224;1.1914237674646104;-0.6961978001068545  -0.21020754951643805  -0.6863828445209507  5.400305560376394  0.502871945815815  0.5395316307365137  -0.6752965463751566  14.705481173289511  0.5122776876243905  -0.815302646604985  -0.26991325495631896  5.260017034865733  0.0  0.0  0.0  1.0
1807261650991;6.090238403131256;39.698619703371534;-0.6961978001068545  -0.21020754951643805  -0.6863828445209507  5.400305560376394  0.502871945815815  0.5395316307365137  -0.6752965463751566  14.705481173289511  0.5122776876243905  -0.815302646604985  -0.26991325495631896  5.260017034865733  0.0  0.0  0.0  1.0
1807261651022;18.00713753417378;7.067410589039156;-0.042233990492909455  0.9800799547072098  -0.19406074417088656  5.983837668616065  0.2513353664628679  0.19840985943738884  0.9473457981344569  -8.111509959407286  0.9669781919009448  -0.008764134820338271  -0.2547083946964259  6.3443079867058545  0.0  0.0  0.0  1.0
1807261651053;17.655152207016677;17.655152207016677;1.0  0.0  0.0  0.0  0.0  1.0  0.0  0.0  0.0  0.0  1.0  0.0  0.0  0.0  0.0  1.0
1807261651084;7.048108031378534;14.29558853568735;-0.042233990492909455  0.9800799547072098  -0.19406074417088656  5.983837668616065  0.2513353664628679  0.19840985943738884  0.9473457981344569  -8.111509959407286  0.9669781919009448  -0.008764134820338271  -0.2547083946964259  6.3443079867058545  0.0  0.0  0.0  1.0
1807261651115;29.330989838652297;27.673294977933185;-0.042233990492909455  0.9800799547072098  -0.19406074417088656  5.983837668616065  0.2513353664628679  0.19840985943738884  0.9473457981344569  -8.111509959407286  0.9669781919009448  -0.008764134820338271  -0.2547083946964259  6.3443079867058545  0.0  0.0  0.0  1.0
1807261651146;12.978837113850958;3.899833552198286;0.19406722912012714  -0.959854627391781  0.20252655345959233  3.7480641439638203  0.9561646158227375  0.13893168941310025  -0.2577735694856601  -2.001684723493464  0.21928779726695385  0.24367412655308082  0.9447411190471178  9.183454021925389  0.0  0.0  0.0  1.0
1807261651177;4.659029665212119;2.753215221962099;-0.9169300325501436  -0.040997042348546286  -0.39693646585601716  -0.08537609696076205  -0.10842721080717738  -0.9316891947653256  0.34669696323174803  -0.5652369695935805  -0.38403496633011086  0.36093557164154905  0.84984860872959  -2.105062125065375  0.0  0.0  0.0  1.0
1807261651208;13.18942876420926;4.616962856506746;0.35661793025001115  -0.9273436421793295  -0.11339056898073174  -6.129485441173461  -0.9305798639569476  -0.36333888775442774  0.044788050228206776  3.662924332329845  -0.08273311684003679  0.08954675848377358  -0.9925404825109057  6.048247439052834  0.0  0.0  0.0  1.0
1807261651239;14.502722552119096;1.7096248748637366;0.8001684108315975  0.08913831716101611  0.5931145544672962  -7.958857661193224  0.5086888442978078  0.42304061121349895  -0.7498481852689061  -0.9034420037280779  -0.3177517490025786  0.9017155880197549  0.29316006605264405  -5.400786740367844  0.0  0.0  0.0  1.0
1807261651270;5.3367863312056185;10.113098963042166;0.6645652059173224  0.7334465462726555  -0.1428609493345899  -0.6840014142230036  -0.7068503714533763  0.679054627072457  0.19810947939891876  -9.920971720039264  0.2423131021226279  -0.03067535186757917  0.9697130417435403  6.614859371127066  0.0  0.0  0.0  1.0
1807261651301;18.499291020604566;14.196724053752591;0.28022819561945833  0.9315081710779154  -0.23187213199291495  -0.08215937519783884  -0.8834999681309998  0.1558237728862325  -0.44175418290721624  11.726221176403097  -0.37536644055160945  0.32865099880964477  0.8666536541716294  7.5838115569984526  0.0  0.0  0.0  1.0
1807261651332;12.390821196249583;28.853428147925438;0.28022819561945833  0.9315081710779154  -0.23187213199291495  -0.08215937519783884  -0.8834999681309998  0.1558237728862325  -0.44175418290721624  11.726221176403097  -0.37536644055160945  0.32865099880964477  0.8666536541716294  7.5838115569984526  0.0  0.0  0.0  1.0
1807261651363;14.174233102738592;32.456782766570264;0.28022819561945833  0.9315081710779154  -0.23187213199291495  -0.08215937519783884  -0.8834999681309998  0.1558237728862325  -0.44175418290721624  11.726221176403097  -0.37536644055160945  0.32865099880964477  0.8666536541716294  7.5838115569984526  0.0  0.0  0.0  1.0
1807261651394;15.37282925956283;2.887928846205016;0.793699857399506  0.5472242648757069  -0.26568052298812905  1.9150501494811276  -0.5050532220637374  0.8362390895818987  0.2136010953583198  2.0102656213465693  0.33906014104733834  -0.03535235475154325  0.9401002243199817  14.139126594467276  0.0  0.0  0.0  1.0
1807261651425;13.890754583273365;6.547694780549489;0.8807599595251621  0.3647718787638836  -0.30199895721724135  8.74853009417224  0.3140653058636845  -0.9272243712766514  -0.20400477681507403  0.8103934046231285  -0.3544359989476023  0.08483184410163766  -0.9312242913908176  12.71028971835911  0.0  0.0  0.0  1.0
1807261651456;9.3716141831985;1.8077238317535391;-0.85528966869209  0.5062048501487355  -0.11061750455724058  7.097615591833074  0.5104668472575518  0.8598099153471616  -0.012268142550604369  0.30407660715890467  0.08889983396784328  -0.0669593843804062  -0.9937873315573545  7.2753745867719495  0.0  0.0  0.0  1.0
1807261651487;17.785414458371655;7.715923012357649;-0.85528966869209  0.5062048501487355  -0.11061750455724058  7.097615591833074  0.5104668472575518  0.8598099153471616  -0.012268142550604369  0.30407660715890467  0.08889983396784328  -0.0669593843804062  -0.9937873315573545  7.2753745867719495  0.0  0.0  0.0  1.0
1807261651518;16.45702919953805;10.680869096680338;-0.85528966869209  0.5062048501487355  -0.11061750455724058  7.097615591833074  0.5104668472575518  0.8598099153471616  -0.012268142550604369  0.30407660715890467  0.08889983396784328  -0.0669593843804062  -0.9937873315573545  7.2753745867719495  0.0  0.0  0.0  1.0
1807261651549;5.869275751550298;5.172207554356641;0.9914494014387251  0.12870500080235114  -0.02151992461093919  2.794692760397634  0.12727831424171965  -0.9901664905470815  -0.05805645288391249  0.01709098123369801  -0.02878046404385704  0.05482101573432134  -0.9980813299141896  3.5997085834349005  0.0  0.0  0.0  1.0
1807261651580;10.82780923860347;20.56542155346297;0.9914494014387251  0.12870500080235114  -0.02151992461093919  2.794692760397634  0.12727831424171965  -0.9901664905470815  -0.05805645288391249  0.01709098123369801  -0.02878046404385704  0.05482101573432134  -0.9980813299141896  3.5997085834349005  0.0  0.0  0.0  1.0
1807261651611;22.621753926741967;1.7271534506539017;-0.7085235858237432  -0.13362108441494353  0.6929211601122016  -4.236265418145152  0.705592084454566  -0.11802486642082367  0.6987202167258417  5.113057606576995  -0.011581825699146555  0.9839794391683807  0.17790538105226983  -0.585902264756918  0.0  0.0  0.0  1.0
1807261651642;7.769711969705423;14.63383450881296;-0.7085235858237432  -0.13362108441494353  0.6929211601122016  -4.236265418145152  0.705592084454566  -0.11802486642082367  0.6987202167258417  5.113057606576995  -0.011581825699146555  0.9839794391683807  0.17790538105226983  -0.585902264756918  0.0  0.0  0.0  1.0
1807261651673;8.158437860854828;10.486090440563924;-0.7085235858237432  -0.13362108441494353  0.6929211601122016  -4.236265418145152  0.705592084454566  -0.11802486642082367  0.6987202167258417  5.113057606576995  -0.011581825699146555  0.9839794391683807  0.17790538105226983  -0.585902264756918  0.0  0.0  0.0  1.0
1807261651704;36.66570801263619;36.66570801263619;1.0  0.0  0.0  0.0  0.0  1.0  0.0  0.0  0.0  0.0  1.0  0.0  0.0  0.0  0.0  1.0
1807261651735;13.857565236918324;10.182722608423976;-0.3882977513463862  -0.3526780157759882  0.8513771628882534  19.81672246133003  0.4143415672458959  0.758402167688534  0.5031373745783023  -0.508199051628301  -0.8231317767839814  0.5481280591555626  -0.148356694539887  3.9879158257535225  0.0  0.0  0.0  1.0
1807261651766;22.45262214999514;65.65307678935751;-0.3882977513463862  -0.3526780157759882  0.8513771628882534  19.81672246133003  0.4143415672458959  0.758402167688534  0.5031373745783023  -0.508199051628301  -0.8231317767839814  0.5481280591555626  -0.148356694539887  3.9879158257535225  0.0  0.0  0.0  1.0
1807261651797;21.051230087920704;21.051230087920704;1.0  0.0  0.0  0.0  0.0  1.0  0.0  0.0  0.0  0.0  1.0  0.0  0.0  0.0  0.0  1.0
1807261651828;3.434283833819833;5.288232025841698;0.5797442667098938  0.5174668674497098  -0.6293843232149905  2.665772145923698  -0.15480800052201926  0.8283255477689515  0.538434090569719  -0.7654720366607726  0.7999569164594937  -0.21472034837213333  0.5603249983746644  0.8399281511579683  0.0  0.0  0.0  1.0
1807261651859;30.81758641329856;32.641458813450896;0.5797442667098938  0.5174668674497098  -0.6293843232149905  2.665772145923698  -0.15480800052201926  0.8283255477689515  0.538434090569719  -0.7654720366607726  0.7999569164594937  -0.21472034837213333  0.5603249983746644  0.8399281511579683  0.0  0.0  0.0  1.0
1807261651890;5.456298175072451;8.019340072963516;0.5797442667098938  0.5174668674497098  -0.6293843232149905  2.665772145923698  -0.15480800052201926  0.8283255477689515  0.538434090569719  -0.7654720366607726  0.7999569164594937  -0.21472034837213333  0.5603249983746644  0.8399281511579683  0.0  0.0  0.0  1.0
1807261651921;13.250946855243232;4.07426988350521;0.43972442861413236  -0.8497400363828562  0.2908337969494548  1.258054034316247  -0.888880188334168  -0.45810709158620994  0.005468402457470791  -0.9185536029676632  0.12858630435232182  -0.26092099035241617  -0.956757962666905  -3.3864940802639683  0.0  0.0  0.0  1.0
1807261651952;9.163995689044379;5.802620987289315;-0.8383452002603297  0.3078891051991993  -0.44986845199469616  10.340751645638296  0.13356141865912857  0.9160902234402458  0.37807413289322234  -2.0537577122032755  0.5285249971819961  0.25687156599522126  -0.8091219475066375  -6.787366958777382  0.0  0.0  0.0  1.0
1807261651983;6.588263075805257;39.28886488266288;-0.8383452002603297  0.3078891051991993  -0.44986845199469616  10.340751645638296  0.13356141865912857  0.9160902234402458  0.37807413289322234  -2.0537577122032755  0.5285249971819961  0.25687156599522126  -0.8091219475066375  -6.787366958777382  0.0  0.0  0.0  1.0
1807261652014;17.758751011909293;26.670137458978676;-0.8383452002603297  0.3078891051991993  -0.44986845199469616  10.340751645638296  0.13356141865912857  0.9160902234402458  0.37807413289322234  -2.0537577122032755  0.5285249971819961  0.25687156599522126  -0.8091219475066375  -6.787366958777382  0.0  0.0  0.0  1.0
1807261652045;29.809431639619387;43.52875816937184;-0.8383452002603297  0.3078891051991993  -0.44986845199469616  10.340751645638296  0.13356141865912857  0.9160902234402458  0.37807413289322234  -2.0537577122032755  0.5285249971819961  0.25687156599522126  -0.8091219475066375  -6.787366958777382  0.0  0.0  0.0  1.0
1807261652076;4.484716985902588;4.484716985902588;1.0  0.0  0.0  0.0  0.0  1.0  0.0  0.0  0.0  0.0  1.0  0.0  0.0  0.0  0.0  1.0
1807261652107;29.336704611392904;14.77526344126805;-0.7649923724785499  0.5249365310488494  -0.37313309745992806  -2.6305292775404188  0.5568399587800537  0.8302023275736304  0.026331646305447216  5.075741864130819  0.3235984090743772  -0.18763191003058993  -0.9274040845191509  -11.63619077151656  0.0  0.0  0.0  1.0
1807261652138;8.336172594373753;35.259692770135345;-0.7649923724785499  0.5249365310488494  -0.37313309745992806  -2.6305292775404188  0.5568399587800537  0.8302023275736304  0.026331646305447216  5.075741864130819  0.3235984090743772  -0.18763191003058993  -0.9274040845191509  -11.63619077151656  0.0  0.0  0.0  1.0
1807261652169;11.016264409904746;41.35525884267129;-0.7649923724785499  0.5249365310488494  -0.37313309745992806  -2.6305292775404188  0.5568399587800537  0.8302023275736304  0.026331646305447216  5.075741864130819  0.3235984090743772  -0.18763191003058993  -0.9274040845191509  -11.63619077151656  0.0  0.0  0.0  1.0
1807261652200;7.691976379282801;7.691976379282801;1.0  0.0  0.0  0.0  0.0  1.0  0.0  0.0  0.0  0.0  1.0  0.0  0.0  0.0  0.0  1.0
1807261652231;30.250277525569288;28.634267242045766;-0.7649923724785499  0.5249365310488494  -0.37313309745992806  -2.6305292775404188  0.5568399587800537  0.8302023275736304  0.026331646305447216  5.075741864130819  0.3235984090743772  -0.18763191003058993  -0.9274040845191509  -11.63619077151656  0.0  0.0  0.0  1.0
1807261652262;34.4089756725358;71.26793568868932;-0.7649923724785499  0.5249365310488494  -0.37313309745992806  -2.6305292775404188  0.5568399587800537  0.8302023275736304  0.026331646305447216  5.075741864130819  0.3235984090743772  -0.18763191003058993  -0.9274040845191509  -11.63619077151656  0.0  0.0  0.0  1.0
1807261652293;40.84770933151314;44.92610180208728;-0.7649923724785499  0.5249365310488494  -0.37313309745992806  -2.6305292775404188  0.5568399587800537  0.8302023275736304  0.026331646305447216  5.075741864130819  0.3235984090743772  -0.18763191003058993  -0.9274040845191509  -11.63619077151656  0.0  0.0  0.0  1.0
1807261652324;17.8904122783438;33.24163662016306;-0.7649923724785499  0.5249365310488494  -0.37313309745992806  -2.6305292775404188  0.5568399587800537  0.8302023275736304  0.026331646305447216  5.075741864130819  0.3235984090743772  -0.18763191003058993  -0.9274040845191509  -11.63619077151656  0.0  0.0  0.0  1.0
1807261652355;3.608779537763446;3.608779537763446;1.0  0.0  0.0  0.0  0.0  1.0  0.0  0.0  0.0  0.0  1.0  0.0  0.0  0.0  0.0  1.0
1807261652386;28.030315095757214;28.030315095757214;1.0  0.0  0.0  0.0  0.0  1.0  0.0  0.0  0.0  0.0  1.0  0.0  0.0  0.0  0.0  1.0
1807261652417;16.760798496759268;37.475668223431974;-0.7649923724785499  0.5249365310488494  -0.37313309745992806  -2.6305292775404188  0.5568399587800537  0.8302023275736304  0.026331646305447216  5.075741864130819  0.3235984090743772  -0.18763191003058993  -0.9274040845191509  -11.63619077151656  0.0  0.0  0.0  1.0
1807261652448;11.541073086658493;9.337341265493542;0.2630103744111297  -0.9306815569560105  0.2542781596874846  -2.565277825416844  0.9613555613915501  0.2750355316882411  0.012285800360764416  3.1322393844714886  -0.08136969665456172  0.24122043000314689  0.9670530888298953  -8.642840396594094  0.0  0.0  0.0  1.0
1807261652479;17.131314427617824;14.970283381101774;0.3914294411949576  0.87729991960346  0.27771900120367266  8.921623117828323  0.8791567301975912  -0.4456665350061386  0.1687150951275604  -3.7868235952140568  0.27178380436310534  0.1781184736050267  -0.9457311314779334  0.3024358276734143  0.0  0.0  0.0  1.0
1807261652510;16.88386035870282;18.639524143309487;0.3914294411949576  0.87729991960346  0.27771900120367266  8.921623117828323  0.8791567301975912  -0.4456665350061386  0.1687150951275604  -3.7868235952140568  0.27178380436310534  0.1781184736050267  -0.9457311314779334  0.3024358276734143  0.0  0.0  0.0  1.0
1807261652541;12.460236884144733;14.525276866308403;0.3914294411949576  0.87729991960346  0.27771900120367266  8.921623117828323  0.8791567301975912  -0.4456665350061386  0.1687150951275604  -3.7868235952140568  0.27178380436310534  0.1781184736050267  -0.9457311314779334  0.3024358276734143  0.0  0.0  0.0  1.0
1807261652572;42.08124229642907;46.04775288980757;0.3914294411949576  0.87729991960346  0.27771900120367266  8.921623117828323  0.8791567301975912  -0.4456665350061386  0.1687150951275604  -3.7868235952140568  0.27178380436310534  0.1781184736050267  -0.9457311314779334  0.3024358276734143  0.0  0.0  0.0  1.0
1807261652603;27.455101979184786;13.54687266969533;-0.5415428217566345  -0.8325753523980279  -0.11640298442548969  -1.2493828169630243  0.8253760527647269  -0.5528613588584648  0.11444950591282685  -0.3857313111405091  -0.15964254986180898  -0.034096927434459814  0.9865858583079066  -11.501343847565826  0.0  0.0  0.0  1.0
1807261652634;28.71491398766282;28.71491398766282;1.0  0.0  0.0  0.0  0.0  1.0  0.0  0.0  0.0  0.0  1.0  0.0  0.0  0.0  0.0  1.0
1807261652665;10.293881191059828;23.740775556428716;-0.5415428217566345  -0.8325753523980279  -0.11640298442548969  -1.2493828169630243  0.8253760527647269  -0.5528613588584648  0.11444950591282685  -0.3857313111405091  -0.15964254986180898  -0.034096927434459814  0.9865858583079066  -11.501343847565826  0.0  0.0  0.0  1.0
1807261652696;33.77779932650991;1.991942062021409;0.07128965721133682  0.09213544043888756  0.9931912431097156  -11.70728539013185  0.3782652916129056  0.9188491763708209  -0.11239021418107102  -2.50940824161537  -0.9229480775946681  0.3837020350451582  0.03065280356689576  -0.9579189094424899  0.0  0.0  0.0  1.0
1807261652727;26.404805354969792;27.762588355041505;0.07128965721133682  0.09213544043888756  0.9931912431097156  -11.70728539013185  0.3782652916129056  0.9188491763708209  -0.11239021418107102  -2.50940824161537  -0.9229480775946681  0.3837020350451582  0.03065280356689576  -0.9579189094424899  0.0  0.0  0.0  1.0
1807261652758;11.706876263611738;33.93902053660445;0.07128965721133682  0.09213544043888756  0.9931912431097156  -11.70728539013185  0.3782652916129056  0.9188491763708209  -0.11239021418107102  -2.50940824161537  -0.9229480775946681  0.3837020350451582  0.03065280356689576  -0.9579189094424899  0.0  0.0  0.0  1.0
1807261652789;37.4807323049303;37.4807323049303;1.0  0.0  0.0  0.0  0.0  1.0  0.0  0.0  0.0  0.0  1.0  0.0  0.0  0.0  0.0  1.0
1807261652820;24.622197736499775;24.622197736499775;1.0  0.0  0.0  0.0  0.0  1.0  0.0  0.0  0.0  0.0  1.0  0.0  0.0  0.0  0.0  1.0
1807261652851;31.035011037167635;29.5355923434156;0.07128965721133682  0.09213544043888756  0.9931912431097156  -11.70728539013185  0.3782652916129056  0.9188491763708209  -0.11239021418107102  -2.50940824161537  -0.9229480775946681  0.3837020350451582  0.03065280356689576  -0.9579189094424899  0.0  0.0  0.0  1.0
1807261652882;15.670251551388807;27.90687264777346;0.07128965721133682  0.09213544043888756  0.9931912431097156  -11.70728539013185  0.3782652916129056  0.9188491763708209  -0.11239021418107102  -2.50940824161537  -0.9229480775946681  0.3837020350451582  0.03065280356689576  -0.9579189094424899  0.0  0.0  0.0  1.0
1807261652913;15.719459525657804;15.719459525657804;1.0  0.0  0.0  0.0  0.0  1.0  0.0  0.0  0.0  0.0  1.0  0.0  0.0  0.0  0.0  1.0
1807261652944;19.564049308117394;1.5078513158911169;0.08307598549840026  0.26084001647166033  0.9618008455187248  6.352301190563964  -0.7746434080360887  0.6240633180461264  -0.10233555323294527  3.7209690842827854  -0.6269178343449032  -0.7365510578882657  0.25390267447188003  -4.969893228658223  0.0  0.0  0.0  1.0
1807261652975;27.89646367782606;46.91153825419486;0.08307598549840026  0.26084001647166033  0.9618008455187248  6.352301190563964  -0.7746434080360887  0.6240633180461264  -0.10233555323294527  3.7209690842827854  -0.6269178343449032  -0.7365510578882657  0.25390267447188003  -4.969893228658223  0.0  0.0  0.0  1.0
1807261653006;6.365423988371116;5.523745561662457;-0.4306675599863332  -0.9024930070790566  0.005641360546883217  3.16870238382178  0.9021813894732211  -0.4306708631076924  -0.024317651166242293  -0.05398259923187693  0.02437607974194944  -0.00538329299565788  0.9996883648882471  2.154022826050837  0.0  0.0  0.0  1.0
1807261653037;10.197467142422473;14.434124697589104;-0.4306675599863332  -0.9024930070790566  0.005641360546883217  3.16870238382178  0.9021813894732211  -0.4306708631076924  -0.024317651166242293  -0.05398259923187693  0.02437607974194944  -0.00538329299565788  0.9996883648882471  2.154022826050837  0.0  0.0  0.0  1.0
1807261653068;11.981883041146329;7.064961439187593;-0.4306675599863332  -0.9024930070790566  0.005641360546883217  3.16870238382178  0.9021813894732211  -0.4306708631076924  -0.024317651166242293  -0.05398259923187693  0.02437607974194944  -0.00538329299565788  0.9996883648882471  2.154022826050837  0.0  0.0  0.0  1.0
1807261653099;8.993075075233714;6.200375412734026;0.09855325221338868  0.2014255231345503  -0.9745332293504091  13.739434594410296  0.2636880017170471  -0.9495809030801642  -0.1696017283400463  -5.2866863296732465  -0.9595602608636077  -0.2402579179453469  -0.14669777992843716  4.713749397331807  0.0  0.0  0.0  1.0
