# registration_from_features.py TEASER TEASER_config.json euclidean True --input_txt=/neural_comparison/point_clouds_registration_benchmark//tum/pioneer_slam3_global.txt --input_pcd_dir=/neural_comparison/point_clouds_registration_benchmark//tum/pioneer_slam3/ --input_features_dir=/neural_comparison/experiments/3DFeatNet/feature_extraction_voxelgrid_0.1_npz//tum/pioneer_slam3/ --output_dir=/root/neural_registration_comparison/results/3DFeatNet/TEASER_mutual_on/
id;initial_error;final_error;transformation
39885980090030;15.205318337116758;4.366296100024186;-0.23565160756378098  -0.966451584335663  -0.10217462986325455  11.569343164789762  0.9178929928937825  -0.1867970046326332  -0.35011331402386153  2.8698814421703824  0.3192816522274666  -0.17629014208220298  0.9311181516625782  7.469789208380099  0.0  0.0  0.0  1.0
39885980090061;13.318166755923231;18.125739017246172;-0.23565160756378098  -0.966451584335663  -0.10217462986325455  11.569343164789762  0.9178929928937825  -0.1867970046326332  -0.35011331402386153  2.8698814421703824  0.3192816522274666  -0.17629014208220298  0.9311181516625782  7.469789208380099  0.0  0.0  0.0  1.0
39885980090092;16.131758473986306;inf;7.492295292499879e+247  3.034261772479333e-86  1.2754895534292966e+232  2.3646930081305503e+232  3.565235580958913e-91  6.013470016999068e-154  6.013345031906214e-154  3.051721832392617e+169  8.07125848648136e-96  1.139449061507251e-119  7.843397277706681e-85  1.4922581012218924e+208  0.0  0.0  0.0  1.0
39885980090123;12.985542941208589;inf;7.492295292499879e+247  3.034261772479333e-86  1.2754895534292966e+232  2.3646930081305503e+232  3.565235580958913e-91  6.013470016999068e-154  6.013345031906214e-154  3.051721832392617e+169  8.07125848648136e-96  1.139449061507251e-119  7.843397277706681e-85  1.4922581012218924e+208  0.0  0.0  0.0  1.0
39885980090154;12.128119033469892;8.67235384811605;-0.6466621378347045  0.2587843492773054  0.717536577506799  2.6149159964208972  0.5329777655450566  0.8262484114440556  0.18234106509717712  1.2245212129381913  -0.5456764434402934  0.5003441047472188  -0.6722298683627914  6.468334547159206  0.0  0.0  0.0  1.0
39885980090185;6.628057703543316;5.134856808944145;-0.6336472757806322  0.07126676168330438  -0.7703325116954098  5.458430456107319  0.5890486522991579  -0.6010608981158053  -0.5401365401273712  -11.105630405001968  -0.5015105334091491  -0.7960193750376914  0.33888101074606436  4.150745578184414  0.0  0.0  0.0  1.0
39885980090216;5.823010286342225;11.992755075588118;-0.6336472757806322  0.07126676168330438  -0.7703325116954098  5.458430456107319  0.5890486522991579  -0.6010608981158053  -0.5401365401273712  -11.105630405001968  -0.5015105334091491  -0.7960193750376914  0.33888101074606436  4.150745578184414  0.0  0.0  0.0  1.0
39885980090247;5.3740242030998315;5.3671589700076865;-0.8314320153188761  -0.5556255534379199  0.001023850378356775  4.6870886910189435  -0.5556250962678704  0.8314326453701574  0.0007131690554221608  6.459104404453099  -0.0012475175796541468  2.4074619974327695e-05  -0.9999992215598474  -6.251956488639432  0.0  0.0  0.0  1.0
39885980090278;4.39500473301532;15.34852861513943;0.22439266236326647  0.9643017419292479  -0.14060612927516558  10.068745857963469  -0.974498801822699  0.2220245929632534  -0.03251407949837259  5.147507411285936  -0.00013536487704950985  0.14431642537050704  0.9895315816307377  -7.518286129675054  0.0  0.0  0.0  1.0
39885980090309;6.062761454151005;9.802648379342179;0.22439266236326647  0.9643017419292479  -0.14060612927516558  10.068745857963469  -0.974498801822699  0.2220245929632534  -0.03251407949837259  5.147507411285936  -0.00013536487704950985  0.14431642537050704  0.9895315816307377  -7.518286129675054  0.0  0.0  0.0  1.0
39885980090340;10.653667033347874;22.074331742486876;0.22439266236326647  0.9643017419292479  -0.14060612927516558  10.068745857963469  -0.974498801822699  0.2220245929632534  -0.03251407949837259  5.147507411285936  -0.00013536487704950985  0.14431642537050704  0.9895315816307377  -7.518286129675054  0.0  0.0  0.0  1.0
39885980090371;7.825764243118106;10.609181853659809;-0.46604277483778744  0.7994038324335054  -0.379153853616338  10.730417808524027  -0.733558346052744  -0.5887131225670583  -0.33957180721271124  1.9667339149115812  -0.49466785316802053  0.11987648646823093  0.8607748503727171  7.519263167707221  0.0  0.0  0.0  1.0
39885980090402;6.3535513934385985;12.740420966999894;6.013470016999068e-154  6.013470016999068e-154  -2.8652835  6.013999212447142e-154  6.013470016999068e-154  6.554909140857642e-260  -3.2853086000000005  6.013470016999068e-154  6.013470016999068e-154  -2.6001422  -3.7068477  6.013470016999068e-154  0.0  0.0  0.0  1.0
39885980090433;6.8874917645610045;7.430193902931942;0.9040513594531849  0.4274161663639911  0.002561289042226165  -1.573165165625571  -0.4273337231415784  0.9037214763876484  0.025949608507367827  4.411888683046526  0.008776590272169427  -0.02455430403082004  0.9996599709985171  7.606703939437224  0.0  0.0  0.0  1.0
39885980090464;6.2677651862134764;7.158355860874953;-0.12023964654010688  -0.9847969179163188  0.12536928596123043  10.380164262465675  0.9919207582861415  -0.11403329099848525  0.05558433075157275  -11.792942090106596  -0.04044300534030082  0.13103983747919334  0.9905518281808737  0.5251133686557424  0.0  0.0  0.0  1.0
39885980090495;9.69087354585672;14.412653017477073;-0.12023964654010688  -0.9847969179163188  0.12536928596123043  10.380164262465675  0.9919207582861415  -0.11403329099848525  0.05558433075157275  -11.792942090106596  -0.04044300534030082  0.13103983747919334  0.9905518281808737  0.5251133686557424  0.0  0.0  0.0  1.0
39885980090526;2.92110847772627;14.85830340986344;-0.12023964654010688  -0.9847969179163188  0.12536928596123043  10.380164262465675  0.9919207582861415  -0.11403329099848525  0.05558433075157275  -11.792942090106596  -0.04044300534030082  0.13103983747919334  0.9905518281808737  0.5251133686557424  0.0  0.0  0.0  1.0
39885980090557;4.738076726601074;8.239856037275091;-0.12023964654010688  -0.9847969179163188  0.12536928596123043  10.380164262465675  0.9919207582861415  -0.11403329099848525  0.05558433075157275  -11.792942090106596  -0.04044300534030082  0.13103983747919334  0.9905518281808737  0.5251133686557424  0.0  0.0  0.0  1.0
39885980090588;14.769319861057435;7.101487926708522;-0.042463905794323534  -0.30045082319194877  -0.9528515726743444  -11.401333670537923  -0.1327976986613021  0.9469469583996561  -0.29267085472916804  5.131434626442725  0.9902330977779692  0.11410854841299184  -0.08011024431448877  5.73239832989149  0.0  0.0  0.0  1.0
39885980090619;2.836952107880147;4.968676309725187;-0.9773910499663229  -0.20032680552831555  -0.06764544650270293  10.137922069158375  0.202960902550813  -0.9785772359315861  -0.034546567879551356  2.7102729956551266  -0.05927569047669536  -0.04749488712816886  0.9971111413554629  -1.6040014003149214  0.0  0.0  0.0  1.0
39885980090650;12.55893498698289;10.941132984717342;-0.9773910499663229  -0.20032680552831555  -0.06764544650270293  10.137922069158375  0.202960902550813  -0.9785772359315861  -0.034546567879551356  2.7102729956551266  -0.05927569047669536  -0.04749488712816886  0.9971111413554629  -1.6040014003149214  0.0  0.0  0.0  1.0
39885980090681;13.661467239296929;9.50200584078636;-0.31900676944681783  0.7796948062870428  0.5388048720048065  6.73162128847288  0.812487474398046  0.5176822334161095  -0.2680843321635814  -0.9988069631512831  -0.48795367094980413  0.352251492905736  -0.7986364008435195  12.337656540976237  0.0  0.0  0.0  1.0
39885980090712;11.512393687205597;18.826292917763617;-0.9921093215364531  0.08250334607140108  -0.094404936351344  16.883146483434746  0.10740623357865707  0.1708565601507168  -0.9794242884684408  2.6069302328736073  -0.06467607833600952  -0.9818356449734787  -0.17836975963034551  7.167457372813294  0.0  0.0  0.0  1.0
39885980090743;17.098275178250592;1.881179430961004;-0.2004632404402985  -0.7719631154640102  -0.603230832762446  3.7383969188037254  0.9756283819211539  -0.21338596305215374  -0.05114382819281429  -4.437747692332796  -0.08923984324328627  -0.5987815788210289  0.7959251668608737  15.468259310919594  0.0  0.0  0.0  1.0
39885980090774;10.611953381784044;14.43702684243191;-0.2004632404402985  -0.7719631154640102  -0.603230832762446  3.7383969188037254  0.9756283819211539  -0.21338596305215374  -0.05114382819281429  -4.437747692332796  -0.08923984324328627  -0.5987815788210289  0.7959251668608737  15.468259310919594  0.0  0.0  0.0  1.0
39885980090805;5.343071835957388;2.690250982799392;0.17212144980898503  -0.4632279431157359  -0.869364181015308  0.2843257449266676  -0.9740696142285418  -0.21159180753449391  -0.08010801221441717  1.8328051967113814  -0.14684206874159927  0.8606095396293547  -0.4876357525311667  -2.562524563372825  0.0  0.0  0.0  1.0
39885980090836;5.261479947974986;3.18857666007411;-0.9079826045655269  0.36916370351260325  -0.19820633142072092  11.968575545083858  0.41780694547604974  0.8334669851943275  -0.3616215437485053  -1.7562391566440922  0.03170088513551287  -0.41115805306467945  -0.9110126833813499  0.20218315981717228  0.0  0.0  0.0  1.0
39885980090867;12.813048896623984;13.867069405874043;-0.9079826045655269  0.36916370351260325  -0.19820633142072092  11.968575545083858  0.41780694547604974  0.8334669851943275  -0.3616215437485053  -1.7562391566440922  0.03170088513551287  -0.41115805306467945  -0.9110126833813499  0.20218315981717228  0.0  0.0  0.0  1.0
39885980090898;9.513150698671726;2.3038983673555022;-0.8196370862455091  0.535710705494264  0.20300021396493598  12.178026790044113  0.562621820633294  0.8194919093904416  0.10903988898969885  1.7370880006281433  -0.10794319709110574  0.20358548686595107  -0.9730884932724795  -3.021197808851329  0.0  0.0  0.0  1.0
39885980090929;3.2910700942172166;1.436845899491934;-0.416031029545759  -0.5265448804924677  -0.7413964332813243  5.143936811542741  0.33795670842075054  -0.8464349112911906  0.41150115939191023  0.4314088485997451  -0.8442176530306081  -0.07936264722555109  0.5300925622349789  2.253522753259433  0.0  0.0  0.0  1.0
39885980090960;13.148595121958836;6.469075160978372;0.20844407635477183  0.9714203653487286  -0.11354972839399227  4.259133172743236  0.9558677261067656  -0.22692004341557942  -0.18661238995241825  -6.4245691598056265  -0.20704578532316945  -0.06964027342001791  -0.9758495145758375  -9.639338252160183  0.0  0.0  0.0  1.0
39885980090991;4.974292677219224;9.311093359470998;0.20844407635477183  0.9714203653487286  -0.11354972839399227  4.259133172743236  0.9558677261067656  -0.22692004341557942  -0.18661238995241825  -6.4245691598056265  -0.20704578532316945  -0.06964027342001791  -0.9758495145758375  -9.639338252160183  0.0  0.0  0.0  1.0
39885980091022;13.287028172970416;6.5817418654662605;-0.011299466100819944  -0.5289997749275245  -0.8485467342418243  5.8179536300573345  -0.8077904759087612  -0.49533544242271377  0.3195580487344857  10.876118399639765  -0.5893614078788446  0.6890588056229476  -0.4217239539041423  -3.6558529920375995  0.0  0.0  0.0  1.0
39885980091053;15.533441302838277;5.443461201233596;0.17467332950307368  -0.39711624669147344  -0.9009927383580776  14.551266305000766  -0.9591601629064416  0.13814236805483815  -0.2468369260088325  -7.201828964045618  0.22248822407848656  0.9073121694113212  -0.35676829649581054  -9.547556723129835  0.0  0.0  0.0  1.0
39885980091084;7.763469718260981;4.169634307274042;-0.9043792584471712  0.025315290724210678  -0.4259780427980922  -0.7394842995956239  -0.03991714739100907  -0.998880494601806  0.025384618338989126  -2.321074687637634  -0.4248585390864929  0.03996115062908446  0.9043773151764094  8.042138347711877  0.0  0.0  0.0  1.0
39885980091115;3.6651649034345075;2.3681072790674578;0.3754559418677867  -0.9180006760812991  0.12770119196957594  1.6396638653137054  -0.9173196603126454  -0.387752900046528  -0.09040093644094582  2.8942149657986014  0.13250462829677234  -0.08320124530188613  -0.9876841986486113  2.8708547527346284  0.0  0.0  0.0  1.0
39885980091146;8.080612412768405;8.921502769111296;0.3754559418677867  -0.9180006760812991  0.12770119196957594  1.6396638653137054  -0.9173196603126454  -0.387752900046528  -0.09040093644094582  2.8942149657986014  0.13250462829677234  -0.08320124530188613  -0.9876841986486113  2.8708547527346284  0.0  0.0  0.0  1.0
39885980091177;3.8726541071914253;0.3169477295218935;-0.4712719765981949  -0.8811857114804564  -0.037609386539956685  6.596677810344149  0.8791992821174213  -0.4727428347102788  0.05935347129108018  1.6293494473620709  -0.0700809988330789  -0.00509451791349487  0.9975282950822935  -1.8309789664162963  0.0  0.0  0.0  1.0
39885980091208;5.2059592602279805;1.47267118784612;-0.20374634093748087  0.848748212863289  0.4879691585704582  0.526614433013515  0.9790236589852307  0.17647052357670553  0.10183726948290704  0.24057562961608003  0.00032202757428130704  0.4984823221238007  -0.8668998043766678  3.519390958887463  0.0  0.0  0.0  1.0
39885980091239;9.534104921615693;0.5581566585656548;-0.3316124644868373  -0.2286126183637633  0.9152974620973394  12.019827451039266  0.2504394732222123  0.9140545963443808  0.3190364636744397  1.2531655020323673  -0.909567613566549  0.33502308222953175  -0.2458582736543098  1.023351062046099  0.0  0.0  0.0  1.0
39885980091270;6.793393155968177;16.256691856557282;-0.3316124644868373  -0.2286126183637633  0.9152974620973394  12.019827451039266  0.2504394732222123  0.9140545963443808  0.3190364636744397  1.2531655020323673  -0.909567613566549  0.33502308222953175  -0.2458582736543098  1.023351062046099  0.0  0.0  0.0  1.0
39885980091301;9.237550092631151;17.727017174437186;-0.3316124644868373  -0.2286126183637633  0.9152974620973394  12.019827451039266  0.2504394732222123  0.9140545963443808  0.3190364636744397  1.2531655020323673  -0.909567613566549  0.33502308222953175  -0.2458582736543098  1.023351062046099  0.0  0.0  0.0  1.0
39885980091332;14.314334062580222;9.998288660387809;-0.8683256004579025  0.07635881489073035  -0.4900816084877152  -1.1051882561056734  -0.1318073941876777  0.9170264213778749  0.3764164626213129  -5.4304834141810145  0.4781604986057266  0.39144843068196256  -0.7862128615646985  5.222980967007877  0.0  0.0  0.0  1.0
39885980091363;4.939595963032118;3.9567581463211967;-0.6233465218311492  0.7817447048763643  0.017729357539813737  3.0848785518385253  -0.781742120377111  -0.6235413868182244  0.00868309582488673  3.4256647764431745  0.017842952370810863  -0.008447207974928192  0.9998051178745391  -0.9438563384584511  0.0  0.0  0.0  1.0
39885980091394;15.273466798993145;14.247331070350386;-0.6233465218311492  0.7817447048763643  0.017729357539813737  3.0848785518385253  -0.781742120377111  -0.6235413868182244  0.00868309582488673  3.4256647764431745  0.017842952370810863  -0.008447207974928192  0.9998051178745391  -0.9438563384584511  0.0  0.0  0.0  1.0
39885980091425;8.06198539416402;10.284563059194586;-0.9056280743979943  -0.2942098996313534  -0.3054150058872191  8.928013722605328  0.42010881684324547  -0.7206682479497193  -0.5514942052348788  0.556408124744971  -0.0578478424208687  -0.6277561718979681  0.7762575705081781  10.526144973520301  0.0  0.0  0.0  1.0
39885980091456;10.977064992754894;3.336781373410751;0.42360396905124076  -0.9047167445256168  0.045246984197901796  11.374716033842025  -0.905269109109913  -0.42102038303138367  0.05683024866610509  -1.5471432609102047  -0.03236537494576429  -0.06503421597187596  -0.9973580266170936  3.9633071597238416  0.0  0.0  0.0  1.0
39885980091487;2.767744523025431;12.341291409208024;0.42360396905124076  -0.9047167445256168  0.045246984197901796  11.374716033842025  -0.905269109109913  -0.42102038303138367  0.05683024866610509  -1.5471432609102047  -0.03236537494576429  -0.06503421597187596  -0.9973580266170936  3.9633071597238416  0.0  0.0  0.0  1.0
39885980091518;6.6339837111177165;6.441864682096535;0.8547378340225841  -0.5128227701145525  -0.08022494339305941  5.202681214782869  -0.48800750549817673  -0.741290862958343  -0.460799881805457  6.79873066500987  0.1768386543373075  0.43301346739623814  -0.8838707073920137  0.2624501145462685  0.0  0.0  0.0  1.0
39885980091549;8.72791924372333;2.6005038015807784;0.15843321182934517  -0.5870360880983291  0.7939065112843255  2.868165995696259  0.2344963891803899  0.8034277570963627  0.5472798941935171  -9.026741778557907  -0.9591195758875934  0.09946089883627167  0.26494748300726306  1.1500035344058837  0.0  0.0  0.0  1.0
39885980091580;11.404884011730314;6.007138617821161;0.6787365034328205  0.7274301460911475  0.10080744747091563  -3.9444540122793446  -0.7292824174827327  0.6837915389485469  -0.024005974525504042  -0.21669090748416794  -0.08639394919975998  -0.05722336778091495  0.9946162937140535  3.047022387119883  0.0  0.0  0.0  1.0
39885980091611;5.185738995238877;9.846963483217753;0.6787365034328205  0.7274301460911475  0.10080744747091563  -3.9444540122793446  -0.7292824174827327  0.6837915389485469  -0.024005974525504042  -0.21669090748416794  -0.08639394919975998  -0.05722336778091495  0.9946162937140535  3.047022387119883  0.0  0.0  0.0  1.0
39885980091642;11.452810801369598;2.4057275830704046;-0.9896178655778225  0.014377808556742842  0.14300265294846937  6.535384488078282  -0.016211827196274103  -0.9998004957867088  -0.011668131110383359  3.3136891319568886  0.1428063611613743  -0.013865325302949112  0.9896535231918748  8.839461854441588  0.0  0.0  0.0  1.0
39885980091673;6.84357315400721;18.03957697525081;0.5282524633572094  0.15933010207534673  0.8340043486275712  18.85549294553692  0.796552103678308  -0.4331316022654417  -0.42178402203572524  3.2829452200383757  0.29403074853270356  0.8871363670212322  -0.3557175638419717  -1.074314902473351  0.0  0.0  0.0  1.0
39885980091704;11.97004270038415;8.80188387641315;0.27591173345311554  0.960318563898641  0.0407550141031644  13.901374110124491  -0.9611691544488845  0.27543224111286396  0.0170568781305749  8.915982879327938  0.0051547918399268726  -0.04387865525739634  0.9990235691583508  5.964833767453765  0.0  0.0  0.0  1.0
39885980091735;9.206758517908435;1.588416069902503;-0.6165612989749185  0.1491189816500873  -0.7730560742391217  7.839562718492138  0.16411111939016806  0.984672866967722  0.05904985647800311  -6.040179299545819  0.7700127954124317  -0.090459241480391  -0.6315832649238936  -3.0294442353615185  0.0  0.0  0.0  1.0
39885980091766;2.598811728309922;3.38495456035317;0.9524434250962872  0.10970006460164436  -0.284284044253716  1.7001375462142891  0.10759286813755001  -0.9939273896761451  -0.023067699874506263  4.975997185410576  -0.28508822619811836  -0.00861625660943155  -0.958462551905525  -0.8580617430892944  0.0  0.0  0.0  1.0
39885980091797;12.542227557622743;2.4192409460593494;0.9064470027132858  0.05424477606057443  -0.41882136471560144  1.8247396500670927  0.012516928119037925  0.9878302076175312  0.15503163363897182  -5.45650177607641  0.4221340519107213  -0.14577031655465278  0.8947367529217701  7.288051644447431  0.0  0.0  0.0  1.0
39885980091828;9.47715700246654;0.2842447119958107;0.49611020762781266  -0.8667220661152766  0.051648058979552436  -2.2784826408750423  0.8680640402601685  0.4963824945213796  -0.008321126121221774  0.6342294671823564  -0.018425088729266445  0.04896201835708232  0.9986306809144808  5.875951256739749  0.0  0.0  0.0  1.0
39885980091859;14.228056617716064;2.610601777621227;0.23407391473128605  0.11114180195672628  -0.9658451751187572  14.853079446389124  -0.5076814925895226  -0.8332660089673829  -0.21892295535563225  -0.26221687985842373  -0.8291374460995266  0.5415858732993147  -0.13862120082503027  5.428120032580976  0.0  0.0  0.0  1.0
39885980091890;12.934736653014653;18.76697728089802;0.23407391473128605  0.11114180195672628  -0.9658451751187572  14.853079446389124  -0.5076814925895226  -0.8332660089673829  -0.21892295535563225  -0.26221687985842373  -0.8291374460995266  0.5415858732993147  -0.13862120082503027  5.428120032580976  0.0  0.0  0.0  1.0
39885980091921;11.389616762246979;21.47921526900599;0.23407391473128605  0.11114180195672628  -0.9658451751187572  14.853079446389124  -0.5076814925895226  -0.8332660089673829  -0.21892295535563225  -0.26221687985842373  -0.8291374460995266  0.5415858732993147  -0.13862120082503027  5.428120032580976  0.0  0.0  0.0  1.0
39885980091952;7.751231368250753;10.87197999751532;0.23407391473128605  0.11114180195672628  -0.9658451751187572  14.853079446389124  -0.5076814925895226  -0.8332660089673829  -0.21892295535563225  -0.26221687985842373  -0.8291374460995266  0.5415858732993147  -0.13862120082503027  5.428120032580976  0.0  0.0  0.0  1.0
39885980091983;14.851121124669065;7.508768998522553;-0.06428880515653784  -0.6480024618180273  -0.7589201268969752  16.33330782960013  -0.32522616458097536  -0.7053686110490773  0.6298278053711538  9.419190969104212  -0.943448404208462  0.2873115591556863  -0.16540005009683506  2.4329050977879296  0.0  0.0  0.0  1.0
39885980092014;8.09691717384987;9.4803718089936;0.19048019655804083  0.4376063581357777  0.8787593356763564  6.191165395589192  -0.9815484129759343  0.1001558918780329  0.16288496034484112  4.909563097568494  -0.016733430719216683  -0.8935711905837481  0.44860954030772454  -4.088062318902396  0.0  0.0  0.0  1.0
39885980092045;7.770476372289854;9.98939953289082;-0.09488046480808732  0.993855920301489  -0.05699216682563827  8.631127372114765  -0.9954348565241224  -0.09531501219059164  -0.0049492290214308435  -5.890994096704349  -0.010351029639630938  0.05626240425708306  0.9983623580907948  -1.7748748434713157  0.0  0.0  0.0  1.0
39885980092076;16.718631862778135;5.815069952887445;-0.2497784432663682  -0.9485273999567101  -0.19469591883445614  13.049709709363198  0.949594138730926  -0.2792839872275339  0.1423777586779676  1.8633215456245862  -0.18942465775949174  -0.1493192084416943  0.9704751789834943  15.087081594470202  0.0  0.0  0.0  1.0
39885980092107;10.262899426928634;14.695301064666287;-0.2497784432663682  -0.9485273999567101  -0.19469591883445614  13.049709709363198  0.949594138730926  -0.2792839872275339  0.1423777586779676  1.8633215456245862  -0.18942465775949174  -0.1493192084416943  0.9704751789834943  15.087081594470202  0.0  0.0  0.0  1.0
39885980092138;15.257229419744425;0.783169733031771;-0.1477312962921893  0.988965142323891  -0.011109066752644146  5.018885510583519  -0.9890196665568063  -0.1477656049921696  -0.002329194101281393  9.619296068397736  -0.00394502974547658  0.010642990631558992  0.9999355796703723  -11.18180334345959  0.0  0.0  0.0  1.0
39885980092169;15.992191385092843;23.520770123427397;-0.1477312962921893  0.988965142323891  -0.011109066752644146  5.018885510583519  -0.9890196665568063  -0.1477656049921696  -0.002329194101281393  9.619296068397736  -0.00394502974547658  0.010642990631558992  0.9999355796703723  -11.18180334345959  0.0  0.0  0.0  1.0
39885980092200;6.917432320039796;9.88465601737138;-0.2975837240115024  -0.8571948234679372  0.42031055402311535  12.14714826046126  -0.838948833995393  0.4449158847207045  0.3133922613290947  -4.618960797153326  -0.4556410661268547  -0.2593586130109522  -0.8515423235023722  3.9400931868911124  0.0  0.0  0.0  1.0
39885980092231;11.63978213050849;7.017942451661535;0.6804842260772141  -0.5956146690548482  0.42683062690812  0.15669567472033696  -0.6865602686466757  -0.3146808163193443  0.6554471613764115  -7.142776813327276  -0.2560785340006062  -0.739066404220402  -0.6230606989506122  5.549304187747885  0.0  0.0  0.0  1.0
39885980092262;5.191873642222159;8.197701475960276;-0.4239026226321934  0.8542922219156732  0.3008178287600819  9.015315236270538  0.8985666700387388  0.43831149034485445  0.021470373242316737  -3.7657080624629105  -0.11350993798359715  0.27940622220354056  -0.9534399073737713  2.0955885958972473  0.0  0.0  0.0  1.0
39885980092293;17.8683780302977;21.191980375083656;-0.4239026226321934  0.8542922219156732  0.3008178287600819  9.015315236270538  0.8985666700387388  0.43831149034485445  0.021470373242316737  -3.7657080624629105  -0.11350993798359715  0.27940622220354056  -0.9534399073737713  2.0955885958972473  0.0  0.0  0.0  1.0
39885980092324;2.5378082800465176;3.2620088345641975;0.6428835872952218  -0.6956839795932866  -0.3205066204053735  3.7103981820647043  0.5144871768601071  0.7021874370804789  -0.49217450975529475  -2.3499562464715402  0.5674536439507136  0.15151436810941643  0.8093452651516908  -4.04616239111679  0.0  0.0  0.0  1.0
39885980092355;4.721106299632293;9.405377402561177;-0.6227970840702441  -0.7819366949814917  0.026434770947057304  13.284941849457397  0.7822108516503619  -0.623013788902255  4.8970116830759274e-05  3.6076841143297753  0.016430935275181913  0.0207080631416487  0.9996505391820203  2.9203474535973606  0.0  0.0  0.0  1.0
39885980092386;4.150156398285817;1.1640115169034366;-0.7559931673107968  -0.6225602013267196  -0.2022204903154568  -2.6600729469875715  -0.6446765242599297  0.7616694710378604  0.06520579695887457  -1.679998483810152  0.11343063980920462  0.17966193980067183  -0.9771668625877231  -4.165736530932995  0.0  0.0  0.0  1.0
39885980092417;6.211588953303198;5.199070019411554;0.6818484320087889  0.7164759195595487  -0.1474617660902482  -5.8155848243127055  -0.710894027003342  0.6015391841923556  -0.3643903020830373  5.388859756795006  -0.17237284629003408  0.35328864483944933  0.9194970012400141  -2.0962561641246564  0.0  0.0  0.0  1.0
39885980092448;6.198581447326856;5.926494212559032;0.6818484320087889  0.7164759195595487  -0.1474617660902482  -5.8155848243127055  -0.710894027003342  0.6015391841923556  -0.3643903020830373  5.388859756795006  -0.17237284629003408  0.35328864483944933  0.9194970012400141  -2.0962561641246564  0.0  0.0  0.0  1.0
39885980092479;13.852347125351322;1.0282022303819633;0.33023039266604204  0.9236753040569927  -0.19434973741904932  3.809403003995356  0.9415651126341875  -0.307880389117812  0.13661919582120938  -3.0531883938979165  0.06635530445865591  -0.2281087430851489  -0.9713719034943892  13.752366335313791  0.0  0.0  0.0  1.0
39885980092510;11.087356919905194;1.85896820690438;0.6528587203852072  -0.7425977659921816  -0.14941234607759293  -0.7898443830907622  0.7385112631791741  0.6678705322485687  -0.09246656861544025  -9.267143839996349  0.16845357038213804  -0.04997509477163979  0.9844419152637068  -1.9108024559117647  0.0  0.0  0.0  1.0
39885980092541;8.13198811043238;5.722364544712074;-0.8974729768934935  0.001306334019320704  0.44106751097463603  1.1408893785613072  0.006766908369362681  -0.9998371379660052  0.016730406303145273  -4.108056557987912  0.44101753332158045  0.017999750980989684  0.8973179727764125  0.6122306337367576  0.0  0.0  0.0  1.0
39885980092572;12.857597382515118;9.497388851081231;-0.8819815807596673  -0.09236184583974452  -0.4621447615561103  0.8301862852385535  -0.19221639135247096  0.9658382070354352  0.1738085634426837  2.524488259074804  0.43030378814985176  0.24212774988350877  -0.8696049693051648  -7.918565783309629  0.0  0.0  0.0  1.0
39885980092603;4.595426400726901;14.035445141435266;-0.8819815807596673  -0.09236184583974452  -0.4621447615561103  0.8301862852385535  -0.19221639135247096  0.9658382070354352  0.1738085634426837  2.524488259074804  0.43030378814985176  0.24212774988350877  -0.8696049693051648  -7.918565783309629  0.0  0.0  0.0  1.0
39885980092634;14.955394496186754;10.529959580808166;-0.8819815807596673  -0.09236184583974452  -0.4621447615561103  0.8301862852385535  -0.19221639135247096  0.9658382070354352  0.1738085634426837  2.524488259074804  0.43030378814985176  0.24212774988350877  -0.8696049693051648  -7.918565783309629  0.0  0.0  0.0  1.0
39885980092665;13.790322686089336;22.147580094102086;-0.8819815807596673  -0.09236184583974452  -0.4621447615561103  0.8301862852385535  -0.19221639135247096  0.9658382070354352  0.1738085634426837  2.524488259074804  0.43030378814985176  0.24212774988350877  -0.8696049693051648  -7.918565783309629  0.0  0.0  0.0  1.0
39885980092696;10.060575966549875;3.790426427174461;-0.31068730928184624  0.9257367761379346  -0.21560337927998716  5.841346271318978  -0.9447578839364096  -0.3256786632650507  -0.0369587477315848  0.2989587128687218  -0.10443149233446648  0.19221037849094721  0.9757813452865164  8.30709093056052  0.0  0.0  0.0  1.0
39885980092727;5.0885328238275855;12.73255892957981;-0.31068730928184624  0.9257367761379346  -0.21560337927998716  5.841346271318978  -0.9447578839364096  -0.3256786632650507  -0.0369587477315848  0.2989587128687218  -0.10443149233446648  0.19221037849094721  0.9757813452865164  8.30709093056052  0.0  0.0  0.0  1.0
39885980092758;7.042514947121556;3.301816012692231;0.9411618150144235  -0.2151820846976687  0.26059759857665854  -3.607629616861638  0.1004512787417856  0.91436589925455  0.3922302166834666  1.57992073164927  -0.3226824732734894  -0.34297474062324823  0.8821815848999113  -7.346435688516953  0.0  0.0  0.0  1.0
39885980092789;9.837958892178126;2.20243296486967;-0.21076010580528115  0.42813947680156184  -0.8787927891175664  1.3602187691749172  -0.5528598241585725  -0.7936040749876583  -0.2540444586963791  13.001185750982767  -0.8061800001440742  0.43230678986926496  0.4039611946717556  -1.3295666956716228  0.0  0.0  0.0  1.0
39885980092820;8.268718839568454;8.247073430214673;-0.21076010580528115  0.42813947680156184  -0.8787927891175664  1.3602187691749172  -0.5528598241585725  -0.7936040749876583  -0.2540444586963791  13.001185750982767  -0.8061800001440742  0.43230678986926496  0.4039611946717556  -1.3295666956716228  0.0  0.0  0.0  1.0
39885980092851;6.8936455006206945;2.7830136080679697;-0.013309140234663341  0.8758592754407671  -0.4823830390992084  7.852970674522605  -0.7294928198554809  -0.3384455684184365  -0.594386089168665  2.8671653867186446  -0.6838589712546825  0.34398419562865934  0.6434374721697449  0.2589218042371522  0.0  0.0  0.0  1.0
39885980092882;8.701798953500287;15.606163484576928;-0.013309140234663341  0.8758592754407671  -0.4823830390992084  7.852970674522605  -0.7294928198554809  -0.3384455684184365  -0.594386089168665  2.8671653867186446  -0.6838589712546825  0.34398419562865934  0.6434374721697449  0.2589218042371522  0.0  0.0  0.0  1.0
39885980092913;12.068994851548805;17.91072758755092;-0.013309140234663341  0.8758592754407671  -0.4823830390992084  7.852970674522605  -0.7294928198554809  -0.3384455684184365  -0.594386089168665  2.8671653867186446  -0.6838589712546825  0.34398419562865934  0.6434374721697449  0.2589218042371522  0.0  0.0  0.0  1.0
39885980092944;3.372320270673433;0.35713402526929233;-0.7974940101537171  -0.6027060589568312  0.027362570523779918  5.286579315307036  0.5562407984324651  -0.7169328985369814  0.4202420649513521  -1.7180726292822013  -0.23366531177767388  0.35036070768864425  0.9069993917196171  0.30379925860177087  0.0  0.0  0.0  1.0
39885980092975;6.497637263498034;4.5907471137723705;-0.2573110717491407  -0.9657270550246658  -0.03409204524069953  11.4909858678833  0.9646901706013438  -0.2546612856362245  -0.06723469597800942  -1.9787381787440097  0.05624844087135697  -0.050188492620228495  0.9971545658061495  -2.3936221838896286  0.0  0.0  0.0  1.0
39885980093006;15.880192191604793;10.203107823245436;-0.2573110717491407  -0.9657270550246658  -0.03409204524069953  11.4909858678833  0.9646901706013438  -0.2546612856362245  -0.06723469597800942  -1.9787381787440097  0.05624844087135697  -0.050188492620228495  0.9971545658061495  -2.3936221838896286  0.0  0.0  0.0  1.0
39885980093037;17.265572118183027;3.6116383736123643;-0.598984607188329  0.6379507736960813  0.4839795973923016  -4.365323466165977  -0.6150291805424277  -0.7535632577351623  0.23212394032688488  -4.945983546701421  0.5127928894132143  -0.1586229079677351  0.8437311334987625  -10.714175804187548  0.0  0.0  0.0  1.0
39885980093068;7.330304072587055;5.646492139717212;-0.636272164416303  -0.13190788550680574  0.7601039682373172  3.4633877285388435  0.4394373564521634  0.7478389067774825  0.49762614407222805  -7.1416048151411005  -0.6340761330812942  0.6506437421899813  -0.41786382734772537  8.209441776264727  0.0  0.0  0.0  1.0
39885980093099;11.7148593534829;0.5662280956614141;0.8286058354982422  0.43449894168816033  0.353019884780062  4.417364630599908  -0.3792238566659568  0.8995003324813422  -0.2169986599068121  11.61561627798181  -0.41182719180945015  0.04593279370801592  0.9101035889109105  -3.4060447568045253  0.0  0.0  0.0  1.0
