# registration_from_features.py TEASER TEASER_config.json euclidean True --input_txt=/neural_comparison/point_clouds_registration_benchmark//eth/stairs_global.txt --input_pcd_dir=/neural_comparison/point_clouds_registration_benchmark//eth/stairs/ --input_features_dir=/neural_comparison/experiments/3DFeatNet/feature_extraction_voxelgrid_0.1_npz//eth/stairs/ --output_dir=/root/neural_registration_comparison/results/3DFeatNet/TEASER_mutual_on/
id;initial_error;final_error;transformation
5494384560030;1.9653997219596564;0.3468976293516205;-0.2688277690415761  -0.9603119517435194  0.07438135472470356  9.739249487337913  0.9626794060998964  -0.2653735060552975  0.05315320644204835  -8.956336513454097  -0.031304818531352134  0.0858944562965054  0.9958123069706698  1.0455851580175444  0.0  0.0  0.0  1.0
5494384560061;3.2470421696666185;2.086675841730391;-0.46849311922682524  0.748910300215283  0.46866572252360716  7.025176345226725  0.15916925555343542  -0.45025374794491824  0.8785992889526598  -1.1291750820814872  0.8690105553580378  0.4862148955893976  0.09173728785671709  -0.2627255377453651  0.0  0.0  0.0  1.0
5494384560092;2.297685819693392;4.737631964830169;0.3563345432802345  0.5826623502297892  0.7304315702993445  6.446660728274755  0.9295736351042639  -0.14205773977396782  -0.34016533551988576  -3.2785643349014766  -0.09443807592444653  0.8002025894703236  -0.5922476387632782  7.714188352215906  0.0  0.0  0.0  1.0
5494384560123;8.759025089926762;2.689687010741229;0.3352176439962148  0.677478006822184  -0.6547157256595174  8.582981484650922  -0.88636054896842  -0.00878590686779998  -0.4629122865866846  3.250057380855813  -0.3193651646407752  0.7354905561003154  0.5975445870403477  10.813131227322355  0.0  0.0  0.0  1.0
5494384560154;2.6625673868786452;2.0817694567929217;0.9821433942748784  0.07148499425876548  0.17402370148357849  0.5279703272082508  0.04740835684121775  0.8011092097554025  -0.596637646940495  0.18859238124297978  -0.18206262874032428  0.5942339014570771  0.7834151323374244  3.255044161745772  0.0  0.0  0.0  1.0
5494384560185;6.621620892396294;0.3357354598387523;0.6326947695497867  0.7743685279511354  -0.007121200961420673  -2.897765560391576  -0.7643227040368782  0.6229552899055522  -0.16654582214046448  5.90976357346831  -0.12453165331792573  0.11081556613346402  0.9860080007912829  8.525677013953693  0.0  0.0  0.0  1.0
5494384560216;5.2200031515621825;4.374088724578163;0.043192502278078644  -0.8436982353836879  -0.5350772797992914  1.1721424642586324  -0.5943794151950554  0.40878246968784093  -0.6925388099365222  1.4066718616874385  0.8030239837883688  0.34795140477710496  -0.4838205259952259  -1.1440015174183067  0.0  0.0  0.0  1.0
5494384560247;8.503686109037535;3.856603519367234;0.8022141669269351  -0.5611825787342579  -0.20378062642678202  -4.3161611345018  0.5867031098051178  0.8042160508286165  0.09495264364212291  -2.405783768606266  0.11059788120360647  -0.19573108315950377  0.9744010733565928  8.539422998898813  0.0  0.0  0.0  1.0
5494384560278;5.489767218869771;4.245015922128092;-0.7327075597917236  -0.4273899342343991  0.5296012423882459  0.5118671459884665  -0.6802896838248883  0.48123522568000515  -0.5528278245947358  2.5828296322377096  -0.018589725804628497  -0.7653433880813436  -0.6433536511240752  6.945737520367925  0.0  0.0  0.0  1.0
5494384560309;6.344090179496548;3.769638270540581;0.36631236031634307  0.9294509167531477  -0.044002818389316974  9.064306242245983  0.9302865274393018  -0.3648281412198086  0.03830671271493794  -4.585677246661494  0.0195507428092912  -0.05496745146750892  -0.9982967232916133  8.916037230766975  0.0  0.0  0.0  1.0
5494384560340;11.288142510784303;1.9428942075423723;-0.9675242281881927  0.024546620893324878  0.25158364666957445  8.843475083716012  -0.09835317616258035  -0.9534029439759789  -0.28521830087963995  -7.701416792729859  0.23285944388745403  -0.30069966714423824  0.9248546856516269  -5.244642635509274  0.0  0.0  0.0  1.0
5494384560371;4.893298023722126;9.114749805575558;0.2805116903981185  -0.91517229520561  0.28943541876917095  -2.8923313831791146  -0.5368216737914431  0.10039176349086781  0.8377016081940791  -2.70911732692617  -0.7956982355753612  -0.39036030012193723  -0.46312326004096094  6.5042350116856635  0.0  0.0  0.0  1.0
5494384560402;1.640061358821845;0.18007429959394297;0.6233995446423019  -0.7699322586248859  -0.1362986605530384  0.5078312207796452  0.7199882349262675  0.6332303015230016  -0.28396536197368577  -1.5497945077131312  0.30494253443481517  0.07889044531418532  0.9490976495232727  0.32906480144732275  0.0  0.0  0.0  1.0
5494384560433;4.064579359510598;0.27089982172155935;0.17105460648918214  0.9554734738692401  -0.24043868725951453  9.27546282061141  -0.9717707319273561  0.20385731689799166  0.11875958452488292  9.177524434605022  0.16248681844445734  0.21333690510410822  0.9633718901610114  5.114388545628762  0.0  0.0  0.0  1.0
5494384560464;8.086453804333049;0.4107766783875759;-0.8422856155764047  -0.41788449887758883  0.34048125850170186  2.130318403619004  0.45988323577089174  -0.8865980509336989  0.0495106608465335  3.7859801460879923  0.28118028247011  0.19828374032782525  0.9389468606218545  -5.196330336721435  0.0  0.0  0.0  1.0
5494384560495;3.79668680245774;2.7915912637713074;-0.6255629041185452  -0.35645724164530657  0.6939807546822832  2.7997166780912144  0.7761800795237311  -0.37424179605967944  0.5074323228102048  -3.6625483884102987  0.07883867795255312  0.8560848748580041  0.5107867949526972  0.9487018003070612  0.0  0.0  0.0  1.0
5494384560526;3.919459476654856;3.5384823969882335;0.8263702568373813  -0.562791698166362  0.019434584882188344  1.0946727727073293  -0.4487758954272689  -0.6373238715311689  0.6264331396565594  4.6699016872543995  -0.3401652455762835  -0.5263874877421996  -0.7792328396894486  10.836361822388954  0.0  0.0  0.0  1.0
5494384560557;4.769841275602151;1.4183443453082474;0.5460232645457939  0.7296307191164371  -0.41170087235320096  -0.4626319747754481  -0.7774719482729524  0.2582518127480652  -0.5734486645385077  -0.6703543898347919  -0.31208326488841764  0.633202191194859  0.7082789145828192  4.6411395400214985  0.0  0.0  0.0  1.0
5494384560588;4.0033637514024445;4.631951635525312;-0.7514159033818097  -0.6224690254039175  0.2188754270300703  16.0546534703471  0.6548466966756774  -0.7442046453968703  0.13166339515093714  -3.5329221711946213  0.08093172429802728  0.2422638193837774  0.9668289909905126  -3.477062938931296  0.0  0.0  0.0  1.0
5494384560619;2.5680413302481218;3.1585346858254706;-0.46070453253751864  -0.687179801975217  -0.561725247302173  7.109761302158645  0.7086680324748231  -0.665842939436445  0.2333298089634024  -1.0858663952900498  -0.5343603217377291  -0.29058062523151157  0.7937392183786902  2.4188291471565  0.0  0.0  0.0  1.0
5494384560650;2.1252762310053015;0.2508806630453541;-0.0980581202515993  0.9917974222446068  0.08199072070471425  11.58524125116257  -0.9951770675921167  -0.09750211924724689  -0.010767584736272887  10.224985703913907  -0.002684993757917059  -0.08265113411957041  0.9965749248487392  -2.32935296802369  0.0  0.0  0.0  1.0
5494384560681;5.499161925361485;2.0758166464193737;0.6671631094142028  -0.6529983608917961  0.35845017242205557  -5.520332084329361  0.3822199806560218  0.7131116059898888  0.5876901596843636  3.17135336524392  -0.6393756891093721  -0.25507837633784314  0.7253507772800457  10.606499891679501  0.0  0.0  0.0  1.0
5494384560712;3.9543429907625507;3.8781684325367856;-0.0627701459593995  0.9109687320320397  0.40767128674481623  2.438371864164503  0.9178708422647452  -0.10769881460726119  0.3819870184343947  -3.316467533106102  0.39188394416771344  0.3981669682333395  -0.8293913670345431  8.05656726789416  0.0  0.0  0.0  1.0
5494384560743;2.252255054334342;0.0882129557899808;0.501938232986895  0.8648910222852377  -0.0046400254729224155  3.30011103423622  -0.8615268078519427  0.4994978351265923  -0.09095862826741341  11.440776291328884  -0.07635161830920853  0.049653119481496186  0.995843862313426  -1.9764522463024088  0.0  0.0  0.0  1.0
5494384560774;4.093777341873709;3.126131887530886;-0.2684124769228154  -0.47426868030227  0.8384652414480294  -3.30107777933842  0.5563831182600225  0.6342167400868508  0.5368490964031345  -5.256863113147696  -0.7863794045798841  0.6106049012888378  0.09364340112701747  5.51666245690801  0.0  0.0  0.0  1.0
5494384560805;2.4081201720064747;3.292434371958791;-0.6866845261496509  0.5449099927311145  -0.48118339681290606  18.438262551496162  0.5779815846168059  0.007779700713617221  -0.8160127230017021  -8.534446599925795  -0.4409100241437883  -0.8384584522077309  -0.32029014117037785  13.231546037934319  0.0  0.0  0.0  1.0
5494384560836;2.3977526989083033;0.3850200851606965;-0.8960859883625294  0.4308095159518681  0.10692549941742925  15.320304278900108  -0.4313868418716268  -0.9019697344630463  0.018867717739219747  3.4860707240057294  0.104571956663217  -0.02921915601073713  0.9940879975141269  1.6202143124562802  0.0  0.0  0.0  1.0
5494384560867;5.82100797182095;0.7902410232816203;-0.012358720468328376  0.09947849347610273  0.9949629597950422  1.8054325299307117  -0.3540401896000752  -0.9310156347902997  0.08868727036028781  2.017903842502733  0.9351485476523662  -0.3511608137474065  0.04672554667342578  5.17106177616359  0.0  0.0  0.0  1.0
5494384560898;7.426959109966299;6.192521945418201;-0.6994125817051698  -0.21114251172852144  0.6828183362311533  9.416376186864529  -0.5277148253238813  0.796872052186113  -0.2941292157846245  6.418017969688277  -0.4820156674693206  -0.5660510331990075  -0.6687653730034483  13.377771460567935  0.0  0.0  0.0  1.0
5494384560929;3.2277640385532322;1.8487704206638231;-0.2262171191033288  -0.9733995286108305  -0.036320417464612995  14.56616231648489  0.30159211415355985  -0.10544703371100048  0.9475880538303223  -10.014699496050618  -0.9262116452004784  0.2034066881441331  0.3174235459339127  11.902308949252994  0.0  0.0  0.0  1.0
5494384560960;7.03502339552627;3.619148014539646;0.6841602358716871  0.6949696138406176  -0.22122840570374738  -7.605356923815134  -0.25260599490798014  0.5103519100266634  0.822028673021013  -0.9377967343892855  0.6841892888583895  -0.5065157093026443  0.5247159738764311  -3.3192503223829886  0.0  0.0  0.0  1.0
5494384560991;7.791752238870199;2.4012816618134054;0.7529639923830488  -0.5976724468206555  0.275377690610534  -6.833880817419698  0.524956459009172  0.29319951640572695  -0.799033641171634  -5.435251170653656  0.39681978569513354  0.7462048578579872  0.5345206897679542  -0.5958658729388413  0.0  0.0  0.0  1.0
5494384561022;4.731288337239354;4.328917787342167;-0.4570336844809523  -0.001737862141443669  0.8894476887849798  10.086171081068194  -0.6287443712280409  -0.7066892257831239  -0.32445470224840883  2.228119455110037  0.6291269561056972  -0.7075219558411071  0.32188810960325  -1.3054641491468284  0.0  0.0  0.0  1.0
5494384561053;4.703195918816284;4.773556445973711;0.6984836443204693  0.6075409002331527  0.3781727821521361  -3.6749963433193344  -0.13394016765018027  0.6300983300480799  -0.7648765429534772  7.967817171822273  -0.7029798219768744  0.4836012293351948  0.5214875078837947  0.465679275069274  0.0  0.0  0.0  1.0
5494384561084;7.769594886748286;2.4522603449999374;-0.23845017127653528  -0.9697990183841886  -0.051296976121947696  10.31803168271156  -0.9677824607871327  0.2416884811336838  -0.07059593954396615  5.359840948138699  0.08086176111731236  0.03281069990655067  -0.9961851402026878  9.327225763478586  0.0  0.0  0.0  1.0
5494384561115;2.7618695788486547;2.7341606470664526;-0.24985611545001363  0.9662672399815124  -0.062446317031031554  9.096724090196423  -0.9678574256272853  -0.2511382097709695  -0.013476025050296919  11.229650092662691  -0.028704097797235595  0.057072064370785214  0.9979573408909344  -1.6212423601796497  0.0  0.0  0.0  1.0
5494384561146;4.978157980828911;2.606316631510626;-0.5052428864796679  0.8629115988667168  0.010639464412205922  15.285122109300783  -0.7987220536326561  -0.4629199986332086  -0.3843802230946105  4.0761152499668745  -0.32676093203215933  -0.20270334828688857  0.9231135606688694  7.471491311993336  0.0  0.0  0.0  1.0
5494384561177;7.540163639644457;1.9681619135694417;-0.9166817610856298  -0.3776988431507279  0.13053019871106192  12.3956287226722  0.3711040158712532  -0.9257520860524953  -0.07255952434850554  -4.600070185779228  0.14824425215560985  -0.018073711629175822  0.9887856100544594  6.235966763160371  0.0  0.0  0.0  1.0
5494384561208;2.258030642572619;2.380247624961171;-0.6092202330603848  -0.2587589978160402  0.7495962170923016  -3.531030040401019  0.37423643900375003  -0.9271967826212609  -0.015912699914695905  1.676069558578398  0.6991407550355241  0.2708318802246538  0.661704085904218  0.1813380594899198  0.0  0.0  0.0  1.0
5494384561239;3.8492329696698255;3.5417531982097064;-0.12903471203254893  -0.989945625631494  0.05794567614367459  16.296889860280682  0.4629410559043644  -0.11181179772965077  -0.8793086492504302  -9.384824467400769  0.8769467611256854  -0.08663590584471377  0.4727140763396373  -6.755860822284036  0.0  0.0  0.0  1.0
5494384561270;9.123550834747231;11.229742290628959;0.06656178642661778  0.9754379980001253  -0.2099767621552552  -0.9889266601903826  -0.98230588339208  0.10098321306945329  0.15772616184854865  10.665971485415282  0.1750562196581501  0.19576287374187337  0.9649001073807179  -10.809943331349652  0.0  0.0  0.0  1.0
5494384561301;4.160514649695006;2.0424878510593762;-0.32603974012774406  -0.7071156233437299  0.6274436891711013  7.532195568162824  0.9239486027409766  -0.3787966247021679  0.053217446455470996  -5.379354709937063  0.2000426638255671  0.5970767223208867  0.7768412452439156  0.80365849609797  0.0  0.0  0.0  1.0
5494384561332;6.482396831003189;2.136865072821629;0.6194598138934739  -0.676920648219493  -0.3975524807936242  7.611178483627072  0.6907837072989644  0.710610950886963  -0.13360369085405283  -3.4641479714373165  0.37294424342167043  -0.19186065905658722  0.9078006823113813  -4.674851290463321  0.0  0.0  0.0  1.0
5494384561363;2.945345827521586;1.559317063786708;0.4168901765409413  -0.9027195034490217  0.10630182875385995  -0.8625667925558103  0.6834918457456096  0.38842527040929337  0.6180329328658198  -4.853492794996356  -0.5992006988504958  -0.18499542534943803  0.7789320991568252  2.0459119431256876  0.0  0.0  0.0  1.0
5494384561394;1.7737978589250467;2.319162481656791;0.31999413419791867  -0.7063605569136306  0.6313941064941846  0.4551171017578548  0.9408525247746435  0.15859134882934992  -0.2994082675907038  1.237018298505334  0.11135654764809999  0.6898576285822697  0.7153294147333404  -3.1485828123633546  0.0  0.0  0.0  1.0
5494384561425;2.0770362960670123;1.5434174228942383;0.3249633298825432  0.10352838040799295  -0.9400429291695924  5.107689248226714  0.38058076609495023  0.8956371265384646  0.23020082112039356  -3.5703516295154967  0.8657696660834395  -0.4325690835184833  0.2516483126781287  -4.874035039058304  0.0  0.0  0.0  1.0
5494384561456;3.2026873730298178;0.3839611831836243;0.054381020800896795  -0.9923583698545012  -0.11075906444336413  1.150752087699248  0.9626174481573324  0.022625142212275323  0.2699180457897169  -3.239023618024317  -0.2653494923298665  -0.12129702683739291  0.9564918599761797  4.377606825206057  0.0  0.0  0.0  1.0
5494384561487;2.7650958552301788;0.9916393661361976;-0.24379988144294784  -0.8448810247578711  0.47616979304917506  2.523226196286998  0.9692219429854112  -0.19493839780321526  0.15035905791637413  -6.163277248874995  -0.0342117383947195  0.4981717325039678  0.8664031866804307  -1.2897820606186692  0.0  0.0  0.0  1.0
5494384561518;5.145762913418466;3.1575681741558674;0.3562675717634465  -0.22359623825296315  -0.907236540020794  1.1700503504494153  -0.9057991134626081  0.15567829976347397  -0.39407135525575465  7.216857420345949  0.22934991467216792  0.9621688984902174  -0.1470701445501134  -1.324452614298033  0.0  0.0  0.0  1.0
5494384561549;4.6377896203071325;0.3219103276740328;-0.9311784913838939  -0.3549861609489541  -0.0830147138689188  5.993169911986536  0.3476695929847817  -0.9332130534852697  0.09077031959013465  1.502449151953755  -0.10969262189323126  0.0556616774758203  0.9924058173765239  -4.24767011053147  0.0  0.0  0.0  1.0
5494384561580;4.567914726536869;3.061900996089865;0.1729900953477635  0.4955314277042498  -0.8511891864144889  9.2483138625886  -0.31000543185669893  -0.7928999835592196  -0.5246010372570099  1.993991835807411  -0.9348641928809303  0.3546240547808016  0.01645359048687306  4.4827770026146645  0.0  0.0  0.0  1.0
5494384561611;3.9710273671971175;1.7283492186274354;0.08882388352950088  0.520195438021082  0.8494156956265836  7.73176956159368  -0.7719876977747324  0.5748283876547078  -0.27130668851091394  9.992760808670505  -0.629400756433615  -0.6316399536194206  0.4526429683453061  4.799391254894902  0.0  0.0  0.0  1.0
5494384561642;3.9300328799679396;7.304334522410616;0.8290743910239999  0.16714139023709007  -0.5335723098304457  6.588833866597004  0.5040657150063075  -0.6364038785174415  0.5838731526308931  -5.112930335055324  -0.2419781169927656  -0.7530297863149711  -0.6118764024041664  11.569944064010075  0.0  0.0  0.0  1.0
5494384561673;1.856504570527757;1.9849696251292104;0.22882209124075667  -0.0675879150792798  -0.9711191092216459  4.7690349734388215  -0.9729917770363954  -0.04708797590408128  -0.2259861153805996  1.8583626398089022  -0.030454102839581422  0.9966015233083347  -0.07653725471783994  3.851169292143047  0.0  0.0  0.0  1.0
5494384561704;3.161923902897827;2.892990765302361;-0.7093650161006709  0.5850835342569563  -0.3930375705627693  5.8706329076719355  0.6434709905150154  0.7651442859293991  -0.022345157757656248  0.8812402557988347  0.2876566673972972  -0.2687591480321723  -0.9192508700299941  -4.116250908530819  0.0  0.0  0.0  1.0
5494384561735;3.569181629467939;5.378848952646444;0.5111742662665353  0.8593518327516632  -0.014673004233174403  8.724992989990715  -0.8593012742820807  0.5106499225085757  -0.028947826501798814  7.332937361186201  -0.01738359928385947  0.027405915207181095  0.99947322439753  6.723087587725112  0.0  0.0  0.0  1.0
5494384561766;3.9022771741523186;1.96262309015046;-0.7126631308746552  0.5870041933933726  -0.38410589533425493  12.605262312353899  -0.595526043466356  -0.7956324430616626  -0.11098534633472149  8.116329075334333  -0.3707559756028779  0.14964989972040055  0.9165941926874902  9.685699409611145  0.0  0.0  0.0  1.0
5494384561797;1.7821658772718727;4.146204742729004;-0.07532222287275023  -0.044130170627755705  0.9961822578132347  8.750648831410597  0.6892647321683196  0.7196242137644913  0.08399476146029458  -3.6657222939553615  -0.7205835772000649  0.692959969265327  -0.023786325175514877  14.188892270783342  0.0  0.0  0.0  1.0
5494384561828;3.031970333042847;2.429307994795132;-0.9844797644896937  -0.17545488810666707  -0.0038955808031931743  4.39197877361656  0.1754981026755203  -0.9842248743247237  -0.022401176705115045  -1.88934462807269  9.62684258090222e-05  -0.022737172206723333  0.9997414724479683  -0.11001520314117375  0.0  0.0  0.0  1.0
5494384561859;3.9115043062921147;4.22166980486021;0.7139757806013152  0.5160760462280518  -0.47318505811613  12.571772958403585  -0.4208906404933964  0.8564232782548811  0.2989820014787211  0.07881201922699527  0.5595441479095301  -0.014306745709110835  0.8286770562573896  -0.41558423781786463  0.0  0.0  0.0  1.0
5494384561890;2.700280821168816;2.094017962483464;0.7109578333316446  -0.5348375885372996  -0.45660454784417026  1.7644145204958224  0.36074226911531465  -0.2799824066451029  0.8896487325021883  -5.670114499310017  -0.6036588229272453  -0.7972192959636782  -0.006117159902273286  5.322843642910999  0.0  0.0  0.0  1.0
5494384561921;4.363288827751439;2.6098737307831588;0.3793383317520417  -0.8038111734956723  -0.4582466883972965  5.074657793717994  0.8993443269026364  0.4367096046622539  -0.021552328500246527  -7.451905939098812  0.21744473259111757  -0.40394593519337296  0.8885637116769569  -0.3578281472074519  0.0  0.0  0.0  1.0
5494384561952;5.900960080460973;2.0163075334168132;0.6886948038882424  0.6883967276503172  0.22761681057793276  -0.7119434049555403  -0.704001367693494  0.7099905129630938  -0.017191445200834432  1.946660852964267  -0.17344031072108385  -0.14840288697575177  0.9735990148691795  8.715626297712177  0.0  0.0  0.0  1.0
5494384561983;1.9280359265963185;1.8288261792361116;0.7006465206293805  -0.5261924734818172  -0.48188788528145304  3.056624692059908  0.702632801071596  0.6263020822909372  0.33771711324171827  -3.8301790201355717  0.12410318282875155  -0.5752105549875836  0.8085364663654016  -1.9460880654642316  0.0  0.0  0.0  1.0
5494384562014;2.290467177188447;1.2294390983766774;0.24104731657574952  -0.30381346919468366  -0.9217340001906844  2.3526012744203926  -0.1440423162716197  -0.9504193170935632  0.275599224996209  -1.1551668532342572  -0.9597645556566132  0.06633624673807938  -0.2728580218244785  5.210651083620347  0.0  0.0  0.0  1.0
5494384562045;2.843775395138052;2.2868067860685124;0.9157151159107935  -0.397255544482532  -0.06044715766989872  0.589503607117481  0.3273084559066317  0.8246704883937669  -0.46128923710011116  -3.8229678751657956  0.2330986940857867  0.40262466137865044  0.8851883307326344  -2.234566384129499  0.0  0.0  0.0  1.0
5494384562076;7.910208896373804;2.2698513248876098;0.6925555480948946  -0.7210751002543101  -0.020433124974352925  -7.544100231864521  0.721364353859312  0.692298315520853  0.01888150704067537  -7.012120719675778  0.0005308334182641816  -0.02781622045186318  0.9996129131297057  3.2998464767191775  0.0  0.0  0.0  1.0
5494384562107;6.000656068192277;0.13022426593506528;-0.06523384566365781  0.9944428038695206  0.0826320471249305  11.375269092793117  -0.9962984097059256  -0.060261705573290754  -0.06130257465100357  3.0895546469227058  -0.05598235612560372  -0.0863251798348818  0.994692886839502  2.3063982314162685  0.0  0.0  0.0  1.0
5494384562138;3.161989247048879;1.987922218649739;0.9670324815983832  0.07597315904145738  0.2430560812630167  -3.154824751830198  0.07920669212145476  -0.9968519138327516  -0.003544264543953131  -2.193174099207231  0.24202165080184423  0.022679087134227213  -0.9700057626374744  3.8276117437687542  0.0  0.0  0.0  1.0
5494384562169;5.267286062056453;4.095127342594579;-0.4581646610355394  -0.22095050758050694  -0.860968069430049  -1.8780049534951933  0.8063995183499391  0.3041280741927231  -0.507174458438919  -6.391534800049935  0.3739050149211355  -0.9266536503396192  0.03883364686819546  0.28225447732270376  0.0  0.0  0.0  1.0
5494384562200;6.316421781002835;0.16218781159439155;-0.012178904785061465  -0.999920276392106  0.003333937337712284  2.6942810334584077  0.9905994248968828  -0.012519564978777056  -0.13622055603582056  0.5898166648077775  0.1362514354867579  0.0016435792276514039  0.9906729253265782  -5.985440591023559  0.0  0.0  0.0  1.0
5494384562231;6.809241551181215;0.3543446936467739;-0.18754796639865032  -0.9356148785729491  0.2990828635891004  0.020484045336261584  0.9822138656094557  -0.17583343237465104  0.06586749018961391  -5.069326708232645  -0.009037837366349463  0.306116649420241  0.9519511092716185  6.462364206688458  0.0  0.0  0.0  1.0
5494384562262;9.226605709293516;3.064876892941947;-0.20666774065343996  -0.8323752846015664  0.514237134557262  3.7455973339317468  0.9646362628948917  -0.08546211904667383  0.24934535591470205  2.0125574916650275  -0.1636011163818259  0.5475834290704142  0.8206016469189585  6.551761337411454  0.0  0.0  0.0  1.0
5494384562293;3.35198828640729;2.1015445046371917;-0.7268488259760211  0.32872271376502843  -0.6030192050276966  4.225241211804375  -0.40045407692184354  -0.9161639140433956  -0.016739620107983872  3.6982509767511123  -0.5579671284708037  0.22931432589273731  0.7975510162280561  1.5204458753738852  0.0  0.0  0.0  1.0
5494384562324;6.007210908334361;0.654354495878222;0.9032541682987765  -0.4257800392061447  -0.053322281126176985  0.43473111079285587  0.4083236971620939  0.8146431435416515  0.41185957196167566  4.245891862581791  -0.13192295397982773  -0.39378662609869075  0.9096858948664898  -2.1943857184053948  0.0  0.0  0.0  1.0
5494384562355;2.8594967283924566;2.27102355761106;-0.9351732210837452  0.34846423489576783  -0.0634328271982175  9.739024982604281  -0.28848595103346075  -0.6454729961749704  0.707206099567322  1.2036464325054392  0.20549185537186465  0.6796596855834636  0.7041560971605763  1.3529454276700434  0.0  0.0  0.0  1.0
5494384562386;7.555953592991905;3.880426678107141;-0.7177073271502294  0.6095556123047373  -0.3366573154747578  -0.4382998651786088  0.6431964063257963  0.7655559074727583  0.014917621229360668  -3.316424111915283  0.266823116398214  -0.20583028941669015  -0.941509063426469  -8.004079540060944  0.0  0.0  0.0  1.0
5494384562417;3.909277903469262;0.2816801503003396;0.158366991044696  -0.9576182863249558  0.2405974103009083  6.443395193700137  0.982313144782445  0.17746015398733891  0.05973926124763207  -4.2968564930430855  -0.09990386246323044  0.22688127168817723  0.9687848609583463  -0.35008024916642366  0.0  0.0  0.0  1.0
5494384562448;8.322743061723811;8.312948258591794;0.33856749283973686  0.3644359143374686  0.8675013067040473  10.8570194135384  -0.18309228548807632  0.9298433201063555  -0.3191686310531525  -2.6394573116210402  -0.9229568071079862  -0.050772673699579725  0.38154012609216936  11.473682283090117  0.0  0.0  0.0  1.0
5494384562479;5.142564597723577;1.6144036513818756;0.03516158372341516  -0.2653973117701349  0.9634977581371151  6.0502936128672715  0.4675437440452985  -0.8477140419114764  -0.25056685844343457  0.8272938631592418  0.8832703495726353  0.45928767679014987  0.09427788454638128  -0.3876884333969873  0.0  0.0  0.0  1.0
5494384562510;7.409784479444804;0.4475670322976764;0.16329226332020852  0.9184505006104816  -0.360255901642318  0.1809458225511081  -0.9755462058222748  0.20477045841941222  0.0798665115331062  6.47123381826177  0.14712320362719056  0.33840469454051564  0.929428332722547  6.134838866086293  0.0  0.0  0.0  1.0
5494384562541;3.4584512201369555;8.834467767425142;0.9258389470882564  -0.17250053987494152  0.33625259522769946  -12.29012164030958  -0.050297625808491564  0.8255898558260679  0.5620245001733659  -5.6122591363677  -0.37455626131802733  -0.5372568786902094  0.7556868752383594  0.8549573386794357  0.0  0.0  0.0  1.0
5494384562572;8.23556210803444;2.147881913777571;0.07504362009456295  0.8650836370233216  0.49598261666877363  8.754059671131765  -0.6268271127518706  -0.34590741782496487  0.6981660468776875  4.518601512101271  0.7755360892971102  -0.3632882591664176  0.5162997336330684  2.5815648841830665  0.0  0.0  0.0  1.0
5494384562603;7.97771549928889;2.8339740228667063;0.28917987277731855  -0.30504143707343456  -0.9073724278644728  1.8449697592075545  -0.5133316310011957  -0.8494773101152097  0.12197924500947169  -4.905558100010646  -0.8080010134858411  0.43050902576787203  -0.4022391588821897  12.79019702289947  0.0  0.0  0.0  1.0
5494384562634;7.765621830691003;3.4553099594195973;-0.9754203428141915  0.22030728048776568  0.004456118078499452  6.759631087072027  -0.22021558947443465  -0.9753279919563363  0.015504910797801974  -1.4974690872874157  0.007762021429492338  0.014142498736271047  0.9998698619084501  7.1822652612762425  0.0  0.0  0.0  1.0
5494384562665;9.270386005314265;8.65016879253842;-0.08548389165752986  0.980444106562306  0.17726211714386525  8.45099084583632  -0.24051980846406223  -0.1929584251927273  0.951271395493186  -8.95839377702858  0.9668726524230036  0.0386833304458701  0.25231106583366714  6.369828027820397  0.0  0.0  0.0  1.0
5494384562696;6.577937540194185;0.27090855716553397;0.3622743547939937  0.9264939841360262  -0.10181448432490667  2.423722702256958  -0.9245739163090522  0.3433825345394348  -0.1650803084992737  7.358807428313088  -0.11798459704358416  0.15393937876003336  0.9810108574972234  7.0132811459397  0.0  0.0  0.0  1.0
5494384562727;4.59848726203546;6.360413106971155;-0.9921227140876968  0.06312801784420119  0.10820061716240004  5.880931485151217  -0.07228015085723043  -0.9939364895578197  -0.08286033138682172  -4.030445092490569  0.1023137331120218  -0.09002837379704323  0.990669870303999  3.259811708047394  0.0  0.0  0.0  1.0
5494384562758;5.063388290222;2.351015219248798;0.4583412733568615  -0.8825763038313308  -0.10479668436090003  6.353401181953399  0.733994661487313  0.44236917468214143  -0.5153264501257107  -4.04953392011609  0.5011737363886263  0.1592751744826179  0.8505623461850379  -0.34144613295840587  0.0  0.0  0.0  1.0
5494384562789;4.438629717023098;7.313930773134094;0.37372279615197423  -0.3211768156505699  0.870159022664771  -2.1132900901594893  0.9274742805017266  0.14060364619612525  -0.34644202066747104  -3.7717106499614306  -0.011078386351596858  0.936523394136481  0.3504300238149267  0.8688153664682953  0.0  0.0  0.0  1.0
5494384562820;8.161517273743991;1.9811618253306766;0.9585388917707527  0.0038539427756510147  -0.28493567710622103  0.4526975021772543  -0.027306334912379937  -0.9940649604804025  -0.10530535797740681  -8.274458942596151  -0.28365041342566677  0.10871983016073372  -0.9527446885148565  -4.202497876996799  0.0  0.0  0.0  1.0
5494384562851;6.219799808788275;2.1904255838433393;-0.3539813836211182  0.8803311491604581  -0.31577562899550327  5.542396772532491  -0.9294396162341213  -0.36870884773078216  0.013992332886558753  8.844282699598574  -0.10411138181893505  0.29844740478494014  0.9487307135077296  5.949168534968083  0.0  0.0  0.0  1.0
5494384562882;6.86050681050468;2.198936827199727;0.743207492913939  0.4350157056765359  -0.5083344944928708  -6.978842061994472  -0.5008706645591359  0.8654818104921518  0.008355422868858778  3.325510881672733  0.44358899880482494  0.24840002319237608  0.8611191721343568  -1.8487793278780524  0.0  0.0  0.0  1.0
5494384562913;3.2808971466396697;7.337377815057251;0.9187394337687267  0.3362754328398569  0.2069702541591101  -6.456111012379591  -0.394829264731872  0.7753628707844266  0.49287145415434896  3.0503638235497057  0.005263511148373645  -0.5345383539815455  0.8451278267653309  2.332872972985572  0.0  0.0  0.0  1.0
5494384562944;2.926015559566035;2.1019112575576364;-0.7562699217167475  0.5290793355656112  0.38487772367856826  3.568972966066621  0.4717036842452051  0.03328131462578959  0.8811288148541503  -1.6703656191074108  0.4533778112965441  0.8479194600752071  -0.2747383290509804  0.014579939523522071  0.0  0.0  0.0  1.0
5494384562975;7.45090069206603;3.734202729489548;0.8437900495916775  -0.5150370726768683  0.15084815536995158  -3.0737116710049204  0.5269346382053087  0.8483818947132187  -0.0508728589942552  -9.857596910660636  -0.10177543549164932  0.12241313038743662  0.9872470745660551  -1.0731752358577626  0.0  0.0  0.0  1.0
5494384563006;1.7422069969351626;7.03239205065808;-0.852496509955639  0.5227176808329318  0.003990821732008278  5.752378678372247  0.5163994316845871  0.8409581956076273  0.16161973950047093  -4.21628522923397  0.08112538116576735  0.13984112193845455  -0.9868450400877049  5.478605531146526  0.0  0.0  0.0  1.0
5494384563037;5.728273913522797;0.19222249971875255;-0.577177745345395  -0.8035775845637584  -0.14535788889730347  0.9933199204760852  0.8165335194354297  -0.5704699604790098  -0.08852703445539933  -3.747507291770011  -0.01178396861829485  -0.16978542274810077  0.9854105988398192  3.9716097876592804  0.0  0.0  0.0  1.0
5494384563068;4.596809114569144;3.821608538600561;0.8341357033277434  0.5467048429746766  0.07301673165764688  -6.0558806176080715  0.5502335406353033  -0.8156338717231583  -0.17884193595974296  -2.135440472539002  -0.03821883297366101  0.18935469882188033  -0.9811646746801513  6.986037544550605  0.0  0.0  0.0  1.0
5494384563099;7.571012982470478;1.7485632447799906;-0.6991117625571741  -0.10357678483622551  -0.7074705598801919  9.202603590449222  -0.2770489697319382  -0.87291576990954  0.40157431069940963  3.13100035147533  -0.6591559844412196  0.4767493138812312  0.5815698409383881  -4.229250936366722  0.0  0.0  0.0  1.0
