# registration_from_features.py RANSAC RANSAC_config.json euclidean False --input_txt=/neural_comparison/point_clouds_registration_benchmark//eth/gazebo_summer_global.txt --input_pcd_dir=/neural_comparison/point_clouds_registration_benchmark//eth/gazebo_summer/ --input_features_dir=/neural_comparison/experiments/3DFeatNet/feature_extraction_voxelgrid_0.1_npz//eth/gazebo_summer/ --output_dir=/root/neural_registration_comparison/results/3DFeatNet/RANSAC/
id;initial_error;final_error;transformation
36535719080030;2.8719654907800902;4.093134203709897;0.00911254257604567  -0.9184979087957355  0.395320823010451  -1.409851834050579  -0.9838120822285189  -0.07899202634466532  -0.1608541160031334  18.149655407097484  0.17897136203590103  -0.38745561205359286  -0.9043491583781069  -0.09414232834624325  0.0  0.0  0.0  1.0
36535719080061;2.8185456084080336;5.911869940724706;0.8734617439608418  -0.4163733117677625  0.25238432416540896  0.31330570258606993  0.22314927609896384  -0.11837267706638809  -0.9675703126391616  6.488198977314008  0.43274586354278743  0.9014550319187765  -0.010480601839816327  0.44121769860573856  0.0  0.0  0.0  1.0
36535719080092;1.9001870719663094;4.241127700414909;0.6105952575874742  -0.7851076121422247  -0.10382422052691148  7.5284749275048  0.7916835763466749  0.6017728691134732  0.10538751796051646  9.808975098971155  -0.02026194350562739  -0.14654504889375713  0.9889964622232484  0.7633294131172215  0.0  0.0  0.0  1.0
36535719080123;2.152334886682317;0.07925891257710675;-0.17364479053604348  0.9555291510770854  -0.2383516900749778  3.560743388097155  -0.9828046886010756  -0.1835704907773783  -0.01992031574789116  -0.4867419787482232  -0.06278877912045111  0.2307940994862241  0.9709745891932017  -2.3877876130862545  0.0  0.0  0.0  1.0
36535719080154;3.7084111945439853;1.527635543039547;-0.1981282986112814  0.9603410460255398  -0.19618932847627135  -8.683568502374769  -0.92343073198837  -0.2499960145218253  -0.2911660624843247  -3.2035408549911075  -0.3286652712241153  0.12347901862978476  0.9363397201066522  -5.940991172922885  0.0  0.0  0.0  1.0
36535719080185;2.3222284832250804;8.75263171789753;-0.6587641359240262  -0.7512819634719363  -0.04006525404918171  -0.706896203526874  0.5615108878911483  -0.4555229349272462  -0.6907998107519745  -20.641039159109507  0.500734796074696  -0.47757121680124526  0.7219351749866552  -10.83126094170348  0.0  0.0  0.0  1.0
36535719080216;4.7404660091141455;7.5862733232233435;0.3886290775551803  0.8827165000883561  -0.2641571890946218  -1.9617581433430256  -0.9213709214712683  0.3702640735834871  -0.11823764578401996  17.821355813237673  -0.006562403964618435  0.2893373399427117  0.9572047004528762  -8.676327167875332  0.0  0.0  0.0  1.0
36535719080247;2.9917173628249674;2.249402100459527;0.8010344677626735  -0.5919587855300686  0.08904256111510947  0.12328779972496484  0.5742307465787327  0.7178279352833826  -0.39367766638511287  0.2237340560567176  0.16912371548603938  0.36648035630926157  0.9149258534436738  -3.3158731910203274  0.0  0.0  0.0  1.0
36535719080278;1.8936058971638152;5.477831930245675;0.6536202910880434  0.7030225633882478  -0.2802495146204515  8.336198718788266  -0.6196218780813618  0.2844630552128915  -0.7315391297954428  14.00734560689552  -0.4345678810967367  0.6517975495397055  0.6215389860122436  3.131383513690369  0.0  0.0  0.0  1.0
36535719080309;2.0474131250721026;5.010705991714513;0.7754294436042  -0.62011754364642  -0.11901012584486742  11.603736902311674  0.6039460525166561  0.6733755044244536  0.42639722758322485  -8.252100096151333  -0.1842778978641476  -0.4025166606527515  0.896672735314132  -5.501805486785897  0.0  0.0  0.0  1.0
36535719080340;2.643359974182583;4.0455398189444045;-0.08677745905412763  -0.9961941383989722  0.008179927850459859  9.18091879158713  -0.9952107585840778  0.08705686286375833  0.04445951671829734  0.9503469765852006  -0.04500242880793176  -0.004282668309630838  -0.9989776975255935  6.941614378160624  0.0  0.0  0.0  1.0
36535719080371;4.184735305781556;0.03514196364854269;-0.977482896348775  0.1563139797293839  -0.14175022781911575  2.8828952768732625  -0.14756971669330343  -0.9865502545418495  -0.07029775230026718  4.508219106784884  -0.15083224476439902  -0.047796809564795734  0.9874032099070565  -4.671780583585321  0.0  0.0  0.0  1.0
36535719080402;2.5739270336253104;2.677100419599423;-0.8643787847234644  0.5027045552990798  -0.011723762260516659  4.878602231658718  0.3536097149127304  0.6242623978120895  0.6966036378007496  -3.6801796920764493  0.35750452590047616  0.5979837696455104  -0.7173603872540084  3.1876154667463865  0.0  0.0  0.0  1.0
36535719080433;2.734748311517099;3.4371138041355005;-0.7604768675336054  0.6492344680813793  0.013020729678606482  14.818091878145673  -0.6211106909644432  -0.7330921063953536  0.27712357010997  -6.9899136977705165  0.18946356778005338  0.20265875010941903  0.9607460577531097  -2.716986473305519  0.0  0.0  0.0  1.0
36535719080464;3.7323423107611307;0.04954961063054067;0.3115928169068946  0.9010079280078381  0.3018188697199826  -0.740083218611676  -0.9483464710202859  0.2749619572736266  0.1582241857480251  1.656843385024989  0.05957253860123529  -0.335530379726304  0.940143859696656  9.311192666702427  0.0  0.0  0.0  1.0
36535719080495;4.095283908390811;6.466120240867902;-0.05830921936298471  0.7516095076813203  -0.6570260138687982  2.4618351068901996  -0.9968316428687527  -0.07950171548395425  -0.002480526293198128  16.1298624011357  -0.05409908236617501  0.6547996832605765  0.7538638233056327  -3.546691613683249  0.0  0.0  0.0  1.0
36535719080526;2.3278553928468253;5.660726640082579;0.6420243003570307  0.7644483708204098  -0.0585105640127187  -5.180041345720897  0.5242256596912834  -0.49339710409946963  -0.6940797903609469  10.824254526250602  -0.5594571078038995  0.414943352779965  -0.7175163820509032  5.148425655213865  0.0  0.0  0.0  1.0
36535719080557;2.2194490343578286;3.63838889359756;-0.8529417085311988  -0.3998928295619764  -0.33552372004494235  1.540639255333351  0.2567356008220907  0.23828135055428218  -0.936647654803314  -1.199428422837502  0.45450772613719215  -0.8850467348354796  -0.10057337639085095  6.039701345452692  0.0  0.0  0.0  1.0
36535719080588;3.796227498088121;6.26972259341404;0.3167711381678685  0.8469626875112604  -0.4269780462594489  6.389553887922213  0.4994290679569389  -0.5316411873810509  -0.6840528151829578  3.7928026512891524  -0.8063663262460158  0.0034429411510087018  -0.5914063696416656  0.09867476318935009  0.0  0.0  0.0  1.0
36535719080619;2.4973131938563013;2.076942372183659;0.4192116501514015  -0.37244823937203175  0.8279757854949703  9.10365996523922  0.9009590376186928  0.05820130610690257  -0.4299830467595781  -3.518112187006131  0.11195715658473102  0.9262261694403394  0.3599592728814437  2.6047111413944455  0.0  0.0  0.0  1.0
36535719080650;2.045757500568744;2.160337136687973;0.3953533431260617  -0.8976293601592159  0.1948262453038691  3.7484628044406025  -0.8502771712555481  -0.27741494549904105  0.4472914933859437  2.7314838161985193  -0.3474542647899291  -0.3424944960052948  -0.8729106793282856  -6.004289266177919  0.0  0.0  0.0  1.0
36535719080681;3.422151150058385;2.700837088238584;-0.16518596322208073  -0.10790612427261245  0.980341708741834  -1.3417313114271474  0.8837025064556556  -0.4575586856912942  0.09853897316518825  -6.045457421628022  0.43793090509621235  0.8826076803953844  0.17093918470816888  5.6639373260784  0.0  0.0  0.0  1.0
36535719080712;2.329822326641319;3.1152175750098334;0.007492989401449213  -0.448453609128997  0.8937747006762986  4.257511250909976  0.6305193028233415  0.6958497485104215  0.343858308413729  2.172480647627064  -0.7761374001277079  0.560965674491016  0.28797265176721587  3.5703483162356067  0.0  0.0  0.0  1.0
36535719080743;1.5817497009913515;3.9214652941412202;-0.9335563563999999  0.13526674991074938  0.3319268530772095  5.504732887480744  0.35769621469583107  0.29233727660555214  0.8869004085573097  -0.2123941050729634  0.02293354349922022  0.9467004928040501  -0.32129772720506067  -6.951018708155754  0.0  0.0  0.0  1.0
36535719080774;4.455523395855616;5.380081821294995;-0.2591278218891634  -0.9616339154380651  -0.0900721077927734  9.344020119524973  0.8445642402883918  -0.27084590319726537  0.46190230649710723  1.4776523073562968  -0.4685765849347021  0.04362005731899842  0.8823453261906125  -1.14461949821898  0.0  0.0  0.0  1.0
36535719080805;2.6623006804379994;6.722842184555938;-0.6586216517603998  -0.74950187681327  -0.06681658840279509  1.1571864211569731  0.6606049860170528  -0.5334091139012862  -0.5282762247692541  15.86977464224876  0.36030344472654263  -0.3920735311908102  0.8464394685137013  15.742379719235858  0.0  0.0  0.0  1.0
36535719080836;2.3641851278479833;8.025220419369814;-0.278060063187608  -0.9596217052344096  -0.04252980252843552  3.4580786171913216  0.48549317533469377  -0.17860511116537514  0.8558017240979603  12.89628318466221  -0.8288419499298648  0.21731635260285515  0.5155527372906202  0.2325265443264739  0.0  0.0  0.0  1.0
36535719080867;2.3245937370798613;3.0580962814591035;0.00024190519074696049  0.5421309663585755  -0.8402939704633103  2.4353619334348027  0.3397890444749546  -0.7903424702601975  -0.5098060267962756  -4.712087655872166  -0.9405016463232132  -0.28539936057763804  -0.1844013509852881  -0.3579910611863537  0.0  0.0  0.0  1.0
36535719080898;1.1108467191895781;5.552641335029081;-0.8640350081698039  -0.49327207181392013  -0.10062886179128477  8.863661481878324  0.4370070850398602  -0.6356583437383152  -0.6363672506193467  -19.04627566594872  0.2499366165290134  -0.5938191081501712  0.7647944524601131  1.3761827687906238  0.0  0.0  0.0  1.0
36535719080929;3.0133446968971027;4.684281813446997;-0.8000032975471114  0.40104249900115196  0.4462730530837155  3.8108678971866343  -0.14393597392188334  -0.8503531681466082  0.5061441739605295  -10.950247334928392  0.5824750289282011  0.34068226167198534  0.7380097812747163  3.8629334314600934  0.0  0.0  0.0  1.0
36535719080960;4.172447019856412;3.816412897555456;0.567796967879192  0.5915024792947023  0.5724783142228329  -10.63851462321351  -0.7906862836140314  0.1984648176982623  0.5791605278682479  -3.294344085535397  0.22895808387525407  -0.7814963423613808  0.5803806188217834  -8.328061187245988  0.0  0.0  0.0  1.0
36535719080991;2.0023267432930947;3.8975155071729173;-0.4499679302015135  -0.7123150194973304  -0.5386429009916353  -2.3857073821765917  -0.2881392483534606  0.6866963720895117  -0.6674008286759958  -2.5592268074315427  0.8452837602536023  -0.14510480887145538  -0.514237259534847  6.0933012660901404  0.0  0.0  0.0  1.0
36535719081022;5.2049478600741095;3.250443425920758;0.6949448345556146  0.02628769752522674  -0.7185823779381815  7.879346737609698  0.32920015625305826  -0.9000828448252993  0.2854437415221399  -15.800041187998897  -0.6392800122383236  -0.43492508482498254  -0.6341618378163023  0.841659951429421  0.0  0.0  0.0  1.0
36535719081053;2.759339837400279;5.814043109883909;0.4788137659284432  -0.124160684859772  -0.8690923437084084  -2.411707274234058  0.8421665559578353  -0.21466290741188318  0.49464667006621577  0.7806758289860554  -0.24797755862888166  -0.9687641408086023  0.0017804212506877248  -0.8436550608536257  0.0  0.0  0.0  1.0
36535719081084;2.627616704218367;5.440860978562301;-0.9189715323819783  -0.35460621967500733  -0.17246956728454577  -3.5766382314860485  -0.3913105302730495  0.8740629087314771  0.2879064092327468  7.0302081388271676  0.04865584825015945  0.33206695190528934  -0.9420000784943633  -2.4059187765618653  0.0  0.0  0.0  1.0
36535719081115;3.3642234081663633;4.661200806812371;-0.5935793765099227  -0.6638384707017014  0.45495275424874404  8.363184462181884  -0.7632113862413171  0.28501299206841263  -0.5798930714052534  -0.6643893529759994  0.2552878839539762  -0.6914376900116436  -0.6758269135937572  4.615011090583867  0.0  0.0  0.0  1.0
36535719081146;2.4293434851076756;3.110925978424956;-0.6258239017392171  0.774477324829476  -0.09235430329379136  4.926912909656326  0.7571499334526058  0.6316735258449948  0.16647082332729593  -0.5474094810648875  0.18726564630123166  0.03425536558747228  -0.9817118455248723  5.124966243499499  0.0  0.0  0.0  1.0
36535719081177;3.5423989428844522;4.467671064560835;0.013402284787392305  -0.9207984224986184  -0.38980847077319003  -4.669274139704095  0.4206502157876849  -0.34847601366372016  0.8376263271046444  11.791263781832221  -0.9071239026286606  -0.17519912392788373  0.3826636803443071  15.149208480446553  0.0  0.0  0.0  1.0
36535719081208;2.4968567701157345;6.192564689936589;0.8418992142952276  -0.05712329100650666  0.5366028723307994  4.024551031143103  0.5210657084140844  0.34466265905006555  -0.7808317225698931  -18.854444874009868  -0.14034329511596427  0.9369869695364625  0.3199362099464034  5.669762576473827  0.0  0.0  0.0  1.0
36535719081239;2.6254413723760552;0.5873808514762928;0.22082998134074255  0.8063383528723759  -0.5486825858619094  6.344562887551114  -0.6696760848090416  -0.2836364292153607  -0.6863558242317125  4.243040682992291  -0.7090613942218832  0.5190075497611032  0.4773500838117609  9.036463525364102  0.0  0.0  0.0  1.0
36535719081270;4.852975213123584;5.130481026227267;-0.34720864423104153  0.8679774930475465  -0.3550510230011152  21.15577498830169  -0.5861161145558416  -0.4963994459637135  -0.6403557529255762  -2.863816751227274  -0.7320615121895189  -0.01423592672834675  0.681089774377049  -2.581588789210122  0.0  0.0  0.0  1.0
36535719081301;1.4134837583742463;0.6234835049944969;0.9498888750026306  0.1540714227983375  -0.2719800026162444  1.902077959552781  -0.30492435705304427  0.6481943294898854  -0.6977572985594236  2.781505833099369  0.06879143567351931  0.74572522278253  0.6626927119592629  -1.6334955994721903  0.0  0.0  0.0  1.0
36535719081332;2.6207414559357245;4.996974635838775;0.7600719852882472  0.4711948801872537  0.4475108513380455  -1.6426292174149664  -0.08973009513077754  0.7581519019027533  -0.6458747585012587  6.565319909481969  -0.6436140825120314  0.4507561186790008  0.6185303826536237  -1.8672351763055395  0.0  0.0  0.0  1.0
36535719081363;4.7790429741920475;1.4586448433865817;0.43196926573343103  0.5328087699602827  0.7276794404922629  3.497760542415591  0.6140986336902088  -0.7646708764060268  0.1953492228708845  -3.915961849094719  0.660519054654398  0.3624820898056217  -0.6575114546596204  2.936718955592834  0.0  0.0  0.0  1.0
36535719081394;1.4663573651430153;4.419648929623117;-0.43018892912752743  0.7351640178626885  -0.5239001356137445  10.993425079065233  -0.0641149628961606  -0.6037612244886355  -0.794582692573157  -10.73953397612598  -0.9004591921841518  -0.308230839865145  0.3068664083393493  5.139293985683594  0.0  0.0  0.0  1.0
36535719081425;2.332117443040167;3.8552496096688484;-0.2877607589472914  0.2735924227779837  0.9177913334786681  9.488702005186182  0.08518328289093818  -0.94721610007938  0.30907194642402025  6.046535152103605  0.9539064702191723  0.16711925666685723  0.24926612309962165  2.0244087554401924  0.0  0.0  0.0  1.0
36535719081456;3.9542146055036578;2.0983341219966007;0.6399653733061085  -0.516198905390696  -0.5691950553567913  3.233648130943311  0.294578628613213  0.8489692460707878  -0.4387193303130801  7.6368669802295  0.7096955350948261  0.11309248117999092  0.6953720861287299  0.35166639261194366  0.0  0.0  0.0  1.0
36535719081487;3.3533169379046845;0.14405541730013285;-0.506656740111549  -0.8310337609154408  -0.22952524026406465  5.850686594221019  0.833433434783577  -0.40397044661140846  -0.3770896286686074  -6.861533226157492  0.22065279849661446  -0.3823490113539163  0.8972856713624122  4.934501568132321  0.0  0.0  0.0  1.0
36535719081518;3.0920879439740774;0.032870458478149935;-0.2990036446206396  -0.9009964619982972  0.3143281660464515  0.08250461430148093  0.9005987372939463  -0.37533869480827087  -0.21918662952874918  -7.621159548975083  0.315465901308087  0.2175459483561457  0.9236639136968063  4.109525330267258  0.0  0.0  0.0  1.0
36535719081549;1.5294161413651834;3.90898174234684;0.6311513488598107  0.6122258590138676  -0.47626407841361773  0.4191243876283921  -0.6856186631147982  0.15319823691478138  -0.7116581686419953  7.401243044963664  -0.36273271650227223  0.7756995537970444  0.5164447488531061  3.435771865282176  0.0  0.0  0.0  1.0
36535719081580;3.0692450464075005;7.685727706841967;0.8690208210118692  -0.4947420506342187  -0.005754648738621982  -12.97774488813045  0.4749349043195339  0.8308558345545787  0.29002658299819645  -0.7065257593512383  -0.13870706293066692  -0.25477222282042966  0.9570012879679346  5.731338058183172  0.0  0.0  0.0  1.0
36535719081611;4.067373545893354;3.1124557715873213;-0.798920942971314  -0.587348738563659  0.12940937442668157  -2.5164068346696915  0.5998257210653173  -0.7938538691657768  0.1000256904949832  8.712296178150744  0.043982169458756576  0.15753569029970468  0.9865333623610998  8.555824327352084  0.0  0.0  0.0  1.0
36535719081642;1.8617882493278746;1.7814262512418932;0.6010036726237902  -0.7861172520052976  -0.1442714510648448  5.759196147375406  0.6536234090272115  0.3795432469284458  0.6547697021721907  1.6070982173121635  -0.4599685039917002  -0.4878181933985783  0.7419315234743604  1.6346091914157246  0.0  0.0  0.0  1.0
36535719081673;1.5998785025075408;6.198524560646071;0.9733327687392508  0.2108492404501329  0.09036547515499127  -9.217996360262585  0.205248538976715  -0.9763833379723349  0.06744341760265524  9.1885611524281  0.1024517376441674  -0.04709750663893133  -0.9936223962462234  7.34637036107765  0.0  0.0  0.0  1.0
36535719081704;1.9756325052656099;6.094925877159067;0.47268968481901597  0.6685851609675066  0.5740717240900759  1.6248259923855581  0.22240746262239844  0.5398437833711022  -0.8118519631838311  -11.210106552086085  -0.8527012269462058  0.5114318841152039  0.10648025861542054  9.383132842547791  0.0  0.0  0.0  1.0
36535719081735;3.6039393451346733;5.195009277383091;0.9608700588251462  -0.2714051947087417  -0.05538908140121385  -0.12831661366197888  0.27463252508433306  0.9595041827185962  0.06267933879136106  3.477329240343102  0.03613455713252098  -0.07543834323889337  0.996495534435658  4.636487696114654  0.0  0.0  0.0  1.0
36535719081766;4.290345428514503;1.699220520083426;0.1090391157537617  0.9774490078924348  0.18084221909093312  1.6702213868794535  0.9495122789048632  -0.1562556278201182  0.27204891285104255  3.917903595625064  0.29417155444490406  0.14204793467219456  -0.9451378104862975  1.1523383152601738  0.0  0.0  0.0  1.0
36535719081797;3.80649089162507;5.599686331572404;0.360089954400581  0.26331570986647135  0.8949860678677098  5.598849285223862  0.14975937544404716  -0.9632148667698565  0.22313504856955535  -17.480754370871406  0.9208188498322551  0.05368386509040954  -0.38627799370732774  3.5808368026206705  0.0  0.0  0.0  1.0
36535719081828;1.9802991795936433;0.026279853582018082;0.1659515257034741  -0.9828616119779418  0.08026918971068986  -2.3256138998582307  0.9765692430792563  0.1751059925915637  0.1251015780481287  -1.9223798522785476  -0.13701315480017892  0.057627624093354646  0.9888915270913472  1.9153616681241543  0.0  0.0  0.0  1.0
36535719081859;4.6068693402346454;3.9703260446893016;0.7496113748531553  0.6578086678000126  0.07328399046132049  8.027414314821218  0.6352041274335709  -0.683862491707126  -0.3589537699028618  8.467009149727106  -0.18600672886247394  0.31562612218144065  -0.93047388346723  6.492894362999109  0.0  0.0  0.0  1.0
36535719081890;4.508629332811153;0.529395386135155;0.29367962076733606  0.06669257267824467  -0.9535745283382469  1.983182342041328  -0.7791190445270986  0.5946650960866033  -0.19836062601103932  7.142478622678169  0.5538283080532581  0.8012025488263677  0.2266024734044131  -6.797070993525642  0.0  0.0  0.0  1.0
36535719081921;2.2999981710951882;6.393425286112622;0.1519632074789129  0.7401599303605652  -0.6550347021810103  -3.1364886904279574  0.04101218072794083  0.6574388147152176  0.7523909927277102  -9.630215586544363  0.9875349029804765  -0.1412001501220668  0.06955093817373131  -2.7726632256631456  0.0  0.0  0.0  1.0
36535719081952;1.2152378562390587;5.669522591127079;-0.9209139916393245  -0.24689284725340097  0.3015979807260566  -0.9661092783014013  0.012699808420944425  -0.7923890181817573  -0.6098838895486766  16.187141730500798  0.38955889781777187  -0.5578203705854243  0.732857625525547  5.3317557025011215  0.0  0.0  0.0  1.0
36535719081983;1.4321260052918148;2.0569428509099645;0.7540720620055184  0.25700690651599417  0.6044193703926308  1.4597565144393094  0.02455503619799365  0.90858530024551  -0.41697698062973626  4.760409924667543  -0.656332519002419  0.32927223111105997  0.6788279769714003  4.505186085297724  0.0  0.0  0.0  1.0
36535719082014;2.1446172376713286;0.5437629799181085;-0.9390413881424738  -0.3267013602041984  0.10708637913470684  8.278548739884796  0.3199425068154209  -0.7163811292914237  0.6200281202718221  -6.4251637700832  -0.1258493690414055  0.6164935513335652  0.7772371822526308  -0.08691830544310164  0.0  0.0  0.0  1.0
36535719082045;1.9741406690068724;0.02069551373666906;0.516145012013178  -0.8553858220037515  -0.043696934547889865  0.7891355524847892  0.8466152501445114  0.5172521915579267  -0.12527086074290505  -5.550668252377829  0.1297572533489464  0.027663438750237704  0.9911598202912839  2.4735269559279325  0.0  0.0  0.0  1.0
36535719082076;2.7263856166451443;1.8941138591585407;0.9399803470299851  0.3078164088132829  0.14726169108998416  5.330840454847516  -0.30341385674507615  0.9514363132742695  -0.05204779839862542  0.9282662569734828  -0.15613128684689137  0.004242669956472878  0.9877271996959356  2.0934072002629627  0.0  0.0  0.0  1.0
36535719082107;1.536577084651521;1.5159518951942796;-0.7345153848948305  -0.19853714619791168  -0.6488991839510883  8.611092540177133  0.6279170139818  0.1637367226348384  -0.7608616886221715  -1.4950635451890077  0.25730793401094254  -0.9663194540318388  0.0043977101575140565  1.2997062023060142  0.0  0.0  0.0  1.0
36535719082138;2.448192473659257;5.291356823607772;0.8950544944164486  0.22326873573693856  -0.38604212680398564  1.876635793374578  -0.43777233161357776  0.6049694539636864  -0.6651070180388199  12.135346846081497  0.08504609161229493  0.7643055877156126  0.6392215037748374  3.4708296641077965  0.0  0.0  0.0  1.0
36535719082169;2.751939271344588;2.1057682429912292;-0.7772971373836935  0.12135957202344644  0.6173175961313602  3.7902054138205354  0.44386627126232614  -0.5895941196430234  0.6748047920088054  9.17734700028047  0.4458608453887764  0.7985302927006928  0.4044224007007423  4.295237923795303  0.0  0.0  0.0  1.0
36535719082200;3.495996902324403;4.629953444855053;-0.787603651132269  0.34752460313391714  -0.5088291844418249  -9.579008425928663  0.264754384830945  0.9365270299220839  0.22983088986928835  8.098637540883916  0.5564041736327177  0.04630089029310332  -0.8296207706670319  0.9136385656814043  0.0  0.0  0.0  1.0
36535719082231;4.028218031238248;4.117440585565168;-0.86410496584302  -0.3983077226536792  -0.3076906987217418  2.29863839445472  -0.45786916955621226  0.8759373349377005  0.15195265325799215  9.288484519531309  0.20899385535306642  0.27218512695714814  -0.9392746270862334  -7.598107394429846  0.0  0.0  0.0  1.0
36535719082262;2.352339194995012;2.962798465315499;0.020037357904690786  0.19056917716894228  -0.9814692521935433  0.3650244913560341  0.8417387146791213  0.5265127801986886  0.11941619864067206  -1.976420920045899  0.5395131513675457  -0.828533451950252  -0.14985952922940857  0.9216754325482215  0.0  0.0  0.0  1.0
36535719082293;4.915635355433878;4.853913305195721;0.5447471442317156  -0.8171610115905636  -0.18841027038799485  5.957969254853652  -0.82715231657651  -0.5605708154534987  0.03974174183289902  -1.9075665405343316  -0.1380927008697552  0.1341947912479707  -0.9812859746110763  -13.763668832027104  0.0  0.0  0.0  1.0
36535719082324;2.6136203318699214;0.06375130548273303;0.16481400417234704  0.9861574047924139  -0.018163617529786277  7.696171721459709  -0.9863085125328652  0.16488874680039675  0.0026868724944018245  5.209850230291096  0.005644655337935563  0.01747209637351646  0.9998314176472104  -3.783260736618323  0.0  0.0  0.0  1.0
36535719082355;2.6932219088290648;6.36745459146436;0.6953815973158545  0.7176671645729289  -0.03739351559166525  10.947417682134617  -0.6100999202516386  0.617051311394978  0.49701686733418105  2.297957987781248  0.3797664037581467  -0.32280260221936147  0.8669348064168455  7.145558231252984  0.0  0.0  0.0  1.0
36535719082386;4.785475193293865;2.9776494885447033;0.9033344095527618  -0.10561130748604214  0.41573212078098065  2.1782322466308237  -0.31903287274767067  -0.8132790985101592  0.4866160026477462  -7.297631468819757  0.2867140921272126  -0.5722091922169648  -0.7683564730761866  9.672110677365193  0.0  0.0  0.0  1.0
36535719082417;2.477038884971137;0.9966974061939086;-0.9829158269883124  -0.08026752678781829  0.16563091860896245  -1.7026428248223437  -0.013667498335293488  0.9292421778675117  0.3692183288534007  -1.372322973202455  -0.1835474776321827  0.3606467787398219  -0.9144639000198168  -2.7958891038794125  0.0  0.0  0.0  1.0
36535719082448;2.815184467780424;1.8792193681887086;0.2534771307561937  0.9577215005952805  -0.1360840603492267  7.385121856927421  -0.9673087269985499  0.2521037788579895  -0.027522924226335344  12.432010813228647  0.007948009565562242  0.13861173104411545  0.9903149080776785  -0.025367024581731012  0.0  0.0  0.0  1.0
36535719082479;3.430440585461284;4.53563061668552;-0.9050429513622192  0.42526529501924903  0.006832645297037868  3.389682981727092  0.42298193321048855  0.8982690225020502  0.11915975575138346  11.886939486048732  0.04453695507196029  0.11073478254551586  -0.9928515838570815  9.300157171891803  0.0  0.0  0.0  1.0
36535719082510;3.752685809770862;0.07079013008758188;-0.4205236063156541  -0.9064844416414622  -0.038024381562940995  1.1817059450178142  0.906859786011634  -0.4212366173719193  0.012846816726236582  -5.057924218592562  -0.027662701354185193  -0.029080392827999874  0.9991942282192984  3.598117320078436  0.0  0.0  0.0  1.0
36535719082541;1.6713742885955687;2.691293424873935;0.1844398194192818  -0.24172953903978794  0.9526535482368155  -1.777118179203561  0.6519699422258085  0.7554142764515015  0.06545582760404282  -5.344165472951345  -0.7354706978844626  0.6090288177819387  0.2969288663375045  2.753752159854616  0.0  0.0  0.0  1.0
36535719082572;5.705872389959219;8.995236122127462;-0.7038752884398722  0.657069506628801  0.26985040630369717  9.972259314730499  0.4162734393771296  0.6893953900947383  -0.5928325394116442  -8.016590211065918  -0.5755658103056693  -0.30494861792555716  -0.758768962486257  16.902499785568956  0.0  0.0  0.0  1.0
36535719082603;3.111669804062568;2.1716710845099625;0.39301052778632506  0.18993964496603105  -0.8997030934254324  0.39844389122301616  0.5586196392350284  0.7278695286093584  0.3976808368313931  3.5800299733894736  0.7304018234575  -0.6588845730415674  0.17995637165099393  -5.493441636117039  0.0  0.0  0.0  1.0
36535719082634;4.355140868473985;2.454523816552987;0.3017388340459199  0.8078182441303983  0.506343125240868  0.7786709817321835  -0.6450714878922412  0.5640560712845596  -0.5154837766171874  -2.1150456864725116  -0.7020231132499122  -0.17108603945707657  0.6912981379736189  1.8267553519610424  0.0  0.0  0.0  1.0
36535719082665;2.7201030154491477;3.947360301322474;0.40495798293662316  -0.9101224141284088  -0.08767110902103664  5.8200859198864965  -0.9118393676624805  -0.4090717437245845  0.03477464689993696  9.212033198134026  -0.06751295902853723  0.06585969774607867  -0.9955423148093737  2.033499105514901  0.0  0.0  0.0  1.0
36535719082696;3.2991237738734345;3.444347936762954;-0.013361556731824029  -0.914995183146099  0.4032434545298153  4.300650985129335  0.7566299574916785  0.2543980286839953  0.6023227958726435  -2.7422603237461978  -0.653706796834669  0.31315404806761493  0.688913612836198  1.373007878649152  0.0  0.0  0.0  1.0
36535719082727;1.2878238866021425;3.3128553407917205;0.7432004902922591  -0.6670177789553032  -0.052348006522497104  -6.862768415613053  -0.6690142541619696  -0.7418607066852069  -0.04541607209599574  6.790697507460646  -0.00854160157399654  0.06877480958940696  -0.9975956428375636  -4.5289637641853515  0.0  0.0  0.0  1.0
36535719082758;3.2221881761895412;0.6815166132035525;-0.3324067279435074  0.9098806357070427  0.24823979532548618  10.185687730711784  -0.7698489659494491  -0.4138133179194086  0.48589207396200157  2.020722246840989  0.5448287224848339  -0.02959335529943473  0.8380249975255308  1.8054390401228266  0.0  0.0  0.0  1.0
36535719082789;4.375691271181936;5.393690347622851;-0.0817019126183765  -0.37128666211876526  -0.9249167595017431  8.72570137040459  0.6331738518765714  0.6973426414667618  -0.3358632365888615  -10.262375691977493  0.7696854362493063  -0.6130737760864229  0.17811477844594914  -19.263674796281155  0.0  0.0  0.0  1.0
36535719082820;2.9711958970592893;1.5929019465826904;0.6303851053457581  -0.4601654866909952  -0.625189846220056  5.636030030467848  0.38697176783547355  0.8844417444533675  -0.2607981049903793  -2.87560739466333  0.672954285116386  -0.0775275791362286  0.7356099541311074  -4.672995708594886  0.0  0.0  0.0  1.0
36535719082851;3.748982682712409;5.063387090748516;0.38655673723026684  -0.8717064867513303  0.3011672124543841  0.19355940319061843  0.6551993088751851  0.4893828089329589  0.5755157095773912  6.1754359966759065  -0.649066833655342  -0.02514492546301969  0.7603157095391944  0.8287867188205627  0.0  0.0  0.0  1.0
36535719082882;4.963661102647681;3.6595759942236135;0.08701534858951597  0.9916643032275754  -0.09502756870515564  0.35042522262099407  -0.7079986362528427  -0.0055472017177911614  -0.7061920132777045  15.190584094695959  -0.700832547884272  0.12872893325616502  0.7016142826145785  -0.2524257066954603  0.0  0.0  0.0  1.0
36535719082913;2.817358654932551;1.8205284354074138;-0.3770437973802252  -0.8908234212573412  0.25351845494256625  4.480018889571837  0.2551961704808473  0.16320512186079567  0.9530157410926187  -9.03519248345832  -0.8903442533250892  0.4240256128322548  0.16579924678122296  6.9697679296271895  0.0  0.0  0.0  1.0
36535719082944;2.334751411184137;1.4264239347028678;-0.1630658496086116  -0.986614690628208  0.0009904181075992002  2.689655911069667  0.9866151440479421  -0.16306605899825466  -0.00013393295489697726  0.6391021450261389  0.00029364379842732047  0.0009553216128157516  0.9999995005668434  3.236850498072062  0.0  0.0  0.0  1.0
36535719082975;3.599500676289258;3.8629267469743365;-0.05788826304981823  -0.1744160374435973  -0.9829689694408208  0.7350809157658114  0.9134498214330193  0.388030286341487  -0.12264550789054075  -0.28538351239482207  0.40281307417344353  -0.9049925650325632  0.1368578989708767  2.847026965839852  0.0  0.0  0.0  1.0
36535719083006;4.488115034885534;4.258264876161898;0.9564738313679246  0.14263967280400647  -0.25458148725060353  -0.8335080697948798  0.26844856474140966  -0.7721585595376923  0.5759396904372479  2.6765572670329068  -0.11442542548157955  -0.6192132772115289  -0.7768408713039738  -1.1559782789383453  0.0  0.0  0.0  1.0
36535719083037;2.300426924388642;5.448671983927806;-0.29559666855703864  0.7734238048220121  -0.5607479181170646  -1.8183886045518043  -0.9174059986682791  -0.06611118872359685  0.3924226603204916  13.854079709551677  0.26643731560244943  0.6304323348783716  0.7290858851975989  -0.6619988659555718  0.0  0.0  0.0  1.0
36535719083068;5.209340635066207;0.03480869350321395;0.5082208643483691  0.8610343868625826  -0.01820268335091596  -3.796547753663757  -0.8609980210785316  0.5074852668306389  -0.03378034411737246  0.9577778470593832  -0.019848444267735743  0.03284035002877406  0.99926350412198  7.416381962234949  0.0  0.0  0.0  1.0
36535719083099;3.2857786138404523;2.68938051163318;0.9187986706491563  -0.13921998822941842  -0.3693599838785227  3.463499334449219  0.06636284940428223  0.976899320714651  -0.20313465830871308  -5.5934187632233385  0.38910792208882955  0.16212807303071777  0.9068128323436205  2.1727178878452595  0.0  0.0  0.0  1.0
