# registration_from_features.py RANSAC RANSAC_config.json euclidean False --input_txt=/neural_comparison/point_clouds_registration_benchmark//eth/hauptgebaude_global.txt --input_pcd_dir=/neural_comparison/point_clouds_registration_benchmark//eth/hauptgebaude/ --input_features_dir=/neural_comparison/experiments/3DFeatNet/feature_extraction_voxelgrid_0.1_npz//eth/hauptgebaude/ --output_dir=/root/neural_registration_comparison/results/3DFeatNet/RANSAC/
id;initial_error;final_error;transformation
3394309160030;3.936759879304484;2.7288621670222377;-0.5709150708096908  -0.752970419824572  -0.3272484206097461  10.782922368882847  0.8207127728050598  -0.5341218251881283  -0.2028408746094642  -1.2466154895252122  -0.02205734519373835  -0.3843818709654631  0.9229106407426966  3.8840424610974353  0.0  0.0  0.0  1.0
3394309160061;3.7772892530728184;4.917901253086567;0.965203789916986  -0.15280064010362449  0.2122112351262511  -7.2688332549067685  -0.26149615495985146  -0.5676664274860305  0.780624485938316  -5.146724537162083  0.0011852725845794827  -0.8089541343544574  -0.5878705670806547  20.918268542963688  0.0  0.0  0.0  1.0
3394309160092;3.061336083217481;2.3965800513438325;0.13540136851411802  -0.9906215084876063  -0.018316558799159274  -3.468217696923549  0.9846711320916817  0.13659359122040118  -0.10846636558307271  -11.08398990756915  0.10995103923924851  -0.0033492923510913264  0.9939313614183612  4.795752253843997  0.0  0.0  0.0  1.0
3394309160123;1.9832381539954238;1.812561909688695;0.9226817509117012  -0.3850740086667468  0.019400886161193065  -2.327726562424232  0.10977559394927416  0.2141331692248417  -0.9706164560787177  2.7101494247810307  0.3696047963806768  0.8976998349599088  0.23984849552446863  -5.813376950027244  0.0  0.0  0.0  1.0
3394309160154;1.9207102010338835;5.284572592840881;0.8719419760251628  -0.4472230916855129  -0.1992704110212678  15.461585593154851  0.4653481576383895  0.8835199817547722  0.053324797445491984  -6.819636068985309  0.15221130913269987  -0.13922624789635546  0.9784926005181706  -1.46496538094895  0.0  0.0  0.0  1.0
3394309160185;2.640555800877831;1.8096576067801788;-0.03369870331983671  0.9805184069911278  0.19351498894437813  17.182433389950337  -0.9122357139467502  0.04892106906587629  -0.4067342267396671  19.652674253575924  -0.4082773562109767  -0.19023770013599547  0.8928153324469413  13.389052285286411  0.0  0.0  0.0  1.0
3394309160216;2.7201455624554285;0.2207828556173276;-0.06397825458190157  0.8704445536615569  0.48809124345924104  9.412424171871617  -0.9866719343524492  0.018153814726227985  -0.16170631704445948  8.935927236906494  -0.14961710096727193  -0.49193161924379325  0.8576817621276143  -3.249416535873964  0.0  0.0  0.0  1.0
3394309160247;2.5310221937667676;5.259150878190427;-0.7993225357832762  -0.3505758886701718  -0.4880369146612918  29.87795220498697  0.5926762733365539  -0.3260279918703667  -0.7365056575077147  0.9574933650036517  0.09908743014574578  -0.8779534696099195  0.4683795324168387  -1.2329303640587255  0.0  0.0  0.0  1.0
3394309160278;1.96744994252244;2.897313034521926;0.5945042002696035  0.6664956772357251  0.4498313773936746  11.33161090970033  0.7586029574066868  -0.6503892414871113  -0.0389279792905854  -10.124879142661742  0.2666201584194776  0.3643862604214262  -0.8922647277240431  5.508285076199576  0.0  0.0  0.0  1.0
3394309160309;1.4697744642858348;8.907306061233164;-0.07852935951708773  0.8628197944919398  0.49937475099039924  34.3226405249931  0.5603102003083255  0.45251569743800113  -0.6937449264698404  1.8053677572059197  -0.8245517686138821  0.22532542201244507  -0.5189824997730014  20.945844056644283  0.0  0.0  0.0  1.0
3394309160340;3.1108095863624285;2.4881474472325738;-0.9986198235872448  0.050878538408040914  0.0130315873185895  16.853563028361172  -0.050318065280490695  -0.997922746878453  0.04022789540844299  3.625554167379205  0.015051253934766362  0.03951664955466025  0.9991055470584509  -2.8974303324398694  0.0  0.0  0.0  1.0
3394309160371;4.078910422747308;1.536708148606618;0.21746886762563072  0.6465877529132812  0.7311850445654509  8.81787324825619  -0.9732890134198972  0.20013093335321036  0.11249935942616134  13.44728748770034  -0.07359203740724717  -0.736119478955507  0.6728390035755387  5.941570850156612  0.0  0.0  0.0  1.0
3394309160402;3.021814741136945;6.963079522541233;0.7406659907957863  0.6546412024035447  -0.1511912239322694  -11.862309243074982  0.6179369230045582  -0.7520750853396618  -0.22920956611581347  -9.576045860241331  -0.2637571786059203  0.07634109068504163  -0.9615634085211766  16.12153844751198  0.0  0.0  0.0  1.0
3394309160433;1.3594709122664788;0.22669145220110773;0.13627075580084214  -0.9427122820654994  -0.3045058855856906  13.544772615393196  0.9828236882436038  0.16725938625086179  -0.07798650869365467  -14.108216487310271  0.12445030711375374  -0.28864831708126  0.9493125249913481  -3.989760959391305  0.0  0.0  0.0  1.0
3394309160464;1.5447184908495197;1.6546481477293808;0.3009436163103699  -0.9391125228718626  -0.1658330762763641  1.7142777427730245  0.9534367763676405  0.29268790908624587  0.07274683047668823  -6.3192888105753795  -0.01978012314722527  -0.18000404789883728  0.983466974264166  -2.679602732834825  0.0  0.0  0.0  1.0
3394309160495;2.78060091011266;4.2720718869097345;0.30074297962639934  0.9537038919283576  0.0015958465274498457  19.28098836443031  0.9537026945877183  -0.3007379037728999  -0.0028077696501263016  -8.999897269251552  -0.0021978493035553215  0.0023663801440609866  -0.9999947848381276  6.039922389954075  0.0  0.0  0.0  1.0
3394309160526;1.34399863829473;1.826453902767493;-0.6898090226935812  0.5281484535865095  -0.4951996801136943  27.560902947273625  -0.6219496710007909  -0.7824069672295165  0.03190524052124269  7.1320791596014175  -0.3705969764481823  0.3299978009091711  0.8681931423609475  8.128813780771521  0.0  0.0  0.0  1.0
3394309160557;2.19301441794297;3.1808584759368146;0.4647297861841256  -0.818453135902281  0.33787673812350394  6.24141634560453  0.8722486030553918  0.35750678757539256  -0.3337233454606382  -6.565128530812073  0.15234369137307355  0.44980369181371227  0.8800386574063553  0.6337995904984712  0.0  0.0  0.0  1.0
3394309160588;3.3552539819811384;7.896577559048935;-0.5300898745947569  0.6183032139293779  0.5802636129352906  22.62169818060402  -0.8474838264870096  -0.4088029533912899  -0.3386019922290697  29.18598935788824  0.02785477867532307  -0.6712535146598194  0.7407042799672402  -16.66341649411461  0.0  0.0  0.0  1.0
3394309160619;3.0056203551742433;0.09374180003507739;-0.4367231908129757  0.8513558351142387  0.29063051564326703  5.904377310113973  -0.8320847296808325  -0.5050788093354652  0.22919511118748792  3.594995987355992  0.3419179100867783  -0.14173439376949412  0.9289798191482337  -8.286308062921583  0.0  0.0  0.0  1.0
3394309160650;2.0651927868102353;1.4763693215139233;0.5257782229605235  0.8505339652310426  0.012216147053543198  3.57435897583769  0.8385147581661637  -0.520655757136534  0.16065672378746848  -13.552813795818164  0.14300440761743763  -0.07422638714731077  -0.9869347409292286  3.899262109968409  0.0  0.0  0.0  1.0
3394309160681;2.0883872688177947;1.4708422472128486;0.5586536676040917  0.5322555337729858  -0.6360897157166839  8.061258145123663  -0.6233826087388015  0.775330754207788  0.10127361305686046  1.6486000497986055  0.5470833600051319  0.3399503910096564  0.7649402126034939  1.3041022997194327  0.0  0.0  0.0  1.0
3394309160712;2.2055221376060135;1.7404167771557462;-0.09090388995412849  -0.9510580079534673  -0.29533903957788954  11.373490836072406  -0.6835127005010377  -0.15609801063419357  0.7130524520186615  9.623974213088017  -0.7242560811239254  0.26668722613509205  -0.6358703109686628  10.919570029300207  0.0  0.0  0.0  1.0
3394309160743;2.1472367397073575;2.5893846645268193;0.8085557949386946  0.5534261678934307  -0.19989247900270757  2.6153354015099524  -0.11088044693710028  -0.19032352469861927  -0.9754396354635808  -1.8430242339011418  -0.5778780606305145  0.8108615372781511  -0.09252304796551603  13.135443436727853  0.0  0.0  0.0  1.0
3394309160774;3.3639630831655443;2.1539716991461284;-0.6491713309981161  -0.36646558500187365  0.6665429903759913  10.870683917534748  0.5644547820804502  -0.819482617311704  0.0991919296640146  -3.239731785816552  0.5098699657722996  0.44062593538419165  0.7388378733322759  3.357574148744142  0.0  0.0  0.0  1.0
3394309160805;1.324119052607352;3.119556673385988;-0.8503767028082518  -0.4556640041223156  0.26311552342684835  26.601441435573186  -0.5189140755633835  0.6434771523367377  -0.5627302520771406  9.641100088673964  0.08710709215193133  -0.6150670449372341  -0.7836484446031996  8.243934504952708  0.0  0.0  0.0  1.0
3394309160836;1.3305106697980524;3.6552078938299237;-0.8900232853765683  0.41143135059790503  -0.19642503718386684  9.993378552588737  -0.3084157512475511  -0.8606306850373817  -0.4052092648922234  11.415075769750922  -0.3357652094394361  -0.30006510579751033  0.8928732588743044  6.45606574715471  0.0  0.0  0.0  1.0
3394309160867;3.084620563102242;4.889988063696428;-0.332714592408075  0.23419123871799125  0.9134853385284634  26.859168386432717  0.03378687648858095  -0.9650907313201612  0.25972740959910656  9.074864013925366  0.9424221171937096  0.11727891552896312  0.3131871788507259  -10.759129697662683  0.0  0.0  0.0  1.0
3394309160898;2.141076967332666;7.624857688651661;-0.520522556453095  -0.6069671620279157  -0.6005390349039033  27.75551825392388  -0.7904943409754704  0.6084300210560442  0.07022539685539803  27.917289011664487  0.3227614678199533  0.5112766117255111  -0.7965056567239115  13.79114395365293  0.0  0.0  0.0  1.0
3394309160929;4.439440389033587;1.2872600196352888;0.26286844199279225  -0.9638654253322393  -0.04316971222261817  11.338688433758882  -0.9314067304113923  -0.26518270143757255  0.24931834549954657  11.096113591791378  -0.2517571940355271  -0.02532936452761697  -0.9674589079356214  15.139044677026329  0.0  0.0  0.0  1.0
3394309160960;2.4847882689820464;5.5754113360349775;-0.4746559523552847  0.3031195291265574  0.8263294003941717  32.12359871497139  -0.5960250359659831  -0.8015087871550769  -0.04835101462167856  6.577422686418254  0.6476541387156001  -0.5154631074822826  0.5611077449378706  -2.521702476950556  0.0  0.0  0.0  1.0
3394309160991;2.9477521292476965;2.3146556123684148;-0.8292747698765369  0.3509977134794529  0.43486085266256536  18.815496573134  0.27591536348550794  0.9338491576768507  -0.22758836283715445  -1.8490612559925164  -0.4859774359359469  -0.06874849699034902  -0.8712632070291336  18.04338482357382  0.0  0.0  0.0  1.0
3394309161022;4.019397668082857;1.5871599964837726;0.5594817909241011  -0.8136056684023958  0.1581958974431754  8.97598566940073  0.8179812413300356  0.5727974061951628  0.05300773800369096  -8.084531734276778  -0.1337415958351592  0.09974441237274728  0.9859838932476945  -3.6683034577597207  0.0  0.0  0.0  1.0
3394309161053;2.8365870008578016;1.2688369063654887;0.2558736792692781  -0.9410929511840718  -0.2210717473782154  13.433038115571048  -0.8137141044313568  -0.3331351495256425  0.47633006245669934  10.66762172579111  -0.5219176338338052  0.058008873305578974  -0.8510211243624564  15.344266756709713  0.0  0.0  0.0  1.0
3394309161084;1.9084522891745812;1.3077350389551445;-0.699916321830333  -0.527391854683055  -0.48163780380018456  32.89810994084516  0.5173706780137396  -0.8392762527662191  0.1671614581005356  -15.212155456669269  -0.4923867625831355  -0.13218624420362776  0.8602802292719727  10.937420279113967  0.0  0.0  0.0  1.0
3394309161115;2.6459747141640655;0.2991868736853673;-0.32326431257673327  -0.8238080246439896  -0.46566138206475716  11.41145906527925  0.9346717925297284  -0.2010232096574038  -0.29322058152234143  -1.4302078234604423  0.14794872241272194  -0.5300283084055072  0.8349737527762415  -1.261102844105456  0.0  0.0  0.0  1.0
3394309161146;1.4245283483443059;2.574424042202716;-0.6588609435970579  0.7521477109961903  0.01326943275300313  0.3691914286813196  -0.7522645660706244  -0.6587458724928115  -0.012324695057492063  3.46758544129772  -0.0005288071198570037  -0.018102384287066453  0.9998359985748428  2.9219092615192217  0.0  0.0  0.0  1.0
3394309161177;1.4359728733692718;1.885566157760282;-0.23071544683139478  -0.9728132479084051  0.02011882917295227  7.755426493061838  0.9719390955167516  -0.22943467996850425  0.05190493458072532  -3.2476086031654585  -0.04587785085931173  0.03152954680376177  0.9984493529863604  1.4317689351001381  0.0  0.0  0.0  1.0
3394309161208;3.0244753449661483;6.652373501086034;0.9134815027321596  0.3848411255214593  0.13209410385619652  -12.285392942763709  -0.10973515899116269  -0.07960069092056224  0.9907683507693175  -12.81608383733164  0.3918031891745899  -0.9195439294086745  -0.03048315666519802  -4.95987714514511  0.0  0.0  0.0  1.0
3394309161239;2.9239237120023964;1.7773727285540195;-0.9626543223992253  0.08084544707619754  0.2583808608491328  6.073940677468754  -0.10203039377932833  -0.992340666404559  -0.06964050936769678  -1.1503419532802326  0.25077171752676636  -0.09340243833437595  0.9635297246073261  -4.621553744990831  0.0  0.0  0.0  1.0
3394309161270;1.0304885640464179;6.445593182335115;-0.9559386996063338  0.10981597097657998  0.2722529248941552  11.919299944918635  -0.2934433981368788  -0.3306053072547648  -0.896990023860279  3.4401150998740007  -0.008495568540881572  -0.9373583004024948  0.34826317919314076  15.374770387267574  0.0  0.0  0.0  1.0
3394309161301;2.0398930971718565;7.636858431498485;0.6293008629728692  -0.7568176124551795  0.17665651796422505  16.406965553374047  -0.7760935464950476  -0.6238990574853118  0.09180835015225636  3.438248914997682  0.04073365869083728  -0.19487705751725176  -0.9799814801837212  10.808063202557722  0.0  0.0  0.0  1.0
3394309161332;2.256914975873143;3.9296376728137443;0.8497764100546282  0.5271061763674952  0.006255537539401779  5.1613255495568  -0.5270748753841749  0.8497974757938684  -0.0060270949159415554  8.427545004820857  -0.008492858966463346  0.001824546411686112  0.9999622704767251  1.9393391622689515  0.0  0.0  0.0  1.0
3394309161363;3.66917130522765;0.051269414879543646;-0.1602927386694216  0.9580596063882421  -0.23754584512691898  29.134177236652935  -0.9851962385221386  -0.1404668869513639  0.09827219989408054  13.050449901644212  0.060783299776220545  0.24978159315169407  0.9663925424954996  -4.6863072049550425  0.0  0.0  0.0  1.0
3394309161394;2.752686316258313;1.6341360183691103;-0.8833284268688665  -0.4553035484597356  0.11148797713361865  38.62944693133575  -0.44822502862576546  0.7507892212202427  -0.48519054917932336  11.903973897769301  0.13720500719290404  -0.4785543062803581  -0.8672719077323564  6.83403769383472  0.0  0.0  0.0  1.0
3394309161425;1.9040075588087033;0.05061224453051701;-0.1311807740845096  0.9910387034174274  -0.025177228586435424  22.02958029934934  -0.9703073908434141  -0.12314788915716253  0.20817820412036814  17.188490738621244  0.20321213493597137  0.05173862894240533  0.9777668139643136  -0.0015661197289240647  0.0  0.0  0.0  1.0
3394309161456;1.9884497529698029;1.7401399593140567;0.17899817947836233  -0.7718407879983256  0.6100995408337522  2.5536885158751375  -0.9269190746888425  0.07558284662771092  0.36757075818627416  2.2824629733369326  -0.3298191636661104  -0.6313073984025339  -0.7019047570723622  2.5832074033736685  0.0  0.0  0.0  1.0
3394309161487;2.3504147878262693;3.3954700442363785;-0.4681339328579288  0.82987046445568  0.30358793311177595  16.414456687736845  -0.8828215771354524  -0.4541636735435687  -0.11983914459592326  7.564841441205216  0.038427644359753266  -0.32411474797905004  0.9452369789060502  -5.122531526510453  0.0  0.0  0.0  1.0
3394309161518;2.2062122654647958;5.15338656395821;-0.039145763078573925  0.9958522344117184  0.08213364992610155  -2.099037122044477  0.9937261519615873  0.03018024216727907  0.10769163333490622  2.8210016480146898  0.10476614023916156  0.0858340270516979  -0.9907858374338402  15.46857253108401  0.0  0.0  0.0  1.0
3394309161549;1.3852236987168691;2.690754683003651;-0.5977923112772651  -0.5921155113247405  -0.5404105604319984  2.1572781022867322  0.5521789280134352  -0.7928389588039491  0.2578852784875545  -1.7905552040916852  -0.5811564195943458  -0.14424148727502428  0.8009067419574953  -1.5953909058184954  0.0  0.0  0.0  1.0
3394309161580;2.2986137988137836;6.663851117497119;-0.9647656715576889  -0.25643371971646783  -0.05889776206458955  18.484988547691753  -0.2562978868945172  0.9665463445794001  -0.009977823089448423  13.486554387559783  0.05948606691693642  0.005469110766394839  -0.9982141537116064  12.998211046280428  0.0  0.0  0.0  1.0
3394309161611;3.407144086678155;0.8876725330614458;-0.9924917470357775  0.12004799552554364  -0.02342244300172823  22.51221976158935  -0.12223347429246531  -0.9803455609343342  0.15485980407691047  1.0411208717026614  -0.004371478956070226  0.15656008407842947  0.9876587620454202  6.512521311850888  0.0  0.0  0.0  1.0
3394309161642;1.7425026346266586;3.5471155004256856;0.5539410252895536  0.8325307859675629  -0.00646768253627901  4.946549603503746  0.8320127774561944  -0.5538435084367384  -0.03181361834361618  -2.6390132599290013  -0.03006790067143067  0.012241673852718848  -0.9994728924640708  12.628558364553033  0.0  0.0  0.0  1.0
3394309161673;2.6456540480703254;0.9236958316406355;0.4885563906461838  0.8644512965558604  0.11847619609721821  12.670198287515284  -0.7978251952521609  0.4975618495565129  -0.3404514116386572  5.327663503722356  -0.3532528994638618  0.07180641857658371  0.9327680458032319  10.382965982985223  0.0  0.0  0.0  1.0
3394309161704;3.077519635932954;1.6064488188232473;0.9481862147807039  0.18783610976840645  -0.2562430447190994  3.5651348954370317  0.13358831699721635  0.49605763091121235  0.8579516235642941  -9.3556841834592  0.2882656130406373  -0.8477289794986534  0.44526229759151975  3.402046867573139  0.0  0.0  0.0  1.0
3394309161735;3.1217165961473894;0.024555668372592578;0.6510304348991545  0.7386110511238939  0.17496596238318518  9.68447699241394  -0.7331649859744952  0.6715789114534126  -0.10700873343829453  11.415618360911184  -0.19654128364299353  -0.0586129750883414  0.978742071730473  9.793305951817757  0.0  0.0  0.0  1.0
3394309161766;2.088824937831005;2.0744088340945233;-0.1816906279653967  -0.9620303468362944  0.20368143625666843  4.856586176429946  0.9762544244379434  -0.20131439445624053  -0.07999883342935352  -9.355027303990468  0.11796531047252842  0.18430986503916902  0.9757633212897291  -3.3199171181496956  0.0  0.0  0.0  1.0
3394309161797;2.586432702881334;6.471436548540163;-0.9905089240335645  0.03950672278200455  0.13164835838283695  29.62904829947398  0.02202624892589786  0.9910471607328375  -0.13168283700480987  -11.589391375113841  -0.13567208912714657  -0.12753330568289528  -0.9825112417542449  14.648925069758203  0.0  0.0  0.0  1.0
3394309161828;3.2220836563382176;1.7208616665780796;0.11055041227218118  0.838287633853247  -0.5339030335886614  12.749539180738163  -0.723333156988529  -0.3005436511534034  -0.621661208177243  19.26517708612762  -0.6815920703378666  0.45491466966905547  0.5731360161187176  13.493806537746526  0.0  0.0  0.0  1.0
3394309161859;1.6225102333552934;8.24890476084317;-0.8608855265475088  0.19821943895489705  -0.4685991508756965  40.326763075887  0.45459480062464397  0.7133006925212482  -0.5334282419348901  5.2873659909605095  0.2285162519954722  -0.6722433904986447  -0.7041797685994878  8.365395249066863  0.0  0.0  0.0  1.0
3394309161890;1.282929335068904;0.49947215288422;0.3066654782007259  -0.9491111912588939  -0.07172329542793787  7.575345308522115  0.9431682129806827  0.31315027818839425  -0.11122331272425034  -10.518109878324722  0.12802346075132093  -0.0335387819942026  0.9912038859889523  -2.419206703125134  0.0  0.0  0.0  1.0
3394309161921;1.558203848860055;5.8516151498841715;0.268467185000337  -0.9600191841124791  -0.07930029453920737  -3.59365931228182  0.9502934935176491  0.27742301278959736  -0.14134619964033435  10.555549170952602  0.15769478988228275  -0.037411737606705714  0.9867789596121466  7.996540287333368  0.0  0.0  0.0  1.0
3394309161952;3.0446776651304432;2.833876312348335;-0.992181409975808  -0.11511130797498104  0.0482227796244422  17.770867218194297  0.0513330405168483  -0.728590285283759  -0.6830235099478104  -11.685339236046323  0.11375837837150307  -0.675207807246347  0.7288027499837428  5.534190612106672  0.0  0.0  0.0  1.0
3394309161983;3.4771226457556867;1.87043721204989;0.284545800427828  0.9224575718584591  -0.2609707178590771  -2.8134110556036918  0.918681997808358  -0.3401767860585835  -0.20075642238717106  -8.995376168928646  -0.27396546198696337  -0.18262470355307361  -0.9442410408843822  3.7461560376016947  0.0  0.0  0.0  1.0
3394309162014;3.770407506413389;4.887385194507479;0.5413221955540408  0.8391041849264934  -0.05361387357203054  12.203484136265262  -0.7921043268932377  0.4875359511001955  -0.36725935209581545  14.819268321792013  -0.28203016845288587  0.24127342005217378  0.928572087055584  0.17972053548668576  0.0  0.0  0.0  1.0
3394309162045;1.518228345276698;1.5206654455225788;0.19455551177475616  0.2390283895260089  0.951322017951159  3.6377966819249306  0.8899731686453145  -0.45080200899764694  -0.06874087412234275  -8.665638575621555  0.4124268564600043  0.8600249866627643  -0.30043486879227416  -0.7784429145428984  0.0  0.0  0.0  1.0
3394309162076;2.477253977533275;1.2269834364833643;0.240362444947791  -0.9215014452796921  0.3050589802090076  6.878686938028716  0.86960116269163  0.3440615291033157  0.3541404834757734  -6.2110932661873  -0.43130002655238264  0.18015757141604627  0.8840381985849853  3.3046544544128613  0.0  0.0  0.0  1.0
3394309162107;3.7764439721661978;0.9402801518362461;-0.393056931143472  -0.8957327182920428  -0.20777186109101634  16.74660486020638  0.9154148712514532  -0.4024967414891228  0.003462164398833484  -13.3142717717766  -0.08672867099040575  -0.1888366237565878  0.9781711849959861  -8.1853178719236  0.0  0.0  0.0  1.0
3394309162138;3.5448738491278085;2.933445450852855;0.26819679494939974  -0.33125555162373677  0.9046215997295906  16.746797563853157  -0.9633092525928431  -0.10223926477035662  0.24815804763947352  8.357330705666076  0.010284116291054135  -0.937985550132661  -0.3465217809812843  10.979101928557476  0.0  0.0  0.0  1.0
3394309162169;3.3386677234651425;1.6820531646882764;-0.6453684033034375  -0.7401027535872864  -0.18907019371146028  2.9038341538454113  0.7629893696114939  -0.636456606093571  -0.11300535571250281  -9.708129940912777  -0.03669939887011573  -0.21718863389314508  0.9754395170538266  7.063932810921967  0.0  0.0  0.0  1.0
3394309162200;3.9550078381949887;1.3271815272621375;-0.09710278159214425  -0.5622794500452372  -0.8212264425016369  6.6379437727247685  -0.3512553690285325  -0.7526700506556979  0.5568729303661468  4.90414988249828  -0.9312307531088623  0.34253410764882236  -0.12441732018303209  -1.0516774732544092  0.0  0.0  0.0  1.0
3394309162231;2.42664388566255;7.889773204300221;-0.3574911945741503  0.9339148030641625  -0.0017850545016332305  18.827660289991957  -0.8468672143250179  -0.3249750483185286  -0.42095978343750884  18.759125894753154  -0.3937206714198929  -0.14897771171553414  0.9070775459180278  12.3029625740073  0.0  0.0  0.0  1.0
3394309162262;2.736577686008396;5.926644014663122;-0.04754726318845341  -0.992163351863234  0.11554713749289605  26.341613984821567  0.8866612272189995  0.011345771704186033  0.4622803712152785  -4.4702687767621025  -0.45996861404859635  0.12443133320812264  0.8791733147714754  14.441151538623295  0.0  0.0  0.0  1.0
3394309162293;2.8148683419657083;1.9014341448294865;0.5469886457031738  -0.8051695038796106  0.22914076785694198  1.0412838562967472  0.7964332284776758  0.4162011552754433  -0.4387148401000498  4.824197006394987  0.25787115784521836  0.4224673577563688  0.8689210537108183  1.406864346449209  0.0  0.0  0.0  1.0
3394309162324;2.2219663596591737;1.2242025400111427;0.4880437648048424  0.8431422740180622  0.22566432903489125  7.7165867321004145  -0.781709700558755  0.5372466823761789  -0.31669535255215286  9.76424038574097  -0.38825665182641567  -0.021842802920907678  0.9212923880468682  10.36745315039603  0.0  0.0  0.0  1.0
3394309162355;3.4807471093941937;4.961371374241272;-0.6271006140274084  0.25817426623517703  0.7349087481724345  16.258335137801744  0.2887854475007873  -0.7991806150110253  0.527174838077814  -7.903959950231197  0.7234278023398171  0.5428226163716167  0.4266096833843032  -3.446112850249044  0.0  0.0  0.0  1.0
3394309162386;1.7900521026949254;3.4343689025007422;-0.419531556309949  0.727523566858619  -0.5428652990618074  12.019584296057317  -0.7451583725977224  0.06551208287064138  0.6636619370925723  -1.3582011823722957  0.5183939361216209  0.6829477481207942  0.5146358910230316  4.841306918297384  0.0  0.0  0.0  1.0
3394309162417;3.2825031286422393;5.873263585066538;0.5645667630764226  -0.5081570943837151  0.6504158188858189  8.017068777923186  -0.7290611667245348  -0.6764495932730245  0.10433485963482951  10.50334168625271  0.3869550170286857  -0.5330969097530575  -0.7523785613692552  7.684885223730162  0.0  0.0  0.0  1.0
3394309162448;2.5548125902487047;0.05305565842603796;0.44772393238667185  -0.867727109734633  -0.21585398629581826  15.648045212861291  0.8752185715912515  0.47471247074307654  -0.09295440851714515  -16.90750849693856  0.1831276393939046  -0.1473015042441304  0.9719910156670338  -1.0181876150520344  0.0  0.0  0.0  1.0
3394309162479;2.7901407133897638;0.04011054974402539;-0.9904970172178713  -0.13632478143217258  0.01819925410478472  20.633675585696984  0.1346252637564368  -0.9880928980449492  -0.0744880070322998  1.4296893890699107  0.0281371150086496  -0.0713300693999698  0.9970558279045286  3.6628872555652623  0.0  0.0  0.0  1.0
3394309162510;2.4626078118590478;2.0395568351166866;-0.9566619249264773  0.272082399566287  0.10377441516201617  38.804082394809456  -0.17247844181899186  -0.24229868873657817  -0.9547473658220944  7.281763576445821  -0.2346255495543055  -0.9312693022336697  0.2787262782974616  2.7969831223952673  0.0  0.0  0.0  1.0
3394309162541;2.621200470666735;14.378680419502327;0.8218092629635774  0.18002305339474356  0.5405749120646419  -23.948101073433854  0.5613403773558405  -0.09329120225825424  -0.8223099977084142  22.521812708570522  -0.0976038731673328  0.9792284982717989  -0.17772178289419782  9.95227024142263  0.0  0.0  0.0  1.0
3394309162572;1.826907686892434;0.8716976568860615;-0.5154214845138434  0.8520205301330162  0.09166083969395056  9.94250226249719  -0.6355289054387578  -0.30830620042283924  -0.7078490638071412  1.8962307906476141  -0.5748423293855108  -0.4230937284015047  0.7003913144335483  6.90134289667062  0.0  0.0  0.0  1.0
3394309162603;1.9909019248105964;7.100803071833077;0.5778137280736935  0.013673180155243344  -0.8160541279805047  9.127815677812979  -0.4063027015867026  0.871979230546344  -0.27307569679331256  16.317424171271483  0.7078484374023344  0.4893518832499255  0.5093970200411706  2.2182593294377115  0.0  0.0  0.0  1.0
3394309162634;3.01258289883689;3.139271449346387;0.5811549700944917  0.8028937847856841  -0.13274212250446454  -6.045874101507464  0.7885432064234796  -0.5152646712326603  0.33571108141209194  2.5894069030090137  0.201143014638461  -0.29977306238556256  -0.9325650640733514  -5.6502309661892225  0.0  0.0  0.0  1.0
3394309162665;3.8547413171629152;1.9082625134150502;0.180276856812773  -0.912435287086266  0.36737188484900457  19.549680163967516  0.9074393999940906  0.2983973823181497  0.29582551878436786  -8.010107355632982  -0.379544450935686  0.2800372280706251  0.8817738716124724  7.425986322109022  0.0  0.0  0.0  1.0
3394309162696;3.0132495381752045;7.3265605908369675;0.9877709995353239  0.1292993690424501  -0.08712132713756716  19.77754381158921  -0.10542911242725866  0.9655939941838871  0.2377245057809726  1.2452234716672057  0.11486145885277266  -0.22563224849571373  0.9674176624958744  1.8317896903398467  0.0  0.0  0.0  1.0
3394309162727;3.502392525482743;0.12215854655037209;-0.7375978789965157  -0.5994039669727835  0.3109087539409781  24.508574396444885  0.6561521200185003  -0.7449544402904403  0.12044615928614949  -4.623458064533766  0.15941695109074583  0.2928442696534234  0.9427769987839566  -0.14478158455744694  0.0  0.0  0.0  1.0
3394309162758;3.457925038615682;1.211226676391156;0.17478329432897005  -0.8661783613602725  0.46817288081941094  1.0744422728835086  -0.9828473783280324  -0.1818996408605866  0.030389991255405743  11.251043505958835  0.05883732605435674  -0.4654541513038886  -0.8831141500942843  -3.4282998051913367  0.0  0.0  0.0  1.0
3394309162789;2.1605956540110696;0.2361229134062037;-0.3610064282670147  -0.8698565644823977  0.33619029726744465  6.897447303957563  0.8932468886874926  -0.426107678858506  -0.14332564972094244  -0.033447418783325134  0.2679260244918487  0.24855945615626174  0.9308242810301507  0.3002115248668402  0.0  0.0  0.0  1.0
3394309162820;3.736908019221678;5.143411817527328;0.010624167463497652  -0.07854883714166018  0.9968536538777398  11.693517769266403  -0.9903307605202373  -0.1387257835439802  -0.00037649371446387867  10.809257601130696  0.1383188773563314  -0.987210837239848  -0.07926317558035678  13.007987821821178  0.0  0.0  0.0  1.0
3394309162851;3.0196041882655598;2.367647747784034;-0.8338170012331194  0.49187421135371034  0.25061717550833273  3.8321783553638813  0.4769834183195134  0.8704751930134851  -0.12148974029262156  -6.799914788618677  -0.27791370441711066  0.018240026132161788  -0.9604328578010319  3.261734400907102  0.0  0.0  0.0  1.0
3394309162882;1.0159530457947656;1.0202122452181765;0.34072378296987516  0.27155869908247815  -0.9000906491411467  1.2569548444470682  -0.8903359751498026  0.40073742424657727  -0.21612812903986062  -0.11462775253801238  0.30200853476805817  0.8750230795589635  0.3783192503249074  2.6030490290369808  0.0  0.0  0.0  1.0
3394309162913;3.707565587024253;0.9951926631516377;-0.8117286847646757  -0.5819570140322872  0.04921967237633297  28.738594097494833  0.580791997614772  -0.8132184959554809  -0.03682843117141976  -4.857857694848718  0.061458911777316105  -0.0013083021553278937  0.9981087568539901  4.163840038276581  0.0  0.0  0.0  1.0
3394309162944;2.7894836947736765;2.006960051407932;-0.057263204589407896  0.7963676004014413  0.6020959810785996  7.278478300618685  0.545148734478784  -0.48029660678572317  0.6871157302858815  -8.614329789684547  0.836381361997224  0.36757831075972136  -0.4066354666807826  -8.523615301436296  0.0  0.0  0.0  1.0
3394309162975;2.6130962231388835;4.80409899409705;-0.5389893444152659  -0.5113944299374762  -0.6693027892036053  30.77903956650554  -0.774749660950973  0.6128018377718102  0.15568195296772355  22.965038651776663  0.33053509566028577  0.6024530227763953  -0.726496322003374  -7.570702334270637  0.0  0.0  0.0  1.0
3394309163006;2.118558382630927;4.957295550472018;0.023612642501779732  0.9996438102939565  -0.012437670805397094  -6.305610581568796  0.9996823606283857  -0.02371953859239677  -0.008518294278922922  4.317002056404988  -0.008810275962855885  -0.012232580673924964  -0.9998863650473059  2.255200328319237  0.0  0.0  0.0  1.0
3394309163037;1.6957835337450329;1.7692230227267929;0.366524185911232  -0.8600930018464719  0.35482396947899975  11.527740903681924  0.929708000486011  0.353365143106827  -0.10380804144860761  -16.71049771391658  -0.036097852767343175  0.36793084107182045  0.9291522163853299  -1.926782211754901  0.0  0.0  0.0  1.0
3394309163068;2.3800172959411823;1.9780599254376192;-0.9244651287111525  0.3551389802153111  0.13871023945152983  3.831673807061822  -0.371219805902048  -0.9213903235748098  -0.11504663110562072  5.176025389967407  0.0869487291633272  -0.1578485867986657  0.9836278473805764  4.758270719229655  0.0  0.0  0.0  1.0
3394309163099;2.23708937419933;1.0835415774123407;0.48731339675140095  -0.44862629846746516  -0.749172942430513  6.371258983500869  0.11580440600869023  0.88356009066686  -0.4537740690362821  1.7134297699525165  0.8655142938713296  0.13437265534382709  0.48252357103074556  -2.5070847551946454  0.0  0.0  0.0  1.0
