# registration_from_features.py RANSAC RANSAC_config.json euclidean False --input_txt=/neural_comparison/point_clouds_registration_benchmark//tum/long_office_household_global.txt --input_pcd_dir=/neural_comparison/point_clouds_registration_benchmark//tum/long_office_household/ --input_features_dir=/neural_comparison/experiments/3DFeatNet/feature_extraction_voxelgrid_0.1_npz//tum/long_office_household/ --output_dir=/root/neural_registration_comparison/results/3DFeatNet/RANSAC/
id;initial_error;final_error;transformation
26456013410030;24.056836472779853;10.015637569701706;0.29089437149251035  0.12089087345728183  0.9490868565883277  -6.676645407520941  0.8127566071405136  0.4921476387337866  -0.31179704815504494  -6.073855191787746  -0.5047842729160829  0.862076619798666  0.044908121905594345  -3.748697682514817  0.0  0.0  0.0  1.0
26456013410061;16.110941053263648;19.98064970447688;1.0  0.0  0.0  -0.9728818000000006  0.0  1.0  0.0  6.5408502  0.0  0.0  1.0  0.83975881  0.0  0.0  0.0  1.0
26456013410092;32.82719740492137;4.279730493513028;1.0  0.0  0.0  -0.13142140000000002  0.0  1.0  0.0  -1.73689502  0.0  0.0  1.0  -10.604883699999998  0.0  0.0  0.0  1.0
26456013410123;8.030007789245241;1.9833106690981308;0.5769816559859702  0.6711340327252389  0.4654796222968803  1.6805463724776923  -0.8157213449880523  0.444815441749403  0.36978089473655495  -2.484656441525895  0.04112001929195909  -0.5930584565616127  0.8041087060305884  3.4311042436547683  0.0  0.0  0.0  1.0
26456013410154;21.220771897058373;2.9776797908843022;-0.8706959293358432  -0.38663979154318356  0.30397083780099027  -7.047167113668876  0.4633535231487763  -0.8520899841344495  0.24340536461501902  -2.6086498960043722  0.16490030692393753  0.3527780187783778  0.9210621902147508  5.422965734309869  0.0  0.0  0.0  1.0
26456013410185;19.26200113698659;9.683543547834349;0.46805283020903166  0.8835847164775615  -0.01430373869245914  -9.13439534872309  0.8835892505474566  -0.46818941621361654  -0.00828896028080289  -9.569319907175075  -0.014020857687701551  -0.008758958432376587  -0.9998633387602929  -4.021831685563906  0.0  0.0  0.0  1.0
26456013410216;50.426729253589905;3.932766852278209;-0.8256303453812135  0.5454161665747774  -0.14441515856921813  -11.49698477714429  -0.3781848205631967  -0.7249230140576225  -0.5757281174175828  7.056259903393743  -0.4187012948168186  -0.42072298359904947  0.8047865535595343  -9.307875291294774  0.0  0.0  0.0  1.0
26456013410247;16.43598563955728;4.260832915359904;-0.9749427969687351  -0.16694027928854913  -0.14702886039768365  -11.203022753600193  -0.17411240647600892  0.9840209697490682  0.03725051684523095  6.374073282878001  0.13846087010384334  0.0619166717868863  -0.9884305302877494  -10.403971802288641  0.0  0.0  0.0  1.0
26456013410278;4.451095854873883;0.5674262506429869;0.7404113735580743  -0.6250333907065965  0.24723320652303343  -2.678050504611159  0.6721522469931207  0.6893436010362582  -0.27021612937140294  -2.833157412086792  -0.001534525315708423  0.3662494508011979  0.9305154405058931  -2.07909961010012  0.0  0.0  0.0  1.0
26456013410309;14.843187227628507;2.150581579624824;0.6351973344627461  0.758640753696464  -0.1448742665979158  3.049180003711945  0.0060809692717736265  0.1826577880378643  0.9831577463875426  2.2443724872035697  0.7723259468023451  -0.6253801558252199  0.11141046896896932  -0.5948164857623901  0.0  0.0  0.0  1.0
26456013410340;36.61625219677321;1.804832923221104;-0.06308873674033172  0.9970865590346545  -0.0428742940343228  11.351341489241404  -0.997935462449367  -0.0625082512707239  0.014748942641560264  2.157824629873831  0.012025975323320462  0.0437162706038437  0.9989716030008131  -7.98079396541374  0.0  0.0  0.0  1.0
26456013410371;16.775870467996327;10.100094140652368;1.0  0.0  0.0  -5.561862399999999  0.0  1.0  0.0  0.50493494  0.0  0.0  1.0  -6.744913876  0.0  0.0  0.0  1.0
26456013410402;13.98992247418953;10.401484239276035;-0.2058044899644403  -0.9746489028563466  0.08777259293991563  -6.771087978945014  0.8567798933502552  -0.13612261706171325  0.497392046051197  -4.55946229778359  -0.47283477691599884  0.1775673091680723  0.8630742288202148  -10.028513669608765  0.0  0.0  0.0  1.0
26456013410433;17.58225518951724;1.5903858857988813;-0.6728249499580846  0.6709018699622578  0.31176476323511404  -0.19518650238997548  0.22635027957026502  -0.21452137759577064  0.9501295330074084  -12.29889465213482  0.704323886896053  0.7098388968178335  -0.0075234906843567595  2.3835681742190302  0.0  0.0  0.0  1.0
26456013410464;29.267796526965547;19.087974594357433;-0.9135198964897573  0.405339260602159  0.03437270038617586  -7.259898692863681  -0.35754440505266905  -0.7597502997410761  -0.5430851502838916  3.859405227124043  -0.19401906383877776  -0.5084088569820939  0.838973799954018  -4.827881732652809  0.0  0.0  0.0  1.0
26456013410495;22.000074074649238;1.8851247166971954;-0.159746570001034  0.9457073295072655  0.2830524338159639  -6.808149573618103  -0.752734208041113  0.06880882449788815  -0.6547186859376607  -1.8492100742443194  -0.6386487652987541  -0.3176523139966947  0.700874284015987  7.8608780502359465  0.0  0.0  0.0  1.0
26456013410526;28.53243280520365;14.746803339754928;0.7666674567078349  0.07811505073874267  0.6372747050316875  -9.895521209727045  -0.10875295052763223  0.9940281607927706  0.008989510691691072  -11.314575635306369  -0.6327667868786059  -0.07619746976786934  0.7705842841794142  5.560109202915222  0.0  0.0  0.0  1.0
26456013410557;13.431394888809669;4.141302027613571;-0.13672072746600075  -0.6404154081323318  -0.7557615680278179  3.4801996452655626  0.8007967396278886  0.37764462240786306  -0.4648753821915781  -2.742271206225956  0.5831226496051329  -0.6687695000470051  0.46121072334060864  1.6755603783227244  0.0  0.0  0.0  1.0
26456013410588;23.13991134769726;3.502481016319341;-0.6968972135343728  -0.7155066911706562  0.04883081668419879  -11.120563082551772  -0.6662438764241627  0.6711072337461158  0.3251679226814065  -1.9051621762766868  -0.2654305387391053  0.1940753866507943  -0.9443947127133935  9.562261951429374  0.0  0.0  0.0  1.0
26456013410619;11.220211835576826;7.814149156975681;0.49806450157098486  0.5707723443211372  0.6528021777177224  -4.786589128066359  -0.03558476783502418  0.7656414514815004  -0.6422825640412709  8.123003250508514  -0.8664095316725087  0.2966683311906666  0.401649629273539  2.1395477966824172  0.0  0.0  0.0  1.0
26456013410650;8.379680664534527;2.21810260473259;1.0  0.0  0.0  -2.4663169  0.0  1.0  0.0  -0.346477948  0.0  0.0  1.0  -1.56650457  0.0  0.0  0.0  1.0
26456013410681;3.751139155323144;4.159608187069297;0.5939312142697141  -0.802547481009004  -0.05624280791537367  -3.1737289126345916  0.8039510686077964  0.5946811748632441  0.00412062466795295  1.2407412480365045  0.030139542141272978  -0.0476638331376547  0.9984086172555504  -1.6244543686397628  0.0  0.0  0.0  1.0
26456013410712;8.36841917267873;0.2668286201789893;-0.5564895468258846  0.8299894848843965  0.03790566256980482  -2.267302978263079  -0.8174086683738226  -0.5387391283947724  -0.20396867505520264  -3.9953084025883423  -0.14887059192753746  -0.1444908527131576  0.9782432930214082  8.170046406172816  0.0  0.0  0.0  1.0
26456013410743;2.3847560530595797;1.565138765000195;-0.8194761624976753  0.36382914833562796  -0.4428173098688156  -1.4389337603415298  -0.013005032135818023  -0.7842583434234387  -0.6202980895584553  0.6825472965437629  -0.5729656955152109  -0.5025606446908619  0.6474126274414759  -0.32122276853174814  0.0  0.0  0.0  1.0
26456013410774;15.963195035722586;1.5194098451056635;0.936630538105718  -0.23742996036336617  -0.25758542080180813  -0.4529960125248269  0.23716030938770666  0.970923714213522  -0.03259031802464388  7.619345070192766  0.2578337114089647  -0.030563950982661237  0.9657057637611004  -5.083431160192121  0.0  0.0  0.0  1.0
26456013410805;5.1512682190192525;9.845477983497682;-0.490902357583851  -0.2780571722662646  -0.8256507035483632  -8.5023159552996  0.6166212905917533  0.5586033004439164  -0.5547436675818171  -3.900164744779201  0.6154616635563736  -0.7814387766706065  -0.10276370472092125  1.5456472979364837  0.0  0.0  0.0  1.0
26456013410836;18.642995246390836;1.1835321005660455;-0.3405158108352668  -0.283164588756371  0.8965861911972748  -3.407194869724151  0.6167794887092208  -0.7870059221937497  -0.014308764431569337  10.532017971365043  0.7096703776252695  0.5481236120679363  0.44263807000167266  8.54825317540967  0.0  0.0  0.0  1.0
26456013410867;29.507135292695715;29.507135292695715;1.0  0.0  0.0  0.0  0.0  1.0  0.0  0.0  0.0  0.0  1.0  0.0  0.0  0.0  0.0  1.0
26456013410898;5.642843118076654;0.6117288597818025;-0.9993971828677319  0.02705452411249054  0.021756001495869478  -0.09978972270976072  -0.03372791753310017  -0.9051484378560639  -0.42375551090883545  0.20890358368154915  0.008227907080296623  -0.4242338484512691  0.9055152916286423  3.502904614842483  0.0  0.0  0.0  1.0
26456013410929;7.924184270643275;2.0440778534643504;-0.2519939837761377  -0.38824049355839985  0.886435757007896  -1.7130276547037417  -0.3572553088693421  -0.8139704573322064  -0.45806193781525845  3.139230897175118  0.8993707113450509  -0.43211273268896944  0.0664146807774354  -2.1548266484813103  0.0  0.0  0.0  1.0
26456013410960;5.477806233433959;1.4523352625005908;-0.37877275869195326  0.5920497999717681  0.7113425557537498  -0.31901277384279014  0.6470030704935716  -0.3801866896487619  0.6609425903857356  1.505039978217477  0.661753899909005  0.7105878660428316  -0.23905367721061593  6.64441701701031  0.0  0.0  0.0  1.0
26456013410991;10.096749814870382;5.794965063935429;0.16810668901735049  0.9255389412445998  0.33929015509950855  2.4505349700020265  0.9189114774005055  -0.2717274114468908  0.28594739126278473  -1.4408286406111557  0.3568498813356166  0.2637079485116005  -0.8961675513443671  -3.835933841385761  0.0  0.0  0.0  1.0
26456013411022;35.36518793250331;35.36518793250331;1.0  0.0  0.0  0.0  0.0  1.0  0.0  0.0  0.0  0.0  1.0  0.0  0.0  0.0  0.0  1.0
26456013411053;24.5254343392253;1.2896267515785864;0.341277101349632  0.931908505456662  -0.12278630848724074  -7.137891161678195  -0.9351182232473919  0.3233636064299694  -0.14487886867050404  -11.477087667228615  -0.09530922644232447  0.1642635549783783  0.9818012201361491  4.59871776970357  0.0  0.0  0.0  1.0
26456013411084;24.922393186294816;5.023956908858072;1.0  0.0  0.0  -5.0261989  0.0  1.0  0.0  7.4844036  0.0  0.0  1.0  -2.307274125  0.0  0.0  0.0  1.0
26456013411115;40.938989354120714;20.82870525925164;-0.5356975375686314  -0.6604627794599149  -0.5261340752992433  -2.723841693176813  0.7246576258092428  -0.679433444816252  0.11507180115750927  -11.393790685066882  -0.43347372884572505  -0.3196233893400258  0.8425802130286336  -12.069696935474898  0.0  0.0  0.0  1.0
26456013411146;41.67514629420138;1.7454984404633724;1.0  0.0  0.0  -0.72168613  0.0  1.0  0.0  -1.9003185500000002  0.0  0.0  1.0  13.433423  0.0  0.0  0.0  1.0
26456013411177;4.1746707975987976;10.796687106127697;0.9247974751751568  -0.0907332392674208  -0.36948221770701845  -3.7444163463169122  -0.09835591463683874  0.8811178461767675  -0.46255535366566164  3.3684850332373006  0.3675265214451965  0.46411078466337685  0.8059314087399363  0.30891606523293  0.0  0.0  0.0  1.0
26456013411208;35.325158197734496;4.2695861466282325;-0.7292859976928908  0.5315365283182394  -0.4308257799070038  4.870335043026874  -0.38197787852602827  -0.8387031899673647  -0.38816215613493427  -13.07272161109599  -0.5676573208246672  -0.11851530788029033  0.814689688109651  -4.0463092025891765  0.0  0.0  0.0  1.0
26456013411239;38.287446358366964;16.962298682536062;0.09922144989055234  0.9058240821542136  0.41187114012891635  -11.962951099538262  0.4933932215590118  -0.4042340637655938  0.7701674821823976  -2.344407337519419  0.8641285973749722  0.12679729445469554  -0.48703615196177447  -3.566980555987104  0.0  0.0  0.0  1.0
26456013411270;39.86833487442807;2.279826279387931;-0.21678768645237162  -0.4427920238168701  -0.8700220242308753  -4.3932247750255895  0.9256723250522674  -0.37629607369471396  -0.03914091918023385  0.567868396576914  -0.3100545849281372  -0.8138405793311759  0.4914566774385486  14.157496880770253  0.0  0.0  0.0  1.0
26456013411301;37.42145376735778;37.42145376735778;1.0  0.0  0.0  0.0  0.0  1.0  0.0  0.0  0.0  0.0  1.0  0.0  0.0  0.0  0.0  1.0
26456013411332;43.158266358040244;2.494597768170636;1.0  0.0  0.0  -12.6848467  0.0  1.0  0.0  -8.24003492  0.0  0.0  1.0  3.9543704  0.0  0.0  0.0  1.0
26456013411363;34.12568423335386;15.373955301818194;0.37971451340030027  -0.6840358732458505  -0.6228256677642303  -12.165921455032596  -0.9113511856091693  -0.39224859302222703  -0.124820101589625  -1.9858947144354864  -0.15892106468915354  0.6150089148824347  -0.772339387713197  3.573101272392319  0.0  0.0  0.0  1.0
26456013411394;6.137811103386027;0.603214884485447;0.05827178794954957  -0.9819224940843085  0.18009057260282524  -1.3619699648082242  0.9937061985737801  0.03976435519116106  -0.1047224282199283  0.9407211565514482  0.09566812240871866  0.1850594814309225  0.9780596089642536  4.256586871955773  0.0  0.0  0.0  1.0
26456013411425;9.98424384019515;1.7972788723031288;0.7202403752423813  0.01457258697165799  -0.6935715115110104  5.54896759645381  0.20565230497277612  0.9503535728766602  0.23352776276055673  0.7762282444231854  0.6625412676430793  -0.3108307034858688  0.6814861278414857  4.800672787158768  0.0  0.0  0.0  1.0
26456013411456;3.553039626498096;3.8470037101417285;-0.8421017542478281  -0.11364684935628272  -0.5272087149546381  -4.623671377171693  0.4707925762418572  -0.6317779875587181  -0.61580104302592  1.8114303893421704  -0.2630950125872506  -0.7667730877304224  0.5855254446085736  -2.6231778237517402  0.0  0.0  0.0  1.0
26456013411487;8.907789434141892;3.9850304596946606;1.0  0.0  0.0  -3.2910164  0.0  1.0  0.0  0.80849634  0.0  0.0  1.0  -0.2870718  0.0  0.0  0.0  1.0
26456013411518;13.190832874792818;2.2062571305017893;-0.26256804780890175  0.7126186394675063  0.650563367361937  6.0601089834084645  0.9546122319918137  0.2900994885488834  0.06751128257768825  4.898580418873573  -0.14061830180111864  0.6387620538409875  -0.7564453263596866  -1.606453441662872  0.0  0.0  0.0  1.0
26456013411549;11.678534346863168;11.678534346863168;1.0  0.0  0.0  0.0  0.0  1.0  0.0  0.0  0.0  0.0  1.0  0.0  0.0  0.0  0.0  1.0
26456013411580;28.01403905500884;28.01403905500884;1.0  0.0  0.0  0.0  0.0  1.0  0.0  0.0  0.0  0.0  1.0  0.0  0.0  0.0  0.0  1.0
26456013411611;4.839169248689441;2.343312099421243;0.8895239580627303  0.4300227401091703  0.15436181853494496  -0.5658663906438414  -0.44045193414857703  0.8969052166427203  0.03953638910994177  -2.4467616112156394  -0.12144637391536958  -0.10315752686099178  0.9872230259240979  0.1273313968805394  0.0  0.0  0.0  1.0
26456013411642;15.458613024673555;2.0930375207220844;-0.4611787560319056  -0.3912015278953982  0.7964141633328536  0.4163451285991481  0.6681821804849248  -0.7436833959069303  0.021623605960780615  3.00556816179648  0.583820801845288  0.5421220999227402  0.6043648733241227  5.5778667860588955  0.0  0.0  0.0  1.0
26456013411673;20.589511477104207;2.5776085087367053;-0.5760726097346129  0.33233810600203456  0.7467876081005449  -7.455580523493164  0.6312099836372328  -0.3996034123779519  0.6647488769246482  -3.426366723753622  0.5193402592426635  0.8543234142377681  0.020425450175850346  4.958671688078628  0.0  0.0  0.0  1.0
26456013411704;7.41267435151194;7.367895881645885;-0.8329167591359163  -0.5453082447954176  0.09427932174481854  0.07545184481673417  -0.4575924023538651  0.7744614632330405  0.43682792410164945  -4.050723927279675  -0.3112215700406071  0.3206997975133113  -0.8945908417910284  5.776061764372841  0.0  0.0  0.0  1.0
26456013411735;21.757255182572877;2.495558451485561;0.15207480999511971  -0.19121431598864558  -0.969696002634817  8.462992049762015  -0.920763909236789  -0.3840281859621476  -0.0686744190627695  -6.951003230074267  -0.35925906475958974  0.9033047313878175  -0.2344642545047081  -3.6992233527510967  0.0  0.0  0.0  1.0
26456013411766;12.304723833976745;9.972564506774372;0.40357645072877146  0.9030925884073285  0.14679858712167332  -4.559897918534641  0.8628760943035779  -0.429032079988415  0.2671634709690267  -3.6516787337565604  0.3042546536974765  0.01884810612677402  -0.9524042495699307  -4.931968287788509  0.0  0.0  0.0  1.0
26456013411797;8.573971267035956;16.726158674860685;0.8605122999984993  0.497097006966244  0.1114143043621167  -4.401240015000614  0.46770269736514136  -0.8575905642969258  0.21399208141015638  -7.485218819926667  0.20192267933212266  -0.132034047480497  -0.9704608399504097  1.3312978781506053  0.0  0.0  0.0  1.0
26456013411828;17.226941609016762;17.226941609016762;1.0  0.0  0.0  0.0  0.0  1.0  0.0  0.0  0.0  0.0  1.0  0.0  0.0  0.0  0.0  1.0
26456013411859;33.57411777214782;2.7462135264227796;0.042952137142771726  0.30729987437748396  -0.9506428883247648  4.426225892092617  0.43262216251156904  -0.863406117498372  -0.25955334860140217  -1.2233852880770573  -0.9005515967553899  -0.40012081109831077  -0.17002987416141876  -9.207178228771067  0.0  0.0  0.0  1.0
26456013411890;15.597182184778172;2.20428321839434;0.39102747163711654  0.8962496894304861  0.2093657341133965  -4.6602048593803245  -0.8915468968728117  0.42533887109992996  -0.15566301875492886  3.7552263684312033  -0.22856431720971707  -0.12579085390915598  0.9653678127901618  -7.809210482140395  0.0  0.0  0.0  1.0
26456013411921;20.61504111605992;2.6202821664327387;-0.6503442217917927  -0.5708911475914187  0.5011344039115462  -6.386247384323563  0.24715085609636034  0.4647907063626164  0.8502270600314816  -6.445300886811725  -0.7183097155913067  0.6767960526485757  -0.16117771436040068  3.583409497330733  0.0  0.0  0.0  1.0
26456013411952;12.058834581084366;12.058834581084366;1.0  0.0  0.0  0.0  0.0  1.0  0.0  0.0  0.0  0.0  1.0  0.0  0.0  0.0  0.0  1.0
26456013411983;10.451393430494422;1.1822449951484935;0.9742088502035513  0.21996849418657066  -0.050308823782390544  -0.20441484712676744  -0.22222627258206534  0.9739661417540745  -0.044782122448182804  0.9880091225401402  0.03914843495411513  0.05480708240706739  0.997729213643997  -5.428079115009254  0.0  0.0  0.0  1.0
26456013412014;47.38630036713764;47.38630036713764;1.0  0.0  0.0  0.0  0.0  1.0  0.0  0.0  0.0  0.0  1.0  0.0  0.0  0.0  0.0  1.0
26456013412045;9.223414713956423;3.476035017710695;0.24767234597235338  -0.5820928513692539  -0.7744845520895577  -4.66995849536845  0.4415101613751185  0.7793722287762505  -0.4445758725064342  -3.8573614407765917  0.8623961887920584  -0.23183365026922237  0.45002885703005757  1.8631001315281603  0.0  0.0  0.0  1.0
26456013412076;30.520242091779032;30.520242091779032;1.0  0.0  0.0  0.0  0.0  1.0  0.0  0.0  0.0  0.0  1.0  0.0  0.0  0.0  0.0  1.0
26456013412107;33.69151947690923;3.174993272829119;-0.11776425989449006  -0.974001568349792  -0.19352654583712342  -6.172596109713797  -0.03090303972487452  -0.19119372487158934  0.9810657275154858  9.261556185692358  -0.9925606184144449  0.12151503784253301  -0.00758382165283028  5.416905863536077  0.0  0.0  0.0  1.0
26456013412138;28.73843283987377;3.890567180106239;0.5329463678513395  0.29797439152396804  0.7919466086738329  -9.251573226652189  0.6051632423282844  -0.7883789131681456  -0.11061708460509802  -5.124057049395271  0.5913929481561158  0.5382099509185372  -0.6004868271689923  -6.691558701660902  0.0  0.0  0.0  1.0
26456013412169;6.10829587109351;2.2233127224173113;0.7574942609545766  -0.12618459461064493  0.6405309459376861  2.3086558821011445  -0.6177282041051262  0.178902277661728  0.765771402508935  -0.1690575460923478  -0.21122099913108824  -0.9757414735114999  0.05756966558589405  -0.6259035950750416  0.0  0.0  0.0  1.0
26456013412200;27.398770435044117;1.7164847713141753;0.186183372232523  -0.9604810366738703  -0.20691043978981147  3.9859917007827907  0.7252328682547202  0.27642324576112765  -0.6305770975907032  5.356788992888392  0.6628521997452811  -0.03265528123857668  0.7480378291905243  -6.73121846872727  0.0  0.0  0.0  1.0
26456013412231;11.304933685245452;13.351024458213358;0.1872422996052827  -0.9360659147616628  -0.29786057889545825  -6.513967007028276  0.9294260253939788  0.07066714542339891  0.3621787098630451  0.149801780444468  -0.3179741885104469  -0.34465454846718624  0.8832359014793287  -4.429322999563672  0.0  0.0  0.0  1.0
26456013412262;22.777914718070324;1.6673886941365652;0.5224519366115751  0.840933558114104  -0.1409777456493313  -4.136040465748233  -0.8285659505515479  0.5397298714469805  0.14889637824485874  -1.1422936129773793  0.2013018616839513  0.03901815866207657  0.9787518295140992  7.881799811300511  0.0  0.0  0.0  1.0
26456013412293;30.28145528198315;30.28145528198315;1.0  0.0  0.0  0.0  0.0  1.0  0.0  0.0  0.0  0.0  1.0  0.0  0.0  0.0  0.0  1.0
26456013412324;27.91236336482207;1.3586508239585067;0.8003482020059062  0.5982697256429581  0.03893701227640334  -5.236352658584012  0.5983551544462109  -0.801159431577563  0.010708610645976516  -1.9204633028537674  0.037601392175877504  0.014727544717832712  -0.9991842846707609  11.92500939769097  0.0  0.0  0.0  1.0
26456013412355;17.58982192427501;2.542714758261417;1.0  0.0  0.0  0.707334204  0.0  1.0  0.0  5.3304873  0.0  0.0  1.0  2.74623575  0.0  0.0  0.0  1.0
26456013412386;20.348425974718353;1.7601655588657719;1.0  0.0  0.0  -5.23491394  0.0  1.0  0.0  1.8975673  0.0  0.0  1.0  -5.0379002  0.0  0.0  0.0  1.0
26456013412417;25.453268783191263;1.9104959581745111;0.42357062478665675  -0.8089515001838193  -0.40765843075814057  6.869533530977103  -0.7779848600526276  -0.09433198338443716  -0.6211610374449223  -1.5906653198476974  0.46403392478000477  0.5802576559263193  -0.6693082767993822  9.776918469512006  0.0  0.0  0.0  1.0
26456013412448;11.55255178167472;1.4776383565292825;0.13525061945609584  0.275958647905199  0.9516060606065293  -10.662861874067707  -0.754798136646547  -0.59348461594139  0.2793846516110036  -4.618894156579289  0.6418621681106025  -0.7560574285642829  0.12802391128660856  -0.8094311272749501  0.0  0.0  0.0  1.0
26456013412479;15.024610821793486;15.024610821793486;1.0  0.0  0.0  0.0  0.0  1.0  0.0  0.0  0.0  0.0  1.0  0.0  0.0  0.0  0.0  1.0
26456013412510;44.598779289077456;44.598779289077456;1.0  0.0  0.0  0.0  0.0  1.0  0.0  0.0  0.0  0.0  1.0  0.0  0.0  0.0  0.0  1.0
26456013412541;25.55960109614438;2.206577355701255;-0.6580376453989264  -0.42852523737212717  -0.6191547287819086  -6.570099218275058  -0.47978277166921934  -0.39512158487153237  0.7833820429254236  3.6345934815330048  -0.5803403736146905  0.8125546468415341  0.05440585123854591  1.6176515270677279  0.0  0.0  0.0  1.0
26456013412572;11.855425981755449;0.6973477464109661;0.8117299316160077  0.5822073927466306  0.046141845973503  -4.296011871282433  -0.5527066137379866  0.7402617820712012  0.3827896199416301  -8.666095169838966  0.1887059014682899  -0.3362246954581715  0.9226825222768121  4.579234889812342  0.0  0.0  0.0  1.0
26456013412603;9.681681139268411;4.819184275712805;-0.05654224894740484  -0.9452642264317253  -0.3213697501514472  -5.078142485783939  0.7292577724220122  -0.2589464359842923  0.633348122799081  -1.3089703116253273  -0.6818988747945377  -0.19855046088958572  0.7039826979652826  -9.42755868571212  0.0  0.0  0.0  1.0
26456013412634;52.58463844912728;12.127981293260712;-0.7784167406533742  0.6177400890375027  -0.11164479507131703  -12.812353093964067  -0.6276701434342389  -0.7687106071906158  0.12293979597297716  -5.429612684301122  -0.009877697698344678  0.16577449981397546  0.9861142156462439  -11.052570316590183  0.0  0.0  0.0  1.0
26456013412665;17.137251027096553;1.2630470563218499;1.0  0.0  0.0  -1.1852824  0.0  1.0  0.0  -0.29059989  0.0  0.0  1.0  -5.3781614  0.0  0.0  0.0  1.0
26456013412696;25.9043647789081;2.6207996486717295;-0.9784684259444664  0.04572586424923496  -0.20126769429895708  -5.796304805370179  -0.20185364263858258  -0.4154719197788858  0.8869262600852352  5.605624679677402  -0.04306560557211852  0.9084559588741258  0.41575608763167754  -7.221684452646455  0.0  0.0  0.0  1.0
26456013412727;23.252492129236515;23.252492129236515;1.0  0.0  0.0  0.0  0.0  1.0  0.0  0.0  0.0  0.0  1.0  0.0  0.0  0.0  0.0  1.0
26456013412758;14.13602399426325;1.4523947164529132;0.18859527292470907  0.24747119538643686  -0.9503629993241854  6.646791093816391  -0.023784731464831364  0.9685961474611369  0.24749907004388613  -6.204288286996907  0.9817668305558096  -0.024073025930500952  0.18855869071180228  -0.7792482710621622  0.0  0.0  0.0  1.0
26456013412789;4.621604133291701;14.682939430424163;0.6184641723259096  0.001222136588748264  -0.7858120474587964  -4.9990812878568285  0.02153429713667282  0.9995968763275016  0.01850294255328691  -4.915158853065154  0.7855178811434251  -0.028365317175367277  0.6181885369250096  0.9566150424233428  0.0  0.0  0.0  1.0
26456013412820;35.801682263906;35.801682263906;1.0  0.0  0.0  0.0  0.0  1.0  0.0  0.0  0.0  0.0  1.0  0.0  0.0  0.0  0.0  1.0
26456013412851;14.022145789999549;1.3560763618278089;0.40920710360132223  0.9029034663429605  -0.13158600544162632  -8.761868043527993  -0.9124382642654506  0.40531393443437647  -0.056365135124276794  2.3623203807799222  0.0024413656974499646  0.1431291200950841  0.9897010127883766  -8.607045340364538  0.0  0.0  0.0  1.0
26456013412882;2.3936762370407902;1.097338051424805;0.5038174532281878  0.41965230238371054  0.7550231247628867  -1.1078775638509053  -0.8060183396595116  0.5427218632583211  0.23619359702146933  -0.7575020675472395  -0.3106483702760838  -0.7275609419460798  0.611680198959674  -2.1103838321764616  0.0  0.0  0.0  1.0
26456013412913;12.272824290791716;5.6541670173167855;-0.004716756269263899  -0.9460937201126225  -0.3238586496818556  1.6309653666193502  0.848010335915835  -0.17541985187096995  0.5001063344424658  4.117340744007427  -0.5299586987588832  -0.272276602617679  0.8031246660866328  -14.887909149762004  0.0  0.0  0.0  1.0
26456013412944;7.817464008253767;1.0250035501299362;0.3366193721135355  0.9404473734566225  0.04739341807075306  -8.23740603580377  0.30188608044721377  -0.06010795306370826  -0.9514472283898402  -2.3792371286939504  -0.8919373255728831  0.3345829818401274  -0.3041414728590322  1.1676162522594202  0.0  0.0  0.0  1.0
26456013412975;18.958736180574377;4.010608885738324;0.39584601589914553  -0.9054151175664705  0.15339294826968855  -5.9100252856478255  -0.8232041169314578  -0.42389106614566335  -0.3776921311187077  -6.964098540209381  0.40699006568204055  0.023234218815936406  -0.9131370420217008  -3.493997604102284  0.0  0.0  0.0  1.0
26456013413006;18.3212344447247;2.866066761906294;0.7019668430068595  -0.46665882285807087  0.5380261093736094  3.83606452347163  0.6271892499335244  0.7629760049378739  -0.1565287853938209  5.373744089996878  -0.33745547274685966  0.44732220930528543  0.82826725455944  -3.314228922713001  0.0  0.0  0.0  1.0
26456013413037;17.624013468308494;0.9094966069361945;-0.3388034126319629  -0.7372741621687313  0.5844989798000778  -7.174839659726253  0.5663911919869702  -0.6558862706760563  -0.4990132438906157  1.2896571369479017  0.7512744273755869  0.16198768390544746  0.6398020983354414  -6.744274873193889  0.0  0.0  0.0  1.0
26456013413068;25.751269723182936;4.1479789282665145;0.10407099945460044  -0.14408025831236398  -0.9840783028992984  5.741323106269303  0.3286995998377915  0.9388346027344308  -0.10269450703401767  8.298733370594592  0.9386830136627574  -0.3127786243865245  0.14506457868093456  -1.0285317408755486  0.0  0.0  0.0  1.0
26456013413099;16.675295180356358;3.8874993557081905;0.5208629671938207  0.85285048686225  0.036712619967418425  8.359337799513838  0.8530250228929019  -0.5216385580351385  0.015541077491132232  0.26272105497907733  0.03240493364617228  0.023222011752745297  -0.9992050132207818  -7.2975265264123514  0.0  0.0  0.0  1.0
