# registration_from_features.py RANSAC RANSAC_config.json euclidean False --input_txt=/neural_comparison/point_clouds_registration_benchmark//tum/pioneer_slam_global.txt --input_pcd_dir=/neural_comparison/point_clouds_registration_benchmark//tum/pioneer_slam/ --input_features_dir=/neural_comparison/experiments/3DFeatNet/feature_extraction_voxelgrid_0.1_npz//tum/pioneer_slam/ --output_dir=/root/neural_registration_comparison/results/3DFeatNet/RANSAC/
id;initial_error;final_error;transformation
1807261650030;4.242065528890624;1.11114755005814;0.672381610437244  0.6654554587150119  0.324148118014298  0.7230041153312401  0.36678137327393723  0.0808460146240279  -0.9267876488919652  3.91581736393972  -0.642941983514145  0.7420464637647728  -0.1897172934897931  3.7103854921379726  0.0  0.0  0.0  1.0
1807261650061;7.372035540033227;8.863655520321537;-0.8107928600467461  0.5440575894994971  -0.21590802996927644  1.7870350536803878  -0.5605637659728558  -0.8278958294594769  0.018888087302158758  2.483539752233047  -0.16847315031050714  0.13634454470788773  0.9762309986641746  6.026337312951666  0.0  0.0  0.0  1.0
1807261650092;12.102589230009645;4.263502395347481;0.6217780348965467  -0.48487679806591394  -0.6150500516360728  -7.083007912739804  -0.656123765236576  -0.7513052725887485  -0.0710069860797148  -9.72146886164284  -0.4276607066495204  0.44769953995698214  -0.785284306420509  -7.100663447262002  0.0  0.0  0.0  1.0
1807261650123;9.366919006451113;9.45223490594654;0.9329255342701768  -0.2274238795436101  0.2791564552720186  15.540826254607554  0.05606586295483071  0.8575797617638907  0.5112861930701028  5.665140842708987  -0.3556776159921161  -0.46134079727065314  0.8128087734860169  3.8334695460385015  0.0  0.0  0.0  1.0
1807261650154;4.484926530514292;2.3574929525058894;0.9894693229680984  -0.0999427649799189  -0.1046991052169097  1.6536134082725769  0.11354689624850962  0.9845554595156193  0.13325783087803028  -2.963607191339445  0.08976391957453189  -0.14374279413645824  0.9855356147174289  -0.7135741872920844  0.0  0.0  0.0  1.0
1807261650185;4.785592360357215;11.050808341812886;-0.678399767658956  -0.2733474851864544  0.6819493438537177  5.428743398031284  0.03665595118223136  0.9144608389453925  0.4030108128552076  2.1347914735878537  -0.7337779612956504  0.29839994366207645  -0.6103502086009878  4.559471205970363  0.0  0.0  0.0  1.0
1807261650216;5.7139193037879235;0.6683389156039938;0.8078977969982828  0.47438229530731707  0.34966067480384966  -2.5029984613296015  0.5703858850078904  -0.7786295663947539  -0.26152617559182145  -2.533362713897789  0.14819275214762617  0.41072793456846823  -0.8996340767089877  -3.5084555921337355  0.0  0.0  0.0  1.0
1807261650247;12.652214164961155;10.37835457854195;-0.7684785602211698  0.60117049323881  0.2191682927327866  -0.5780340602720164  -0.5482980669986233  -0.7952360338005385  0.2587834621276297  16.569116453286593  0.32986350541697057  0.07869999113211518  0.9407424616704794  -6.86604287878322  0.0  0.0  0.0  1.0
1807261650278;6.989420057286833;0.8635143320726002;0.9033272096378255  -0.30016236320155354  -0.30643516124165526  5.323385380726954  -0.19250907006676315  -0.9220815349893212  0.33571699506246  -0.9095379047065553  -0.3833278104572778  -0.2442707484513779  -0.8907253174694391  -7.837588897537177  0.0  0.0  0.0  1.0
1807261650309;8.352466281140485;6.92304895142773;0.8507932371254584  -0.419329257662409  0.3167236039986219  -3.4310179035434714  0.031226379551990535  -0.5613016315579585  -0.8270220019022758  2.803556729453928  0.5245719978055042  0.7135148576439498  -0.46445749755997634  -4.69227815886536  0.0  0.0  0.0  1.0
1807261650340;10.036300996119001;5.217489812107644;0.34435991826130613  0.7469366348232459  0.568772283303249  -11.63384205344453  0.7232851691583019  0.1751781477519871  -0.6679604633702728  3.5043381723052  -0.5985606157864991  0.6414033677095153  -0.4799238576276229  2.360932922027584  0.0  0.0  0.0  1.0
1807261650371;3.1812712757927435;5.647786947055778;-0.09728538954971856  0.9927437850705583  0.07067764981902754  12.31691845787998  -0.9857384317302891  -0.10590953908146648  0.13077810880060284  4.581730167120416  0.13731459205077426  -0.056946876431748616  0.9888891525720147  0.3680277247354316  0.0  0.0  0.0  1.0
1807261650402;12.640830633455;6.845165248447573;1.0  0.0  0.0  -7.4828616  0.0  1.0  0.0  4.14667865  0.0  0.0  1.0  -5.8069535000000005  0.0  0.0  0.0  1.0
1807261650433;17.72602606662104;12.123220356119512;-0.975096124957016  -0.22106805189059014  0.01778942177560567  -6.5019385795229345  0.22142954278699806  -0.9658822611400049  0.1343146127426637  4.335850826813848  -0.012510182850464457  0.13490876194069107  0.9907790476572855  9.669513051677859  0.0  0.0  0.0  1.0
1807261650464;13.516242316124647;0.6489616116925692;-0.7688547143048878  0.6028035243487762  -0.21328464390068771  -10.15935065894317  -0.5497429298755858  -0.7935184538131776  -0.2609811765429669  1.7832582115568323  -0.3265656738589584  -0.08340488289446137  0.9414873797170119  4.267690466027513  0.0  0.0  0.0  1.0
1807261650495;7.578236265964046;1.7430964588423414;-0.10566196692089176  -0.8456706886956418  0.5231411234336745  -0.19987064378485897  0.9944015549638536  -0.09041211411291014  0.054691837664350304  -12.635762327555726  0.001047010925400027  0.5259911937501167  0.8504893696369457  -0.816186497295974  0.0  0.0  0.0  1.0
1807261650526;15.116037694080763;8.704498876837063;-0.9977724484484268  -0.061804192417641984  -0.02510742752322906  1.892737269127956  -0.057564978973006026  0.9878837356071056  -0.14412493926724868  3.163910021347972  0.03371074477178619  -0.14235858499772264  -0.9892409306960456  -7.422212162299188  0.0  0.0  0.0  1.0
1807261650557;24.456095870239103;24.456095870239103;1.0  0.0  0.0  0.0  0.0  1.0  0.0  0.0  0.0  0.0  1.0  0.0  0.0  0.0  0.0  1.0
1807261650588;6.853314294203077;0.75638315147439;0.4696753281926419  0.22546069250167242  -0.853564621000543  -1.8862078998928777  -0.06456718482782958  -0.955478812727021  -0.28790852205721773  -0.7059291237668832  -0.8804749654195416  0.19033579423332067  -0.4342074627445134  -0.8403500087761775  0.0  0.0  0.0  1.0
1807261650619;35.588647047747834;35.588647047747834;1.0  0.0  0.0  0.0  0.0  1.0  0.0  0.0  0.0  0.0  1.0  0.0  0.0  0.0  0.0  1.0
1807261650650;3.7851067611784845;7.929515579881977;0.14781466925839076  0.9779885621337607  -0.1472725225137795  0.9927206187703905  -0.9849181509313578  0.1320214322511263  -0.1118328099991959  2.336772343935744  -0.08992807969698625  0.16158191037953612  0.9827533905920204  -8.724629701811692  0.0  0.0  0.0  1.0
1807261650681;15.599629407378206;15.599629407378206;1.0  0.0  0.0  0.0  0.0  1.0  0.0  0.0  0.0  0.0  1.0  0.0  0.0  0.0  0.0  1.0
1807261650712;15.285930710511307;8.910912405563145;-0.8976898079632661  -0.3448129848088861  -0.27433011899181203  0.4752446671072905  -0.042365973159876606  -0.5521610833134631  0.8326603523600247  2.8526165454671104  -0.438586517117309  0.7590929742668489  0.48106103918486126  9.60680401937474  0.0  0.0  0.0  1.0
1807261650743;12.892867624387561;9.371914802168005;-0.6927772395438316  -0.6370333727202256  0.33800618102443347  0.7131049266325814  0.6667029662936286  -0.7444275992771408  -0.036533603295440295  -4.736350581341183  0.27489425440577087  0.2000400746729665  0.9404345364880693  -1.5416157117674156  0.0  0.0  0.0  1.0
1807261650774;8.730798497462562;0.3985388647823882;-0.18554045307921138  0.9445680000532352  0.2708616501954294  2.288208303136816  -0.982415221505931  -0.18416335607452408  -0.030727688374172946  0.44085080752684824  0.02085839937802239  -0.2717998372972257  0.9621277335263689  5.1514446091406105  0.0  0.0  0.0  1.0
1807261650805;27.065215252830498;4.978578459607677;0.3981219840456883  0.7568630329766713  -0.5183215557285638  -9.239914822136924  -0.9000322968511653  0.21306596227224972  -0.38019042642577966  -2.0940555609604674  -0.17731539821555375  0.6178683071936564  0.7660274176041648  6.803286328597624  0.0  0.0  0.0  1.0
1807261650836;7.792680035821759;7.792680035821759;1.0  0.0  0.0  0.0  0.0  1.0  0.0  0.0  0.0  0.0  1.0  0.0  0.0  0.0  0.0  1.0
1807261650867;39.325074377946905;2.6651816753703472;1.0  0.0  0.0  9.768113999999999  0.0  1.0  0.0  -5.66723036  0.0  0.0  1.0  -8.874819732  0.0  0.0  0.0  1.0
1807261650898;3.285326842341318;1.842882601094631;-0.6906183514106936  0.7207480200386924  -0.05973762888733104  0.023983362938571395  0.23618265169310282  0.302836263164114  0.923313572277593  1.22326138667047  0.6835671493964511  0.6235483055250012  -0.3793724593890673  1.3715757169144136  0.0  0.0  0.0  1.0
1807261650929;12.554732005914778;10.51880260148859;1.0  0.0  0.0  2.3743693  0.0  1.0  0.0  -3.57605156  0.0  0.0  1.0  1.832951354  0.0  0.0  0.0  1.0
1807261650960;16.500132258179224;7.037356099686558;0.03416984266205436  -0.7785276884117176  0.6266793918972908  -8.713245566558555  0.672331578171174  0.4818530914753968  0.561950039798434  0.8528467953962009  -0.739461067836779  0.40213460011780955  0.5398935937217448  -5.420950812295906  0.0  0.0  0.0  1.0
1807261650991;6.090238403131256;7.393961350452724;-0.10521834709639794  0.9934262505944057  0.045093060045227736  4.419764037763847  -0.9942750464497123  -0.10594017071455086  0.013921646324840574  -0.035005399536263845  0.01860729538982068  -0.043370091755868104  0.9988857811078118  -2.4796199745156424  0.0  0.0  0.0  1.0
1807261651022;18.00713753417378;1.5132702348754374;0.12086285038054298  -0.9798268672804656  0.15915866785456462  -4.793586933947655  -0.9181937530042152  -0.17128034344845733  -0.35718801196598554  4.815923287035743  0.37724316208769776  -0.10296773331256553  -0.9203723390859525  13.878748928171602  0.0  0.0  0.0  1.0
1807261651053;17.655152207016677;15.340418199719798;0.9803331285841593  -0.023537759995477803  -0.19594114130215062  1.6012091934220984  -0.045192331195117466  0.9397039477795277  -0.3389898873546547  6.3872963662632785  0.19210572662350514  0.34117805378125654  0.920159184824283  -3.9365188060740994  0.0  0.0  0.0  1.0
1807261651084;7.048108031378534;7.048108031378534;1.0  0.0  0.0  0.0  0.0  1.0  0.0  0.0  0.0  0.0  1.0  0.0  0.0  0.0  0.0  1.0
1807261651115;29.330989838652297;29.330989838652297;1.0  0.0  0.0  0.0  0.0  1.0  0.0  0.0  0.0  0.0  1.0  0.0  0.0  0.0  0.0  1.0
1807261651146;12.978837113850958;1.030246137173288;0.7916139127383328  -0.6084243899101173  0.056277659169589  -1.2752554517824357  0.606508486702496  0.7712530765159598  -0.19317387898604327  -1.92962239297302  0.0741273816949921  0.18705200808108924  0.9795492216095505  10.25627126908491  0.0  0.0  0.0  1.0
1807261651177;4.659029665212119;0.49582229869371564;-0.9141548892463633  0.2715071339989009  -0.3010061704594664  1.0632205483142774  -0.2995092276396572  -0.9527712972446382  0.05021033464801729  0.7601002071739593  -0.27315757544989755  0.13605414853826697  0.9522994317124533  -3.5405108656429958  0.0  0.0  0.0  1.0
1807261651208;13.18942876420926;4.616962856506745;0.3566179302500109  -0.9273436421793294  -0.11339056898073173  -6.129485441173461  -0.9305798639569477  -0.3633388877544278  0.04478805022820677  3.662924332329844  -0.08273311684003679  0.08954675848377358  -0.9925404825109054  6.048247439052833  0.0  0.0  0.0  1.0
1807261651239;14.502722552119096;1.426116201227104;0.8758115338106638  -0.055526609356377196  0.4794485925493961  -6.841271410486533  0.44046886322017004  0.498092193367242  -0.7469212458085127  -1.1197526505362863  -0.19733559683377794  0.8653444184600687  0.4606926303537562  -6.362495202750842  0.0  0.0  0.0  1.0
1807261651270;5.3367863312056185;0.9675703014707848;0.2650119744863123  0.7217002115934699  0.6394665417086401  0.4591869732700117  -0.4702131347770168  0.6757069084999614  -0.5677321390308959  -4.485596820402893  -0.8418243648541175  -0.15022975201792238  0.5184233408582183  -2.1928820732853676  0.0  0.0  0.0  1.0
1807261651301;18.499291020604566;4.259963496859971;-0.7835961981350732  0.43367162924564734  0.4448661779183546  8.655529348122869  -0.36784074171182823  -0.9009136313718022  0.23032111832258165  0.8803287647309164  0.5006697384555526  0.016838847819799625  0.8654745901521028  -1.54837224601845  0.0  0.0  0.0  1.0
1807261651332;12.390821196249583;9.944511593752773;0.48427906067933646  0.07392228885088906  0.8717851149214384  -2.071350950524562  -0.6430730489139598  0.705702918275192  0.2973893826255094  6.356000315788836  -0.5932375958653021  -0.7046409627242256  0.3892945780550161  -6.571815458609865  0.0  0.0  0.0  1.0
1807261651363;14.174233102738592;0.8573489437620776;-0.25467242012791  -0.4479957134029345  -0.856995798822135  2.333218489152588  0.7741127693823026  -0.6255754476718822  0.09697824265981539  -1.575642327158398  -0.5795613675060265  -0.6387137074172747  0.506116015604945  5.366402127980719  0.0  0.0  0.0  1.0
1807261651394;15.37282925956283;0.7199626258533454;0.6804353304606618  0.7099779615453812  -0.1814911986316562  1.6411680843916054  -0.7246698190673371  0.6887236296263929  -0.022658670021872808  -1.9356409192192112  0.10891012071338022  0.14693895369884857  0.9831314914557894  12.502192106887634  0.0  0.0  0.0  1.0
1807261651425;13.890754583273365;6.246574562565459;0.6132905916750296  -0.7223627098750243  -0.3194788968694242  5.892940218107384  0.695188010957479  0.6856664587456203  -0.21581273542639925  5.550380177892489  0.3749510362485708  -0.08974197865688156  0.9226906836436963  -12.512757000144015  0.0  0.0  0.0  1.0
1807261651456;9.3716141831985;4.137286151199547;0.9676255225579896  -0.22597351100111554  0.11241361314452125  -0.3826765109596275  0.20454784524949174  0.963046134954562  0.17522077774302128  0.8235220284453897  -0.14785475000204515  -0.14655413428118655  0.9780904143416008  -7.796217562499369  0.0  0.0  0.0  1.0
1807261651487;17.785414458371655;15.671360514797064;-0.7676329540677562  -0.6333411340193541  -0.09807474592517473  7.456707057430257  -0.634200738977151  0.7727257514130809  -0.026159812383210777  11.42168612692764  0.09235296698019393  0.042117942283159786  -0.9948351664611514  4.003865146774558  0.0  0.0  0.0  1.0
1807261651518;16.45702919953805;5.649083122877988;0.18062271778727906  0.936185946209579  -0.3015481851028321  4.606375159494144  -0.9127932937262297  0.27374124845691006  0.3031074591983393  0.05097282336511588  0.3663111201527435  0.22050306803518005  0.9039881416476185  -12.635794643401796  0.0  0.0  0.0  1.0
1807261651549;5.869275751550298;1.8929544408283223;-0.06456885943558033  0.9949942257201915  0.07627157514215377  -0.8257459482267846  0.997159387001155  0.06730167565347023  -0.03381776707170264  -5.845134507070167  -0.038781687774891084  0.07387134246588464  -0.9965134246238829  3.512953992071248  0.0  0.0  0.0  1.0
1807261651580;10.82780923860347;10.82780923860347;1.0  0.0  0.0  0.0  0.0  1.0  0.0  0.0  0.0  0.0  1.0  0.0  0.0  0.0  0.0  1.0
1807261651611;22.621753926741967;1.7271534506539026;-0.7085235858237432  -0.133621084414944  0.6929211601122016  -4.236265418145151  0.7055920844545659  -0.11802486642082394  0.698720216725842  5.113057606576994  -0.011581825699146736  0.9839794391683809  0.17790538105227022  -0.5859022647569193  0.0  0.0  0.0  1.0
1807261651642;7.769711969705423;1.542177178792398;-0.07902623680678939  0.9811378188526969  -0.17641835027323563  5.3655398961372125  -0.9329413057901385  -0.01043471080262609  0.35987725235287865  1.8072181020275573  0.3512483079628273  0.19302771103506974  0.9161686138074219  -5.863176531102675  0.0  0.0  0.0  1.0
1807261651673;8.158437860854828;4.851304846201065;-0.0842264539082535  0.9470352819449368  0.30988720401706626  -0.380570857844006  -0.8597872795970075  -0.22626371222106934  0.45778877921495464  -5.363678440841977  0.5036583547457725  -0.2278791506114923  0.8333062788743204  1.0023120680361477  0.0  0.0  0.0  1.0
1807261651704;36.66570801263619;36.66570801263619;1.0  0.0  0.0  0.0  0.0  1.0  0.0  0.0  0.0  0.0  1.0  0.0  0.0  0.0  0.0  1.0
1807261651735;13.857565236918324;10.182722608423976;-0.3882977513463861  -0.35267801577598834  0.8513771628882534  19.81672246133003  0.4143415672458958  0.758402167688534  0.5031373745783024  -0.5081990516282984  -0.8231317767839816  0.5481280591555626  -0.14835669453988687  3.987915825753525  0.0  0.0  0.0  1.0
1807261651766;22.45262214999514;22.45262214999514;1.0  0.0  0.0  0.0  0.0  1.0  0.0  0.0  0.0  0.0  1.0  0.0  0.0  0.0  0.0  1.0
1807261651797;21.051230087920704;1.8094685857916215;1.0  0.0  0.0  -4.3293476  0.0  1.0  0.0  1.86718138  0.0  0.0  1.0  5.9101364499999995  0.0  0.0  0.0  1.0
1807261651828;3.434283833819833;0.9892364077873887;0.7597890763061985  0.6327198040776685  0.14962021605950154  -1.67132395782704  -0.59755056458829  0.5888651913882395  0.5442160500495269  -1.168265082885927  0.25623013539783035  -0.5028950545583144  0.8254954159865453  -0.8581760032464143  0.0  0.0  0.0  1.0
1807261651859;30.81758641329856;16.03838732502622;0.7795063688238274  0.055020977382932046  -0.6239731668997617  -2.7268387564347503  -0.5731979036947823  0.4643796117530513  -0.6751264617743794  13.684760047299676  0.2526142992053262  0.883925487943363  0.3935247738085745  7.518944084499563  0.0  0.0  0.0  1.0
1807261651890;5.456298175072451;10.591424430926343;-0.6575984777727033  -0.7208500910676093  -0.21895065251979268  1.1129845439155235  0.4885943299407661  -0.18685470756062864  -0.8522680910442242  5.508867396526354  0.5734455708964518  -0.6674282466829309  0.47507863848945175  -5.473042469898718  0.0  0.0  0.0  1.0
1807261651921;13.250946855243232;13.250946855243232;1.0  0.0  0.0  0.0  0.0  1.0  0.0  0.0  0.0  0.0  1.0  0.0  0.0  0.0  0.0  1.0
1807261651952;9.163995689044379;6.815716759950452;-0.6941675898497693  0.7195138815591099  -0.020763705013941813  13.968620769222488  -0.7193510348146807  -0.6944667650414019  -0.01581141878449703  2.016380618367416  -0.02579623835389616  0.003960618218626134  0.9996593757826291  5.951939205363008  0.0  0.0  0.0  1.0
1807261651983;6.588263075805257;16.832741097195793;-0.8537136052805394  0.4746068031095137  -0.21429293642365085  -1.0198099000761123  -0.2268709302892314  0.03142338465147519  0.9734177684256351  5.2808215948293835  0.46872450453182213  0.8796368303676309  0.08084791594212543  2.118049590208668  0.0  0.0  0.0  1.0
1807261652014;17.758751011909293;17.758751011909293;1.0  0.0  0.0  0.0  0.0  1.0  0.0  0.0  0.0  0.0  1.0  0.0  0.0  0.0  0.0  1.0
1807261652045;29.809431639619387;15.15436637401191;-0.6987155264431242  -0.7153989905333475  0.0009473389968353303  4.305467478361448  0.7151663569950889  -0.6985209061455554  -0.02460945956263505  9.866231518687867  0.018267318623176793  -0.016517506514581226  0.9996966925267184  8.450212023180953  0.0  0.0  0.0  1.0
1807261652076;4.484716985902588;4.484716985902588;1.0  0.0  0.0  0.0  0.0  1.0  0.0  0.0  0.0  0.0  1.0  0.0  0.0  0.0  0.0  1.0
1807261652107;29.336704611392904;13.483513123331141;0.8884545079227747  0.39556434615836045  0.23276046786344443  0.81363495798634  -0.3778934932830599  0.9182808808299483  -0.11813861196281503  4.9151848569149035  -0.2604709102491618  0.017002116058986032  0.9653319807006759  15.68041167884099  0.0  0.0  0.0  1.0
1807261652138;8.336172594373753;8.336172594373753;1.0  0.0  0.0  0.0  0.0  1.0  0.0  0.0  0.0  0.0  1.0  0.0  0.0  0.0  0.0  1.0
1807261652169;11.016264409904746;11.016264409904746;1.0  0.0  0.0  0.0  0.0  1.0  0.0  0.0  0.0  0.0  1.0  0.0  0.0  0.0  0.0  1.0
1807261652200;7.691976379282801;7.691976379282801;1.0  0.0  0.0  0.0  0.0  1.0  0.0  0.0  0.0  0.0  1.0  0.0  0.0  0.0  0.0  1.0
1807261652231;30.250277525569288;30.250277525569288;1.0  0.0  0.0  0.0  0.0  1.0  0.0  0.0  0.0  0.0  1.0  0.0  0.0  0.0  0.0  1.0
1807261652262;34.4089756725358;16.554637915068596;0.45837562231869267  0.5890539667974306  0.6655127444791445  -8.651939096784622  0.31300934383765044  -0.8078306559347392  0.49943446216933507  -0.09000158682627646  0.8318154480017036  -0.020616874939259563  -0.5546692752744323  10.320381739899645  0.0  0.0  0.0  1.0
1807261652293;40.84770933151314;11.68849064241259;-0.6917356320554251  0.7219697622333411  0.01617027413540408  11.949268467628153  0.7167028008556383  0.6890902324786402  -0.10719956505609866  -2.56314626566438  -0.08853762245827809  -0.06256447812669949  -0.9941060182325472  -4.961602866834925  0.0  0.0  0.0  1.0
1807261652324;17.8904122783438;17.8904122783438;1.0  0.0  0.0  0.0  0.0  1.0  0.0  0.0  0.0  0.0  1.0  0.0  0.0  0.0  0.0  1.0
1807261652355;3.608779537763446;3.608779537763446;1.0  0.0  0.0  0.0  0.0  1.0  0.0  0.0  0.0  0.0  1.0  0.0  0.0  0.0  0.0  1.0
1807261652386;28.030315095757214;28.030315095757214;1.0  0.0  0.0  0.0  0.0  1.0  0.0  0.0  0.0  0.0  1.0  0.0  0.0  0.0  0.0  1.0
1807261652417;16.760798496759268;16.760798496759268;1.0  0.0  0.0  0.0  0.0  1.0  0.0  0.0  0.0  0.0  1.0  0.0  0.0  0.0  0.0  1.0
1807261652448;11.541073086658493;5.135388510109656;-0.7697148952987513  0.6363104539662747  -0.051458586537771384  1.6175112684559432  -0.6383536026091199  -0.7680034089684269  0.05172467350145982  6.341341820012504  -0.006607419404733982  0.07266202575009778  0.9973347341904331  -9.07596791112625  0.0  0.0  0.0  1.0
1807261652479;17.131314427617824;15.386905258914384;1.0  0.0  0.0  2.0519603000000006  0.0  1.0  0.0  7.4254085  0.0  0.0  1.0  -0.21174650000000003  0.0  0.0  0.0  1.0
1807261652510;16.88386035870282;12.154525874005444;0.13419422893591154  0.990945484185733  0.004353882428312139  4.237846423219577  -0.9909065210654647  0.13422984329556922  -0.009306754471084089  -3.268103654378111  -0.009806907271625809  -0.0030653777500238566  0.999947212621254  5.170294235073923  0.0  0.0  0.0  1.0
1807261652541;12.460236884144733;3.8689757319985993;0.9135397390788811  0.3669123149405484  -0.17555767789720209  2.305504546099346  0.3946517232469315  -0.9040399623524596  0.1642003770031923  3.6358378047757656  -0.09846401607651978  -0.21928770967551076  -0.9706790086961559  -10.723221089341411  0.0  0.0  0.0  1.0
1807261652572;42.08124229642907;17.594470998646486;0.5702084703406538  0.43837427060538714  -0.6947591663468471  7.305886089546411  -0.7426797959547549  0.6365614343551371  -0.20788521104766955  16.89808893666457  0.3511253636984591  0.6345215040981076  0.6885444356065187  -5.938347342048143  0.0  0.0  0.0  1.0
1807261652603;27.455101979184786;1.1215624742038046;-0.29222596521115196  -0.9220956117365177  -0.2536605370818793  -1.0118482421435921  0.9512865185906844  -0.3075236778408304  0.021980607700067184  -4.925370242002467  -0.09827484319003375  -0.2348805449233844  0.9670435278788998  -13.655875208292855  0.0  0.0  0.0  1.0
1807261652634;28.71491398766282;19.3025408824002;1.0  0.0  0.0  3.691727  0.0  1.0  0.0  -2.854422799999999  0.0  0.0  1.0  7.867709499999999  0.0  0.0  0.0  1.0
1807261652665;10.293881191059828;2.8159947375346936;0.9805212951885168  0.18288174719012754  -0.07163976707471525  2.308041715721111  -0.1853539413971043  0.9822296669479212  -0.029475375755616873  0.2741453339139598  0.06497619633675145  0.04217994680013462  0.9969949578596399  -3.3592289123016243  0.0  0.0  0.0  1.0
1807261652696;33.77779932650991;11.877718992764585;-0.005415945547998857  -0.9999581768138373  0.007369678213332756  2.9303089186304794  0.9987891334877487  -0.005769687055572371  -0.048856704126181226  3.754370788731993  0.04889718152014045  0.007096149267576075  0.9987786092548032  -11.842133886613423  0.0  0.0  0.0  1.0
1807261652727;26.404805354969792;14.217384176622222;-0.9435133903753544  0.25387548579679653  -0.2129077732114194  7.508762860868396  -0.3015533031016398  -0.9242121202844017  0.23430228788447993  -4.087958582158268  -0.1372883373447832  0.2852703882825063  0.9485635023540878  -3.1733788729867625  0.0  0.0  0.0  1.0
1807261652758;11.706876263611738;11.706876263611738;1.0  0.0  0.0  0.0  0.0  1.0  0.0  0.0  0.0  0.0  1.0  0.0  0.0  0.0  0.0  1.0
1807261652789;37.4807323049303;2.9825443783538903;0.42575010077792264  -0.9041904199060824  0.03430067401161659  2.7290834499873053  0.9028552435912707  0.42200058438612104  -0.08226734405290796  10.372130977844721  0.059910439886016964  0.06599387341136045  0.9960198531479324  5.902534084193878  0.0  0.0  0.0  1.0
1807261652820;24.622197736499775;14.468169467072512;1.0  0.0  0.0  3.9916596  0.0  1.0  0.0  2.7298434  0.0  0.0  1.0  -8.7405745  0.0  0.0  0.0  1.0
1807261652851;31.035011037167635;16.694975509180964;0.46582105564770077  0.5459160084968322  -0.6964096896096059  9.62336387897922  -0.859187137419813  0.4673067753344571  -0.20837907912949988  3.568033134305397  0.21167949123051302  0.6954136103020974  0.6867253480096634  -0.7794579669085258  0.0  0.0  0.0  1.0
1807261652882;15.670251551388807;15.670251551388807;1.0  0.0  0.0  0.0  0.0  1.0  0.0  0.0  0.0  0.0  1.0  0.0  0.0  0.0  0.0  1.0
1807261652913;15.719459525657804;15.719459525657804;1.0  0.0  0.0  0.0  0.0  1.0  0.0  0.0  0.0  0.0  1.0  0.0  0.0  0.0  0.0  1.0
1807261652944;19.564049308117394;5.876554489434934;0.7465252405578432  0.6651772940800903  -0.015467147453326257  7.300845733960666  0.6651501720775543  -0.7466711151503667  -0.007582505213146678  -7.1046694529569585  -0.01659258253719936  -0.004627444261853443  -0.9998516254746749  -5.785589596630532  0.0  0.0  0.0  1.0
1807261652975;27.89646367782606;1.590980374696198;-0.39098328219140577  -0.24249683675102007  -0.887878008069005  10.3724252474768  0.29207241596575534  -0.9474972638251731  0.1301638923654978  -1.949315283932768  -0.8728263154137608  -0.20843276903970553  0.4412822270516664  -2.095927892972018  0.0  0.0  0.0  1.0
1807261653006;6.365423988371116;5.674130907954134;0.03022973306689522  0.9909270035080278  -0.13095738603570745  -1.2573195428044888  0.8239460770959878  0.04946724059067928  0.5645049637925921  0.13735208094833729  0.5658613127585559  -0.12496665886125345  -0.8149750357503096  -1.4384841326008169  0.0  0.0  0.0  1.0
1807261653037;10.197467142422473;10.197467142422473;1.0  0.0  0.0  0.0  0.0  1.0  0.0  0.0  0.0  0.0  1.0  0.0  0.0  0.0  0.0  1.0
1807261653068;11.981883041146329;16.872021919159703;-0.3601277028328112  0.9038946295021275  -0.23083010291028844  -3.8825526199282843  -0.9205744334650175  -0.3844115200493989  -0.06906877517281189  4.924645737263417  -0.15116464567789767  0.18762271187284982  0.9705395241238521  1.123658098434633  0.0  0.0  0.0  1.0
1807261653099;8.993075075233714;4.133092633505959;0.5639164212267755  0.7523957133890729  0.34043936368248323  -1.7380462747591943  0.4340975739188849  0.0806286004980354  -0.8972504249647736  2.364915080499678  -0.7025365230281798  0.6537581504313936  -0.2811453619677896  6.108174487104392  0.0  0.0  0.0  1.0
