# registration_from_features.py RANSAC RANSAC_config.json euclidean --input_txt=/neural_comparison/point_clouds_registration_benchmark//eth/wood_autumn_global.txt --input_pcd_dir=/neural_comparison/point_clouds_registration_benchmark//eth/wood_autumn/ --input_features_dir=/neural_comparison/experiments/3DFeatNet/test//eth/wood_autumn/ --output_dir=/root/neural_registration_comparison/results/3DFeatNet/TEASER/
id;initial_error;final_error;transformation
26875431820030;2.0535532931381004;2.422018613069438;0.5769201020477855  0.7650603671208264  -0.28608710301955026  1.0958201197736006  0.47551008571488185  -0.02980424320086124  0.8792052464985918  -1.541116636356427  0.6641184790657447  -0.6432684834096648  -0.38098858777558114  -0.540921836882637  0.0  0.0  0.0  1.0
26875431820061;1.6463845109934325;2.340702620082138;0.7151518316025832  0.37689159153788404  0.5886514979030562  2.3353783229445186  0.693303045092248  -0.27547613212654976  -0.6659157516491199  -2.4584865627226358  -0.08881860965634937  0.8843447454791805  -0.45830734853597593  -1.4162026616387262  0.0  0.0  0.0  1.0
26875431820092;3.1454983955145077;6.001022458700232;0.808952396742585  0.5815416457345504  0.08605425080016788  -5.022759880696304  0.5864296489802969  -0.8085275581353214  -0.04882063633936623  5.305317147781947  0.04118600006402118  0.0899583348672333  -0.9950935691615341  4.276429477990634  0.0  0.0  0.0  1.0
26875431820123;5.022952331012622;3.608378467421932;-0.6635781848341074  -0.5848530330868174  -0.4664878586859703  9.837122343213398  0.4633437158079109  -0.8108650876185235  0.35750581911728724  1.6177248873414065  -0.5873470810633091  0.021088844694647037  0.8090603605392218  1.8742813692404587  0.0  0.0  0.0  1.0
26875431820154;4.9039779898946945;2.6863872907651505;-0.29199352953436186  0.9557051273041112  0.03697956671864424  8.440521894467352  -0.9315560720383471  -0.29294876885620974  0.21537015455749225  19.07773370247106  0.21666347952193707  0.02843815166750298  0.9758320594093965  -4.12113916568153  0.0  0.0  0.0  1.0
26875431820185;2.518490360471434;4.394957238262531;-0.8540166159532608  0.4081997862213771  -0.3225345783083764  13.180426987487786  0.1542033167959846  0.790722764675112  0.5924346770013247  3.0155080550907307  0.4968671419653923  0.45621315626948866  -0.7382361405957942  6.373440737043784  0.0  0.0  0.0  1.0
26875431820216;3.040176925026691;3.9539648014571402;-0.8206953318507292  0.2492701425064178  -0.5141240787331907  -0.5184574628656784  0.0700928215049299  -0.8490955862112557  -0.5235682208175385  1.3294540730081303  -0.5670504110322996  -0.4657264020123776  0.679376736293425  7.826282543601777  0.0  0.0  0.0  1.0
26875431820247;4.293952946805166;0.7077314608619585;-0.7631954062940727  0.6359975031252766  0.11419259095948237  3.7900673762711814  -0.6316249588822092  -0.7715591149906081  0.075805299234009  2.6339604473335414  0.1363183154556767  -0.014272634421292646  0.9905622690058423  -7.751787422972894  0.0  0.0  0.0  1.0
26875431820278;1.9928622542605958;0.11827807870433739;0.627434512760056  0.7583405698166508  0.17676400190001973  -4.982721491245657  -0.7663498191304418  0.6416072777282068  -0.03237369124675922  9.526825378017827  -0.13796335352655079  -0.11515068969119832  0.9837207082029692  5.275393393234262  0.0  0.0  0.0  1.0
26875431820309;3.3178555720271428;5.118927694157026;0.6744468375947426  0.7378797298678537  0.025592333004126666  -7.492386549738534  -0.6962721216604466  0.6471825356888948  -0.31041890744243106  -0.38652208000758304  -0.24561473053730065  0.19154182245513912  0.9502552995872493  0.9166877600949936  0.0  0.0  0.0  1.0
26875431820340;3.1987335091215683;2.1789885335895613;-0.30140701553388305  0.658186772500753  -0.689886935295922  10.028319455036774  0.9503007209252423  0.266540762460821  -0.16088679795362001  -0.7093891254476286  0.07798942746246024  -0.7040924615786243  -0.7058126201423657  9.012314218098979  0.0  0.0  0.0  1.0
26875431820371;3.5265759616751016;2.4334742767212587;-0.4186696258244529  -0.6077022393617239  0.6748434875486014  9.292056420958012  -0.8429430918286014  0.5365278271487919  -0.03980998158043565  7.8152878729248965  -0.3378796950845841  -0.5855218859869734  -0.7368863091955279  18.31188037350553  0.0  0.0  0.0  1.0
26875431820402;5.0883567835047625;1.1573870807851747;0.3887186949916293  -0.8651664409842846  0.31683561283194106  -4.0187027723638895  0.8485818831913967  0.4701327265267996  0.24266027068273943  -0.5096760677742829  -0.35889631327633853  0.17453437725291876  0.9169139476927965  -7.438378656529741  0.0  0.0  0.0  1.0
26875431820433;1.6687229373662258;2.9424242881395504;0.6261741484333229  0.3638829022652173  0.6895615775787145  -5.106433643921549  -0.42809715736110254  0.8996321729858174  -0.0859928903349603  6.563993717013136  -0.6516431229539268  -0.2413528263100708  0.7191036458946609  8.669027685441165  0.0  0.0  0.0  1.0
26875431820464;4.58945846466715;5.14936536963367;-0.22447166425854542  -0.9538776322622029  -0.1993236930594351  14.715346037856314  -0.5345226467020187  0.2915505163201346  -0.7932741244967795  21.248270800009642  0.8147993692361745  -0.07152453497448248  -0.5753140262404669  7.115634324135192  0.0  0.0  0.0  1.0
26875431820495;2.035425071867048;0.133473736872495;-0.2636219834057545  0.8305168108637511  0.49065800384577485  4.1955934314623455  -0.8631347499217854  -0.4302003502534015  0.2644353647289027  12.973740342514464  0.430699260903328  -0.35379299811408815  0.8302581894463746  -1.3393645165516883  0.0  0.0  0.0  1.0
26875431820526;3.855140063669406;2.472059248330149;-0.5136150825513316  -0.8579339884284828  0.012199117795328167  5.347713181632228  -0.8580147053323096  0.5136127832695095  -0.0035600977033768445  0.42643737038351426  -0.0032112940224379265  -0.012295542336283334  -0.9999192503544264  -3.4941766755783483  0.0  0.0  0.0  1.0
26875431820557;2.7573624115491;2.211818487594544;0.7102398791812303  -0.6879968792709172  -0.14906243032404387  1.9381119562372353  0.7009148348262992  0.7108055476211573  0.05893952656247532  0.6009290198135417  0.06540419207553422  -0.14634127095411525  0.987069665258983  5.589139405195042  0.0  0.0  0.0  1.0
26875431820588;1.5947841889661274;4.483682297415535;-0.24445288000134974  -0.9639197454231204  0.10536372166202271  11.455113837180848  -0.38100280642840095  0.19540350832428205  0.9036892886541503  5.521885704874029  -0.8916723899239718  0.18076557558890657  -0.4150230785501971  9.54204322751263  0.0  0.0  0.0  1.0
26875431820619;3.5884439472599823;2.0899494620336587;0.3960776577701193  -0.88340377896473  0.25044011724596077  9.250597466304294  -0.8989813542745769  -0.42861312465831813  -0.09012942936289407  4.038058340864164  0.18696259968770207  -0.1894427424882451  -0.9639276080891905  1.8644216655344217  0.0  0.0  0.0  1.0
26875431820650;3.205971749881819;0.48590047530646696;-0.43919937066688297  0.5427379447728718  -0.7159185960076276  5.23187227116558  0.6018161184817031  0.7694053017412775  0.214086060237537  -4.974437281792991  0.6670241917212827  -0.3368248876733023  -0.664550767588479  -8.02667776336666  0.0  0.0  0.0  1.0
26875431820681;1.5831696178308692;3.12037138304939;0.5006890157093522  -0.8212988217226915  0.27345704413110095  -2.995498996425105  -0.696923013161497  -0.19509237292867182  0.6900994709105062  2.2536505003332765  -0.5134284986966546  -0.5361037319978093  -0.6700626577150238  1.3239455069360906  0.0  0.0  0.0  1.0
26875431820712;2.1253878571825364;1.0496313004466427;0.5623136391676129  -0.7862377236274728  0.25619057974711856  5.545712935210391  0.8258572371123214  0.5182250074102147  -0.22226710418747364  -1.3186263544417183  0.04199041694575184  0.3365606685870645  0.940725103972967  1.4509898002965178  0.0  0.0  0.0  1.0
26875431820743;1.5610088030304428;1.8331109789375395;-0.38576090953771514  -0.5150061742300877  -0.7654783871393912  11.219304560452482  0.15480851078172608  -0.8540669700080327  0.4965923234715201  2.8090529724260866  -0.9095179193738732  0.07306333722317422  0.4091929900323735  3.9836672243583076  0.0  0.0  0.0  1.0
26875431820774;3.330059369423353;4.234813509143281;0.8871905234620101  0.27149090127517006  -0.3730759515219394  3.3976029952965896  -0.4302114430602184  0.7789787937999493  -0.45619091734713507  7.021654605741908  0.16676657140820839  0.5652298022351369  0.8079010962524924  0.7242721344691736  0.0  0.0  0.0  1.0
26875431820805;4.120916915159846;1.5170268858011031;0.8698523506576389  0.27796142043570804  0.4075467295964278  -3.778435519699187  0.2882011172947802  -0.9568364729912078  0.03747105474611283  -9.099144061357496  0.40037108292860096  0.0848611377669968  -0.9124152471607819  -5.12293377956073  0.0  0.0  0.0  1.0
26875431820836;1.4675689642071519;3.555039898615434;0.45855228865765185  0.8839918813233205  0.09103928998671834  -8.204213623691235  -0.8780876969158746  0.4664700010756429  -0.10661957897808663  12.301070739916328  -0.1367179399047695  -0.031049828517177046  0.990123281746899  7.191454884941927  0.0  0.0  0.0  1.0
26875431820867;3.4095493357026116;1.4699585054732347;-0.16634211415153063  -0.9860636326817851  -0.0029687307052523593  11.834681296881882  0.9708402925930217  -0.16324549642979513  -0.17555635611758824  -6.096161750812586  0.17262510633594064  -0.0320845788158558  0.9844649066699709  -4.378675510388773  0.0  0.0  0.0  1.0
26875431820898;2.851643886467438;0.045248676709970216;-0.7812517951312798  0.599738320172048  0.17308835871127573  5.061945730091251  -0.6098547271829795  -0.7924845577088818  -0.006740736275239356  5.224864720981891  0.13312717354742679  -0.11082496609595187  0.9848832329535843  -1.9471357137424077  0.0  0.0  0.0  1.0
26875431820929;4.31324373702403;1.7374502442715967;0.09139654621712873  0.9928716534157013  -0.07650196849200418  1.9361188022421625  0.9702547010335152  -0.07149351337921145  0.23128876467969633  2.629542457267731  0.22417066369608607  -0.09536538883823541  -0.9698726494492912  -3.809197741890406  0.0  0.0  0.0  1.0
26875431820960;2.9706078354575314;3.160124732682844;0.06116585321890295  0.6958585858687025  -0.7155694004586927  1.3197407779136299  -0.020034228568076393  -0.7159113911829751  -0.6979036535655471  20.139827657166784  -0.9979265344130728  0.057023753360037156  -0.02984834111048651  9.27912297900345  0.0  0.0  0.0  1.0
26875431820991;2.9933660743599426;2.894460678956626;0.3771690734343928  -0.9236528129751002  -0.06788940364906745  6.512141187590019  -0.7813810398700368  -0.2780074410463565  -0.5587088090002491  3.4594017135397284  0.4971792036844078  0.2637751766297221  -0.8265806044286893  0.8994224024420667  0.0  0.0  0.0  1.0
26875431821022;1.656409031130035;2.7378567785399923;-0.22593705065122907  0.9516377587308514  -0.20817786938276026  5.445538716066176  -0.9457957730751207  -0.26547267713957445  -0.18706847229178367  15.877737457154502  -0.2332869580072114  0.15462805001056248  0.9600350834077223  0.5249704840408613  0.0  0.0  0.0  1.0
26875431821053;1.9984878364331908;0.0377524562556715;-0.7150557010371508  -0.6988785500389065  -0.01625166790774768  17.537157637631644  0.6989661757990311  -0.7143630885830635  -0.033640195584206445  12.453906551708865  0.011900819431710619  -0.03541397980432576  0.9993018665704932  0.769618764699894  0.0  0.0  0.0  1.0
26875431821084;2.6465098846802793;6.418369602439338;0.12504113729356506  0.9568326590584064  -0.2623661116523081  -0.9030262879849282  0.9920782293952453  -0.11736594932277956  0.044788622434255854  5.508508989248346  0.012062368935132073  -0.26588812778832843  -0.9639284220090678  2.938742344986892  0.0  0.0  0.0  1.0
26875431821115;1.5027097041887814;3.7130369510955923;0.7650040084255483  -0.16975929826175773  0.6212492637794579  6.355560146831019  -0.36868640061452584  0.6754896057850462  0.6385797761268888  6.482131752576619  -0.5280522749640876  -0.7175622433838319  0.45416431142837904  13.997361688198872  0.0  0.0  0.0  1.0
26875431821146;3.393986024931288;0.8517003410284246;0.42521039526682136  0.6711567523448936  -0.607243553723618  4.9705441763573335  0.8428248324422796  -0.5381679835770878  -0.0046393179686287644  -1.6837383628800453  -0.32991274842854457  -0.5098272601915538  -0.7945021983543512  5.242571086827491  0.0  0.0  0.0  1.0
26875431821177;4.551379335696718;2.648839044597217;0.7707884216334808  0.36066150189906365  0.5251747234241945  3.799628418324426  -0.562001379031772  0.7731742070499417  0.29386407660529085  -8.226511759788528  -0.30006609112352833  -0.5216559465783993  0.7986459881306868  7.3549786204829015  0.0  0.0  0.0  1.0
26875431821208;2.543233512385254;3.9035026560307333;-0.6766004673512258  0.14814967287821798  -0.721292923857  6.158670030982009  -0.062872167378971  -0.987597251209818  -0.1438706362392364  3.410007589054337  -0.7336612966138887  -0.05199369027958106  0.6775232527536881  3.8112049601875504  0.0  0.0  0.0  1.0
26875431821239;2.014421766667579;2.5378338315616418;0.6917143493142481  -0.5275540582836444  -0.4931713439984362  1.8068086078477477  0.7111072194595848  0.616643447046269  0.33775343321327406  -2.320102592178234  0.1259276831567404  -0.5843265994316474  0.8016886202332069  4.353787581083321  0.0  0.0  0.0  1.0
26875431821270;2.8934216940175648;4.22333799377277;-0.2292245790431254  0.9622085574148233  0.14700606926309678  5.9934407903909985  0.8635377969414968  0.2707196793435786  -0.42545661173559907  -6.442069702037121  -0.4491754285531748  0.02942018446227655  -0.8929590624044741  6.384822689836401  0.0  0.0  0.0  1.0
26875431821301;2.825654895817324;1.5706205778291986;0.67583750866956  0.7361408827342067  0.03660959768455632  0.2863123321911152  0.7349645986226433  -0.6693584722410386  -0.10856460938353366  -1.1946718579507027  -0.055413903009795124  0.10027879340341772  -0.9934150506947111  -3.9174165245174115  0.0  0.0  0.0  1.0
26875431821332;1.854867411473609;3.836436345858301;0.9075609316846723  -0.419726453742361  0.012761634241412578  -0.9140975824074298  -0.4197365394293229  -0.9076437674897184  -0.0020071883235791704  6.796083902394832  0.012425487819250514  -0.003534878488939186  -0.9999165524615153  -1.688779903263785  0.0  0.0  0.0  1.0
26875431821363;4.467403769838114;2.802633066818708;0.6544982465782025  0.7557915997848725  0.020275673125230417  -0.42366946366603964  -0.7557173658351922  0.6547747144021746  -0.012701824855852271  4.687976442061714  -0.022875930607876432  -0.0070093561882357824  0.9997137393897564  9.965058035596496  0.0  0.0  0.0  1.0
26875431821394;5.784727726475907;2.901132215104192;0.06847026854294655  -0.24844256119564911  -0.966223636697118  13.035705475695387  0.2660429888310681  -0.9288786106868182  0.25769294655143216  5.742503664642998  -0.9615263649112746  -0.274701329438125  0.0024958336158107386  10.385302860605265  0.0  0.0  0.0  1.0
26875431821425;1.4999174095934682;2.7591138660475805;0.10904282785261118  0.43498108403160973  -0.8938126863211273  -0.8112445155051047  0.3523248397637352  0.8238870507061917  0.44393393085470434  -3.2102785549820503  0.9295035604984859  -0.36332022268700753  -0.06341566689154186  -0.4881399362183476  0.0  0.0  0.0  1.0
26875431821456;2.5138223759986826;3.205930382960379;-0.6214416208786364  -0.7548190565285056  -0.20990117613093484  22.96953180603144  -0.7076149690430925  0.655761182649973  -0.26316976824029825  10.145229676341176  0.3362905996692095  -0.0150154330915059  -0.9416385555738456  4.3606237873222575  0.0  0.0  0.0  1.0
26875431821487;2.043897772459037;4.500974451199903;-0.5376081413183792  0.5916523166496306  -0.6007703576170547  0.5601319372372339  -0.5773640121865782  -0.7775611501453719  -0.2490972806283209  11.820277471292634  -0.6145146733968322  0.21294645803049364  0.7596219600513485  8.699545227846116  0.0  0.0  0.0  1.0
26875431821518;1.5491762003112224;1.8241472069990978;-0.8980386269437429  0.43976986440636334  0.011361816624382877  7.036460219400623  -0.43081674326668373  -0.8843949090110048  0.17956218598721135  19.946211539104723  0.08901437096382692  0.15635891811926228  0.9836810105346594  1.799997963646693  0.0  0.0  0.0  1.0
26875431821549;1.5883996969544905;6.330892602415949;-0.16094576540258548  -0.017331289855865406  -0.9868110695522769  4.84859917160416  0.808649297227515  0.5709171681667294  -0.1419151196523073  3.936223445178419  0.5658469534179906  -0.8208247154444211  -0.07787176525007916  4.004481412276718  0.0  0.0  0.0  1.0
26875431821580;4.425160905918537;1.7378851831394728;-0.15779236471060754  -0.15169701234552335  0.9757507807245029  1.1202811400016985  0.5055188905538412  -0.8612383975375172  -0.05214473990944174  -3.0307551955478957  0.848264240040949  0.4850324103113648  0.21258254870826024  -7.6487468808889485  0.0  0.0  0.0  1.0
26875431821611;3.353273937562721;4.682380462654738;0.8711241723858603  0.29365468717772686  -0.3935855700906748  -4.842340964568954  0.42579973913514546  -0.8509536799777411  0.30752628616881234  5.6765206367021035  -0.24461655389096623  -0.4354822145976707  -0.8663244094054009  5.981133611799452  0.0  0.0  0.0  1.0
26875431821642;1.3671223414634766;0.3591170568441095;0.6749340829573974  0.517393462528579  -0.5260874343634763  1.2954039500883454  -0.6024346587125542  0.7980778909204979  0.01200674834325605  2.2129008914180597  0.42607096315560555  0.30882954029136833  0.8503457234555112  0.7362070631373556  0.0  0.0  0.0  1.0
26875431821673;4.231146946497155;3.1456067942674206;-0.4505002551413645  -0.8927423321755231  -0.007787712075646738  9.701923520359426  0.8919174233816504  -0.4496672026127899  -0.04777778524195336  11.222924526924583  0.039151372719272826  -0.028469900530138315  0.9988276301634837  9.144654364522054  0.0  0.0  0.0  1.0
26875431821704;5.916097515817769;4.7319845558716525;-0.8644804226515129  0.4615005751660482  0.19922554548468085  -3.724379246236663  0.5026651951765665  0.7927825488271453  0.34470789348844283  -11.696782469724743  0.0011403553683696057  0.39813697315941676  -0.9173252695707733  11.35093716349144  0.0  0.0  0.0  1.0
26875431821735;2.456523073906335;2.2473300294089165;-0.7537626180529782  -0.5853266346525792  0.2987216871809046  6.031207412230852  -0.4742910525669398  0.7992044141582002  0.3692157930600908  -3.2454120465910528  -0.45485152861221  0.13662003936587727  -0.8800255972202181  6.395440963597286  0.0  0.0  0.0  1.0
26875431821766;3.6833967010897686;4.188286174378904;-0.9582609402800906  -0.15495494074903765  0.24026014374211047  4.552364987141265  0.12710895226077756  -0.983666869330236  -0.1274472613955297  2.0632066928212205  0.25608452625780564  -0.09158851739991924  0.9623056992930054  -1.1635822237534317  0.0  0.0  0.0  1.0
26875431821797;3.7834060321852396;1.9831890697551648;0.0963347594903194  -0.8245269050922587  0.5575616529971584  17.92608171120729  -0.9184365842913306  0.14228173424515062  0.3690936855805934  20.2301919083674  -0.3836585131978905  -0.5476415715403403  -0.7435689977208642  6.594588365298073  0.0  0.0  0.0  1.0
26875431821828;3.309200691813214;0.18907464212170944;0.33716430076120324  0.9411831944050941  0.0222357563764235  -2.2150543176418784  -0.8849806397190669  0.3087971356237923  0.3485019316344925  16.529722444201965  0.32113782339462926  -0.1371806239961169  0.9370442757871134  1.8771409153468888  0.0  0.0  0.0  1.0
26875431821859;1.3587079118313974;2.6289432560137014;-0.9255112343159153  0.06134317468928649  -0.3737191058456491  7.663618328407673  0.37820317790691543  0.20124799317539543  -0.9035826478324973  -1.3058963108725639  0.01978159185054304  -0.9776176451772521  -0.20945746217774835  4.59682758586001  0.0  0.0  0.0  1.0
26875431821890;5.99180136419761;0.06839938470061348;-0.3521477116119508  -0.9357787311415681  0.017611233617885066  6.107003049448097  0.9358950868359786  -0.35187357311329565  0.016893045337037275  -10.05768129590725  -0.0096112248305515  0.022431114273693854  0.9997021903895663  6.251627922000846  0.0  0.0  0.0  1.0
26875431821921;1.334025833505696;0.3051682342365273;0.7299380466869373  0.5663384166024429  0.3826894901602303  0.881171892379891  -0.6008295353092863  0.798575657191508  -0.03578811592102692  -1.02216049832477  -0.32587469600888835  -0.2038080411107196  0.9231836030171501  1.3901101289437758  0.0  0.0  0.0  1.0
26875431821952;1.5331962113685564;3.0724521994759164;-0.024612379818990615  0.9261888273618859  0.3762558794619166  0.7336723391796227  0.6411870404977467  -0.2741341830622228  0.7167493486390821  -4.301542847577204  0.7669898368670777  0.25889130102578234  -0.58711317852335  -4.910897693719187  0.0  0.0  0.0  1.0
26875431821983;5.104278779962253;0.25923388795736246;-0.8951551018779752  -0.445692840008812  0.007432088987032785  13.58465672210782  0.4456580761868971  -0.8944891352308535  0.03575005011679952  26.381126018602174  -0.00928561851604403  0.03531401023445724  0.9993331266249184  6.407919603796379  0.0  0.0  0.0  1.0
26875431822014;4.051816939242429;1.8183038257909747;-0.5429671985920074  0.2701031359104966  -0.7951294971414802  2.0319113609202164  -0.6647615646139775  0.44030102734207505  0.6035122762077751  6.028360094107689  0.513106892825583  0.8562588985189168  -0.05951483211810574  -5.618366357991774  0.0  0.0  0.0  1.0
26875431822045;4.351333545702148;1.9267392026192893;0.16048540606719325  -0.9861024262365948  0.042970215379376064  6.538070500337113  0.8570490242679751  0.11762343294327887  -0.5016290442388186  -2.4627133957566674  0.48960331334740886  0.1173317220232434  0.8640149666332751  -8.237340756956442  0.0  0.0  0.0  1.0
26875431822076;1.1412009696094776;0.5936418772133877;0.8854220414845615  -0.4646538022146355  0.011164790226174226  1.696183301943066  0.3562986217680168  0.69397896061435  0.6256552519965273  -4.510648804879509  -0.2984612212323804  -0.5499909511183881  0.7800197773828346  1.0302906405452612  0.0  0.0  0.0  1.0
26875431822107;1.4325003679545003;2.868695444610613;-0.8154832076884222  0.5678182130805257  0.11211429379093461  -1.2875674351808173  -0.5028744377867513  -0.7910130347801244  0.348447526363147  -0.44748711462740576  0.2865387195456489  0.2277736940517401  0.9305991115937965  3.9753493762482695  0.0  0.0  0.0  1.0
26875431822138;4.104686773760169;1.1233127437323749;0.3520150945501683  -0.9319977244725403  -0.08640378919262055  2.827836112219821  0.9187796476215566  0.36168851706227034  -0.15819410779704646  -7.152714112437465  0.17868780687345098  -0.023699329174106346  0.9836203584063584  1.9328722824297495  0.0  0.0  0.0  1.0
26875431822169;2.4370489578780687;1.9811942156274098;0.5760420353588682  -0.7155420578670224  -0.3951900010413211  7.512433949575727  0.09256818837172581  0.5374533059316614  -0.8381975151744989  3.682448160585185  0.8121617474377807  0.4462549802148485  0.3758321282597537  -1.5661189082078728  0.0  0.0  0.0  1.0
26875431822200;3.7431807365241796;2.5308678905529054;0.8489787833658881  -0.1258875674454693  -0.5132127685056546  -2.689381304280949  -0.5246466331095238  -0.31676918369214946  -0.7901918720347927  9.603017941123598  -0.06309465715428277  0.9401114852110211  -0.33497680458938  -4.264582755584883  0.0  0.0  0.0  1.0
26875431822231;2.9987588218906187;4.41053307315342;-0.4844943563774631  -0.8747310187037882  0.010529176407516659  1.3274742442511478  -0.10478226840304547  0.06997771510361088  0.9920301384621287  6.32132648309753  -0.8684963413087587  0.4795297324528591  -0.12556010842217913  9.520311910471928  0.0  0.0  0.0  1.0
26875431822262;1.4232017099761387;3.85496453408917;-0.48400901066948476  0.3964566456833925  -0.7801008945541732  6.606051182645481  -0.36369456488319885  -0.9019741908036172  -0.23274196570146327  18.813475784334912  -0.7959029721424392  0.17106924684943817  0.5807527629871413  2.3909736814969063  0.0  0.0  0.0  1.0
26875431822293;1.6014741833671042;2.42672361171012;-0.7798683274292209  -0.06272016874792624  -0.6227933624445442  10.203308069355028  -0.483518798235322  -0.5714995468197267  0.6630217490685483  18.850737125415378  -0.39751096038451533  0.8182019606534067  0.415368015086744  -2.03642993276296  0.0  0.0  0.0  1.0
26875431822324;2.782792515369427;1.9024820041105122;0.11953791804271345  0.7408721630336542  0.6609229336252809  5.31394258898083  0.9585098044195387  -0.2596347468544392  0.11768072508889571  -0.7312668063719236  0.2587849319060722  0.6194338029746722  -0.7411694291797953  -0.9323360270734371  0.0  0.0  0.0  1.0
26875431822355;3.517315059062168;3.8084963945728547;0.3405844508833775  0.9296701677276668  0.14041228953934276  -4.076188636060312  0.695410233707031  -0.3495899075359896  0.6278467196732898  5.6765723847374385  0.6327770845029081  -0.11619068717496361  -0.7655670353024671  3.628144980056871  0.0  0.0  0.0  1.0
26875431822386;2.6396216123483303;3.023422582392744;0.6562461570072176  -0.7400365054104971  -0.14726490441743828  12.561786365129425  0.703466252341536  0.529465788991627  0.47413205977241024  0.562086434603998  -0.27290330380890004  -0.4147432325515303  0.8680505963495991  2.467908830826428  0.0  0.0  0.0  1.0
26875431822417;3.186775984733459;0.0476128578374444;0.6799933451326095  -0.7224613982124108  -0.12513424258903777  14.652367589928833  0.7320088904717024  0.6787103518269146  0.05928948130463976  -4.314758509007965  0.042095544250561875  -0.13191583080113758  0.9903666890290158  -0.3093507625313263  0.0  0.0  0.0  1.0
26875431822448;3.9599817839126596;3.6772420700180186;-0.06644932005017537  0.8632883844859089  0.5003175522371552  4.422191507500831  -0.9026196182105871  -0.2657266250893505  0.3386254354592958  2.934066246181696  0.425279099752437  -0.4290950080463917  0.7968783855667209  -3.005164200332124  0.0  0.0  0.0  1.0
26875431822479;2.9073535472467738;2.8879949210105016;0.5874655773565005  -0.8034944613476518  -0.0963371475851379  10.16499308430977  -0.76696701184351  -0.5148354685958341  -0.3830222487265536  11.894412833133268  0.25815847490452803  0.2988998007014306  -0.9187018618548746  6.139335259698478  0.0  0.0  0.0  1.0
26875431822510;3.7711636163769215;0.03282110407323621;-0.9943971063129975  0.10548556538194272  -0.006869530725571782  7.419971493581588  -0.10544221971160976  -0.9944048761022872  -0.006393800613332022  -3.198907798698083  -0.007505548522679817  -0.005633638260158114  0.999955963461056  -6.645442943403226  0.0  0.0  0.0  1.0
26875431822541;2.7225886157360173;4.297017445201102;-0.46360296176831994  -0.8796918155649256  0.10589902486673691  0.6972835528712449  0.8015428224231587  -0.4673220784548777  -0.37301364426858397  3.8062883984383795  0.3776260023641883  -0.08804762697936591  0.9217625603818722  -3.783673457223295  0.0  0.0  0.0  1.0
26875431822572;6.3174187801669905;0.070392962840929;0.5656427235905317  -0.8099044688804684  0.15525160397410254  1.1116423529778499  0.7857271805074225  0.586463828833315  0.19670530059463068  -3.038814717370622  -0.25036195210323303  0.010720483086785193  0.9680929522424198  -9.054660072624683  0.0  0.0  0.0  1.0
26875431822603;4.291318477345014;7.405079077714176;0.5246661945907491  -0.8261909197367415  0.20526555580082356  -13.516183641661236  0.8150856426370741  0.4179352313692112  -0.40120510658174957  -0.601982805813984  0.24568430845410555  0.3778077639817925  0.8926928441824247  9.970703974685518  0.0  0.0  0.0  1.0
26875431822634;2.1517287473981175;0.10002092302465843;-0.8864770026019637  -0.25322107612860384  -0.3873468864753015  8.057763392277566  0.2726848724361457  -0.9620909938760902  0.004886701034497369  7.333844552451419  -0.3739003666785066  -0.10129168824138265  0.9219210973238919  3.593089466299238  0.0  0.0  0.0  1.0
26875431822665;1.5906219386342715;3.196704872840379;-0.6226570438413688  0.6634512756203339  -0.4148862622845924  11.203257761634646  0.5088604436977241  -0.059470256461944815  -0.8587923715521152  0.7113190161306402  -0.594440286819865  -0.7458523268543864  -0.3005745363989015  7.356957582370907  0.0  0.0  0.0  1.0
26875431822696;2.534146944068928;1.1769519597817684;0.4702639049556686  -0.8823501553158272  0.017608608973485346  -0.07196028331367632  0.881970689150217  0.4705821266794467  0.02607998331555811  0.46816412628910387  -0.03129797398772641  0.003265802196168524  0.9995047630503212  0.5469854684451051  0.0  0.0  0.0  1.0
26875431822727;3.2280913866871095;4.540153843860831;-0.26644405870675786  -0.9091119002984169  0.320192311456212  -0.7927253246416883  0.9598612630010228  -0.22007961001926402  0.17387156479381483  -4.966704997700853  -0.0876009096411143  0.3536672418949354  0.9312602013618319  1.6587551576978292  0.0  0.0  0.0  1.0
26875431822758;5.123607463454776;3.306406119098339;0.6480622097262366  -0.6757087907997864  -0.3513303322524799  12.542737422119803  -0.7496694486811469  -0.6472788425033127  -0.1379341065932477  16.666762304806028  -0.13420540242051712  0.352771498400115  -0.9260351936496174  0.9627572731676448  0.0  0.0  0.0  1.0
26875431822789;3.4449919855173357;2.274472592449131;-0.40004446086259415  0.13684632441155628  0.9062215583554626  4.501038889511337  0.054637579014215024  -0.9834700569967393  0.17263076768147548  4.686227707871774  0.9148656536850761  0.11857373438446331  0.38595479686292394  -1.5543326776621136  0.0  0.0  0.0  1.0
26875431822820;3.2885712155089486;4.845488041179489;-0.6611126190334344  0.6684208334061755  0.3407986127074853  -0.14492541952399352  -0.6687575593245166  -0.7308958511135252  0.136215203524977  6.915252498530956  0.3401373719559031  -0.13785805850086924  0.9302159555207076  4.934289095019284  0.0  0.0  0.0  1.0
26875431822851;5.9287144767363475;3.654485813373857;0.042937043457699914  0.8954538597278342  -0.4430787688409764  8.383559606458807  -0.9805745460518904  0.12272818696976968  0.15300768529143186  -1.1214994380931538  0.1913895763468852  0.42790206498875083  0.8833288475104403  5.5039161320415815  0.0  0.0  0.0  1.0
26875431822882;5.41078833518639;2.2577083213804254;0.4403493161128027  0.8616773160896409  0.2521996882145981  7.801734048853736  -0.8976181666642478  0.428572860658735  0.102989950874362  6.698160927173827  -0.019341837381747162  -0.2717305762024989  0.9621789788201341  6.035714111299352  0.0  0.0  0.0  1.0
26875431822913;4.777035883166865;2.515336596185638;0.6603188165960839  0.6663526526550251  0.34634260891313856  2.054951696797747  -0.735343782283799  0.6673361669454628  0.11803373307277217  -1.9267904054035325  -0.15247485794616847  -0.3326207789452568  0.9306529079673832  -3.2888465027268516  0.0  0.0  0.0  1.0
26875431822944;2.976285503595206;3.524793645679185;-0.9637669141769467  -0.21920214561112047  -0.15199919242327262  10.310127043551152  0.23160058679295953  -0.970352569454745  -0.06911627268401446  18.461296791682297  -0.13234237165398954  -0.10181507900137093  0.9859610470768821  5.968625705367909  0.0  0.0  0.0  1.0
26875431822975;3.393796302193077;3.2189198981516776;-0.27050846828144703  0.8515445615850844  0.44910692292915355  6.617168225653493  -0.9136628098104167  -0.374090781561702  0.15898539907768436  -0.994513446365139  0.303389911759374  -0.3673253963251413  0.8792193211350721  6.1280965725185235  0.0  0.0  0.0  1.0
26875431823006;5.039958847236191;2.266489698504905;0.13551603883689178  0.2973821696640866  0.9450921904152204  -1.5338808611991301  -0.9696499389234606  0.23573741844449306  0.06486035376757882  8.988134051705599  -0.20350528043195254  -0.9251982029332997  0.32030280380494025  -6.189545317335773  0.0  0.0  0.0  1.0
26875431823037;5.369728603719778;4.608425733218165;0.9752782477041345  0.13664834729772282  -0.17366510511888517  -1.6715956275390633  -0.14027525636208643  0.9900740920533979  -0.00872609289376891  -0.38826706235901337  0.1707489150996382  0.03287128572843874  0.9847661075437434  -2.725053398330556  0.0  0.0  0.0  1.0
26875431823068;4.204830814786546;2.645624546536106;0.20865951472536282  0.9768178807613991  0.04783340610268627  -0.18785892623983869  -0.946766454307796  0.21401612869169673  -0.2404794745030489  4.143431584596127  -0.24514177104691787  0.004891266157910967  0.9694749030291366  -9.160544759099013  0.0  0.0  0.0  1.0
26875431823099;2.356510122240444;3.898100944459444;0.8871345658503231  -0.4589355597694028  0.04868689816268866  2.5706856863809833  0.309478574817788  0.5133123970410317  -0.8004582404927454  -0.7394690763279197  0.342367162272187  0.7251817255165327  0.5974078934652227  0.4445729778710783  0.0  0.0  0.0  1.0
