# registration_from_features.py RANSAC RANSAC_config.json euclidean --input_txt=/neural_comparison/point_clouds_registration_benchmark//eth/wood_summer_global.txt --input_pcd_dir=/neural_comparison/point_clouds_registration_benchmark//eth/wood_summer/ --input_features_dir=/neural_comparison/experiments/3DFeatNet/test//eth/wood_summer/ --output_dir=/root/neural_registration_comparison/results/3DFeatNet/TEASER/
id;initial_error;final_error;transformation
2318808360030;4.969564550018172;1.4954019020941647;0.1572367928836596  0.7108306545450782  0.6855628136959271  -7.062683106109132  0.7026212904930749  -0.5683452924229093  0.42814360993311973  3.3737749901456544  0.6939740003123366  0.4143711007535797  -0.5888095428496037  -7.5186137777872775  0.0  0.0  0.0  1.0
2318808360061;1.6724101210514537;0.25325829318086873;0.1712197168688268  -0.9609390351832412  0.21743959900731696  0.8210774381522237  0.9631455260659908  0.20972359871379273  0.16842418995382974  -5.048278406194676  -0.2074475938024502  0.18058843485572426  0.9614329477513943  -1.80083830807484  0.0  0.0  0.0  1.0
2318808360092;1.584883217651029;0.9657647709948967;0.23615622275384524  -0.644316978681116  -0.7273828905314417  6.289682014686577  -0.7089205532887092  -0.6261931705962667  0.3245208193990429  6.199582672926044  -0.6645764723336717  0.43901907029402887  -0.6046489629021943  4.707227442475855  0.0  0.0  0.0  1.0
2318808360123;2.8011658140671436;3.697332858039629;-0.9774337847198471  -0.03791871065886382  -0.2078108944935399  0.06414442696766409  0.19437412267185805  -0.5466513311116636  -0.8144881967403776  -6.940924347464393  -0.082715759827141  -0.8365013410484268  0.5416858956077799  5.893298612465308  0.0  0.0  0.0  1.0
2318808360154;5.158117208596515;0.015516169738885501;0.6437997792697607  -0.7651197446019028  -0.010659297937735158  -7.063697098928951  0.7649855068312313  0.6432367618637598  0.032305456585360603  -5.776124601479122  -0.017861090402628926  -0.028952454254227336  0.9994212009169532  3.1230570560367874  0.0  0.0  0.0  1.0
2318808360185;2.9373278081057164;2.255606241543793;0.04349659840276114  -0.22411510343698532  0.973591529512669  2.150984383436332  -0.05236056193230672  -0.9736858947708671  -0.2217975425436198  11.353975847518281  0.9976805187441128  -0.041330360943078175  -0.05408681708875912  -5.588601623852852  0.0  0.0  0.0  1.0
2318808360216;2.8192109211834575;2.711139509220635;0.8736710093055345  -0.2691366599630268  0.4052954795738473  -7.840706160084581  -0.40129060948169787  0.07235926502945278  0.9130881575763672  3.318683754511503  -0.27507238000362055  -0.9603799222330416  -0.0447838221995423  0.6329207347143013  0.0  0.0  0.0  1.0
2318808360247;5.338906233558544;3.662511612745978;0.2164585887968779  0.806299373028891  -0.5504788827823291  6.541752937533825  -0.8637261039367876  0.4209992205201657  0.2770142120895434  -7.185296045618451  0.4551075660920633  0.4155008752994752  0.7875507132312993  -4.213469390830526  0.0  0.0  0.0  1.0
2318808360278;3.9358878406157967;0.5717908219919312;0.11756610216064947  -0.852838196659029  -0.5087683381875563  1.6430685745663989  -0.09317000807524761  0.5005888592474941  -0.8606568094150838  6.954087583942875  0.9886847633184255  0.14858601655831682  -0.020606660702826796  1.5914539236730225  0.0  0.0  0.0  1.0
2318808360309;2.1234453820707166;2.4291857703074284;-0.3289137705519754  0.9397789891668625  -0.09290416062691902  6.61690802671184  0.9064620361277589  0.2865928119480935  -0.310146960647372  -3.7958005852409715  -0.2648439325346159  -0.18622570085837964  -0.9461382984212221  3.8622301694613337  0.0  0.0  0.0  1.0
2318808360340;2.3866042493559383;3.9516097696854593;1.0  0.0  0.0  -3.0554769999999993  0.0  1.0  0.0  -1.9736259999999994  0.0  0.0  1.0  8.150564000000001  0.0  0.0  0.0  1.0
2318808360371;4.044074629937958;3.6408248174340287;-0.025718009308462846  -0.8492219877015289  0.5274093283223883  6.9702782664889735  -0.8027560313033709  -0.2968694798016498  -0.5171569067201546  -4.432396943785028  0.5957527492200692  -0.43668126541742186  -0.6740831804979024  2.5022312021721533  0.0  0.0  0.0  1.0
2318808360402;4.2662430875772905;0.035055082265807426;0.7300283508281784  -0.6798064037790501  -0.07015597172075881  2.9383352433775007  0.6296696158894743  0.7089661026726154  -0.31762122109015856  4.700101496364645  0.26565914592328804  0.18769741245471774  0.9456187918739304  -4.332468219697386  0.0  0.0  0.0  1.0
2318808360433;3.0557917853126377;4.219364158406629;0.9025572967669178  0.24431452715274116  0.35454299862629723  -10.898329922763825  0.3806092087644545  -0.06771215610358795  -0.9222535953410534  10.524346727557614  -0.20131308019224686  0.9673290421247243  -0.15410245944038053  2.496139850868526  0.0  0.0  0.0  1.0
2318808360464;1.0653308809730693;4.090971429451043;-0.9613868091714641  0.19629180010473898  0.1928858013508296  13.877762144368702  0.2430741971210562  0.9343100839061085  0.260728981521645  -3.5529060993561106  -0.1290361881220317  0.29754696490302435  -0.9459468620551232  8.205324231140118  0.0  0.0  0.0  1.0
2318808360495;1.7172042102086578;0.04060079980650118;0.11356747466176023  0.9929570959555295  -0.033743655559414054  -5.198663845688824  -0.9929577685701577  0.11228371509257637  -0.0377787924791333  23.863532287543347  -0.033723857061771514  0.03779646698530159  0.9987162402546109  1.24669737195967  0.0  0.0  0.0  1.0
2318808360526;3.6807220373796983;2.5133904498153723;-0.7289196956073128  -0.00593100127070223  -0.6845735172935551  0.7616373379303336  0.6503787322609261  0.30619672540175524  -0.6951626212447801  -4.74629409476613  0.213737179681996  -0.9519497825921119  -0.21933542678832585  -0.36051259350199016  0.0  0.0  0.0  1.0
2318808360557;2.560279020018075;6.283702941149502;-0.159769926455397  -0.761571931098834  0.6280778330452605  -5.791455727438917  0.13260810689736158  -0.6470419788324665  -0.7508340479850815  7.569297718005381  0.978206859813166  -0.036672488202455555  0.20436846142080164  3.835039680734093  0.0  0.0  0.0  1.0
2318808360588;3.9226564362176193;3.3239779223089148;-0.677812350674007  -0.2880463979222786  0.6764611518171442  18.694177363473333  -0.715161410748342  0.044776032853797  -0.6975236651600552  11.281308317264106  0.17062993245681737  -0.9565690667828832  -0.23634941638156348  18.704833488275757  0.0  0.0  0.0  1.0
2318808360619;3.5577362196516864;1.9061767472979472;-0.13037452929422286  0.6566710286407688  0.7428227529196889  0.5801664295912783  0.7249669081227098  -0.44794225400932225  0.523231038070227  16.516235389317764  0.6763323622586082  0.6067379147679193  -0.4176645047699986  -7.2992242662178315  0.0  0.0  0.0  1.0
2318808360650;2.026557361496415;0.21151536546831204;-0.36348355434848945  0.9306209219790504  0.04271305764109376  -1.662134205326558  -0.8431083399398663  -0.3481142123012712  0.40985951534362236  23.17745112313903  0.39629286246667655  0.11296545829911056  0.9111480518495557  -4.232305022498294  0.0  0.0  0.0  1.0
2318808360681;3.2402694513344694;0.04289500164658135;0.13282123351612496  0.9897235837425334  0.052969309143046664  6.1894381372811225  -0.9629037427389003  0.14151850645915331  -0.22975833945471633  8.637926342477769  -0.2348933846379524  -0.0204875599671415  0.9718052056559073  1.784492056649821  0.0  0.0  0.0  1.0
2318808360712;4.183482302346372;6.57731807215447;-0.9749729857775009  0.21546108193436833  -0.0548105754008876  8.521883920329229  -0.21650967919684  -0.9761814878149054  0.013901858205245844  11.493247970557205  -0.05050975963302906  0.02542095629886438  0.9983999895646359  11.642324807888304  0.0  0.0  0.0  1.0
2318808360743;4.6928323050556155;3.297276731668459;0.4408672697615219  -0.07379018417075081  -0.8945339899484365  -2.1612870586673845  -0.14982027593440247  0.9765836005562549  -0.15439674881136706  -1.6240037962788738  0.8849801892539528  0.2020878023152996  0.41948847991740035  4.3295042566817425  0.0  0.0  0.0  1.0
2318808360774;2.6368253275423768;4.064241242983601;-0.9114551405005031  0.12088226573703795  0.39323911896642416  4.430352530437349  -0.4043127510086392  -0.43985397013262595  -0.8019100225900626  1.9730497663721516  0.07603108724091134  -0.8898966023021143  0.4497814035552358  6.0871198399970705  0.0  0.0  0.0  1.0
2318808360805;3.822501238380734;4.338006365909792;-0.7671966526607958  -0.6268427058221631  0.13593203560463402  3.4668040678320198  0.5241855718584404  -0.490606533933838  0.6960852786238665  -5.05523399507742  -0.369646834696998  0.6052879075439848  0.7049735928242383  3.097270227390002  0.0  0.0  0.0  1.0
2318808360836;3.8885550361159975;0.2090270026051882;-0.3886726328668945  0.9036283342317595  -0.17997060324912045  2.6876572386310023  -0.8970697668714555  -0.32656087768856  0.29769754202624765  15.191634236602763  0.21023657585089522  0.2771530745577485  0.9375429352502633  3.570711024057127  0.0  0.0  0.0  1.0
2318808360867;3.4260014484993295;4.864348470707286;0.2332669999651884  0.12702923152502144  0.9640799142526532  -3.4453036619473414  0.8926422551722912  -0.42123161205605614  -0.1604796974248839  -6.607734339705481  0.38571532379225854  0.8980130863984214  -0.2116510941361145  9.176129069982444  0.0  0.0  0.0  1.0
2318808360898;3.99662055613861;2.372916993086863;0.6380884443277585  -0.7604490176481209  -0.12066660173133699  16.22935993364785  0.7136390834025053  0.6429408046153154  -0.27811217233527014  -11.00393878175046  0.2890716102556827  0.0913477603371795  0.9529392377405643  -0.07693294121743999  0.0  0.0  0.0  1.0
2318808360929;3.423510523147215;2.747240503848757;0.4332633163350511  -0.7848236026604767  0.44309684203950717  11.592076076097168  0.19782705015793556  0.5624615573829171  0.8028084794595742  0.9437362077514702  -0.8792879829408359  -0.2601709229975826  0.39895329787134554  11.574210725149356  0.0  0.0  0.0  1.0
2318808360960;3.2303591939848126;0.0949712665634398;0.42300781280830646  -0.8948415313429787  -0.14255884429556087  6.654201739849615  0.7809459607090129  0.439820197034806  -0.44348799389897914  3.1420585831846335  0.4595517345799157  0.07626813268998724  0.8848702589535785  -6.768382650154258  0.0  0.0  0.0  1.0
2318808360991;1.4400202981915988;2.7245651709020704;-0.23999519415633908  0.9452568971497011  0.22111468782688457  6.310586275848673  -0.960301812832023  -0.19780014667455248  -0.1967117948854504  6.286660705585769  -0.1422066631821137  -0.2595467209703198  0.9552029965301427  7.413091147081491  0.0  0.0  0.0  1.0
2318808361022;4.853359975936401;1.1554484678856327;0.7370657260794747  0.6601881562235374  0.14451890471873255  -0.8038361796885178  0.6604064006083086  -0.7490051919542433  0.05342853601929004  12.403692218432465  0.1435182966541693  0.056060866990731886  -0.9880585396208735  -8.213125992696135  0.0  0.0  0.0  1.0
2318808361053;1.3356595994763014;4.2814980977045005;-0.9188032733768402  0.3905548003788072  -0.05716198678381573  10.244977181137399  -0.017133427067012923  -0.1841436622093883  -0.982749997377285  9.07272207825595  -0.3943437466334955  -0.9019745337697648  0.17588334179754728  16.49476619298332  0.0  0.0  0.0  1.0
2318808361084;4.199949712177371;0.45243306661501403;0.43281941127521484  0.7667563591340046  0.47408020729718503  -1.2980915512429174  -0.8290356807729989  0.5451040723269933  -0.12474530186655851  -0.6223921478549395  -0.3540723050855958  -0.3390372192843933  0.8716000038499767  4.86209490417599  0.0  0.0  0.0  1.0
2318808361115;2.9319105454862306;2.8085832399551585;0.6886670398075297  0.7220045241142181  -0.0666871459978261  -1.4377436143031073  -0.7241376842042854  0.689540912385436  -0.012567595709401021  16.086869384794674  0.03690965453629582  0.05694556440374989  0.9976947830357488  4.6414542584358145  0.0  0.0  0.0  1.0
2318808361146;2.1018359827685917;3.498178694690811;-0.8354601829891095  -0.41817211818539934  0.35656466764409  13.176486574361327  0.24750323728933343  -0.8656167871706408  -0.43525822829635025  12.873124741176799  0.49066121730895335  -0.2753900095150768  0.8266873124030526  2.0576846325525486  0.0  0.0  0.0  1.0
2318808361177;2.9797821204083887;2.7851255151626697;0.9716486284517976  -0.23448267067600975  0.030279035327867562  -4.853092282838464  0.23539045545256032  0.971406084058009  -0.03100892350469592  -3.0154490944391874  -0.022142183938728757  0.03725717390959542  0.999060371890855  1.6282883965445378  0.0  0.0  0.0  1.0
2318808361208;2.047594508282059;1.8159351390638498;0.1804088513202911  0.8093096405931108  -0.5589906546699539  -2.396220251815725  -0.17815068007852275  0.5858023580138629  0.7906313505882243  2.59789918150456  0.9673236177995732  -0.04305232849044107  0.24986299337576623  -11.768659989241137  0.0  0.0  0.0  1.0
2318808361239;2.8811770696532393;3.20063287370806;-0.2058051251429942  -0.39064359748701044  -0.8972412330066446  10.184202957170404  -0.27283290246938957  -0.8576087825103605  0.4359694754122435  16.693135785081374  -0.9397906457264857  0.3345216822621589  0.0699198562748109  2.8724907026976436  0.0  0.0  0.0  1.0
2318808361270;2.4139519301703216;1.9680941835328434;0.770445934861439  -0.10129362094285592  0.6294065965747169  1.1639785577486035  -0.05103151416394297  -0.9939272077106681  -0.09749097565728737  3.314552954362171  0.6354595549817618  0.042991954232850745  -0.7709363435807276  -2.100317127013321  0.0  0.0  0.0  1.0
2318808361301;3.633939948710988;2.0113444664091085;0.3653734522201796  -0.3787618163401647  0.8503186031690757  8.832851068103015  0.006398503171543515  -0.9124318681071555  -0.40917862263277105  33.704631053663384  0.9308390298917814  0.1549437722052334  -0.330954872882907  -6.351324703327711  0.0  0.0  0.0  1.0
2318808361332;6.355512347551134;3.603396103638355;0.3143958025801583  0.9467820570366038  -0.06898562019374133  -4.033015536243582  -0.9120774155255271  0.2811240494601834  -0.29846952424558004  4.9727852530514935  -0.26319207322458005  0.15675779179564042  0.9519227528025064  10.296597165776625  0.0  0.0  0.0  1.0
2318808361363;3.0049062450558113;3.4582179256599686;-0.7739621827868408  0.3806893283920161  -0.50602191144679  10.61605260663039  0.31146922188332576  -0.466893621343742  -0.8276456187088297  2.7179865270418535  -0.5513342574475337  -0.7981766606440966  0.24278499741090837  8.204932572572321  0.0  0.0  0.0  1.0
2318808361394;4.888364505047668;2.6507976955820345;-0.5121566924395086  -0.742724161560129  -0.4313424883132025  8.158526846688728  -0.4479872216221282  -0.19747917063850218  0.8719572388754021  12.352763175943545  -0.7328048660132573  0.6398146583181195  -0.23159065470903437  -6.989625085582423  0.0  0.0  0.0  1.0
2318808361425;1.9513800093892786;2.6716052678268283;-0.07999932215762726  0.9908257843188838  -0.10892370533170531  10.33797154649275  0.9953928741501776  0.07361470135471115  -0.061432091251275134  -4.402655560759644  -0.05285011395795189  -0.1133364057720408  -0.9921500514444911  9.790835893335135  0.0  0.0  0.0  1.0
2318808361456;2.9799420916800283;2.9728549571580074;-0.8324349900598631  0.537018490512575  0.13661306003318827  8.588200246160845  0.4212421739426779  0.7734559231646535  -0.4736253432973799  -2.706582031594628  -0.36000974739037683  -0.33671512554251176  -0.8700666101022426  5.945063780175081  0.0  0.0  0.0  1.0
2318808361487;3.3327799764990607;3.6825740299337326;-0.8470939004702204  -0.20521201997624272  -0.49022438805450963  10.256761754455477  -0.31320343446943044  0.9379953718370092  0.14855400044732525  6.013993189161583  0.4293431406494128  0.27937914966872684  -0.8588432676033954  5.378633257231488  0.0  0.0  0.0  1.0
2318808361518;4.4213036334582645;5.615367754413624;0.1855856563475163  0.8543317455342525  0.4854639355610864  -7.507979399956304  0.613678598250673  -0.48662208654306405  0.6217696703262097  5.607873613508506  0.7674350410341911  0.1825272951119141  -0.6145951873648032  9.914087100402778  0.0  0.0  0.0  1.0
2318808361549;2.6879622013693756;2.8560954620659973;-0.1262633010484809  -0.23792610060370709  -0.9630414058906581  7.667104650252664  -0.9780776649327443  0.19191709591618578  0.08082023047979897  -1.2379069331164998  0.1655948675776244  0.9521339185989607  -0.2569422909630426  3.0839345763685895  0.0  0.0  0.0  1.0
2318808361580;1.329810775815828;1.4251658097749103;0.8799184977992911  0.39696452608097854  0.26107968565926937  -1.8238995079870204  -0.11880109175936504  0.7158652908181672  -0.6880575455574951  4.318439604200801  -0.4600323225898606  0.5744180101939049  0.6770629304115338  1.6023630757242486  0.0  0.0  0.0  1.0
2318808361611;3.0580385862811856;2.460768231976226;0.5457512109897841  0.5328362167000882  0.6467156885957855  -3.7733937311823134  0.39736895065242855  -0.8440555838701421  0.3600945547977938  18.481081476813902  0.7377354083684559  0.060462695196046926  -0.6723769253395435  0.081096000414286  0.0  0.0  0.0  1.0
2318808361642;5.3800009482235644;0.19217999450326267;0.049513449413185584  0.9953416195996131  0.08272532030780505  3.5127168289386557  -0.9116118974469598  0.011197421982447149  0.41089945993405946  7.315549463297472  0.40805902362325297  -0.09575843583605606  0.9079196854380183  5.375886447246497  0.0  0.0  0.0  1.0
2318808361673;3.504208192072817;3.385075213624896;0.15400309401545018  -0.9577472053706714  -0.2429060263524508  6.931759034614878  -0.7709928865821709  -0.2702293831619955  0.5766680581717523  5.582165508139593  -0.6179425668080816  0.09847015324734942  -0.7800324435855751  0.02876109132146798  0.0  0.0  0.0  1.0
2318808361704;2.519718137010217;2.562382043247214;-0.9344009748073459  0.18558840746202535  0.30405881223011827  9.864857563308616  0.10802809605266533  0.9609978770267075  -0.25458399559555334  -5.567581362510007  -0.339447711352304  -0.20503663908157965  -0.9180061153891146  6.421146594204352  0.0  0.0  0.0  1.0
2318808361735;5.251465982301738;1.9906227907931529;0.7184593125693264  -0.6024323085137728  0.3476945927695413  2.1304638086058945  -0.5916012553776275  -0.2663513513633456  0.76096314776902  8.99119291688556  -0.3658198611585023  -0.7524176176071942  -0.5477623187992108  18.53371229916057  0.0  0.0  0.0  1.0
2318808361766;5.291135375928377;0.10098196941345287;-0.924700860608472  -0.22884229829576158  -0.3042359625367535  23.25365553924155  0.2488056219211432  -0.9681487419688461  -0.02799599836714589  10.204044009309786  -0.2881389957822172  -0.10158354165342742  0.9521852252449421  4.524663753647296  0.0  0.0  0.0  1.0
2318808361797;3.384830345230238;0.04620342372833457;-0.6229256695812736  0.7805970577817046  -0.05130149665719662  6.944878171857411  -0.7756780505208162  -0.6078355244720903  0.16988094987362334  17.109889544764023  0.10142569751768134  0.14561664936498414  0.9841283550994592  -7.001771598971694  0.0  0.0  0.0  1.0
2318808361828;1.4149627962549474;1.2719270386841472;-0.18512547273829683  0.8962797053490874  0.403002790465245  3.7179909652563943  -0.22519288106940832  -0.4378697682462135  0.8703782122569854  2.533600245832104  0.9565650660875508  0.07037581854130842  0.28289665693599025  -5.387095945644423  0.0  0.0  0.0  1.0
2318808361859;2.242344127922003;5.867494354202402;-0.7898301858089766  0.3229571204882748  -0.5214086457960586  -3.51077206334117  -0.611416649751441  -0.48162572900203116  0.6278585330868618  8.475813158231311  -0.048352435219763484  0.8146995492138094  0.5778638996503714  7.097640566174931  0.0  0.0  0.0  1.0
2318808361890;3.1043376176245805;1.4599658179031865;0.8253139608171813  -0.14493561115879972  -0.5457568457640097  6.533677638068327  0.4209969146579075  0.802049574692215  0.4236485307239476  -3.997617363251976  0.3763222873133859  -0.5794049951062401  0.7229601563828805  -0.7103856905568122  0.0  0.0  0.0  1.0
2318808361921;2.582712583147148;0.9192862828974055;0.07684334661860553  0.836285333433435  0.5428829903069177  -8.03914807175752  -0.850245728715415  -0.22942000882455552  0.47376012955095015  24.683063697853612  0.5207468683358981  -0.4979892575498683  0.6934186314797763  3.756897178776698  0.0  0.0  0.0  1.0
2318808361952;1.429597864979908;0.12021152834647286;0.7688897227378618  0.6064632263299562  -0.20251160306894303  -2.9230536695908125  -0.5074907922710243  0.7715254294943357  0.383668616652065  3.7223663767704873  0.38892375863171486  -0.19222608239529232  0.9009924767825408  -2.7016448944749074  0.0  0.0  0.0  1.0
2318808361983;3.430782124719056;2.869400913429381;0.08148590690795898  0.5916598854143323  0.8020589921987575  6.2026055813281555  0.9590129816184669  -0.26567311333627963  0.09854896213287279  1.5397173663853474  0.27139297718003963  0.7611546339881979  -0.5890581253965071  -2.968877221667726  0.0  0.0  0.0  1.0
2318808362014;3.6985124006147214;2.8711861025883842;-0.9682070767675793  0.2453323441235548  0.04885793102475777  11.241795100185321  -0.19177944421993703  -0.8533902807934359  0.48471194891604685  11.328762299651054  0.16061040212847494  0.4599315922766581  0.8733082097140665  -7.471717431074464  0.0  0.0  0.0  1.0
2318808362045;2.2111434334810025;0.08459855374234812;0.15052605549722042  0.9873446859942834  -0.04992371836409598  -4.012475162892555  -0.98858462154114  0.14999831244706582  -0.014175765072593716  17.113814459022137  -0.006507892808631566  0.05148764222492891  0.9986524270382107  2.969903647920206  0.0  0.0  0.0  1.0
2318808362076;1.35138127439203;3.971269795377127;0.8544751880693927  -0.4472711103860326  0.26423608154039246  2.1418355281771935  -0.22713898718516307  -0.7791123621379485  -0.5842874358261726  6.943869669302828  0.46720448785759083  0.43924080067529114  -0.7673248891752795  2.3312631400257784  0.0  0.0  0.0  1.0
2318808362107;2.3703459450599085;4.786973877661672;0.3861351193270526  -0.9224410023830109  -0.0015055712901303475  6.007328875256695  0.9224421706278005  0.38613398896728196  0.000992175230132314  2.378445300655616  -0.0003338708658901929  -0.0017719161497832259  0.9999983744203803  9.073452397205312  0.0  0.0  0.0  1.0
2318808362138;3.4849647346435484;1.7785014764445084;0.5288098622884955  -0.8448841685308424  -0.0808138064464813  17.978249577182105  -0.5261931509995562  -0.40106555541159056  0.7498447760060416  14.475866782266841  -0.6659436142704431  -0.35400164127916034  -0.6566596839947464  7.541009189629854  0.0  0.0  0.0  1.0
2318808362169;3.48714335094723;2.861567506343492;0.8342971382631048  -0.005830990357559962  -0.5512842140288832  5.150099157823183  -0.3901637004879157  0.7002324286803493  -0.597868574726917  3.6452590118952943  0.38951324997690323  0.7138911299181895  0.5819268705916243  -1.26933221195908  0.0  0.0  0.0  1.0
2318808362200;1.6972551672156184;3.476689852828186;0.15901683611564152  -0.9867716885761091  -0.03154806581117264  13.180658221672566  -0.9502881793605175  -0.16164587860288088  0.2661258839315999  10.621119989155561  -0.26770510267726316  -0.012338742049236434  -0.9634218875680569  6.979646249959703  0.0  0.0  0.0  1.0
2318808362231;2.3843011935207;4.041703473209775;-0.961292318949384  -0.24215359490268026  -0.1314485222610915  11.019980036734292  0.19573111417737396  -0.9359337022150759  0.2927754019737065  6.070058294664669  -0.19392371817753448  0.2557141793755096  0.9471028719175703  10.308258872943687  0.0  0.0  0.0  1.0
2318808362262;5.232306399155367;1.086501447723729;0.3233428288168885  -0.5289905204834126  -0.7846135636677335  17.720351273610103  0.9083216601498004  -0.058986135604427496  0.4140922572436805  -0.4593828488193257  -0.2653322007510636  -0.8465752565750692  0.461420803821688  18.715193566955634  0.0  0.0  0.0  1.0
2318808362293;3.4552109610591604;2.2589394468073514;-0.4092504271024815  -0.6682198762861712  -0.6212859928024536  14.544258255755143  0.32806251929953056  0.5276192651944798  -0.7835769869173558  -2.880986847788307  0.8514041762566598  -0.5244998645678863  0.0032894864321236783  2.316611699766328  0.0  0.0  0.0  1.0
2318808362324;3.901348001708932;1.8369809143969322;0.8182948189331637  0.5608844710848848  -0.12570679935058943  -4.697444489268575  -0.4443021768135468  0.7559566012647855  0.4807548155587602  1.1359046676251032  0.36467679523913266  -0.3375473701571716  0.8677975615972271  -7.202665299955381  0.0  0.0  0.0  1.0
2318808362355;2.04977221751585;5.799191810919068;0.7552580161545316  -0.6523060990581111  0.06389117439764946  -9.291068903027544  0.3433963310670134  0.47684565294000064  0.8091336002675568  1.131731823571099  -0.5582690111801256  -0.5891646428663332  0.5841410230005685  8.929334280452816  0.0  0.0  0.0  1.0
2318808362386;3.0729207631497046;2.564107284562003;-0.017396847953358413  0.9382453413161406  -0.34553296395546096  6.252598695831502  -0.8215313170284785  -0.21039164865501583  -0.5299260791069615  3.7033625721316668  -0.5698979249152789  0.27464710753034094  0.7744580824695915  0.3782360441971262  0.0  0.0  0.0  1.0
2318808362417;1.4050409535936035;3.8896309981329518;0.4928879000752856  0.25578708613284434  0.8316456484146622  0.5561687655707686  -0.40361041241031825  -0.7795434976980551  0.4789682350539073  5.785306892773422  0.7708178468051632  -0.5717384907143747  -0.2809892262744269  6.342477636300444  0.0  0.0  0.0  1.0
2318808362448;2.5537408364538483;0.1502285990589299;0.00963298437994392  0.994841480136361  -0.10098334026972128  1.3855958320505017  -0.9741768389514712  0.032118703476076926  0.22349021306879407  21.526854956298664  0.22558078832749684  0.09622275347915599  0.9694609273459316  -3.064491886836307  0.0  0.0  0.0  1.0
2318808362479;3.2775968567417544;0.011521554987431003;0.29311300373670074  0.9560775135982453  -0.0007450048625168293  2.2189303208829916  -0.9503611894438316  0.2912752384739429  -0.10941821169646652  12.22983726527398  -0.1043952903121304  0.032779924401132254  0.9939955230869513  6.031083971476045  0.0  0.0  0.0  1.0
2318808362510;1.7896114733317854;0.025810154411599347;-0.940683665243426  0.3353007334631101  0.0518426473407185  11.075606018636424  -0.3382146527043861  -0.9388319411868389  -0.06484932461793863  25.18990557915063  0.026927507130169642  -0.07853664333578031  0.9965474926029888  1.849894253758766  0.0  0.0  0.0  1.0
2318808362541;4.507281674743628;4.472358741223006;0.6493819426754527  -0.3935661011338299  0.6506987141261085  1.372953545119989  -0.7489380952702391  -0.4793851704393811  0.4574730459992062  15.842814255811748  0.13188943088830576  -0.7844077908850229  -0.6060607194158332  12.762970615933723  0.0  0.0  0.0  1.0
2318808362572;1.6524012560965744;4.374839693211171;-0.19424230620238025  -0.9473478084004932  -0.2545624803461073  8.011318829311625  -0.9793614879934722  0.17250446275696907  0.10532467025413084  -1.391680992990909  -0.055865931625568355  0.26976719638924057  -0.9613036239585784  5.171599198847814  0.0  0.0  0.0  1.0
2318808362603;2.7922284303351215;1.257299606540596;0.923215031916309  -0.18170006643810058  0.3386134827501097  4.101788223125045  -0.35205585892644886  -0.04668484767030899  0.9348139906920309  9.187842723718546  -0.15404764535470597  -0.9822451887662216  -0.10706872608881063  3.6767943203435687  0.0  0.0  0.0  1.0
2318808362634;4.154034979657225;3.4172493497810357;-0.9881448901403947  0.1014644938512218  -0.1152155917267359  14.719000154928828  -0.10150793392765808  -0.9948194960301388  -0.005505421698530612  16.96218071938918  -0.11517732172248474  0.0062551423529624665  0.9933252527520776  -0.6196316215245394  0.0  0.0  0.0  1.0
2318808362665;2.2058351322628655;3.4931739396237202;0.13068332780527633  -0.9413633036434202  -0.31105786983660594  12.622370620877236  0.44202560851092626  0.3361618740306095  -0.8316300595028864  -4.593070601954775  0.8874318166790535  -0.028815360517901026  0.46003743950241643  -2.203628880979327  0.0  0.0  0.0  1.0
2318808362696;1.9478287065829136;4.467107051260241;0.6556416753899275  -0.4979532532844557  0.5676059822053641  -0.6917509797832923  -0.217744520034838  -0.84447710097453  -0.48933194247305367  4.493108064566162  0.7229946870390456  0.19723332242063074  -0.6621009734475796  7.535598076749233  0.0  0.0  0.0  1.0
2318808362727;4.3430344902627;0.11452137623597576;-0.13042401964735362  0.9914505796553122  -0.0039144859396349485  1.2710114491760791  -0.9738647372069731  -0.12736813716632656  0.18805539412517114  -4.7422966207628985  0.18594904873061432  0.02833912023907459  0.9821506226339494  -3.779604440046892  0.0  0.0  0.0  1.0
2318808362758;1.6605101549061114;0.0416033592732375;-0.031053235805822164  -0.9761740960713851  0.2147552809716276  3.1658605687581365  0.9961575592867589  -0.04782911101854779  -0.07336547699717083  -4.336422099509754  0.08188903236597067  0.21165186107943867  0.9739084536442711  2.417504895863606  0.0  0.0  0.0  1.0
2318808362789;3.2529369529640206;3.91346318351831;0.39367193427452835  -0.8172266947499212  -0.4209072790445309  -0.8682780024633043  -0.9018227455579009  -0.43208225585155713  -0.004545302260464011  4.608359223650257  -0.1781520242909434  0.3813731159459837  -0.9070922790293666  2.1233115899356263  0.0  0.0  0.0  1.0
2318808362820;2.400344764826293;2.2199574720210458;0.9749623917235825  0.05087487787079903  -0.21647189546512569  0.8912795945556882  0.17746031561093345  -0.7646283329961153  0.6195573813319063  7.339718662461773  -0.1340006384607959  -0.6424603172034933  -0.7545121402011281  10.997321466324395  0.0  0.0  0.0  1.0
2318808362851;2.213741788563696;3.61799436372552;0.12065577267604757  -0.9883687615112517  -0.09257092301938287  8.06765416519815  -0.5945354470359551  0.002730644465294507  -0.8040647646791652  5.10246496303436  0.7949652739193727  0.1520517505638088  -0.5872907954436015  1.9234282485023746  0.0  0.0  0.0  1.0
2318808362882;2.8118491113323465;4.785103204907444;0.8136486446434805  -0.5661881917634616  -0.13193488764329414  -0.23239579708106595  -0.30317693239220145  -0.21960594524030985  -0.927284733229424  12.318113615806366  0.49604398064595184  0.7944835809019162  -0.3503372788359623  -9.584288601079793  0.0  0.0  0.0  1.0
2318808362913;3.693761787700806;0.09395385054584937;0.021462406576398196  -0.9357567225935646  0.35199250166004925  8.668365938546346  0.9946649010892421  -0.015547266953953864  -0.1019804737750851  -6.048903553562815  0.10090143529741141  0.35230333323886265  0.9304306861576036  6.935214593534635  0.0  0.0  0.0  1.0
2318808362944;2.216755272952035;3.322635820475221;0.4938223285675758  -0.16308730906454683  -0.8541323301632965  3.79247671192131  -0.8475495530424334  0.12934425810849248  -0.5147133357820983  7.3513476486846345  0.19442032544378854  0.9780964126896945  -0.0743514931785686  2.3498810888667414  0.0  0.0  0.0  1.0
2318808362975;4.0877051608656085;0.7658040340608234;-0.9088223843557449  -0.3196173300275984  -0.26811683281727733  20.29899377114321  0.27306812894715377  -0.9416296328807076  0.1968944677593678  18.787008257340013  -0.31539763893732514  0.10572793777887324  0.9430513944243907  -3.8856946780764914  0.0  0.0  0.0  1.0
2318808363006;1.8159881834797982;2.3452969712699203;-0.8889072201588493  -0.20399823155353186  -0.4101568912897821  16.160662373818962  -0.12816455036506674  -0.7488579302937614  0.6502196923085796  11.530416725922029  -0.43979290805922155  0.6305525527338505  0.6395198794890098  2.3359348006277827  0.0  0.0  0.0  1.0
2318808363037;2.514235334584633;1.471015633578231;0.07954846154487905  -0.7868566164549295  -0.6119875059238897  11.774418468313293  -0.7629481492178319  -0.4431783682425308  0.47064111117386775  9.110355917356358  -0.6415466965630235  0.429475958655415  -0.635584956607757  3.627998015933204  0.0  0.0  0.0  1.0
2318808363068;1.8909816795339536;5.5306314617832095;0.025644069211637893  0.6349160675423065  -0.7721554046245368  4.356760969111025  -0.6309176810232685  0.6094225300781089  0.4801531626527288  -1.056087427312617  0.775425858149243  0.47485341634004286  0.41620784651865916  7.667062281017384  0.0  0.0  0.0  1.0
2318808363099;3.0749693121327226;1.8061154375733364;-0.03262033874678204  -0.27292601295005464  -0.9614818276781062  9.352009132128808  -0.04867036595606512  0.9612862787736958  -0.2712192576479838  3.0735826800263535  0.9982820788623561  0.03794840835407179  -0.04464089297544038  -10.794792638046538  0.0  0.0  0.0  1.0
