# registration_from_features.py TEASER TEASER_config.json euclidean True --use_random_keypoints=True --n_keypoints=5000 --input_txt=/neural_comparison/point_clouds_registration_benchmark//kaist/urban05_global.txt --input_pcd_dir=/neural_comparison/point_clouds_registration_benchmark//kaist/urban05/ --input_features_dir=/neural_comparison/features/3DSmoothNet/kaist/urban05/ --output_dir=/root/neural_registration_comparison/results/3DSmoothNet/TEASER_mutual_on/
id;initial_error;final_error;transformation
34562489690030;3.026378295279987;1.9180116630051949;0.6546792622734734  0.745409490157855  0.12553786493193694  -5754645.53539419  -0.14793137697914685  0.2892064371198083  -0.9457673838917909  5822724.7134995395  -0.7412903420753006  0.6006033039461857  0.29960690919071087  -4311379.920646228  0.0  0.0  0.0  1.0
34562489690061;2.3389289960652655;1.577564741598594;0.1888493678996626  -0.9688165834176306  -0.16040680764508441  8364561.855249012  0.830489158828111  0.07039680186200359  0.5525685906352069  6895780.2456583865  -0.5240454878279888  -0.2375683438141347  0.8178860609550295  2279518.823277332  0.0  0.0  0.0  1.0
34562489690092;2.8315574878443655;1.708593121190224;0.8226670717775934  0.3299232657525545  0.4630005699003514  -2529898.2866974133  0.5329705782600737  -0.16407816108584797  -0.8300727195636598  8991355.410242097  -0.1978920203595974  0.9296391750404328  -0.3108210940527376  -7340284.798974264  0.0  0.0  0.0  1.0
34562489690123;1.8101091339027975;0.6077938509105745;-0.5855240505045745  -0.7364691511571989  -0.33878426125561384  7039231.222067525  0.7987496847853516  -0.5954885554906606  -0.08597860975235913  12275577.546127731  -0.1384215566160797  -0.3209463657271129  0.936927373380958  2679449.2491565766  0.0  0.0  0.0  1.0
34562489690154;2.62470578061902;1.3387780156145108;-0.9753052874246545  0.21978864590295275  -0.021738156629730526  -380655.3685124885  0.17082593657660597  0.6883047811394046  -0.7050212958864163  2387896.493716661  -0.13999319881421965  -0.6913244385907262  -0.7088528936902067  5660766.391012986  0.0  0.0  0.0  1.0
34562489690185;5.512606798611554;1.6697569858368793;0.14767574210042794  -0.890261450131837  -0.4308438529261482  7761631.86130294  0.7799812767581037  0.37268032652659755  -0.5027311230934766  4499303.069563838  0.6081291664620991  -0.26180894680890676  0.7494231063083958  1679205.036672089  0.0  0.0  0.0  1.0
34562489690216;1.5460191220852306;1.2290328847834866;0.2907332617200332  -0.9479129381430037  0.1301354380279567  8124770.268793832  0.9256688133832378  0.31307319665551836  0.21242038853547585  4876573.20959298  -0.24209795219971983  0.05870464408369094  0.9684742362622295  -302263.1661537188  0.0  0.0  0.0  1.0
34562489690247;5.3501947700473025;0.9664575838904552;-0.26596473440434093  0.9120430121196822  -0.31215429533627415  -6448556.837819799  -0.954562953497978  -0.2943338710007809  -0.04665983487875657  11084436.238101784  -0.1344333584436747  0.285561055512395  0.94888490119308  -2203068.601445019  0.0  0.0  0.0  1.0
34562489690278;1.7336325432466153;2.2346951374562325;0.35393848424455626  0.497877861282626  -0.7917355521986515  -3551765.6484704376  0.3758089385643248  0.6994775562211103  0.6078641213610975  2153804.9564050445  0.8564433379189896  -0.5126878032366102  0.060465075428686316  3523418.7665487146  0.0  0.0  0.0  1.0
34562489690309;1.8806280573322476;0.529386941616573;0.36189003963177485  -0.12594780961499402  -0.9236735075060329  1461738.4774617297  0.3286906001412115  0.9444376577513257  0.0  216140.62632032018  0.8723520439559493  -0.3036027995166958  0.38318044252219124  1830012.211836812  0.0  0.0  0.0  1.0
34562489690340;1.342499596526476;2.949580150025026;0.9854315613674451  0.16929607963223162  0.016231921700072253  -1351886.2165204058  0.11265283854189734  -0.7212533150962368  0.683449334940888  13769617.256785149  0.12741262036930792  -0.671663973191838  -0.7298174643613158  5314819.078593222  0.0  0.0  0.0  1.0
34562489690371;2.166541248145545;1.4154705299391714;0.9061969110903478  0.1411536615384098  -0.398601056401777  -1069747.811965401  -0.3136481486209089  0.8565936331881776  -0.409722084403751  1373974.0867221442  0.283605354669105  0.4963093706709338  0.8205150890673694  -4192059.9133428247  0.0  0.0  0.0  1.0
34562489690402;1.8237522520831808;1.2927911203084475;-0.8029522725079006  0.584790506472949  -0.11527233672269631  -3438340.2797767264  0.5063049627569922  0.7712367276021059  0.38580979081049305  1484784.5364909694  0.3145201627273511  0.2514238921357869  -0.9153486186700963  -2243569.4742925  0.0  0.0  0.0  1.0
34562489690433;1.485279001754726;1.9307317287950312;0.4003057721393841  -0.7110222025465416  0.5781026866204279  6141815.523085409  0.8934926580595224  0.16272341803937107  -0.41855938553007555  6108821.848856331  0.20353417105150173  0.68408224411064  0.7004322411960554  -5646804.779264743  0.0  0.0  0.0  1.0
34562489690464;3.2048953782106575;2.58286472310935;-0.5738268856407768  0.7067488651113789  -0.4137979542960373  -4580654.221872781  -0.7960312795984608  -0.3625564859254032  0.48465141742726875  11521448.921613747  0.19250170704865144  0.6075021285371774  0.7706388626368087  -5022827.529523815  0.0  0.0  0.0  1.0
34562489690495;1.6045786219463427;3.3633595129812353;0.8993219866602644  -0.07454276312980944  0.43088669134055324  670391.6282343045  0.3513766278682832  0.7097271427394336  -0.6105913922148222  2088672.6435852079  -0.26029681077060907  0.7005217764808556  0.6644658087356765  -5453167.512836357  0.0  0.0  0.0  1.0
34562489690526;5.298220209160753;3.9175414135238116;0.9260094842908158  0.13577290886119925  0.35223877160645656  -1040450.1376659785  -0.10696682770959076  0.9892117711831029  -0.10009080638367754  161961.46947705233  -0.3620283590731586  0.05500717200653542  0.9305426794374557  -188204.30532996  0.0  0.0  0.0  1.0
34562489690557;4.725165945981713;1.8379210619144388;0.24074590173376595  -0.2427448163922714  -0.939742712082982  2486575.5603294163  0.4987417679314424  0.8615530542896053  -0.09477860288520984  763521.4797042932  0.8326452183967766  -0.4458713814082886  0.328482345830106  3002460.262499829  0.0  0.0  0.0  1.0
34562489690588;1.3460500527468555;0.26330431494361084;-0.8342177490777435  -0.5486123982455736  0.055724174421009166  5702371.932989201  0.5513331186349791  -0.831737879016348  0.06514516793757542  14350432.82012162  0.010608459826523297  0.08506783822707027  0.9963186857022617  -691886.3784832947  0.0  0.0  0.0  1.0
34562489690619;1.8205673160604245;2.3981810379597697;-0.2293520988101575  -0.6622187335147273  -0.7133470149608298  6191651.700784257  0.7823454415852469  0.3105993898981906  -0.5398737158129273  4997209.760389472  0.5790796359760557  -0.6819049552371813  0.44684718553529784  5079685.306821746  0.0  0.0  0.0  1.0
34562489690650;2.1392684506950816;4.195145986866018;-0.38603582881191206  0.8943844073612256  -0.22594882328219643  -6222192.036922731  -0.9010845097352244  -0.31314375623118723  0.2999794897133009  11197728.382365543  0.19754251488914987  0.3194018155905376  0.9268006446959013  -2708491.0478472305  0.0  0.0  0.0  1.0
34562489690681;1.8732202401465774;0.9226927622297729;-0.6796570638566851  0.018740571908604065  0.7332905744070684  1028288.1430524215  0.21371651628889163  0.9613623339038654  0.1735157445774096  160797.67885151756  -0.7017061537531573  0.2746475084821477  -0.6574018709050795  -1716810.915978302  0.0  0.0  0.0  1.0
34562489690712;2.5869430889270166;3.2155306521929465;0.6700717317429211  0.022206418403467654  -0.7419641159117695  53200.49878867471  -0.11398936305330001  -0.9846182767225367  -0.13241327068933592  16047574.686577298  -0.7334918536901052  0.173302406577735  -0.6572335782996935  -878818.8067166783  0.0  0.0  0.0  1.0
34562489690743;3.8819775247609996;1.9423490999561168;0.42338478418756753  0.905333160938353  -0.033424425557018744  -6878825.890380467  -0.9041750770060117  0.4245759389585988  0.04693295407916215  5264856.628885598  0.056681166533685434  0.010350833917808042  0.9983386727947519  -123086.92426479032  0.0  0.0  0.0  1.0
34562489690774;1.586561897713293;2.0220318118702494;-0.5827884598522405  0.6926162001530307  -0.4250181294352406  -4460638.877300473  -0.8126229090120041  -0.4975409685223317  0.3034748628646669  12619470.965265483  -0.001272325399471766  0.5222411166572747  0.8527969261557176  -4200853.145565837  0.0  0.0  0.0  1.0
34562489690805;1.205521164189387;1.1964657153566647;0.8370046079967133  -0.47767489732538126  -0.26692691632252963  3957745.4789765696  0.18376659009089086  0.704858694896895  -0.6851306886971359  2245600.528112121  0.5154154892498232  0.5244052943033967  0.6777506626687522  -4581203.442571182  0.0  0.0  0.0  1.0
34562489690836;2.065099418152508;0.648302119837106;-0.8609265282143156  0.508729312126641  0.0  -2785961.2219637837  -0.4688682556466895  -0.7934693557097823  -0.3880321383549748  14759213.742336242  -0.1974033228283559  -0.3340671617095254  0.921645842828831  2826480.494753306  0.0  0.0  0.0  1.0
34562489690867;2.727894652051314;0.9870214478528195;0.8435784601369947  0.22484830328054933  -0.4876665070565701  -1699083.8088974399  0.02747534096330833  -0.9250035956110719  -0.37896365755246014  15468619.298027208  -0.5363026078920815  0.3062867751282229  -0.786490892604426  -2087222.1306416886  0.0  0.0  0.0  1.0
34562489690898;2.29580039724926;1.6981066416388435;-0.23877270396235362  0.9584108399392449  0.15632100859915637  -6841056.6889750315  0.8515599807381106  0.28402501953805515  -0.44065336431453345  5162490.323161848  -0.46672603853632977  0.02790071976417019  -0.8839617383059211  103606.32064393641  0.0  0.0  0.0  1.0
34562489690929;2.300657442855721;1.310117128344387;-0.3643321143583125  -0.8343365068813635  -0.41369639076526465  7671030.443889994  0.391753084577542  0.26570161856703634  -0.8808701213089472  5632767.066748911  0.8448619006507414  -0.4829961109324401  0.2300502676654713  3292626.8716066  0.0  0.0  0.0  1.0
34562489690960;1.3464116655749152;1.3766435698132948;-0.8098116921684927  -0.5722439950742497  -0.1293902366048734  5875418.772538705  -0.5866869644602359  0.7891719137094783  0.1816758001070981  2108348.8880638396  -0.0018517450248064769  0.2230347522552987  -0.9748087352536297  -1792869.852138063  0.0  0.0  0.0  1.0
34562489690991;1.2386766652537227;1.5814110930503595;0.7567249689006356  0.037584474268668656  -0.6526520732643696  -131422.52248557  -0.21068974831907675  0.9590975484142138  -0.18905481368928173  477101.83311702276  0.6188514776548381  0.280569599065531  0.7336917259207922  -2691993.1492450684  0.0  0.0  0.0  1.0
34562489691022;4.77837015482652;1.6930968064580592;-0.05332822867595709  0.17444704645375772  -0.9832214033521882  -663488.9020213041  0.8257301350559734  -0.5459879920780453  -0.14165753268720957  11858403.418740254  -0.5615388179696291  -0.819429887476741  -0.11492961073251227  6987410.868476307  0.0  0.0  0.0  1.0
34562489691053;2.167491542430286;1.6589159834767238;-0.5033585211341345  -0.7000196535492943  0.5065596547756084  6687847.607108816  -0.3838453475979583  0.7063741004033075  0.5947254655778754  2631883.628514946  -0.7741401348134975  0.10491956406764369  -0.6242587097884944  -300157.94008981436  0.0  0.0  0.0  1.0
34562489691084;2.4865787628779126;0.7185693957098366;-0.8526055871371013  0.4610833935393503  0.24589798084741554  -2409291.535764952  -0.21497197828286113  -0.7383941968299408  0.6391878117118788  14136965.734944507  0.4762885274030358  0.49211392409695515  0.7286790269893486  -4293550.977386313  0.0  0.0  0.0  1.0
34562489691115;1.9042244213164048;2.752576543234608;-0.6656398302650923  0.2674704155650839  0.6966944761960586  -981884.5569012479  -0.04150540255671545  -0.9453885547367481  0.3232921003231717  15680978.303940756  0.745118056366415  0.18627951409160376  0.6403897443795706  -2022173.2359900775  0.0  0.0  0.0  1.0
34562489691146;2.204368269441607;0.07659537728168309;-0.7509528971793763  0.06616141568963978  0.6570330382042018  697583.2027276506  -0.399257459258686  0.7470241937369199  -0.5315527586213848  2315904.023359019  -0.5259878586471367  -0.6614964255728434  -0.5345645438206242  5691909.785401555  0.0  0.0  0.0  1.0
34562489691177;3.9205161639220982;2.2945514785858854;0.41207848197327374  0.36040775474085485  -0.8368378427253745  -2486577.3200835334  0.8841617594029014  0.06370298391182125  0.462817364681033  6911865.753764219  0.2201120348917083  -0.9306170964276266  -0.29240812562657226  7332868.675231263  0.0  0.0  0.0  1.0
34562489691208;2.3565380774100433;0.8161444435724652;-0.16984860733857016  0.0008210625428690804  -0.98546982523132  815301.067858375  -0.16303840319538604  0.9861957248999083  0.028921813093975925  225578.30153851162  0.971889875278391  0.16558175637866884  -0.1673701057115883  -2014749.6092390553  0.0  0.0  0.0  1.0
34562489691239;2.888227844794611;1.5576061841732394;0.15801255156795802  0.9760983249069111  -0.14921157348177214  -7261759.269015584  0.9772606396633929  -0.13294968043267427  0.1651848196340875  8428697.672010308  0.1413989947336249  -0.1719198725766531  -0.9749101916082057  1284138.9579216593  0.0  0.0  0.0  1.0
34562489691270;2.5432202258587244;0.5249240764411612;-0.5467302190845962  -0.8046876603591938  0.23143862427295034  7560686.486794454  0.8296157130403632  -0.4832193222071217  0.27970851850134776  11350641.99428304  -0.11324237818166197  0.34493021890135417  0.9317721330198843  -2695614.8236243394  0.0  0.0  0.0  1.0
34562489691301;2.1034157138496146;2.555576843468737;0.5690328062241762  -0.7675303030578805  -0.29512522652006296  6478153.338148659  -0.8217601869000106  -0.5439436517925064  -0.16981018491449337  12999494.033954654  -0.030197030759678  0.33914972735137516  -0.9402476278995808  -2707228.4483923777  0.0  0.0  0.0  1.0
34562489691332;1.5400005703685937;0.02989033897002675;0.8435142553895151  0.5358593782333697  0.03658452834214715  -4201397.504680389  -0.4091849247422526  0.6852459666075574  -0.6024995125406747  2819959.0985035733  -0.3479244146626505  0.49324709021688107  0.7972803206364942  -3724011.0740114967  0.0  0.0  0.0  1.0
34562489691363;3.2280224062918226;0.0414797018573108;0.12639515527363207  -0.9142482974681838  0.3849341700861113  7969472.060538283  -0.9872453073612042  -0.15380285562679866  -0.04112644762588829  9976759.46761522  0.09680375931045852  -0.37482626932696583  -0.9220272772569112  2948062.4220020943  0.0  0.0  0.0  1.0
34562489691394;2.3976719802288198;0.189866720325417;0.5387717159614467  -0.6814003694384837  -0.4953973905957279  5806284.665305088  0.69256896321524  0.6930535788944856  -0.20006241019369841  1983131.6322521921  0.4796595347440979  -0.23530888914497733  0.8453144133506961  1556297.3818207248  0.0  0.0  0.0  1.0
34562489691425;1.0094624480211292;1.8741290879033623;-0.3804662377063212  -0.8742934873557822  -0.30142385428638846  8004135.249638527  0.016352254711395273  0.3195249249760759  -0.9474367662724972  5463514.186944823  0.9246502288603242  -0.3653966615697216  -0.10727177626128592  2290420.077554866  0.0  0.0  0.0  1.0
34562489691456;2.09075176249572;1.4873420949054168;-0.4923575558818995  0.8443662580657261  -0.21125732982806972  -5745093.787546597  0.8650709779927888  0.44791478167553933  -0.22588614696601855  3834216.861592665  -0.09610535989528449  -0.29396933615028187  -0.9509709717981724  2432926.117043735  0.0  0.0  0.0  1.0
34562489691487;4.819526363868169;0.14157062378342294;-0.5414869337093924  -0.1258523566713903  0.8312358780407989  2095436.4990504861  -0.1106920003342224  0.9907968455335345  0.07790309328137447  151809.95587235456  -0.8333901737385733  -0.049827654982501614  -0.550434394923624  986610.5754669404  0.0  0.0  0.0  1.0
34562489691518;0.9081270063423241;0.2368502914895141;0.7000405735654729  -0.7132103686581595  0.03569545350064446  5949031.68658635  0.3752566297147576  0.32487868634466366  -0.8681222845970998  5168391.851536542  0.6075571225960943  0.6211157776111135  0.49506518114819614  -5424064.127287481  0.0  0.0  0.0  1.0
34562489691549;2.7018815013951687;2.0939534226881396;0.04679315173545516  -0.8500535950879715  -0.5246134638271092  7508930.404850928  0.1484260324396111  0.525275522757969  -0.8378874256638406  3715360.8121228768  0.987815829922207  -0.03865890155394128  0.15074937971926952  -382731.490229232  0.0  0.0  0.0  1.0
34562489691580;4.668438872941319;1.6169537624202883;-0.20345871565282475  -0.9719901238287139  0.11764246769064625  8665758.303927802  0.9759165291605356  -0.21098786539902864  -0.055417043999249425  9057582.852910256  0.07868595259737537  0.10353414815317259  0.991508548137655  -888285.0981562757  0.0  0.0  0.0  1.0
34562489691611;3.9959073484826004;0.3351741421459821;-0.6992355215153496  -0.7065653160788413  -0.10878942763689958  6878188.418578678  0.7141321508130453  -0.6973693708416265  -0.060755508285984694  13154578.563623752  -0.03293867978974735  -0.12017243746534007  0.9922064445705581  989974.7400318607  0.0  0.0  0.0  1.0
34562489691642;3.292173022565408;1.78926688577115;-0.22492096810990217  -0.27140160423159254  -0.9358160755859153  3044104.243686971  -0.311971565648047  -0.889807882014591  0.3330400506422836  15423740.30806283  -0.9230841241899959  0.36685569686898223  0.11546686686302185  -2303060.7796409866  0.0  0.0  0.0  1.0
34562489691673;1.953679954832125;1.6381750285975467;-0.9237489844734107  0.06484445230181132  -0.37746921820198837  829552.2916059467  -0.3150789131681841  0.43165813794772284  0.8452198118952613  4793762.469193544  0.21774547563864122  0.899703533920582  -0.37831264701265166  -7391291.394187295  0.0  0.0  0.0  1.0
34562489691704;2.008186623570813;0.654726041958882;0.6529883118348154  -0.2703437148249681  0.7074747631271056  2418752.9722351576  -0.7570416139546406  -0.2604052263564598  0.5992304338292522  10672457.220086576  0.02223194431601945  -0.9268783058961287  -0.37470301134505474  7441910.602516993  0.0  0.0  0.0  1.0
34562489691735;2.8076941945791956;1.5790079879307677;0.3797619606611077  0.918122022416255  0.11328197203932072  -6951298.503060645  0.8994125935002908  -0.3377963922744173  -0.27739968280347554  10131816.26053796  -0.21642051632854006  0.20723307969693033  -0.9540527295655173  -1515039.2152671702  0.0  0.0  0.0  1.0
34562489691766;1.8275291698076832;0.1731928738390965;-0.9918844551567042  -0.04046547389786493  0.12053121189430474  1724886.1435134532  0.10291948150609852  -0.8121563078286388  0.574290616309086  14507823.595129557  0.07465124208614593  0.5820349448928087  0.8097299024851565  -4735333.55227827  0.0  0.0  0.0  1.0
34562489691797;3.7232768051076097;0.07747732772757068;-0.7272455125453974  0.6846785516831884  -0.04826225593145806  -4295277.5085021965  -0.672245791024887  -0.7247042326417451  -0.15129233834025774  14348818.782948455  -0.13856248024593737  -0.07758257572516385  0.9873101756854039  721552.3930381354  0.0  0.0  0.0  1.0
34562489691828;2.886530052875628;0.34921068317987847;0.4853270172271794  -0.8430595183635293  -0.23175058758506661  7144128.9299200345  0.7555808662847491  0.5377820297838141  -0.37401609984864254  3188400.6771642873  0.4399491343936911  0.00641380840495996  0.8979997896480753  -360418.3987224986  0.0  0.0  0.0  1.0
34562489691859;3.863192297346279;1.2808481781408962;-0.4493077629326236  0.47739955429812975  -0.7551239631507062  -2822750.153463964  0.8567837011159267  -0.009170765896281796  -0.5155944012059973  7517684.627179926  -0.25306960242308146  -0.8786384709360405  -0.40490766073340767  7247267.350645101  0.0  0.0  0.0  1.0
34562489691890;3.6706534983214847;3.574171988872837;0.9177366862819437  0.3700500686540563  -0.14429941559606146  -2919460.8501975876  0.3364062533182675  -0.9173290892367406  -0.21292762800645865  15189799.95437435  -0.21116393484826437  0.14686826998783511  -0.9663537157222389  -1033021.3011804493  0.0  0.0  0.0  1.0
34562489691921;3.2786406111649433;0.5815417393746858;-0.8402800724553232  -0.5372149851039246  -0.07300314797505869  5615144.447515482  0.5021226608323276  -0.8219308567672726  0.2688912422755368  14305827.647038056  -0.20445594467547623  0.18928741763151705  0.9603999376370513  -1379292.0792226621  0.0  0.0  0.0  1.0
34562489691952;2.441651137137093;3.418080253073453;0.4222962833394335  -0.903587707485006  0.07207706958313671  7675856.623912815  -0.8382432712202001  -0.41954252497301725  -0.34832784556122337  12010176.1730139  0.344984155189422  0.08667943597680225  -0.9345975647555393  -939464.3916969977  0.0  0.0  0.0  1.0
34562489691983;3.0513635683647133;0.13744130470063343;-0.01778679398429998  0.9923971194570037  -0.12178500422137821  -7269508.044613472  -0.9995197695215118  -0.02073986946837104  -0.023023643284643534  8914806.091619978  -0.025374402365842284  0.1213170025506563  0.9922894358989722  -958265.4237597267  0.0  0.0  0.0  1.0
34562489692014;1.9745718167701451;0.0799366896285547;-0.9874454187577548  -0.1532826325879373  0.03815729971100895  2629509.044118316  0.15437308582418854  -0.9876305223716536  0.02747547366313409  15883484.79856142  0.03347380091119023  0.03302099069996814  0.9988939477370716  -289192.16951384814  0.0  0.0  0.0  1.0
34562489692045;1.2175878921579373;2.146822921139511;0.6912950784572195  -0.6996945324089542  0.18038479929817308  5846372.801363142  0.18551606876832458  0.4131405495778855  0.8915709026898694  4591224.088442471  -0.6983515609845612  -0.5828742982938064  0.4154066076255034  5180330.818573013  0.0  0.0  0.0  1.0
34562489692076;4.820847866328376;0.9672649567079249;0.7272471081796408  0.41999709566798304  -0.542875753073214  -3187465.3743386236  0.26785977578920406  -0.9018811722750236  -0.3389122181479839  15113795.138530942  -0.6319515678899036  0.10105835307528244  -0.7683908023364179  -368852.7509058417  0.0  0.0  0.0  1.0
34562489692107;1.0951736045872003;0.9132848175635906;0.6242714427439293  0.6412514190983777  0.44618581698517756  -4895337.148190916  -0.7599902935505768  0.3663060734655575  0.5368748590231754  5632093.839717351  0.18083119057099015  -0.6742525328440105  0.7160192752085066  5297714.032575739  0.0  0.0  0.0  1.0
34562489692138;2.6395870453587285;0.22409562788665727;-0.37651510036640345  0.7573338843360071  0.5335557766837622  -5126405.539181536  -0.0034534361800552527  -0.5770822357118492  0.8166787416140839  12691166.365228932  0.9264040441268744  0.3056492775426578  0.21989558013526334  -3109877.982914044  0.0  0.0  0.0  1.0
34562489692169;2.994782826868506;2.019866325921285;-0.20621381227245417  -0.7931300471733367  0.5730799175497969  7228243.610857247  0.967822506786077  -0.2516338517733936  0.0  9390222.469430275  0.14420630702703421  0.5546396423918026  0.8194994863336512  -4563606.5940603865  0.0  0.0  0.0  1.0
34562489692200;5.292190560418294;2.9351776443446234;-0.4869895751400814  0.8597700946141968  -0.15374179038887886  -5872706.8309557615  0.7063683179000454  0.49123268497816064  0.509641294123826  3597053.879625515  0.5136973361542221  0.13959166743126952  -0.8465395520658292  -1483744.596422601  0.0  0.0  0.0  1.0
34562489692231;1.8630711678931846;1.5443112434457105;-0.12566888380156066  -0.27567002963325715  0.9530022908713647  3008652.4073504903  -0.12203682208117503  -0.9490265393164893  -0.29061252851399266  15766998.315700537  0.9845376304135852  -0.15282232309112342  0.08562121153449526  538007.620566466  0.0  0.0  0.0  1.0
34562489692262;5.46562893652775;0.5868012814725262;0.11487291460305211  -0.9295532030243131  0.3503356336969453  8100671.072500697  0.90367209648193  0.24424144302816556  0.35174260411197367  5445658.762583969  -0.4125299450107267  0.27618283845083413  0.8680680181959751  -1932234.3878770117  0.0  0.0  0.0  1.0
34562489692293;5.069828729190322;0.29151581905492385;0.7256406181096734  0.6414078141884735  -0.24908173206274198  -4967770.492095146  -0.6804088446346214  0.6150087357158687  -0.39850728868635377  3575579.2097294526  -0.10241824784866352  0.4586504888159764  0.882694868919309  -3618185.457777645  0.0  0.0  0.0  1.0
34562489692324;3.2273635158321206;1.9217959060602035;-0.006680890606785075  0.9565864033893162  0.2913723023065048  -6989173.83345311  0.4242963066432082  0.2665607707529582  -0.8654004851307409  5603050.6120583685  -0.9054987630414706  0.1178465457545611  -0.4076569412926579  -311795.6441142493  0.0  0.0  0.0  1.0
34562489692355;1.3752959580528585;1.7403223629660582;0.599550282319948  0.36529038462259555  -0.7121112229647465  -2657648.1552660903  0.76987298993808  -0.5063814173768528  0.38842430343531625  11579154.164075172  -0.2187122272162019  -0.7811150971769052  -0.5848283223548966  6438528.561723574  0.0  0.0  0.0  1.0
34562489692386;5.158940174423677;0.9113377182795128;0.7388203908513536  0.6697873963524735  -0.0743590865303441  -5205363.383703834  -0.2508136024772438  0.17088163053430114  -0.952833671297528  6847089.625685458  -0.6254893819039933  0.7226232158139622  0.29424262283368646  -5374445.581275666  0.0  0.0  0.0  1.0
34562489692417;4.03283871174125;0.04115393338972627;-0.6770583047685165  0.33925323510024075  0.6530691344857784  -1551393.927192003  0.06970438513524706  0.9129801207552434  -0.40200571861437406  651212.6262228789  -0.7326208778330713  -0.22665952788215804  -0.6417882110037058  2338546.7138736113  0.0  0.0  0.0  1.0
34562489692448;4.000054921873328;0.06130802943760993;-0.9796540374304427  -0.024151371153117676  -0.1992352333741669  1584929.7429662864  -0.2000911139049422  0.1944091828512382  0.9602961083745958  6622021.368762176  0.015540691185198097  0.9806231594728618  -0.19528621565012758  -7900613.741386679  0.0  0.0  0.0  1.0
34562489692479;2.0170795377863655;1.6878029474772713;-0.06993457799398484  0.49832559108434205  -0.8641647759954378  -3257664.788763035  -0.9331078865559677  0.27363662683408174  0.233308097806146  6499424.963889001  0.3527305300762323  0.8226752711278656  0.44585487709212424  -6866593.6404114645  0.0  0.0  0.0  1.0
34562489692510;1.1740247611060295;1.141201746051797;0.752970172462773  -0.1389772432729813  -0.6432116644104209  1291760.534096858  0.6485540373476837  -0.008765614696728218  0.761118141052365  7660456.476594282  -0.11141624666717687  -0.9902567797552462  0.08353400581420556  8045590.43487942  0.0  0.0  0.0  1.0
34562489692541;3.354655951863199;2.2365565133743317;0.5063026815056002  0.4457965962598267  -0.7381889930521802  -3239904.0713334177  0.7323073909099854  -0.6743080589844918  0.09505012786512618  12956671.755550496  -0.4553937635923975  -0.588705390116075  -0.6678641207082702  5056677.948082565  0.0  0.0  0.0  1.0
34562489692572;1.8393631220032445;1.9790895791381198;0.6343839105901666  0.14390610425423106  -0.7595051593917566  -900854.7700198273  -0.22483522348034524  0.9743916285059325  -0.0031743629438694063  363991.3950057307  0.7395986589136505  0.1727772770242858  0.6504935328481004  -1909666.9022111262  0.0  0.0  0.0  1.0
34562489692603;2.6663199487245373;0.03703955010493608;-0.9626065029929918  0.24623900314175334  0.11293836251406492  -602687.3937944572  -0.2313871624308596  -0.9641449011812742  0.12994071951603628  15965510.522683246  0.14088541960684897  0.09894929437800766  0.9850686959214041  -895079.1611711346  0.0  0.0  0.0  1.0
34562489692634;2.141177615887272;0.10137191033384069;-0.7887772153735938  -0.06221327989268145  -0.6115226997524094  1757285.983106254  0.5558310158833484  0.35259444737513473  -0.7528140789479892  4818478.943016529  0.26245454137729346  -0.9337058763257402  -0.24353839579256548  7328140.225196838  0.0  0.0  0.0  1.0
34562489692665;3.9424089616480122;1.36624726829455;-0.0964543252450909  0.994639869781629  0.03725711451922431  -7232312.125123502  -0.993212033654061  -0.0986257760841171  0.06166694816975058  9537002.20270627  0.0650109171315045  -0.03105617060408373  0.9974011705031887  204189.2347399421  0.0  0.0  0.0  1.0
34562489692696;1.8711162461125304;0.04318175417822601;-0.7485863491278639  -0.5133975876523714  -0.4195728719687943  5359127.334722188  0.5000760054545742  -0.8526885956693169  0.1511494213819107  14554906.572095048  -0.4353647512925378  -0.0966699322861844  0.8950488576182711  1083646.7311814986  0.0  0.0  0.0  1.0
34562489692727;3.310271605615024;2.5414080909981145;0.0035334327160360113  -0.8521526364113389  0.5232813766134294  7555926.996903426  -0.9732549932627567  -0.12312992646951068  -0.1939426185672574  9719896.59177701  0.22970031114988299  -0.5086009294769499  -0.8297968797198688  3930900.6598065803  0.0  0.0  0.0  1.0
34562489692758;4.511424934062755;1.1106164031553913;-0.030312165595076657  -0.016619136587634253  0.9994023098412465  857283.2855095954  -0.4389783127439884  -0.8980534970083367  -0.028248140674011046  15579625.218553418  0.8979861989793483  -0.4395722020444186  0.019926505776052622  2906051.1540677347  0.0  0.0  0.0  1.0
34562489692789;1.931706743686756;21485899.29036472;-0.9961520176740503  0.0021858376150612814  0.08761495190798962  1384717.204147517  -0.013286249529647392  -0.991901339007386  -0.1263139313329722  -46736530.28571428  0.08662928637218874  -0.12699195167125935  0.9881135617697854  960893.4545773128  0.0  0.0  0.0  1.0
34562489692820;4.539455050249923;0.5476901675587138;-0.27027937638301003  0.914826340991287  0.30006969945415235  -6468221.692062966  -0.3918503459631565  0.18016393009677295  -0.9022163070243416  6871564.501705273  -0.8794329792943665  -0.361432876369291  0.3097804235403764  3525834.707737871  0.0  0.0  0.0  1.0
34562489692851;3.0455147307974437;2.5176807364520872;0.34045159959156396  0.15324916555144757  -0.9276892807364598  -769508.3379348682  -0.9383908693228855  -0.006835269882511784  -0.34550811199893977  8759900.641033221  -0.059289836456040565  0.9881639400137096  0.14148053911968855  -7908626.073767431  0.0  0.0  0.0  1.0
34562489692882;3.605304913385411;0.08436912971948289;0.22424212974861688  0.8293169949679357  0.5118093288551483  -6127471.968822384  -0.8670090771636726  -0.07003272784477635  0.49334640684453857  9218173.949911218  0.4449839630386714  -0.5543723828691077  0.703321074439282  4147723.466005293  0.0  0.0  0.0  1.0
34562489692913;4.484860766274024;1.2165772505551677;-0.3786228495653727  0.7769621803591941  -0.5029657126270987  -5282635.984299472  -0.20025157643045888  0.4617840779638495  0.8640918767562826  4470805.025978171  0.9036282664481637  0.42788460550780005  -0.019254102038815696  -4077198.862324945  0.0  0.0  0.0  1.0
34562489692944;1.7079159739228686;0.057614565705292886;0.737097037168382  0.6283022306868984  -0.24884586536943143  -4870396.686751259  -0.64094386141712  0.5332580505370591  -0.552111237024866  4205643.7106981445  -0.21419366075891583  0.5664557868459671  0.7957693869705038  -4407023.675947805  0.0  0.0  0.0  1.0
34562489692975;1.881460468963167;0.049442324015801016;0.3391705869719563  0.006453942791335914  0.9407027477134028  412199.5908607635  -0.9318039093792763  0.13969247630421433  0.3350037112174962  7576384.809013613  -0.12924700150718066  -0.9901739032545966  0.05339338830754334  8057607.218077367  0.0  0.0  0.0  1.0
34562489693006;1.115739312366094;0.029463625643083084;0.6900990148347701  -0.5629150771974469  -0.45485158633104905  4746735.644436618  0.2035720732417599  0.7541052806825401  -0.6244066276416032  1835474.2945813  0.6944938881805447  0.33830731814505666  0.6350011006048483  -3209652.0589716393  0.0  0.0  0.0  1.0
34562489693037;3.6096861314976527;0.11585717355968747;-0.33524261820930795  0.685580703753146  0.646213188953545  -4578019.156130624  -0.8969430149854019  -0.022373564291444943  -0.4415797226886611  8855786.36700813  -0.28828044471497927  -0.7276527484056101  0.6224273957118983  6056977.769875567  0.0  0.0  0.0  1.0
34562489693068;5.981505073479419;0.016462936307200114;-0.5654875044107256  -0.7814239292536552  -0.26381911444227896  7386941.2695321515  0.6827027654649415  -0.6229708549074361  0.38186941218487247  12578402.485284258  -0.46275351579631563  0.03583234189495854  0.8857625115641728  36802.34661897533  0.0  0.0  0.0  1.0
34562489693099;4.279282882274275;2.0734938230924027;0.1288530981854774  0.9869205104255574  -0.0968751009772944  -7328567.40629897  0.7868203917122777  -0.04228829611138152  0.6157315739814988  7833212.504044083  0.6035814363230048  -0.15556222585625784  -0.7819781605728544  827891.9132357753  0.0  0.0  0.0  1.0
