# registration_from_features.py TEASER TEASER_config.json euclidean True --use_random_keypoints=True --n_keypoints=5000 --input_txt=/neural_comparison/point_clouds_registration_benchmark//eth/wood_summer_global.txt --input_pcd_dir=/neural_comparison/point_clouds_registration_benchmark//eth/wood_summer/ --input_features_dir=/neural_comparison/features/3DSmoothNet/eth/wood_summer/ --output_dir=/root/neural_registration_comparison/results/3DSmoothNet/TEASER_mutual_on/
id;initial_error;final_error;transformation
2318808360030;4.969564550018172;0.017331460021179263;0.4404440511001312  0.038070924455838095  0.8969724870705806  -4.941944906049424  0.6890067691978097  -0.6548588469226472  -0.31053109764842723  7.808686907575397  0.5755681626446175  0.7547916900166683  -0.3146598080970623  -10.601532213876872  0.0  0.0  0.0  1.0
2318808360061;1.6724101210514537;0.013380555582907424;0.20626609913698207  -0.9460843452667418  0.24975729816766729  0.3759475058845709  0.949491962635194  0.2552074792879088  0.1825764371617523  -4.837535338505734  -0.23647263951243974  0.1994832177319988  0.9509401330290502  -1.2859024855563623  0.0  0.0  0.0  1.0
2318808360092;1.584883217651029;0.015204232636919217;0.27769057492418275  0.09907778900143788  -0.955547767683471  4.704033225515634  -0.9006926284524246  0.37280242873102654  -0.22309446022640583  5.261818117061746  0.3341268227032071  0.9226060594093425  0.19276235496441002  -3.7813000318208916  0.0  0.0  0.0  1.0
2318808360123;2.8011658140671436;0.007642746190019001;0.7846765409626708  -0.04860804327032551  -0.617996750956093  -2.498905106093019  -0.5313257141718335  -0.5662873376261371  -0.6300885943294738  -3.3018521587388587  -0.3193363611032232  0.8227733037561022  -0.47017909258453866  1.3242990652299589  0.0  0.0  0.0  1.0
2318808360154;5.158117208596515;0.0055474306940772634;0.6394200159967514  -0.7688406964468995  -0.0051016301082066244  -7.034992507054052  0.7686935707612714  0.6391324459802925  0.024898007260316768  -5.821866972702514  -0.01588198391261709  -0.019841874465259538  0.9996769791311114  3.106614079407088  0.0  0.0  0.0  1.0
2318808360185;2.9373278081057164;0.019746033394726133;0.6552722290464655  -0.14973722377516904  -0.7404033155359192  1.777471823499508  -0.31777784949031074  0.8345651736302357  -0.45002023214167713  -0.8563417508773308  0.6852996017901878  0.5301695339979848  0.49928420864931233  -10.052983883576342  0.0  0.0  0.0  1.0
2318808360216;2.8192109211834575;0.026452136732014363;0.6906080097793402  0.7052608230669243  0.16021157347577725  -2.0093820464359853  0.4363947200496437  -0.5830091022735369  0.6853174702128924  -3.6373989093802472  0.5767323687304302  -0.403370249415063  -0.7104028552486387  -1.5223850373694372  0.0  0.0  0.0  1.0
2318808360247;5.338906233558544;0.02174634886816295;-0.3451254918553228  0.9384733568396649  -0.01249613435082423  -2.1785804348268645  -0.8957313690028255  -0.3253727206108283  0.3029816946065102  4.693824335895928  0.2802743467674955  0.11575988590353799  0.9529144449317867  -4.188940467434207  0.0  0.0  0.0  1.0
2318808360278;3.9358878406157967;0.008311409967907453;-0.020655949600081634  -0.9237453627335982  -0.38244978307523136  0.6208436922053758  0.5064691988124671  0.3201485093736003  -0.8006209356493985  4.866962878777776  0.8620106045753588  -0.2102366209156586  0.4612356022962551  -1.5802238688160304  0.0  0.0  0.0  1.0
2318808360309;2.1234453820707166;0.011937467779987436;-0.2737920682174835  -0.3247978246849716  -0.9052868476130113  4.976901159295363  -0.9261658162707116  -0.1647625476818809  0.33921996352364453  1.3113685263639068  -0.2593352736378133  0.9313214675724406  -0.25570596372770404  7.660697269848185  0.0  0.0  0.0  1.0
2318808360340;2.3866042493559383;0.011511009339443304;0.3793056198192961  -0.9185133956663808  0.11162611143865199  14.707958175819332  -0.8833968569899495  -0.3953770035692854  -0.2515691119928113  22.565323820950077  0.27520399676199864  -0.003188578051091741  -0.9613805662359909  -3.2896608778932888  0.0  0.0  0.0  1.0
2318808360371;4.044074629937958;0.006012072281705007;-0.8230040049260982  -0.004629999800667112  -0.5680166995586031  0.4634106154191965  -0.4839381254739933  -0.5178900416699594  0.7054032856825982  4.516949949173016  -0.297436209275738  0.8554346660271217  0.42398494498124045  4.986222446564912  0.0  0.0  0.0  1.0
2318808360402;4.2662430875772905;0.01704752716592573;0.7277625411276366  -0.6798226766307269  -0.09056937710993111  3.0449227668386603  0.6340999964477118  0.717291902160394  -0.28880706639578113  4.543615786714102  0.2613022736917122  0.15275292283213276  0.9530937342831413  -4.277485437917317  0.0  0.0  0.0  1.0
2318808360433;3.0557917853126377;0.00862796127882607;-0.6233805205310846  -0.5481843635249528  -0.5575756721819349  19.05517881942528  0.7214653973449752  -0.6781801092018416  -0.13985499603816542  5.550948026736345  -0.30147040825966837  -0.48945443410977585  0.8182603191369041  3.0758827311013945  0.0  0.0  0.0  1.0
2318808360464;1.0653308809730693;0.010683335789501511;0.78745632194537  -0.45716160205756284  -0.4134196543857486  2.522373806348259  0.6102774800763483  0.6723590829074141  0.4189208289683894  -3.5164425759665185  0.08645194237223094  -0.582182560058323  0.8084488409441909  3.130435439330986  0.0  0.0  0.0  1.0
2318808360495;1.7172042102086578;0.013358328817845164;0.09995802075334452  0.9942060987289284  -0.03953008142261892  -5.095675472164364  -0.994313461538122  0.09834440847081406  -0.04085483480084313  24.145572698551014  -0.03673056344725047  0.04338906051910516  0.9983828199323733  1.1802081306378165  0.0  0.0  0.0  1.0
2318808360526;3.6807220373796983;0.01004743167691473;0.4706196419472554  -0.712174252841694  -0.5208886504837777  3.035810699716734  0.7527456597204347  0.6320556826119469  -0.18406408082511067  -4.825733980861442  0.4603163307829567  -0.3054724990360341  0.8335438968327916  4.848804838073148  0.0  0.0  0.0  1.0
2318808360557;2.560279020018075;0.006768902576658499;0.8661189485808788  0.4998320709436711  0.0024223470670323988  -0.5636191941475602  -0.36685982290994895  0.6323955029542488  0.6822681277750872  -3.841273358092421  0.33948760985289755  -0.5918140152948417  0.731098033137119  -0.8792663417191299  0.0  0.0  0.0  1.0
2318808360588;3.9226564362176193;0.01214274042177311;-0.3580106856316845  0.8202317436386609  -0.4461482216719175  -4.083923638496677  -0.9297253818702829  -0.3572902307050366  0.08918747304918867  25.068388712988583  -0.08625000451993904  0.4467253941407682  0.890503991540794  -0.9885825833356873  0.0  0.0  0.0  1.0
2318808360619;3.5577362196516864;0.01269690507027433;-0.9065206252956153  0.4120114092449664  -0.09201605602080636  6.035124731411844  -0.07087057625902479  -0.3633944364687681  -0.9289358669812791  17.687026754877678  -0.41617029847691084  -0.8355782920801164  0.35862403777509905  14.329064269183855  0.0  0.0  0.0  1.0
2318808360650;2.026557361496415;0.0073989913064339925;-0.35591323087693993  0.9344556108405009  0.01088501058547979  -1.7276468188278071  -0.8695659571378931  -0.33541986979580246  0.36242041489550075  23.521963421844475  0.34231683901555043  0.11952498615299989  0.9319511572027406  -3.561219536826865  0.0  0.0  0.0  1.0
2318808360681;3.2402694513344694;0.011069019718394493;0.14672604788296065  0.9885698442769327  0.03465732042336464  6.177193777813489  -0.9603902114031925  0.15075957643097895  -0.23435484197106463  8.611964306570535  -0.23690105258013974  0.0011014084765867162  0.9715331585621713  1.8793459141755022  0.0  0.0  0.0  1.0
2318808360712;4.183482302346372;0.013540218606265822;0.7428206363268989  0.6017231800896344  0.29350760942387344  -6.040702408789263  0.659403810373639  -0.7333860912754285  -0.1653222791654952  10.135623849517376  0.11577615087584144  0.3163448366364864  -0.9415528807357594  -3.4537019042731285  0.0  0.0  0.0  1.0
2318808360743;4.6928323050556155;0.010304462522036094;0.09235376435419139  -0.8167971176885646  0.5694850750856109  1.802141424675394  0.8413585404811819  -0.24186264116468756  -0.4833407381632724  -4.673280190658915  0.5325284861573006  0.5237794682349579  0.6648823054394807  6.142337434861163  0.0  0.0  0.0  1.0
2318808360774;2.6368253275423768;0.009545889257413908;-0.9925842951772725  -0.09573199676944405  -0.07491196007295994  10.341101253322494  -0.09157259868816478  0.18358543857814186  0.9787291994783682  -5.45904856862395  -0.07994295551788108  0.9783311154903568  -0.19099045087768035  2.3539556511944473  0.0  0.0  0.0  1.0
2318808360805;3.822501238380734;0.011997329583322365;0.47419684687220404  -0.5381386897275267  -0.6968099461365351  9.538564144108838  0.645796956572855  -0.3253292643401315  0.6907294409862277  -9.83562485205263  -0.5984009034900408  -0.7775394654821385  0.1932582166947964  3.9397346252584247  0.0  0.0  0.0  1.0
2318808360836;3.8885550361159975;0.005652967604095616;-0.384815744666957  0.9092082832227785  -0.15892495202296927  2.637146046601743  -0.904249855831122  -0.3368467097330685  0.2624242602569368  15.339432865625104  0.18506496396079425  0.24469285208418654  0.951775376469205  3.725142628423553  0.0  0.0  0.0  1.0
2318808360867;3.4260014484993295;0.009997583232475607;0.3920565425697327  0.6527840491848943  0.6482010895995477  0.689706305725757  -0.7633828284183728  0.6240539338400851  -0.16674335049614747  6.647573791196727  -0.5133598393955584  -0.42945275967036095  0.7429885614915474  0.08579514846362427  0.0  0.0  0.0  1.0
2318808360898;3.99662055613861;0.010201387959764547;-0.6902251671872557  0.7123522350411003  0.12705712027774707  3.3960361481929473  -0.47813518472049804  -0.5807950407776918  0.6588352341369843  30.942545980155955  0.5431168969141178  0.3939941799569996  0.7414800216097475  -9.330311127808258  0.0  0.0  0.0  1.0
2318808360929;3.423510523147215;0.008897388578192614;0.23252126015751431  0.07108951083182967  -0.9699897654225293  -0.6075825358546773  -0.3891608445265932  0.9208083719479123  -0.02580269826945341  -2.714284996971979  0.8913403955067395  0.38348171221106064  0.24177277708121478  -1.8762720638374037  0.0  0.0  0.0  1.0
2318808360960;3.2303591939848126;0.009928248499435962;0.45203650287516073  -0.8837988051611531  -0.12067589678188925  6.225855640550416  0.7737636226596147  0.45582235621815775  -0.43990434848998416  3.0785648254759246  0.44379370919050315  0.10547820422933599  0.8898997090209044  -6.770995974125765  0.0  0.0  0.0  1.0
2318808360991;1.4400202981915988;0.007007135435874734;-0.28783829800116284  -0.16969085240494944  -0.942525399559012  6.396632066711404  0.8926336499974449  -0.4040579229959889  -0.19985585244472084  -3.103005139698824  -0.34692114535731666  -0.8988560560369215  0.2677751098024582  3.5080819652019986  0.0  0.0  0.0  1.0
2318808361022;4.853359975936401;0.01779862299242978;-0.06485840602511109  0.610860738778073  -0.7890770209475043  -4.314894143094682  0.9978862397519245  0.042915619194219885  -0.04879858750970272  1.960478526427091  0.004054587728389171  -0.7905740999101116  -0.6123529642858514  2.929880976676113  0.0  0.0  0.0  1.0
2318808361053;1.3356595994763014;0.02139576080762606;0.17056348027998527  0.9459816126645271  -0.27572973669047685  -0.8478125031537779  0.2910691086377558  0.21897139619232053  0.9313056972049557  2.9149457003395907  0.94137499074046  -0.23910314960327556  -0.23799750136964112  -4.368037726301644  0.0  0.0  0.0  1.0
2318808361084;4.199949712177371;0.007197252953233223;0.2910535082063945  0.8941495430104939  0.3402711420248201  -3.1439987397444162  -0.9240192595949264  0.35490467510736096  -0.14223599925681019  0.8163528778025457  -0.24794407284384723  -0.27301880213835744  0.9295076494685459  4.6197736151494375  0.0  0.0  0.0  1.0
2318808361115;2.9319105454862306;0.00828795392195645;-0.3573902669808636  -0.8579951995631373  -0.36893960832900563  21.678163361799214  0.06380118657141272  0.37167774147229854  -0.9261668667611318  6.495925836381266  0.9317733660388818  -0.3545418085651735  -0.0780928954509249  -6.3563695517451055  0.0  0.0  0.0  1.0
2318808361146;2.1018359827685917;0.013367732331058016;-0.06245743620861547  -0.20721856425320231  -0.9762988964917914  11.787300065828806  -0.9352177022634286  0.35374454947230755  -0.015252642123504244  9.853853701131086  0.3485210438916999  0.9120993697769321  -0.21588844716001848  -5.997168323477562  0.0  0.0  0.0  1.0
2318808361177;2.9797821204083887;0.012110055916807862;0.5373085730694535  0.18626965416857552  -0.8225588813221748  1.309664142760849  -0.725260472161529  0.5998412243992848  -0.33791678418096227  17.58014570777567  0.4304610839856543  0.7781350277728705  0.4573938496818792  -11.881840902561192  0.0  0.0  0.0  1.0
2318808361208;2.047594508282059;0.011447998975640958;-0.08998402993854202  0.9468458998078729  -0.30884578088916576  -0.35349292238427327  -0.8347075549928891  0.09746469209658432  0.5419999367456707  18.587317521609332  0.5432919767434565  0.3065672451706754  0.7815691602121023  -9.837779570534163  0.0  0.0  0.0  1.0
2318808361239;2.8811770696532393;0.004796567589677532;0.9076919539301518  -0.4161419965035452  0.054047715183043875  7.156946650953244  -0.026006849859646936  -0.1843340589237296  -0.9825195155726332  5.19176246974905  0.4188304675293356  0.890419448050607  -0.17814108454371722  -7.288892282846046  0.0  0.0  0.0  1.0
2318808361270;2.4139519301703216;0.0017929769855897784;0.5281178992265867  0.48170500048958953  -0.6993223698837477  2.981558378876562  0.712582606443409  -0.6993149995109077  0.05643190988596544  -2.2182582061120315  -0.46186308957397215  -0.5281276587742625  -0.712575373225037  5.692501530221053  0.0  0.0  0.0  1.0
2318808361301;3.633939948710988;0.010682786564030516;0.6854533092422764  0.6597228259017022  0.3080901715944284  -11.383589324408188  -0.4076580486432221  0.6983199597689681  -0.588357161224937  5.646517368704404  -0.6032981652758544  0.2776959250196841  0.7476070471860529  -2.151991470449295  0.0  0.0  0.0  1.0
2318808361332;6.355512347551134;0.013126288419694054;0.3301568501925853  -0.5508269915161702  -0.7665416359782127  -5.167381251076428  0.9342091239600663  0.3069013706610001  0.18183745872664434  -2.3753984187474932  0.13509169841509536  -0.7761450728463355  0.6159131910551034  7.075968715058985  0.0  0.0  0.0  1.0
2318808361363;3.0049062450558113;0.005181131922585956;-0.9925144236598907  0.11207271963051034  0.04852653234773736  9.804290544614439  0.08119940794453191  0.3087702556949108  0.9476642788179562  -4.888000039075491  0.09122376322281635  0.9445107912103075  -0.31555917085508234  4.094708385102658  0.0  0.0  0.0  1.0
2318808361394;4.888364505047668;0.006886206457381715;-0.3005092736704292  -0.8689902679522808  0.3931285930103475  14.777493092790191  -0.7563054003288068  0.46823956384127385  0.4568958877985428  2.2544390720768326  -0.5811164408890491  -0.16002382653204522  -0.7979323637191855  -0.09249602710447322  0.0  0.0  0.0  1.0
2318808361425;1.9513800093892786;0.007870971572953625;0.38043223179403063  -0.008094968311469214  -0.9247733714268859  7.947281800700042  0.600999962613422  0.7621854088203457  0.24056692939809338  -4.479703285481918  0.7029013884969049  -0.6473081755002001  0.29482497177091943  -3.8393663651917525  0.0  0.0  0.0  1.0
2318808361456;2.9799420916800283;0.0061772403424935896;-0.9297168900450258  0.30583689232444  -0.20515920563877754  11.563237632197207  -0.3332367538559041  -0.4614760433947684  0.8221880121068963  11.391042472821248  0.15677936804498555  0.8327686693590479  0.5309581651028416  -0.7400633892763377  0.0  0.0  0.0  1.0
2318808361487;3.3327799764990607;0.007322964353565168;-0.8063851779378384  0.061221424740019154  -0.5882132963092246  12.024885720056005  -0.2479581682139696  -0.9379799761973225  0.24230210702518257  15.381430898163208  -0.5368982134614844  0.341241119160151  0.7715535023419909  -0.0704615233722716  0.0  0.0  0.0  1.0
2318808361518;4.4213036334582645;0.007698244536153205;-0.9101874647785554  -0.331199457766574  0.24872816112196341  9.260587694514586  0.2634889709393855  0.0003452092813204886  0.9646623466394121  -0.6626028203891146  -0.31958150940454894  0.9435607028727295  0.08695319914201384  -3.548275264396372  0.0  0.0  0.0  1.0
2318808361549;2.6879622013693756;0.009671173259528317;-0.8028099960569675  -0.0959483355999465  0.5884641256071705  2.9814378787544644  0.5530652520922967  0.24887824885101645  0.7950964999149064  -6.07061600599979  -0.22274410690093546  0.9637704779377974  -0.14673625556232883  3.5294264109960505  0.0  0.0  0.0  1.0
2318808361580;1.329810775815828;0.005106557821254613;0.4219913639446411  -0.8453772865794836  -0.3275065374792549  6.598970039755743  0.5455880125826852  0.525313217030203  -0.6529775988037065  1.1624734712069122  0.7240559434755147  0.09686726665332947  0.6829053546201668  -4.927051842207689  0.0  0.0  0.0  1.0
2318808361611;3.0580385862811856;0.01281594191335091;-0.7538867829321146  0.6562208730930726  -0.03207622542057784  7.707541776489854  -0.3804941231922716  -0.4758826612308588  -0.7929438283737252  27.5826357635879  -0.5356108108845552  -0.5855850565518224  0.6084498342565213  10.027650170930759  0.0  0.0  0.0  1.0
2318808361642;5.3800009482235644;0.008967028590302871;-0.016874636344107064  0.9846326345255707  0.17382123482327394  4.380401531706737  -0.8786719175138372  -0.09756213214389656  0.4673513579140354  7.387288437457876  0.4771277690732432  -0.14484545349706515  0.8668153705261687  4.894602245827255  0.0  0.0  0.0  1.0
2318808361673;3.504208192072817;0.011261703565675824;0.5206810479591414  -0.7753935838757644  -0.35728984925473034  4.202393827018639  -0.32610349391701043  -0.567391102445582  0.7561242279683308  13.048488296014291  -0.7890169564409174  -0.277186087222798  -0.5482883506867776  3.489182733122856  0.0  0.0  0.0  1.0
2318808361704;2.519718137010217;0.00531086242139541;0.734801028882849  0.5652742876009972  -0.37487654998664727  -2.168555676080604  0.04120310051251156  0.5144646033819391  0.8565211476520705  0.6245844764682599  0.677030097160283  -0.6448186967235436  0.3547380665996933  3.7105580718137134  0.0  0.0  0.0  1.0
2318808361735;5.251465982301738;0.013996063498553268;-0.5993331917299004  0.39264470351928865  0.6975886051886889  1.332238246255419  0.48874994478544426  0.8696449141251643  -0.06957883879787752  -0.8921230854543559  -0.6339741451850195  0.2992454847353344  -0.7131121392196595  10.911190193021495  0.0  0.0  0.0  1.0
2318808361766;5.291135375928377;0.013925052475798222;-0.9181212879521783  -0.20438264313579366  -0.33953061098207526  23.245247426224726  0.2168131065512153  -0.9762121903164178  0.0013551034035087298  10.582115954245122  -0.3317308810416145  -0.07237053725411814  0.9405940292713458  5.109777899355108  0.0  0.0  0.0  1.0
2318808361797;3.384830345230238;0.015247696472838863;-0.626514965233517  0.7784065166697891  -0.03952585412676936  6.845018418285284  -0.7725167592872648  -0.6134460002463515  0.1640178691547193  17.177721800701274  0.10342560107993894  0.13329403432921758  0.9856651791828172  -6.951044230367188  0.0  0.0  0.0  1.0
2318808361828;1.4149627962549474;0.005309593025767361;0.4944954425876586  0.442883387617366  -0.7478827195707901  3.57200941315868  0.12392101182787858  0.8157327451664849  0.564998824149843  -2.7310064740015503  0.8603010171373685  -0.3720677269472813  0.3484935673390443  -3.30331894340092  0.0  0.0  0.0  1.0
2318808361859;2.242344127922003;0.018632133958213955;0.4348809714257003  0.48719035628527735  0.7573137377827395  4.192897252265133  0.5599816230173092  0.5122964447333861  -0.6511320408307615  -3.8460676858397496  -0.7051943863749476  0.7072467104597641  -0.050029670887423355  4.118605852016776  0.0  0.0  0.0  1.0
2318808361890;3.1043376176245805;0.010574336539740303;0.7141375324267333  0.4363964209396406  0.5473259984419968  1.2630820113975556  -0.6959352992584016  0.5268118644620443  0.48799930195456576  -4.36856546984834  -0.07537668091376282  -0.7294020998414361  0.6799197987419751  -2.1114389571207837  0.0  0.0  0.0  1.0
2318808361921;2.582712583147148;0.013203427153329448;0.6841290012675306  0.7038029430622579  0.19138685159016244  -10.084897418998173  -0.5869067452763549  0.37542932598796486  0.7173515829335971  10.628374350642721  0.43302191858358163  -0.6030872561455152  0.6699087844632784  6.634974200345184  0.0  0.0  0.0  1.0
2318808361952;1.429597864979908;0.004901137661343862;0.7420399041829249  0.6294137336556155  -0.23068405338448197  -2.7146962308512785  -0.5165522774877811  0.7561977440175051  0.4016699099571973  3.705222432553957  0.4272593184734331  -0.17889472834193554  0.8862539991159889  -3.0635312544888857  0.0  0.0  0.0  1.0
2318808361983;3.430782124719056;0.00393217009954628;-0.6454747540755502  0.20141980214195843  -0.7367444639467621  4.182153617137993  0.7576350255418508  0.29097994039430464  -0.5842258487608428  -1.2470760606009565  0.09670320534143605  -0.9352864468136067  -0.340422902407389  3.622299916170486  0.0  0.0  0.0  1.0
2318808362014;3.6985124006147214;0.005078620117718614;0.459336315914927  0.1380968033239865  -0.8774619204235579  9.569972708734882  0.6533997916109319  0.6166562464514458  0.43909427921029043  -5.336236840607916  0.6017298905692595  -0.7750253845030562  0.1930201859169058  1.5682840349846403  0.0  0.0  0.0  1.0
2318808362045;2.2111434334810025;0.008321463782420931;0.1318238265102425  0.9911664132674034  -0.014547163807044239  -3.855789570958912  -0.9910271729818774  0.13145000827973338  -0.024208216266523752  17.435628668158554  -0.022082146085609246  0.017607854323839912  0.9996010915812196  3.436281912062056  0.0  0.0  0.0  1.0
2318808362076;1.35138127439203;0.014372377367872124;0.9183508113556424  0.009496079908170536  -0.3956533985053222  0.5658185035840767  -0.3762021045548235  -0.28949426753869334  -0.8801505812023062  1.4740537960423148  -0.1228973710498128  0.957132641554248  -0.26228485023049175  2.0596657989610865  0.0  0.0  0.0  1.0
2318808362107;2.3703459450599085;0.010353080714213035;-0.7987402561400918  0.5677508910206719  0.19918064405582778  9.396346135266965  -0.4217711648566493  -0.2922526555981663  -0.8583108235314791  5.6239056833404755  -0.42909566266361504  -0.7695760592956706  0.47289491564429054  8.75854193745587  0.0  0.0  0.0  1.0
2318808362138;3.4849647346435484;0.006114616710082094;0.6737473391631217  0.5514477338652486  -0.4919043807341982  0.30208073075722275  -0.7376911520597124  0.46289722563679975  -0.49146507777314885  4.751045664629205  -0.04331613029146268  0.6939967977682862  0.7186738881745581  -7.229725028828834  0.0  0.0  0.0  1.0
2318808362169;3.48714335094723;0.011215470029758088;0.464213109447175  -0.6279622435998611  -0.6246355814636346  3.5910268762726387  0.008046509705155072  -0.7022073130150105  0.7119270631390575  -3.523915185939252  -0.8856869891214104  -0.3355120119478094  -0.32092093596364657  3.728686023568837  0.0  0.0  0.0  1.0
2318808362200;1.6972551672156184;0.008621431133514917;0.6861097013027018  -0.10992969369384421  0.7191445892327185  -0.09993558435574516  0.7084990797193442  0.3254052864442519  -0.6262111892891862  -0.17736667957353083  -0.16517424682788834  0.93916285169214  0.30114881070050364  -0.8342913462439169  0.0  0.0  0.0  1.0
2318808362231;2.3843011935207;0.008251426623152647;-0.2207698827053383  -0.9751213079180429  -0.019977330514325955  9.506915215777457  -0.970805547596394  0.2216703225658762  -0.09164527729024817  11.55090526906899  0.09379364395489417  -0.0008384138283919589  -0.9955913064184096  -1.2278678994579262  0.0  0.0  0.0  1.0
2318808362262;5.232306399155367;0.008449742437480796;0.7252167583452337  -0.6821566311479896  0.09339691641620798  11.937359159562352  0.18561762162717693  0.32432974723390984  0.9275539410733258  -2.6597335028193108  -0.6630284699443162  -0.6553415488430545  0.3618296593748023  18.741523218454336  0.0  0.0  0.0  1.0
2318808362293;3.4552109610591604;0.008403185412435035;0.607522446903324  0.7372345728671501  0.2956377193085963  -1.811445895464686  0.6785090529741359  -0.6751825145246119  0.28940289755350185  16.118050135025584  0.4129672402754711  0.024774112488893624  -0.9104088651862136  -4.296758195012894  0.0  0.0  0.0  1.0
2318808362324;3.901348001708932;0.012935280592330848;0.5368257512423018  0.8398217544674496  -0.08073124256663192  -4.66449212255375  -0.7639660200957551  0.443262047200742  -0.46890796287806746  18.145189782255123  -0.3580140122148715  0.3133977955165308  0.879549764836071  -5.049673607581876  0.0  0.0  0.0  1.0
2318808362355;2.04977221751585;0.014372381595164437;-0.4412919426073421  -0.6941639983568844  -0.5686807230555826  5.555543578570498  -0.8973342326973257  0.3464808427430389  0.2733903810333751  3.969527574314758  0.007259216165579098  0.6309416526092215  -0.7757963230019879  1.9295908765910144  0.0  0.0  0.0  1.0
2318808362386;3.0729207631497046;0.008377334376141164;0.878477068546625  0.35654363299438874  0.3180482318908423  -4.3904566344231695  -0.47774163571868794  0.6465812237657851  0.5947231713783916  -4.376301481890144  0.006400745156671121  -0.674395550730209  0.7383425164628791  -0.7249093088712453  0.0  0.0  0.0  1.0
2318808362417;1.4050409535936035;0.008621422418820301;0.15090951613805428  0.9351197194249876  -0.32058918927735525  0.5578601320279578  -0.8534557788313657  -0.04040391158067215  -0.5195967258445039  10.613740178798698  -0.4988382017431365  0.3520207867037327  0.7919859936956968  -0.10097151448557204  0.0  0.0  0.0  1.0
2318808362448;2.5537408364538483;0.004989561908070242;-0.025529882254853715  0.9875311795811959  -0.15533961010323472  1.9032466990421346  -0.9529243650746327  0.022923209006866205  0.30234033957766143  21.06322511529342  0.3021313945275489  0.155745612598876  0.9404572954669651  -4.136604620999223  0.0  0.0  0.0  1.0
2318808362479;3.2775968567417544;0.0034633352797944785;0.2856828879673984  0.9583216560700982  0.002211567243110747  2.2826404138352934  -0.9532764817646127  0.2844139194684061  -0.101846314253882  12.2871336616747  -0.09823052904819699  0.026987514144185723  0.9947976865892024  5.980788677517326  0.0  0.0  0.0  1.0
2318808362510;1.7896114733317854;0.005959052860953475;-0.9358236538706242  0.34983995024823517  0.04296624333760995  10.901572068893948  -0.3519500228712046  -0.9340879309332639  -0.06009092016081349  25.209590419560055  0.019112044819773535  -0.07135647479470199  0.9972677590535454  1.8277508343645925  0.0  0.0  0.0  1.0
2318808362541;4.507281674743628;0.034989088947603435;-0.41219632332043316  0.8416675882049792  -0.34884074017570293  4.986929986799046  -0.9079303295422347  -0.3475783397397917  0.23420464222781712  22.063288362989525  0.07587297106642618  0.41326138061636636  0.9074460444305259  -5.177066330922462  0.0  0.0  0.0  1.0
2318808362572;1.6524012560965744;0.003418580795676564;-0.1075317947912284  0.8230044744309108  0.5577638821003715  1.5249072311549159  -0.9330725987735791  -0.2772275888461592  0.22917327374819352  7.702690560846001  0.34323816589490275  -0.49579078152910877  0.7977337039538056  1.2332984396937936  0.0  0.0  0.0  1.0
2318808362603;2.7922284303351215;0.005992006241381518;0.9974301915061574  0.011205735564899434  0.07076329954460557  0.3022842889580106  -0.06402356897682127  -0.30388841753658885  0.9505539502324833  5.915745375966584  0.03215580332475359  -0.952641727606742  -0.3023900513161475  0.04506401860814885  0.0  0.0  0.0  1.0
2318808362634;4.154034979657225;0.018222913429730193;-0.8050613614286601  -0.14167359161202472  -0.5760249975256122  16.638222670738394  -0.18040015746822843  0.9835401226898333  0.010227914973524571  3.1015695400773695  0.5650946712897496  0.11214909941241837  -0.8173680884282872  3.584057835970058  0.0  0.0  0.0  1.0
2318808362665;2.2058351322628655;0.01524771379185275;-0.6582961338395916  0.13960282136608818  0.7397007857495318  11.486949071025482  0.7099829617938569  0.4416807890297095  0.548490906546787  1.2258085128610159  -0.2501407486481743  0.8862443979336182  -0.38987238039775207  -4.268807899833518  0.0  0.0  0.0  1.0
2318808362696;1.9478287065829136;0.010391989320321674;0.5003975496084949  0.8310765050397498  0.24272234161017836  -0.8516872403224072  -0.5341501986778073  0.5169724631014107  -0.6688968811762538  2.1611950257162054  -0.6813852490319056  0.20506417328674267  0.7026114340344547  0.7663347774195227  0.0  0.0  0.0  1.0
2318808362727;4.3430344902627;0.014364724309268198;-0.12262440456358321  0.9924252265176174  0.007444808720360326  1.098460890572027  -0.9740575468441154  -0.1217857172485399  0.19073577144909554  -4.943459150544345  0.1901976625551684  0.016137188284043123  0.9816131826299179  -3.790970626664097  0.0  0.0  0.0  1.0
2318808362758;1.6605101549061114;0.008377327464339729;-0.003194978485765637  -0.9751767413336005  0.22140486732331544  3.0774309323570157  0.995200620265044  -0.024755131061078177  -0.09467264076923995  -4.233593088094525  0.0978034638269433  0.2200397842394148  0.9705755899543955  2.3688098256310166  0.0  0.0  0.0  1.0
2318808362789;3.2529369529640206;0.009128186093080753;0.6275981740010159  -0.20616970586518657  -0.7507426885252052  -2.6461260716560204  0.3392232661029254  0.9403646296780843  0.02533651485233484  0.6491152407814255  0.7007482484637793  -0.2705705372612864  0.6601086854761755  2.9753381952656914  0.0  0.0  0.0  1.0
2318808362820;2.400344764826293;0.015247720340625897;-0.7128279998936295  0.4226828966595637  -0.5596565120135101  11.999630119956036  -0.5463672073737744  -0.8349990058785228  0.06526511233776862  17.594459319385596  -0.43972618443098244  0.35230076504793323  0.8261507451261  -1.0505328739827924  0.0  0.0  0.0  1.0
2318808362851;2.213741788563696;0.01569909801293909;0.6715965930408779  0.4108628840420934  0.6165628165341285  -4.177087625443293  -0.25847864998659686  0.9098045765139741  -0.32472206585837926  1.482199732690073  -0.6943679166817766  0.058713908666007904  0.7172209375165846  5.566302409576025  0.0  0.0  0.0  1.0
2318808362882;2.8118491113323465;0.009132510204126514;0.021300858805095017  -0.31883516775583504  -0.94757079377547  15.415230519256745  0.32528786793068604  0.8984266528059246  -0.2949870378593818  0.3361995810217584  0.9453750982500408  -0.30194980597783433  0.12285047121877123  -4.893692924596793  0.0  0.0  0.0  1.0
2318808362913;3.693761787700806;0.0052868487156905565;0.05273790582267494  -0.9251044938859693  0.3760324303586381  8.894778890091251  0.9912213603319782  0.002777659237652441  -0.13218358230424204  -6.214602509709135  0.12123913605375755  0.3797024624638938  0.9171298228101589  6.752893114012305  0.0  0.0  0.0  1.0
2318808362944;2.216755272952035;0.008319764459003766;-0.4972857947200576  -0.8485802205354532  0.1806057797680968  12.661798032002128  -0.24816976017987258  -0.060341685991886065  -0.9668353795056948  3.6117165691065334  0.8313354368135082  -0.5256143931131058  -0.1805848865504437  -1.940444509067387  0.0  0.0  0.0  1.0
2318808362975;4.0877051608656085;0.008976524994639487;-0.7848690328939754  0.6039177481030116  -0.13879464950157194  5.476779815721114  -0.5506081993666091  -0.7824402041635986  -0.2908916253498675  25.953043064173  -0.2842731292161415  -0.1518903566215268  0.9466351501877842  -0.09281769572072975  0.0  0.0  0.0  1.0
2318808363006;1.8159881834797982;0.009171595842754872;-0.9492704846906105  0.2105792688538686  0.23354211274248776  10.981608373852614  0.08258191527666997  -0.5496687645925741  0.8312908495229037  7.90593847546032  0.30342342388894694  0.8084062226135104  0.5043942952445681  -4.276203862592398  0.0  0.0  0.0  1.0
2318808363037;2.514235334584633;0.009171595945644422;-0.615497592576664  -0.6971505010588515  0.36761922202970204  9.621534821261355  -0.5860385850031775  0.7167181937108393  0.37798651786981147  4.454174405611034  -0.5269928751129414  0.017210743077049666  -0.849695415959702  6.692022324181454  0.0  0.0  0.0  1.0
2318808363068;1.8909816795339536;0.0039574782251305;-0.2683631508298899  0.8993547577539083  -0.3451698697483068  5.074831229133747  0.39752373708592964  -0.22299253147994277  -0.8900838215344687  -0.030252209485015214  -0.8774714227425814  -0.3760789154015097  -0.29767188590885363  4.943033542379399  0.0  0.0  0.0  1.0
2318808363099;3.0749693121327226;0.004736894015133496;-0.49995121933821474  0.7933775008282105  0.34727643090456844  8.056748670187737  0.19598104764365532  -0.28694431566820383  0.9376856555745117  -5.26346481447013  0.8435876997957755  0.536856685611057  -0.012028793288729593  -9.07878916413047  0.0  0.0  0.0  1.0
