# registration_from_features.py FastGlobal FastGlobal_config.json euclidean False --input_txt=/neural_comparison/point_clouds_registration_benchmark//eth/gazebo_summer_global.txt --input_pcd_dir=/neural_comparison/point_clouds_registration_benchmark//eth/gazebo_summer/ --input_features_dir=/neural_comparison/experiments/3DFeatNet/feature_extraction_voxelgrid_0.1_npz//eth/gazebo_summer/ --output_dir=/root/neural_registration_comparison/results/3DFeatNet/FastGlobal/
id;initial_error;final_error;transformation
36535719080030;2.8719654907800902;0.9114209041380921;0.9093150098094637  0.3346334156454945  0.24731900466531948  -3.525562814662127  -0.18601145788390155  0.8585656602866348  -0.4777705982084695  4.927465951035594  -0.37221761171540435  0.38843980757641555  0.8429522913064987  5.4520400663989586  -0.0  -0.0  -0.0  1.0
36535719080061;2.8185456084080336;4.233225869609155;0.16748193162850694  -0.9614350213639868  0.21815705872791402  5.694663305716216  -0.8300809266506451  -0.018133465612758123  0.5573480354640875  12.657759306107568  -0.5318979768609676  -0.2744337390331248  -0.8011059012961463  1.5682158493028504  0.0  0.0  0.0  1.0
36535719080092;1.9001870719663094;1.4187074564088533;-0.2894643250813139  0.9345474992478158  0.20695742594763822  -6.154288250021244  -0.7536029971002833  -0.08919848859074045  -0.6512496851397311  6.83929025393261  -0.5901634750361036  -0.34447728703469066  0.7300975766639205  -1.2373665802289773  0.0  -0.0  -0.0  1.0
36535719080123;2.152334886682317;0.0480964525759605;-0.16115920167662467  0.9640934533387737  -0.2110723215968191  3.4752000462778234  -0.9861058310292354  -0.1660292836456892  -0.005437552964389042  -0.47609298938204386  -0.04028649556730286  0.2072633354006859  0.9774553228017582  -2.6070513542046823  -0.0  -0.0  -0.0  1.0
36535719080154;3.7084111945439853;1.3346800160533534;0.8375760030226381  0.41710319916496963  -0.3528333323354945  6.372643040362049  0.5462786326677473  -0.6474463576356874  0.5314065011598366  8.914105982782301  -0.006789304182247331  -0.6378386435695391  -0.7701400977212485  7.279056903471001  0.0  0.0  0.0  1.0
36535719080185;2.3222284832250804;2.770169547301626;0.9718557793743521  -0.1331443777991122  0.19434227218275735  -1.965205968802997  0.21901620754284842  0.8145088941405864  -0.5372217067463173  -3.547523588118278  -0.08676545931543103  0.5646661279254903  0.8207459528035556  -0.19499927388545601  -0.0  -0.0  -0.0  1.0
36535719080216;4.7404660091141455;3.9354540580376263;0.9470339136860014  -0.14186830642090761  -0.2880974660802058  0.06455975612205644  -0.3160933440636855  -0.5701295709463011  -0.7583121192300857  16.715337577239538  -0.056672428633402515  0.8092129855395603  -0.584775666274634  4.57498175348025  -0.0  -0.0  0.0  1.0
36535719080247;2.9917173628249674;3.148701065747698;1.0  0.0  0.0  -1.7245614498891229  0.0  1.0  0.0  6.278839595202727  0.0  0.0  1.0  -1.2172283348406436  0.0  0.0  0.0  1.0
36535719080278;1.8936058971638152;4.920150594971486;0.443273185478379  0.8352351318268858  0.32540921560087194  3.3843543244754524  -0.5280434350340149  0.5366595091976198  -0.6581540107795808  14.102291679143576  -0.7243473018886227  0.11991182489602725  0.6789271982302487  0.6620611354292466  -0.0  -0.0  -0.0  1.0
36535719080309;2.0474131250721026;1.4362585152901566;0.09054762834283434  -0.9899765279220044  -0.10838635137774641  5.8387820275016455  0.9149201432610901  0.039705505765654694  0.4016772389207553  3.094121288707532  -0.39334750343251884  -0.13553577747364706  0.9093447061307494  0.05000595289376667  -0.0  0.0  -0.0  1.0
36535719080340;2.643359974182583;5.185405847423521;0.8973077714473026  -0.3456697862509331  -0.2745016615132032  4.669833023661318  0.15470556942316774  0.8287167206495404  -0.5378613052686776  5.686957955572379  0.4134065191669428  0.440160193326369  0.7970909948814899  -3.8248846549937703  -0.0  0.0  -0.0  1.0
36535719080371;4.184735305781556;0.03505133064425886;-0.9756265749240562  0.1519788548569664  -0.1582883886402262  3.0108654804685058  -0.14186126772398489  -0.987159004423011  -0.07343351214747493  4.608735828850693  -0.1674161492261066  -0.04918869446259572  0.9846584714079122  -4.557578372188177  0.0  -0.0  -0.0  1.0
36535719080402;2.5739270336253104;3.048393368275447;-0.4772218027965233  0.6238689779854348  -0.6189077873504607  8.568554183771642  -0.7037980685576445  -0.6930715568634698  -0.15594901654508175  8.39671832237126  -0.5262391373037232  0.3611638345325495  0.7698266395725579  1.747071618580754  0.0  0.0  0.0  1.0
36535719080433;2.734748311517099;1.7731271647910387;1.0  0.0  0.0  -0.10469181604326971  0.0  1.0  0.0  2.724206686830132  0.0  0.0  1.0  -4.6526942069221136  0.0  0.0  0.0  1.0
36535719080464;3.7323423107611307;0.05353898506675043;0.2930421804858865  0.9094533372255522  0.29499306409707854  -0.9728896813670808  -0.954700936510628  0.26165517041461145  0.14171342075129548  1.554185513203959  0.051695282974465025  -0.3231581643786937  0.9449319544356525  9.236547520322581  0.0  0.0  0.0  1.0
36535719080495;4.095283908390811;3.2165008933169132;0.5232074077374093  -0.3233544856274346  -0.788476940127814  6.194552993609488  0.5224135891325028  -0.6092935051468196  0.5965278421629612  0.4223502945056661  -0.6733038321429616  -0.7240188541816582  -0.14986209798038436  8.115009109199327  0.0  0.0  0.0  1.0
36535719080526;2.3278553928468253;2.6162310217784728;1.0  -0.0  -0.0  -2.540691279457765  -0.0  1.0  0.0  2.9989112968212  -0.0  -0.0  1.0  -1.06219355170539  -0.0  0.0  -0.0  1.0
36535719080557;2.2194490343578286;3.7499525918237246;1.0  0.0  0.0  -2.851175935113254  0.0  1.0  0.0  0.9366097120333938  0.0  0.0  1.0  2.5923235189583695  0.0  0.0  0.0  1.0
36535719080588;3.796227498088121;3.2511180425719197;-0.40051044317439827  -0.8100284262474089  0.4283051874299376  10.3675350629079  0.778245906466246  -0.5474512755776282  -0.3076205616290312  1.2003760413803684  0.48365762061274215  0.21012151136800622  0.8496612598463273  0.9763074794597616  -0.0  0.0  -0.0  1.0
36535719080619;2.4973131938563013;1.5277262131848246;-0.10469142116592946  0.8920829398809011  0.4395767677069717  3.329029826790607  0.8411997904533606  0.31520963823827663  -0.4393470114874073  -2.9809608077302325  -0.5304928075624389  0.32377602186565  -0.7834197270871956  -4.130988670299933  -0.0  -0.0  -0.0  1.0
36535719080650;2.045757500568744;2.5473695515306907;-0.523912994974667  -0.8130664862250794  0.253846533705458  0.9727447952515454  0.7899232602050605  -0.3523024731857352  0.5019005981010815  3.842774103813164  -0.31864779409825317  0.46347152702708366  0.8268359734261076  4.501191579267779  -0.0  -0.0  -0.0  1.0
36535719080681;3.422151150058385;3.589906383676806;-0.9689453361989163  0.13211813950817494  -0.20902089051400152  12.687690628357789  -0.24452832411873493  -0.637594033681726  0.7305338780078203  1.8582552233360234  -0.03675369589648339  0.7589589220941819  0.6501003925637838  10.4494653375117  0.0  0.0  -0.0  1.0
36535719080712;2.329822326641319;3.8225587991377874;0.8123500873564198  0.2551940347298457  0.5243694691821024  -0.5835289927744084  -0.5064857713918635  0.7544405975900809  0.41748239254549496  6.903950512839064  -0.28906659950538327  -0.6047275331471387  0.7421220328922806  7.389986006612283  0.0  0.0  0.0  1.0
36535719080743;1.5817497009913515;1.60687890097024;1.0  -0.0  0.0  1.9417347534477272  -0.0  1.0  -0.0  -3.4151512951963965  0.0  0.0  1.0  -0.5322367890369493  -0.0  0.0  -0.0  1.0
36535719080774;4.455523395855616;2.147797622737463;1.0  0.0  0.0  -1.7394124815517267  0.0  1.0  0.0  0.5993893595618418  0.0  0.0  1.0  -6.671271522678799  0.0  0.0  0.0  1.0
36535719080805;2.6623006804379994;1.4643131621026741;0.7030313977707916  -0.19764929770550724  0.6831409875457389  8.30379595818119  -0.3581952399383807  0.7314422831354643  0.5802485299654507  4.368154935337243  -0.6143639180761944  -0.6526307850217459  0.4434298530861072  7.5968256794792985  0.0  -0.0  -0.0  1.0
36535719080836;2.3641851278479833;4.613287737051522;-0.2128972516945522  -0.6760529347291828  -0.7054269555843209  2.4225880799345134  0.6575612056312433  -0.6331487947013135  0.40833303150376876  4.48972925778202  -0.7226949709730179  -0.3769284192155475  0.5793418211366907  -0.0002810064138420714  -0.0  0.0  -0.0  1.0
36535719080867;2.3245937370798613;3.18643698447496;0.9896264904923215  -0.11246105423576708  -0.08939754244962433  -4.7956953979320565  0.032926217803806654  -0.42815482706072056  0.9031053694036716  -12.365878772170541  -0.1398401712562909  -0.8966805202215468  -0.42001044172523605  -2.5659439621446607  -0.0  0.0  -0.0  1.0
36535719080898;1.1108467191895781;2.8824004423982;1.0  -0.0  0.0  1.107112448596582  -0.0  1.0  -0.0  0.3388965859394917  -0.0  -0.0  1.0  7.463067697911381  -0.0  0.0  -0.0  1.0
36535719080929;3.0133446968971027;3.6367863439083643;1.0  -0.0  0.0  0.6650507980854354  -0.0  1.0  -0.0  -2.06770936046696  0.0  -0.0  1.0  0.9423980141436793  -0.0  0.0  -0.0  1.0
36535719080960;4.172447019856412;2.6734750889933907;0.5348207998641883  -0.557712711580246  -0.6347623518880424  7.450880877631634  0.49718806876244176  -0.39970230307843196  0.7700922627802902  -13.151168381784041  -0.6832062179992971  -0.7274576278077004  0.06351900055488231  0.3167520302124317  -0.0  0.0  -0.0  1.0
36535719080991;2.0023267432930947;2.4602254358855777;-0.6990938652681552  0.2528009718790884  -0.6688493374156993  -1.0971087629068745  -0.5584676203484183  -0.7771948306355276  0.2899691574215918  3.2900766536241353  -0.4465217627023403  0.5762463569085734  0.684513295402503  3.7874466051507354  0.0  0.0  -0.0  1.0
36535719081022;5.2049478600741095;4.7078098963305965;-0.006432660086787451  0.7024261795389461  -0.7117275343714954  6.581087944503773  -0.31491217156306545  -0.6769508360889174  -0.6652577618637381  -4.459273994344113  -0.9490990175348639  0.2198522863579871  0.22555714818538417  2.934210600949403  -0.0  -0.0  -0.0  1.0
36535719081053;2.759339837400279;3.58392552694807;1.0  0.0  0.0  -3.491921114847488  0.0  1.0  0.0  6.219588454977783  0.0  0.0  1.0  -1.5441541263111187  0.0  0.0  0.0  1.0
36535719081084;2.627616704218367;2.4466765337506597;1.0  0.0  0.0  5.86384930759675  0.0  1.0  0.0  3.906567005537526  0.0  0.0  1.0  3.5411064114108513  0.0  0.0  0.0  1.0
36535719081115;3.3642234081663633;3.5219949968233975;-0.5600951888836424  0.17622189899946783  0.8094684809814507  1.3090703772054095  -0.6254095842589786  -0.7307354488397683  -0.27365773463571896  2.2895169960704522  0.5432828280982266  -0.6595237267316185  0.519492273832467  5.279818099727097  0.0  0.0  -0.0  1.0
36535719081146;2.4293434851076756;3.355804145067822;-0.4842204085975142  -0.851073827546326  -0.20298752661999372  12.591270881428583  0.6562361650336608  -0.5067165578210503  0.5590996563510855  -1.1745254659175624  -0.5786922252800436  0.13751970802627897  0.8038679234207546  1.9588514096177423  0.0  0.0  -0.0  1.0
36535719081177;3.5423989428844522;2.706374789680392;0.4646864890820777  -0.8788555916571589  0.10807088357887933  -3.3706448470315777  0.8803038559358725  0.44534764016293216  -0.16349495596422273  -4.162047297358608  0.09555934328472107  0.17110911259852774  0.9806069974748983  11.540602403285689  -0.0  0.0  -0.0  1.0
36535719081208;2.4968567701157345;0.8373688278930369;-0.2318966451351095  0.9692586186830613  0.08222941130572099  10.21805407836868  -0.28664006834155237  -0.14886933981659456  0.9464012842783567  4.414542616450291  0.9295490396941041  0.19589703869935218  0.3123506571668977  -3.0881508262722583  -0.0  0.0  -0.0  1.0
36535719081239;2.6254413723760552;0.43450633469276234;-0.07061702249809988  0.9815883938221959  -0.17747524122272657  9.519511727733349  -0.5015438840605981  -0.18873380670761525  -0.8442945472801903  2.4959542032975  -0.8622453064499178  0.02939005476713008  0.5056374750608127  10.285278456827449  -0.0  -0.0  -0.0  1.0
36535719081270;4.852975213123584;2.9803384478863397;1.0  -0.0  0.0  0.42438830934956595  -0.0  1.0  -0.0  -0.8672078366542921  0.0  0.0  1.0  -9.215170258395094  -0.0  0.0  -0.0  1.0
36535719081301;1.4134837583742463;0.4144941815755889;0.9481683201631093  0.2841167302922914  -0.14231837621012075  1.1546109399304683  -0.29232674127573455  0.6042873675419477  -0.7412029774389267  3.2053028762769045  -0.12458696952000073  0.7443886491593215  0.6560210560862987  -0.30288520638019273  -0.0  -0.0  -0.0  1.0
36535719081332;2.6207414559357245;5.280681238220878;-0.4238806364124303  0.6474845272691138  0.6333158714430631  1.371008642854166  -0.5245825888924326  0.3945072527972597  -0.7544382909962033  10.053888267270345  -0.7383348247953003  -0.6520182623496457  0.17243512419760318  5.243928217041399  0.0  -0.0  -0.0  1.0
36535719081363;4.7790429741920475;1.4828665873166285;0.9738027468468355  0.21882041041950778  0.061853360599035054  8.686727351049571  0.14108252270958443  -0.7947228652271674  0.5903484473351478  -5.553520339683867  0.17833656949559054  -0.5661565114603551  -0.8047750446625348  7.084451325494019  -0.0  0.0  -0.0  1.0
36535719081394;1.4663573651430153;5.785622520669052;-0.7215960679643486  -0.6896206240763674  0.061012372080684885  7.447640059962568  0.49297811037598516  -0.5737048855371257  -0.6540911916552288  -16.10759687950009  0.486077871733032  -0.4419118680906364  0.7539510617090016  -2.5951970880326325  -0.0  0.0  -0.0  1.0
36535719081425;2.332117443040167;1.34454924422607;0.7392932975570248  0.6339553257542706  0.2270375852916322  5.532594481513168  -0.008066321854872965  0.34547250143513364  -0.9383942056534056  -2.7476606222542674  -0.6733352468414184  0.691917188469796  0.260519192500399  6.000333357365026  -0.0  -0.0  -0.0  1.0
36535719081456;3.9542146055036578;4.442839602038259;0.04756096360771602  0.9535569461431164  0.2974342031490643  -3.40457382617058  -0.3450864811933005  0.2951224052081761  -0.8909646942734405  10.819703333539467  -0.9373650704172475  -0.06026538315114432  0.34309591713588555  2.1153872337463557  0.0  -0.0  -0.0  1.0
36535719081487;3.3533169379046845;1.3469475073911787;-0.09884190551710166  -0.9004863065013311  0.42350288017596616  8.385218828658495  -0.3649261247838197  0.4287375265411749  0.8264460398511321  4.2980633403296995  -0.9257749192779061  -0.07285976351145357  -0.37098821234244506  1.7222401512451107  0.0  0.0  -0.0  1.0
36535719081518;3.0920879439740774;0.07279097813698292;-0.30413992364359244  -0.909514036047715  0.2833427695888229  -0.0034105032284718075  0.8934344661888521  -0.37554299416294035  -0.24645955887523563  -7.652188684578267  0.3305658201809616  0.178190004678513  0.926808804857162  3.9900286951406625  -0.0  0.0  -0.0  1.0
36535719081549;1.5294161413651834;5.3840145150215815;0.4253388416513488  -0.9010311985177498  -0.0850273431335811  -6.4356070989703795  0.5468436788077013  0.33072351823359825  -0.7691449443604571  6.588594657310159  0.7211441331181642  0.2806505545778551  0.6333927734702974  2.00723457564896  -0.0  0.0  -0.0  1.0
36535719081580;3.0692450464075005;1.7447327262154169;-0.3647058364103899  -0.8222425756479651  0.43692882678989975  -5.75622485677863  0.6203265330004928  -0.5645081413812194  -0.5445415969142396  1.426102711656436  0.6943951651212626  0.07244104572769378  0.7159383001000097  2.9932011457269945  -0.0  0.0  -0.0  1.0
36535719081611;4.067373545893354;0.06918959284810385;-0.25491288267097223  -0.8539081061754555  0.4537183801172501  2.569113428708968  0.9164565789644532  -0.36301466681566463  -0.1683083199057023  2.930370350473728  0.3084262652906574  0.37290923545087834  0.8751068169053974  6.136451121042775  -0.0  0.0  -0.0  1.0
36535719081642;1.8617882493278746;0.7414229892064397;0.3040048957647002  -0.922714685588198  0.237020320544395  5.026815650884425  0.3617343942148833  0.3419654624074554  0.8672991701612823  0.5973788242941327  -0.8813224446211988  -0.1779247917529475  0.4377368125787291  1.6835154880512706  0.0  -0.0  -0.0  1.0
36535719081673;1.5998785025075408;2.0771774126707916;0.4423638320159853  -0.8959047609935485  0.04085216460878426  4.184792907139017  0.8691689827307686  0.4394992378851743  0.2266841400652304  -1.2592636326689202  -0.22104189553768833  -0.0647694305011374  0.9731111967754056  -2.203876361351415  0.0  -0.0  -0.0  1.0
36535719081704;1.9756325052656099;3.9280233874579875;1.0  0.0  0.0  -4.421693472615914  0.0  1.0  0.0  -3.5091442256601564  0.0  0.0  1.0  2.179113775189823  0.0  0.0  0.0  1.0
36535719081735;3.6039393451346733;2.2168135483920657;0.5192069484911014  0.3964013851831506  0.7571592213421416  -4.793152678953696  0.6817443041713923  -0.7263741420248641  -0.08720842578274877  1.8885935863946552  0.515411338998689  0.5614682071342268  -0.6473828882578364  -3.3753362423295425  -0.0  0.0  0.0  1.0
36535719081766;4.290345428514503;0.9332310510730173;-0.05587923733804913  0.47559109623415635  0.8778898678178895  4.2446401043141275  -0.6590025191105697  0.642966162236758  -0.3902693864812577  -5.6573912274930445  -0.7500621245206568  -0.6003395900665967  0.27748727170490406  1.8378377275840898  0.0  -0.0  -0.0  1.0
36535719081797;3.80649089162507;1.8109375056133254;0.4196452362598035  0.9052054626438715  -0.0670890906492933  9.087394335546959  -0.07740061830420053  -0.03795661660955273  -0.9962772904877845  -10.90097510737966  -0.9043821205500354  0.4232757560447458  0.0541351491562371  6.053567998398537  -0.0  -0.0  -0.0  1.0
36535719081828;1.9802991795936433;0.016087324371983642;0.1643228236902603  -0.9832734514345755  0.07855780876780301  -2.301233892860129  0.9757170983651591  0.17371862678038144  0.13340908015354092  -1.9180798608504672  -0.1448245613573026  0.05472804046809588  0.987942654213385  1.9627030416362645  -0.0  -0.0  -0.0  1.0
36535719081859;4.6068693402346454;2.436321143923553;0.9806454424204599  -0.1740400555486394  -0.08969155659596176  6.265586957341957  0.16861225654666404  0.9835395285905613  -0.06496077772086083  5.686581597963201  0.09952096865596735  0.04858039485722285  0.9938488426482645  -3.095160486177842  0.0  0.0  0.0  1.0
36535719081890;4.508629332811153;2.4089165430777193;1.0  -0.0  0.0  -12.246410008641499  -0.0  1.0  -0.0  -3.986363041640112  0.0  -0.0  1.0  1.2911720918173775  -0.0  0.0  -0.0  1.0
36535719081921;2.2999981710951882;3.8837070989452953;1.0  -0.0  0.0  -1.4175694687229092  -0.0  1.0  -0.0  -6.817972965322758  0.0  -0.0  1.0  3.163001692448246  -0.0  0.0  -0.0  1.0
36535719081952;1.2152378562390587;1.7059128421949619;0.19606904444089185  0.6018150866968917  -0.7741934714501607  -1.6870028077446133  -0.6226531621109644  0.6863352369091682  0.3758283947362849  1.7470740798694044  0.7575354576026477  0.40836569885440976  0.5092911608047967  0.5943655887616395  -0.0  -0.0  -0.0  1.0
36535719081983;1.4321260052918148;4.1636512405561215;-0.7442913654546757  0.3838498975690659  0.5465250400904166  9.110531460119963  0.5062663051267879  -0.20943374147710753  0.8365595831882944  3.958015047424264  0.435574094274308  0.899331287161254  -0.038450543949308115  -1.1634500326377393  -0.0  0.0  -0.0  1.0
36535719082014;2.1446172376713286;0.7231238755320845;-0.8865149006722882  0.07497816371482002  0.4565847192492951  6.944267740058891  0.2037960294771359  -0.8226389271336109  0.5307846775612655  -6.664798477317292  0.41540162404034775  0.5635986786095364  0.7140014147144441  -1.687078873199773  -0.0  0.0  -0.0  1.0
36535719082045;1.9741406690068724;0.032912365320211856;0.5254408211130238  -0.849680346435168  -0.04421823594268997  0.6192230787417857  0.8413576526083645  0.5266222224938685  -0.12159907554321805  -5.550780300816433  0.12660665032065543  0.02668976690478879  0.9915938747476972  2.439053032621737  -0.0  0.0  -0.0  1.0
36535719082076;2.7263856166451443;0.30238066517068807;-0.9282070698238092  0.3570762498447587  -0.10453797073743579  7.935582207373147  -0.3483776667269573  -0.9327528945045511  -0.09276335008645632  -4.353928434192254  -0.13063168396288313  -0.0496849030409109  0.9901852218422749  2.0307301013287025  0.0  -0.0  -0.0  1.0
36535719082107;1.536577084651521;1.5949112045453377;-0.18772649575567035  -0.5193685945816754  -0.8336756118260575  8.883069928822657  0.8392100332102435  0.3562206595059483  -0.4108933704751248  -4.659476552379982  0.5103775886052968  -0.7767645104556478  0.3689872793824194  -0.7446880620867402  0.0  0.0  0.0  1.0
36535719082138;2.448192473659257;1.409752219388796;-0.7325661840102943  0.6384134115566126  -0.2361675294981168  4.603666125498253  -0.4162512631403993  -0.6946642270296655  -0.5866655756214937  9.5391242361612  -0.5385923059036574  -0.3314663295569013  0.7746279109297937  2.3921257109569014  0.0  -0.0  -0.0  1.0
36535719082169;2.751939271344588;0.3015623809742468;-0.3923258619425077  0.5859891004772539  -0.7090114189298544  -2.8787678476639407  0.9198136407261117  0.24588996514873923  -0.305746613020207  -0.31241069866807386  -0.00482538964695811  -0.7721106780514108  -0.6354697604557945  -2.600537664168546  0.0  -0.0  0.0  1.0
36535719082200;3.495996902324403;4.797589467300528;0.976166832696501  0.21594324843176654  -0.021606207441754743  8.22935854674053  0.13655102356521034  -0.5337773432184966  0.8345271510441683  7.915866744544958  0.16867759989569897  -0.8175880755755564  -0.5505430101001073  -3.0324180640953653  -0.0  0.0  -0.0  1.0
36535719082231;4.028218031238248;5.669166420684631;-0.23130423841634307  0.20887846671167695  -0.9501937357375144  -0.28364137051983246  -0.2750867506474706  -0.950865712149139  -0.14206222959437537  -15.575362486472098  -0.9331803839070193  0.22852611142555976  0.27739896807281206  10.450493122872308  -0.0  -0.0  -0.0  1.0
36535719082262;2.352339194995012;5.176055489135363;0.34128352457869904  0.735607659898462  -0.5851554721181796  -6.726129178897023  -0.8951531814888803  0.06444044212301626  -0.44107619646646684  18.71010422370227  -0.28675135138561436  0.6743358214700588  0.6804739982988504  7.382402448305306  -0.0  -0.0  -0.0  1.0
36535719082293;4.915635355433878;3.848346854755385;0.6367234745119205  -0.7276731060237186  -0.2550981532180558  6.814508250943258  0.13014027809454945  -0.22466996774696427  0.9657053969042804  12.254591722146557  -0.7600307395250152  -0.6480858402730109  -0.04835306210247694  0.7976571092920809  0.0  0.0  0.0  1.0
36535719082324;2.6136203318699214;0.13464951917146306;0.1606415352029366  0.9858873449116106  -0.047121548263826786  7.967056823201562  -0.9869438048595552  0.1610116862887726  0.004142816407896147  5.244532612994058  0.011671470215333567  0.04584081174654607  0.9988805718209908  -3.779749653424103  0.0  0.0  0.0  1.0
36535719082355;2.6932219088290648;2.7064851168894593;0.9389199979861101  -0.0805082634555247  -0.33458579900698115  -5.361991278448695  0.005230386238048696  0.9754763340698307  -0.22004218852185137  -1.9974858610654276  0.34409574313200175  0.2048519982452226  0.9163153269335687  6.32237463229247  -0.0  0.0  -0.0  1.0
36535719082386;4.785475193293865;1.891770892643416;1.0  0.0  0.0  3.681190573688661  0.0  1.0  0.0  3.0498118834665964  0.0  0.0  1.0  -8.77336813043874  0.0  0.0  0.0  1.0
36535719082417;2.477038884971137;0.45949528335511547;-0.8937404942971023  -0.09557709606065912  0.43828409458042483  0.4601584584754452  0.11495730501368766  0.8956118390234599  0.4297257867815322  -1.5144500141814077  -0.4336043667648658  0.43444729543366806  -0.789457282322997  -1.1274513848107128  -0.0  -0.0  -0.0  1.0
36535719082448;2.815184467780424;1.2190951762996307;0.984327277148558  0.15397770915610884  0.08596904410508537  -2.763058298289347  -0.17616651467043346  0.8808605146054526  0.43937468397472695  2.3807137686347852  -0.008072829130927045  -0.447633353194393  0.8941807482482317  -2.005450017148344  0.0  -0.0  -0.0  1.0
36535719082479;3.430440585461284;0.7792845233061593;0.44304285202244276  0.8450766458709124  0.29926325179578483  4.2264680312835  0.8394858557988161  -0.5082133148495672  0.19230892991056073  -2.1826288221523176  0.3146053546676372  0.16602617026596192  -0.9345901677212679  8.961432583019974  -0.0  0.0  0.0  1.0
36535719082510;3.752685809770862;0.06344576890966115;-0.4334466191597257  -0.8979040114950178  -0.07676206406916589  1.0676908305262234  0.9011775244927139  -0.4317041261440136  -0.03886665433785321  -5.268526144336565  0.0017600250533586531  -0.08602286679359412  0.9962916082655842  3.238358893121345  0.0  0.0  0.0  1.0
36535719082541;1.6713742885955687;1.0615519864300125;1.0  -0.0  0.0  1.7795001241992368  -0.0  1.0  -0.0  3.194850001487649  -0.0  0.0  1.0  -1.1163506107095635  -0.0  0.0  -0.0  1.0
36535719082572;5.705872389959219;0.8518883630383487;-0.6663794628483505  -0.5793055439874659  -0.469407603474133  6.671062363219511  0.211857199274332  -0.7507223537755014  0.6257255585777255  -15.376401321981419  -0.7148810660589491  0.31752328142540354  0.6229960089304457  0.3375769296504793  0.0  0.0  -0.0  1.0
36535719082603;3.111669804062568;2.2439667455886183;0.8513690524006132  0.2305042494165623  0.47120964295670836  1.5871037796028225  0.45361823711655713  0.1276155400369963  -0.8820117736721725  -8.236672939364716  -0.26344113492343607  0.9646668155078071  0.004086990124673255  10.809388075665876  -0.0  -0.0  -0.0  1.0
36535719082634;4.355140868473985;1.5516289319810532;1.0  -0.0  0.0  3.943237123749332  -0.0  1.0  -0.0  -4.465316535779024  0.0  0.0  1.0  -1.547511638356577  -0.0  0.0  -0.0  1.0
36535719082665;2.7201030154491477;2.3574801115815474;1.0  -0.0  0.0  5.772258001464765  -0.0  1.0  -0.0  3.2729266287334973  -0.0  -0.0  1.0  0.43684020786146127  -0.0  0.0  -0.0  1.0
36535719082696;3.2991237738734345;1.7976327042698002;1.0  -0.0  0.0  6.2100069083107545  -0.0  1.0  -0.0  -0.7244054672466103  0.0  -0.0  1.0  2.8055284766313626  -0.0  0.0  -0.0  1.0
36535719082727;1.2878238866021425;1.4146808598394887;0.5865703789939588  -0.17641148608710622  0.7904518821936111  4.810350611019523  -0.1776926040733704  -0.9802409642048612  -0.08690794297618047  0.5258208350479665  0.7901648745322118  -0.08947982829255607  -0.6063273302303196  -2.5652491381039755  0.0  0.0  0.0  1.0
36535719082758;3.2221881761895412;0.11138904040916112;-0.677565829870574  0.6792698674762329  0.28195211176833057  11.825205111450757  -0.6687040929721477  -0.7285870637662986  0.14830956326110886  -0.07001816872130245  0.30616887861782716  -0.08805303885286755  0.9478962391077815  3.4763647659708745  0.0  0.0  -0.0  1.0
36535719082789;4.375691271181936;2.9960075513543494;1.0  -0.0  -0.0  -10.247058129131275  -0.0  1.0  0.0  2.9576123693444325  -0.0  -0.0  1.0  -3.7641056743478005  -0.0  0.0  -0.0  1.0
36535719082820;2.9711958970592893;1.4321969996536237;1.0  0.0  0.0  -2.174705003846389  0.0  1.0  0.0  0.29220100510971525  0.0  0.0  1.0  -4.388513751089304  0.0  0.0  0.0  1.0
36535719082851;3.748982682712409;3.713794123970871;-0.07699519246135637  -0.3479800752586909  0.9343348476647931  -1.5647810102338209  0.7030727468072204  0.645505667886211  0.2983473569913546  6.03866532797361  -0.7069373756103071  0.6798766799572797  0.19495447421251602  1.3175748447091187  -0.0  -0.0  -0.0  1.0
36535719082882;4.963661102647681;4.3426080060757135;0.3003594915908211  -0.884390901092972  -0.3572630821611184  9.512493372682187  -0.9518589994082074  -0.25387721571169614  -0.17178709086565264  14.14787157493512  0.06122598351117081  0.3916619631856485  -0.9180698696377372  8.404811679014854  0.0  0.0  0.0  1.0
36535719082913;2.817358654932551;2.0385040862802093;0.9306400248764388  0.364258502556663  -0.03499839157962868  2.4407240904521528  -0.0036025201355746822  -0.08651626615808765  -0.9962439247186072  8.013982686701462  -0.36591825036018083  0.927270553293503  -0.07920325149956475  5.517720201161134  -0.0  -0.0  0.0  1.0
36535719082944;2.334751411184137;0.7585753997748977;-0.32395981751014624  -0.5139359981358544  -0.7943046181779994  2.6183430658379323  0.5455550608420686  0.5844470338817033  -0.6006590881494158  1.0250315523067215  0.7729293061001125  -0.6279263128799282  0.09104303029127216  0.22069187761348769  -0.0  0.0  -0.0  1.0
36535719082975;3.599500676289258;0.1988397466949897;0.45060192260290094  -0.6913412632252194  -0.5648054223435937  -5.529872843668785  0.882397758348711  0.44087239018978686  0.16433420711925334  -0.5715027801130638  0.13539609819983267  -0.5724323482565422  0.8086959275659551  4.596076259141451  -0.0  -0.0  -0.0  1.0
36535719083006;4.488115034885534;2.6669372320979656;0.6997206630285168  0.1384070815273129  -0.7008812121280099  -0.6792093168515023  0.5410603215052203  -0.7433078924318951  0.3933790863036881  -2.8413774373628207  -0.4665240853628073  -0.6544744890609148  -0.5949944713565394  3.7975651352773157  0.0  0.0  0.0  1.0
36535719083037;2.300426924388642;3.2304546669329155;0.8459568882137926  0.04941398646019709  0.5309568732258286  1.2449815455544724  0.06899518027191738  0.9771850988597492  -0.20087047484811535  2.95174682812825  -0.5287689555778436  0.206561227021368  0.8232471385365046  6.002993329636973  0.0  0.0  0.0  1.0
36535719083068;5.209340635066207;0.02792809606564397;0.5067751754773797  0.8620381298198416  -0.008317707411344315  -3.8080172616568913  -0.8619428876427683  0.5065010341044641  -0.02260886757787509  1.0676772516947037  -0.015276778518951711  0.018627001578824326  0.9997097853128495  7.495613795339653  -0.0  -0.0  -0.0  1.0
36535719083099;3.2857786138404523;1.1228395819795483;-0.7760222395372522  -0.028235267800492517  0.6300732127267604  13.515731180627958  0.3469712258472622  -0.8533525643872296  0.38910200370569537  0.15286559743780467  0.5266881925557423  0.5205690833174528  0.6720173936114979  -0.31473748643389293  -0.0  0.0  -0.0  1.0
