# registration_from_features.py FastGlobal FastGlobal_config.json euclidean False --input_txt=/neural_comparison/point_clouds_registration_benchmark//planetary/p2at_met_global.txt --input_pcd_dir=/neural_comparison/point_clouds_registration_benchmark//planetary/p2at_met/ --input_features_dir=/neural_comparison/experiments/3DFeatNet/feature_extraction_voxelgrid_0.1_npz//planetary/p2at_met/ --output_dir=/root/neural_registration_comparison/results/3DFeatNet/FastGlobal/
id;initial_error;final_error;transformation
27844314100030;8.255147930606862;3.6977177772603294;1.0  -0.0  0.0  1.4987064100724297  -0.0  1.0  -0.0  -4.598279172963295  0.0  -0.0  1.0  14.24071729992678  -0.0  0.0  -0.0  1.0
27844314100061;18.254613203222405;0.831609662897107;-0.9034542385087144  -0.4264322803715522  -0.043885637488326495  -85.80305997133847  0.4286326092146885  -0.8970052118070585  -0.10796173539167203  -127.8676797925027  0.0066727234654365  -0.11634930274003386  0.9931859415605231  -2.7407625526702883  -0.0  0.0  -0.0  1.0
27844314100092;11.393043179182689;11.960267772167441;-0.7007302406614968  -0.18184809793069182  -0.6898611447976107  -110.71492129664395  0.6242543147673304  -0.6244034998565093  -0.46949634701594317  -90.78583786667188  -0.34537469553638944  -0.7596390844644133  0.5510578744897988  -88.78331177090035  0.0  0.0  -0.0  1.0
27844314100123;5.730994932441914;32.810305926866214;0.8579049048678752  -0.24742481577353614  -0.4503111532519201  15.47458655167325  0.4977403035781503  0.6176689968661745  0.6088838973928152  38.21371285306757  0.12749025216687362  -0.7465024921926009  0.6530545649121987  -1.1171233210017788  -0.0  -0.0  -0.0  1.0
27844314100154;17.463252642790277;15.36188696283181;1.0  0.0  0.0  5.946535160020812  0.0  1.0  0.0  -14.345548085650208  0.0  0.0  1.0  12.937813119260564  0.0  0.0  0.0  1.0
27844314100185;21.245539471637414;13.341721030161024;0.24825148616919196  -0.443255417642855  -0.8613337531671709  -40.16616303163961  0.4038831733513753  -0.7608359498558491  0.5079439336093778  -4.303029272442607  -0.8804825846650279  -0.4739760459529597  -0.009855250599878122  -23.599843867647408  -0.0  0.0  -0.0  1.0
27844314100216;3.735345026853811;5.868302503777209;-0.9968200059301482  -0.038358955405849146  0.06984601862376866  -11.218379268232315  0.014827145066633678  -0.9504919049800512  -0.31039538388411286  -154.3999866776054  0.07829451798557023  -0.30837271135359046  0.9480381001551798  -39.510935777077265  -0.0  0.0  -0.0  1.0
27844314100247;13.271216615726097;2.531276570530667;0.038977293463860085  -0.9916855321792968  0.1226400255238781  -95.09513323470588  0.9833442875462995  0.016262575615842812  -0.18102359178958496  -56.02687970510132  0.1775240342722511  0.1276531781845023  0.9758021742930791  23.049947178880508  -0.0  0.0  -0.0  1.0
27844314100278;11.802091711636171;6.692267504881023;1.0  0.0  0.0  2.016650129349294  0.0  1.0  0.0  3.3113349141768254  0.0  0.0  1.0  -10.127151618078193  0.0  0.0  0.0  1.0
27844314100309;7.478645140598016;1.79392081253918;0.9364398521014153  -0.018912526654131397  0.35031802655849237  2.7751700969280413  0.3507592583214056  0.0702622893098677  -0.9338260830597713  -60.74415296613491  -0.00695313584632396  0.997349250281212  0.07243015163182571  57.39894385493249  -0.0  -0.0  -0.0  1.0
27844314100340;12.12926847078954;10.650532670557105;1.0  -0.0  0.0  10.021089710951433  -0.0  1.0  -0.0  -4.052591604338488  0.0  -0.0  1.0  15.6644341611956  -0.0  0.0  -0.0  1.0
27844314100371;7.953713343024883;5.695530179980644;1.0  -0.0  0.0  1.412329608601624  -0.0  1.0  -0.0  4.711185248895063  -0.0  -0.0  1.0  11.93607796755628  -0.0  0.0  -0.0  1.0
27844314100402;10.041005189608843;16.75353899374799;0.5652991597953833  0.6552783938476116  -0.501045992391046  -14.900179449196063  -0.26039209637884947  0.7181116494193751  0.6453771107744785  15.879926721421137  0.7827086406052128  -0.23436272213105913  0.5765772267417931  7.119515512304152  -0.0  -0.0  -0.0  1.0
27844314100433;14.948099495912265;11.467828999329878;0.04437505173717198  -0.7697511062479137  -0.6367998816060174  -68.3655185352321  -0.773917664474989  0.3765916237241755  -0.5091465383898512  -20.921503898029332  0.6317296125692563  0.5154240810933289  -0.5790127055878783  35.53141560254971  -0.0  0.0  0.0  1.0
27844314100464;4.885279212879443;3.6942489565959047;0.11962551430179308  -0.9068503738257173  0.4041189624605448  -50.98087894155609  0.37893161708499384  -0.3345236534643056  -0.8628468895732571  -113.33647561454539  0.917660376120373  0.25635195486878765  0.303616714516127  2.730836347897902  -0.0  0.0  -0.0  1.0
27844314100495;16.561379565347497;12.51629250517704;1.0  0.0  0.0  14.299947338083086  0.0  1.0  0.0  4.207263391492167  0.0  0.0  1.0  -8.979989109826697  0.0  0.0  0.0  1.0
27844314100526;4.988304065514908;0.5540496651387448;-0.9253238210193087  -0.35703292886169047  -0.12768443116789935  -73.92695762452118  0.3767569600870068  -0.9037108812504597  -0.20337363677604756  -124.00724965108073  -0.04277872462130063  -0.23629246881346172  0.9707398466642929  -12.788786973423921  0.0  0.0  0.0  1.0
27844314100557;9.320673558395054;5.928033477171844;1.0  0.0  0.0  12.29011582206178  0.0  1.0  0.0  -5.632440888132547  0.0  0.0  1.0  1.7799466949907734  0.0  0.0  0.0  1.0
27844314100588;15.87658357879776;13.109482095121896;1.0  0.0  0.0  14.112174347100096  0.0  1.0  0.0  4.265694836411052  0.0  0.0  1.0  12.90372919028196  0.0  0.0  0.0  1.0
27844314100619;9.309459031404598;11.584534038533464;-0.9841804171990587  -0.17230643268767984  -0.041223775376990915  -31.96013375230335  0.17556566372093635  -0.9172709458424573  -0.35747826456374915  -136.44872895775848  0.023782433099113005  -0.3590605870430902  0.9330111953820047  -13.40593663194417  -0.0  0.0  -0.0  1.0
27844314100650;9.597631194952498;12.885059350555924;1.0  -0.0  -0.0  -7.830049753168344  -0.0  1.0  0.0  9.883029872029894  -0.0  -0.0  1.0  -4.922716339672711  -0.0  0.0  -0.0  1.0
27844314100681;7.297471099283818;5.403519012765861;1.0  0.0  0.0  0.6321978830002273  0.0  1.0  0.0  -7.199043008275302  0.0  0.0  1.0  9.99094810238341  0.0  0.0  0.0  1.0
27844314100712;8.650942439496344;4.160990267157972;1.0  -0.0  0.0  -3.403333807046187  -0.0  1.0  -0.0  -9.631498490354605  0.0  -0.0  1.0  5.102246760486998  -0.0  0.0  -0.0  1.0
27844314100743;12.733448854215453;3.9867911290386946;0.7809643281525395  -0.100917753261865  0.6163686601619434  -2.884768960108848  0.07533170004741727  -0.9644357904690479  -0.25335497040773997  21.05881269618271  0.6200160103749074  0.24429329327453517  -0.7455876432317422  -15.022441484891868  -0.0  0.0  0.0  1.0
27844314100774;4.598125415447288;1.2630632641251969;0.4523387651649465  0.890872291963027  -0.041667744618544854  72.63275857897095  -0.8731864674735905  0.43288391984772356  -0.2239573730830568  -51.33683746722125  -0.18148012163883173  0.1376883123210338  0.9737078073529764  8.926016117963318  0.0  0.0  0.0  1.0
27844314100805;11.913189531673748;5.115007687406168;1.0  -0.0  -0.0  -1.1357516546996482  -0.0  1.0  0.0  0.13569315788814595  -0.0  -0.0  1.0  14.224901903101795  -0.0  0.0  -0.0  1.0
27844314100836;8.640990827250187;5.732545622620657;0.5531663892891803  -0.275820975062995  -0.7860850688545536  -19.123342268309543  -0.6616884340730615  0.4278202708771033  -0.615742017439594  -53.383995657986105  0.5061376907272456  0.8607511867792811  0.05414824543186832  55.26552482434215  -0.0  0.0  -0.0  1.0
27844314100867;6.409696051288649;5.85108589601038;1.0  -0.0  0.0  0.6759088001212676  -0.0  1.0  -0.0  1.7682427048778209  -0.0  0.0  1.0  -10.72031145727485  -0.0  0.0  -0.0  1.0
27844314100898;22.51393172662874;23.169454513660355;-0.18518257612773423  -0.030262486449879365  -0.9822380543496394  30.610515372942345  0.5760773970374778  -0.8131132109088794  -0.08355680024976617  -0.5360442846568659  -0.7961421017137718  -0.5813184051441389  0.16800793350152807  6.089801846783005  0.0  0.0  0.0  1.0
27844314100929;11.35647365629622;9.31881917812165;1.0  -0.0  -0.0  -6.6586253005385405  -0.0  1.0  0.0  8.963794005286072  -0.0  -0.0  1.0  18.38310560214653  -0.0  0.0  -0.0  1.0
27844314100960;8.931838196630506;12.192535958464157;1.0  -0.0  0.0  1.7432896459996479  -0.0  1.0  -0.0  -13.224919289137347  0.0  0.0  1.0  -5.58226673683697  -0.0  0.0  -0.0  1.0
27844314100991;2.7303992422678602;2.0794694298163856;0.8112591347632819  -0.5317825661366185  0.2430348094744505  -1.2476129712842836  0.5347156137362522  0.5066507275512382  -0.6763018946435574  0.987701178041348  0.2365117939761014  0.678610597194705  0.6953774720863868  5.346434943844795  -0.0  0.0  -0.0  1.0
27844314101022;3.041428379569016;5.822917186177322;0.45127882549454895  0.805724071079422  -0.3836093624293654  -25.297185759164126  -0.7366311132313762  0.5789820449381053  0.3495059293614269  -5.00114096248502  0.5037082733882408  0.12485396638671678  0.8548037566586513  9.3618160027221  -0.0  -0.0  -0.0  1.0
27844314101053;13.922293305846535;3.8293315210664143;0.9979066179389409  0.058344765844876835  -0.027897494012396273  -22.08309612432541  -0.047871747413904514  0.3763841480406391  -0.9252260636748516  -1.4331282884761594  -0.043481923522362284  0.924624713817574  0.37838929811051303  -17.011243030998525  -0.0  -0.0  -0.0  1.0
27844314101084;10.548695524568679;7.294476753499533;0.39429549671812464  -0.8437959477036752  -0.36405969277944483  -91.35891988398483  0.8432392969087135  0.48968957624652326  -0.22170161718941256  -46.14881660685989  0.36534716286938473  -0.2195734900992307  0.9046042963798785  -2.347414499378962  0.0  0.0  0.0  1.0
27844314101115;4.295014706995369;4.750838133102711;-0.76122509290981  0.5375971665239788  -0.36266464463722  43.13951577294562  0.2717772686374391  -0.24329211344664203  -0.9310993844840837  -107.49429622022092  -0.5887898387170284  -0.8073402220130342  0.039093372117530285  -69.9326446912127  0.0  0.0  -0.0  1.0
27844314101146;10.908481463882481;6.060393586185492;-0.21624751683641946  0.9726053596470872  -0.08529845161457784  98.17876756741035  -0.16774476870157035  0.04905509784725811  0.9846092067152599  -104.23098950514964  0.9618205154992997  0.22722766504314096  0.15254141799427093  34.36279598983055  0.0  0.0  0.0  1.0
27844314101177;7.524206569447689;8.882820537020736;-0.4175051401777463  -0.13514304028370133  -0.8985687600779577  -50.518290823056724  -0.8548172598215982  -0.27697162671207737  0.4388327361393644  -86.38661164814309  -0.3081832413293356  0.9513270082675804  0.00011447445641107902  36.88329476519274  0.0  0.0  -0.0  1.0
27844314101208;16.92222694472815;3.8078694316968065;-0.764319436927544  0.6296132873585891  -0.1392943168843332  59.5888360273451  0.1743831879154161  0.4097802737326333  0.8953606150775597  -74.85876724063644  0.6208110035326525  0.6600509341263886  -0.42299700028683657  58.189458057008544  0.0  -0.0  0.0  1.0
27844314101239;4.364181244222641;11.274915674889249;-0.4483408171645529  0.8173016789076324  -0.3619509321979777  87.34964794543353  -0.30464519534388707  -0.5204006181648488  -0.7977308453153411  -147.08118467065512  -0.8403462480538033  -0.24738868662169397  0.4823038680266701  -22.870029242064856  0.0  0.0  0.0  1.0
27844314101270;10.750785704410854;9.119688426281744;1.0  -0.0  -0.0  -8.73862082150621  -0.0  1.0  0.0  0.6809936173218674  -0.0  -0.0  1.0  -8.999947758851016  -0.0  0.0  -0.0  1.0
27844314101301;12.136609704346055;15.881530822103743;1.0  0.0  0.0  -9.931207837528813  0.0  1.0  0.0  25.30642368189427  0.0  0.0  1.0  -8.686439950648374  0.0  0.0  0.0  1.0
27844314101332;6.935112362192998;17.70337302763992;0.5824710519464125  -0.1983497471174497  0.7882796784535822  -33.83272920053657  0.7037062754578446  0.6084368835539642  -0.366881502139844  -38.08701068697375  -0.4068475777557128  0.7684152110347512  0.49397683338870113  61.77319252417147  -0.0  -0.0  -0.0  1.0
27844314101363;7.8460839984677655;7.1205303317275765;1.0  -0.0  0.0  6.338327634184495  -0.0  1.0  -0.0  -3.11891159450019  0.0  -0.0  1.0  6.212029122815235  -0.0  0.0  -0.0  1.0
27844314101394;13.188484809554595;5.148583098122489;1.0  -0.0  0.0  9.028585460696313  -0.0  1.0  -0.0  -6.390770522672092  0.0  0.0  1.0  -17.810669124506806  -0.0  0.0  -0.0  1.0
27844314101425;12.438217758874531;0.6492464870393918;0.6465690491172694  0.7599385762819268  0.06664701795420139  59.09231182475207  -0.7599138971245559  0.6492779954770208  -0.031128018669842026  -29.33660145196432  -0.0669278244122617  -0.03051958171304298  0.997290941226031  8.297041783456805  0.0  0.0  0.0  1.0
27844314101456;13.306910826894018;4.448901511146217;1.0  -0.0  0.0  2.1966946066197135  -0.0  1.0  -0.0  14.412190156780625  -0.0  -0.0  1.0  15.202257663910178  -0.0  0.0  -0.0  1.0
27844314101487;11.823132391507976;2.062462563979328;0.7891175899537716  -0.38620742419921317  -0.47763715801742335  -2.7238892867906577  -0.4286792438045292  0.21064615713439766  -0.8785569431833581  -19.133928930948265  0.43991764588014515  0.898037873353858  0.0006654812935052712  0.2989803440442917  -0.0  0.0  -0.0  1.0
27844314101518;11.362927964176022;4.012602172221689;1.0  -0.0  0.0  -13.538353731343703  -0.0  1.0  -0.0  -2.566612069317641  0.0  -0.0  1.0  -6.172638887722571  -0.0  0.0  -0.0  1.0
27844314101549;8.602285781784683;0.07896969118564079;-0.5724988079840791  0.7978598302573486  0.1888512804259531  -38.1267977837014  -0.8056135647327654  -0.5902131538133396  0.05133436845112273  -11.275690354892438  0.15242014032067014  -0.122752288481416  0.9806630290253637  5.874750233437898  0.0  0.0  -0.0  1.0
27844314101580;8.529179145836824;9.414958717533379;0.7537750593850175  0.6250417031251391  0.20284484021916555  41.69550963245408  -0.5378436733488223  0.40946195905821153  0.7369294994250524  -29.113004628968735  0.3775544237428012  -0.6645778911750212  0.6448169381100369  -26.121125024349855  -0.0  0.0  -0.0  1.0
27844314101611;6.938820905749202;7.7667237451478;1.0  -0.0  -0.0  -3.950208564082976  -0.0  1.0  0.0  0.711541090263248  -0.0  -0.0  1.0  -1.6115661983416294  -0.0  0.0  -0.0  1.0
27844314101642;12.547466022442515;7.844474986216436;1.0  -0.0  0.0  -9.193549644118274  -0.0  1.0  -0.0  -2.0057520079596216  0.0  -0.0  1.0  0.5231186295055488  -0.0  0.0  -0.0  1.0
27844314101673;7.73561147720838;0.24616020408514422;0.0028612193426147637  0.999975648991056  -0.006365127554913506  -25.018477272403974  -0.9985843269530503  0.0025190389551432396  -0.05313187749801392  -20.73296411140293  -0.05311454967892463  0.006508138571000382  0.9985672179401571  -11.755492243872407  0.0  0.0  0.0  1.0
27844314101704;7.852470163017852;30.484053598723012;0.8752407998494353  0.40869520367433365  0.2586924289045131  -0.9786302866533394  -0.2921785452976775  0.8729586464907313  -0.39060837060258347  -9.535955593235334  -0.3854675601742052  0.2662920051572465  0.8834609940697321  24.8216096615149  0.0  0.0  0.0  1.0
27844314101735;7.401041146075741;3.7050770785810143;0.6090887537509965  0.40490790174345287  0.6819534303453367  25.388056940047065  0.6093706515182025  0.31142133785579856  -0.7291667569194215  -40.69239505207729  -0.5076202311988174  0.8596896774033175  -0.057055757324219296  48.784721231022736  -0.0  -0.0  0.0  1.0
27844314101766;17.078221026612844;3.6014018544462845;1.0  -0.0  0.0  10.068998975728332  -0.0  1.0  -0.0  -7.995290848562817  0.0  0.0  1.0  -11.714119259244434  -0.0  0.0  -0.0  1.0
27844314101797;5.658008139654423;4.131536817527412;1.0  -0.0  0.0  3.401396312639417  -0.0  1.0  -0.0  -11.060515347936658  0.0  0.0  1.0  -7.2403379606966825  -0.0  0.0  -0.0  1.0
27844314101828;12.532088953947076;2.6452294857010954;1.0  -0.0  0.0  9.448585243790724  -0.0  1.0  -0.0  10.814715616454603  -0.0  0.0  1.0  -6.7965686987834015  -0.0  0.0  -0.0  1.0
27844314101859;13.452993466710405;6.0899162938326095;-0.9240495791718694  0.28584583279490033  -0.25381988713668363  -31.64339249625502  -0.36336752573419945  -0.8630117373973191  0.3509626509420404  -136.84819027354263  -0.11872833054538783  0.4165367942790267  0.9013327257664928  40.66281643030908  0.0  0.0  -0.0  1.0
27844314101890;10.240194569123585;9.03119948355301;1.0  -0.0  0.0  15.431086363215524  -0.0  1.0  -0.0  3.4089724438203177  -0.0  0.0  1.0  -0.7966055118813979  -0.0  0.0  -0.0  1.0
27844314101921;5.39778345406533;8.774522255750181;1.0  -0.0  -0.0  -9.145399579617116  -0.0  1.0  0.0  0.7548406221198221  -0.0  -0.0  1.0  -3.0161848204582453  -0.0  0.0  -0.0  1.0
27844314101952;13.302221500961894;0.09733703487182273;-0.07148906346255304  -0.9960616248761758  0.05244571721581051  5.54574184358918  0.9954871710840394  -0.07454008463406861  -0.05872876628914158  26.138093940218962  0.06240677857689629  0.04801057416631872  0.9968953700142645  8.065997292224129  -0.0  0.0  -0.0  1.0
27844314101983;10.786030610610256;0.13543413735842988;-0.34647956632092486  0.927840215187321  0.13807405695209138  -23.867700957828443  -0.9319949074847836  -0.35719827088449263  0.06160265984159193  4.953297038638059  0.10647723956082801  -0.10734025506898301  0.9885042575008128  9.421080952257412  0.0  0.0  0.0  1.0
27844314102014;18.074211930870813;10.259725073248395;1.0  -0.0  -0.0  -5.381975384629776  -0.0  1.0  0.0  1.3977344723679508  -0.0  -0.0  1.0  -12.033130345479798  -0.0  0.0  -0.0  1.0
27844314102045;5.527523174873733;4.571609400224576;1.0  -0.0  0.0  1.6880994005855356  -0.0  1.0  -0.0  -7.4037852042267644  0.0  0.0  1.0  -1.9444635318189687  -0.0  0.0  -0.0  1.0
27844314102076;12.49337546729974;8.644799152480543;-0.6811881798654505  -0.7202970256207941  -0.13097655703762756  -86.29804873414135  0.6624878774083389  -0.6826092327265058  0.3084711456255237  -101.3139248529915  -0.3115966557885177  0.12335651696755077  0.9421733884073824  13.115936538175779  0.0  0.0  -0.0  1.0
27844314102107;8.34390181428472;7.786450589467456;1.0  0.0  0.0  -2.316102211748632  0.0  1.0  0.0  -8.257664182833064  0.0  0.0  1.0  -6.010428061612021  0.0  0.0  0.0  1.0
27844314102138;13.875093444885819;17.003461579733163;1.0  -0.0  0.0  27.419557380715943  -0.0  1.0  -0.0  20.275294220991455  -0.0  -0.0  1.0  13.721615762818399  -0.0  0.0  -0.0  1.0
27844314102169;7.7056993337980995;10.133105280597448;0.4954069512705636  0.5695117157417289  0.6559179508640662  -11.551813701328754  0.35603601100294574  0.5556278175985495  -0.7513428559451284  9.171641217935925  -0.7923448185619162  0.6057508843935625  0.07249520366548473  5.278230140329079  -0.0  -0.0  -0.0  1.0
27844314102200;9.927306225231835;4.68270124607023;1.0  -0.0  0.0  -0.3784473020833339  -0.0  1.0  -0.0  -1.6023650082236836  0.0  -0.0  1.0  6.005200471463817  -0.0  0.0  -0.0  1.0
27844314102231;10.287771982386351;3.917058259114799;1.0  -0.0  0.0  0.5635719745200163  -0.0  1.0  -0.0  3.103548075765346  -0.0  -0.0  1.0  11.696706646549995  -0.0  0.0  -0.0  1.0
27844314102262;8.065900080817094;10.196354636978036;1.0  -0.0  -0.0  -2.0164641925503055  -0.0  1.0  0.0  16.6294981091825  -0.0  -0.0  1.0  1.6719918605275224  -0.0  0.0  -0.0  1.0
27844314102293;15.344796486985695;11.080838907375483;1.0  -0.0  0.0  7.885737261063056  -0.0  1.0  -0.0  -1.0608832420544019  0.0  -0.0  1.0  9.571034221359772  -0.0  0.0  -0.0  1.0
27844314102324;11.120662662609497;8.543163287905442;1.0  -0.0  -0.0  -12.39944588026605  -0.0  1.0  0.0  2.6681673626154367  -0.0  -0.0  1.0  6.344855877069568  -0.0  0.0  -0.0  1.0
27844314102355;17.81708979026515;0.29354790573750905;0.6295208599201131  -0.7633274302729468  -0.1450335172239176  5.6147530772822565  0.7746596151661168  0.6310330024428681  0.041229000213706735  -9.442132551240405  0.06004970904280669  -0.13830612430704745  0.9885673717167875  -9.17325057288372  -0.0  -0.0  -0.0  1.0
27844314102386;12.639375851730701;10.315904173295722;1.0  -0.0  -0.0  -15.89738828972631  -0.0  1.0  0.0  9.907185523873608  -0.0  -0.0  1.0  11.423149882357805  -0.0  0.0  -0.0  1.0
27844314102417;4.852743056092726;5.448686079268978;0.8090154745504691  -0.4643833510697312  -0.36033604480696463  2.2228943440470794  0.24731110509248685  -0.2872056790861498  0.9253918711543754  11.535843078058138  -0.5332271366273585  -0.8377714492329686  -0.11750667901986372  2.379240396849785  -0.0  0.0  -0.0  1.0
27844314102448;8.862723016525484;11.856006509807036;1.0  -0.0  0.0  18.378670451441224  -0.0  1.0  -0.0  18.260783418726742  -0.0  -0.0  1.0  0.7141492046121978  -0.0  0.0  -0.0  1.0
27844314102479;8.845892927971892;9.769273208119165;0.44359862115723003  0.5870157107113392  0.6772243488575007  38.82182607874381  0.5705521909748902  0.3977654020383916  -0.718507398928493  -62.570261200498244  -0.6911515468268566  0.7051207274781366  -0.15847491599475594  61.09622268471232  0.0  0.0  0.0  1.0
27844314102510;12.811880985162878;13.75692148360221;-0.4404854267941462  -0.5466629435071949  0.7121321611737726  -37.02504320457626  0.05077806144726118  0.7767918422028735  0.6277069558024047  -1.7008508921090761  -0.8963225854889733  0.3126564569669297  -0.31440700160659574  -30.86073061209365  -0.0  -0.0  -0.0  1.0
27844314102541;16.755247254223338;6.78087705745525;0.6617503522206253  -0.03925122029411027  -0.7486960752143028  21.75911345195149  -0.6758924388200996  0.4009075566459166  -0.6184193901956988  12.483772441793262  0.3244316299032739  0.9152772654936996  0.2387711138070941  7.117279808192353  -0.0  0.0  -0.0  1.0
27844314102572;6.047632241354357;0.37401428799801545;0.7419758886854161  0.6653784898234749  -0.08211726913212486  -11.0094640632459  -0.6461914023374769  0.6771343380174627  -0.3520309074822535  -7.0823129586247635  -0.17862937091814682  0.31426191872049053  0.9323792116341405  2.393864517059148  -0.0  -0.0  -0.0  1.0
27844314102603;5.000465750138839;4.974886062993489;1.0  -0.0  0.0  3.060252447769144  -0.0  1.0  -0.0  -4.930050922871985  0.0  -0.0  1.0  3.722543473545433  -0.0  0.0  -0.0  1.0
27844314102634;4.837279486815611;4.24290085099218;0.9413267011410259  0.33657191063989667  -0.024967792997435262  15.590415706184729  0.06605723571429506  -0.11118973617731438  0.9916013736268232  -61.30125227376507  0.33096900659841105  -0.9350701532703447  -0.12689887759248225  -43.79977858117561  0.0  0.0  0.0  1.0
27844314102665;12.464679441521291;5.973289473174356;1.0  -0.0  0.0  -14.139364043136709  -0.0  1.0  -0.0  -4.196787713117558  0.0  -0.0  1.0  -4.852753789966107  -0.0  0.0  -0.0  1.0
27844314102696;10.865536856965761;6.774310608590041;1.0  -0.0  0.0  -2.310699198280094  -0.0  1.0  -0.0  -4.138614273809253  0.0  -0.0  1.0  9.318718341420814  -0.0  0.0  -0.0  1.0
27844314102727;12.326628554608499;0.2563023630120903;-0.7851346040027175  -0.6147053069089325  0.07550522667664424  -40.71786414698192  0.6161900319994419  -0.7875846167022227  -0.004507327205915026  -106.96482286887706  0.062237432964589924  0.042986709481079695  0.9971352188875728  7.393145603303912  -0.0  0.0  -0.0  1.0
27844314102758;6.140194318079895;13.159907949126;-0.8115237481480775  -0.14086457742781747  -0.5670858638846289  -66.19231188597682  0.4909283079974787  0.3619573053637869  -0.7924495602248252  -45.8060557974926  0.31688894363550624  -0.921490140978116  -0.22458254046498166  -53.77085710295389  0.0  0.0  0.0  1.0
27844314102789;11.79753658561828;14.618908225977888;0.6230461315485877  0.045643394409519415  0.7808522257822648  8.394562034802336  0.575524080041554  -0.7028067899651677  -0.41813233463962024  23.694471961799398  0.5297032671738616  0.7099149924643324  -0.4641499242913909  -5.675942668727951  -0.0  0.0  0.0  1.0
27844314102820;13.718009914125455;3.4787624785651503;1.0  0.0  0.0  -6.66351540748941  0.0  1.0  0.0  -2.2740783351429505  0.0  0.0  1.0  -12.455409886382286  0.0  0.0  0.0  1.0
27844314102851;14.126286162245718;3.053043557564705;1.0  0.0  0.0  -1.6038422859543005  0.0  1.0  0.0  -1.9986979691263442  0.0  0.0  1.0  -15.313160340567876  0.0  0.0  0.0  1.0
27844314102882;16.65338049572903;12.4034958536441;1.0  0.0  0.0  -11.713132296119213  0.0  1.0  0.0  9.142050033333291  0.0  0.0  1.0  -16.960654992169097  0.0  0.0  0.0  1.0
27844314102913;3.6628597101339557;5.839387708333047;1.0  -0.0  0.0  10.000267035755716  -0.0  1.0  -0.0  0.2932026258499505  -0.0  0.0  1.0  -0.061490513437607586  -0.0  0.0  -0.0  1.0
27844314102944;9.703443455187617;0.41469332802186365;0.5513204406381261  -0.8318168377521942  0.06423799628351738  -19.85650525269041  0.8336527481144326  0.5462442543140075  -0.08148809845730788  16.616544322816864  0.032693535994681396  0.09847823648336507  0.9946020157044173  4.7838485471239025  -0.0  0.0  -0.0  1.0
27844314102975;6.1736923351409825;6.38158588302768;-0.8369796541850489  -0.44915781513230885  0.31260568706574  -78.8481616035075  -0.07751106124091434  -0.4681833641040457  -0.8802251830989196  -127.37826473251874  0.5417168022736416  -0.7609609679095158  0.35704525126744235  -57.10321179163663  0.0  0.0  0.0  1.0
27844314103006;8.779326562990162;16.420524782149975;1.0  -0.0  0.0  -10.187806979094633  -0.0  1.0  -0.0  -19.524358672271404  0.0  -0.0  1.0  -4.189529130911574  -0.0  0.0  -0.0  1.0
27844314103037;4.983612374719573;3.2185071238784753;-0.20534789193355113  -0.9173209375628643  0.34110781402253953  2.990881127123258  0.9238747496282574  -0.06668621238641179  0.376840013900964  16.51853206799495  -0.3229360467302638  0.39252419872708944  0.861183524654232  -3.2045744685293562  -0.0  -0.0  -0.0  1.0
27844314103068;8.080951485631328;5.0721356402675895;1.0  -0.0  -0.0  -4.624535140803916  -0.0  1.0  0.0  1.4808160376089958  -0.0  -0.0  1.0  -6.065794763291994  -0.0  0.0  -0.0  1.0
27844314103099;5.35424278701302;0.6725927804299359;0.7764867674997129  0.630099180702275  -0.006581973577055524  23.725253603742075  -0.6172701353015255  0.758494449514348  -0.20895872827130757  -4.596511483621924  -0.1266723330592935  0.1663165431766981  0.9779023097953438  12.908456530575345  0.0  0.0  0.0  1.0
