# registration_from_features.py TEASER TEASER_config.json euclidean True --use_random_keypoints=True --n_keypoints=5000 --input_txt=/benchmark/point_clouds_registration_benchmark//eth/gazebo_winter_global.txt --input_pcd_dir=/benchmark/point_clouds_registration_benchmark//eth/gazebo_winter/ --input_features_dir=/benchmark/experiments/FPFH/features/voxelgrid_0.1//eth/gazebo_winter/ --output_dir=/benchmark/experiments/FPFH/results/voxelgrid_0.1/TEASER/
id;initial_error;final_error;transformation;status_code
38591597440030;3.9584549028563556;0.013248121001317196;-0.04107821557719505  0.9894254912797696  0.13910347734970974  5.516232247273887  0.951979596933487  0.08103188277445086  -0.2952434266776896  -5.8475342019667265  -0.3033931891578155  0.12029559917060721  -0.9452415255334662  -6.710339891427685  0.0  0.0  0.0  1.0;ok
38591597440061;2.893302858668122;0.6596527560902649;0.5171847118062423  -0.062274009974905765  0.8536052492549113  -2.291583005680606  -0.6290619110664025  0.6486182192821861  0.42845713631668114  0.4021108084103669  -0.580345660722452  -0.758562029959878  0.29628121908715277  -2.578552459448813  0.0  0.0  0.0  1.0;ok
38591597440092;2.596560926939177;0.06091695861309177;0.1457230018543577  -0.9638049332122632  -0.22325961893333915  -0.2714540764098165  0.9514238234743541  0.19839028289603633  -0.23544426894250728  -1.623910082800766  0.2712148868627898  -0.17810487463327795  0.9458970022026012  -5.061100205631156  0.0  0.0  0.0  1.0;ok
38591597440123;2.5491129024057546;0.025252341465062948;0.6367016235253227  0.7141129050349261  0.290953263365095  2.8150437071392322  -0.5545750237588873  0.6862278376084847  -0.47067812559541616  4.064334065945003  -0.5357775523694974  0.13832611378103385  0.8329515595898652  2.4546837054611768  0.0  0.0  0.0  1.0;ok
38591597440154;2.8903184466470044;0.08680740910067494;-0.9226956291125654  0.08965535300000146  -0.3749595894159964  8.698392731017591  -0.0453795330943666  -0.9910799556744152  -0.1253045068484656  -0.5978387142263377  -0.3828491530520928  -0.09860242968023131  0.9185336612604086  4.016354607812243  0.0  0.0  0.0  1.0;ok
38591597440185;5.076548343189817;0.03951548531476078;0.4740642275058478  0.2514224614854343  0.8438304652356946  6.863149642597251  -0.27899959846649874  0.9518732485989776  -0.12687215083366996  1.8832228062944396  -0.83511815466724  -0.1752828127975884  0.5213958220804511  -2.0088891279117176  0.0  0.0  0.0  1.0;ok
38591597440216;1.6762692747156474;0.058836088271293975;0.8385327140538018  -0.544033616437166  -0.02983809055324404  1.1277749351618227  0.27809687113189596  0.38025911411612423  0.8820800056674394  -0.3981113610192232  -0.46853496958947993  -0.7479508207883186  0.4701537535252337  0.16185250998337197  0.0  0.0  0.0  1.0;ok
38591597440247;4.93981129019194;0.3210999956607988;-0.14721784821550318  0.535980948081166  -0.8312949707900394  13.200318555923445  0.7198666286013023  -0.5183163181744983  -0.46167112898710433  -2.6062888903122605  -0.6783206779930803  -0.666387738188547  -0.30952938503308697  0.7158359616527389  0.0  0.0  0.0  1.0;ok
38591597440278;3.836455877765292;0.01931293253692976;-0.8499278175591608  0.5191818974276755  -0.08984910863509282  -3.9589441325024626  -0.3987533975533531  -0.7452622643343588  -0.5343967489598734  -4.268672009995475  -0.344410268253981  -0.41837102521879205  0.8404446753823813  2.902933916052949  0.0  0.0  0.0  1.0;ok
38591597440309;3.8455601514228666;0.0202202274334419;0.5697538252463514  0.02075457266508425  -0.8215533009675272  6.815390047429931  -0.13572145671719926  -0.9835778723667786  -0.11897165703226868  0.21968886982272637  -0.8105308537025052  0.17928696746816836  -0.557580414372991  3.301694572403957  0.0  0.0  0.0  1.0;ok
38591597440340;3.1249643016133017;0.024797610520021718;0.09587904149897564  0.505734933476836  -0.8573443803177451  7.166165838006664  0.8355096560065963  0.4272773123049273  0.34548185641103724  -0.43087382614825753  0.5410460462113891  -0.7494439775264443  -0.3815794811416951  -3.1887716786833114  0.0  0.0  0.0  1.0;ok
38591597440371;1.9082676334258446;0.0788346141352197;-0.24514998081890194  -0.1340117598655158  -0.9601782829882372  5.279787751645502  0.10549353621470509  0.9808319294214755  -0.16382869115103849  -2.133493772325449  0.9637284891095672  -0.1414552029622558  -0.22631355424167224  -4.143500823364551  0.0  0.0  0.0  1.0;ok
38591597440402;1.653095540299216;0.5546010177986065;-0.6635436614022028  -0.1703181282219604  -0.7284926524076454  6.301212414125566  0.6560920902678669  0.3354572829021953  -0.6760263163781549  -4.203961516508108  0.35951770262519644  -0.9265312442367198  -0.11084617698530064  -0.7015946732432545  0.0  0.0  0.0  1.0;ok
38591597440433;5.513897604577699;0.08391537838501634;0.9553030097948163  -0.12136045986140816  -0.2695696538173268  -2.021556882006634  -0.2676376350450856  -0.7423325891550008  -0.6142576197214871  -4.091462237509412  -0.1255637518730598  0.6589491375369277  -0.741633183153842  9.133669072620329  0.0  0.0  0.0  1.0;ok
38591597440464;2.6229936829188185;0.03710364996203757;-0.429925461494324  0.8661496411090482  -0.2548507342849158  5.939653638174459  -0.7249100228845442  -0.4994147151024994  -0.4744369305404241  0.701869458708222  -0.5382095839730306  -0.019228664689921147  0.8425916580252977  0.5071680895284668  0.0  0.0  0.0  1.0;ok
38591597440495;7.040304842930483;0.025581545067769332;-0.9469485749084936  -0.21776757491844564  -0.2363592177024454  11.374925385559223  0.313455583379577  -0.7881716500899807  -0.5296518169916975  -11.771056716898158  -0.070950642893083  -0.575641149770043  0.8146184830732002  -0.5721700357792936  0.0  0.0  0.0  1.0;ok
38591597440526;4.4907205692444;0.034242750646223265;-0.9602611210893223  -0.16404061424694072  -0.2258080073907133  6.190347922322958  -0.08456974336794387  -0.6000023847184393  0.7955156169673011  -6.785511242061093  -0.2659822133732972  0.7829992434285442  0.5622860899572121  7.2576356575939975  0.0  0.0  0.0  1.0;ok
38591597440557;2.48450718425269;0.011336243883372616;0.812301675685535  0.500986703486492  0.2986273775262583  5.986517537253758  -0.5745144664176954  0.599088818956869  0.5576967947528974  2.374243137711261  0.10049435583784354  -0.6245837893594438  0.7744649601590345  -1.566254371595806  0.0  0.0  0.0  1.0;ok
38591597440588;2.328820346378117;0.3554476798787656;-0.5367968092288355  -0.07432991172892223  0.8404309905186216  4.499884788821033  -0.3622799254331589  -0.8793021307081268  -0.30916179996935966  0.06634574780967743  0.7619727299778424  -0.4704283443357978  0.4450783432336313  -5.39618278370815  0.0  0.0  0.0  1.0;ok
38591597440619;6.320591373756098;1.1644557453278155;0.4675704847166182  -0.8778219755699982  -0.10395393705027436  -0.6518838347444166  0.8812568009006277  0.45372537383689954  0.13236213961309815  -5.581209849617782  -0.06902385593588828  -0.153498743782975  0.9857351789242332  9.478427851851022  0.0  0.0  0.0  1.0;ok
38591597440650;2.279414240855783;0.014953257760306456;-0.13010349848751693  -0.18164834709807207  -0.9747189121371601  3.8901309765385954  0.420027388816529  0.880407159092532  -0.22013683667797862  2.5720744676057348  0.8981370008663925  -0.4380492120928385  -0.03824677057695263  -0.42547543014963757  0.0  0.0  0.0  1.0;ok
38591597440681;2.179632741963947;0.012068208058760332;0.6272756808641704  0.5161854927309036  -0.5831618619993472  1.8860651540365274  -0.7527739157715643  0.5938159002934382  -0.2841022849127386  2.8491812125854397  0.19964130817628256  0.6171994925895898  0.7610572477920533  -4.122238519549201  0.0  0.0  0.0  1.0;ok
38591597440712;3.8212360075464504;0.047016478071316224;-0.8064513780506081  0.12252818844614939  0.5784660905155818  11.69161582485864  -0.42671503546118383  0.5566303316018256  -0.712795168650997  -0.5326421099652028  -0.40932927253207396  -0.8216748243538607  -0.3966106777072657  6.1581178589705186  0.0  0.0  0.0  1.0;ok
38591597440743;5.199898909440479;0.030713676877780264;-0.5579155988254079  -0.708367313008642  -0.4323724487617173  8.363391074298248  0.5085649711512986  -0.7035344307359123  0.49638792782155305  0.05810358336657926  -0.6558138872463485  0.057053086069146094  0.7527636353230814  -1.9022173491294745  0.0  0.0  0.0  1.0;ok
38591597440774;4.068195372446665;0.028098548339691186;-0.8101264859730941  -0.5578380916183573  -0.18031012246813688  0.5092695322218569  0.5797718798519986  -0.7167192718849251  -0.3875281314196708  9.098627159916061  0.08694621359073243  -0.4184855419824331  0.9040521041919563  4.004096905856377  0.0  0.0  0.0  1.0;ok
38591597440805;6.856595695350732;0.051878431758566;0.34773911877105423  0.829295327099817  0.43743201269081705  0.010178388110493316  -0.7916579818179765  0.5096716586350671  -0.33691607294409065  -1.6281460294890597  -0.5023496243655597  -0.22913764604400524  0.8337510384192598  -6.781907915918302  0.0  0.0  0.0  1.0;ok
38591597440836;1.767433218515084;0.11556904983219099;-0.3299794773185241  0.9328002420385955  -0.14490428910605135  -0.07451962685881611  0.8232260815316561  0.3594759316261028  0.4394039977828825  -0.6732376222689229  0.4619657598076155  0.025705311402160706  -0.8865251681317851  -0.5812724066446778  0.0  0.0  0.0  1.0;ok
38591597440867;2.621604289268463;0.03706001505428838;0.46187322783423096  -0.6857682167582091  -0.5624900659516172  -1.5825720525289546  0.37135964896003576  0.7254432633789132  -0.5795033069296772  3.3641948201031613  0.8054595784608113  0.05877094947692128  0.5897294659106949  -2.9915018014725714  0.0  0.0  0.0  1.0;ok
38591597440898;2.670728938211616;0.17913435332884298;-0.032980643781165955  -0.9994295451143773  -0.007270590639669904  3.9402514341389687  0.9845621421072295  -0.033739484680101364  0.17175283259016466  -5.2248158185576346  -0.17190016132919633  -0.0014938293045157341  0.9851132437486596  -1.8927778225757033  0.0  0.0  0.0  1.0;ok
38591597440929;1.8420211736250836;0.034062871377910635;-0.689182076746522  0.6139135961452212  0.3848872062817796  4.000971186427992  -0.3393169412722165  -0.7427793890635954  0.5771852324410063  -2.197957414781483  0.640228145630148  0.26718696759077465  0.7202215255687847  -0.2647154094862888  0.0  0.0  0.0  1.0;ok
38591597440960;4.0321706019458725;0.015327413161335526;-0.24436639116450548  0.9650614663266556  0.09455915122652932  0.5118668109777147  -0.8587415444465345  -0.26066985679362736  0.4411509782384826  1.09984540279172  0.4503865303390147  0.026600600945006173  0.8924373262692168  -5.350120660168373  0.0  0.0  0.0  1.0;ok
38591597440991;5.87031157311765;0.08303037951946246;-0.692132404000048  0.677192167263895  -0.24972685864669253  5.5857732095517685  -0.017095826371947287  0.3305136653563492  0.9436463584062479  -8.897720372439073  0.721568061969054  0.6573975095854426  -0.21718205804597088  0.21776740942848885  0.0  0.0  0.0  1.0;ok
38591597441022;4.407785844403787;0.6028760900163438;0.03603099912734009  0.9517441106293897  0.30477026591214207  3.0491926101468216  -0.9345595139096269  -0.07593229867089053  0.347610127843762  7.804254116254857  0.35397779882767727  -0.2973506917779525  0.8867255968090048  6.461569124715137  0.0  0.0  0.0  1.0;ok
38591597441053;5.317946691794153;0.04046183554354174;0.3995942506850044  0.45824623554641414  -0.7939362836065809  9.990888109023226  -0.5426709933438435  0.8162726626099471  0.19800791211179453  -1.0722062640969483  0.7388048644958254  0.3517233684064878  0.5748548028103251  -7.171732062902201  0.0  0.0  0.0  1.0;ok
38591597441084;5.062681624331849;0.02804799750555152;0.21338197507985757  0.4046268524168892  -0.889238574857288  3.9150439095586425  -0.2653745819727439  0.8999849208518877  0.34583735119563597  8.10134140916299  0.940236387273866  0.16218585802228028  0.29941824176854437  -7.282209565643408  0.0  0.0  0.0  1.0;ok
38591597441115;4.0304954775959185;0.03996967314465648;-0.09804587567185566  0.14421265438719383  0.9846774683003254  8.27428246957786  -0.7465396758434572  -0.6649414726134815  0.023051038808721114  1.1243107431206043  0.6580771373139208  -0.7328407387101344  0.17285523721166243  -0.18312057038839724  0.0  0.0  0.0  1.0;ok
38591597441146;3.50878041807317;0.03828136760422399;0.6049254371424372  -0.4317482865818549  -0.6690729650282281  5.883317033020615  -0.2197867353083221  0.7170735142098148  -0.6614373486591881  -2.100319299526444  0.7653489442604211  0.5471736399466068  0.33888346266384806  -0.2413643323631226  0.0  0.0  0.0  1.0;ok
38591597441177;1.8734213949510077;0.01255120663544691;0.3868464315049427  -0.5293690364654519  -0.755061760165042  3.357665401180911  -0.547231827285032  -0.7908331457501732  0.2740807596114162  0.8467129703644164  -0.7422177346561973  0.30716666292832806  -0.5956185654823885  2.6870120377457045  0.0  0.0  0.0  1.0;ok
38591597441208;4.856694250338816;0.026117086363921776;0.4752183502361986  -0.8571068041368194  0.19883522298917172  5.479028783327815  0.8724521208624277  0.488301512133593  0.019721309558409825  -6.58703139980031  -0.11399480866003425  0.1641022838062119  0.9798344880887526  7.5002586626787915  0.0  0.0  0.0  1.0;ok
38591597441239;3.562972413096303;0.01330345302143525;0.19535432949912448  0.8431952834656994  0.5008576642990974  -2.3706690187623876  0.8691751984802013  0.08770505333245271  -0.48666446137647523  2.0324157670430814  -0.45428092662233877  0.5304050693207513  -0.7157508659764221  6.1470019236245586  0.0  0.0  0.0  1.0;ok
38591597441270;3.8856885051039876;0.04545892613436559;0.5477182505574093  -0.16539349109574877  0.8201522487376914  -4.480022770642518  -0.7638645991001768  0.30107815969362184  0.5708439506529157  1.073299627941516  -0.34134380358790445  -0.9391469186760195  0.038567770138802165  -2.3222886149123143  0.0  0.0  0.0  1.0;ok
38591597441301;5.885271651627378;0.04118086738142332;-0.8516167967887981  0.31219999435068496  0.42104630975062435  2.5002876184812495  -0.3283615556111392  0.30836473114827057  -0.892798903102198  -5.28869993349574  -0.4085676446120265  -0.8985779632904908  -0.1600941087763492  3.379174946151492  0.0  0.0  0.0  1.0;ok
38591597441332;4.848688954378692;0.011217553284128823;0.9550297096993534  -0.08142269353801844  0.2851115546037793  0.31661776335748837  0.2770495676995925  -0.09756996650917636  -0.9558889259076434  3.7088124457794986  0.1056493759046335  0.9918923563635389  -0.07062409474498987  7.852178953296013  0.0  0.0  0.0  1.0;ok
38591597441363;1.9312590227021411;0.018180327141549837;0.5075772601276571  0.7611085422497029  -0.4038305485173624  4.3443379476710975  -0.7630020230748519  0.614783206815434  0.19967353705840954  2.3042307865645557  0.4002414743439075  0.20677377863806892  0.8927773332039464  1.691774201180571  0.0  0.0  0.0  1.0;ok
38591597441394;1.946076302141685;0.06987276492641423;-0.5914324998844201  -0.6002574205137821  -0.5384223502034498  7.9760824663641  0.72704737377503  -0.6857381366410148  -0.03413684582588533  -3.824408437309133  -0.34872584413446717  -0.41164819576217015  0.8419834015931988  0.07069225847810873  0.0  0.0  0.0  1.0;ok
38591597441425;2.927510512380139;0.021726089644531665;-0.9582532121917868  -0.22207302252553712  -0.18009540246906366  9.692402268643685  0.027728884658804645  -0.699089187150549  0.7144966181618798  -7.769098792954771  -0.2845731721011319  0.6796748348111444  0.6760622964230018  3.7288472225236653  0.0  0.0  0.0  1.0;ok
38591597441456;2.426629832247053;2.682236345993608;-0.2316564293867743  0.9329061878060793  -0.27571968278833137  2.52850147207139  0.9229671819380787  0.12122779512011117  -0.3652881092447407  -6.2236197250914715  -0.30735464823075603  -0.33910155771309  -0.8891249933319296  3.3332356073729392  0.0  0.0  0.0  1.0;ok
38591597441487;5.191066102703561;0.03339209070919326;-0.02202219826422916  0.8725315746627003  -0.48806113756397307  7.984724910961446  -0.6520051823731263  0.357543993404528  0.668619125466008  3.7119480184682656  0.7578946265426333  0.3329428539509015  0.5610212037533259  4.440294712784393  0.0  0.0  0.0  1.0;ok
38591597441518;4.920812353335283;0.0056122256685607365;0.8760786972776311  -0.013195197555974534  -0.4819875547540497  10.250148433382975  -0.48050278307730543  -0.10690250842583636  -0.8704532894688999  -0.9263459758021214  -0.040039875515453  0.9941819453468882  -0.09999533946631832  1.8542834726075834  0.0  0.0  0.0  1.0;ok
38591597441549;4.927630398119143;0.016580256252981148;0.3865633527171373  0.4268473705603847  -0.817539048964496  9.728872292864766  -0.866030908610473  0.4727996410770531  -0.16263752558597808  2.7983180919691213  0.31711076876606686  0.770883792567399  0.5524300305826061  -3.4380083651438906  0.0  0.0  0.0  1.0;ok
38591597441580;4.789769207117012;0.007926326211011527;0.6022565180303373  -0.7968054982880532  -0.04886803032557469  -2.7035747853947347  0.679915228484077  0.5440588967929104  -0.4916453995472006  3.518864614272209  0.4183328442346107  0.26287052843255115  0.8694232092118158  -5.4826932396849655  0.0  0.0  0.0  1.0;ok
38591597441611;3.8037185845764383;0.025635051225132332;0.9886507092048619  -0.102306670404681  0.11001418262856724  -0.7907063290951574  -0.14861044494404724  -0.5586762918308474  0.8159630730613155  -6.9065583819083685  -0.022016149578345176  -0.8230517274976357  -0.5675395519440936  3.680627300567397  0.0  0.0  0.0  1.0;ok
38591597441642;2.439160696844833;0.013302682389987662;0.11048384416749985  -0.9901771210021699  -0.08568890956142164  2.4829887503961525  0.9938753443241264  0.11026845201122311  0.007257302229325302  -4.022687936061738  0.002262768784191688  -0.08596590914369807  0.9962955095465033  -2.3548599690824825  0.0  0.0  0.0  1.0;ok
38591597441673;5.598187939653337;0.0869128498581627;-0.2421380471257652  0.8043516951205376  0.5425748950060622  7.726271570052388  -0.40778410451353375  -0.5917950517094062  0.6953349846501024  8.223721813304286  0.8803870116262609  -0.05288636241017183  0.4712979338282775  1.2300124809186301  0.0  0.0  0.0  1.0;ok
38591597441704;4.778579004204095;0.024767985139169425;0.7005063424309106  -0.6963288568735091  0.15625935907746596  -5.011737262642853  0.7135606006581977  0.6800351506208513  -0.16847392411999254  1.109786662042372  0.011051398209306638  0.22951757450206023  0.9732417734521622  4.490704579041855  0.0  0.0  0.0  1.0;ok
38591597441735;4.169490407709132;0.017374527285009104;0.5089147519500792  -0.6788221406135797  -0.5293451394509893  -5.525314677387965  0.24658055090302353  0.7041226533346058  -0.6658898715083423  -1.840588927643382  0.8247446921102017  0.20835496268107526  0.5257227428618791  -0.9518529291256679  0.0  0.0  0.0  1.0;ok
38591597441766;1.9262032552907409;0.030769516545354005;0.0288335846028763  0.6535426105568645  -0.7563403206133248  7.681865701686907  -0.9868537057973128  0.1389874794356547  0.08247571711864196  0.5839736697605641  0.15902323023086765  0.7440191776739643  0.6489584543715402  -0.09176675936734636  0.0  0.0  0.0  1.0;ok
38591597441797;2.2135128812075298;0.034547322050186235;-0.05782906534682175  0.47752268794905506  0.8767142531606429  -3.0358497373871023  0.18120951327418877  -0.8585751023905288  0.47959556488152055  0.6036512259701177  0.9817427929453032  0.18660352635736346  -0.03688105815933474  -0.1957130740748586  0.0  0.0  0.0  1.0;ok
38591597441828;5.443305572519713;2.1750343993822416;0.6794164860942994  0.6844777361885079  0.2643548128662118  -5.23296075185542  0.032624000683341814  -0.3881009333014944  0.9210392717739688  1.0123557126506038  0.7330272252806767  -0.6171449539879306  -0.28601257448676576  -9.397759166756865  0.0  0.0  0.0  1.0;ok
38591597441859;1.9328163177142916;0.005310441857013574;0.500680815516283  -0.8646994631084477  -0.040169135837263927  -2.074448232076555  0.85372931353403  0.4855955016912976  0.18799805304814193  -1.9234604489503013  -0.14305586386675945  -0.12842058727921962  0.9813476308506569  -3.3142519535631583  0.0  0.0  0.0  1.0;ok
38591597441890;4.287804159875307;0.029579164713347737;0.07480587598089918  -0.9732983808285627  0.2170123102389115  6.455922875048561  -0.7552299240690359  -0.1974052596328073  -0.6250271396187402  2.469520682960382  0.6511772744110549  -0.11713848789276333  -0.7498311356197391  -1.2237320077252838  0.0  0.0  0.0  1.0;ok
38591597441921;4.652169079942416;0.03191252010192893;-0.34402859345888676  -0.9278949290308133  -0.1437196143941469  6.922073704611089  0.9380284611328781  -0.3464510885837019  -0.00861680473571122  -4.118136198941333  -0.04179632743896684  -0.13777751593808885  0.9895809330795261  -4.144142323645538  0.0  0.0  0.0  1.0;ok
38591597441952;1.783388299920841;0.09108153603746952;0.53171419308142  -0.84466370156923  0.06183241970957082  -0.2295585711838994  0.8467841522988429  0.5315337725721089  -0.020698986226159066  -6.101950927192976  -0.015382336990972162  0.06336465786720055  0.997871887489606  0.37142107808979086  0.0  0.0  0.0  1.0;ok
38591597441983;5.49349230429743;0.008875379349179025;0.12725120918696145  -0.9879703582543181  -0.0878732096334818  4.006629067586719  -0.25830018463605187  0.052528511425024155  -0.9646355633628965  -9.590627643928975  0.957647192016683  0.1454487081355655  -0.24850860935641117  -4.047834965076022  0.0  0.0  0.0  1.0;ok
38591597442014;1.4576110063785062;0.16260615113013613;-0.023310570983665416  0.3823583981117736  -0.9237200185520578  4.339738869945085  -0.7091426377203882  0.6449565270319044  0.28486452500428017  3.7486619104121925  0.7046795985746895  0.6616896052019724  0.25611233808677  -2.836413880723557  0.0  0.0  0.0  1.0;ok
38591597442045;3.4058146160113;0.007746408563765134;0.5997246268908081  -0.7923624236740278  0.1117683383168169  2.864910323871707  0.7982564113472354  0.6021438044452694  -0.014475514195051997  -1.2812022661842477  -0.055830758939094956  0.09790111499670603  0.9936288532639775  7.418295443181267  0.0  0.0  0.0  1.0;ok
38591597442076;1.5195309119701852;0.031248817578904846;0.8644781163676437  -0.40627002393057404  0.29601056396166286  -0.7101958157755612  0.4955671389848537  0.5901701825628813  -0.6372694613521523  -1.9471185476598891  0.08420687073996684  0.6975986118601059  0.7115232811728907  0.018798244709639495  0.0  0.0  0.0  1.0;ok
38591597442107;3.7055155609155883;0.016609749736053905;0.6410492399252566  -0.7075034048008824  -0.29748076271653223  -5.842155447602547  0.7067265980002339  0.39298406977082506  0.5883035241993495  3.0110676047247456  -0.2993215456165257  -0.587369094438512  0.7519336135778313  1.8240176520211675  0.0  0.0  0.0  1.0;ok
38591597442138;5.646923884727078;0.31360517370462265;0.290487302793763  0.9134647824464334  0.2849547650868385  3.9732192470060976  0.9238648115544782  -0.34528912240963455  0.16507341371944909  -6.171630576526054  0.24918053071420473  0.21530794963418098  -0.9442200749493269  10.171990059479855  0.0  0.0  0.0  1.0;ok
38591597442169;1.4800799852740398;0.34237852377326766;0.17092163813106392  0.9548794322710001  -0.24288075972461334  3.7783823712845  -0.8309899731594163  0.007261833333440687  -0.5562399934247354  3.6602078658967354  -0.5293783695308166  0.29690492687466297  0.7947364382425444  0.8829055283073957  0.0  0.0  0.0  1.0;ok
38591597442200;3.2131369785042154;0.010763050778232277;-0.05390991280489818  -0.9202576556115419  -0.38758169279484533  -5.109171657642481  -0.9620398003853093  -0.05612569159761455  0.2670755122007338  -0.7290305347737424  -0.2675315752877838  0.38726703194441825  -0.8822987601674385  -3.0385476188705844  0.0  0.0  0.0  1.0;ok
38591597442231;3.3002375565089763;0.01964521815762046;-0.3835275991724296  -0.4487362868536833  0.8071817177896187  8.311727524496893  -0.7041368061679742  -0.4234568381109256  -0.5699786526324139  -0.2725223183930179  0.5975767221642723  -0.7869689009852071  -0.15356435136299706  -7.52202980026614  0.0  0.0  0.0  1.0;ok
38591597442262;3.603766945068243;0.01331655332639041;0.5038068649901268  -0.24036916893823632  0.8296995271860547  0.08385684262457187  0.7228711175441229  0.6431512447148077  -0.25261398188205  4.911779636954422  -0.47290167076183104  0.7270344827074815  0.49777994208779963  6.051504886761692  0.0  0.0  0.0  1.0;ok
38591597442293;2.0154890518338;0.015209692238031815;0.724945980283722  -0.16073330310367995  0.6697896169274744  -1.2062191975744758  0.09562505644931418  -0.93949162167552  -0.32895492302224033  -4.339722987353211  0.6821357447381995  0.302523219067369  -0.6657105434613293  0.3863429075420731  0.0  0.0  0.0  1.0;ok
38591597442324;5.849680243723311;0.017286782468928934;0.03034763381558378  0.8468762671948638  0.5309233552819936  -3.0484888339175944  -0.9554266240337805  -0.13147944154044325  0.2643352464951029  0.5065955607781305  0.29366475309306167  -0.5152802582229479  0.8051380429941715  -4.506194591855229  0.0  0.0  0.0  1.0;ok
38591597442355;5.300655887315837;0.08804466271794374;0.05905799678055074  -0.9230683750052693  -0.3800748979890688  -3.3905185507939035  -0.48010970653528584  -0.36007732019599276  0.7998993644022194  2.7099319369534647  -0.8752181572081736  0.13523719364732953  -0.4644395318526673  -0.016532631426132198  0.0  0.0  0.0  1.0;ok
38591597442386;1.9258199135952243;0.032016984035944794;0.682750212901349  0.1420195896991164  -0.7167165289881751  -2.7792732693455227  -0.6904819343530431  -0.1953578468658666  -0.6964696762961139  2.5143730994574147  -0.2389285355817578  0.9703946350890591  -0.03531865052814823  -2.0670786721502523  0.0  0.0  0.0  1.0;ok
38591597442417;4.983836368994222;0.13971819306948724;-0.9702552463195435  0.20411421947957697  0.13016198521705624  7.881926291107895  -0.20256273569675923  -0.9789451911933938  0.02519227552988834  -5.309087468616205  0.13256355116112034  -0.001923030309686491  0.9911726423070708  -7.649944040616391  0.0  0.0  0.0  1.0;ok
38591597442448;3.9670676070792013;0.02438125107656746;0.37031052982717455  -0.8558686182313581  0.36105265519846763  -4.39717249384334  0.6338046065435571  -0.05135262309294788  -0.7717866472190621  0.5542333157750403  0.6790889722439059  0.5146375583148005  0.5234370557655387  6.966605265703785  0.0  0.0  0.0  1.0;ok
38591597442479;2.535069451706357;0.0349437167362012;-0.5418554566607808  -0.8207124989797573  -0.18117300600624078  4.76575587605012  0.45515887279503814  -0.1053288048440521  -0.8841584944940998  0.7476245335652317  0.7065571913177914  -0.5615486059892985  0.43062756357273346  -1.4566378376263351  0.0  0.0  0.0  1.0;ok
38591597442510;2.7117678210954486;0.22329814482873514;0.12766186023363202  -0.4233954925875138  0.8969050709513601  -0.8181682079887872  0.8768342266483428  0.4708136772846741  0.09744855186037604  -4.885598747496068  -0.46353445224674544  0.7739966008570441  0.4313526091749658  1.7976759376576288  0.0  0.0  0.0  1.0;ok
38591597442541;1.1504027505085501;0.01922502818239552;0.6453425708667225  -0.6942137749454341  0.31874786415463124  -1.1374556225698707  0.5974007666167658  0.7187016938629353  0.35578111147761826  -0.575315095096961  -0.47607277833628553  -0.039180478743352724  0.8785326401520961  -1.0234035668086354  0.0  0.0  0.0  1.0;ok
38591597442572;2.4453153833729853;0.4346485618012576;-0.31864869465720785  0.19166690638616987  0.9282924142691316  7.25949147746299  0.16640432164683466  -0.9528214811851851  0.2538519779897877  -6.989019366245437  0.9331519764381977  0.2353614709089532  0.2717211196816683  -1.0964218175626623  0.0  0.0  0.0  1.0;ok
38591597442603;2.022769694472952;0.044175971814848544;-0.5613345750808181  -0.759521102774376  0.32868098402437773  7.012513867130395  0.7764154423910722  -0.6208005593378827  -0.10856208519758448  -2.1130673748017714  0.28650053339481446  0.1942533396525465  0.9381807312017868  -0.027398854503248617  0.0  0.0  0.0  1.0;ok
38591597442634;2.3143065310168365;0.023862513957480576;0.9494647832980909  -0.21307187797388882  0.2304712565449107  1.968241356812492  -0.18410436879714134  0.21664128546574943  0.9587346529783691  -0.34021450408364023  -0.25420898226954186  -0.9527155547425625  0.16646580755535298  4.392874185917711  0.0  0.0  0.0  1.0;ok
38591597442665;1.7442633128967042;1.2491401012926755;0.21034165220324227  0.9762025412489082  -0.05277298369036512  1.3227820969349058  -0.810825564286645  0.1440407836850131  -0.5672866620454347  3.3393689350653553  -0.5461852191772073  0.16211369804732945  0.8218277527911582  3.5963708292423853  0.0  0.0  0.0  1.0;ok
38591597442696;4.239524031860057;0.011194661671918045;-0.09745517338826903  -0.9910090514135849  -0.09167087430699623  -5.231725765439664  0.992358608343467  -0.1037637587193708  0.06676432298050683  0.7405812648031873  -0.0756761628683669  -0.08446385258070402  0.9935486782139793  -4.24575595344323  0.0  0.0  0.0  1.0;ok
38591597442727;3.3606588330920775;0.009964617410693726;0.46370087213104993  0.8231652062093897  -0.3276897076063802  0.345860988739573  -0.8615285413891764  0.33261180085856135  -0.3835856648800389  -6.683947592939836  -0.20676090916016995  0.46018304316421355  0.8634127015670907  2.372734651759611  0.0  0.0  0.0  1.0;ok
38591597442758;5.505400493338908;0.16583388687703385;-0.4981200904605422  0.8484347877891243  -0.17898264259084962  8.783297646031711  0.06575924696912666  -0.1688562446570146  -0.9834446044787594  8.054147855897554  -0.8646109511899758  -0.5016432791432108  0.028318255115955617  0.7013490226432056  0.0  0.0  0.0  1.0;ok
38591597442789;2.5679788633882894;0.014517372593159253;0.9974325364141851  -0.05784036572133279  -0.04222354077511735  4.700463031602372  0.0436915284804174  0.024354407964366546  0.9987481730405069  -1.5942954811616306  -0.05673963025443861  -0.9980287345091466  0.026819012894995324  2.600969131000757  0.0  0.0  0.0  1.0;ok
38591597442820;4.890369584704633;0.02996709443934923;0.6262873868348832  -0.08598507551587604  0.7748359025497354  -7.400143436186715  0.7045386376369478  0.4879232902411249  -0.5153214248572913  4.7292697921184335  -0.33375053133771504  0.8686411397284866  0.36616001038205764  -0.2660703499499134  0.0  0.0  0.0  1.0;ok
38591597442851;3.7198562228278598;0.030021017258961502;-0.461599928092422  -0.12523552854250639  0.8782036032582367  -3.6429066224940456  0.13995302707778162  0.9673051988881902  0.21150366998150363  4.118427852858427  -0.8759786850128475  0.2205373315213508  -0.4289809189330049  -2.555516482519349  0.0  0.0  0.0  1.0;ok
38591597442882;2.8047071756103454;0.04363367769389547;-0.6570012109601318  -0.430809265961688  0.6186701747768928  0.6616460360171985  0.7019345566192651  -0.648940987162284  0.29353615348804163  -8.15206717624191  0.2750223391301791  0.627119583127804  0.7287549254975727  -0.9757656599695603  0.0  0.0  0.0  1.0;ok
38591597442913;2.6498156260201227;0.01821534253188694;-0.6560646722245225  -0.009554935924431823  -0.7546441870566615  0.9821702226233057  0.6310512578869525  0.5415016947566028  -0.5554729736855084  -3.468789394131622  0.41394861490071955  -0.8406453579097473  -0.34923047754537206  -1.6156093116893013  0.0  0.0  0.0  1.0;ok
38591597442944;3.9890625842330967;0.021709844111640106;0.48817685499222335  -0.8711476528487722  -0.05277428527206862  -3.399908232286729  0.8678158185339844  0.49094906781617964  -0.07658144626876458  1.5842730793182123  0.09262323332778567  -0.008413069980684692  0.9956656853087826  -1.497973319853963  0.0  0.0  0.0  1.0;ok
38591597442975;4.829702581700206;0.06795843873640268;-0.12095025214177682  0.9923498413286681  0.024755381673640536  4.5732154375369305  -0.3378430678989395  -0.06460129245515063  0.9389828190578127  -6.784405057567752  0.9333986811537038  0.10520677463020703  0.3430720574346381  -5.678403164632237  0.0  0.0  0.0  1.0;ok
38591597443006;1.5836086183196916;0.01589849126791957;0.606971799407437  -0.4040544084190841  0.6843429474767763  -0.5082837776645674  -0.3852814653273951  0.6035393043696077  0.6980676905259442  2.465843015188734  -0.6950851942023175  -0.6873720558170474  0.2106566630386351  3.9824605911618014  0.0  0.0  0.0  1.0;ok
38591597443037;3.2675087807083063;1.1220732603961494;0.9498910688656622  -0.11372598069436426  -0.2911586485137521  2.1213668065557667  0.2825255724198333  0.7109001409622691  0.6440499130569552  -5.76253462560871  0.13373951629228795  -0.6940370241528415  0.7074081925500817  -4.129847504249623  0.0  0.0  0.0  1.0;ok
38591597443068;3.1958174120499194;0.025881086363722907;0.42160860250285803  0.34426673307689604  0.8388841414594445  -5.454977007453798  -0.37258096350306136  0.9091953688168922  -0.1858687896260332  1.5096310934103754  -0.8266980173743728  -0.23418838104926845  0.5115918199608015  -2.384560628154964  0.0  0.0  0.0  1.0;ok
38591597443099;4.778408638902547;0.01232165634216822;0.4053606106389495  -0.6974445002325277  -0.590977109910205  -1.3947869720849664  0.10502961103234323  -0.6066591968550947  0.7879932738783542  -1.1204269575153778  -0.9081032739445518  -0.38149153066160163  -0.17266341791084647  5.942798861298726  0.0  0.0  0.0  1.0;ok
