# registration_from_features.py TEASER TEASER_config.json euclidean True --use_random_keypoints=True --n_keypoints=5000 --input_txt=/benchmark/point_clouds_registration_benchmark//planetary/p2at_met_global.txt --input_pcd_dir=/benchmark/point_clouds_registration_benchmark//planetary/p2at_met/ --input_features_dir=/benchmark/experiments/FPFH/features/voxelgrid_0.1//planetary/p2at_met/ --output_dir=/benchmark/experiments/FPFH/results/voxelgrid_0.1/TEASER/
id;initial_error;final_error;transformation;status_code
27844314100030;8.25514805978553;0.027656776387714806;-0.9643437337167774  -0.26344856397672645  0.025219385000156858  -56.881400357867584  -0.22778829351854843  0.8747526776582772  0.427691765487228  -8.50758263697428  -0.13473550600006326  0.4066971933371007  -0.9035727620699019  3.3830720084974817  0.0  0.0  0.0  1.0;ok
27844314100061;18.254613262465206;0.14278399828042845;-0.8626834732595268  -0.5030637472331136  -0.0520008767681483  -90.013387010874  0.5057145991334668  -0.8569479366997533  -0.09946345062038243  -121.6882818182267  0.005474412128782653  -0.11210307759296186  0.9936815037053024  -2.534360505517961  0.0  0.0  0.0  1.0;ok
27844314100092;11.393036961200517;4.756546059360616;-0.06584803760622826  0.06840024733941588  -0.9954825172283617  -46.90406819971398  -0.44605575356645394  0.8903990571448728  0.09068508006163342  -39.03008371507715  0.892579576650548  0.4500121389467495  -0.028120706728310713  81.03135197342245  0.0  0.0  0.0  1.0;ok
27844314100123;5.730996620559002;6.4574051836086355;-0.47796139139937477  0.6817627102483309  0.5538524309294157  -38.23129229732433  0.8549037758205181  0.21625294924538396  0.4715656858068595  33.05153750507749  0.20172367838058605  0.6988807257733773  -0.6862020757204708  7.129394647461411  0.0  0.0  0.0  1.0;ok
27844314100154;17.463252890934854;9.344631686598868;-0.20295802914432062  0.908372772539158  0.36560490220370084  54.431443042648674  0.6710748835351552  0.40093709099172664  -0.6236248469676067  -56.280821717182725  -0.713068397206139  0.11877859730025626  -0.6909595543367588  -23.974149373700502  0.0  0.0  0.0  1.0;ok
27844314100185;21.245538911824962;8.41739348578704;0.005751682344184333  0.30239301228218424  0.9531659793934729  -34.79084434373354  0.49740931031806007  -0.8277610580879545  0.2596066422918009  -4.208438720099038  0.8674969142072633  0.47262045748784276  -0.15517411834728975  14.487962847891724  0.0  0.0  0.0  1.0;ok
27844314100216;3.735345017791834;2.5688460262851267;0.4099439780838109  -0.7995229309435009  -0.43898635255362295  -63.3003302254131  0.8811971554855688  0.4714019360917601  -0.035662134163317684  -54.53712358093419  0.23545171054159403  -0.3722140480213685  0.8977857174507642  -44.61944911538073  0.0  0.0  0.0  1.0;ok
27844314100247;13.271217594661488;8.449921198700855;-0.7752229224608089  0.6259714315094644  -0.08478907609660323  13.71832481087746  -0.6162459717267116  -0.7199315443867775  0.31927961683682726  -119.360362131423  0.13881758830178656  0.2997638042373737  0.9438598088949518  35.13145069998165  0.0  0.0  0.0  1.0;ok
27844314100278;11.802091764094445;8.905160015653317;0.6305671998985861  0.3366391806578485  0.6993275830811121  22.438505787516736  -0.43019102585528335  0.9015602296479722  -0.04609591728857867  -13.928460311790442  -0.6460036282294676  -0.2717778768831436  0.7133134640193294  -45.41592040484287  0.0  0.0  0.0  1.0;ok
27844314100309;7.4786449486017155;0.24622426328540756;-0.9296303127468541  -0.06862229916329216  -0.3620475958761902  -2.5278386759854232  0.36465059032258845  -0.029789200802283262  -0.9306677981390292  -67.34667576766515  0.05307945553199911  -0.9971978658085389  0.05271610595749317  -58.566790904564506  0.0  0.0  0.0  1.0;ok
27844314100340;12.129267711204053;6.642551888959674;0.14998861599981672  0.9885476820033391  0.016640176570149295  45.683572853919195  0.8992818930530089  -0.12941209321781183  -0.41778533597528456  -64.30168364550173  -0.4108472853718965  0.07762725381469138  -0.9083933716005052  -26.504281262496303  0.0  0.0  0.0  1.0;ok
27844314100371;7.9537134708169095;0.04325158144060507;0.29503691105172614  0.6304544810638963  -0.7179696152508893  17.813076291271138  -0.8407597557595473  0.528301180194175  0.11840986487868882  -37.95497246624093  0.4539562249955425  0.5687046775892536  0.6859291038262646  49.281341205502414  0.0  0.0  0.0  1.0;ok
27844314100402;10.041005189608843;7.358023334416743;-0.7515350350269238  -0.1459052334545185  0.6433558533017815  10.95282155323784  0.024590074214087352  0.9683614388270437  0.24833737544510692  0.6903503897355571  -0.6592347225209136  0.20245440633239087  -0.7241697273287342  -11.092291103159653  0.0  0.0  0.0  1.0;ok
27844314100433;14.948099295064864;0.1385186829925301;-0.6224993897511486  -0.6517959518835769  -0.43319342892942164  -30.38538616363361  0.6375288894239372  -0.743372580684509  0.20237124656515743  -175.13922284299818  -0.4539288764876383  -0.15019734816113162  0.8782877271691972  -5.123770005377242  0.0  0.0  0.0  1.0;ok
27844314100464;4.885279199605914;0.0909090768838225;0.17148667424267916  -0.33771144485901183  -0.9254962455723006  -24.668155336154662  -0.3215079929357589  0.8687973866188864  -0.3765948904095927  -8.482206966552921  0.9312491240455503  0.3621354456766579  0.04041024559394804  5.398835784607049  0.0  0.0  0.0  1.0;ok
27844314100495;16.561379805028597;0.13762631985405008;0.2440914924884675  -0.9693957572454044  0.026290856383180877  -7.379542812975116  -0.9621119785226633  -0.2386829497491979  0.13179905266058461  -32.41524211209646  -0.12149026330516417  -0.057465775324365656  -0.9909277474106835  1.432388920156137  0.0  0.0  0.0  1.0;ok
27844314100526;4.988304393065182;7.59441512871862;-0.3746236383483204  0.8665367446907934  0.3298047902795672  33.898289365387676  0.9047049033593421  0.41947599817774645  -0.07449110544452103  -9.034224632315052  -0.2028944736266377  0.2704698819711091  -0.9411056664999443  0.9779401932629787  0.0  0.0  0.0  1.0;ok
27844314100557;9.320673570551051;0.08705801522721442;0.2441378899564604  0.9602392385160553  -0.13541527056323177  -8.211151287837037  -0.18388771854912284  0.18294837799889127  0.9657718146406914  -3.566931116416203  0.9521459959766709  -0.2108802878452155  0.22124083380767082  20.331637686457853  0.0  0.0  0.0  1.0;ok
27844314100588;15.876582942655952;11.48124487901338;-0.15316928121869627  -0.9874742078704357  0.037866344972860344  -25.68710133474449  -0.9819511637583446  0.15639135860334588  0.10636566620782124  -20.623725325604898  -0.11095532111882817  -0.02089094887397553  -0.9936057995858132  -18.728849694889092  0.0  0.0  0.0  1.0;ok
27844314100619;9.309458685747938;11.708170091699364;-0.845316481321339  -0.5149856203390342  0.1422317026915237  -53.126508361083815  -0.4577282377169696  0.8353842688866122  0.3043320287010521  -31.765893825763307  -0.2755447455551046  0.19215341303448313  -0.9418875511737973  -4.268679353611465  0.0  0.0  0.0  1.0;ok
27844314100650;9.597630741965057;8.251908671777274;0.37088030774430725  -0.06226164766425897  0.9265912176130423  -28.595768633525566  -0.21865806627415893  0.963845280212284  0.15228567189906156  -8.184056754967385  -0.9025721286305792  -0.2590864007288589  0.3438572226617199  -30.184860262333785  0.0  0.0  0.0  1.0;ok
27844314100681;7.297471098873371;0.12114803130786318;0.8322928579179474  0.054845588623760905  0.5516163159908258  3.5760055654490013  0.5021373981326882  0.34695873022374824  -0.7921348830332245  -3.01320156600851  -0.23483320049624987  0.9362753873353926  0.2612312519869142  -2.4428834031268463  0.0  0.0  0.0  1.0;ok
27844314100712;8.650942383577325;0.06685162479138748;0.5487459265674427  0.7742847787344841  -0.315215782434397  5.136329587735818  -0.6210026707986898  0.6299709628287384  0.46636066392173914  -15.42145634883137  0.5596727534341224  -0.06016367186868324  0.8265269152609279  5.749651961841353  0.0  0.0  0.0  1.0;ok
27844314100743;12.733448885097749;5.1678047818385435;0.2921806865050908  -0.8234559763703903  0.4863647822502171  6.757491940493521  0.7383154494409871  0.5174654486147245  0.4325734696057012  -3.082914811802016  -0.6078821790036015  0.2327010194860542  0.7591636793076869  1.7191951055143813  0.0  0.0  0.0  1.0;ok
27844314100774;4.598125342275049;6.286518248927067;0.9795313695984489  0.13663036271180842  0.14781894316300578  -2.1025536218664103  -0.12616969745549816  0.9889365064535247  -0.07801149689300235  -3.9657034214889615  -0.1568422883554571  0.057764437058959686  0.9859329421389097  0.5467258390223945  0.0  0.0  0.0  1.0;ok
27844314100805;11.913189233062756;6.199907659944767;0.056567318663729854  0.7580104113230554  -0.6497848526897575  -23.505327376794042  -0.9728655309408781  -0.10439798128879159  -0.20647934572239676  -10.659222499031046  -0.22434972067359474  0.643833268656318  0.7315366873951045  3.793255026497852  0.0  0.0  0.0  1.0;ok
27844314100836;8.640990576611113;10.03137560152933;-0.8363371724724088  -0.5365032035992031  -0.11271400298387446  -80.90769678625377  -0.505426493808624  0.834218862416118  -0.220506119972846  -36.045517146340245  0.2123303871262367  -0.12744882155967727  -0.9688511777284846  -2.5473787032024147  0.0  0.0  0.0  1.0;ok
27844314100867;6.409696132856093;8.726949663428412;-0.41728997671551915  -0.3921148969716693  -0.8198261906682776  -35.893627166769186  0.3087431485836014  -0.9096361337919535  0.27792044239802116  -147.18736301847073  -0.8547202720980973  -0.13714230446118672  0.5006448289872067  -22.213452877847498  0.0  0.0  0.0  1.0;ok
27844314100898;22.51393585655328;10.858614086010881;0.4069582697699174  -0.9132101555922157  0.020788900623111957  13.7176108323491  -0.19112286305156762  -0.10738189241584252  -0.9756747308402344  6.593614777066676  0.8932284242481577  0.3930856661141877  -0.21823528864672237  -5.415968742034123  0.0  0.0  0.0  1.0;ok
27844314100929;11.356473587102732;0.07696668331058251;-0.28560011295507315  0.3473503193817625  0.8931854964706031  -5.4686242362762405  0.8652150160737292  0.49423750659678756  0.08445272661984549  22.9605692042305  -0.4121110911399814  0.7969172119476272  -0.4416869998777832  -21.511667532104173  0.0  0.0  0.0  1.0;ok
27844314100960;8.931837190512656;11.871134081995194;0.8352672250478835  -0.30652318603379397  0.45647803800894976  -22.385283922406455  -0.5493496151650311  -0.43001479656375435  0.7164511672502635  -118.18382589850856  -0.02331658377294142  -0.8491942128629504  -0.5275656601421614  -54.34090102020943  0.0  0.0  0.0  1.0;ok
27844314100991;2.730399263403318;0.03378858108601183;0.963094277655141  -0.013311634550050522  -0.26883491725132563  -4.48738534197752  -0.19439388705879154  0.6564254034656136  -0.7289147456041614  -2.41134777622266  0.1861731157339721  0.7542734849314352  0.6296118494019097  4.110653065549317  0.0  0.0  0.0  1.0;ok
27844314101022;3.041428404015584;1.4041098181495457;0.47716278746243374  0.761486766159774  -0.438695314796738  -15.96677644695745  -0.7037836252276005  0.6300695486522381  0.3281782636352712  -8.47584588414647  0.5263119636893847  0.15215212395722405  0.8365676589808678  10.001387346316848  0.0  0.0  0.0  1.0;ok
27844314101053;13.922293338744243;12.265778314146011;0.04192319354258879  -0.0015411706311095064  -0.9991196478081467  -24.991654666132053  -0.9964661912169838  0.07278390941634735  -0.04192412541234404  7.515456937274146  0.07278444617298155  0.9973465432452042  0.0015156094924506022  -22.275379104529993  0.0  0.0  0.0  1.0;ok
27844314101084;10.548695585317239;4.822952572810903;-0.25711206294202826  0.9089441367249217  0.3281980246788246  69.72890639350797  0.9425792600255775  0.3107853177253083  -0.12229809833359978  -57.86439197564787  -0.21316126678956038  0.27790833488718375  -0.9366585459712112  6.395080612203992  0.0  0.0  0.0  1.0;ok
27844314101115;4.29501463992423;6.513266518990244;-0.8365137266766316  0.4592661832052362  0.2988634438094893  34.8356627772893  0.48949277629802446  0.8714596297013114  0.03090203476966058  -7.49563643951705  -0.24625516651153878  0.17214147311135514  -0.9537954215666098  18.068990681817738  0.0  0.0  0.0  1.0;ok
27844314101146;10.908480138287771;2.3737035934394966;0.8660160657411233  0.4817516403692101  0.13390866618647806  63.38792805542386  -0.49955258576696027  0.822079171104214  0.27319050219609164  -24.459045907303953  0.02152644726400465  -0.3034817843597607  0.9525940471313086  -29.549851134157084  0.0  0.0  0.0  1.0;ok
27844314101177;7.524206711807631;0.11132343317564165;0.8932162678701024  0.36336007947441634  0.26482853217988334  19.04832634247653  -0.2703682621790968  -0.03655957423726257  0.9620625761029507  -65.1244766185908  0.35925715249450535  -0.9309311737050902  0.06558542677762885  -41.82568659758719  0.0  0.0  0.0  1.0;ok
27844314101208;16.922230612888896;9.996295112743326;-0.41732960832927846  0.6729775350041695  0.6106858729260438  64.59023162791514  0.8385217552088265  0.026121668568584652  0.5442416048711293  -110.08552442830076  0.35031023972079445  0.7392015258445466  -0.57520764958044  67.19962964694166  0.0  0.0  0.0  1.0;ok
27844314101239;4.364180913661012;5.789147221090418;0.46774251959737284  -0.8090897135179689  0.35579596799304997  -74.15620573013061  -0.4368590186213688  -0.561566693157248  -0.7027069424629353  -142.96250522740638  0.7683561239489637  0.17325323839929588  -0.6161267582034408  15.856146596500654  0.0  0.0  0.0  1.0;ok
27844314101270;10.750787185090434;0.8616782631715687;0.09810567742498456  -0.7084457438496679  0.6989133738012714  -30.377583415213415  0.9826431374142242  -0.04214723251029856  -0.18065457449079966  -63.20197835358947  0.15744122887513934  0.7045056698231846  0.6920144656271808  27.401123645333687  0.0  0.0  0.0  1.0;ok
27844314101301;12.136609705377092;0.21320683555840717;-0.8657673814648529  -0.27281904002493346  -0.41954333815634015  -28.268274870097503  0.026030976062333296  -0.8617528870177964  0.5066599944753233  -22.085294423726705  -0.49976917619710587  0.4277285741172387  0.7531792863634134  -2.4886010369257123  0.0  0.0  0.0  1.0;ok
27844314101332;6.93511248720397;10.093061506981163;-0.5636256215683002  -0.7962775158162069  -0.2197004244814215  -61.89078494309157  -0.2627952860172344  -0.0792977602285459  0.9615874910115332  -88.57324479368502  -0.7831122501652406  0.5997115832033811  -0.16456372812022477  51.6998566135402  0.0  0.0  0.0  1.0;ok
27844314101363;7.846083934233326;6.670125233564621;-0.8300942696305539  -0.5064126006421934  0.2334304638159454  -28.078802529699065  0.1243136970740656  0.24001977373055305  0.9627754737934032  -69.83836403804317  -0.5435895586251586  0.8282130077034193  -0.13628501614103075  77.01077789770076  0.0  0.0  0.0  1.0;ok
27844314101394;13.188485369631842;0.04728003799808655;-0.37612283191563883  0.9114479695349267  0.1667159684685908  12.734423284195765  -0.8316376261832308  -0.25274286177643496  -0.4944693160726758  -95.17949814613661  -0.4085467831571824  -0.32462847172070064  0.8530567866913673  -46.9275306070841  0.0  0.0  0.0  1.0;ok
27844314101425;12.438216353383408;6.812605351932191;-0.3383814738528328  0.7718264473894587  -0.5383139541785559  48.50060959710616  -0.9377906240224252  -0.32386759220948547  0.12513404098030834  -105.00042017725976  -0.07776068189525778  0.5471688202251642  0.8334023989193857  51.78847264702691  0.0  0.0  0.0  1.0;ok
27844314101456;13.306910692380827;5.937635566986457;0.4255425693337403  0.7898047020178972  -0.4417262210411106  84.76801613489638  0.9022442908155657  -0.4079336478968132  0.13980478748711272  -134.22951245751327  -0.06977651019903959  -0.4580378495102998  -0.8861899158986315  -58.647271321037046  0.0  0.0  0.0  1.0;ok
27844314101487;11.82313236946607;0.01791113757093632;0.2594122897068788  0.04624574331493306  0.9646587972823778  4.749781551772098  -0.8803417041897574  0.4220474148855099  0.21650511183972368  -12.267718684023615  -0.3971193118110819  -0.9053934563567971  0.15019634274170945  -0.4452361669393935  0.0  0.0  0.0  1.0;ok
27844314101518;11.362927960665322;0.032797161592199184;0.00983453154037852  -0.28503628759238087  -0.9584662731389842  -15.633271736704334  0.9523478515286219  0.2948918181712839  -0.07792551099897686  -0.9390065278620429  0.3048554603056975  -0.9120269350908379  0.27435381898310335  -5.627494948181566  0.0  0.0  0.0  1.0;ok
27844314101549;8.602285728694131;0.015514481426512801;-0.5619082034992026  0.8066920642130407  0.18304940419461033  -37.986662328680346  -0.8133661758403133  -0.5791141050313309  0.05533820879523725  -11.685319936915333  0.15064738576956233  -0.11779120039062238  0.9815450057288928  5.729789567855708  0.0  0.0  0.0  1.0;ok
27844314101580;8.529178899059035;7.787515773725583;-0.7593518446883849  -0.468807583688175  -0.451225249121547  -68.36828171898293  0.618815436203514  -0.30595876996345833  -0.723503066336766  -42.17080373361811  0.20112740212264094  -0.8286185374217158  0.5224357257658544  -41.308865706930796  0.0  0.0  0.0  1.0;ok
27844314101611;6.93882088669962;0.05257456572038182;0.9931383148063991  0.035065722336049696  -0.11156470221605695  -4.677272628090228  0.09124546537477522  0.3643563595063608  0.9267786727886076  10.537633385088501  0.07314747235583163  -0.9305991824648906  0.3586566727158858  11.326908134005999  0.0  0.0  0.0  1.0;ok
27844314101642;12.547467573926795;8.717055713886019;-0.10814612158791864  0.9939348215453044  -0.019949609148940464  20.093488179153105  0.9670722757558408  0.10983135090817454  0.22958285611540263  -23.18608552289715  0.2303814876458423  0.005535781551852605  -0.9730846444542728  -4.006083832128433  0.0  0.0  0.0  1.0;ok
27844314101673;7.735611437978944;6.210946453429197;0.784712486805048  0.6179283570488106  0.04889640689452818  -15.732548695879403  -0.6198463955046732  0.7827711410455184  0.05531533897719363  -11.333701696192302  -0.004093779684080579  -0.07371489877396106  0.9972709534858841  -11.474214731915431  0.0  0.0  0.0  1.0;ok
27844314101704;7.852471669750546;7.053099087952398;0.5784318992644184  -0.7295971982369064  0.3648348478945138  -46.47300293701861  0.7225551415008256  0.6658345295216812  0.1859528079577236  -44.91768515861414  -0.3785902869911987  0.15605225926431515  0.9123141383177311  18.532115823440623  0.0  0.0  0.0  1.0;ok
27844314101735;7.401041431938578;12.959110458628455;0.18925315471953527  -0.11923951102360879  -0.9746615732855968  -37.19679822422493  -0.801526535811576  -0.5921437553844333  -0.08319245968906018  -102.25073796088331  -0.5672199360200584  0.7969615498692967  -0.20763870595659598  42.44106375114131  0.0  0.0  0.0  1.0;ok
27844314101766;17.078219758060158;0.6669523493387064;-0.742079002980269  -0.17111984851584094  -0.648102423062687  6.913294266326092  0.6498643952892278  -0.4206522534965845  -0.6330307649424415  -60.56302956013626  -0.16430161615509847  -0.89093752815344  0.4233619017538798  -42.54975158731988  0.0  0.0  0.0  1.0;ok
27844314101797;5.658008245397112;0.24028136940748276;0.17292625519515553  0.38541336787181635  -0.9063956344388933  32.9312421083817  -0.7961578069748207  -0.48707900076999733  -0.35900806871426344  -97.83804490847567  -0.579852788781105  0.7837158814740233  0.22262111415625113  51.426730344957086  0.0  0.0  0.0  1.0;ok
27844314101828;12.5320886344847;10.671843557776455;0.3454706543107027  -0.5378225434494419  -0.7690233668541606  -16.005877433144686  0.45166630761668  0.8136129247650641  -0.3661032029621603  13.439028789354142  0.8225859065009871  -0.22086403150538486  0.5239957118270515  16.51864894256708  0.0  0.0  0.0  1.0;ok
27844314101859;13.4529944032253;0.26748416605877384;-0.5077757445048627  0.7583110202552512  -0.40881314784626455  8.322397863175558  -0.8520034164840936  -0.5122664266225648  0.10804298429227285  -121.5977527649466  -0.12749106475343278  0.4031718054561703  0.9062000461781315  39.052580273611916  0.0  0.0  0.0  1.0;ok
27844314101890;10.240194061984758;4.063628964588721;0.029993589601124457  -0.9778475147554715  -0.20715844773841063  -87.33411106839401  -0.4464904558813711  0.17231863961796395  -0.8780390419833621  -67.51982104314996  0.8942855569613574  0.11882981244941351  -0.4314311280883109  23.73014474996383  0.0  0.0  0.0  1.0;ok
27844314101921;5.397783735251671;4.933059194037047;-0.808712195981519  -0.5728983715905158  -0.13331181455401742  -23.587271965661937  0.4588397539222392  -0.4726263275390734  -0.7523898156790189  -45.69765773893488  0.3680362268735629  -0.6696355802568021  0.6450872230658484  -28.764822707770783  0.0  0.0  0.0  1.0;ok
27844314101952;13.302221162145246;3.986977998655288;0.4751180924977895  0.8539553092668849  -0.21218654046890567  -28.540464065128894  0.5891377492857156  -0.4878363965415149  -0.6441524373748442  22.19470659293167  -0.6535897111704134  0.1810413764427642  -0.7348772070678792  -25.920703201279856  0.0  0.0  0.0  1.0;ok
27844314101983;10.786030333388112;8.84371423531582;0.9709361928138655  0.20985978138955955  -0.11507294051706052  -5.819560870912182  -0.17656999267306756  0.9526524284834144  0.24754067987320175  -2.117775668021808  0.16157334919951832  -0.2200277770186766  0.9620196620488952  12.936147375041902  0.0  0.0  0.0  1.0;ok
27844314102014;18.0742117342998;0.18323344507499237;0.25653743383628547  0.8342544927157685  -0.4880655554577168  35.143890672435816  -0.7373783508628163  0.4953915226241896  0.4591953908641945  -14.337900761671632  0.6248693565214463  0.24208816719460502  0.7422476719969081  0.2657404662021953  0.0  0.0  0.0  1.0;ok
27844314102045;5.527522965939232;8.900915502850223;-0.7902773638904714  0.30059341047875193  0.5339525163336896  -2.8644424177789225  -0.045294028968787994  -0.8976778187583269  0.43831835992696744  -136.42368569907651  0.6110729408688469  0.32220821728510357  0.7230295468733307  26.137660541761225  0.0  0.0  0.0  1.0;ok
27844314102076;12.493376219654579;4.201230486453558;-0.8931144378859929  0.2200917229917852  -0.39230885066500265  -39.28091893599752  0.32201559871188906  0.9217746869959991  -0.21595689523526  -7.87695201611034  0.31409004286320774  -0.319203790522507  -0.8941232493846988  -30.7440827590821  0.0  0.0  0.0  1.0;ok
27844314102107;8.343901768612296;0.13949858135474816;-0.10513006655371049  -0.9798785840592227  0.16966328302996125  -17.753099363270003  0.980243041747386  -0.07336409299530675  0.18368802074389043  9.085013998998335  -0.16754476480106542  0.18562238647606155  0.9682319357605838  -7.975127587069913  0.0  0.0  0.0  1.0;ok
27844314102138;13.87509329082704;4.215005254557564;0.16477149496709498  -0.9237964495313572  -0.3456160793128224  -89.59948192459484  0.9469524371588345  0.050139816726148034  0.31743830981406773  -29.605566620231947  -0.27591925667711603  -0.3795867734944502  0.883052911881741  -33.7925470845181  0.0  0.0  0.0  1.0;ok
27844314102169;7.705699284700314;7.866624260555097;0.14180069629838288  0.04368273141985815  0.9889309285814628  -11.553704719593497  -0.7774649635206041  -0.613469349783248  0.13857700882334778  -8.7543970525998  0.6127322359948111  -0.788509464656082  -0.05302858776716038  -10.522782416088807  0.0  0.0  0.0  1.0;ok
27844314102200;9.927306232657786;0.10186498926271013;0.7245077437383085  -0.3753681837554015  -0.5780893148012664  -14.811860825979686  0.6435603144562809  0.6687240511127741  0.3723415973541684  12.039091044813306  0.24681703936349128  -0.6417997118163049  0.7260678198297659  5.686039733291985  0.0  0.0  0.0  1.0;ok
27844314102231;10.28777172044756;0.7563596934457367;-0.754648822845097  -0.47527006224866486  0.452353315571645  -46.164912378723486  -0.6053403065580248  0.7702832776708706  -0.20056616214321524  -18.19376163724073  -0.25311710221703027  -0.42518471288461446  -0.8689934939310432  -24.233648488089184  0.0  0.0  0.0  1.0;ok
27844314102262;8.065900053936286;6.734617877251974;-0.34397526281635393  -0.8735581738780411  0.34435030916391296  -49.790689237198414  -0.8585496294704746  0.44110145983586324  0.26138484245797666  -17.36032853786013  -0.38022828972412215  -0.2057319104600271  -0.9017210370796155  -13.519821036794557  0.0  0.0  0.0  1.0;ok
27844314102293;15.344797082982101;0.17167807148105635;0.2393569704256884  0.8574451323007984  -0.4555173825468166  61.30898110403402  -0.16463194052034702  -0.42651970843591297  -0.8893690249138713  -112.41374505001417  -0.9568722824228644  0.28786938602326423  0.03907239078233825  13.168330064218596  0.0  0.0  0.0  1.0;ok
27844314102324;11.120662815269634;0.1031990506423013;-0.2736171666857214  -0.4695178764002926  0.8394561393160674  -23.907941608811857  0.4575658420715913  -0.8312181809520771  -0.31576864287645  -10.240062453954572  0.8460302277485084  0.29770673387627394  0.44227090605253205  9.242318198260401  0.0  0.0  0.0  1.0;ok
27844314102355;17.817093029370866;4.375642984776829;0.007409790057607606  0.999608377430562  -0.026984936204141274  17.23584582152557  -0.9997738415740501  0.007943564481960185  0.019727277754102785  -6.07320937920127  0.01993390868767989  0.026832658346879035  0.9994411677184757  -8.12215622111989  0.0  0.0  0.0  1.0;ok
27844314102386;12.63937571910971;6.042913608270062;0.27918353776989924  -0.6381111282291924  -0.717544939546193  -61.30395903835805  -0.15833972757695985  -0.767621035693057  0.621036614244581  -144.16835755419442  -0.9470929642380079  -0.05976732879747201  -0.31534549861901806  13.896206702933288  0.0  0.0  0.0  1.0;ok
27844314102417;4.852742947577122;0.45602193706029504;-0.2870368321177266  0.6628426964464251  0.6915557944052325  -30.15629777512527  0.09451889448319006  -0.698814327446332  0.7090308274972301  17.541302915581838  0.9532450029208102  0.2688830517592419  0.13793429190430181  7.856636061657716  0.0  0.0  0.0  1.0;ok
27844314102448;8.862722967927091;0.05462945602798173;0.2120827382949217  0.6833847735696446  0.6985743792685883  -14.21787412256478  -0.9187594559479493  -0.10416451370617877  0.38082911678413534  -31.089286696873  0.3330194802463619  -0.7225890985459998  0.6057747274679935  2.045622455119451  0.0  0.0  0.0  1.0;ok
27844314102479;8.845893092482761;4.3996433150503576;0.7308540417772804  0.10340566172938503  -0.6746551998911176  -6.467224336197607  -0.6374365489750539  -0.24992796256507716  -0.728841999036036  -92.3317829932068  -0.24398158874921078  0.9627270031791875  -0.11674631343658659  73.51535144762424  0.0  0.0  0.0  1.0;ok
27844314102510;12.811880642128816;13.307847245060325;0.3987811607623846  -0.40843897944838603  -0.8210671019400103  1.0313663823332557  -0.5233535875279198  -0.8365803319528259  0.16197027693794874  -19.27761971180086  -0.7530435633100266  0.36511771835513646  -0.5473704810276839  -25.164771327962484  0.0  0.0  0.0  1.0;ok
27844314102541;16.75524676312348;2.719949779287848;-0.5750005563262306  0.4406400395639228  -0.6893552899322885  30.340116406528637  -0.7149589184138397  0.1390041298698555  0.6852091628544058  -17.053803061680846  0.3977538248779477  0.8868563623339623  0.23511207408964324  5.996409589864067  0.0  0.0  0.0  1.0;ok
27844314102572;6.047632253573598;6.490782850948656;-0.948194081114512  -0.10139553563297984  -0.3010762858365096  -20.172827213525636  -0.06834472277085199  -0.8604056406113992  0.5050060717194034  16.87584549076955  -0.3102530957279586  0.4994207434196032  0.8089016860122306  -0.4721754341649615  0.0  0.0  0.0  1.0;ok
27844314102603;5.000465737456724;0.13200758051141073;0.5807000335514307  -0.8051203810667924  0.12070063390153121  -48.03184326689911  -0.2758407285964605  -0.33406935943048777  -0.9012821730940198  -87.69240464427658  0.7659630301005022  0.49008043735755075  -0.416079080751113  25.634178195627367  0.0  0.0  0.0  1.0;ok
27844314102634;4.837279463026094;0.03152955497983606;0.9346045681233675  0.12340927887642672  -0.333593242033069  8.330510994711075  -0.3465402828030134  0.10458767800578632  -0.9321862743058201  -31.356454849383727  -0.08015069330792324  0.9868290467434353  0.1405144080359762  44.98652246663593  0.0  0.0  0.0  1.0;ok
27844314102665;12.464679482752736;0.1257845727307813;0.09923473709462301  -0.5626366286292727  -0.8207268066040283  -9.36298149643036  0.0978599760071121  0.8263177932917257  -0.5546371152252437  -5.995854587507396  0.9902403203514024  -0.02527703729036678  0.13705903595229654  -20.010951055280767  0.0  0.0  0.0  1.0;ok
27844314102696;10.865537007457503;3.0009842743441864;0.4066920991354103  -0.9118653813820028  -0.05570514103642682  -74.12353597966433  -0.8041562705184673  -0.3283856344072047  -0.49547509291669567  -98.46700475673924  0.4335138164887762  0.24630144407216167  -0.8668341072900304  3.70638415210172  0.0  0.0  0.0  1.0;ok
27844314102727;12.326628246065493;6.102907388322758;-0.5888646458469803  0.804000593743162  -0.0825922159295458  49.171121828699434  -0.8011626557147711  -0.5671727065900193  0.19092804924213438  -99.44715543235365  0.10666221430087196  0.17860057715470706  0.9781232058797301  15.95068742977671  0.0  0.0  0.0  1.0;ok
27844314102758;6.140195247438461;13.454176367148442;0.17369845267440734  -0.008733412622437459  0.9847601611775743  -21.106654869416776  -0.9229389131393705  -0.35026219290786886  0.1596876915497471  -130.58505367970344  0.34352963504133527  -0.9366109777935219  -0.06890040729219182  -52.59565923221173  0.0  0.0  0.0  1.0;ok
27844314102789;11.797536463677934;0.05682999089616078;-0.641537843684426  0.718612753554226  0.26837456203960613  -16.108391727240658  -0.5887162129856378  -0.23695035880922952  -0.7728309957733492  -18.225972384701098  -0.49177476113418633  -0.6537967863865587  0.5750716011263494  4.946827932698836  0.0  0.0  0.0  1.0;ok
27844314102820;13.718009843600706;0.03978513015081378;-0.0714039138912976  -0.9973885403434873  0.010843462200444354  -17.482868709223975  0.9168548118264848  -0.06991163440289802  -0.3930516726916922  6.239915090771521  0.39278331827055196  -0.018123547296372097  0.9194524467974245  -7.726623761823759  0.0  0.0  0.0  1.0;ok
27844314102851;14.126286126457847;0.05595994809458803;-0.7429501034100576  0.00957183210558453  -0.669278360529554  -17.219132582230067  -0.44548840360997394  -0.7533418981453112  0.4837520715695769  -17.385949579446613  -0.49956503689912324  0.6575594000004581  0.5639595813345276  -15.971314910932442  0.0  0.0  0.0  1.0;ok
27844314102882;16.65338089129532;0.16079829950697097;0.026355339757132286  -0.32109775041196764  0.9466792649818947  -75.49228237219504  -0.9157260336375245  0.37206860948796333  0.15169304912282866  -89.69499115197785  -0.400937934579373  -0.8708967702971852  -0.28423157477866373  -99.11868400801072  0.0  0.0  0.0  1.0;ok
27844314102913;3.662859722906877;1.5703309938573446;-0.6146934299711897  -0.746511654350036  -0.25470048502079284  -19.973154831188204  -0.5835737948972683  0.6476644354089245  -0.4898697837340466  -15.16740583511548  0.5306539485007684  -0.1524832089969671  -0.8337597123359538  8.142738935611685  0.0  0.0  0.0  1.0;ok
27844314102944;9.7034436009263;0.08683131377240601;0.6115006581001718  -0.7912354093967104  0.003670430475715636  -18.44507915970507  0.790496706021775  0.6107150581140854  -0.04628256217446099  17.247767510237832  0.034378814868757976  0.031203280428980136  0.9989216447643381  3.7613594323139328  0.0  0.0  0.0  1.0;ok
27844314102975;6.173692397081572;7.9861418417867736;0.3770967553919964  0.4022500554256956  0.8342619073066058  24.93443706524859  0.7715725223807547  0.36182537874332854  -0.5232191108935601  -38.82656748063562  -0.5123220469390615  0.8409977932237825  -0.17392191355001257  59.595977554993425  0.0  0.0  0.0  1.0;ok
27844314103006;8.779325929271323;9.664693342553013;0.636337733510846  -0.25927270503857147  -0.7265342065809851  -15.247078754844177  0.357576489635692  -0.7353925701250075  0.575618642735581  -96.7963557998426  -0.6835300600340092  -0.6260794136744303  -0.37524821758802024  -20.63056839104638  0.0  0.0  0.0  1.0;ok
27844314103037;4.98361238919058;7.179481876397823;0.4929479875978486  0.7985877673124273  0.3453402082326706  -12.89698118065997  -0.6116288924427178  0.6003567379725745  -0.5152493426489974  -15.829641414948794  -0.6187991430605941  0.0427710774926516  0.7843839974639919  -0.8201652074320593  0.0  0.0  0.0  1.0;ok
27844314103068;8.080951116258568;0.25266378119386285;0.37907069535639154  -0.7733126176737082  0.5082253469364361  -34.3958811476086  -0.652371818638015  0.16618694829436204  0.7394544667953109  -30.011532730671913  -0.656289888821207  -0.6118574127713465  -0.4414907567184201  -27.978685538079322  0.0  0.0  0.0  1.0;ok
27844314103099;5.354242761696008;0.03538133888213946;0.7260469378621622  0.6873304757756798  -0.020800506987921713  26.607869260381722  -0.6756960420943033  0.707489514896291  -0.20710732727236988  -7.323461491178569  -0.12763503719226585  0.16442446102021435  0.9780970779524603  12.723487389877034  0.0  0.0  0.0  1.0;ok
