# registration_from_features.py TEASER TEASER_config.json euclidean True --use_random_keypoints=True --n_keypoints=5000 --input_txt=/benchmark/point_clouds_registration_benchmark//tum/pioneer_slam3_global.txt --input_pcd_dir=/benchmark/point_clouds_registration_benchmark//tum/pioneer_slam3/ --input_features_dir=/benchmark/experiments/FPFH/features/voxelgrid_0.1//tum/pioneer_slam3/ --output_dir=/benchmark/experiments/FPFH/results/voxelgrid_0.1/TEASER/
id;initial_error;final_error;transformation;status_code
39885980090030;15.205318337116758;0.08714631332248153;0.5825321039267936  -0.657294486193277  0.4781425585686129  14.152141484816719  -0.8111404844105231  -0.5077693977938688  0.290209154256571  11.339590015744344  0.05203328208834572  -0.5568969357825272  -0.8289501435376838  0.28315348580562455  0.0  0.0  0.0  1.0;ok
39885980090061;13.318166755923231;0.04710304560972734;0.7699341504822627  -0.5135480760366544  -0.37877404546801763  3.2241661556553756  0.6347543219011094  0.5554413510359199  0.5371888461121059  10.15912778074166  -0.06548553083712566  -0.6540285002646625  0.7536301255208268  0.037802601987077085  0.0  0.0  0.0  1.0;ok
39885980090092;16.131758473986306;0.06583255843699512;-0.49433326675060996  -0.8420724421913399  0.21575130007854673  8.41498707934666  0.1339103850140375  0.17146625187620523  0.976046788454795  12.250092942893145  -0.8588961696090298  0.5113837370990975  0.02800077251610554  7.865041884862625  0.0  0.0  0.0  1.0;ok
39885980090123;12.985542941208589;0.09588319393414292;0.4937883923021076  -0.6701001626865618  0.5542010425785421  8.406984329439927  -0.3439826347163413  -0.7358564006432595  -0.5832592087965268  -3.6748880481805566  0.798654475127576  0.09737109221832616  -0.5938601685236234  -9.041037407677694  0.0  0.0  0.0  1.0;ok
39885980090154;12.128119033469892;0.07984113187227192;-0.7015974381599054  -0.6663684805513039  -0.2524164869718364  11.083226320983686  -0.7048897608654479  0.5971490843607627  0.3828098693531218  -0.12267735093874228  -0.1043621569080905  0.44650422078055263  -0.8886745866911251  10.287462024856241  0.0  0.0  0.0  1.0;ok
39885980090185;6.628057703543316;0.07973398534350586;-0.7460447312118296  -0.6649947991900906  -0.03462912186584964  7.538717084804344  -0.1340541673723897  0.09904691583383304  0.9860117588923071  2.6578603709404938  -0.6522627838848118  0.7402510557330784  -0.1630387538130098  5.740742316327266  0.0  0.0  0.0  1.0;ok
39885980090216;5.823010286342225;0.06442107324572809;-0.1622342834895954  -0.5268968029385691  0.8343019814873587  7.629227307707202  -0.9635996016302033  0.266676483987009  -0.018959446891738785  3.5738671608725134  -0.2124990470537023  -0.8070089292823476  -0.5509816177149891  -0.8040408718829358  0.0  0.0  0.0  1.0;ok
39885980090247;5.3740242030998315;0.04884907348812882;0.8018967145009281  -0.5111497372243199  -0.30933413230377127  -3.9590368603877657  0.5213738257110718  0.34583675518720713  0.7801065777347255  -0.6651855323608047  -0.29177215963148173  -0.7868436216282713  0.5438254517461352  2.2860576325056825  0.0  0.0  0.0  1.0;ok
39885980090278;4.39500473301532;0.05252127004446876;-0.294518070920361  -0.10114401160217464  0.9502783775391128  2.9161608601400237  -0.9175251054626006  0.30798024531095  -0.2515866636848046  4.601846570545272  -0.267220483397499  -0.9460010874281415  -0.18350791764275615  5.154448677710201  0.0  0.0  0.0  1.0;ok
39885980090309;6.062761454151005;0.10259719209156773;0.8065142353480599  -0.10551898321929996  -0.5817220404637411  5.361282985972486  0.2231780745740824  -0.8568071294159131  0.4648366272266715  0.3386109585853414  -0.5474726798757531  -0.5047249618974947  -0.6674776233157439  6.057706007336137  0.0  0.0  0.0  1.0;ok
39885980090340;10.653667033347874;0.10843095312907469;-0.16150396171635195  0.8157618875241323  0.5553818625171234  8.582306315528216  -0.8258514273777233  -0.4198081810394405  0.3764711290796862  4.768012950185088  0.5402646483419962  -0.39786132508126737  0.7414988036109552  4.849795383972138  0.0  0.0  0.0  1.0;ok
39885980090371;7.825764243118106;0.02593873541813461;-0.005817951967284206  -0.6767168242476717  0.7362204093986073  7.444651252922054  -0.9986610879514706  0.041776573581427334  0.03050818433439314  5.993694369952899  -0.051402167721722514  -0.7350571798710234  -0.6760538140366977  -3.176536035632828  0.0  0.0  0.0  1.0;ok
39885980090402;6.3535513934385985;0.06345563566669246;-0.45411824602756773  0.8410505889430657  -0.2939566727655073  -1.066832559084895  -0.7212300336276369  -0.15332227914896207  0.6755142613668831  2.410560934421822  0.5230715603226036  0.5187737325222719  0.6762173890300265  1.7281339205239845  0.0  0.0  0.0  1.0;ok
39885980090433;6.8874917645610045;0.802168248081197;0.17667139030713053  -0.9624276490125248  -0.2062043652864105  6.4277197244726665  0.8280957051441801  0.25857968298376255  -0.4973872240717303  -5.222481263684282  0.5320194761178489  -0.08288285687790138  0.8426658347571999  2.7926081062230668  0.0  0.0  0.0  1.0;ok
39885980090464;6.2677651862134764;0.1696327332535698;0.7752797089804001  0.6105615024226864  0.16172824305797318  -3.5082923342306436  0.6252967965629826  -0.7780687637729585  -0.060107529053295215  -4.7593423727970405  0.08913635089759449  0.1477282999298796  -0.985003076314226  -2.092137184646011  0.0  0.0  0.0  1.0;ok
39885980090495;9.69087354585672;0.027487267986854184;0.5239739212964861  -0.851389936228149  0.024217891952259527  2.9941005367412163  -0.5332477174288082  -0.3500847388074728  -0.7701217744688627  10.770285565114975  0.6641522428315286  0.39060959043977805  -0.6374370135145268  -0.14571740124680274  0.0  0.0  0.0  1.0;ok
39885980090526;2.92110847772627;0.8852085539771931;-0.9433867801931333  0.04353993312586879  -0.3288246602373791  3.626486177599818  0.10879428387477211  0.9771222326931074  -0.18274557771123714  -0.31905466611517985  0.31334515594310425  -0.20817400558242902  -0.9265410927998593  -2.4828406512838814  0.0  0.0  0.0  1.0;ok
39885980090557;4.738076726601074;0.8988129743408255;-0.33857685036088947  0.1317420698021737  0.9316704049415436  2.510388354080212  -0.8056752706227382  -0.5520696221715737  -0.21472421983165674  7.6106058175001845  0.48605871528723543  -0.8233244556792756  0.29305932159504355  -4.791947731536225  0.0  0.0  0.0  1.0;ok
39885980090588;14.769319861057435;0.1257158498989125;-0.03812255672728441  -0.7224275075493561  -0.6903949355293675  -5.924969109628324  0.29840325109436794  -0.6676031281580876  0.6821008451906849  6.003677012318489  -0.9536782321123233  -0.1800126651365393  0.24102545505724832  -3.6258249178379365  0.0  0.0  0.0  1.0;ok
39885980090619;2.836952107880147;0.13717513967797446;-0.0687020940813382  0.9914460612324106  -0.11097175287242506  2.2297246862839932  -0.9850289271676783  -0.08504155400684665  -0.14995314846642196  4.262897167820151  -0.15810766873156776  0.09900829136410863  0.9824455828845832  -1.7235675707916034  0.0  0.0  0.0  1.0;ok
39885980090650;12.55893498698289;0.030353553359107218;0.20997145988351576  -0.9245223341723571  0.318073009937784  -5.27949328259375  0.9237395960738916  0.08099925430311872  -0.3743584905509453  -7.4996255038187245  0.32033910888249123  0.37242123250270703  0.8710254192051669  -1.8513336915425815  0.0  0.0  0.0  1.0;ok
39885980090681;13.661467239296929;0.06044974344258931;0.6860416954440479  -0.44482816981013135  -0.5757383880336843  5.628691851626392  0.2829310537725173  0.8921513100908494  -0.3521591383371372  5.240556930944602  0.6702960621422666  0.0787015835072638  0.7379087001994352  -11.662796502548591  0.0  0.0  0.0  1.0;ok
39885980090712;11.512393687205597;0.0365250185683809;0.8598853286105209  -0.4902852767805425  -0.1421884981726832  8.190744681173863  0.010340180100056301  -0.26174958499256734  0.9650804295144094  1.113026306636756  -0.5103825058873734  -0.8313287569478431  -0.22000498984268435  8.830112978335995  0.0  0.0  0.0  1.0;ok
39885980090743;17.098275178250592;0.15949820967907846;-0.06424861602166473  -0.9592470723404485  -0.2751675299623489  8.1919268179089  -0.20612652380255314  0.28254734409335597  -0.9368451603818354  -11.285964830022037  0.9764138321041833  -0.003471678566653688  -0.21587954030790799  -7.943517833291181  0.0  0.0  0.0  1.0;ok
39885980090774;10.611953381784044;0.08972593233289007;-0.6252377716120031  0.7792986485105444  -0.04208735414938172  5.258353658268285  -0.32171107161027657  -0.3064938615374589  -0.8958590844788172  -6.011870875377894  -0.7110412894853745  -0.5465849698532659  0.4423405423172062  4.375147156422433  0.0  0.0  0.0  1.0;ok
39885980090805;5.343071835957388;0.2747804413089843;-0.17738211862112763  -0.1293179595870448  -0.975608758325653  0.19371950686208037  0.684255791729738  0.6962996332764805  -0.21670448122581287  -6.490452017178167  0.7073398019889655  -0.7060054433411136  -0.03502454132358853  -1.3966528755640533  0.0  0.0  0.0  1.0;ok
39885980090836;5.261479947974986;0.5502877437904318;0.6270584683448448  0.10113531692420522  0.7723790034352684  -2.8880069318978796  -0.11211219499382896  0.9929301068994415  -0.03899562214313252  2.2438713104736028  -0.7708622010519667  -0.062140570349047075  0.6339637343776156  4.174970506248003  0.0  0.0  0.0  1.0;ok
39885980090867;12.813048896623984;0.019129781689464935;0.7553953283336118  -0.40157747249376374  0.5177967086775219  -5.475111592377701  0.5974445198746627  0.7466522949550255  -0.29252418038536265  2.5553211357848844  -0.2691429798517668  0.5303262052962443  0.8039379157451134  -7.543076702503007  0.0  0.0  0.0  1.0;ok
39885980090898;9.513150698671726;0.04017414870774305;-0.6030121731520004  0.7758701084980922  0.18547747510051255  10.444673667308246  0.6695654501267683  0.6186526795594136  -0.4110364583227333  -1.7972127406959801  -0.43365703848437687  -0.12367067887384178  -0.8925509151638594  -3.209910185161618  0.0  0.0  0.0  1.0;ok
39885980090929;3.2910700942172166;0.2661109583277774;-0.3383841067636305  -0.16685976847786174  -0.926096114857035  5.20707145186263  0.7722978125790372  -0.6115311052282631  -0.1720052209205682  -0.8661687819933088  -0.5376358293263335  -0.7734258367819202  0.3357978410037384  0.9573473987434961  0.0  0.0  0.0  1.0;ok
39885980090960;13.148595121958836;0.027350950412268708;0.6938923383428665  -0.7199204934920572  -0.015096550573619347  0.9481119414562342  0.6990264518364213  0.6684251675156108  0.25410591308490094  0.9724168962770279  -0.17284514000125226  -0.18687503439967726  0.967058570664707  12.112821073528858  0.0  0.0  0.0  1.0;ok
39885980090991;4.974292677219224;0.049769819412243024;-0.5499309650809223  0.6587395538177684  0.5134570419043182  5.789593498039626  -0.4516794682929756  -0.7516741222497442  0.4805951225955711  3.5631577925899385  0.7025393879119803  0.03237613590354001  0.7109080068871185  0.8729418434038991  0.0  0.0  0.0  1.0;ok
39885980091022;13.287028172970416;0.04793821543278952;-0.5425025798227131  -0.6752589198423211  0.49971626155157617  15.74333039703878  0.6031649231843395  -0.7271527928925271  -0.32778177378955736  -2.704696717783328  0.5847076417541771  0.12358886261302178  0.8017747605857198  -0.5461612290140738  0.0  0.0  0.0  1.0;ok
39885980091053;15.533441302838277;0.08629394580985532;-0.4880143361630665  0.8587282753272268  0.156293815785677  -10.012440744065911  -0.8694799447696113  -0.493967490303206  -0.000862651138007358  1.5275155405200989  0.07646328100961233  -0.1363153244396172  0.9877102302700763  -0.020881879858138334  0.0  0.0  0.0  1.0;ok
39885980091084;7.763469718260981;0.043684052880142286;-0.6187055511811896  -0.024727694508880814  -0.7852337117456535  -0.8295906328040626  -0.7798212544307264  0.14057609903732873  0.6100140748519961  5.383926572783821  0.09530085034074852  0.9897610325243779  -0.10625839458888715  1.9656251891754417  0.0  0.0  0.0  1.0;ok
39885980091115;3.6651649034345075;0.017910557769445067;0.4373164680049076  -0.8954303227511973  0.08341968538301421  2.629949068954937  0.897683327667678  0.4402171884607939  0.01932537738724696  -2.1880374026915854  -0.054027308272745725  0.06643315498576219  0.9963270978345621  -2.9897608546326953  0.0  0.0  0.0  1.0;ok
39885980091146;8.080612412768405;0.026915505184364995;-0.5419975445814852  -0.7955600852311677  0.27078185399804483  3.5873686842931582  0.6787406619863654  -0.22440969790828547  0.6992505997502054  5.3287496168529715  -0.495529792680472  0.5627827629482707  0.6616084841462958  -2.558054691816924  0.0  0.0  0.0  1.0;ok
39885980091177;3.8726541071914253;0.04249074623526655;-0.5237322877557521  -0.8518442725171966  -0.008113331114605292  6.476625236430088  0.851599849118922  -0.5237800163767735  0.020789214150049744  1.7838144119252552  -0.02195877370793145  0.003978671134400067  0.9997509602062148  -1.742058349172287  0.0  0.0  0.0  1.0;ok
39885980091208;5.2059592602279805;0.0481421411030922;0.1813426921535181  0.9679932755147874  0.17350460097838596  1.7990231188255432  -0.9616361987257599  0.13761526772405083  0.23731384154640156  1.1585163154449372  0.20584132068850305  -0.20988343585760239  0.9558128969886426  -3.918209382843531  0.0  0.0  0.0  1.0;ok
39885980091239;9.534104921615693;0.0697310633817919;-0.49654707490342226  -0.1248176123825044  0.8589886879604333  11.86396704267031  0.3475822285824435  0.8782095584317424  0.3285339645345455  1.4841119935908433  -0.7953789013913541  0.4617017815844497  -0.39268800351325717  -0.7750302543004952  0.0  0.0  0.0  1.0;ok
39885980091270;6.793393155968177;0.04446752717491002;-0.2547379511309946  -0.9551824262656818  0.15078165938464785  4.95444747461284  0.6608146990578666  -0.2857868279198753  -0.6940099584995572  5.445768667395553  0.705997528156186  -0.07715193802297202  0.7039993385626546  -3.7178507822851996  0.0  0.0  0.0  1.0;ok
39885980091301;9.237550092631151;0.07725182446925818;0.05909997863267026  -0.0071635831903816335  0.9982263649100304  -2.909590638802172  0.6965507215364101  0.7165989937075028  -0.036096738696190594  3.0703514631358906  -0.7150694265962743  0.6974486112204024  0.04734078425635284  -2.0253332650070215  0.0  0.0  0.0  1.0;ok
39885980091332;14.314334062580222;0.06466439561339063;0.4320160300773741  0.20883215075974748  0.8773547073819369  8.751023288419708  0.8451806605307689  0.24570399726011688  -0.4746569253631236  7.551051969883447  -0.31469318521531187  0.9465826316489537  -0.07035282964872672  -4.129076887580598  0.0  0.0  0.0  1.0;ok
39885980091363;4.939595963032118;0.04807559860486308;0.41104641514541446  0.9048229468733442  0.1110688048352976  3.2335930503780514  -0.9115524874791834  0.4093765673523561  0.038508293565352125  0.36710034422698967  -0.010625778400537161  -0.11707374135236068  0.9930663784053628  -0.6565501554810398  0.0  0.0  0.0  1.0;ok
39885980091394;15.273466798993145;0.014192878300747435;0.09453875702370032  -0.9179857133284641  -0.3851813255406402  0.8937203453468822  -0.8891550473230072  0.09615261913416231  -0.4473901827864141  -3.8052583841822676  0.4477339893736395  0.3847816315242602  -0.8071414812788978  8.680922783279753  0.0  0.0  0.0  1.0;ok
39885980091425;8.06198539416402;0.09061472097739151;0.3718833456359164  0.8986880384081579  -0.23251362725813335  -0.5334913127593772  0.1205287639710072  -0.29510418277564315  -0.9478324421351809  -4.686815945537315  -0.9204214221182918  0.32445851958365396  -0.21806208926662352  -0.2241909813506994  0.0  0.0  0.0  1.0;ok
39885980091456;10.977064992754894;0.12818580431640508;-0.6898465454313477  0.7239450180561032  0.003918493101130238  -3.684133325768588  -0.7198499697954044  -0.6864999083498293  0.10263477393763841  -1.4809793553646808  0.07699197842626304  0.06798151710151512  0.9947113895952867  -3.6167996605854458  0.0  0.0  0.0  1.0;ok
39885980091487;2.767744523025431;0.03722802675300987;0.9072674553888107  -0.3605311397052583  0.21652496783313546  0.3090195465700346  -0.3699916114881714  -0.4395071046457768  0.8184984498423147  0.8795186578744495  -0.19992991727277565  -0.8227094276041291  -0.532143989828493  2.794429125300353  0.0  0.0  0.0  1.0;ok
39885980091518;6.6339837111177165;0.07369375464625033;-0.9218090143272474  -0.3868873026707917  0.024214791701515463  10.08166984710321  0.38204715386472926  -0.917301649865794  -0.11223927733797867  4.157885578486878  0.0656362196419661  -0.09421198536073339  0.9933861225553232  -2.0958901300251056  0.0  0.0  0.0  1.0;ok
39885980091549;8.72791924372333;0.13484422665800094;0.4909651454567927  0.4444591172049414  0.7492725265749395  -5.177600510048849  0.47228194765727444  -0.8585066823889159  0.19978998526109343  5.359079520102811  0.7320539514705463  0.2557779690023761  -0.6314068757222852  -0.6379815312848652  0.0  0.0  0.0  1.0;ok
39885980091580;11.404884011730314;0.08030221288237856;-0.0754230613757875  -0.9713790529594648  0.22524230793586922  13.19529524626253  0.9547331946776503  -0.005165481411393443  0.29741863556676357  -4.04488140659  -0.2877427475946369  0.23747853223683452  0.9277974228964677  1.5771540713663987  0.0  0.0  0.0  1.0;ok
39885980091611;5.185738995238877;0.019999524785729958;0.9695861264060636  0.004022489100207763  0.2447173125512859  -1.299229260554583  0.17039921922543616  0.7066406579856181  -0.6867481973540329  3.5446102776503885  -0.17568963990015685  0.7075611634785299  0.6844635493352891  -3.1726626700512153  0.0  0.0  0.0  1.0;ok
39885980091642;11.452810801369598;0.02707293919826933;-0.9878530052949821  -0.04768973299479323  0.14789228951015898  6.733187478296506  0.04626276226083151  -0.9988437241496073  -0.013075609161335988  1.1009888385942395  0.14834485753698756  -0.006074873976269836  0.9889170335010431  8.82998383650793  0.0  0.0  0.0  1.0;ok
39885980091673;6.84357315400721;0.016114509930052593;-0.6795527164975058  0.5068525704194241  -0.5303853102793143  4.469256106514997  -0.7226887409938142  -0.5868697820469013  0.36510935698910874  2.2844926254879026  -0.12621049537038637  0.631414547487977  0.7651056006061624  5.372099977944277  0.0  0.0  0.0  1.0;ok
39885980091704;11.97004270038415;0.01813966157482349;0.0994484903928771  -0.041821378289718554  -0.9941634523942865  4.086925124608306  0.9943363841033646  0.04181565993683496  0.09770673381243404  -0.410377320611714  0.03748537057072664  -0.9982496796403171  0.0457430223223178  -10.255099786463555  0.0  0.0  0.0  1.0;ok
39885980091735;9.206758517908435;0.04857877414518538;-0.6897861387704344  0.19423692774704007  -0.697471933958325  7.896697318180987  0.7163170881130504  0.32317514602528763  -0.6184235233792242  -5.0141096571168395  0.10528490887784114  -0.9261910390901676  -0.3620569666111392  6.860032634190095  0.0  0.0  0.0  1.0;ok
39885980091766;2.598811728309922;0.09342667181497608;0.8174876668143285  0.14262000727192634  -0.5580084660040753  -0.9766483713485709  0.23720189616865  -0.9662434040230776  0.10054324758974625  3.396917942912965  -0.5248325209630808  -0.21455353110040312  -0.8237218020860477  0.8649891304997793  0.0  0.0  0.0  1.0;ok
39885980091797;12.542227557622743;0.02010109133006525;0.7572147805101775  0.3549072771358847  -0.548330740350125  -2.162504574228873  0.6254671573602523  -0.6358750987929441  0.4521655601643604  11.174007345315863  -0.18819301591878854  -0.6853493148541527  -0.7034768691210356  2.79387765832827  0.0  0.0  0.0  1.0;ok
39885980091828;9.47715700246654;0.030925610464696707;0.5561578971460381  -0.8280668067948362  0.07066651913530791  -2.3608243280680132  0.8309716325280077  0.552721991860155  -0.06312325758293089  0.6881064956621095  0.013211335126894378  0.09382837096926903  0.9955007269838723  6.1026077382873  0.0  0.0  0.0  1.0;ok
39885980091859;14.228056617716064;0.059531241473081004;0.2659034206364299  -0.157835244400877  -0.9509907499648782  12.091778679982419  -0.9021741009446717  -0.3883463719821659  -0.18780039124815975  2.7275596305608705  -0.33967228688622597  0.9078959912860086  -0.2456574984165492  6.570635785028761  0.0  0.0  0.0  1.0;ok
39885980091890;12.934736653014653;0.05003675151194793;0.5157889339327472  -0.0749330239692772  -0.853432374328125  6.556457888927024  -0.7989897953440567  -0.401552126746233  -0.44762841335380016  12.207274751957472  -0.3091554343183758  0.9127655402261838  -0.2669868648585907  -5.23559107702653  0.0  0.0  0.0  1.0;ok
39885980091921;11.389616762246979;0.048648573573572655;0.5789210333130345  0.02646795500049983  0.8149539155963723  4.607310857333524  0.622611387274023  0.631022470613049  -0.46278040366692386  0.10550369768995828  -0.5265030841547704  0.7753128974417333  0.34883293054988257  9.212550571085373  0.0  0.0  0.0  1.0;ok
39885980091952;7.751231368250753;0.09865445743207134;0.5410819064343663  -0.6069967161231008  0.5820527099371022  -1.2832885147426574  0.40313476880340887  0.7946286939099211  0.4539246600448533  -4.388427735667733  -0.7380465626985705  -0.010964735782749407  0.6746606894269455  -2.843821986670173  0.0  0.0  0.0  1.0;ok
39885980091983;14.851121124669065;0.030226471566862312;-0.8019436500812268  0.29874486664779004  0.5173373046146919  4.846666836580381  -0.45580670010876473  0.25380381603935365  -0.8531259432814251  1.4081412134816325  -0.38616917825010144  -0.9199647425936807  -0.0673664467979814  14.889927209936793  0.0  0.0  0.0  1.0;ok
39885980092014;8.09691717384987;0.05930425632324274;0.048388559697697224  -0.266945694607011  -0.9624959965740963  6.858856712819309  -0.9729609731001153  -0.23048141548238835  0.015008728837301371  4.596760361269266  -0.22584395523117148  0.935744790660368  -0.27088040652200307  4.909481433199126  0.0  0.0  0.0  1.0;ok
39885980092045;7.770476372289854;0.02536887324635556;-0.8275527079125548  -0.4645953445311704  -0.3151312130947362  1.213817306102494  0.5209476500703403  -0.8447294599839531  -0.1226608548861761  4.585480954533281  -0.20921295732527392  -0.2656751875414426  0.9410880050303649  -3.0987135818538847  0.0  0.0  0.0  1.0;ok
39885980092076;16.718631862778135;0.028588920464613546;-0.5309052393931645  -0.4484030526361276  -0.719078805953484  -0.3901762480977307  0.5403113442650792  0.47458585974763673  -0.694861074594094  -13.883804858631384  0.6528424603557501  -0.7574318214296238  -0.009682863339538474  2.0006975426665274  0.0  0.0  0.0  1.0;ok
39885980092107;10.262899426928634;0.03312182663147443;0.6582880242764484  -0.6568224327806736  -0.3677515042665199  -3.7921203707912636  0.21118681443773663  0.6300567380975964  -0.7472808281934298  -6.709606137795119  0.7225351247530128  0.41426175128038867  0.5534710425345255  -3.902771471970722  0.0  0.0  0.0  1.0;ok
39885980092138;15.257229419744425;0.04442646923118503;-0.08160742044870467  0.9965031638450734  0.017935255071146888  4.112655022098589  -0.9966267081350535  -0.08143429122275334  -0.010181397003083265  9.207713182994123  -0.008685249541317152  -0.018705631767105463  0.999787310271839  -11.153017312867593  0.0  0.0  0.0  1.0;ok
39885980092169;15.992191385092843;0.3729006447398303;0.0033939437885757984  0.585849512175306  -0.8104127530027622  -6.270707127503817  0.2091013520606712  -0.7929178728021686  -0.5723267174938476  3.059699717157501  -0.977888084451364  -0.16751595767221394  -0.1251930437891886  11.081143140862306  0.0  0.0  0.0  1.0;ok
39885980092200;6.917432320039796;0.07958305077337441;0.40655090175109054  0.9051111149087889  -0.12445976841511314  -0.8697023131279502  -0.903207319306566  0.3776507953348248  -0.20395199222861754  -3.3186948288708282  -0.13759688454475688  0.1953298401462057  0.9710372551617346  -2.7310717035926206  0.0  0.0  0.0  1.0;ok
39885980092231;11.63978213050849;0.06298335332014471;-0.8923116572148202  -0.12083469030954258  0.4349469898922607  0.9613991830529162  0.03344619898508255  -0.9785572496674013  -0.2032413857874949  2.6076306728176046  0.4501791400897999  -0.16680733419477686  0.8772195022266887  -9.993257906426479  0.0  0.0  0.0  1.0;ok
39885980092262;5.191873642222159;0.06614857180783063;-0.41665575231467067  -0.6471734740614628  0.638407768228358  7.577237633184917  -0.3161998283471694  0.7615917684399868  0.5656815772125469  1.8345285070905073  -0.852300212728072  0.03383005639473684  -0.5219577326450987  4.884721901747217  0.0  0.0  0.0  1.0;ok
39885980092293;17.8683780302977;0.03151092579914938;-0.29613675131024686  -0.8299183754079734  -0.47279859843658817  9.986631302987574  0.8229677235286922  0.029541321154513276  -0.5673195187673762  10.557872905885395  0.4847959885904733  -0.5571021454855785  0.6742477652480202  -8.302267344126204  0.0  0.0  0.0  1.0;ok
39885980092324;2.5378082800465176;0.024629985915844137;0.9261474704548743  0.2028462537745851  -0.3179689612205155  -0.22512643374309652  0.07956037315966166  0.7190146046767633  0.6904260606931152  -1.3246410532610544  0.36867466687139305  -0.6647340788549467  0.6497750336971507  -1.6009251163459715  0.0  0.0  0.0  1.0;ok
39885980092355;4.721106299632293;0.01807168306430058;0.5189282209315365  0.8465924283851082  -0.11829945782562107  -0.796100471417005  -0.8547757216345008  0.5152830016138649  -0.06198301341516352  -0.2924387105428276  0.008483349871908817  0.13328423931137176  0.9910415452069302  1.9849250949827024  0.0  0.0  0.0  1.0;ok
39885980092386;4.150156398285817;0.010784270055161048;-0.08680101702348511  -0.9959976949256054  0.02131138537425894  -0.7594783975078366  0.9504059166922598  -0.07637675019723056  0.3014882842593651  2.052393997435749  -0.298653941812317  0.04642395644698283  0.9532316818632158  4.74295414169797  0.0  0.0  0.0  1.0;ok
39885980092417;6.211588953303198;0.02457039638690078;-0.9481016142978708  -0.07016834652859114  0.3101285735162377  0.04299830919349508  -0.1870281941626281  -0.6657127925560163  -0.7223897372025283  4.2035300024028945  0.25714545213563317  -0.7429016630569051  0.6180399141424823  0.2949264027294684  0.0  0.0  0.0  1.0;ok
39885980092448;6.198581447326856;0.0914105411282806;0.6120308413071264  0.4444659849350445  -0.6541163791899819  2.863976979821385  -0.6079840207625068  0.7933911337465197  -0.029764733996261925  1.005418314181696  0.5057407238757297  0.41590924145555247  0.7558080596854727  -7.577040613090197  0.0  0.0  0.0  1.0;ok
39885980092479;13.852347125351322;0.053669370113303916;-0.96227538509968  -0.24774694313500026  -0.1124612617683285  5.49210492429952  0.20969713433585332  -0.9386973127221943  0.27363199180553094  -3.2105242461597157  -0.17335857372103897  0.23972652597364713  0.9552371421076614  -13.404047285234299  0.0  0.0  0.0  1.0;ok
39885980092510;11.087356919905194;0.006875555515565595;0.5257544961090894  -0.7915765847490202  -0.3114301210515039  1.2744869942065487  0.8040536153488742  0.5819521195463551  -0.12177649280509498  -10.447119133352679  0.2776328393138713  -0.18638197614732444  0.942433958164675  -3.6299151165903623  0.0  0.0  0.0  1.0;ok
39885980092541;8.13198811043238;0.01619834728772618;-0.6788642340498495  0.7187856756252429  0.14996834413926755  6.44823956003672  0.4365234760803563  0.5593108498346809  -0.7047117340359318  3.254181604353276  -0.5904156218788872  -0.41293888866655587  -0.6934629533494894  -1.931642126741773  0.0  0.0  0.0  1.0;ok
39885980092572;12.857597382515118;0.024064287387464557;0.42993720786067274  -0.10241401099309547  -0.8970314195440846  -6.907661068915392  -0.6461061836897242  -0.7288790891919407  -0.2264554541993396  10.39038764011534  -0.6306352326780279  0.6769391728146885  -0.37954256627431915  -0.5548472323846503  0.0  0.0  0.0  1.0;ok
39885980092603;4.595426400726901;0.024764541729183527;0.6692644230955076  -0.18440733224582742  -0.7197770959072077  3.5903442421484786  -0.6030896338281821  0.43102330318431825  -0.6711943129087644  5.323450131212626  0.4340138540964171  0.8832965798224603  0.17725441186700486  -2.7762448782514517  0.0  0.0  0.0  1.0;ok
39885980092634;14.955394496186754;0.09391946161758777;-0.35899766753057577  0.9291771117629342  0.08803731983368203  11.640853144824744  -0.19311091072666053  -0.1662307846635968  0.9669930208581886  10.526079477223176  0.9131422949715595  0.3301472719954185  0.23911070224491687  -4.045689203946344  0.0  0.0  0.0  1.0;ok
39885980092665;13.790322686089336;0.06473389802504775;-0.4469250030008994  0.6170349187640289  0.6477082296208024  -6.143358034103292  0.7601728583642527  0.6436462004122346  -0.0886385587722188  -7.046794176895501  -0.4715880268825415  0.4527554281516259  -0.756714777958162  6.203184731464904  0.0  0.0  0.0  1.0;ok
39885980092696;10.060575966549875;0.06755061633407002;-0.3548637895847118  0.9105397803661905  -0.21210610366575386  3.543420554359654  0.8719436256330384  0.2404749131312405  -0.4264811014247115  -3.643148133146537  -0.33732181156795976  -0.3362872648870492  -0.8792751963494123  -6.652968801897921  0.0  0.0  0.0  1.0;ok
39885980092727;5.0885328238275855;0.019766136383666446;0.26386641533637045  0.8923475233398361  0.3661835775219795  2.576217563422507  -0.9331513662302827  0.14007395804774178  0.3310707084285723  2.479225911881688  0.24413734364101544  -0.42906314671164775  0.8696561237488121  -3.8612351989164244  0.0  0.0  0.0  1.0;ok
39885980092758;7.042514947121556;0.018541382713153934;0.749732324549904  0.6496745858098955  -0.12579496841184895  0.013823748444763898  -0.5005151996333018  0.6810806930619472  0.5344283155618659  0.11279496679974106  0.43288101882738333  -0.33771588960396626  0.8358002162287164  -7.329909801915358  0.0  0.0  0.0  1.0;ok
39885980092789;9.837958892178126;0.05739566208300253;-0.3720227947286615  0.5364924753553373  -0.7574792829440163  0.8990226852280209  -0.19381173304841287  -0.8429617659034037  -0.5018490543557779  10.483368338237126  -0.9077643154117973  -0.03989091515772333  0.4175795284168422  4.454050599820179  0.0  0.0  0.0  1.0;ok
39885980092820;8.268718839568454;0.07016402039751614;-0.4258344403318367  -0.5440483537597431  -0.7229636354607228  5.364490370605181  0.8966231980650043  -0.3609222260461514  -0.2565189806575234  1.171866029741009  -0.12137491552604943  -0.7574605834742851  0.641499488981745  7.8249063139600485  0.0  0.0  0.0  1.0;ok
39885980092851;6.8936455006206945;0.045877923526853014;-0.7755118383235823  0.2662038323749936  -0.5724656393608655  8.021003784476298  -0.6306019464093424  -0.28299393351957036  0.7226725529421115  -0.48721287413317566  0.03037390005788352  0.9214390664715638  0.38733380045548105  0.9546157866814338  0.0  0.0  0.0  1.0;ok
39885980092882;8.701798953500287;0.013891461335814334;0.021095259422662997  -0.5657960959252347  -0.8242752985900121  -0.45031019692486307  0.8245469322676107  -0.45640702037353187  0.33438748218470443  1.826805513693136  -0.5654001649433454  -0.6867076594807404  0.45689741068703854  7.841129134668898  0.0  0.0  0.0  1.0;ok
39885980092913;12.068994851548805;0.034291350796507705;-0.15589855984194886  -0.910254169945792  0.3835791771401339  9.743268075626927  0.9243874386367398  -0.27131177813198015  -0.26813761828111865  -1.5772627935523122  0.34814293376401295  0.3127735045414801  0.8837246361435367  7.13843331246629  0.0  0.0  0.0  1.0;ok
39885980092944;3.372320270673433;0.00917102528457528;-0.8677809873393773  -0.49694352496469335  0.0018141135469329044  5.704696801759973  0.4943485312705731  -0.8628651972486883  0.10527668786397877  -1.433687739554702  -0.05075123292022758  0.09225391250590728  0.9944413144999709  -0.75623681662276  0.0  0.0  0.0  1.0;ok
39885980092975;6.497637263498034;0.014274528829044484;-0.9371705279522878  0.3487624416733233  -0.008727016425535647  7.175338881209909  -0.3477168106977569  -0.9317424543192173  0.1046375572028562  6.997785647258235  0.028362318237587468  0.10109776504583268  0.9944721317397116  -3.0389986820375947  0.0  0.0  0.0  1.0;ok
39885980093006;15.880192191604793;0.015144919239904332;0.611022381614751  -0.4577211150498557  -0.6458661084182653  11.101646766107718  0.5984427038778974  0.8011639647261902  -0.0016222821961617423  -9.331911689175133  0.5181872049184054  -0.38552260953377177  0.7634489755033549  3.300151820635885  0.0  0.0  0.0  1.0;ok
39885980093037;17.265572118183027;0.027255843051711918;-0.939743516105893  -0.12585424039519827  0.3178723550601399  -2.2545837686371017  0.2348148203271984  0.43817109477548144  0.8676797173254441  -11.399281583499029  -0.2484836495458762  0.8900375283536107  -0.382216004414465  5.177162664732797  0.0  0.0  0.0  1.0;ok
39885980093068;7.330304072587055;0.0364623168594687;-0.0861333725319691  0.1272255999047658  0.9881268586902906  -1.9181221400498594  -0.9345272517794363  0.33344423181568916  -0.12439356876631194  6.953575587105277  -0.3453112477430226  -0.9341459152604146  0.09017511399737392  0.8129824093779009  0.0  0.0  0.0  1.0;ok
39885980093099;11.7148593534829;0.014622311957670971;0.3151182767829719  0.19489765040253051  0.9288247291630987  -1.768799590195796  -0.234594179718781  0.9643116562582509  -0.12275422781534037  12.270393913782778  -0.9196010235310756  -0.17921477470354155  0.34959408182713303  -4.765813802840679  0.0  0.0  0.0  1.0;ok
