# fmr_benchmark.py --model_path=/root/fmr_benchmark/result/fmr_model_modelnet40.pth --voxel_size=0.1 --n_iter=10 --input_txt=/neural_comparison/point_clouds_registration_benchmark//planetary/box_met_global.txt --input_pcd_dir=/neural_comparison/point_clouds_registration_benchmark//planetary/box_met/ --output_dir=/root/neural_registration_comparison/results/FMR/modelnet40
id;initial_error;final_error;transformation
7680147070030;7.545142564026325;6.996503164289815;0.7422776  0.07974475  0.6653306  -16.96833  0.6695397  -0.04794262  -0.74122727  43.611805  -0.027211307  0.99566174  -0.08897895  -2.3711073  0.0  0.0  0.0  1.0
7680147070061;10.640927348979892;11.549376419031734;0.8636604  -0.50405216  -0.0046952944  6.7623825  0.5040575  0.8636701  -7.087388e-05  66.58014  0.0040909145  -0.0023055454  0.99998903  13.415306  0.0  0.0  0.0  1.0
7680147070092;9.025949398967478;6.860241732144962;0.4250834  -0.047822442  0.90388995  -27.341217  -0.5772889  0.7548194  0.3114243  -56.534058  -0.6971668  -0.65418684  0.2932538  -45.34339  0.0  0.0  0.0  1.0
7680147070123;4.786994751420969;9.679367292561276;0.95943475  0.18710592  0.21089439  5.534248  0.096691616  0.48428994  -0.8695483  5.0935106  -0.26483154  0.8546662  0.44655293  -35.05335  0.0  0.0  0.0  1.0
7680147070154;3.758201806177061;7.165033181276614;-0.2520585  -0.1404658  0.95746326  -73.75578  0.12141058  0.9770013  0.17529431  22.49743  -0.96006554  0.16043063  -0.22920753  -43.434566  0.0  0.0  0.0  1.0
7680147070185;16.67684111957192;15.542268058797308;0.89743835  -0.43174824  0.09054119  -20.95221  0.42882234  0.90197  0.05060945  64.083115  -0.103516  -0.006592738  0.99460584  -4.648411  0.0  0.0  0.0  1.0
7680147070216;7.156480741338333;12.048157652529973;-0.034736637  0.42290053  0.90551007  -68.62817  -0.9495921  0.26849282  -0.16182192  -40.561253  -0.31155753  -0.86548644  0.39225638  -15.683854  0.0  0.0  0.0  1.0
7680147070247;4.543534343953617;7.8295450132983015;0.7761616  -0.18540302  -0.60265964  -33.631104  -0.36113223  0.65278554  -0.66592354  -47.63022  0.5168719  0.7345042  0.43971205  44.109394  0.0  0.0  0.0  1.0
7680147070278;7.860981056932645;9.935134088254236;0.6611657  -0.21003544  -0.7202396  -25.985996  -0.27401042  0.8260883  -0.49243924  -22.38245  0.698411  0.5229371  0.4886295  32.38043  0.0  0.0  0.0  1.0
7680147070309;12.215977712507863;9.983117602424281;0.9884377  0.13619068  -0.06665658  -6.9452553  -0.09712737  0.9062723  0.41138405  -8.363066  0.11643568  -0.40015334  0.9090214  5.2225103  0.0  0.0  0.0  1.0
7680147070340;9.621420397831704;8.937132113113732;0.8928344  -0.0191798  0.4499771  10.7567835  -0.36011836  0.569616  0.7388182  0.8493271  -0.2704846  -0.82168716  0.50166583  30.820286  0.0  0.0  0.0  1.0
7680147070371;4.530868242072095;12.264217133601719;0.23105836  -0.68961644  -0.6863243  -24.292278  0.69380695  0.6113232  -0.38067794  24.346825  0.6820878  -0.38821796  0.61971205  26.680197  0.0  0.0  0.0  1.0
7680147070402;11.153677535127484;12.660526128079649;0.7884399  -0.28583598  0.54466516  1.7341633  0.03541691  0.9051001  0.42372105  -3.039812  -0.61409134  -0.31478813  0.7237404  1.9108481  0.0  0.0  0.0  1.0
7680147070433;6.5184452478862145;10.760719976397075;0.71634614  -0.0795366  0.6931971  -18.141861  0.696812  0.13290563  -0.7048328  14.175526  -0.03606978  0.9879323  0.15062839  1.8223991  0.0  0.0  0.0  1.0
7680147070464;13.779157687380561;14.707720740908131;0.4668821  0.32445374  0.8226488  -37.10425  -0.6463061  0.7601308  0.06700474  -39.961525  -0.6035806  -0.5629662  0.5645879  -9.380594  0.0  0.0  0.0  1.0
7680147070495;6.966857954116943;11.566998901836586;0.957709  -0.268295  -0.103977315  -15.782631  0.2785947  0.9549892  0.10188674  44.282333  0.071961515  -0.12654535  0.98934704  7.35201  0.0  0.0  0.0  1.0
7680147070526;7.628096648499513;9.404741590137096;0.17881048  -0.7679034  -0.61510247  -10.8627405  0.39287993  0.62889963  -0.6709177  26.876404  0.9020379  -0.121694274  0.41414762  30.617022  0.0  0.0  0.0  1.0
7680147070557;12.205670442716103;10.563216337163201;0.7982096  -0.03266928  -0.6014932  -29.860779  0.21020977  0.95086306  0.22731338  1.1796455  0.5645114  -0.30788347  0.76585525  83.87832  0.0  0.0  0.0  1.0
7680147070588;13.972589640073979;9.2123875688318;0.6385864  -0.63426757  0.43578914  -6.6431885  -0.24839059  0.36609632  0.89681417  -13.752029  -0.728361  -0.68093914  0.07623799  -81.52864  0.0  0.0  0.0  1.0
7680147070619;9.983295415447671;7.769383165839493;0.73127264  0.6570392  0.18313804  -11.19438  -0.20277596  0.465774  -0.8613572  -22.180079  -0.65124667  0.5927512  0.47383964  19.403784  0.0  0.0  0.0  1.0
7680147070650;4.983189947689928;15.31993852645919;0.9838607  0.17790276  -0.019209623  3.5687912  -0.17044294  0.964425  0.20207304  -19.331154  0.054475605  -0.19553757  0.97918206  7.3877573  0.0  0.0  0.0  1.0
7680147070681;5.27419459849476;8.00854447558897;0.99643004  -0.06937331  -0.048110466  -8.653992  0.080984116  0.9464401  0.31255844  2.6887589  0.023850456  -0.31533873  0.9486793  6.784672  0.0  0.0  0.0  1.0
7680147070712;11.641877588335147;13.83616742667639;0.7827361  -0.15052603  -0.6038763  8.721991  0.14583705  0.9876561  -0.057157647  4.369772  0.6050256  -0.043328162  0.79502624  18.698807  0.0  0.0  0.0  1.0
7680147070743;6.384964019908019;4.390555779007185;0.84973294  0.022362787  -0.52673835  -12.821259  -0.02538613  0.99967635  0.001488599  10.28888  0.5266015  0.012106971  0.85002595  40.837414  0.0  0.0  0.0  1.0
7680147070774;9.308681266179983;10.924488003295806;0.8559529  0.10841679  -0.5055592  8.317375  0.045547858  0.9581579  0.28259262  13.639709  0.51504356  -0.2649132  0.8152001  39.56285  0.0  0.0  0.0  1.0
7680147070805;5.341016807889507;8.441780638650595;0.871932  0.19966763  0.44706532  -13.229126  -0.17732246  0.9798633  -0.09178492  -30.075752  -0.45638946  0.0007554712  0.88977987  -32.544083  0.0  0.0  0.0  1.0
7680147070836;8.83474922596794;9.91557145785618;0.7681481  -0.09812109  -0.6327094  -22.19532  0.1772143  0.98216456  0.062834166  -17.97726  0.6152591  -0.16039103  0.77183616  42.556038  0.0  0.0  0.0  1.0
7680147070867;6.947504424693243;8.087838222531404;0.7380273  -0.33720747  -0.58447117  -38.801327  0.6726564  0.29914874  0.676789  46.57064  -0.053374514  -0.89263743  0.44760457  5.2464695  0.0  0.0  0.0  1.0
7680147070898;5.179162324391041;8.458432926963068;0.98435307  0.14778915  0.09595517  1.2062302  0.022040071  0.4370154  -0.89918387  8.709625  -0.17482354  0.88722926  0.42692015  -23.461761  0.0  0.0  0.0  1.0
7680147070929;8.172064813793584;7.510237362489967;0.85117036  -0.12644841  -0.5094308  4.376602  0.1295464  0.9911325  -0.029564515  8.217077  0.5086517  -0.040830486  0.8600035  52.2383  0.0  0.0  0.0  1.0
7680147070960;5.592350345683874;9.569958990343775;0.5800224  0.43585095  0.6881917  -51.582508  0.56889105  0.3879395  -0.72516614  39.38524  -0.58304095  0.8121189  -0.02293814  -48.018486  0.0  0.0  0.0  1.0
7680147070991;17.111542984644494;12.677277524765866;0.96017414  0.24820954  0.12828778  4.5193863  -0.20339346  0.9357366  -0.288146  -12.36188  -0.19156411  0.25057748  0.94895416  -36.844337  0.0  0.0  0.0  1.0
7680147071022;5.465700088476111;7.237344488430117;0.77377653  0.5947006  -0.21817711  -3.453453  -0.22725403  -0.06088625  -0.97193027  -7.4253893  -0.5912914  0.80163836  0.0880357  -30.86852  0.0  0.0  0.0  1.0
7680147071053;12.380450498325937;9.612221223749252;0.88060033  0.11560764  -0.45954123  9.448212  -0.025662154  0.9799944  0.19736367  -13.512442  0.47316453  -0.16200577  0.86595  42.99695  0.0  0.0  0.0  1.0
7680147071084;11.24151184560079;7.875355546859837;0.9679696  -0.046053644  0.24680784  19.27127  0.14386667  0.9073793  -0.3949244  0.18003845  -0.20576067  0.41778213  0.8849412  -18.410606  0.0  0.0  0.0  1.0
7680147071115;12.186275917515337;9.379635767216373;0.87654907  0.014871722  -0.48108262  -42.47087  -0.1610027  0.9510028  -0.263954  -26.770103  0.4535855  0.30882424  0.83599496  39.8724  0.0  0.0  0.0  1.0
7680147071146;10.370232338681536;10.07220944858544;0.7291617  0.68433523  0.0029372303  -27.695148  -0.6730731  0.71637285  0.18380141  -28.648396  0.12367765  -0.13599794  0.98295903  0.8335991  0.0  0.0  0.0  1.0
7680147071177;13.127472395246876;14.988811931086325;0.9541437  -0.03246845  0.29758307  -7.861443  -0.13769022  0.8350967  0.53259265  -25.239367  -0.26580313  -0.5491442  0.79233176  -10.30742  0.0  0.0  0.0  1.0
7680147071208;5.015205061296216;8.955049646540655;0.840591  0.32833254  -0.43081826  -25.590616  -0.07164769  0.8557586  0.5123901  18.161953  0.5369108  -0.39984345  0.7428676  21.525242  0.0  0.0  0.0  1.0
7680147071239;9.396380850619304;10.155538862793756;0.5049398  -0.24864535  -0.82656616  -33.548065  -0.38538116  0.79192084  -0.47364834  -21.04203  0.7723452  0.55770683  0.30404916  54.83931  0.0  0.0  0.0  1.0
7680147071270;4.313719515461572;6.666500996895227;0.5789656  0.2682951  0.7699456  -15.984132  0.039565355  0.933954  -0.3551967  15.399  -0.8143914  0.2361099  0.53011215  -46.049923  0.0  0.0  0.0  1.0
7680147071301;6.640988953970737;8.498804583549727;0.9982799  0.01670445  0.056198526  -5.9283905  -0.022472205  0.99436307  0.10361942  9.685009  -0.054150797  -0.1047041  0.993028  -16.761541  0.0  0.0  0.0  1.0
7680147071332;4.27645581861147;8.322720490137906;0.78069633  0.40757415  0.47370517  -12.454114  0.46927285  0.11821639  -0.8751046  13.328835  -0.41266966  0.90548795  -0.09897235  -34.029476  0.0  0.0  0.0  1.0
7680147071363;8.04771944655425;6.080295523429554;0.87811136  -0.3482956  0.32804003  -2.65477  -0.25980332  0.22863518  0.93820477  -30.109535  -0.40177402  -0.9090744  0.11027885  -24.654116  0.0  0.0  0.0  1.0
7680147071394;5.63815225752638;8.749918370467178;0.8963377  0.43790397  -0.0694184  -12.575104  -0.26182398  0.649139  0.71418947  -18.588465  0.35780868  -0.6219797  0.6965016  27.662468  0.0  0.0  0.0  1.0
7680147071425;4.625670255377578;7.309780474219509;0.9335905  -0.25979757  -0.24680786  2.8573875  0.15692154  0.9155994  -0.37020707  -2.3009014  0.32215598  0.3068923  0.89556265  6.0577364  0.0  0.0  0.0  1.0
7680147071456;10.74094788718979;9.593360662732026;0.87803394  -0.21854714  0.42578542  5.6302757  0.45158872  0.6729581  -0.5858285  17.394722  -0.15850464  0.7066573  0.68957376  -27.807064  0.0  0.0  0.0  1.0
7680147071487;5.184679137576186;6.404262940348372;0.41488323  0.69085824  -0.5921036  -33.584373  -0.09701917  0.6806329  0.72617215  12.644833  0.9046875  -0.24383125  0.34940964  15.875162  0.0  0.0  0.0  1.0
7680147071518;11.144942838730964;6.264481133576316;0.9565809  0.21637471  -0.19528201  -17.465378  -0.20984805  0.97625434  0.053769194  -31.390415  0.20227922  -0.01045503  0.97927225  8.457511  0.0  0.0  0.0  1.0
7680147071549;4.676713798522656;8.112313578113577;0.8083079  0.112866804  0.5778404  -8.303467  -0.5089249  0.6274208  0.58935463  -33.5529  -0.29603046  -0.77045715  0.5645899  -17.9124  0.0  0.0  0.0  1.0
7680147071580;8.191691152633943;7.667793159772283;0.8182993  -0.10085214  0.56587577  21.573738  -0.14243309  0.91820353  0.36961436  -3.9753246  -0.5568655  -0.3830547  0.73700076  -11.784972  0.0  0.0  0.0  1.0
7680147071611;7.069420748707525;4.905824623340001;0.7933921  0.036388505  0.6076223  -11.901199  0.5638324  0.33224785  -0.7561114  68.83633  -0.22939491  0.9424899  0.24308573  -72.98103  0.0  0.0  0.0  1.0
7680147071642;6.993248842026112;2.5084965195244466;0.5798445  0.49201664  0.6493843  -62.74774  0.0868103  0.755209  -0.6497103  25.757763  -0.810089  0.4331042  0.39519167  -102.179565  0.0  0.0  0.0  1.0
7680147071673;7.041527509178438;5.442018435942915;0.14367096  -0.10353745  0.98419464  -8.990076  -0.03509279  0.99335355  0.10962365  -0.21208668  -0.9890031  -0.05028783  0.13908254  -20.811687  0.0  0.0  0.0  1.0
7680147071704;12.282268918916616;10.924117035645432;0.64075947  0.75340253  -0.14768857  -47.453896  -0.4234733  0.50728863  0.75055236  9.838955  0.64038855  -0.41838148  0.6440958  50.576576  0.0  0.0  0.0  1.0
7680147071735;4.789281163838539;9.89864343877243;0.48316842  0.45511532  -0.7479426  -54.084034  0.035758853  0.84330565  0.536243  23.635254  0.8747966  -0.28584132  0.39118457  82.346115  0.0  0.0  0.0  1.0
7680147071766;3.5325422548569234;6.302831530435703;0.111692764  0.09606441  -0.98908865  -19.35889  -0.008551759  0.99537265  0.095709056  3.2712631  0.993706  -0.0022316251  0.11199741  -1.7666802  0.0  0.0  0.0  1.0
7680147071797;10.169462042227867;5.423553901106359;0.97787327  -0.06514519  0.1987957  10.2029915  0.120253615  0.95262945  -0.27934992  1.2901382  -0.17118035  0.2970747  0.93938494  -33.442432  0.0  0.0  0.0  1.0
7680147071828;7.018945504589687;7.108272323336115;-0.18948351  0.25726816  0.94758064  -59.659134  -0.92906654  0.26527742  -0.25780416  -35.06333  -0.31769657  -0.9292154  0.18875359  -14.4772215  0.0  0.0  0.0  1.0
7680147071859;4.745586814975582;7.446483189953733;0.6076294  0.7942074  0.0045545176  -36.604164  0.044834197  -0.02857513  -0.9985857  18.81787  -0.79295415  0.6069744  -0.052970655  -68.812325  0.0  0.0  0.0  1.0
7680147071890;12.81657864345006;9.514320664772999;0.42987165  0.50094956  -0.7511724  -38.099384  0.2719507  0.7214909  0.6367839  7.9664307  0.86096054  -0.47801718  0.17391498  40.49272  0.0  0.0  0.0  1.0
7680147071921;5.809282261310979;9.40985582525392;0.65255135  -0.5714938  -0.4975657  -16.473904  0.49017206  -0.18237934  0.85233164  66.14777  -0.5778479  -0.800083  0.16111836  -30.535065  0.0  0.0  0.0  1.0
7680147071952;7.620338870136215;8.663986642945856;0.16074538  -0.40186262  -0.9014807  -51.464108  0.39779156  0.86227  -0.31345198  2.7867517  0.9032846  -0.30821553  0.29846358  26.489033  0.0  0.0  0.0  1.0
7680147071983;7.6997638172701715;3.517218342298746;0.82125074  0.2348637  0.5199866  -7.724209  0.24084261  0.6834833  -0.6890901  15.160182  -0.5172447  0.69115084  0.5047462  -54.307175  0.0  0.0  0.0  1.0
7680147072014;9.996205289495665;6.138721092839018;0.52407634  -0.1788844  -0.8326731  12.763661  0.5265509  0.8364994  0.15169962  0.41460133  0.66939384  -0.5179469  0.5325814  13.631985  0.0  0.0  0.0  1.0
7680147072045;5.258513707654928;8.795504618319844;0.1083048  -0.2783048  0.9543669  -56.435547  0.40953046  0.88725996  0.21226068  22.42342  -0.90584475  0.36785358  0.2100686  -52.373295  0.0  0.0  0.0  1.0
7680147072076;3.639515910577449;9.325625162825153;0.9672352  -0.060389  -0.24659543  6.9635353  0.08610622  0.99175894  0.09486632  0.9890156  0.23883434  -0.11299145  0.964464  24.597357  0.0  0.0  0.0  1.0
7680147072107;12.029329944120931;5.443416171699661;0.9481277  -0.116537705  -0.29575852  -4.679985  0.29357636  0.67785436  0.6740373  57.343735  0.12193045  -0.72590107  0.6769051  34.43317  0.0  0.0  0.0  1.0
7680147072138;7.590759272086863;4.7717405188208515;0.5350657  -0.44818857  0.7161227  14.438944  0.7614782  0.62296486  -0.17906874  7.9877386  -0.3658628  0.6411255  0.6746131  -8.802875  0.0  0.0  0.0  1.0
7680147072169;13.199001909138557;11.724274878158187;0.5588574  -0.31901053  -0.76544803  14.588915  0.7845835  0.5023  0.36348814  -3.906699  0.26852798  -0.8036958  0.5310043  -12.130852  0.0  0.0  0.0  1.0
7680147072200;7.797457500134239;10.014989916989189;0.33298713  -0.015739603  0.9427998  -15.385281  -0.34148857  0.92997485  0.13613568  -23.462063  -0.8789226  -0.3672868  0.3042946  -33.522877  0.0  0.0  0.0  1.0
7680147072231;7.013635733914746;5.809743229031019;0.8862007  -0.4523001  0.10036513  10.759056  0.430281  0.8838131  0.18366449  1.7991562  -0.17177549  -0.119578324  0.9778517  -0.21486855  0.0  0.0  0.0  1.0
7680147072262;9.795586278474453;6.81286267792351;0.96803457  -0.07323831  0.2398856  -16.057713  0.24025175  0.54541826  -0.8029932  6.3313003  -0.07202813  0.83495796  0.54557925  -20.6819  0.0  0.0  0.0  1.0
7680147072293;5.948491684290215;6.473070469545144;0.6285459  0.110806175  0.7698388  -41.46811  -0.5980463  0.7016752  0.3872884  -54.62651  -0.49726298  -0.703828  0.50730234  -37.25286  0.0  0.0  0.0  1.0
7680147072324;9.966999865530171;6.338717144370256;0.5366223  0.59895504  0.5943812  -27.422285  -0.392212  0.8007221  -0.4527846  -35.317375  -0.74713165  0.009850926  0.6646028  -55.96436  0.0  0.0  0.0  1.0
7680147072355;6.355915505450699;6.6863031675883455;0.6250336  0.2579118  0.7367595  -46.968567  0.6395637  0.37192935  -0.6727756  61.8984  -0.44753915  0.8917119  0.06751724  -55.18543  0.0  0.0  0.0  1.0
7680147072386;11.538831497596764;6.686370237133646;0.9496718  -0.27646282  -0.14728071  18.096771  0.24859668  0.95123625  -0.18261802  4.782673  0.19058582  0.13681374  0.9720898  21.250145  0.0  0.0  0.0  1.0
7680147072417;7.834517558781045;6.154379047329697;0.5430844  -0.60806936  -0.5790603  -37.966785  -0.056146648  0.66178083  -0.7475922  7.3795066  0.8377987  0.4385179  0.32526177  51.532425  0.0  0.0  0.0  1.0
7680147072448;5.937688742105761;7.734527964028618;0.7356317  -0.647053  -0.20042087  -10.741974  0.3661908  0.62878966  -0.68595034  0.33130693  0.5698689  0.43121445  0.6995025  13.522544  0.0  0.0  0.0  1.0
7680147072479;5.153023637941118;6.802264397894423;0.8579199  -0.041028753  0.5121424  -10.162504  0.25628373  0.8981135  -0.35736623  5.5612116  -0.4452998  0.43784553  0.7810246  -34.50769  0.0  0.0  0.0  1.0
7680147072510;6.2172217632284745;9.586094015234135;0.81156385  0.020653129  0.58389884  -8.7719555  0.35703033  0.77354574  -0.5235992  10.283681  -0.4624863  0.633404  0.6204078  2.4997349  0.0  0.0  0.0  1.0
7680147072541;5.285545456378999;7.076683504634219;0.6883362  -0.58780104  -0.4250686  -25.577911  0.18699169  0.70996374  -0.67895925  5.9077616  0.70087594  0.387868  0.5986077  58.32006  0.0  0.0  0.0  1.0
7680147072572;4.133909065560788;5.9215991251146205;0.87996346  -0.2297458  -0.41578984  -11.664879  0.08617738  0.9379522  -0.3358854  8.157276  0.4671593  0.2597351  0.84516263  22.455956  0.0  0.0  0.0  1.0
7680147072603;10.395055408305826;11.50466287123582;-0.57268786  -0.80739367  0.14193021  39.968582  0.7817278  -0.4857303  0.39111096  36.30142  -0.24684061  0.33493525  0.9093338  2.4081411  0.0  0.0  0.0  1.0
7680147072634;11.946248221103541;6.749466455760564;0.8082837  0.29448733  0.5098577  -29.120586  0.06346853  0.81731325  -0.5726872  17.303442  -0.5853628  0.49525365  0.6419302  -52.93194  0.0  0.0  0.0  1.0
7680147072665;11.239001405122174;6.2622447595225825;0.71058714  -0.3814417  -0.59124297  -3.9746056  0.5855789  0.7864659  0.19638962  1.0750351  0.3900813  -0.48577133  0.7822165  26.312365  0.0  0.0  0.0  1.0
7680147072696;15.195524521954715;7.823163452688753;0.42843655  -0.5953054  -0.67974514  19.699379  0.5125189  0.7796683  -0.35978016  11.7336445  0.74415475  -0.19423924  0.6391439  -0.11263466  0.0  0.0  0.0  1.0
7680147072727;7.340738660247694;5.884768231092836;0.9698841  0.15240997  -0.18998934  10.239761  -0.20845217  0.9228757  -0.3238023  -35.11158  0.12598594  0.35365456  0.92685264  20.956728  0.0  0.0  0.0  1.0
7680147072758;6.227684121791451;5.593690976872941;0.95121825  -0.30036417  0.07046473  10.849789  0.2806544  0.9372892  0.20669307  -5.744111  -0.128129  -0.176834  0.97586507  -3.2381177  0.0  0.0  0.0  1.0
7680147072789;6.6370184400482515;4.189703228712416;0.039879397  0.20572977  0.9777961  3.2442818  0.20955177  0.9550905  -0.20949914  0.6118336  -0.97698396  0.2132535  -0.0050226795  -9.92227  0.0  0.0  0.0  1.0
7680147072820;9.269844301300596;4.856994750904489;0.8694976  -0.19579332  0.4534751  -22.830658  -0.31664646  0.4836636  0.8159686  -31.629847  -0.3790904  -0.85307354  0.35854682  -41.155533  0.0  0.0  0.0  1.0
7680147072851;4.298249925112131;7.295498988032336;-0.64380985  0.10505373  0.75793964  -28.477333  0.7374978  0.34923676  0.57804036  0.36822987  -0.20397511  0.93112695  -0.30231896  0.5683377  0.0  0.0  0.0  1.0
7680147072882;5.601886296953832;3.384218847967214;0.79803956  0.32452562  0.5077563  -28.28537  -0.010284879  0.8498139  -0.52698255  6.363308  -0.6025176  0.4153305  0.68152267  -84.90591  0.0  0.0  0.0  1.0
7680147072913;9.333520105944512;7.35920412304778;0.92278945  -0.13868394  0.35948056  5.4327803  0.07890669  0.9812239  0.1759923  -4.3468285  -0.37713823  -0.13403846  0.91640633  12.242813  0.0  0.0  0.0  1.0
7680147072944;12.394403539673155;6.38870713889762;0.9729542  -0.036002696  0.22817454  20.542004  0.23039094  0.22277626  -0.9472542  -13.389152  -0.016728243  0.9742045  0.22504587  3.8502326  0.0  0.0  0.0  1.0
7680147072975;12.294304208336897;6.021475934275721;-0.042302087  0.37398967  0.92646754  -31.450361  -0.93976235  -0.3297162  0.090188175  -62.241375  0.33920085  -0.8668441  0.36540923  15.008784  0.0  0.0  0.0  1.0
7680147073006;9.313900341752262;6.257508511148807;0.6654884  0.3774505  0.6439383  -3.3398457  -0.44924855  0.891504  -0.058280285  10.150036  -0.59607124  -0.25050354  0.76285446  17.954535  0.0  0.0  0.0  1.0
7680147073037;7.440136743478575;3.085890747166096;-0.4157273  -0.5353149  -0.73526114  11.76316  0.8998167  -0.1244987  -0.4181267  2.6988983  0.13229038  -0.8354268  0.533443  14.405074  0.0  0.0  0.0  1.0
7680147073068;14.611712831992941;5.046498889518719;0.27197573  0.116338514  0.955246  -71.56024  -0.74724483  0.6510082  0.13346837  -71.49162  -0.6063453  -0.7501026  0.26399162  -79.88203  0.0  0.0  0.0  1.0
7680147073099;5.832775396124054;3.3987871356345236;0.31918678  0.1423706  0.9369367  -29.353756  -0.63329136  0.76754063  0.09911344  -29.491104  -0.7050261  -0.6249896  0.33515087  -35.553646  0.0  0.0  0.0  1.0
