# fmr_benchmark.py --model_path=/root/fmr_benchmark/result/fmr_model_modelnet40.pth --voxel_size=0.1 --n_iter=10 --input_txt=/neural_comparison/point_clouds_registration_benchmark//eth/gazebo_summer_global.txt --input_pcd_dir=/neural_comparison/point_clouds_registration_benchmark//eth/gazebo_summer/ --output_dir=/root/neural_registration_comparison/results/FMR/modelnet40
id;initial_error;final_error;transformation
36535719080030;2.8719654907800902;1.53748298635204;0.91830593  0.04478594  0.39332932  -7.299142  0.0981629  0.9367874  -0.33584702  3.659397  -0.38350722  0.3470207  0.85586137  6.000227  0.0  0.0  0.0  1.0
36535719080061;2.8185456084080336;2.8229239261049166;0.4257414  -0.3554261  -0.8321157  -0.580339  0.16095525  0.9347039  -0.3168945  1.7691953  0.8904143  0.0009817407  0.45514986  -0.8764894  0.0  0.0  0.0  1.0
36535719080092;1.9001870719663094;1.4911599539415463;0.8083231  -0.2620595  0.5271986  -2.5570276  0.109016605  0.9466094  0.30339095  -1.2783024  -0.5785577  -0.18776453  0.7937352  -3.3477998  0.0  0.0  0.0  1.0
36535719080123;2.152334886682317;1.5613994734903605;0.9731914  0.22744504  -0.03416514  3.4544582  -0.2199839  0.8771438  -0.4268793  3.8004754  -0.0671238  0.422951  0.90366316  -0.62124676  0.0  0.0  0.0  1.0
36535719080154;3.7084111945439853;2.4243910986553163;0.5613358  0.7856599  -0.260078  -1.2320745  -0.8262014  0.51381874  -0.23104459  -2.981802  -0.047889523  0.3445704  0.93753827  -4.482056  0.0  0.0  0.0  1.0
36535719080185;2.3222284832250804;3.541884146250081;0.8919703  -0.19560522  0.40758738  -7.798213  0.13660495  0.9760246  0.16945538  0.43330574  -0.43096158  -0.09547076  0.89730567  -3.030283  0.0  0.0  0.0  1.0
36535719080216;4.7404660091141455;1.6147904505266022;0.9995965  -0.026551574  0.010093588  -2.3123937  0.016830947  0.8398775  0.5425149  -5.5583525  -0.02288201  -0.54212606  0.8399855  -4.246258  0.0  0.0  0.0  1.0
36535719080247;2.9917173628249674;4.763299000211422;0.9036589  -0.40357715  -0.14326958  -3.0477104  0.4235363  0.89172643  0.159503  7.4701056  0.063385494  -0.20481609  0.97674584  -0.4581284  0.0  0.0  0.0  1.0
36535719080278;1.8936058971638152;2.816306084557154;0.621381  -0.2802553  0.7316711  -6.1302795  0.21510714  0.95897716  0.18463883  3.504582  -0.7534019  0.042656556  0.6561752  -1.1435742  0.0  0.0  0.0  1.0
36535719080309;2.0474131250721026;2.1168815200566202;0.1825049  -0.20085411  0.9624708  -1.755641  0.7703455  0.63749343  -0.0130378995  -0.3337736  -0.6109499  0.7438144  0.27107275  -0.96479577  0.0  0.0  0.0  1.0
36535719080340;2.643359974182583;3.973210467480492;-0.53479624  0.088028036  0.8403833  0.28697872  -0.22193654  0.94500697  -0.24022123  6.862954  -0.8153141  -0.31498125  -0.48584932  6.7366858  0.0  0.0  0.0  1.0
36535719080371;4.184735305781556;5.914562951018826;0.99801534  0.054060634  -0.03228552  -4.3051395  -0.055839624  0.9968108  -0.057010625  5.7560816  0.0291005  0.05870032  0.9978514  -4.4412317  0.0  0.0  0.0  1.0
36535719080402;2.5739270336253104;2.132562903668081;0.48556268  -0.5790971  0.6548858  2.0987191  0.5650701  0.7795012  0.2703218  -2.3801582  -0.66702676  0.23879823  0.7057269  2.7026489  0.0  0.0  0.0  1.0
36535719080433;2.734748311517099;1.3939807323453217;0.5881142  0.205589  -0.78221154  8.214955  0.42600936  0.74336505  0.5156786  -7.873374  0.6874867  -0.63650715  0.3496008  -8.30052  0.0  0.0  0.0  1.0
36535719080464;3.7323423107611307;3.858036991037506;0.96625996  -0.006916999  -0.25747684  3.8879135  0.095764  0.93762636  0.33419457  6.22882  0.23910545  -0.34757575  0.906653  9.78661  0.0  0.0  0.0  1.0
36535719080495;4.095283908390811;5.939714961477158;0.116816744  -0.14485063  -0.9825336  2.5231094  -0.28166378  0.94385517  -0.17263629  6.8080587  0.95237565  0.29691088  0.06945883  -3.4245305  0.0  0.0  0.0  1.0
36535719080526;2.3278553928468253;1.7958333442553804;0.69499815  -0.0016440712  -0.71900976  0.9972285  -0.6313949  0.47700164  -0.6113999  6.541998  0.34397396  0.8789009  0.33047712  -2.145973  0.0  0.0  0.0  1.0
36535719080557;2.2194490343578286;4.556098660160457;0.29916677  -0.12158279  -0.9464232  -3.1944454  0.6690916  0.73387676  0.11722366  -0.7082329  0.68030554  -0.66831326  0.30090147  3.4517646  0.0  0.0  0.0  1.0
36535719080588;3.796227498088121;2.065042864235541;0.47669715  0.8442799  -0.24484941  0.7602055  -0.8240775  0.52615947  0.20988655  -0.6214225  0.30603293  0.1017225  0.9465709  3.838068  0.0  0.0  0.0  1.0
36535719080619;2.4973131938563013;5.891849696204257;0.8203162  0.4119054  -0.39675575  -9.225508  -0.049700238  0.74245656  0.6680481  12.64211  0.56974655  -0.5282918  0.629521  6.4676723  0.0  0.0  0.0  1.0
36535719080650;2.045757500568744;2.638729658125503;0.7204369  -0.13208768  0.6808255  4.779191  0.5314837  0.7358116  -0.41965038  3.4986687  -0.44552866  0.6641794  0.6003081  3.0085635  0.0  0.0  0.0  1.0
36535719080681;3.422151150058385;3.908424247740265;0.8651137  0.14435305  -0.4803546  -7.7889223  -0.098299846  0.98791414  0.11984461  13.362319  0.49184906  -0.056460477  0.8688477  -5.639582  0.0  0.0  0.0  1.0
36535719080712;2.329822326641319;4.249347903905452;0.55187464  -0.6917104  0.46580157  0.7697588  0.27361065  0.677834  0.6824062  5.853117  -0.7877637  -0.24915461  0.5633388  6.5580845  0.0  0.0  0.0  1.0
36535719080743;1.5817497009913515;2.3737727097885712;0.481664  -0.70034933  0.5267928  5.541061  0.35894328  0.70604306  0.6104614  -4.7874203  -0.79947454  -0.10494857  0.5914611  2.4188528  0.0  0.0  0.0  1.0
36535719080774;4.455523395855616;2.3241436923812655;0.28164572  -0.7644642  0.579888  -3.184065  0.90973634  0.40488538  0.091909245  -1.5558162  -0.30504948  0.50165933  0.8094953  -4.512512  0.0  0.0  0.0  1.0
36535719080805;2.6623006804379994;2.187128067595645;0.66103214  -0.5214346  -0.5395762  2.171094  -0.23060471  0.5431172  -0.8073695  -1.3788967  0.71404344  0.6581259  0.23877273  4.5718594  0.0  0.0  0.0  1.0
36535719080836;2.3641851278479833;3.3309951215783227;0.2554316  -0.6157745  0.74536985  2.2388911  -0.4200624  0.6236944  0.6592062  2.8807468  -0.87080574  -0.48148397  -0.09935246  2.7871308  0.0  0.0  0.0  1.0
36535719080867;2.3245937370798613;3.5192166888026093;0.98471653  0.021883812  -0.17278554  -1.8030248  -0.16338475  0.45969373  -0.8729187  7.5467257  0.060325634  0.8878079  0.45624354  3.9373174  0.0  0.0  0.0  1.0
36535719080898;1.1108467191895781;2.6917264629117064;0.026441684  -0.030180652  -0.9991947  0.7529489  -0.9477504  0.3171247  -0.034659088  0.30795383  0.31791532  0.94790363  -0.020218488  5.8675375  0.0  0.0  0.0  1.0
36535719080929;3.0133446968971027;3.1819272302065555;0.6912168  0.19154802  -0.696799  4.577057  0.038675703  0.95304316  0.3003547  1.5696712  0.721612  -0.23455939  0.65135115  -4.3732777  0.0  0.0  0.0  1.0
36535719080960;4.172447019856412;3.2836606122436334;0.056928992  0.66861856  0.7414231  -7.765402  0.396222  0.6665098  -0.63148475  5.5661316  -0.91638815  0.32971814  -0.2269776  4.733565  0.0  0.0  0.0  1.0
36535719080991;2.0023267432930947;4.453194699503621;0.7430495  0.5369061  0.39951125  9.428892  -0.16256893  0.7238936  -0.67048454  2.3933434  -0.6491908  0.43325517  0.62517303  -0.8438761  0.0  0.0  0.0  1.0
36535719081022;5.2049478600741095;3.21848348453415;0.5832182  -0.16944878  -0.7944453  3.6899452  0.23237282  0.97193354  -0.03671607  5.147304  0.77836955  -0.16319399  0.60622466  -3.834959  0.0  0.0  0.0  1.0
36535719081053;2.759339837400279;2.95999839968359;0.76909435  0.03849097  -0.6379755  -0.04404497  -0.5181565  0.62192917  -0.58712673  7.084928  0.37417644  0.7821269  0.49826655  0.813798  0.0  0.0  0.0  1.0
36535719081084;2.627616704218367;1.4437651214613438;0.6517366  -0.66174996  0.3705758  5.443527  0.39775664  0.7142362  0.575896  2.949172  -0.64577776  -0.22793359  0.72870946  2.280819  0.0  0.0  0.0  1.0
36535719081115;3.3642234081663633;0.9631510493936996;0.2031316  -0.4863876  0.84980285  5.8300824  0.27969173  0.86055905  0.4256883  2.0136135  -0.93835527  0.15121205  0.3108453  -0.73951435  0.0  0.0  0.0  1.0
36535719081146;2.4293434851076756;3.2281412673876164;0.9231189  0.07566307  0.37699693  -4.975035  -0.023487698  0.98971355  -0.14112274  -0.38459396  -0.38379663  0.12141827  0.9154002  -1.0190787  0.0  0.0  0.0  1.0
36535719081177;3.5423989428844522;4.138808679257158;0.83696616  -0.34291717  -0.42649227  -12.511945  0.08171567  0.8489042  -0.52219146  -1.6952857  0.54111964  0.40220547  0.7385258  3.394359  0.0  0.0  0.0  1.0
36535719081208;2.4968567701157345;2.8628024756850587;-0.1386535  -0.7678286  -0.6254715  -3.1023762  0.19959253  0.5969466  -0.77705705  -4.6568875  0.97001964  -0.2325811  0.07048405  -8.420464  0.0  0.0  0.0  1.0
36535719081239;2.6254413723760552;2.5011354501187055;0.6833499  -0.56754106  0.4592712  -6.191436  0.28316697  0.7858477  0.54978156  -3.0745194  -0.6729409  -0.24564275  0.697718  5.1908092  0.0  0.0  0.0  1.0
36535719081270;4.852975213123584;4.08854425895281;0.32492885  0.40890208  0.85277224  -7.030802  -0.79594415  0.6052292  0.013070157  5.0963693  -0.5107782  -0.6830058  0.5221197  -6.338717  0.0  0.0  0.0  1.0
36535719081301;1.4134837583742463;1.7839015912189322;0.78527904  0.5414508  -0.30027977  2.2158995  -0.5955042  0.5277903  -0.60565007  1.0543764  -0.16944487  0.65442216  0.73689896  -1.4469292  0.0  0.0  0.0  1.0
36535719081332;2.6207414559357245;3.272142883815927;-0.043406192  0.03848191  0.99831605  4.7427173  -0.4192773  0.90630025  -0.053164873  3.8931103  -0.90682  -0.4208789  -0.02320435  2.961733  0.0  0.0  0.0  1.0
36535719081363;4.7790429741920475;2.2998824817162045;0.8973459  -0.4271349  0.11102289  4.7224216  0.44105008  0.85901654  -0.2599333  -1.5248972  0.015656069  0.2822167  0.95922285  -1.6591623  0.0  0.0  0.0  1.0
36535719081394;1.4663573651430153;0.7020004412959339;0.8662547  0.11007001  0.48732644  3.2953923  -0.46231174  0.54638016  0.6983813  0.039643288  -0.18939462  -0.830273  0.52419114  -1.3533335  0.0  0.0  0.0  1.0
36535719081425;2.332117443040167;2.875456820079898;0.4219838  -0.29735366  0.85645235  6.9999714  -0.14494076  0.9104045  0.38749948  10.65898  -0.8949423  -0.28765324  0.34107727  6.2889843  0.0  0.0  0.0  1.0
36535719081456;3.9542146055036578;0.5934927801943312;0.93745387  -0.29230538  -0.18904574  -0.16665053  0.089930855  0.7279862  -0.6796679  9.866626  0.33629325  0.6201559  0.7087406  -1.970736  0.0  0.0  0.0  1.0
36535719081487;3.3533169379046845;2.091772513079046;0.34283137  -0.806104  -0.4823512  4.42482  0.8717457  0.46432897  -0.15639111  -3.2700348  0.3500372  -0.3668719  0.86190426  4.123193  0.0  0.0  0.0  1.0
36535719081518;3.0920879439740774;5.59169642762449;0.93533546  0.043728773  -0.35104883  -8.685766  -0.14018905  0.9569051  -0.25432202  0.23885131  0.32479918  0.28708956  0.9011577  4.667404  0.0  0.0  0.0  1.0
36535719081549;1.5294161413651834;2.91207720914118;0.72768784  0.5453674  0.41598704  -1.0923036  -0.28243  0.79091513  -0.54285055  2.8738298  -0.6250633  0.2775384  0.7295674  0.26162177  0.0  0.0  0.0  1.0
36535719081580;3.0692450464075005;5.026519666275819;0.6968202  0.17350219  -0.69594437  -4.1109543  -0.24090739  0.9705478  0.00075157534  7.2750435  0.6755776  0.16713437  0.7180952  2.2115045  0.0  0.0  0.0  1.0
36535719081611;4.067373545893354;3.911366769936344;0.87968403  -0.36642617  -0.3031297  -2.8046389  0.17424284  0.8414395  -0.51148677  0.661147  0.44248757  0.3971286  0.8040481  5.6951776  0.0  0.0  0.0  1.0
36535719081642;1.8617882493278746;1.134055992066158;0.034780663  -0.90620416  0.42140782  4.6299996  0.022162085  0.42225868  0.9062044  -1.1440005  -0.99914896  -0.022179287  0.034769922  -0.043547243  0.0  0.0  0.0  1.0
36535719081673;1.5998785025075408;3.313767167691766;0.8554352  0.075001426  0.51245016  -7.177108  -0.33064306  0.8406633  0.4289056  1.3264692  -0.39862952  -0.53633916  0.743932  2.6701622  0.0  0.0  0.0  1.0
36535719081704;1.9756325052656099;2.4923640594941188;0.61252815  -0.060781527  -0.78810847  -0.7240586  -0.21871592  0.9450789  -0.2428765  1.6349733  0.7595871  0.3211406  0.5655938  -4.6121354  0.0  0.0  0.0  1.0
36535719081735;3.6039393451346733;3.77149954373819;0.74037504  -0.066456005  0.66890115  -8.162509  -0.18586576  0.93606466  0.298725  6.6046815  -0.64598674  -0.34549424  0.68068707  7.7191725  0.0  0.0  0.0  1.0
36535719081766;4.290345428514503;2.080017004540379;0.8055051  0.52137595  0.28165358  8.990452  -0.16373536  0.6526094  -0.7397919  -3.5865743  -0.5695193  0.5497895  0.61104774  -2.88213  0.0  0.0  0.0  1.0
36535719081797;3.80649089162507;1.51135466512798;0.07500811  0.96372926  -0.25612438  8.830613  0.12421577  -0.2638775  -0.9565247  -12.539928  -0.9894163  0.0399325  -0.13950329  0.46382296  0.0  0.0  0.0  1.0
36535719081828;1.9802991795936433;4.012272461697313;0.90381956  0.42682818  -0.030465499  -7.248101  -0.4213016  0.87512714  -0.23802795  8.690201  -0.07493592  0.22796944  0.97078025  0.9128325  0.0  0.0  0.0  1.0
36535719081859;4.6068693402346454;2.375460900255327;0.7150046  0.69600004  -0.06597251  6.3655653  -0.69563353  0.7176764  0.03215909  0.091242254  0.06972969  0.022898868  0.997303  -1.9071445  0.0  0.0  0.0  1.0
36535719081890;4.508629332811153;0.26919566363999364;0.18309776  0.09921509  -0.9780756  2.6319876  -0.73231846  0.6775222  -0.0683642  6.8411074  0.65588516  0.72877973  0.1967098  -9.240358  0.0  0.0  0.0  1.0
36535719081921;2.2999981710951882;3.9655788553828684;0.041574936  0.011413099  -0.9990704  -3.8704398  0.283626  0.9586649  0.022754192  -4.215246  0.9580335  -0.2843084  0.036619294  -2.739877  0.0  0.0  0.0  1.0
36535719081952;1.2152378562390587;0.33650588361053174;0.2880526  -0.6417754  0.710739  2.2471223  -0.16028023  0.6994163  0.69651073  2.0725615  -0.9441059  -0.31454915  0.09860485  2.4164453  0.0  0.0  0.0  1.0
36535719081983;1.4321260052918148;1.5453471642123169;0.5784926  -0.27672613  0.76731265  2.290098  0.8141494  0.13814712  -0.56398237  -3.1102755  0.050066564  0.95096684  0.3052134  1.4644463  0.0  0.0  0.0  1.0
36535719082014;2.1446172376713286;3.266645227203761;0.857328  -0.025848668  -0.51412123  -2.2502916  -0.2899452  0.80099535  -0.5237732  6.0639725  0.4253475  0.5981124  0.67922115  -3.7724981  0.0  0.0  0.0  1.0
36535719082045;1.9741406690068724;3.544268712297563;0.80818915  0.5435051  -0.22678635  -12.257412  -0.5484491  0.8348963  0.046385974  3.9731898  0.21455403  0.08689217  0.97283924  0.7028358  0.0  0.0  0.0  1.0
36535719082076;2.7263856166451443;3.5971587810281522;0.8270669  0.49585977  -0.26473248  3.4598598  -0.5265605  0.8482793  -0.056182332  8.787844  0.19670859  0.18586425  0.96268404  -0.9944732  0.0  0.0  0.0  1.0
36535719082107;1.536577084651521;1.5216129877461584;0.87335575  -0.43144265  -0.2260692  0.40044546  0.41196343  0.90191454  -0.12975535  -0.27529633  0.25987712  0.020190317  0.9654307  -2.6876674  0.0  0.0  0.0  1.0
36535719082138;2.448192473659257;4.359390801405252;0.5879479  -0.6525076  0.47806975  -5.2019706  0.61031747  0.7457218  0.26722905  3.2504659  -0.5308761  0.13465771  0.83668286  2.5398598  0.0  0.0  0.0  1.0
36535719082169;2.751939271344588;4.042965538802203;0.9750733  -0.007907342  -0.22174287  -7.4322453  -0.20960587  0.2950013  -0.9322227  1.2402267  0.072785795  0.9554638  0.28599033  7.352149  0.0  0.0  0.0  1.0
36535719082200;3.495996902324403;4.5179288199768415;0.75435317  -0.28783992  0.5899995  5.0360312  -0.11540371  0.82660526  0.55082285  10.11808  -0.6462453  -0.48360318  0.5903347  -4.543654  0.0  0.0  0.0  1.0
36535719082231;4.028218031238248;1.7881736385317797;0.7615943  -0.050381094  -0.64609283  -3.524508  0.45831186  0.74673414  0.48201507  -3.3306189  0.4581751  -0.6632119  0.59179866  -0.37304974  0.0  0.0  0.0  1.0
36535719082262;2.352339194995012;3.05162356789547;0.86723083  0.25431177  -0.42806095  -10.640932  -0.49786335  0.4542106  -0.73879963  8.284071  0.006544275  0.8538256  0.5205178  2.5937889  0.0  0.0  0.0  1.0
36535719082293;4.915635355433878;0.7037148292546301;-0.68100667  0.5504129  0.48298624  4.27472  -0.36292496  0.3191723  -0.8754511  -6.5692487  -0.6360155  -0.7714757  -0.01759996  1.3065972  0.0  0.0  0.0  1.0
36535719082324;2.6136203318699214;1.402866696695288;0.07827376  0.9969319  0.00019151834  7.7554526  -0.99678165  0.07825865  0.017374694  7.446166  0.017306399  -0.0015508728  0.999849  -3.6697729  0.0  0.0  0.0  1.0
36535719082355;2.6932219088290648;0.9545455203927693;0.80798864  -0.2860435  0.51510507  -0.2248745  -0.3158763  0.5276969  0.78851646  2.3787172  -0.49736932  -0.799822  0.33601877  -0.045555353  0.0  0.0  0.0  1.0
36535719082386;4.785475193293865;2.3326955505993547;-0.38153204  0.5097106  -0.7711217  12.172219  -0.7629274  0.29736415  0.57403517  -0.12249935  0.52189577  0.80732256  0.2754183  -1.244628  0.0  0.0  0.0  1.0
36535719082417;2.477038884971137;2.5966766440095124;0.9097323  -0.34759614  -0.2270771  0.5822599  0.34684438  0.93686444  -0.044543784  -1.7367563  0.22822368  -0.038237527  0.9728575  2.6938908  0.0  0.0  0.0  1.0
36535719082448;2.815184467780424;1.4416749728515958;0.87422395  0.31045005  -0.37330005  0.13497686  -0.32621336  0.9450408  0.021978123  9.363573  0.3596068  0.10256173  0.92745006  -5.481111  0.0  0.0  0.0  1.0
36535719082479;3.430440585461284;4.954917751592559;0.8723868  -0.36183748  0.32865632  -7.2773685  0.44065586  0.8731587  -0.20836605  12.492561  -0.21157442  0.32660016  0.921178  -1.4592379  0.0  0.0  0.0  1.0
36535719082510;3.752685809770862;1.01337062863807;0.34488225  -0.93835235  -0.023474548  -2.817155  0.9313173  0.3452015  -0.116119646  -1.9799068  0.117064625  0.018185329  0.99295783  2.2429972  0.0  0.0  0.0  1.0
36535719082541;1.6713742885955687;0.4409894595542484;-0.062481698  -0.29815513  0.9524701  0.44157463  0.7631272  0.6007774  0.2381244  0.19526243  -0.64322054  0.7417342  0.18999279  3.4383688  0.0  0.0  0.0  1.0
36535719082572;5.705872389959219;5.269672643563352;0.43479532  -0.16943856  0.8844456  -16.696108  0.490592  0.86816823  -0.07485582  0.35846037  -0.7551641  0.46644878  0.46060064  1.8454466  0.0  0.0  0.0  1.0
36535719082603;3.111669804062568;2.422110519797344;0.68617976  -0.0020440132  -0.7274292  -1.8764924  -0.6824827  -0.3478791  -0.64280444  -2.7412226  -0.2517434  0.9375374  -0.24010263  11.205246  0.0  0.0  0.0  1.0
36535719082634;4.355140868473985;1.1234182579045808;0.7915363  -0.5423542  0.28164145  6.0228434  0.30836913  0.75234765  0.58213544  -7.79852  -0.52761585  -0.37393188  0.76275575  1.85886  0.0  0.0  0.0  1.0
36535719082665;2.7201030154491477;2.7247033268067207;0.975126  0.038153503  -0.21834213  5.8298893  -0.12136425  0.91619134  -0.38192162  5.5811005  0.18547149  0.39892077  0.8980327  1.4670709  0.0  0.0  0.0  1.0
36535719082696;3.2991237738734345;1.876200634960002;0.9871457  0.13442682  0.08644593  4.3689165  0.050978128  0.24780001  -0.96746916  -7.577327  -0.15147518  0.95943964  0.23776186  5.2228794  0.0  0.0  0.0  1.0
36535719082727;1.2878238866021425;4.159798489430482;0.96788836  0.21454777  -0.13100174  -0.13257366  -0.17355931  0.9473269  0.26916334  13.580327  0.18184982  -0.23778346  0.95414335  6.666599  0.0  0.0  0.0  1.0
36535719082758;3.2221881761895412;2.112339820653811;0.75286204  0.040494017  -0.65693116  -3.1768985  0.13224287  0.96844465  0.21125028  -0.5325856  0.64475596  -0.2459169  0.7237505  -0.5448122  0.0  0.0  0.0  1.0
36535719082789;4.375691271181936;2.382199649628454;0.40859157  -0.79604274  -0.4465074  -3.624538  0.511057  0.60486406  -0.61070454  1.1496232  0.7562232  0.021338012  0.65396565  -13.890606  0.0  0.0  0.0  1.0
36535719082820;2.9711958970592893;1.008600590686101;0.33457533  -0.6485211  0.6837249  -0.605135  0.7505139  0.6221456  0.22285451  -6.123222  -0.56990194  0.43858328  0.6948785  0.4339112  0.0  0.0  0.0  1.0
36535719082851;3.748982682712409;5.476373244721511;0.9608454  0.072609246  -0.26740274  1.3512667  0.19021337  0.52889323  0.82709795  3.4521093  0.20148242  -0.8455767  0.49437335  3.1954758  0.0  0.0  0.0  1.0
36535719082882;4.963661102647681;2.0603587139723842;0.10476397  -0.9358378  0.33649987  3.1443713  0.84660625  0.26146066  0.46356928  -8.559811  -0.52180713  0.23631749  0.81967765  -3.105134  0.0  0.0  0.0  1.0
36535719082913;2.817358654932551;2.2029857452122155;0.59394354  0.080624014  0.80045664  -1.1742172  0.78719425  0.14705844  -0.59891486  1.4324284  -0.16600066  0.9858365  0.02387765  5.8771486  0.0  0.0  0.0  1.0
36535719082944;2.334751411184137;0.46817769123657177;-0.09868251  -0.88003343  -0.46454602  3.0840702  0.6760585  0.2832633  -0.68022585  -1.1299101  0.7302101  -0.3811866  0.5670008  1.1030587  0.0  0.0  0.0  1.0
36535719082975;3.599500676289258;4.235656713536838;0.85187924  0.5005931  0.15397516  -6.5464444  -0.48359966  0.6389578  0.5982176  9.259951  0.20107998  -0.5840716  0.78640133  2.7662725  0.0  0.0  0.0  1.0
36535719083006;4.488115034885534;3.889778215686217;0.96629876  -0.200087  0.16196191  -3.5836334  0.25583982  0.8161204  -0.5181633  3.3750181  -0.028502738  0.54213685  0.8398066  2.1149113  0.0  0.0  0.0  1.0
36535719083037;2.300426924388642;5.078902993443759;0.2939871  0.48973396  0.82081217  2.216884  -0.36946246  0.8502362  -0.37496102  8.048361  -0.8815153  -0.19302543  0.4308968  8.000778  0.0  0.0  0.0  1.0
36535719083068;5.209340635066207;0.5843184011326702;0.50656426  0.8509886  0.13860345  -2.6285067  -0.8573208  0.5142272  -0.023905443  1.979985  -0.09161693  -0.10671796  0.9900594  8.660249  0.0  0.0  0.0  1.0
36535719083099;3.2857786138404523;3.6058531364340682;0.45949182  0.17473823  -0.87082356  -4.590424  -0.6301036  0.755133  -0.18095154  3.9987903  0.6259685  0.6318547  0.45708084  -5.655102  0.0  0.0  0.0  1.0
