# fmr_benchmark.py --model_path=/root/fmr_benchmark/result/fmr_model_modelnet40.pth --voxel_size=0.1 --n_iter=10 --input_txt=/neural_comparison/point_clouds_registration_benchmark//planetary/p2at_met_global.txt --input_pcd_dir=/neural_comparison/point_clouds_registration_benchmark//planetary/p2at_met/ --output_dir=/root/neural_registration_comparison/results/FMR/modelnet40
id;initial_error;final_error;transformation
27844314100030;8.255147930606862;2.392381385876669;0.99203813  0.009758719  -0.12555912  -3.563879  0.07326904  0.76617247  0.63844436  -5.765976  0.10243038  -0.6425609  0.75935733  -27.265701  0.0  0.0  0.0  1.0
27844314100061;18.254613203222405;8.412358176254271;0.96641666  -0.1163994  -0.22910784  -1.3320942  0.14071101  0.98569626  0.09275548  3.0762253  0.21503405  -0.12187837  0.9689716  3.9751954  0.0  0.0  0.0  1.0
27844314100092;11.393043179182689;5.869884666103143;0.16206081  -0.74749523  -0.6441951  -100.14458  0.06755298  0.6596974  -0.74848914  -33.37436  0.9844657  0.07778347  0.1574066  58.720337  0.0  0.0  0.0  1.0
27844314100123;5.730994932441914;7.069449698821846;0.34587017  -0.7104399  -0.612902  -38.148315  0.9375281  0.23548433  0.25610214  34.020725  -0.037616253  -0.663191  0.7475043  -8.721014  0.0  0.0  0.0  1.0
27844314100154;17.463252642790277;10.407812031349632;0.5622886  0.3133788  -0.7652615  6.2324295  -0.21868762  0.9488177  0.22786163  -16.282036  0.79750055  0.03922929  0.6020414  33.29936  0.0  0.0  0.0  1.0
27844314100185;21.245539471637414;5.330528362194114;0.4538648  -0.48097438  0.7501135  -30.989439  -0.3102817  0.70382136  0.6390312  -1.964747  -0.83530354  -0.5227804  0.17020223  -23.9559  0.0  0.0  0.0  1.0
27844314100216;3.735345026853811;2.027339569297873;0.72518516  0.6879572  0.028657822  50.433376  -0.64321744  0.661997  0.38474828  -26.786556  0.24571896  -0.29744697  0.9225765  -39.25866  0.0  0.0  0.0  1.0
27844314100247;13.271216615726097;6.433362732439795;0.42750534  0.8096331  -0.40216118  42.38086  -0.86962605  0.48983857  0.06171625  -36.913986  0.24696162  0.32334578  0.91348636  40.04848  0.0  0.0  0.0  1.0
27844314100278;11.802091711636171;8.92546944155606;0.7787118  -0.2630047  0.5695936  -33.434937  -0.025862312  0.8936607  0.44799736  -18.67891  -0.62684864  -0.3635918  0.6891023  -53.728203  0.0  0.0  0.0  1.0
27844314100309;7.478645140598016;8.197560574372098;0.7547269  0.1304584  0.6429369  5.274197  0.6372192  0.0872776  -0.7657247  -59.95831  -0.15600927  0.9876047  -0.01725973  55.353874  0.0  0.0  0.0  1.0
27844314100340;12.12926847078954;6.235990075656303;0.6450475  -0.638728  -0.41945243  -55.245354  0.5760144  0.76712984  -0.28234628  -12.999031  0.5021169  -0.059483957  0.86275154  23.902863  0.0  0.0  0.0  1.0
27844314100371;7.953713343024883;6.304279691123173;0.5373016  0.44121218  -0.71877605  17.683376  -0.72589964  0.6758275  -0.12777779  -27.756401  0.42939135  0.59041446  0.6833987  51.24768  0.0  0.0  0.0  1.0
27844314100402;10.041005189608843;7.6444595673094655;0.8144733  0.16042984  -0.55757993  5.7161155  -0.012490941  0.9656376  0.25959238  -2.2953625  0.58006656  -0.20446633  0.78849006  12.079041  0.0  0.0  0.0  1.0
27844314100433;14.948099495912265;4.671336288185365;0.85974866  0.5093836  0.03688071  41.229965  -0.4944077  0.84822404  -0.18993905  10.67421  -0.12803498  0.14506577  0.9811031  14.635987  0.0  0.0  0.0  1.0
27844314100464;4.885279212879443;1.8614346103611852;0.324527  -0.57052284  -0.754444  -41.796696  -0.28164193  0.70315087  -0.65288335  -28.618137  0.90297306  0.4243613  0.06750828  12.737013  0.0  0.0  0.0  1.0
27844314100495;16.561379565347497;9.263973791838959;-0.93757105  0.3352626  -0.092517145  -49.95127  -0.34413323  -0.9327706  0.10729115  -4.5668106  -0.050326504  0.13243137  0.98991376  -15.681504  0.0  0.0  0.0  1.0
27844314100526;4.988304065514908;13.565278242237593;0.49917495  0.86546355  0.0423934  52.41532  -0.8642274  0.49372676  0.09666953  -40.56882  0.06273322  -0.08489254  0.99441344  0.41133738  0.0  0.0  0.0  1.0
27844314100557;9.320673558395054;24.91913737590013;-0.4500586  0.8721303  -0.19192682  -6.5406623  -0.58883494  -0.1282492  0.79801345  -31.703987  0.6713576  0.47216606  0.5712605  24.908295  0.0  0.0  0.0  1.0
27844314100588;15.87658357879776;11.265619511437878;0.95928043  0.08073257  -0.27067178  9.321674  -0.08438245  0.9964318  -0.0018542443  0.5664749  0.26955625  0.024618696  0.9626698  20.507257  0.0  0.0  0.0  1.0
27844314100619;9.309459031404598;4.490494022226215;0.8463374  0.3939669  -0.35847282  28.595943  -0.21599254  0.8690282  0.44512632  -15.288364  0.48688796  -0.29929945  0.8205851  -4.189512  0.0  0.0  0.0  1.0
27844314100650;9.597631194952498;6.751197674460238;0.090588175  -0.8813743  0.46365198  -85.05084  0.16701956  -0.44552675  -0.87955135  -100.92456  0.9817832  0.15711589  0.10684715  12.616386  0.0  0.0  0.0  1.0
27844314100681;7.297471099283818;19.70963055127239;-0.6112449  -0.59979796  -0.51635486  -43.659653  -0.76340425  0.27470797  0.5845935  -28.34547  -0.20879105  0.7515171  -0.62580216  -17.414963  0.0  0.0  0.0  1.0
27844314100712;8.650942439496344;4.563791236240517;0.7719668  0.46478134  -0.43364248  3.5161428  -0.33002046  0.87609005  0.35150042  -8.348721  0.54328054  -0.12823574  0.82969964  7.4003334  0.0  0.0  0.0  1.0
27844314100743;12.733448854215453;10.26746778796056;0.55328894  0.83241165  -0.031023659  -29.422935  -0.81212527  0.5307725  -0.24235004  -13.25674  -0.18526849  0.15928468  0.96969277  4.6818666  0.0  0.0  0.0  1.0
27844314100774;4.598125415447288;9.364176966559901;0.8661163  -0.48251104  0.13048121  -57.744705  0.48582193  0.8740276  0.0072767437  -8.302437  -0.117555305  0.057088144  0.9914242  1.3551302  0.0  0.0  0.0  1.0
27844314100805;11.913189531673748;11.604626667677065;0.16536777  0.7634485  -0.6243397  -28.577013  -0.95904833  -0.023123585  -0.28229728  -23.811844  -0.22995642  0.6454549  0.72836006  -0.06433964  0.0  0.0  0.0  1.0
27844314100836;8.640990827250187;9.651149911162607;-0.12421716  0.076867394  -0.98927313  -28.175983  -0.9106373  0.38714463  0.14442484  -73.97444  0.39409345  0.9188091  0.021908294  55.373  0.0  0.0  0.0  1.0
27844314100867;6.409696051288649;5.395288625278344;0.6995387  -0.4620834  0.5450913  -39.559242  0.10027262  0.8187246  0.5653632  -15.707035  -0.7075244  -0.34083578  0.619064  -36.884483  0.0  0.0  0.0  1.0
27844314100898;22.51393172662874;17.039704899475424;0.26600337  0.08830184  0.9599193  7.1722417  -0.4901691  0.8698385  0.055815354  2.7587023  -0.8300461  -0.48536986  0.27466267  3.5929136  0.0  0.0  0.0  1.0
27844314100929;11.35647365629622;10.354373075916172;0.02077494  0.6735007  0.73889476  -13.152788  -0.91097647  -0.29175597  0.29154825  4.710209  0.41193482  -0.67917246  0.60748184  19.645485  0.0  0.0  0.0  1.0
27844314100960;8.931838196630506;15.894882904516898;0.63667536  0.000572019  -0.7711319  5.4651275  -0.6720959  0.49068224  -0.5545436  -51.340607  0.3780634  0.87133855  0.31278968  55.289204  0.0  0.0  0.0  1.0
27844314100991;2.7303992422678602;1.1833003497559984;0.9669142  -0.06824047  -0.24580555  -2.9061527  -0.13107689  0.6937324  -0.7082046  -3.8471463  0.21885155  0.7169925  0.66183513  4.1140532  0.0  0.0  0.0  1.0
27844314101022;3.041428379569016;2.276950097262183;0.8214713  -0.19093059  -0.53733665  -7.0175266  0.12107873  0.97919625  -0.16283248  -4.149267  0.55724776  0.06870212  0.8274992  9.912836  0.0  0.0  0.0  1.0
27844314101053;13.922293305846535;9.732165548828105;0.4536918  -0.3764736  0.8077323  -14.519291  0.8858419  0.091658846  -0.454844  -5.8198614  0.097200945  0.9218819  0.37508076  -18.012445  0.0  0.0  0.0  1.0
27844314101084;10.548695524568679;8.349413051037017;0.79256386  0.52115077  -0.31661347  52.623093  -0.46287352  0.8521782  0.2440089  -33.702324  0.39697665  -0.04684068  0.9166327  15.76853  0.0  0.0  0.0  1.0
27844314101115;4.295014706995369;6.442580005507527;0.30444592  0.91923994  0.2496205  82.46417  -0.453815  0.37038526  -0.81047326  -56.90432  -0.83747506  0.13346374  0.5299273  8.727908  0.0  0.0  0.0  1.0
27844314101146;10.908481463882481;5.560909878474846;-0.06655409  0.58797383  -0.8061374  64.99826  -0.18089117  0.78743047  0.5892638  -22.355164  0.98124874  0.185041  0.053952597  35.31812  0.0  0.0  0.0  1.0
27844314101177;7.524206569447689;10.991494127937123;0.7874195  0.11543135  0.60551304  -1.0955906  0.56937873  0.2401613  -0.78621256  -49.86567  -0.23617446  0.96384555  0.12338354  39.789185  0.0  0.0  0.0  1.0
27844314101208;16.92222694472815;8.928228101941109;0.66690785  0.47654322  0.57283545  45.445477  -0.6939763  0.6771774  0.24459727  -53.42008  -0.27135006  -0.56065804  0.7823246  -52.863438  0.0  0.0  0.0  1.0
27844314101239;4.364181244222641;5.324603828311337;0.64760876  -0.45727134  0.6095127  -42.846684  -0.018566754  0.7902066  0.61255944  -29.832893  -0.76174676  -0.40801555  0.5032547  -38.93556  0.0  0.0  0.0  1.0
27844314101270;10.750785704410854;3.347556713736028;0.19646384  -0.7230983  0.66221654  -33.96628  0.96451443  0.02102438  -0.26319146  -62.114403  0.1763906  0.69042516  0.7015692  26.167511  0.0  0.0  0.0  1.0
27844314101301;12.136609704346055;13.23781812491676;-0.82628363  -0.5630189  0.016283737  -23.80003  0.19958112  -0.26562488  0.9431918  -19.974884  -0.52670944  0.78259385  0.33184934  6.0563316  0.0  0.0  0.0  1.0
27844314101332;6.935112362192998;8.941240332982623;0.95401055  0.29851815  -0.027401064  21.835102  -0.1341385  0.34335688  -0.9295767  -56.509163  -0.2680872  0.89050126  0.36760888  70.64237  0.0  0.0  0.0  1.0
27844314101363;7.8460839984677655;7.9052189810141975;0.57373726  0.6152187  -0.54067695  62.198425  0.11780177  0.5912868  0.79781127  -39.40684  0.8105237  -0.52142656  0.26676938  -48.525703  0.0  0.0  0.0  1.0
27844314101394;13.188484809554595;3.711702420459982;0.87990177  0.3733226  0.29394346  21.061169  -0.44387394  0.86656284  0.22813274  -30.502129  -0.16955343  -0.33120832  0.9281987  -41.08851  0.0  0.0  0.0  1.0
27844314101425;12.438217758874531;9.673662444705988;0.99345237  0.11298732  -0.016901152  12.347464  -0.10921057  0.98265964  0.14984332  -5.6931686  0.03353849  -0.14701648  0.9885652  0.9035597  0.0  0.0  0.0  1.0
27844314101456;13.306910826894018;4.026019274517444;0.94803107  0.20378089  -0.24435717  20.537514  -0.29878646  0.8341836  -0.4635351  -5.6900787  0.10937914  0.51245606  0.8517188  62.299835  0.0  0.0  0.0  1.0
27844314101487;11.823132391507976;10.917120857118366;0.065333605  -0.08010773  0.9946428  1.6445274  0.92229277  -0.37566593  -0.09083701  38.99382  0.38093004  0.92328656  0.049339186  -0.28734565  0.0  0.0  0.0  1.0
27844314101518;11.362927964176022;21.478029629651335;0.29223987  0.47517106  0.82994473  -32.633358  -0.9283542  0.34937772  0.12686123  -0.007559836  -0.22968346  -0.8075566  0.5432291  -10.554652  0.0  0.0  0.0  1.0
27844314101549;8.602285781784683;10.354057446308857;0.51182884  -0.7628527  -0.39507875  6.5018883  0.8282616  0.5602725  -0.008800915  37.982758  0.2280656  -0.32272413  0.91860515  9.454553  0.0  0.0  0.0  1.0
27844314101580;8.529179145836824;3.6348817292588604;0.82537305  0.0024442663  -0.5645823  -1.2748146  0.44826946  0.60510516  0.6579531  5.544674  0.34323987  -0.7961418  0.49834192  -35.8328  0.0  0.0  0.0  1.0
27844314101611;6.938820905749202;4.970265853055275;0.90980613  -0.21273986  -0.3563632  -10.1802435  0.4119854  0.56680226  0.7134444  7.621599  0.050209418  -0.79591256  0.6033258  9.297119  0.0  0.0  0.0  1.0
27844314101642;12.547466022442515;16.500636304839087;0.8756923  0.15116087  -0.45859945  -5.341546  -0.28476426  0.9286715  -0.23765206  2.1240158  0.38996458  0.33870277  0.8562755  12.932189  0.0  0.0  0.0  1.0
27844314101673;7.73561147720838;9.489185239172102;0.999652  -0.025300797  -0.0074901325  -8.881519  0.025620487  0.9986032  0.04620888  9.215589  0.006310545  -0.046384696  0.9989037  -10.72204  0.0  0.0  0.0  1.0
27844314101704;7.852470163017852;13.313983780507431;0.9237045  -0.06327371  0.37784502  -14.066705  0.1308433  0.97906643  -0.15591414  -16.98241  -0.3600701  0.19345702  0.91264665  23.33173  0.0  0.0  0.0  1.0
27844314101735;7.401041146075741;10.048117087812807;0.31495577  -0.07440007  -0.9461858  -26.297447  -0.78405046  -0.58219504  -0.21520707  -97.576096  -0.53485304  0.8096382  -0.24169894  44.634148  0.0  0.0  0.0  1.0
27844314101766;17.078221026612844;10.468166232900986;0.92695826  -0.11422316  -0.35735366  16.378736  0.37100732  0.4205048  0.82796687  -44.208984  0.055696014  -0.9000715  0.43216798  -41.57145  0.0  0.0  0.0  1.0
27844314101797;5.658008139654423;3.287879774899679;0.8585855  0.5081753  -0.06773994  39.31251  -0.22122733  0.24805179  -0.9431482  -53.805344  -0.4624817  0.8247593  0.3253958  53.607597  0.0  0.0  0.0  1.0
27844314101828;12.532088953947076;5.165903823281531;-0.14339724  -0.8583991  -0.49253204  -24.466497  0.49969223  0.36677992  -0.78471655  22.130713  0.8542512  -0.3586406  0.37634012  13.533927  0.0  0.0  0.0  1.0
27844314101859;13.452993466710405;2.454700744861635;0.7537613  0.42880303  -0.4979675  14.398403  -0.5994242  0.75920194  -0.2535804  -36.168213  0.26932177  0.489633  0.8292922  54.371822  0.0  0.0  0.0  1.0
27844314101890;10.240194569123585;9.785445460939645;0.8721176  -0.031767152  0.48826364  12.340956  -0.13932589  0.94045717  0.31004605  -2.8859634  -0.46904036  -0.33842447  0.81576335  -39.727497  0.0  0.0  0.0  1.0
27844314101921;5.39778345406533;9.188463819928106;0.8037519  0.36053577  -0.47328332  7.850404  0.08076672  0.7219992  0.68716365  -3.674389  0.5894572  -0.5905344  0.55118895  -26.63758  0.0  0.0  0.0  1.0
27844314101952;13.302221500961894;7.106195608729246;0.15495922  -0.98782796  0.013559881  16.918535  0.98349005  0.15295115  -0.096712  21.177826  0.09346077  0.028322399  0.99521995  9.677255  0.0  0.0  0.0  1.0
27844314101983;10.786030610610256;10.867307611840397;0.37975428  0.5281407  -0.75950927  -14.2158165  -0.58441484  0.77339774  0.24559127  -2.7153502  0.7171095  0.35060412  0.60235435  9.418331  0.0  0.0  0.0  1.0
27844314102014;18.074211930870813;5.45334095049588;0.6751  0.35677743  -0.64571655  14.02868  -0.3192392  0.9303667  0.18028872  5.6414433  0.665076  0.08442506  0.74198806  -3.8083572  0.0  0.0  0.0  1.0
27844314102045;5.527523174873733;6.744442126232617;0.58131367  -0.22734426  -0.7812741  -18.131086  0.2088755  0.9696926  -0.12675688  -9.050869  0.78641313  -0.08950348  0.61118215  4.734663  0.0  0.0  0.0  1.0
27844314102076;12.49337546729974;2.499552305373749;0.3082879  -0.9345445  0.17772193  -79.50934  0.9409615  0.3270302  0.087425426  -25.415615  -0.13982344  0.14027722  0.9801896  18.464737  0.0  0.0  0.0  1.0
27844314102107;8.34390181428472;26.44505972745808;-0.7578876  -0.6200987  0.20269275  -23.079842  -0.44416687  0.71802384  0.53587085  -38.00576  -0.47783083  0.31610048  -0.81960875  -1.361362  0.0  0.0  0.0  1.0
27844314102138;13.875093444885819;6.199616752282948;0.20816241  -0.57137287  -0.7938522  -62.79525  0.97780544  0.14128865  0.1547061  -21.008091  0.023767427  -0.80843717  0.5881026  -62.377865  0.0  0.0  0.0  1.0
27844314102169;7.7056993337980995;10.056854000165076;0.60710657  0.46714464  0.64280444  -8.939065  0.3675372  0.5521316  -0.7483764  11.645204  -0.70451266  0.69059896  0.16350977  6.568636  0.0  0.0  0.0  1.0
27844314102200;9.927306225231835;4.404883604298232;0.18278398  -0.72251165  -0.66675866  -27.568  0.26321962  0.6893893  -0.6748762  -2.0345058  0.94726217  -0.05214738  0.31618872  15.195961  0.0  0.0  0.0  1.0
27844314102231;10.287771982386351;3.616345112670818;0.9867593  -0.16159521  0.013891777  -3.6257076  0.15208541  0.89211464  -0.42544243  -0.09284639  0.056356374  0.42192206  0.904879  10.825071  0.0  0.0  0.0  1.0
27844314102262;8.065900080817094;7.865430722046491;0.20650102  -0.31705076  -0.9256545  -33.81586  0.33586255  0.9115323  -0.23728731  13.410326  0.91899604  -0.26189262  0.29471776  8.15007  0.0  0.0  0.0  1.0
27844314102293;15.344796486985695;2.0672257523493047;0.24880247  0.8961582  -0.36742032  63.043697  -0.098278314  -0.35403252  -0.9300549  -105.464676  -0.96355534  0.2675095  -1.12988055e-05  11.246794  0.0  0.0  0.0  1.0
27844314102324;11.120662662609497;3.427061812027676;-0.7524563  -0.16011336  -0.6388846  -30.258148  -0.65719587  0.24676907  0.71217906  -6.797991  0.043627486  0.9557557  -0.2909088  7.1555934  0.0  0.0  0.0  1.0
27844314102355;17.81708979026515;9.212394675461203;0.9579806  -0.27892953  -0.06686843  1.7640305  0.28292117  0.95725  0.060233828  -2.2372785  0.047208834  -0.07662128  0.99594176  -9.081911  0.0  0.0  0.0  1.0
27844314102386;12.639375851730701;8.290735480353618;0.4773779  0.0077168634  -0.87866443  -9.225173  -0.474122  0.8441682  -0.25017625  2.5582886  0.73981005  0.5360227  0.4066458  36.455208  0.0  0.0  0.0  1.0
27844314102417;4.852743056092726;4.880273226220483;0.058331292  -0.54528207  -0.83622074  -11.439795  -0.1278736  0.82666564  -0.5479713  4.511854  0.9900737  0.13889444  -0.021506643  13.1440525  0.0  0.0  0.0  1.0
27844314102448;8.862723016525484;5.558234208845221;0.17238922  -0.24096215  -0.9551016  -15.578807  0.90634555  0.41853812  0.05799652  38.38381  0.38577142  -0.8756501  0.2905465  1.4231853  0.0  0.0  0.0  1.0
27844314102479;8.845892927971892;5.910601934564302;0.5712481  0.5517765  -0.6076334  35.875587  0.1788694  0.63883114  0.7482651  -24.239662  0.8010502  -0.53613216  0.26623505  -47.03097  0.0  0.0  0.0  1.0
27844314102510;12.811880985162878;16.967660255443814;0.029489439  -0.4446573  -0.89521503  -7.319781  0.5623495  0.74780655  -0.35291415  25.099003  0.8263737  -0.4930165  0.27210525  22.305725  0.0  0.0  0.0  1.0
27844314102541;16.755247254223338;7.678089222636026;0.87926376  -0.47502092  -0.035359535  8.074336  0.06949285  0.20136067  -0.97704893  5.564479  0.47123888  0.8566266  0.21005966  9.226313  0.0  0.0  0.0  1.0
27844314102572;6.047632241354357;9.359765744699374;0.8767116  -0.44853142  -0.17377071  4.569644  0.4440656  0.8935586  -0.0660174  -10.161084  0.18488522  -0.019287394  0.9825708  11.178274  0.0  0.0  0.0  1.0
27844314102603;5.000465750138839;6.266717023212811;-0.47142875  0.82553214  0.3102449  42.870407  -0.37261015  0.13239829  -0.91849464  -57.57821  -0.79932266  -0.5486051  0.24518523  -29.21619  0.0  0.0  0.0  1.0
27844314102634;4.837279486815611;6.17680412893952;0.99246734  0.12191453  -0.0120748235  -1.5979161  -0.030738292  0.15239151  -0.98784214  -33.345745  -0.11859219  0.98077196  0.15499108  41.934338  0.0  0.0  0.0  1.0
27844314102665;12.464679441521291;6.859725818134045;-0.091438055  -0.4159912  -0.90476  -2.7383394  0.069092855  0.9037261  -0.42249864  2.5284061  0.993411  -0.101144955  -0.053892944  -19.081247  0.0  0.0  0.0  1.0
27844314102696;10.865536856965761;6.859892125083922;0.39937693  -0.78089714  -0.48031047  -74.25129  0.6516073  0.61032164  -0.45046136  -26.328106  0.6449078  -0.13306996  0.7525865  7.184609  0.0  0.0  0.0  1.0
27844314102727;12.326628554608499;9.767582124284402;0.89614105  0.41190368  -0.16512525  27.53791  -0.41775423  0.90855956  -0.000773659  -5.066574  0.14970753  0.06967511  0.9862722  12.011381  0.0  0.0  0.0  1.0
27844314102758;6.140194318079895;11.32827577447624;0.72124326  0.21323289  -0.65904444  -2.7336464  -0.68235844  0.055067588  -0.72894055  -100.40604  -0.11914214  0.97544825  0.18521863  53.76333  0.0  0.0  0.0  1.0
27844314102789;11.79753658561828;3.1342509301091126;0.54228413  0.43547168  0.71853477  4.1673665  -0.7730441  0.59361553  0.22365922  -5.3149757  -0.32913607  -0.67674583  0.6585471  7.536537  0.0  0.0  0.0  1.0
27844314102820;13.718009914125455;1.7343161614215332;0.025007451  -0.9892458  -0.14410917  -16.579412  0.8129747  0.10401386  -0.57293355  7.8400493  0.5817616  -0.10282953  0.8068331  -5.130166  0.0  0.0  0.0  1.0
27844314102851;14.126286162245718;8.014599768808282;0.82931906  0.17745037  0.5298504  -17.628246  -0.49583924  0.6708988  0.5513969  -17.030993  -0.25763047  -0.7200045  0.6443759  -18.901522  0.0  0.0  0.0  1.0
27844314102882;16.65338049572903;13.691377707107577;0.37197363  -0.92710227  -0.046010435  -100.96936  -0.12408241  -0.0005399361  -0.99227196  -78.48529  0.91991264  0.37480813  -0.115237966  76.11647  0.0  0.0  0.0  1.0
27844314102913;3.6628597101339557;4.436497972774033;0.83884263  0.28659517  0.4628242  3.4681053  -0.17663498  0.94749045  -0.2665746  -8.290817  -0.5149205  0.14186321  0.8454181  -13.436915  0.0  0.0  0.0  1.0
27844314102944;9.703443455187617;10.750940903805429;0.81668276  0.1615174  0.554023  1.7288723  0.018868368  0.9520472  -0.30536902  -3.173625  -0.5767785  0.25984317  0.77447295  -6.7383413  0.0  0.0  0.0  1.0
27844314102975;6.1736923351409825;15.736581439017574;0.84639466  0.42280036  0.32381487  45.530228  0.45172784  -0.24793422  -0.85701275  -95.72993  -0.28206047  0.87164706  -0.40084085  67.00717  0.0  0.0  0.0  1.0
27844314103006;8.779326562990162;14.712252874804884;0.6035581  -0.7912778  -0.09796436  -42.560802  0.3506424  0.3737676  -0.85868955  -45.521267  0.7160777  0.48391867  0.5030461  9.676482  0.0  0.0  0.0  1.0
27844314103037;4.983612374719573;6.406365080955232;0.87002367  0.4891767  -0.061361052  -9.205751  -0.4212378  0.6729171  -0.6080635  -14.851159  -0.2561596  0.5548773  0.7915135  -7.291251  0.0  0.0  0.0  1.0
27844314103068;8.080951485631328;4.96964126389311;0.26449051  0.3319493  -0.9054583  0.83063793  -0.68730325  0.72350323  0.06447689  -11.560667  0.67650485  0.6052707  0.41950965  24.097397  0.0  0.0  0.0  1.0
27844314103099;5.35424278701302;5.807922180634869;0.9584277  -0.22436301  0.17628731  -22.283321  0.23990336  0.96811056  -0.07216543  -6.3055496  -0.15447439  0.11145728  0.9816899  8.834627  0.0  0.0  0.0  1.0
