# fmr_benchmark.py --model_path=/root/fmr_benchmark/result/fmr_model_modelnet40.pth --voxel_size=0.1 --n_iter=10 --input_txt=/neural_comparison/point_clouds_registration_benchmark//tum/pioneer_slam3_global.txt --input_pcd_dir=/neural_comparison/point_clouds_registration_benchmark//tum/pioneer_slam3/ --output_dir=/root/neural_registration_comparison/results/FMR/modelnet40
id;initial_error;final_error;transformation
39885980090030;15.205318337116758;3.8424005018737364;0.66648084  -0.72699076  0.16519006  12.549355  0.7198929  0.68517005  0.11088661  -2.9357846  -0.19379681  0.04501542  0.9800084  6.849205  0.0  0.0  0.0  1.0
39885980090061;13.318166755923231;0.8381692030587049;0.89669394  -0.41246286  -0.1606682  4.7965775  0.38364017  0.5430861  0.7469122  9.591143  -0.22081682  -0.73139054  0.64521956  -1.5444727  0.0  0.0  0.0  1.0
39885980090092;16.131758473986306;10.143937047912573;0.7208314  0.681629  0.12563445  7.3272038  0.004624148  0.1765283  -0.98428476  -9.346493  -0.69309527  0.7100842  0.124095075  9.186966  0.0  0.0  0.0  1.0
39885980090123;12.985542941208589;2.3712419375558755;0.5009616  -0.85124093  0.1562899  4.5126376  0.28770217  0.33410758  0.897552  8.027353  -0.8162507  -0.40467417  0.4122789  7.3704433  0.0  0.0  0.0  1.0
39885980090154;12.128119033469892;8.921266530884136;0.9310734  -0.11867254  0.344991  2.137915  0.1929513  0.96271956  -0.18958028  3.456038  -0.30963165  0.24307966  0.9192609  -6.37  0.0  0.0  0.0  1.0
39885980090185;6.628057703543316;4.359659818166545;-0.14332457  0.34595183  0.92724085  8.973823  0.75391924  0.6451274  -0.12416176  -7.4951158  -0.6411426  0.68126917  -0.35328248  4.766029  0.0  0.0  0.0  1.0
39885980090216;5.823010286342225;10.593545351850823;0.5911217  0.37489057  -0.71416533  4.6774216  -0.797935  0.4011062  -0.44990376  3.6717634  0.117791496  0.8358054  0.5362409  4.649337  0.0  0.0  0.0  1.0
39885980090247;5.3740242030998315;0.9075129975371574;0.7948158  -0.46843192  -0.38579747  -3.441817  0.5631381  0.33241558  0.75655484  -0.509436  -0.22614938  -0.81857914  0.5280009  1.750804  0.0  0.0  0.0  1.0
39885980090278;4.39500473301532;10.42985327058642;0.8454825  0.25097728  -0.47134873  6.7916155  -0.37745324  -0.3435037  -0.8599618  7.356205  -0.37774083  0.9049948  -0.19569431  1.306739  0.0  0.0  0.0  1.0
39885980090309;6.062761454151005;2.866058472288124;0.47414032  -0.8188387  -0.32356474  6.238291  0.7161396  0.57245606  -0.39929733  -0.9374311  0.5121866  -0.042394556  0.8578272  -3.1829674  0.0  0.0  0.0  1.0
39885980090340;10.653667033347874;4.592570545657559;0.90301543  0.1394346  -0.40635112  -3.242961  0.03058809  0.92259616  0.38455272  -0.11945337  0.42851797  -0.35968658  0.82885355  5.82358  0.0  0.0  0.0  1.0
39885980090371;7.825764243118106;10.995183046983914;0.55406713  0.77858424  -0.29464546  6.0080833  -0.4254495  -0.039390143  -0.9041246  0.3309102  -0.71554315  0.6263025  0.3094235  7.590795  0.0  0.0  0.0  1.0
39885980090402;6.3535513934385985;9.495957703404892;0.7417734  -0.6486633  -0.17031777  12.819746  -0.014165333  0.23874848  -0.97097814  -2.7912242  0.67050093  0.72265846  0.16790871  1.4214568  0.0  0.0  0.0  1.0
39885980090433;6.8874917645610045;5.636534165253077;0.7171147  -0.45891356  -0.52454257  0.1329174  -0.22274338  0.5622398  -0.7964119  -0.3739672  0.66040283  0.68795705  0.30097055  -1.7802768  0.0  0.0  0.0  1.0
39885980090464;6.2677651862134764;3.134725393666198;0.9597892  0.27451006  -0.058723226  -5.9945045  -0.20042093  0.8165537  0.5413607  2.127067  0.19655971  -0.5078229  0.838737  1.9687192  0.0  0.0  0.0  1.0
39885980090495;9.69087354585672;10.438332662139343;-0.3295514  0.8966382  0.29569516  7.298007  -0.30367303  0.19588389  -0.93242276  9.815673  -0.8939679  -0.39707583  0.2077311  5.7727394  0.0  0.0  0.0  1.0
39885980090526;2.92110847772627;0.6485851054494447;0.4370605  -0.22673728  -0.8703841  -0.7545301  0.46370193  0.885989  0.0020441064  -0.6064489  0.770687  -0.40449214  0.4923692  -0.6417388  0.0  0.0  0.0  1.0
39885980090557;4.738076726601074;4.072042749192148;0.65723777  0.7019555  0.27440265  1.0902004  -0.58125585  0.24032381  0.7774228  -0.78566647  0.4797706  -0.6704498  0.56596565  -3.9803834  0.0  0.0  0.0  1.0
39885980090588;14.769319861057435;10.080990960308121;0.3610769  0.44938698  0.8171138  20.937572  -0.22008233  0.8925411  -0.39361683  2.4404893  -0.90619385  -0.037706304  0.4211781  -0.2860632  0.0  0.0  0.0  1.0
39885980090619;2.836952107880147;9.248727863841935;0.18157017  -0.98214823  0.04916727  11.243876  0.88031447  0.18462038  0.43699187  -2.1886337  -0.438268  -0.03606201  0.89812064  0.732324  0.0  0.0  0.0  1.0
39885980090650;12.55893498698289;0.3609561702678086;0.26995257  -0.90488833  0.32909375  -6.047305  0.92387134  0.14712901  -0.353292  -7.204791  0.27127054  0.39941236  0.8757181  -1.0278462  0.0  0.0  0.0  1.0
39885980090681;13.661467239296929;0.8321834493810142;0.78515196  -0.2024025  -0.5852945  4.9568386  0.14765617  0.97901136  -0.14047934  3.7444434  0.6014435  0.023875257  0.7985588  -11.902729  0.0  0.0  0.0  1.0
39885980090712;11.512393687205597;4.62206402563833;0.28294367  -0.87599385  0.390612  10.183102  0.95612544  0.28985023  -0.042555183  -2.6814964  -0.07594097  0.38551474  0.9195712  -3.2054708  0.0  0.0  0.0  1.0
39885980090743;17.098275178250592;10.07848711834955;0.09951778  0.70192283  0.7052662  12.651369  0.17124523  0.6861276  -0.707039  -12.679522  -0.9801895  0.19113652  -0.051919054  4.197669  0.0  0.0  0.0  1.0
39885980090774;10.611953381784044;9.441559495540364;0.69010365  -0.71805525  -0.090297595  6.8541746  0.3567788  0.22899783  0.905687  8.9481  -0.6296551  -0.65723425  0.41421917  4.1045785  0.0  0.0  0.0  1.0
39885980090805;5.343071835957388;0.4216936147239763;0.09648487  -0.3607097  -0.92767394  -0.18064806  0.66269344  0.7186908  -0.21052532  -6.7335873  0.7426494  -0.5944511  0.30838278  -0.63768816  0.0  0.0  0.0  1.0
39885980090836;5.261479947974986;0.68150134715924;0.63553816  0.2235404  0.73900014  -2.606245  -0.1850823  0.9733696  -0.13526453  3.3238976  -0.7495571  -0.050810054  0.6599868  4.026378  0.0  0.0  0.0  1.0
39885980090867;12.813048896623984;0.18395819343370376;0.7283926  -0.4349031  0.5294364  -5.4859734  0.6270952  0.73447466  -0.25941992  2.229817  -0.27603522  0.52096677  0.8077118  -7.581299  0.0  0.0  0.0  1.0
39885980090898;9.513150698671726;4.96923499028999;0.2520697  0.9309016  -0.26435402  6.412203  -0.9661792  0.22674322  -0.12282326  2.5778651  -0.054395802  0.28637338  0.95657265  7.575972  0.0  0.0  0.0  1.0
39885980090929;3.2910700942172166;10.184192978315075;0.60769325  0.18722907  0.77178633  7.573593  -0.3119486  0.94997793  0.015166929  4.995934  -0.7303401  -0.24997447  0.6357011  2.4099832  0.0  0.0  0.0  1.0
39885980090960;13.148595121958836;0.5839710465732276;0.7338796  -0.67481565  -0.077745795  0.3746829  0.67808217  0.72097903  0.14280675  0.01565051  -0.040315136  -0.157521  0.9866923  11.674252  0.0  0.0  0.0  1.0
39885980090991;4.974292677219224;5.951511443435782;0.72785664  -0.18653497  -0.6598709  0.401358  0.14376895  0.9824144  -0.11913168  -5.5853443  0.67048895  -0.008158147  0.74187493  1.2337968  0.0  0.0  0.0  1.0
39885980091022;13.287028172970416;5.153235227504636;0.91836774  0.26889476  -0.29033822  -6.5120754  -0.19319065  0.9449539  0.26408198  -6.2011595  0.34536642  -0.18643375  0.9197631  4.193487  0.0  0.0  0.0  1.0
39885980091053;15.533441302838277;9.816858675777278;0.61200297  -0.7622275  -0.21085858  23.825653  0.7808748  0.62462986  0.008477911  -0.89925647  0.12524644  -0.1698427  0.97747964  2.5618725  0.0  0.0  0.0  1.0
39885980091084;7.763469718260981;8.909262868703166;0.53170633  -0.14418657  0.8345649  14.000177  0.8449427  0.15775946  -0.5110617  -1.555078  -0.057972364  0.9768941  0.2057111  4.7253504  0.0  0.0  0.0  1.0
39885980091115;3.6651649034345075;1.5111319938599597;0.62423164  -0.76454246  0.16065426  0.70072913  0.7746871  0.63234437  -0.00081039727  -1.2110813  -0.10096928  0.12496267  0.9870106  -2.6693063  0.0  0.0  0.0  1.0
39885980091146;8.080612412768405;9.700895219140982;0.8178056  0.5387029  -0.2024671  12.015094  -0.5426453  0.6046666  -0.58302176  -1.6453279  -0.19165055  0.58666635  0.78682446  0.14815581  0.0  0.0  0.0  1.0
39885980091177;3.8726541071914253;10.203597781347524;0.87232304  0.46369946  -0.15503275  7.4460115  -0.48665285  0.85402185  -0.18389024  2.9956641  0.04713153  0.2358589  0.9706437  -1.2835916  0.0  0.0  0.0  1.0
39885980091208;5.2059592602279805;0.05387463079820269;0.22685745  0.96073675  0.15975267  1.8032091  -0.9623285  0.19587897  0.18856138  1.3228403  0.14986561  -0.19651107  0.96898085  -3.8742747  0.0  0.0  0.0  1.0
39885980091239;9.534104921615693;5.627559125781096;0.24473798  0.6932222  0.6778982  9.437718  -0.86187387  -0.16473813  0.47961965  4.068255  0.4441586  -0.701644  0.5571525  4.7252355  0.0  0.0  0.0  1.0
39885980091270;6.793393155968177;10.204905116135844;0.5552282  0.5667139  -0.6087341  10.932986  -0.5981401  0.7806402  0.18118808  2.539334  0.57788396  0.26350754  0.77240765  -3.176615  0.0  0.0  0.0  1.0
39885980091301;9.237550092631151;0.21429752878346714;0.13367446  -0.031180223  0.99053466  -2.6868467  0.72688884  0.68246835  -0.07661224  3.4028878  -0.67361975  0.7302498  0.113893196  -2.4934938  0.0  0.0  0.0  1.0
39885980091332;14.314334062580222;1.3719433985584149;0.2773804  0.056236535  0.9591129  8.403654  0.8439911  0.46273038  -0.27121818  6.9675226  -0.45906305  0.8847134  0.080889165  -5.1126213  0.0  0.0  0.0  1.0
39885980091363;4.939595963032118;0.31915518067144116;0.40529555  0.9084754  0.10201979  3.4601665  -0.8993736  0.41624537  -0.13366807  0.4929328  -0.1638995  -0.037578683  0.98576105  -0.8088614  0.0  0.0  0.0  1.0
39885980091394;15.273466798993145;10.162949169782664;0.4018077  0.7921266  0.45944098  15.732891  -0.6779067  0.5946077  -0.43230072  2.259791  -0.6156241  -0.13775642  0.7759059  -7.486917  0.0  0.0  0.0  1.0
39885980091425;8.06198539416402;0.30072928367764934;0.4447211  0.8735998  -0.1976019  -0.41765308  0.17604007  -0.3015706  -0.9370514  -4.9028416  -0.8781988  0.38194063  -0.2879033  -0.7438259  0.0  0.0  0.0  1.0
39885980091456;10.977064992754894;8.694854357215068;0.75376165  -0.6001256  -0.2677547  19.753551  0.6504074  0.7395039  0.17350557  1.75683  0.09388055  -0.3049314  0.94773597  -0.5693803  0.0  0.0  0.0  1.0
39885980091487;2.767744523025431;3.352480259791653;0.6544179  -0.5727883  0.49361032  -0.2718792  0.7116266  0.24589497  -0.65812117  0.57403183  0.2555876  0.7819524  0.5685291  -0.28323174  0.0  0.0  0.0  1.0
39885980091518;6.6339837111177165;9.809792356877107;0.9697109  0.02909287  -0.24251652  4.8041363  -0.11106438  0.93682003  -0.33171174  0.9693756  0.21754394  0.34859958  0.91167593  -2.6308527  0.0  0.0  0.0  1.0
39885980091549;8.72791924372333;2.0405696129504456;0.8499689  -0.088068925  0.5194198  -0.8258083  0.17654821  0.9765354  -0.123326115  -5.91523  -0.49637067  0.19652593  0.8455731  -5.202924  0.0  0.0  0.0  1.0
39885980091580;11.404884011730314;1.9372875685813116;0.3286931  -0.8346888  0.4418773  8.992201  0.87187016  0.44803005  0.19776542  -6.876794  -0.36304694  0.32025546  0.87500477  1.4618822  0.0  0.0  0.0  1.0
39885980091611;5.185738995238877;0.18528936496818513;0.9696011  -0.021036679  0.24378479  -1.1888995  0.20215985  0.6301829  -0.74966717  3.923244  -0.1378585  0.7761617  0.6152789  -3.0494983  0.0  0.0  0.0  1.0
39885980091642;11.452810801369598;9.827705340083812;0.95068055  0.049934294  -0.30612662  5.148583  0.04365577  0.9555907  0.29144615  4.0615664  0.307085  -0.29043627  0.90628135  8.4127245  0.0  0.0  0.0  1.0
39885980091673;6.84357315400721;9.896489972479275;0.5964073  -0.7855416  0.16499321  6.9729342  0.7367677  0.61731595  0.27585217  4.578816  -0.31854632  -0.042958684  0.9469333  6.701928  0.0  0.0  0.0  1.0
39885980091704;11.97004270038415;0.7293421919807468;0.09588693  -0.058222756  -0.99368805  3.3878958  0.9917729  0.09064266  0.0903913  0.5442455  0.08480753  -0.9941801  0.066435084  -10.2851305  0.0  0.0  0.0  1.0
39885980091735;9.206758517908435;9.26720429508636;0.498806  -0.010790715  0.86664665  4.9978313  0.8664369  -0.019059174  -0.4989225  -3.361219  0.021901235  0.99976015  -0.00015727151  -5.8075447  0.0  0.0  0.0  1.0
39885980091766;2.598811728309922;2.9558530328323687;0.77833915  -0.044284195  -0.62628037  -0.20019841  -0.20801207  0.9229827  -0.32378072  -0.4256178  0.5923842  0.38228503  0.70918185  0.71398926  0.0  0.0  0.0  1.0
39885980091797;12.542227557622743;3.101140579816098;0.9403298  -0.19497904  -0.27886075  4.4231634  -0.010575986  0.8023967  -0.5966971  -10.552877  0.34010032  0.5640412  0.7524554  1.2321687  0.0  0.0  0.0  1.0
39885980091828;9.47715700246654;0.5192944365377061;0.44573936  -0.894746  0.02731154  -2.180666  0.89462006  0.44632393  0.021213276  0.5702791  -0.031170301  0.014977838  0.99940187  5.7629056  0.0  0.0  0.0  1.0
39885980091859;14.228056617716064;10.63053656261732;0.78826284  0.2409508  0.5662016  4.6089535  -0.580099  0.59790456  0.55316836  1.7115107  -0.20524815  -0.7644952  0.61108136  -6.8983974  0.0  0.0  0.0  1.0
39885980091890;12.934736653014653;2.651178661481798;-0.22303228  -0.12925203  -0.96620435  12.819626  0.83135015  0.49235424  -0.257767  -8.293075  0.5090316  -0.8607446  -0.0023571542  5.1855116  0.0  0.0  0.0  1.0
39885980091921;11.389616762246979;0.791117688975388;0.6145076  0.14902912  0.7747068  4.3925476  0.5850084  0.5727494  -0.57421535  -0.62792945  -0.5292877  0.80606973  0.26477548  9.202559  0.0  0.0  0.0  1.0
39885980091952;7.751231368250753;0.48100671136112794;0.63034225  -0.51559496  0.5803709  -1.4229798  0.44327456  0.8527847  0.2761625  -3.133473  -0.63731956  0.08318682  0.76609635  -4.0846305  0.0  0.0  0.0  1.0
39885980091983;14.851121124669065;10.649805412721397;0.85834366  -0.48697782  -0.1615498  10.64121  0.3614992  0.7974447  -0.48311526  -9.153999  0.36409342  0.3562789  0.86052376  -4.8879237  0.0  0.0  0.0  1.0
39885980092014;8.09691717384987;11.170795989916973;0.8193441  0.10157632  0.5642318  4.6750116  -0.49450782  0.6231666  0.605909  5.59501  -0.2900644  -0.775465  0.56081814  -1.0506089  0.0  0.0  0.0  1.0
39885980092045;7.770476372289854;10.533748655687017;0.99248785  -0.12230267  0.003156597  13.403875  0.12179915  0.98531294  -0.119680144  5.353598  0.01152697  0.119165525  0.99280745  -0.12352662  0.0  0.0  0.0  1.0
39885980092076;16.718631862778135;10.025145973901289;0.64463854  0.75264174  0.1340577  2.6500468  -0.23732015  0.030321585  0.97095805  18.704859  0.72671866  -0.6577315  0.19816351  4.8312483  0.0  0.0  0.0  1.0
39885980092107;10.262899426928634;0.14835260544539264;0.6771273  -0.64089304  -0.36160088  -4.0393877  0.20120665  0.63391924  -0.7467679  -6.604063  0.70782393  0.43290022  0.5581957  -3.706305  0.0  0.0  0.0  1.0
39885980092138;15.257229419744425;1.7135999929785952;0.2065577  0.97790194  -0.032273527  3.332306  -0.977783  0.20751119  0.029650323  7.8893685  0.03569224  0.025431983  0.9990391  -11.4957075  0.0  0.0  0.0  1.0
39885980092169;15.992191385092843;8.4019787569489;0.69641817  -0.11525147  -0.7083211  -0.24548483  -0.60651696  0.43305033  -0.6667868  -3.9298391  0.38358682  0.89397115  0.23168209  -11.04632  0.0  0.0  0.0  1.0
39885980092200;6.917432320039796;0.4904088284042554;0.43474302  0.8778875  -0.20077822  -0.56827164  -0.8842353  0.37386936  -0.27991  -2.6957798  -0.1706647  0.2992241  0.93879634  -3.0703182  0.0  0.0  0.0  1.0
39885980092231;11.63978213050849;10.512088648032424;0.8092683  -0.0056738565  -0.5874116  13.896973  -0.057290077  0.9944243  -0.08853288  6.085004  0.5846389  0.105299756  0.8044312  -7.28941  0.0  0.0  0.0  1.0
39885980092262;5.191873642222159;11.157170374865881;0.698805  -0.12235235  -0.7047707  5.306688  -0.15019274  0.9382025  -0.31179884  3.228197  0.69936675  0.32373792  0.63724387  -0.95806766  0.0  0.0  0.0  1.0
39885980092293;17.8683780302977;5.340527762623693;0.6736985  -0.53822243  -0.5064061  11.692122  0.5980802  0.7996026  -0.054182507  6.0113764  0.43408597  -0.26636893  0.86059105  -9.823097  0.0  0.0  0.0  1.0
39885980092324;2.5378082800465176;1.1323225824696839;0.8245254  0.071791336  -0.5612519  1.6540427  0.24663521  0.8471278  0.47068614  -1.795259  0.5092432  -0.5265172  0.6807722  -2.6007273  0.0  0.0  0.0  1.0
39885980092355;4.721106299632293;0.2542507343036824;0.5450696  0.8242927  -0.15310256  -0.6606693  -0.83838665  0.5364736  -0.096456714  -0.56284153  0.002626917  0.18093476  0.9834916  1.7248018  0.0  0.0  0.0  1.0
39885980092386;4.150156398285817;2.1845679795542203;0.7962562  -0.2818212  -0.5353066  -3.7077622  0.5259299  0.75975466  0.38232288  0.11371708  0.29895487  -0.5859607  0.75317734  5.508326  0.0  0.0  0.0  1.0
39885980092417;6.211588953303198;6.443968946796504;-0.25775892  -0.17533417  0.9501677  -1.459438  0.62124485  0.7230997  0.30196312  0.54124665  -0.7400104  0.66812027  -0.07745987  1.6363533  0.0  0.0  0.0  1.0
39885980092448;6.198581447326856;0.36754593455292944;0.5149583  0.53251195  -0.6717507  3.0166059  -0.69461393  0.71842885  0.037029553  1.4370099  0.50232387  0.4475388  0.7398513  -7.798752  0.0  0.0  0.0  1.0
39885980092479;13.852347125351322;4.366115933441578;0.93615586  -0.061937604  0.34608647  -0.97430986  0.033790234  0.9956537  0.08678597  -6.8900156  -0.3499576  -0.069550835  0.9341801  -12.236043  0.0  0.0  0.0  1.0
39885980092510;11.087356919905194;0.24918332485442382;0.48141205  -0.8005713  -0.35683045  1.9884634  0.8276814  0.5491875  -0.115483455  -10.479672  0.2884196  -0.23974684  0.9270035  -3.6142378  0.0  0.0  0.0  1.0
39885980092541;8.13198811043238;0.09755724781394651;-0.77132  0.63108456  0.08244912  5.8890944  0.43955523  0.621902  -0.6480965  3.8489  -0.46027902  -0.4636488  -0.75708205  -2.6455991  0.0  0.0  0.0  1.0
39885980092572;12.857597382515118;6.186305618086508;-0.09843993  -0.26225644  0.95996416  5.9179797  0.87585133  0.43512478  0.20868811  -5.8103843  -0.47243387  0.8613293  0.18686385  -0.39904094  0.0  0.0  0.0  1.0
39885980092603;4.595426400726901;1.596597437038683;0.5597519  0.046401136  -0.8273601  2.9416976  -0.69993293  0.5609439  -0.44208136  4.991807  0.44358936  0.8265524  0.3464672  -2.910184  0.0  0.0  0.0  1.0
39885980092634;14.955394496186754;4.62300235538262;0.29721975  0.6636745  0.6864376  10.944438  -0.8538335  0.50652033  -0.12002307  7.498719  -0.42735085  -0.5504301  0.7172153  9.54007  0.0  0.0  0.0  1.0
39885980092665;13.790322686089336;4.8731910368097795;0.33502018  0.9111522  0.23992416  -8.441723  -0.7794605  0.124956794  0.6138626  -3.748749  0.5293417  -0.39266777  0.7520702  -3.6865244  0.0  0.0  0.0  1.0
39885980092696;10.060575966549875;4.616439373057205;0.20744023  0.7854247  -0.58316076  -1.0163496  -0.65286255  0.5551  0.51539725  5.461679  0.72851855  0.27380955  0.62792444  6.989463  0.0  0.0  0.0  1.0
39885980092727;5.0885328238275855;0.258321497230591;0.2149318  0.91836524  0.33227974  2.867661  -0.92792225  0.08592458  0.36273566  2.4104505  0.30457276  -0.3862931  0.8706394  -4.078535  0.0  0.0  0.0  1.0
39885980092758;7.042514947121556;0.046174459391766905;0.7733284  0.6267793  -0.09545112  -0.2927631  -0.4970228  0.69280213  0.5224881  0.25699854  0.3936135  -0.3566136  0.84728706  -7.379292  0.0  0.0  0.0  1.0
39885980092789;9.837958892178126;9.685110553837404;0.5372837  -0.5208549  0.6633526  11.395393  -0.15816507  0.71034175  0.6858561  -4.3040247  -0.82843834  -0.47341847  0.29927424  9.607149  0.0  0.0  0.0  1.0
39885980092820;8.268718839568454;9.75218622275674;0.5999301  0.55626804  0.5750215  7.0350504  -0.79773897  0.47053745  0.37710363  1.897064  -0.060798462  -0.68495274  0.7260462  8.036931  0.0  0.0  0.0  1.0
39885980092851;6.8936455006206945;10.15862021296967;0.34654987  -0.5952494  0.72496986  4.641577  0.93569416  0.16483724  -0.31193748  3.4535313  0.06617855  0.786452  0.6140958  2.0188665  0.0  0.0  0.0  1.0
39885980092882;8.701798953500287;10.587545458091611;0.34694734  0.54786974  0.76122683  12.285879  -0.78540003  0.61333567  -0.08346471  3.229612  -0.51261526  -0.5689095  0.64309216  9.459401  0.0  0.0  0.0  1.0
39885980092913;12.068994851548805;10.023297096927083;0.48114052  0.5729687  -0.66348404  1.6367482  -0.6943335  0.71110666  0.110582545  2.7208135  0.53516805  0.40747333  0.7399735  6.2378335  0.0  0.0  0.0  1.0
39885980092944;3.372320270673433;10.085040318697029;0.851864  0.3758117  -0.36481968  7.8418865  -0.08030997  0.7820205  0.61805695  3.130825  0.5175695  -0.49720183  0.69635653  -1.300261  0.0  0.0  0.0  1.0
39885980092975;6.497637263498034;10.159731218678704;0.8034507  -0.57196397  -0.16530088  8.0356  0.5706642  0.81898403  -0.060064163  -2.560278  0.1697333  -0.046072796  0.9844124  -1.812271  0.0  0.0  0.0  1.0
39885980093006;15.880192191604793;1.0262586934280737;0.69251746  -0.3788714  -0.61390215  9.272901  0.5173645  0.85388863  0.05663768  -9.826312  0.50274575  -0.35683388  0.78734756  2.9410722  0.0  0.0  0.0  1.0
39885980093037;17.265572118183027;9.354198861450639;0.9237564  -0.1789862  -0.33858243  15.619175  0.11664954  0.97356004  -0.1964016  4.4096045  0.36478356  0.14193174  0.9202112  -11.326265  0.0  0.0  0.0  1.0
39885980093068;7.330304072587055;1.8462956070357608;-0.024814006  -0.39645404  0.9177192  -1.2295479  0.024108902  0.9174974  0.3970102  -1.3163377  -0.9994015  0.031976685  -0.013208798  5.553084  0.0  0.0  0.0  1.0
39885980093099;11.7148593534829;0.03308194228054516;0.3359924  0.19441289  0.9215817  -1.7107737  -0.24025872  0.96378636  -0.1157221  12.204453  -0.91070575  -0.18253629  0.37053424  -4.831892  0.0  0.0  0.0  1.0
