# fmr_benchmark.py --model_path=/root/fmr_benchmark/result/fmr_model_modelnet40.pth --voxel_size=0.1 --n_iter=10 --input_txt=/neural_comparison/point_clouds_registration_benchmark//tum/pioneer_slam_global.txt --input_pcd_dir=/neural_comparison/point_clouds_registration_benchmark//tum/pioneer_slam/ --output_dir=/root/neural_registration_comparison/results/FMR/modelnet40
id;initial_error;final_error;transformation
1807261650030;4.242065528890624;1.0590344330184993;0.9763032  -0.08037661  -0.20092706  2.6390624  -0.06768815  0.76846325  -0.6363039  4.1036553  0.20554899  0.6348259  0.74481255  -4.3315554  0.0  0.0  0.0  1.0
1807261650061;7.372035540033227;4.112499226394834;0.84289527  -0.5172395  0.14829375  2.5419517  -0.011611655  0.2580496  0.9660618  7.178355  -0.5379525  -0.8160106  0.21150278  -0.911922  0.0  0.0  0.0  1.0
1807261650092;12.102589230009645;0.633584735953434;0.53745717  -0.5649958  0.62603474  7.1029987  0.82798487  0.21275486  -0.5188223  -9.778946  0.15994053  0.7971922  0.5821545  10.473897  0.0  0.0  0.0  1.0
1807261650123;9.366919006451113;8.905923868509683;0.8538656  -0.5000635  0.14439517  11.328842  0.49109372  0.8659304  0.094823726  6.9474125  -0.1724541  -0.010055169  0.9849662  8.618784  0.0  0.0  0.0  1.0
1807261650154;4.484926530514292;7.091749761578766;0.42900276  -0.7540545  -0.49735126  8.816991  0.9032718  0.36269134  0.22924846  0.71046627  0.0075191557  -0.54759157  0.836712  2.0279198  0.0  0.0  0.0  1.0
1807261650185;4.785592360357215;9.56254059378116;0.4442317  0.8079222  -0.3871953  7.981014  -0.5939747  0.58913743  0.54782397  0.872931  0.67071027  -0.013376538  0.7415987  -1.1038724  0.0  0.0  0.0  1.0
1807261650216;5.7139193037879235;5.447285266913556;0.7112756  0.31065217  -0.6305416  -6.565468  -0.27258122  0.9487458  0.1599412  5.90191  0.6479096  0.058111504  0.75949734  -0.029894829  0.0  0.0  0.0  1.0
1807261650247;12.652214164961155;1.5530363016039344;0.3357582  0.94169134  0.021988722  -10.44538  -0.0784287  0.004685454  0.99690884  -0.69412977  0.9386775  -0.3364448  0.07542889  0.53853226  0.0  0.0  0.0  1.0
1807261650278;6.989420057286833;4.433008947088793;0.083478756  -0.33483604  -0.93857116  -5.047244  -0.25797144  0.9024903  -0.34490877  2.6860566  0.9625395  0.27091718  -0.011039287  12.258188  0.0  0.0  0.0  1.0
1807261650309;8.352466281140485;0.14168356316292124;0.57944286  0.57318556  -0.5794001  -6.0269938  0.25207612  0.5500114  0.7962068  0.44190955  0.7750509  -0.60740936  0.17421381  -1.6323402  0.0  0.0  0.0  1.0
1807261650340;10.036300996119001;0.18946193128643812;0.678006  0.5839441  -0.4464497  5.5672984  -0.7350471  0.5416887  -0.40777367  8.046292  0.0037197215  0.6046344  0.7964945  -13.128905  0.0  0.0  0.0  1.0
1807261650371;3.1812712757927435;5.895433137486507;0.7160103  -0.44319105  -0.53936183  1.532682  0.17052995  0.8602603  -0.48049107  4.4268436  0.676941  0.25205907  0.69153243  0.6538222  0.0  0.0  0.0  1.0
1807261650402;12.640830633455;5.8326476430103185;0.14346585  -0.9852145  -0.09364878  0.22567177  0.77440786  0.052839063  0.630476  -8.434955  -0.6162059  -0.16297415  0.77053857  -0.46337843  0.0  0.0  0.0  1.0
1807261650433;17.72602606662104;1.6404211897693375;0.49160329  0.23429301  -0.83870924  -2.4779773  -0.81496376  0.46316403  -0.3483004  -5.6760025  0.3068555  0.85474306  0.41863334  6.714141  0.0  0.0  0.0  1.0
1807261650464;13.516242316124647;7.1487971845212614;0.6687496  -0.4762952  0.5708913  10.497108  0.640262  0.75926197  -0.11655842  2.716938  -0.37793976  0.4434684  0.81271  -0.19535685  0.0  0.0  0.0  1.0
1807261650495;7.578236265964046;6.36488654398611;0.8899644  0.39464214  -0.22851898  0.5104966  -0.37591013  0.35115826  -0.8575428  13.5321865  -0.25817615  0.8490853  0.4608682  8.068844  0.0  0.0  0.0  1.0
1807261650526;15.116037694080763;2.2584819361644497;0.549544  -0.3195107  -0.77195495  -6.384793  -0.79127526  0.097471155  -0.60364115  -2.5763264  0.2681132  0.9425562  -0.19925612  -0.9549983  0.0  0.0  0.0  1.0
1807261650557;24.456095870239103;0.1001664189985763;0.4266052  -0.8887632  -0.16765408  2.5852134  0.84274924  0.45790538  -0.2830126  -2.550612  0.3283009  -0.0205557  0.94434947  -8.116519  0.0  0.0  0.0  1.0
1807261650588;6.853314294203077;3.1226148901201984;0.74507135  0.21823096  -0.6302729  -2.2772427  0.13003919  0.87929595  0.45817927  -3.976796  0.65418565  -0.4233364  0.6267597  4.697758  0.0  0.0  0.0  1.0
1807261650619;35.588647047747834;3.9539195998961483;0.8705038  0.3706548  -0.3237873  4.629854  -0.45223957  0.34285587  -0.82336444  12.7090435  -0.19417162  0.8631712  0.4660824  -3.4007235  0.0  0.0  0.0  1.0
1807261650650;3.7851067611784845;0.6561063227233321;0.15465209  -0.9832027  0.096930034  -0.0054147243  0.7029086  0.17844322  0.68853295  -2.877541  -0.694264  -0.03835015  0.71869814  -2.9057932  0.0  0.0  0.0  1.0
1807261650681;15.599629407378206;4.215191614368159;0.7700765  0.4388789  0.46299833  6.88713  -0.49568623  0.8685009  0.001186898  0.8498369  -0.40159357  -0.23041585  0.88635844  1.2725887  0.0  0.0  0.0  1.0
1807261650712;15.285930710511307;8.14255042511854;0.1610084  0.95580083  0.24600983  2.5708375  0.70076275  -0.28623602  0.6534527  -1.2849209  0.6949878  0.06718303  -0.7158762  -7.3679047  0.0  0.0  0.0  1.0
1807261650743;12.892867624387561;7.069992803095218;-0.18265107  -0.6506132  0.7371167  -1.5597429  0.6161441  0.5084959  0.6014969  -3.644683  -0.76616246  0.5640341  0.30799413  4.38347  0.0  0.0  0.0  1.0
1807261650774;8.730798497462562;9.736628243734138;-0.0676263  -0.20284937  -0.97687185  -5.53914  0.70729625  0.68081146  -0.19033602  3.8634236  0.7036753  -0.7038097  0.097433865  1.811336  0.0  0.0  0.0  1.0
1807261650805;27.065215252830498;15.093857448731626;-0.38578698  -0.5510398  -0.7399482  -3.1354883  0.37458798  0.6393965  -0.67145795  -5.7513885  0.8431206  -0.5362154  -0.040257942  -0.6793553  0.0  0.0  0.0  1.0
1807261650836;7.792680035821759;5.799488556345634;0.966678  0.07197736  0.24566822  2.3007705  0.033939518  0.91515326  -0.4016752  0.8356041  -0.25373566  0.3966285  0.8822155  -4.307189  0.0  0.0  0.0  1.0
1807261650867;39.325074377946905;9.426164173152417;0.06962372  0.89706427  0.43638104  -4.7785273  0.8593173  -0.27611527  0.4305047  5.9209948  0.50668174  0.34501657  -0.79008704  9.313672  0.0  0.0  0.0  1.0
1807261650898;3.285326842341318;0.2615530927641041;0.27820292  -0.9605178  0.0029616002  -0.27539796  0.7393353  0.21610613  0.6377159  1.102285  -0.6131775  -0.17522484  0.7702662  -0.1746893  0.0  0.0  0.0  1.0
1807261650929;12.554732005914778;13.582627588136672;0.76972693  0.488712  0.4107079  2.4210415  -0.09206594  -0.55165607  0.8289751  4.5393324  0.63169974  -0.6758966  -0.37963083  0.8732879  0.0  0.0  0.0  1.0
1807261650960;16.500132258179224;7.712110091085863;-0.3458078  0.14462274  -0.92709297  10.068488  -0.91266906  0.17754081  0.36812314  -3.8241835  0.21783566  0.9734287  0.07059765  2.4142933  0.0  0.0  0.0  1.0
1807261650991;6.090238403131256;12.986119210082771;0.12830356  0.8865577  0.44447002  5.3103514  -0.46494296  -0.3420983  0.8165764  -1.2171108  0.8759944  -0.3114229  0.3683063  -1.1412611  0.0  0.0  0.0  1.0
1807261651022;18.00713753417378;7.056460826366645;0.8144402  0.096649334  -0.57214177  9.044454  0.19968638  0.87911665  0.43275753  1.6103196  0.544805  -0.46670407  0.6966884  -8.565231  0.0  0.0  0.0  1.0
1807261651053;17.655152207016677;4.968266090944164;-0.3151967  -0.33261287  0.88883066  -5.8129883  0.36109012  0.824097  0.43643808  -0.98390114  -0.87764764  0.45851186  -0.13964954  -0.26234472  0.0  0.0  0.0  1.0
1807261651084;7.048108031378534;5.708263909755098;0.9396812  -0.26214203  0.2197288  2.4530783  0.3020746  0.93735313  -0.17355093  3.1249375  -0.16046852  0.229457  0.9599997  -3.198038  0.0  0.0  0.0  1.0
1807261651115;29.330989838652297;8.140824435367467;0.3367201  -0.61472195  -0.7132576  3.0137346  -0.9397506  -0.2669099  -0.21360794  8.533659  -0.05906587  0.74221027  -0.6675591  6.6308217  0.0  0.0  0.0  1.0
1807261651146;12.978837113850958;0.11459135477502815;0.70731705  -0.7049145  -0.05290304  -1.5942609  0.68663996  0.7029089  -0.18559283  -2.0253172  0.16801307  0.09494762  0.9812017  10.349003  0.0  0.0  0.0  1.0
1807261651177;4.659029665212119;7.3110296001505715;0.16033506  0.09276297  0.9826941  -4.4168653  0.27695373  0.9513536  -0.13499196  4.8701315  -0.94741184  0.29380482  0.12684426  -0.19885063  0.0  0.0  0.0  1.0
1807261651208;13.18942876420926;8.532826660447988;0.84934133  -0.22839409  -0.47587356  -1.0174913  0.4626538  0.7561244  0.46284693  3.1234908  0.25410807  -0.61327964  0.74787515  -7.6273537  0.0  0.0  0.0  1.0
1807261651239;14.502722552119096;1.0333738187910244;0.8631535  -0.4014241  -0.30630794  -1.68266  0.07546098  0.7023574  -0.7078133  -0.6045904  0.499271  0.5878372  0.63653415  -8.554663  0.0  0.0  0.0  1.0
1807261651270;5.3367863312056185;0.8908725547291169;-0.5732736  -0.16324629  0.80293703  -2.1742902  -0.50246745  0.8441021  -0.18713145  -4.53474  -0.64721227  -0.5107273  -0.5659273  -2.2229552  0.0  0.0  0.0  1.0
1807261651301;18.499291020604566;11.647743950192764;0.5836806  0.80963725  0.061683044  -2.663396  -0.78573364  0.5440195  0.29439002  12.263828  0.2047923  -0.22029613  0.95369285  1.2795749  0.0  0.0  0.0  1.0
1807261651332;12.390821196249583;1.536330742750637;-0.071124695  -0.28604746  -0.955572  2.0065522  0.53118736  0.79999495  -0.27901307  7.5733356  0.84426373  -0.52743256  0.09504531  -0.5866573  0.0  0.0  0.0  1.0
1807261651363;14.174233102738592;8.697331888448238;-0.8035944  -0.59135544  0.06734163  4.7240524  -0.4706354  0.70062125  0.5363135  2.624696  -0.3643327  0.39928514  -0.84132814  0.14821586  0.0  0.0  0.0  1.0
1807261651394;15.37282925956283;0.10672167478618823;0.6546442  0.75465137  0.044072773  3.7396235  -0.75580376  0.65231884  0.056930594  -1.17764  0.014213283  -0.07057955  0.99740493  12.077311  0.0  0.0  0.0  1.0
1807261651425;13.890754583273365;8.429767924483864;0.8446583  -0.14340821  -0.5157386  11.328536  0.48768726  0.60339165  0.6309356  -4.496378  0.22071104  -0.78444415  0.5795982  -7.836061  0.0  0.0  0.0  1.0
1807261651456;9.3716141831985;6.6101397554718035;0.89454746  0.37069607  0.249738  3.7873716  -0.39621282  0.91624904  0.059186876  0.7099576  -0.20688187  -0.15189484  0.9665029  -7.67502  0.0  0.0  0.0  1.0
1807261651487;17.785414458371655;5.097148107698771;0.035255983  -0.39892673  -0.91630465  3.188405  0.5461696  0.7755308  -0.31662416  0.82723093  0.83693236  -0.48929483  0.24522367  -7.617285  0.0  0.0  0.0  1.0
1807261651518;16.45702919953805;4.003498599412497;0.477735  0.5838083  -0.6564584  11.646004  -0.37981564  0.8110575  0.44488874  -3.9115455  0.7921549  0.036794014  0.6092101  -8.301954  0.0  0.0  0.0  1.0
1807261651549;5.869275751550298;2.7391497083320746;0.21298331  0.8252906  0.5230044  -2.549992  -0.8542287  0.41711652  -0.31033385  -1.6487544  -0.47426927  -0.38066947  0.7938258  -0.44095087  0.0  0.0  0.0  1.0
1807261651580;10.82780923860347;10.231294210230134;0.15586856  0.98081267  0.117096186  -0.93506783  -0.95329773  0.11831935  0.27789226  3.448955  0.25870553  -0.15494215  0.9534486  1.9956605  0.0  0.0  0.0  1.0
1807261651611;22.621753926741967;5.63579253500736;0.15444735  0.10722399  0.9821657  2.114966  -0.84551626  0.528621  0.07524912  -5.313334  -0.51112485  -0.8420589  0.17230377  -2.3216095  0.0  0.0  0.0  1.0
1807261651642;7.769711969705423;8.451775600339086;0.6927119  0.0784519  -0.7169348  8.320917  0.10001124  0.9740131  0.20321532  4.064418  0.7142465  -0.21247126  0.6668642  -5.663779  0.0  0.0  0.0  1.0
1807261651673;8.158437860854828;13.859655599596769;0.58774215  -0.79283714  0.16114722  3.1611009  0.056840867  0.2391543  0.9693163  3.2432575  -0.8070492  -0.5605482  0.1856266  -2.3701997  0.0  0.0  0.0  1.0
1807261651704;36.66570801263619;4.311093339862915;0.19906774  -0.38306227  0.9020176  1.0251372  0.053408924  0.923312  0.38031867  -6.4585733  -0.97852933  -0.027533378  0.20426062  11.472351  0.0  0.0  0.0  1.0
1807261651735;13.857565236918324;8.377645628055497;0.6622317  0.47005466  -0.583522  -5.574051  0.06136384  0.7421189  0.6674532  2.3242083  0.74678195  -0.4778159  0.46261027  2.8863435  0.0  0.0  0.0  1.0
1807261651766;22.45262214999514;6.852170014562711;0.17080534  0.41777217  0.89235204  -8.007945  0.61967105  0.6585821  -0.4269397  0.60062146  -0.7660506  0.6258881  -0.14639196  7.168527  0.0  0.0  0.0  1.0
1807261651797;21.051230087920704;6.634592063202682;0.91347754  -0.24848624  -0.32220045  -6.8951235  0.25750175  0.96616036  -0.0150695555  2.7792974  0.3150419  -0.06920141  0.9465513  4.6382065  0.0  0.0  0.0  1.0
1807261651828;3.434283833819833;0.11699547430096129;0.445789  0.8825676  -0.14948773  -1.5543576  -0.7347724  0.4561676  0.50201637  -0.25929368  0.51125497  -0.11395399  0.85184085  -1.9215742  0.0  0.0  0.0  1.0
1807261651859;30.81758641329856;5.147222087033032;-0.6874798  -0.35080874  0.6358494  -1.525335  -0.14925824  0.9251449  0.34903985  10.745521  -0.7106992  0.14505213  -0.6883797  6.653926  0.0  0.0  0.0  1.0
1807261651890;5.456298175072451;7.701676404276798;0.2378868  0.3513707  0.90551025  -3.2472682  0.33752042  0.84427047  -0.41627768  3.610266  -0.91076344  0.40465516  0.082245976  4.382685  0.0  0.0  0.0  1.0
1807261651921;13.250946855243232;6.433324014761434;0.6636943  -0.34517  -0.663602  -0.9821288  -0.4307482  -0.9016639  0.038189083  -1.0259298  -0.6115274  0.2604996  -0.74711066  -2.5526943  0.0  0.0  0.0  1.0
1807261651952;9.163995689044379;1.2630622331066188;0.78151435  0.3033874  0.5451525  -2.13232  -0.622171  0.44376588  0.64496154  6.354883  -0.04624696  -0.84322464  0.5355682  1.8545923  0.0  0.0  0.0  1.0
1807261651983;6.588263075805257;6.409637771553817;0.60258627  -0.6230251  0.4987278  0.21749708  0.6688361  0.7351827  0.11029248  3.377363  -0.43537107  0.26710647  0.8597128  1.5959312  0.0  0.0  0.0  1.0
1807261652014;17.758751011909293;9.339571113876872;0.9480044  0.06417929  0.3117193  -2.4955535  -0.123469256  0.97691005  0.17436215  3.283743  -0.29333124  -0.20378375  0.9340392  8.665859  0.0  0.0  0.0  1.0
1807261652045;29.809431639619387;3.0199943912054947;0.3511182  0.5020724  0.7903413  2.3398018  -0.59972703  0.768806  -0.22195628  -6.5804133  -0.71905744  -0.39605612  0.5710481  7.1083355  0.0  0.0  0.0  1.0
1807261652076;4.484716985902588;5.896427501419269;0.2717226  0.34560704  0.8981775  3.1774704  0.52784455  0.72686327  -0.43937474  -0.6787329  -0.8047031  0.5934862  0.01507847  1.4453368  0.0  0.0  0.0  1.0
1807261652107;29.336704611392904;4.996705408906964;0.49972835  -0.4988963  -0.70807767  -10.350567  0.71303535  0.7010667  0.009270756  -1.3301697  0.4917845  -0.5095173  0.7060736  9.377382  0.0  0.0  0.0  1.0
1807261652138;8.336172594373753;0.06645585401244157;0.689432  0.6358341  0.34698543  1.8106703  -0.5796103  0.19695115  0.79073524  0.09730673  0.43443716  -0.7462744  0.50432014  2.069275  0.0  0.0  0.0  1.0
1807261652169;11.016264409904746;7.150608319418863;0.48808733  0.8261224  0.28158918  -0.54184663  -0.34286976  0.47817957  -0.8085696  4.3446283  -0.80262774  0.29810423  0.5166457  2.2897243  0.0  0.0  0.0  1.0
1807261652200;7.691976379282801;3.6858454685910904;0.02874993  0.19023421  0.98131764  -1.3246329  -0.9995846  0.0073843  0.027853625  0.121575534  -0.0019475743  -0.981711  0.1903676  -0.17355204  0.0  0.0  0.0  1.0
1807261652231;30.250277525569288;8.26223647542289;0.65349555  -0.7017697  0.28365943  -4.393877  0.6009569  0.2531799  -0.758123  -1.15725  0.46021092  0.66589725  0.5871855  7.3905864  0.0  0.0  0.0  1.0
1807261652262;34.4089756725358;3.116680218659061;-0.89021957  0.2930498  0.34875596  -6.181631  0.3083295  0.95120084  -0.012238555  0.9719301  -0.33532336  0.09663686  -0.9371336  11.329632  0.0  0.0  0.0  1.0
1807261652293;40.84770933151314;8.505834047150984;0.112257294  -0.21171126  0.97086376  3.0359776  0.44593114  0.8838631  0.14117819  2.2008808  -0.8879998  0.41709003  0.19362873  14.929761  0.0  0.0  0.0  1.0
1807261652324;17.8904122783438;5.246701310616236;0.3255734  0.9428838  -0.07051422  -6.0008426  -0.014945865  -0.06943612  -0.99747425  -1.073078  -0.9453988  0.32580477  -0.008514255  -1.0138159  0.0  0.0  0.0  1.0
1807261652355;3.608779537763446;8.88033547807389;-0.055280365  0.96494204  0.25657544  -4.7621355  0.5210114  0.2470871  -0.8170039  2.646507  -0.85175776  0.08851445  -0.51640487  1.6344345  0.0  0.0  0.0  1.0
1807261652386;28.030315095757214;5.53416206499122;0.9364436  -0.009899697  -0.35067862  -5.8905535  -0.0676579  0.9757396  -0.20821725  -4.0798  0.3442324  0.21870989  0.9130554  -11.2975855  0.0  0.0  0.0  1.0
1807261652417;16.760798496759268;5.5502487623275565;0.042926513  0.993025  0.10981294  5.5219784  -0.9796732  0.020279838  0.19957203  -5.6223893  0.19595306  -0.116147794  0.9737105  -5.86302  0.0  0.0  0.0  1.0
1807261652448;11.541073086658493;8.529590689513622;-0.12440047  0.8737577  -0.47018296  5.7271566  -0.9610231  0.011811293  0.27621555  1.5003673  0.24689895  0.486218  0.838232  -8.242368  0.0  0.0  0.0  1.0
1807261652479;17.131314427617824;13.386249294548355;0.41929203  0.8642676  0.2779131  8.3293295  0.58617204  -0.49148718  0.644083  -3.506393  0.69325066  -0.10715395  -0.7126862  -2.7543178  0.0  0.0  0.0  1.0
1807261652510;16.88386035870282;3.963655987212462;0.19809082  -0.6383417  -0.7438278  -2.9358952  0.80807734  0.5358626  -0.24466784  7.52621  0.5547712  -0.5526039  0.621979  5.637969  0.0  0.0  0.0  1.0
1807261652541;12.460236884144733;8.601752894016634;0.40284145  0.8401781  -0.36307013  2.870401  -0.72868097  0.53444237  0.42824715  7.1157823  0.55384386  0.09204646  0.82751715  11.357184  0.0  0.0  0.0  1.0
1807261652572;42.08124229642907;7.322955206378632;0.9869223  -0.16113132  -0.0045442916  -7.2336545  0.16027404  0.9778821  0.13438268  5.511272  -0.01720957  -0.13335356  0.99091905  -12.178101  0.0  0.0  0.0  1.0
1807261652603;27.455101979184786;12.860061865676531;0.027762666  -0.53964186  -0.84143674  9.525629  0.04539865  0.8415734  -0.5382316  15.477522  0.99858296  -0.023257347  0.04786314  -1.7486625  0.0  0.0  0.0  1.0
1807261652634;28.71491398766282;12.742148044564463;0.59344065  0.6946256  0.4066001  3.087428  0.020984016  -0.5183507  0.8549109  10.207392  0.8046043  -0.49880657  -0.32218638  -2.5318446  0.0  0.0  0.0  1.0
1807261652665;10.293881191059828;9.912822463668775;0.617455  0.78620666  -0.0250718  4.273362  0.7133109  -0.54620147  0.4391485  -0.5581615  0.33156732  -0.2890385  -0.89806455  2.971455  0.0  0.0  0.0  1.0
1807261652696;33.77779932650991;7.36720164141105;0.6970811  0.021736458  0.7166627  -8.371907  -0.36189327  0.8735422  0.3255105  -4.6344423  -0.6189599  -0.4862626  0.61679614  -3.8973114  0.0  0.0  0.0  1.0
1807261652727;26.404805354969792;5.6280333703984216;0.90970767  0.33996764  0.23844127  -1.7046106  -0.39999816  0.87162143  0.2833333  8.89718  -0.11150634  -0.35312647  0.92890686  -9.969525  0.0  0.0  0.0  1.0
1807261652758;11.706876263611738;5.813614801072262;0.0047955643  0.64297545  0.76587176  8.960798  -0.9404924  0.2631345  -0.2150215  0.48444402  -0.33978087  -0.7192654  0.60597545  -1.4443755  0.0  0.0  0.0  1.0
1807261652789;37.4807323049303;5.486819638024387;-0.26670265  -0.33707166  0.9029133  1.1651285  0.39216012  0.8178308  0.4211452  9.601732  -0.8803864  0.4664072  -0.08593155  -8.464338  0.0  0.0  0.0  1.0
1807261652820;24.622197736499775;11.738107756912141;0.88192046  0.324687  0.3417521  0.8102211  -0.14825374  -0.49714914  0.8549056  -6.328777  0.44747835  -0.80462474  -0.39030987  2.9452047  0.0  0.0  0.0  1.0
1807261652851;31.035011037167635;7.735414698451251;0.7947476  -0.12104491  0.59474725  -0.2588663  0.07762246  0.9921349  0.09819745  5.1226015  -0.60195595  -0.031876538  0.7978929  -8.580721  0.0  0.0  0.0  1.0
1807261652882;15.670251551388807;5.80367975366271;0.5334786  0.78046334  0.32600272  9.445688  -0.7966114  0.59316564  -0.116468705  2.6185381  -0.28427327  -0.19756398  0.9381667  -5.194391  0.0  0.0  0.0  1.0
1807261652913;15.719459525657804;9.132975613613645;0.5970099  0.3510119  -0.72136647  -9.926216  -0.3397572  0.92520267  0.16901095  -3.5413554  0.72673535  0.14418834  0.67161405  0.9739876  0.0  0.0  0.0  1.0
1807261652944;19.564049308117394;11.984419933476836;0.25576812  -0.82452077  -0.50472575  -10.026354  0.8448884  0.44438428  -0.29780245  6.84086  0.46983665  -0.3502686  0.8102873  2.6916668  0.0  0.0  0.0  1.0
1807261652975;27.89646367782606;6.569543585665153;0.9387961  -0.34310687  -0.030647332  -1.5543718  0.3423635  0.9195163  0.19307183  -1.3379223  -0.038063608  -0.19174759  0.98070586  -8.241367  0.0  0.0  0.0  1.0
1807261653006;6.365423988371116;8.443986608360419;0.99695015  -0.053690623  -0.056638706  1.4993641  0.047658205  0.993544  -0.10295336  1.3860704  0.061800666  0.09994007  0.9930724  2.466492  0.0  0.0  0.0  1.0
1807261653037;10.197467142422473;4.153079219624922;0.89816827  -0.10872002  -0.42599738  -2.1361012  0.07245394  0.9922969  -0.10048631  3.0362482  0.4336407  0.059388444  0.8991266  -3.3502927  0.0  0.0  0.0  1.0
1807261653068;11.981883041146329;7.814151427839513;0.9837919  -0.026484845  0.17734827  1.6638112  0.07074842  0.9661273  -0.24817836  -0.6611892  -0.16476801  0.25670296  0.9523419  0.757367  0.0  0.0  0.0  1.0
1807261653099;8.993075075233714;1.3909931798223323;0.8886986  0.45281965  -0.07190009  1.812395  -0.10464364  0.04764219  -0.993368  5.308195  -0.44639093  0.89032847  0.0897243  2.8618536  0.0  0.0  0.0  1.0
