# fmr_benchmark.py --model_path=/home/docker/fmr_benchmark/result/fmr_model_modelnet40.pth --n_iter=10 --input_txt=/benchmark/point_clouds_registration_benchmark/dataset_voxelgrid_0.1/tum/pioneer_slam_global.txt --input_pcd_dir=/benchmark/point_clouds_registration_benchmark/dataset_voxelgrid_0.1/tum/pioneer_slam/ --output_dir=/benchmark/neural_registration_comparison/results/FMR/modelnet40
id;initial_error;final_error;transformation;status_code
1807261650030;1.969746857031988;1.3359220429470666;0.9860275  -0.01904204  -0.16549002  2.4570274  -0.11664348  0.63032687  -0.7675169  4.87685  0.11892788  0.7760962  0.61929846  -2.824137  0.0  0.0  0.0  1.0;ok
1807261650061;4.894246396849698;3.0465258278409735;0.79168457  -0.60475415  0.08665025  2.2222803  0.18406487  0.3713551  0.91006345  7.270093  -0.5825426  -0.704534  0.40531  0.11339307  0.0  0.0  0.0  1.0;ok
1807261650092;10.048538468528163;0.64711275954624;0.54710907  -0.56609875  0.61660683  7.0210943  0.8235402  0.23216285  -0.51757336  -9.57333  0.14984441  0.7909695  0.5932233  10.570467  0.0  0.0  0.0  1.0;ok
1807261650123;6.568215451759864;2.9292968965782773;0.92531955  -0.37248483  0.07098612  12.94118  0.36954725  0.92779565  0.051285386  6.9608607  -0.08496368  -0.02122261  0.99615806  8.256335  0.0  0.0  0.0  1.0;ok
1807261650154;2.062856695330967;1.997999914550523;0.40082514  -0.768497  -0.49875006  8.913193  0.9157475  0.3198489  0.24311131  0.85199666  -0.027305625  -0.5541741  0.8319528  2.0008693  0.0  0.0  0.0  1.0;ok
1807261650185;4.60431023324432;2.19201699963514;0.27150154  0.8718345  -0.40766597  8.06318  -0.09239975  0.44523177  0.8906351  -0.7845743  0.95799226  -0.2041408  0.2014383  1.1919014  0.0  0.0  0.0  1.0;ok
1807261650216;6.2941717340878895;2.6941125645255566;0.63717616  0.3055017  -0.707584  -6.4611793  -0.30119228  0.9437781  0.13625705  5.9634795  0.70942914  0.12629913  0.6933677  -0.55091023  0.0  0.0  0.0  1.0;ok
1807261650247;7.309731080288183;0.7369769145197937;0.6529982  0.7449986  0.13627358  -9.414528  -0.49362412  0.28219453  0.8226186  -1.9978563  0.57439405  -0.6044362  0.55202186  4.939042  0.0  0.0  0.0  1.0;ok
1807261650278;8.757694876019293;2.482343060411524;0.13374886  -0.12572107  -0.9830085  -3.6162024  -0.5526031  0.8139329  -0.17928487  -0.91929436  0.82264274  0.5671927  0.03938868  11.424482  0.0  0.0  0.0  1.0;ok
1807261650309;3.5106290065943995;0.05716463890142587;0.588119  0.56179184  -0.58181286  -6.0484424  0.2545252  0.55426073  0.79247206  0.3607068  0.7676804  -0.6141539  0.18298112  -1.5397398  0.0  0.0  0.0  1.0;ok
1807261650340;4.076113045661577;0.08930165888891718;0.67859626  0.5830699  -0.44669518  5.5734463  -0.7344781  0.54444045  -0.40512523  7.991079  0.0069825635  0.60300446  0.7977073  -13.163942  0.0  0.0  0.0  1.0;ok
1807261650371;2.2404648845433424;1.527026503209082;0.6617557  -0.4197503  -0.62119955  2.0919147  0.12726092  0.87944233  -0.45867813  4.7682586  0.73883957  0.22447841  0.63539404  -0.20144439  0.0  0.0  0.0  1.0;ok
1807261650402;5.647768175918868;2.5957825836143997;0.66551065  -0.44967395  -0.5957258  -0.48931217  0.7463416  0.40987432  0.52438277  -8.011421  0.008371338  -0.79359734  0.6083859  -3.1405573  0.0  0.0  0.0  1.0;ok
1807261650433;3.9403728496969554;0.5735489265828078;0.63831365  0.19550928  -0.74453455  -0.5513439  -0.7583496  0.325747  -0.5646192  -7.2562227  0.13214165  0.9250217  0.35619324  5.120856  0.0  0.0  0.0  1.0;ok
1807261650464;5.420963304174575;2.429752409668674;0.4686354  -0.37612215  0.7993203  9.697494  0.6162171  0.78752166  0.009286649  2.8061433  -0.63297486  0.48820266  0.6008334  -3.5485048  0.0  0.0  0.0  1.0;ok
1807261650495;3.4177594092105172;1.4913975138366504;0.8979601  0.3803068  -0.22143732  0.17722654  -0.36459655  0.36111727  -0.8582913  13.463072  -0.24644916  0.8514465  0.46292737  7.8601947  0.0  0.0  0.0  1.0;ok
1807261650526;3.2475383062342784;0.9136330790460904;0.4090698  -0.31814855  -0.85524493  -7.3153224  -0.91240823  -0.15613288  -0.37833056  -0.27148944  -0.013166297  0.93509597  -0.35415056  -2.4921727  0.0  0.0  0.0  1.0;ok
1807261650557;20.591826887220602;0.0453087767094641;0.43227652  -0.88666666  -0.16419345  2.5244093  0.84155345  0.46208784  -0.27975518  -2.582199  0.32392132  -0.017245922  0.94592696  -8.102916  0.0  0.0  0.0  1.0;ok
1807261650588;5.900589423660372;1.5883959518222166;0.59591085  0.31786403  -0.7374636  -2.5491755  0.16471314  0.85042334  0.49964952  -3.7921674  0.7859769  -0.41921663  0.45442015  1.913969  0.0  0.0  0.0  1.0;ok
1807261650619;15.255340560633819;1.5258222613528845;0.85095453  0.4997889  -0.16151626  3.1675203  -0.23876147  0.09417893  -0.9665006  13.234537  -0.46783474  0.86101204  0.19947246  1.0757334  0.0  0.0  0.0  1.0;ok
1807261650650;4.3421999795315696;0.21679383912821126;0.13690998  -0.9839372  0.1145571  -0.064174235  0.70141995  0.1779543  0.69017565  -2.8729782  -0.69947535  -0.014139434  0.7145167  -2.8967927  0.0  0.0  0.0  1.0;ok
1807261650681;15.19802025211026;2.138964352375484;0.7523506  0.46761897  0.4640051  6.8526864  -0.47933155  0.8717623  -0.10135065  0.55282664  -0.45189574  -0.14616105  0.88001555  1.3458369  0.0  0.0  0.0  1.0;ok
1807261650712;4.180096991126115;1.980716981017045;0.2405889  0.93209094  0.27078325  1.8057655  0.35147995  -0.34370664  0.8708201  2.0574188  0.90475345  -0.11433462  -0.4103034  -6.9319615  0.0  0.0  0.0  1.0;ok
1807261650743;3.7542863027272495;2.5089271337671226;0.25161594  -0.8451934  -0.47152704  -0.88415146  0.9673931  0.2050466  0.14868179  -5.8418903  -0.028979793  -0.4935629  0.86922705  -2.3937695  0.0  0.0  0.0  1.0;ok
1807261650774;4.005152441128096;2.13823241197541;0.02235569  -0.32384092  -0.9458475  -5.3773937  0.71290505  0.6684436  -0.21201298  3.4920118  0.70090425  -0.66955966  0.24581133  2.4355583  0.0  0.0  0.0  1.0;ok
1807261650805;9.77166785536712;4.528621067882156;-0.41806427  -0.64723897  -0.63741994  -1.8543179  0.3149048  0.554917  -0.7700014  -6.452277  0.85208994  -0.5226366  -0.028172262  -0.6726335  0.0  0.0  0.0  1.0;ok
1807261650836;2.9250203923576765;2.170634783781303;0.97372365  0.020659594  0.22679362  2.50751  0.05590174  0.943723  -0.32597846  0.5290111  -0.22076485  0.33009106  0.91777045  -4.180485  0.0  0.0  0.0  1.0;ok
1807261650867;34.980993814439564;8.428990237194707;0.29726297  0.8833364  0.36242443  -1.9425032  -0.9469002  0.22402644  0.23063454  -9.998421  0.12253517  -0.4117389  0.90302604  -4.694665  0.0  0.0  0.0  1.0;ok
1807261650898;1.8151278035237814;0.06490823282238312;0.33538154  -0.94140524  -0.035712056  -0.29060608  0.7387936  0.23930019  0.63001525  1.0977294  -0.5845539  -0.23767924  0.7757612  -0.1821748  0.0  0.0  0.0  1.0;ok
1807261650929;10.87087169993652;10.508924993697434;0.6483036  0.5690764  0.5058208  2.585393  -0.6917315  0.7178213  0.07899424  -0.287279  -0.3181351  -0.40110436  0.85901433  2.9387937  0.0  0.0  0.0  1.0;ok
1807261650960;6.7103354269191975;2.214741125314524;-0.32124338  0.10276062  -0.9414046  10.314892  -0.94010776  0.085084915  0.3300882  -3.796116  0.11401954  0.9910605  0.06927307  2.234218  0.0  0.0  0.0  1.0;ok
1807261650991;6.413774765626602;9.910021629591535;0.075315416  0.99166024  0.10458341  6.2113743  -0.7716552  -0.008466762  0.63598484  -0.22263123  0.6315663  -0.12860166  0.764582  -1.8118086  0.0  0.0  0.0  1.0;ok
1807261651022;6.672766777504542;0.7967679626182242;0.72835344  0.6651561  -0.16452631  5.754201  -0.45473847  0.2896207  -0.842219  13.539648  -0.5125569  0.6882496  0.5134183  -4.435413  0.0  0.0  0.0  1.0;ok
1807261651053;16.47648597791465;5.98938986689271;0.72143394  -0.46509385  0.5130506  -1.5190195  0.60370106  0.7853589  -0.13695505  3.0362675  -0.33923188  0.40853316  0.84736216  -4.7639866  0.0  0.0  0.0  1.0;ok
1807261651084;3.3640932957020375;2.1691280909829467;0.9185642  -0.33495328  0.20987236  2.4435854  0.3509855  0.93537754  -0.043335903  2.749665  -0.18179445  0.11346904  0.976768  -3.2634804  0.0  0.0  0.0  1.0;ok
1807261651115;11.96205153150181;4.332783640888435;0.2320373  -0.6743891  -0.70096934  2.4978304  -0.91455173  -0.396696  0.078915544  4.9455433  -0.33129147  0.6227613  -0.708812  9.492166  0.0  0.0  0.0  1.0;ok
1807261651146;6.124265539603755;0.022661346170511656;0.7047662  -0.7076647  -0.050153952  -1.5613317  0.69016844  0.70027196  -0.18244664  -2.0466957  0.16423249  0.09396752  0.9819357  10.377623  0.0  0.0  0.0  1.0;ok
1807261651177;4.368949538081278;2.5032173543556646;0.36048034  0.02278684  0.9324887  -4.144885  0.36927116  0.9145383  -0.16510078  4.723795  -0.85655856  0.40385672  0.3212585  -0.6592662  0.0  0.0  0.0  1.0;ok
1807261651208;7.05001678838135;2.269410937181344;0.8689643  -0.14684825  -0.47258487  -0.54881763  0.44249862  0.65813905  0.6091369  1.6031178  0.2215761  -0.7384364  0.6368797  -7.9710703  0.0  0.0  0.0  1.0;ok
1807261651239;2.765822377907079;0.20425503459305563;0.8621223  -0.40420985  -0.3055477  -1.6605886  0.07675171  0.70023155  -0.7097782  -0.6021519  0.50085354  0.58846444  0.6347091  -8.566467  0.0  0.0  0.0  1.0;ok
1807261651270;2.970184621061216;0.7589693715741485;-0.6446318  -0.28288886  0.7102279  -2.2971144  -0.39780322  0.91746026  0.0043685194  -3.9044735  -0.65284187  -0.27971497  -0.70395815  -2.9457555  0.0  0.0  0.0  1.0;ok
1807261651301;8.650097912208604;3.105655606848737;0.6372727  0.74381256  0.20156005  -2.808994  -0.7469362  0.5318023  0.39909017  11.948255  0.18965815  -0.40488175  0.8944833  0.6660037  0.0  0.0  0.0  1.0;ok
1807261651332;3.603209693412611;0.6219526577078169;-0.06923294  -0.25243494  -0.96513397  2.1010513  0.45015258  0.8554567  -0.25603977  7.798473  0.8902636  -0.45218387  0.05440841  -0.12096727  0.0  0.0  0.0  1.0;ok
1807261651363;11.53180542252378;7.108263165386561;-0.69013983  -0.6147566  0.38181335  4.7001104  -0.3115954  0.7286218  0.60993326  1.9580295  -0.653158  0.30196795  -0.6944062  1.8001461  0.0  0.0  0.0  1.0;ok
1807261651394;7.019627495321373;0.022722210494862394;0.65689325  0.7525972  0.04570186  3.7707825  -0.75386196  0.6544905  0.057743527  -1.2066317  0.013546126  -0.072384275  0.99728465  12.083936  0.0  0.0  0.0  1.0;ok
1807261651425;7.998358466659244;2.225457501021125;0.8517126  -0.089497335  -0.51631004  11.496547  0.48239836  0.5187045  0.70585924  -6.012375  0.20463975  -0.8502563  0.48496068  -6.8790293  0.0  0.0  0.0  1.0;ok
1807261651456;6.816808559505144;2.2487470762611097;0.89524275  0.3705125  0.24750945  3.7981887  -0.39394468  0.91771173  0.051118948  0.78986835  -0.20820206  -0.14326887  0.967536  -7.6392536  0.0  0.0  0.0  1.0;ok
1807261651487;7.063312505141992;3.222906711390518;0.090832174  -0.50351954  -0.85919595  2.2596526  0.56592625  0.7360125  -0.37150127  0.5911486  0.81943697  -0.45249718  0.35180858  -7.874564  0.0  0.0  0.0  1.0;ok
1807261651518;6.737216012292913;3.913633359116382;0.42948866  0.66763526  -0.6081137  10.954794  -0.13688934  0.71373224  0.68691146  -7.889435  0.8926369  -0.21177644  0.3979321  -5.248869  0.0  0.0  0.0  1.0;ok
1807261651549;5.563399715457267;1.9525704804136286;0.8525799  0.29915795  0.42849982  -1.0410063  -0.38398865  0.9147889  0.1253549  -6.7915783  -0.35448596  -0.2714142  0.8948039  -1.3811572  0.0  0.0  0.0  1.0;ok
1807261651580;4.255643828322779;4.045732214941598;-0.2507268  0.9525779  0.17242853  0.49256533  0.25639045  0.23710057  -0.93704164  -3.8531084  -0.9334882  -0.19073239  -0.30367923  2.453955  0.0  0.0  0.0  1.0;ok
1807261651611;10.234077408238072;1.183597143727453;0.48460644  0.7440138  -0.4600003  3.288163  -0.8478789  0.52883446  -0.037885472  -6.410726  0.2150767  0.40838403  0.88711023  2.5113626  0.0  0.0  0.0  1.0;ok
1807261651642;5.7034032556304854;2.2911988742285696;0.6806506  0.22617091  -0.6968225  8.737995  0.2476078  0.8241601  0.5093627  0.8059957  0.6894964  -0.5192367  0.50496334  -5.4738536  0.0  0.0  0.0  1.0;ok
1807261651673;4.8415550888674845;4.060783645349372;0.58730173  -0.8001928  0.1215246  3.1042538  0.0800545  0.20684241  0.9750935  3.2545314  -0.8053994  -0.5629455  0.18553784  -2.4030514  0.0  0.0  0.0  1.0;ok
1807261651704;30.60113873670552;2.387187181352732;0.27169785  -0.34999162  0.89648545  -0.06510943  0.07183272  0.9363038  0.34376648  -6.762178  -0.95969796  -0.02900368  0.2795326  11.2896185  0.0  0.0  0.0  1.0;ok
1807261651735;4.2874522624893165;2.2042095101459647;0.63736343  0.5357229  -0.5538674  -5.5827637  0.12434324  0.6378577  0.76005024  2.9103625  0.7604647  -0.5532979  0.33993366  2.3142421  0.0  0.0  0.0  1.0;ok
1807261651766;9.957090610168134;3.780969826227085;0.352476  0.6096267  0.7100112  -7.992626  0.93578213  -0.23650435  -0.26149064  -4.7820997  0.00850904  0.75658506  -0.65384  7.071554  0.0  0.0  0.0  1.0;ok
1807261651797;17.653746544474476;6.347066832724774;0.94506633  0.061974972  -0.3209496  -6.326797  -0.09400748  0.9919124  -0.0852765  4.177276  0.3130689  0.11076364  0.9432491  4.810857  0.0  0.0  0.0  1.0;ok
1807261651828;2.182435397820606;0.022834516051484153;0.4466781  0.8818485  -0.15106903  -1.5531251  -0.73357135  0.457643  0.50243014  -0.31526852  0.512203  -0.113604665  0.8513179  -1.9074976  0.0  0.0  0.0  1.0;ok
1807261651859;25.68749662996893;5.304084173210766;-0.5681837  -0.32825342  0.7545973  -2.055289  -0.13652283  0.9418894  0.30692983  10.848505  -0.8114979  0.07137277  -0.57998043  6.27795  0.0  0.0  0.0  1.0;ok
1807261651890;4.434365340661254;2.42750514228004;0.37962013  0.2785296  0.8822188  -3.7566426  0.34787387  0.8406429  -0.41509432  3.245507  -0.8572469  0.46447912  0.22223192  3.8348007  0.0  0.0  0.0  1.0;ok
1807261651921;5.4389938980866415;1.6291057692022395;0.80959463  -0.33597803  -0.48132652  -0.8250639  -0.5846446  -0.53476125  -0.61009943  -3.2274096  -0.052414674  0.7753382  -0.6293678  -1.2520156  0.0  0.0  0.0  1.0;ok
1807261651952;5.759135375528393;0.8581324538132599;0.7699978  0.31867185  0.5527672  -1.9482512  -0.63677037  0.43856978  0.6341766  6.505543  -0.04033287  -0.8403004  0.54061854  1.8224009  0.0  0.0  0.0  1.0;ok
1807261651983;5.5957003471291795;6.153603771359694;0.80523187  -0.43516085  0.40278608  0.6979497  0.5173931  0.8474663  -0.11876577  3.20087  -0.28966543  0.30403265  0.90755606  1.6949123  0.0  0.0  0.0  1.0;ok
1807261652014;5.702513608500523;2.1534625120882125;0.97196233  0.047836617  0.2302194  -3.4005003  -0.037361864  0.99806774  -0.049647667  0.7210002  -0.23214959  0.039654225  0.9718716  9.972785  0.0  0.0  0.0  1.0;ok
1807261652045;13.122025877920024;1.3546728540233541;0.6428442  0.6734855  0.36492273  -1.8203447  -0.6294371  0.73593855  -0.24940605  -6.5006976  -0.43653202  -0.069366835  0.8970104  7.322593  0.0  0.0  0.0  1.0;ok
1807261652076;2.5025326820888028;1.5704123899169973;0.4489782  0.010871616  0.8934764  2.0480855  -0.69242966  0.63623804  0.34020928  1.513914  -0.5647651  -0.77141637  0.2931849  0.6850491  0.0  0.0  0.0  1.0;ok
1807261652107;13.345182145025767;2.8632332224343866;0.5181913  -0.60841244  -0.6010922  -8.895813  0.7450796  0.66620743  -0.03200036  -2.229316  0.4199216  -0.43127933  0.79853857  10.779807  0.0  0.0  0.0  1.0;ok
1807261652138;7.384587548645696;0.045077594280464324;0.69214374  0.63024914  0.35174283  1.8239104  -0.582967  0.20083435  0.7872831  0.08459246  0.42554262  -0.74996763  0.50642073  2.0700588  0.0  0.0  0.0  1.0;ok
1807261652169;4.385541136407939;3.8935596875496263;0.40906677  0.90243506  0.13518691  -0.5177635  -0.15663892  0.2153952  -0.96388245  2.85876  -0.8989598  0.3731166  0.22946753  3.958572  0.0  0.0  0.0  1.0;ok
1807261652200;6.207678764648132;0.17547142705141158;0.13177307  0.22860263  -0.96456033  3.5117307  -0.97975725  -0.117896445  -0.16179085  0.55595654  -0.15070403  0.9663546  0.20843945  -0.22043712  0.0  0.0  0.0  1.0;ok
1807261652231;12.09270898268726;1.439796908524882;0.64016664  -0.74549717  0.1855286  -6.3075676  0.7592446  0.57710683  -0.30082458  2.5610464  0.11719407  0.3334394  0.93545914  7.157834  0.0  0.0  0.0  1.0;ok
1807261652262;15.395046336295998;1.637343160563478;-0.3669684  0.22139734  0.90350294  -12.017971  0.4466275  0.8939276  -0.037647933  1.8326159  -0.81600136  0.38971364  -0.42692536  3.9067116  0.0  0.0  0.0  1.0;ok
1807261652293;34.02405120141819;6.627896418464482;0.29990795  -0.023253884  0.9536848  1.8701463  0.36498386  0.9264384  -0.09218794  1.9862136  -0.88138634  0.37572736  0.2863335  15.2577  0.0  0.0  0.0  1.0;ok
1807261652324;1.972383800289466;1.8825846269249744;0.6241723  0.5854725  -0.5173307  -6.0094137  0.6799574  -0.7331915  -0.009380728  4.3507247  -0.3847947  -0.3459077  -0.8557343  2.5623498  0.0  0.0  0.0  1.0;ok
1807261652355;1.5054496669882962;2.331123130943743;0.11320461  0.9490993  0.29393092  -5.15163  0.6454632  0.15465406  -0.74797016  2.4684088  -0.7553556  0.2743953  -0.595101  1.8974332  0.0  0.0  0.0  1.0;ok
1807261652386;6.105602109104716;1.9376167192242313;0.6185813  0.33325148  -0.7115481  -3.3418293  -0.36501113  -0.6800661  -0.63582766  12.69409  -0.6957904  0.65303403  -0.2990358  6.1386595  0.0  0.0  0.0  1.0;ok
1807261652417;6.150921216267793;2.177408094449866;0.029772587  0.9706163  0.2387835  4.805069  -0.9982636  0.04102026  -0.04227233  -4.214318  -0.050825126  -0.23711029  0.97015244  -7.2829967  0.0  0.0  0.0  1.0;ok
1807261652448;5.346367035068342;2.3476581066559516;-0.27254856  0.85654235  -0.43823728  5.705924  -0.75403035  0.0927642  0.6502559  -2.7356367  0.59762466  0.5076708  0.6205763  -6.868799  0.0  0.0  0.0  1.0;ok
1807261652479;14.670768921857457;10.495931739665231;0.6252516  0.7558918  0.19413407  7.176651  -0.75552964  0.5239538  0.39325207  6.782852  0.19553879  -0.39255553  0.8987019  -2.9843385  0.0  0.0  0.0  1.0;ok
1807261652510;8.159269535094065;2.5625598431630814;0.24584314  -0.63432246  -0.7329366  -2.613982  0.8047992  0.55500937  -0.21038735  7.4006476  0.5402401  -0.53814447  0.64694774  5.660322  0.0  0.0  0.0  1.0;ok
1807261652541;7.080813212583489;2.268594881188986;0.22783026  0.8941626  -0.3854437  2.4156473  -0.2976886  0.44086465  0.8467703  11.825221  0.92707884  -0.078177646  0.3666242  6.7318263  0.0  0.0  0.0  1.0;ok
1807261652572;37.13827392626168;6.297958995830564;0.98983574  0.052897025  0.13201109  -7.6811304  -0.029814575  0.9848093  -0.17106074  10.592529  -0.13905443  0.16538614  0.9763766  -9.66541  0.0  0.0  0.0  1.0;ok
1807261652603;13.68788874930258;3.754503645973912;0.4313225  -0.5579371  -0.70899016  6.700067  0.1336208  0.81668663  -0.56139845  15.510302  0.892248  0.14740796  0.42680743  -6.1251025  0.0  0.0  0.0  1.0;ok
1807261652634;24.37859237047327;10.028109841646497;0.4222019  0.82514626  0.3753385  2.8710113  -0.8804357  0.47183776  -0.04692691  1.040087  -0.21582055  -0.31064883  0.925699  9.078804  0.0  0.0  0.0  1.0;ok
1807261652665;9.023936183128724;8.994234909512757;0.74215317  0.6662425  -0.073003344  4.60451  -0.5448442  0.6631561  0.51319486  -0.2725131  0.39032486  -0.34109375  0.8551619  -3.020265  0.0  0.0  0.0  1.0;ok
1807261652696;29.799623431801187;6.203987966820941;0.6849152  0.15181746  0.7126307  -8.6593895  -0.2446523  0.9691871  0.028663615  -1.8564521  -0.6863209  -0.19397888  0.70095354  -6.2426286  0.0  0.0  0.0  1.0;ok
1807261652727;10.92437673404428;3.6142976546162746;0.69974875  -0.10257056  0.7069872  -8.982639  -0.34787315  0.81545585  0.46261877  7.077496  -0.6239679  -0.56965876  0.53493243  -6.6729193  0.0  0.0  0.0  1.0;ok
1807261652758;6.205579784105686;2.5470691864898103;-0.42334366  0.9058942  0.0116382465  7.0565305  0.83860755  0.38697344  0.38339192  4.1669707  0.34280878  0.17206618  -0.92351264  -2.7394052  0.0  0.0  0.0  1.0;ok
1807261652789;32.353418080051576;5.878100551200663;0.55897135  -0.37495944  0.7395646  9.32102  0.5669694  0.8236664  -0.01092292  9.254853  -0.605059  0.42541635  0.6729967  -0.96225214  0.0  0.0  0.0  1.0;ok
1807261652820;21.364091124959486;10.09013156089152;0.8436082  0.4990842  0.19809067  2.251542  -0.494221  0.5774641  0.6498314  -4.1899414  0.20993054  -0.6461038  0.7338115  -6.791541  0.0  0.0  0.0  1.0;ok
1807261652851;27.031673759208193;6.07667051538912;0.86621004  0.10718594  0.48804858  1.8779981  -0.037378408  0.98788494  -0.15061983  6.1813645  -0.49828014  0.11222589  0.85972226  -8.022266  0.0  0.0  0.0  1.0;ok
1807261652882;7.08875774623175;2.168349433650473;0.56444925  0.7685185  0.30129093  9.5768  -0.79401666  0.6052767  -0.056371022  2.5551052  -0.22568658  -0.20741147  0.9518645  -4.979661  0.0  0.0  0.0  1.0;ok
1807261652913;4.750338557198765;2.0991041438806155;0.45198753  0.37468633  -0.8095168  -10.504357  -0.27565497  0.9217562  0.27272674  -3.449645  0.84836406  0.099878184  0.51990646  0.67877793  0.0  0.0  0.0  1.0;ok
1807261652944;10.330844338035956;3.4546954559458287;0.28590423  -0.8721765  -0.39694715  -9.892775  0.84952986  0.42234665  -0.31610426  6.5784636  0.44334808  -0.24684292  0.8616909  3.9713812  0.0  0.0  0.0  1.0;ok
1807261652975;25.027451548096046;6.221362061834862;0.9817479  -0.18093237  0.058603674  -2.6030197  0.17636278  0.981422  0.0755448  0.1125291  -0.07118353  -0.06383045  0.9954188  -8.575756  0.0  0.0  0.0  1.0;ok
1807261653006;2.6185520055238634;2.2673065698458954;0.9913365  0.11027441  -0.07135393  1.3764851  -0.07854386  0.9331233  0.350873  2.2144141  0.10527435  -0.34222886  0.9337007  2.675119  0.0  0.0  0.0  1.0;ok
1807261653037;3.144486248524103;2.1451264634933733;0.8353425  -0.47405487  -0.2783434  -2.0448093  0.50942653  0.8578354  0.06784686  0.61569154  0.20660956  -0.19847086  0.9580824  -2.5589712  0.0  0.0  0.0  1.0;ok
1807261653068;10.069514966389876;6.499256658853187;0.936309  0.17755425  0.302985  1.0539963  -0.021955997  0.8906788  -0.4541024  -0.7761178  -0.35049015  0.41852775  0.83784914  -0.26294553  0.0  0.0  0.0  1.0;ok
1807261653099;6.141514374299694;0.967571624980939;0.8918619  0.4514683  0.027545255  1.1235713  -0.22813264  0.5015832  -0.8344877  5.6082373  -0.39056098  0.7379637  0.55033773  -1.5531878  0.0  0.0  0.0  1.0;ok
