# fmr_benchmark.py --model_path=/root/fmr_benchmark/result/fmr_model_modelnet40.pth --voxel_size=0.1 --n_iter=10 --input_txt=/neural_comparison/point_clouds_registration_benchmark//kaist/urban05_global.txt --input_pcd_dir=/neural_comparison/point_clouds_registration_benchmark//kaist/urban05/ --output_dir=/root/neural_registration_comparison/results/FMR/modelnet40
id;initial_error;final_error;transformation
34562489690030;3.026378295279987;7.385770444828076;0.9513702  0.21235698  0.22315781  -1674392.9  0.13438824  0.3657396  -0.9209638  5008680.0  -0.27719072  0.9061672  0.3194153  -7095734.0  0.0  0.0  0.0  1.0
34562489690061;2.3389289960652655;3.758273015737747;0.83199525  -0.36875555  0.41449142  3084826.5  0.5288257  0.3012839  -0.7934554  5250279.5  0.16771156  0.8793448  0.44567412  -7192632.0  0.0  0.0  0.0  1.0
34562489690092;2.8315574878443655;2.2677000399187484;0.09061584  -0.73251843  -0.674689  6532546.5  0.79236037  0.46343085  -0.39673275  3760381.0  0.6032858  -0.4986466  0.6224128  3588115.8  0.0  0.0  0.0  1.0
34562489690123;1.8101091339027975;3.806732409939878;0.92009264  0.37583765  -0.110342935  -2967719.0  -0.39146405  0.89208984  -0.22568068  1143270.5  0.013616497  0.25084245  0.9679322  -2027758.0  0.0  0.0  0.0  1.0
34562489690154;2.62470578061902;4.431684952239099;0.060082074  -0.24592383  0.96742535  2638773.8  0.99751675  -0.020887196  -0.0672604  7512949.5  0.03674773  0.9690643  0.24405822  -7822436.5  0.0  0.0  0.0  1.0
34562489690185;5.512606798611554;3.20915905808452;0.7908065  0.19188215  0.581211  -1396939.5  0.33705965  0.6561043  -0.6752171  2530165.5  -0.51089716  0.72986865  0.45417583  -5513281.5  0.0  0.0  0.0  1.0
34562489690216;1.5460191220852306;0.7886804607339016;0.86769825  -0.10334181  0.48623085  924314.94  -0.4970513  -0.16793561  0.8513154  9745836.0  -0.006320985  -0.98036623  -0.19708379  7892326.0  0.0  0.0  0.0  1.0
34562489690247;5.3501947700473025;1.1436920832389954;0.4993105  0.8478761  -0.17831156  -6469953.0  -0.84481984  0.52210927  0.116966315  4438471.0  0.1922711  0.09223871  0.9769972  -877189.94  0.0  0.0  0.0  1.0
34562489690278;1.7336325432466153;4.46122671494983;0.42575315  0.52506065  0.7369162  -3821132.5  0.15875784  0.7584361  -0.632116  1832101.5  -0.89080316  0.38611662  0.23954892  -2480698.8  0.0  0.0  0.0  1.0
34562489690309;1.8806280573322476;2.7457981685343165;0.26283586  -0.79778  -0.542646  6936674.0  0.3369268  0.6029054  -0.72317743  2958358.0  0.90410036  0.00724495  0.42725864  -693314.3  0.0  0.0  0.0  1.0
34562489690340;1.342499596526476;4.444452406971846;0.98110527  0.15813807  -0.111468785  -1259073.6  -0.13457131  0.9717087  0.19409558  322132.0  0.13900906  -0.1754278  0.974629  1313801.2  0.0  0.0  0.0  1.0
34562489690371;2.166541248145545;1.5522952168336877;0.7168382  -0.67152065  -0.18762529  5601468.5  0.6339525  0.7397527  -0.22554468  1648871.0  0.2902542  0.042733483  0.95599484  -547523.44  0.0  0.0  0.0  1.0
34562489690402;1.8237522520831808;2.921882043085244;0.76470155  -0.63387567  0.1159015  5265268.0  0.5531334  0.7379773  0.3865658  1719476.0  -0.33056724  -0.23149855  0.9149502  2094823.8  0.0  0.0  0.0  1.0
34562489690433;1.485279001754726;5.233092045911519;0.8464075  0.17014669  0.5046232  -1261142.5  0.52919877  -0.16281897  -0.83272964  8983994.0  -0.059523996  0.97187465  -0.22785263  -7777328.0  0.0  0.0  0.0  1.0
34562489690464;3.2048953782106575;8.536558293571558;0.7967822  -0.5708419  -0.19818676  4735473.0  0.14914365  0.5036133  -0.8509581  3889051.2  0.58557206  0.6484698  0.4864075  -5628436.5  0.0  0.0  0.0  1.0
34562489690495;1.6045786219463427;3.246552500054982;0.9535979  -0.0011357167  -0.30108073  41767.938  -0.15438159  0.85668486  -0.4921965  1261553.0  0.25849035  0.5158388  0.8167575  -4331703.5  0.0  0.0  0.0  1.0
34562489690526;5.298220209160753;10.592242479219001;0.96224654  -0.14796525  0.22844781  1216950.9  0.20066662  0.952722  -0.2281525  239440.5  -0.18388864  0.26538077  0.9464451  -2005951.2  0.0  0.0  0.0  1.0
34562489690557;4.725165945981713;2.454851625737978;0.8458902  0.5036039  0.17564912  -3943587.5  -0.48477012  0.58861303  0.64694077  3650372.0  0.22241263  -0.63239056  0.74203426  4931797.0  0.0  0.0  0.0  1.0
34562489690588;1.3460500527468555;4.843823566849883;0.9556833  0.15979174  -0.24725652  -1254451.0  -0.14176911  0.9858752  0.08917165  213245.5  0.25801295  -0.050166525  0.96483815  222397.27  0.0  0.0  0.0  1.0
34562489690619;1.8205673160604245;2.7058693138792984;0.58438146  -0.243725  -0.7740133  2252986.2  0.66248685  0.6941231  0.28161007  1995558.5  0.4686252  -0.67734134  0.56709737  5120534.5  0.0  0.0  0.0  1.0
34562489690650;2.1392684506950816;2.504264750989203;0.106024474  -0.455753  -0.88376945  4294779.0  0.52970016  0.77806216  -0.3376934  1413600.5  0.8415322  -0.43232888  0.32390606  2887322.2  0.0  0.0  0.0  1.0
34562489690681;1.8732202401465774;12.203596587833006;0.7578351  -0.074049875  -0.6482302  765863.6  0.33261117  0.8985873  0.28620094  582377.0  0.5612982  -0.43250176  0.7056108  3085724.5  0.0  0.0  0.0  1.0
34562489690712;2.5869430889270166;15.465003112610576;0.30597165  0.04561912  -0.9509469  120621.25  0.07971321  0.9941163  0.07333805  -8642.0  0.94869745  -0.09824238  0.30053496  124047.11  0.0  0.0  0.0  1.0
34562489690743;3.8819775247609996;6.3311149022155;0.75740004  -0.64191455  0.11954291  5334982.0  0.6476617  0.71531063  -0.26242095  1835525.5  0.08294158  0.276181  0.95751995  -2280291.2  0.0  0.0  0.0  1.0
34562489690774;1.586561897713293;1.514878089884401;0.9020716  -0.42491755  0.075577304  3487528.2  0.42956364  0.8670358  -0.2524361  768061.0  0.04173628  0.26018068  0.96465755  -2122638.8  0.0  0.0  0.0  1.0
34562489690805;1.205521164189387;1.9834015562164056;0.18980718  -0.43812472  0.87864673  4094025.8  0.97874266  0.15524828  -0.13401788  6109023.5  -0.07769184  0.8854066  0.45827857  -7069001.0  0.0  0.0  0.0  1.0
34562489690836;2.065099418152508;1.6041020925900176;0.24249455  -0.96641  0.085136496  8307574.0  -0.03272913  0.07955645  0.9962929  7428490.5  -0.96960056  -0.24438186  -0.012337759  2647459.0  0.0  0.0  0.0  1.0
34562489690867;2.727894652051314;5.827955389390938;0.78027415  0.5192583  -0.3486305  -4023332.5  0.14504072  0.39199394  0.90846235  4789782.5  0.60838777  -0.7594152  0.2305491  5682679.0  0.0  0.0  0.0  1.0
34562489690898;2.29580039724926;23.360316948395006;0.97718185  0.10070437  0.18701343  -794201.75  0.12933697  0.41629785  -0.89998233  4605652.0  -0.16848549  0.90363425  0.39377388  -7151983.0  0.0  0.0  0.0  1.0
34562489690929;2.300657442855721;1.8904862251835057;0.41636068  -0.17715122  -0.8917741  1835354.8  0.19662516  0.97516763  -0.10191495  61691.0  0.88768363  -0.13291183  0.44085404  445904.72  0.0  0.0  0.0  1.0
34562489690960;1.3464116655749152;1.9712607694884905;0.97902024  0.10569097  -0.17420986  -835588.56  -0.11214316  0.99330896  -0.027591085  132623.5  0.17012809  0.046548687  0.9843218  -494028.44  0.0  0.0  0.0  1.0
34562489690991;1.2386766652537227;1.3214568190820155;0.4170536  -0.8990991  -0.13299318  7643275.5  0.89049554  0.4335021  -0.13817969  3932355.2  0.18189  -0.060801562  0.9814374  361426.22  0.0  0.0  0.0  1.0
34562489691022;4.77837015482652;1.7356158327152595;0.9227659  0.38189068  -0.051597957  -3018275.2  -0.22470844  0.42445564  -0.87712246  4788562.0  -0.31306377  0.82097316  0.47748724  -6385249.5  0.0  0.0  0.0  1.0
34562489691053;2.167491542430286;2.7425664922805955;0.8950165  0.26246035  0.3606381  -2037930.0  -0.41354126  0.79123795  0.45047304  1969981.5  -0.1671192  -0.55231965  0.8167093  4561085.0  0.0  0.0  0.0  1.0
34562489691084;2.4865787628779126;1.9913727862238746;0.97346365  0.17312847  -0.1496494  -1374261.8  -0.22749236  0.8030293  -0.5508094  1744483.5  0.024812067  0.57023704  0.8211054  -4605207.0  0.0  0.0  0.0  1.0
34562489691115;1.9042244213164048;5.926018456805577;0.6202227  0.7828916  0.04903667  -6032033.0  -0.7715672  0.59759015  0.21810584  3779691.5  0.14144939  -0.17310931  0.9746924  1293403.4  0.0  0.0  0.0  1.0
34562489691146;2.204368269441607;5.005953061733798;0.9272473  0.070659  -0.36772293  -517349.06  -0.23200297  0.8792393  -0.4160684  1134640.5  0.29391754  0.47111115  0.83166516  -3996819.0  0.0  0.0  0.0  1.0
34562489691177;3.9205161639220982;3.175154509034467;0.92170197  -0.0880528  -0.37777323  763479.75  0.09374885  0.9955903  -0.003324848  -30368.5  0.37640017  -0.03235129  0.92589223  -4092.8113  0.0  0.0  0.0  1.0
34562489691208;2.3565380774100433;2.591012875408513;0.8773557  -0.4038388  -0.25915545  3335334.5  0.241862  0.838643  -0.48803756  1128397.5  0.41442734  0.36550263  0.8334614  -3231788.8  0.0  0.0  0.0  1.0
34562489691239;2.888227844794611;2.9268590314130534;0.94708705  0.122155294  0.29682377  -945664.4  -0.17857881  0.96894604  0.17103675  375246.5  -0.26671302  -0.21499304  0.93949026  1917071.2  0.0  0.0  0.0  1.0
34562489691270;2.5432202258587244;4.916770253053013;0.7414712  -0.17524585  -0.6476952  1591670.6  0.14441204  0.98434824  -0.10101293  24524.0  0.65525997  -0.018636812  0.7551736  -310293.47  0.0  0.0  0.0  1.0
34562489691301;2.1034157138496146;6.948314446169936;0.84112096  -0.027134351  -0.540166  330026.6  0.2140387  0.9339033  0.28637788  381371.0  0.49669206  -0.35649484  0.7913333  2519355.5  0.0  0.0  0.0  1.0
34562489691332;1.5400005703685937;2.2427734037171936;0.72374296  -0.60922503  0.32410067  5095637.0  0.68855673  0.6064671  -0.3976019  2682516.5  0.045672532  0.51092327  0.8584122  -4142761.2  0.0  0.0  0.0  1.0
34562489691363;3.2280224062918226;7.837358580645996;0.7304153  0.27653426  -0.6245176  -2035470.4  -0.28256667  0.95479673  0.092300035  562177.0  0.6218114  0.10905045  0.7755377  -1314132.9  0.0  0.0  0.0  1.0
34562489691394;2.3976719802288198;0.1558941128748948;0.66245836  -0.66012007  -0.35410506  5548173.0  0.62896115  0.7469081  -0.21572231  1594522.5  0.4068866  -0.07981127  0.9099855  356336.34  0.0  0.0  0.0  1.0
34562489691425;1.0094624480211292;2.2596363868995644;0.75952524  -0.5577891  -0.3346527  4656783.0  0.5762395  0.81564635  -0.05166566  1078438.0  0.3017767  -0.15359873  0.94092417  1023802.5  0.0  0.0  0.0  1.0
34562489691456;2.09075176249572;2.6878887941890603;0.8701124  -0.14075436  0.472327  1223593.6  0.38134152  0.79938805  -0.46428147  1346241.5  -0.31222296  0.58409476  0.749233  -4480013.0  0.0  0.0  0.0  1.0
34562489691487;4.819526363868169;2.694797558354395;0.6841398  -0.32984245  -0.65050495  2875810.2  0.1489854  0.9362903  -0.3180628  407969.5  0.713972  0.12068373  0.6896951  -1472536.4  0.0  0.0  0.0  1.0
34562489691518;0.9081270063423241;1.03442297967431;0.3732031  -0.9241607  -0.081527606  7875903.0  0.45573783  0.2591622  -0.85155046  5640597.0  0.808098  0.28064594  0.51789504  -2825594.0  0.0  0.0  0.0  1.0
34562489691549;2.7018815013951687;3.6729308297939953;0.8066348  -0.22265737  -0.54750717  1927350.0  -0.080194876  0.8765331  -0.4746139  1049776.5  0.5855845  0.42674738  0.68918604  -3844759.0  0.0  0.0  0.0  1.0
34562489691580;4.668438872941319;3.3897263179545916;0.8752008  0.48225808  0.038089838  -3792397.0  -0.23537378  0.49329653  -0.8374113  4242241.5  -0.42263797  0.72393763  0.54524434  -5527568.5  0.0  0.0  0.0  1.0
34562489691611;3.9959073484826004;7.1614145446925646;0.84576607  0.50242805  0.17957106  -3933954.5  -0.5251966  0.84328693  0.11417463  1629728.0  -0.09406534  -0.19087519  0.97709686  1601740.8  0.0  0.0  0.0  1.0
34562489691642;3.292173022565408;9.778244430295024;0.93454325  -0.31490108  -0.16573036  2579591.5  0.35529196  0.8517801  0.38501722  942883.5  0.019923437  -0.41869783  0.907907  3354697.5  0.0  0.0  0.0  1.0
34562489691673;1.953679954832125;9.996291727986272;0.9811919  -0.094297916  -0.16843598  771943.9  -0.1009506  0.49307188  -0.8641116  4149514.8  0.16453496  0.864863  0.47427884  -7073715.0  0.0  0.0  0.0  1.0
34562489691704;2.008186623570813;3.7369999932710796;-0.08183819  -0.29274687  0.95268124  3115139.5  0.32104352  0.8971931  0.3032746  601601.0  -0.9435219  0.33067164  0.020559788  -1997532.4  0.0  0.0  0.0  1.0
34562489691735;2.8076941945791956;13.923585612871832;-0.10241846  -0.9666083  -0.23490302  8551580.0  0.18279311  0.21383539  -0.9596151  6197015.5  0.97780234  -0.14122096  0.15478858  449423.06  0.0  0.0  0.0  1.0
34562489691766;1.8275291698076832;3.6792870550231935;0.9892679  0.05337631  0.13601407  -421942.0  -0.0046133413  0.9418323  -0.33605132  471269.0  -0.14603963  0.33181733  0.9319708  -2567114.0  0.0  0.0  0.0  1.0
34562489691797;3.7232768051076097;4.666551515525246;0.90637237  -0.4178809  -0.062164456  3427952.0  0.42241952  0.89390105  0.15000875  556852.5  -0.0071168854  -0.16222335  0.9867283  1310199.0  0.0  0.0  0.0  1.0
34562489691828;2.886530052875628;1.1375808313136866;0.56526035  -0.8248648  0.008881314  6941599.0  0.780791  0.53152186  -0.32840523  3221059.0  0.26616928  0.19256887  0.9444952  -1736133.8  0.0  0.0  0.0  1.0
34562489691859;3.863192297346279;5.999960645016434;0.72566473  0.6646152  0.17803799  -5154599.0  0.1040058  0.14982854  -0.9832262  6767320.5  -0.6801423  0.7320097  0.039601374  -5411602.0  0.0  0.0  0.0  1.0
34562489691890;3.6706534983214847;0.8954458293734542;0.6965722  -0.71669436  0.03370645  5979409.0  0.71747893  0.69601566  -0.028043045  1941717.5  -0.0033619164  0.043717664  0.9990382  -349382.03  0.0  0.0  0.0  1.0
34562489691921;3.2786406111649433;3.703511066945894;0.31257465  0.93678933  -0.15723494  -7054114.5  -0.7605196  0.14762981  -0.63230944  7392265.0  -0.5691284  0.31722397  0.758592  -2152391.5  0.0  0.0  0.0  1.0
34562489691952;2.441651137137093;1.7405517964830648;0.60347456  0.51418257  0.6094545  -3858545.0  -0.7577865  0.13195896  0.6390199  7516269.5  0.24814999  -0.84746844  0.46927455  6644305.0  0.0  0.0  0.0  1.0
34562489691983;3.0513635683647133;3.245569837420466;0.252677  -0.8978876  0.36048907  7749142.0  0.93920666  0.31713587  0.13158928  4834289.0  -0.23247632  0.3053241  0.92343485  -2293232.8  0.0  0.0  0.0  1.0
34562489692014;1.9745718167701451;11.623098699852413;0.67249185  0.7397653  0.02240372  -5721834.0  -0.7371932  0.6722217  -0.06829331  3155133.0  -0.065581284  0.029410845  0.9974137  -190554.38  0.0  0.0  0.0  1.0
34562489692045;1.2175878921579373;3.5520471349810854;0.74374145  -0.13195969  0.65531296  1241644.6  0.6189506  0.50621814  -0.60053587  3538040.5  -0.25248483  0.8522498  0.45817202  -6679455.0  0.0  0.0  0.0  1.0
34562489692076;4.820847866328376;2.464312268055315;0.98784274  0.069429845  0.13908942  -550089.06  0.14223817  -0.042654753  -0.9889131  8289080.0  -0.062727414  0.9966744  -0.052011818  -7974716.0  0.0  0.0  0.0  1.0
34562489692107;1.0951736045872003;3.0222832000565876;0.73178357  -0.6279178  0.26497543  5240243.5  0.65138066  0.7587507  -0.00089377444  1483447.5  -0.200489  0.1732539  0.96425474  -1253083.5  0.0  0.0  0.0  1.0
34562489692138;2.6395870453587285;4.614985775204805;0.5644211  -0.63437057  -0.5282076  5410072.0  0.2251489  0.7339162  -0.6408392  1982758.5  0.7941895  0.2427777  0.55706567  -2511192.8  0.0  0.0  0.0  1.0
34562489692169;2.994782826868506;2.7102858244614523;0.53956854  -0.067203894  -0.8392553  864209.6  0.38798448  0.9045081  0.17701131  495731.5  0.7472176  -0.42112774  0.5141182  2863415.8  0.0  0.0  0.0  1.0
34562489692200;5.292190560418294;14.648968456940258;0.40709335  0.5648356  0.7177994  -4128033.8  -0.41953897  0.8136931  -0.40235674  1793812.0  -0.81133366  -0.137348  0.5682194  1675121.5  0.0  0.0  0.0  1.0
34562489692231;1.8630711678931846;4.226930576970952;0.84794563  -0.5300341  0.0072267884  4371294.5  0.49637973  0.7987418  0.34002778  1270478.5  -0.18599865  -0.28473783  0.94038767  2421586.8  0.0  0.0  0.0  1.0
34562489692262;5.46562893652775;11.991537879393016;0.97422963  0.16173357  -0.15722139  -1283119.0  -0.22512195  0.65390015  -0.7223119  2942880.5  -0.014014966  0.73909193  0.6734588  -5936592.0  0.0  0.0  0.0  1.0
34562489692293;5.069828729190322;6.032796664529339;0.92763567  -0.34918153  0.13252926  2860229.5  0.34622887  0.9370477  0.045465868  263229.5  -0.14006212  0.0037097393  0.99013585  68559.266  0.0  0.0  0.0  1.0
34562489692324;3.2273635158321206;1.1078955410014784;0.8863849  0.44442227  -0.129656  -3495832.5  -0.21519986  0.6435104  0.73456347  3019293.0  0.4098913  -0.6232039  0.66603756  4726174.0  0.0  0.0  0.0  1.0
34562489692355;1.3752959580528585;0.8981626256050798;0.18651935  0.9710893  -0.14898416  -7241720.5  -0.94685304  0.21813352  0.23640443  6955788.5  0.26206824  0.09697215  0.9601649  -964296.6  0.0  0.0  0.0  1.0
34562489692386;5.158940174423677;1.0518403561374896;0.53455466  0.84509563  0.00805055  -6472341.5  -0.37498972  0.24571031  -0.8938733  6332269.0  -0.7573863  0.47480527  0.44824773  -3287961.2  0.0  0.0  0.0  1.0
34562489692417;4.03283871174125;7.672150749488931;0.5584911  0.034339182  -0.82879955  34018.25  -0.24980897  0.959721  -0.12857154  499607.0  0.7910013  0.2788476  0.5445739  -2799157.8  0.0  0.0  0.0  1.0
34562489692448;4.000054921873328;6.4525008373699935;0.8709374  0.09375394  0.4823672  -663750.4  0.021217296  0.9735404  -0.22752827  198019.5  -0.49093568  0.20839739  0.8459035  -1331833.8  0.0  0.0  0.0  1.0
34562489692479;2.0170795377863655;17.346494708173818;0.5616139  -0.8241525  -0.07322794  6938743.5  0.7782597  0.55623287  -0.2914049  3023732.5  0.28089395  0.10666667  0.9537929  -1055435.1  0.0  0.0  0.0  1.0
34562489692510;1.1740247611060295;16.72241688969763;0.8578225  0.43862686  0.2678563  -3429144.8  0.46109363  -0.42661798  -0.77806807  11154232.0  -0.22700919  0.7909511  -0.5682106  -6203930.5  0.0  0.0  0.0  1.0
34562489692541;3.354655951863199;29.65611522089619;0.5801013  0.6903787  0.43227273  -5259677.0  -0.81088716  0.53969866  0.22624671  4273055.5  -0.077101156  -0.48177034  0.8728992  3930376.2  0.0  0.0  0.0  1.0
34562489692572;1.8393631220032445;10.376111671849705;0.13085309  -0.117815584  0.98437655  1558416.0  -0.71219444  0.67955935  0.17600542  3078512.5  -0.6896785  -0.72409827  0.005014819  6310549.0  0.0  0.0  0.0  1.0
34562489692603;2.6663199487245373;25.047299644892636;0.9799513  -0.034891784  0.19615781  294840.53  -0.011982293  0.9724425  0.23283425  230145.0  -0.19887622  -0.23051667  0.9525281  1994355.9  0.0  0.0  0.0  1.0
34562489692634;2.141177615887272;7.36455874529755;0.94542074  0.24340847  0.21663749  -1920067.5  0.14114323  0.2933284  -0.9455355  5586659.0  -0.29369727  0.92450583  0.24296336  -7231890.0  0.0  0.0  0.0  1.0
34562489692665;3.9424089616480122;12.664300343862173;0.85477835  -0.35740197  -0.37632126  2977673.0  0.088882335  0.81519586  -0.5723247  1424549.0  0.51132554  0.45576242  0.7285787  -4026131.5  0.0  0.0  0.0  1.0
34562489692696;1.8711162461125304;20.882277747295305;0.6986605  0.44645518  0.5590627  -3380398.5  -0.5138346  0.8568543  -0.042125873  1512732.5  -0.4978428  -0.25783417  0.8280546  2424229.0  0.0  0.0  0.0  1.0
34562489692727;3.310271605615024;21.847491488547337;0.11269465  -0.67175305  0.73215294  6027853.5  0.94265246  0.30526322  0.13498496  4927467.0  -0.31417593  0.6749535  0.66763103  -5209661.5  0.0  0.0  0.0  1.0
34562489692758;4.511424934062755;14.718597890649082;0.6211706  -0.7730323  0.1287181  6485683.5  0.78032017  0.5949285  -0.19277051  2711045.0  0.072439745  0.22018465  0.9727647  -1822441.5  0.0  0.0  0.0  1.0
34562489692789;1.931706743686756;7.829028252700418;0.9919276  -0.07412809  -0.102882236  602121.6  0.095978715  0.9691314  0.22709571  180891.0  0.082872175  -0.23513702  0.9684228  1833643.8  0.0  0.0  0.0  1.0
34562489692820;4.539455050249923;8.922372003570255;0.46000627  0.8265811  -0.3242808  -6271116.5  -0.86330044  0.33095983  -0.38102257  5989388.0  -0.20762208  0.45522442  0.8658313  -3516738.2  0.0  0.0  0.0  1.0
34562489692851;3.0455147307974437;11.791786438659807;0.90800184  -0.12756449  0.39907345  1090871.2  0.3985015  -0.031096593  -0.91664046  8015988.0  0.12934059  0.9913428  0.022598866  -8066695.5  0.0  0.0  0.0  1.0
34562489692882;3.605304913385411;1.8393939435210411;0.4013354  0.75496763  0.51860744  -5653699.0  -0.81510025  0.03612572  0.5781925  8327581.5  0.41778153  -0.6547662  0.6298729  4974583.5  0.0  0.0  0.0  1.0
34562489692913;4.484860766274024;9.758134836782173;0.3553399  0.4041325  0.8428586  -2798799.2  0.42910472  0.7305523  -0.5311899  1866533.5  -0.8304233  0.5504276  0.0861794  -3845043.8  0.0  0.0  0.0  1.0
34562489692944;1.7079159739228686;0.7946860167037689;0.75824493  0.5912389  -0.27477506  -4587049.0  -0.6223798  0.5308792  -0.57516164  4211742.5  -0.1941854  0.60712785  0.7705115  -4748311.5  0.0  0.0  0.0  1.0
34562489692975;1.881460468963167;1.2178014472186702;0.22139494  -0.015243654  0.97506505  669507.2  -0.96417093  0.14642616  0.22121036  7544965.0  -0.14614709  -0.98910415  0.01772054  8060878.0  0.0  0.0  0.0  1.0
34562489693006;1.115739312366094;0.7523861527216604;0.6451775  -0.6089339  -0.4614601  5148538.5  0.21776956  0.7254887  -0.6528726  2055746.0  0.7323404  0.32072666  0.6006762  -3094781.5  0.0  0.0  0.0  1.0
34562489693037;3.6096861314976527;19.622471305056443;0.4820753  -0.67461896  -0.5590104  5791605.0  0.81383926  0.58108985  0.0005683359  2798707.0  0.3244519  -0.45521864  0.82916045  3434620.2  0.0  0.0  0.0  1.0
34562489693068;5.981505073479419;17.497867422297126;0.3724325  0.91418946  0.1598491  -6914474.0  -0.8071269  0.40407777  -0.4304267  5361694.0  -0.45808312  0.031286336  0.88835865  70098.21  0.0  0.0  0.0  1.0
34562489693099;4.279282882274275;15.010731589364335;0.38930264  0.89368176  -0.22310674  -6761327.5  -0.91988975  0.3896728  -0.044249  5556759.0  0.047394082  0.2224598  0.9737891  -1823140.9  0.0  0.0  0.0  1.0
