# fmr_benchmark.py --model_path=/root/fmr_benchmark/result/fmr_model_modelnet40.pth --voxel_size=0.1 --n_iter=10 --input_txt=/neural_comparison/point_clouds_registration_benchmark//eth/wood_autumn_global.txt --input_pcd_dir=/neural_comparison/point_clouds_registration_benchmark//eth/wood_autumn/ --output_dir=/root/neural_registration_comparison/results/FMR/modelnet40
id;initial_error;final_error;transformation
26875431820030;2.0535532931381004;3.690631435004174;0.0952516  -0.1926867  -0.9766263  1.1497586  0.93451154  0.35531023  0.021041913  3.973052  0.34295088  -0.914673  0.21391177  1.6279949  0.0  0.0  0.0  1.0
26875431820061;1.6463845109934325;4.826442175204473;0.48781264  -0.8207733  -0.29727116  2.7795599  0.85634863  0.3838414  0.34544548  -1.9378645  -0.16942744  -0.42308047  0.89011085  10.430271  0.0  0.0  0.0  1.0
26875431820092;3.1454983955145077;3.149777488365781;0.6032135  -0.3580327  -0.7127033  -0.09558761  -0.59259355  0.39688927  -0.7009364  -0.95198834  0.5338224  0.84515786  0.027241211  1.8316116  0.0  0.0  0.0  1.0
26875431820123;5.022952331012622;7.147762852141475;0.89775205  -0.29521266  -0.3269415  7.8662143  0.4281796  0.75913775  0.49027783  -4.8661666  0.10345739  -0.5801375  0.8079215  12.068209  0.0  0.0  0.0  1.0
26875431820154;4.9039779898946945;2.6235072070765804;0.7723506  -0.23347412  -0.5907322  1.8458309  0.4568852  0.8502821  0.26129737  -7.737749  0.44128287  -0.47171  0.7633868  -5.6590204  0.0  0.0  0.0  1.0
26875431820185;2.518490360471434;4.576143247007246;0.8482972  0.27906308  -0.45001718  4.527606  0.18350735  0.6422615  0.7441941  -0.9951937  0.49670586  -0.7138794  0.49361864  1.063343  0.0  0.0  0.0  1.0
26875431820216;3.040176925026691;2.1806123979508594;0.5035981  -0.78821594  0.35370117  -0.9455655  0.7499088  0.60210335  0.27405855  -3.660455  -0.42898217  0.12722832  0.89430827  3.2327142  0.0  0.0  0.0  1.0
26875431820247;4.293952946805166;5.015896734828722;0.7235049  0.38783738  -0.571072  18.421803  -0.6877985  0.47563234  -0.54836786  6.102229  0.058942735  0.78952914  0.61087614  -3.605388  0.0  0.0  0.0  1.0
26875431820278;1.9928622542605958;0.4332389387540836;0.6295329  0.7709745  0.09636746  -4.798256  -0.7745524  0.6325097  -0.00044150697  8.925114  -0.061293773  -0.07436371  0.99534583  4.232654  0.0  0.0  0.0  1.0
26875431820309;3.3178555720271428;3.2951921603943823;0.6345167  0.6994326  -0.32891124  -0.24238873  -0.7658987  0.5118029  -0.38917467  13.646996  -0.103863746  0.49885058  0.8604419  -6.899647  0.0  0.0  0.0  1.0
26875431820340;3.1987335091215683;0.9702430286521194;0.9018136  0.42800736  -0.059513226  -0.76642513  -0.21690036  0.5674581  0.7943207  -4.9839587  0.37374642  -0.7034207  0.60457647  -5.1051216  0.0  0.0  0.0  1.0
26875431820371;3.5265759616751016;1.1399770263819813;0.42615458  0.44418508  -0.7880939  2.810709  -0.48715904  0.8467358  0.21380976  2.5779734  0.7622782  0.2928111  0.5772292  -9.924618  0.0  0.0  0.0  1.0
26875431820402;5.0883567835047625;5.445770151927519;0.28332084  -0.95552915  0.08181329  -0.64128613  0.93245786  0.29440865  0.20939434  -10.4295845  -0.22416896  0.01696166  0.97440267  -10.513523  0.0  0.0  0.0  1.0
26875431820433;1.6687229373662258;5.073494654039477;0.26159447  0.629052  -0.73202586  4.0525823  -0.6107523  0.6951628  0.3791179  10.275303  0.747362  0.34791115  0.5660457  0.19287252  0.0  0.0  0.0  1.0
26875431820464;4.58945846466715;4.071060556230163;0.9063663  0.39710903  0.14423771  -6.9568553  -0.26053542  0.79409903  -0.549116  13.420293  -0.33259788  0.4601213  0.8232055  -3.5758734  0.0  0.0  0.0  1.0
26875431820495;2.035425071867048;5.099656494083388;0.48840985  0.501194  0.7143252  0.084400654  -0.54081064  0.81629  -0.2029642  17.4527  -0.6848209  -0.28718495  0.6697351  4.455318  0.0  0.0  0.0  1.0
26875431820526;3.855140063669406;4.674472347979017;0.9745266  0.10069866  -0.20039402  6.5100975  0.023633607  0.84244555  0.538263  5.354791  0.2230234  -0.5292878  0.81860566  12.4491825  0.0  0.0  0.0  1.0
26875431820557;2.7573624115491;2.802898164930884;0.63445383  0.062383715  0.7704392  1.4013557  -0.723476  0.39883104  0.563486  6.712765  -0.27212274  -0.91490006  0.2981729  8.623266  0.0  0.0  0.0  1.0
26875431820588;1.5947841889661274;3.752860772732997;0.3660922  0.7196371  0.58999896  -4.0928226  -0.7357099  0.6120548  -0.29003373  12.659871  -0.5698309  -0.32788906  0.75351274  7.3265934  0.0  0.0  0.0  1.0
26875431820619;3.5884439472599823;3.9214999789960427;0.90366364  -0.22136296  -0.36659354  9.990983  0.20464349  0.9751909  -0.08440481  -1.338871  0.37618273  0.0012526088  0.92654485  5.786796  0.0  0.0  0.0  1.0
26875431820650;3.205971749881819;4.967664017958296;0.94683665  -0.2360014  0.21863985  -2.1706066  0.27916586  0.9404867  -0.19378164  -8.184605  -0.15989512  0.24451637  0.95637083  14.474177  0.0  0.0  0.0  1.0
26875431820681;1.5831696178308692;4.624105329313035;0.5427004  -0.21460085  0.81204855  -4.2373915  0.8399198  0.14252363  -0.5236621  -4.1249537  -0.003357689  0.9662472  0.257595  2.837902  0.0  0.0  0.0  1.0
26875431820712;2.1253878571825364;3.326161951648217;0.9667184  -0.20547353  -0.15243544  -0.79828787  0.03959597  0.70879513  -0.70430213  6.6516995  0.25276092  0.6748259  0.69334126  2.4613853  0.0  0.0  0.0  1.0
26875431820743;1.5610088030304428;5.648456689907075;0.90158063  -0.27151415  -0.3367976  13.656895  0.18518904  0.94580877  -0.2667408  2.139843  0.39097005  0.1781171  0.9030043  -2.0589943  0.0  0.0  0.0  1.0
26875431820774;3.330059369423353;4.6459756188045125;-0.07571849  -0.734936  -0.67389596  7.240035  0.04488887  0.6726386  -0.7386083  3.7103248  0.9961184  -0.086176716  -0.017940732  3.5778768  0.0  0.0  0.0  1.0
26875431820805;4.120916915159846;1.6928121726324172;0.6779407  0.5109543  -0.52850944  0.81755877  0.41083056  0.33284837  0.84878165  -3.980541  0.6096021  -0.7925515  0.015735865  -9.730349  0.0  0.0  0.0  1.0
26875431820836;1.4675689642071519;4.8174991225950485;0.9942542  0.022388741  0.104677334  5.9135947  0.10266513  0.077412024  -0.9916994  18.467543  -0.030306205  0.9967478  0.07466855  -10.921146  0.0  0.0  0.0  1.0
26875431820867;3.4095493357026116;2.765784595776626;0.33364025  0.4192306  -0.84435195  8.191385  -0.5145462  0.8314719  0.20951587  7.3073435  0.7898904  0.36455506  0.49312603  -9.128996  0.0  0.0  0.0  1.0
26875431820898;2.851643886467438;4.956355412500716;-0.4204382  0.74860007  0.5126692  9.763512  -0.55608886  -0.6590783  0.50634056  5.2807255  0.71693563  -0.072204575  0.69338983  -4.4921427  0.0  0.0  0.0  1.0
26875431820929;4.31324373702403;3.4261314900918505;0.05326307  0.20403719  -0.9775133  -1.5718939  0.5836172  0.78795236  0.19627047  6.668833  0.8102802  -0.5809475  -0.07711078  4.7186623  0.0  0.0  0.0  1.0
26875431820960;2.9706078354575314;6.7970103340279175;0.9450337  -0.048557285  -0.3233467  10.190257  -0.24512771  0.5492376  -0.7989056  21.992676  0.21638688  0.834254  0.5071454  -6.8698015  0.0  0.0  0.0  1.0
26875431820991;2.9933660743599426;2.8399203057878863;0.66741073  0.61686265  0.41718495  -1.2221537  -0.6472577  0.7575548  -0.08466415  5.1320786  -0.3682667  -0.21352047  0.9048693  1.6849102  0.0  0.0  0.0  1.0
26875431821022;1.656409031130035;4.4545724156284665;0.9501451  0.20737042  0.23285614  1.8586574  -0.31011426  0.5507238  0.7749403  11.5895405  0.03246027  -0.80851775  0.5875759  4.0425005  0.0  0.0  0.0  1.0
26875431821053;1.9984878364331908;5.4460916586898875;0.3892237  0.726308  -0.5665525  1.7903366  -0.71422654  0.6263697  0.31231603  13.010517  0.58170897  0.28308606  0.7625464  -3.7559357  0.0  0.0  0.0  1.0
26875431821084;2.6465098846802793;2.9867610428715476;0.71346956  0.57744265  0.39688906  7.6999474  -0.58240694  0.803648  -0.1222786  1.6595931  -0.389568  -0.14390883  0.90968513  2.051681  0.0  0.0  0.0  1.0
26875431821115;1.5027097041887814;4.059568726157062;0.011459107  -0.99981177  0.015659632  16.0771  0.19985805  -0.013054697  -0.9797379  -0.23043972  0.97975785  0.014356524  0.19967102  -2.5368762  0.0  0.0  0.0  1.0
26875431821146;3.393986024931288;6.501934566421983;0.7859216  -0.46572345  -0.40672937  -7.5975404  0.19231859  -0.44104767  0.8766359  -3.7083073  -0.58765686  -0.76718855  -0.2570616  5.0337887  0.0  0.0  0.0  1.0
26875431821177;4.551379335696718;3.2677936049195515;0.7893867  -0.22904156  0.5695687  13.161575  0.36140552  0.9233618  -0.12957262  -2.4469638  -0.49624053  0.30812815  0.81166655  -2.2894268  0.0  0.0  0.0  1.0
26875431821208;2.543233512385254;8.421732961672703;0.10638021  0.048086524  0.993162  7.605763  -0.619213  0.7847117  0.028331637  15.146383  -0.7779835  -0.6179928  0.113253534  -0.85868883  0.0  0.0  0.0  1.0
26875431821239;2.014421766667579;5.984407513013648;0.75983614  -0.114387214  -0.63997257  -1.9917264  -0.31309333  0.79833454  -0.51442647  3.482846  0.56975603  0.59125084  0.5707895  5.435175  0.0  0.0  0.0  1.0
26875431821270;2.8934216940175648;2.7650488331438634;0.5843535  0.33983082  0.7369164  6.2467356  -0.0010550758  0.90841013  -0.41807887  -0.65394545  -0.81149846  0.24352843  0.5311913  8.178742  0.0  0.0  0.0  1.0
26875431821301;2.825654895817324;0.47682184673447947;0.10935215  0.2825785  0.952991  4.9823256  -0.3711343  0.9010124  -0.22457966  -0.5739441  -0.92211795  -0.3291294  0.20340206  0.38395476  0.0  0.0  0.0  1.0
26875431821332;1.854867411473609;3.0221884559736676;0.51438385  -0.06706959  -0.85493344  -1.9909847  0.7962627  0.40749645  0.4471155  -2.5744915  0.3183945  -0.91074026  0.26301476  4.3795733  0.0  0.0  0.0  1.0
26875431821363;4.467403769838114;5.168514687456813;0.89523125  -0.09728974  0.43485117  10.374081  -0.25484535  0.6887382  0.6787442  2.4717126  -0.36553344  -0.71845293  0.5917861  10.924577  0.0  0.0  0.0  1.0
26875431821394;5.784727726475907;4.507353005764754;0.5014967  -0.8276099  -0.25211748  10.199294  0.47688594  0.50757664  -0.7175972  5.5728493  0.72185934  0.23964137  0.6492234  -6.5662966  0.0  0.0  0.0  1.0
26875431821425;1.4999174095934682;4.945178112641663;0.8670548  -0.378121  0.32440782  4.5479817  0.05662907  0.7217209  0.68986404  12.215206  -0.4949839  -0.57977897  0.6471842  12.7680435  0.0  0.0  0.0  1.0
26875431821456;2.5138223759986826;2.206373729259996;0.8914422  -0.23336121  0.388424  -2.1234965  0.43359637  0.688285  -0.58159924  5.0692616  -0.1316237  0.6868813  0.714751  -8.558216  0.0  0.0  0.0  1.0
26875431821487;2.043897772459037;4.195681104340338;0.39605394  0.17414595  0.9015621  7.183592  0.7252682  0.5428317  -0.42346194  -0.37776375  -0.56314075  0.82158816  0.08868812  6.439118  0.0  0.0  0.0  1.0
26875431821518;1.5491762003112224;4.386159217056534;0.25311184  0.9055524  -0.34045443  -2.2026434  -0.77989393  0.3992265  0.4820619  17.533583  0.57245076  0.14350274  0.8072837  -2.9721603  0.0  0.0  0.0  1.0
26875431821549;1.5883996969544905;6.489957387013414;-0.024091825  -0.7869494  -0.61654717  9.590003  0.16346394  0.6053249  -0.7790131  -3.6626887  0.9862552  -0.11955108  0.11405438  5.1844425  0.0  0.0  0.0  1.0
26875431821580;4.425160905918537;4.399424516033253;0.96092755  0.26034975  -0.09400169  3.880619  -0.15287617  0.21606997  -0.9643353  13.833021  -0.23075344  0.94102705  0.24742877  2.4369414  0.0  0.0  0.0  1.0
26875431821611;3.353273937562721;4.352771628874978;0.9023275  0.42399442  -0.0776768  -0.4599023  0.019746192  0.13935558  0.99004555  -0.5722743  0.4305985  -0.89487934  0.117372036  5.058481  0.0  0.0  0.0  1.0
26875431821642;1.3671223414634766;0.20437966519254422;0.6412812  0.42818114  -0.6367254  1.0775301  -0.67367226  0.71143275  -0.20007274  2.3158486  0.36732  0.5572472  0.74468225  0.8033147  0.0  0.0  0.0  1.0
26875431821673;4.231146946497155;5.968606102676212;-0.08399057  0.091946  -0.9922154  7.2362094  -0.8733976  0.47256523  0.11772406  16.098736  0.47971073  0.8764862  0.0406144  -1.6211004  0.0  0.0  0.0  1.0
26875431821704;5.916097515817769;6.121270387641778;-0.711906  0.04059707  0.7011005  -5.975552  0.6977016  -0.0728616  0.7126737  -18.13771  0.080015846  0.9965157  0.023546  -4.064641  0.0  0.0  0.0  1.0
26875431821735;2.456523073906335;6.143889167733531;0.25113535  0.9460349  0.20481518  6.578808  -0.7614149  0.062429912  0.645252  7.2081943  0.59764415  -0.31799495  0.73600316  -0.20032978  0.0  0.0  0.0  1.0
26875431821766;3.6833967010897686;6.67764021189838;0.906935  -0.069597624  -0.41548133  12.616812  -0.35136244  0.41913113  -0.83718204  9.313869  0.23240696  0.90525424  0.35567066  2.9529405  0.0  0.0  0.0  1.0
26875431821797;3.7834060321852396;3.814265580311188;0.6942248  -0.4322163  -0.57553506  -1.8156643  0.17351896  0.87654054  -0.44896287  -2.787531  0.69852895  0.21181488  0.6835141  1.880434  0.0  0.0  0.0  1.0
26875431821828;3.309200691813214;0.8329380907671818;0.4438642  0.88741165  0.12443784  -2.854062  -0.85420233  0.37705123  0.35800916  14.071356  0.2707822  -0.2652025  0.9253889  3.423233  0.0  0.0  0.0  1.0
26875431821859;1.3587079118313974;5.039749060126615;0.64920336  -0.6325438  -0.42240167  0.61721087  0.75649047  0.47920918  0.44506285  -8.8157  -0.079103  -0.6084791  0.7896178  9.107015  0.0  0.0  0.0  1.0
26875431821890;5.99180136419761;9.123586199139892;-0.29293737  0.7621365  0.5773524  18.440168  -0.95609075  -0.23908877  -0.16949143  18.676731  0.008862877  -0.60165167  0.7987094  -0.06593913  0.0  0.0  0.0  1.0
26875431821921;1.334025833505696;0.487569796625897;0.63840514  0.54901373  0.539465  -0.36384523  -0.6531274  0.75724465  0.002265784  -1.4377973  -0.40726313  -0.35378596  0.842005  1.2405111  0.0  0.0  0.0  1.0
26875431821952;1.5331962113685564;3.5977019944615787;0.6005352  0.1954689  0.77533835  4.3912086  -0.3440905  0.93845963  0.029920818  -0.38359064  -0.72177523  -0.284755  0.630837  7.5996876  0.0  0.0  0.0  1.0
26875431821983;5.104278779962253;3.317338467006261;0.73616445  0.48979655  -0.46707764  -0.1027112  -0.5002068  0.85863006  0.11201464  1.876214  0.45591137  0.15117428  0.8770924  5.571584  0.0  0.0  0.0  1.0
26875431822014;4.051816939242429;0.9136561909047263;0.49494174  0.18331352  -0.8493696  -2.0932078  0.27419692  0.8946002  0.35285446  -2.8255887  0.82452935  -0.40753698  0.3925111  3.8300617  0.0  0.0  0.0  1.0
26875431822045;4.351333545702148;0.2621208069820254;0.8659713  0.1428393  -0.47926  -2.0967026  -0.3945716  0.7839565  -0.4792971  11.704028  0.3072564  0.6041602  0.73524433  -6.4756494  0.0  0.0  0.0  1.0
26875431822076;1.1412009696094776;4.709310965734368;0.686798  0.72257966  -0.078659065  6.446173  -0.24621359  0.12945914  -0.96053064  7.9584007  -0.6838767  0.67905736  0.26682112  6.8611717  0.0  0.0  0.0  1.0
26875431822107;1.4325003679545003;3.1220702472892454;0.18835889  0.26928052  0.944462  6.2280507  0.024400592  0.960096  -0.27860427  0.7569832  -0.9817971  0.07552305  0.17427191  2.866083  0.0  0.0  0.0  1.0
26875431822138;4.104686773760169;2.971972250730702;0.9590692  0.218037  0.18068258  0.20683861  -0.2611952  0.92761165  0.26704618  2.2883744  -0.1093773  -0.30330917  0.94659394  4.636696  0.0  0.0  0.0  1.0
26875431822169;2.4370489578780687;0.8134746439827056;0.6346228  -0.5618327  0.53065795  6.605702  0.6687162  0.74341017  -0.012645717  0.4254055  -0.38739178  0.362885  0.8474917  1.672525  0.0  0.0  0.0  1.0
26875431822200;3.7431807365241796;5.250894808182895;0.9714448  -0.23689969  -0.013176648  0.91508436  0.21250449  0.84401965  0.49241528  -11.335818  -0.105531625  -0.48115435  0.8702607  11.814278  0.0  0.0  0.0  1.0
26875431822231;2.9987588218906187;4.451279834822975;0.6312712  0.30804124  0.7117635  4.786104  -0.7336902  0.53466606  0.4193222  9.342289  -0.25138736  -0.7869201  0.5635258  6.5518837  0.0  0.0  0.0  1.0
26875431822262;1.4232017099761387;0.7899256839325622;0.6950535  -0.11927014  0.7089957  0.8170781  0.29560962  0.9463397  -0.13059944  -2.2591195  -0.65537417  0.30035958  0.6930143  0.18996498  0.0  0.0  0.0  1.0
26875431822293;1.6014741833671042;6.315687312948036;0.28510833  0.880618  -0.37845093  2.124381  -0.36733785  0.4650798  0.8054587  10.465722  0.8853113  -0.09062359  0.45608246  6.498664  0.0  0.0  0.0  1.0
26875431822324;2.782792515369427;4.066257194811616;0.9719757  -0.16855207  0.16387053  -2.8475797  0.1820562  0.98071337  -0.07111096  -3.0166042  -0.14872412  0.09895175  0.9839154  9.134443  0.0  0.0  0.0  1.0
26875431822355;3.517315059062168;0.6286564206761234;0.118223704  -0.9196949  0.37441272  2.9963777  0.9689307  0.18933812  0.15913631  3.7768638  -0.2172474  0.34396628  0.91350454  2.024958  0.0  0.0  0.0  1.0
26875431822386;2.6396216123483303;3.7438979896919427;0.56277907  0.8044221  -0.19022274  0.6504345  0.33530897  -0.01182048  0.94203407  -1.7961129  0.7555444  -0.59394056  -0.27638215  4.394225  0.0  0.0  0.0  1.0
26875431822417;3.186775984733459;2.5155936900885214;0.7267943  -0.6859859  0.034541506  12.582388  0.6863744  0.7234857  -0.07388056  0.4902382  0.02569076  0.07740441  0.9966687  -2.6307294  0.0  0.0  0.0  1.0
26875431822448;3.9599817839126596;5.202943462872655;0.37339866  0.4513885  0.8104454  3.9103823  -0.08857054  0.88699067  -0.4532141  3.9175098  -0.9234332  0.09744795  0.3711807  4.8685875  0.0  0.0  0.0  1.0
26875431822479;2.9073535472467738;1.5033677352530108;0.80435526  -0.47094223  -0.36225134  9.148166  0.56708276  0.79043984  0.2315644  -5.453306  0.17728442  -0.39168647  0.9028577  0.78254557  0.0  0.0  0.0  1.0
26875431822510;3.7711636163769215;3.439490885730524;0.9229701  -0.099158846  -0.3718787  8.406579  -0.0785223  0.8974015  -0.43417126  9.806062  0.37677646  0.4299279  0.82048863  -1.5935566  0.0  0.0  0.0  1.0
26875431822541;2.7225886157360173;3.006202085294638;0.7942429  -0.31119052  -0.5218608  8.68236  0.39032245  0.91954243  0.04571698  -0.27092546  0.46564645  -0.24000433  0.85180485  -4.7663174  0.0  0.0  0.0  1.0
26875431822572;6.3174187801669905;1.3977946201358857;0.35556427  -0.89731026  0.26155046  -1.6068664  0.8156649  0.4345371  0.38192737  -4.7879877  -0.45636073  0.07753774  0.88641006  -9.243658  0.0  0.0  0.0  1.0
26875431822603;4.291318477345014;4.09780886346905;0.005892807  -0.9753156  -0.22073728  -2.2806125  0.9099486  -0.08630828  0.40564075  -7.639064  -0.41467917  -0.20324998  0.88697845  10.382903  0.0  0.0  0.0  1.0
26875431822634;2.1517287473981175;2.015378887422774;0.71078694  0.22424756  0.66670465  2.2290645  -0.33275396  0.9422549  0.037826106  3.3014882  -0.6197233  -0.24873489  0.74436164  4.6330924  0.0  0.0  0.0  1.0
26875431822665;1.5906219386342715;5.2353947018932265;-0.118395895  -0.1214133  -0.9855158  5.767119  -0.5340364  0.84452033  -0.039886016  0.14500394  0.8371307  0.5215789  -0.16482681  6.596632  0.0  0.0  0.0  1.0
26875431822696;2.534146944068928;4.624582823170686;0.73734754  0.536706  0.41020155  13.23618  -0.4748799  0.84370697  -0.2502943  7.958063  -0.48042446  -0.010242526  0.8769763  2.6511862  0.0  0.0  0.0  1.0
26875431822727;3.2280913866871095;4.070760051131485;-0.43881738  -0.82279575  0.3611736  -3.309115  0.12747195  0.34087434  0.93142676  -4.3826985  -0.8894889  0.45476577  -0.04469828  5.2087216  0.0  0.0  0.0  1.0
26875431822758;5.123607463454776;3.348948900826109;0.4036984  -0.69720525  -0.5923956  13.88241  0.36345747  0.71643215  -0.5955028  5.62798  0.83959895  0.025092836  0.542627  9.284343  0.0  0.0  0.0  1.0
26875431822789;3.4449919855173357;3.7118539674594024;0.47060746  -0.5051703  -0.72341686  11.926288  0.21507347  0.8608283  -0.46121368  -5.4263816  0.855729  0.061462745  0.51376086  0.1388545  0.0  0.0  0.0  1.0
26875431822820;3.2885712155089486;5.152560100731364;0.2595032  -0.90294737  0.3425551  12.381669  0.96439326  0.26103273  -0.0425166  0.4708829  -0.05102783  0.34139097  0.9385351  4.8220706  0.0  0.0  0.0  1.0
26875431822851;5.9287144767363475;0.7689811770427434;0.919898  0.16816206  0.3542728  5.283156  0.13983978  0.70334303  -0.6969601  7.2908716  -0.36637753  0.6906737  0.6234882  4.419088  0.0  0.0  0.0  1.0
26875431822882;5.41078833518639;4.69496038958846;0.08695397  0.31013  0.9467094  11.936579  0.14523086  0.93621  -0.32002982  10.331538  -0.9855696  0.16531925  0.036366705  6.398418  0.0  0.0  0.0  1.0
26875431822913;4.777035883166865;6.047799426385339;0.89777285  0.28547034  -0.33542594  11.420254  -0.06464734  0.83869237  0.54075485  -3.3327856  0.4356886  -0.46379068  0.7714101  3.0521908  0.0  0.0  0.0  1.0
26875431822944;2.976285503595206;2.4611486719297178;0.66441435  0.7473598  0.0025942312  -2.6987524  0.36626893  -0.32864055  0.87054145  11.143236  0.6514603  -0.5774502  -0.49208817  4.610458  0.0  0.0  0.0  1.0
26875431822975;3.393796302193077;1.9028915252177068;0.6311319  0.06367685  0.77305764  5.4404273  -0.24809217  0.9608447  0.123400055  1.1263463  -0.7349306  -0.26967117  0.62221754  2.8029428  0.0  0.0  0.0  1.0
26875431823006;5.039958847236191;3.8449799908618774;-0.50808996  0.5866582  0.6306163  7.192196  -0.0069796406  0.72933614  -0.68411994  11.234798  -0.86127585  -0.35199594  -0.36647367  4.116167  0.0  0.0  0.0  1.0
26875431823037;5.369728603719778;4.878646820988097;0.9686626  0.07365484  -0.23720762  2.339171  0.1914552  0.3869861  0.9019904  -6.770231  0.15823197  -0.9191391  0.36075753  3.862756  0.0  0.0  0.0  1.0
26875431823068;4.204830814786546;4.752147443069288;0.75004756  -0.66049767  0.034226924  12.027539  0.26071036  0.24770424  -0.9330984  7.4284005  0.60783124  0.7087914  0.3579885  -2.232356  0.0  0.0  0.0  1.0
26875431823099;2.356510122240444;4.582186019928603;0.5468234  0.7319409  0.4065055  0.47124577  -0.615204  0.021936437  0.78806263  19.335918  0.5678981  -0.6810149  0.4622883  2.0681324  0.0  0.0  0.0  1.0
