# fmr_benchmark.py --model_path=/root/fmr_benchmark/result/fmr_model_modelnet40.pth --voxel_size=0.1 --n_iter=10 --input_txt=/neural_comparison/point_clouds_registration_benchmark//eth/wood_summer_global.txt --input_pcd_dir=/neural_comparison/point_clouds_registration_benchmark//eth/wood_summer/ --output_dir=/root/neural_registration_comparison/results/FMR/modelnet40
id;initial_error;final_error;transformation
2318808360030;4.969564550018172;4.08695104262954;0.41003436  0.8643008  -0.2913  -11.588901  -0.87980044  0.4590161  0.12351367  8.668085  0.24046437  0.20564093  0.9486247  -6.2225833  0.0  0.0  0.0  1.0
2318808360061;1.6724101210514537;1.798870096966718;0.27650008  -0.5909269  0.7578611  -3.0130293  0.9593254  0.21645108  -0.1812294  -1.8129917  -0.05694651  0.77714497  0.62673974  1.707912  0.0  0.0  0.0  1.0
2318808360092;1.584883217651029;1.723528821609682;-0.13075492  -0.7961468  0.59080756  8.152432  0.95712703  0.053997412  0.28459173  -7.914174  -0.25847882  0.6026894  0.754953  0.61578786  0.0  0.0  0.0  1.0
2318808360123;2.8011658140671436;4.617819615031631;0.95253724  0.3043786  -0.0051291035  5.7515144  0.018453779  -0.040916406  0.9989922  7.3847466  0.30386192  -0.9516719  -0.044591185  6.755164  0.0  0.0  0.0  1.0
2318808360154;5.158117208596515;1.3470871608984785;0.93643373  -0.26048177  0.23503444  -5.917308  0.31186637  0.9248915  -0.21751998  -1.7917544  -0.16072133  0.27699235  0.94733506  4.7236533  0.0  0.0  0.0  1.0
2318808360185;2.9373278081057164;3.4348827656381165;0.803368  -0.59416395  0.039609198  8.183101  0.4986976  0.63495475  -0.5900282  -12.079802  0.32542345  0.4937629  0.8064104  -5.413247  0.0  0.0  0.0  1.0
2318808360216;2.8192109211834575;4.186913580082496;0.9801315  -0.049237497  0.19214098  -6.678954  0.12559931  0.90380967  -0.40908778  -1.4475043  -0.15351643  0.42509252  0.8920364  6.1472282  0.0  0.0  0.0  1.0
2318808360247;5.338906233558544;3.0331234009380146;0.44678676  -0.31742615  0.8364342  1.7683995  0.8929697  0.10111546  -0.43861237  12.430858  0.054650623  0.9428764  0.32862908  -8.082391  0.0  0.0  0.0  1.0
2318808360278;3.9358878406157967;2.4601237561570937;0.95961845  -0.28079423  0.016944772  -0.7495222  0.088199705  0.2431311  -0.96597505  7.741089  0.26712045  0.92846215  0.2580791  7.6762323  0.0  0.0  0.0  1.0
2318808360309;2.1234453820707166;3.364304738812333;0.46461955  -0.84297615  -0.27114552  2.6869726  0.87076133  0.49058875  -0.033125866  -1.3711796  0.16094524  -0.22071217  0.961968  3.526254  0.0  0.0  0.0  1.0
2318808360340;2.3866042493559383;4.057725368180932;0.18763116  0.33750007  0.922436  11.3012085  0.54899585  0.7426988  -0.38340843  -0.7875576  -0.8144926  0.5783528  -0.045932647  8.186203  0.0  0.0  0.0  1.0
2318808360371;4.044074629937958;3.316831816227915;0.54545987  -0.74565107  -0.3827244  4.553919  0.5226112  0.65958023  -0.5402145  -4.905733  0.65524876  0.09464933  0.7494602  9.965605  0.0  0.0  0.0  1.0
2318808360402;4.2662430875772905;2.135661518899139;0.8825197  -0.2676245  0.38669896  -2.82124  0.45949787  0.6657456  -0.5879155  8.546193  -0.100102484  0.6965343  0.7105062  -0.03264931  0.0  0.0  0.0  1.0
2318808360433;3.0557917853126377;3.9394202434293932;0.79662853  0.55853707  0.23112665  -0.5248165  -0.58960867  0.63373494  0.50074124  13.157125  0.13320956  -0.535179  0.8341695  -1.8417546  0.0  0.0  0.0  1.0
2318808360464;1.0653308809730693;1.5567617998796137;0.7376145  -0.67267275  -0.058618184  0.6909175  0.65152025  0.6862363  0.3234208  -4.8637834  -0.17733046  -0.27675086  0.9444378  2.8491898  0.0  0.0  0.0  1.0
2318808360495;1.7172042102086578;2.6655949844479983;0.035893988  0.50748557  -0.8609122  6.3195386  -0.74462354  0.5881359  0.31564534  12.0241375  0.6665189  0.6297258  0.39899626  -13.542659  0.0  0.0  0.0  1.0
2318808360526;3.6807220373796983;1.7163361449842418;0.8995126  -0.031549867  -0.4357541  -0.71323323  0.120227225  0.97675633  0.17746116  -1.6550071  0.4200268  -0.21201807  0.88239795  6.054296  0.0  0.0  0.0  1.0
2318808360557;2.560279020018075;0.445363683317823;0.8581944  0.51050043  -0.053772222  -0.82257724  -0.3637138  0.6786445  0.6380861  -3.68029  0.36223567  -0.5280441  0.7680851  -0.63241464  0.0  0.0  0.0  1.0
2318808360588;3.9226564362176193;2.14689601604301;0.4141061  -0.80740386  0.42025593  22.04758  0.85057145  0.5076504  0.13718303  -0.4041481  -0.32410514  0.30064946  0.896976  2.1111326  0.0  0.0  0.0  1.0
2318808360619;3.5577362196516864;1.7707770797258846;0.60086447  -0.7858948  0.14605172  19.026123  -0.03513427  0.15657073  0.9870415  11.828681  -0.7985782  -0.5982096  0.06646593  10.378607  0.0  0.0  0.0  1.0
2318808360650;2.026557361496415;2.4058159228306484;0.32885173  -0.6944202  0.64002925  14.771786  0.90717053  0.42065135  -0.009711653  0.70966434  -0.2624852  0.5838094  0.7682892  -5.803169  0.0  0.0  0.0  1.0
2318808360681;3.2402694513344694;4.966715479162526;-0.5106212  0.24152774  0.8251851  7.900219  -0.8044198  0.20468977  -0.5576836  17.595276  -0.30360278  -0.94856024  0.08977069  3.8861728  0.0  0.0  0.0  1.0
2318808360712;4.183482302346372;5.172245161989251;0.44134724  0.87294805  -0.20778388  -10.36545  -0.8642176  0.475834  0.16343129  4.4809647  0.24153772  0.10744053  0.9644252  7.4228816  0.0  0.0  0.0  1.0
2318808360743;4.6928323050556155;2.714773496105607;0.8174178  -0.4437528  -0.36730328  1.1693716  0.11560716  0.75102985  -0.6500686  1.1440845  0.5643255  0.48891488  0.66520625  6.3071547  0.0  0.0  0.0  1.0
2318808360774;2.6368253275423768;1.765794263426123;0.6430323  -0.76528776  0.02905495  3.7120447  0.17207772  0.107411504  -0.9792099  5.0013103  0.7462566  0.63466334  0.20075801  -3.3656292  0.0  0.0  0.0  1.0
2318808360805;3.822501238380734;1.5245814472602532;0.7739219  0.1817352  0.6066445  -7.514695  -0.37213856  0.90560377  0.20345688  2.0987034  -0.5124044  -0.38321552  0.768497  -2.9738338  0.0  0.0  0.0  1.0
2318808360836;3.8885550361159975;6.148662033757891;0.32967457  -0.55475837  0.76390934  12.676599  0.94263935  0.14851347  -0.29895592  9.104846  0.052397385  0.81864935  0.5718985  -0.8419037  0.0  0.0  0.0  1.0
2318808360867;3.4260014484993295;2.8231424339930804;0.89950466  -0.08016225  0.42949393  0.21493673  -0.09811613  0.92085433  0.3773597  2.8863235  -0.4257514  -0.3815772  0.8204477  -1.000122  0.0  0.0  0.0  1.0
2318808360898;3.99662055613861;2.1280364127887923;0.70544046  -0.6998176  -0.11228941  16.554588  0.593316  0.6697381  -0.44657257  -6.113681  0.38772383  0.24840733  0.8876733  -4.9938784  0.0  0.0  0.0  1.0
2318808360929;3.423510523147215;2.9476980504621557;0.7430096  -0.64871836  -0.16462447  10.718487  0.50417835  0.70428944  -0.4997805  -11.028734  0.44016016  0.2883416  0.8503633  4.1504374  0.0  0.0  0.0  1.0
2318808360960;3.2303591939848126;0.7555113592370329;0.4671644  -0.8809421  -0.07548625  4.8088064  0.79750407  0.45669764  -0.39422673  1.2770052  0.38176534  0.123968124  0.9159078  -6.928865  0.0  0.0  0.0  1.0
2318808360991;1.4400202981915988;1.6073856928976662;0.9147751  -0.38755623  0.113959566  3.091713  0.045448344  0.3790503  0.9242595  2.090255  -0.40139887  -0.8403102  0.36435944  3.8058014  0.0  0.0  0.0  1.0
2318808361022;4.853359975936401;3.7165358913278443;0.5763955  -0.4688583  -0.6692833  -1.4410362  0.65349126  0.7562125  0.03303961  1.3466167  0.49062964  -0.4564148  0.74227226  12.581542  0.0  0.0  0.0  1.0
2318808361053;1.3356595994763014;2.199231407934298;-0.0002593547  0.92427653  -0.38172334  -0.17099571  0.26987574  0.36762428  0.8899547  -2.0023885  0.9628952  -0.10278699  -0.24953528  -6.344856  0.0  0.0  0.0  1.0
2318808361084;4.199949712177371;1.108438356619031;0.4829314  0.87536204  0.022776807  -1.7934971  -0.8714943  0.47793895  0.109872326  -1.7345943  0.08529209  -0.07291061  0.99368477  2.641212  0.0  0.0  0.0  1.0
2318808361115;2.9319105454862306;1.8004770620584094;0.8362361  0.5299404  0.14097084  -6.2815933  0.057889696  -0.3409478  0.93829817  19.611563  0.54530555  -0.7764777  -0.31579095  0.5737614  0.0  0.0  0.0  1.0
2318808361146;2.1018359827685917;3.699943259256928;-0.048888247  -0.7887833  0.612724  15.235338  0.9417442  0.1679745  0.29138035  0.21004438  -0.332758  0.5912743  0.73462003  -1.8892171  0.0  0.0  0.0  1.0
2318808361177;2.9797821204083887;2.607773352760696;-0.3694257  -0.33077875  0.868395  16.811268  0.28395602  0.8496204  0.44442573  -0.9351206  -0.88481265  0.41076833  -0.21994501  12.9122505  0.0  0.0  0.0  1.0
2318808361208;2.047594508282059;4.674301908571677;0.37304947  -0.45603997  0.8079985  4.2865896  -0.5911421  0.5543938  0.58583146  11.217849  -0.71511203  -0.696186  -0.062768154  24.904972  0.0  0.0  0.0  1.0
2318808361239;2.8811770696532393;4.3687701472219125;0.841404  -0.024258418  0.5398619  5.0739403  -0.42879486  0.5780306  0.6942733  3.210135  -0.32889867  -0.81565434  0.47595537  16.351177  0.0  0.0  0.0  1.0
2318808361270;2.4139519301703216;3.8067792774522813;0.7276983  -0.40979308  -0.55002207  0.00028145313  0.04515244  0.8287834  -0.5577449  1.9364454  0.6844093  0.38103524  0.62160724  2.2927275  0.0  0.0  0.0  1.0
2318808361301;3.633939948710988;2.6029493579654623;0.9029424  0.31793326  -0.28915966  -0.84442043  -0.37296125  0.9140053  -0.15966912  -4.852516  0.21352935  0.25201735  0.9438709  -8.497991  0.0  0.0  0.0  1.0
2318808361332;6.355512347551134;2.4325589506211887;0.9913501  0.10738561  -0.07545234  0.7638068  -0.026475042  0.72671473  0.686429  5.3695235  0.12854493  -0.67849386  0.723272  7.686843  0.0  0.0  0.0  1.0
2318808361363;3.0049062450558113;4.758529660725131;0.95117825  -0.2929729  0.097090386  5.1966085  -0.08896271  0.040973507  0.99519163  -6.7710342  -0.29554233  -0.9552424  0.012909558  10.216117  0.0  0.0  0.0  1.0
2318808361394;4.888364505047668;7.841944833875836;-0.63405496  0.6710179  -0.38432944  -3.1226602  0.7708555  0.5090783  -0.38291112  16.003716  -0.061286107  -0.539049  -0.84004176  5.2786913  0.0  0.0  0.0  1.0
2318808361425;1.9513800093892786;1.4286871801802772;0.87404674  0.2028692  -0.44145945  3.1804519  0.2651596  0.56219584  0.78334296  -8.304027  0.40710285  -0.8017355  0.43759274  -1.207958  0.0  0.0  0.0  1.0
2318808361456;2.9799420916800283;1.5987992743468569;0.9746085  -0.11852682  0.1899731  0.09926987  0.22346476  0.4610171  -0.8587938  0.492903  0.014209226  0.8794399  0.4757979  -0.39323354  0.0  0.0  0.0  1.0
2318808361487;3.3327799764990607;2.553257313049201;0.993635  0.09942313  0.052958407  5.141579  -0.10080807  0.99461275  0.024149008  6.2597303  -0.050272167  -0.029333966  0.99830467  2.1561549  0.0  0.0  0.0  1.0
2318808361518;4.4213036334582645;5.312464014510821;0.25530803  0.95770305  0.13274936  1.6977363  -0.14386606  0.17340048  -0.9742867  22.792345  -0.95609635  0.22964513  0.18205154  0.42310333  0.0  0.0  0.0  1.0
2318808361549;2.6879622013693756;3.6332858445459038;0.95966685  0.27871853  -0.0368147  5.0886903  -0.14347374  0.37291673  -0.91670525  4.327668  -0.241774  0.8850137  0.3978647  -0.3789091  0.0  0.0  0.0  1.0
2318808361580;1.329810775815828;0.6904697389065408;0.42042205  -0.851858  -0.31238383  5.6338854  0.5237816  0.5089911  -0.6830672  0.3595109  0.74087685  0.123555526  0.66017854  -5.160143  0.0  0.0  0.0  1.0
2318808361611;3.0580385862811856;2.065656672160039;0.87084  -0.490861  0.026330257  9.543686  0.09224553  0.21579629  0.97207135  2.5953755  -0.4828338  -0.8440896  0.23320377  14.84826  0.0  0.0  0.0  1.0
2318808361642;5.3800009482235644;1.12904329251109;0.9382198  0.025199981  -0.34512123  -4.674533  -0.0810963  0.98558205  -0.14849688  -0.21511722  0.33640316  0.16731074  0.9267362  5.8284664  0.0  0.0  0.0  1.0
2318808361673;3.504208192072817;4.1849997642556085;0.7172805  0.2932778  -0.6320576  -1.8505974  -0.5849072  0.74640244  -0.3174385  -1.4164102  0.37867153  0.59738743  0.7069202  8.508484  0.0  0.0  0.0  1.0
2318808361704;2.519718137010217;4.807409649447867;-0.07966327  -0.28783348  0.9543614  6.154621  0.4323955  0.8526639  0.29325506  -4.627494  -0.89815813  0.43602312  0.056531884  9.584673  0.0  0.0  0.0  1.0
2318808361735;5.251465982301738;5.217296144019591;0.78843325  0.021267083  0.6147526  -0.8434653  -0.38251024  0.7996223  0.462915  -3.9343586  -0.481725  -0.60012686  0.6385836  11.106135  0.0  0.0  0.0  1.0
2318808361766;5.291135375928377;1.5386895470400488;0.9802257  -0.10168065  0.16976151  -7.0985465  0.070329696  0.98088735  0.18142116  6.232946  -0.18496396  -0.16589439  0.968642  3.2880208  0.0  0.0  0.0  1.0
2318808361797;3.384830345230238;5.267938478157102;0.5639847  -0.33772513  0.7535669  -0.3011856  0.79173386  0.48049062  -0.3772087  9.024097  -0.23468898  0.80936444  0.53837776  -4.544917  0.0  0.0  0.0  1.0
2318808361828;1.4149627962549474;0.5176240479259707;0.673581  0.52241707  -0.522847  1.3051534  -0.16204625  0.7945683  0.58515143  -0.5899175  0.72113067  -0.30942145  0.61986184  -2.9779656  0.0  0.0  0.0  1.0
2318808361859;2.242344127922003;1.1085139262783452;0.5042697  0.49420637  0.70814717  3.2877398  0.5808202  0.41273218  -0.7016411  -2.2964633  -0.6390303  0.7651225  -0.07891678  3.2746565  0.0  0.0  0.0  1.0
2318808361890;3.1043376176245805;2.2357697623008352;0.8653457  -0.45536152  -0.20933829  8.001687  0.41678095  0.4218722  0.8051817  -6.064383  -0.27833468  -0.7840088  0.55485123  -2.2583334  0.0  0.0  0.0  1.0
2318808361921;2.582712583147148;0.35492786312262653;0.66456354  0.7115924  0.22801608  -9.463386  -0.62988037  0.36931083  0.68327165  11.61039  0.4020021  -0.59770036  0.6936487  6.95863  0.0  0.0  0.0  1.0
2318808361952;1.429597864979908;0.19819027558755228;0.73161113  0.6316845  -0.2563592  -2.620697  -0.493389  0.75013065  0.44030797  3.1618128  0.4704386  -0.19564933  0.86047006  -3.3181505  0.0  0.0  0.0  1.0
2318808361983;3.430782124719056;5.442472222128742;0.78687143  -0.37138852  -0.49285284  -0.7950418  -0.017680222  0.784743  -0.61956936  2.382604  0.61686367  0.4962352  0.6109255  7.709256  0.0  0.0  0.0  1.0
2318808362014;3.6985124006147214;3.9776693061109722;0.9631114  -0.2413116  0.11910047  -4.1682587  0.24931452  0.96671945  -0.057405494  1.4608126  -0.101284154  0.08498133  0.99122125  -2.1573043  0.0  0.0  0.0  1.0
2318808362045;2.2111434334810025;2.69727731113404;0.4942336  -0.3239947  0.80669725  4.334361  -0.08279732  0.906192  0.41468158  4.080922  -0.8653772  -0.27174196  0.42104444  13.522208  0.0  0.0  0.0  1.0
2318808362076;1.35138127439203;2.020667041545994;0.89204603  -0.053776164  -0.4487338  3.967693  -0.44787544  -0.23812416  -0.8618032  -0.18626428  -0.060509883  0.9697448  -0.23650275  1.1047565  0.0  0.0  0.0  1.0
2318808362107;2.3703459450599085;3.8186808679369038;-0.30131957  -0.20655534  0.93088204  8.003077  0.8750141  0.328023  0.35602126  -2.015751  -0.37888896  0.92181104  0.08189924  6.727266  0.0  0.0  0.0  1.0
2318808362138;3.4849647346435484;2.3343692295846736;0.5561023  -0.7492303  -0.35972795  19.135696  0.3535329  0.6049607  -0.7134683  3.5960226  0.7521733  0.2695857  0.60129756  -2.1727884  0.0  0.0  0.0  1.0
2318808362169;3.48714335094723;4.593672510360196;0.389855  -0.16651122  0.90569735  -1.028384  0.06940411  0.9860322  0.15140593  3.8084927  -0.9182572  0.0038327407  0.39596608  2.2235637  0.0  0.0  0.0  1.0
2318808362200;1.6972551672156184;3.7049697796137644;0.6182283  -0.72548  -0.30244398  7.5410223  0.6982381  0.68360037  -0.21249533  -6.8203936  0.3609118  -0.079807244  0.9291789  0.2665522  0.0  0.0  0.0  1.0
2318808362231;2.3843011935207;4.427310377977024;0.58818626  -0.80767083  -0.041285194  2.3694336  0.7496334  0.5253424  0.40257326  -1.9426785  -0.30345783  -0.26773676  0.9144564  13.291339  0.0  0.0  0.0  1.0
2318808362262;5.232306399155367;1.4068557191045774;0.7189228  -0.6823925  0.13225055  10.986975  0.2592203  0.4397489  0.85989875  -4.227477  -0.64494556  -0.58391887  0.4930356  14.1927595  0.0  0.0  0.0  1.0
2318808362293;3.4552109610591604;5.141533027432164;0.7878789  -0.51672804  -0.33502084  6.546337  0.6133595  0.7071216  0.35180894  5.1920033  0.055110853  -0.48267108  0.8740661  17.872953  0.0  0.0  0.0  1.0
2318808362324;3.901348001708932;3.485504532938197;0.67941195  0.22289796  -0.6990822  7.4395733  -0.43311867  0.89088285  -0.13687964  2.9262118  0.59229  0.39578328  0.70181763  -11.297515  0.0  0.0  0.0  1.0
2318808362355;2.04977221751585;4.210335021334012;0.96073633  0.26459  -0.083533525  1.0869164  -0.25949904  0.9634144  0.067033365  0.54252166  0.09821377  -0.042724542  0.9942478  5.8738008  0.0  0.0  0.0  1.0
2318808362386;3.0729207631497046;0.639163386570839;0.8668227  0.18678734  0.4623084  -5.027257  -0.42942438  0.75086623  0.5017913  -4.684149  -0.25340346  -0.6334905  0.7310788  -0.6152861  0.0  0.0  0.0  1.0
2318808362417;1.4050409535936035;1.476735028458874;-0.05356529  -0.80822635  0.58643055  8.993542  0.92681193  0.17835526  0.33046782  -1.8998904  -0.37168574  0.5612126  0.7395201  -1.887069  0.0  0.0  0.0  1.0
2318808362448;2.5537408364538483;2.662803307649451;0.17014673  -0.94910663  -0.2650413  17.591656  0.97326165  0.119737595  0.19602093  1.9685812  -0.15430932  -0.29130685  0.94410205  2.5234425  0.0  0.0  0.0  1.0
2318808362479;3.2775968567417544;0.8154525576585868;0.6610174  0.73366535  -0.15745115  -2.1945567  -0.7443908  0.6675887  -0.0144086415  11.204151  0.09454153  0.12672953  0.98742175  2.6542208  0.0  0.0  0.0  1.0
2318808362510;1.7896114733317854;2.52910725353795;0.948376  -0.29654425  -0.112448335  8.684654  0.31652296  0.86275727  0.39428788  1.3687963  -0.019908238  -0.4095256  0.9120814  5.597023  0.0  0.0  0.0  1.0
2318808362541;4.507281674743628;2.4919582396351863;0.13888468  -0.86350095  0.48484758  12.008216  0.9806119  0.18826039  0.054390423  -5.929137  -0.13824373  0.46789336  0.87290585  -4.146468  0.0  0.0  0.0  1.0
2318808362572;1.6524012560965744;1.884617016686021;0.74264365  -0.42173576  -0.5202106  3.306233  0.53584015  0.8401456  0.08384836  -1.4303255  0.40169096  -0.34101924  0.84991205  -0.9329479  0.0  0.0  0.0  1.0
2318808362603;2.7922284303351215;3.7552942464105272;0.76617104  -0.2197812  0.60388595  10.504115  0.61195827  0.53639555  -0.58119416  -6.3550916  -0.19618621  0.81484723  0.5454679  10.730976  0.0  0.0  0.0  1.0
2318808362634;4.154034979657225;6.852101987255348;0.8548929  0.376726  0.35670108  -1.9564595  -0.44847602  0.8822744  0.1430423  9.958536  -0.2608204  -0.2822577  0.9232027  9.522723  0.0  0.0  0.0  1.0
2318808362665;2.2058351322628655;5.199536772090948;0.6473794  -0.546954  0.5307929  12.525163  -0.14691179  0.59381515  0.7910756  3.926546  -0.74787486  -0.5901057  0.30406985  17.500195  0.0  0.0  0.0  1.0
2318808362696;1.9478287065829136;0.9885951705826722;0.85801655  -0.11746765  0.500009  -0.7218858  0.06502955  0.99050677  0.121109925  -2.3980527  -0.5094888  -0.071398996  0.8575099  0.13952065  0.0  0.0  0.0  1.0
2318808362727;4.3430344902627;2.8832653431730413;0.99791175  0.06091481  -0.02148249  9.586008  -0.046102166  0.9046544  0.42364505  -8.316092  0.045240454  -0.42176998  0.9055735  -3.4583902  0.0  0.0  0.0  1.0
2318808362758;1.6605101549061114;0.792864297086165;0.43779242  -0.8788123  -0.18980666  2.1344206  0.8797723  0.46224925  -0.11102246  -3.7950883  0.18530601  -0.1183819  0.9755242  0.3869096  0.0  0.0  0.0  1.0
2318808362789;3.2529369529640206;1.2842152592374203;0.6291311  -0.3818859  -0.6770209  -4.84608  0.40318242  0.9049859  -0.13581064  -0.19277334  0.6645586  -0.18752024  0.7233245  4.452351  0.0  0.0  0.0  1.0
2318808362820;2.400344764826293;4.810874732364476;0.617597  -0.3289062  0.7144191  4.1980085  0.50278896  0.86361474  -0.03705484  5.25253  -0.60479534  0.38208702  0.69873595  0.13564348  0.0  0.0  0.0  1.0
2318808362851;2.213741788563696;2.9522012324407605;0.06356171  0.32234648  -0.94448555  9.266697  0.42027098  0.8497419  0.31829444  -7.5020757  0.9051699  -0.41717094  -0.0814619  -1.0622807  0.0  0.0  0.0  1.0
2318808362882;2.8118491113323465;4.645312233654242;0.9381143  0.037569072  -0.34428176  -3.8448324  -0.24561015  0.77302945  -0.58489406  10.744957  0.24416602  0.6332567  0.7344172  -4.057648  0.0  0.0  0.0  1.0
2318808362913;3.693761787700806;1.8745456193942267;0.6548609  -0.4225607  0.6265778  2.9876757  0.74036604  0.5251269  -0.41964284  -6.892356  -0.15170825  0.73870456  0.6567346  5.8559027  0.0  0.0  0.0  1.0
2318808362944;2.216755272952035;3.310338478761451;0.7904271  -0.46648115  0.39701462  0.7110691  -0.22597378  0.38035807  0.8968072  0.83250785  -0.5693515  -0.79857564  0.1952327  15.911671  0.0  0.0  0.0  1.0
2318808362975;4.0877051608656085;3.3328343915938388;0.7194079  -0.62707704  0.2987083  10.87244  0.51884663  0.7710711  0.36911765  -3.2456608  -0.46179035  -0.11056234  0.8800713  0.20029736  0.0  0.0  0.0  1.0
2318808363006;1.8159881834797982;1.6542743445301822;0.8947838  -0.32970488  -0.30109277  2.5517173  -0.03361284  0.6226866  -0.78174925  0.7173114  0.44523284  0.7096171  0.54608744  -4.798723  0.0  0.0  0.0  1.0
2318808363037;2.514235334584633;5.560484478188755;0.171681  0.9598241  -0.22195365  1.7117248  -0.8796184  0.25080147  0.4041907  5.1218195  0.4436183  0.12584256  0.8873368  5.411888  0.0  0.0  0.0  1.0
2318808363068;1.8909816795339536;4.36433050305742;0.8789208  -0.47198537  0.06876293  3.246045  0.17064604  0.17654437  -0.96938753  -0.16888839  0.4453969  0.8637489  0.23571093  7.28646  0.0  0.0  0.0  1.0
2318808363099;3.0749693121327226;4.049740535727637;0.19925427  0.121457845  0.9723917  2.7465694  -0.091121934  0.9902867  -0.10502107  -3.1711922  -0.975702  -0.06768042  0.20838615  19.320126  0.0  0.0  0.0  1.0
