# registration_from_features.py RANSAC RANSAC_config.json l2 True --use_random_keypoints=True --n_keypoints=5000 --input_txt=/neural_comparison/point_clouds_registration_benchmark//eth/gazebo_winter_global.txt --input_pcd_dir=/neural_comparison/point_clouds_registration_benchmark//eth/gazebo_winter/ --input_features_dir=/neural_comparison/experiments/FCGF/3dmatch_normalized_5cm_32/eth/gazebo_winter/ --output_dir=/root/neural_registration_comparison/results/FCGF/3dmatch_normalized_5cm_32/RANSAC
id;initial_error;final_error;transformation
38591597440030;3.9584549028563556;3.7816492207049133;0.3164151681021991  0.4769585553341976  0.8199951084539302  14.898342086319381  -0.17605141708498348  -0.8198659365035491  0.544817166307678  3.0645678864800217  0.9321412660842923  -0.31674971610827707  -0.17544878856264556  -5.869934762393775  0.0  0.0  0.0  1.0
38591597440061;2.893302858668122;2.893302858668122;1.0  0.0  0.0  0.0  0.0  1.0  0.0  0.0  0.0  0.0  1.0  0.0  0.0  0.0  0.0  1.0
38591597440092;2.596560926939177;5.016864190888883;0.8301823097309229  0.16981102556979133  -0.5310005162000944  2.5652174146104505  -0.36600223141715804  0.8844826083552467  -0.28936634585722154  6.401769446915816  0.42052312565124395  0.4345741951750423  0.7964330289989694  5.5748732393226605  0.0  0.0  0.0  1.0
38591597440123;2.5491129024057546;2.5491129024057546;1.0  0.0  0.0  0.0  0.0  1.0  0.0  0.0  0.0  0.0  1.0  0.0  0.0  0.0  0.0  1.0
38591597440154;2.8903184466470044;2.8903184466470044;1.0  0.0  0.0  0.0  0.0  1.0  0.0  0.0  0.0  0.0  1.0  0.0  0.0  0.0  0.0  1.0
38591597440185;5.076548343189817;0.08180486054983106;0.5116525692140776  0.24073109434876117  0.8247788725654184  6.852094442270554  -0.26378273197042224  0.9575986593452415  -0.11585973387858844  2.0106137389445244  -0.8176981831524729  -0.15828249376935166  0.5534585200674946  -1.9171370366593075  0.0  0.0  0.0  1.0
38591597440216;1.6762692747156474;1.6762692747156474;1.0  0.0  0.0  0.0  0.0  1.0  0.0  0.0  0.0  0.0  1.0  0.0  0.0  0.0  0.0  1.0
38591597440247;4.93981129019194;3.8390520732109583;-0.30911728304193664  -0.29415377392116665  -0.9043893313240196  11.606183410686008  0.5434196599032349  -0.8350582755312556  0.08586471741884927  -12.6952084793849  -0.78047522609973  -0.46492067469053444  0.4179798890973997  -7.92877158071599  0.0  0.0  0.0  1.0
38591597440278;3.836455877765292;3.592731809284235;-0.28577117623402226  -0.7513073429494574  -0.5948715081965612  -5.592106730395869  0.912911237146534  -0.4022102099782736  0.06942636445054293  -1.3707529437334784  -0.29142393162780883  -0.5232248306602632  0.8008170007280878  6.6732031341173785  0.0  0.0  0.0  1.0
38591597440309;3.8455601514228666;3.8455601514228666;1.0  0.0  0.0  0.0  0.0  1.0  0.0  0.0  0.0  0.0  1.0  0.0  0.0  0.0  0.0  1.0
38591597440340;3.1249643016133017;3.1249643016133017;1.0  0.0  0.0  0.0  0.0  1.0  0.0  0.0  0.0  0.0  1.0  0.0  0.0  0.0  0.0  1.0
38591597440371;1.9082676334258446;1.9082676334258446;1.0  0.0  0.0  0.0  0.0  1.0  0.0  0.0  0.0  0.0  1.0  0.0  0.0  0.0  0.0  1.0
38591597440402;1.653095540299216;6.055688241688558;0.7312945143339656  -0.5750929570320019  0.3667102726639073  -0.8103055930029129  0.08802024008140455  -0.4535808680423619  -0.8868578428823577  1.133874444395874  0.6763584631251842  0.6808322017341165  -0.28108138045913583  5.755149906775513  0.0  0.0  0.0  1.0
38591597440433;5.513897604577699;5.513897604577699;1.0  0.0  0.0  0.0  0.0  1.0  0.0  0.0  0.0  0.0  1.0  0.0  0.0  0.0  0.0  1.0
38591597440464;2.6229936829188185;5.039346711740407;-0.8701548721526973  -0.2867454930395446  0.40075868136627274  -1.980200634630924  -0.42838525580508036  0.8421200689555716  -0.3275971032702837  -0.14244066620333706  -0.24354993549114512  -0.4567393257469446  -0.8556124223259541  9.492477637270959  0.0  0.0  0.0  1.0
38591597440495;7.040304842930483;7.040304842930483;1.0  0.0  0.0  0.0  0.0  1.0  0.0  0.0  0.0  0.0  1.0  0.0  0.0  0.0  0.0  1.0
38591597440526;4.4907205692444;3.4063062806448343;-0.14883219086156027  -0.8984524978841079  0.4130763706739403  -6.59184959311523  -0.9589673651996327  0.23307416200752767  0.16142499027896123  7.2126690701029  -0.24131011467699015  -0.37210152384839157  -0.8962755628177548  7.6506092508038535  0.0  0.0  0.0  1.0
38591597440557;2.48450718425269;3.754416514896381;-0.9791167435239625  -0.1352335882047997  0.15179683518534093  -9.332530494475272  -0.07468403290789008  -0.4551965084923624  -0.8872533087483953  3.938015559807231  0.18908383796518446  -0.8800613701768856  0.4355907333067802  -3.4015901547667218  0.0  0.0  0.0  1.0
38591597440588;2.328820346378117;2.328820346378117;1.0  0.0  0.0  0.0  0.0  1.0  0.0  0.0  0.0  0.0  1.0  0.0  0.0  0.0  0.0  1.0
38591597440619;6.320591373756098;1.947969611300194;-0.9729936635305387  -0.190112433616893  -0.1309220887157122  10.990574513638313  -0.10099078270897302  -0.15941298169224982  0.9820327708767242  9.603329875301268  -0.20756732049446366  0.9687335876556822  0.13590821759739088  0.9590003405913672  0.0  0.0  0.0  1.0
38591597440650;2.279414240855783;2.279414240855783;1.0  0.0  0.0  0.0  0.0  1.0  0.0  0.0  0.0  0.0  1.0  0.0  0.0  0.0  0.0  1.0
38591597440681;2.179632741963947;2.179632741963947;1.0  0.0  0.0  0.0  0.0  1.0  0.0  0.0  0.0  0.0  1.0  0.0  0.0  0.0  0.0  1.0
38591597440712;3.8212360075464504;5.106736988289216;-0.31819722540588374  -0.820823087220245  -0.4743416334565448  11.926380201201598  -0.6971876191529021  0.5416540542841868  -0.4696171942948967  -5.567770479501911  0.642401704110368  0.1812742258671351  -0.7446205111278936  -10.439357435239806  0.0  0.0  0.0  1.0
38591597440743;5.199898909440479;4.973667168661824;0.1831927899541587  -0.7489723150838427  -0.6367738004556724  7.260858092061258  -0.1768064614094665  -0.6622748282708222  0.7281013164681929  -1.841778151974596  -0.9670469879549153  -0.020797189156279094  -0.2537471182309735  12.705517150717943  0.0  0.0  0.0  1.0
38591597440774;4.068195372446665;4.068195372446665;1.0  0.0  0.0  0.0  0.0  1.0  2.7755575615628914e-17  0.0  -6.938893903907228e-18  0.0  1.0  0.0  0.0  0.0  0.0  1.0
38591597440805;6.856595695350732;6.856595695350732;1.0  0.0  0.0  0.0  0.0  1.0  0.0  0.0  0.0  0.0  1.0  0.0  0.0  0.0  0.0  1.0
38591597440836;1.767433218515084;1.978089099327699;-0.6525379515510403  -0.7319335020059803  -0.19613151308964227  7.423776786903884  0.3825511261505237  -0.09477976310081893  -0.9190600809454825  -0.357878035300613  0.6541015652530858  -0.6747519137785477  0.34184937792198583  2.930153003958742  0.0  0.0  0.0  1.0
38591597440867;2.621604289268463;3.745676573744591;0.1433930889334487  0.17841411157239276  -0.9734509884107972  2.2131785485943816  0.7411632919153884  0.6324631487380651  0.22509406968082793  -7.854564767426493  0.6558318357347938  -0.7537630730409696  -0.04154314572302731  -5.478892282765667  0.0  0.0  0.0  1.0
38591597440898;2.670728938211616;4.626007579505614;0.5632487802974344  -0.822672186695911  0.07720935649531246  1.9994113167511598  0.7939802524967593  0.5647314688305889  0.22510825564076334  -12.141057045798252  -0.22879285421235124  -0.06548924605928233  0.971269781529289  -3.8762621347476527  0.0  0.0  0.0  1.0
38591597440929;1.8420211736250836;0.12096059893601988;-0.6237703551902523  0.6822994465475932  0.38128468265414867  3.9360794952147544  -0.38855724024409183  -0.6939649396631786  0.6061649392468828  -2.073503104504374  0.6781842043572839  0.22995679541846548  0.697987146873887  -0.28593004458902005  0.0  0.0  0.0  1.0
38591597440960;4.0321706019458725;4.0321706019458725;1.0  0.0  0.0  0.0  0.0  1.0  0.0  0.0  0.0  0.0  1.0  0.0  0.0  0.0  0.0  1.0
38591597440991;5.87031157311765;5.87031157311765;1.0  0.0  0.0  0.0  0.0  1.0  1.734723475976807e-18  0.0  -1.0408340855860843e-17  1.734723475976807e-17  1.0  0.0  0.0  0.0  0.0  1.0
38591597441022;4.407785844403787;4.407785844403787;1.0  0.0  0.0  0.0  0.0  1.0  0.0  0.0  0.0  0.0  1.0  0.0  0.0  0.0  0.0  1.0
38591597441053;5.317946691794153;6.1196713184667955;0.6984442461284  -0.7144835880508277  -0.04109546758641136  1.3677241303961751  0.05435219571238492  0.11021382497183647  -0.9924206525492707  12.576901436294506  0.7135975573608512  0.6909168656148816  0.11581196370640734  3.8245495627291035  0.0  0.0  0.0  1.0
38591597441084;5.062681624331849;5.062681624331849;1.0  0.0  0.0  0.0  0.0  1.0  0.0  0.0  0.0  0.0  1.0  0.0  0.0  0.0  0.0  1.0
38591597441115;4.0304954775959185;1.3192051033741632;-0.3876630575133606  -0.21533582868183465  0.8962967336352954  9.252496118199216  -0.0313687579262894  -0.9686870986134164  -0.24629516033832694  -1.4847421301974146  0.9212672548536356  -0.12359525017502895  0.36876938493944583  0.48788031146332633  0.0  0.0  0.0  1.0
38591597441146;3.50878041807317;3.681031201926605;0.6342304759779582  -0.5330434290562701  -0.5600146480947665  5.926816330355544  -0.5515502637176913  -0.8195345640562143  0.15542009171962112  -0.16157093167524517  -0.5417970191259058  0.21030406809456545  -0.8137740405107299  6.878669502680243  0.0  0.0  0.0  1.0
38591597441177;1.8734213949510077;1.8734213949510077;1.0  0.0  0.0  0.0  0.0  1.0  0.0  0.0  0.0  0.0  1.0  0.0  0.0  0.0  0.0  1.0
38591597441208;4.856694250338816;3.1806021508112345;0.7827184858222185  -0.3915618704981913  0.4837675821343674  2.0691785857492206  0.4331190125327259  0.9008889130258757  0.028409283161199644  -0.7892340411478953  -0.4469448432802985  0.18729246637015246  0.8747352965932813  7.37737176356237  0.0  0.0  0.0  1.0
38591597441239;3.562972413096303;3.562972413096303;1.0  1.3877787807814457e-17  -1.9081958235744878e-17  1.1102230246251565e-16  -6.938893903907228e-18  1.0  -3.577867169202165e-18  0.0  -3.469446951953614e-18  -3.957337929572091e-18  1.0  0.0  0.0  0.0  0.0  1.0
38591597441270;3.8856885051039876;4.7213318217885325;-0.18583814803199183  0.13307094986726178  0.9735277628488381  0.8215807064359621  -0.9751907470732603  0.0963054113508712  -0.19931952881550924  -1.698931692486278  -0.12027963068922612  -0.9864164384508018  0.11187233972389792  -6.9078360537652586  0.0  0.0  0.0  1.0
38591597441301;5.885271651627378;5.620887010143051;-0.14436551780269213  -0.7907249797855884  0.5949055417565396  8.58426225812596  0.9031587871943886  -0.35093615026722935  -0.24728126404800108  5.025222962161852  0.40430533311239064  0.5015952798608634  0.7648132927964716  0.6218955610563919  0.0  0.0  0.0  1.0
38591597441332;4.848688954378692;2.0864102602027423;-0.791685945086688  -0.1196399847403907  -0.5990990222021036  7.88366020628202  0.5973679642171347  0.053868860775420496  -0.8001560230141583  3.8795359287812  0.12800343620104124  -0.9913548405541166  0.028821874169604175  -4.932081523512548  0.0  0.0  0.0  1.0
38591597441363;1.9312590227021411;4.018949215821547;0.4053184256257412  0.6515056213473576  0.6412935359108688  8.298959939401833  -0.8138475584449308  -0.06235230758158512  0.5777234125015853  -3.011663581392021  0.41637618262995785  -0.7560771224498498  0.5049537201035943  -7.007679362276846  0.0  0.0  0.0  1.0
38591597441394;1.946076302141685;5.045019493927486;0.14739686449956532  -0.9290713956874282  -0.3392646548803924  5.476602092135542  0.824790726369451  -0.07385665787952977  0.5605938385157481  -13.098511407802391  -0.5458886535097159  -0.3624521151852766  0.7554032315042531  -1.5047067346506218  0.0  0.0  0.0  1.0
38591597441425;2.927510512380139;2.1992476484160055;-0.0848224975000672  0.6134374898058371  0.7851748786216772  4.605523114147898  -0.30932066438316674  0.7328698783872049  -0.6059888348297191  3.0231209613761045  -0.9471672874964632  -0.29427230153964223  0.12758503847691038  3.283804388177339  0.0  0.0  0.0  1.0
38591597441456;2.426629832247053;2.426629832247053;1.0  -6.938893903907228e-18  5.637851296924623e-18  0.0  -1.3877787807814457e-17  1.0  0.0  0.0  -8.239936510889834e-18  0.0  1.0  0.0  0.0  0.0  0.0  1.0
38591597441487;5.191066102703561;5.069636025307001;0.8977780230648362  0.13420204842660555  0.4195049838796878  5.973293218510092  0.09462334099412528  0.8714435710998717  -0.4812821685122068  3.763769573601973  -0.43016397413184626  0.4717795169216291  0.7696642402842232  13.287906684813855  0.0  0.0  0.0  1.0
38591597441518;4.920812353335283;3.611243870116704;0.11861933314962322  -0.5578054291208977  -0.8214514940313824  2.8884247357930897  -0.5506676297539435  0.6514576683071855  -0.5218889421562212  -9.264090958883486  0.8262533602620403  0.5142528654728302  -0.22988991932807895  7.848978392802396  0.0  0.0  0.0  1.0
38591597441549;4.927630398119143;4.9888938094345425;-0.07468450686236172  -0.37620389458188025  0.9235219835695043  -3.3929982467986237  0.9347091162253689  -0.34911317248641804  -0.06662477648486828  -7.235450537957066  0.3474781899341539  0.8582485785003633  0.37771455495147366  5.1037351494854155  0.0  0.0  0.0  1.0
38591597441580;4.789769207117012;3.9637930350726376;0.486992651580576  -0.8731843294159392  0.019679536807453463  -3.2738427881865713  -0.782353966597952  -0.4461299237113203  -0.43461518854934444  1.921418444422427  0.3882788022220241  0.19625803940671555  -0.9004012181873489  13.479097501175811  0.0  0.0  0.0  1.0
38591597441611;3.8037185845764383;3.8037185845764383;1.0  1.342811919194083e-18  1.0842021724855044e-19  0.0  -2.1265820932003278e-18  1.0  -5.421010862427522e-20  0.0  -1.0842021724855044e-19  -5.421010862427522e-20  1.0  0.0  0.0  0.0  0.0  1.0
38591597441642;2.439160696844833;1.3901823662644641;0.5973042409512085  -0.7706790745204763  -0.22199416172044625  2.3398170016956015  0.6179307639977123  0.26577640719596285  0.7399489659991493  -4.39405971143634  -0.5112623735880675  -0.5791516774337003  0.6349756844784115  0.49673503540271646  0.0  0.0  0.0  1.0
38591597441673;5.598187939653337;2.3754991420967615;-0.06279394901345997  0.948909761143642  -0.3092364551174574  -2.4835433284844863  -0.9832101349507364  -0.005625347753710208  0.18239020256802313  5.532553775997563  0.171332280955603  0.3154974178483337  0.9333309321101407  4.11842753182246  0.0  0.0  0.0  1.0
38591597441704;4.778579004204095;4.778579004204095;1.0  -3.198396408832238e-18  0.0  0.0  4.174178364069192e-18  1.0  5.204170427930421e-18  0.0  0.0  -4.336808689942018e-18  1.0  -5.551115123125783e-17  0.0  0.0  0.0  1.0
38591597441735;4.169490407709132;4.169490407709132;1.0  0.0  0.0  0.0  0.0  1.0  -8.673617379884035e-19  0.0  0.0  1.734723475976807e-18  1.0  0.0  0.0  0.0  0.0  1.0
38591597441766;1.9262032552907409;1.9262032552907409;1.0  0.0  0.0  0.0  0.0  1.0  0.0  0.0  0.0  0.0  1.0  0.0  0.0  0.0  0.0  1.0
38591597441797;2.2135128812075298;2.6445768890334582;0.5625662394083274  -0.7746993605344781  -0.28872153897041153  5.746979500752852  -0.7241459414737671  -0.6302265373061104  0.28004850851632945  1.1099992614393521  -0.39891337621724887  0.051530694373541276  -0.9155395708609959  0.2666470186750258  0.0  0.0  0.0  1.0
38591597441828;5.443305572519713;5.443305572519713;1.0  0.0  0.0  0.0  0.0  1.0  0.0  0.0  0.0  0.0  1.0  0.0  0.0  0.0  0.0  1.0
38591597441859;1.9328163177142916;0.019987236554479468;0.5078609069924387  -0.8605617184251922  -0.03886937007334656  -2.0994827711326263  0.8490651525392415  0.49243570044405766  0.19129936662646474  -1.8848984251323508  -0.14548424619983358  -0.13015609747242557  0.9807618081870926  -3.331952344340587  0.0  0.0  0.0  1.0
38591597441890;4.287804159875307;4.287804159875307;1.0  -6.938893903907228e-18  0.0  0.0  -6.938893903907228e-18  1.0  6.938893903907228e-18  0.0  0.0  -6.938893903907228e-18  1.0  0.0  0.0  0.0  0.0  1.0
38591597441921;4.652169079942416;4.917866148663728;0.02836016968336691  0.9484656344374158  0.31560836659816627  1.0768138810214043  -0.9958176267285063  0.05424041749983424  -0.07352027887766713  -1.0407952167560448  -0.08685018752044757  -0.31220332701730646  0.9460370645630052  3.530542238718974  0.0  0.0  0.0  1.0
38591597441952;1.783388299920841;2.4469972562616613;-0.013704903476615737  0.3253323355584905  0.9455004215021567  3.360364913253397  -0.7335907187780263  -0.6458155364720981  0.21158201760545392  -1.2882514382841657  0.6794533338967698  -0.6907106226860235  0.2475116214751362  -5.99386228939747  0.0  0.0  0.0  1.0
38591597441983;5.49349230429743;5.844623516753647;0.5273903975936842  -0.028129807432233422  0.8491572778112436  10.058241020623106  -0.3406285369719017  -0.9226125002736335  0.1809927460955717  7.041230799680008  0.7783518281126842  -0.3847010375248028  -0.4961587884951579  1.4763402100802034  0.0  0.0  0.0  1.0
38591597442014;1.4576110063785062;5.312712232727874;-0.6090291272480555  -0.7537295747003555  0.24693167149131223  4.733780918934936  -0.1424135177556718  -0.20235205831696912  -0.9689024896527727  -2.2330579615406583  0.7802575934420167  -0.6252562456440618  0.015897017304067017  4.57709373133247  0.0  0.0  0.0  1.0
38591597442045;3.4058146160113;2.3356488549785364;0.06832136712263785  0.9207456307964521  0.38413496868123964  4.084884680124433  0.5067362412343538  0.2996432400597466  -0.8083516007939712  -6.214489687447257  -0.8593896512142628  0.24988279663822469  -0.4461031442728096  -6.030452426469601  0.0  0.0  0.0  1.0
38591597442076;1.5195309119701852;1.5195309119701852;1.0  0.0  -1.6506978076091805e-17  0.0  3.469446951953614e-18  1.0  -1.734723475976807e-18  0.0  -1.6506978076091805e-17  5.204170427930421e-18  1.0  0.0  0.0  0.0  0.0  1.0
38591597442107;3.7055155609155883;4.2380185325550634;0.6602128559566879  0.500969718447011  0.5595965743539144  1.81860315757315  -0.6832431243574858  0.7100152537462123  0.17046164514612322  -0.1397348348727494  -0.31192598136053795  -0.4948814814143122  0.8110453140888253  6.238536988689029  0.0  0.0  0.0  1.0
38591597442138;5.646923884727078;2.31763936790869;0.1793504428054462  0.8511670386432382  0.49330324445800067  0.9189160437914881  0.09802842094890635  -0.5144004086665581  0.8519287812076437  -7.74383678090834  0.978889088381188  -0.10443606604510461  -0.1756965018356035  -2.2041734913821704  0.0  0.0  0.0  1.0
38591597442169;1.4800799852740398;2.3138840440130064;0.384606976466638  0.9074050930439654  -0.16939147195495197  1.7818676645095306  0.5569691593630753  -0.37446172200184497  -0.7413256870457161  2.0391584922599026  -0.736113326310277  0.19077320533368183  -0.6494172425760902  3.6027239978596506  0.0  0.0  0.0  1.0
38591597442200;3.2131369785042154;3.7910194692885666;-0.46245386967187085  -0.42322824077662324  -0.7791112081305445  -11.17271962558117  -0.23911624940466025  0.9056941627113553  -0.35005928483790455  -6.194145843539595  0.8537914485962952  0.024411879069453052  -0.5200425198617303  -2.065434297437623  0.0  0.0  0.0  1.0
38591597442231;3.3002375565089763;2.4508271378948456;0.6840134138863779  -0.4697458918300223  0.5580899987746765  -3.534190506220453  -0.7265349515654017  -0.3701476749356585  0.5789107555518247  1.0712662728155413  -0.06536523370539322  -0.8014546124694409  -0.5944727835436174  -4.999841026154469  0.0  0.0  0.0  1.0
38591597442262;3.603766945068243;3.603766945068243;1.0  7.806255641895632e-18  1.3877787807814457e-17  -2.7755575615628914e-17  0.0  1.0  1.3877787807814457e-17  0.0  1.3877787807814457e-17  0.0  1.0  0.0  0.0  0.0  0.0  1.0
38591597442293;2.0154890518338;2.0154890518338;1.0  0.0  0.0  0.0  0.0  1.0  0.0  0.0  0.0  0.0  1.0  0.0  0.0  0.0  0.0  1.0
38591597442324;5.849680243723311;5.849680243723311;1.0  0.0  -7.752045533271357e-18  0.0  0.0  1.0  -8.890457814381136e-18  0.0  -2.0057740190981832e-18  7.806255641895632e-18  1.0  0.0  0.0  0.0  0.0  1.0
38591597442355;5.300655887315837;4.772714138725818;0.7667846581688793  -0.5353832050397997  0.3541272536224053  4.9255059184135686  0.5820555629260193  0.8125226498320592  -0.031910267575883666  1.340691068034187  -0.2706521931625722  0.23059004156988583  0.9346526750965242  5.194675704351436  0.0  0.0  0.0  1.0
38591597442386;1.9258199135952243;3.183880888833941;0.7479849927818217  -0.6636469383460496  -0.009549439621932852  0.4349671024379965  -0.3288224607055118  -0.358035391317903  -0.8738915538551729  1.712502450738585  0.5765364168105518  0.6567978378372991  -0.4860271188971856  2.16299544064955  0.0  0.0  0.0  1.0
38591597442417;4.983836368994222;4.983836368994222;1.0  -1.7364175418713157e-19  0.0  0.0  6.932964673276448e-19  1.0  4.336808689942018e-19  0.0  2.168404344971009e-19  2.168404344971009e-19  1.0  0.0  0.0  0.0  0.0  1.0
38591597442448;3.9670676070792013;3.9670676070792013;1.0  -8.673617379884035e-19  0.0  0.0  -2.6020852139652106e-18  1.0  6.938893903907228e-18  0.0  -2.7755575615628914e-17  6.938893903907228e-18  1.0  0.0  0.0  0.0  0.0  1.0
38591597442479;2.535069451706357;4.828641672350853;0.6525242960191635  -0.40554452045484357  0.6401138063139595  1.4648991802956708  -0.4821896339482047  -0.8738632358038713  -0.062098325446696495  0.09710469617854744  0.5845555576825789  -0.2681355758556452  -0.7657663566277708  8.825690793991502  0.0  0.0  0.0  1.0
38591597442510;2.7117678210954486;2.3104639827899187;0.044780029057834944  -0.687343040716744  0.7249512351709184  -1.0432260078772977  0.5466650436229723  -0.5905284765513713  -0.5936610552012067  2.33980087169523  0.8361531433166254  0.42288965790165256  0.34930253099791647  -5.248727813578771  0.0  0.0  0.0  1.0
38591597442541;1.1504027505085501;2.6244866048439124;-0.21405214823336452  0.8808003593779306  -0.42234157355911617  2.0205504298227908  0.4223445446881415  -0.30640951628120117  -0.8530757843852366  4.912107721846402  -0.8807989347228171  -0.36097636384122056  -0.30641361154348623  0.3983662733004443  0.0  0.0  0.0  1.0
38591597442572;2.4453153833729853;2.4453153833729853;1.0  3.767602549387128e-18  0.0  0.0  -3.2526065174565133e-19  1.0  3.550762114890027e-18  0.0  0.0  1.0842021724855044e-18  1.0  0.0  0.0  0.0  0.0  1.0
38591597442603;2.022769694472952;2.022769694472952;1.0  0.0  -1.3877787807814457e-17  0.0  6.938893903907228e-18  1.0  0.0  -5.551115123125783e-17  0.0  0.0  1.0  0.0  0.0  0.0  0.0  1.0
38591597442634;2.3143065310168365;2.3143065310168365;1.0  0.0  0.0  0.0  0.0  1.0  0.0  0.0  0.0  0.0  1.0  0.0  0.0  0.0  0.0  1.0
38591597442665;1.7442633128967042;1.7442633128967042;1.0  -1.5178830414797062e-17  -1.0408340855860843e-17  0.0  -1.5178830414797062e-17  1.0  -1.3877787807814457e-17  5.551115123125783e-17  6.938893903907228e-18  -1.3877787807814457e-17  1.0  0.0  0.0  0.0  0.0  1.0
38591597442696;4.239524031860057;4.239524031860057;1.0  3.3203691532368573e-19  0.0  0.0  -1.4162390878091902e-18  1.0  -1.734723475976807e-18  0.0  0.0  0.0  1.0  0.0  0.0  0.0  0.0  1.0
38591597442727;3.3606588330920775;3.3606588330920775;1.0  0.0  0.0  0.0  0.0  1.0  0.0  0.0  0.0  0.0  1.0  0.0  0.0  0.0  0.0  1.0
38591597442758;5.505400493338908;5.505400493338908;1.0  0.0  0.0  0.0  -5.551115123125783e-17  1.0  0.0  0.0  6.938893903907228e-18  0.0  1.0  0.0  0.0  0.0  0.0  1.0
38591597442789;2.5679788633882894;2.643661727200863;-0.6504764120525954  -0.3676108542340779  0.6646372673966406  0.5944497786435707  0.0708263130169578  0.8418968483495461  0.5349704011658261  -2.487774900217935  -0.756216946879403  0.3950594342480542  -0.5215975198023868  -5.361608420091426  0.0  0.0  0.0  1.0
38591597442820;4.890369584704633;4.890369584704633;1.0  0.0  0.0  0.0  0.0  1.0  0.0  0.0  -5.551115123125783e-17  2.7755575615628914e-17  1.0  0.0  0.0  0.0  0.0  1.0
38591597442851;3.7198562228278598;2.6515128660417786;0.035559390145730285  0.7781843319331445  -0.6270284485621278  7.5161681053363765  0.8072949238576052  0.3474674488087809  0.47701286977613055  4.855700585735656  0.5890759167426611  -0.5231591703794196  -0.6158685304200167  -0.4243451481103193  0.0  0.0  0.0  1.0
38591597442882;2.8047071756103454;4.780041118485974;-0.4430454631054957  -0.8122102739992472  -0.3795065064418589  6.327556112338607  -0.07445466532432732  0.4551937675073037  -0.887273991974265  5.545552559823436  0.8934020485946286  -0.36484668675016657  -0.26214437765160303  -5.5241162891870905  0.0  0.0  0.0  1.0
38591597442913;2.6498156260201227;2.6498156260201227;1.0  0.0  -6.938893903907228e-18  0.0  0.0  1.0  6.938893903907228e-18  2.7755575615628914e-17  6.938893903907228e-18  6.938893903907228e-18  1.0  0.0  0.0  0.0  0.0  1.0
38591597442944;3.9890625842330967;4.767362280116996;0.2070399296027423  -0.2903626243549638  -0.9342505091932187  6.204681441770985  -0.9020097148560475  0.31311928966462993  -0.297211683392878  2.5898552727209587  0.3788310201863122  0.9042377214082671  -0.19708171230984908  4.618870615714195  0.0  0.0  0.0  1.0
38591597442975;4.829702581700206;4.829702581700206;1.0  1.734723475976807e-18  -1.734723475976807e-18  0.0  1.734723475976807e-18  1.0  -5.014435047745458e-18  5.551115123125783e-17  1.734723475976807e-18  -3.2932640989247197e-18  1.0  0.0  0.0  0.0  0.0  1.0
38591597443006;1.5836086183196916;3.196226978395612;0.975348511564203  0.1692843356529872  -0.1415559772387633  -3.582848449643789  0.019563322897112878  0.5726231706496221  0.8195852492769728  1.1087112762167062  0.21980117694570678  -0.80215055827301  0.5551953930604812  7.2895980411638694  0.0  0.0  0.0  1.0
38591597443037;3.2675087807083063;3.2675087807083063;1.0  1.3877787807814457e-17  0.0  0.0  1.3877787807814457e-17  1.0  0.0  0.0  1.3877787807814457e-17  0.0  1.0  0.0  0.0  0.0  0.0  1.0
38591597443068;3.1958174120499194;3.1958174120499194;1.0  0.0  0.0  0.0  -6.938893903907228e-18  1.0  6.938893903907228e-18  0.0  0.0  0.0  1.0  0.0  0.0  0.0  0.0  1.0
38591597443099;4.778408638902547;4.778408638902547;1.0  1.734723475976807e-18  5.204170427930421e-18  0.0  1.734723475976807e-18  1.0  -4.2825985813177425e-18  0.0  1.734723475976807e-18  -4.2825985813177425e-18  1.0  0.0  0.0  0.0  0.0  1.0
