# registration_from_features.py RANSAC RANSAC_config.json l2 True --use_random_keypoints=True --n_keypoints=5000 --input_txt=/neural_comparison/point_clouds_registration_benchmark//eth/hauptgebaude_global.txt --input_pcd_dir=/neural_comparison/point_clouds_registration_benchmark//eth/hauptgebaude/ --input_features_dir=/neural_comparison/experiments/FCGF/3dmatch_normalized_5cm_32/eth/hauptgebaude/ --output_dir=/root/neural_registration_comparison/results/FCGF/3dmatch_normalized_5cm_32/RANSAC
id;initial_error;final_error;transformation
3394309160030;3.936759879304484;2.691966991303613;0.4238503352321058  -0.23422157223183637  -0.8749235100423791  1.1344803141331943  0.8815296434907023  0.3284958027682912  0.3391105943652759  -10.362118385002903  0.20798168421951513  -0.9150031489917738  0.34570631519304273  2.5820565973132235  0.0  0.0  0.0  1.0
3394309160061;3.7772892530728184;3.2756483227758504;0.5096395609499799  -0.04067474624602013  -0.8594260194644638  8.253114589163358  -0.4360542731757936  -0.8733039103034489  -0.21724859284661718  10.137719249049892  -0.7417035720285035  0.485474865741293  -0.46280661833386894  16.977178389246966  0.0  0.0  0.0  1.0
3394309160092;3.061336083217481;3.756123085849933;-0.04958166525712897  0.008343793765776042  0.9987352199536794  10.671135992316724  -0.8907438791493589  0.4519642580831398  -0.047996366251098134  18.032084138944747  -0.4517930944893718  -0.8919970238296488  -0.014976957326715522  -2.5443000941794525  0.0  0.0  0.0  1.0
3394309160123;1.9832381539954238;1.6956480900178776;0.6543785977757253  -0.253872169406941  -0.7122763314709318  8.837949658938491  -0.557563847128396  0.4743006149968494  -0.6812939769211179  14.457394014838364  0.5107946819892094  0.8429637288841219  0.16882222791243634  -13.879896704030338  0.0  0.0  0.0  1.0
3394309160154;1.9207102010338835;1.723069518238745;-0.5655309675310671  -0.8132979222356113  0.1368254890384602  14.315886324311547  -0.3495485860301229  0.08610468972599905  -0.9329532509250033  4.536129458041706  0.7469876242399989  -0.5754411108831452  -0.33298200722840154  -8.694936234919284  0.0  0.0  0.0  1.0
3394309160185;2.640555800877831;1.7983434867344548;-0.44621280266584623  0.018633786794484908  -0.8947328745088043  25.56649251415392  -0.2617891256801506  -0.9587681613953319  0.11058963048241738  7.24672258590086  -0.8557806894366765  0.2835778458982875  0.43269275115603  14.416427126651604  0.0  0.0  0.0  1.0
3394309160216;2.7201455624554285;3.8634466785794053;-0.5722540817183379  -0.6560597617319363  -0.49204761455872914  24.336605464992182  0.806244040697596  -0.5598165788046252  -0.19124838544441877  0.7133398555336496  -0.14998604200496216  -0.5061531261700539  0.849301595472401  -8.368974926903922  0.0  0.0  0.0  1.0
3394309160247;2.5310221937667676;2.7867289974175593;0.927253066837624  -0.3462886278552838  0.14242870587885603  2.5020525357252517  0.3649837755486299  0.750978770092684  -0.550288770061999  0.7218946444575267  0.08359780874214573  0.562241116504463  0.8227370985225637  -6.8942562426487175  0.0  0.0  0.0  1.0
3394309160278;1.96744994252244;2.732348019628028;-0.7390874372305364  -0.648578097723623  0.1819236413476964  17.559814375073888  -0.3791749126398477  0.6237945780260298  0.6834520539510378  6.109605665116284  -0.5567550141243117  0.43614994620948283  -0.706963279576035  7.001841703264659  0.0  0.0  0.0  1.0
3394309160309;1.4697744642858348;3.0738178711775768;0.200768821532206  0.9683807140792529  0.14809008373259513  5.077478495618548  0.06774871764819668  -0.16453112145536064  0.9840424895956819  -6.465088371633007  0.9772931963119332  -0.18753213770444566  -0.09863927093407948  -16.196343323705026  0.0  0.0  0.0  1.0
3394309160340;3.1108095863624285;3.6713842249029747;-0.9509687118712251  0.06838409855990235  0.30163243211918106  18.112976072148207  -0.24323161519341518  0.4370412220709917  -0.8659291839296659  -0.2406655253128731  -0.19104159340935473  -0.8968381042723621  -0.3989793532412065  1.065121222140844  0.0  0.0  0.0  1.0
3394309160371;4.078910422747308;2.179184890810842;0.8720399650986951  0.48632835091842025  -0.055054830520472886  1.2315795607438105  -0.44967063448796896  0.7516934376969535  -0.48244512247770255  1.392936213633213  -0.1932423860074587  0.4454679683392597  0.8741942973011423  -4.46656910596928  0.0  0.0  0.0  1.0
3394309160402;3.021814741136945;1.3487166093272471;0.5613393143803002  -0.7168412960543978  -0.41356587190205235  6.526686172964576  0.519639295367895  0.6942327525871507  -0.4980119355445467  -3.265907318738408  0.644106494952979  0.06464860018839044  0.7621990433299358  -14.838908959269293  0.0  0.0  0.0  1.0
3394309160433;1.3594709122664788;2.6227579988218355;-0.2355856382936024  0.9667888836429355  0.09908915931746945  21.760353746088985  -0.7810828867546663  -0.1276859350599041  -0.6112330373980741  12.168347009946404  -0.5782810139100134  -0.2213945718673446  0.785223224630348  11.05038674711725  0.0  0.0  0.0  1.0
3394309160464;1.5447184908495197;2.2948806644416515;-0.6986350988637472  -0.05802682473508736  0.7131212282962878  7.352081984499613  -0.6804291279163446  -0.2542468944248385  -0.6872952193623406  8.408662381868263  0.22119041687795946  -0.9653970189960651  0.13814266247204754  -0.009441515038797643  0.0  0.0  0.0  1.0
3394309160495;2.78060091011266;2.8727572906137957;0.16692575975393226  -0.8175807174571179  -0.5510876166027294  -5.727338423943605  0.9429819836672131  0.29562201213212924  -0.15294641029457984  -0.5727000840245045  0.28795966594233163  -0.49413499813841966  0.8203108157309189  -5.611613304625035  0.0  0.0  0.0  1.0
3394309160526;1.34399863829473;2.5552097927998836;-0.37874306290392334  -0.7208842211515719  -0.5804133285830434  21.881145024059336  -0.022796690851393214  0.6342098762433844  -0.772824782057083  -1.9746164079581892  0.9252210563905159  -0.2794705218266205  -0.2566363657815771  -9.559624916614617  0.0  0.0  0.0  1.0
3394309160557;2.19301441794297;3.3449787588375886;0.8868844863130814  -0.44178309395459237  -0.13514290892640013  -6.056260605907518  0.3398631932273307  0.4257527076676973  0.8385866930752871  -2.83071502859214  -0.3129359644184466  -0.7896596290868191  0.5277392844615268  9.528155993508603  0.0  0.0  0.0  1.0
3394309160588;3.3552539819811384;2.3624333630835173;0.3801664962338254  -0.8104589629318996  0.4456789253988205  6.839481604279074  0.3736429132960507  0.5753613297439705  0.7275646456356237  -10.506340600244139  -0.8460877073240914  -0.11007093003423124  0.5215553488139707  9.830814065961505  0.0  0.0  0.0  1.0
3394309160619;3.0056203551742433;2.926519748736656;0.13589687671525558  0.6142209810314008  0.7773445988490961  -5.974075083139288  -0.016927981826154626  -0.7830694412005995  0.6217038633377421  0.16870366546806892  0.9905783574913857  -0.09764648851138413  -0.09601916970617969  -8.269387580085418  0.0  0.0  0.0  1.0
3394309160650;2.0651927868102353;1.9281818744707286;0.4191280376009488  -0.419437995717464  -0.8052350314319999  12.946757931866198  0.9046231405419141  0.26851499254609135  0.3309934627361343  -12.071412866034743  0.07738644385718754  -0.8671628835037213  0.4919754788408154  -5.553103938189397  0.0  0.0  0.0  1.0
3394309160681;2.0883872688177947;2.6592657916810047;0.15791795062165148  -0.6118669345305833  0.7750359832289107  0.32224754034447256  -0.4812135042689803  0.63768956197251  0.6014861476879385  4.502207849966839  -0.8622618420066064  -0.4679432411943296  -0.19373600295226312  -3.3557376766533284  0.0  0.0  0.0  1.0
3394309160712;2.2055221376060135;3.7984279987137564;-0.8520038748286335  0.2695290989787468  -0.44882453373306075  23.640727353067938  -0.2829455009752177  -0.9583667903855522  -0.0384049289021452  1.6936934620295192  -0.44048977372338344  0.09427173430992297  0.8927942648535118  20.565218036352363  0.0  0.0  0.0  1.0
3394309160743;2.1472367397073575;3.5857200139700276;0.7579286159819416  -0.6523374016827669  -0.0003569894619495084  -1.7619681888426388  -0.5761347026740649  -0.6696477663116772  0.4686583760570687  10.442009950003596  -0.30596244450972493  -0.35500392031576  -0.8833794196776807  0.21888433096697968  0.0  0.0  0.0  1.0
3394309160774;3.3639630831655443;3.428058486123535;0.30785333563878725  0.9249161348178896  -0.22306157734941076  18.459381218695448  0.6230060660090551  -0.01877163331744175  0.7819917310934408  2.6291536349528055  0.7190895392452825  -0.3797074786412964  -0.5820072724733569  -7.7268285872210924  0.0  0.0  0.0  1.0
3394309160805;1.324119052607352;2.4800486168231926;-0.46911117820253984  -0.2831434059451877  -0.8365192849870131  28.434976111994345  -0.3719905012239971  -0.7957325898756323  0.4779463488812712  9.030162257413208  -0.8009730142049387  0.5353872029471543  0.26796039527489585  14.346198311312172  0.0  0.0  0.0  1.0
3394309160836;1.3305106697980524;2.731254703065553;0.6844615193972873  -0.15395338540163556  0.7126084363714281  -1.9251385085328545  0.089592934729464  -0.9522782488510112  -0.29178629647708476  1.8280877549536032  0.7235230020606936  0.26356117295350384  -0.6380046814878826  -0.30584024404239063  0.0  0.0  0.0  1.0
3394309160867;3.084620563102242;2.5953700003282587;0.06086918846260572  0.9828831386655185  0.17388409249532685  12.993461008644053  -0.8252587339818431  0.14754951528823243  -0.5451395807725695  20.12833291658802  -0.5614650157245674  -0.11031716215180351  0.8201141139208517  3.677436370062402  0.0  0.0  0.0  1.0
3394309160898;2.141076967332666;0.04037110066758912;0.5471396591508031  0.787738514612473  -0.2830304329581491  12.409762682135689  0.498776608939189  -0.578370966198039  -0.6455299527010887  -8.628374240728405  -0.6722053910520698  0.21202607871505166  -0.7093552383575189  16.51862270628593  0.0  0.0  0.0  1.0
3394309160929;4.439440389033587;2.127988140402496;0.2162477836950206  0.9760250907305518  0.02473698266583385  0.8768783109484031  0.20176823133362515  -0.06946455159254611  0.9769668658130362  -12.378977367724312  0.9552625172545463  -0.20627578223452392  -0.21195241162120096  -13.315822671325911  0.0  0.0  0.0  1.0
3394309160960;2.4847882689820464;2.4847882689820464;1.0  -3.469446951953614e-18  0.0  0.0  -3.469446951953614e-18  1.0  -1.1926223897340549e-17  0.0  1.3877787807814457e-17  8.890457814381136e-18  1.0  -2.220446049250313e-16  0.0  0.0  0.0  1.0
3394309160991;2.9477521292476965;2.916826978538497;-0.619034135385592  0.7456702187779466  0.24652112293890832  12.507455898977518  -0.31792444183431073  0.04909804157121539  -0.9468439320174221  15.559617602573079  -0.7181370262782402  -0.6645038052122196  0.20667342438428385  8.061912457587441  0.0  0.0  0.0  1.0
3394309161022;4.019397668082857;2.922533555783999;-0.6426638970926316  -0.04394101711788945  0.7648871174156076  6.51638494409334  0.7191808508295252  -0.3787757719388829  0.5825013462578645  -9.926010350402002  0.2641250067180933  0.9244447531392829  0.27502705179567033  -6.133968069481756  0.0  0.0  0.0  1.0
3394309161053;2.8365870008578016;1.7003045703879942;-0.7086012135039579  0.7053534787348171  -0.018994479656186947  32.65598832321837  -0.48890958440864163  -0.471394851806775  0.7339988501104323  -0.15351539326574537  0.5087747423900739  0.5293990590535274  0.6788850401792288  -10.082006676906794  0.0  0.0  0.0  1.0
3394309161084;1.9084522891745812;0.08962480219528343;-0.7789278849193658  0.3565207902322906  0.5159111127192235  36.30494429479121  -0.031765335004311154  -0.8440504640472499  0.5353221251113078  -4.730019930349933  0.6263084811713062  0.400589241335518  0.6687794450632637  -9.12159070448216  0.0  0.0  0.0  1.0
3394309161115;2.6459747141640655;3.426626333570795;-0.12300351278653598  -0.8538486448687925  -0.5057792280213756  9.138735157770375  -0.5410503817021945  0.48494283317492415  -0.6870916481898083  -2.7871216707647024  0.8319462845052454  0.18913735804436949  -0.5216248072033323  -6.729545570880419  0.0  0.0  0.0  1.0
3394309161146;1.4245283483443059;2.6573067840377536;-0.4667214892157081  0.726623438036235  0.5041720250080068  2.909839052800288  -0.30745461281835224  -0.6678182028910674  0.67785729246211  6.1133595637143054  0.829242252035549  0.16136055027096163  0.5350888339848475  -5.572267280012923  0.0  0.0  0.0  1.0
3394309161177;1.4359728733692718;2.3268632369322297;-0.5418412451194968  0.5448078178893986  0.6399941457966202  7.0422331678870655  -0.7752905309561806  -0.029947566013189098  -0.6308943936187493  3.995637600853847  -0.32454993097678736  -0.838026004880802  0.43861116885743456  4.543651585174447  0.0  0.0  0.0  1.0
3394309161208;3.0244753449661483;2.4892052332163765;0.17771813507576334  -0.9107396106644929  -0.37278630075672203  11.427920107012978  0.9824574385327736  0.14244759119443218  0.12035807091560581  -8.89176114635389  -0.05651235207292993  -0.3876364860659951  0.920078425316882  -2.553465635324633  0.0  0.0  0.0  1.0
3394309161239;2.9239237120023964;2.648436681030715;0.724582822340102  -0.2969611917966864  0.6219274749810807  -2.8292242712297084  -0.21401992045695042  -0.9547462196942589  -0.20653118318336794  -1.495999384309405  0.6551146519634959  0.01654407888680226  -0.755348321131738  8.523323742185772  0.0  0.0  0.0  1.0
3394309161270;1.0304885640464179;2.787508498272397;-0.8857429792859624  0.2093250068918365  -0.4142974971386634  7.165480254534458  -0.16039177048916253  -0.975587670774767  -0.15001058826502228  5.321452191128863  -0.43558449766374785  -0.06642091629900154  0.8976939385297318  0.38371311204979563  0.0  0.0  0.0  1.0
3394309161301;2.0398930971718565;2.2943650692974042;0.37185284959642084  -0.13597351003446334  0.9182791856597479  0.7791794269409453  0.8673391739313269  -0.3016499036112648  -0.39589151672577944  -0.34285806770434246  0.33082958696456555  0.9436728989539876  0.005765775631500585  0.9989169484283642  0.0  0.0  0.0  1.0
3394309161332;2.256914975873143;3.686221009624375;0.3674798867595821  0.9044197950292897  0.21675646976813245  2.493916023713576  -0.6735954293643918  0.4195265253315019  -0.608495433082844  5.541624109829687  -0.6412704034699919  0.07760366552203132  0.7633806001798706  -5.279382589641298  0.0  0.0  0.0  1.0
3394309161363;3.66917130522765;2.1261741866883175;-0.7122031060203818  -0.3113629001282864  -0.6291421780477151  32.77604903765209  -0.4519934582468159  -0.4823307128459278  0.7503725722250395  -2.3019032608387255  -0.5370927754839047  0.8187858253958975  0.20278343781915278  10.547259199504674  0.0  0.0  0.0  1.0
3394309161394;2.752686316258313;2.9657569730948143;0.7818337685060195  -0.31822356578035815  0.5361620283139334  -1.2864874424032386  0.373255081505148  0.9277071482614034  0.0063317608357232325  -6.184437602428172  -0.49941626180398085  0.19517481714281015  0.844091338777391  -0.623530773972397  0.0  0.0  0.0  1.0
3394309161425;1.9040075588087033;1.9040075588087033;1.0  -1.3877787807814457e-17  0.0  0.0  -6.938893903907228e-18  1.0  0.0  2.220446049250313e-16  0.0  0.0  1.0  0.0  0.0  0.0  0.0  1.0
3394309161456;1.9884497529698029;2.6476213016326025;0.05257639392155666  -0.7326773986859256  0.6785422258467274  2.594353617190931  -0.8273236740409785  -0.412491248597539  -0.3812958276742361  6.385135658171286  0.5592595651158256  -0.5413268876430113  -0.6278486597430852  -5.881866165240367  0.0  0.0  0.0  1.0
3394309161487;2.3504147878262693;3.424350509650167;0.5958753118212934  -0.8015520904967736  -0.04946573543502977  1.2997339060303794  -0.6631352280255264  -0.45636303149621826  -0.5932827764524397  3.441506137488389  0.452972716742863  0.38632503116395894  -0.8034728920024354  -3.8307303531903063  0.0  0.0  0.0  1.0
3394309161518;2.2062122654647958;3.7445258074120105;0.8872959239344876  0.08662704953952893  -0.4529919399474108  5.96566667915496  -0.4504324912490859  -0.04823427268731967  -0.8915066044429882  -1.363788966438733  -0.0990783235444816  0.9950724643092088  -0.003778435815755432  -10.060031697167545  0.0  0.0  0.0  1.0
3394309161549;1.3852236987168691;2.5364012931470654;-0.22767741653676826  -0.6143144453661664  0.7555003350188552  -1.4016078313360134  -0.36221601498069983  -0.66676811722555  -0.6513216074590162  2.370498301775382  0.9038598079849798  -0.42194554158795755  -0.07070648798661355  1.2684229002116179  0.0  0.0  0.0  1.0
3394309161580;2.2986137988137836;2.2986137988137836;1.0  1.734723475976807e-18  0.0  0.0  0.0  1.0  -1.3877787807814457e-17  0.0  0.0  -6.938893903907228e-18  1.0  0.0  0.0  0.0  0.0  1.0
3394309161611;3.407144086678155;3.9868485880011812;0.20498512913050232  -0.9721211235958734  0.11384910141958882  9.6121500513439  0.975856387252851  0.19402768825344557  -0.1002874251780218  -16.048586604674604  0.07540164648842068  0.1316578036035857  0.9884233983759767  14.144116538295524  0.0  0.0  0.0  1.0
3394309161642;1.7425026346266586;3.751470562373131;0.3379090988972195  0.8992688588645995  -0.2777282131128031  12.44582686800587  -0.5870582600688133  0.43203106248143874  0.684625270009906  8.139955777855644  0.7356494003038715  -0.06829846650928989  0.6739104386378303  -12.534621001047812  0.0  0.0  0.0  1.0
3394309161673;2.6456540480703254;3.1723906603905117;-0.492365732686676  0.4422576920669601  -0.7496560004985748  9.780180011069016  -0.8099773598004019  -0.548094073470261  0.20863739654613123  7.381344281571582  -0.318610517539336  0.7099302926586408  0.6280814578372251  4.398714065373523  0.0  0.0  0.0  1.0
3394309161704;3.077519635932954;1.78951596006397;-0.585722296000277  -0.7154646505281996  -0.3808408142685405  21.07374235350352  0.040348185342911735  -0.4950329904713105  0.8679368423362182  -2.503447301553109  -0.809506896763516  0.49300372431614764  0.318819560100552  2.4994453860244734  0.0  0.0  0.0  1.0
3394309161735;3.1217165961473894;3.1217165961473894;1.0  4.553649124439119e-18  0.0  0.0  4.228388472693467e-18  1.0  1.734723475976807e-18  0.0  0.0  -1.734723475976807e-18  1.0  0.0  0.0  0.0  0.0  1.0
3394309161766;2.088824937831005;2.2357928964047407;-0.043058437354657475  -0.031019868304522108  -0.9985908765570348  1.9817197044449293  0.8981227894163875  0.43662485520929195  -0.05228949172055358  -7.408179061412302  0.43763161003691675  -0.899108727342714  0.009059266673470678  -4.857409153376061  0.0  0.0  0.0  1.0
3394309161797;2.586432702881334;1.4580215736042863;-0.3243160641813476  0.9441222479156341  0.058756033772288385  20.896034872262092  -0.21715635228602526  -0.13476223029697615  0.9667896668599705  6.779430803901794  0.9206857276920006  0.3007861736784374  0.24872769959965707  -13.967230592791386  0.0  0.0  0.0  1.0
3394309161828;3.2220836563382176;3.2220836563382176;1.0  1.734723475976807e-18  2.2768245622195593e-18  0.0  -1.734723475976807e-18  1.0  0.0  0.0  4.336808689942018e-19  6.938893903907228e-18  1.0  0.0  0.0  0.0  0.0  1.0
3394309161859;1.6225102333552934;1.6225102333552934;1.0  0.0  2.7755575615628914e-17  0.0  0.0  1.0  0.0  0.0  2.7755575615628914e-17  0.0  1.0  -4.440892098500626e-16  0.0  0.0  0.0  1.0
3394309161890;1.282929335068904;3.7457290048206566;-0.8752428665514518  0.1328037142888454  0.4650947194087296  15.812174107539366  0.034677926272313864  -0.9418640103212157  0.3341999812852914  5.701498386370947  0.48243897643147626  0.3086346700108781  0.8197543988823888  -10.809672549801281  0.0  0.0  0.0  1.0
3394309161921;1.558203848860055;2.360278068412051;-0.030537535898297406  -0.32048175444209914  0.9467623270763232  0.9476450028143104  0.6132348476814877  0.7419794616702897  0.27094187577510126  0.185520545858052  -0.7893101294740388  0.5888615486930541  0.17387235542344048  -2.4353313940678065  0.0  0.0  0.0  1.0
3394309161952;3.0446776651304432;2.592448962770163;-0.8905877402302134  -0.42960466134510594  0.14930945014365182  14.695014491893588  0.1056257151228579  -0.5146803068182905  -0.8508509799478494  -13.349125740792974  0.4423761807064519  -0.7419865340583938  0.5037452709649842  -2.094117917398519  0.0  0.0  0.0  1.0
3394309161983;3.4771226457556867;1.8864657619825562;0.5333589315415104  0.0914681532607364  0.8409291451031822  2.0022533034347703  -0.4765637388895868  0.8538405890145704  0.20938780128467324  0.06819871937983724  -0.6988671210755851  -0.5124351915026157  0.49899390937084737  13.086979859132402  0.0  0.0  0.0  1.0
3394309162014;3.770407506413389;3.652111331562374;-0.4173617873056417  0.7867906512964395  -0.4547192645243493  14.022627001869795  0.37578716456171884  0.6050247812332992  0.701946594153902  -1.7203677786541334  0.8274014415310766  0.12208802204198582  -0.5481800520140917  -5.101680038874213  0.0  0.0  0.0  1.0
3394309162045;1.518228345276698;3.1565105390521637;-0.9010077460893117  0.3961955209378275  -0.17667526899897995  23.088835131934857  -0.4170178675818403  -0.6788621312234034  0.6043527983788225  1.3860476961534485  0.11950372213681576  0.6182032966424735  0.7768806500459545  -4.164756167174408  0.0  0.0  0.0  1.0
3394309162076;2.477253977533275;2.477253977533275;1.0  1.3877787807814457e-17  1.3877787807814457e-17  0.0  1.3877787807814457e-17  1.0  0.0  0.0  0.0  0.0  1.0  0.0  0.0  0.0  0.0  1.0
3394309162107;3.7764439721661978;3.7764439721661978;1.0  0.0  0.0  0.0  0.0  1.0  0.0  0.0  0.0  0.0  1.0  0.0  0.0  0.0  0.0  1.0
3394309162138;3.5448738491278085;3.5448738491278085;1.0  -4.336808689942018e-19  0.0  0.0  2.8189256484623115e-18  1.0  -5.204170427930421e-18  0.0  0.0  -1.734723475976807e-18  1.0  0.0  0.0  0.0  0.0  1.0
3394309162169;3.3386677234651425;3.3386677234651425;1.0  1.3877787807814457e-17  5.204170427930421e-18  0.0  6.938893903907228e-18  1.0  -2.7755575615628914e-17  0.0  1.1275702593849246e-17  0.0  1.0  0.0  0.0  0.0  0.0  1.0
3394309162200;3.9550078381949887;3.1949664441657264;0.9618891091344212  0.2725018051634361  0.022629801396808605  5.172213367184115  0.27257691644698323  -0.9621339641683307  -0.0002441597597679368  7.297899165369728  0.02170636655096811  0.006403216098359532  -0.9997438834395307  6.806072933014164  0.0  0.0  0.0  1.0
3394309162231;2.42664388566255;2.4195089830324092;0.9983112869174162  -0.050687760649358204  0.02837825459125004  -6.932838878114805  -0.04894522718761485  -0.4708254359596356  0.8808676254630842  3.41573257215941  -0.031288003273542336  -0.8807690728980968  -0.47251127084693145  -4.076410990019834  0.0  0.0  0.0  1.0
3394309162262;2.736577686008396;2.736577686008396;1.0  0.0  -1.734723475976807e-18  0.0  0.0  1.0  6.938893903907228e-18  0.0  -1.734723475976807e-18  0.0  1.0  0.0  0.0  0.0  0.0  1.0
3394309162293;2.8148683419657083;2.122261619723926;0.9653696643629602  -0.25954171323630737  -0.026448255483275035  0.35400249382592586  0.21962753662452758  0.7537975993068432  0.6193164977904928  1.4053881965842847  -0.14080183338290786  -0.6036781248062599  0.7846958425698517  -9.615986819610262  0.0  0.0  0.0  1.0
3394309162324;2.2219663596591737;1.6314723492373326;-0.43999327958277107  0.8467898435067573  -0.29891951233701375  23.561399331823313  -0.8952465662103637  -0.43968073751756  0.0722110430929171  11.199872845034218  -0.07028157376261665  0.29937904066553295  0.9515422693709588  9.733723875834013  0.0  0.0  0.0  1.0
3394309162355;3.4807471093941937;0.7792282248779071;0.7591144058861199  -0.37449159387591713  -0.5324484621937023  -7.487654319563813  0.6090247050859099  0.11976002066576683  0.7840576803049352  -6.845038254374147  -0.22985697155227583  -0.9194637478260961  0.31898618945403595  4.767093284917084  0.0  0.0  0.0  1.0
3394309162386;1.7900521026949254;2.007542889452275;0.7964153114320078  0.45183325983817957  -0.4019569094077893  4.040534318082004  -0.5980412280985211  0.4897036153965978  -0.6344580825885296  2.9572156582800244  -0.08982951191601929  0.7456789351802189  0.6602223749748449  0.17535599224987308  0.0  0.0  0.0  1.0
3394309162417;3.2825031286422393;3.2825031286422393;1.0  0.0  -6.938893903907228e-18  0.0  0.0  1.0  -8.673617379884035e-19  0.0  3.469446951953614e-18  -4.336808689942018e-18  1.0  0.0  0.0  0.0  0.0  1.0
3394309162448;2.5548125902487047;0.040228999991631945;0.4704414801969322  -0.8465447542809657  -0.24909193625948423  15.347980072124628  0.8625346299512193  0.5007385279235969  -0.07276633004228315  -16.767354526513977  0.1863298844657848  -0.18061812105181663  0.9657423406388883  -1.0800992563446603  0.0  0.0  0.0  1.0
3394309162479;2.7901407133897638;2.7901407133897638;1.0  -4.7704895589362195e-18  0.0  0.0  -5.637851296924623e-18  1.0  3.469446951953614e-18  0.0  0.0  6.938893903907228e-18  1.0  0.0  0.0  0.0  0.0  1.0
3394309162510;2.4626078118590478;2.4626078118590478;1.0  -1.734723475976807e-18  -1.6263032587282567e-18  0.0  0.0  1.0  3.469446951953614e-18  -5.551115123125783e-17  -1.599198204416119e-18  3.469446951953614e-18  1.0  0.0  0.0  0.0  0.0  1.0
3394309162541;2.621200470666735;2.621200470666735;1.0  -6.938893903907228e-18  -6.938893903907228e-18  0.0  3.469446951953614e-18  1.0  0.0  0.0  0.0  0.0  1.0  0.0  0.0  0.0  0.0  1.0
3394309162572;1.826907686892434;1.826907686892434;1.0  0.0  -1.3877787807814457e-17  0.0  0.0  1.0  0.0  0.0  1.3877787807814457e-17  -1.3877787807814457e-17  1.0  0.0  0.0  0.0  0.0  1.0
3394309162603;1.9909019248105964;1.9909019248105964;1.0  0.0  0.0  0.0  0.0  1.0  0.0  0.0  -6.938893903907228e-18  -3.469446951953614e-18  1.0  0.0  0.0  0.0  0.0  1.0
3394309162634;3.01258289883689;3.01258289883689;1.0  0.0  3.469446951953614e-18  0.0  0.0  1.0  3.469446951953614e-18  0.0  0.0  4.336808689942018e-18  1.0  0.0  0.0  0.0  0.0  1.0
3394309162665;3.8547413171629152;3.8547413171629152;1.0  1.3877787807814457e-17  -5.551115123125783e-17  0.0  1.0408340855860843e-17  1.0  -3.469446951953614e-18  -1.1102230246251565e-16  0.0  -3.469446951953614e-18  1.0  0.0  0.0  0.0  0.0  1.0
3394309162696;3.0132495381752045;2.1449324614879304;0.9494726205473708  0.1699363540949934  -0.26386242322052855  4.914834947385991  -0.2436738188565074  0.9290060930261542  -0.27851525833276314  5.270125553348288  0.19779993133162177  0.32873897651051454  0.9234748900148964  -4.366748602184563  0.0  0.0  0.0  1.0
3394309162727;3.502392525482743;3.502392525482743;1.0  5.551115123125783e-17  2.7755575615628914e-17  0.0  0.0  1.0  0.0  0.0  0.0  0.0  1.0  0.0  0.0  0.0  0.0  1.0
3394309162758;3.457925038615682;2.3931495354633237;0.505396715737761  -0.7100704929588919  -0.4902795679513901  -4.890296646715381  0.49297011412485736  0.7039317592663333  -0.5113321277564422  -6.637470292932542  0.7082052148220956  0.016732403453224465  0.7058083311873474  -0.2662867832482867  0.0  0.0  0.0  1.0
3394309162789;2.1605956540110696;2.1605956540110696;1.0  0.0  0.0  0.0  0.0  1.0  0.0  0.0  0.0  0.0  1.0  0.0  0.0  0.0  0.0  1.0
3394309162820;3.736908019221678;3.736908019221678;1.0  -3.903127820947816e-18  6.938893903907228e-18  0.0  -3.903127820947816e-18  1.0  -3.469446951953614e-18  0.0  6.938893903907228e-18  0.0  1.0  0.0  0.0  0.0  0.0  1.0
3394309162851;3.0196041882655598;2.3154143167954073;-0.6320669007483213  -0.6800049224910949  0.3715975489239568  10.250823828320412  -0.46452084063027  -0.05133937138957134  -0.8840727671212774  2.215550147597863  0.6202514180544533  -0.7314079397526421  -0.2834265408677118  2.5513815507243907  0.0  0.0  0.0  1.0
3394309162882;1.0159530457947656;2.5232891304999874;0.8326373560485545  0.3638318727604216  -0.41754209569349854  -0.3294229196729592  -0.026150646780343074  0.7789207966898075  0.6265768397866991  5.261279869958653  0.5532008468770125  -0.5107922873808506  0.658072991519023  -0.9142907395695854  0.0  0.0  0.0  1.0
3394309162913;3.707565587024253;3.707565587024253;1.0  1.4772254600114998e-18  -3.469446951953614e-18  0.0  1.4907779871675686e-18  1.0  -6.938893903907228e-18  0.0  -6.071532165918825e-18  -3.469446951953614e-18  1.0  0.0  0.0  0.0  0.0  1.0
3394309162944;2.7894836947736765;2.7894836947736765;1.0  1.3877787807814457e-17  6.071532165918825e-18  0.0  -6.938893903907228e-18  1.0  0.0  1.1102230246251565e-16  0.0  0.0  1.0  0.0  0.0  0.0  0.0  1.0
3394309162975;2.6130962231388835;1.6912357382992607;0.8385997689515775  0.5392409133353236  0.0772636065663935  0.6438559342752548  -0.12189153561699104  0.32398356627376784  -0.9381775430745832  6.94300274075648  -0.530935853996782  0.7773376912062198  0.3374214468152412  11.379967893102762  0.0  0.0  0.0  1.0
3394309163006;2.118558382630927;2.118558382630927;1.0  2.3310346708438345e-18  1.734723475976807e-18  0.0  2.2768245622195593e-18  1.0  6.938893903907228e-18  0.0  8.673617379884035e-19  6.938893903907228e-18  1.0  0.0  0.0  0.0  0.0  1.0
3394309163037;1.6957835337450329;1.6957835337450329;1.0  0.0  -3.469446951953614e-18  0.0  0.0  1.0  0.0  0.0  -3.469446951953614e-18  0.0  1.0  0.0  0.0  0.0  0.0  1.0
3394309163068;2.3800172959411823;2.3800172959411823;1.0  9.540979117872439e-18  1.3877787807814457e-17  0.0  7.806255641895632e-18  1.0  -1.3877787807814457e-17  0.0  0.0  6.938893903907228e-18  1.0  0.0  0.0  0.0  0.0  1.0
3394309163099;2.23708937419933;2.23708937419933;1.0  -1.734723475976807e-18  -1.2536087619363645e-19  0.0  1.734723475976807e-18  1.0  2.063345789731874e-18  0.0  1.1180834903756764e-19  2.0631075617154587e-18  1.0  0.0  0.0  0.0  0.0  1.0
