# registration_from_features.py RANSAC RANSAC_config.json l2 True --use_random_keypoints=True --n_keypoints=5000 --input_txt=/neural_comparison/point_clouds_registration_benchmark//tum/long_office_household_global.txt --input_pcd_dir=/neural_comparison/point_clouds_registration_benchmark//tum/long_office_household/ --input_features_dir=/neural_comparison/experiments/FCGF/3dmatch_normalized_5cm_32/tum/long_office_household/ --output_dir=/root/neural_registration_comparison/results/FCGF/3dmatch_normalized_5cm_32/RANSAC
id;initial_error;final_error;transformation
26456013410030;24.056836472779853;0.26898425598637676;0.139533583309511  -0.6279865926328412  -0.7656129691967095  10.468557110615754  0.4186882891409807  -0.6632454987269929  0.6203269500469744  1.1556663953344921  -0.8973463632650472  -0.40710962638063086  0.17038561102163746  7.5919912435933785  0.0  0.0  0.0  1.0
26456013410061;16.110941053263648;15.249726665238223;0.5675697373816715  -0.5494460209714421  -0.6131669130401205  0.5000303303704497  -0.30922260422906384  0.5479656957591745  -0.777248336958633  -2.506692498077865  0.763050440169126  0.6307477041653137  0.14110761654811316  9.862908912230349  0.0  0.0  0.0  1.0
26456013410092;32.82719740492137;45.921319797211;0.2719181301321183  0.8374170249196827  0.47412367255824683  5.527965018468221  -0.7495197851268851  -0.12470911376110957  0.6501290092345258  -0.5066669079696409  0.6035566437450597  -0.5321469377151254  0.5937499595550411  -8.218624956098925  0.0  0.0  0.0  1.0
26456013410123;8.030007789245241;15.820170757536726;0.5219546041651797  -0.7621350571079846  -0.38303204293868215  4.888175428425722  -0.6771514678427337  -0.6433006088917189  0.35725371404363987  -4.246209928701004  -0.5186803262021827  0.07290048920654121  -0.8518545872883734  5.220108128848217  0.0  0.0  0.0  1.0
26456013410154;21.220771897058373;0.3488123837541423;-0.19932746491311093  0.9722096709109129  -0.12278810006921395  4.472901674060524  -0.8322019355247041  -0.23410332886422433  -0.5026286600698632  -6.7390122864548125  -0.517405547168031  0.001996797932601241  0.8557379929381237  -1.014002997778113  0.0  0.0  0.0  1.0
26456013410185;19.26200113698659;0.10865662071548117;-0.7890350028004351  -0.5463002363505196  -0.2810334786445967  4.7849845550028345  0.6036166048274872  -0.7745107821027999  -0.18915613334767928  -6.898688252959276  -0.1143274189871098  -0.3188872844280154  0.940872011007805  6.586325021099215  0.0  0.0  0.0  1.0
26456013410216;50.426729253589905;0.8219264411882777;0.9201759121283211  0.2543538726794068  -0.29762459272009134  9.290803236083688  0.3867701315018844  -0.4727164379441647  0.7918005018155743  -1.8576621635741515  0.06070548671106463  -0.843708051846353  -0.5333587602475504  12.141968220479068  0.0  0.0  0.0  1.0
26456013410247;16.43598563955728;2.604588894985506;-0.10931353989229375  -0.5562968052457979  -0.8237623531514029  -14.88027315663174  0.6880061340912595  0.5557906143039791  -0.4666308524994963  -1.2686365910546011  0.7174246367731018  -0.6177626223112939  0.32198017489599867  5.191238770956308  0.0  0.0  0.0  1.0
26456013410278;4.451095854873883;0.282546912887656;0.5685144784102224  -0.7837698270088792  0.24999229209802673  -2.2330371871324344  0.822645776811863  0.5440956262790558  -0.16496628551801165  -3.367989102972043  -0.006724115671263187  0.2994408250965035  0.954091179360739  -2.2815229021593533  0.0  0.0  0.0  1.0
26456013410309;14.843187227628507;33.44215052603176;0.04278476414517496  0.9648753258308489  -0.25920082862493915  8.501594537104536  0.5519921390166245  -0.2390746899509007  -0.7988416433115719  -0.4523442579705501  -0.8327509486160276  -0.1088985685291321  -0.5428323492123629  8.94226807437958  0.0  0.0  0.0  1.0
26456013410340;36.61625219677321;18.825587765844535;-0.9865403790081633  -0.1276525779495191  -0.10219050801944538  7.466224030683151  0.14983786880489616  -0.4554942524204476  -0.8775383747073087  0.060441750049533116  0.06547284672623596  -0.8810390487116786  0.46849066264631506  -8.989165250195283  0.0  0.0  0.0  1.0
26456013410371;16.775870467996327;30.699424181898976;-0.5359184277190336  0.49228124131948936  0.685894028459282  -6.9170419310075895  0.8260332371807699  0.4736798426496859  0.3054447539900268  6.4893265121157695  -0.17452945282621576  0.7302647370045414  -0.6604944238855239  1.0910319426495092  0.0  0.0  0.0  1.0
26456013410402;13.98992247418953;8.600738085867933;-0.04648332899942692  -0.125355011613836  -0.991022412051527  3.885407436346453  -0.9619322715082309  -0.26184874322395135  0.07824027545358736  -9.707529076722242  -0.2693057837406153  0.9569333084052061  -0.1084114297872728  -1.108180047979773  0.0  0.0  0.0  1.0
26456013410433;17.58225518951724;15.618920884625723;0.01938032323669962  -0.9757893570368702  -0.21785209148597084  -2.5367747535708682  0.43045828089003163  -0.18852061028867237  0.8827036013915344  -8.495869618264413  -0.9024023888955743  -0.11088331790651568  0.4163830187767061  6.62143131463216  0.0  0.0  0.0  1.0
26456013410464;29.267796526965547;0.1366018186858412;-0.17489317780740582  0.8803494675980008  -0.4409049685094779  -0.4882240404022874  0.8718059813573784  -0.06964394320066858  -0.4848752953543424  6.372790731493763  -0.4575660687003854  -0.4691849700015745  -0.7553136809953168  10.485769757797069  0.0  0.0  0.0  1.0
26456013410495;22.000074074649238;7.152736364031764;0.5602905064518343  0.6689670284801916  0.4884236513379848  -7.106376798306264  0.5339913916765723  0.15904366930327504  -0.8303964745047192  -6.726646653108464  -0.6331885516931457  0.7260772865617904  -0.2681119765019886  -8.006265279405643  0.0  0.0  0.0  1.0
26456013410526;28.53243280520365;18.637322973644654;-0.17738854712497687  0.8940018308415734  0.4114535572829622  -2.6228072926585297  0.9428957101880815  0.2741550330558069  -0.18917372322572348  -3.6451454115423543  -0.28192371850875375  0.35440054218649736  -0.8915824542015806  0.3407307283785075  0.0  0.0  0.0  1.0
26456013410557;13.431394888809669;0.17419469871777518;0.9775040794497677  0.03647963650776351  0.20773784147170718  -4.952788156968651  0.2044950901668265  -0.4051040396278694  -0.8911074431149387  6.0830598503954505  0.051648163149567106  0.9135425294957225  -0.4034507578947307  -3.8554426069662613  0.0  0.0  0.0  1.0
26456013410588;23.13991134769726;15.986313366018283;0.10671599835650003  0.668229700149602  -0.7362613418703639  16.260563821620046  0.9838210451992504  -0.1781353610380537  -0.019077320852192714  4.552712978464216  -0.1439022123451575  -0.7223135475579946  -0.6764283349301348  9.520540113170785  0.0  0.0  0.0  1.0
26456013410619;11.220211835576826;3.027360651511289;0.23345023618998254  0.29565714750704997  -0.9263303073692639  3.3105854453873125  -0.7738266465721378  -0.5203791569961111  -0.3611064303206674  -1.6431684104737894  -0.5888066815838282  0.8011194568177772  0.10730474188137779  7.507406113411189  0.0  0.0  0.0  1.0
26456013410650;8.379680664534527;37.704144071764205;0.8473404083061011  -0.4259998517918684  0.3170778433207787  -5.29347285941988  0.3167157464255233  -0.07388491609666292  -0.9456384907243957  11.275378090113037  0.42626912674714534  0.9017012506627103  0.07231518606441528  -4.210689920807583  0.0  0.0  0.0  1.0
26456013410681;3.751139155323144;3.751139155323144;1.0  3.903127820947816e-18  0.0  0.0  4.336808689942018e-18  1.0  0.0  0.0  0.0  3.469446951953614e-18  1.0  0.0  0.0  0.0  0.0  1.0
26456013410712;8.36841917267873;8.488131058489667;-0.37240408852516327  0.4365843739589842  -0.818968423850752  -14.319981011898427  -0.4992439388348714  -0.838124637943759  -0.21977848122208576  -5.83769545228435  -0.7823494643612829  0.32701861672768007  0.5300831443529674  9.662061482163063  0.0  0.0  0.0  1.0
26456013410743;2.3847560530595797;0.07300981612707168;0.3679571334724221  0.42255265232781414  -0.8282854604165688  -0.6981542359178813  -0.8686106845066771  0.4741081373658199  -0.14400330844933731  -0.22727972183442105  0.33184789691604244  0.7724446453269269  0.541485219759651  -0.3197715709741191  0.0  0.0  0.0  1.0
26456013410774;15.963195035722586;0.36099944840494946;0.2914177863964515  -0.9553412851649268  0.04897655185104882  -9.133155966212444  0.8726184568092408  0.2445091540936771  -0.42279108599904724  5.179778681805049  0.3919345641910802  0.1659466854860942  0.9049027544264237  -2.8892712388640405  0.0  0.0  0.0  1.0
26456013410805;5.1512682190192525;0.07500238523551023;0.23118367289047037  -0.6333033504859805  0.7385668389875777  1.4757704213415892  -0.25492321871585805  0.6931785840972933  0.6741792069683097  1.9195004676585847  -0.9389186663116349  -0.34413706108482833  -0.001192157488795309  0.26186189470730226  0.0  0.0  0.0  1.0
26456013410836;18.642995246390836;0.11278710032652488;-0.2802277281082866  -0.0583291719385286  0.9581597612612599  -3.9564307087012605  0.5385736903358929  -0.8358036623225644  0.10663310051839975  10.19799558495567  0.7946136170977989  0.5459211900532486  0.2656299188224081  9.609947539510776  0.0  0.0  0.0  1.0
26456013410867;29.507135292695715;0.28554682128034936;0.010311044359985953  -0.5771139186059638  0.8165985594620383  -8.250698933690218  0.9865411781162242  -0.12740172923366444  -0.10249538169754353  5.958409623482317  0.16318757993566646  0.8066649393270676  0.5680330002871309  -0.23665133624563417  0.0  0.0  0.0  1.0
26456013410898;5.642843118076654;0.0860327170566977;-0.9911501727789691  0.07785220703559773  0.10751915578121649  0.45827571645386594  -0.08445770966545929  -0.9947196342948434  -0.058307327381706964  1.519790559566217  0.10241206119536897  -0.06687213925110397  0.9924917564965952  2.8307756027117836  0.0  0.0  0.0  1.0
26456013410929;7.924184270643275;0.18041574749121037;-0.9562464878466859  0.1609238118741212  0.24432801978647534  0.5851994933715874  -0.23318644509717398  0.08511380348719298  -0.9687000166609296  3.359171167742897  -0.17668258630612266  -0.9832899710806807  -0.04386452402948852  3.381081377188802  0.0  0.0  0.0  1.0
26456013410960;5.477806233433959;5.477806233433959;1.0  -3.469446951953614e-18  1.734723475976807e-18  0.0  1.734723475976807e-17  1.0  0.0  0.0  -6.938893903907228e-18  0.0  1.0  0.0  0.0  0.0  0.0  1.0
26456013410991;10.096749814870382;14.159665240002028;-0.1263300852033835  -0.19784754790720926  -0.9720581553382552  -9.84703315646473  -0.6854811582035938  0.7257263711930577  -0.05862436270712568  -4.726309726509449  0.717046924071477  0.6589215294267302  -0.2273018405943359  16.012673629790537  0.0  0.0  0.0  1.0
26456013411022;35.36518793250331;11.917563829729046;0.48553666519250444  0.8734349878649905  -0.036952249282363445  3.2030686826107964  0.32522125482581205  -0.2197005323178039  -0.9197623668691811  7.779717210940295  -0.8114710605827333  0.43456069549898046  -0.39073228656482434  12.595822529655457  0.0  0.0  0.0  1.0
26456013411053;24.5254343392253;6.519315293048269;-0.10708448911377542  -0.9347097426654428  0.338896162795543  10.012208203430502  -0.7943023360369001  -0.12458813378374348  -0.5946104572630785  -12.685634036408869  0.5980106279637216  -0.3328595708201664  -0.7291006754597402  5.113372392261797  0.0  0.0  0.0  1.0
26456013411084;24.922393186294816;0.13214047145217436;-0.2052792362446446  -0.9223033208386123  0.3274401006854293  -9.610782896336865  -0.4617182915442963  -0.2037314464802445  -0.8633132206612404  1.8438649723291254  0.8629464956880188  -0.3284053624488123  -0.38402247785075333  -2.9506485864601903  0.0  0.0  0.0  1.0
26456013411115;40.938989354120714;40.938989354120714;1.0  0.0  0.0  0.0  -5.551115123125783e-17  1.0  0.0  0.0  -1.3877787807814457e-17  0.0  0.9999999999999999  1.7763568394002505e-15  0.0  0.0  0.0  1.0
26456013411146;41.67514629420138;30.305343029411855;0.6111101254966047  0.7705185484656358  -0.1812334985203706  -4.193755330019406  0.7877914363670404  -0.5697818313718329  0.2339515279396914  7.032367007622749  0.07700043702654774  -0.2857443457165339  -0.9552073605185166  -1.45503517741834  0.0  0.0  0.0  1.0
26456013411177;4.1746707975987976;4.1746707975987976;1.0  0.0  0.0  0.0  0.0  1.0  1.3877787807814457e-17  0.0  -2.7755575615628914e-17  -1.3877787807814457e-17  1.0  0.0  0.0  0.0  0.0  1.0
26456013411208;35.325158197734496;0.3951485069023352;-0.3696918910050563  -0.47480272083938824  -0.7986803378127072  -8.407924137458252  -0.5700839751603165  -0.5628608556733808  0.5984913687063842  -10.813341969050796  -0.7337112286114463  0.6765722677099201  -0.06259232840643664  6.720365653263358  0.0  0.0  0.0  1.0
26456013411239;38.287446358366964;0.05631834699328586;0.3391154718541517  -0.3216249023821598  -0.8840577576814781  2.1322157949099902  0.4625916793406913  0.8752890556359972  -0.14098938714882706  -12.933441470081652  0.8191517777273605  -0.36114608021063943  0.4456050648215257  1.8887395181523958  0.0  0.0  0.0  1.0
26456013411270;39.86833487442807;29.745280703559473;-0.7581602081022207  0.6274651697691549  -0.17742761785292546  -7.550844326622994  -0.6423239581848615  -0.7655163939347169  0.03747777153086777  3.4255297004383802  -0.11230775392701302  0.14238016485365235  0.983419980000466  1.2306085764443608  0.0  0.0  0.0  1.0
26456013411301;37.42145376735778;28.96892413240778;-0.2472923935154466  -0.6962822373281525  0.6738230614120458  1.5760395586712825  -0.10042788695172818  0.7100953673604221  0.6969065997504086  7.853385251256574  -0.9637223208122816  0.10466907487203372  -0.24552733683567746  0.4224491273661304  0.0  0.0  0.0  1.0
26456013411332;43.158266358040244;43.158266358040244;1.0  -8.673617379884035e-18  0.0  0.0  1.730386667286865e-16  1.0000000000000004  -1.5612511283791264e-17  -5.329070518200751e-15  0.0  9.454242944073599e-17  1.0  -8.881784197001252e-16  0.0  0.0  0.0  1.0
26456013411363;34.12568423335386;0.05152706654821347;-0.4780899221161693  -0.8250413163044037  0.30122558450711373  -1.9057180145761108  -0.8621952024721623  0.5062505179788813  0.01816165961859678  11.272537988181387  -0.1674797277432172  -0.2510323473913512  -0.9533799354707684  -4.757396908802665  0.0  0.0  0.0  1.0
26456013411394;6.137811103386027;0.14945752901010695;-0.4126297747608235  -0.8627049195642408  0.29236431167379096  -1.4410739474919112  0.9107332789922566  -0.3846084018975599  0.1504701688901083  1.3891652883915195  -0.017365584264421696  0.32835438012833407  0.944394958443602  3.9929118192909216  0.0  0.0  0.0  1.0
26456013411425;9.98424384019515;2.131539818309891;-0.09129061340015884  0.13846142153473795  -0.9861513365866335  -0.1539164196670756  0.6128277178819653  0.7883719942069337  0.05396097613799655  4.571570291156562  0.7849256092781057  -0.5994147424753271  -0.15682395991248352  9.228198679479512  0.0  0.0  0.0  1.0
26456013411456;3.553039626498096;0.09658363403735597;0.74401393020775  0.6647190193394673  0.0677635372836593  -0.46750979742609045  -0.43524720379345594  0.4052091525814545  0.8039685405873774  -3.659181659664176  0.5069547743603909  -0.6276576837676703  0.5907983486441113  -0.29751579486635715  0.0  0.0  0.0  1.0
26456013411487;8.907789434141892;0.12642373015929326;-0.5203277504291639  0.030718852999922608  -0.8534139582897007  1.6034418307609084  0.742021553870405  -0.47838329995527507  -0.46963116582660014  -1.2196617915498724  -0.4226855163417297  -0.8776136794707963  0.22612205527248852  0.30548674178082486  0.0  0.0  0.0  1.0
26456013411518;13.190832874792818;8.885244480212993;-0.09654810283483176  0.7432119820723344  -0.6620531802983105  0.6374496680004023  -0.916216263715033  -0.32624285159017324  -0.2326227845469535  -6.798329487038031  -0.3888781582231908  0.5841246027094085  0.7124410337470147  11.847621261274101  0.0  0.0  0.0  1.0
26456013411549;11.678534346863168;19.8840453779752;-0.6396780225995673  0.5542195921466864  0.5325905285337579  0.9555299984281641  -0.5568726450166412  0.1434487943869835  -0.8181169235635516  -0.4364460978342096  -0.5298158969257873  -0.819916512255779  0.2168686890610121  4.55966916077655  0.0  0.0  0.0  1.0
26456013411580;28.01403905500884;38.703975075043836;-0.8347473981757957  0.15421152811565578  0.528597754284838  6.812998040906086  0.018488706709932107  0.9672902535732529  -0.2529974961662388  12.203841241024577  -0.5503225862736635  -0.2014159128232575  -0.8102941941656994  -4.858158906083249  0.0  0.0  0.0  1.0
26456013411611;4.839169248689441;0.05398485399166168;-0.9022335396752662  -0.35957072575357657  -0.23808303817383825  -1.8723487376265031  0.21349418608487142  -0.8521008608447759  0.4778539059749842  2.077969954673245  -0.37469303755607347  0.3803064765799252  0.8455602352750302  -1.381204289812962  0.0  0.0  0.0  1.0
26456013411642;15.458613024673555;0.051351319485067444;-0.07474584214685896  0.8699284479697686  -0.4874808247456174  -3.239705131630839  -0.9938752817547194  -0.10488930873068691  -0.03478731422483028  -3.9447671154796025  -0.08139400099967598  0.4818949349463108  0.8724404210456759  3.913556016989949  0.0  0.0  0.0  1.0
26456013411673;20.589511477104207;13.495358907174431;-0.6237604191317426  0.7555833825180485  0.20004172461558328  -2.191896228825152  -0.769505377274582  -0.6385210647179115  0.012341971358260984  -4.914923103576251  0.1370562434553651  -0.14623474954363136  0.9797096427798472  -1.3241275021092633  0.0  0.0  0.0  1.0
26456013411704;7.41267435151194;12.935845507827105;0.986538199447954  0.11892246370276535  -0.11224895837758574  -6.563180616945517  0.025879518454984596  -0.7912941314203218  -0.6108877540958704  -6.976200150551392  -0.16147021878515758  0.5997591560006589  -0.7837195437392455  0.5667739821122249  0.0  0.0  0.0  1.0
26456013411735;21.757255182572877;6.1804453490340014;-0.960840091924687  -0.10860638125073366  -0.2549332691152317  -9.217009812461143  -0.07864817331601262  0.9890437864622897  -0.124927392089932  -2.0261982306870197  0.26570807775491745  -0.09998521096620926  -0.9588546161978  9.10399232013409  0.0  0.0  0.0  1.0
26456013411766;12.304723833976745;18.71140832793623;-0.3875532490555303  0.34274188013477913  -0.8557630996649596  -9.861161375519243  -0.576260530911204  -0.8146528712861242  -0.06530313789713482  -4.426696292076574  -0.7195319865443371  0.4678340548815911  0.5132299849313258  -3.4309677753282544  0.0  0.0  0.0  1.0
26456013411797;8.573971267035956;8.573971267035956;1.0  0.0  0.0  0.0  -5.551115123125783e-17  1.0  0.0  0.0  0.0  0.0  1.0  0.0  0.0  0.0  0.0  1.0
26456013411828;17.226941609016762;38.33274173280478;0.7870668784775497  -0.5672363143694429  0.24242254941357247  1.4631248532804653  0.5269061748569406  0.8225502082245129  0.213965038843818  3.367303907606763  -0.3207734585361336  -0.04067085701555852  0.9462823414226788  -8.799180345930894  0.0  0.0  0.0  1.0
26456013411859;33.57411777214782;21.98645113288966;-0.219505513383278  -0.8945148655818845  -0.38943611138075734  -7.161916570699342  0.02609496034833772  0.3936454419833318  -0.9188918973688719  -0.04650898728960495  0.975262212247948  -0.2118641575603804  -0.06306501488518082  4.437892536002968  0.0  0.0  0.0  1.0
26456013411890;15.597182184778172;15.597182184778172;1.0  0.0  0.0  0.0  0.0  1.0  0.0  0.0  2.7755575615628914e-17  -1.6653345369377348e-16  1.0  0.0  0.0  0.0  0.0  1.0
26456013411921;20.61504111605992;15.362804717535324;-0.7046613893933231  0.45257489620799807  0.5464689283212654  -4.425402379026025  0.38517854408287566  0.8908007469362449  -0.24106330794217873  -0.7295335294317908  -0.5958941310975198  0.040620100691027644  -0.8020350316185593  4.33361266514888  0.0  0.0  0.0  1.0
26456013411952;12.058834581084366;12.058834581084366;1.0  0.0  0.0  0.0  0.0  1.0  0.0  0.0  0.0  -6.938893903907228e-18  0.9999999999999998  8.881784197001252e-16  0.0  0.0  0.0  1.0
26456013411983;10.451393430494422;10.451393430494422;1.0  0.0  0.0  0.0  0.0  1.0  0.0  0.0  0.0  0.0  0.9999999999999999  8.881784197001252e-16  0.0  0.0  0.0  1.0
26456013412014;47.38630036713764;47.38630036713764;1.0  8.673617379884035e-17  -2.220446049250313e-16  0.0  3.443426099813962e-16  1.0000000000000004  1.1275702593849246e-16  -7.105427357601002e-15  1.6653345369377348e-16  -6.938893903907228e-17  1.0  0.0  0.0  0.0  0.0  1.0
26456013412045;9.223414713956423;0.03403791948253961;0.3705376940317923  0.14588394412495143  -0.9172893175809639  -5.846802428290039  -0.9232677904208089  0.16564791303219456  -0.34660836123722655  -1.8929753023232077  0.10138246630003966  0.9753351443245686  0.19606874246624473  3.041207487108621  0.0  0.0  0.0  1.0
26456013412076;30.520242091779032;0.15586285022082358;0.4848057627202594  -0.8744852783196123  0.015455433850180514  0.9719038421405433  0.7158571657096789  0.3865873226039399  -0.581462604390018  -6.549784065107687  0.502505612640628  0.2929603044854149  0.8134263145857039  -6.504363502657527  0.0  0.0  0.0  1.0
26456013412107;33.69151947690923;25.889077198760713;-0.12834468801216775  0.8259281672429402  0.5489720426522442  8.366406619887092  -0.7842182947310763  -0.42336605910218517  0.4536108973661992  10.314994466337318  0.607066147358048  -0.3722953700423942  0.7020447636560323  13.242919737630647  0.0  0.0  0.0  1.0
26456013412138;28.73843283987377;24.78178932158569;0.20960875884787813  0.3011112269342034  -0.9302667344522384  -2.2084693050536246  -0.8037308518810897  0.5948827488527613  0.011455690807624819  9.712905628997529  0.5568490692716923  0.7452828618260056  0.3667050175818285  2.116526414524566  0.0  0.0  0.0  1.0
26456013412169;6.10829587109351;6.10829587109351;1.0  0.0  1.734723475976807e-17  0.0  0.0  1.0  0.0  0.0  3.469446951953614e-18  1.3877787807814457e-17  1.0  0.0  0.0  0.0  0.0  1.0
26456013412200;27.398770435044117;27.398770435044117;1.0  0.0  0.0  0.0  0.0  0.9999999999999999  0.0  4.440892098500626e-16  0.0  -5.551115123125783e-17  1.0000000000000002  -1.7763568394002505e-15  0.0  0.0  0.0  1.0
26456013412231;11.304933685245452;11.304933685245452;1.0  0.0  0.0  0.0  0.0  1.0  1.3877787807814457e-17  0.0  0.0  2.7755575615628914e-17  1.0  0.0  0.0  0.0  0.0  1.0
26456013412262;22.777914718070324;0.057529063452410614;-0.9695819016533682  0.10680708278951036  -0.2202343820847075  -4.187225586016034  -0.13723501066620367  -0.9822580064661303  0.12781142586103783  4.314578917620292  -0.20267581955843947  0.1541475131138333  0.9670372569695209  6.959385946638039  0.0  0.0  0.0  1.0
26456013412293;30.28145528198315;49.57514400054767;0.28104403584824567  -0.2602602922909665  -0.9237309295302136  -6.649673949579817  -0.45148511382949463  0.8135042746774055  -0.366567847842603  -3.4330972984623687  0.8468621150485474  0.5200724712366636  0.11112687684485328  -13.38127177922768  0.0  0.0  0.0  1.0
26456013412324;27.91236336482207;27.91236336482207;1.0  -2.7755575615628914e-17  -1.457167719820518e-16  1.7763568394002505e-15  0.0  1.0  0.0  0.0  -3.8163916471489756e-17  5.551115123125783e-17  1.0  0.0  0.0  0.0  0.0  1.0
26456013412355;17.58982192427501;17.58982192427501;1.0  0.0  -8.326672684688674e-17  -2.220446049250313e-16  5.551115123125783e-17  1.0000000000000004  -1.3877787807814457e-17  2.6645352591003757e-15  1.3877787807814457e-17  -5.551115123125783e-17  0.9999999999999999  -8.881784197001252e-16  0.0  0.0  0.0  1.0
26456013412386;20.348425974718353;20.348425974718353;1.0000000000000002  1.3877787807814457e-16  6.938893903907228e-17  -8.881784197001252e-16  1.1102230246251565e-16  1.0  5.551115123125783e-17  -8.881784197001252e-16  -4.163336342344337e-17  5.551115123125783e-17  1.0  0.0  0.0  0.0  0.0  1.0
26456013412417;25.453268783191263;24.5953111170981;0.525750054067582  -0.06222140254227321  0.8483604055550962  -4.290869008955353  0.42511469836031524  -0.8446249456566347  -0.3254015894437903  0.9328331588685481  0.7367933047238913  0.5317303811521392  -0.4176103780724901  2.438479257802892  0.0  0.0  0.0  1.0
26456013412448;11.55255178167472;2.5429022452452528;0.47141667031986473  0.49591691430206336  -0.7292686316122832  8.807944055215074  -0.8793871671779141  0.20181873612884543  -0.431216196298515  6.49788236743922  -0.06666733193502865  0.844591979512282  0.5312436870177275  -4.570064054057163  0.0  0.0  0.0  1.0
26456013412479;15.024610821793486;35.79881467755008;0.1659066805970339  -0.894242460706171  -0.41569868270593124  -2.9630077854562336  0.6962949908158311  -0.19227956049711942  0.6915214070293239  -3.4321508206491522  -0.6983181646628239  -0.404176931658905  0.5907560823357958  11.415954576172451  0.0  0.0  0.0  1.0
26456013412510;44.598779289077456;44.598779289077456;1.0  0.0  0.0  0.0  0.0  1.0  0.0  0.0  2.7755575615628914e-17  0.0  1.0  0.0  0.0  0.0  0.0  1.0
26456013412541;25.55960109614438;1.9063012148746241;-0.27725673550177377  0.019280943905628282  -0.9606023879946415  -7.853548868957214  -0.1667569783034764  0.9836590707775889  0.06787446253241135  1.0470880842914898  0.9462139360662543  0.17900580347876388  -0.26951087086596115  0.11637210763330907  0.0  0.0  0.0  1.0
26456013412572;11.855425981755449;0.031062652929298638;0.6114588824943097  0.6346369873875717  0.4726033529911068  -5.4463633800813644  -0.7233351212138549  0.6904423907772318  0.008695253668359368  -9.019964214769743  -0.3207870593358577  -0.34716739371295635  0.8812323548901312  3.2831600613615466  0.0  0.0  0.0  1.0
26456013412603;9.681681139268411;9.681681139268411;1.0  -5.551115123125783e-17  0.0  0.0  0.0  1.0  0.0  0.0  0.0  0.0  1.0  0.0  0.0  0.0  0.0  1.0
26456013412634;52.58463844912728;32.90006590816973;-0.8225791037905182  0.45503040017474555  -0.3410439164154662  -5.594916531410131  0.5300075283053647  0.3961785257120708  -0.7497563575617402  16.745338301386177  -0.20604765940632733  -0.7974897558473226  -0.5670577143217019  14.988316705436787  0.0  0.0  0.0  1.0
26456013412665;17.137251027096553;17.137251027096553;1.0  0.0  3.469446951953614e-18  0.0  0.0  1.0  0.0  0.0  -3.469446951953614e-18  3.469446951953614e-18  1.0000000000000004  -2.6645352591003757e-15  0.0  0.0  0.0  1.0
26456013412696;25.9043647789081;25.9043647789081;1.0  0.0  0.0  0.0  -2.220446049250313e-16  1.0  5.551115123125783e-17  0.0  2.7755575615628914e-17  0.0  1.0  0.0  0.0  0.0  0.0  1.0
26456013412727;23.252492129236515;23.252492129236515;1.0  0.0  0.0  0.0  0.0  1.0  0.0  0.0  -2.7755575615628914e-16  -2.7755575615628914e-17  1.0000000000000004  -3.552713678800501e-15  0.0  0.0  0.0  1.0
26456013412758;14.13602399426325;14.13602399426325;1.0  0.0  0.0  0.0  5.551115123125783e-17  1.0  0.0  0.0  1.6653345369377348e-16  -2.7755575615628914e-17  1.0  0.0  0.0  0.0  0.0  1.0
26456013412789;4.621604133291701;4.621604133291701;1.0  0.0  0.0  0.0  0.0  1.0  -1.3877787807814457e-17  0.0  5.551115123125783e-17  1.3877787807814457e-17  1.0  0.0  0.0  0.0  0.0  1.0
26456013412820;35.801682263906;35.801682263906;1.0  0.0  0.0  0.0  0.0  1.0  0.0  0.0  0.0  5.551115123125783e-17  0.9999999999999997  3.552713678800501e-15  0.0  0.0  0.0  1.0
26456013412851;14.022145789999549;0.06491267719192209;0.08943501551500668  0.8527140221760986  -0.5146651089631893  -3.0130677589356134  -0.4206156915459462  0.5007322843677722  0.7565379167081838  -6.9967650959998515  0.9028199255804873  0.14881524040263433  0.40344789774982115  -8.785032417261625  0.0  0.0  0.0  1.0
26456013412882;2.3936762370407902;2.3936762370407902;1.0  0.0  0.0  0.0  0.0  1.0  -1.3877787807814457e-17  0.0  4.163336342344337e-17  0.0  1.0  0.0  0.0  0.0  0.0  1.0
26456013412913;12.272824290791716;0.10522973132799619;0.5629235795095234  0.8009150090863538  0.20408868624299603  -0.09863794347777066  0.6147462236948896  -0.5707808556836321  0.5443310529796496  -2.2597592516912672  0.5524528252123058  -0.18095403561475937  -0.8136654797333327  15.585452220399334  0.0  0.0  0.0  1.0
26456013412944;7.817464008253767;7.817464008253767;1.0  -3.469446951953614e-18  0.0  0.0  -1.734723475976807e-17  1.0  -9.540979117872439e-18  0.0  0.0  5.204170427930421e-18  1.0  0.0  0.0  0.0  0.0  1.0
26456013412975;18.958736180574377;18.958736180574377;1.0  0.0  5.551115123125783e-17  4.440892098500626e-16  6.938893903907228e-18  1.0  0.0  0.0  5.551115123125783e-17  4.163336342344337e-17  0.9999999999999999  -8.881784197001252e-16  0.0  0.0  0.0  1.0
26456013413006;18.3212344447247;0.11751791704166929;-0.5053420890540784  0.683859693254798  0.5262749214734773  -6.388632421451163  0.6849924656058901  -0.05300233528738074  0.7266196216159101  5.288806801673081  0.5247996713924504  0.7276858335817307  -0.44165442657222187  4.754739278782236  0.0  0.0  0.0  1.0
26456013413037;17.624013468308494;17.624013468308494;1.0  0.0  0.0  0.0  -5.551115123125783e-17  1.0  3.469446951953614e-18  0.0  0.0  3.469446951953614e-18  1.0  0.0  0.0  0.0  0.0  1.0
26456013413068;25.751269723182936;0.15327814341578336;-0.982023715382828  -0.025054117383354224  -0.18708744914570818  -2.3638846910118367  0.07454966370280652  -0.9620541905151647  -0.26247682212723056  -4.284452588443738  -0.17341213933143582  -0.27170577048408895  0.9466278065946203  -9.258431688453115  0.0  0.0  0.0  1.0
26456013413099;16.675295180356358;16.675295180356358;1.0  1.1980434005964824e-17  1.734723475976807e-18  0.0  1.1980434005964824e-17  1.0  -3.469446951953614e-18  0.0  3.469446951953614e-18  -3.469446951953614e-18  1.0  0.0  0.0  0.0  0.0  1.0
