# registration_from_features.py RANSAC RANSAC_config.json l2 True --use_random_keypoints=True --n_keypoints=5000 --input_txt=/neural_comparison/point_clouds_registration_benchmark//planetary/p2at_met_global.txt --input_pcd_dir=/neural_comparison/point_clouds_registration_benchmark//planetary/p2at_met/ --input_features_dir=/neural_comparison/experiments/FCGF/3dmatch_normalized_5cm_32/planetary/p2at_met/ --output_dir=/root/neural_registration_comparison/results/FCGF/3dmatch_normalized_5cm_32/RANSAC
id;initial_error;final_error;transformation
27844314100030;8.255147930606862;6.783486625377839;0.8423991052608748  -0.5050392533608344  -0.18788054721127717  -36.477548135037694  -0.5105569383859007  -0.8595767215310193  0.02143530890846551  -128.3056061148445  -0.1723234172180137  0.07786663192097541  -0.981957956081415  -17.780525881064957  0.0  0.0  0.0  1.0
27844314100061;18.254613203222405;18.254613203222405;1.0  0.0  0.0  0.0  0.0  1.0  0.0  0.0  0.0  0.0  1.0  0.0  0.0  0.0  0.0  1.0
27844314100092;11.393043179182689;11.393043179182689;1.0  0.0  0.0  0.0  0.0  1.0  0.0  0.0  0.0  0.0  1.0  0.0  0.0  0.0  0.0  1.0
27844314100123;5.730994932441914;5.730994932441914;1.0  0.0  0.0  0.0  0.0  1.0  0.0  0.0  0.0  0.0  1.0  0.0  0.0  0.0  0.0  1.0
27844314100154;17.463252642790277;11.09214028919257;-0.46428848710535686  0.5773672152599549  0.671627351649994  27.94220309476872  0.47015589673629865  0.8033170931272333  -0.36556132269935154  -23.221186729809588  -0.7505928546858855  0.1460436463273132  -0.6444234786705998  -21.21065051350231  0.0  0.0  0.0  1.0
27844314100185;21.245539471637414;21.245539471637414;1.0  0.0  1.3877787807814457e-17  0.0  0.0  1.0  0.0  0.0  -1.3877787807814457e-17  0.0  1.0  -2.220446049250313e-16  0.0  0.0  0.0  1.0
27844314100216;3.735345026853811;3.735345026853811;1.0  0.0  0.0  0.0  0.0  1.0  0.0  0.0  0.0  0.0  1.0  0.0  0.0  0.0  0.0  1.0
27844314100247;13.271216615726097;18.011219973514088;0.8053808815705794  0.5865637489189135  -0.08546697639898865  25.363738916908723  0.4611746454527772  -0.5294675499738393  0.712026726967608  -81.17627323191181  0.37239707570293923  -0.6128679156057113  -0.696931371104078  -38.968619540793505  0.0  0.0  0.0  1.0
27844314100278;11.802091711636171;11.802091711636171;1.0  0.0  0.0  0.0  0.0  1.0  0.0  0.0  0.0  0.0  1.0  0.0  0.0  0.0  0.0  1.0
27844314100309;7.478645140598016;7.478645140598016;1.0  0.0  0.0  0.0  0.0  1.0  0.0  0.0  0.0  0.0  1.0  0.0  0.0  0.0  0.0  1.0
27844314100340;12.12926847078954;12.12926847078954;1.0  0.0  0.0  0.0  0.0  1.0  0.0  0.0  0.0  0.0  1.0  0.0  0.0  0.0  0.0  1.0
27844314100371;7.953713343024883;7.953713343024883;1.0  0.0  0.0  0.0  0.0  1.0  0.0  0.0  0.0  0.0  1.0  0.0  0.0  0.0  0.0  1.0
27844314100402;10.041005189608843;10.041005189608843;1.0  0.0  0.0  0.0  0.0  1.0  0.0  0.0  0.0  0.0  1.0  0.0  0.0  0.0  0.0  1.0
27844314100433;14.948099495912265;14.948099495912265;1.0  0.0  0.0  0.0  0.0  1.0  0.0  0.0  0.0  0.0  1.0  0.0  0.0  0.0  0.0  1.0
27844314100464;4.885279212879443;4.885279212879443;1.0  0.0  0.0  0.0  0.0  1.0  0.0  0.0  0.0  0.0  1.0  0.0  0.0  0.0  0.0  1.0
27844314100495;16.561379565347497;16.561379565347497;1.0  0.0  0.0  0.0  0.0  1.0  0.0  0.0  0.0  0.0  1.0  0.0  0.0  0.0  0.0  1.0
27844314100526;4.988304065514908;11.800232332766685;0.5799068188533957  0.8146824270379118  0.0007902676462099214  58.98291762142853  0.8146821476014224  -0.5799073115735291  0.0007129958598110966  -80.4629659615488  0.0010391471836760247  0.0002303457822755259  -0.9999994335568153  -7.984311218223594  0.0  0.0  0.0  1.0
27844314100557;9.320673558395054;18.093326695018924;0.48835280361910355  0.7546206182008561  0.4382456637361277  -6.200144396349733  -0.08863574188952877  -0.45671201259973193  0.8851880268094428  -14.432719192264088  0.8681331951129697  -0.47112828415757413  -0.15615023346023438  1.7158265081492612  0.0  0.0  0.0  1.0
27844314100588;15.87658357879776;15.87658357879776;1.0  -3.2526065174565133e-19  0.0  0.0  -1.0842021724855044e-19  1.0  0.0  0.0  -6.938893903907228e-18  0.0  0.9999999999999998  -3.552713678800501e-15  0.0  0.0  0.0  1.0
27844314100619;9.309459031404598;9.309459031404598;1.0  0.0  0.0  0.0  0.0  1.0  0.0  0.0  0.0  0.0  1.0  0.0  0.0  0.0  0.0  1.0
27844314100650;9.597631194952498;9.597631194952498;1.0  0.0  0.0  0.0  0.0  1.0  0.0  0.0  0.0  0.0  1.0  0.0  0.0  0.0  0.0  1.0
27844314100681;7.297471099283818;6.585529064786611;-0.18878958370883653  0.9758265781264792  0.11009533371133756  -10.483502715343407  0.14077265185138063  -0.08406102703545704  0.9864668287501995  -0.39162406493597146  0.9718752767581728  0.20173307402533397  -0.12149984884976182  13.814007002412975  0.0  0.0  0.0  1.0
27844314100712;8.650942439496344;8.650942439496344;1.0  0.0  0.0  0.0  0.0  1.0  0.0  0.0  0.0  0.0  1.0  0.0  0.0  0.0  0.0  1.0
27844314100743;12.733448854215453;12.733448854215453;1.0  0.0  0.0  0.0  0.0  1.0  0.0  0.0  0.0  0.0  1.0  0.0  0.0  0.0  0.0  1.0
27844314100774;4.598125415447288;4.598125415447288;1.0  0.0  0.0  0.0  0.0  1.0  0.0  0.0  0.0  0.0  1.0  0.0  0.0  0.0  0.0  1.0
27844314100805;11.913189531673748;11.913189531673748;1.0  0.0  0.0  0.0  0.0  1.0  0.0  0.0  0.0  0.0  1.0  0.0  0.0  0.0  0.0  1.0
27844314100836;8.640990827250187;7.005238670109532;-0.8776811355510094  0.4574547769060994  0.14286690093818746  -39.51232280392655  -0.16089735390115756  -0.0004614201568502174  -0.9869710373658618  -58.76600567817057  -0.4514286940431421  -0.8892327671522402  0.07400824290086622  -61.272825247380915  0.0  0.0  0.0  1.0
27844314100867;6.409696051288649;6.409696051288649;1.0  0.0  0.0  0.0  0.0  1.0  0.0  0.0  0.0  0.0  1.0  0.0  0.0  0.0  0.0  1.0
27844314100898;22.51393172662874;22.51393172662874;1.0  0.0  0.0  0.0  0.0  1.0  0.0  0.0  0.0  0.0  1.0  0.0  0.0  0.0  0.0  1.0
27844314100929;11.35647365629622;5.90611208617641;-0.21840417713001964  0.4596222039313005  0.8608408941642425  -1.8673365060948512  0.6729091853940924  -0.5679396685913138  0.4739596618412235  34.71707889807659  0.7067480764914871  0.6827825147832376  -0.18524360685826657  0.2030911341751338  0.0  0.0  0.0  1.0
27844314100960;8.931838196630506;8.931838196630506;1.0  0.0  0.0  0.0  0.0  1.0  0.0  0.0  0.0  0.0  1.0  0.0  0.0  0.0  0.0  1.0
27844314100991;2.7303992422678602;2.7303992422678602;1.0  0.0  0.0  0.0  0.0  1.0  0.0  0.0  0.0  0.0  1.0  0.0  0.0  0.0  0.0  1.0
27844314101022;3.041428379569016;3.041428379569016;1.0  0.0  0.0  0.0  0.0  1.0  0.0  0.0  0.0  0.0  1.0  0.0  0.0  0.0  0.0  1.0
27844314101053;13.922293305846535;13.922293305846535;1.0  0.0  0.0  0.0  0.0  1.0  0.0  0.0  0.0  0.0  1.0  0.0  0.0  0.0  0.0  1.0
27844314101084;10.548695524568679;10.548695524568679;1.0  0.0  0.0  0.0  0.0  1.0  0.0  0.0  0.0  0.0  1.0  0.0  0.0  0.0  0.0  1.0
27844314101115;4.295014706995369;4.295014706995369;1.0  0.0  0.0  0.0  0.0  1.0  0.0  0.0  0.0  0.0  1.0  0.0  0.0  0.0  0.0  1.0
27844314101146;10.908481463882481;19.138252068184485;0.3256679593878446  0.864193850855825  -0.3835483911726614  94.35610798733832  0.7319654567016498  -0.4872214637802075  -0.4762791360404285  -131.8544746084035  -0.5984705092347516  -0.12563531897858818  -0.7912324665996999  -17.23665495957852  0.0  0.0  0.0  1.0
27844314101177;7.524206569447689;7.524206569447689;1.0  0.0  0.0  0.0  0.0  1.0  0.0  0.0  0.0  0.0  1.0  0.0  0.0  0.0  0.0  1.0
27844314101208;16.92222694472815;16.92222694472815;1.0  0.0  0.0  0.0  1.1102230246251565e-16  1.0  0.0  0.0  2.7755575615628914e-17  0.0  1.0  0.0  0.0  0.0  0.0  1.0
27844314101239;4.364181244222641;4.364181244222641;1.0  0.0  0.0  0.0  0.0  1.0  0.0  0.0  0.0  0.0  1.0  0.0  0.0  0.0  0.0  1.0
27844314101270;10.750785704410854;2.9338829680262553;-0.6891787638225355  -0.7119775869036047  0.13461258203809204  -15.925778623517967  -0.03168697237339471  -0.15598581724585406  -0.987250910660482  -47.87729447006927  0.7238981746612222  -0.6846578273598155  0.08494169857665493  -44.48721399114518  0.0  0.0  0.0  1.0
27844314101301;12.136609704346055;12.136609704346055;1.0  0.0  0.0  0.0  0.0  1.0  0.0  0.0  0.0  0.0  1.0  0.0  0.0  0.0  0.0  1.0
27844314101332;6.935112362192998;6.935112362192998;1.0  0.0  0.0  0.0  0.0  1.0  0.0  0.0  0.0  0.0  1.0  0.0  0.0  0.0  0.0  1.0
27844314101363;7.8460839984677655;7.8460839984677655;1.0  0.0  0.0  0.0  0.0  1.0  0.0  0.0  0.0  0.0  1.0  0.0  0.0  0.0  0.0  1.0
27844314101394;13.188484809554595;13.188484809554595;1.0  0.0  0.0  0.0  0.0  1.0  0.0  0.0  0.0  0.0  1.0  0.0  0.0  0.0  0.0  1.0
27844314101425;12.438217758874531;12.438217758874531;1.0  0.0  0.0  0.0  2.7321894746634712e-17  1.0000000000000002  3.469446951953614e-18  1.4210854715202004e-14  -1.3877787807814457e-17  -3.469446951953614e-18  1.0  0.0  0.0  0.0  0.0  1.0
27844314101456;13.306910826894018;13.306910826894018;1.0  0.0  0.0  0.0  0.0  1.0  0.0  0.0  0.0  0.0  1.0  0.0  0.0  0.0  0.0  1.0
27844314101487;11.823132391507976;11.823132391507976;1.0  0.0  0.0  0.0  0.0  1.0  0.0  0.0  0.0  0.0  1.0  0.0  0.0  0.0  0.0  1.0
27844314101518;11.362927964176022;2.5444466366662133;0.8593256939409538  -0.04257222097022932  -0.5096537626021812  -9.526574017178254  -0.4111318967537295  -0.6502187985157937  -0.6388944181383633  -9.862153349168459  -0.30418730283261164  0.7585533073280611  -0.5762525182045475  1.448264433678787  0.0  0.0  0.0  1.0
27844314101549;8.602285781784683;8.602285781784683;1.0  0.0  0.0  0.0  0.0  1.0  0.0  0.0  0.0  0.0  1.0  0.0  0.0  0.0  0.0  1.0
27844314101580;8.529179145836824;8.529179145836824;1.0  0.0  0.0  0.0  0.0  1.0  0.0  0.0  0.0  0.0  1.0  0.0  0.0  0.0  0.0  1.0
27844314101611;6.938820905749202;6.938820905749202;1.0  1.3877787807814457e-17  -2.688821387764051e-17  0.0  1.3877787807814457e-17  1.0  6.938893903907228e-18  0.0  -2.6020852139652106e-17  -1.3877787807814457e-17  1.0  0.0  0.0  0.0  0.0  1.0
27844314101642;12.547466022442515;12.547466022442515;1.0  0.0  0.0  0.0  0.0  1.0  0.0  0.0  0.0  0.0  1.0  0.0  0.0  0.0  0.0  1.0
27844314101673;7.73561147720838;7.73561147720838;1.0  0.0  0.0  0.0  0.0  1.0  0.0  0.0  0.0  0.0  1.0  0.0  0.0  0.0  0.0  1.0
27844314101704;7.852470163017852;7.852470163017852;1.0  0.0  0.0  0.0  0.0  1.0  0.0  0.0  0.0  0.0  1.0  0.0  0.0  0.0  0.0  1.0
27844314101735;7.401041146075741;7.401041146075741;1.0  0.0  0.0  0.0  0.0  1.0  0.0  0.0  0.0  0.0  1.0  0.0  0.0  0.0  0.0  1.0
27844314101766;17.078221026612844;17.078221026612844;1.0  0.0  0.0  0.0  0.0  1.0  0.0  0.0  0.0  0.0  1.0  0.0  0.0  0.0  0.0  1.0
27844314101797;5.658008139654423;5.964648189186787;-0.8447538593809107  -0.5310737772221383  0.06596635663781933  -24.343947815491887  -0.24931502347226567  0.28147592987580505  -0.9266139001609972  -57.59767806997105  0.47353240240988903  -0.7992070720705382  -0.3701825493190592  -53.72719447667802  0.0  0.0  0.0  1.0
27844314101828;12.532088953947076;12.532088953947076;1.0  0.0  0.0  0.0  0.0  1.0  0.0  0.0  0.0  0.0  1.0  0.0  0.0  0.0  0.0  1.0
27844314101859;13.452993466710405;13.452993466710405;1.0  0.0  0.0  0.0  -6.938893903907228e-18  1.0  0.0  0.0  0.0  0.0  1.0  0.0  0.0  0.0  0.0  1.0
27844314101890;10.240194569123585;10.240194569123586;1.0  0.0  5.551115123125783e-17  0.0  0.0  1.0  -1.3877787807814457e-17  0.0  0.0  1.3877787807814457e-17  1.0  1.3322676295501878e-15  0.0  0.0  0.0  1.0
27844314101921;5.39778345406533;5.39778345406533;1.0  0.0  0.0  0.0  0.0  1.0  0.0  0.0  0.0  0.0  1.0  0.0  0.0  0.0  0.0  1.0
27844314101952;13.302221500961894;13.302221500961894;1.0  -2.303929616531697e-18  8.673617379884035e-19  0.0  -2.4123498337802474e-18  1.0  -1.3877787807814457e-17  0.0  -4.336808689942018e-19  -1.3877787807814457e-17  1.0  0.0  0.0  0.0  0.0  1.0
27844314101983;10.786030610610256;10.786030610610256;1.0  0.0  0.0  0.0  0.0  1.0  0.0  0.0  0.0  0.0  1.0  0.0  0.0  0.0  0.0  1.0
27844314102014;18.074211930870813;18.074211930870813;1.0  0.0  0.0  0.0  0.0  1.0  0.0  0.0  0.0  0.0  1.0  0.0  0.0  0.0  0.0  1.0
27844314102045;5.527523174873733;5.527523174873733;1.0  0.0  0.0  0.0  2.0816681711721685e-17  1.0  -1.3877787807814457e-17  0.0  0.0  0.0  1.0  0.0  0.0  0.0  0.0  1.0
27844314102076;12.49337546729974;12.49337546729974;1.0  4.85722573273506e-17  0.0  3.552713678800501e-15  4.85722573273506e-17  1.0  2.7755575615628914e-17  0.0  0.0  0.0  1.0  0.0  0.0  0.0  0.0  1.0
27844314102107;8.34390181428472;5.633976094334509;0.2442488554355034  0.5893241214504076  0.770090628754273  -6.93840063053255  -0.9493279973974564  -0.016658121638631188  0.3138452808961891  -26.48302070073679  0.19778485780206198  -0.8077249450525706  0.5553931608905894  -3.1789893059456027  0.0  0.0  0.0  1.0
27844314102138;13.875093444885819;13.875093444885819;1.0  0.0  0.0  0.0  0.0  1.0  0.0  0.0  0.0  0.0  1.0  0.0  0.0  0.0  0.0  1.0
27844314102169;7.7056993337980995;7.7056993337980995;1.0  0.0  0.0  0.0  0.0  1.0  0.0  0.0  1.3877787807814457e-17  0.0  1.0  0.0  0.0  0.0  0.0  1.0
27844314102200;9.927306225231835;16.590030480555697;-0.9899677866562244  0.1173759393256682  -0.07865538920120532  -26.851080610092694  -0.11300990690175566  -0.9919084745851052  -0.05784754954452216  -7.629490336200496  -0.08480885758594177  -0.04837837237512733  0.9952220811262685  23.102118962328348  0.0  0.0  0.0  1.0
27844314102231;10.287771982386351;8.460991455501421;0.9903316460812367  0.03348197440032086  0.13461867686277668  7.744206327911236  -0.01794280096087239  -0.9313651936215479  0.363643963244236  3.8878220208698218  0.13755466790955145  -0.3625435608317337  -0.9217596648995545  -11.62677613024757  0.0  0.0  0.0  1.0
27844314102262;8.065900080817094;8.065900080817094;1.0  0.0  0.0  0.0  0.0  1.0  0.0  0.0  0.0  0.0  1.0  0.0  0.0  0.0  0.0  1.0
27844314102293;15.344796486985695;15.344796486985695;1.0  0.0  0.0  0.0  0.0  1.0  0.0  0.0  0.0  0.0  1.0  0.0  0.0  0.0  0.0  1.0
27844314102324;11.120662662609497;11.120662662609497;1.0  0.0  0.0  0.0  0.0  1.0  0.0  0.0  0.0  0.0  1.0  0.0  0.0  0.0  0.0  1.0
27844314102355;17.81708979026515;4.6805253578526544;0.9437058600420591  -0.3123052577134742  -0.10901685982818851  4.162650122616543  0.3203235386984788  0.945033655300959  0.06560656144161889  -5.6518568199319095  0.08253532745414557  -0.09683396280762648  0.9918725237494028  -9.225580355073252  0.0  0.0  0.0  1.0
27844314102386;12.639375851730701;12.639375851730701;1.0  0.0  0.0  0.0  0.0  1.0  0.0  0.0  0.0  0.0  1.0  0.0  0.0  0.0  0.0  1.0
27844314102417;4.852743056092726;4.852743056092726;1.0  2.7755575615628914e-17  2.7755575615628914e-17  0.0  0.0  1.0  0.0  0.0  0.0  0.0  1.0  0.0  0.0  0.0  0.0  1.0
27844314102448;8.862723016525484;8.862723016525484;1.0  0.0  0.0  0.0  0.0  1.0  0.0  0.0  0.0  0.0  1.0  0.0  0.0  0.0  0.0  1.0
27844314102479;8.845892927971892;8.845892927971892;1.0  0.0  0.0  0.0  0.0  1.0  0.0  0.0  0.0  0.0  1.0  0.0  0.0  0.0  0.0  1.0
27844314102510;12.811880985162878;12.811880985162878;1.0  0.0  0.0  0.0  0.0  1.0  0.0  0.0  0.0  0.0  1.0  0.0  0.0  0.0  0.0  1.0
27844314102541;16.755247254223338;16.755247254223338;1.0  0.0  0.0  0.0  0.0  1.0  0.0  0.0  0.0  0.0  1.0  0.0  0.0  0.0  0.0  1.0
27844314102572;6.047632241354357;6.047632241354357;1.0  0.0  0.0  0.0  0.0  1.0  0.0  0.0  0.0  0.0  1.0  0.0  0.0  0.0  0.0  1.0
27844314102603;5.000465750138839;5.000465750138839;1.0  0.0  0.0  0.0  0.0  1.0  0.0  0.0  0.0  0.0  1.0  0.0  0.0  0.0  0.0  1.0
27844314102634;4.837279486815611;5.35574769668609;0.9231652454094299  -0.10509263210533103  0.3697586622992373  -1.0335299074381004  0.38325782782634943  0.325837801538538  -0.8642587370101392  -23.99612350654268  -0.029654124130989307  0.9395665307819907  0.3410797079222362  36.81004311863885  0.0  0.0  0.0  1.0
27844314102665;12.464679441521291;12.464679441521291;1.0  0.0  0.0  0.0  0.0  1.0  0.0  0.0  0.0  0.0  1.0  0.0  0.0  0.0  0.0  1.0
27844314102696;10.865536856965761;10.865536856965761;1.0  3.469446951953614e-18  5.551115123125783e-17  1.7763568394002505e-15  0.0  1.0  -1.3877787807814457e-17  0.0  0.0  0.0  1.0  0.0  0.0  0.0  0.0  1.0
27844314102727;12.326628554608499;12.326628554608499;1.0  0.0  0.0  0.0  0.0  1.0  0.0  0.0  0.0  0.0  1.0  0.0  0.0  0.0  0.0  1.0
27844314102758;6.140194318079895;6.140194318079895;1.0  0.0  0.0  0.0  0.0  1.0  0.0  0.0  0.0  0.0  1.0  0.0  0.0  0.0  0.0  1.0
27844314102789;11.79753658561828;11.79753658561828;1.0  0.0  0.0  0.0  0.0  1.0  0.0  0.0  0.0  0.0  1.0  0.0  0.0  0.0  0.0  1.0
27844314102820;13.718009914125455;3.601831127628719;0.7970135908174775  -0.26192178535065136  -0.5442116448689397  -3.760843294384973  0.04581415400770854  0.9246932567634223  -0.37794635093993434  0.28368044091511524  0.6022212212673911  0.2762957821881858  0.7489928179897525  -3.7042734081370905  0.0  0.0  0.0  1.0
27844314102851;14.126286162245718;14.126286162245718;1.0  0.0  0.0  0.0  0.0  1.0  0.0  0.0  6.938893903907228e-18  5.551115123125783e-17  1.0  0.0  0.0  0.0  0.0  1.0
27844314102882;16.65338049572903;3.695535496976804;-0.8092372606330293  0.19636829421460206  0.5536917454959919  -50.72520283128431  0.17631335539488857  -0.8178578115308113  0.5477428236201981  -171.17806842583963  0.560400443176615  0.5408771516206607  0.6272186621443712  59.57775778909139  0.0  0.0  0.0  1.0
27844314102913;3.6628597101339557;3.6628597101339557;1.0  -4.208059681959364e-18  7.589415207398531e-19  0.0  -5.976664475826343e-18  1.0  0.0  0.0  -7.047314121155779e-19  -6.938893903907228e-18  1.0  0.0  0.0  0.0  0.0  1.0
27844314102944;9.703443455187617;9.703443455187617;1.0  0.0  0.0  0.0  0.0  1.0  0.0  0.0  0.0  0.0  1.0  0.0  0.0  0.0  0.0  1.0
27844314102975;6.1736923351409825;6.1736923351409825;1.0  0.0  -2.7755575615628914e-17  0.0  -5.551115123125783e-17  1.0  1.1102230246251565e-16  0.0  0.0  0.0  1.0  0.0  0.0  0.0  0.0  1.0
27844314103006;8.779326562990162;9.030772912775419;-0.658537211557037  -0.7464045565401695  -0.09596342517206694  -24.63288610111806  -0.7075425573771827  0.5706621946492116  0.41680713657314145  -19.056466033823227  -0.2563440471219064  0.34238121673686783  -0.9039152791777246  27.8298167750899  0.0  0.0  0.0  1.0
27844314103037;4.983612374719573;4.983612374719573;1.0  0.0  0.0  0.0  0.0  1.0  0.0  0.0  0.0  0.0  1.0  0.0  0.0  0.0  0.0  1.0
27844314103068;8.080951485631328;8.080951485631328;1.0  0.0  5.551115123125783e-17  0.0  5.551115123125783e-17  1.0  0.0  0.0  0.0  0.0  1.0  0.0  0.0  0.0  0.0  1.0
27844314103099;5.35424278701302;5.35424278701302;1.0  1.734723475976807e-18  0.0  0.0  0.0  1.0  6.938893903907228e-18  0.0  0.0  0.0  1.0  0.0  0.0  0.0  0.0  1.0
