# registration_from_features.py RANSAC RANSAC_config.json l2 True --use_random_keypoints=True --n_keypoints=5000 --input_txt=/neural_comparison/point_clouds_registration_benchmark//eth/plain_global.txt --input_pcd_dir=/neural_comparison/point_clouds_registration_benchmark//eth/plain/ --input_features_dir=/neural_comparison/experiments/FCGF/3dmatch_normalized_5cm_32/eth/plain/ --output_dir=/root/neural_registration_comparison/results/FCGF/3dmatch_normalized_5cm_32/RANSAC
id;initial_error;final_error;transformation
4215528470030;7.9427285406441825;0.21438347122436213;0.5920422696085873  0.6715890724193857  0.44548183891555215  -0.5834455549595026  -0.5551700532899042  0.7405618266320665  -0.37862170152470354  5.367106682867584  -0.5841850416835382  -0.02315812475668111  0.8112900457487175  11.606070348162232  0.0  0.0  0.0  1.0
4215528470061;8.5731783167614;9.669812932199243;0.8150496181988085  0.20608286677326088  0.5415015899297904  3.1605897632782094  -0.3682772789678553  -0.5372393660839193  0.7587790912550114  8.523864421085536  0.4472873412807575  -0.8178653407207465  -0.361981102790917  2.1185629344611874  0.0  0.0  0.0  1.0
4215528470092;7.21989676751356;7.209599154221853;-0.5607360208229925  0.7970557960063547  -0.22422571887335466  -7.058002912873893  -0.5904812506621054  -0.1951056287327825  0.7831128183431182  13.24138221904614  0.5804369109284081  0.5715206485241472  0.5800492571691005  -4.447617113734919  0.0  0.0  0.0  1.0
4215528470123;3.699125908164359;7.5463052636454995;-0.5302234813650509  -0.7977524764767243  0.2871481256849485  9.126129677462199  -0.7215436056561516  0.24671465472458784  -0.6469209412910105  10.093658779897392  0.4452391323163826  -0.5502025676233986  -0.7064271014299874  6.108943960546065  0.0  0.0  0.0  1.0
4215528470154;6.304867582126328;6.304867582126328;1.0  0.0  0.0  0.0  0.0  1.0  0.0  0.0  0.0  0.0  1.0  0.0  0.0  0.0  0.0  1.0
4215528470185;10.45878331764484;10.416875190293865;0.016519596701946193  0.9301915552181459  0.366702568201604  12.459602396922715  0.4996824406115829  -0.325350275995154  0.8027855606912276  10.237172520489086  0.8660511309785679  0.16997314055674834  -0.47017504189399384  -12.1953941605578  0.0  0.0  0.0  1.0
4215528470216;5.914600834043442;5.965985870121902;0.037227411611713834  -0.8176931213579569  -0.5744493703613701  6.222829474030984  0.9553665098694577  -0.1394641775054714  0.26043151693405764  -7.291925224316531  -0.2930681689377815  -0.5585048813364165  0.7760047331549289  -4.5236443960728  0.0  0.0  0.0  1.0
4215528470247;6.661053221913973;4.209214013283337;-0.45988277794154037  -0.8863593128514925  -0.05361901784070672  27.850329806112086  0.5903462943232709  -0.35028766738829054  0.7271793471038983  -12.703399651054893  -0.6633242671058808  0.3027634697203415  0.6843502013379885  11.16487788765535  0.0  0.0  0.0  1.0
4215528470278;5.936222330533173;8.802053655706093;0.06872310727378605  -0.5633886719575087  0.8233288157453206  13.003773313480686  0.9079978832635092  -0.3065740972000656  -0.285573400223047  -3.8842762915238787  0.4133001070839731  0.7672063133446707  0.4904869970228123  -0.23235538739651052  0.0  0.0  0.0  1.0
4215528470309;13.3828056546087;4.38423893255518;0.8535274403404591  -0.43618931360990243  0.28500840562760044  -0.3814030222141085  0.3777137025986177  0.14117431344785905  -0.9150968102292616  -9.38931524925376  0.35891958354916753  0.8887118182600298  0.28525083107651844  -9.539702071933258  0.0  0.0  0.0  1.0
4215528470340;6.643852363898183;8.32538673700969;0.5339642835694837  0.0063205115130876705  -0.8454834090662813  3.0930233226131367  -0.005150301379755072  0.9999778209968827  0.004222784629183962  3.0729917882930122  0.8454913472459824  0.0020996781990836808  0.5339849933131406  -6.939617326251815  0.0  0.0  0.0  1.0
4215528470371;8.616592423121881;3.106035179396638;0.1241510012035576  -0.433089771326114  -0.8927596422738029  9.863946093477047  -0.3405605125184858  -0.8636664538699756  0.3716164605783864  8.927167466924628  -0.9319898423337568  0.25790212568405735  -0.2547183294432189  9.553884203443696  0.0  0.0  0.0  1.0
4215528470402;8.051064745866395;5.222735527036407;0.965721000163395  -0.1832761416071496  0.18382819631658012  -0.6874706439197604  -0.22313630522982286  -0.22425390881287943  0.9486413303617588  13.632000148230379  -0.13263913122376209  -0.9571415988764365  -0.2574622701843221  5.111801848430558  0.0  0.0  0.0  1.0
4215528470433;3.035557231842426;5.201143196765576;-0.23446044591400628  0.8735171546548439  0.4266099856139214  3.6806884512394955  0.9045322943422431  0.35680853088952397  -0.2334716273477694  -3.2637330514936886  -0.3561595538431642  0.33114264722044523  -0.873781963305534  7.134849103063057  0.0  0.0  0.0  1.0
4215528470464;11.371431429449434;10.882528803452834;-0.2502015865180217  0.8932780401408439  0.37343474544557054  8.887053020203851  -0.7769301999565565  -0.41539421336011645  0.47310370100263965  20.856189986650786  0.5777357791407158  -0.17176143487134476  0.7979469775565342  -14.857547973754635  0.0  0.0  0.0  1.0
4215528470495;6.926527848736154;6.926527848736154;1.0  -2.168404344971009e-19  -2.0816681711721685e-17  0.0  -3.2526065174565133e-19  1.0  -3.469446951953614e-18  0.0  -6.938893903907228e-18  0.0  1.0  0.0  0.0  0.0  0.0  1.0
4215528470526;13.514784535064075;3.6890809822863795;0.22857410178559398  -0.7079000105719312  -0.668304911717077  19.2527432038884  -0.9623805493256687  -0.26788581448347204  -0.04539679149622139  17.889724849096176  -0.1468930164185271  0.6535401788955194  -0.7425009604685234  6.058330978076643  0.0  0.0  0.0  1.0
4215528470557;10.446360986706342;0.35461509985844875;0.06606752674897964  0.036261985507051675  -0.997156031078567  -1.8160283451388883  -0.9793536060768049  -0.18898920377994977  -0.0717606794768596  13.309629963287211  -0.1910539090770792  0.9813094054688909  0.02302725699383576  -3.1153761304601066  0.0  0.0  0.0  1.0
4215528470588;3.580277951137834;6.994614285266376;0.9805266172364298  0.1888148341268998  -0.054004734093558826  0.07475780664541709  -0.1570167389332881  0.5885686241994998  -0.7930527840583267  -1.8420310126737538  -0.11795463783014343  0.7860890108769737  0.6067542916146711  7.645671907989005  0.0  0.0  0.0  1.0
4215528470619;3.9070449392142814;3.9070449392142814;1.0  0.0  3.469446951953614e-17  0.0  0.0  1.0  -1.0408340855860843e-17  0.0  -3.122502256758253e-17  6.591949208711867e-17  1.0  1.1102230246251565e-16  0.0  0.0  0.0  1.0
4215528470650;5.1845358049870764;8.999150429742281;-0.4086267642932584  -0.9096677504196409  -0.07435557376344724  25.668553841472594  -0.5504676693236437  0.31061406662900587  -0.7749220906914369  14.175963751183165  0.7280175221329617  -0.27572356710782187  -0.6276679074229626  1.7861090820945886  0.0  0.0  0.0  1.0
4215528470681;3.380804448922173;3.380804448922173;1.0  0.0  0.0  0.0  0.0  1.0  0.0  0.0  0.0  0.0  1.0  0.0  0.0  0.0  0.0  1.0
4215528470712;10.187008660188404;10.187008660188404;1.0000000000000002  6.938893903907228e-18  -5.551115123125783e-17  -3.552713678800501e-15  0.0  1.0  -3.469446951953614e-18  0.0  0.0  6.938893903907228e-18  1.0  0.0  0.0  0.0  0.0  1.0
4215528470743;11.416465271917176;11.416465271917176;1.0  1.3877787807814457e-17  0.0  0.0  1.3877787807814457e-17  1.0  0.0  0.0  0.0  0.0  1.0  0.0  0.0  0.0  0.0  1.0
4215528470774;8.6384432610346;11.065648073099457;0.36195549815798017  -0.8529126707796948  -0.3762023303711131  18.860748610503066  0.7905928951696681  0.49469098168486103  -0.36089292975467296  3.3247345547795852  0.4939140527059852  -0.16679570936662882  0.8533628184286166  -10.375365890875013  0.0  0.0  0.0  1.0
4215528470805;4.364926864890053;13.699915475975333;-0.19744218595470386  0.8531534071291779  -0.4828517858611515  24.23983144043656  -0.05855457190254759  -0.5019319343914799  -0.8629227632571388  10.045162818636026  -0.9785642264638215  -0.1421041770740828  0.14905857084837548  12.550720043783125  0.0  0.0  0.0  1.0
4215528470836;7.998596834151955;2.4517018405060274;0.8338882604739308  0.08982925363362801  0.5445742137077245  6.791140561764793  -0.5376875844739174  0.3549378464181947  0.7647948657533059  7.050318421852598  -0.12458904665485065  -0.9305642537577075  0.34427857772739207  7.098794567207256  0.0  0.0  0.0  1.0
4215528470867;4.496746515697113;11.148930321268631;0.8142383778506428  -0.47632808096163565  0.3318545213230639  3.9036979174634983  0.5786163541297895  0.6194986689687393  -0.5304945936383436  -16.355081503913176  0.04710603749737871  0.6239655106120583  0.7800308088773991  -3.38345555425144  0.0  0.0  0.0  1.0
4215528470898;3.0735426127890535;7.832944095412801;0.32174973336892365  0.3917299331740326  0.8619888447842551  0.8907756502330733  0.9407043002797842  -0.2356048000108924  -0.24406105311366  -2.303509025894208  0.1074826893604165  0.889403191846811  -0.4443078142690683  6.1292070318847465  0.0  0.0  0.0  1.0
4215528470929;7.751781789465057;7.566150700444237;0.9397736737338802  -0.2136991016085092  -0.26675482400219747  -1.9414221201302961  -0.2045979423786255  -0.9768932593700509  0.061800014334882754  4.201434800649079  -0.27379759701494866  -0.0035005383978770066  -0.9617809636813187  1.999891404637543  0.0  0.0  0.0  1.0
4215528470960;7.051327912203398;7.051327912203398;1.0  0.0  0.0  0.0  0.0  1.0  -8.673617379884035e-19  0.0  0.0  -8.673617379884035e-19  1.0  0.0  0.0  0.0  0.0  1.0
4215528470991;7.811575106800094;7.811575106800094;1.0  0.0  0.0  0.0  0.0  1.0  0.0  0.0  0.0  0.0  1.0  0.0  0.0  0.0  0.0  1.0
4215528471022;6.397326685010671;5.849744003074199;-0.7509409897758169  0.12529542974124913  0.6483738776049442  25.161275264195083  -0.634104755078973  -0.41096027051857753  -0.6549983325486652  19.267669317868062  0.18438760658122036  -0.9030020550038921  0.3880573400903475  8.230180576833389  0.0  0.0  0.0  1.0
4215528471053;4.989390319330123;6.2962516687501715;0.31178797964273286  0.32655578216966413  0.8922721428364006  3.8613560641453546  -0.9320499882719568  0.2875496964615598  0.22044952126759104  11.568899322506141  -0.1845835179872464  -0.9003757511152904  0.39402085184800567  4.36395908718752  0.0  0.0  0.0  1.0
4215528471084;7.283065117516562;7.7695199181201575;-0.608373180798752  0.7823290339468348  -0.13357902353521622  0.11286649571980423  -0.7492232819643205  -0.5106010889955533  0.421842389618644  1.391533789403594  0.2618139542641339  0.3567181107826848  0.8967751350211549  -1.2963267205754807  0.0  0.0  0.0  1.0
4215528471115;13.751336068378958;7.032443322082431;-0.6140231613999935  -0.7819230444306406  -0.10757281186561815  19.657207445061804  0.5460124788746399  -0.3223874291632338  -0.7732636797565835  -11.841083585379966  0.5699525683576909  -0.5335379069061909  0.6248930882292048  -2.740961751688369  0.0  0.0  0.0  1.0
4215528471146;11.525962444638278;14.207433147900316;-0.7568903327459602  0.5844424046433395  0.2924792297761012  24.752033545251663  0.5363758032638587  0.8112029002022657  -0.23291812376129986  -14.465650417111164  -0.37338722777936695  -0.019414694387103915  -0.9274723973106127  13.279591287786467  0.0  0.0  0.0  1.0
4215528471177;6.697705102568167;9.542562445259671;-0.3373700860567783  -0.2319204778906149  0.9123564637624001  22.686197129334396  -0.05197765430145085  0.9722880454056673  0.22793481571393925  1.7870566989492536  -0.9399360342530557  0.029476239519611397  -0.34007558397571225  26.046761573173463  0.0  0.0  0.0  1.0
4215528471208;6.121585792418238;12.941364907336107;0.8509486957625175  -0.32734897537958374  -0.4107663149504925  4.0695087086985176  -0.5246839963444375  -0.5660211416936092  -0.6358669445221177  14.86666986078295  -0.024352025790492504  0.7566126588114954  -0.6534097208996048  -7.061049259370439  0.0  0.0  0.0  1.0
4215528471239;7.5967337800512365;10.28126001107472;0.08377794719694137  -0.5786093027965624  -0.8112906570895184  11.921797557171939  0.9963223387814211  0.03395286211764628  0.07867020019766041  -7.472807243750156  -0.017973669869739417  -0.8148978327810766  0.5793258748926354  18.313232603969375  0.0  0.0  0.0  1.0
4215528471270;4.659737430181631;13.47370179371877;-0.503283658213596  -0.2504694660406475  -0.8270251543674196  30.709999772444124  0.45082725648710936  -0.8926021659863179  -0.004019712034582706  -4.2222377988036275  -0.7371976289865882  -0.37486853676702164  0.562150545635869  6.066225272171396  0.0  0.0  0.0  1.0
4215528471301;12.269791784026703;4.0585183514544525;0.85285908961067  0.5085698884337193  0.11827105244722563  8.540393199340366  -0.4911864024038381  0.7046132000955994  0.5121095159676434  11.070981695925383  0.17710813465799635  -0.49485038832919326  0.8507383862318739  -0.5238988869981069  0.0  0.0  0.0  1.0
4215528471332;10.27674754914434;10.27674754914434;1.0  2.7755575615628914e-17  0.0  0.0  0.0  1.0  0.0  0.0  0.0  0.0  1.0  0.0  0.0  0.0  0.0  1.0
4215528471363;7.251183878607266;9.56170123353992;-0.9077036219860442  0.4194850293666129  -0.01031720750534873  29.487907759101525  0.32144106393979965  0.6793259144603909  -0.6596907945058827  -6.1685726067615825  -0.26972166588293617  -0.6021200977212483  -0.7514663072111011  12.65186926020797  0.0  0.0  0.0  1.0
4215528471394;7.752494131188369;7.0548614694987455;-0.8788057402905887  0.29148866166632154  0.37780263491972504  18.39030326738779  -0.06622314661122211  -0.8585799775276911  0.5083846152682616  3.8416834133616  0.47256212891557264  0.42175203889077595  0.7738283091269379  -7.803988655142926  0.0  0.0  0.0  1.0
4215528471425;6.845520635125362;7.46865780431626;-0.10955403770236333  0.5264238376091133  -0.8431345420631297  10.574212742255437  -0.5217317289343213  -0.7524508660281316  -0.40201206105876863  5.375777074992214  -0.8460460483013401  0.39584799786080704  0.3570860494940647  9.888185812086176  0.0  0.0  0.0  1.0
4215528471456;8.696136189115853;14.226970056075919;-0.7478830625086658  0.12318954219059364  0.6522999781599947  25.466478498176244  0.07099014450191835  0.9918373541062808  -0.10592007544864321  -7.569758803051533  -0.6600237300251064  -0.03290896069950455  -0.7505236013007337  15.815837935786766  0.0  0.0  0.0  1.0
4215528471487;4.397592397978111;14.258866284335564;0.060139040875025696  -0.03944180536529224  0.9974104670355923  12.371348912931447  0.5205758346152326  -0.8513335654340315  -0.06505352242603846  -15.136719786104194  0.8516948374724875  0.5231400427752657  -0.030665933343150042  -12.007316745905769  0.0  0.0  0.0  1.0
4215528471518;4.316883413942118;8.312970719936708;0.8047076991872173  -0.4439394795758047  -0.39416146100650123  3.9821933930704336  0.4736132595332139  0.07972844094821252  0.8771167858947246  -7.209116873705456  -0.3579608906893887  -0.892502725025493  0.27441371423259536  11.51691068756953  0.0  0.0  0.0  1.0
4215528471549;1.9026528424683027;7.772619611221551;0.6126905345183045  0.6780899464572544  0.4059609998820966  -1.0867672871628669  -0.4853005267566079  0.7282147400463306  -0.48392839460917736  4.250049767345943  -0.6237737631877714  0.09948525967626101  0.7752476865271597  -5.85431699136321  0.0  0.0  0.0  1.0
4215528471580;8.32112714146523;8.32112714146523;1.0  1.3877787807814457e-17  -2.7755575615628914e-17  0.0  6.938893903907228e-18  1.0  0.0  0.0  0.0  2.7755575615628914e-17  1.0  0.0  0.0  0.0  0.0  1.0
4215528471611;14.49435390175508;14.49435390175508;1.0  -5.551115123125783e-17  0.0  0.0  0.0  1.0  0.0  0.0  0.0  5.551115123125783e-17  1.0  -4.440892098500626e-16  0.0  0.0  0.0  1.0
4215528471642;10.551955767567739;10.551955767567739;1.0  0.0  5.551115123125783e-17  0.0  0.0  1.0  -2.7755575615628914e-17  0.0  0.0  0.0  1.0  0.0  0.0  0.0  0.0  1.0
4215528471673;5.301269378770812;5.301269378770812;1.0  -3.469446951953614e-17  -6.938893903907228e-18  0.0  0.0  1.0  0.0  0.0  0.0  0.0  1.0  0.0  0.0  0.0  0.0  1.0
4215528471704;14.231622672185328;14.231622672185328;1.0  2.7755575615628914e-17  5.551115123125783e-17  0.0  0.0  1.0  6.938893903907228e-18  0.0  0.0  0.0  1.0  0.0  0.0  0.0  0.0  1.0
4215528471735;9.260585039119485;5.163594092078951;-0.6742186803684569  -0.6119859267739056  -0.4134034306496491  16.90900078966964  0.6169549966991699  -0.15903434612682996  -0.7707623555934331  8.141719762182694  0.4059503702303306  -0.7747136904577684  0.4847917024116256  -0.28819301752676285  0.0  0.0  0.0  1.0
4215528471766;10.023762998931376;7.556188089436084;-0.8261422059431415  -0.500756182410415  0.2583259594720313  4.998271815565717  0.5602363507487438  -0.6810177508339308  0.4715400877431571  -2.4604945892012244  -0.060202050290075915  0.5342827611170334  0.8431593232088642  6.4429818241488945  0.0  0.0  0.0  1.0
4215528471797;16.49642327605817;11.72379283664716;0.8618172115663633  0.42588298953422354  0.27549005984494385  7.819967550729103  -0.37860971362744517  0.9015712984493316  -0.2093415356763444  2.962385665575937  -0.33752893001181683  0.07611092587650559  0.938233099164221  -5.971860383007725  0.0  0.0  0.0  1.0
4215528471828;6.120378490255965;6.120378490255965;1.0  0.0  0.0  0.0  0.0  1.0  0.0  0.0  0.0  0.0  1.0  0.0  0.0  0.0  0.0  1.0
4215528471859;3.3560635566366703;7.764079676737581;-0.8060811087116061  0.2883390764928969  -0.5168112064821074  1.4566617241745208  0.3766768573544068  0.9235221119068695  -0.07225962878871911  0.152701352333787  0.45645130223483443  -0.2529179427923196  -0.8530443850713898  -5.282243969222435  0.0  0.0  0.0  1.0
4215528471890;6.397138347400414;7.400806128492073;-0.4796787645587416  0.4529816257245123  -0.7514758343335974  11.125676004332497  -0.8454641014086918  -0.4677207180940423  0.25773587855552016  5.2065109403063  -0.2347311995892151  0.758976268813176  0.6073353993617011  3.2655442869738502  0.0  0.0  0.0  1.0
4215528471921;4.826841366204702;6.976031875246781;0.4537216196434758  -0.6673369372133141  0.5905913173243024  0.28414507961527935  -0.7849916126295591  -0.6129952143272588  -0.0895825614342591  9.615489779217004  0.421811403318291  -0.42296368572565657  -0.8019830799886138  7.181200027732375  0.0  0.0  0.0  1.0
4215528471952;10.627445185868936;7.032904973169207;0.21160056601037108  -0.5216468687708627  0.8265045340260662  5.145663700057366  0.5108688035554411  -0.6618977731489326  -0.5485475398307029  0.6092487569788887  0.8332096170939958  0.5383083523428172  0.12643516828809429  -10.201638973516097  0.0  0.0  0.0  1.0
4215528471983;2.5890048286559675;6.972415874810635;-0.14451254119482  -0.9885235204672418  -0.04401562132317956  10.965648703990716  -0.11721139817065898  -0.02706811102319391  0.9927380346821183  4.256307176758508  -0.9825363166704295  0.14862222864930458  -0.11195454244924222  11.99774722971125  0.0  0.0  0.0  1.0
4215528472014;9.471090222260203;8.199601263749747;-0.015131604258123849  0.11678264478777933  -0.9930422188552445  8.749933543663136  -0.7176526300676738  -0.6928193782061722  -0.07054085156108247  14.4859654699741  -0.6962368398106533  0.7115919638798512  0.09429284083158443  1.9727953782673247  0.0  0.0  0.0  1.0
4215528472045;3.9958979372442767;7.620481991712361;0.5358556266241041  0.8372942067683828  -0.108614726107434  2.7453701080671524  -0.7350709883483095  0.5259363861597877  0.4278569384757266  5.619824214997539  0.4153665724440615  -0.1494300138034087  0.8972966518776195  7.288399516730847  0.0  0.0  0.0  1.0
4215528472076;8.69484171943448;8.032448295646534;-0.12479606787737547  0.8448004213027472  -0.5203250807034453  6.1526225056611725  -0.2519894838530209  -0.5342163307941004  -0.8069164838695372  8.789603947625386  -0.959649540962655  0.030416444229886708  0.27954891960187667  0.9115883058346359  0.0  0.0  0.0  1.0
4215528472107;10.315265354533507;4.141821264749187;0.9157215196949028  -0.15629733724777586  0.3701692055491831  -3.038067431495117  0.40180398084897817  0.3625339430025807  -0.8409058812643163  1.1467376886744978  -0.0027675515482710744  0.9187710718891064  0.39478102552955996  -9.351017797860814  0.0  0.0  0.0  1.0
4215528472138;6.670306263270432;2.4453628228786357;0.5423855897152816  -0.1372046440195534  -0.8288502625496803  -1.8206696798513438  -0.2001401492222386  0.9370688946214728  -0.28608706262638256  1.5965140831273832  0.8159422729203987  0.3210557154021077  0.48079250708505683  -1.315838904119683  0.0  0.0  0.0  1.0
4215528472169;13.267182160692693;7.039280329307141;0.4002584710824469  0.8886756545345224  0.22371575126570808  5.76279458236664  -0.083071689384276  -0.2079332905790691  0.9746090709057674  -7.042914891982971  0.9126293063175126  -0.4086799820233414  -0.009403273037460635  -5.792790612499669  0.0  0.0  0.0  1.0
4215528472200;8.200847505154186;8.200847505154186;1.0  0.0  0.0  0.0  0.0  1.0  -1.734723475976807e-18  0.0  -2.7755575615628914e-17  1.734723475976807e-18  1.0  0.0  0.0  0.0  0.0  1.0
4215528472231;10.278644612899345;10.278644612899345;1.0  0.0  0.0  0.0  0.0  1.0  0.0  0.0  0.0  -2.7755575615628914e-17  1.0  0.0  0.0  0.0  0.0  1.0
4215528472262;4.061839555975304;7.04266608812215;-0.19697083788581157  0.8440410958178415  0.4987956671756265  11.77148061267273  -0.1039106865840535  0.48792446179273175  -0.8666788844767728  3.2408864316656985  -0.974887202827174  -0.2225406662947007  -0.00840200029270921  16.952209968706384  0.0  0.0  0.0  1.0
4215528472293;4.76530520571006;4.1451257605420695;-0.9364763912283803  -0.14570058630701385  0.3190349633216752  21.48865205856854  0.1868571139081224  0.5625235758847528  0.805389126792607  -1.4355474613088663  -0.2968103563789463  0.8138418554753887  -0.4995648572733873  4.156505984588968  0.0  0.0  0.0  1.0
4215528472324;7.620481991712362;7.620481991712362;1.0  1.734723475976807e-18  0.0  0.0  2.168404344971009e-18  1.0  -1.734723475976807e-18  0.0  0.0  -6.071532165918825e-18  1.0  0.0  0.0  0.0  0.0  1.0
4215528472355;4.274579483987271;6.959536138688268;0.4990721597277715  0.8098069410192075  0.30844723643075633  1.7701164957482662  0.7425784824816533  -0.21619139036898818  -0.6339073119041684  -0.5445561600080664  -0.4466589042433863  0.5454117719736504  -0.709240313471154  10.250823256939924  0.0  0.0  0.0  1.0
4215528472386;6.98607721477994;7.5630827847739335;0.8488927328819657  -0.08187473550035398  -0.5221854610642997  -2.973769496207238  -0.23721538101661993  0.8238374941453267  -0.5148015600690121  -3.083089224676038  0.4723452032881549  0.5608817263265902  0.6799277152783052  7.054806290055673  0.0  0.0  0.0  1.0
4215528472417;3.9350110134314358;4.938018803192662;-0.4535396774761693  0.5102761813425101  -0.7306982822679393  -0.3006317272468664  0.08182352591145131  -0.7925676204529646  -0.6042693750447247  -0.03416397282085004  -0.8874720680462174  -0.3338484472991142  0.3177082666122176  -2.3444338763324164  0.0  0.0  0.0  1.0
4215528472448;8.44720383204338;2.4526590781234443;0.9220546011050409  0.26594981387087335  0.2812223481216791  -3.5238729986204795  -0.3864354218866222  0.5912709282530783  0.7078604058103902  0.7199194798976238  0.021976744352418642  -0.7613602208578999  0.6479565084192593  -4.540808946735485  0.0  0.0  0.0  1.0
4215528472479;4.6646235313045;7.648824993455753;0.1048386631836446  0.6479538703828289  0.7544300077262164  6.219531267164942  0.9397302760249594  -0.3128016200080294  0.13806576274517415  -0.5013494431274438  0.3254471739375235  0.6944860894044349  -0.6416955731496166  6.35434981693087  0.0  0.0  0.0  1.0
4215528472510;4.403148072732226;2.455632919025341;-0.15300706491774746  -0.9251864072550352  0.34730238973519406  6.797991974952396  0.9816699031805108  -0.10188458394256278  0.16107058311317196  -0.5892141005181228  -0.11363555462452099  0.3655812404724444  0.9238167119833924  -4.051775791871484  0.0  0.0  0.0  1.0
4215528472541;10.318454924319978;7.0229634597178805;0.008799032434246953  0.9926769921162928  0.12047807415115144  8.065453410380703  -0.2787784914824907  0.11814108085970913  -0.9530609832009953  0.022608231938618717  -0.9603151200074738  -0.02520068126557264  0.2777765215938581  18.36239875951142  0.0  0.0  0.0  1.0
4215528472572;7.24244761931414;6.960188278925397;0.8788111187107526  -0.22280181281035022  0.4219601519560558  7.346532812572134  -0.4178044745798217  0.067879598171845  0.9059976717260967  3.7097655155953495  -0.2305004092218388  -0.9724976670205698  -0.03343424872962486  11.491323262740883  0.0  0.0  0.0  1.0
4215528472603;5.1560174420135;5.1560174420135;1.0  -5.969888212248309e-18  2.168404344971009e-19  0.0  -5.9631119486702744e-18  1.0  0.0  0.0  -2.168404344971009e-19  1.3877787807814457e-17  1.0  0.0  0.0  0.0  0.0  1.0
4215528472634;2.054122432201142;4.919819012287022;0.15547915993416334  -0.28699400846352463  -0.945230485084038  2.3868026824009085  -0.8195357029747938  -0.5717142598647299  0.038781910950006965  1.828790834712735  -0.5515319232608181  0.7686203511314038  -0.3240914893218587  -5.724878592949407  0.0  0.0  0.0  1.0
4215528472665;3.1616134532515607;4.934635397959957;0.2362062525968966  -0.8634565900510941  -0.4457009348559507  0.5359038539455291  0.44625167146489575  -0.3110567748672182  0.8391085320290765  -1.6523225984730612  -0.8631720871002014  -0.39709746902560566  0.3118453914114178  -2.8451348417464546  0.0  0.0  0.0  1.0
4215528472696;6.874583370600295;11.119052691008001;-0.9752061013584485  0.026282236809294632  0.21973234605208827  32.42356918520028  -0.037389549105302414  -0.9982162611246543  -0.04654371755691028  -0.9737505309701362  0.21811712791744886  -0.0536054106841411  0.9744492693077601  -6.934035129196651  0.0  0.0  0.0  1.0
4215528472727;10.234961895922138;5.285391765523663;0.5863291384945615  0.617439276199374  0.5243919159928188  -6.025215962934281  0.8062715443636975  -0.5074432203757109  -0.3040190369764802  1.5234086410044592  0.07838582844879705  0.6010574999957337  -0.7953524650098689  1.577054604552849  0.0  0.0  0.0  1.0
4215528472758;6.7270965623001775;7.8862510263757475;0.5141442083856622  -0.811229181457239  -0.2785012533826371  6.340404567522883  0.7988087779300678  0.5711408557297515  -0.18895147318335553  -3.336451237356956  0.3123463931044405  -0.12532094026341545  0.9416657542069482  0.25682586787076467  0.0  0.0  0.0  1.0
4215528472789;6.2551636084248825;6.2551636084248825;1.0  0.0  0.0  0.0  0.0  1.0  0.0  0.0  0.0  0.0  1.0  0.0  0.0  0.0  0.0  1.0
4215528472820;11.132084316276776;11.132084316276776;1.0  -2.7755575615628914e-17  0.0  0.0  -2.7755575615628914e-17  1.0  0.0  4.440892098500626e-16  0.0  0.0  1.0  0.0  0.0  0.0  0.0  1.0
4215528472851;7.769777714220737;7.769777714220737;1.0  3.469446951953614e-18  0.0  0.0  5.204170427930421e-18  1.0  -1.3877787807814457e-17  -9.71445146547012e-17  0.0  -1.3877787807814457e-17  1.0  0.0  0.0  0.0  0.0  1.0
4215528472882;7.042666088122157;7.042666088122157;1.0  0.0  5.204170427930421e-18  0.0  0.0  1.0  0.0  0.0  0.0  1.3877787807814457e-17  1.0  0.0  0.0  0.0  0.0  1.0
4215528472913;11.695730771155905;4.154306281114511;0.5737856055905484  -0.4466817983235711  0.6864731967553495  11.274678200730591  0.7683663141122852  0.5837476850952796  -0.26239635569764225  -7.3031557949080925  -0.28351946344931733  0.6780221317865097  0.6781612659634049  -2.969438900185279  0.0  0.0  0.0  1.0
4215528472944;6.966974866703557;6.966974866703557;1.0  3.469446951953614e-18  0.0  0.0  3.469446951953614e-18  1.0  -8.673617379884035e-19  0.0  0.0  3.0357660829594124e-18  1.0  0.0  0.0  0.0  0.0  1.0
4215528472975;4.140007954611918;4.140007954611918;1.0  -4.85722573273506e-17  2.5153490401663703e-17  0.0  0.0  1.0  1.3877787807814457e-17  0.0  2.6020852139652106e-17  -5.551115123125783e-17  1.0  2.220446049250313e-16  0.0  0.0  0.0  1.0
4215528473006;2.4517018405060282;2.4517018405060282;1.0  0.0  0.0  0.0  0.0  1.0  0.0  0.0  0.0  0.0  1.0  0.0  0.0  0.0  0.0  1.0
4215528473037;9.53731782294903;9.53731782294903;1.0  -6.208073877016218e-17  1.0408340855860843e-17  0.0  -6.463708420497566e-18  1.0  3.415236843329339e-18  0.0  -1.0408340855860843e-17  -5.421010862427522e-18  1.0  0.0  0.0  0.0  0.0  1.0
4215528473068;7.896574012257276;7.896574012257276;1.0  -6.938893903907228e-18  0.0  0.0  -6.938893903907228e-18  1.0  1.3877787807814457e-17  -1.1102230246251565e-16  5.551115123125783e-17  2.7755575615628914e-17  1.0  0.0  0.0  0.0  0.0  1.0
4215528473099;4.933808374600305;4.933808374600305;1.0  0.0  0.0  0.0  0.0  1.0  0.0  0.0  0.0  0.0  1.0  0.0  0.0  0.0  0.0  1.0
