# registration_from_features.py RANSAC RANSAC_config.json euclidean True --use_random_keypoints=True --n_keypoints=5000 --input_txt=/neural_comparison/point_clouds_registration_benchmark//kaist/urban05_global.txt --input_pcd_dir=/neural_comparison/point_clouds_registration_benchmark//kaist/urban05/ --input_features_dir=/neural_comparison/experiments/FCGF/3dmatch_normalized_5cm_32_2023/kaist/urban05/ --output_dir=/root/neural_registration_comparison/results/FCGF/3dmatch_normalized_5cm_32_new
id;initial_error;final_error;transformation
34562489690030;3.026378295279987;3.026378295279987;1.0  0.0  0.0  0.0  0.0  1.0  0.0  0.0  0.0  0.0  1.0  0.0  0.0  0.0  0.0  1.0
34562489690061;2.3389289960652655;2.3389289960652655;1.0  0.0  0.0  0.0  0.0  1.0  0.0  0.0  0.0  0.0  1.0  0.0  0.0  0.0  0.0  1.0
34562489690092;2.8315574878443655;2.8315574878443655;1.0  0.0  0.0  0.0  0.0  1.0  0.0  0.0  0.0  0.0  1.0  0.0  0.0  0.0  0.0  1.0
34562489690123;1.8101091339027975;1.8101091339027975;1.0  0.0  0.0  0.0  0.0  1.0  0.0  0.0  0.0  0.0  1.0  0.0  0.0  0.0  0.0  1.0
34562489690154;2.62470578061902;2.62470578061902;1.0  0.0  0.0  0.0  0.0  1.0  0.0  0.0  0.0  0.0  1.0  0.0  0.0  0.0  0.0  1.0
34562489690185;5.512606798611554;5.512606798611554;1.0  0.0  0.0  0.0  0.0  1.0  0.0  0.0  0.0  0.0  1.0  0.0  0.0  0.0  0.0  1.0
34562489690216;1.5460191220852306;1.5460191220852306;1.0  0.0  0.0  0.0  0.0  1.0  0.0  0.0  0.0  0.0  1.0  0.0  0.0  0.0  0.0  1.0
34562489690247;5.3501947700473025;5.3501947700473025;1.0  0.0  0.0  0.0  0.0  1.0  0.0  0.0  0.0  0.0  1.0  0.0  0.0  0.0  0.0  1.0
34562489690278;1.7336325432466153;1.7336325432466153;1.0  0.0  0.0  0.0  0.0  1.0  0.0  0.0  0.0  0.0  1.0  0.0  0.0  0.0  0.0  1.0
34562489690309;1.8806280573322476;1.8806280573322476;1.0  0.0  0.0  0.0  0.0  1.0  0.0  0.0  0.0  0.0  1.0  0.0  0.0  0.0  0.0  1.0
34562489690340;1.342499596526476;1.342499596526476;1.0  0.0  0.0  0.0  0.0  1.0  0.0  0.0  0.0  0.0  1.0  0.0  0.0  0.0  0.0  1.0
34562489690371;2.166541248145545;2.166541248145545;1.0  0.0  0.0  0.0  0.0  1.0  0.0  0.0  0.0  0.0  1.0  0.0  0.0  0.0  0.0  1.0
34562489690402;1.8237522520831808;1.8237522520831808;1.0  0.0  0.0  0.0  0.0  1.0  0.0  0.0  0.0  0.0  1.0  0.0  0.0  0.0  0.0  1.0
34562489690433;1.485279001754726;1.485279001754726;1.0  0.0  0.0  0.0  0.0  1.0  0.0  0.0  0.0  0.0  1.0  0.0  0.0  0.0  0.0  1.0
34562489690464;3.2048953782106575;3.2048953782106575;1.0  0.0  0.0  0.0  0.0  1.0  0.0  0.0  0.0  0.0  1.0  0.0  0.0  0.0  0.0  1.0
34562489690495;1.6045786219463427;7.048797929861868;0.2967685282986517  0.9511249772056783  -0.08537984742871726  -7158335.201448817  0.9547974046388794  -0.297128310107179  0.008756907428586381  9765381.474605948  -0.017039856405297066  -0.08411923126343182  -0.9963099910295673  689039.048050083  0.0  0.0  0.0  1.0
34562489690526;5.298220209160753;3.514218927251277;0.431689119259792  -0.9015963121894028  -0.027723530784754646  7653222.6620100085  -0.8029653058474141  -0.39810377146796666  0.44357649255607456  11812764.33596057  -0.41096377202628626  -0.16922611202012888  -0.8958076250470731  1650524.1847653757  0.0  0.0  0.0  1.0
34562489690557;4.725165945981713;4.725165945981713;1.0  0.0  0.0  0.0  0.0  1.0  0.0  0.0  0.0  0.0  1.0  0.0  0.0  0.0  0.0  1.0
34562489690588;1.3460500527468555;1.3460500527468555;1.0  0.0  0.0  0.0  0.0  1.0  0.0  0.0  0.0  0.0  1.0  0.0  0.0  0.0  0.0  1.0
34562489690619;1.8205673160604245;1.8205673160604245;1.0  0.0  0.0  0.0  0.0  1.0  0.0  0.0  0.0  0.0  1.0  0.0  0.0  0.0  0.0  1.0
34562489690650;2.1392684506950816;2.1392684506950816;1.0  0.0  0.0  0.0  0.0  1.0  0.0  0.0  0.0  0.0  1.0  0.0  0.0  0.0  0.0  1.0
34562489690681;1.8732202401465774;1.8732202401465774;1.0  0.0  0.0  0.0  0.0  1.0  0.0  0.0  0.0  0.0  1.0  0.0  0.0  0.0  0.0  1.0
34562489690712;2.5869430889270166;2.5869430889270166;1.0  0.0  0.0  0.0  0.0  1.0  0.0  0.0  0.0  0.0  1.0  0.0  0.0  0.0  0.0  1.0
34562489690743;3.8819775247609996;3.8819775247609996;1.0  0.0  0.0  0.0  0.0  1.0  0.0  0.0  0.0  0.0  1.0  0.0  0.0  0.0  0.0  1.0
34562489690774;1.586561897713293;1.586561897713293;1.0  0.0  0.0  0.0  0.0  1.0  0.0  0.0  0.0  0.0  1.0  0.0  0.0  0.0  0.0  1.0
34562489690805;1.205521164189387;1.205521164189387;1.0  0.0  0.0  0.0  0.0  1.0  0.0  0.0  0.0  0.0  1.0  0.0  0.0  0.0  0.0  1.0
34562489690836;2.065099418152508;2.065099418152508;1.0  0.0  0.0  0.0  0.0  1.0  0.0  0.0  0.0  0.0  1.0  0.0  0.0  0.0  0.0  1.0
34562489690867;2.727894652051314;2.727894652051314;1.0  0.0  0.0  0.0  0.0  1.0  0.0  0.0  0.0  0.0  1.0  0.0  0.0  0.0  0.0  1.0
34562489690898;2.29580039724926;2.29580039724926;1.0  0.0  0.0  0.0  0.0  1.0  0.0  0.0  0.0  0.0  1.0  0.0  0.0  0.0  0.0  1.0
34562489690929;2.300657442855721;2.300657442855721;1.0  0.0  0.0  0.0  0.0  1.0  0.0  0.0  0.0  0.0  1.0  0.0  0.0  0.0  0.0  1.0
34562489690960;1.3464116655749152;1.3464116655749152;1.0  0.0  0.0  0.0  0.0  1.0  0.0  0.0  0.0  0.0  1.0  0.0  0.0  0.0  0.0  1.0
34562489690991;1.2386766652537227;1.2386766652537227;1.0  0.0  0.0  0.0  0.0  1.0  0.0  0.0  0.0  0.0  1.0  0.0  0.0  0.0  0.0  1.0
34562489691022;4.77837015482652;4.77837015482652;1.0  0.0  0.0  0.0  0.0  1.0  0.0  0.0  0.0  0.0  1.0  0.0  0.0  0.0  0.0  1.0
34562489691053;2.167491542430286;2.167491542430286;1.0  0.0  0.0  0.0  0.0  1.0  0.0  0.0  0.0  0.0  1.0  0.0  0.0  0.0  0.0  1.0
34562489691084;2.4865787628779126;2.4865787628779126;1.0  0.0  0.0  0.0  0.0  1.0  0.0  0.0  0.0  0.0  1.0  0.0  0.0  0.0  0.0  1.0
34562489691115;1.9042244213164048;1.9042244213164048;1.0  0.0  0.0  0.0  0.0  1.0  0.0  0.0  0.0  0.0  1.0  0.0  0.0  0.0  0.0  1.0
34562489691146;2.204368269441607;2.204368269441607;1.0  0.0  0.0  0.0  0.0  1.0  0.0  0.0  0.0  0.0  1.0  0.0  0.0  0.0  0.0  1.0
34562489691177;3.9205161639220982;3.9205161639220982;1.0  0.0  0.0  0.0  0.0  1.0  0.0  0.0  0.0  0.0  1.0  0.0  0.0  0.0  0.0  1.0
34562489691208;2.3565380774100433;2.3565380774100433;1.0  0.0  0.0  0.0  0.0  1.0  0.0  0.0  0.0  0.0  1.0  0.0  0.0  0.0  0.0  1.0
34562489691239;2.888227844794611;2.888227844794611;1.0  0.0  0.0  0.0  0.0  1.0  0.0  0.0  0.0  0.0  1.0  0.0  0.0  0.0  0.0  1.0
34562489691270;2.5432202258587244;2.5432202258587244;1.0  0.0  0.0  0.0  0.0  1.0  0.0  0.0  0.0  0.0  1.0  0.0  0.0  0.0  0.0  1.0
34562489691301;2.1034157138496146;2.1034157138496146;1.0  0.0  0.0  0.0  0.0  1.0  0.0  0.0  0.0  0.0  1.0  0.0  0.0  0.0  0.0  1.0
34562489691332;1.5400005703685937;1.5400005703685937;1.0  0.0  0.0  0.0  0.0  1.0  0.0  0.0  0.0  0.0  1.0  0.0  0.0  0.0  0.0  1.0
34562489691363;3.2280224062918226;3.2280224062918226;1.0  0.0  0.0  0.0  0.0  1.0  0.0  0.0  0.0  0.0  1.0  0.0  0.0  0.0  0.0  1.0
34562489691394;2.3976719802288198;2.3976719802288198;1.0  0.0  0.0  0.0  0.0  1.0  0.0  0.0  0.0  0.0  1.0  0.0  0.0  0.0  0.0  1.0
34562489691425;1.0094624480211292;1.0094624480211292;1.0  0.0  0.0  0.0  0.0  1.0  0.0  0.0  0.0  0.0  1.0  0.0  0.0  0.0  0.0  1.0
34562489691456;2.09075176249572;2.09075176249572;1.0  0.0  0.0  0.0  0.0  1.0  0.0  0.0  0.0  0.0  1.0  0.0  0.0  0.0  0.0  1.0
34562489691487;4.819526363868169;4.819526363868169;1.0  0.0  0.0  0.0  0.0  1.0  0.0  0.0  0.0  0.0  1.0  0.0  0.0  0.0  0.0  1.0
34562489691518;0.9081270063423241;0.9081270063423241;1.0  0.0  0.0  0.0  0.0  1.0  0.0  0.0  0.0  0.0  1.0  0.0  0.0  0.0  0.0  1.0
34562489691549;2.7018815013951687;4.767045366497351;0.171611480877569  -0.8515381537343185  -0.4954112154218512  7433178.314855669  -0.7378403228834279  -0.4443104238549153  0.508114067096301  12138654.359098405  -0.6527948816881813  0.27833616363780944  -0.7045479561059701  -1780570.9247638462  0.0  0.0  0.0  1.0
34562489691580;4.668438872941319;4.668438872941319;1.0  0.0  0.0  0.0  0.0  1.0  0.0  0.0  0.0  0.0  1.0  0.0  0.0  0.0  0.0  1.0
34562489691611;3.9959073484826004;3.9959073484826004;1.0  0.0  0.0  0.0  0.0  1.0  0.0  0.0  0.0  0.0  1.0  0.0  0.0  0.0  0.0  1.0
34562489691642;3.292173022565408;3.292173022565408;1.0  0.0  0.0  0.0  0.0  1.0  0.0  0.0  0.0  0.0  1.0  0.0  0.0  0.0  0.0  1.0
34562489691673;1.953679954832125;1.953679954832125;1.0  0.0  0.0  0.0  0.0  1.0  0.0  0.0  0.0  0.0  1.0  0.0  0.0  0.0  0.0  1.0
34562489691704;2.008186623570813;2.008186623570813;1.0  0.0  0.0  0.0  0.0  1.0  0.0  0.0  0.0  0.0  1.0  0.0  0.0  0.0  0.0  1.0
34562489691735;2.8076941945791956;2.8076941945791956;1.0  0.0  0.0  0.0  0.0  1.0  0.0  0.0  0.0  0.0  1.0  0.0  0.0  0.0  0.0  1.0
34562489691766;1.8275291698076832;1.8275291698076832;1.0  0.0  0.0  0.0  0.0  1.0  0.0  0.0  0.0  0.0  1.0  0.0  0.0  0.0  0.0  1.0
34562489691797;3.7232768051076097;3.7232768051076097;1.0  0.0  0.0  0.0  0.0  1.0  0.0  0.0  0.0  0.0  1.0  0.0  0.0  0.0  0.0  1.0
34562489691828;2.886530052875628;2.886530052875628;1.0  0.0  0.0  0.0  0.0  1.0  0.0  0.0  0.0  0.0  1.0  0.0  0.0  0.0  0.0  1.0
34562489691859;3.863192297346279;3.863192297346279;1.0  0.0  0.0  0.0  0.0  1.0  0.0  0.0  0.0  0.0  1.0  0.0  0.0  0.0  0.0  1.0
34562489691890;3.6706534983214847;3.6706534983214847;1.0  0.0  0.0  0.0  0.0  1.0  0.0  0.0  0.0  0.0  1.0  0.0  0.0  0.0  0.0  1.0
34562489691921;3.2786406111649433;3.2786406111649433;1.0  0.0  0.0  0.0  0.0  1.0  0.0  0.0  0.0  0.0  1.0  0.0  0.0  0.0  0.0  1.0
34562489691952;2.441651137137093;2.441651137137093;1.0  0.0  0.0  0.0  0.0  1.0  0.0  0.0  0.0  0.0  1.0  0.0  0.0  0.0  0.0  1.0
34562489691983;3.0513635683647133;3.0513635683647133;1.0  0.0  0.0  0.0  0.0  1.0  0.0  0.0  0.0  0.0  1.0  0.0  0.0  0.0  0.0  1.0
34562489692014;1.9745718167701451;1.9745718167701451;1.0  0.0  0.0  0.0  0.0  1.0  0.0  0.0  0.0  0.0  1.0  0.0  0.0  0.0  0.0  1.0
34562489692045;1.2175878921579373;1.2175878921579373;1.0  0.0  0.0  0.0  0.0  1.0  0.0  0.0  0.0  0.0  1.0  0.0  0.0  0.0  0.0  1.0
34562489692076;4.820847866328376;2.4065350156440455;-0.26824119209089403  0.9349125143265449  0.23234726902047725  -6631033.280281119  0.7220329975828093  0.35477801578191287  -0.5939704621607306  4684053.368531503  -0.6377421212898198  0.00843505029426095  -0.7702037630778586  380432.61958338314  0.0  0.0  0.0  1.0
34562489692107;1.0951736045872003;1.0951736045872003;1.0  0.0  0.0  0.0  0.0  1.0  0.0  0.0  0.0  0.0  1.0  0.0  0.0  0.0  0.0  1.0
34562489692138;2.6395870453587285;2.6395870453587285;1.0  0.0  0.0  0.0  0.0  1.0  0.0  0.0  0.0  0.0  1.0  0.0  0.0  0.0  0.0  1.0
34562489692169;2.994782826868506;2.994782826868506;1.0  0.0  0.0  0.0  0.0  1.0  0.0  0.0  0.0  0.0  1.0  0.0  0.0  0.0  0.0  1.0
34562489692200;5.292190560418294;5.292190560418294;1.0  0.0  0.0  0.0  0.0  1.0  0.0  0.0  0.0  0.0  1.0  0.0  0.0  0.0  0.0  1.0
34562489692231;1.8630711678931846;1.8630711678931846;1.0  0.0  0.0  0.0  0.0  1.0  0.0  0.0  0.0  0.0  1.0  0.0  0.0  0.0  0.0  1.0
34562489692262;5.46562893652775;5.46562893652775;1.0  0.0  0.0  0.0  0.0  1.0  0.0  0.0  0.0  0.0  1.0  0.0  0.0  0.0  0.0  1.0
34562489692293;5.069828729190322;5.069828729190322;1.0  0.0  0.0  0.0  0.0  1.0  0.0  0.0  0.0  0.0  1.0  0.0  0.0  0.0  0.0  1.0
34562489692324;3.2273635158321206;3.2273635158321206;1.0  0.0  0.0  0.0  0.0  1.0  0.0  0.0  0.0  0.0  1.0  0.0  0.0  0.0  0.0  1.0
34562489692355;1.3752959580528585;1.3752959580528585;1.0  0.0  0.0  0.0  0.0  1.0  0.0  0.0  0.0  0.0  1.0  0.0  0.0  0.0  0.0  1.0
34562489692386;5.158940174423677;4.194612065965125;0.5855474643430594  0.6951345865350416  -0.41703965471423704  -5301582.403936089  -0.7755428307567285  0.6301128598971537  -0.03861478284374434  3520786.775672226  0.2359395784162829  0.3460429025352006  0.9080676323610267  -2949864.671240486  0.0  0.0  0.0  1.0
34562489692417;4.03283871174125;4.03283871174125;1.0  0.0  0.0  0.0  0.0  1.0  0.0  0.0  0.0  0.0  1.0  0.0  0.0  0.0  0.0  1.0
34562489692448;4.000054921873328;4.000054921873328;1.0  0.0  0.0  0.0  0.0  1.0  0.0  0.0  0.0  0.0  1.0  0.0  0.0  0.0  0.0  1.0
34562489692479;2.0170795377863655;2.0170795377863655;1.0  0.0  0.0  0.0  0.0  1.0  0.0  0.0  0.0  0.0  1.0  0.0  0.0  0.0  0.0  1.0
34562489692510;1.1740247611060295;1.1740247611060295;1.0  0.0  0.0  0.0  0.0  1.0  0.0  0.0  0.0  0.0  1.0  0.0  0.0  0.0  0.0  1.0
34562489692541;3.354655951863199;3.354655951863199;1.0  0.0  0.0  0.0  0.0  1.0  0.0  0.0  0.0  0.0  1.0  0.0  0.0  0.0  0.0  1.0
34562489692572;1.8393631220032445;1.8393631220032445;1.0  0.0  0.0  0.0  0.0  1.0  0.0  0.0  0.0  0.0  1.0  0.0  0.0  0.0  0.0  1.0
34562489692603;2.6663199487245373;2.6663199487245373;1.0  0.0  0.0  0.0  0.0  1.0  0.0  0.0  0.0  0.0  1.0  0.0  0.0  0.0  0.0  1.0
34562489692634;2.141177615887272;2.141177615887272;1.0  0.0  0.0  0.0  0.0  1.0  0.0  0.0  0.0  0.0  1.0  0.0  0.0  0.0  0.0  1.0
34562489692665;3.9424089616480122;3.9424089616480122;1.0  0.0  0.0  0.0  0.0  1.0  0.0  0.0  0.0  0.0  1.0  0.0  0.0  0.0  0.0  1.0
34562489692696;1.8711162461125304;1.8711162461125304;1.0  0.0  0.0  0.0  0.0  1.0  0.0  0.0  0.0  0.0  1.0  0.0  0.0  0.0  0.0  1.0
34562489692727;3.310271605615024;3.310271605615024;1.0  0.0  0.0  0.0  0.0  1.0  0.0  0.0  0.0  0.0  1.0  0.0  0.0  0.0  0.0  1.0
34562489692758;4.511424934062755;4.511424934062755;1.0  0.0  0.0  0.0  0.0  1.0  0.0  0.0  0.0  0.0  1.0  0.0  0.0  0.0  0.0  1.0
34562489692789;1.931706743686756;1.931706743686756;1.0  0.0  0.0  0.0  0.0  1.0  0.0  0.0  0.0  0.0  1.0  0.0  0.0  0.0  0.0  1.0
34562489692820;4.539455050249923;4.539455050249923;1.0  0.0  0.0  0.0  0.0  1.0  0.0  0.0  0.0  0.0  1.0  0.0  0.0  0.0  0.0  1.0
34562489692851;3.0455147307974437;3.0455147307974437;1.0  0.0  0.0  0.0  0.0  1.0  0.0  0.0  0.0  0.0  1.0  0.0  0.0  0.0  0.0  1.0
34562489692882;3.605304913385411;3.9675351176815115;-0.9614879120875056  0.06694288959597278  0.26657014919557526  839405.089750772  0.21354908117767885  0.792529181939121  0.571221748275639  1519135.5399248786  -0.17302538784172394  0.6061486165186304  -0.7763028209756626  -4755070.645667784  0.0  0.0  0.0  1.0
34562489692913;4.484860766274024;4.484860766274024;1.0  0.0  0.0  0.0  0.0  1.0  0.0  0.0  0.0  0.0  1.0  0.0  0.0  0.0  0.0  1.0
34562489692944;1.7079159739228686;1.7079159739228686;1.0  0.0  0.0  0.0  0.0  1.0  0.0  0.0  0.0  0.0  1.0  0.0  0.0  0.0  0.0  1.0
34562489692975;1.881460468963167;1.881460468963167;1.0  0.0  0.0  0.0  0.0  1.0  0.0  0.0  0.0  0.0  1.0  0.0  0.0  0.0  0.0  1.0
34562489693006;1.115739312366094;1.115739312366094;1.0  0.0  0.0  0.0  0.0  1.0  0.0  0.0  0.0  0.0  1.0  0.0  0.0  0.0  0.0  1.0
34562489693037;3.6096861314976527;3.6096861314976527;1.0  0.0  0.0  0.0  0.0  1.0  0.0  0.0  0.0  0.0  1.0  0.0  0.0  0.0  0.0  1.0
34562489693068;5.981505073479419;5.981505073479419;1.0  0.0  0.0  0.0  0.0  1.0  0.0  0.0  0.0  0.0  1.0  0.0  0.0  0.0  0.0  1.0
34562489693099;4.279282882274275;4.279282882274275;1.0  0.0  0.0  0.0  0.0  1.0  0.0  0.0  0.0  0.0  1.0  0.0  0.0  0.0  0.0  1.0
