timestamp, memory.used [MiB]
2023/10/20 11:24:43.688, 16 MiB
2023/10/20 11:24:43.689, 16 MiB
2023/10/20 11:24:43.690, 16 MiB
2023/10/20 11:24:43.691, 16 MiB
2023/10/20 11:24:43.692, 16 MiB
2023/10/20 11:24:43.693, 16 MiB
2023/10/20 11:24:43.695, 16 MiB
2023/10/20 11:24:43.696, 16 MiB
2023/10/20 11:24:43.697, 16 MiB
2023/10/20 11:24:43.698, 16 MiB
2023/10/20 11:24:43.699, 16 MiB
2023/10/20 11:24:43.700, 16 MiB
2023/10/20 11:24:43.701, 16 MiB
2023/10/20 11:24:43.702, 16 MiB
2023/10/20 11:24:43.703, 16 MiB
2023/10/20 11:24:43.704, 16 MiB
2023/10/20 11:24:43.705, 16 MiB
2023/10/20 11:24:43.706, 16 MiB
2023/10/20 11:24:43.707, 16 MiB
2023/10/20 11:24:43.708, 16 MiB
2023/10/20 11:24:43.710, 16 MiB
2023/10/20 11:24:43.711, 16 MiB
2023/10/20 11:24:43.712, 16 MiB
2023/10/20 11:24:43.713, 16 MiB
2023/10/20 11:24:43.714, 16 MiB
2023/10/20 11:24:43.715, 16 MiB
2023/10/20 11:24:43.716, 16 MiB
2023/10/20 11:24:43.717, 16 MiB
2023/10/20 11:24:43.718, 16 MiB
2023/10/20 11:24:43.719, 16 MiB
2023/10/20 11:24:43.720, 16 MiB
2023/10/20 11:24:43.722, 16 MiB
2023/10/20 11:24:43.723, 16 MiB
2023/10/20 11:24:43.724, 16 MiB
2023/10/20 11:24:43.725, 16 MiB
2023/10/20 11:24:43.726, 16 MiB
2023/10/20 11:24:43.727, 16 MiB
2023/10/20 11:24:43.728, 16 MiB
2023/10/20 11:24:43.729, 16 MiB
2023/10/20 11:24:43.730, 16 MiB
2023/10/20 11:24:43.731, 16 MiB
2023/10/20 11:24:43.732, 16 MiB
2023/10/20 11:24:43.734, 16 MiB
2023/10/20 11:24:43.735, 16 MiB
2023/10/20 11:24:43.736, 16 MiB
2023/10/20 11:24:43.737, 16 MiB
2023/10/20 11:24:43.738, 16 MiB
2023/10/20 11:24:43.739, 16 MiB
2023/10/20 11:24:43.740, 16 MiB
2023/10/20 11:24:43.741, 16 MiB
2023/10/20 11:24:43.742, 16 MiB
2023/10/20 11:24:43.743, 16 MiB
2023/10/20 11:24:43.744, 16 MiB
2023/10/20 11:24:43.745, 16 MiB
2023/10/20 11:24:43.747, 16 MiB
2023/10/20 11:24:43.748, 16 MiB
2023/10/20 11:24:43.749, 16 MiB
2023/10/20 11:24:43.750, 16 MiB
2023/10/20 11:24:43.751, 16 MiB
2023/10/20 11:24:43.752, 16 MiB
2023/10/20 11:24:43.753, 16 MiB
2023/10/20 11:24:43.754, 16 MiB
2023/10/20 11:24:43.755, 16 MiB
2023/10/20 11:24:43.756, 16 MiB
2023/10/20 11:24:43.757, 16 MiB
2023/10/20 11:24:43.759, 16 MiB
2023/10/20 11:24:43.760, 16 MiB
2023/10/20 11:24:43.761, 16 MiB
2023/10/20 11:24:43.762, 16 MiB
2023/10/20 11:24:43.763, 16 MiB
2023/10/20 11:24:43.764, 16 MiB
2023/10/20 11:24:43.765, 16 MiB
2023/10/20 11:24:43.766, 16 MiB
2023/10/20 11:24:43.767, 16 MiB
2023/10/20 11:24:43.768, 16 MiB
2023/10/20 11:24:43.769, 16 MiB
2023/10/20 11:24:43.771, 16 MiB
2023/10/20 11:24:43.772, 16 MiB
2023/10/20 11:24:43.773, 16 MiB
2023/10/20 11:24:43.774, 16 MiB
2023/10/20 11:24:43.775, 16 MiB
2023/10/20 11:24:43.776, 16 MiB
2023/10/20 11:24:43.777, 16 MiB
2023/10/20 11:24:43.778, 16 MiB
2023/10/20 11:24:43.779, 16 MiB
2023/10/20 11:24:43.780, 16 MiB
2023/10/20 11:24:43.781, 16 MiB
2023/10/20 11:24:43.782, 16 MiB
2023/10/20 11:24:43.784, 16 MiB
2023/10/20 11:24:43.785, 16 MiB
2023/10/20 11:24:43.786, 16 MiB
2023/10/20 11:24:43.787, 16 MiB
2023/10/20 11:24:43.788, 16 MiB
2023/10/20 11:24:43.789, 16 MiB
2023/10/20 11:24:43.790, 16 MiB
2023/10/20 11:24:43.791, 16 MiB
2023/10/20 11:24:43.792, 16 MiB
2023/10/20 11:24:43.793, 16 MiB
2023/10/20 11:24:43.794, 16 MiB
2023/10/20 11:24:43.795, 16 MiB
2023/10/20 11:24:43.796, 16 MiB
2023/10/20 11:24:43.797, 16 MiB
2023/10/20 11:24:43.799, 16 MiB
2023/10/20 11:24:43.800, 16 MiB
2023/10/20 11:24:43.801, 16 MiB
2023/10/20 11:24:43.802, 16 MiB
2023/10/20 11:24:43.803, 16 MiB
2023/10/20 11:24:43.804, 16 MiB
2023/10/20 11:24:43.805, 16 MiB
2023/10/20 11:24:43.806, 16 MiB
2023/10/20 11:24:43.807, 16 MiB
2023/10/20 11:24:43.808, 16 MiB
2023/10/20 11:24:43.809, 16 MiB
2023/10/20 11:24:43.810, 16 MiB
2023/10/20 11:24:43.811, 16 MiB
2023/10/20 11:24:43.812, 16 MiB
2023/10/20 11:24:43.814, 16 MiB
2023/10/20 11:24:43.815, 16 MiB
2023/10/20 11:24:43.816, 16 MiB
2023/10/20 11:24:43.817, 16 MiB
2023/10/20 11:24:43.818, 16 MiB
2023/10/20 11:24:43.819, 16 MiB
2023/10/20 11:24:43.820, 16 MiB
2023/10/20 11:24:43.821, 16 MiB
2023/10/20 11:24:43.822, 16 MiB
2023/10/20 11:24:43.823, 16 MiB
2023/10/20 11:24:43.824, 16 MiB
2023/10/20 11:24:43.825, 16 MiB
2023/10/20 11:24:43.826, 16 MiB
2023/10/20 11:24:43.828, 16 MiB
2023/10/20 11:24:43.829, 16 MiB
2023/10/20 11:24:43.830, 16 MiB
2023/10/20 11:24:43.831, 16 MiB
2023/10/20 11:24:43.832, 16 MiB
2023/10/20 11:24:43.833, 16 MiB
2023/10/20 11:24:43.834, 16 MiB
2023/10/20 11:24:43.835, 16 MiB
2023/10/20 11:24:43.836, 16 MiB
2023/10/20 11:24:43.837, 16 MiB
2023/10/20 11:24:43.838, 16 MiB
2023/10/20 11:24:43.839, 16 MiB
2023/10/20 11:24:43.840, 16 MiB
2023/10/20 11:24:43.841, 16 MiB
2023/10/20 11:24:43.843, 16 MiB
2023/10/20 11:24:43.844, 16 MiB
2023/10/20 11:24:43.845, 16 MiB
2023/10/20 11:24:43.846, 16 MiB
2023/10/20 11:24:43.847, 16 MiB
2023/10/20 11:24:43.848, 16 MiB
2023/10/20 11:24:43.849, 16 MiB
2023/10/20 11:24:43.850, 16 MiB
2023/10/20 11:24:43.851, 16 MiB
2023/10/20 11:24:43.852, 16 MiB
2023/10/20 11:24:43.853, 16 MiB
2023/10/20 11:24:43.854, 16 MiB
2023/10/20 11:24:43.855, 16 MiB
2023/10/20 11:24:43.856, 16 MiB
2023/10/20 11:24:43.858, 16 MiB
2023/10/20 11:24:43.859, 16 MiB
2023/10/20 11:24:43.860, 16 MiB
2023/10/20 11:24:43.861, 16 MiB
2023/10/20 11:24:43.862, 16 MiB
2023/10/20 11:24:43.863, 16 MiB
2023/10/20 11:24:43.864, 16 MiB
2023/10/20 11:24:43.865, 16 MiB
2023/10/20 11:24:43.866, 16 MiB
2023/10/20 11:24:43.867, 16 MiB
2023/10/20 11:24:43.868, 16 MiB
2023/10/20 11:24:43.869, 16 MiB
2023/10/20 11:24:43.870, 16 MiB
2023/10/20 11:24:43.871, 16 MiB
2023/10/20 11:24:43.873, 16 MiB
2023/10/20 11:24:43.874, 16 MiB
2023/10/20 11:24:43.875, 16 MiB
2023/10/20 11:24:43.876, 16 MiB
2023/10/20 11:24:43.877, 16 MiB
2023/10/20 11:24:43.878, 16 MiB
2023/10/20 11:24:43.879, 16 MiB
2023/10/20 11:24:43.880, 16 MiB
2023/10/20 11:24:43.881, 16 MiB
2023/10/20 11:24:43.882, 16 MiB
2023/10/20 11:24:43.883, 16 MiB
2023/10/20 11:24:43.884, 16 MiB
2023/10/20 11:24:43.885, 16 MiB
2023/10/20 11:24:43.887, 16 MiB
2023/10/20 11:24:43.888, 16 MiB
2023/10/20 11:24:43.889, 16 MiB
2023/10/20 11:24:43.890, 16 MiB
2023/10/20 11:24:43.891, 16 MiB
2023/10/20 11:24:43.892, 16 MiB
2023/10/20 11:24:43.893, 16 MiB
2023/10/20 11:24:43.894, 16 MiB
2023/10/20 11:24:43.895, 16 MiB
2023/10/20 11:24:43.896, 16 MiB
2023/10/20 11:24:43.897, 16 MiB
2023/10/20 11:24:43.898, 16 MiB
2023/10/20 11:24:43.899, 16 MiB
2023/10/20 11:24:43.900, 16 MiB
2023/10/20 11:24:43.902, 16 MiB
2023/10/20 11:24:43.903, 16 MiB
2023/10/20 11:24:43.904, 16 MiB
2023/10/20 11:24:43.905, 16 MiB
2023/10/20 11:24:43.906, 16 MiB
2023/10/20 11:24:43.907, 16 MiB
2023/10/20 11:24:43.908, 16 MiB
2023/10/20 11:24:43.909, 16 MiB
2023/10/20 11:24:43.910, 16 MiB
2023/10/20 11:24:43.911, 16 MiB
2023/10/20 11:24:43.912, 16 MiB
2023/10/20 11:24:43.913, 16 MiB
2023/10/20 11:24:43.914, 16 MiB
2023/10/20 11:24:43.915, 16 MiB
2023/10/20 11:24:43.917, 16 MiB
2023/10/20 11:24:43.918, 16 MiB
2023/10/20 11:24:43.919, 16 MiB
2023/10/20 11:24:43.920, 16 MiB
2023/10/20 11:24:43.921, 16 MiB
2023/10/20 11:24:43.922, 16 MiB
2023/10/20 11:24:43.923, 16 MiB
2023/10/20 11:24:43.924, 16 MiB
2023/10/20 11:24:43.925, 16 MiB
2023/10/20 11:24:43.926, 16 MiB
2023/10/20 11:24:43.927, 16 MiB
2023/10/20 11:24:43.928, 16 MiB
2023/10/20 11:24:43.929, 16 MiB
2023/10/20 11:24:43.930, 16 MiB
2023/10/20 11:24:43.932, 16 MiB
2023/10/20 11:24:43.933, 16 MiB
2023/10/20 11:24:43.934, 16 MiB
2023/10/20 11:24:43.935, 16 MiB
2023/10/20 11:24:43.936, 16 MiB
2023/10/20 11:24:43.937, 16 MiB
2023/10/20 11:24:43.938, 16 MiB
2023/10/20 11:24:43.939, 16 MiB
2023/10/20 11:24:43.940, 16 MiB
2023/10/20 11:24:43.941, 16 MiB
2023/10/20 11:24:43.942, 16 MiB
2023/10/20 11:24:43.943, 16 MiB
2023/10/20 11:24:43.944, 16 MiB
2023/10/20 11:24:43.945, 16 MiB
2023/10/20 11:24:43.947, 16 MiB
2023/10/20 11:24:43.948, 16 MiB
2023/10/20 11:24:43.949, 16 MiB
2023/10/20 11:24:43.950, 16 MiB
2023/10/20 11:24:43.951, 16 MiB
2023/10/20 11:24:43.952, 16 MiB
2023/10/20 11:24:43.953, 16 MiB
2023/10/20 11:24:43.954, 16 MiB
2023/10/20 11:24:43.955, 16 MiB
2023/10/20 11:24:43.956, 16 MiB
2023/10/20 11:24:43.957, 16 MiB
2023/10/20 11:24:43.958, 16 MiB
2023/10/20 11:24:43.959, 16 MiB
2023/10/20 11:24:43.960, 16 MiB
2023/10/20 11:24:43.962, 16 MiB
2023/10/20 11:24:43.963, 16 MiB
2023/10/20 11:24:43.964, 16 MiB
2023/10/20 11:24:43.965, 16 MiB
2023/10/20 11:24:43.966, 16 MiB
2023/10/20 11:24:43.967, 16 MiB
2023/10/20 11:24:43.968, 16 MiB
2023/10/20 11:24:43.969, 16 MiB
2023/10/20 11:24:43.970, 16 MiB
2023/10/20 11:24:43.971, 16 MiB
2023/10/20 11:24:43.972, 16 MiB
2023/10/20 11:24:43.973, 16 MiB
2023/10/20 11:24:43.974, 16 MiB
2023/10/20 11:24:43.976, 16 MiB
2023/10/20 11:24:43.977, 16 MiB
2023/10/20 11:24:43.978, 16 MiB
2023/10/20 11:24:43.979, 16 MiB
2023/10/20 11:24:43.980, 16 MiB
2023/10/20 11:24:43.981, 16 MiB
2023/10/20 11:24:43.982, 16 MiB
2023/10/20 11:24:43.983, 16 MiB
2023/10/20 11:24:43.984, 16 MiB
2023/10/20 11:24:43.985, 16 MiB
2023/10/20 11:24:43.986, 16 MiB
2023/10/20 11:24:43.987, 16 MiB
2023/10/20 11:24:43.988, 16 MiB
2023/10/20 11:24:43.989, 16 MiB
2023/10/20 11:24:43.991, 16 MiB
2023/10/20 11:24:43.992, 16 MiB
2023/10/20 11:24:43.993, 16 MiB
2023/10/20 11:24:43.994, 16 MiB
2023/10/20 11:24:43.995, 16 MiB
2023/10/20 11:24:43.996, 16 MiB
2023/10/20 11:24:43.997, 16 MiB
2023/10/20 11:24:43.998, 16 MiB
2023/10/20 11:24:43.999, 16 MiB
2023/10/20 11:24:44.000, 16 MiB
2023/10/20 11:24:44.001, 16 MiB
2023/10/20 11:24:44.002, 16 MiB
2023/10/20 11:24:44.004, 16 MiB
2023/10/20 11:24:44.005, 16 MiB
2023/10/20 11:24:44.006, 16 MiB
2023/10/20 11:24:44.007, 16 MiB
2023/10/20 11:24:44.008, 16 MiB
2023/10/20 11:24:44.009, 16 MiB
2023/10/20 11:24:44.010, 16 MiB
2023/10/20 11:24:44.011, 16 MiB
2023/10/20 11:24:44.012, 16 MiB
2023/10/20 11:24:44.013, 16 MiB
2023/10/20 11:24:44.014, 16 MiB
2023/10/20 11:24:44.015, 16 MiB
2023/10/20 11:24:44.016, 16 MiB
2023/10/20 11:24:44.017, 16 MiB
2023/10/20 11:24:44.019, 16 MiB
2023/10/20 11:24:44.020, 16 MiB
2023/10/20 11:24:44.021, 16 MiB
2023/10/20 11:24:44.022, 16 MiB
2023/10/20 11:24:44.023, 16 MiB
2023/10/20 11:24:44.024, 16 MiB
2023/10/20 11:24:44.025, 16 MiB
2023/10/20 11:24:44.026, 16 MiB
2023/10/20 11:24:44.027, 16 MiB
2023/10/20 11:24:44.028, 16 MiB
2023/10/20 11:24:44.029, 16 MiB
2023/10/20 11:24:44.030, 16 MiB
2023/10/20 11:24:44.031, 16 MiB
2023/10/20 11:24:44.032, 16 MiB
2023/10/20 11:24:44.034, 16 MiB
2023/10/20 11:24:44.035, 16 MiB
2023/10/20 11:24:44.036, 16 MiB
2023/10/20 11:24:44.037, 16 MiB
2023/10/20 11:24:44.038, 16 MiB
2023/10/20 11:24:44.039, 16 MiB
2023/10/20 11:24:44.040, 16 MiB
2023/10/20 11:24:44.041, 16 MiB
2023/10/20 11:24:44.042, 16 MiB
2023/10/20 11:24:44.043, 16 MiB
2023/10/20 11:24:44.044, 16 MiB
2023/10/20 11:24:44.045, 16 MiB
2023/10/20 11:24:44.046, 16 MiB
2023/10/20 11:24:44.047, 16 MiB
2023/10/20 11:24:44.049, 16 MiB
2023/10/20 11:24:44.050, 16 MiB
2023/10/20 11:24:44.051, 16 MiB
2023/10/20 11:24:44.052, 16 MiB
2023/10/20 11:24:44.053, 16 MiB
2023/10/20 11:24:44.054, 16 MiB
2023/10/20 11:24:44.055, 16 MiB
2023/10/20 11:24:44.056, 16 MiB
2023/10/20 11:24:44.057, 16 MiB
2023/10/20 11:24:44.058, 16 MiB
2023/10/20 11:24:44.059, 16 MiB
2023/10/20 11:24:44.060, 16 MiB
2023/10/20 11:24:44.061, 16 MiB
2023/10/20 11:24:44.063, 16 MiB
2023/10/20 11:24:44.064, 16 MiB
2023/10/20 11:24:44.065, 16 MiB
2023/10/20 11:24:44.066, 16 MiB
2023/10/20 11:24:44.067, 16 MiB
2023/10/20 11:24:44.068, 16 MiB
2023/10/20 11:24:44.069, 16 MiB
2023/10/20 11:24:44.070, 16 MiB
2023/10/20 11:24:44.071, 16 MiB
2023/10/20 11:24:44.072, 16 MiB
2023/10/20 11:24:44.073, 16 MiB
2023/10/20 11:24:44.074, 16 MiB
2023/10/20 11:24:44.075, 16 MiB
2023/10/20 11:24:44.076, 16 MiB
2023/10/20 11:24:44.078, 16 MiB
2023/10/20 11:24:44.079, 16 MiB
2023/10/20 11:24:44.080, 16 MiB
2023/10/20 11:24:44.081, 16 MiB
2023/10/20 11:24:44.082, 16 MiB
2023/10/20 11:24:44.083, 16 MiB
2023/10/20 11:24:44.084, 16 MiB
2023/10/20 11:24:44.085, 16 MiB
2023/10/20 11:24:44.086, 16 MiB
2023/10/20 11:24:44.087, 16 MiB
2023/10/20 11:24:44.088, 16 MiB
2023/10/20 11:24:44.089, 16 MiB
2023/10/20 11:24:44.090, 16 MiB
2023/10/20 11:24:44.091, 16 MiB
2023/10/20 11:24:44.093, 16 MiB
2023/10/20 11:24:44.094, 16 MiB
2023/10/20 11:24:44.095, 16 MiB
2023/10/20 11:24:44.096, 16 MiB
2023/10/20 11:24:44.097, 16 MiB
2023/10/20 11:24:44.098, 16 MiB
2023/10/20 11:24:44.099, 16 MiB
2023/10/20 11:24:44.100, 16 MiB
2023/10/20 11:24:44.101, 16 MiB
2023/10/20 11:24:44.102, 16 MiB
2023/10/20 11:24:44.103, 16 MiB
2023/10/20 11:24:44.104, 16 MiB
2023/10/20 11:24:44.105, 16 MiB
2023/10/20 11:24:44.107, 16 MiB
2023/10/20 11:24:44.108, 16 MiB
2023/10/20 11:24:44.109, 16 MiB
2023/10/20 11:24:44.110, 16 MiB
2023/10/20 11:24:44.111, 16 MiB
2023/10/20 11:24:44.112, 16 MiB
2023/10/20 11:24:44.113, 16 MiB
2023/10/20 11:24:44.114, 16 MiB
2023/10/20 11:24:44.115, 16 MiB
2023/10/20 11:24:44.116, 16 MiB
2023/10/20 11:24:44.117, 16 MiB
2023/10/20 11:24:44.118, 16 MiB
2023/10/20 11:24:44.119, 16 MiB
2023/10/20 11:24:44.121, 16 MiB
2023/10/20 11:24:44.122, 16 MiB
2023/10/20 11:24:44.123, 16 MiB
2023/10/20 11:24:44.124, 16 MiB
2023/10/20 11:24:44.125, 16 MiB
2023/10/20 11:24:44.126, 16 MiB
2023/10/20 11:24:44.127, 16 MiB
2023/10/20 11:24:44.128, 16 MiB
2023/10/20 11:24:44.129, 16 MiB
2023/10/20 11:24:44.131, 16 MiB
2023/10/20 11:24:44.132, 16 MiB
2023/10/20 11:24:44.133, 16 MiB
2023/10/20 11:24:44.134, 16 MiB
2023/10/20 11:24:44.135, 16 MiB
2023/10/20 11:24:44.136, 16 MiB
2023/10/20 11:24:44.137, 16 MiB
2023/10/20 11:24:44.138, 16 MiB
2023/10/20 11:24:44.139, 16 MiB
2023/10/20 11:24:44.141, 16 MiB
2023/10/20 11:24:44.142, 16 MiB
2023/10/20 11:24:44.143, 16 MiB
2023/10/20 11:24:44.144, 16 MiB
2023/10/20 11:24:44.145, 16 MiB
2023/10/20 11:24:44.146, 16 MiB
2023/10/20 11:24:44.147, 16 MiB
2023/10/20 11:24:44.148, 16 MiB
2023/10/20 11:24:44.149, 16 MiB
2023/10/20 11:24:44.150, 16 MiB
2023/10/20 11:24:44.152, 16 MiB
2023/10/20 11:24:44.153, 16 MiB
2023/10/20 11:24:44.154, 16 MiB
2023/10/20 11:24:44.155, 16 MiB
2023/10/20 11:24:44.156, 16 MiB
2023/10/20 11:24:44.157, 16 MiB
2023/10/20 11:24:44.158, 16 MiB
2023/10/20 11:24:44.159, 16 MiB
2023/10/20 11:24:44.160, 16 MiB
2023/10/20 11:24:44.162, 16 MiB
2023/10/20 11:24:44.163, 16 MiB
2023/10/20 11:24:44.164, 16 MiB
2023/10/20 11:24:44.165, 16 MiB
2023/10/20 11:24:44.166, 16 MiB
2023/10/20 11:24:44.167, 16 MiB
2023/10/20 11:24:44.168, 16 MiB
2023/10/20 11:24:44.169, 16 MiB
2023/10/20 11:24:44.170, 16 MiB
2023/10/20 11:24:44.172, 16 MiB
2023/10/20 11:24:44.173, 16 MiB
2023/10/20 11:24:44.174, 16 MiB
2023/10/20 11:24:44.175, 16 MiB
2023/10/20 11:24:44.176, 16 MiB
2023/10/20 11:24:44.177, 16 MiB
2023/10/20 11:24:44.178, 16 MiB
2023/10/20 11:24:44.179, 16 MiB
2023/10/20 11:24:44.180, 16 MiB
2023/10/20 11:24:44.181, 16 MiB
2023/10/20 11:24:44.183, 16 MiB
2023/10/20 11:24:44.184, 16 MiB
2023/10/20 11:24:44.185, 16 MiB
2023/10/20 11:24:44.186, 16 MiB
2023/10/20 11:24:44.187, 16 MiB
2023/10/20 11:24:44.188, 16 MiB
2023/10/20 11:24:44.189, 16 MiB
2023/10/20 11:24:44.190, 16 MiB
2023/10/20 11:24:44.191, 16 MiB
2023/10/20 11:24:44.193, 16 MiB
2023/10/20 11:24:44.194, 16 MiB
2023/10/20 11:24:44.195, 16 MiB
2023/10/20 11:24:44.196, 16 MiB
2023/10/20 11:24:44.197, 16 MiB
2023/10/20 11:24:44.198, 16 MiB
2023/10/20 11:24:44.199, 16 MiB
2023/10/20 11:24:44.200, 16 MiB
2023/10/20 11:24:44.201, 16 MiB
2023/10/20 11:24:44.203, 16 MiB
2023/10/20 11:24:44.204, 16 MiB
2023/10/20 11:24:44.205, 16 MiB
2023/10/20 11:24:44.206, 16 MiB
2023/10/20 11:24:44.207, 16 MiB
2023/10/20 11:24:44.208, 16 MiB
2023/10/20 11:24:44.209, 16 MiB
2023/10/20 11:24:44.210, 16 MiB
2023/10/20 11:24:44.211, 16 MiB
2023/10/20 11:24:44.213, 16 MiB
2023/10/20 11:24:44.214, 16 MiB
2023/10/20 11:24:44.215, 16 MiB
2023/10/20 11:24:44.216, 16 MiB
2023/10/20 11:24:44.217, 16 MiB
2023/10/20 11:24:44.218, 16 MiB
2023/10/20 11:24:44.219, 16 MiB
2023/10/20 11:24:44.220, 16 MiB
2023/10/20 11:24:44.221, 16 MiB
2023/10/20 11:24:44.222, 16 MiB
2023/10/20 11:24:44.224, 16 MiB
2023/10/20 11:24:44.225, 16 MiB
2023/10/20 11:24:44.226, 16 MiB
2023/10/20 11:24:44.227, 16 MiB
2023/10/20 11:24:44.228, 16 MiB
2023/10/20 11:24:44.229, 16 MiB
2023/10/20 11:24:44.230, 16 MiB
2023/10/20 11:24:44.231, 16 MiB
2023/10/20 11:24:44.232, 16 MiB
2023/10/20 11:24:44.234, 16 MiB
2023/10/20 11:24:44.235, 16 MiB
2023/10/20 11:24:44.236, 16 MiB
2023/10/20 11:24:44.237, 16 MiB
2023/10/20 11:24:44.238, 16 MiB
2023/10/20 11:24:44.239, 16 MiB
2023/10/20 11:24:44.240, 16 MiB
2023/10/20 11:24:44.241, 16 MiB
2023/10/20 11:24:44.242, 16 MiB
2023/10/20 11:24:44.243, 16 MiB
2023/10/20 11:24:44.245, 16 MiB
2023/10/20 11:24:44.246, 16 MiB
2023/10/20 11:24:44.247, 16 MiB
2023/10/20 11:24:44.248, 16 MiB
2023/10/20 11:24:44.249, 16 MiB
2023/10/20 11:24:44.250, 16 MiB
2023/10/20 11:24:44.251, 16 MiB
2023/10/20 11:24:44.252, 16 MiB
2023/10/20 11:24:44.253, 16 MiB
2023/10/20 11:24:44.254, 16 MiB
2023/10/20 11:24:44.255, 16 MiB
2023/10/20 11:24:44.257, 16 MiB
2023/10/20 11:24:44.258, 16 MiB
2023/10/20 11:24:44.259, 16 MiB
2023/10/20 11:24:44.260, 16 MiB
2023/10/20 11:24:44.261, 16 MiB
2023/10/20 11:24:44.262, 16 MiB
2023/10/20 11:24:44.263, 16 MiB
2023/10/20 11:24:44.264, 16 MiB
2023/10/20 11:24:44.265, 16 MiB
2023/10/20 11:24:44.266, 16 MiB
2023/10/20 11:24:44.267, 16 MiB
2023/10/20 11:24:44.268, 16 MiB
2023/10/20 11:24:44.270, 16 MiB
2023/10/20 11:24:44.271, 16 MiB
2023/10/20 11:24:44.272, 16 MiB
2023/10/20 11:24:44.273, 16 MiB
2023/10/20 11:24:44.274, 16 MiB
2023/10/20 11:24:44.275, 16 MiB
2023/10/20 11:24:44.276, 16 MiB
2023/10/20 11:24:44.277, 16 MiB
2023/10/20 11:24:44.278, 16 MiB
2023/10/20 11:24:44.279, 16 MiB
2023/10/20 11:24:44.280, 16 MiB
2023/10/20 11:24:44.281, 16 MiB
2023/10/20 11:24:44.282, 16 MiB
2023/10/20 11:24:44.283, 16 MiB
2023/10/20 11:24:44.285, 16 MiB
2023/10/20 11:24:44.286, 16 MiB
2023/10/20 11:24:44.287, 16 MiB
2023/10/20 11:24:44.288, 16 MiB
2023/10/20 11:24:44.289, 16 MiB
2023/10/20 11:24:44.290, 16 MiB
2023/10/20 11:24:44.291, 16 MiB
2023/10/20 11:24:44.292, 16 MiB
2023/10/20 11:24:44.293, 16 MiB
2023/10/20 11:24:44.294, 16 MiB
2023/10/20 11:24:44.295, 16 MiB
2023/10/20 11:24:44.296, 16 MiB
2023/10/20 11:24:44.297, 16 MiB
2023/10/20 11:24:44.298, 16 MiB
2023/10/20 11:24:44.300, 16 MiB
2023/10/20 11:24:44.301, 16 MiB
2023/10/20 11:24:44.302, 16 MiB
2023/10/20 11:24:44.303, 16 MiB
2023/10/20 11:24:44.304, 16 MiB
2023/10/20 11:24:44.305, 16 MiB
2023/10/20 11:24:44.306, 16 MiB
2023/10/20 11:24:44.307, 16 MiB
2023/10/20 11:24:44.308, 16 MiB
2023/10/20 11:24:44.309, 16 MiB
2023/10/20 11:24:44.310, 16 MiB
2023/10/20 11:24:44.311, 16 MiB
2023/10/20 11:24:44.312, 16 MiB
2023/10/20 11:24:44.313, 16 MiB
2023/10/20 11:24:44.315, 16 MiB
2023/10/20 11:24:44.316, 16 MiB
2023/10/20 11:24:44.317, 16 MiB
2023/10/20 11:24:44.318, 16 MiB
2023/10/20 11:24:44.319, 16 MiB
2023/10/20 11:24:44.320, 16 MiB
2023/10/20 11:24:44.321, 16 MiB
2023/10/20 11:24:44.322, 16 MiB
2023/10/20 11:24:44.323, 16 MiB
2023/10/20 11:24:44.324, 16 MiB
2023/10/20 11:24:44.325, 16 MiB
2023/10/20 11:24:44.326, 16 MiB
2023/10/20 11:24:44.327, 16 MiB
2023/10/20 11:24:44.328, 16 MiB
2023/10/20 11:24:44.331, 16 MiB
2023/10/20 11:24:44.333, 16 MiB
2023/10/20 11:24:44.334, 18 MiB
2023/10/20 11:24:44.335, 18 MiB
2023/10/20 11:24:44.336, 18 MiB
2023/10/20 11:24:44.337, 18 MiB
2023/10/20 11:24:44.338, 18 MiB
2023/10/20 11:24:44.339, 18 MiB
2023/10/20 11:24:44.340, 18 MiB
2023/10/20 11:24:44.341, 18 MiB
2023/10/20 11:24:44.342, 18 MiB
2023/10/20 11:24:44.343, 18 MiB
2023/10/20 11:24:44.344, 18 MiB
2023/10/20 11:24:44.345, 18 MiB
2023/10/20 11:24:44.347, 18 MiB
2023/10/20 11:24:44.348, 18 MiB
2023/10/20 11:24:44.349, 18 MiB
2023/10/20 11:24:44.350, 18 MiB
2023/10/20 11:24:44.351, 18 MiB
2023/10/20 11:24:44.352, 18 MiB
2023/10/20 11:24:44.353, 18 MiB
2023/10/20 11:24:44.354, 18 MiB
2023/10/20 11:24:44.355, 18 MiB
2023/10/20 11:24:44.356, 18 MiB
2023/10/20 11:24:44.357, 18 MiB
2023/10/20 11:24:44.358, 18 MiB
2023/10/20 11:24:44.359, 18 MiB
2023/10/20 11:24:44.360, 18 MiB
2023/10/20 11:24:44.361, 18 MiB
2023/10/20 11:24:44.363, 18 MiB
2023/10/20 11:24:44.364, 18 MiB
2023/10/20 11:24:44.365, 18 MiB
2023/10/20 11:24:44.366, 18 MiB
2023/10/20 11:24:44.367, 18 MiB
2023/10/20 11:24:44.368, 18 MiB
2023/10/20 11:24:44.369, 18 MiB
2023/10/20 11:24:44.370, 18 MiB
2023/10/20 11:24:44.371, 18 MiB
2023/10/20 11:24:44.372, 18 MiB
2023/10/20 11:24:44.373, 18 MiB
2023/10/20 11:24:44.374, 18 MiB
2023/10/20 11:24:44.375, 18 MiB
2023/10/20 11:24:44.376, 18 MiB
2023/10/20 11:24:44.378, 18 MiB
2023/10/20 11:24:44.379, 18 MiB
2023/10/20 11:24:44.380, 18 MiB
2023/10/20 11:24:44.381, 18 MiB
2023/10/20 11:24:44.382, 18 MiB
2023/10/20 11:24:44.383, 18 MiB
2023/10/20 11:24:44.384, 18 MiB
2023/10/20 11:24:44.385, 18 MiB
2023/10/20 11:24:44.386, 18 MiB
2023/10/20 11:24:44.387, 18 MiB
2023/10/20 11:24:44.388, 18 MiB
2023/10/20 11:24:44.389, 18 MiB
2023/10/20 11:24:44.390, 18 MiB
2023/10/20 11:24:44.391, 18 MiB
2023/10/20 11:24:44.393, 18 MiB
2023/10/20 11:24:44.394, 18 MiB
2023/10/20 11:24:44.395, 18 MiB
2023/10/20 11:24:44.396, 18 MiB
2023/10/20 11:24:44.397, 18 MiB
2023/10/20 11:24:44.398, 18 MiB
2023/10/20 11:24:44.399, 18 MiB
2023/10/20 11:24:44.400, 18 MiB
2023/10/20 11:24:44.401, 18 MiB
2023/10/20 11:24:44.402, 18 MiB
2023/10/20 11:24:44.403, 18 MiB
2023/10/20 11:24:44.404, 18 MiB
2023/10/20 11:24:44.405, 18 MiB
2023/10/20 11:24:44.406, 18 MiB
2023/10/20 11:24:44.407, 18 MiB
2023/10/20 11:24:44.409, 18 MiB
2023/10/20 11:24:44.410, 18 MiB
2023/10/20 11:24:44.411, 18 MiB
2023/10/20 11:24:44.412, 18 MiB
2023/10/20 11:24:44.413, 18 MiB
2023/10/20 11:24:44.414, 18 MiB
2023/10/20 11:24:44.415, 18 MiB
2023/10/20 11:24:44.416, 18 MiB
2023/10/20 11:24:44.417, 18 MiB
2023/10/20 11:24:44.418, 18 MiB
2023/10/20 11:24:44.419, 18 MiB
2023/10/20 11:24:44.420, 18 MiB
2023/10/20 11:24:44.421, 18 MiB
2023/10/20 11:24:44.422, 18 MiB
2023/10/20 11:24:44.424, 18 MiB
2023/10/20 11:24:44.425, 18 MiB
2023/10/20 11:24:44.426, 18 MiB
2023/10/20 11:24:44.427, 18 MiB
2023/10/20 11:24:44.428, 18 MiB
2023/10/20 11:24:44.429, 18 MiB
2023/10/20 11:24:44.430, 18 MiB
2023/10/20 11:24:44.431, 18 MiB
2023/10/20 11:24:44.432, 18 MiB
2023/10/20 11:24:44.433, 18 MiB
2023/10/20 11:24:44.434, 18 MiB
2023/10/20 11:24:44.435, 18 MiB
2023/10/20 11:24:44.436, 18 MiB
2023/10/20 11:24:44.437, 18 MiB
2023/10/20 11:24:44.439, 18 MiB
2023/10/20 11:24:44.440, 18 MiB
2023/10/20 11:24:44.441, 18 MiB
2023/10/20 11:24:44.442, 18 MiB
2023/10/20 11:24:44.443, 18 MiB
2023/10/20 11:24:44.444, 18 MiB
2023/10/20 11:24:44.445, 18 MiB
2023/10/20 11:24:44.446, 18 MiB
2023/10/20 11:24:44.447, 18 MiB
2023/10/20 11:24:44.448, 18 MiB
2023/10/20 11:24:44.449, 18 MiB
2023/10/20 11:24:44.450, 18 MiB
2023/10/20 11:24:44.451, 18 MiB
2023/10/20 11:24:44.452, 18 MiB
2023/10/20 11:24:44.454, 18 MiB
2023/10/20 11:24:44.455, 18 MiB
2023/10/20 11:24:44.456, 18 MiB
2023/10/20 11:24:44.457, 18 MiB
2023/10/20 11:24:44.458, 18 MiB
2023/10/20 11:24:44.459, 18 MiB
2023/10/20 11:24:44.460, 18 MiB
2023/10/20 11:24:44.461, 18 MiB
2023/10/20 11:24:44.462, 18 MiB
2023/10/20 11:24:44.463, 18 MiB
2023/10/20 11:24:44.464, 18 MiB
2023/10/20 11:24:44.465, 18 MiB
2023/10/20 11:24:44.466, 18 MiB
2023/10/20 11:24:44.467, 18 MiB
2023/10/20 11:24:44.468, 18 MiB
2023/10/20 11:24:44.470, 18 MiB
2023/10/20 11:24:44.471, 18 MiB
2023/10/20 11:24:44.472, 18 MiB
2023/10/20 11:24:44.473, 18 MiB
2023/10/20 11:24:44.474, 18 MiB
2023/10/20 11:24:44.475, 18 MiB
2023/10/20 11:24:44.476, 18 MiB
2023/10/20 11:24:44.477, 18 MiB
2023/10/20 11:24:44.478, 18 MiB
2023/10/20 11:24:44.479, 18 MiB
2023/10/20 11:24:44.480, 18 MiB
2023/10/20 11:24:44.481, 18 MiB
2023/10/20 11:24:44.482, 18 MiB
2023/10/20 11:24:44.483, 18 MiB
2023/10/20 11:24:44.485, 18 MiB
2023/10/20 11:24:44.486, 18 MiB
2023/10/20 11:24:44.487, 18 MiB
2023/10/20 11:24:44.488, 18 MiB
2023/10/20 11:24:44.489, 18 MiB
2023/10/20 11:24:44.490, 18 MiB
2023/10/20 11:24:44.491, 18 MiB
2023/10/20 11:24:44.492, 18 MiB
2023/10/20 11:24:44.493, 18 MiB
2023/10/20 11:24:44.494, 18 MiB
2023/10/20 11:24:44.495, 18 MiB
2023/10/20 11:24:44.496, 18 MiB
2023/10/20 11:24:44.497, 18 MiB
2023/10/20 11:24:44.498, 18 MiB
2023/10/20 11:24:44.500, 18 MiB
2023/10/20 11:24:44.501, 18 MiB
2023/10/20 11:24:44.502, 18 MiB
2023/10/20 11:24:44.503, 18 MiB
2023/10/20 11:24:44.504, 18 MiB
2023/10/20 11:24:44.505, 18 MiB
2023/10/20 11:24:44.506, 18 MiB
2023/10/20 11:24:44.507, 18 MiB
2023/10/20 11:24:44.508, 18 MiB
2023/10/20 11:24:44.509, 18 MiB
2023/10/20 11:24:44.510, 18 MiB
2023/10/20 11:24:44.511, 18 MiB
2023/10/20 11:24:44.512, 18 MiB
2023/10/20 11:24:44.513, 18 MiB
2023/10/20 11:24:44.515, 18 MiB
2023/10/20 11:24:44.516, 18 MiB
2023/10/20 11:24:44.517, 18 MiB
2023/10/20 11:24:44.518, 18 MiB
2023/10/20 11:24:44.519, 18 MiB
2023/10/20 11:24:44.520, 18 MiB
2023/10/20 11:24:44.521, 18 MiB
2023/10/20 11:24:44.522, 18 MiB
2023/10/20 11:24:44.523, 18 MiB
2023/10/20 11:24:44.524, 18 MiB
2023/10/20 11:24:44.525, 18 MiB
2023/10/20 11:24:44.526, 18 MiB
2023/10/20 11:24:44.527, 18 MiB
2023/10/20 11:24:44.528, 18 MiB
2023/10/20 11:24:44.530, 18 MiB
2023/10/20 11:24:44.531, 18 MiB
2023/10/20 11:24:44.532, 18 MiB
2023/10/20 11:24:44.533, 18 MiB
2023/10/20 11:24:44.534, 18 MiB
2023/10/20 11:24:44.535, 18 MiB
2023/10/20 11:24:44.536, 18 MiB
2023/10/20 11:24:44.537, 18 MiB
2023/10/20 11:24:44.538, 18 MiB
2023/10/20 11:24:44.539, 18 MiB
2023/10/20 11:24:44.540, 18 MiB
2023/10/20 11:24:44.541, 18 MiB
2023/10/20 11:24:44.542, 18 MiB
2023/10/20 11:24:44.543, 18 MiB
2023/10/20 11:24:44.544, 18 MiB
2023/10/20 11:24:44.546, 18 MiB
2023/10/20 11:24:44.547, 18 MiB
2023/10/20 11:24:44.548, 18 MiB
2023/10/20 11:24:44.549, 18 MiB
2023/10/20 11:24:44.550, 18 MiB
2023/10/20 11:24:44.551, 18 MiB
2023/10/20 11:24:44.552, 18 MiB
2023/10/20 11:24:44.553, 18 MiB
2023/10/20 11:24:44.554, 18 MiB
2023/10/20 11:24:44.555, 18 MiB
2023/10/20 11:24:44.556, 18 MiB
2023/10/20 11:24:44.557, 18 MiB
2023/10/20 11:24:44.558, 18 MiB
2023/10/20 11:24:44.559, 18 MiB
2023/10/20 11:24:44.561, 18 MiB
2023/10/20 11:24:44.562, 18 MiB
2023/10/20 11:24:44.563, 18 MiB
2023/10/20 11:24:44.564, 18 MiB
2023/10/20 11:24:44.565, 18 MiB
2023/10/20 11:24:44.566, 18 MiB
2023/10/20 11:24:44.567, 18 MiB
2023/10/20 11:24:44.568, 18 MiB
2023/10/20 11:24:44.569, 18 MiB
2023/10/20 11:24:44.570, 18 MiB
2023/10/20 11:24:44.571, 18 MiB
2023/10/20 11:24:44.572, 18 MiB
2023/10/20 11:24:44.573, 18 MiB
2023/10/20 11:24:44.574, 18 MiB
2023/10/20 11:24:44.576, 18 MiB
2023/10/20 11:24:44.577, 18 MiB
2023/10/20 11:24:44.578, 18 MiB
2023/10/20 11:24:44.579, 18 MiB
2023/10/20 11:24:44.580, 18 MiB
2023/10/20 11:24:44.581, 18 MiB
2023/10/20 11:24:44.582, 18 MiB
2023/10/20 11:24:44.583, 18 MiB
2023/10/20 11:24:44.584, 18 MiB
2023/10/20 11:24:44.585, 18 MiB
2023/10/20 11:24:44.586, 18 MiB
2023/10/20 11:24:44.587, 18 MiB
2023/10/20 11:24:44.588, 18 MiB
2023/10/20 11:24:44.589, 18 MiB
2023/10/20 11:24:44.591, 18 MiB
2023/10/20 11:24:44.592, 18 MiB
2023/10/20 11:24:44.593, 18 MiB
2023/10/20 11:24:44.594, 18 MiB
2023/10/20 11:24:44.595, 18 MiB
2023/10/20 11:24:44.596, 18 MiB
2023/10/20 11:24:44.597, 18 MiB
2023/10/20 11:24:44.598, 18 MiB
2023/10/20 11:24:44.599, 18 MiB
2023/10/20 11:24:44.600, 18 MiB
2023/10/20 11:24:44.601, 18 MiB
2023/10/20 11:24:44.602, 18 MiB
2023/10/20 11:24:44.604, 18 MiB
2023/10/20 11:24:44.605, 18 MiB
2023/10/20 11:24:44.606, 18 MiB
2023/10/20 11:24:44.607, 18 MiB
2023/10/20 11:24:44.608, 18 MiB
2023/10/20 11:24:44.609, 18 MiB
2023/10/20 11:24:44.610, 18 MiB
2023/10/20 11:24:44.611, 18 MiB
2023/10/20 11:24:44.612, 18 MiB
2023/10/20 11:24:44.613, 18 MiB
2023/10/20 11:24:44.614, 18 MiB
2023/10/20 11:24:44.616, 18 MiB
2023/10/20 11:24:44.617, 18 MiB
2023/10/20 11:24:44.618, 18 MiB
2023/10/20 11:24:44.619, 18 MiB
2023/10/20 11:24:44.620, 18 MiB
2023/10/20 11:24:44.621, 18 MiB
2023/10/20 11:24:44.622, 18 MiB
2023/10/20 11:24:44.623, 18 MiB
2023/10/20 11:24:44.624, 18 MiB
2023/10/20 11:24:44.625, 18 MiB
2023/10/20 11:24:44.626, 18 MiB
2023/10/20 11:24:44.627, 18 MiB
2023/10/20 11:24:44.628, 18 MiB
2023/10/20 11:24:44.630, 18 MiB
2023/10/20 11:24:44.631, 18 MiB
2023/10/20 11:24:44.632, 18 MiB
2023/10/20 11:24:44.633, 18 MiB
2023/10/20 11:24:44.634, 18 MiB
2023/10/20 11:24:44.635, 18 MiB
2023/10/20 11:24:44.636, 18 MiB
2023/10/20 11:24:44.637, 18 MiB
2023/10/20 11:24:44.638, 18 MiB
2023/10/20 11:24:44.639, 18 MiB
2023/10/20 11:24:44.640, 18 MiB
2023/10/20 11:24:44.641, 18 MiB
2023/10/20 11:24:44.643, 18 MiB
2023/10/20 11:24:44.644, 18 MiB
2023/10/20 11:24:44.645, 18 MiB
2023/10/20 11:24:44.646, 18 MiB
2023/10/20 11:24:44.647, 18 MiB
2023/10/20 11:24:44.648, 18 MiB
2023/10/20 11:24:44.649, 18 MiB
2023/10/20 11:24:44.650, 18 MiB
2023/10/20 11:24:44.651, 18 MiB
2023/10/20 11:24:44.652, 18 MiB
2023/10/20 11:24:44.653, 18 MiB
2023/10/20 11:24:44.655, 18 MiB
2023/10/20 11:24:44.656, 18 MiB
2023/10/20 11:24:44.657, 18 MiB
2023/10/20 11:24:44.658, 18 MiB
2023/10/20 11:24:44.659, 18 MiB
2023/10/20 11:24:44.660, 18 MiB
2023/10/20 11:24:44.661, 18 MiB
2023/10/20 11:24:44.662, 18 MiB
2023/10/20 11:24:44.663, 18 MiB
2023/10/20 11:24:44.664, 18 MiB
2023/10/20 11:24:44.665, 18 MiB
2023/10/20 11:24:44.666, 18 MiB
2023/10/20 11:24:44.668, 18 MiB
2023/10/20 11:24:44.669, 18 MiB
2023/10/20 11:24:44.670, 18 MiB
2023/10/20 11:24:44.671, 18 MiB
2023/10/20 11:24:44.672, 18 MiB
2023/10/20 11:24:44.673, 18 MiB
2023/10/20 11:24:44.674, 18 MiB
2023/10/20 11:24:44.675, 18 MiB
2023/10/20 11:24:44.676, 18 MiB
2023/10/20 11:24:44.677, 18 MiB
2023/10/20 11:24:44.678, 18 MiB
2023/10/20 11:24:44.679, 18 MiB
2023/10/20 11:24:44.680, 18 MiB
2023/10/20 11:24:44.681, 18 MiB
2023/10/20 11:24:44.682, 18 MiB
2023/10/20 11:24:44.684, 18 MiB
2023/10/20 11:24:44.685, 18 MiB
2023/10/20 11:24:44.686, 18 MiB
2023/10/20 11:24:44.687, 18 MiB
2023/10/20 11:24:44.688, 18 MiB
2023/10/20 11:24:44.689, 18 MiB
2023/10/20 11:24:44.690, 18 MiB
2023/10/20 11:24:44.691, 18 MiB
2023/10/20 11:24:44.692, 18 MiB
2023/10/20 11:24:44.693, 18 MiB
2023/10/20 11:24:44.694, 18 MiB
2023/10/20 11:24:44.695, 18 MiB
2023/10/20 11:24:44.696, 18 MiB
2023/10/20 11:24:44.697, 18 MiB
2023/10/20 11:24:44.699, 18 MiB
2023/10/20 11:24:44.700, 18 MiB
2023/10/20 11:24:44.701, 18 MiB
2023/10/20 11:24:44.702, 18 MiB
2023/10/20 11:24:44.703, 18 MiB
2023/10/20 11:24:44.704, 18 MiB
2023/10/20 11:24:44.705, 18 MiB
2023/10/20 11:24:44.706, 18 MiB
2023/10/20 11:24:44.707, 18 MiB
2023/10/20 11:24:44.708, 18 MiB
2023/10/20 11:24:44.709, 18 MiB
2023/10/20 11:24:44.710, 18 MiB
2023/10/20 11:24:44.711, 18 MiB
2023/10/20 11:24:44.712, 18 MiB
2023/10/20 11:24:44.714, 18 MiB
2023/10/20 11:24:44.715, 18 MiB
2023/10/20 11:24:44.716, 18 MiB
2023/10/20 11:24:44.717, 18 MiB
2023/10/20 11:24:44.718, 18 MiB
2023/10/20 11:24:44.719, 18 MiB
2023/10/20 11:24:44.720, 18 MiB
2023/10/20 11:24:44.721, 18 MiB
2023/10/20 11:24:44.722, 18 MiB
2023/10/20 11:24:44.723, 18 MiB
2023/10/20 11:24:44.724, 18 MiB
2023/10/20 11:24:44.725, 18 MiB
2023/10/20 11:24:44.726, 18 MiB
2023/10/20 11:24:44.727, 18 MiB
2023/10/20 11:24:44.728, 18 MiB
2023/10/20 11:24:44.730, 18 MiB
2023/10/20 11:24:44.731, 18 MiB
2023/10/20 11:24:44.732, 18 MiB
2023/10/20 11:24:44.733, 18 MiB
2023/10/20 11:24:44.734, 18 MiB
2023/10/20 11:24:44.735, 18 MiB
2023/10/20 11:24:44.736, 18 MiB
2023/10/20 11:24:44.737, 18 MiB
2023/10/20 11:24:44.738, 18 MiB
2023/10/20 11:24:44.739, 18 MiB
2023/10/20 11:24:44.740, 18 MiB
2023/10/20 11:24:44.741, 18 MiB
2023/10/20 11:24:44.742, 18 MiB
2023/10/20 11:24:44.743, 18 MiB
2023/10/20 11:24:44.745, 18 MiB
2023/10/20 11:24:44.746, 18 MiB
2023/10/20 11:24:44.747, 18 MiB
2023/10/20 11:24:44.748, 18 MiB
2023/10/20 11:24:44.749, 18 MiB
2023/10/20 11:24:44.750, 18 MiB
2023/10/20 11:24:44.751, 18 MiB
2023/10/20 11:24:44.752, 18 MiB
2023/10/20 11:24:44.753, 18 MiB
2023/10/20 11:24:44.754, 18 MiB
2023/10/20 11:24:44.755, 18 MiB
2023/10/20 11:24:44.756, 18 MiB
2023/10/20 11:24:44.757, 18 MiB
2023/10/20 11:24:44.758, 18 MiB
2023/10/20 11:24:44.760, 18 MiB
2023/10/20 11:24:44.761, 18 MiB
2023/10/20 11:24:44.762, 18 MiB
2023/10/20 11:24:44.763, 18 MiB
2023/10/20 11:24:44.764, 18 MiB
2023/10/20 11:24:44.765, 18 MiB
2023/10/20 11:24:44.766, 18 MiB
2023/10/20 11:24:44.767, 18 MiB
2023/10/20 11:24:44.768, 18 MiB
2023/10/20 11:24:44.769, 18 MiB
2023/10/20 11:24:44.770, 18 MiB
2023/10/20 11:24:44.771, 18 MiB
2023/10/20 11:24:44.772, 18 MiB
2023/10/20 11:24:44.773, 18 MiB
2023/10/20 11:24:44.774, 18 MiB
2023/10/20 11:24:44.776, 18 MiB
2023/10/20 11:24:44.777, 18 MiB
2023/10/20 11:24:44.778, 18 MiB
2023/10/20 11:24:44.779, 18 MiB
2023/10/20 11:24:44.780, 18 MiB
2023/10/20 11:24:44.781, 18 MiB
2023/10/20 11:24:44.782, 18 MiB
2023/10/20 11:24:44.783, 18 MiB
2023/10/20 11:24:44.784, 18 MiB
2023/10/20 11:24:44.785, 18 MiB
2023/10/20 11:24:44.786, 18 MiB
2023/10/20 11:24:44.787, 18 MiB
2023/10/20 11:24:44.788, 18 MiB
2023/10/20 11:24:44.789, 18 MiB
2023/10/20 11:24:44.791, 18 MiB
2023/10/20 11:24:44.792, 18 MiB
2023/10/20 11:24:44.793, 18 MiB
2023/10/20 11:24:44.794, 18 MiB
2023/10/20 11:24:44.795, 18 MiB
2023/10/20 11:24:44.796, 18 MiB
2023/10/20 11:24:44.797, 18 MiB
2023/10/20 11:24:44.798, 18 MiB
2023/10/20 11:24:44.799, 18 MiB
2023/10/20 11:24:44.800, 18 MiB
2023/10/20 11:24:44.801, 18 MiB
2023/10/20 11:24:44.802, 18 MiB
2023/10/20 11:24:44.803, 18 MiB
2023/10/20 11:24:44.804, 18 MiB
2023/10/20 11:24:44.806, 18 MiB
2023/10/20 11:24:44.807, 18 MiB
2023/10/20 11:24:44.808, 18 MiB
2023/10/20 11:24:44.809, 18 MiB
2023/10/20 11:24:44.810, 18 MiB
2023/10/20 11:24:44.811, 18 MiB
2023/10/20 11:24:44.812, 18 MiB
2023/10/20 11:24:44.813, 18 MiB
2023/10/20 11:24:44.814, 18 MiB
2023/10/20 11:24:44.815, 18 MiB
2023/10/20 11:24:44.816, 18 MiB
2023/10/20 11:24:44.817, 18 MiB
2023/10/20 11:24:44.818, 18 MiB
2023/10/20 11:24:44.819, 18 MiB
2023/10/20 11:24:44.820, 18 MiB
2023/10/20 11:24:44.822, 18 MiB
2023/10/20 11:24:44.823, 18 MiB
2023/10/20 11:24:44.824, 18 MiB
2023/10/20 11:24:44.825, 18 MiB
2023/10/20 11:24:44.826, 18 MiB
2023/10/20 11:24:44.827, 18 MiB
2023/10/20 11:24:44.828, 18 MiB
2023/10/20 11:24:44.829, 18 MiB
2023/10/20 11:24:44.830, 18 MiB
2023/10/20 11:24:44.831, 18 MiB
2023/10/20 11:24:44.832, 18 MiB
2023/10/20 11:24:44.833, 18 MiB
2023/10/20 11:24:44.834, 18 MiB
2023/10/20 11:24:44.835, 18 MiB
2023/10/20 11:24:44.837, 18 MiB
2023/10/20 11:24:44.838, 18 MiB
2023/10/20 11:24:44.839, 18 MiB
2023/10/20 11:24:44.840, 18 MiB
2023/10/20 11:24:44.841, 18 MiB
2023/10/20 11:24:44.842, 18 MiB
2023/10/20 11:24:44.843, 18 MiB
2023/10/20 11:24:44.844, 18 MiB
2023/10/20 11:24:44.845, 18 MiB
2023/10/20 11:24:44.846, 18 MiB
2023/10/20 11:24:44.847, 18 MiB
2023/10/20 11:24:44.848, 18 MiB
2023/10/20 11:24:44.849, 18 MiB
2023/10/20 11:24:44.850, 18 MiB
2023/10/20 11:24:44.852, 18 MiB
2023/10/20 11:24:44.853, 18 MiB
2023/10/20 11:24:44.854, 18 MiB
2023/10/20 11:24:44.855, 18 MiB
2023/10/20 11:24:44.856, 18 MiB
2023/10/20 11:24:44.857, 18 MiB
2023/10/20 11:24:44.858, 18 MiB
2023/10/20 11:24:44.859, 18 MiB
2023/10/20 11:24:44.860, 18 MiB
2023/10/20 11:24:44.861, 18 MiB
2023/10/20 11:24:44.862, 18 MiB
2023/10/20 11:24:44.863, 18 MiB
2023/10/20 11:24:44.864, 18 MiB
2023/10/20 11:24:44.865, 18 MiB
2023/10/20 11:24:44.866, 18 MiB
2023/10/20 11:24:44.868, 18 MiB
2023/10/20 11:24:44.869, 18 MiB
2023/10/20 11:24:44.870, 18 MiB
2023/10/20 11:24:44.871, 18 MiB
2023/10/20 11:24:44.872, 18 MiB
2023/10/20 11:24:44.873, 18 MiB
2023/10/20 11:24:44.874, 18 MiB
2023/10/20 11:24:44.875, 18 MiB
2023/10/20 11:24:44.876, 18 MiB
2023/10/20 11:24:44.877, 18 MiB
2023/10/20 11:24:44.878, 18 MiB
2023/10/20 11:24:44.879, 18 MiB
2023/10/20 11:24:44.881, 18 MiB
2023/10/20 11:24:44.882, 18 MiB
2023/10/20 11:24:44.883, 18 MiB
2023/10/20 11:24:44.884, 18 MiB
2023/10/20 11:24:44.885, 18 MiB
2023/10/20 11:24:44.886, 18 MiB
2023/10/20 11:24:44.887, 18 MiB
2023/10/20 11:24:44.888, 18 MiB
2023/10/20 11:24:44.889, 18 MiB
2023/10/20 11:24:44.890, 18 MiB
2023/10/20 11:24:44.891, 18 MiB
2023/10/20 11:24:44.892, 18 MiB
2023/10/20 11:24:44.894, 18 MiB
2023/10/20 11:24:44.895, 18 MiB
2023/10/20 11:24:44.896, 18 MiB
2023/10/20 11:24:44.897, 18 MiB
2023/10/20 11:24:44.898, 18 MiB
2023/10/20 11:24:44.899, 18 MiB
2023/10/20 11:24:44.900, 18 MiB
2023/10/20 11:24:44.901, 18 MiB
2023/10/20 11:24:44.902, 18 MiB
2023/10/20 11:24:44.903, 18 MiB
2023/10/20 11:24:44.904, 18 MiB
2023/10/20 11:24:44.905, 18 MiB
2023/10/20 11:24:44.907, 18 MiB
2023/10/20 11:24:44.908, 18 MiB
2023/10/20 11:24:44.909, 18 MiB
2023/10/20 11:24:44.910, 18 MiB
2023/10/20 11:24:44.911, 18 MiB
2023/10/20 11:24:44.912, 18 MiB
2023/10/20 11:24:44.913, 18 MiB
2023/10/20 11:24:44.914, 18 MiB
2023/10/20 11:24:44.915, 18 MiB
2023/10/20 11:24:44.916, 18 MiB
2023/10/20 11:24:44.917, 18 MiB
2023/10/20 11:24:44.919, 18 MiB
2023/10/20 11:24:44.920, 18 MiB
2023/10/20 11:24:44.921, 18 MiB
2023/10/20 11:24:44.922, 18 MiB
2023/10/20 11:24:44.923, 18 MiB
2023/10/20 11:24:44.924, 18 MiB
2023/10/20 11:24:44.925, 18 MiB
2023/10/20 11:24:44.926, 18 MiB
2023/10/20 11:24:44.927, 18 MiB
2023/10/20 11:24:44.928, 18 MiB
2023/10/20 11:24:44.929, 18 MiB
2023/10/20 11:24:44.930, 18 MiB
2023/10/20 11:24:44.932, 18 MiB
2023/10/20 11:24:44.933, 18 MiB
2023/10/20 11:24:44.934, 18 MiB
2023/10/20 11:24:44.935, 18 MiB
2023/10/20 11:24:44.936, 18 MiB
2023/10/20 11:24:44.937, 18 MiB
2023/10/20 11:24:44.938, 18 MiB
2023/10/20 11:24:44.939, 18 MiB
2023/10/20 11:24:44.940, 18 MiB
2023/10/20 11:24:44.941, 18 MiB
2023/10/20 11:24:44.942, 18 MiB
2023/10/20 11:24:44.944, 18 MiB
2023/10/20 11:24:44.945, 18 MiB
2023/10/20 11:24:44.946, 18 MiB
2023/10/20 11:24:44.947, 18 MiB
2023/10/20 11:24:44.948, 18 MiB
2023/10/20 11:24:44.949, 18 MiB
2023/10/20 11:24:44.950, 18 MiB
2023/10/20 11:24:44.951, 18 MiB
2023/10/20 11:24:44.952, 18 MiB
2023/10/20 11:24:44.953, 18 MiB
2023/10/20 11:24:44.954, 18 MiB
2023/10/20 11:24:44.955, 18 MiB
2023/10/20 11:24:44.956, 18 MiB
2023/10/20 11:24:44.958, 18 MiB
2023/10/20 11:24:44.959, 18 MiB
2023/10/20 11:24:44.960, 18 MiB
2023/10/20 11:24:44.961, 18 MiB
2023/10/20 11:24:44.962, 18 MiB
2023/10/20 11:24:44.963, 18 MiB
2023/10/20 11:24:44.964, 18 MiB
2023/10/20 11:24:44.965, 18 MiB
2023/10/20 11:24:44.966, 18 MiB
2023/10/20 11:24:44.967, 18 MiB
2023/10/20 11:24:44.968, 18 MiB
2023/10/20 11:24:44.969, 18 MiB
2023/10/20 11:24:44.970, 18 MiB
2023/10/20 11:24:44.971, 18 MiB
2023/10/20 11:24:44.973, 18 MiB
2023/10/20 11:24:44.974, 18 MiB
2023/10/20 11:24:44.975, 18 MiB
2023/10/20 11:24:44.976, 18 MiB
2023/10/20 11:24:44.977, 18 MiB
2023/10/20 11:24:44.978, 18 MiB
2023/10/20 11:24:44.979, 18 MiB
2023/10/20 11:24:44.980, 18 MiB
2023/10/20 11:24:44.981, 18 MiB
2023/10/20 11:24:44.982, 18 MiB
2023/10/20 11:24:44.983, 18 MiB
2023/10/20 11:24:44.984, 18 MiB
2023/10/20 11:24:44.985, 18 MiB
2023/10/20 11:24:44.986, 18 MiB
2023/10/20 11:24:44.988, 18 MiB
2023/10/20 11:24:44.989, 18 MiB
2023/10/20 11:24:44.990, 18 MiB
2023/10/20 11:24:44.991, 18 MiB
2023/10/20 11:24:44.992, 18 MiB
2023/10/20 11:24:44.993, 18 MiB
2023/10/20 11:24:44.994, 18 MiB
2023/10/20 11:24:44.995, 18 MiB
2023/10/20 11:24:44.996, 18 MiB
2023/10/20 11:24:44.997, 18 MiB
2023/10/20 11:24:44.998, 18 MiB
2023/10/20 11:24:44.999, 18 MiB
2023/10/20 11:24:45.000, 18 MiB
2023/10/20 11:24:45.001, 18 MiB
2023/10/20 11:24:45.003, 18 MiB
2023/10/20 11:24:45.004, 18 MiB
2023/10/20 11:24:45.005, 18 MiB
2023/10/20 11:24:45.006, 18 MiB
2023/10/20 11:24:45.007, 18 MiB
2023/10/20 11:24:45.008, 18 MiB
2023/10/20 11:24:45.009, 18 MiB
2023/10/20 11:24:45.010, 18 MiB
2023/10/20 11:24:45.011, 18 MiB
2023/10/20 11:24:45.012, 18 MiB
2023/10/20 11:24:45.013, 18 MiB
2023/10/20 11:24:45.014, 18 MiB
2023/10/20 11:24:45.015, 18 MiB
2023/10/20 11:24:45.016, 18 MiB
2023/10/20 11:24:45.018, 18 MiB
2023/10/20 11:24:45.019, 18 MiB
2023/10/20 11:24:45.020, 18 MiB
2023/10/20 11:24:45.021, 18 MiB
2023/10/20 11:24:45.022, 18 MiB
2023/10/20 11:24:45.023, 18 MiB
2023/10/20 11:24:45.024, 18 MiB
2023/10/20 11:24:45.025, 18 MiB
2023/10/20 11:24:45.026, 18 MiB
2023/10/20 11:24:45.027, 18 MiB
2023/10/20 11:24:45.028, 18 MiB
2023/10/20 11:24:45.029, 18 MiB
2023/10/20 11:24:45.030, 18 MiB
2023/10/20 11:24:45.031, 18 MiB
2023/10/20 11:24:45.033, 18 MiB
2023/10/20 11:24:45.034, 18 MiB
2023/10/20 11:24:45.035, 18 MiB
