# fmr_benchmark.py --model_path=/home/docker/fmr_benchmark/result/fmr_model_7scene.pth --n_iter=10 --input_txt=/benchmark/point_clouds_registration_benchmark/dataset_voxelgrid_0.1/eth/wood_summer_global.txt --input_pcd_dir=/benchmark/point_clouds_registration_benchmark/dataset_voxelgrid_0.1/eth/wood_summer/ --output_dir=/benchmark/neural_registration_comparison/results/FMR
id;initial_error;final_error;transformation;status_code
2318808360030;3.191434272228459;2.299579827432633;-0.4916563  0.025186926  0.8704251  6.867582  -0.6274369  0.68287873  -0.3741654  5.2551327  -0.6038188  -0.7300976  -0.31993848  26.484694  0.0  0.0  0.0  1.0;ok
2318808360061;1.2290519931977752;0.1654010380998745;0.25740725  -0.9606478  0.104389414  0.72780657  0.94089466  0.27378216  0.19939968  -4.365539  -0.22013293  0.046892505  0.9743421  -1.6434106  0.0  0.0  0.0  1.0;ok
2318808360092;1.5501779086035168;1.8622158078985278;-0.409465  0.16506968  0.89726853  1.0802586  -0.85093576  0.2855736  -0.44085807  4.6098814  -0.3290084  -0.94403386  0.023531314  13.555274  0.0  0.0  0.0  1.0;ok
2318808360123;2.46883954535684;1.836542269733699;0.44370675  -0.6289532  0.6383902  7.518057  0.15788262  0.75607187  0.6351602  5.9828935  -0.88215494  -0.18103424  0.43477502  11.198159  0.0  0.0  0.0  1.0;ok
2318808360154;2.605956151325133;0.729648102182321;0.9144608  -0.2981087  -0.27366498  -7.1225753  0.3671118  0.89565396  0.25106296  -2.23443  0.17026503  -0.33005297  0.9284799  0.13238788  0.0  0.0  0.0  1.0;ok
2318808360185;2.0994318697068906;0.6761446609383008;0.77097476  0.24450323  -0.58806145  -5.7434506  -0.5247224  0.76715726  -0.36896676  1.156122  0.36092207  0.593033  0.71975505  -8.461844  0.0  0.0  0.0  1.0;ok
2318808360216;2.1785924415659945;1.7791788491546747;0.9580484  0.20630668  -0.19894837  -6.008877  -0.28621277  0.65234435  -0.70180416  3.8462703  -0.015004074  0.7293041  0.6840253  6.709231  0.0  0.0  0.0  1.0;ok
2318808360247;2.8332003124665244;3.7023722396728234;0.05129448  -0.68867475  -0.72325397  23.954395  0.9446609  0.2684206  -0.18858996  15.198156  0.32401335  -0.6735561  0.66433257  11.019056  0.0  0.0  0.0  1.0;ok
2318808360278;2.216646621042457;1.808609822467641;0.5503995  0.8174117  0.16999528  5.4413705  0.26060274  0.025237704  -0.96511614  5.86732  -0.7931876  0.5755008  -0.19912909  12.720813  0.0  0.0  0.0  1.0;ok
2318808360309;1.6397728674584622;1.9535471227099352;0.6001054  -0.7973669  -0.063870385  2.2678561  0.78999346  0.60330594  -0.109235175  0.92161024  0.12563393  0.015095394  0.9919617  3.9268453  0.0  0.0  0.0  1.0;ok
2318808360340;2.5096186250066332;3.7059724349092718;0.8276821  -0.40432444  -0.38918397  -0.8661094  0.45789167  0.887499  0.051778223  5.4705305  0.32446507  -0.22105993  0.9197037  13.316027  0.0  0.0  0.0  1.0;ok
2318808360371;2.792650208742791;1.787735089679936;0.54770744  -0.7715076  -0.32371685  3.9303427  0.58723587  0.6300786  -0.50808954  -4.8269625  0.59596217  0.08818634  0.79815567  10.14718  0.0  0.0  0.0  1.0;ok
2318808360402;1.9665433443068938;1.1392776695673872;0.79947054  -0.5201166  0.30054227  -2.9546118  0.60040027  0.7078101  -0.37218893  2.3951492  -0.019145155  0.47799966  0.8781514  -1.7765015  0.0  0.0  0.0  1.0;ok
2318808360433;2.1138213036935523;2.157586499859466;0.75904995  0.4387518  0.48097816  -1.7086158  -0.6402883  0.6367719  0.42959544  12.752257  -0.11778759  -0.63404924  0.7642692  1.0327668  0.0  0.0  0.0  1.0;ok
2318808360464;0.8527408325347903;0.2867726865127845;0.7877347  -0.5310914  -0.31211555  1.8336363  0.6157136  0.6946451  0.3719744  -4.1179476  0.019257205  -0.4851909  0.8741961  2.7527235  0.0  0.0  0.0  1.0;ok
2318808360495;1.4166033918969876;0.21403241507701048;0.095137894  0.99541587  -0.009795337  -5.15732  -0.9783617  0.09168263  -0.18548052  24.487425  -0.18373205  0.027229631  0.9825991  2.6487665  0.0  0.0  0.0  1.0;ok
2318808360526;1.8250073122318025;1.1714340131670342;0.9430721  0.09773696  -0.31790313  -1.6371357  -0.01787027  0.9693562  0.24500866  -0.07486582  0.33210775  -0.22537977  0.91591936  5.4780498  0.0  0.0  0.0  1.0;ok
2318808360557;1.030849343371945;0.6749213944121627;0.9578088  0.17022632  -0.23157096  -1.2850654  0.023138938  0.75743985  0.6524946  -4.5701666  0.28647295  -0.6303236  0.72154385  -0.51383084  0.0  0.0  0.0  1.0;ok
2318808360588;3.0663738554268885;2.755550393461721;0.4744488  -0.24731548  0.8448273  13.684081  -0.17389154  0.91447943  0.36536172  -8.799044  -0.86293685  -0.32025382  0.39086765  15.652177  0.0  0.0  0.0  1.0;ok
2318808360619;3.0620121282145814;2.642514265176016;0.5829122  -0.043277692  -0.81138194  10.5283575  -0.76923954  0.29222122  -0.5682231  10.593326  0.26169437  0.95537096  0.13704844  -3.0852175  0.0  0.0  0.0  1.0;ok
2318808360650;1.817073899100571;2.6302068107977328;0.24523678  -0.52551615  -0.8146727  22.071  0.9647124  0.04919306  0.2586698  4.1675844  -0.09585893  -0.8493602  0.51903594  17.288853  0.0  0.0  0.0  1.0;ok
2318808360681;2.040495307815953;2.1858624402152906;-0.58414394  -0.805536  0.099436834  5.9033556  -0.767767  0.5086604  -0.38961366  10.397781  0.26326814  -0.30393478  -0.91559476  9.032539  0.0  0.0  0.0  1.0;ok
2318808360712;3.074349820289377;1.7824702108014474;0.042890295  -0.42598152  0.90371484  11.892448  -0.8306624  0.48739174  0.26916367  3.1169627  -0.5551219  -0.76222634  -0.33294272  18.310986  0.0  0.0  0.0  1.0;ok
2318808360743;2.4044971727063946;1.6453232512963165;0.73260146  -0.57785994  -0.35968447  -1.0456133  0.09244146  0.6080098  -0.78852934  2.413262  0.6743512  0.544428  0.49884722  6.811321  0.0  0.0  0.0  1.0;ok
2318808360774;1.8422979577518144;1.8895664133673549;-0.4636224  0.7844648  0.41190913  -0.5285535  -0.084429465  0.4236619  -0.9018771  3.4312203  -0.88200116  -0.45290768  -0.13018721  14.768074  0.0  0.0  0.0  1.0;ok
2318808360805;2.0428007024973294;1.7335082395266086;-0.24020417  0.66381896  0.7082699  -2.795216  -0.8018457  0.27555513  -0.5302009  10.325682  -0.54712474  -0.69527966  0.4660908  0.4654281  0.0  0.0  0.0  1.0;ok
2318808360836;2.335642004339337;3.801712627109113;0.20036928  -0.8865659  0.41695684  15.962276  0.97693926  0.1487586  -0.15316767  11.397043  0.07376744  0.43803182  0.8959278  2.338304  0.0  0.0  0.0  1.0;ok
2318808360867;1.777260887399104;0.15432319804671374;0.31335324  0.6491482  0.69312096  0.36419725  -0.79577416  0.57779425  -0.18137656  6.5557504  -0.5182215  -0.4947325  0.69762886  -0.0022187233  0.0  0.0  0.0  1.0;ok
2318808360898;3.0746366941874217;2.4300896663458396;-0.18877551  -0.13016805  -0.9733549  14.015844  0.96961886  0.1323167  -0.20574582  1.9974976  0.15557271  -0.9826232  0.10123537  25.455383  0.0  0.0  0.0  1.0;ok
2318808360929;2.2909885930482803;1.497225544067215;0.22558081  0.81237173  0.537741  -0.8317456  -0.7021552  0.5182045  -0.48830554  0.3510297  -0.6753453  -0.26742524  0.6873081  12.875847  0.0  0.0  0.0  1.0;ok
2318808360960;1.8017656164266864;0.21628191132281668;0.5099825  -0.8518889  -0.11917763  5.0855517  0.75202656  0.50881714  -0.41900048  2.7440128  0.4175814  0.124058194  0.9001306  -6.876355  0.0  0.0  0.0  1.0;ok
2318808360991;1.6050224715291577;1.4549614892260483;-0.7648511  0.07644722  0.6396552  6.9522486  -0.47154137  0.61008435  -0.63674647  3.4211884  -0.4389211  -0.7886401  -0.43057558  5.2566895  0.0  0.0  0.0  1.0;ok
2318808361022;3.2385263863608613;2.2149951587593413;0.77427185  -0.6328407  0.0039809593  8.177837  0.60084605  0.7331224  -0.31861526  -2.6960163  0.19871408  0.24908677  0.9478759  15.300884  0.0  0.0  0.0  1.0;ok
2318808361053;1.7004527889586178;1.3196896278780479;0.73384076  0.5735914  -0.3639651  -6.77166  -0.09112281  0.6140508  0.7839887  3.3297038  0.67318225  -0.54215735  0.5028827  3.514967  0.0  0.0  0.0  1.0;ok
2318808361084;2.5308752735998907;1.4476938514997801;-0.020511331  0.32945612  0.94394785  -2.7248197  -0.74017054  0.62969655  -0.2358596  -0.8225875  -0.672106  -0.70352036  0.23093776  10.328488  0.0  0.0  0.0  1.0;ok
2318808361115;2.6089586914235694;1.9961515642206935;0.5721088  -0.07071242  -0.81712365  -1.5257101  -0.81734484  0.033577166  -0.57516944  23.960003  0.068108335  0.9969315  -0.038586605  -3.4410968  0.0  0.0  0.0  1.0;ok
2318808361146;1.3413169492521368;2.7495520287043282;-0.3133708  0.91826093  0.24206501  -2.022247  -0.7349808  -0.073113196  -0.6741346  10.303271  -0.60133356  -0.38916746  0.69781595  15.308191  0.0  0.0  0.0  1.0;ok
2318808361177;1.9538891475063696;0.31839083355140246;0.624763  0.2794512  -0.72909397  -1.9345713  -0.704717  0.6038903  -0.37241173  17.548513  0.33622205  0.746474  0.57422227  -10.21353  0.0  0.0  0.0  1.0;ok
2318808361208;1.6171685201721393;3.1481466400511056;-0.4799076  -0.5786937  0.6593952  17.633049  -0.7170484  0.69178975  0.08525585  12.925462  -0.5055001  -0.4319034  -0.7469466  25.91357  0.0  0.0  0.0  1.0;ok
2318808361239;2.337681297799192;2.5624850465941726;0.7924504  -0.059355855  0.6070411  5.5278535  -0.536044  0.40705416  0.73956996  4.344262  -0.2909964  -0.91147345  0.29075292  20.0607  0.0  0.0  0.0  1.0;ok
2318808361270;1.6825778967153255;1.8520366591309196;0.2937549  0.20620814  0.93337363  2.9778929  -0.746766  0.6590481  0.089422956  2.0508919  -0.5966983  -0.72327995  0.34758773  7.356905  0.0  0.0  0.0  1.0;ok
2318808361301;2.6034192061527444;2.406792496433284;0.17627427  0.03167533  -0.9838312  16.241713  0.09340588  0.99443376  0.048752334  -10.281152  0.97989917  -0.100489356  0.17233439  1.1390152  0.0  0.0  0.0  1.0;ok
2318808361332;3.0014497583102027;1.1644360860927931;0.95730484  0.26649952  -0.1120079  -1.3662565  -0.03729373  0.49807698  0.86633044  7.08508  0.28666514  -0.8251651  0.48675025  5.0742936  0.0  0.0  0.0  1.0;ok
2318808361363;1.7383863135130118;1.5726050392799227;0.44068018  0.06861031  0.8950381  -2.44058  -0.8739906  -0.19468163  0.445241  3.2715144  0.20479555  -0.978464  -0.025827432  5.25908  0.0  0.0  0.0  1.0;ok
2318808361394;3.288450020840828;4.147252708465811;0.8127756  -0.4607151  0.35656333  21.318138  0.47771308  0.17675278  -0.8605513  14.139474  0.33344534  0.8697702  0.36375004  3.48344  0.0  0.0  0.0  1.0;ok
2318808361425;1.1773409723498576;0.4514139670173677;0.5544077  -0.26317018  -0.78954  3.9840088  0.55652905  0.8226057  0.11659791  -2.9798963  0.6187952  -0.50404483  0.6025208  -5.0420384  0.0  0.0  0.0  1.0;ok
2318808361456;2.2807575239693634;1.8753496290288156;0.5701277  -0.7459973  -0.3441555  7.1777873  0.50049865  0.64757985  -0.57457936  -4.224723  0.65150267  0.1553343  0.7425738  -0.6305013  0.0  0.0  0.0  1.0;ok
2318808361487;2.259289989310282;1.7795758981713714;0.9328793  -0.22317937  -0.28271413  8.338127  0.32848212  0.8491552  0.41356346  0.33260918  0.14776938  -0.47867128  0.86546993  4.076454  0.0  0.0  0.0  1.0;ok
2318808361518;2.2475198033773998;3.48456583633518;0.9052007  -0.27204624  -0.32650036  18.378536  -0.19542427  0.41576767  -0.8882267  18.55686  0.377387  0.8678293  0.32318884  -4.8433867  0.0  0.0  0.0  1.0;ok
2318808361549;1.7103500305332835;1.6687677166559607;0.3880264  -0.066130325  0.91927296  -1.1653823  0.92161304  0.03655875  -0.38638446  2.9897134  -0.00805587  0.9971411  0.075132385  3.7131042  0.0  0.0  0.0  1.0;ok
2318808361580;1.0981531416375865;0.5506144558083188;0.4134713  -0.8592604  -0.30118656  4.867506  0.56538236  0.50157815  -0.65479946  0.1556673  0.71371174  0.10045517  0.6931988  -4.8959723  0.0  0.0  0.0  1.0;ok
2318808361611;2.2938694012153467;1.6847340963634636;0.26639253  0.4739126  -0.8393103  8.740802  -0.95389533  0.004708845  -0.30010238  21.884977  -0.13827017  0.8805594  0.45331743  -6.98592  0.0  0.0  0.0  1.0;ok
2318808361642;2.8193216670425625;1.273987168361308;0.72239715  0.49734795  -0.4804036  -2.7029085  -0.3866336  0.86651886  0.3156895  2.2779927  0.5732863  -0.042312965  0.8182618  4.693097  0.0  0.0  0.0  1.0;ok
2318808361673;3.0540541344056313;1.7192373967353083;-0.078146346  0.8444877  0.5298429  6.622566  0.04027433  0.5337087  -0.84470886  -5.929857  -0.99612814  -0.04467181  -0.0757187  6.6605206  0.0  0.0  0.0  1.0;ok
2318808361704;1.4579401902016103;2.308610678814591;0.22717875  -0.48111162  0.8467123  4.817049  0.37922594  0.8445206  0.3781173  -3.085442  -0.8969823  0.23519504  0.37430695  12.298877  0.0  0.0  0.0  1.0;ok
2318808361735;2.3222348296759696;2.668183336682089;0.9127681  0.33911568  0.22771654  1.1824389  -0.38363832  0.9031301  0.19281498  0.75423  -0.14027101  -0.26335612  0.9544463  4.461522  0.0  0.0  0.0  1.0;ok
2318808361766;2.9373617282585807;1.9858109095810326;0.84050614  -0.53610766  0.07834358  -4.815107  0.54097486  0.83838934  -0.06670301  3.531681  -0.029922422  0.09844623  0.9946924  1.8957819  0.0  0.0  0.0  1.0;ok
2318808361797;2.174594581078936;3.1431688077142006;0.24857214  0.3575893  -0.90019  14.934942  0.95665985  0.05492023  0.28598177  5.2811747  0.15170287  -0.93226266  -0.32843977  15.6858835  0.0  0.0  0.0  1.0;ok
2318808361828;0.955040374787237;0.9990177822588622;0.923496  0.080090076  -0.37515423  -3.4339447  0.08299494  0.91308475  0.3992345  -1.3364483  0.37452227  -0.39982733  0.83658296  -1.9160787  0.0  0.0  0.0  1.0;ok
2318808361859;1.445074753627766;0.5203754228014956;0.4094087  0.3750519  0.8316974  3.717795  0.716254  0.43253013  -0.5476292  -1.7475706  -0.56512344  0.8199107  -0.0915509  4.073407  0.0  0.0  0.0  1.0;ok
2318808361890;1.4731601133533423;0.5388977793742624;0.6657825  0.54542875  0.50915754  1.5499338  -0.73827416  0.58040905  0.34362283  -1.1091173  -0.108097896  -0.6046759  0.7891021  -1.9745824  0.0  0.0  0.0  1.0;ok
2318808361921;1.691155709408065;0.4476789337922423;0.64426655  0.75957227  0.08927592  -8.923463  -0.5557402  0.3847583  0.73696274  10.010345  0.52542686  -0.5244148  0.67001194  4.1749  0.0  0.0  0.0  1.0;ok
2318808361952;0.8866994076987949;0.39550825527773853;0.74257815  0.6288293  -0.23054539  -3.0848317  -0.47188473  0.7354923  0.4861851  1.6523645  0.47529185  -0.2522396  0.84289557  -2.8697712  0.0  0.0  0.0  1.0;ok
2318808361983;2.6853812990172057;2.4786820587597407;0.9363537  -0.2812009  -0.21016145  5.300494  0.0035930262  0.60629636  -0.7952305  1.1864908  0.3510397  0.74386185  0.56871843  9.107146  0.0  0.0  0.0  1.0;ok
2318808362014;1.8226739870051936;0.3967014361517651;0.49211085  0.09726831  -0.86508137  8.711308  0.6911801  0.56048787  0.4562055  -6.7875905  0.5292421  -0.8224307  0.20859224  2.2250905  0.0  0.0  0.0  1.0;ok
2318808362045;1.511553820451714;2.9630959127374177;0.098020464  -0.5786748  0.8096466  5.272688  -0.9496203  0.18896645  0.25002557  13.120959  -0.2976796  -0.7933642  -0.5309989  19.149038  0.0  0.0  0.0  1.0;ok
2318808362076;1.3966994759911613;1.0589965439774873;0.5204423  0.7680466  0.37315416  -0.7694032  0.39536107  0.17059594  -0.9025447  -4.2196383  -0.75685495  0.61725307  -0.21487051  4.4215713  0.0  0.0  0.0  1.0;ok
2318808362107;1.8026402713048881;2.167441911455318;-0.48544452  -0.28708482  0.8257882  8.57596  0.7792947  0.28605416  0.55755967  -0.859931  -0.3962869  0.9141966  0.08486019  8.2391615  0.0  0.0  0.0  1.0;ok
2318808362138;2.04066986112693;0.5014836010817056;0.5985998  0.46886837  -0.6494926  3.4660215  -0.80088985  0.334182  -0.49688822  6.6474323  -0.0159264  0.8176092  0.5755533  -8.008779  0.0  0.0  0.0  1.0;ok
2318808362169;1.7087744845662494;2.63714883284353;0.74406374  0.5923375  0.30903944  3.8755813  -0.24424386  0.6717031  -0.69939953  6.263005  -0.6218636  0.44491678  0.6444648  4.276338  0.0  0.0  0.0  1.0;ok
2318808362200;1.0818148358811708;0.9254581930114462;0.7839581  -0.5570043  0.27414563  3.6072633  0.59486914  0.5476587  -0.5883884  -2.6164794  0.17759666  0.62435246  0.7606862  -1.9525449  0.0  0.0  0.0  1.0;ok
2318808362231;2.436113322156483;2.0912291484068017;0.42265522  -0.46740377  0.776464  8.408304  0.88713264  0.38859645  -0.24897474  -4.9505205  -0.18535936  0.79405713  0.5788914  9.293917  0.0  0.0  0.0  1.0;ok
2318808362262;2.322013115301065;1.9107212170245151;-0.29203308  0.8914998  0.34633014  -7.714464  -0.45873094  0.1871797  -0.8686366  19.459118  -0.83921546  -0.41254306  0.35429588  15.968565  0.0  0.0  0.0  1.0;ok
2318808362293;2.659739455008091;2.320653565220891;0.038141564  -0.013889428  0.99917567  16.103714  -0.22994119  0.972949  0.022302462  -4.9706106  -0.9724568  -0.23060235  0.0339161  14.71937  0.0  0.0  0.0  1.0;ok
2318808362324;2.0341555264296236;0.7658550425932267;0.6444478  0.70217216  -0.30272323  0.21766186  -0.7181303  0.41981193  -0.5550196  19.026537  -0.2626325  0.5750759  0.77479786  -6.432912  0.0  0.0  0.0  1.0;ok
2318808362355;1.7132607552209131;1.5555288404926562;0.2246644  0.26328343  0.93819404  4.214386  -0.8967723  0.43252978  0.093365565  4.8439236  -0.38121524  -0.8623224  0.33327946  8.910251  0.0  0.0  0.0  1.0;ok
2318808362386;1.390753419111645;0.4098419031898836;0.85124445  0.25763544  0.4571731  -4.408782  -0.49957183  0.66456556  0.5556801  -5.6101313  -0.16065858  -0.70141023  0.69441503  0.0031518936  0.0  0.0  0.0  1.0;ok
2318808362417;1.414694580399025;3.3655743975154575;-0.2791944  -0.3229495  0.9042976  -1.3691833  -0.47202453  0.866266  0.16363372  -6.504447  -0.83620757  -0.3811651  -0.39429674  14.193377  0.0  0.0  0.0  1.0;ok
2318808362448;1.6885875002222885;2.960127924373508;-0.6606917  -0.17299695  0.73045105  13.315001  -0.61322236  0.6856205  -0.3922791  16.35606  -0.43294927  -0.7071042  -0.5590695  22.271063  0.0  0.0  0.0  1.0;ok
2318808362479;1.9809840243133914;0.909407442943942;0.32708257  0.7443612  0.58218837  0.3194859  -0.7990428  0.54676527  -0.25015613  10.504629  -0.504527  -0.38337165  0.77361405  9.747929  0.0  0.0  0.0  1.0;ok
2318808362510;1.9827607568247843;3.4381867210422614;0.67688316  0.05388539  -0.73411566  11.502693  0.45986226  0.7477845  0.4788996  5.72019  0.5747662  -0.6617511  0.48138282  10.526924  0.0  0.0  0.0  1.0;ok
2318808362541;2.5600533284674496;3.3566721075810158;0.18124597  -0.8924615  -0.41311333  19.16894  0.9747924  0.21861097  -0.044599663  -0.6155443  0.1301146  -0.39461613  0.90958697  7.2086916  0.0  0.0  0.0  1.0;ok
2318808362572;1.4017754966629234;1.7428602681248506;0.099602036  -0.65621823  -0.74796855  10.21738  0.9824089  0.1841885  -0.03077401  -2.222048  0.1579617  -0.731746  0.6630203  2.6356633  0.0  0.0  0.0  1.0;ok
2318808362603;2.2639678960009646;1.728568080765773;-0.123632856  0.83442616  0.5370738  7.514091  -0.2521688  0.4970413  -0.83027774  -1.684736  -0.95975304  -0.23808283  0.1489656  9.896768  0.0  0.0  0.0  1.0;ok
2318808362634;1.9429509408524646;1.6862065119895908;0.08050582  0.6739708  -0.7343583  4.0793533  -0.7680197  0.511559  0.3852964  9.921622  0.63534606  0.53298295  0.5588062  -3.8099117  0.0  0.0  0.0  1.0;ok
2318808362665;1.9911598260221095;2.3018199671738806;0.9955053  -0.053287886  0.07829132  3.7500553  -0.06490945  0.21806517  0.9737733  7.9504747  -0.06896291  -0.9744784  0.21362603  18.687351  0.0  0.0  0.0  1.0;ok
2318808362696;1.1875758306905795;0.42877733473230517;0.25012758  0.9131564  0.32184047  -2.2154908  -0.62870735  0.40597644  -0.66325736  3.654293  -0.7363174  -0.03644444  0.6756542  1.5468063  0.0  0.0  0.0  1.0;ok
2318808362727;2.1844957241285194;1.6813177279705602;0.90082586  -0.19956817  -0.38559756  14.533033  0.32219833  0.90256834  0.28558454  -5.2604427  0.29103455  -0.38150084  0.8773575  -1.6260095  0.0  0.0  0.0  1.0;ok
2318808362758;1.349856303559578;1.8687363452291985;-0.2803572  -0.09756476  0.9549247  4.772799  -0.783635  0.59779423  -0.16899142  3.3030887  -0.5543606  -0.7956905  -0.24405116  9.949775  0.0  0.0  0.0  1.0;ok
2318808362789;1.7527553655146602;0.6460028888528867;0.61793447  -0.24419653  -0.7473449  -1.7538476  0.4565219  0.885331  0.08818663  -2.1499596  0.6401129  -0.3956731  0.6585577  2.4969978  0.0  0.0  0.0  1.0;ok
2318808362820;1.781322484160087;3.1089661161631197;0.45123196  0.3876779  -0.8038008  10.194628  0.6601991  0.46100906  0.5929652  4.403202  0.6004388  -0.7982335  -0.047922574  9.522123  0.0  0.0  0.0  1.0;ok
2318808362851;1.0349220795398575;1.660261989994162;0.15377945  0.91906863  0.36285663  -4.926256  -0.3602772  0.39409718  -0.8455105  11.654666  -0.9200829  -0.0007068699  0.39172336  9.974926  0.0  0.0  0.0  1.0;ok
2318808362882;1.539849643114604;0.6237971988790368;0.23756316  -0.32641697  -0.91488564  12.230534  0.20607388  0.9373461  -0.2809206  3.0007038  0.94926155  -0.121797666  0.2899448  -6.2559886  0.0  0.0  0.0  1.0;ok
2318808362913;2.349417557549673;1.2669871778947;0.99835867  0.0025949324  -0.0572132  0.72478485  -0.01814684  0.9618332  -0.27303421  -4.8023543  0.05432106  0.2736243  0.9603015  6.3997927  0.0  0.0  0.0  1.0;ok
2318808362944;1.8456151087900978;1.8919855202346862;0.8061516  -0.58599925  -0.082003415  -2.7248614  0.38928264  0.42087385  0.8193438  -3.6759677  -0.44562176  -0.6924375  0.5674076  14.424415  0.0  0.0  0.0  1.0;ok
2318808362975;2.2865442410100725;2.6342857192020777;0.78432345  -0.5398435  -0.3056239  17.575619  0.60396385  0.5520102  0.57490236  -1.8722143  -0.14164966  -0.63549495  0.75900036  7.801054  0.0  0.0  0.0  1.0;ok
2318808363006;1.906216416124042;1.8404456598757342;0.95139277  -0.30785117  0.008929558  -0.40416002  0.17262653  0.5090306  -0.84326035  -0.21963501  0.25505328  0.80381316  0.5374311  -4.62817  0.0  0.0  0.0  1.0;ok
2318808363037;1.682149240179568;1.532682126525664;0.3923676  0.22743641  0.89124656  2.7422395  -0.84920794  0.46185502  0.25599983  5.3403897  -0.353403  -0.8572997  0.37435755  9.438229  0.0  0.0  0.0  1.0;ok
2318808363068;2.1067567161202536;0.831718870477851;0.26585335  0.9422535  -0.20366694  6.08628  0.35559338  -0.29222268  -0.8877832  -0.82585305  -0.89603317  0.16359751  -0.41274762  6.2275014  0.0  0.0  0.0  1.0;ok
2318808363099;2.3967358115278903;1.9226776660820246;-0.05653309  0.8942251  0.4440335  -2.1802936  -0.05205741  0.44149968  -0.8957501  5.027203  -0.99704254  -0.07375482  0.021591658  21.222347  0.0  0.0  0.0  1.0;ok
