# registration_from_features.py FastGlobal FastGlobal_config.json euclidean --input_txt=/neural_comparison/point_clouds_registration_benchmark//eth/apartment_global.txt --input_pcd_dir=/neural_comparison/point_clouds_registration_benchmark//eth/apartment/ --input_features_dir=/neural_comparison/experiments/FPFH/features_voxelgrid_0.2_compressed//eth/apartment/ --output_dir=/root/neural_registration_comparison/results/FPFH/test_1_fgr/
id;initial_error;final_error;transformation
13001298760030;4.310263072930483;0.44462212531716777;0.2994891860186555  0.2856727147619633  0.9103281427586504  -0.561959305108513  0.14888532442780766  -0.9564272741086781  0.2511573799653692  -7.78725182015621  0.9424114746902802  0.060315581581978944  -0.32897210062635707  -5.030813765766778  -0.0  0.0  0.0  1.0
13001298760061;11.165739862422033;2.171156187602488;-0.611919994407384  -0.780462236828408  0.1281897707668793  4.920694289012457  -0.5576453152165656  0.31079895775760413  -0.7696984541194063  8.78419122219919  0.5608793300358678  -0.5424782988669548  -0.6254052065636572  0.3469574412107833  0.0  0.0  0.0  1.0
13001298760092;4.041875262067823;0.25123895483264136;0.16371761623212033  -0.9808793031671843  -0.10522516216918928  -0.25160332018562753  0.8796920162866264  0.1934321840331627  -0.43442599676093474  -7.133487892827492  0.4464734019142049  -0.021442546453738196  0.8945399480094418  0.1706559647961954  -0.0  0.0  -0.0  1.0
13001298760123;2.6347404064812237;1.4944258244167687;0.8736435135559005  0.27688468894664786  0.4001023372196396  -1.0945185553971073  0.0631656267192079  0.7507986371109059  -0.6575040000742004  -0.43663333160087386  -0.482449080031116  0.5996968196841828  0.6384407643922859  3.2224728871533133  0.0  0.0  0.0  1.0
13001298760154;4.655949543134552;0.18815273276191627;0.45982586238573964  -0.8609071239290733  -0.2177133442152349  -1.3558784421313383  0.7367747421596921  0.5067293707201106  -0.44764754457622147  1.9410225652850932  0.4957047060465832  0.04543422518071517  0.8673018941438432  0.5472553993391627  0.0  0.0  0.0  1.0
13001298760185;11.526736439495075;3.608284776222512;-0.125170587651317  -0.1125003059173077  -0.9857362756617688  -0.3779139415878583  -0.386467556749507  0.9206018102350039  -0.055992272432002464  1.8599003108771177  0.9137697475661422  0.37394650441011695  -0.1587099879414161  6.967577898678584  0.0  0.0  0.0  1.0
13001298760216;5.6572197072150425;2.836445995982422;0.4543360466491272  -0.6061527116956699  -0.6528075113072977  6.150815220854134  0.7168286872372109  0.6838420109644359  -0.13607621832595312  -5.792055602036363  0.5289001700406403  -0.406126820271825  0.7452017283842554  3.7060161528165168  -0.0  0.0  -0.0  1.0
13001298760247;2.8755933061249292;0.19137838764818196;-0.4731012052792738  0.8596564920684475  0.1927847639412142  5.6960264194363655  -0.7441908687849909  -0.27282368978280397  -0.6097107388838879  0.14093085461874796  -0.4715455443330353  -0.4319235464036053  0.768821728154059  3.5680437221496244  0.0  -0.0  -0.0  1.0
13001298760278;3.489631205271557;5.078540075100589;-0.16611744766197872  -0.9840155211963871  0.06417513246478519  0.5311580555284608  -0.9369036218965188  0.17779467194330745  0.3009994317366004  -3.3609834440597686  -0.3075981093236014  -0.010124656694156206  -0.9514625029224067  0.5899147472263692  0.0  0.0  -0.0  1.0
13001298760309;15.033436311598187;0.2687624891643746;0.9627418273019491  -0.2690729767676126  -0.026979754200465566  -3.3020441337274717  -0.25641279907383036  -0.8766159541189452  -0.40718171060996106  -12.205033383071477  0.08591071198881473  0.39892881840943245  -0.9129486006386286  5.676758504365868  0.0  0.0  0.0  1.0
13001298760340;6.506989460822594;1.5717212533451665;-0.7280234439814168  -0.66746641061253  -0.15643035420742718  2.902729177863678  -0.5579775111371211  0.7094846159507353  -0.43045635875714633  4.150099151706505  0.39830009048286663  -0.2260977010791201  -0.8889526801174943  -6.129792163047432  0.0  0.0  0.0  1.0
13001298760371;4.91629017563752;2.2927652378788905;0.5053181420858714  -0.8036303779800333  -0.31437523895267494  0.24263081625273858  0.6304150549992548  0.5925630608098877  -0.5014437928560926  -1.7741864123774318  0.5892626186253191  0.055201762211779026  0.8060535538905251  5.343874155141675  -0.0  0.0  -0.0  1.0
13001298760402;8.540013131131722;0.08434596065312516;0.6937808418835507  -0.049069745919482224  0.7185125631961837  -4.239360618290488  -0.10591954162866503  -0.9937793237290525  0.03440503494840885  -3.002293583223288  0.7123546828206623  -0.09997407545971693  -0.6946625008588336  -0.05596155584450196  0.0  0.0  0.0  1.0
13001298760433;5.8803617295845045;0.03642452880058684;-0.8476390343597587  -0.046944145018003786  0.528492492546663  3.131088447112373  0.11401458721206804  -0.9889243042043996  0.09502312590472567  -7.516986326215489  0.5181782910664209  0.1408011640661126  0.8436031595869646  -0.611301551048087  -0.0  0.0  -0.0  1.0
13001298760464;2.166048600398045;3.5012171691681546;0.4187131287166799  -0.6283371530051326  -0.6556460462732112  3.367085271474481  -0.6226870810065984  0.3268748102474983  -0.7109245090536291  0.4403082794149861  0.6610144589854077  0.7059357481945965  -0.25439065319536186  -1.0327289614723962  0.0  0.0  0.0  1.0
13001298760495;4.352922081343947;0.36052224277296135;0.20841858503549038  -0.9659695226241727  -0.15318150923995813  1.0805027221459724  -0.9687095748823571  -0.18230070256418543  -0.16842865960354927  0.8794455230018285  0.1347718551591831  0.1834920576096736  -0.973738780089979  4.826641760087906  -0.0  0.0  0.0  1.0
13001298760526;3.427592892868579;0.09174159708680776;0.4106414047574327  -0.09463955275053268  0.9068720922787415  -0.5259544637696838  -0.03865417838957509  -0.9955115162555207  -0.08638677847714428  -2.959036197622264  0.9109772177128637  0.0004195924348539688  -0.41245646164209837  -0.5435857901270063  -0.0  0.0  0.0  1.0
13001298760557;8.921254112295115;0.2043984961257294;0.7328792648337676  -0.6793612294369397  0.03682802078101051  -8.244111382709663  -0.33881992642803443  -0.31749966824140885  0.8856607805034028  -2.666425375033878  -0.5899907123269126  -0.6615604889989471  -0.46287004522161207  -3.6417095673500914  0.0  0.0  -0.0  1.0
13001298760588;5.635777697146662;2.0927319235391684;0.7470109610689447  -0.21777470765760765  -0.6281311970818634  1.2184579692092072  0.37724851160037426  -0.6391198348806486  0.6702308536298806  -4.557722698276149  -0.5474104351746998  -0.7376313532970082  -0.3952743377643791  -8.241422238801073  -0.0  0.0  -0.0  1.0
13001298760619;9.801579940171315;0.2797161139212802;-0.3556667395078969  -0.14233021983183072  0.9237116860419404  -5.2323726469700835  -0.5173340669277177  0.853097925062598  -0.06774506218108167  -2.354449758199331  -0.778374353125699  -0.5019621885924406  -0.3770508289602836  5.124634002459131  0.0  0.0  -0.0  1.0
13001298760650;5.928008986154682;0.1261660712466655;0.27496971913374885  -0.10424037390457311  0.9557853305045769  0.6423322415853974  0.9534380261875868  -0.0985290938713812  -0.2850402565961577  -0.21686160943681354  0.12388536547561332  0.9896595182733912  0.07229421907631571  1.7312835455550413  0.0  0.0  0.0  1.0
13001298760681;3.926177848256171;1.6153979696901937;0.7299530430454098  -0.25740963139469075  0.6331736228034102  -2.400731302459407  0.6547346205044139  0.529243584372889  -0.5396515589832754  -3.485964341098748  -0.19619156878338845  0.808480989303637  0.5548579622506339  8.486892899368032  0.0  0.0  0.0  1.0
13001298760712;3.640287511906044;0.24747059359435694;-0.24879348155424882  -0.05861617546086995  0.9667812304293323  0.6288156016115006  -0.7841070461409868  0.5981471019594766  -0.16551792836286672  -0.6949190950375913  -0.568575363279286  -0.7992397565135373  -0.19477645617478725  2.170302068548927  0.0  0.0  0.0  1.0
13001298760743;2.23776059014918;0.12739224043230754;0.8261982547000275  0.05614716585901373  0.5605746513147285  0.25886112183601667  0.42810538113946023  -0.709386741986852  -0.5599073431673464  -3.604451822136589  0.3662270150740739  0.7025794944768035  -0.6101309919768505  1.7793689541489648  -0.0  0.0  0.0  1.0
13001298760774;5.456665076952151;0.16025843716391971;0.5631185427412336  -0.8224326134697382  0.08063561943908545  1.096771572657606  -0.43313425363945424  -0.21064253301567284  0.8763700369187284  -4.4515161395611065  -0.7037700086997051  -0.5284262669342586  -0.4748404524350689  -5.0509709130695  0.0  0.0  -0.0  1.0
13001298760805;8.825594568085958;0.7169303036722865;0.37615045098816957  0.7486175223661561  0.5459694528339054  5.505123553869238  -0.8730065726064016  0.08892600407321082  0.4795327830144607  -5.585788888510915  0.3104357621270769  -0.6570113933608224  0.6869975739306877  -10.633833051079911  -0.0  0.0  -0.0  1.0
13001298760836;4.000188739564292;1.6264521157654008;-0.22994505823922443  -0.15350571385590747  0.9610209498262509  2.7814804039222096  0.7502096032911192  -0.6569824481201906  0.07456281909761238  -6.396529399471677  0.6199280775389536  0.7381124973034869  0.26623132798990595  -0.6171769848505995  -0.0  0.0  -0.0  1.0
13001298760867;4.334456072611078;0.3851887659431092;-0.3133205437043318  0.7807073763642374  0.5406720164603417  1.7908711659259813  -0.3582385725163477  0.4301076198764857  -0.8286570825652991  5.029692750172094  -0.8794858509687753  -0.453324859030093  0.1449179427506307  2.087130617309935  0.0  -0.0  -0.0  1.0
13001298760898;8.680467736983655;0.5123843371908783;-0.47595216527369255  -0.19008690389535102  -0.8586830063176767  -0.2883451196866534  0.869657162393907  0.0437300425821404  -0.49171546983264736  -9.342742822854868  0.13101891568876786  -0.9807928692355197  0.14449702899539377  -1.035494732378875  -0.0  0.0  -0.0  1.0
13001298760929;4.363996845460841;2.4624154542500483;-0.06936336069421455  -0.9703197553925763  0.23166418904978361  0.9266374367295989  -0.03271406306075074  0.23431106292875375  0.9716110929107674  -2.1225285024130165  -0.9970549203886723  0.059815533802577314  -0.04799570443957721  5.453814915083279  0.0  0.0  0.0  1.0
13001298760960;8.141769742702108;0.5386259878660369;0.2286982535069057  0.9228862091318869  0.3098034115968801  -0.040853437104751755  -0.042491204745817496  0.32739751163021014  -0.9439308062022322  -2.437456718937261  -0.972569589470152  0.20271140661670015  0.11408978598164979  -5.375212848176195  -0.0  -0.0  -0.0  1.0
13001298760991;5.538685950931398;0.15495146871488974;-0.3754553535638459  0.815915788639486  0.43967567971068333  6.110988441854108  -0.838884940804992  -0.09745032543561508  -0.5355142296551019  -3.4528171961852543  -0.39408797694277836  -0.5698989909811188  0.7210477144460348  0.354115708408656  0.0  -0.0  -0.0  1.0
13001298761022;8.071467038641245;0.3657159179385497;0.5626798870150941  -0.8125310096455151  0.15226523934608108  2.9867624725521567  0.8221019571286381  0.5693402691298496  0.0001732986202867129  -6.815558960206957  -0.08683154285133042  0.12508003962099132  0.9883396515644144  -6.406834487222899  -0.0  -0.0  -0.0  1.0
13001298761053;9.81526024076362;2.1905070368743935;0.4775311481900302  0.3042728406992385  0.824246347229472  -5.15839924801742  -0.7791995907345701  0.580127008146701  0.23727758473533778  2.3878058925616985  -0.4059704426524056  -0.7555598539040915  0.5141179892408319  -0.589742040008855  0.0  -0.0  -0.0  1.0
13001298761084;5.591627609591558;1.9483161420958275;-0.6491584404865445  -0.3778229793864351  0.6601841526366993  5.457646639425325  -0.6658589648306369  0.7018445338874068  -0.25307328821320146  0.24692193035722837  -0.3677297351313237  -0.6038741975775469  -0.7071851210258319  -4.87666529091332  0.0  0.0  -0.0  1.0
13001298761115;4.7915878266942675;2.0124285648133053;0.5742642607274074  -0.05935449240209735  0.8165155253165081  3.8786139215820175  0.032103503275724525  0.9982338580541745  0.04998529495465263  -1.4502806145924998  -0.8180402948074315  -0.00249175961269665  0.5751555156698076  6.4761329906109975  0.0  0.0  0.0  1.0
13001298761146;10.139080917100562;3.333741464714722;0.6502836093997557  0.5187829456827175  -0.5549734071239694  -4.431049602436349  -0.7273076671736192  0.21412317926108348  -0.6520543086074921  -3.0850549745711358  -0.21944198462576311  0.8276566434046719  0.516555607860004  6.324569629312954  -0.0  -0.0  -0.0  1.0
13001298761177;7.93887486463345;0.07552547265568765;-0.30270590217686905  0.95307942734042  0.0029566818806088407  1.0172957505341227  -0.9530835834645182  -0.3027072559618689  1.0884274795583772e-05  -2.4482509681213505  0.0009053826372203642  -0.0028146702277137762  0.9999956289473421  5.629668574972097  0.0  0.0  0.0  1.0
13001298761208;3.7143332170860712;1.3752268646890362;-0.825701576752417  -0.24618407549847587  0.5075532554516161  6.096704759031627  -0.5445045708278639  0.5829538012196439  -0.6030585692875381  4.552531728961382  -0.14741668323543838  -0.7743114790667431  -0.6153942272148275  -1.27348868590517  0.0  0.0  -0.0  1.0
13001298761239;9.442007376163867;0.08809908512317953;0.040170226386251416  -0.3710348024138793  -0.9277497121043863  6.154546064924514  0.9612432482649171  -0.23911153300962656  0.13724828759185567  1.1841621708195484  -0.2727595471788068  -0.8973064416237517  0.3470495342790893  -2.259348445780662  -0.0  0.0  -0.0  1.0
13001298761270;3.3218855709366024;0.6472490511665473;-0.4549953473961586  0.16822712538561477  0.8744591860872295  8.31583451304121  -0.7325678719292336  0.48759426289473323  -0.4749696283018677  0.5145755844724347  -0.5062840574864285  -0.8567096760727252  -0.09861533378965077  0.5371754147462148  0.0  0.0  -0.0  1.0
13001298761301;1.702374455622597;0.015319861504205114;0.7117020599530051  0.637314524684493  0.295483289687975  1.9605544794625898  -0.5542261457217924  0.767867493449067  -0.32126763282754534  1.444697887281513  -0.4316405417207897  0.06488227131062742  0.8997092494870536  3.5583485935774277  -0.0  -0.0  -0.0  1.0
13001298761332;2.6966908062382884;0.11522116017904366;-0.25476884277708645  -0.7991068395182817  -0.5445375063162581  6.634159134349173  0.8952534079982413  0.017948862300232134  -0.44519565789623705  -7.227868179373331  0.36553272386690583  -0.6009210408840997  0.7108303105560492  -3.1795474006529836  -0.0  0.0  -0.0  1.0
13001298761363;3.780503688669632;1.9376743789508624;-0.6990609390238964  0.6752506267868081  -0.2352666456492508  8.180570064908878  -0.1634559110492515  0.16940292289107348  0.9718975331067679  -6.007288893214742  0.696129275834661  0.7178713260327253  -0.008049259961610539  2.052184189547693  0.0  -0.0  0.0  1.0
13001298761394;9.713878523349894;0.18611038883399483;0.9389398754790753  -0.3275350316883553  0.10541685468769822  -0.16983329873264705  0.2720432440347223  0.51907437706356  -0.8102803616348745  -8.654787828392234  0.21067601574551376  0.7894824849817675  0.5764833235199531  5.7560578561018305  -0.0  0.0  -0.0  1.0
13001298761425;4.539890497597582;0.5980643198883024;0.4216749059926533  0.8993473240583956  -0.1156056415798545  6.397651494199716  -0.880526044811772  0.37570058500271436  -0.289003382050724  1.9008661697266311  -0.21648131111997906  0.22365925229603403  0.9503222510275944  -2.759955319640617  -0.0  -0.0  -0.0  1.0
13001298761456;2.8219341713243176;0.10166812368898004;0.4849967888695642  -0.8491465458512801  -0.2091130279419503  0.045204721287514384  0.8138513927208351  0.5257670879724731  -0.2474164096645663  -4.189223469371645  0.3200375374117369  -0.05019076482567568  0.9460744483251011  -4.501036268955716  -0.0  0.0  -0.0  1.0
13001298761487;4.817878682726937;4.744985682532549;-0.3670322961043482  -0.7709182268242204  0.5205500755610074  0.8413193107292748  0.5343710039701952  -0.6327953874229468  -0.560372757878297  0.06219463764684165  0.7614032596018073  0.07249196649589908  0.6442126908570652  0.4076042119382796  -0.0  0.0  -0.0  1.0
13001298761518;2.4163432216525833;2.6915856784633885;0.9690195145511971  0.24669441113045146  -0.011960264878414806  -0.2587878324545487  -0.24662362322247497  0.9690853768652282  0.007093716557398949  0.37366584602736347  0.01334049802596048  -0.003924265915799348  0.9999033109503348  -1.6972915482458732  -0.0  -0.0  -0.0  1.0
13001298761549;2.2392274259590965;0.29990105659023053;0.39259953788422924  0.06972227368446283  -0.9170629244524923  1.697975361060407  -0.6665736717044844  -0.66544211482598  -0.3359558482990446  -6.930093341752563  -0.633675897477165  0.7431861115280597  -0.2147772347999472  7.008933932087537  -0.0  -0.0  0.0  1.0
13001298761580;8.570690654168628;0.1613729888750995;-0.92947444696297  0.35779603599790516  -0.08977332046362416  6.937434240881641  -0.3513038377812944  -0.9327976451594793  -0.08046220693631748  2.463320497608607  -0.112529400616074  -0.04324985328431298  0.9927066959519676  5.625502599308238  0.0  -0.0  -0.0  1.0
13001298761611;10.391644677470136;0.2798025034541036;0.5492491923987711  0.7789625224193195  0.30256026393997854  4.100487656341696  -0.8300304766724337  0.5504867780501169  0.08951935537599887  -3.9418813067797833  -0.09682320199327185  -0.3003026737445639  0.948917052063897  6.452384642719563  0.0  -0.0  -0.0  1.0
13001298761642;10.080782196489423;3.124464532433895;0.6488291572489489  0.38918304149088756  -0.6538786469365092  9.839585765977475  -0.271220372210421  0.9211527412365825  0.2791364129066137  0.9624916975599522  0.7109572662274857  -0.00376663354112619  0.703225126165232  -4.366043668804317  -0.0  -0.0  -0.0  1.0
13001298761673;5.377260718947195;3.485373998411545;0.984081301218188  0.17530874706126942  -0.02916908974457071  -5.135120242293575  -0.17621078287006592  0.9411617709689087  -0.288382178483666  -2.435370953591286  -0.023103086223219688  0.2889314175898394  0.9570709917955351  -2.6637707046080057  -0.0  -0.0  -0.0  1.0
13001298761704;4.0697080635330884;0.12541670995145307;-0.786171349313207  -0.5147067433952924  -0.34206955114780907  -1.1540011922100224  0.5340137496937101  -0.2871700964146172  -0.795212330678595  -7.506849916454662  0.3110690030477382  -0.807842994664578  0.5006253802138413  -3.678938905132018  -0.0  0.0  -0.0  1.0
13001298761735;7.748271368017596;0.037532005292946;0.19095125535153834  -0.9243897089941984  0.33021399725828116  0.24460522313653155  0.9534677651026137  0.25462873456415547  0.1614417184140565  -7.022977669097463  -0.23331703536154103  0.2840209031741804  0.929997466432153  10.66564805753439  -0.0  -0.0  -0.0  1.0
13001298761766;4.3143958585213165;0.17846506144790866;0.28634922618641345  0.9538578052107526  0.09032944204946262  4.1405880867056535  -0.9398806820990286  0.2979559777050641  -0.16687282213375737  0.676161535415678  -0.1860871410912301  -0.03711499411752921  0.9818319882404264  3.318620500730575  0.0  0.0  0.0  1.0
13001298761797;8.231005951784896;2.8076571448927035;-0.42589306861543524  -0.15722875380968582  -0.8910074147170614  9.720142726317434  -0.8690130901652561  0.3452132675436031  0.35446304325458816  -4.514300150252226  0.2518557984775467  0.9252604600258904  -0.2836577830518937  7.344240723308942  0.0  -0.0  0.0  1.0
13001298761828;4.4334073516756565;0.02529764685871115;0.7832344309487651  -0.4964438038290861  -0.37428248131066877  -5.674044991583329  0.6136360316770191  0.714070338239239  0.33697829703792315  -3.4948572512523035  0.0999732304371768  -0.49360622128028775  0.8639202807605287  -0.12176069973362527  -0.0  -0.0  -0.0  1.0
13001298761859;2.6655230457662435;0.07373529845131409;0.7921479612293435  -0.22099452275438816  -0.5689139024780072  0.38414958893029355  0.6022138666397479  0.43451729484309226  0.6697261972694851  -3.1927000733509163  0.09919710856168894  -0.8731300827452928  0.4772879552829713  -0.6907136817451603  -0.0  -0.0  -0.0  1.0
13001298761890;6.637126318209209;1.202066309107919;0.8649968787872265  -0.4867656290840865  -0.12181798730370934  5.145578210092528  0.477921297556663  0.8731910481602461  -0.09554384728785913  -0.19010926076977247  0.15287783694868595  0.024425719133391914  0.9879431923014124  3.362123436321694  0.0  0.0  0.0  1.0
13001298761921;6.263021266226115;0.32289931766274643;-0.7227536212659591  0.6845861209972586  -0.09470504677612215  4.13504562612876  -0.6076762405703794  -0.6947782348520578  -0.3847243052136295  -6.23007110025319  -0.3291759249902604  -0.22051087799422514  0.9181602055703679  6.423068508480482  0.0  -0.0  -0.0  1.0
13001298761952;8.524152599894595;0.24670515501231233;-0.40504590438691984  -0.05911392229837688  -0.9123833402303466  -2.2316229301499884  -0.045233193563119736  -0.9953900632562726  0.0845729281197847  -5.485353143452909  -0.9131767482472727  0.07552593038933322  0.4005047568997925  4.27266508427603  0.0  0.0  -0.0  1.0
13001298761983;3.259695949088397;0.12411219076649994;0.9754230934235565  -0.21565158578422855  -0.04521263501242443  1.7403576082971914  0.10316152873223804  0.2656521545465693  0.9585335840618165  -1.8180698875868255  -0.19469845352659307  -0.939639998261842  0.28137019362547994  -5.192697513001709  0.0  0.0  0.0  1.0
13001298762014;4.304140440760447;2.9210356543246045;0.9380296511422639  0.06077144246197767  0.3411850016618751  2.05785780147727  0.006351369425756373  0.9813245866791169  -0.19225429952403889  -1.6504708451750205  -0.34649680183854487  0.18250722550121606  0.9201255778183256  2.777043604384205  -0.0  -0.0  -0.0  1.0
13001298762045;5.169410619190491;0.2622961282680833;0.3424408257336775  0.8998676829148817  -0.27013410394883325  6.969158445832439  -0.7729633187941293  0.10638686940139504  -0.625467458640125  4.057674140327791  -0.5340992311074817  0.42298934651403836  0.7319959180665041  0.29302398898967585  -0.0  -0.0  -0.0  1.0
13001298762076;7.251100765186261;0.19354007413685756;0.6194109544351998  -0.6915505967962523  0.3716017244260618  2.5043400419709894  0.7521979217078855  0.3872542792765644  -0.5331345137583247  -0.7837674792935789  0.2247851331917069  0.6097474028257395  0.7600524644018006  6.897004112438678  -0.0  0.0  -0.0  1.0
13001298762107;3.6083033742486865;0.04592048467186104;-0.13657194461753888  -0.15551705418438855  0.978346845347392  0.38896212302889194  -0.35417583519600604  0.9299887474331264  0.09838906143964737  1.086537728316932  -0.9251527342588322  -0.3330696256123834  -0.1820907542623498  7.518547831356551  0.0  0.0  -0.0  1.0
13001298762138;7.232928857269941;0.17087132100762814;0.8665220732286145  -0.4218623314267708  -0.2667801902892215  -2.630066364318273  0.032816558514668026  -0.48517409499125086  0.873801562734168  -3.816055234634299  -0.49805880184455836  -0.7659231494559946  -0.40656999278423483  -4.928726463002966  -0.0  0.0  -0.0  1.0
13001298762169;6.764347421644368;0.1807336941705266;-0.6286391707362573  0.30639077865843584  -0.7147989114213227  9.79731026575737  -0.34686431809098306  0.7121754807546554  0.6103205956275382  -6.261244356116194  0.6960588609099869  0.631609670100888  -0.34142537513157856  5.452134688955859  0.0  -0.0  0.0  1.0
13001298762200;2.173201777732865;0.11180782094050282;0.48535715157700754  -0.34816527752405996  0.8020033509528803  1.244429199890988  0.8217561161927014  0.4949055911852559  -0.28246299105096856  -3.591561663178598  -0.2985721368663547  0.796146591614991  0.5263129142885357  4.762408139561045  -0.0  -0.0  -0.0  1.0
13001298762231;5.881331751981235;0.3162803796448075;0.8871200946161398  0.18570269033597867  -0.42253100304028735  1.0706195881671015  -0.4447664608951147  0.5885206963940849  -0.6751490096109574  -3.080499433685996  0.12329125269493463  0.7868658721267571  0.6046828642281111  3.039894350268781  -0.0  0.0  -0.0  1.0
13001298762262;12.753530724937347;0.13482073441048095;0.5053677660609919  -0.8628794939137613  -0.006511528979745186  -7.885441008484885  0.8583007212936813  0.5034358788693709  -0.09935888331584308  -0.6769612888662234  0.08901288026611238  0.044623926879602475  0.9950303574748743  -4.517938697782852  0.0  0.0  0.0  1.0
13001298762293;4.0873319758586355;0.21873092040718656;-0.7394789386997203  0.22525685733748407  0.6343739019237596  8.247935222446703  0.6623613854916603  0.4117293050914028  0.6259044450541299  -1.6550807796133298  -0.12020105752073604  0.8830279313540379  -0.4536665936781169  3.239073254393919  -0.0  -0.0  -0.0  1.0
13001298762324;5.257805486369847;0.07931616924988735;0.5672127092464281  -0.5675199053421551  -0.5968173083195218  0.5299444115554695  0.43829762755102514  0.821537461238034  -0.36465242281617927  -0.7258306952471686  0.6972552847791624  -0.054748121638995395  0.7147291172357068  1.5552585633216045  -0.0  0.0  -0.0  1.0
13001298762355;3.940223826782666;0.1107726194646692;0.17252438423839556  -0.9790630004026001  0.1080323011224943  -2.0761392861043118  -0.13910983937653917  0.08435940436113074  0.9866772235561476  -8.70760168919331  -0.975132703498245  -0.18525423649270195  -0.12164324243339628  2.5402228477603046  0.0  0.0  0.0  1.0
13001298762386;9.483249247669189;0.11279680084359013;0.5308075767854676  0.7203323542943391  -0.44650264924624583  7.4561465130584885  -0.33959985893694544  -0.3019171715028161  -0.8907962490725624  -9.357103623490945  -0.7764761762199454  0.6244736350787878  0.08436484371074393  0.9324344967173895  -0.0  -0.0  -0.0  1.0
13001298762417;6.696026314562576;0.43297129522572414;-0.740059476566284  -0.6693324776157683  -0.06562016117912266  7.266466433270519  0.6718439107857959  -0.7402071044114806  -0.026817943970713087  -4.713681937751007  -0.030622388614934985  -0.06393337929052602  0.99748423161873  -3.427154953494215  0.0  0.0  -0.0  1.0
13001298762448;6.742317045442832;0.05689816464284959;0.7631811707981075  -0.05848831953699386  0.6435321414016307  0.9174036199306597  0.3702727201437656  -0.7765989436087436  -0.5096981395915837  0.41721302275424077  0.5295777688466228  0.627274419423846  -0.5710290618522931  0.1399273958769248  -0.0  0.0  0.0  1.0
13001298762479;4.7976364578938275;0.09779445027115287;0.503370162282986  0.7749319228056964  0.3822289820773234  3.049514850166171  -0.8073411451553065  0.5794447403298891  -0.111552984018112  2.8443784741262084  -0.30792654166622074  -0.25243674043350556  0.9173096189492336  -5.252353491727022  0.0  -0.0  -0.0  1.0
13001298762510;3.641411788076855;0.19124415582430448;0.68457330347255  -0.6961661698761451  0.21612972052139898  -0.761751577476921  0.7136802347325997  0.700458397990852  -0.004307578915304688  -0.41085959539575406  -0.1483910870797233  0.1571963632024217  0.9763551549877896  -1.90337349476196  -0.0  -0.0  -0.0  1.0
13001298762541;3.070002262790549;1.5702778745865051;0.8671445009623097  -0.4841153779672792  -0.11701587612980853  0.20483941850233253  0.4854870475590788  0.8740501038335308  -0.018404962400473533  -1.756309281780172  0.11118786401041023  -0.04084993028381048  0.9929594866320629  -2.536107351450575  0.0  0.0  0.0  1.0
13001298762572;5.3165421424298245;0.0924626808135533;0.7628475194062013  0.6404577235723082  0.088755655889532  3.8025533542288845  -0.5253454129478023  0.6939695889626514  -0.49236003766523395  2.7114866864920755  -0.37692951493682164  0.3289682566929285  0.8658545067492045  -1.5062342318081827  -0.0  -0.0  -0.0  1.0
13001298762603;8.701034267553123;0.0567453174980617;0.5864363075376811  0.6030909781675935  0.5407159413725704  3.367826626307756  -0.6885985863785941  0.7227169523672679  -0.05926376294474339  1.3809382804848842  -0.42652601800942025  -0.3375818105494184  0.8391150559650348  6.341270045638844  0.0  0.0  0.0  1.0
13001298762634;3.6983118308243395;0.11263820490226813;-0.31139638978767703  0.9431494961057336  0.116195165229458  2.9889539232352393  -0.6811407420424936  -0.3067896951045384  0.6647761822654799  -2.3819805733156176  0.6626308006401476  0.12786364210816187  0.7379507511140788  2.4935406779234417  0.0  0.0  0.0  1.0
13001298762665;3.264462073407414;0.15576066663788452;0.19387768583050433  0.30836068953618895  0.9313029196162627  -0.349822928516085  0.6913495315663744  -0.7164706679143074  0.09330384355094863  -1.4366373468199458  0.6960224623817545  0.625766303956351  -0.35209269332499005  -0.25922660336101094  -0.0  0.0  0.0  1.0
13001298762696;11.28400940315467;0.14395543565254817;0.3274072559283968  0.9430782006085366  -0.058378046407900036  1.393299091499849  -0.9340876585062866  0.31373541424848356  -0.17044159138125756  -3.3887221438370423  -0.14242448873589203  0.1103340264075332  0.9836369592614047  6.192780933629756  -0.0  -0.0  -0.0  1.0
13001298762727;5.9914853246080435;0.10935154297293588;0.7091183254342878  0.5213144174351814  -0.47474464579128023  -5.352204780628022  -0.5544800510872706  0.8282214204812701  0.08124747135909051  2.2665253423390532  0.4355491631027776  0.20562236461582903  0.8763654315924748  -5.027259796756039  -0.0  -0.0  -0.0  1.0
13001298762758;2.650189718750765;1.4808264680106367;-0.4649970167673659  -0.7860386570447421  -0.40733402022019743  2.81878201581526  -0.8810494534105059  0.3657704507014077  0.2999397240092363  3.1472173573804167  -0.08677346969263293  0.4983524927448304  -0.8626210975466077  0.8507334405229076  0.0  0.0  0.0  1.0
13001298762789;12.47752396560415;0.1375224892034262;0.26424231520336433  0.9352631349027656  0.23549706441443619  13.77301244038766  -0.6742430269853297  0.3537316530315956  -0.6482825450412764  3.4862916613860966  -0.6896175312574543  0.012521427050687895  0.7240655180624109  3.3042686542909734  -0.0  -0.0  -0.0  1.0
13001298762820;2.5113803815995865;0.07069700161189277;0.00036319331855532545  -0.9951752399463076  -0.09811274070386118  1.4443761091812246  0.9988720614131567  -0.004297486868961352  0.047287805350230167  -8.080885511231541  -0.04748129125080227  -0.09801925017271283  0.9940511825739832  -2.0653405045278292  0.0  0.0  0.0  1.0
13001298762851;8.315224491879562;0.17899529484461504;0.2670961756900687  -0.8154431806298937  -0.5135290177740143  4.289675803554378  0.9157592847315876  0.048841507170103875  0.39874733805411583  -2.3528730553050687  -0.30007426640688495  -0.5767728550664954  0.759795043612956  4.5823242473660795  -0.0  0.0  -0.0  1.0
13001298762882;7.127338882949794;0.08691971531375464;-0.41947708377222553  0.7683093417259728  0.48346637070902004  2.936633332039097  -0.6440643801533977  -0.6272145786881566  0.4379302986762371  -7.050173761285354  0.639703095511949  -0.1276817437915104  0.7579428223123366  -4.443264479104202  0.0  0.0  -0.0  1.0
13001298762913;2.3308338239256097;0.140588561355764;-0.9104473246869407  -0.4081399531082988  -0.06713752785997244  8.259929874430044  0.4083158265119104  -0.9127656325883382  0.011708363912432677  -9.016263168615284  -0.06605947918571993  -0.01675346657757566  0.9976750305421835  -1.2631177622402951  -0.0  0.0  -0.0  1.0
13001298762944;13.120560348922597;1.6107247614016043;-0.170141039514246  0.1125368992177948  0.9789726620225185  -0.5972370025097677  -0.8359959487528247  0.5094634461653504  -0.20385723114520804  2.970469066927988  -0.5216922467718637  -0.8531016606101338  0.007399751506198585  7.9015586085251295  0.0  -0.0  -0.0  1.0
13001298762975;11.342250680316473;1.2217698902112593;-0.37539701971997114  0.3492013087222485  0.8585659692603899  -0.08243535579454493  -0.4902049316398044  -0.8609571204020162  0.13583799845802796  1.6475684119332918  0.7866232914053446  -0.3698800924836821  0.49438094077632483  -8.609168068334254  0.0  0.0  -0.0  1.0
13001298763006;4.458598501776789;0.12420784730606713;0.634086805898803  -0.4664356521803287  -0.6167428191395227  -2.8416582406654665  -0.44350363111001617  0.4339858167753304  -0.7841943891855377  -1.1728048052298268  0.633433857460497  0.7707749951918266  0.06831877494330804  7.6114245978354145  0.0  0.0  0.0  1.0
13001298763037;6.669679305647058;0.03615686294322981;0.5920998935787898  -0.805295581917664  -0.03027774377123004  -5.037820782850987  0.7186619714217418  0.5446552626477534  -0.432291123783874  -8.819369729053195  0.36461306457147735  0.23420006535865243  0.9012256335290293  -5.610216488654791  -0.0  0.0  -0.0  1.0
13001298763068;2.7376255445017748;0.22250001025126392;0.19014444478914616  -0.6952778101511362  0.6931333615021484  1.2028802444313047  -0.9674225984906616  -0.0124918470741349  0.25285859622771734  5.066377123923181  -0.1671484551092317  -0.7186325350748584  -0.6750027210956113  1.010691385598735  0.0  0.0  0.0  1.0
13001298763099;6.456555758447102;0.042168680117886624;-0.5028431182161291  0.802073503705942  -0.3222218073246366  8.80874959115137  -0.8618961699128614  -0.4370319082149165  0.25717329467028344  1.43239365541978  0.06545067419224997  0.40703956300942523  0.9110625683194743  -2.146681971210162  0.0  -0.0  -0.0  1.0
