# registration_from_features.py FastGlobal FastGlobal_config.json euclidean --input_txt=/neural_comparison/point_clouds_registration_benchmark//eth/hauptgebaude_global.txt --input_pcd_dir=/neural_comparison/point_clouds_registration_benchmark//eth/hauptgebaude/ --input_features_dir=/neural_comparison/experiments/FPFH/features_voxelgrid_0.2_compressed//eth/hauptgebaude/ --output_dir=/root/neural_registration_comparison/results/FPFH/test_1_fgr/
id;initial_error;final_error;transformation
3394309160030;3.936759879304484;1.8942731396777719;-0.5212219481932121  -0.8000759485392861  -0.29699521425544123  13.07071002453232  0.8531181770161685  -0.49774058434018736  -0.1563447688453262  -1.5498426057541335  -0.022738882256662953  -0.3348623407755074  0.9419926517569372  3.581542997167628  0.0  0.0  -0.0  1.0
3394309160061;3.7772892530728184;2.114329616668541;0.1462628461459482  -0.9306604442965636  -0.33537787234551936  9.100278869058657  0.7644586472122905  -0.10884037121230487  0.6354185630721875  -12.711483564052868  -0.6278615743455264  -0.34932064212709846  0.6955321217918466  3.8141122878371423  -0.0  0.0  -0.0  1.0
3394309160092;3.061336083217481;2.0765784091611765;0.06792132910116394  -0.9935964216231177  -0.09029310046103999  -2.229628957001277  0.9931361020899834  0.07597160927919061  -0.08893254358805366  -11.531277880494784  0.09522276922376487  -0.08363292127664897  0.9919365698975372  4.43878484486547  -0.0  0.0  -0.0  1.0
3394309160123;1.9832381539954238;0.8216569908497653;0.8361641993032306  0.44874714353612355  0.3153655545105687  -0.3466162728961059  0.1803519182621988  0.3180542051925485  -0.9307602850027941  0.042855360120375996  -0.5179793599968386  0.8351452111624104  0.18501313166842973  11.582720415484877  0.0  0.0  0.0  1.0
3394309160154;1.9207102010338835;0.25625885219393235;-0.30521088230434296  -0.9007375861228802  -0.30906005608704973  15.610130594048478  -0.9522846585566694  0.28852059699553145  0.09954794918505452  8.9062230561148  -0.0004963875627211624  0.324696267386719  -0.9458182106221686  5.357134602968837  0.0  0.0  0.0  1.0
3394309160185;2.640555800877831;0.3465829120130171;-0.5688888894070433  0.6620451888089071  0.4879155659375911  29.813060700525284  -0.8223462218158678  -0.4502801614228819  -0.3478425903970813  15.310907515347877  -0.010588813644099146  -0.599119307153394  0.8005897406422646  5.068000607846554  0.0  -0.0  -0.0  1.0
3394309160216;2.7201455624554285;0.34826588530797425;-0.12642389731673764  0.8504360013583089  0.5106619290498735  10.2216919523823  -0.9795925754124679  -0.0259428791903752  -0.19931220036937627  9.253641175969419  -0.15625422997159338  -0.5254384593965352  0.8363605926889309  -2.7571166068653636  0.0  -0.0  -0.0  1.0
3394309160247;2.5310221937667676;0.2820339269559552;0.0014772293242479024  0.6545223176126322  0.756041237989378  13.389945956620263  -0.5813088585266749  0.6157402819000833  -0.5319247279869783  14.21586047378029  -0.8136816507651736  -0.4387076942482249  0.38138921093217587  15.135669110441262  0.0  -0.0  -0.0  1.0
3394309160278;1.96744994252244;1.9898189621984657;0.7334004823001238  0.6581093400638872  -0.17034033310586805  0.10590661513510827  0.4065634558527419  -0.6254514767339221  -0.6659704247310321  -3.2230370444449874  -0.5448209696102203  0.41916887619672893  -0.7262696223173261  10.678066809813014  -0.0  -0.0  0.0  1.0
3394309160309;1.4697744642858348;0.32643006009799347;0.42550082022614305  0.19620193528630486  -0.8834329926920258  12.51850790623781  0.5192808216216621  0.7465673221329427  0.4159142481560124  -8.7338279298796  0.7411453840393338  -0.6357216640269208  0.21578110576236917  -9.999069886994668  -0.0  -0.0  -0.0  1.0
3394309160340;3.1108095863624285;2.0605310726010297;-0.9942398601556617  0.10204795474222855  -0.032761492801422806  17.899690765071124  -0.10267515176862971  -0.9945508832906133  0.01806526377192251  4.383555052950741  -0.030739448383770393  0.021324996571824646  0.9992999203613873  -2.186685451763847  0.0  0.0  -0.0  1.0
3394309160371;4.078910422747308;0.21790801916780744;-0.5422676094663864  0.7111137269424775  -0.44750766147362303  26.28638778270303  -0.8402024058382495  -0.45742889730281333  0.29123653811970457  14.734304831607796  0.0023993639216875343  0.5339251551166246  0.8455283388429156  -4.690249526687869  0.0  0.0  0.0  1.0
3394309160402;3.021814741136945;1.1568186156109133;0.5750841198071651  -0.7183868587989686  -0.3914058970564532  6.657200726274683  0.5307664418132632  0.6917089829186002  -0.4897199885593828  -3.480176782358762  0.6225473792335037  0.07388507328726564  0.7790864884945897  -14.68205916569854  -0.0  0.0  -0.0  1.0
3394309160433;1.3594709122664788;0.22574533575475145;0.1832771123063928  -0.9546056711768002  -0.23481378294666166  12.690591538265938  0.9788931264298294  0.19918987623665363  -0.045734453459737964  -14.185157186357907  0.09043089700464278  -0.22147551955446124  0.9709638752832243  -3.208643473478524  -0.0  0.0  -0.0  1.0
3394309160464;1.5447184908495197;1.9360131101276243;0.30640007297281735  -0.9403756991036557  -0.14769068967799037  0.8534594840209514  0.9507901470776886  0.29483629342773515  0.09523474312340686  -6.709370990654457  -0.046011862625186015  -0.1696027848035011  0.9844378110803436  -2.3072954426325993  -0.0  0.0  -0.0  1.0
3394309160495;2.78060091011266;1.4582247858997281;-0.8006115916637966  -0.18758235559440267  0.5690640905585383  7.285252871605288  -0.18329105588991823  -0.8275334880966677  -0.5306531022328247  -5.192846564371387  0.5704607507307766  -0.5291513828274649  0.6281507350369496  -5.499176205813934  -0.0  0.0  -0.0  1.0
3394309160526;1.34399863829473;0.34465492571537426;-0.6152811490888104  0.5755635841334409  -0.538660995613587  25.37147367843234  0.006575400443426525  0.6870364275828199  0.7265932227066562  0.7390212279570568  0.788280325572674  0.4435172012376792  -0.4265051236753606  -8.389474223068019  0.0  -0.0  0.0  1.0
3394309160557;2.19301441794297;1.8748880310254608;0.8403575421833214  0.5410781280242152  -0.03215059360907653  -5.168511433805748  -0.4783631840535313  0.7124474904971206  -0.5134074769873559  8.278941811697267  -0.25488794682717497  0.4468255058276837  0.8575424781922253  5.529383581230322  -0.0  -0.0  -0.0  1.0
3394309160588;3.3552539819811384;0.41303505428728765;-0.3257841792742904  -0.9010914106051867  -0.2861799054233756  18.08468625221295  0.6888291486658704  -0.4335580550227336  0.5809834910504403  -15.744093199432529  -0.6475948366709156  -0.007853830814282795  0.7619443843606384  2.2044080838307645  -0.0  0.0  -0.0  1.0
3394309160619;3.0056203551742433;1.7683641491963003;-0.4008163471693758  0.8626417465035731  0.30853763632831593  0.932296018251228  -0.824903371437249  -0.4863332009567762  0.2881222751517077  3.3833705065458126  0.3985983989346398  -0.13902961855807058  0.9065263821479986  -8.882975324598963  0.0  0.0  -0.0  1.0
3394309160650;2.0651927868102353;1.5064315887205986;-0.2971738034717852  -0.8010234385627808  0.5196625649430319  8.981648888207348  0.1459334428673267  -0.5759591235899657  -0.8043472621985895  1.3123519361060307  0.9436054052319764  -0.16319478798826972  0.2880560716083979  -12.235623693137688  -0.0  0.0  -0.0  1.0
3394309160681;2.0883872688177947;1.4411066479373125;0.7347886045153385  -0.5054452518378276  0.4523392577137194  0.487900794704157  0.3876950489785897  0.8601656275204123  0.3313723618980682  1.0213858319970208  -0.5565772683751048  -0.06811894469977348  0.8279985227650454  -0.11635507301751481  0.0  -0.0  -0.0  1.0
3394309160712;2.2055221376060135;1.0993263716741537;0.6951498319795483  0.7185298408636535  0.021944905724514147  1.022944415400583  -0.6533318616822585  0.6442186444125262  -0.3976679729398403  7.5897989063568465  -0.2998736227306421  0.2621015184613397  0.9172669210271678  9.529579690691861  -0.0  -0.0  -0.0  1.0
3394309160743;2.1472367397073575;0.43169783315707644;-0.6761640488732743  -0.6049963438448877  0.4204540437974397  12.719091445483159  -0.735126769681981  0.5918947857188013  -0.33052866008234294  9.351048063069753  -0.048895925272321866  -0.5325786200864736  -0.8449669827387054  1.4740206884889653  0.0  0.0  -0.0  1.0
3394309160774;3.3639630831655443;0.7283890151892708;0.4669722233015357  -0.482967023747944  -0.7407292330108713  1.8234082274002175  0.20883405572907693  0.8742095438194094  -0.4383446254521712  2.6919905473755477  0.8592585640146776  0.050005274392930406  0.5090915366614552  1.7945907434336315  -0.0  0.0  -0.0  1.0
3394309160805;1.324119052607352;1.3551068332636056;0.21694200080311168  -0.8551481439017522  0.470805501527894  8.389224436755853  0.8099517807372356  -0.11152992720127179  -0.5757943975231614  -12.894564966321179  0.5448984136223235  0.5062437429933019  0.6684332363908961  -9.77652126992537  -0.0  0.0  -0.0  1.0
3394309160836;1.3305106697980524;1.457209947027307;0.47059207770045886  0.8466742568677376  0.24836626011403018  -2.1409087778042633  -0.7210249064486863  0.20675372309652978  0.6613440725268411  4.346195522410737  0.5085923521704101  -0.49030154062901676  0.7077698909748723  -0.9072906784286375  -0.0  0.0  -0.0  1.0
3394309160867;3.084620563102242;0.04814513412468072;-0.628797368868722  0.7716991829009762  -0.0953637248314949  30.52261163734003  -0.622666170294855  -0.5731879813707812  -0.5326747397637955  16.662530522557113  -0.46572600235987416  -0.2755647095004272  0.8409300693897415  8.319038657064034  0.0  -0.0  -0.0  1.0
3394309160898;2.141076967332666;0.07357738999709608;0.5807786188861468  0.7569746758088284  -0.2994754347668948  11.599690471658358  0.4839817158798303  -0.6168767601265899  -0.6206647738592371  -8.48503094984246  -0.6545669519145593  0.21552819537090973  -0.7246307352448157  16.191899633928404  -0.0  -0.0  0.0  1.0
3394309160929;4.439440389033587;1.5916126048426207;-0.18256454006373676  -0.4019663276090266  0.8972698926074747  -0.5758258977321014  -0.9815632724268768  0.1270533160412867  -0.1427970486584191  15.435193900078307  -0.05660150999715628  -0.9067968495486892  -0.41775081413997933  7.997091191306576  0.0  0.0  -0.0  1.0
3394309160960;2.4847882689820464;1.163644880873345;-0.2234451675005158  0.8416125578172101  -0.4916915289539158  15.29579966561079  0.14451860895428867  -0.47026465329139217  -0.8706121567785765  -0.0781170618721312  -0.9639432705230037  -0.2655926549984015  -0.01655031190993649  19.795266111911985  0.0  -0.0  0.0  1.0
3394309160991;2.9477521292476965;1.495204576157921;0.957069267585771  -0.28608425353754946  -0.04662849901829565  -6.060684241014848  -0.030816876242728407  -0.2603814565189019  0.9650138948428338  -6.7146585046037055  -0.28821647624914937  -0.9221481968636913  -0.2580193129197221  7.664375358122771  -0.0  0.0  -0.0  1.0
3394309161022;4.019397668082857;1.5219630575844825;0.5520618682904517  -0.8246254625282827  0.1233715531622748  9.416199045496882  0.8250304293847928  0.5616478546535624  0.06226136805592997  -8.125344525646392  -0.12063367758963442  0.06741315830806414  0.990405463392712  -3.587393400190456  -0.0  -0.0  -0.0  1.0
3394309161053;2.8365870008578016;0.5233156963596934;-0.9971345842517111  -0.016451035668555897  -0.07383755355236861  35.186689028594834  0.03784125188547781  -0.9536426129216732  -0.29855285373893514  -0.628851938921526  -0.06550313385561676  -0.30049148115271734  0.9515325581448795  -4.634372023990168  0.0  0.0  -0.0  1.0
3394309161084;1.9084522891745812;0.11641584621530592;-0.7820221612455175  0.35893651996342735  0.5095153716596146  36.5598445308243  -0.08972967866364057  -0.8738366080151104  0.47786835766722024  -3.71480976523203  0.6167575894043063  0.32798499528056246  0.7155668513723925  -9.332861032680773  -0.0  0.0  -0.0  1.0
3394309161115;2.6459747141640655;1.5948198438003245;-0.1445147133335191  -0.7125407645687007  -0.6865865979306498  7.481681660410595  0.9890076164044861  -0.08206731050279538  -0.12299955788844598  -2.2322521486476536  0.03129588350001268  -0.6968146205230564  0.7165681770084845  0.16397497964421517  -0.0  0.0  -0.0  1.0
3394309161146;1.4245283483443059;1.2547093092626147;-0.6083956676684839  0.7841908622813569  -0.12206311103949768  3.3173812643839216  -0.7683660226295685  -0.6205176867048701  -0.15675284927188354  3.0841270047758846  -0.1986664713298068  -0.001578607252494617  0.9800658861364908  1.8512653376402266  0.0  -0.0  -0.0  1.0
3394309161177;1.4359728733692718;0.22493156294066;-0.18034593820707528  -0.9835438623949891  0.01080802097321144  3.406318499348451  0.9822125709344357  -0.17949597839142462  0.05513310475268914  -3.0800921014022937  -0.05228583049522583  0.020558805569703978  0.9984205163371654  1.462943196884841  0.0  0.0  0.0  1.0
3394309161208;3.0244753449661483;0.30569731245549575;0.7334444271992877  0.5137416476468348  -0.4451166045919028  6.901928363013486  0.3085918516249377  0.33180578052739224  0.8914460124535312  -7.514512196391473  0.6056652056383955  -0.791185467183091  0.08482461433614306  1.5179982591436572  -0.0  -0.0  -0.0  1.0
3394309161239;2.9239237120023964;1.251748532151784;0.7021817646269777  0.7094799053918484  0.05982502211047748  4.307853410060615  -0.5094600838140485  0.44196239618190525  0.7383221948183132  -2.1367570912202756  0.4973843508048174  -0.5489148423993654  0.6717896273150917  -4.566410777816888  -0.0  0.0  -0.0  1.0
3394309161270;1.0304885640464179;0.1265475240940893;-0.18715291214870478  0.479826662876658  0.8571698554352627  4.4595023590954  0.4718167769939929  0.8092563891854241  -0.3499900363004199  -1.7598691034561846  -0.8616047332862437  0.33892546401121854  -0.3778449595052455  3.309679934041092  -0.0  -0.0  -0.0  1.0
3394309161301;2.0398930971718565;0.22243326708689656;-0.5062210230131494  0.5907734198605764  0.6282730634411745  0.020667076560216806  -0.6865282654122496  -0.716962671604777  0.12101019922051126  4.017481585629311  0.5219379432936135  -0.37006930960507806  0.7685242282705561  0.6313644871276519  0.0  0.0  -0.0  1.0
3394309161332;2.256914975873143;1.6247510498985183;-0.6622131659043994  0.6326865250666079  0.4014741385220388  6.836455871053237  -0.7480623947043871  -0.5891797103910938  -0.30540124834814325  8.266585704525221  0.04331716209553749  -0.5025684330144569  0.8634515583432472  0.3562777344496812  0.0  0.0  -0.0  1.0
3394309161363;3.66917130522765;0.10527323931988312;-0.1527446494724716  0.9572142375763423  -0.24578440845316632  29.426764839750636  -0.9871648602452393  -0.1360452005029416  0.08364951952708735  13.301669291118802  0.04663272192924036  0.2554067477598339  0.9657084355250366  -4.424813917736073  0.0  0.0  0.0  1.0
3394309161394;2.752686316258313;0.021557177877775186;0.7097776132649952  0.5021860293855004  0.4939887970368089  3.914890829088789  -0.2615380888767746  0.8390065597875151  -0.4771433963707349  8.161326367455391  -0.6540745888463579  0.2094688151576291  0.7268488479057564  9.4995554796402  0.0  0.0  0.0  1.0
3394309161425;1.9040075588087033;0.063082111258368;-0.12995670229542247  0.9911439474293667  -0.02729342416465404  22.11870338224125  -0.9683368574208043  -0.12095241142350345  0.21839012049825085  17.073644133913504  0.21315484064149182  0.05481048845770669  0.975479791828681  -0.30040930158106016  0.0  -0.0  -0.0  1.0
3394309161456;1.9884497529698029;0.9150136929900257;0.16271570411511235  -0.15598602096131273  0.9742648309874367  3.9051248146237327  -0.9202827424933103  0.3320911527336152  0.20686986282455352  3.6981704487268057  -0.3558135375492535  -0.9302600859655945  -0.0895147974134462  1.7761829556098216  0.0  0.0  -0.0  1.0
3394309161487;2.3504147878262693;1.0988113040848269;0.4888104866762767  -0.7933309225550308  -0.3628916579824987  2.6588915508722266  0.6682624321226239  0.607901116597716  -0.4288141255285402  -2.154203995896612  0.5607937499017435  -0.032898020567128455  0.8273016924398906  -8.536610578327009  -0.0  0.0  -0.0  1.0
3394309161518;2.2062122654647958;0.38678520834906915;0.7174166515788526  0.22582180217171413  -0.6590279673134573  3.728988304138557  0.09092539392602615  0.9075582513161514  0.4099641364892396  -5.623082761289051  0.6906851097112092  -0.35403747560377025  0.6305644654524429  -0.44173236160915524  -0.0  -0.0  -0.0  1.0
3394309161549;1.3852236987168691;1.0370111377569342;0.6337734439754973  0.19851745006432872  0.7476108905917537  -1.9919121387643042  -0.6290151075019883  0.6947768601152495  0.34874791638468366  2.479192653017957  -0.4501902000773684  -0.6912857127616279  0.5652015986229565  -0.9190076389978776  0.0  -0.0  -0.0  1.0
3394309161580;2.2986137988137836;0.0554578367725395;0.14460165368483918  0.7627015437479435  -0.6303782332188451  17.535454175098458  -0.9178729552997955  -0.1345673763234425  -0.3733642446172976  17.006674746365405  -0.36959383068556534  0.6325962190796983  0.680604454823241  7.868180582591304  -0.0  -0.0  -0.0  1.0
3394309161611;3.407144086678155;0.09355981116349195;-0.9701884893886903  0.18451270304570042  -0.15712847441650818  24.164641557223202  -0.20932427081540095  -0.9647328733479759  0.15960524029416567  2.078647148947296  -0.12213781030168687  0.18773797031108744  0.9745957160783044  7.7763701104339695  0.0  0.0  -0.0  1.0
3394309161642;1.7425026346266586;0.13954737958428287;0.3200076717537993  -0.756345707281258  -0.5705578507880914  8.350147941058879  0.6298754464207129  0.6197022790664444  -0.4682157700421486  -3.477054039569201  0.7077089882254  -0.20954774252439104  0.6747130735267475  -8.535625650747036  -0.0  0.0  -0.0  1.0
3394309161673;2.6456540480703254;0.05816025752372748;0.6203024025106731  0.7843581491830287  0.0026876103995003816  8.77046988208955  -0.7114977858422998  0.5641170896445771  -0.41897829288930544  5.6142087357561525  -0.33014516531518545  0.2579810128306053  0.9079922724549497  9.81366051918012  -0.0  -0.0  -0.0  1.0
3394309161704;3.077519635932954;0.15307123361917005;-0.8325193863506857  -0.5520985546541858  0.045811104538495385  24.123114668241225  0.5374641660798862  -0.8249603689584859  -0.17485039270167732  -0.7823439044507691  0.13432699479378563  -0.12094451453719601  0.9835286894000773  -1.9587246914751524  -0.0  0.0  -0.0  1.0
3394309161735;3.1217165961473894;0.35595145185801064;0.678152492679511  0.7142294695201248  0.17316310675651111  8.346090525629098  -0.7102474710807442  0.6974734120176375  -0.09528572480640521  11.11223933471778  -0.18883253558635757  -0.05837040686405935  0.9802730074354551  9.650995691345662  0.0  0.0  0.0  1.0
3394309161766;2.088824937831005;0.9637820444539833;-0.6159721313655636  -0.7385028937158884  -0.2742112495034146  7.446364359567743  0.7087927750828403  -0.3676521126214576  -0.6020338246937169  -4.0689278739049834  0.34378937646665364  -0.5651950106452079  0.7499089708560845  0.17243154224384305  -0.0  0.0  -0.0  1.0
3394309161797;2.586432702881334;0.4650656150460628;0.32276516144664763  0.7306931854585706  -0.6015896602176001  5.340971165095661  -0.4611637516457667  0.6764658025355594  0.5742142563259152  7.581361422191262  0.8265292763866998  0.09209498750924879  0.5553088046765964  -13.75080726421171  -0.0  -0.0  -0.0  1.0
3394309161828;3.2220836563382176;0.08343476362321753;-0.1156503455118484  0.11506063484260845  0.9866032880000986  18.212539807835604  -0.8562894209216997  0.4918219699601795  -0.1577326138820652  15.742500253268403  -0.503381987362054  -0.8630597894549975  0.041645823624047694  16.106058187063773  0.0  -0.0  -0.0  1.0
3394309161859;1.6225102333552934;0.08235473240010713;-0.15921992515409422  -0.4667993589559788  0.8699122794352377  22.85054813465104  0.6893924465304171  0.5781624803019269  0.43642433598268693  -12.49386563832246  -0.7066732413928869  0.6691984046973001  0.22975296526891476  15.899475746966054  -0.0  -0.0  -0.0  1.0
3394309161890;1.282929335068904;0.8375947932936305;0.19394665031979524  -0.9303116074768372  0.311295695157506  6.554156179233022  0.9701040833975798  0.13468932962709665  -0.20188326295150474  -10.189928853424384  0.14588613438251766  0.3411438076214591  0.9286216335604403  -3.02135410804384  -0.0  0.0  -0.0  1.0
3394309161921;1.558203848860055;0.19224135701677703;-0.9094676036690482  -0.41431285136792056  -0.034835887642794945  0.8178977132423115  -0.2521165036430244  0.482917367222208  0.8385869573431176  0.7974075456474478  -0.33061449827146877  0.7714503727567673  -0.5436528082389993  2.638731807933882  0.0  0.0  0.0  1.0
3394309161952;3.0446776651304432;0.15877198673390877;-0.0007290933130695152  0.06896919510167103  -0.9976185235599673  2.2006529196548663  0.814611057864166  -0.578585220448374  -0.040595160846223007  -10.584687390355871  -0.580007148945913  -0.812700678482388  -0.05576122636654244  3.43826808978287  0.0  -0.0  0.0  1.0
3394309161983;3.4771226457556867;0.7379857016804565;-0.8200185260350982  -0.4952675673516068  0.28684430217253204  14.440171062906206  0.1071166913779804  -0.6251307828252148  -0.7731348645563519  1.98345814165467  0.5622238267696057  -0.6032590994704978  0.5656702462730252  1.674113931471003  -0.0  0.0  -0.0  1.0
3394309162014;3.770407506413389;1.0060812817401823;0.5986786688136971  0.7281791772038361  -0.3336748977585863  8.844487540967604  0.7413862067587844  -0.3460710172324457  0.5749620365376494  -4.921457956551072  0.3032001713971807  -0.5915994733926346  -0.7470473339396085  3.225406688824093  -0.0  0.0  -0.0  1.0
3394309162045;1.518228345276698;0.16143504932056194;0.36210114102381413  0.7040640112731495  0.6108818475771025  2.9817835705521056  -0.7586429481002457  0.6033854597942028  -0.24573738870327905  7.749387328898486  -0.5416120760904629  -0.3744594169451478  0.7526197606322056  2.654069020776029  0.0  -0.0  -0.0  1.0
3394309162076;2.477253977533275;0.11437704670386696;-0.7782670209418339  -0.2891933774561195  -0.5573756673464015  11.089501034540822  0.09065360763839031  -0.9300818433056444  0.3559911349673194  3.4540354166337335  -0.6213552667648912  0.226528045037911  0.7500684483930993  4.818899424410965  0.0  0.0  -0.0  1.0
3394309162107;3.7764439721661978;0.6747619848775914;-0.4040045298176455  -0.8944068056378481  -0.1918770593779306  17.43759280519933  0.9097564224101147  -0.4147599900790858  0.01781579392410073  -13.561243104183031  -0.09551749457755192  -0.16736372563460514  0.9812572504554207  -7.938662537176377  -0.0  0.0  -0.0  1.0
3394309162138;3.5448738491278085;0.1215199372210804;-0.1465609999821527  0.9860006653066714  0.07951453514315202  2.4252075807055746  -0.9392563846895415  -0.1639298238961658  0.3015368247118463  9.010184536568637  0.31035031352354386  -0.030490996247615185  0.9501331391145491  1.9780582241134312  0.0  0.0  -0.0  1.0
3394309162169;3.3386677234651425;0.3351898576240288;0.9438465446598647  0.2748104616780985  0.18339277599159856  2.66940841131487  -0.04112237682511682  -0.45305490366211093  0.8905336626944372  2.658326049762193  0.32781496344414696  -0.8480686672787676  -0.41631344600208015  -7.749462518276159  -0.0  0.0  -0.0  1.0
3394309162200;3.9550078381949887;0.6038089719048269;0.6133828928364873  -0.647466976498459  0.452269765869316  9.313337011615038  -0.2580426459992855  0.37692726112620367  0.8895728371896177  -2.0445445053114373  -0.7464418394096277  -0.6623536473545248  0.06412664200570559  5.559114500989334  0.0  -0.0  -0.0  1.0
3394309162231;2.42664388566255;0.547096015737192;0.8328420828888832  0.5464532136546055  -0.08810760611810267  -3.868927724242801  -0.21096633875541118  0.4605481405457905  0.8621998690280304  2.4093550388445886  0.5117296834085794  -0.6994885957085862  0.49884710642859903  -5.018741111769548  -0.0  -0.0  -0.0  1.0
3394309162262;2.736577686008396;0.5767889630243458;0.8576207131209345  0.3109502892302399  0.40962986958176156  7.355745726751138  0.33741171216709953  0.26090914460475817  -0.904477614291299  -5.109111717267658  -0.38812375464329263  0.9139126522207932  0.11884281716767554  7.867313325228202  -0.0  -0.0  -0.0  1.0
3394309162293;2.8148683419657083;0.3903578335013905;-0.07084348463886793  -0.9807332248031552  -0.18205368013700476  -3.158617877605169  0.6327783421496297  -0.18527332086429008  0.7518413172221157  -3.3716558591236327  -0.7710854494740444  -0.06193656709184167  0.6337121517426426  -1.3783173281496877  -0.0  0.0  -0.0  1.0
3394309162324;2.2219663596591737;0.48188077673873975;0.49950778485991515  0.8127098055441858  0.2999912412665996  9.822052796976031  -0.7571859486218221  0.5778226763935336  -0.30461515696873054  9.264302788478696  -0.42090546690915276  -0.0749915103044825  0.9039993701923916  10.901587660276942  0.0  -0.0  -0.0  1.0
3394309162355;3.4807471093941937;0.5469427679096788;0.7611850246512031  -0.3715719994576104  -0.5315370236077829  -6.885880580199247  0.6090852284785933  0.12809581955964106  0.7826919224449201  -6.932776008032746  -0.2227387319168484  -0.9195247197495117  0.3238236357551083  4.7146963423869614  -0.0  0.0  -0.0  1.0
3394309162386;1.7900521026949254;0.16515215863012345;-0.8201115278461433  0.03631497514858117  -0.5710501768442244  6.739913334205126  0.23477291233953188  -0.8887586647222774  -0.3936873321719768  -2.7596422700718852  -0.5218225383456303  -0.4569346325909556  0.720355453934716  2.6374893980138205  0.0  0.0  -0.0  1.0
3394309162417;3.2825031286422393;0.546065889212954;0.36692811530240965  0.8182199824553665  -0.44258312045463616  4.673532617585699  -0.153992070230368  -0.4157785116316839  -0.8963340178591389  8.039187149554138  -0.9174149554627871  0.3970444428223167  -0.026561436654097527  7.407583131380588  -0.0  -0.0  0.0  1.0
3394309162448;2.5548125902487047;0.05209535170139022;0.47318037168716665  -0.8558050322163379  -0.20904086366830302  15.200985814584298  0.8646991594413934  0.49656668843241925  -0.07561010250363079  -16.890123318104916  0.16851023562782272  -0.14498024269691168  0.9749795022030983  -0.8927483331902317  -0.0  0.0  -0.0  1.0
3394309162479;2.7901407133897638;0.8866277724245683;-0.9957934130578089  -0.09021189110452495  0.01604036202905809  18.149313763743656  0.0895183511051839  -0.9951942192278826  -0.03968539820655168  2.1557109354188793  0.019543370387090274  -0.038082551368688704  0.9990834679620932  3.5175608521100816  -0.0  0.0  -0.0  1.0
3394309162510;2.4626078118590478;0.09212035392394236;-0.9923323237691273  0.1225594021305997  -0.015992252885451527  34.67724192494988  -0.07921192124018972  -0.7299455305630571  -0.6788998408782059  4.018104436810484  -0.09487903212196219  -0.6724274796291456  0.7340567102773414  -1.5781685081811305  0.0  -0.0  -0.0  1.0
3394309162541;2.621200470666735;0.6146703250734064;-0.20560490372728296  0.78587299146818  -0.5832068799698339  15.213262435608597  -0.512380487427355  0.4212866595016412  0.7483206442626407  4.052881406895092  0.8337822615449442  0.45268221945068876  0.31604738335603566  -2.7574024466464913  -0.0  -0.0  -0.0  1.0
3394309162572;1.826907686892434;0.09727362117983895;-0.41946318473692196  0.8720859916813701  -0.2520251173265851  6.705533839993697  -0.08856818662177963  -0.31562243214378294  -0.9447423758073805  -1.2292923263840856  -0.903441372181333  -0.3739632380873323  0.2096310654229199  7.376809657842436  0.0  -0.0  -0.0  1.0
3394309162603;1.9909019248105964;0.051811301561595344;-0.22815025854142718  0.036020020083365384  0.9729594121445524  1.6965787662403031  -0.6492604638593102  -0.7503122502162966  -0.12446837849249377  5.014321076712016  0.725540012402261  -0.6601015719785491  0.1945703088211955  -2.3210366118195447  0.0  0.0  -0.0  1.0
3394309162634;3.01258289883689;0.4334701653864593;-0.09650200018948982  -0.5544831894401495  0.826580762289873  10.626150881692643  -0.13148436024989724  -0.8160770854444888  -0.5627877518408724  3.517168802680625  0.9866099669925819  -0.16299258645934656  0.0058472036213418075  -2.859947515971504  -0.0  0.0  -0.0  1.0
3394309162665;3.8547413171629152;0.34147046500650957;0.03359044409436905  -0.9373155129857047  0.34685920945232024  14.760640720222344  0.9151765159144764  0.16832050112470817  0.36622418491925135  -6.478267981114385  -0.40165112571009404  0.3051357698098874  0.8634631058698118  7.695361173584328  -0.0  -0.0  -0.0  1.0
3394309162696;3.0132495381752045;0.057172557425010186;0.49917268698339273  -0.6165182753290721  0.6088775285351284  -4.564110093183701  0.5962268856881715  0.7542707882971792  0.2749346807955221  4.555225124653288  -0.6287607886568332  0.22578926924638876  0.7440961473766797  -0.8121215806793588  -0.0  -0.0  -0.0  1.0
3394309162727;3.502392525482743;0.14045897249206923;-0.7211540039652867  -0.6201491687428115  0.308791047591143  23.715322147939766  0.6752248669554939  -0.7288918250896006  0.1130844213960861  -4.965319617573677  0.15494606032349306  0.29005467730266155  0.944383398077856  -0.126640361790436  -0.0  0.0  -0.0  1.0
3394309162758;3.457925038615682;0.3522686442954869;0.13926872194509174  -0.7312994541076252  0.6676865518412582  3.6163039609521537  -0.8753876788627867  -0.40612236583790035  -0.262223255378788  8.663076687213536  0.4629261655847543  -0.5479650831833319  -0.6967306745284584  -5.6944414681506474  0.0  0.0  0.0  1.0
3394309162789;2.1605956540110696;0.11955218595641344;-0.3171152692305025  -0.8783671827591945  0.35764367500704  6.3930917804715675  0.9293615834457211  -0.3629668665346396  -0.06739511119723811  -0.2543351760968311  0.18901045800729838  0.31100827328175806  0.931423051418726  0.7854933016194039  -0.0  0.0  -0.0  1.0
3394309162820;3.736908019221678;0.20746810680124855;0.429772262605615  0.4472926586222824  0.7843628496030782  7.4358126352880936  -0.8659668286486646  0.4502077293985131  0.21774859831927634  9.181121967699271  -0.2557288680908449  -0.7728145171594837  0.5808273995711034  8.376192763222605  0.0  -0.0  -0.0  1.0
3394309162851;3.0196041882655598;0.4093612499660026;0.4506956252529922  -0.4896247884851811  0.746418796573784  2.0734463428460437  -0.29812498303051094  0.7055915735359682  0.6428545915275817  0.8144672190699636  -0.8414243565947397  -0.512257843137494  0.17203765364957344  9.828077680046306  0.0  -0.0  -0.0  1.0
3394309162882;1.0159530457947656;0.26168994952169033;0.39466837687040784  0.1757783839341878  -0.9018529991301042  -0.5670295027970187  -0.5960344440244668  0.7959720657782251  -0.10569490071517454  -0.571875442076605  0.6992709159080785  0.579249885837046  0.4189149745746106  0.9600649033571023  -0.0  0.0  -0.0  1.0
3394309162913;3.707565587024253;0.3306565013896977;-0.8002393940675533  -0.5992499904323049  0.02272358134799373  30.340678251021497  0.599166898617762  -0.8005477728399577  -0.011058526201761803  -5.427692852415067  0.02481813415968504  0.004765749454787717  0.9996806229236246  4.999487643200093  -0.0  0.0  -0.0  1.0
3394309162944;2.7894836947736765;0.24884546412743433;-0.11003925005190797  -0.2539085596674593  0.960948389236181  11.68845919177661  0.9782196947776824  -0.1988706836995645  0.059469991709469136  -14.645341611784078  0.1760045232290076  0.9465626733040272  0.27026193463095277  -1.4615514159195997  -0.0  0.0  -0.0  1.0
3394309162975;2.6130962231388835;0.10890485034204486;0.2602996399843569  0.2556056726580752  0.9310799307948955  4.18552063842729  0.7841067396279442  0.5067359321159259  -0.3583229213609412  -14.1082225677115  -0.5634010279490522  0.8233373762969944  -0.06851894992141816  11.28849357744408  -0.0  -0.0  0.0  1.0
3394309163006;2.118558382630927;0.2924178089916935;0.1946374153616086  -0.8642281539698228  0.4639245352719176  2.7768953001336985  0.6350470155901214  0.4714907652474854  0.6118919400322422  1.4985173801721463  -0.7475503759155182  0.17551682589498932  0.6405952538821346  4.819008621317961  -0.0  -0.0  -0.0  1.0
3394309163037;1.6957835337450329;0.29182357581883267;0.4158262666524022  -0.8455585895512182  0.33484203379814576  5.256253830677983  0.909026058286377  0.39759994913647423  -0.1248435252746673  -16.10347528357714  -0.02757066046104662  0.35629335116281174  0.9339672941805377  -2.1851596631622243  -0.0  -0.0  -0.0  1.0
3394309163068;2.3800172959411823;0.24719019865814307;0.8062661883502148  -0.3853374187308937  -0.44883171372913144  1.385896286538767  -0.18477777515968757  0.556718124350652  -0.8098901801025421  -4.241592506316649  0.5619537412725845  0.7359211939775245  0.3776612091868092  -2.1815457279562995  -0.0  0.0  -0.0  1.0
3394309163099;2.23708937419933;0.19430451980273084;0.3270625895013434  -0.8606866651517691  0.39019037273951607  0.22747456216104323  -0.05089866374919998  -0.4283434846400053  -0.9021813482859218  4.841567020520674  0.9436309599505629  0.27520959938996303  -0.1839029304453692  0.19816765710869433  -0.0  0.0  0.0  1.0
