# registration_from_features.py FastGlobal FastGlobal_config.json euclidean --input_txt=/neural_comparison/point_clouds_registration_benchmark//planetary/p2at_met_global.txt --input_pcd_dir=/neural_comparison/point_clouds_registration_benchmark//planetary/p2at_met/ --input_features_dir=/neural_comparison/experiments/FPFH/features_voxelgrid_0.2_compressed//planetary/p2at_met/ --output_dir=/root/neural_registration_comparison/results/FPFH/test_1_fgr/
id;initial_error;final_error;transformation
27844314100030;8.255147930606862;0.5954648135085171;-0.9707946578401544  -0.23689923957197556  0.03790095776150072  -55.75211334454418  -0.19986389553832712  0.8859742405741862  0.4184543801888548  -8.080789985188197  -0.13271079673208194  0.3986582437743056  -0.9074466646043292  2.8040678854068743  0.0  0.0  0.0  1.0
27844314100061;18.254613203222405;0.6623073162990357;-0.8732393473122121  -0.4841443697189217  -0.055292599642340505  -89.03628582389568  0.4872191648284518  -0.8655151325733774  -0.11619397880420317  -122.60457623684478  0.008398078923527811  -0.12840476843152648  0.9916862849280705  -3.6573350863712117  0.0  0.0  0.0  1.0
27844314100092;11.393043179182689;1.267171606566066;0.22890111282272715  -0.5158704085017499  -0.8255192318660755  -76.24240294429352  0.015943796063011335  0.8499078685854052  -0.5266900514379526  -15.986021921668232  0.9733191028206629  0.10739802860784005  0.20276978950408583  59.02307889031529  -0.0  0.0  -0.0  1.0
27844314100123;5.730994932441914;2.701684798482342;0.2514393077116617  0.7883503258388749  0.5614998114756756  -11.920565151153156  -0.9667762484580501  0.23218078370369785  0.10693815547368943  -38.22977786589128  -0.04606473656561014  -0.5697331370286225  0.8205377460035972  -9.053392323656128  0.0  -0.0  -0.0  1.0
27844314100154;17.463252642790277;10.363750696000281;-0.4390241313610586  0.6330660260578934  0.6375619332534963  30.633972623983972  0.5311077518169202  0.7552100146642524  -0.38416453468637185  -25.59041857758485  -0.7246946722880222  0.16995658387390405  -0.667781694534425  -19.121723142849305  0.0  0.0  0.0  1.0
27844314100185;21.245539471637414;0.3904461493145326;0.38177933404279074  -0.8393747687453836  0.3869037835062856  -33.82330929250443  0.06075856197911447  -0.3949141120680771  -0.9167067367679337  0.8831035254152381  0.922254269301082  0.37348740498592237  -0.0997708427989294  14.935978777123943  -0.0  0.0  0.0  1.0
27844314100216;3.735345026853811;1.942861951410327;0.870886477709896  -0.4861299245570505  -0.07234942565223518  -46.02817419026194  -0.4676585647388432  -0.7743636683555877  -0.4262116562897857  -137.56309249194493  0.15116947366600486  0.4050167966653156  -0.901725670395664  44.27997449906558  -0.0  0.0  0.0  1.0
27844314100247;13.271216615726097;7.226365123050786;0.18409807546467255  0.9125879524564472  -0.365090574572327  47.13508278227122  -0.9574303421631482  0.25051854915425137  0.14341407335057635  -54.035827113418584  0.2223399166041926  0.32314653883493266  0.9198593783418433  37.95029759846304  -0.0  -0.0  -0.0  1.0
27844314100278;11.802091711636171;8.296195345250617;0.5027998656336244  0.30215208369462837  0.809874319532237  16.557212731052466  0.4648054442532323  -0.884444207252841  0.04140462835783549  -183.0421974876546  0.7287991452460437  0.355615751304536  -0.5851403620608872  50.06611688766875  -0.0  0.0  0.0  1.0
27844314100309;7.478645140598016;1.4312358046725981;-0.9421044949710892  -0.06862310312094587  -0.32822247070138294  -3.7369192004047997  0.3282868660323508  0.010659313648267192  -0.9445179260465122  -64.85877143954286  0.06831437730028703  -0.9975857099771429  0.012485876159651058  -59.44837920107672  -0.0  0.0  -0.0  1.0
27844314100340;12.12926847078954;5.183820957994993;-0.9244938438126834  0.06593412261038553  0.3754514938418121  -43.611674608202286  -0.04141509635235776  -0.9964706059592263  0.07301452768715559  -144.82694219104548  0.3789405263977112  0.05195212156257087  0.9239616087904162  27.891870231106225  -0.0  0.0  -0.0  1.0
27844314100371;7.953713343024883;2.55490528365131;0.22778493216552556  0.6700749908857007  -0.7064796750564549  22.63183239868009  -0.8653338959784976  0.4719699614876285  0.16864638722498967  -40.48690818149216  0.4464429114108788  0.5729257037722202  0.6873462481225059  49.73157233854914  0.0  0.0  0.0  1.0
27844314100402;10.041005189608843;8.752156943656143;-0.08757062227322011  0.9061597083850887  0.4137704303283781  8.4221156427089  0.8159312315734194  0.3035351414849131  -0.4920595931661302  -3.374756878240218  -0.5714784435635037  0.29451825203743237  -0.7659447680864803  -11.058517433187344  -0.0  -0.0  -0.0  1.0
27844314100433;14.948099495912265;1.5465133159301352;-0.7605275750755399  -0.5648675654480471  -0.32019125699262213  -18.833404811698166  -0.5380307931689328  0.8242951577137372  -0.1762394920887337  5.409009696989145  0.36348407551325657  0.038237762414709005  -0.9308153417159538  -3.5346039022650766  0.0  0.0  0.0  1.0
27844314100464;4.885279212879443;1.9478764041208545;-0.3475687384066535  0.6880565800833005  -0.6370040146549177  69.15152797105918  -0.350314707312827  0.5348766497903873  0.7688865815901199  -36.521034849976786  0.8697560450624853  0.4903928140920155  0.05512993709572337  16.900990133766783  0.0  0.0  0.0  1.0
27844314100495;16.561379565347497;2.5366739855423663;-0.9627551348550057  -0.2062133829148983  -0.17486735263368286  -42.59387698244081  0.25107270453433583  -0.9218519961297766  -0.2952141498461091  6.611283590883966  -0.10032470955917802  -0.32812335780669466  0.9392922946098982  -10.24542493794726  0.0  0.0  0.0  1.0
27844314100526;4.988304065514908;5.889648921633381;-0.09753438813536848  0.9600779984498283  0.2621779548772731  46.28345033432343  0.9951766997476106  0.09686491880824769  0.015508829218436097  -30.262779306268413  -0.010506160598163677  0.26242603604985887  -0.9648949145853356  5.758059265183254  0.0  0.0  0.0  1.0
27844314100557;9.320673558395054;0.07994754448980634;0.2693112217278813  0.94995271211567  -0.15830764541081968  -7.695062671348321  -0.17002579461864456  0.20869865285761707  0.9630867569745283  -3.1021019839050146  0.9479254691249382  -0.232453687945572  0.21772135390165148  20.164267032354918  0.0  0.0  0.0  1.0
27844314100588;15.87658357879776;8.895416156969304;-0.31744165588115386  -0.9420366818102172  -0.10861714982186597  -27.067874372407744  0.9461663936397897  -0.3070109297926362  -0.10253508928427855  -0.40165862940424635  0.06324516312023912  -0.13531880546271108  0.9887815078317549  13.653935744000616  0.0  0.0  0.0  1.0
27844314100619;9.309459031404598;6.088751552600739;0.1970320844210216  -0.8452748323134344  -0.49667777840990845  -63.239627425012344  0.9659350945359158  0.2540651856717961  -0.04919628617532931  -38.65236161147494  0.16777291453806356  -0.47006525003136596  0.8665396181712373  -20.119133137246536  -0.0  0.0  -0.0  1.0
27844314100650;9.597631194952498;0.6165045762058687;-0.014182920902321464  -0.6104539903803483  0.7919247252001861  -60.684361043424815  0.263713238640057  -0.7662462715501919  -0.5859368388328254  -129.40086280832125  0.9644968494093955  0.2005307382027556  0.1718524091050429  16.53632371513912  0.0  0.0  0.0  1.0
27844314100681;7.297471099283818;0.3569459432996287;0.6523947588746666  -0.02784360775199579  0.7573676862001821  1.9309503070689615  0.7004874263460237  0.40362753363180454  -0.5885594104467525  2.2537616705702064  -0.28930683387018125  0.9144996159658348  0.2828285846132813  -3.33276083056453  0.0  0.0  0.0  1.0
27844314100712;8.650942439496344;0.5850075302807539;0.5344209440999517  0.7836470606943946  -0.3166883938074658  6.055833224699845  -0.6304403068964647  0.6191454717145132  0.4681921659913863  -15.29935957951193  0.5629735996897268  -0.05055857118679088  0.8249270009715672  6.062789875350849  -0.0  -0.0  -0.0  1.0
27844314100743;12.733448854215453;5.165651725091253;-0.6754412112735654  0.6520380979401799  -0.34442051179895494  -27.091122025251625  -0.495793389096313  -0.747290475153021  -0.44243175866336937  17.684638452125963  -0.5458645303018782  -0.12807523015838898  0.82802696210823  10.432247966373621  0.0  0.0  0.0  1.0
27844314100774;4.598125415447288;6.2984253236064;0.842191452444929  0.5327582221389027  0.08295923198835131  31.36969348192345  -0.5245046539337804  0.8451668768752183  -0.10289712452151459  -17.52537122296951  -0.12493368413084902  0.04314657548851872  0.9912264865272242  -0.6336443464511532  0.0  0.0  0.0  1.0
27844314100805;11.913189531673748;1.9166218714959018;0.45597498254968133  -0.7940669319048923  0.40192601675428924  -0.3072650346894365  0.8524978352633946  0.5193905755556085  0.05899890588169592  20.73796807029728  -0.2556056653520074  0.3157390341392133  0.913769449128604  6.328152173320107  0.0  0.0  0.0  1.0
27844314100836;8.640990827250187;5.77885958847332;-0.25098033071633347  0.13839232795720013  0.9580482436475249  -28.682721811509683  -0.8737053031058546  0.3936803875589129  -0.2857530328380964  -67.00510256949882  -0.41671083129458814  -0.9087702217909943  0.022108076979300093  -61.245315956906914  0.0  0.0  0.0  1.0
27844314100867;6.409696051288649;0.6967724869534356;0.7030062876093907  -0.4872753922587675  0.5180201267139407  -47.04931624172776  0.11293522295521835  0.7956380224706402  0.5951518903734275  -15.07783129119754  -0.7021593800539297  -0.35989280250940514  0.6143690875232967  -39.44321772610236  0.0  -0.0  -0.0  1.0
27844314100898;22.51393172662874;8.163273441817632;0.6166434303904264  -0.7375676670320193  0.2752177616093714  9.248765653077447  0.07278812674615827  0.4015166126668286  0.9129547077250548  -19.905720102647486  -0.7838703772698111  -0.5429349374478495  0.3012787502254117  3.6141221131836203  0.0  -0.0  -0.0  1.0
27844314100929;11.35647365629622;0.19568132228396387;-0.23644644528957653  0.34692184199029624  0.9076003052335228  -4.473341301565945  0.8836879789485056  0.4651313903402146  0.05242466577942266  22.598655530326734  -0.4039661302285481  0.8144311052938967  -0.4165493252400399  -20.875313912493983  0.0  0.0  0.0  1.0
27844314100960;8.931838196630506;12.862018363090167;0.39474015222746595  0.3544030851640516  -0.8476901942606389  33.15089195622771  0.8573904274679085  -0.4737045929776763  0.2012103711995297  -113.01710806523236  -0.3302451621232856  -0.8062272705745315  -0.49085203582760917  -52.97148771157312  0.0  0.0  0.0  1.0
27844314100991;2.7303992422678602;0.36872680124184715;0.9582511557076402  -0.012735531320221432  -0.2856440596738624  -4.441467993440922  -0.20387827302414108  0.6699927966321259  -0.7138230188567453  -3.204749890590984  0.2004703777959898  0.7422583503761032  0.6394248735569161  4.333199783374016  -0.0  0.0  -0.0  1.0
27844314101022;3.041428379569016;0.6230553881129413;0.4800422616765237  0.7524932537783131  -0.45090279442759706  -14.250745327378697  -0.7177033487913638  0.6324515829275852  0.29138788304604163  -9.035265672123362  0.5044416023070949  0.18373594713751415  0.8436704164490599  9.312567273158722  0.0  0.0  0.0  1.0
27844314101053;13.922293305846535;12.869264809538334;-0.5008538741456007  -0.15110873205262343  0.8522391377135812  -15.52454525675537  -0.8650192122508911  0.12127381191794379  -0.48686181302268783  10.428453293875132  -0.02978521764548773  -0.9810498527803464  -0.19145241489589915  13.724930158725313  0.0  0.0  0.0  1.0
27844314101084;10.548695524568679;5.28642174891885;0.217453716665432  -0.9227218649448732  -0.31827384602107156  -105.2843978907826  0.9099648730986034  0.3096055425489884  -0.27587739622808755  -61.414790390457824  0.3530974523202237  -0.22962745475138882  0.9069693606673639  -3.6602935432798773  -0.0  0.0  -0.0  1.0
27844314101115;4.295014706995369;7.38177579371802;-0.6107832388929698  0.13864948021367604  0.7795640812171188  6.258979931368338  0.7520025791161853  -0.20662416415371596  0.6259381565221781  -92.75146012362922  0.24786277673345325  0.9685467342489242  0.021937809501556185  82.00428483094161  0.0  0.0  0.0  1.0
27844314101146;10.908481463882481;2.1680538114768484;0.18133203835567044  -0.5152029853022196  -0.8376661481768612  -57.0691032801763  -0.038692654547921534  0.8473899108834605  -0.5295594559791723  -18.325647995881468  0.9826604552691708  0.12843762248111873  0.13372436869017118  25.51974390614058  0.0  0.0  0.0  1.0
27844314101177;7.524206569447689;5.4377589211919295;-0.8292219322885721  -0.3395620983142957  -0.44394658282275296  -66.44226232238063  -0.44597038829163205  -0.07680291927049336  0.8917464462270329  -72.65939071194937  -0.3368996880061144  0.9374427411740528  -0.08774797571146604  34.73238618736692  0.0  0.0  0.0  1.0
27844314101208;16.92222694472815;10.373434799879494;0.7436351803506822  -0.5999238791023697  -0.2951238008490233  -38.9250340452927  0.5992569921131449  0.40233449859956616  0.6921112689735235  -80.65451971544772  -0.29647559081367053  -0.6915332895236509  0.6586986667151259  -64.95732549412404  -0.0  0.0  -0.0  1.0
27844314101239;4.364181244222641;0.8304039316054366;-0.6307306766480821  0.13212596153092018  -0.7646708728757629  25.119425353050314  -0.20843242377478527  0.9203421956089873  0.33094737905140775  -9.556289542770717  0.7474856107340271  0.3681208677474796  -0.5529487213787745  34.372928464963906  0.0  0.0  0.0  1.0
27844314101270;10.750785704410854;2.4053981814377496;0.23054464260609442  -0.6815738318756214  0.6944827423831424  -32.880866193676496  0.957485342826333  0.03170786270289325  -0.28673407491184844  -59.64151625635286  0.1734098787219666  0.7310620515012347  0.6599070319495287  28.473204417831482  -0.0  0.0  -0.0  1.0
27844314101301;12.136609704346055;0.5090420846530893;-0.8560599739442304  -0.26246950182805046  -0.4452764103573608  -27.844298010326273  0.031956575151781755  -0.8867036761875096  0.46123244458746293  -21.967611226789  -0.5158876799412545  0.3806131254248769  0.7674591522935514  -3.451289040975821  0.0  0.0  0.0  1.0
27844314101332;6.935112362192998;10.386086364061791;0.8350583722467934  0.44393156474976103  0.32496504544237265  30.267669912593774  -0.05543896257853912  -0.5197659771739448  0.8525079767372444  -123.89057019184824  0.547360974466348  -0.7299096483752243  -0.40942382544254335  -62.078568372807396  0.0  0.0  0.0  1.0
27844314101363;7.8460839984677655;3.7347342799533636;0.480203520633617  0.5306842605037213  -0.6984116224868371  55.967061808841756  0.25572174840274436  0.6769358894516301  0.6901914147294034  -29.065458236078868  0.8390536134031745  -0.5100313884712875  0.18935949041209252  -51.29865635633981  0.0  0.0  0.0  1.0
27844314101394;13.188484809554595;3.611825871073964;-0.40678641798363446  0.908003325881292  0.10027347771247667  17.312811335921904  -0.7967717574262971  -0.2989612925740815  -0.5251446582706956  -95.0984744757808  -0.44685520777076626  -0.2935167895213927  0.8450847990333289  -45.76252648941327  0.0  -0.0  -0.0  1.0
27844314101425;12.438217758874531;2.25082469224111;0.6170397708508876  0.7827809678125569  0.08072098623480771  59.682988581166875  -0.7842197898523389  0.6201785485883674  -0.019439369197067315  -32.95550891556231  -0.06527819231747035  -0.05130813094689023  0.9965471555859762  6.526657184432058  0.0  -0.0  -0.0  1.0
27844314101456;13.306910826894018;3.932399346442382;0.6082596027249318  0.5694340722106597  -0.5529602997489913  59.06653322914897  -0.7700509095776793  0.5922696747210693  -0.23714600790312798  -22.835515192600532  0.19246259987722072  0.5700539183370161  0.7987469423022002  66.78224449638942  -0.0  0.0  -0.0  1.0
27844314101487;11.823132391507976;0.03393342730853929;0.2584188090065359  0.048116457434470135  0.9648339368386674  4.736449391775826  -0.8807804007223726  0.4219716539597325  0.21486230231900838  -12.275928788499469  -0.3967941593004878  -0.9053312817849851  0.15142544491126614  -0.4159369388666829  0.0  -0.0  -0.0  1.0
27844314101518;11.362927964176022;0.1861358266299044;-0.1534434297674643  -0.3301019871155993  -0.9313902468694475  -16.486685140142306  0.9516504509297099  0.2044669303125854  -0.22924810501687498  -1.1827858643610831  0.26611375970903317  -0.9215345639263243  0.282767597830165  -5.8167383794198795  -0.0  0.0  -0.0  1.0
27844314101549;8.602285781784683;0.018350409195360573;-0.5691480749565915  0.8005272878227441  0.1876873203611946  -38.13364751060057  -0.8081023959420095  -0.5867376467698796  0.05205239221907792  -11.496342352017017  0.15179257704509605  -0.12204505444344292  0.9808486214701557  5.806706597387625  0.0  0.0  -0.0  1.0
27844314101580;8.529179145836824;1.8699306711858974;0.8603829476099811  0.0565669032322992  -0.5064991302269616  1.3862917049186319  0.35917854248987513  0.6377630270787867  0.6813582727949744  3.500107123419053  0.3615687459900398  -0.768152658493095  0.5284028152585679  -34.00168909575002  0.0  0.0  0.0  1.0
27844314101611;6.938820905749202;0.060052538982911984;0.991546149641009  0.06059411534303947  -0.11473703115333998  -4.996617852718501  0.08538323493642314  0.3611380103144434  0.9285951974342312  10.62862195533292  0.09770330764042577  -0.9305416114779181  0.35291128203020267  11.564963065525616  0.0  0.0  0.0  1.0
27844314101642;12.547466022442515;4.710737892902767;0.5796606863192504  0.7770241006848692  -0.24541197136807721  15.406479630006402  0.8005299365475443  -0.5992572326485512  -0.0065260868508603565  -49.99731393042417  -0.15213582558714087  -0.19267671388434593  -0.9693969127760047  -12.232531925439483  0.0  0.0  0.0  1.0
27844314101673;7.73561147720838;1.183330563439833;0.002447103834937084  0.9998821169784358  0.015157962578918023  -26.51422089030893  -0.9981616566646475  0.003360279239131971  -0.060514590702747624  -19.709024753044442  -0.06055839204690831  -0.014982011552455238  0.9980522133047633  -12.110247423394144  0.0  0.0  0.0  1.0
27844314101704;7.852470163017852;11.159824654447707;-0.00015058827514703615  0.9880262728108871  -0.154285649230888  69.6255945192987  0.9571165277500393  0.04483944821022945  0.2862121174791698  -87.7081485017671  0.2897031750445259  -0.14762624468443017  -0.945663027853735  -18.430302815632203  0.0  0.0  0.0  1.0
27844314101735;7.401041146075741;10.083760245359574;-0.32940397273218913  -0.019565282954404267  0.9439863465385318  -20.325005050789937  -0.785752730601208  -0.5486783255202945  -0.28556039896489505  -104.39938021709476  0.5235319179391051  -0.8358045793169367  0.16536334567202252  -51.67781758532592  0.0  0.0  0.0  1.0
27844314101766;17.078221026612844;2.1195695991308257;-0.6135418173576785  -0.22643879030198208  -0.7564997769993144  8.162825057652705  0.7691613808454598  -0.388243500168774  -0.5075999948705713  -59.76001314740877  -0.17876579250332636  -0.8933042364297135  0.41237159529650425  -42.29713706863001  0.0  0.0  0.0  1.0
27844314101797;5.658008139654423;0.49858383787464877;0.2112197332569317  0.37559244805149106  -0.9023948898622814  32.30880311847197  -0.809825438156067  -0.4497252881074862  -0.3767358822198549  -96.07517183462701  -0.5473289541018299  0.8103563896233112  0.2091734634184483  52.729355497579434  -0.0  -0.0  -0.0  1.0
27844314101828;12.532088953947076;4.145492723462463;0.21734060584281853  0.9415012080507351  -0.25756268419723155  -12.503266116338752  -0.46003621756166607  0.3315288447078825  0.8236839828831284  -6.692981247112622  0.8608889240682749  -0.060531812839720166  0.5051793345445798  18.368549212652695  0.0  0.0  0.0  1.0
27844314101859;13.452993466710405;1.8152837634170103;-0.42674727396908213  0.8108908641395011  -0.4004282340383243  12.439178558393207  -0.8958351698387481  -0.4397146993620172  0.06426765628955321  -116.91427960097357  -0.1239601252013689  0.3861437421739014  0.9140716042739735  37.872158664138134  0.0  0.0  -0.0  1.0
27844314101890;10.240194569123585;3.8179782745353354;0.6393709061311799  0.37180023240169535  0.6730300376499094  37.40772407680248  -0.5012242089025692  0.8653154384770209  -0.0018666395782246784  -10.124676874622669  -0.5830772991662309  -0.33614547315019205  0.7396127933436837  -40.73322732047578  0.0  0.0  0.0  1.0
27844314101921;5.39778345406533;0.7553610663372112;-0.3582291967452485  -0.7337684101064293  -0.5772830873402905  -27.611003144980934  0.8361367097608527  0.02295805915777164  -0.5480404456880943  -31.595456826968988  0.41538806577651183  -0.6790116698920503  0.6053064570619223  -28.976207013097827  0.0  0.0  0.0  1.0
27844314101952;13.302221500961894;0.2391520796097619;-0.08496048710009914  -0.9952273940804023  0.04800155938765333  5.407792269141737  0.9953475075763718  -0.08697072086792082  -0.04146604482246733  26.36181504333167  0.04544287395421377  0.04425525713004858  0.9979861809780411  7.997958663268762  -0.0  0.0  -0.0  1.0
27844314101983;10.786030610610256;7.432002200297067;-0.15879990482137027  0.9833940178344341  0.08785667826735205  -16.51557357908453  -0.9699450255853957  -0.17200431531428786  0.1721079976509294  -1.06228106407858  0.18436170310255018  -0.05788541440391029  0.9811524046897164  11.084117630508521  0.0  0.0  0.0  1.0
27844314102014;18.074211930870813;0.9420773987486777;0.23862428571399774  0.8501823053082055  -0.4693064009880005  35.637229351964194  -0.741487198487678  0.47158361764419465  0.47728987633146924  -16.187439279981575  0.627100617721255  0.2340917326828082  0.7429305996815466  -0.07043447259444595  -0.0  -0.0  -0.0  1.0
27844314102045;5.527523174873733;0.9158849855946992;-0.41437699369807957  -0.7876986873758619  0.4558755148064958  -67.48060438203738  -0.6431108506590824  0.6078597994836904  0.46574123495370395  -36.75891061338558  -0.643972158449645  -0.10018603734050549  -0.7584606892013014  -17.441043721806963  0.0  0.0  -0.0  1.0
27844314102076;12.49337546729974;0.817060105727161;0.39295037006449973  0.9170071498374727  -0.06846819563218823  50.53951330965303  0.8987178717951858  -0.36721555466562417  0.2397059100805607  -72.07740916362847  0.19466944696614366  -0.15572611713702067  -0.9684282022222008  -24.1625377423812  -0.0  0.0  -0.0  1.0
27844314102107;8.34390181428472;2.17004952545283;0.2319457548194957  -0.972351455623951  -0.027088993469658148  -13.236800940955042  0.9297618558749018  0.22979973713631408  -0.2876368755429978  11.316698596091417  0.2859091782039736  0.04152983936960946  0.957356367430992  -1.6072150075737657  0.0  0.0  0.0  1.0
27844314102138;13.875093444885819;3.5723722625162355;0.9871929692485872  -0.1433149547083808  0.07007756576177275  10.764340022939637  -0.08933035292013204  -0.8605443942356896  -0.5014812395261589  -150.41332469168447  0.1321746175077707  0.48879870018900773  -0.8623257511985899  30.95522451251434  0.0  0.0  0.0  1.0
27844314102169;7.7056993337980995;10.199269673689997;-0.42274064370536807  -0.5760315605220968  -0.6996270359570533  -28.477561957010725  -0.3678129141485558  -0.5965025205981981  0.7133711538221481  -7.301875868620916  -0.8282535893946484  0.5589028396800952  0.04029401261238375  4.489430038964603  0.0  0.0  0.0  1.0
27844314102200;9.927306225231835;0.138210719590703;0.693951381958865  -0.4171698684001747  -0.5868566949233541  -15.6363020488187  0.681522180781182  0.6435162163547852  0.34844568643001156  12.141188424972094  0.23229075870693514  -0.6417602201659134  0.7308794861206287  5.508078470892368  0.0  0.0  0.0  1.0
27844314102231;10.287771982386351;1.0496271932290406;-0.7704612291385371  -0.49309345244946495  0.4040400246829527  -46.710327432910056  -0.6132564153644054  0.7463768960272906  -0.2585306521305847  -19.890225890512035  -0.17408636767057115  -0.44696798121133147  -0.8774471838026108  -21.283988587728633  0.0  0.0  -0.0  1.0
27844314102262;8.065900080817094;15.02584812494259;-0.5623633892533294  -0.782650121701905  0.26684490894057195  -53.14216726091812  0.47173359557727007  -0.5687008472259525  -0.6738299200601184  -11.651714776772431  0.6791279947338714  -0.25305756926928313  0.6890188919066538  4.510211237217751  0.0  0.0  0.0  1.0
27844314102293;15.344796486985695;0.4823299265903835;0.21895484934913365  0.8339197130757557  -0.5065932155982238  58.68336686798339  -0.16600035722062223  -0.479786156688766  -0.8615388123888837  -115.49952642636882  -0.9615106111474405  0.2727327556298887  0.03337946460630566  11.87065573790599  0.0  0.0  0.0  1.0
27844314102324;11.120662662609497;2.399815317443133;0.14803806640595304  -0.5797120181356101  0.8012606984770463  -22.54345212029991  -0.45278814128093225  0.6805591865897092  0.5760400096032499  1.83656774616134  -0.879242645695797  -0.4480771915390157  -0.16173806111229258  -14.812420259139602  0.0  0.0  0.0  1.0
27844314102355;17.81708979026515;2.3264713269286554;0.700490423185926  -0.7011486566935854  -0.13305535780863342  4.296634113985349  0.7119768955710979  0.6993872438136892  0.06282024644677632  -8.521836329607545  0.04901088856310715  -0.13873732160983887  0.9891157103164319  -9.290157623045456  -0.0  -0.0  -0.0  1.0
27844314102386;12.639375851730701;4.0115969842220185;0.49588864828501455  -0.8669029147083206  0.050732484388979274  -80.41377557614706  -0.4026389876798309  -0.1777705990336708  0.8979306541818092  -85.7962816663688  -0.7693999571758638  -0.4657004945127577  -0.43720333405447775  -28.697354219115827  0.0  0.0  0.0  1.0
27844314102417;4.852743056092726;0.14348673224498604;-0.283635978702479  0.6528211161023452  0.7024067354150121  -29.55081787435808  0.04658077181747936  -0.7222442087968731  0.6900677753353415  17.29546016690711  0.9578000121540899  0.2284466966937088  0.17444553157750267  8.681310974256357  -0.0  0.0  -0.0  1.0
27844314102448;8.862723016525484;0.1413007870748729;0.21337068434194345  0.6889322900447958  0.6927086334073557  -13.973219364119231  -0.919826168572448  -0.09727703200216023  0.3800749908296798  -31.00684059956792  0.32923057372118564  -0.7182683890987307  0.6129418818686919  1.954927556453556  0.0  0.0  0.0  1.0
27844314102479;8.845892927971892;3.5072340863187703;0.6717061067267314  0.35758607206603593  -0.6488012848711081  14.98087343052658  -0.3599251959845052  -0.6079537951265579  -0.7077047663303752  -122.84225229131494  -0.6475065709948674  0.7088895429159597  -0.27966203972450443  60.90396695514348  0.0  0.0  0.0  1.0
27844314102510;12.811880985162878;14.018522541362481;-0.44222644724779164  -0.8225680641786204  0.3575158026549751  -34.289141824868935  -0.14289733885087  0.4581369746757136  0.8773202738933629  -7.577936428771046  -0.8854468475882309  0.33688617102579255  -0.32014307405852876  -30.532572713663253  0.0  0.0  0.0  1.0
27844314102541;16.755247254223338;0.8276394886526535;0.5114661773108795  -0.4038926681370683  0.7584675748455678  -7.682000745293005  -0.7544952542010401  0.2113614650080223  0.6213398767967251  -14.760658016352396  -0.4112654384398274  -0.8900545172823866  -0.19663086077753325  -7.393048689139575  0.0  0.0  -0.0  1.0
27844314102572;6.047632241354357;1.7444659055774696;0.5633360146488148  0.811140973392383  -0.1571714219686497  -16.474507535411707  -0.7993503348140734  0.4869333323073131  -0.3520439917406997  -7.455006103326113  -0.2090253018948179  0.32395408806211  0.9226928914842835  1.5996310451553466  0.0  0.0  0.0  1.0
27844314102603;5.000465750138839;0.28797222835794817;0.586493760707662  -0.7972934011034407  0.1426474717893487  -46.95792964977106  -0.250101356971827  -0.3457810556658497  -0.9043698208053277  -88.14829151363196  0.7703728836685747  0.49473093101151533  -0.4022025932395821  26.17781029009763  -0.0  0.0  0.0  1.0
27844314102634;4.837279486815611;0.7379084370189798;0.9144358656118712  0.14890440175476355  -0.3763436286437219  9.135374890116863  -0.39201865263158514  0.09464423497677965  -0.915075868316161  -32.58585324017158  -0.10064006991046852  0.9843119159716172  0.14491938588297948  44.61370566321156  0.0  0.0  0.0  1.0
27844314102665;12.464679441521291;2.6509294382983857;-0.0800482476789999  -0.9269385946556273  -0.36657484881176844  -24.611883163533196  0.186711512684659  0.3473025423927786  -0.9189775596164026  -20.538720486023458  0.9791481446004638  -0.14200628783741198  0.1452691472409408  -24.584534781843363  0.0  0.0  0.0  1.0
27844314102696;10.865536856965761;0.26176538005795214;0.17292637280970466  -0.9553505289823156  -0.2395868033930199  -83.02163081196706  0.6003131058242643  0.2950792418542834  -0.7433386953484435  -43.7410079852459  0.780846108117665  -0.015284233703666977  0.6245364261895286  18.443802173726112  0.0  0.0  0.0  1.0
27844314102727;12.326628554608499;2.400909158814074;-0.8234771586497646  -0.559720558162348  0.09272683512631069  -39.79336659564751  0.563319262773218  -0.8260794902004457  0.016250663334464822  -110.61690271506328  0.0675039063369683  0.06561686247148611  0.9955589635921355  8.537998478486964  0.0  0.0  0.0  1.0
27844314102758;6.140194318079895;7.868579443496242;0.4915501651239343  -0.15936130081503244  0.8561439195422543  -22.562581859939844  0.8277458054266221  0.3909643597026223  -0.4024720500121101  -27.387054905373898  -0.27058328988550806  0.9065047408838294  0.3240892438663702  46.47239369784459  0.0  0.0  0.0  1.0
27844314102789;11.79753658561828;0.540534204249123;-0.6335682010958888  0.7248504030084202  0.2705239875106271  -16.604981747170516  -0.5938985065326874  -0.23154620283585164  -0.7705004347114531  -17.975229824788297  -0.49585874853466155  -0.6488283665275649  0.5771878830076127  4.861817805332438  0.0  0.0  0.0  1.0
27844314102820;13.718009914125455;0.11751263831844751;-0.049783558573745015  -0.9987285752317742  0.007926557338716679  -17.27041864739606  0.9222077533316917  -0.04901353773416207  -0.3835759804962972  6.210341180396889  0.3834768011114213  -0.011785844657526407  0.9234753038793516  -7.891932839181309  0.0  0.0  0.0  1.0
27844314102851;14.126286162245718;0.5381811923326177;-0.6619713750846657  0.08757357616342262  -0.7443955718074003  -14.182862361501002  -0.5633283282036712  -0.7132577584666847  0.41704264126146323  -18.177680922330484  -0.4944240014519666  0.6954094036932703  0.521488895416956  -15.093861489364611  0.0  0.0  0.0  1.0
27844314102882;16.65338049572903;1.879629068235271;0.12609965297853518  -0.6018293273262207  0.7886065801708481  -97.48341865157711  0.9919546205299906  0.08545234588189352  -0.09340196674846576  -48.73805841507162  -0.011176239434320926  0.7940398965753223  0.6077628931736113  65.36572133524476  0.0  0.0  0.0  1.0
27844314102913;3.6628597101339557;1.2833394559865792;-0.7701144803450024  -0.5143062831598999  -0.37737611777269997  -25.781168541458044  -0.3811386379663408  0.8453585088613075  -0.3743024581070118  -11.270051153077672  0.5115242182068294  -0.14442312348802608  -0.8470448250180473  7.811644415187607  0.0  0.0  0.0  1.0
27844314102944;9.703443455187617;0.05619282214063031;0.6130869594418001  -0.7900153822593821  -0.0002756011075291212  -18.418437174521355  0.7893418523353597  0.6125785985140374  -0.04107189786655943  17.30948611894968  0.03261625843336738  0.02496310149279038  0.9991561555881379  3.6245737001093965  -0.0  0.0  -0.0  1.0
27844314102975;6.1736923351409825;10.510877590666517;0.6808941372369932  0.5880569968067153  0.43654569335059856  51.2676801007019  0.5305269372425446  0.014889838352504157  -0.8475372921434675  -73.4154239037522  -0.5049003295070555  0.8086824229699213  -0.301841673801289  57.39619712286167  0.0  0.0  0.0  1.0
27844314103006;8.779326562990162;2.1298974107098525;-0.24683677802686527  0.5583474687902957  -0.7920351691110608  37.451034301964356  -0.6263778850101943  0.5317042061294477  0.5700362991550706  -22.590654237073913  0.7394067555706211  0.6368192375232739  0.2184923534973355  17.990927383964493  0.0  0.0  0.0  1.0
27844314103037;4.983612374719573;5.761418595385159;-0.25547542264541345  -0.8934647856137488  0.3693954321486982  3.7859928560689857  0.8591624995075172  -0.03459186457401425  0.5105322735589661  12.71974190076447  -0.4433645315811145  0.4477991511531357  0.7764688096519977  -4.553616255707463  0.0  0.0  0.0  1.0
27844314103068;8.080951485631328;1.8267739148258042;0.3701914923894245  -0.7908033533322331  0.48743031842611556  -36.53424998785911  -0.6779721089390938  0.1287156529910479  0.7237306820743246  -32.062635388232366  -0.6350685620176516  -0.5983831022293178  -0.4884931775401267  -27.392822766425684  0.0  0.0  0.0  1.0
27844314103099;5.35424278701302;0.2597693862395358;0.7313820025955549  0.68179586062408  -0.01532222944561885  26.062342148010153  -0.6692850792264945  0.7132859769896455  -0.2080398946229053  -7.409734454108346  -0.13091160759878925  0.1624115742975066  0.9780003228680997  12.578270052809927  0.0  0.0  0.0  1.0
