# registration_from_features.py FastGlobal FastGlobal_config.json euclidean --input_txt=/neural_comparison/point_clouds_registration_benchmark//eth/plain_global.txt --input_pcd_dir=/neural_comparison/point_clouds_registration_benchmark//eth/plain/ --input_features_dir=/neural_comparison/experiments/FPFH/features_voxelgrid_0.2_compressed//eth/plain/ --output_dir=/root/neural_registration_comparison/results/FPFH/test_1_fgr/
id;initial_error;final_error;transformation
4215528470030;7.9427285406441825;0.12471812138267717;0.5952664002836314  0.6796068255797776  0.42871024634214705  -0.6581702597658041  -0.5576656549511739  0.7335349425901933  -0.3885041895360742  5.379809952449492  -0.5785040449134694  -0.007813489910423717  0.815642090254159  11.568447232601606  0.0  -0.0  -0.0  1.0
4215528470061;8.5731783167614;0.33535915500442076;0.587438635038859  0.7995791693786397  0.12485592480713749  -0.4425368114991088  -0.8029887263413868  0.5950842843384806  -0.032921116354038174  12.324537273121992  -0.10062283752865354  -0.08091876438208771  0.9916285585533315  7.266201416859601  0.0  -0.0  -0.0  1.0
4215528470092;7.21989676751356;0.05079967677079398;0.7552611573236588  0.22392085735868647  -0.6159870403489659  -1.0366232000308704  0.324215079345722  0.6891529700803618  0.6480376271130125  -3.6679894149980914  0.5696184394513361  -0.6891499354053285  0.44789195122022146  6.543753128609983  -0.0  -0.0  -0.0  1.0
4215528470123;3.699125908164359;0.18535580917460584;0.8690753298082292  -0.3907224047287693  0.3033876621777572  -1.6323495909195878  0.29232951387543116  -0.08910768521696164  -0.9521571696692877  2.351510046529972  0.39906331131296785  0.9161854740598335  0.03677839971622143  -4.20284910820371  -0.0  0.0  -0.0  1.0
4215528470154;6.304867582126328;0.19899763490572228;-0.7681527172299375  0.2714600726297917  -0.5798713926208909  3.8598899316775035  -0.6022788111237556  -0.6136763812485462  0.5105502255107196  -3.5690305410458794  -0.21725937651484656  0.7414247959608029  0.634891829566945  -0.0917254272330693  0.0  0.0  -0.0  1.0
4215528470185;10.45878331764484;1.4455075139916107;0.7435928305088437  0.5979277423590285  0.2992525978722329  4.595241569584746  0.26244935284435233  -0.672648363530567  0.6918558493148926  7.480178179071727  0.6149715762597703  -0.43592039864760235  -0.6571022496046476  -5.519485674998101  -0.0  0.0  -0.0  1.0
4215528470216;5.914600834043442;1.240658085550357;0.8578096517507124  0.3641362862922653  0.3627221613971195  -7.245534601057685  0.08182305858382517  -0.7934810923901756  0.60306943472811  -0.49596374058051995  0.507412641197782  -0.4876397451239719  -0.7104504842197802  -1.4032513749617639  -0.0  0.0  -0.0  1.0
4215528470247;6.661053221913973;2.100188322543227;-0.0384569262890786  0.9666344735997516  0.2532565088382241  13.111202258962996  -0.8391568635705252  0.10636145220715408  -0.5333882261607075  19.02403991111171  -0.5425281772801086  -0.23303440933242953  0.8070676185575832  7.5198757207471125  0.0  -0.0  -0.0  1.0
4215528470278;5.936222330533173;1.7333227037880843;-0.7719359754541735  0.40271613624912256  0.49186844115494044  20.13130989392497  -0.6055525850688133  -0.2303784607100835  -0.7617295002540798  14.197897178864517  -0.19344486686415474  -0.885858610865995  0.4217032191464497  4.57984688925754  0.0  0.0  0.0  1.0
4215528470309;13.3828056546087;4.926391359066083;0.5445095375811767  0.8197875971332945  0.17736307132419768  -2.6590467130929993  -0.8329961275500726  0.5038062310010106  0.22868478981152476  15.743328400221063  0.09811633385791454  -0.2722638007355657  0.9572071916984874  7.363238849107294  -0.0  0.0  -0.0  1.0
4215528470340;6.643852363898183;0.5367007027053575;-0.9973902224387111  0.018047950077880084  -0.06990719334692272  24.407501424259337  0.0034761922479539025  0.9791337672360679  0.20318706146199417  1.6787462466369634  0.07211560352041031  0.20241377758465795  -0.976641184044988  2.0199522567859303  0.0  0.0  0.0  1.0
4215528470371;8.616592423121881;0.1514987490754017;0.2023486850217284  0.8287123752828214  -0.5218149180725683  2.5101373048941427  0.4041849054195876  -0.5560094957730328  -0.7262836930849935  4.3872275952445685  -0.8920143339100204  -0.06394716305921795  -0.44746082335299603  11.743551388431854  0.0  0.0  0.0  1.0
4215528470402;8.051064745866395;0.3203575855602076;-0.86211835027221  0.23151955032368324  0.4507223623716088  18.07245982895735  -0.43293475382497104  0.12563192430376116  -0.8926276483093293  3.977556441372859  -0.2632858694545456  -0.9646840505645635  -0.00807672779722995  10.406917128815161  0.0  0.0  0.0  1.0
4215528470433;3.035557231842426;0.2598349580515989;0.8666916863592304  0.2593027492498231  -0.4261544380002093  1.1000968484902613  -0.014097537993018605  -0.8412107939444051  -0.5405235051077436  11.237473568056428  -0.4986449440416768  0.4744749565392346  -0.7254148712280201  2.64384800046538  -0.0  -0.0  0.0  1.0
4215528470464;11.371431429449434;0.9894513657372147;0.9379246239935028  -0.18664896530859756  0.29233467713542793  -6.745713267673752  -0.04516569614973778  -0.9014041731754564  -0.43061650743228735  10.620804218581522  0.3438858234908131  0.39068232661729385  -0.8538793006455556  0.7858322200318846  -0.0  0.0  0.0  1.0
4215528470495;6.926527848736154;0.6914287675185258;-0.8032803085224302  0.5464932825991878  -0.23682448778382761  10.794202220296228  -0.5832445401739029  -0.8023317296907566  0.12684479448826902  13.96621497150713  -0.1206919727962123  0.24001851513039982  0.9632365026810171  2.132482942722522  0.0  0.0  0.0  1.0
4215528470526;13.514784535064075;0.849672510362245;-0.986430815294264  0.14461976653723893  0.0777133821462449  21.734325191779977  -0.16023629351644567  -0.9511564121600793  -0.2638670306174584  15.40312437211345  0.03575719337427619  -0.2727390744529967  0.9614233304785763  -8.010676438058503  0.0  0.0  -0.0  1.0
4215528470557;10.446360986706342;0.204197352437099;-0.21566464504555075  0.07122062368982687  -0.9738667175946656  0.5489062488054  -0.9594769766230337  -0.200695758762673  0.1978007678068937  15.81102763418849  -0.1813634257718422  0.97706132621034  0.11161752826682117  -2.393432047858355  0.0  0.0  -0.0  1.0
4215528470588;3.580277951137834;0.1402964460188287;0.5254071957754113  -0.5534775554102117  0.6462274168468524  5.6293256746536775  0.7084856158018312  0.7051720862582348  0.027936731449989156  -2.347874259270746  -0.4711638895642565  0.4431646696424988  0.7626333750573324  3.508343474377909  0.0  0.0  0.0  1.0
4215528470619;3.9070449392142814;1.1014921371056874;0.8401359848156489  -0.02138456106566825  0.5419540825253265  2.6192682014314226  0.4996289757722886  0.419333963494503  -0.757977515252746  -1.7538860096201447  -0.21105073699604623  0.9075801494127225  0.3629818987296836  0.7151787670940744  0.0  0.0  0.0  1.0
4215528470650;5.1845358049870764;1.3751795497089907;0.7571584623942298  0.6119439283947531  -0.22855128817314174  2.4779486984048047  -0.5468597787421609  0.4024323515358396  -0.7341611436404197  14.964178066294402  -0.3572890219680393  0.6808618295499695  0.6393525817911352  1.848736367315782  0.0  0.0  0.0  1.0
4215528470681;3.380804448922173;0.7548215297931741;0.4936814776027247  0.5391486542067542  -0.682346925939464  -0.13558385398706105  -0.5452381791324248  -0.4193679983666741  -0.725841449603346  3.5292078708400187  -0.677490905244009  0.7303760747813254  0.08693021740843011  -0.42410126577601753  -0.0  -0.0  -0.0  1.0
4215528470712;10.187008660188404;1.052999388762024;0.14104881020955684  -0.8470117360826845  0.5125196114068846  12.003021162159454  -0.4087386173496955  -0.5213357070199051  -0.7490940016267079  18.684956151164158  0.9016861847813386  -0.10382773966649025  -0.41974018708031746  -8.29743899060562  0.0  0.0  0.0  1.0
4215528470743;11.416465271917176;0.6767227363794518;-0.4381029914412092  -0.4903752534162873  0.753390920921653  19.739043584848854  -0.8982223412102267  0.2719303420384074  -0.3453266784216004  11.236359831938566  -0.035530193372458184  -0.828001207677734  -0.5595995045057934  10.14527644561343  0.0  0.0  -0.0  1.0
4215528470774;8.6384432610346;1.1716158688516143;-0.35847196800677894  -0.9335346923037537  -0.003290352364453445  19.57524784173287  0.9334391730692052  -0.35837890993529214  -0.015995846131665825  -2.938213603956374  0.013753484402986954  -0.008805406232933473  0.99986664435206  -5.731707978417706  0.0  0.0  0.0  1.0
4215528470805;4.364926864890053;0.27895047508406234;-0.9730011526019868  -0.1779117499475418  0.14702437303320526  35.206114167069956  0.14878753089967417  -0.9704999004728837  -0.1897161401433748  -0.580152754994375  0.17643986988201527  -0.16271862958102068  0.9707685717529656  -4.649869742278936  -0.0  0.0  -0.0  1.0
4215528470836;7.998596834151955;0.08608932235450582;0.6136825200209126  -0.4727348328423421  -0.6323887589436623  3.56161896880086  0.7873471113417067  0.4262361847167954  0.44542927732687193  2.013793776668993  0.058977036909731745  -0.7712616240003077  0.633780101030125  8.064673004263918  -0.0  -0.0  -0.0  1.0
4215528470867;4.496746515697113;1.6758434193146088;0.5049035692277477  0.6903932647331273  -0.5181018488600645  6.995285870551792  -0.8319433316344231  0.5492244549304687  -0.07888466933026402  16.412276564712105  0.23009276114232285  0.4708605293687968  0.8516734604016027  -2.257469184394852  -0.0  0.0  -0.0  1.0
4215528470898;3.0735426127890535;0.422452877970874;-0.7868273614818523  0.26064337551182953  0.559435191979649  5.918761711083566  0.5449821127727229  0.7188348560492925  0.4315911798060465  -3.219492595064054  -0.289650133749818  0.6444699221301134  -0.707644910593101  1.8618799320937371  0.0  0.0  0.0  1.0
4215528470929;7.751781789465057;0.34888431684338883;0.564477332838781  0.8246687744923936  -0.03587134076709516  -0.3970909507980869  0.5986117426827801  -0.4388916685382042  -0.6701030404423165  -5.445658534801565  -0.5683566857471644  0.3567849711870774  -0.7414008106965722  -2.52104173093611  0.0  0.0  0.0  1.0
4215528470960;7.051327912203398;0.3870965500272079;-0.4977486686778805  0.049841763908408256  -0.8658880189723706  19.05445639267126  -0.1544673306195118  0.9772925515760291  0.1450486553033064  -0.4635457121392983  0.8534553922734803  0.2059491859768167  -0.47874714223147785  -4.352172762361446  0.0  0.0  0.0  1.0
4215528470991;7.811575106800094;0.37635154912516955;-0.8929633460337182  0.15942052977285537  -0.42095315336413247  16.668807551809564  -0.35979860910053235  -0.8147447481828846  0.4546822585033757  9.993516944096696  -0.2704836844055253  0.5574729500122411  0.784896481375131  -1.6717407732595504  0.0  0.0  0.0  1.0
4215528471022;6.397326685010671;0.42650459519683404;-0.2733401094072527  -0.5737541446443278  -0.7720695344932903  26.39635883092664  0.9448588091772683  -0.009659265222197887  -0.32733549962611874  -12.281677132076418  0.1803524751960583  -0.8189706222440591  0.544756922481792  3.9924913597113543  -0.0  0.0  -0.0  1.0
4215528471053;4.989390319330123;5.772155123688325;0.5645724372539656  0.3857759811393073  0.7296813383040034  1.9354624143744243  0.4749164733950729  0.5712168119181741  -0.669451788465775  -4.868675074067924  -0.675064668303048  0.724491715727683  0.13928189922187972  9.59408729809584  -0.0  -0.0  -0.0  1.0
4215528471084;7.283065117516562;0.18911539679248393;0.6416754401170975  0.31936000232177236  -0.6973247582493872  2.870950433866846  -0.5603881003633229  0.8159717939205031  -0.14196904062979096  1.2560148389028978  0.5236581007887846  0.48187054324081036  0.7025546050202003  5.484494469398943  -0.0  0.0  -0.0  1.0
4215528471115;13.751336068378958;1.7636487006564479;-0.12615157940948946  -0.9670963105626865  -0.2209309962602129  13.35111317058243  0.8740470108522067  -0.21369096626570416  0.43632326749412975  -5.6986621114633  -0.4691775802751182  -0.13806120755834517  0.8722450923534726  12.706039865293516  0.0  0.0  0.0  1.0
4215528471146;11.525962444638278;0.31534325396377244;-0.6888559935150754  -0.7137416214387813  -0.126689849728773  28.894185268390036  0.3491730209098307  -0.4798631502128869  0.804866174302578  -7.603423165272418  -0.6352602786787964  0.5102002105974716  0.5797759251980323  7.113753435380972  0.0  0.0  -0.0  1.0
4215528471177;6.697705102568167;0.757976491513503;-0.297456670552091  0.1961546994693007  -0.9343676273395677  20.4468410343329  0.055544773632977294  0.9805645019554317  0.18817023044827788  0.6535063719367011  0.9531182021481535  0.00407325189560623  -0.3025708203922992  -15.504953166237165  0.0  0.0  0.0  1.0
4215528471208;6.121585792418238;0.23929572404639357;-0.012499664610972943  0.7157582049672513  -0.6982363141563697  14.988310509007306  -0.9954272515227595  -0.07504147108872647  -0.059104691376263084  18.445591961688176  -0.09470134798648165  0.6943046662949193  0.7134232159459382  3.547518639354762  -0.0  -0.0  -0.0  1.0
4215528471239;7.5967337800512365;0.5182365282371573;-0.5315352893640716  -0.11634696224369039  -0.8390075211446664  8.674469507543764  -0.14668454438689868  0.9881994881290823  -0.044106871340287485  -4.900568357034847  0.834238503426126  0.0996250773554829  -0.5423292020196339  -8.261214272337675  -0.0  0.0  0.0  1.0
4215528471270;4.659737430181631;0.8933428569578372;-0.801325276974868  -0.32337430250700017  0.5032959973606602  30.118016578262242  0.5980043939033595  -0.45604218332772795  0.659102626225958  -12.292556476794573  0.016387353460109527  0.8291288123710265  0.5588173826419367  1.2026754247067508  -0.0  0.0  -0.0  1.0
4215528471301;12.269791784026703;1.0335598452550854;-0.7130328504557121  -0.6787506189860101  0.17573204430925674  22.571029976390353  0.6626273452682894  -0.7342822589928931  -0.14749428948604165  -11.091759758188946  0.2291487627583928  0.011276584341039892  0.9733260929266697  -0.7955193065151002  0.0  0.0  0.0  1.0
4215528471332;10.27674754914434;1.135518025922719;0.6815752992990871  -0.7231210413108469  -0.11203156251198437  9.090731955085733  0.6694449410204663  0.5543739752284228  0.49448252399002024  -11.420252051087212  -0.2954633349968598  -0.41202603704493124  0.8619373309409346  10.954011053291987  -0.0  0.0  -0.0  1.0
4215528471363;7.251183878607266;2.1639606911945637;0.49759385289676544  -0.7473076585679332  -0.4403766808143526  7.400381962926275  0.4512129081395641  0.6565970585707489  -0.6043899521041676  -6.58264517438034  0.7408152732548038  0.10203708209251096  0.6639135220723077  -8.468315773661885  0.0  0.0  0.0  1.0
4215528471394;7.752494131188369;2.1062546085939267;-0.6086173632659959  0.0785659027153477  0.7895646294393306  16.28401600034382  0.7933625165647812  0.04435136552999408  0.6071316773860673  -6.363477293723108  0.012681578811101367  0.9959218620484978  -0.08932425344054364  -3.824771206556707  0.0  0.0  0.0  1.0
4215528471425;6.845520635125362;0.17425049152923003;0.515773527708478  0.8566365334962199  -0.012309248341493688  2.7424871423008836  -0.6589486360393765  0.3874834044617994  -0.6447040455344918  9.723155878130983  -0.5475074092439269  0.3406324422985493  0.7643331577765865  -0.9566099668504346  0.0  0.0  0.0  1.0
4215528471456;8.696136189115853;0.5892041934962533;-0.38351138405234186  -0.9102737063731479  -0.15595126734960915  23.531066744072664  0.7650549350888003  -0.4077246745665386  0.49844913085076364  -12.6586006970134  -0.5173103175063579  0.07184962933309176  0.8527764455976543  6.597979754470485  0.0  0.0  -0.0  1.0
4215528471487;4.397592397978111;0.14336488686545332;-0.1666225147749639  0.9805077013076298  0.10412293333599969  19.434569366963842  -0.9557007850421604  -0.13461035939672109  -0.26175572699156696  18.25351443479951  -0.24263748069880928  -0.14312476661819132  0.9595010964770297  3.30703406552561  0.0  0.0  0.0  1.0
4215528471518;4.316883413942118;0.8428885288083277;0.006990488463719766  0.10956302582206287  0.9939552688344443  11.54542897104839  -0.9361159770247282  0.35023059595954253  -0.032021980152104605  17.825074460336243  -0.3516219711992934  -0.9302335583209941  0.10501198190390273  8.95843860421204  0.0  0.0  0.0  1.0
4215528471549;1.9026528424683027;0.25182542910820155;0.6521234463476696  -0.7352192184682927  0.18489919285521492  1.7281830917991345  0.6089512754784877  0.6532722488100844  0.449904115370975  -0.08974743086357982  -0.4515676636084123  -0.18079842291759443  0.8737268311398879  0.33385329250363865  0.0  -0.0  -0.0  1.0
4215528471580;8.32112714146523;1.1182196012485988;-0.43383516200671535  0.8843799993851443  0.17221808527021532  17.513322715111965  -0.897001341218665  -0.4419207822486277  0.00972707914418874  18.16382209045483  0.08470918520753129  -0.15025990451312218  0.9850108197564044  -3.776388048407441  0.0  0.0  0.0  1.0
4215528471611;14.49435390175508;1.0530933890250673;0.19425043262361164  -0.030118800619036996  0.9804894835105622  19.389902844777975  -0.7892573138154265  0.588761496030565  0.17444997386273728  13.628794698942144  -0.5825286791346828  -0.8077454788738355  0.09059569164413835  18.285107664451864  0.0  -0.0  -0.0  1.0
4215528471642;10.551955767567739;0.36942200011929804;0.6825084535555843  0.37046710513125747  0.6300288365153071  0.22099711031609204  -0.35058374571338874  0.922316804339076  -0.162550760303736  -1.2203250173318183  -0.6413058927428738  -0.10993560137379758  0.7593687611983047  12.99146385270111  0.0  -0.0  -0.0  1.0
4215528471673;5.301269378770812;0.27029552367876497;-0.9330552520513874  -0.1483229399479025  0.3277319058384972  30.800905600624297  0.25918118885211155  -0.9089613538923189  0.3265185576279662  -3.2419339875907496  0.24946544442974178  0.38960180006700745  0.886553681070706  -6.572307531486172  0.0  0.0  0.0  1.0
4215528471704;14.231622672185328;0.19461608964567007;0.05944602727803819  -0.9281837024628019  0.3673434146997938  9.023445364990186  -0.3042781005937503  -0.36733032913021374  -0.878910272325991  5.824747689270546  0.9507265681256192  -0.05952683246683691  -0.30426230275298133  -13.131852337137797  0.0  0.0  0.0  1.0
4215528471735;9.260585039119485;0.08210894784554545;0.7920759445356553  -0.17076433660971288  -0.58605054340918  8.321225885958242  0.5918088383260758  0.45010448137359355  0.6687064039820086  -5.373248111177858  0.14959277043724717  -0.8764961478464436  0.4575767759002376  -2.666436942694315  -0.0  -0.0  -0.0  1.0
4215528471766;10.023762998931376;0.18603708529666318;0.2607586624566345  -0.9361339290663351  0.23591987369582293  -0.6147280891115717  0.9583154672200456  0.2805555519719178  0.054037464268396014  2.59015126950268  -0.116774934128232  0.21199492708213144  0.9702689140907216  -2.421358574023486  0.0  0.0  0.0  1.0
4215528471797;16.49642327605817;2.2249523769623964;-0.44761153657515607  0.8791951916094831  -0.16327806765022856  25.121185978301725  -0.8905353013827876  -0.45484610097550865  -0.007867745448651042  10.25930088381396  -0.0811836764127832  0.14188318955444232  0.9865487170971146  -4.762810031738131  -0.0  -0.0  -0.0  1.0
4215528471828;6.120378490255965;0.08195393062858301;0.9912200465226808  0.1209400120052501  0.05344467108839508  -1.5526912755098614  -0.019004940179833674  0.5303202988705036  -0.847584327872255  1.245893943705563  -0.13084965273296534  0.839126864128464  0.5279625690118501  1.4946096407669416  -0.0  -0.0  -0.0  1.0
4215528471859;3.3560635566366703;0.4645219196972012;-0.47047573213860616  -0.8133413404611579  0.34224033860064934  5.1609370165214905  -0.8091949611106558  0.24298268834829195  -0.5349419857107517  2.602834344249588  0.35193195419252105  -0.5286163798633955  -0.7724691725618259  2.004570665630527  0.0  0.0  0.0  1.0
4215528471890;6.397138347400414;0.1726315660258405;0.6379737838813085  0.510250032349362  -0.5767446190192332  3.4613726319851565  -0.7401155815827304  0.6131129016957535  -0.2762634533786047  6.665091834806949  0.2126461308809139  0.6031065198301954  0.7687939572861426  -6.82351163526353  0.0  0.0  0.0  1.0
4215528471921;4.826841366204702;0.7986515016419602;0.4126016824665457  -0.010906363732399399  0.910846256431848  -1.0515236211882393  -0.6662755837836686  -0.6854721334418122  0.29360654067725334  6.3653386486095975  0.6211575469069868  -0.7280171739079175  -0.29009359940478513  -2.421597754677349  0.0  0.0  0.0  1.0
4215528471952;10.627445185868936;0.7840002546376978;0.6667159056188287  -0.5174886427015095  0.5363724506998976  3.697918118411863  0.7371308246660047  0.5641734422857659  -0.37194955887410674  -3.8083457021650444  -0.11012741948342587  0.6433613539018165  0.7576002374495036  -4.983672619718109  0.0  0.0  0.0  1.0
4215528471983;2.5890048286559675;0.5074963854186161;0.4979727442868787  -0.7746710313448665  -0.3897536903513221  6.4834946812209  0.10376304021709802  -0.3929867674470914  0.9136709648973148  3.6894520851732913  -0.8609624715586031  -0.4954252656118434  -0.11531447767359962  7.932128723119595  -0.0  0.0  -0.0  1.0
4215528472014;9.471090222260203;0.2604838754544644;0.4834069742059312  0.8677053856596185  0.1157802270958192  -1.5619841145631133  -0.8485294574017501  0.4969699616490349  -0.18171025601227958  6.722751850730106  -0.21521026279096894  -0.01040292823438544  0.97651232551033  -7.691090715527161  0.0  0.0  0.0  1.0
4215528472045;3.9958979372442767;0.6002126085740037;-0.6836493939500411  0.7177083612805043  0.13235639123137657  6.840911851456074  -0.6363811412119451  -0.675025468184978  0.3733090682148441  7.755110761165697  0.3572709745578618  0.17098340694261493  0.918216818234545  -0.18771952668747238  0.0  0.0  0.0  1.0
4215528472076;8.69484171943448;0.14042183208667905;0.001306575752095228  0.5162059643598349  0.856463481544389  3.782738081797128  -0.9877747292722328  0.13417417834068887  -0.07936229632368892  3.687297191643396  -0.15588257462260474  -0.8458892907620552  0.5100705154222253  -5.9925547468984846  0.0  0.0  0.0  1.0
4215528472107;10.315265354533507;1.6943137912882795;-0.5279756845922441  0.17254721586652616  -0.8315462312920803  19.922011388827368  0.5449088898808152  -0.6821899135884991  -0.4875358689645034  7.0438729030169585  -0.6513954084948778  -0.7105240179577518  0.2661571747989568  17.58295163329766  0.0  0.0  -0.0  1.0
4215528472138;6.670306263270432;0.5366763485053534;0.3935386149631347  -0.8569736771327637  0.332751371498974  6.481333825032052  0.27996867118827434  -0.23304210028002642  -0.9312942191649993  -3.7097097727058057  0.8756397099754957  0.4596601964480116  0.14821471625788735  -3.392387443716431  -0.0  0.0  -0.0  1.0
4215528472169;13.267182160692693;1.0376661769043025;0.6048274287275318  0.539792752676488  0.585497707610185  2.694106519864525  0.6136101315829221  -0.7845295955359979  0.08941990911934357  -1.7549163141644393  0.5076084986262845  0.30518371169848346  -0.8057273200260167  3.3786805489191405  0.0  0.0  0.0  1.0
4215528472200;8.200847505154186;0.11879158157924004;-0.020959697713995185  -0.9530931068731161  0.3019506925024159  11.984334921761556  0.2673946961304602  0.28567082524247334  0.9202674915950161  -1.2897045842619217  -0.963359106228325  0.10002854210791338  0.24886446755358343  -1.1351174062133802  0.0  0.0  0.0  1.0
4215528472231;10.278644612899345;0.528608121788886;0.677125551485736  -0.6181215813890863  -0.3992827295866845  2.499676643355737  -0.5774863071631126  -0.1100625401454793  -0.8089473421032028  15.651786614614151  0.456081738906799  0.7783392241675738  -0.43148290760813507  -0.17545050037990084  -0.0  0.0  0.0  1.0
4215528472262;4.061839555975304;1.1753448200353487;-0.555755478581231  0.829090602264196  0.06119331061597658  19.798656314642656  -0.7727359167269151  -0.48802530545791084  -0.40584541913507866  17.423762893055663  -0.3066187388715234  -0.2728370841178068  0.9118908237848041  3.891648579816778  0.0  0.0  0.0  1.0
4215528472293;4.76530520571006;1.0656965290825078;0.9129018414751993  0.30134625253663033  0.2753192036769714  -3.4845429772364445  -0.08815865489173474  -0.5130221777969972  0.8538362235558452  5.201311350618412  0.39854520370827656  -0.8037404314643848  -0.44177261054820083  2.5140434423742497  -0.0  0.0  -0.0  1.0
4215528472324;7.620481991712362;0.2830800096012433;0.2193086297501468  0.9365202836306096  -0.2735570932466508  3.0502771944923452  -0.9502806925548624  0.2685666025273513  0.15760261852001856  8.035614163380133  0.2210663481278052  0.2253924097110626  0.9488561173170978  -8.909898938687276  0.0  0.0  0.0  1.0
4215528472355;4.274579483987271;1.0648669690589796;0.34678389316131186  0.3629495948622285  0.8648748597532643  2.0811778048031497  0.9365873919049518  -0.08440273002927234  -0.34011797436813934  -3.3817223643037972  -0.05044788170541891  0.9279783245059919  -0.3692035217579679  0.8807160725491356  -0.0  -0.0  0.0  1.0
4215528472386;6.98607721477994;0.16571045544963564;0.5031347242115042  -0.8394193210159665  0.20550098004074635  5.363744253197303  0.854219234113045  0.44700495562762393  -0.26551095969030886  -5.680997218039247  0.13101507304098972  0.3091306732588018  0.9419518445688311  4.343923695943007  0.0  0.0  0.0  1.0
4215528472417;3.9350110134314358;0.14258385531032003;-0.6642239790928074  -0.5411568250595112  -0.5157090228894846  1.1983953695898284  0.4234293392826584  -0.8409037284338693  0.3370289514873577  2.0745852967096505  -0.6160471574747906  0.0054963804022100885  0.7876900974175721  3.8175110284148714  0.0  0.0  -0.0  1.0
4215528472448;8.44720383204338;0.3515597326555808;0.4560453773802357  -0.6784885079121789  -0.5759131517869883  7.064702200579404  0.8578430953396404  0.5074053775222859  0.08151691014489595  -4.464331286673292  0.23691314346870462  -0.5312185308256577  0.8134365586566702  -7.101873317480101  -0.0  -0.0  -0.0  1.0
4215528472479;4.6646235313045;0.5244826035131758;-0.8555598824161822  0.4560019202741412  0.24511127331540944  6.260532215440856  0.5168642270498518  0.7793228636184507  0.35427001713057293  1.9549925762482592  -0.029473011318234984  0.4297884630231865  -0.9024484576173876  -0.6968853557575028  0.0  0.0  0.0  1.0
4215528472510;4.403148072732226;0.21901548631916495;-0.9967581107293016  0.07907932483498065  0.014823261415663735  9.26188898481389  -0.07846597272896055  -0.996185149597458  0.03818689363106665  5.259646140206254  0.017786506656775183  0.03689997432432666  0.999160663795274  -3.710996804245999  0.0  0.0  0.0  1.0
4215528472541;10.318454924319978;0.716242113842449;-0.3905963973544952  0.901023275143359  -0.188657128207823  15.106145703811787  -0.9169045908272274  -0.39903725038599  -0.007432639123648874  19.88917830399273  -0.08197820255191575  0.17007742488150068  0.9820148898321422  6.22060401993695  0.0  0.0  0.0  1.0
4215528472572;7.24244761931414;0.6924568108490248;0.9248862223161348  0.34672167236566576  -0.15610751961947872  4.180926801350303  0.06730101826556571  0.25479608992375197  0.9646499497226878  2.118948248399576  0.3742406294220445  -0.9026976428857686  0.21232267146555167  5.321552783952062  -0.0  -0.0  -0.0  1.0
4215528472603;5.1560174420135;0.18413138439046817;-0.23798455440285296  0.9486734249090163  0.20828366411476545  4.003784020006854  -0.9398860552710926  -0.27900919143079245  0.19689610002252259  12.672700626787218  0.24490315427249745  -0.14890468081471728  0.9580448011752097  -5.485333303264342  0.0  0.0  -0.0  1.0
4215528472634;2.054122432201142;0.34756050470542127;-0.8408886844308272  -0.048516785722992804  -0.5390290733339923  1.4887398753452667  -0.538000120422393  -0.03334621082981991  0.8422849284231466  0.9648371867886558  -0.058839534512809544  0.9982655717425113  0.0019384147939627444  -0.6896706174419522  0.0  0.0  -0.0  1.0
4215528472665;3.1616134532515607;0.1902551298207154;-0.08583088068208378  -0.7986385096487623  0.5956589551306535  0.26425793373851114  0.011216915577060123  0.5970527511050117  0.8021235523302346  0.5839086352543674  -0.9962465762682822  0.07552842712476576  -0.04228730270168449  3.837379506545956  -0.0  -0.0  -0.0  1.0
4215528472696;6.874583370600295;1.1361014883496443;-0.008300235710100584  -0.9980618463917436  0.06167379398301142  20.645285810591727  0.999935124476857  -0.007803042034814371  0.008298154761945307  -13.458582032771991  -0.007800828456455663  0.061738669503845614  0.9980618636954753  0.4866512836297548  -0.0  -0.0  -0.0  1.0
4215528472727;10.234961895922138;1.6629598236967755;0.6540606856467363  0.6957331318216563  -0.29691754541783183  1.2234378206409138  -0.18333551803704193  0.526615086953574  0.8300991736045588  -7.174765679520012  0.73388875677272  -0.48849970263912124  0.4719908189828273  -7.506472824706856  -0.0  -0.0  -0.0  1.0
4215528472758;6.7270965623001775;0.37897181665001484;-0.5864544016586096  -0.8093670646894525  -0.03156246776190755  9.817784838824018  0.7949904808016433  -0.5826251224376934  0.16893224126623588  -1.2706131493347765  -0.15511727888928095  0.07397919505131266  0.9851221794729553  -5.319690586289978  0.0  0.0  0.0  1.0
4215528472789;6.2551636084248825;0.7682365397166673;-0.48844210593984233  0.8420662232918619  -0.22879856803754592  1.4709664565603227  0.27896868739437236  0.3991348743164447  0.8734230495915816  3.357283079173302  0.8268015364030932  0.36278895751576445  -0.42986438757602524  -5.893378042390874  0.0  -0.0  0.0  1.0
4215528472820;11.132084316276776;1.348703205802563;-0.07813948490632966  0.9967315919967752  0.020502546528345204  23.646387330772228  -0.9601064897305007  -0.08077505623222449  0.26771424816033923  19.242664919890753  0.26849534311780554  0.0012344254754685115  0.9632801912827842  -0.6428495141133878  -0.0  0.0  -0.0  1.0
4215528472851;7.769777714220737;0.25315555654994415;-0.03879385980533192  -0.942776515248131  -0.33116080495432143  3.751637791156027  0.9983116044162912  -0.050905432753762435  0.027974584964263978  1.3728530978116353  -0.04323166581540562  -0.3295164323865229  0.9431595537649414  7.214208080556655  -0.0  0.0  -0.0  1.0
4215528472882;7.042666088122157;1.039150152745997;0.8347015048150956  0.4310885609241725  0.34268943739155433  2.8242163628854855  -0.4545645951652459  0.18805435247600502  0.870635738605466  7.663489414702733  0.3108768673955496  -0.8824954465350836  0.35292684817561504  -2.7925973923629157  0.0  0.0  0.0  1.0
4215528472913;11.695730771155905;1.3896523455652392;0.0011014954508979087  0.5435104991755644  -0.8394016464087375  2.9069731434167907  0.7746235511435597  -0.5313201643561432  -0.34301200702351753  4.347571364226917  -0.632421647891272  -0.6498424580115468  -0.4216012796991935  15.076593844792527  0.0  0.0  0.0  1.0
4215528472944;6.966974866703557;0.2726684371601033;0.6884025688957918  -0.4734558591624721  -0.5494919949939211  7.4959318819818295  0.37358408050446806  0.880803196923467  -0.2908963098477387  -0.3339393307354222  0.6217208681806526  -0.005027694712880505  0.7832227552584073  -8.1907293584173  -0.0  0.0  -0.0  1.0
4215528472975;4.140007954611918;1.4191212673187035;-0.8177331931327319  0.5493477661434413  -0.17184137069447994  15.389278353714424  0.4269615094246151  0.37868885112722583  -0.8211568811754527  0.09107947816217042  -0.3860262870826293  -0.7448568895198272  -0.5442167948676766  12.178652691817973  0.0  0.0  0.0  1.0
4215528473006;2.4517018405060282;0.3408737055508733;0.08588438805631256  -0.9848612150252508  0.15057310193782344  8.750948808315153  0.9477257510309796  0.034141758660332554  -0.31725422163991046  -2.5927407990550027  0.30731054768907423  0.16994919080291354  0.9363105787207976  -1.8882551320617418  -0.0  0.0  -0.0  1.0
4215528473037;9.53731782294903;1.5171549804303104;-0.8334370174159531  -0.07659901487668144  0.5472799365230953  23.81290304453291  -0.08960544375230425  0.9959729963842705  0.0029419250994052533  2.8264735373903904  -0.5453013868043577  -0.04658735228857538  -0.8369444522523496  18.373422999118223  0.0  0.0  0.0  1.0
4215528473068;7.896574012257276;0.2783165825157544;0.39661503024305544  -0.9139550589424028  -0.08592245351995191  4.130304804402636  0.8209107115742033  0.3112257303830422  0.47879447403899505  -5.675925033734596  -0.4108553533885568  -0.2604317472604492  0.8737123002515382  -3.854043937959092  0.0  0.0  0.0  1.0
4215528473099;4.933808374600305;0.04376905388500045;0.397615421178913  0.6909252556230495  0.6037584516865503  2.9621548204204404  -0.8704014507304547  0.49224297815477175  0.0099078263831823  1.8539427324740967  -0.29035029086783265  -0.5294517367990628  0.797105743921985  5.579637204331409  0.0  -0.0  -0.0  1.0
