# registration_from_features.py TEASER TEASER_config.json euclidean True --use_random_keypoints=True --n_keypoints=5000 --input_txt=/SSD/point_clouds_registration_benchmark//tum/pioneer_slam3_global.txt --input_pcd_dir=/SSD/point_clouds_registration_benchmark//tum/pioneer_slam3/ --input_features_dir=/SSD/features/FCGF/voxel_01/3dmatch/tum/pioneer_slam3/ --output_dir=/root/neural_registration_comparison/results/FCGF/3dmatch_normalized_5cm_32/voxel_01/TEASER_mutual_on
id;initial_error;final_error;transformation
39885980090030;15.205318337116758;0.05568841290933386;0.6129673256020444  -0.6656324666329916  0.42568119186588077  13.737936711874895  -0.7890895933848628  -0.4883837996342551  0.372584054766866  11.792220127538195  -0.04010824548629334  -0.5642824502134434  -0.8246069639683652  0.419532581824094  0.0  0.0  0.0  1.0
39885980090061;13.318166755923231;5.355484425239834;-0.4097807839404047  -0.8146950393540241  -0.41030683879888447  -5.965149794427681  0.8059832799500534  -0.11273622482104592  -0.5811036878682256  -0.02623034921765387  0.42716584783212863  -0.5688255764863643  0.7028277185632438  6.208790189640201  0.0  0.0  0.0  1.0
39885980090092;16.131758473986306;13.128135030298473;-0.06471499981406786  -0.7454033381077665  -0.6634650196784031  -3.1819481771203675  -0.7780609083717774  0.45399788215976455  -0.4341740962541789  11.005211933365599  0.6248465344888693  0.48811861932551504  -0.6093496712110403  -5.112252143853616  0.0  0.0  0.0  1.0
39885980090123;12.985542941208589;0.08793373673513198;0.5095500233173266  -0.6646267068079544  0.5464705978686561  8.260412928532457  -0.3125067071965223  -0.7346854283896759  -0.6021435703128171  -4.022801878444204  0.801684683460087  0.13604654317362544  -0.582059280826281  -8.929652181349566  0.0  0.0  0.0  1.0
39885980090154;12.128119033469892;11.398670730209417;0.996554393275172  -0.01834114332914838  -0.0808884645999306  -11.203721880705338  -0.05090596342361417  -0.9052050717313207  -0.4219151111299627  9.88557961714192  -0.06548224287444826  0.4245790628060629  -0.9030197646202757  14.11519616917153  0.0  0.0  0.0  1.0
39885980090185;6.628057703543316;0.08846895840372421;-0.7105172940845049  -0.6897198774883836  -0.139469227445492  7.038071399315948  -0.20988123329245312  0.018537880758470043  0.9775511315980474  3.144778364857137  -0.6716509828165758  0.7238389583148961  -0.15793074338815097  5.881168185105567  0.0  0.0  0.0  1.0
39885980090216;5.823010286342225;3.013530531009683;-0.3174742520920246  0.049742505173504536  0.9469613415750796  7.997440864609826  0.9362126474527733  -0.14228007321823044  0.32134445617512214  1.758750704948861  0.15071820728790375  0.9885757755195499  -0.0013993026268641073  -3.2685295088027932  0.0  0.0  0.0  1.0
39885980090247;5.3740242030998315;4.92302060501191;-0.8908855094895529  -0.39828143105431446  0.21839164512148146  8.518620619667466  0.08887133681387176  -0.6243412649505714  -0.776079809280486  -2.93365410252966  0.445449093022374  -0.6719894988444738  0.5916123891267805  -6.061257290913862  0.0  0.0  0.0  1.0
39885980090278;4.39500473301532;7.240186475489777;0.8690566591812465  -0.0578731866086626  -0.49131580211152487  -0.26666385315652635  0.2376369513519413  -0.8222175496388003  0.5171914349814027  -2.4030354397830336  -0.43389999134004  -0.5662234500069087  -0.7008008291785818  1.6498683617312835  0.0  0.0  0.0  1.0
39885980090309;6.062761454151005;13.22582501894991;0.24706791151552004  0.7456578036431187  0.618831064964809  7.820379777948385  -0.31221782779162593  0.6658298735635101  -0.6776360435215054  3.207992591134489  -0.9173208136243491  -0.025787968832792746  0.3973128560153084  7.479647834995406  0.0  0.0  0.0  1.0
39885980090340;10.653667033347874;0.020926422802693277;-0.15825703756748344  0.816467479033059  0.555279718467878  8.546360155283837  -0.8699273048559242  -0.38132565269535124  0.312757463320338  4.437172982713393  0.4670986986991849  -0.43355691930571966  0.7706148216817927  5.282558930932584  0.0  0.0  0.0  1.0
39885980090371;7.825764243118106;13.663220358477792;0.8075260153770086  -0.1364489111618818  0.5738322308236691  4.895269654402376  0.3946389397262344  -0.5980508615458477  -0.6975638137518478  4.039895911618565  0.4383626828792405  0.7897574701432115  -0.4290935755891808  1.8576362921829237  0.0  0.0  0.0  1.0
39885980090402;6.3535513934385985;4.502608600806954;0.3849416396598849  0.864743257511911  -0.3225508217996787  0.6689303557797984  0.12380418530809945  0.29794261011064643  0.94652138104781  3.2271457054333585  0.9145996160922859  -0.40428863410704985  0.007631682363603842  6.469833201498569  0.0  0.0  0.0  1.0
39885980090433;6.8874917645610045;15.808926504112979;0.2318597200085145  0.16177878739665866  -0.9592021133139987  -8.110845569488758  0.6923017305988137  0.6652607411638051  0.27954688350270157  12.137055217130225  0.6833442646627408  -0.7288729451795093  0.04224743469001219  -3.4009608524613824  0.0  0.0  0.0  1.0
39885980090464;6.2677651862134764;11.356169623902382;-0.977877037982645  -0.06718996118771593  -0.19809595579386047  2.2964920434404017  -0.08608017783084838  0.9923643695408009  0.08833550277492834  4.394878954450599  0.1906481092770117  0.10343339490456206  -0.9761940540935589  0.8561398211058531  0.0  0.0  0.0  1.0
39885980090495;9.69087354585672;7.384737004736794;-0.07360714447368841  0.7685474422906371  0.6355445045242298  -4.299748049319811  0.9955013210496757  0.01850084779763783  0.09292383127658144  -9.376172668947914  0.05965826070863539  0.6395252517135566  -0.7664517886664053  -0.7313808041209682  0.0  0.0  0.0  1.0
39885980090526;2.92110847772627;0.11049371575860631;0.31132740931753783  -0.364912780986682  -0.8774473810321599  -0.13704184846091566  0.5129173037969491  0.8418171087722792  -0.1681064985179022  -1.2454133014931432  0.7999944272764024  -0.39772178422968874  0.4492508193379891  -0.882277576738808  0.0  0.0  0.0  1.0
39885980090557;4.738076726601074;9.707012725954902;0.670289013268971  0.6832554024711902  0.28961128031352756  -3.6521167663443386  0.6627001677169241  -0.7267423678678973  0.18075955978515176  -15.511894847301052  0.33397773338782566  0.0707642970691652  -0.9399208944700808  2.106495475847011  0.0  0.0  0.0  1.0
39885980090588;14.769319861057435;3.88850610247795;0.3093249981397076  0.39778338927422247  0.8637629424462385  14.24010440448272  -0.3514998576284873  0.8918093448929927  -0.2848226508701271  -1.7062601489382532  -0.8836095832510105  -0.21550978534406717  0.41567972864686453  -0.8237830843596484  0.0  0.0  0.0  1.0
39885980090619;2.836952107880147;16.697484618172748;-0.013410276291073865  -0.9935343581181856  -0.11273705570255727  0.6846919543912162  -0.5466547155514032  -0.08712145731889856  0.8328135887700473  0.046900416624852066  -0.8372507309374003  0.07279650344155136  -0.5419519191141153  17.805614963374232  0.0  0.0  0.0  1.0
39885980090650;12.55893498698289;6.31482297869212;-0.5168351122083557  0.8483770892934233  -0.11462016031482056  16.70936730403344  -0.735148022726687  -0.3712192869077994  0.5672333080036006  8.974676328045149  0.43867852861704937  0.37742887461041386  0.81554190152358  -0.5177951293268355  0.0  0.0  0.0  1.0
39885980090681;13.661467239296929;4.322413025021754;0.6171463365632195  -0.7729549336496636  0.14721097042421716  -2.6087527321808626  0.5606961904348782  0.5632633224333362  0.6069219155980218  -8.04359612157808  -0.5520418293013767  -0.29201900648417134  0.7810087826353722  -3.1173629339727396  0.0  0.0  0.0  1.0
39885980090712;11.512393687205597;7.2400998256771585;0.14969503186145064  0.557060814786024  -0.8168688059082257  2.0177049495297124  0.5915772719630813  0.6115197684641663  0.5254330633622627  -8.052660622265213  0.7922295934466966  -0.5618957389120014  -0.23800304590449722  11.70294833333955  0.0  0.0  0.0  1.0
39885980090743;17.098275178250592;7.142744819606602;-0.3683928661645049  -0.3117038223523876  0.8758581068243942  20.60964889009291  -0.9243450358519576  0.022115807790780106  -0.38091619254319375  -0.14514901303374003  0.09936272366910646  -0.9499219010932811  -0.29626918666709884  9.51722936312357  0.0  0.0  0.0  1.0
39885980090774;10.611953381784044;17.278338604146995;0.7325545832927098  -0.6140098268001768  -0.293863429316512  -5.737926264491506  -0.6507215934640459  -0.7583878947792889  -0.037539430627682946  0.19192673825735812  -0.19981288821409132  0.21872296094615726  -0.9551099811322717  7.482851121945193  0.0  0.0  0.0  1.0
39885980090805;5.343071835957388;0.09661072827953401;0.1799996748848595  -0.3609304237770015  -0.9150570180231928  -0.6380669568268822  0.6181084852742588  0.765156035637115  -0.18021692917163665  -6.10475448420645  0.7652071729102552  -0.533165518690254  0.36082199518106745  -0.5874582635698463  0.0  0.0  0.0  1.0
39885980090836;5.261479947974986;16.588887713231273;-0.5388342154009089  -0.028978850303560948  -0.8419132464502331  5.562275732063001  -0.11451568071151894  -0.9876112853583188  0.107285170942061  -0.08857203555148195  -0.8345920243954318  0.15422118942601093  0.5288402192983834  18.97804287255542  0.0  0.0  0.0  1.0
39885980090867;12.813048896623984;13.273645404760087;-0.003481336404268995  -0.9680967621076029  0.25055246854424684  2.237617210939654  -0.5431824301265342  0.21219897133968252  0.8123573377302712  2.696520225470613  -0.8396074844227349  -0.13326760956495076  -0.5265918878431102  15.249267638517377  0.0  0.0  0.0  1.0
39885980090898;9.513150698671726;9.705908205200718;0.8564228354178882  -0.06238758121677239  0.5124916747467282  1.8297951652313231  0.49397760236055466  0.38760251413833335  -0.7782996976742068  -3.7964504543118105  -0.15008682600715822  0.9197130426081631  0.3627697119599894  -1.2804327997791787  0.0  0.0  0.0  1.0
39885980090929;3.2910700942172166;12.798834385593885;0.1454113326855829  -0.6576163408293771  -0.7391862367501055  -1.4786431411244156  0.05878046768952555  0.7515497670448733  -0.6570523603739635  10.959693997699139  0.9876236129947499  0.0520931466603546  0.14793884927975925  -8.42516972460897  0.0  0.0  0.0  1.0
39885980090960;13.148595121958836;6.819560846035995;-0.987144219367197  0.09718478396841318  -0.12689132332409678  4.860457470083963  -0.15960878909473442  -0.5574385102790022  0.8147314537328483  7.908203264453374  0.008445390082182369  0.8245104153514009  0.5657837487622106  9.57157042859266  0.0  0.0  0.0  1.0
39885980090991;4.974292677219224;4.974292677219224;1.0000000000000004  2.8449465006019636e-16  -2.220446049250313e-16  -2.8849478497793265e-15  9.020562075079397e-17  1.0000000000000002  -1.3877787807814457e-17  -7.439673893775276e-16  0.0  -5.551115123125783e-17  1.0000000000000004  1.803647744293037e-15  0.0  0.0  0.0  1.0
39885980091022;13.287028172970416;0.030528351804067745;-0.5148734662890382  -0.7116694141438712  0.4779455603765237  15.628704534021168  0.6190522659195384  -0.6943302568553237  -0.36698744729909477  -3.368546615806833  0.5930258053165953  0.10692118306181997  0.7980527895078529  -0.5391329980292169  0.0  0.0  0.0  1.0
39885980091053;15.533441302838277;12.828327619975036;0.40461760594798857  0.8820964440645158  -0.24122698092389225  -1.7045331689416996  0.47967341379708045  0.019867828035841167  0.8772221414815028  10.352530146565682  0.7785871878300936  -0.47064969221053954  -0.41507933960744314  17.578092043518797  0.0  0.0  0.0  1.0
39885980091084;7.763469718260981;14.799041365907893;-0.7579845972221573  0.5885752220178401  -0.28113797039997207  0.20177868759925172  -0.4929378189421583  -0.23462159564567917  0.837833523746349  17.690315113295192  0.42716701304116705  0.7736484439868845  0.4679705418999803  6.959462237618386  0.0  0.0  0.0  1.0
39885980091115;3.6651649034345075;4.7256224098530915;-0.7295641293774895  -0.6330258501065094  0.2588715013720071  4.51173111730542  0.5295056888690286  -0.7623869058093053  -0.37200797209985864  -0.8801225096450388  0.43285090571812523  -0.1343297396239744  0.8914009280181141  -0.7987487335070668  0.0  0.0  0.0  1.0
39885980091146;8.080612412768405;3.0222049617396354;0.862763702333711  0.48224012357358714  0.15193175162276037  5.771212960818839  -0.28376402331216244  0.7105395240261789  -0.6439033808502221  -4.79821910532639  -0.41846956043316147  0.5124236996981925  0.749870108071054  -0.9423829520463838  0.0  0.0  0.0  1.0
39885980091177;3.8726541071914253;12.686657529488444;0.13878168138482294  -0.9664548711284541  -0.21611253314901996  1.5807624017987338  -0.7124074431276428  0.054155737582821106  -0.6996733459716726  12.090369110475136  0.6879064470466438  0.25106202054262494  -0.6809938193204976  -5.886773780188084  0.0  0.0  0.0  1.0
39885980091208;5.2059592602279805;7.0798497779211935;0.5447452052510016  -0.7492889564416154  -0.3765882647012254  3.679601564603734  0.7792692950017553  0.28638186375387786  0.5574269404866647  -6.5707986480804985  -0.30982580141671967  -0.5971193246475036  0.7399030239896293  -6.156902214408793  0.0  0.0  0.0  1.0
39885980091239;9.534104921615693;9.534104921615695;0.9999999999999998  2.220446049250313e-16  -1.6653345369377348e-16  -6.352500942292768e-16  1.6653345369377348e-16  1.0000000000000002  2.7755575615628914e-17  -3.2132638422278036e-16  -1.3877787807814457e-16  -5.551115123125783e-17  1.0  9.888794908070086e-17  0.0  0.0  0.0  1.0
39885980091270;6.793393155968177;7.770132661823586;-0.5577938543152937  -0.428689391649555  -0.7106978412625327  6.990422485377602  -0.22129733257740308  -0.7484681633326308  0.625158299210372  0.3258748138613  -0.7999334389073979  0.5059849938136644  0.3226231227813203  -9.274526531763591  0.0  0.0  0.0  1.0
39885980091301;9.237550092631151;6.7491432227634744;-0.5157309127682319  -0.6123504836273288  -0.5992065677348869  4.89644737184456  -0.7853540454247229  0.058377424109271436  0.6162881628665192  -9.132383269113697  -0.3424042186513903  0.7884281587790631  -0.5110189717554406  -1.4657443105169978  0.0  0.0  0.0  1.0
39885980091332;14.314334062580222;14.78452929614405;-0.890217682504382  -0.2814127774842208  0.3582168706595832  0.9620469104212491  0.3164308795501807  0.18367101151755832  0.9306645249472105  4.079006157175317  -0.32769494384812714  0.9418448960400722  -0.07445948952040511  6.908673044329586  0.0  0.0  0.0  1.0
39885980091363;4.939595963032118;2.4579305653253902;0.14172579783504222  0.9066950673856045  -0.3972629519683849  3.416365510516269  0.9434865474320958  -0.24517584782227522  -0.22298416638697072  3.628045176493019  -0.29957792482538603  -0.34320964208955895  -0.8902023413438497  -1.3750445927296522  0.0  0.0  0.0  1.0
39885980091394;15.273466798993145;7.883738457853456;-0.5521296523020595  -0.7253014183776363  0.41120639531529096  -7.75184688543086  0.5675474653325346  -0.688242516701721  -0.4518983434343353  4.585825887566712  0.610772233851066  -0.016127327846554546  0.7916420830483355  -4.605671418447189  0.0  0.0  0.0  1.0
39885980091425;8.06198539416402;8.06198539416402;1.0000000000000002  -2.7755575615628914e-16  1.1102230246251565e-16  1.2497600295577457e-15  -1.6653345369377348e-16  0.9999999999999998  1.3877787807814457e-16  2.3159596273036682e-15  2.7755575615628914e-16  1.1102230246251565e-16  1.0  -1.2350993921812852e-15  0.0  0.0  0.0  1.0
39885980091456;10.977064992754894;10.977064992754894;1.0  -7.43762690325056e-17  0.0  7.838621623527952e-17  -4.423544863740858e-17  0.9999999999999999  4.336808689942018e-17  9.132143214634844e-16  -1.3877787807814457e-17  0.0  0.9999999999999999  6.565963283890524e-16  0.0  0.0  0.0  1.0
39885980091487;2.767744523025431;14.00108692755451;-0.5862290030373721  0.13847314872236222  0.7982234919373923  4.821354189041733  0.27167505877431153  -0.8946317643233361  0.3547205501570069  7.524926799194549  0.7632353624130527  0.42480488856253706  0.48683938646702235  6.016595235858336  0.0  0.0  0.0  1.0
39885980091518;6.6339837111177165;2.3747171836756;-0.6413870659667297  -0.5583305276798356  -0.5262030534606824  10.78714608621814  -0.5893568520358182  0.7976674782119515  -0.12800427790279661  2.197704359569977  0.49120375870815597  0.22802108688395853  -0.8406695256563291  -3.705036663215997  0.0  0.0  0.0  1.0
39885980091549;8.72791924372333;2.566862433982484;0.06124410785206846  0.00786909551094652  0.9980917976765685  -1.9371122908498244  -0.42545979359298935  0.9047784132385799  0.01897332267392038  -2.9168327878258133  -0.9029026100799658  -0.4258099344464821  0.058760330474457834  3.3770927844719325  0.0  0.0  0.0  1.0
39885980091580;11.404884011730314;13.945299554187233;0.89339860093794  0.35718153977631156  -0.2725074081289439  -4.4743018914199455  0.4227335186004093  -0.4629800419372782  0.7790672968489138  11.60089348622986  0.152102965434106  -0.8112156485243489  -0.5646183308177047  15.422205643237294  0.0  0.0  0.0  1.0
39885980091611;5.185738995238877;2.4566469689970134;0.8402884059729541  0.3117500501797245  0.4435395145873374  -1.2212056358507348  0.456612149453108  0.034086095058124655  -0.889012645070643  4.149919219017916  -0.2922682667674408  0.9495525495393228  -0.11370671002244387  2.6443494853707565  0.0  0.0  0.0  1.0
39885980091642;11.452810801369598;15.665797423441036;-0.5003431518621925  -0.6436728119695537  0.5790872486213242  6.28451953116717  0.42910123319352667  -0.7652547329883482  -0.4798513575168113  8.034737976906008  0.7520165304409223  0.008396711864743583  0.6590907624701312  7.054320621257022  0.0  0.0  0.0  1.0
39885980091673;6.84357315400721;6.84357315400721;1.0  0.0  -1.3877787807814457e-17  -2.09330875540367e-17  9.71445146547012e-17  1.0000000000000004  -1.1102230246251565e-16  1.4968532050065955e-16  2.7755575615628914e-17  -6.245004513516506e-17  1.0000000000000004  2.250010061804071e-15  0.0  0.0  0.0  1.0
39885980091704;11.97004270038415;11.97004270038415;1.0000000000000002  6.245004513516506e-17  2.953366717850514e-16  7.705505599066322e-16  4.5102810375396984e-17  1.0000000000000004  -2.7755575615628914e-17  5.329070518200751e-15  2.220446049250313e-16  -1.3877787807814457e-17  1.0  -6.434359408574187e-16  0.0  0.0  0.0  1.0
39885980091735;9.206758517908435;13.454638759466642;0.7951361310787723  0.6064307497324826  -0.0005280454333910778  -5.039585330824116  0.08359875919657164  -0.1104748520024203  -0.9903567814357797  10.448903969399996  -0.6006411412098528  0.7874243156354404  -0.1385394046189867  8.571494082552253  0.0  0.0  0.0  1.0
39885980091766;2.598811728309922;2.598811728309922;1.0000000000000002  4.163336342344337e-17  -2.220446049250313e-16  -1.9005853225717856e-15  4.163336342344337e-17  0.9999999999999998  5.551115123125783e-17  6.407006188468875e-16  1.6653345369377348e-16  1.942890293094024e-16  1.0  -1.5157983918751516e-15  0.0  0.0  0.0  1.0
39885980091797;12.542227557622743;12.542227557622743;0.9999999999999998  -2.7755575615628914e-17  1.1102230246251565e-16  1.1435644140521162e-15  -8.326672684688674e-17  1.0000000000000002  -5.551115123125783e-17  -1.977147369301329e-15  0.0  6.938893903907228e-17  1.0  -7.278224715519314e-16  0.0  0.0  0.0  1.0
39885980091828;9.47715700246654;14.890906939308783;-0.9027219622289181  -0.43015454829398153  -0.007753933941765684  8.843313905924827  0.42807581580444193  -0.8998667211841084  0.08361208063864972  -5.900908319659504  -0.042943623891493234  0.07215918990234929  0.9964682114747578  17.373213549418633  0.0  0.0  0.0  1.0
39885980091859;14.228056617716064;4.960243131806612;0.40294812935975477  -0.6076658119785375  0.6843793290258977  -3.810280588051487  -0.8890108942317717  -0.08219650159906094  0.45044796043727514  -1.7538231800155113  -0.2174682390205521  -0.7899278423231704  -0.5733424534603733  2.4063253683467978  0.0  0.0  0.0  1.0
39885980091890;12.934736653014653;12.934736653014653;0.9999999999999998  1.1102230246251565e-16  -6.938893903907228e-17  5.925423422096653e-16  -1.1102230246251565e-16  1.0  8.326672684688674e-17  5.061696106549873e-16  -1.3877787807814457e-17  5.551115123125783e-17  1.0000000000000002  -1.7154086294088387e-15  0.0  0.0  0.0  1.0
39885980091921;11.389616762246979;17.51640183370725;-0.2760335951422459  -0.06554650073171414  -0.9589103767269784  -4.691194778529845  -0.3197390589527608  0.9471122485962655  0.02730059960749781  8.00989642952993  0.9064063043320314  0.3141369841339182  -0.282392575444888  11.003359356941866  0.0  0.0  0.0  1.0
39885980091952;7.751231368250753;4.794117014889242;0.2927013484223592  0.05486432049114605  -0.9546286330132664  12.180574680869167  -0.19930367815951666  0.9799260643933951  -0.004790844869049855  1.0082058622500878  0.9352026328576177  0.19166328458918902  0.2977603412757701  -5.587702258848001  0.0  0.0  0.0  1.0
39885980091983;14.851121124669065;5.005122076757473;0.7993814461943722  0.5977637770992072  0.06056211908678599  -7.432354891039825  0.16022580288138685  -0.11494263111140696  -0.980365178718727  2.772445248858163  -0.5790656228539286  0.7933893485176589  -0.18766018780635335  -6.870645890807341  0.0  0.0  0.0  1.0
39885980092014;8.09691717384987;4.996623337784154;0.46404477436382946  -0.5922652380975859  0.6586989715544064  -0.6344550111995981  -0.7948808401711799  0.049757176982889756  0.6047219801424886  2.7325598471256494  -0.3909308088580142  -0.8042052667571278  -0.44769073209718707  0.9220071793109986  0.0  0.0  0.0  1.0
39885980092045;7.770476372289854;7.020718749943284;0.2854691434097539  0.9044134527097155  0.3170862259994804  1.9722151510937813  -0.5683161154788541  -0.10665896513390904  0.8158680396017416  -7.0432178142883854  0.77170211937504  -0.41311036263237855  0.4835448968170557  5.921497139587318  0.0  0.0  0.0  1.0
39885980092076;16.718631862778135;6.426156607581859;0.34779155878189894  0.2648162336914321  0.8993961274174699  13.944435139898118  -0.6072743551557331  -0.6672382791522593  0.4312898519605123  17.61002843875598  0.714324078559757  -0.6961791732071687  -0.07124373363558159  2.941539135622069  0.0  0.0  0.0  1.0
39885980092107;10.262899426928634;14.858692852465158;-0.31502913255427073  -0.5693940213946473  0.7593069827429063  16.7842141239938  0.6490281812728462  -0.7129779055809647  -0.26537695089634766  -6.6448271732062345  0.6924731515053602  0.40921015939662747  0.5941615772589324  7.816014514407927  0.0  0.0  0.0  1.0
39885980092138;15.257229419744425;15.257229419744425;1.0  -1.563555057995658e-16  6.938893903907228e-18  1.649907254538019e-16  -4.512313916613109e-17  1.0000000000000002  -8.782037597132586e-18  -6.208471499308566e-17  3.469446951953614e-18  1.734723475976807e-18  0.9999999999999998  1.8326528874553534e-15  0.0  0.0  0.0  1.0
39885980092169;15.992191385092843;0.08955797809449584;0.09897339977778047  0.5846334345725931  -0.8052378613281177  -7.090959464645283  0.35126909971915243  -0.7776426121211326  -0.5214230407221353  1.8930833697847775  -0.9310286170246991  -0.23124816754576627  -0.2823295933617336  10.525417724970723  0.0  0.0  0.0  1.0
39885980092200;6.917432320039796;6.917432320039794;1.0  -3.131175874138137e-16  3.469446951953614e-17  3.1729614938666663e-15  -1.986258379993444e-16  1.0000000000000002  0.0  -3.3731610630193963e-15  6.938893903907228e-17  -2.7755575615628914e-17  1.0000000000000002  3.709594515652707e-16  0.0  0.0  0.0  1.0
39885980092231;11.63978213050849;2.4570887804197024;-0.6598786263703966  -0.2786056856749968  0.6978101965212904  -1.5605358141880443  -0.4215369461261237  -0.6315189077451342  -0.6507614556894508  8.573464183764548  0.6219861746937617  -0.7235763546924101  0.2992832394569797  -3.3505244695299705  0.0  0.0  0.0  1.0
39885980092262;5.191873642222159;5.191873642222158;1.0  9.71445146547012e-17  1.1102230246251565e-16  -7.310134191217876e-17  -6.938893903907228e-17  0.9999999999999999  -1.8041124150158794e-16  5.931977420358717e-16  -1.1102230246251565e-16  1.3877787807814457e-16  0.9999999999999999  5.726174159285603e-16  0.0  0.0  0.0  1.0
39885980092293;17.8683780302977;14.334833368972326;0.5614223863401799  0.627458673017153  -0.5395373182381835  13.166448810998508  0.5417074920355618  -0.7715393924302024  -0.3335865090212377  14.421443238489616  -0.6255860429937988  -0.10498847357680657  -0.7730585509697009  19.930459251450166  0.0  0.0  0.0  1.0
39885980092324;2.5378082800465176;2.5378082800465176;0.9999999999999996  5.551115123125783e-17  0.0  2.7666313877447404e-15  5.551115123125783e-17  0.9999999999999994  1.1102230246251565e-16  5.83417293437469e-16  1.734723475976807e-18  8.326672684688674e-17  0.9999999999999997  2.3007971627973713e-16  0.0  0.0  0.0  1.0
39885980092355;4.721106299632293;7.248261159978647;0.728885422479475  -0.571358515132836  -0.37719423124183377  5.9752374103620145  -0.2831101623463372  0.2500912302272793  -0.925906589532463  -3.586901332881929  0.6233575834728793  0.7816673357308764  0.02053045002540277  2.1866344413546948  0.0  0.0  0.0  1.0
39885980092386;4.150156398285817;0.037814720201653426;-0.06241602173391914  -0.9980444760478413  0.0033858619731878536  -0.842649647599735  0.9335192579148778  -0.05717998926365416  0.3539381922452908  2.292426709788691  -0.3530524540814963  0.02525218125625866  0.9352626860988492  4.630234609076505  0.0  0.0  0.0  1.0
39885980092417;6.211588953303198;11.623123698673218;-0.48611434883628557  0.8290777967914078  -0.27626589858862044  -2.3071442939188644  -0.4000531770764829  -0.4921830719642432  -0.7731191882128211  -8.371960792471196  -0.7769493518669576  -0.26530328030264644  0.5709324601861143  4.631418293808554  0.0  0.0  0.0  1.0
39885980092448;6.198581447326856;0.4470597366813688;0.4240847133347418  0.5665785488884004  -0.7064990473137989  2.93441884820536  -0.5878348982054007  0.7656632431003967  0.2611703096005161  -0.7691384238527121  0.6889138468398184  0.30454645968143873  0.6577607205723568  -6.972565351062704  0.0  0.0  0.0  1.0
39885980092479;13.852347125351322;13.852347125351322;0.9999999999999999  9.020562075079397e-17  2.7755575615628914e-17  -7.596042183094384e-16  9.020562075079397e-17  0.9999999999999999  0.0  6.028957079785868e-16  2.0816681711721685e-17  -6.938893903907228e-18  1.0  0.0  0.0  0.0  0.0  1.0
39885980092510;11.087356919905194;15.385146556883937;0.9447372595561394  -0.24699481828550318  0.21555757965440842  -10.18933063174903  0.3074371747955845  0.8957975431374753  -0.3209815341457698  6.167463224525971  -0.11381517455974316  0.36951362823172534  0.9222287051436646  0.8715255211618934  0.0  0.0  0.0  1.0
39885980092541;8.13198811043238;0.03437228144286603;-0.6782289764936611  0.7106742403496832  0.18694271728998244  6.339981310355386  0.4134054166678838  0.5793200808009922  -0.7024843097538801  3.4850921439369835  -0.6075371732774998  -0.3991620824729384  -0.6867082459107743  -1.7423924157075632  0.0  0.0  0.0  1.0
39885980092572;12.857597382515118;11.613234689842509;0.8656612348203805  -0.4925652411532829  0.08949921640363069  -5.033189407525546  -0.44494962257912496  -0.8389251774825154  -0.31340768968330096  -3.409086886869312  0.22945688025410987  0.23148224509352597  -0.9453917232081692  -2.8191130689423365  0.0  0.0  0.0  1.0
39885980092603;4.595426400726901;4.595426400726901;1.0000000000000002  2.220446049250313e-16  -4.163336342344337e-17  -1.1550805205696072e-15  0.0  1.0  -1.1102230246251565e-16  1.6664500536616038e-16  -5.551115123125783e-17  -8.326672684688674e-17  1.0000000000000002  -5.546303291514305e-17  0.0  0.0  0.0  1.0
39885980092634;14.955394496186754;3.323253104008618;0.1271218795622639  -0.8557209054803319  0.501579265580704  2.5711259564155804  0.46181978812930324  -0.39646446199417146  -0.7934345679814294  -13.855136282003425  0.8778169006283499  0.33250212375200416  0.34478953967840154  -1.7776951811679234  0.0  0.0  0.0  1.0
39885980092665;13.790322686089336;13.790322686089336;0.9999999999999994  -5.551115123125783e-17  0.0  2.9411354242339044e-15  -5.551115123125783e-17  1.0  0.0  0.0  9.020562075079397e-17  0.0  1.0  0.0  0.0  0.0  0.0  1.0
39885980092696;10.060575966549875;5.05863089443146;-0.9777382497190849  -0.12417071456220988  0.16914357416517548  5.445225349715472  -0.10641033092028443  0.9881820942584661  0.11033127417186506  1.2043014340603384  -0.18084456450138467  0.08987648319812008  -0.9793964780711856  -4.0171834255963805  0.0  0.0  0.0  1.0
39885980092727;5.0885328238275855;5.088532823827585;0.9999999999999996  1.6653345369377348e-16  -5.551115123125783e-17  1.4293138750544009e-15  -2.7755575615628914e-17  0.9999999999999993  0.0  5.52600808025228e-16  -2.7755575615628914e-17  5.551115123125783e-17  0.9999999999999993  2.6893427602013626e-15  0.0  0.0  0.0  1.0
39885980092758;7.042514947121556;0.05871087933740325;0.7581787555982822  0.6449203841167317  -0.0961388199957118  -0.21961871389998866  -0.5078844891591  0.6765635296191056  0.5332120929432661  0.0933349042659893  0.40892336718637207  -0.3554426656158002  0.840501154805211  -7.331251656560519  0.0  0.0  0.0  1.0
39885980092789;9.837958892178126;15.323391133646538;-0.8019100426617435  -0.2111181474638999  -0.5589001800765963  6.331705228451684  0.37124063025488874  -0.909040612462571  -0.18927640989205885  20.01952650892909  -0.4681032769872414  -0.35926910903260884  0.8073444304438607  7.393939180849197  0.0  0.0  0.0  1.0
39885980092820;8.268718839568454;17.155608485487218;0.5859611720994267  0.6425433028368196  0.4937485278675952  -4.901724552010719  0.32602825840934835  -0.7447554520438585  0.5822756146100527  6.860321554978541  0.7418592046409024  -0.18021492898896885  -0.6458850515835366  12.226975578220143  0.0  0.0  0.0  1.0
39885980092851;6.8936455006206945;6.8936455006206945;1.0  1.734723475976807e-17  7.19910242530375e-17  -1.6630803709827154e-16  -1.3877787807814457e-17  0.9999999999999998  -1.1102230246251565e-16  -1.0247888679970493e-16  -5.551115123125783e-17  -1.1102230246251565e-16  1.0000000000000002  -7.268496237161574e-16  0.0  0.0  0.0  1.0
39885980092882;8.701798953500287;7.395708315522782;-0.5822786955210504  0.6880787720044881  -0.43301169067254924  2.1253601364980423  0.8058810627991272  0.41822919871567743  -0.4190943210822492  -8.104618312055962  -0.10727177337982766  -0.5929856160636933  -0.7980356043294736  2.8522043045268792  0.0  0.0  0.0  1.0
39885980092913;12.068994851548805;7.1458571499356225;-0.9692482724083381  0.19928733633044854  -0.14436877782875376  4.3185899882862735  0.021649016785474318  -0.5153347681218694  -0.8567154701749014  -7.16255106157935  -0.24513079469066237  -0.8334954315070326  0.49517295882472273  13.186661390463938  0.0  0.0  0.0  1.0
39885980092944;3.372320270673433;3.372320270673433;1.0  1.734723475976807e-17  -1.3877787807814457e-17  4.9406418616038005e-18  -9.540979117872439e-17  1.0000000000000002  1.3877787807814457e-17  5.299510122066774e-16  -2.42861286636753e-17  1.3877787807814457e-17  1.0000000000000002  -2.337311630789803e-16  0.0  0.0  0.0  1.0
39885980092975;6.497637263498034;6.497637263498034;1.0  -6.895525817007808e-17  -1.0408340855860843e-17  2.286804058796043e-16  -1.2533377113932431e-16  1.0000000000000002  0.0  -6.23210694120441e-16  -2.7755575615628914e-17  3.469446951953614e-18  0.9999999999999998  4.843296354637997e-16  0.0  0.0  0.0  1.0
39885980093006;15.880192191604793;15.880192191604793;1.0  1.1102230246251565e-16  1.1102230246251565e-16  -1.480213948281798e-15  1.6653345369377348e-16  1.0000000000000002  1.6653345369377348e-16  -2.6988645236776007e-15  2.7755575615628914e-16  -1.3877787807814457e-17  0.9999999999999997  3.1786649992293565e-16  0.0  0.0  0.0  1.0
39885980093037;17.265572118183027;17.265572118183027;1.0  1.1102230246251565e-16  1.6653345369377348e-16  -2.5454237082384274e-15  8.326672684688674e-17  1.0000000000000004  -5.551115123125783e-17  1.1164465962139233e-15  5.551115123125783e-17  -1.3877787807814457e-17  0.9999999999999999  2.1571628755990574e-15  0.0  0.0  0.0  1.0
39885980093068;7.330304072587055;7.330304072587055;1.0  0.0  1.8735013540549517e-16  -1.5106490222827142e-15  -5.551115123125783e-17  0.9999999999999998  -9.71445146547012e-17  9.758861953110497e-16  5.551115123125783e-17  -5.551115123125783e-17  0.9999999999999994  4.487989495921755e-15  0.0  0.0  0.0  1.0
39885980093099;11.7148593534829;11.714859353482902;1.0000000000000004  -1.1102230246251565e-16  0.0  4.992536571527423e-16  -1.1102230246251565e-16  1.0000000000000002  1.3877787807814457e-17  1.8268985676552195e-15  -1.214306433183765e-17  4.163336342344337e-17  1.0000000000000002  -6.021862012817643e-16  0.0  0.0  0.0  1.0
