# registration_from_features.py TEASER TEASER_config.json euclidean True --use_random_keypoints=True --n_keypoints=5000 --input_txt=/benchmark/point_clouds_registration_benchmark//eth/plain_global.txt --input_pcd_dir=/benchmark/point_clouds_registration_benchmark//eth/plain/ --input_features_dir=/benchmark/experiments/3DSmoothNet/features//eth/plain/ --output_dir=/benchmark/experiments/3DSmoothNet/results/TEASER/
id;initial_error;final_error;transformation;status_code
4215528470030;7.9427285406441825;0.021861842752141196;0.5943015671470501  0.6798248414564344  0.4297020272529488  -0.5605883366581774  -0.5521973433230728  0.7333727361023027  -0.3965381746676642  5.38571149690111  -0.5847082531600701  -0.001617059230993383  0.8112420377457908  11.585107489697185  0.0  0.0  0.0  1.0;ok
4215528470061;8.5731783167614;0.023210540110611667;0.6138410633474891  0.7820043161519377  0.10802036135916099  -0.6559887763152042  -0.783995611072075  0.6199090808209634  -0.03261308534057958  12.40891673590855  -0.09246637641947054  -0.06466823822749812  0.9936136010524439  7.245614776553006  0.0  0.0  0.0  1.0;ok
4215528470092;7.21989676751356;0.013223466904052692;0.7636979397130957  0.256340109595197  -0.5924991182193401  -1.3172919908481344  0.2905539427993283  0.6830957888287869  0.6700436923127793  -3.5195456913637444  0.5764927260614287  -0.6838639422407794  0.4471982170147397  6.471597617855942  0.0  0.0  0.0  1.0;ok
4215528470123;3.699125908164359;0.011072781714368284;0.865003051017298  -0.40305635856199795  0.29885664381691096  -1.4691015541715082  0.28699110745995454  -0.0911476355582958  -0.9535870242253932  2.545054917407761  0.4115893900110578  0.910624884546251  0.036830607861545676  -4.2603317035445745  0.0  0.0  0.0  1.0;ok
4215528470154;6.304867582126328;0.01604202818923212;-0.7596334747235719  0.2859687150725032  -0.5841051943607201  4.07402006852016  -0.6143708726701674  -0.6101376017615261  0.5002804590738983  -3.697690419005083  -0.21331998240645508  0.7388870014531821  0.639171795521075  -0.05734498655118539  0.0  0.0  0.0  1.0;ok
4215528470185;10.45878331764484;0.033524031290291495;0.76327907916106  0.5968306883376824  0.24738265253128447  4.829650382314789  0.2697985454585908  -0.6423720718986697  0.7173331625632814  6.616048566741835  0.5870381522383995  -0.48078191594836306  -0.6513332151161548  -5.018386699111812  0.0  0.0  0.0  1.0;ok
4215528470216;5.914600834043442;0.01145858675006356;0.8296310096509958  0.4138942458793893  0.3747051388137095  -5.980169154781593  0.09953065823908905  -0.7700306279407024  0.6301955887688684  0.02033050622530055  0.5493687613033372  -0.48553515347622245  -0.6800364540543826  -1.7830121069526506  0.0  0.0  0.0  1.0;ok
4215528470247;6.661053221913973;3.734345722321582;0.00038879910174544757  0.9813697454779846  0.19212826834105703  12.266185531930342  -0.8302672081526726  0.10740246246314954  -0.5469196230921122  20.097537802696746  -0.5573654204394319  -0.1593051591045517  0.8148408767244367  7.528929175484142  0.0  0.0  0.0  1.0;ok
4215528470278;5.936222330533173;2.4288692495236504;-0.8527979878265437  0.37729220997118185  0.36109026607492745  21.112426028751234  -0.4815566962656062  -0.30055312241897814  -0.8232684670786063  13.15399515071108  -0.20208597239975534  -0.8759671277503885  0.43799868819436055  4.358163076311082  0.0  0.0  0.0  1.0;ok
4215528470309;13.3828056546087;3.2363699158197305;0.8255409692846509  0.2529354972168928  0.5044856214801392  -2.296276576760174  0.4843137684206186  -0.776417418382059  -0.4032569480506918  -1.4760770043131044  0.2896934271791097  0.5772344642176023  -0.7634645319650678  -11.390763636098002  0.0  0.0  0.0  1.0;ok
4215528470340;6.643852363898183;0.015869175856782977;-0.9906159730184305  0.13189099100743445  -0.0358435557921442  24.212841999435103  0.1205294150191984  0.9666687436705363  0.22588536943670656  0.06676510099293437  0.06444109027536452  0.2194454522233355  -0.9734942420901207  2.1470042422678235  0.0  0.0  0.0  1.0;ok
4215528470371;8.616592423121881;0.017499057185207858;0.19503617732955258  0.8416374549401625  -0.5035943645182314  2.4748530383473053  0.40824426614675724  -0.5365248289029756  -0.7385646397769988  4.224182319523977  -0.8917945439903582  -0.06154268772550406  -0.4482354168252997  11.721914525226607  0.0  0.0  0.0  1.0;ok
4215528470402;8.051064745866395;0.040269332634540904;-0.8638561255589179  0.2430411067950528  0.4412296621286583  18.163484053009434  -0.4202832937003094  0.13512275467342894  -0.8972757626314686  3.9466778852811144  -0.2776950618407779  -0.9605586195424516  -0.014580502458643025  10.531221320218858  0.0  0.0  0.0  1.0;ok
4215528470433;3.035557231842426;0.014984190863347815;0.8663013830466854  0.2633160177685371  -0.42448390843225076  1.0801634353554384  -0.012107928987494992  -0.8384620932902597  -0.5448253997116419  11.470147078047527  -0.4993749210633566  0.4771226183087909  -0.7231726594051595  2.6882341232817404  0.0  0.0  0.0  1.0;ok
4215528470464;11.371431429449434;2.250950659436537;0.8295005063656078  -0.06360847356577942  0.554871942009894  -7.74218512323985  0.20215762003478477  -0.8919323100190071  -0.4044614332739629  5.430203144227681  0.5206353873884018  0.44767255492691116  -0.7269993651745101  -4.577616077473393  0.0  0.0  0.0  1.0;ok
4215528470495;6.926527848736154;0.04325091628864331;-0.7920433215589244  0.5613863132026926  -0.23981823142245773  11.090142821678388  -0.5979188848239684  -0.792632402599028  0.11927649190412785  14.168236206775513  -0.1231275109176231  0.23786399832421345  0.963462679275357  2.234715223792777  0.0  0.0  0.0  1.0;ok
4215528470526;13.514784535064075;0.025426196071994527;-0.9833797775579133  0.16997712578936935  0.0638121446006539  22.29364225759578  -0.18080732919289447  -0.9488022512001516  -0.2590038567814342  15.423939618712572  0.016520375306940047  -0.2662368585036833  0.9637660568695119  -7.699293848930232  0.0  0.0  0.0  1.0;ok
4215528470557;10.446360986706342;0.02178492732839272;0.004517802143282651  0.046680585265788735  -0.998899650827368  -1.3418522286469319  -0.9825390754826665  -0.18559340111456107  -0.013116958961510945  14.155715430944143  -0.18600149089042925  0.9815171992491899  0.04502702482470339  -2.9211755841153266  0.0  0.0  0.0  1.0;ok
4215528470588;3.580277951137834;0.018895678658176207;0.5375344885789644  -0.5420777981866796  0.6459166620402615  5.433124536332308  0.6986937260284335  0.7151752563451735  0.018746464203157082  -2.357152276816108  -0.47210565639129554  0.4412210482566507  0.7631777222761729  3.485820665764469  0.0  0.0  0.0  1.0;ok
4215528470619;3.9070449392142814;0.061297505173707745;0.8473435422140824  -0.00782216327062761  0.530987509485732  3.131031754816426  0.48457526804280227  0.42043560676535713  -0.7670858557978327  -2.0725785532130523  -0.21724578492881935  0.9072886609704843  0.36004382317302336  0.8354870615165484  0.0  0.0  0.0  1.0;ok
4215528470650;5.1845358049870764;0.01199879851023149;0.7651672487118328  0.5922938702669622  -0.25240256088825186  3.3194438359685763  -0.5584605366668568  0.4155000603811519  -0.7179704233525394  14.437140974871571  -0.3203762014952588  0.6903243231028747  0.6486997906952239  1.3052075935499916  0.0  0.0  0.0  1.0;ok
4215528470681;3.380804448922173;0.01220081163243741;0.4982843661909906  0.49825806781854404  -0.7095432250845427  0.0006871718724572172  -0.5514563282285236  -0.44937019992235266  -0.7028245453016421  4.394932546352947  -0.6690355808672346  0.7414885847236465  0.05085341933602481  -0.41446180084146694  0.0  0.0  0.0  1.0;ok
4215528470712;10.187008660188404;0.013310859451948294;0.12783464910071013  -0.8632293852671518  0.48835778984326017  13.055388619881109  -0.417569247746419  -0.49347371144577035  -0.7629676398435425  18.515733380781022  0.8996078177882784  -0.10638949442135756  -0.4235410837817034  -8.081515291416022  0.0  0.0  0.0  1.0;ok
4215528470743;11.416465271917176;0.035704574328685824;-0.4647025168065386  -0.48029072408259843  0.7438900397463887  20.27164565759184  -0.8846064053391547  0.28884435864636654  -0.36611534263276907  10.750046809076938  -0.03902663842312445  -0.8281846151905891  -0.5590949513767836  10.200325080041411  0.0  0.0  0.0  1.0;ok
4215528470774;8.6384432610346;0.017563359513917104;-0.24671587373684442  -0.969056313306187  -0.007819161571841815  19.411586114490085  0.9681969703483752  -0.24613514941008985  -0.04485660300446717  -3.666215920320078  0.04154400383320124  -0.01863732454763545  0.9989628350840758  -5.77107542487411  0.0  0.0  0.0  1.0;ok
4215528470805;4.364926864890053;0.03834048530031514;-0.9757031054512706  -0.17296175551782617  0.13449044999902182  35.495058854134044  0.14701623948840928  -0.9719759529761745  -0.1834365616848046  -0.6666284947653445  0.16244899303915172  -0.15920734268320721  0.9737881426143563  -4.384327014706726  0.0  0.0  0.0  1.0;ok
4215528470836;7.998596834151955;0.029132978124587507;0.5969679435835262  -0.47847001913115095  -0.6439687221645887  3.4903860267968274  0.8002403251761098  0.41212474914525027  0.43562439452353935  2.0881279761925486  0.05696223569779461  -0.7753835386017695  0.6289162676936478  8.07267311356739  0.0  0.0  0.0  1.0;ok
4215528470867;4.496746515697113;0.13034174336363863;0.679694613950403  0.6068680430455732  -0.4119786524771022  4.643659060708028  -0.706132693208576  0.6933559694002872  -0.14364581190898415  13.297503295287903  0.1984738051955875  0.38854688008916516  0.8997996836097247  -1.235700764119978  0.0  0.0  0.0  1.0;ok
4215528470898;3.0735426127890535;0.03195120850114854;-0.8088644970603519  0.22545799714940534  0.5430533278755257  6.482630216320221  0.5096137553898906  0.7295110689234394  0.4561879225007968  -2.870087054296354  -0.29331219837012795  0.645741660294238  -0.7049721004747093  1.9155230137983228  0.0  0.0  0.0  1.0;ok
4215528470929;7.751781789465057;0.03160252479408087;0.5853178940621327  0.8074793864222404  -0.07334850641854429  -0.5042193656444244  0.5848046004027959  -0.4830990546746284  -0.6516278713500565  -4.9256068216119715  -0.5616106678459689  0.338514909384567  -0.7549841812157141  -2.533651221061203  0.0  0.0  0.0  1.0;ok
4215528470960;7.051327912203398;0.0154965197828857;-0.5107590605423414  0.002044024434880016  -0.8597214688711771  19.65721686363839  -0.17622506488843628  0.9785147577565768  0.10702147147957591  0.11320019363515249  0.84146889935337  0.20616665786857213  -0.4994250700598959  -4.044009965513222  0.0  0.0  0.0  1.0;ok
4215528470991;7.811575106800094;0.026291914103450154;-0.9157024710482156  0.10624321963739357  -0.3875582056895126  17.01652870358844  -0.30005545744898054  -0.8222883411009153  0.4835375957922912  9.348912231977799  -0.2673120030437789  0.5590655260079861  0.7848503237293956  -1.7623874186885449  0.0  0.0  0.0  1.0;ok
4215528471022;6.397326685010671;0.07795372679670487;-0.31777911998446995  -0.546899330297991  -0.7745434483755611  27.242841946481807  0.9367139301475461  -0.0545084147482682  -0.3458263231582709  -12.023359316128792  0.14691304901006585  -0.8354220222386048  0.5296098571489447  4.687923857029366  0.0  0.0  0.0  1.0;ok
4215528471053;4.989390319330123;0.01965181778437089;-0.12377777737431148  0.07302324179513679  0.989619456147667  11.278540564617057  -0.5295976394152411  -0.8482411362781035  -0.0036489795062640044  12.543959168033739  0.8391694716528241  -0.5245517904681689  0.14366633900311684  -9.619237590381195  0.0  0.0  0.0  1.0;ok
4215528471084;7.283065117516562;0.007438666358334943;0.6513342476302957  0.31140791629758036  -0.6919456680484937  3.062384477862792  -0.5461998180431287  0.8254162709515899  -0.14266652872354282  1.3627159294378073  0.5267157265864866  0.47086419413199265  0.7077128330409855  5.550433455216305  0.0  0.0  0.0  1.0;ok
4215528471115;13.751336068378958;0.10260732464898126;-0.1745706003728817  -0.9560978254818094  -0.23537640832166826  14.85296399152402  0.8698094550966327  -0.2617741284726231  0.4182174284829589  -6.351822146862596  -0.46147222810257205  -0.13172415788819994  0.8773209953709605  12.779649295786422  0.0  0.0  0.0  1.0;ok
4215528471146;11.525962444638278;0.058670553593783654;-0.6865148857924761  -0.7193506139548939  -0.10598115770296967  28.85306862925867  0.3665297080040134  -0.4682497877095392  0.8039888739655949  -8.026306288715869  -0.6279755446956806  0.513105087202115  0.5851238200171603  6.966137138344004  0.0  0.0  0.0  1.0;ok
4215528471177;6.697705102568167;2.4963499662091193;-0.4163530221255407  0.02688648791299588  -0.908805412469927  21.94285629844844  0.06135664689543832  0.9981148970667223  0.001419202323910667  1.0240974924471467  0.9071303780872286  -0.0551703636130125  -0.41721781856738865  -14.853263742125858  0.0  0.0  0.0  1.0;ok
4215528471208;6.121585792418238;0.038188804573784214;-0.003990164124936787  0.7080631002544119  -0.7061378935083196  14.98725933841455  -0.9964105153721797  -0.0625262014484905  -0.05706626839185131  18.312818283407037  -0.08455863909739857  0.7033755186175685  0.7057710084464098  3.3609495106598284  0.0  0.0  0.0  1.0;ok
4215528471239;7.5967337800512365;0.01871027658445779;-0.5518944913665033  -0.05794634266609623  -0.8318982460439093  7.807974395453614  -0.1317166983832343  0.9911176178386607  0.01834608887034587  -4.788218111534631  0.8234459191509355  0.11969999574537149  -0.5546248545208096  -8.428825220092632  0.0  0.0  0.0  1.0;ok
4215528471270;4.659737430181631;0.044210490907246464;-0.7666574492348001  -0.3131716539806493  0.5604996616197147  29.556204455313463  0.6396064805130789  -0.4487088047813447  0.6241505896795817  -13.509946603399193  0.05603486074277786  0.8370089149195014  0.5443125671218845  0.515334649093952  0.0  0.0  0.0  1.0;ok
4215528471301;12.269791784026703;2.3397821377013885;-0.6802529246583991  -0.7210808681705261  0.13152315405332723  21.31155772446442  0.6884557632927457  -0.6901478531234185  -0.22299014062989442  -10.50604315819373  0.2515643466047963  -0.061141821919020456  0.9659073750260558  -1.5251842823209891  0.0  0.0  0.0  1.0;ok
4215528471332;10.27674754914434;2.1512527575812155;0.34073705328508574  -0.8855383685643474  -0.31578482914635225  15.408912526724484  0.8595629479053648  0.15736305385463567  0.48619791018656466  -10.235297707628858  -0.38085403911057086  -0.43710258187516704  0.8147953938328482  12.440996563456162  0.0  0.0  0.0  1.0;ok
4215528471363;7.251183878607266;2.4841780516966883;0.39555168921796063  -0.7993607728009196  -0.45228444154529  8.88056075633834  0.5245301248891412  0.6008498212713318  -0.6031978451237966  -7.685640794668245  0.7539277214962986  0.0013591119621851125  0.6569559677589313  -8.512887870817577  0.0  0.0  0.0  1.0;ok
4215528471394;7.752494131188369;0.10079145541946329;-0.6717419123595114  0.02393571694976565  0.7403984634193183  18.591789963105523  0.7399879949687619  0.0680397039639622  0.6691699081598093  -6.7287921694560975  -0.03435943075340914  0.9973954482243226  -0.06341726405092399  -3.282537451244287  0.0  0.0  0.0  1.0;ok
4215528471425;6.845520635125362;0.031602551388043215;0.505381966783882  0.8626832908700584  -0.019146992016019847  2.921159175237031  -0.6652064044659848  0.3753695129932196  -0.6454441634817611  9.610394744338985  -0.5496266979569792  0.3389325425049053  0.7635674328597757  -0.9720491515294409  0.0  0.0  0.0  1.0;ok
4215528471456;8.696136189115853;0.05467847967972103;-0.3585820342784441  -0.9238033965640511  -0.134187216937585  23.40606743986196  0.7875071858822416  -0.37654724468855705  0.48789814992607616  -13.020058491653606  -0.5012497948892994  0.06927811352929444  0.8625248901389785  6.435257550217337  0.0  0.0  0.0  1.0;ok
4215528471487;4.397592397978111;0.055544778487256745;-0.16506830028367409  0.9796015021718808  0.11460084285926381  19.301135697612406  -0.9556529081238769  -0.13012635666655703  -0.264186771991075  18.20899638417994  -0.2438851685442046  -0.1531274901619  0.9576387608701312  3.341285625871747  0.0  0.0  0.0  1.0;ok
4215528471518;4.316883413942118;2.703706507511928;-0.08563748259738342  0.0574450167651068  0.9946689356882719  12.351792869166012  -0.892055354404412  0.44021246625480914  -0.10222636270687133  18.04001812263717  -0.4437380604059124  -0.8960541582977645  0.013545447371117264  10.729090267106415  0.0  0.0  0.0  1.0;ok
4215528471549;1.9026528424683027;0.008406229730486322;0.6272053832466118  -0.7612941758713977  0.16445237915810335  2.0069655722423567  0.6341612970112973  0.6217532143976517  0.4596328858547197  -0.15856548057304465  -0.4521646343970528  -0.1839948862617591  0.8727502650988439  0.36209845343378455  0.0  0.0  0.0  1.0;ok
4215528471580;8.32112714146523;2.7037065925212334;-0.48448213897508613  0.8365145391117551  0.255969691308899  17.359008500433927  -0.8741497171405397  -0.4742232815564668  -0.1047594924239808  19.2737811233193  0.03375394846887442  -0.27450993622174  0.9609916575487515  -2.388471149273828  0.0  0.0  0.0  1.0;ok
4215528471611;14.49435390175508;0.21212470064912248;0.2538175278714727  -0.03185970347234557  0.9667272737643576  18.788777234549933  -0.7849074487777904  0.5772764026014519  0.22510497962654208  13.749082557403552  -0.565240620796448  -0.8159270275546586  0.12151595083554183  18.251270751100755  0.0  0.0  0.0  1.0;ok
4215528471642;10.551955767567739;0.038865662736611385;0.6750722018046669  0.3964639962886832  0.6221686443380168  0.21274812776461455  -0.3596619850428258  0.9131856881435688  -0.19166417371227615  -0.9066600142267841  -0.6441434458765009  -0.09438325389899667  0.7590593010547888  12.948073192715253  0.0  0.0  0.0  1.0;ok
4215528471673;5.301269378770812;0.025927398606223315;-0.9141293130351278  -0.1703033699183743  0.36791896015885317  30.417770156492722  0.2883628610979103  -0.911020357539174  0.29476900869769784  -3.66001738504299  0.2849815071006429  0.37555115542844686  0.8818995806025793  -7.065455439691478  0.0  0.0  0.0  1.0;ok
4215528471704;14.231622672185328;0.05506533532812716;0.06707559748759787  -0.9274782726381978  0.36781098135556745  8.86225099566359  -0.31668839322196846  -0.36936960326301116  -0.8736558577516739  6.0629059369970095  0.9461550220868511  -0.05788048003765671  -0.31849729074270156  -13.057927603221048  0.0  0.0  0.0  1.0;ok
4215528471735;9.260585039119485;0.01769736390268789;0.7946313405913819  -0.1784889531377761  -0.5802609121401544  8.223588192768764  0.5894940430616875  0.45531972188467906  0.6672186478641348  -5.292401681885126  0.14511307916493335  -0.8722531997480087  0.4670294956259534  -2.7594066001275013  0.0  0.0  0.0  1.0;ok
4215528471766;10.023762998931376;0.030100486556108984;0.24553171243406474  -0.9425146646582077  0.2266721974425238  -0.42335728678586104  0.9633291382668328  0.26333645092593916  0.051486745671208846  2.6417853008006045  -0.10821806482873986  0.20571830379904682  0.9726092894511996  -2.469697709967797  0.0  0.0  0.0  1.0;ok
4215528471797;16.49642327605817;2.820389271766669;-0.4399377689117697  0.894668911043339  -0.07760347348836083  24.11440832943269  -0.8951033232755158  -0.4438334217888192  -0.04244919745241259  10.97267809809193  -0.07242099244045042  0.05078812179784594  0.9960802008564306  -4.973648835173663  0.0  0.0  0.0  1.0;ok
4215528471828;6.120378490255965;0.011121012050256014;0.992760732365203  0.1181188112117885  0.021773256798657607  -1.7064137315524572  -0.042743196846296794  0.5168528479641117  -0.8550065220071404  1.5496727249399833  -0.11224592374364953  0.8478862423635036  0.5181599874687686  1.2582509396743164  0.0  0.0  0.0  1.0;ok
4215528471859;3.3560635566366703;0.009797980073283249;-0.4571617229791462  -0.7986919498905415  0.39127270314038437  5.478490519498779  -0.8219513920319985  0.21138120407617764  -0.528879849965912  2.6988887348454766  0.3397043835151357  -0.5633907664697301  -0.7531213554781535  2.155307665263574  0.0  0.0  0.0  1.0;ok
4215528471890;6.397138347400414;0.030984289198806903;0.6140004886215795  0.5379518967009504  -0.5775908212639046  3.7134791943779395  -0.7635214469976122  0.5903126949296553  -0.26185095413146836  6.822527740661802  0.20009597683895136  0.6017795934067042  0.7731900937105496  -6.740325912935174  0.0  0.0  0.0  1.0;ok
4215528471921;4.826841366204702;0.03451526541694976;0.43328834183973275  0.0702902057415091  0.8985101556479986  -0.5161162636359227  -0.6539914820698991  -0.6614518271924607  0.36711935618238833  6.444359562649158  0.6201260792821015  -0.7466865254446277  -0.2406301695831949  -2.4771153049892383  0.0  0.0  0.0  1.0;ok
4215528471952;10.627445185868936;0.07054413854261575;0.6118370322087491  -0.5680942817554923  0.5503856221366079  4.850081230805512  0.7813404763832035  0.542393667125884  -0.3087331693015911  -4.808390274583413  -0.12313612785555182  0.6189329502445698  0.7757315883205312  -4.779315398815316  0.0  0.0  0.0  1.0;ok
4215528471983;2.5890048286559675;0.03461484548239557;0.5140679414171099  -0.7438424428000423  -0.4271212613490936  6.49984338412104  0.12593817769204216  -0.4271049341172486  0.8953887148341263  4.18655229225603  -0.8484537270863879  -0.5140815067107223  -0.12588279251450987  8.08572929450085  0.0  0.0  0.0  1.0;ok
4215528472014;9.471090222260203;0.03131188286628736;0.48210504186055836  0.8686525841352077  0.11409389417429416  -1.289580499977872  -0.8485943416153171  0.4953683077926565  -0.18573605738549218  6.884814422073674  -0.2178586055015876  -0.007275143288315062  0.9759532264914327  -7.668101486892384  0.0  0.0  0.0  1.0;ok
4215528472045;3.9958979372442767;0.01416042817710264;-0.682778431261599  0.7220243021599613  0.11177889288399134  7.087220000235622  -0.6514951877533594  -0.6709119902416087  0.3541625639226402  8.282029336831616  0.3307077775592293  0.16899114900036755  0.9284795945099557  -0.02093506442174428  0.0  0.0  0.0  1.0;ok
4215528472076;8.69484171943448;0.026606125157882993;-0.03444728988001434  0.5197273640798789  0.853637423761695  3.9689140033356223  -0.9878945511765573  0.11156189126181117  -0.10778821908611558  3.750582599939505  -0.15125389243120602  -0.8470167716430821  0.5095928262640085  -5.984441687169538  0.0  0.0  0.0  1.0;ok
4215528472107;10.315265354533507;0.03510402407044024;-0.4854278446747796  0.11162918043763286  -0.8671209452488281  21.189994643126884  0.5949216691105724  -0.6845996903627601  -0.42117866942415827  5.474201271371578  -0.6406465603100431  -0.7203208937897305  0.2659131338104141  17.725398529443684  0.0  0.0  0.0  1.0;ok
4215528472138;6.670306263270432;0.03202216976628119;0.37548880340794455  -0.8874460375687918  0.2672970050687435  6.7034454925327625  0.2307718666335548  -0.18979625522203214  -0.9543174142150805  -3.489602200085633  0.8976371784221813  0.42002013274025735  0.13353120986167244  -3.4624994534455458  0.0  0.0  0.0  1.0;ok
4215528472169;13.267182160692693;0.03469316004721488;0.5690185590872814  0.5964333691211867  0.5661140482385018  3.692019669917532  0.6584315094752015  -0.7428747784480352  0.12085119310950262  -2.719364183480538  0.492631532430113  0.3039807555496459  -0.8154200595466274  3.702899550856964  0.0  0.0  0.0  1.0;ok
4215528472200;8.200847505154186;0.031900490880717426;-0.019674539663303008  -0.9554567145403269  0.29447475125864425  12.142825519533437  0.2548046104956866  0.2800144776587537  0.9255628032562873  -1.2215420698774297  -0.9667923887573685  0.09324354637881688  0.23794562004694036  -1.0251976392790574  0.0  0.0  0.0  1.0;ok
4215528472231;10.278644612899345;0.01939552382738133;0.661932280063582  -0.617369727289605  -0.4250885512880664  3.0856830971531246  -0.5997071493062262  -0.09598333137107098  -0.794442279319216  16.1911107018286  0.44966319805030575  0.7807956326243572  -0.43377550460336295  -0.013156774003805353  0.0  0.0  0.0  1.0;ok
4215528472262;4.061839555975304;0.041089847347753915;-0.47823930685956956  0.8708993092941562  0.11323232067497929  19.075091633114173  -0.8292623879164518  -0.40535431608139494  -0.3847229788059065  17.841221098338202  -0.2891557666061386  -0.2778889553493399  0.9160604080153607  3.7938574925952193  0.0  0.0  0.0  1.0;ok
4215528472293;4.76530520571006;0.03510415147353981;0.9100862416166094  0.24528413325072732  0.3340340204164741  -2.723971979559608  -0.16299075200618032  -0.5292186569432835  0.832683389952992  5.993114989293948  0.3810210592350691  -0.8122581530022255  -0.44165557315718246  2.88568040776361  0.0  0.0  0.0  1.0;ok
4215528472324;7.620481991712362;0.023048047382991342;0.22700057108404056  0.9293028088468415  -0.2913194641572903  3.3639149222655518  -0.9492649191387595  0.277976044570346  0.14705588032278605  8.263976708265963  0.21763927499420635  0.24315757877227823  0.94525527656057  -8.873578275212056  0.0  0.0  0.0  1.0;ok
4215528472355;4.274579483987271;0.03463166554964914;0.24778759010097723  0.34475543100684136  0.9053977043174098  3.4558567617483513  0.9680373571207939  -0.05068344335006916  -0.24563156105999023  -2.9095833577654444  -0.038794141446066174  0.9373232533984565  -0.34629486457063624  0.9674376190073402  0.0  0.0  0.0  1.0;ok
4215528472386;6.98607721477994;0.031602547460991254;0.49818070179467466  -0.8418035257187494  0.20780474596805532  5.571562936995899  0.8572824024895  0.4422861921366197  -0.2635333121772656  -5.739856790258042  0.1299341015330333  0.30943456227896016  0.9420017945450172  4.345431361019557  0.0  0.0  0.0  1.0;ok
4215528472417;3.9350110134314358;0.011090049026374274;-0.656071212354326  -0.5525909702781366  -0.5140172992098545  1.3705195422998726  0.4328036183098627  -0.8334473914109991  0.3435789192137553  2.068446280338239  -0.6182649855020225  0.0029436910960690273  0.7859642118982997  3.825131667919288  0.0  0.0  0.0  1.0;ok
4215528472448;8.44720383204338;0.0302645421875389;0.4790687734676711  -0.6679825525606247  -0.5694667854781119  6.909809740123984  0.8426276825376261  0.5317198434961646  0.08516217854002653  -4.074816419901284  0.2459099406478951  -0.520647018148578  0.8175909634918564  -7.164629868046883  0.0  0.0  0.0  1.0;ok
4215528472479;4.6646235313045;0.03160254892350943;-0.8572083854927705  0.4529474757274097  0.24501503642234906  6.7121987696518985  0.5142858098728167  0.7774783208204287  0.3619911137275437  2.2585797458951435  -0.026530917894759535  0.4363095745986031  -0.8994053955304291  -0.6762960503615053  0.0  0.0  0.0  1.0;ok
4215528472510;4.403148072732226;0.027644452616407595;-0.9981944059499773  0.05818226787418202  0.01492486633739755  9.346889910217733  -0.05773272468913193  -0.9979118176371876  0.02896440436144731  5.423408751332702  0.016578915228118343  0.028050453205990783  0.9994690148497842  -3.6409558439090164  0.0  0.0  0.0  1.0;ok
4215528472541;10.318454924319978;0.034657878234236994;-0.35638031008680476  0.9171934798378627  -0.17818303826499712  14.918806457805758  -0.9317573104410192  -0.36304478908886517  -0.005176442324602487  19.764921462277236  -0.06943622269501126  0.16417856637921463  0.9839837444386542  6.119981945172302  0.0  0.0  0.0  1.0;ok
4215528472572;7.24244761931414;0.03463168468917016;0.921974621817936  0.36883123357921455  -0.11800982103244378  4.5577771803504294  0.019527188106122285  0.26007065203664964  0.9653921197492248  2.5315323861172563  0.386757657517395  -0.8923714344854765  0.23257630417991945  5.396105829385333  0.0  0.0  0.0  1.0;ok
4215528472603;5.1560174420135;0.012420635404056293;-0.18352513276765003  0.9663379724375604  0.18030376775841767  3.5335924263238203  -0.951210160344571  -0.2208535667021258  0.21545981744215367  12.638243505050188  0.24802773332809583  -0.13196448423804977  0.9597226778605953  -5.547286777015792  0.0  0.0  0.0  1.0;ok
4215528472634;2.054122432201142;0.012447873074332127;-0.8406713381911003  -0.04935300340786173  -0.5392921121234839  1.684803235468118  -0.5386756982530722  -0.026180435469445942  0.8421063334936956  0.6203959625273409  -0.0556793790873264  0.9984382133378386  -0.004576121851091309  -0.6672560702639799  0.0  0.0  0.0  1.0;ok
4215528472665;3.1616134532515607;0.010823218749167971;-0.11099282960138336  -0.7929418882643057  0.5991024566907699  0.2382944651109928  0.007435049966395067  0.6021478037811241  0.7983500124842278  0.5560345123002334  -0.9937933949312986  0.09306548359841008  -0.060938526020232774  4.020676235550499  0.0  0.0  0.0  1.0;ok
4215528472696;6.874583370600295;0.11222655669191933;-0.14484029398911577  -0.9886059200317705  0.040983217483290285  23.289297269434982  0.9884375627030212  -0.14268925163348775  0.05129290502579492  -13.329014391057763  -0.04486060493190505  0.04793863104440325  0.9978423792256628  1.1388966562656702  0.0  0.0  0.0  1.0;ok
4215528472727;10.234961895922138;0.0202141921636637;0.8427094612358503  0.2887437250675151  -0.4543873074566675  2.7961883483053835  -0.0758440050989765  -0.7719179948492361  -0.6311816664942689  8.424920504994466  -0.5329994848347706  0.5663653153769845  -0.6286031170013384  7.92709420706416  0.0  0.0  0.0  1.0;ok
4215528472758;6.7270965623001775;0.0342393705116515;-0.5314666605112999  -0.8468697316351286  -0.018837367257993343  9.853440383021336  0.8347253123753203  -0.5273702727903802  0.15847475589797994  -1.323148555030966  -0.1441417415077653  0.06850002202368577  0.9871833190131729  -5.3277201533366405  0.0  0.0  0.0  1.0;ok
4215528472789;6.2551636084248825;0.025694777700750803;-0.4833926026502705  0.8519259216735848  -0.2013797797287779  1.6638994114380727  0.27560776419624783  0.3664510475584011  0.8886810395513661  4.289080545303095  0.8308862449323271  0.3740800097893011  -0.41193712415645756  -5.826280890710037  0.0  0.0  0.0  1.0;ok
4215528472820;11.132084316276776;0.10853210252557012;0.1220830362740028  0.9906700596727986  0.060568681032483605  20.71297000202294  -0.9569111478058752  0.10128416641854486  0.2721443970353678  19.665088054929257  0.2634706576811996  -0.09118306038291726  0.9603483024612696  -0.848696085009345  0.0  0.0  0.0  1.0;ok
4215528472851;7.769777714220737;0.013327433160274621;-0.0635499301900011  -0.9386990350474758  -0.33882964447312397  3.927443932227439  0.9969643605086237  -0.07501770911148853  0.020842437364550135  1.3694129728306723  -0.04498299954957451  -0.3364765443840057  0.940616853363218  7.2395269388386385  0.0  0.0  0.0  1.0;ok
4215528472882;7.042666088122157;0.041089816541666505;0.8857537947964023  0.3764911927761996  0.27146748749293576  2.8263189285270314  -0.3706933527632816  0.2218182365269378  0.9018775461010198  6.197125453176788  0.27933251371956325  -0.899472652005626  0.3360391272948376  -2.2758166746619732  0.0  0.0  0.0  1.0;ok
4215528472913;11.695730771155905;0.035103966842897794;0.0611543151016693  0.5262136519472924  -0.8481505422085991  3.5515283002967353  0.7750435778906957  -0.56047437858801  -0.2918491447936305  4.582628762090729  -0.6289416523929984  -0.6395057962604235  -0.44211393829474205  15.053011070805736  0.0  0.0  0.0  1.0;ok
4215528472944;6.966974866703557;0.034614843657319025;0.6800523667791337  -0.46542094387209854  -0.5664910621036336  7.821754585862637  0.3655293354375525  0.8850211070146613  -0.28831570382676736  -0.12983760292525076  0.6355447139050717  -0.01099932469506986  0.7719857067870965  -8.098917702196035  0.0  0.0  0.0  1.0;ok
4215528472975;4.140007954611918;0.03510399457404484;-0.7824911849510333  0.5749307073540624  -0.23908623384729835  15.917610973439203  0.4963390735633161  0.3440798781944687  -0.7970298372557887  -0.8651826023661174  -0.37597216589561105  -0.7423366616051217  -0.5546000462574144  12.246730352721555  0.0  0.0  0.0  1.0;ok
4215528473006;2.4517018405060282;0.03050314416995919;0.10387551777952704  -0.9833521380608643  0.14909208354960551  8.663697525611969  0.9418439399874445  0.049086612689378986  -0.33244623198888956  -2.291163764521857  0.31959328765630046  0.17495449987299624  0.9312631494154743  -1.9412605580412567  0.0  0.0  0.0  1.0;ok
4215528473037;9.53731782294903;2.4963499151612547;-0.6975063269698871  -0.16046258336910116  0.6983814739635433  19.805095760993165  -0.24983055148581967  0.9679095054918083  -0.027127195264059215  5.701086051498469  -0.6716171672770646  -0.19339841911742056  -0.7152114597107729  19.326094371731497  0.0  0.0  0.0  1.0;ok
4215528473068;7.896574012257276;0.03354949536901191;0.4200454926268172  -0.9041597805462448  -0.07782592991066656  4.1863652509110105  0.8125843633437112  0.33654215745851906  0.4758634559434671  -5.484288129345149  -0.404064891537472  -0.2631244334829648  0.8760691159555162  -3.8733040120716553  0.0  0.0  0.0  1.0;ok
4215528473099;4.933808374600305;0.011087501272440228;0.3928743616463144  0.6950194815273253  0.6021608225868635  2.919947501699679  -0.8723797503911076  0.4888032529285363  0.00499510100290898  1.8372364732707165  -0.2908664763573639  -0.5272753552215088  0.798359187776706  5.582645627165369  0.0  0.0  0.0  1.0;ok
