# registration_from_features.py RANSAC RANSAC_config.json euclidean True --use_random_keypoints=False --n_keypoints=5000 --input_txt=/i7g4/neural_comparison/point_clouds_registration_benchmark/eth/apartment_global.txt --input_pcd_dir=/i7g4/neural_comparison/point_clouds_registration_benchmark/eth/apartment/ --input_features_dir=/i7g4/neural_comparison/features/3DSmoothNet/eth/apartment/ --output_dir=/root/neural_registration_comparison/results/3DSmoothNet/RANSAC_mutual_on
id;initial_error;final_error;transformation
13001298760030;4.310263072930483;0.004914656290214096;0.08957537172768365  0.591728175158233  0.8011454421662495  1.7207497981903779  0.23109240396661435  -0.7947752984270843  0.5611849301603443  -8.310894630964953  0.96879954253126  0.13487027743000796  -0.2079361792886807  -4.94394828033163  0.0  0.0  0.0  1.0
13001298760061;11.165739862422033;0.026596703246384024;0.51357262708438  0.8532796635016138  -0.09031595963184702  2.771570778311471  -0.8543636855036068  0.498786627675733  -0.14585812608340998  6.090916350040356  -0.07940937981336127  0.15207141712512118  0.9851743168045008  -6.05050755469177  0.0  0.0  0.0  1.0
13001298760092;4.041875262067823;0.01290047220667411;0.11127015488825631  -0.9874088165385919  -0.11244012474645909  -0.009785540285548677  0.9027165024419966  0.14773976569108788  -0.40407409945754924  -7.461082649830681  0.4155982060235951  -0.05654016851229119  0.9077892599577124  0.1326380455685774  0.0  0.0  0.0  1.0
13001298760123;2.6347404064812237;1.8832416481047491;0.8111374676347811  0.3895465739951488  0.43624474241837874  -0.6735829591554863  -0.05327114547214917  0.7920105888348243  -0.6081787666744054  -0.4713664193421172  -0.5824244102534859  0.47007732753469145  0.6631810555788842  3.3830746346866265  0.0  0.0  0.0  1.0
13001298760154;4.655949543134552;0.006904375958681811;0.4122101762298554  -0.874897924813822  -0.25423688121321153  -1.5670954646628892  0.8127524868551915  0.47921464215052756  -0.331340794136858  1.673004655890674  0.4117234092485561  -0.07004961031305117  0.9086126162296758  -0.4286652243481692  0.0  0.0  0.0  1.0
13001298760185;11.526736439495075;0.013646139067425123;-0.11943390255020545  -0.6412820423560377  -0.7579530889661292  -3.482001218143182  0.13512802443930616  -0.7668130935898457  0.6274855349012447  -4.328309447569766  -0.9836035583164384  -0.027477657302604097  0.17823865578600612  -3.063623116245542  0.0  0.0  0.0  1.0
13001298760216;5.6572197072150425;0.11255977704935198;0.4856020392041459  -0.6112978203394654  -0.6249045001990261  6.611000026174834  0.7079842233021859  0.6943362921943732  -0.12905600682250853  -2.2485003145303453  0.5127855293160843  -0.37975266712689376  0.7699603319223884  3.725755445320594  0.0  0.0  0.0  1.0
13001298760247;2.8755933061249292;0.0076344491893015915;-0.44329414289065155  0.8834353273427547  0.1517640447591043  5.740678397719204  -0.7635810155215745  -0.28348944597016335  -0.580153226965576  0.2716810945516563  -0.46950435100633925  -0.3730626709097689  0.8002436553699044  3.5723768678723395  0.0  0.0  0.0  1.0
13001298760278;3.489631205271557;0.0245023620718507;0.5781580725979552  -0.4351598234826189  0.6901950239724954  1.8486254506824018  0.8005511399121761  0.46597578445233895  -0.376808228001118  -4.729226307979706  -0.15764236573691953  0.7703911320430702  0.6177753541492763  3.279126960773333  0.0  0.0  0.0  1.0
13001298760309;15.033436311598187;3.7951054433783624;-0.8292528626355057  0.5038505627397961  0.241814598892645  11.626018308575606  0.49307771859210137  0.45591243416408367  0.7409576342832221  1.2330017364956998  0.26308563860239187  0.7336746300652435  -0.6265041771287725  9.085626495717722  0.0  0.0  0.0  1.0
13001298760340;6.506989460822594;0.03364791790765773;-0.09904721124660137  -0.07709842184358215  0.9920914692171791  7.954304837562367  -0.46464767405401936  0.8852121883129781  0.022403585836598156  6.2196608258498305  -0.8799387415840153  -0.45875398092155806  -0.12350140099675785  3.253513702623692  0.0  0.0  0.0  1.0
13001298760371;4.91629017563752;0.005350940873279681;0.10351624755884979  0.9853888506993568  0.13525235454044943  6.940036432951818  0.974092833873949  -0.07294816196452578  -0.21406007722463694  -2.228982397533118  -0.20106600281190123  0.1539070452688825  -0.9674115380384132  -2.9809707942157218  0.0  0.0  0.0  1.0
13001298760402;8.540013131131722;0.008976644500152797;0.7414647323645551  -0.023518787855289065  0.6705795383676543  -4.2626112438895305  -0.09154913656424536  -0.9935857079945203  0.06637918697429641  -3.241561934632163  0.6647170873792095  -0.11060880383968229  -0.7388618857805933  0.45652215240309335  0.0  0.0  0.0  1.0
13001298760433;5.8803617295845045;0.01226401669743289;-0.8547427607589013  -0.046101473262966486  0.5170004517340733  3.1672713624893545  0.09740334188872993  -0.992599101522756  0.0725231869482123  -7.477487810479631  0.5098307581140622  0.11234624078803124  0.8529073339241724  -0.7379434723744114  0.0  0.0  0.0  1.0
13001298760464;2.166048600398045;0.012902142849477403;-0.8473930038518083  0.5165340196664794  -0.12295407089722214  6.505528212984524  0.19410542128421535  0.5168999676551107  0.8337490682850706  -0.03817875328785081  0.49421471290430774  0.6826470757026178  -0.5382794697771579  -0.9693297252763191  0.0  0.0  0.0  1.0
13001298760495;4.352922081343947;0.01861028913307376;0.24505015820275722  -0.9486775298810103  -0.19990338732414664  1.4987438526497652  -0.9542046554915736  -0.19950573773245675  -0.2229146384830639  1.0984548481579721  0.17159223584711075  0.24537401025922162  -0.9541214281664037  4.558596460833883  0.0  0.0  0.0  1.0
13001298760526;3.427592892868579;0.00705866289207041;0.43255697475423516  -0.09187036877185076  0.896913763375938  -0.48699763665509366  -0.012800347891175012  -0.9953205233595358  -0.09577685980008493  -3.0982432322443687  0.9015157318013526  0.029948140526990408  -0.43170880717637267  -0.3853805597343083  0.0  0.0  0.0  1.0
13001298760557;8.921254112295115;0.009818270941977531;0.8135517635927305  -0.5679655681073942  0.12469419152311323  -7.3772756836966895  -0.3711909834529159  -0.34217893810881633  0.8632096084485962  -2.8485239548773316  -0.4476056096145523  -0.7485510588858767  -0.4892039763558931  -5.544776902846895  0.0  0.0  0.0  1.0
13001298760588;5.635777697146662;0.009851496652241323;-0.45299444826314406  0.7254656650487261  0.518165609316346  6.675116191953222  0.10220185053631411  0.6196467996529285  -0.7781983201130912  -3.6504577858302785  -0.8856358233437281  -0.2995620345025273  -0.35484049359533887  -6.581757779285466  0.0  0.0  0.0  1.0
13001298760619;9.801579940171315;0.013126810972801911;-0.4038230451513706  -0.206256042476261  0.8912830039592952  -5.00724307656191  -0.4360336310547226  0.8998669470320804  0.010684111025121484  -3.035650583313396  -0.8042397781718511  -0.38431487426483196  -0.45332158190946276  5.805976676209791  0.0  0.0  0.0  1.0
13001298760650;5.928008986154682;0.004855785015752972;0.23962236645028373  -0.10085646507246593  0.9656133257934321  0.5896219159306053  0.9680042008674836  -0.051492448823564074  -0.24559396331558403  -0.2840755159766535  0.07449153374491649  0.9935675624572491  0.08529073943336912  1.4708364733373211  0.0  0.0  0.0  1.0
13001298760681;3.926177848256171;0.005075611767979035;-0.9170565240797521  -0.16717602490857453  -0.3620214197233794  2.754054986029068  -0.190163992316897  -0.6146369042198383  0.7655449901848698  -8.070769451284427  -0.3504924930278289  0.7708914662044335  0.5318659226387008  8.67434498019785  0.0  0.0  0.0  1.0
13001298760712;3.640287511906044;0.004329396358345243;-0.2530110123954493  -0.0865552283948745  0.9635837379512695  0.6686197821847187  -0.6591552552422615  0.7444697474640127  -0.10620331726164806  -0.8730404802852743  -0.7081664896711358  -0.6620218935566862  -0.24541237816883016  3.075585599134684  0.0  0.0  0.0  1.0
13001298760743;2.23776059014918;0.011518483873970094;0.8208970682163229  0.027681593653945902  0.5704048849428116  0.18751190033605258  0.40163925708291104  -0.7380403056352086  -0.5422014518864499  -3.6935664132710104  0.40597279534930863  0.6741885764611151  -0.6169731378314646  1.4178797358417496  0.0  0.0  0.0  1.0
13001298760774;5.456665076952151;0.004643127304352176;0.6192831573691072  -0.7702311952612974  0.1524213792264865  1.7196635792991852  -0.541505106712683  -0.2784034009793859  0.7932614737444387  -5.290331104381252  -0.5685601027182942  -0.5737904253030596  -0.5894946627642176  -5.023101613340157  0.0  0.0  0.0  1.0
13001298760805;8.825594568085958;0.007584482373733143;-0.16181740258415384  0.7746907030068501  0.6112850749819349  5.870637687055118  -0.9499860774375961  -0.2899544860062892  0.11598641609929108  -6.859749935870611  0.2670984479469078  -0.5619436899900032  0.7828650639700127  -10.224384586785549  0.0  0.0  0.0  1.0
13001298760836;4.000188739564292;0.008668347222806991;-0.8969293265368519  0.40518655161444794  0.17703570710153477  9.193006939644526  0.057088853238593085  -0.2909093451663614  0.9550458710087073  -4.6698971673889496  0.43847308473160634  0.8667154153963516  0.2377934874639725  0.3543056196955823  0.0  0.0  0.0  1.0
13001298760867;4.334456072611078;0.0061778037563047904;-0.37400489752837707  0.7247969085746637  0.5786102124447838  1.8633462404946668  -0.4184870771060287  0.42486940156125474  -0.8027169849406658  4.915195868116247  -0.8276405638440156  -0.5423609802867377  0.14441490277103675  2.2732486394657734  0.0  0.0  0.0  1.0
13001298760898;8.680467736983655;0.00696093022756984;-0.5878087172935261  -0.2112771960324712  -0.7809243614527571  0.6641309552953114  0.8052701823842744  -0.06021847378881484  -0.5898420710472793  -10.419803772506778  0.07759410568166467  -0.9755694141634432  0.20553217001788332  -0.35354196909562563  0.0  0.0  0.0  1.0
13001298760929;4.363996845460841;0.08179520992126693;-0.32405333345891707  -0.9428195220490012  0.07797939418499907  0.7291459896180617  0.07009570387579767  0.05827202745934944  0.9958368155043952  -2.9866375693354517  -0.9434384078318636  0.32817026016851725  0.04720435328025602  5.479977636029943  0.0  0.0  0.0  1.0
13001298760960;8.141769742702108;0.003994613190884881;0.5003958780563904  0.8360970824843186  0.22482356167756617  2.2301124215947024  0.23657551244863467  0.11774954820705005  -0.9644516943873871  -0.679923247100827  -0.8328481206881845  0.5357954017703471  -0.13887870717972578  -4.3056109625590535  0.0  0.0  0.0  1.0
13001298760991;5.538685950931398;0.0162182858743083;-0.39158921073587066  0.8031960890902285  0.44892530838149436  5.95393790085405  -0.841538021286489  -0.11531210654503594  -0.5277469818136021  -3.483268389928238  -0.37211778883100727  -0.5844477397974163  0.7210750243082991  0.44939014868528293  0.0  0.0  0.0  1.0
13001298761022;8.071467038641245;0.002502225155642449;0.4103971244480934  -0.9072748691768031  0.09179603479972365  4.0428207045569815  0.9053391323127671  0.41743151003245604  0.07817921677268491  -6.6935879558536495  -0.10924859609122317  0.05102201674022033  0.9927041342010512  -6.168713337637711  0.0  0.0  0.0  1.0
13001298761053;9.81526024076362;0.02179098741470883;-0.8813501380799554  -0.06874533167554209  -0.46743557147404163  13.402428657375516  0.3446814864765478  -0.7702149603484693  -0.5366223884033587  -3.68026940458053  -0.32313558607303255  -0.634068603723782  0.7025243047646188  -1.9697478948168161  0.0  0.0  0.0  1.0
13001298761084;5.591627609591558;0.0065525930715033065;0.4535494039937252  0.8912221486818883  0.004002478703812776  5.08920729337181  0.512516610058718  -0.25714407105223713  -0.8192701942195886  -13.119613488561495  -0.7291225291752113  0.3736308451152282  -0.5733936946179506  2.7222824874397205  0.0  0.0  0.0  1.0
13001298761115;4.7915878266942675;0.014397697782980353;-0.404599740149529  0.4116047899487983  -0.8166275449445362  4.001518799307851  0.8339845124205032  0.532440787428687  -0.14483314857122825  -5.778094020483653  0.37519179537094055  -0.7396541791766784  -0.5586974242940493  -4.193371792936826  0.0  0.0  0.0  1.0
13001298761146;10.139080917100562;0.024198024554629216;0.6186727244363353  0.645151222529202  0.44835695612714377  4.480555862346719  0.4249740214111392  -0.754793933367807  0.49968309885046025  0.928531184769426  0.6607882725685791  -0.1186002454475949  -0.741142928601227  -6.977767394657379  0.0  0.0  0.0  1.0
13001298761177;7.93887486463345;0.006235004246064825;-0.3039556419164102  0.952588391778266  -0.013650040164072258  0.857927945527476  -0.9518203896982184  -0.3042589433337363  -0.0382680174058001  -2.6585065041826588  -0.040606815953917436  0.001360606752914828  0.9991742767142023  5.458411548323943  0.0  0.0  0.0  1.0
13001298761208;3.7143332170860712;0.010839532808692766;-0.4484732181365952  0.7297510484146825  -0.5160767190562633  9.105779587093132  0.8917446275971661  0.40442068078112636  -0.20306509327829053  -1.8111715137647897  0.060525133339766356  -0.551277897520118  -0.8321234210980973  -1.4062338088832755  0.0  0.0  0.0  1.0
13001298761239;9.442007376163867;0.025356587723117902;0.003908766511926426  -0.36835389444828215  -0.929677433301002  6.088772668940385  0.9641374590119337  -0.24532835695156868  0.10125688818770048  1.4600448059451816  -0.26537460631033954  -0.8967326277772141  0.3541848565444382  -2.2484899713137443  0.0  0.0  0.0  1.0
13001298761270;3.3218855709366024;0.005436490086445359;-0.4684389968099643  0.34608734463965374  0.8128889568372473  9.1632989247083  -0.6424879284278908  0.4981147112012664  -0.5823152035704688  0.15754500161207652  -0.6064438705206872  -0.795050491708012  -0.010979414498765577  1.2073258476752846  0.0  0.0  0.0  1.0
13001298761301;1.702374455622597;0.0025965082979544996;0.7075915943581276  0.6437053069956895  0.2914748931542948  1.9749538113195113  -0.5565100746676112  0.7618454279831005  -0.33149371133506333  1.4289496505221806  -0.4354430759435399  0.07235344917024014  0.897303909501122  3.560822561555341  0.0  0.0  0.0  1.0
13001298761332;2.6966908062382884;0.004029811966225693;-0.24124455096269234  -0.7951330851374747  -0.5563851575577566  6.647939060557597  0.9275918943956757  -0.020404108398516613  -0.373037464354323  -7.625946646531405  0.28526188683777953  -0.6060916178930562  0.7424813847077429  -2.7679666950524564  0.0  0.0  0.0  1.0
13001298761363;3.780503688669632;0.005686646648536853;-0.3215550524358382  0.028788332111306714  0.9464531579466753  0.8611387105173338  0.8162561208401743  -0.4981815027908529  0.29247416205196475  -10.367351077351687  0.4799252998581511  0.8665947277772328  0.13669412695784355  2.932226895964232  0.0  0.0  0.0  1.0
13001298761394;9.713878523349894;0.007577646624481429;0.9204718426663356  -0.3751746895838733  0.10943280657136131  -0.11406426161941052  0.2971683589942359  0.49006007867214085  -0.8194706130817186  -9.006772212797582  0.2538159830883657  0.7868195927831868  0.5625765504723664  5.53948251068589  0.0  0.0  0.0  1.0
13001298761425;4.539890497597582;0.011503885322665816;0.0932979512093537  0.9955979010364532  0.008961682428299478  7.5464808566441715  -0.9643753404904318  0.09260259636624753  -0.24780024576298057  0.043026566123605114  -0.24753927961861075  0.014476829695701826  0.9687696973212272  -4.032093458283043  0.0  0.0  0.0  1.0
13001298761456;2.8219341713243176;0.0047675624366981945;0.47365377697106337  -0.8629690864842973  -0.17588762131970406  -0.08765357226886827  0.8408035822264494  0.5025179350126563  -0.20130837316362551  -4.66255356378255  0.2621095871505198  -0.052536470790044906  0.9636070171811282  -4.3317242124733095  0.0  0.0  0.0  1.0
13001298761487;4.817878682726937;0.012710788380488851;-0.45311721305796016  -0.8036477197462025  0.3857915677892872  1.0675447090528012  0.32533682097229377  -0.5519968880602583  -0.7677599810431854  -3.277383660675763  0.8299643029373185  -0.22237306068523627  0.5115754858583935  0.09147415574528339  0.0  0.0  0.0  1.0
13001298761518;2.4163432216525833;0.0049135946270120485;-0.9743140178463117  -0.223135269751039  0.030378380821058065  3.3923631491358788  0.22061113524563314  -0.9728383320507392  -0.07011637967243606  -9.67194589602665  0.04519869062053539  -0.06161356251563094  0.9970761491883767  -1.9745961351326158  0.0  0.0  0.0  1.0
13001298761549;2.2392274259590965;0.003641625209640218;0.5444383324354352  -0.026949573779472547  -0.838367832546089  0.7326163628065816  -0.4903255280569843  -0.8211600668521929  -0.2920222956264492  -8.295751055566141  -0.6805643090190385  0.5700612818639824  -0.460285081453909  6.04523595047548  0.0  0.0  0.0  1.0
13001298761580;8.570690654168628;0.00603416069679114;-0.9218118969959421  0.38320223949099097  -0.05847110573465136  6.850325786691508  -0.38222200953200747  -0.9236594038920235  -0.027561586150771623  2.6718813892629996  -0.0645690482046748  -0.0030576544804027106  0.9979085573152586  5.1744760398428  0.0  0.0  0.0  1.0
13001298761611;10.391644677470136;0.020899459453809617;0.5433712187619298  0.8048055849954712  0.23882145837690721  3.872290045757912  -0.83244222066039  0.5533368648034453  0.029296131340025372  -4.137832256872186  -0.10857102690485113  -0.21472373974386488  0.9706214749876675  6.401201212214325  0.0  0.0  0.0  1.0
13001298761642;10.080782196489423;0.006598213246202913;-0.7282922385378044  0.38862318215711167  0.5644133570138771  0.5034427217274127  0.3989461344177313  -0.4292185627339923  0.8103168560740391  -14.03385374365429  0.5571646050484035  0.8153180040294989  0.15755683160882067  6.191764072649012  0.0  0.0  0.0  1.0
13001298761673;5.377260718947195;0.00739449619903216;-0.9753292121125883  -0.2097892182349476  -0.06871253096930346  8.594980482377073  0.19224932759473176  -0.9601804417606633  0.20271584866426084  -6.892649175505216  -0.10850402775570828  0.18450475108426728  0.9768238698906375  -2.1500216933059395  0.0  0.0  0.0  1.0
13001298761704;4.0697080635330884;0.01202407827255998;-0.7586598921373726  -0.5586909678846207  -0.33511128072068175  -1.2930637933495075  0.5498507666021228  -0.27321208587446083  -0.7893157103461099  -7.359325466074422  0.3494271061740456  -0.7830833662747997  0.5144717085851856  -3.5345543732679783  0.0  0.0  0.0  1.0
13001298761735;7.748271368017596;0.007670868453632568;0.16790734182071207  -0.9282838830100454  0.33180740966183403  0.35561566230335084  0.9560775163929338  0.23537424276784097  0.17468471166471883  -6.992908654794508  -0.24025592024052833  0.2879027585579183  0.9270324128120435  10.726825263347392  0.0  0.0  0.0  1.0
13001298761766;4.3143958585213165;0.012628849026469378;0.30426667861496903  0.9515777623348576  0.0438354937738833  4.0489619260927245  -0.944299853288322  0.3073568988295513  -0.11759899583556911  0.7150957837579968  -0.12537773073503997  -0.0056123944681550075  0.9920932041215007  3.2176685597917825  0.0  0.0  0.0  1.0
13001298761797;8.231005951784896;0.004392907474178026;-0.32006274990835637  0.17123993944701896  -0.9317922081984175  11.613295309029223  0.8865707162350234  -0.292596148500881  -0.35830135221202786  -1.069521516756791  -0.3339943131785603  -0.9407786014895488  -0.05816718786179981  -1.1544880790751977  0.0  0.0  0.0  1.0
13001298761828;4.4334073516756565;0.007229629101855358;0.781340676693461  -0.49226045333138824  -0.38364878864683083  -5.652363554555824  0.6148789290741014  0.7124758711340683  0.33808584062695723  -3.518374122937124  0.10691421572873122  -0.5000577757996841  0.8593669596495919  -0.19780082512937258  0.0  0.0  0.0  1.0
13001298761859;2.6655230457662435;0.0058541458902557925;0.8004840584747384  -0.21313670844591837  -0.5601767717789198  0.44414463224495293  0.5954763575887354  0.3889635710903057  0.7029333168356227  -3.289357569381992  0.06806746418565132  -0.8962589379624154  0.4382770087990228  -0.7945823028443741  0.0  0.0  0.0  1.0
13001298761890;6.637126318209209;0.005344720776809078;0.49178329596061243  0.8691307500333147  0.052544544537414306  6.0559178936441205  -0.8698949600244597  0.4930458520109293  -0.01373121767581606  -8.386083006876781  -0.037841093247428376  -0.03895545098371195  0.9985241732179022  2.125685572370993  0.0  0.0  0.0  1.0
13001298761921;6.263021266226115;0.005178665110495199;-0.7158163964065021  0.6974739763600982  -0.03371852511666764  4.398723784668078  -0.6957697662228389  -0.7165000388206917  -0.0503202422506544  -3.9335429662377113  -0.0592563840090366  -0.01255972413636297  0.9981637812923245  6.420182337393187  0.0  0.0  0.0  1.0
13001298761952;8.524152599894595;0.02864066111227969;-0.5696314567326046  -0.03673151844465991  -0.8210790455573932  -1.5522514170677013  -0.008835750827262956  -0.998669453207197  0.050806030529422744  -5.826821987553262  -0.8218527441141805  0.03619556303730814  0.5685489848802856  5.074288359684616  0.0  0.0  0.0  1.0
13001298761983;3.259695949088397;0.006803294709459256;0.9821483621352867  -0.18200087041653343  -0.047542380279050084  1.9537237537721297  0.08155140139882294  0.18421887292850267  0.9794961846719161  -2.4054902563513343  -0.16951095446861777  -0.9658877212308772  0.1957726903594113  -5.342828100173544  0.0  0.0  0.0  1.0
13001298762014;4.304140440760447;0.013492786805118919;-0.8919327948185847  -0.10164747225448616  -0.4405946900626261  0.7684544179646366  0.0879494186813123  -0.9947947899885291  0.05146091298547198  -7.820261253807471  -0.44353217389579264  0.007149629077966957  0.8962299334006432  2.207161787166525  0.0  0.0  0.0  1.0
13001298762045;5.169410619190491;0.007048911365363122;0.37659951495042554  0.8914214494059868  -0.2520726182631397  6.706416397221031  -0.7807637475960395  0.1589787910667661  -0.6042629513967719  4.210659798982667  -0.4985787558439412  0.4243742965000119  0.755860887128861  -0.1360852823645522  0.0  0.0  0.0  1.0
13001298762076;7.251100765186261;0.005983939980155167;0.4961983683176038  -0.6979285641672172  0.5164134957555175  2.589154812763602  0.8471324406221391  0.25893201728404147  -0.4640267648215939  -1.3280455751120703  0.19014154549841397  0.6677199485897545  0.7197195724244073  7.198478655046407  0.0  0.0  0.0  1.0
13001298762107;3.6083033742486865;0.008453388231668925;-0.1615883606199284  -0.1539448418383484  0.9747769936675418  0.6075889871448967  -0.3543193602998713  0.9309474206962707  0.08828754620926112  1.0909248961407076  -0.9210575403463428  -0.3311161209762041  -0.2049759054152894  7.613372738449081  0.0  0.0  0.0  1.0
13001298762138;7.232928857269941;0.009226985560804332;0.8358854196931423  -0.4482457619990064  -0.3168143020672355  -2.892492639642999  0.07484284714795753  -0.4787135053799538  0.8747753585907777  -3.9073621442452278  -0.5437776322865868  -0.7549232521367759  -0.36660165030728675  -4.440790944470118  0.0  0.0  0.0  1.0
13001298762169;6.764347421644368;0.0038514757351758404;-0.5651367756099483  0.17632405338703694  -0.8059343974855255  9.893402749854724  -0.4934916091896839  0.7105993542005173  0.5015123024106044  -5.018601671700119  0.6611251443657005  0.6811449082294997  -0.3145713869385749  5.462642017242085  0.0  0.0  0.0  1.0
13001298762200;2.173201777732865;0.0044008938437872696;0.48210162078326685  -0.4173491847933368  0.7703231044117032  1.057563528171558  0.8385522161062208  0.4745044749475461  -0.2677231482671963  -3.7123100692334123  -0.25378772251921855  0.7750259100230719  0.5787284602397018  4.523137236612848  0.0  0.0  0.0  1.0
13001298762231;5.881331751981235;0.015175810669304289;0.8817554362004916  0.18581066173376556  -0.43356862053998  1.0649977634057635  -0.4608566673445003  0.5353509075112483  -0.7078209787728839  -3.233736934148763  0.10059067001964744  0.8239379854169507  0.5576806552966094  3.1926833774106322  0.0  0.0  0.0  1.0
13001298762262;12.753530724937347;0.011451161839996216;0.5671405339586992  -0.8232481021635428  -0.024782595206442715  -7.838099302885862  0.8203473770122951  0.5673106573724535  -0.07203331910082506  0.01239740182955984  0.07336072362025751  0.020522678084496815  0.9970942903828863  -4.659574672694894  0.0  0.0  0.0  1.0
13001298762293;4.0873319758586355;0.005194190083558536;-0.7348892880565926  0.3051428154411748  0.6056612885799351  8.48766393139556  0.6781710099506969  0.33679805188780887  0.653185389845049  -1.6909260145150924  -0.004670713235222765  0.8907608738764909  -0.45444829189762015  3.099262149203578  0.0  0.0  0.0  1.0
13001298762324;5.257805486369847;0.005635218263736844;0.5676440643376727  -0.5549000857991485  -0.6081661869935767  0.5723461731824457  0.4527839567095189  0.8273827855093072  -0.3323016924262237  -0.6932351369953369  0.6875804714858333  -0.08673880920878385  0.7209087835561179  1.5037337181553299  0.0  0.0  0.0  1.0
13001298762355;3.940223826782666;0.004219508683850765;0.20013574883266128  -0.9747186731045151  0.09934379870210243  -2.0794296574201576  -0.06332310996267632  0.0883149652437175  0.9940777890379886  -8.792098357844136  -0.9777197276233334  -0.2052412609963573  -0.044047236017489166  2.0595991799199576  0.0  0.0  0.0  1.0
13001298762386;9.483249247669189;0.004415715778939669;0.43159619177780456  0.8072840016192202  -0.4025136866897265  7.716544274452353  -0.29769388711925604  -0.29374762304732926  -0.9083450244955779  -9.188477837311105  -0.8515298449348234  0.5118641174019751  0.11354315700020434  0.08123681887319201  0.0  0.0  0.0  1.0
13001298762417;6.696026314562576;0.008212094113119767;-0.7963401896284683  -0.6044884855961535  -0.020879970406217502  7.151183285364936  0.6045382816558984  -0.7965630745458758  0.004553491249081609  -4.819683661540402  -0.019384746452536305  -0.008996613345635618  0.9997716201979729  -3.440860001721842  0.0  0.0  0.0  1.0
13001298762448;6.742317045442832;0.0026434711998217213;0.7720408494170751  -0.04253128217207432  0.6341482609517751  0.9004083885827366  0.34432059657109004  -0.8106680335735267  -0.47356168143015986  0.4582517462607525  0.5342249091986355  0.5839592703081534  -0.6112244407849534  0.3729138590663146  0.0  0.0  0.0  1.0
13001298762479;4.7976364578938275;0.002527492046591171;0.48023524218890545  0.7868721227658534  0.38756467147267465  3.278960063034263  -0.8118972931625698  0.5659904809094903  -0.14309982835466917  2.887414039463562  -0.33195918049521567  -0.24594112696701004  0.9106679222148667  -5.119312822705297  0.0  0.0  0.0  1.0
13001298762510;3.641411788076855;0.038097982287175855;0.7073323890583176  -0.674377674592231  0.2118859207229868  -0.701686991406097  0.6985259168255618  0.7127824310342834  -0.063267286427232  -0.14036775149003544  -0.10836251617631079  0.19275880789326316  0.9752443832535034  -1.9460786556922751  0.0  0.0  0.0  1.0
13001298762541;3.070002262790549;0.002057309878225844;-0.8881553252789567  0.45258747456653636  0.07965360032110967  3.062617210802069  -0.4533616344373594  -0.8912799872040453  0.009122106655969534  -7.751765756411245  0.07512221108910663  -0.028010038826136535  0.9967808641451948  -2.455568494752087  0.0  0.0  0.0  1.0
13001298762572;5.3165421424298245;0.006700993529534903;0.7434346427110183  0.6615052042930261  0.09856874104087454  3.784387164761057  -0.5460168613016367  0.685423239513783  -0.4817266547625747  2.647138931757393  -0.3862259949711442  0.30431208886219674  0.8707603765565334  -1.5492810618566943  0.0  0.0  0.0  1.0
13001298762603;8.701034267553123;0.007705405693181003;0.56781191466332  0.6183924529225823  0.5433050742766594  3.4712117000693747  -0.7082891514419539  0.7033415424873353  -0.060308809979744304  1.4902955869220833  -0.41942354191915787  -0.3505730291678581  0.8373663736406308  6.280162623980459  0.0  0.0  0.0  1.0
13001298762634;3.6983118308243395;0.026496096667094144;-0.3187815198852179  0.9385581981670805  0.13223785854676218  3.0759494670261454  -0.6758615605047789  -0.322903345525033  0.6625289280331739  -2.4281309687392865  0.6645220038581985  0.12182749321111475  0.7372710277002484  2.475601491586952  0.0  0.0  0.0  1.0
13001298762665;3.264462073407414;0.004821275890471854;0.2549945330110368  0.2632600399982969  0.930414928660637  -0.4662798733998055  0.6145533237223827  -0.7870073603131061  0.05425520357318489  -1.1604813390995294  0.7465266240639077  0.5579548065507555  -0.3624699069035302  -0.26671636613400684  0.0  0.0  0.0  1.0
13001298762696;11.28400940315467;0.011179034040535316;0.34558636069273047  0.9378390812068373  -0.032061270471866576  1.5201962940930673  -0.9255435244137098  0.33502399679297035  -0.17643159010991616  -3.3690670104214173  -0.1547231453887999  0.09064645240702984  0.9837906123495064  6.195456570636315  0.0  0.0  0.0  1.0
13001298762727;5.9914853246080435;0.010434901464478853;0.6645593091671371  0.5592226414602769  -0.4956117047422195  -5.110083803003794  -0.612699585795885  0.7874722935936693  0.0669821199117902  3.1234148375322333  0.4277384038929041  0.25914749487602057  0.8659575242092619  -5.133404150156114  0.0  0.0  0.0  1.0
13001298762758;2.650189718750765;0.12074704037316547;-0.11194463862585574  -0.9145629363943956  -0.38864255204054476  1.8730919910370405  -0.9655357974257406  0.007629785007280074  0.2601584330176176  2.241395182008451  -0.23496600131160705  0.4043716381676682  -0.8838973676130227  0.4434810462854166  0.0  0.0  0.0  1.0
13001298762789;12.47752396560415;0.01131662774397562;0.23388255629736207  0.9561675237444349  0.17618914948499825  14.090164406806068  -0.6885186296621191  0.2908313901026887  -0.6643487029709134  2.880959120205578  -0.6864699894882585  0.03407006115892902  0.7263595421446716  3.5470939315774936  0.0  0.0  0.0  1.0
13001298762820;2.5113803815995865;0.003912543563339695;-0.019697349513588022  -0.996766080944608  -0.077906317461856  1.468867103678937  0.9989708851434049  -0.022805206807358203  0.03920577990904503  -8.17438630667714  -0.040855661271633065  -0.07705389296331172  0.9961894962913713  -1.997171541908534  0.0  0.0  0.0  1.0
13001298762851;8.315224491879562;0.01496274861056628;0.26672278889490075  -0.8357459444131168  -0.4799871563710373  4.4113431988787095  0.8705149133565055  -0.004815320198806053  0.49211847995711355  -1.9809073871668295  -0.41359731564414587  -0.5490951912814495  0.7262449527559873  4.422946271286273  0.0  0.0  0.0  1.0
13001298762882;7.127338882949794;0.008658543560241797;-0.409704490407951  0.7817219739951355  0.4701627228021276  3.0597261664282023  -0.6796717488592967  -0.6053575097700663  0.4142325423811237  -6.8160048089771745  0.6084312157854055  -0.14984338736872246  0.7793320312419864  -4.550047277955942  0.0  0.0  0.0  1.0
13001298762913;2.3308338239256097;0.006505291032713168;-0.8880805191402312  -0.4588186743181002  -0.02825624923090342  7.833163143592046  0.4578641210745089  -0.8883544746961671  0.03444958519292296  -9.320237636220718  -0.0409076784514284  0.017656482783326877  0.999006912117948  -1.3790330570406735  0.0  0.0  0.0  1.0
13001298762944;13.120560348922597;0.02245249179729623;0.014673484532688356  0.8747540915714844  0.4843448855212743  -2.2067034960522363  -0.9154029877746697  0.2066322822671421  -0.345456900203602  4.762806366881949  -0.4022711260143814  -0.4383016988377064  0.8037845245904541  2.2391481543850436  0.0  0.0  0.0  1.0
13001298762975;11.342250680316473;0.008153947035449008;-0.5234486217494141  0.8139432866241696  0.25198783015868853  5.5324296611989  -0.7781062416483193  -0.5771472003576681  0.247894707138401  2.643605200644953  0.34720630336525654  -0.0663131606753215  0.9354412582437674  -9.24248884639282  0.0  0.0  0.0  1.0
13001298763006;4.458598501776789;0.003751168232562152;0.660629232902488  -0.3967646834892601  -0.6372964793330798  -2.1569200240744255  -0.49725694839811424  0.4047125767075313  -0.7674263857364735  -1.3787135716997616  0.5624095873155673  0.8238844070562444  0.07007096335227264  8.20056205964105  0.0  0.0  0.0  1.0
13001298763037;6.669679305647058;0.0037148721418609454;0.5914682839655221  -0.8062884015927795  -0.0080176380463223  -5.119262071579387  0.718121442218561  0.5312616370317349  -0.4495138120728836  -8.758260897500069  0.3666972365437393  0.26011552524853715  0.8932373985877793  -5.52768791928103  0.0  0.0  0.0  1.0
13001298763068;2.7376255445017748;0.010990998720775658;0.14827476286964053  -0.7796123684301766  0.6084563662964197  1.3058552412528872  -0.9843127518525762  -0.05685337220872089  0.16702125795510636  5.020362246076924  -0.09561904222675191  -0.6236763977089302  -0.7758123160303989  0.8405351120071842  0.0  0.0  0.0  1.0
13001298763099;6.456555758447102;0.0020394530383266224;-0.51693905875485  0.7937690552691914  -0.3204757345427334  8.901999136767287  -0.8539507132578578  -0.45215613522585757  0.2575325391169258  1.2732724247132632  0.05951629071140774  0.4067991104644534  0.9115768178630284  -2.119593280076295  0.0  0.0  0.0  1.0
