# registration_from_features.py RANSAC RANSAC_config.json euclidean True --use_random_keypoints=True --n_keypoints=5000 --input_txt=/i7g4/neural_comparison/point_clouds_registration_benchmark/eth/apartment_global.txt --input_pcd_dir=/i7g4/neural_comparison/point_clouds_registration_benchmark/eth/apartment/ --input_features_dir=/i7g4/neural_comparison/features/3DSmoothNet/eth/apartment/ --output_dir=/root/neural_registration_comparison/results/3DSmoothNet/RANSAC_mutual_on
id;initial_error;final_error;transformation
13001298760030;4.310263072930483;0.0045652609751345484;0.09201584141500287  0.5951614348082913  0.7983207071381936  1.7149332604358105  0.23052155164183513  -0.7926745670060744  0.5643818255847481  -8.301531159705574  0.9687068179574918  0.13209805955678747  -0.21013615468072522  -4.951751614411558  0.0  0.0  0.0  1.0
13001298760061;11.165739862422033;0.01718276973391101;0.5126207398645003  0.8531709136628635  -0.09653687969085652  2.8240358768179274  -0.8545847920330951  0.4960982793171444  -0.1535295752756453  6.134281152360071  -0.08309518810691346  0.16120139372301834  0.9834171548103244  -5.990448815923621  0.0  0.0  0.0  1.0
13001298760092;4.041875262067823;0.014879908654870006;0.10915073530259112  -0.9874710525476168  -0.11396068341057822  -0.0067607226780710405  0.9001707712320889  0.1468226744448383  -0.4100435158471514  -7.4590413177245525  0.42163811450381433  -0.05782752501505971  0.9049183818158967  0.09321844434518467  0.0  0.0  0.0  1.0
13001298760123;2.6347404064812237;1.6191440806245958;0.893153898623545  0.3196613606631272  0.31637434768413364  -0.843361298207526  -0.04710297250903618  0.7660590054201104  -0.6410420502553353  -0.4211654725997087  -0.44727779215424435  0.5576470341656534  0.6992655875501635  2.8732332263256515  0.0  0.0  0.0  1.0
13001298760154;4.655949543134552;0.014472601260709846;0.412799434075498  -0.8763203694307554  -0.24831278128137443  -1.58970752320212  0.8152796996463755  0.47705392865121  -0.3282355259611021  1.6549335519021078  0.40609806521511954  -0.06694893038121819  0.9113737993542204  -0.4260642906384636  0.0  0.0  0.0  1.0
13001298760185;11.526736439495075;0.027232969542887543;-0.11828394474054502  -0.6375766053652842  -0.7612522451247657  -3.474267966074077  0.1317150016961216  -0.7699340060943676  0.6243819220538582  -4.37486440112815  -0.9842052970517927  -0.026413983992571166  0.1750492350878284  -3.0720318708579  0.0  0.0  0.0  1.0
13001298760216;5.6572197072150425;5.6572197072150425;1.0  0.0  0.0  0.0  0.0  1.0  0.0  0.0  0.0  0.0  1.0  0.0  0.0  0.0  0.0  1.0
13001298760247;2.8755933061249292;0.007631711066287584;-0.44092396676789025  0.8844440110213017  0.152790205504869  5.736033130617266  -0.7664173629306598  -0.2824181423567505  -0.5769267012941727  0.2910460337035654  -0.4671086397489152  -0.3714818760536154  0.8023781742019185  3.5759676202675177  0.0  0.0  0.0  1.0
13001298760278;3.489631205271557;0.023545579741893634;0.5777073076323832  -0.43078442552051277  0.693310208663556  1.8628843752269906  0.7995501764783154  0.4695640764382416  -0.3744717524890151  -4.718526988430711  -0.1642369690466674  0.7706713676059735  0.6157043618090594  3.2844397295748853  0.0  0.0  0.0  1.0
13001298760309;15.033436311598187;0.1497439741596786;0.9606882307970059  -0.2633202948151655  -0.0879803702343478  -3.1666723861230874  -0.24867146861154832  -0.6752196892703312  -0.6944356499491167  -9.583356806831024  0.1234529218232375  0.6890143638271489  -0.7141558531113316  8.885396235173253  0.0  0.0  0.0  1.0
13001298760340;6.506989460822594;0.035613798426539604;-0.1447472156643843  -0.08402631742173905  0.9858944271766376  8.141384193318757  -0.45622764690805273  0.8898190351238301  0.008855446235930289  6.124298018731651  -0.878011718460608  -0.4485104934244432  -0.16713395685501226  3.103584557063792  0.0  0.0  0.0  1.0
13001298760371;4.91629017563752;0.005352318745409512;0.10558126156558419  0.9853993914785386  0.13356884546909212  6.9271228848989965  0.974230888242525  -0.07557883121367245  -0.21251356819402512  -2.2304522034690715  -0.19931576355221164  0.15256434559261103  -0.9679862327809714  -2.990121561337403  0.0  0.0  0.0  1.0
13001298760402;8.540013131131722;0.007960245865510128;0.7421969627658186  -0.022958848851506883  0.669788444003484  -4.262993809173199  -0.0927239263131111  -0.9933190264543686  0.0686992370614583  -3.2368505176982225  0.6637363497280194  -0.11309377941849567  -0.7393671991010735  0.4698549725076765  0.0  0.0  0.0  1.0
13001298760433;5.8803617295845045;0.015378921077293783;-0.8571310107117854  -0.043189067528080854  0.5132846529190687  3.1902063055218006  0.0909918730296769  -0.993503211180392  0.06835092111156862  -7.476201301471087  0.5069979383772135  0.10529042606193412  0.8554922656932389  -0.7640620128029438  0.0  0.0  0.0  1.0
13001298760464;2.166048600398045;0.03477218543028414;-0.8472385218470933  0.5169821034888908  -0.12213268100943975  6.5127597292521076  0.18987632929697595  0.5094478749078714  0.8392912738284367  -0.004845725759498154  0.49611880298075645  0.6878897930802981  -0.5297865286177879  -0.9692139291437649  0.0  0.0  0.0  1.0
13001298760495;4.352922081343947;0.03768503577814808;0.2550372385160243  -0.949336700411146  -0.18361872514152458  1.4183924709426896  -0.9510448211016483  -0.21200103371214712  -0.22487621030405977  1.104367425056479  0.17455587995210925  0.23198144528702996  -0.9569299106082356  4.54881689432421  0.0  0.0  0.0  1.0
13001298760526;3.427592892868579;0.007037350773211051;0.43166632730460225  -0.08706900592472623  0.8978213464151084  -0.46096544380493665  -0.00789155203920483  -0.9956569701362386  -0.09276271463007063  -3.1268871306363053  0.9019988388450235  0.03295733645802423  -0.43047869714519404  -0.3868923288077506  0.0  0.0  0.0  1.0
13001298760557;8.921254112295115;0.01131719334760156;0.8129749346051263  -0.5668554786426322  0.13321644807089064  -7.360141538757479  -0.37961559173496773  -0.34246573540661224  0.8594237735739687  -2.814884046241341  -0.4415470056692744  -0.749261026882649  -0.49360323679981766  -5.596301087987209  0.0  0.0  0.0  1.0
13001298760588;5.635777697146662;0.007241958341260476;-0.4561960402082015  0.7243456205751988  0.5169222328860389  6.649140991194837  0.1052545435942161  0.6207340005933065  -0.7769239226334861  -3.6262312123676663  -0.8836326464946458  -0.30002120335229593  -0.3594170607913734  -6.582001269995892  0.0  0.0  0.0  1.0
13001298760619;9.801579940171315;0.0028530051626329293;-0.4050796932531414  -0.20864891023726645  0.8901550844491881  -4.995054046568352  -0.4372739756815091  0.8992510288127104  0.01179225894256472  -3.0377701225875136  -0.8029333174713995  -0.3844648481149905  -0.4555050694100887  5.812454313147106  0.0  0.0  0.0  1.0
13001298760650;5.928008986154682;0.009462462550258254;0.2434556509154725  -0.1002202041215999  0.9647202997362236  0.6062666572527116  0.9669033334487458  -0.0532054285721235  -0.24953381762030002  -0.27323339511027456  0.07633668713684179  0.9935416916548008  0.0839500871988258  1.4830767566729461  0.0  0.0  0.0  1.0
13001298760681;3.926177848256171;0.0074243205490765775;-0.9166704625929935  -0.17043765851810255  -0.3614778936095724  2.738071012838163  -0.1898597802261282  -0.6101888947127592  0.7691701870338623  -8.04002715661932  -0.35166536204470433  0.7737057045983875  0.5269828799969497  8.691043713077097  0.0  0.0  0.0  1.0
13001298760712;3.640287511906044;0.006967174233701339;-0.25331097020018367  -0.08687227630479871  0.9634763930610154  0.6655621449536429  -0.6581941380675242  0.745371095432721  -0.10584142245346988  -0.8735437879441497  -0.7089527692235853  -0.6609653074882585  -0.24598949836763717  3.083915886865726  0.0  0.0  0.0  1.0
13001298760743;2.23776059014918;0.0034422804256974905;0.8183378223600986  0.029212314889006025  0.5739946420949911  0.2134024574931881  0.40247719634115936  -0.7420728966027086  -0.5360409709649305  -3.710621454944093  0.41028686905662887  0.6696823551404733  -0.6190236088334737  1.3873595128936376  0.0  0.0  0.0  1.0
13001298760774;5.456665076952151;0.005083475879594469;0.6183337063610019  -0.7714853353349947  0.14991265770746737  1.702204701270291  -0.5423612571843363  -0.28083026692199453  0.7918198203416905  -5.308318203227225  -0.5687773679422308  -0.5709157017840476  -0.5920705761757936  -5.0244730848578145  0.0  0.0  0.0  1.0
13001298760805;8.825594568085958;0.013902812334536097;-0.15662239550195867  0.7803397247390764  0.6054249245128351  5.953742137079562  -0.9480728534334436  -0.290592117317895  0.12928296846557882  -6.961918425697104  0.2768163467170917  -0.5537383275039274  0.7853321430091584  -10.17725396515267  0.0  0.0  0.0  1.0
13001298760836;4.000188739564292;0.007585937702315519;-0.8947242614952412  0.4088786514390462  0.1796851253976857  9.182563697179479  0.056509953337075564  -0.29544798606674305  0.9536860661155468  -4.664333889247661  0.4430294810344303  0.8634400592551243  0.24123876763047603  0.31983570523629634  0.0  0.0  0.0  1.0
13001298760867;4.334456072611078;0.004174273306014951;-0.3703502125627145  0.7299165877916656  0.5745106569258078  1.8755626671678995  -0.41874874623599406  0.42088593530124696  -0.8046766536885334  4.920327319856775  -0.8291502925167031  -0.538587787024702  0.14977646039114137  2.254618510576427  0.0  0.0  0.0  1.0
13001298760898;8.680467736983655;0.01276516879316722;-0.5886726397439508  -0.2151304446600301  -0.7792197475662856  0.6675866239313892  0.8046109263340118  -0.06306232813791396  -0.5904442395296514  -10.426190983429207  0.07788312038439937  -0.9745470920125943  0.21021937353390008  -0.3219069087883364  0.0  0.0  0.0  1.0
13001298760929;4.363996845460841;0.036974896225582546;-0.33163199251971137  -0.939996045519428  0.08017266332886169  0.761587943396389  0.09080929362596209  0.052780999663848  0.9944686210563096  -3.0659617347689894  -0.9390281645023005  0.3370780332242399  0.0678565088191128  5.473936045485999  0.0  0.0  0.0  1.0
13001298760960;8.141769742702108;0.00579189301550287;0.4994003683852605  0.8375406853972767  0.22164131465258505  2.2266632642090944  0.23844748247083816  0.11307323113476742  -0.9645502799253458  -0.6566911197147398  -0.8329118021495348  0.5345465786112595  -0.14324065461666635  -4.292959287606306  0.0  0.0  0.0  1.0
13001298760991;5.538685950931398;0.0175868596173933;-0.39241614253401086  0.804012893977627  0.44673575791114906  5.94463875824397  -0.840781167167205  -0.1166178843866926  -0.5286655823657564  -3.476242491909072  -0.37295656585677534  -0.5830639204743284  0.721761639757495  0.4401315327723532  0.0  0.0  0.0  1.0
13001298761022;8.071467038641245;0.012912121288295157;0.4108051103723101  -0.9074665447760731  0.08799790568059089  4.067353968250378  0.9052662896226211  0.41745797195782886  0.0788783019704985  -6.685886277752068  -0.10831484738892778  0.04725792802305892  0.9929927401920323  -6.154268615532034  0.0  0.0  0.0  1.0
13001298761053;9.81526024076362;0.027339091486492013;-0.8794397244601491  -0.07235578379467314  -0.4704789172671989  13.36922243815396  0.35014017991202107  -0.7679042550147489  -0.5363999529655282  -3.7304722620118063  -0.32247112343996726  -0.6364649995731905  0.7006601735974891  -1.9687056064470496  0.0  0.0  0.0  1.0
13001298761084;5.591627609591558;0.006610277081904172;0.4539615813554233  0.8910132891738834  0.0037684438195783702  5.085990950458033  0.5114919803394052  -0.25713186407443805  -0.8199141165549466  -13.116568302436072  -0.729585386847734  0.3741370377189924  -0.5724741394203761  2.731042537669846  0.0  0.0  0.0  1.0
13001298761115;4.7915878266942675;0.024458384036604237;-0.39747501312733396  0.411890792394355  -0.819975358824993  3.95975731252776  0.8427085356900279  0.5174671109551063  -0.1485601324546541  -5.859472041868605  0.36311972931058784  -0.7500491745349267  -0.5527841332426966  -4.164833998471991  0.0  0.0  0.0  1.0
13001298761146;10.139080917100562;0.014698116311912;0.6199851691380879  0.6509593904163251  0.438029978514741  4.38766517108306  0.4340402769589337  -0.7496204939270887  0.4996780494097382  0.8908480769218097  0.6536263672972733  -0.11967032678703218  -0.7472961828220831  -7.011492440708098  0.0  0.0  0.0  1.0
13001298761177;7.93887486463345;0.011005873681639609;-0.30668000963489045  0.9517351894441721  -0.012144993372145474  0.8555372367852438  -0.9507370042631819  -0.3069149427832485  -0.0436161279921341  -2.6716282556062234  -0.04523848378333009  -0.0018294999374346976  0.9989745404738624  5.446260137003328  0.0  0.0  0.0  1.0
13001298761208;3.7143332170860712;0.009739536031094323;-0.44608772846121386  0.7295930708018958  -0.5183625078592926  9.101684933578724  0.8929618594353493  0.4017880697781011  -0.20294202270045433  -1.8238225915546025  0.06020677794134788  -0.5534078947953739  -0.8307315125045355  -1.4168659777235355  0.0  0.0  0.0  1.0
13001298761239;9.442007376163867;0.013113269175698248;0.001945334962255324  -0.36928367486731534  -0.9293146846727299  6.0823297521507005  0.9622441015027866  -0.25225151116211153  0.10225196447758628  1.436912616056575  -0.27218101475852263  -0.8944264880877142  0.35485032423840157  -2.266537642179359  0.0  0.0  0.0  1.0
13001298761270;3.3218855709366024;0.003296577202192652;-0.4715085332841237  0.3425537616149967  0.8126109914612714  9.167606543524071  -0.6433186875791126  0.49665714394117416  -0.5826428988528758  0.15978772848344036  -0.60317557083468  -0.7974889352057567  -0.01380684513733732  1.178480363150175  0.0  0.0  0.0  1.0
13001298761301;1.702374455622597;0.00564006096066178;0.7088466189972122  0.6413443796658745  0.29362196342783375  1.9704166377018204  -0.5547746602961372  0.7639948014946061  -0.3294495706212473  1.4192662057765406  -0.43561628416477677  0.07063518924879314  0.8973567423328699  3.5577932297488903  0.0  0.0  0.0  1.0
13001298761332;2.6966908062382884;0.004141040436108885;-0.24238166870763336  -0.7926779522268468  -0.5593860837811008  6.66182037073522  0.9282596187680049  -0.02182150046567044  -0.37129220606162133  -7.641481966044197  0.2821085018909955  -0.6092499373581259  0.7411000654364694  -2.7494342849704845  0.0  0.0  0.0  1.0
13001298761363;3.780503688669632;0.013864259595852631;-0.31974193742621204  0.03155220874779119  0.9469791716685579  0.8613946690144354  0.8182829375164002  -0.49467022006921885  0.2927702299520922  -10.359684351133449  0.47767994266083974  0.8685078189053952  0.13234818049270974  2.957127189146461  0.0  0.0  0.0  1.0
13001298761394;9.713878523349894;0.014718238004804205;0.9240890833550229  -0.36620973498647413  0.10931512258242035  -0.11889016526555274  0.29249030094292755  0.49357907632832165  -0.8190415857972027  -8.974233423379996  0.24598534484474685  0.7888410013507265  0.5632238318018815  5.591386219482753  0.0  0.0  0.0  1.0
13001298761425;4.539890497597582;0.00948790107221849;0.0946539990948185  0.9955093215073493  0.0013458258935121203  7.59378763720437  -0.9646097092225692  0.09205007784633781  -0.2470928814070414  0.03539686277957177  -0.24610715009708445  0.02209013264923332  0.9689908651327059  -4.0027476634221095  0.0  0.0  0.0  1.0
13001298761456;2.8219341713243176;0.0023371721957075905;0.47343320499110925  -0.8634960325452385  -0.17388387559080518  -0.09872716939742165  0.8403080595046414  0.501952462094866  -0.2047586162495894  -4.648955078947913  0.2640896922323756  -0.049176494136268206  0.9632436383807964  -4.322876943103244  0.0  0.0  0.0  1.0
13001298761487;4.817878682726937;0.022312422882765897;-0.46001024359502657  -0.8027828809076506  0.3793813673722753  1.075973251729407  0.3266592909620398  -0.5503167793402524  -0.7684042881223073  -3.274045724737582  0.8256417403546302  -0.22954539528856902  0.5153878423924969  0.08013490084673602  0.0  0.0  0.0  1.0
13001298761518;2.4163432216525833;0.006772684152275073;-0.9747442200240393  -0.22151433158205835  0.028374397499906386  3.411173263983308  0.2191655584050033  -0.9732456474635455  -0.06898817074171616  -9.676617651928717  0.04289712739510465  -0.06102713000804669  0.9972138817045371  -1.9641073798159698  0.0  0.0  0.0  1.0
13001298761549;2.2392274259590965;0.005532246445202146;0.5452596450426864  -0.025767227903203682  -0.8378710935783071  0.7380507297627098  -0.4904506941361643  -0.820400885939923  -0.29393962470266577  -8.286124807272397  -0.6798161781755996  0.5712078748714637  -0.4599690506713988  6.050244677578771  0.0  0.0  0.0  1.0
13001298761580;8.570690654168628;0.008670054841545548;-0.9220885310613033  0.3819526620892528  -0.06216835857685123  6.846851258291457  -0.3808748181502331  -0.9241773505650054  -0.02882009024401462  2.663371076947919  -0.06846249910888354  -0.002896312410500923  0.9976494863378553  5.191633685673743  0.0  0.0  0.0  1.0
13001298761611;10.391644677470136;0.014339169199377493;0.5420435220495871  0.8048716006589309  0.2415999309950397  3.880750988006902  -0.8338109427776161  0.5509158820879537  0.035369514663824486  -4.11599354098935  -0.10463332121451888  -0.22062048253954525  0.9697311332403625  6.406712575274943  0.0  0.0  0.0  1.0
13001298761642;10.080782196489423;0.007799989319663142;-0.7268338412348587  0.3891343466852625  0.5659390669194118  0.4939578301565204  0.39993053469063716  -0.4301011500835681  0.809363063228644  -14.03333686175836  0.5583620103999213  0.8146087778354875  0.15698536369844135  6.194032426716539  0.0  0.0  0.0  1.0
13001298761673;5.377260718947195;0.011596993062362733;-0.9753334890570171  -0.21088632120656536  -0.06520386991448934  8.576281678479543  0.19405591712400105  -0.9599608071761766  0.20203353611424785  -6.906456474635568  -0.10519926878561099  0.184396876908546  0.9772056618917778  -2.16833698553709  0.0  0.0  0.0  1.0
13001298761704;4.0697080635330884;0.01347332098328934;-0.7556640367953156  -0.5632712456661847  -0.3342115606915359  -1.3341281413033705  0.5511789425051926  -0.2712584472228523  -0.7890631331833369  -7.345812487101496  0.35379886494032864  -0.7804770071026506  0.5154435027731196  -3.5165327848450154  0.0  0.0  0.0  1.0
13001298761735;7.748271368017596;0.011251518343630853;0.17010878007736033  -0.929303962376072  0.32780657170460253  0.30749267042122286  0.9565433402722823  0.2356665052226803  0.17171527741256182  -7.019738717827799  -0.23682871684265167  0.2843509167002296  0.9290084580079996  10.723588798810013  0.0  0.0  0.0  1.0
13001298761766;4.3143958585213165;0.006293045059122711;0.30045700103992345  0.9525330156045564  0.049055526797551534  4.0709049710911565  -0.9442861207609903  0.30431227755014584  -0.12537049042898257  0.6976388319429743  -0.1343477304023258  -0.008654011528350247  0.9908964604943407  3.226679314964586  0.0  0.0  0.0  1.0
13001298761797;8.231005951784896;0.006497974661880163;-0.31894215397415016  0.16489825414535111  -0.9333190602351081  11.607299980752273  0.8865654004730557  -0.29624321444737606  -0.3553051485384594  -1.102869038207213  -0.3350786371918989  -0.9407701757994358  -0.05170863780760872  -1.2043436996844852  0.0  0.0  0.0  1.0
13001298761828;4.4334073516756565;0.003400365099896799;0.7836102433535287  -0.49165178766841783  -0.37978086601864725  -5.651233131899595  0.6123761360741301  0.714249215487777  0.33888571250794086  -3.499719815060576  0.1046444192412726  -0.49812305493476744  0.8607688235897677  -0.17282835072795089  0.0  0.0  0.0  1.0
13001298761859;2.6655230457662435;0.002943506664154093;0.7991482861856191  -0.2153220724055578  -0.5612472020612338  0.4435550948727952  0.5973089318712729  0.3895846881234098  0.7010319612446956  -3.2928938469231768  0.06770566145742159  -0.8954664571689782  0.4399497329148544  -0.7911830591259994  0.0  0.0  0.0  1.0
13001298761890;6.637126318209209;0.007254648535357155;0.4900563672236219  0.8701689050553946  0.05148624688479786  6.043817433484565  -0.8708277834159965  0.49134405045977125  -0.015491794878821796  -8.388114356664957  -0.03877793927439516  -0.03724380153100823  0.9985535392121696  2.118774538757372  0.0  0.0  0.0  1.0
13001298761921;6.263021266226115;0.004667353300326533;-0.7158099820791077  0.6974570244405534  -0.03420188027634863  4.392672934209943  -0.6956834790507721  -0.7165090439252547  -0.05137399097920947  -3.931647428421356  -0.06033710741924775  -0.012980332501432022  0.9980936551428581  6.415794566381842  0.0  0.0  0.0  1.0
13001298761952;8.524152599894595;0.012916745366453703;-0.5638474705798576  -0.03607173759851472  -0.8250908190419526  -1.5649204292467158  -0.00507350030172881  -0.9988755748404923  0.047136457034495705  -5.854970529403228  -0.8258633600756152  0.03076387059035947  0.5630304563262228  5.006071152397832  0.0  0.0  0.0  1.0
13001298761983;3.259695949088397;0.00959286933107839;0.9816593663420323  -0.1846952062526144  -0.047250071537142335  1.934960325726284  0.08182181474379333  0.18431334555088374  0.9794558597935257  -2.407053533523618  -0.1721919832773676  -0.9653581052848448  0.1960450189519284  -5.342733791382426  0.0  0.0  0.0  1.0
13001298762014;4.304140440760447;0.007924104477628141;-0.8906358614725648  -0.10392752857121507  -0.44268141034394304  0.7505581208384785  0.08669247514557094  -0.9944832160799016  0.05905546281684104  -7.8137341678982715  -0.44637672095681474  0.014219765836890386  0.8947321505609296  2.2316498890555674  0.0  0.0  0.0  1.0
13001298762045;5.169410619190491;0.012370592859548208;0.37487429052488175  0.8911107003539502  -0.25571661271446167  6.720583752710134  -0.7830304491883534  0.15667554626185176  -0.6019269796640089  4.195752660021806  -0.49631903242506425  0.425880843568059  0.756500446222212  -0.13486419141179296  0.0  0.0  0.0  1.0
13001298762076;7.251100765186261;0.0034059979007289532;0.4984852327067887  -0.6969068213477998  0.5155902977482859  2.598856739998654  0.8455207466860443  0.2595887192117565  -0.4665922886005248  -1.3281388110167984  0.191329923683501  0.6685316590984356  0.718650319060918  7.205641533465052  0.0  0.0  0.0  1.0
13001298762107;3.6083033742486865;0.00576718627181609;-0.15933865600716277  -0.15417234360388682  0.9751113173220356  0.6033186915422304  -0.3501506506457307  0.9323409585183092  0.09019345276421689  1.061474461241508  -0.923041556244464  -0.32706455866823064  -0.20254150169521568  7.618294165820245  0.0  0.0  0.0  1.0
13001298762138;7.232928857269941;0.013175118920581317;0.8382560603174034  -0.44356182789581267  -0.31714299956781633  -2.867732492856499  0.07832667732824394  -0.4776360370582161  0.8750592824043638  -3.905497559831464  -0.5396218203148044  -0.7583645040065154  -0.36563857852131587  -4.470166879181744  0.0  0.0  0.0  1.0
13001298762169;6.764347421644368;0.004392635083206979;-0.5677512378034394  0.17558149045964108  -0.8042572176739442  9.873843326502044  -0.4908078686433686  0.7121475252060424  0.5019497369465028  -5.0246685579178445  0.6608828701444882  0.6797183553140822  -0.31814586182866417  5.487185070187684  0.0  0.0  0.0  1.0
13001298762200;2.173201777732865;0.004887894116699727;0.4833885478122142  -0.4177987151000425  0.7692722180767686  1.0553411595222855  0.8375503025260314  0.4763496341258586  -0.2675827289021347  -3.7022231457120616  -0.2546468193057817  0.7736506057187015  0.5801893981180067  4.5165627704933495  0.0  0.0  0.0  1.0
13001298762231;5.881331751981235;0.017518076157106474;0.881033997539513  0.17921381167033928  -0.43779162267696964  1.0494855451697962  -0.46096311654643046  0.5331359473489655  -0.7094216424864159  -3.23126907101397  0.10626429486590377  0.8268303764079485  0.5523218520805989  3.166971600868713  0.0  0.0  0.0  1.0
13001298762262;12.753530724937347;0.010083893435642512;0.5687703199394275  -0.8221050247686498  -0.02537028588996585  -7.837045702925611  0.818899015414935  0.5688949682004082  -0.07591388350431331  0.06671932260030378  0.07684221306320532  0.02240186167250426  0.9967915684259948  -4.668179182745949  0.0  0.0  0.0  1.0
13001298762293;4.0873319758586355;0.006860520683076329;-0.7353286475028252  0.30365471020381224  0.6058758925165326  8.483685479326232  0.6776547486505817  0.3409304004991955  0.6515754013518122  -1.6787041010631585  -0.008707571015051797  0.8896967342788763  -0.4564689466113997  3.0957730614970593  0.0  0.0  0.0  1.0
13001298762324;5.257805486369847;0.007588651531071511;0.5666629941428146  -0.5567380143335023  -0.6074008844783563  0.5669746971793027  0.4525712983550694  0.8263328593376749  -0.33519132668377377  -0.6984302503416826  0.6885290632749694  -0.08495168612105802  0.7202158982214165  1.5032667348549882  0.0  0.0  0.0  1.0
13001298762355;3.940223826782666;0.0039035594171649957;0.200967240363914  -0.9747090626983016  0.09774666947937974  -2.0716577439808637  -0.06328388260681575  0.08665593023248475  0.9942262820695041  -8.800917376424135  -0.9775516960768471  -0.20599270096132283  -0.044268370739608265  2.057054808963646  0.0  0.0  0.0  1.0
13001298762386;9.483249247669189;0.008676898547931884;0.43057801841547627  0.8081794501225565  -0.40180660330189283  7.720008297673798  -0.29927875808176335  -0.29215460657674186  -0.9083379937099555  -9.184205132953442  -0.8514897503895393  0.5113625546083638  0.11607559056911454  0.0950269456662336  0.0  0.0  0.0  1.0
13001298762417;6.696026314562576;0.00551327122569282;-0.7988300226684731  -0.601027111604415  -0.025238977791144437  7.181177065599775  0.6011623483008042  -0.7991224154666308  0.0026825518152341354  -4.792191876482391  -0.021781319265607352  -0.013029820230263292  0.9996778470666523  -3.4257100795975215  0.0  0.0  0.0  1.0
13001298762448;6.742317045442832;0.0019799761486622015;0.7714150856551953  -0.04351487409478079  0.6348426744919586  0.9051488810804016  0.3430133836926754  -0.811867573855645  -0.47245408362025  0.4598507895845483  0.5359669618841152  0.5822177412740566  -0.6113607098223164  0.3828038005292511  0.0  0.0  0.0  1.0
13001298762479;4.7976364578938275;0.0032461304894179596;0.48279200749424617  0.7857379089680739  0.38668826709657744  3.2674638087961854  -0.8110838778868356  0.5677064723675296  -0.14089820532592917  2.8857171800254555  -0.3302344932494613  -0.2456120918083905  0.9113834976703161  -5.1253158171733295  0.0  0.0  0.0  1.0
13001298762510;3.641411788076855;0.04823511249231053;0.7045752526486453  -0.6771900015479256  0.2121023695261759  -0.7114390089743147  0.7011978820752524  0.7103160299830434  -0.06142204589809919  -0.15002891013825445  -0.10906531771501946  0.1920021858017468  0.9753152911336281  -1.9457904553852015  0.0  0.0  0.0  1.0
13001298762541;3.070002262790549;0.003920755455964711;-0.8874915494935516  0.4539297980319807  0.07941339960094579  3.0711961297276753  -0.45477060465259767  -0.8905708170407656  0.008204692514257206  -7.745604838147814  0.07444761058251026  -0.02883328448144426  0.996808003070083  -2.4603063810591936  0.0  0.0  0.0  1.0
13001298762572;5.3165421424298245;0.013534825149201068;0.7427145241823908  0.662604254925477  0.09659573967406054  3.8018525146722206  -0.5488311367434136  0.6850277706633948  -0.4790838514924831  2.6381244038169562  -0.38361376266950764  0.3028077851948212  0.8724379211817588  -1.5555655951565446  0.0  0.0  0.0  1.0
13001298762603;8.701034267553123;0.01152494001384536;0.5674090656386263  0.6137562389080948  0.5489537607417313  3.491453406529687  -0.7067451944930904  0.7051006058611008  -0.05783049087835701  1.4937001609969065  -0.4225614538644341  -0.3551568876084167  0.8338497483913261  6.2734280627088  0.0  0.0  0.0  1.0
13001298762634;3.6983118308243395;0.0359642448327256;-0.3143602004832896  0.9389816790772503  0.13961042478759772  3.078396111382309  -0.6821347898230764  -0.3257103733890719  0.6546792200610758  -2.4324232809724586  0.6602043568965091  0.11057196310104522  0.7429024485831552  2.4600515504032043  0.0  0.0  0.0  1.0
13001298762665;3.264462073407414;0.005908436243389941;0.2573171658439489  0.263109789195599  0.9298177859083393  -0.46906433026115546  0.6125407499472961  -0.7886168674790437  0.05364015269875258  -1.154278181540288  0.7473832389183228  0.5557487518267477  -0.3640901248687872  -0.2656597405066745  0.0  0.0  0.0  1.0
13001298762696;11.28400940315467;0.007082585422791421;0.34669590449658527  0.9374139044867429  -0.0325134046235491  1.5243273908996333  -0.9249159992845434  0.33589802148597514  -0.1780531196842153  -3.3838086573766617  -0.15598828184440228  0.0918024555048903  0.9834835865892755  6.194506165701685  0.0  0.0  0.0  1.0
13001298762727;5.9914853246080435;0.00687255516993859;0.669530527595548  0.562480799584997  -0.4851228944461903  -5.1892481143982625  -0.6130653510134643  0.7872166592857067  0.06663937822181243  3.1243549425155632  0.419380195054994  0.25279493950883214  0.871903074059474  -5.009935841824497  0.0  0.0  0.0  1.0
13001298762758;2.650189718750765;0.08306088031199792;-0.07909824928495585  -0.9192610061807213  -0.3856198509875559  1.846967561637923  -0.9735842997685711  -0.011878786230184013  0.22801865204811617  2.1312749748396906  -0.21418935128571936  0.3934693087819019  -0.8940384918125706  0.3689865651111075  0.0  0.0  0.0  1.0
13001298762789;12.47752396560415;0.018349855130673096;0.22824012971068397  0.9578131917081335  0.17464344528074507  14.128629787192832  -0.690760515504485  0.2857180088938836  -0.6642402649747259  2.822190596787011  -0.6861168657084808  0.030969487945283772  0.7268318494719245  3.508758127262734  0.0  0.0  0.0  1.0
13001298762820;2.5113803815995865;0.0017391029856914956;-0.022126587114228977  -0.9966764844167549  -0.07839897673653046  1.4838189339918992  0.9990715068025362  -0.024942937735452447  0.03512796823664857  -8.17139025127517  -0.0369667206820688  -0.07754892177060835  0.99630297916559  -2.0174989819913582  0.0  0.0  0.0  1.0
13001298762851;8.315224491879562;0.015315609082455219;0.2660450591093405  -0.8363813905108591  -0.47925587751286736  4.416423077972141  0.8710739927686888  -0.00434401375033551  0.49113259784558255  -1.9829104094148575  -0.41285605923314384  -0.5481307318073476  0.7273943739147424  4.430823516605421  0.0  0.0  0.0  1.0
13001298762882;7.127338882949794;0.006352331691243793;-0.40763724718016725  0.7829587513810784  0.46990155176074794  3.067357029857882  -0.680347973822164  -0.6036492056398453  0.4156131266532142  -6.827605192898045  0.6090636331512922  -0.15027717779545707  0.7787543005379692  -4.548552461283986  0.0  0.0  0.0  1.0
13001298762913;2.3308338239256097;0.0013361007359193884;-0.888304116346748  -0.45861986384293474  -0.02415817398130471  7.820400108421474  0.4577343079282875  -0.8884137958200814  0.03464434646470447  -9.323865235191658  -0.037351040505383015  0.01971669052459618  0.9991076778245288  -1.3902949067172332  0.0  0.0  0.0  1.0
13001298762944;13.120560348922597;0.020341730678812193;0.021563723063441252  0.8707887874540305  0.4911841747165535  -2.286560170443404  -0.9172612604936128  0.21266758505619904  -0.33675551705062456  4.711820762831345  -0.39770188061575995  -0.4432825125252551  0.8033267257125118  2.2064301143808027  0.0  0.0  0.0  1.0
13001298762975;11.342250680316473;0.014315958631428228;-0.5322267663271911  0.8086495263578193  0.2506404052146748  5.632459124715984  -0.770653397237537  -0.5853199666311824  0.2519799158447261  2.558182939601557  0.35046827321620083  -0.059046423974245726  0.9347114577690324  -9.275847968984749  0.0  0.0  0.0  1.0
13001298763006;4.458598501776789;0.0029213875702510054;0.6607430785149468  -0.3989491625894702  -0.6358129834029443  -2.1756698449527607  -0.495902615616978  0.4038570942001714  -0.7687522639241033  -1.3888309320720547  0.5634706558631347  0.8232490589933006  0.06900584647560062  8.19472864018368  0.0  0.0  0.0  1.0
13001298763037;6.669679305647058;0.003975931651701922;0.5914718369140199  -0.8062541955301649  -0.01073491162339505  -5.108264488481334  0.7176976579994305  0.5324812117855289  -0.4487469563100652  -8.755326857508766  0.3675202550060175  0.25771676562734813  0.8935943883412039  -5.542877369476468  0.0  0.0  0.0  1.0
13001298763068;2.7376255445017748;0.018002283545043324;0.1459608795056267  -0.7734108547320002  0.6168720057164708  1.3320900998515084  -0.9840134302771817  -0.049182732923513384  0.1711684194479517  5.00663155256113  -0.1020440624832204  -0.6319942314332402  -0.7682254231324486  0.862988088669838  0.0  0.0  0.0  1.0
13001298763099;6.456555758447102;0.0016767348151134494;-0.5172767916079227  0.7936811481538808  -0.32014833425921696  8.905621940916363  -0.8537953243641146  -0.45288084384729493  0.25677321778202955  1.2700144924592527  0.05880701452878695  0.40616397715860986  0.9119060032157431  -2.1165517543274217  0.0  0.0  0.0  1.0
