# registration_from_features.py RANSAC RANSAC_config.json euclidean True --use_random_keypoints=False --n_keypoints=5000 --input_txt=/i7g4/neural_comparison/point_clouds_registration_benchmark/planetary/box_met_global.txt --input_pcd_dir=/i7g4/neural_comparison/point_clouds_registration_benchmark/planetary/box_met/ --input_features_dir=/i7g4/neural_comparison/features/3DSmoothNet/planetary/box_met/ --output_dir=/root/neural_registration_comparison/results/3DSmoothNet/RANSAC_mutual_on
id;initial_error;final_error;transformation
7680147070030;7.545142564026325;7.545142564026325;1.0  0.0  0.0  0.0  0.0  1.0  0.0  0.0  0.0  0.0  1.0  0.0  0.0  0.0  0.0  1.0
7680147070061;10.640927348979892;8.83129156910921;0.6761955476383961  -0.7366934993199689  -0.006501493190701632  -20.353973464386897  0.7366131276761697  0.6759172798806397  0.023171769330108907  95.27799032145482  -0.012676020240611499  -0.020457732485691646  0.9997103578999286  11.08592523802723  0.0  0.0  0.0  1.0
7680147070092;9.025949398967478;9.025949398967478;1.0  0.0  0.0  0.0  0.0  1.0  0.0  0.0  0.0  0.0  1.0  0.0  0.0  0.0  0.0  1.0
7680147070123;4.786994751420969;4.786994751420969;1.0  0.0  0.0  0.0  0.0  1.0  0.0  0.0  0.0  0.0  1.0  0.0  0.0  0.0  0.0  1.0
7680147070154;3.758201806177061;3.758201806177061;1.0  0.0  0.0  0.0  0.0  1.0  0.0  0.0  0.0  0.0  1.0  0.0  0.0  0.0  0.0  1.0
7680147070185;16.67684111957192;16.67684111957192;1.0  0.0  0.0  0.0  0.0  1.0  0.0  0.0  0.0  0.0  1.0  0.0  0.0  0.0  0.0  1.0
7680147070216;7.156480741338333;7.156480741338333;1.0  0.0  0.0  0.0  0.0  1.0  0.0  0.0  0.0  0.0  1.0  0.0  0.0  0.0  0.0  1.0
7680147070247;4.543534343953617;4.543534343953617;1.0  0.0  0.0  0.0  0.0  1.0  0.0  0.0  0.0  0.0  1.0  0.0  0.0  0.0  0.0  1.0
7680147070278;7.860981056932645;7.860981056932645;1.0  0.0  0.0  0.0  0.0  1.0  0.0  0.0  0.0  0.0  1.0  0.0  0.0  0.0  0.0  1.0
7680147070309;12.215977712507863;12.215977712507863;1.0  0.0  0.0  0.0  0.0  1.0  0.0  0.0  0.0  0.0  1.0  0.0  0.0  0.0  0.0  1.0
7680147070340;9.621420397831704;9.621420397831704;1.0  0.0  0.0  0.0  0.0  1.0  0.0  0.0  0.0  0.0  1.0  0.0  0.0  0.0  0.0  1.0
7680147070371;4.530868242072095;10.984620427582826;-0.5299441690284803  0.8106177954873728  -0.24911436600867778  -51.626620016704635  0.8429446806500821  0.4713942045551901  -0.25929089701628716  44.94661135948484  -0.09275474692135496  -0.3473993286564781  -0.9331185687642186  -10.931282681214498  0.0  0.0  0.0  1.0
7680147070402;11.153677535127484;11.153677535127484;1.0  0.0  0.0  0.0  0.0  1.0  0.0  0.0  0.0  0.0  1.0  0.0  0.0  0.0  0.0  1.0
7680147070433;6.5184452478862145;6.5184452478862145;1.0  0.0  0.0  0.0  0.0  1.0  0.0  0.0  0.0  0.0  1.0  0.0  0.0  0.0  0.0  1.0
7680147070464;13.779157687380561;13.779157687380561;1.0  0.0  0.0  0.0  0.0  1.0  0.0  0.0  0.0  0.0  1.0  0.0  0.0  0.0  0.0  1.0
7680147070495;6.966857954116943;6.966857954116943;1.0  0.0  0.0  0.0  0.0  1.0  0.0  0.0  0.0  0.0  1.0  0.0  0.0  0.0  0.0  1.0
7680147070526;7.628096648499513;7.628096648499513;1.0  0.0  0.0  0.0  0.0  1.0  0.0  0.0  0.0  0.0  1.0  0.0  0.0  0.0  0.0  1.0
7680147070557;12.205670442716103;10.408614320252305;-0.7540066310085044  0.03096475668048325  0.6561365591391193  -162.50622945594617  0.007403345623934285  0.9992254474521243  -0.03864835879665063  -27.753254661893713  -0.6568250839217222  -0.024283513086464564  -0.7536518560472084  -88.53734428595827  0.0  0.0  0.0  1.0
7680147070588;13.972589640073979;13.972589640073979;1.0  0.0  0.0  0.0  0.0  1.0  0.0  0.0  0.0  0.0  1.0  0.0  0.0  0.0  0.0  1.0
7680147070619;9.983295415447671;9.983295415447671;1.0  0.0  0.0  0.0  0.0  1.0  0.0  0.0  0.0  0.0  1.0  0.0  0.0  0.0  0.0  1.0
7680147070650;4.983189947689928;4.983189947689928;1.0  0.0  0.0  0.0  0.0  1.0  0.0  0.0  0.0  0.0  1.0  0.0  0.0  0.0  0.0  1.0
7680147070681;5.27419459849476;5.27419459849476;1.0  0.0  0.0  0.0  0.0  1.0  0.0  0.0  0.0  0.0  1.0  0.0  0.0  0.0  0.0  1.0
7680147070712;11.641877588335147;11.641877588335147;1.0  0.0  0.0  0.0  0.0  1.0  0.0  0.0  0.0  0.0  1.0  0.0  0.0  0.0  0.0  1.0
7680147070743;6.384964019908019;6.384964019908019;1.0  0.0  0.0  0.0  0.0  1.0  0.0  0.0  0.0  0.0  1.0  0.0  0.0  0.0  0.0  1.0
7680147070774;9.308681266179983;9.308681266179983;1.0  0.0  0.0  0.0  0.0  1.0  0.0  0.0  0.0  0.0  1.0  0.0  0.0  0.0  0.0  1.0
7680147070805;5.341016807889507;5.341016807889507;1.0  0.0  0.0  0.0  0.0  1.0  0.0  0.0  0.0  0.0  1.0  0.0  0.0  0.0  0.0  1.0
7680147070836;8.83474922596794;8.83474922596794;1.0  0.0  0.0  0.0  0.0  1.0  0.0  0.0  0.0  0.0  1.0  0.0  0.0  0.0  0.0  1.0
7680147070867;6.947504424693243;6.947504424693243;1.0  0.0  0.0  0.0  0.0  1.0  0.0  0.0  0.0  0.0  1.0  0.0  0.0  0.0  0.0  1.0
7680147070898;5.179162324391041;5.179162324391041;1.0  0.0  0.0  0.0  0.0  1.0  0.0  0.0  0.0  0.0  1.0  0.0  0.0  0.0  0.0  1.0
7680147070929;8.172064813793584;8.172064813793584;1.0  0.0  0.0  0.0  0.0  1.0  0.0  0.0  0.0  0.0  1.0  0.0  0.0  0.0  0.0  1.0
7680147070960;5.592350345683874;5.592350345683874;1.0  0.0  0.0  0.0  0.0  1.0  0.0  0.0  0.0  0.0  1.0  0.0  0.0  0.0  0.0  1.0
7680147070991;17.111542984644494;17.111542984644494;1.0  0.0  0.0  0.0  0.0  1.0  0.0  0.0  0.0  0.0  1.0  0.0  0.0  0.0  0.0  1.0
7680147071022;5.465700088476111;10.527667678863489;0.669513841480979  0.669542010526628  -0.3216593107704846  -3.298784707507661  -0.6998036903023996  0.7137431892843918  0.029076705268786515  -34.46959679794956  0.24905021803749855  0.20563111605519607  0.9464089142677012  -3.0417293966537278  0.0  0.0  0.0  1.0
7680147071053;12.380450498325937;12.380450498325937;1.0  0.0  0.0  0.0  0.0  1.0  0.0  0.0  0.0  0.0  1.0  0.0  0.0  0.0  0.0  1.0
7680147071084;11.24151184560079;5.140508869286364;-0.015360134047342239  0.9998082745642634  -0.012144150644559938  -105.16657595782306  0.9651090859974124  0.011649663811101156  -0.26158887105212886  103.43388339891438  -0.2613972425395621  -0.015738470253439753  -0.9651029904351116  -50.770298625225436  0.0  0.0  0.0  1.0
7680147071115;12.186275917515337;12.186275917515337;1.0  0.0  0.0  0.0  0.0  1.0  0.0  0.0  0.0  0.0  1.0  0.0  0.0  0.0  0.0  1.0
7680147071146;10.370232338681536;10.905928106553047;-0.9967048912103662  0.029581154610932872  -0.07552691658750654  -67.71045381011514  -0.039210822595155743  -0.9908188656704444  0.12938503322620046  69.09918177489101  -0.07100613514861458  0.13192016799344158  0.9887139111228478  -18.06399773897214  0.0  0.0  0.0  1.0
7680147071177;13.127472395246876;13.127472395246876;1.0  0.0  0.0  0.0  0.0  1.0  0.0  0.0  0.0  0.0  1.0  0.0  0.0  0.0  0.0  1.0
7680147071208;5.015205061296216;5.015205061296216;1.0  0.0  0.0  0.0  0.0  1.0  0.0  0.0  0.0  0.0  1.0  0.0  0.0  0.0  0.0  1.0
7680147071239;9.396380850619304;9.396380850619304;1.0  0.0  0.0  0.0  0.0  1.0  0.0  0.0  0.0  0.0  1.0  0.0  0.0  0.0  0.0  1.0
7680147071270;4.313719515461572;4.313719515461572;1.0  0.0  0.0  0.0  0.0  1.0  0.0  0.0  0.0  0.0  1.0  0.0  0.0  0.0  0.0  1.0
7680147071301;6.640988953970737;6.640988953970737;1.0  0.0  0.0  0.0  0.0  1.0  0.0  0.0  0.0  0.0  1.0  0.0  0.0  0.0  0.0  1.0
7680147071332;4.27645581861147;4.27645581861147;1.0  0.0  0.0  0.0  0.0  1.0  0.0  0.0  0.0  0.0  1.0  0.0  0.0  0.0  0.0  1.0
7680147071363;8.04771944655425;8.04771944655425;1.0  0.0  0.0  0.0  0.0  1.0  0.0  0.0  0.0  0.0  1.0  0.0  0.0  0.0  0.0  1.0
7680147071394;5.63815225752638;5.63815225752638;1.0  0.0  0.0  0.0  0.0  1.0  0.0  0.0  0.0  0.0  1.0  0.0  0.0  0.0  0.0  1.0
7680147071425;4.625670255377578;5.668591137278821;-0.4775280129398547  -0.6498793702300764  0.5912899466480672  -62.2927819385162  -0.865900823279685  0.462177608390163  -0.1913311855038626  -43.99854082403397  -0.14893878306632657  -0.6033644524266484  -0.7834338366745547  2.2249111737173806  0.0  0.0  0.0  1.0
7680147071456;10.74094788718979;8.493002240894421;0.08804629716967095  0.8362986611694665  -0.5411583861318863  -110.546926888418  -0.8788609523769612  0.3209411251095698  0.3529875643708484  -34.44095036740604  0.46888300880045797  0.44452372663285483  0.763247915502341  27.892349290371513  0.0  0.0  0.0  1.0
7680147071487;5.184679137576186;5.184679137576186;1.0  0.0  0.0  0.0  0.0  1.0  0.0  0.0  0.0  0.0  1.0  0.0  0.0  0.0  0.0  1.0
7680147071518;11.144942838730964;7.235926804531154;-0.9053086426547229  -0.4077852885860375  0.1188588235995325  -179.96983149265844  -0.4070044093236621  0.9128694299201541  0.031887532177162094  -49.07992702770562  -0.12150585305144601  -0.01950800681911766  -0.9923989950338449  -20.159900412893293  0.0  0.0  0.0  1.0
7680147071549;4.676713798522656;4.676713798522656;1.0  0.0  0.0  0.0  0.0  1.0  0.0  0.0  0.0  0.0  1.0  0.0  0.0  0.0  0.0  1.0
7680147071580;8.191691152633943;8.191691152633943;1.0  0.0  0.0  0.0  0.0  1.0  0.0  0.0  0.0  0.0  1.0  0.0  0.0  0.0  0.0  1.0
7680147071611;7.069420748707525;7.069420748707525;1.0  0.0  0.0  0.0  0.0  1.0  0.0  0.0  0.0  0.0  1.0  0.0  0.0  0.0  0.0  1.0
7680147071642;6.993248842026112;0.06895749259786002;0.49839925169349114  0.3225853410200891  0.804696765042784  -62.71331797342219  0.20751346086889277  0.8568235799095976  -0.47200796229419334  26.59728712655319  -0.8417460124464997  0.4022338258648258  0.3600994305196311  -102.37718198309942  0.0  0.0  0.0  1.0
7680147071673;7.041527509178438;0.31448911604687746;-0.06937106969878498  -0.0281693387762808  -0.9971931322676437  -8.928148641044181  -0.27153106972147817  -0.9613275613979356  0.04604560644196709  25.868945570358015  -0.9599263163726457  0.27396315089735307  0.059039470573828856  -25.97641051198325  0.0  0.0  0.0  1.0
7680147071704;12.282268918916616;12.282268918916616;1.0  0.0  0.0  0.0  0.0  1.0  0.0  0.0  0.0  0.0  1.0  0.0  0.0  0.0  0.0  1.0
7680147071735;4.789281163838539;4.789281163838539;1.0  0.0  0.0  0.0  0.0  1.0  0.0  0.0  0.0  0.0  1.0  0.0  0.0  0.0  0.0  1.0
7680147071766;3.5325422548569234;0.16375824477467252;-0.27433828164150936  0.5613342517115387  0.7807959817272558  -9.279583251631868  -0.2841821830373713  0.7283588267648219  -0.6234852895761737  -4.173097508794868  -0.9186832936709455  -0.3929341895651458  -0.04029551588805291  -0.03282186978375279  0.0  0.0  0.0  1.0
7680147071797;10.169462042227867;10.169462042227867;1.0  0.0  0.0  0.0  0.0  1.0  0.0  0.0  0.0  0.0  1.0  0.0  0.0  0.0  0.0  1.0
7680147071828;7.018945504589687;7.018945504589687;1.0  0.0  0.0  0.0  0.0  1.0  0.0  0.0  0.0  0.0  1.0  0.0  0.0  0.0  0.0  1.0
7680147071859;4.745586814975582;4.745586814975582;1.0  0.0  0.0  0.0  0.0  1.0  0.0  0.0  0.0  0.0  1.0  0.0  0.0  0.0  0.0  1.0
7680147071890;12.81657864345006;12.81657864345006;1.0  0.0  0.0  0.0  0.0  1.0  0.0  0.0  0.0  0.0  1.0  0.0  0.0  0.0  0.0  1.0
7680147071921;5.809282261310979;5.809282261310979;1.0  0.0  0.0  0.0  0.0  1.0  0.0  0.0  0.0  0.0  1.0  0.0  0.0  0.0  0.0  1.0
7680147071952;7.620338870136215;7.092691391236341;-0.29707511125268904  -0.019626961700189433  -0.9546523768621858  -58.157541903126585  0.6305127285856347  -0.7548546755074811  -0.1806879020742449  6.212231240503613  -0.7170774556250525  -0.6555983535968601  0.23662358588142968  -30.18106032416759  0.0  0.0  0.0  1.0
7680147071983;7.6997638172701715;0.056778926282214495;-0.8719549851140876  -0.3451414725515891  -0.3472346006083091  -134.84255060219874  -0.2371577406629782  -0.3227126694149396  0.9163038464629055  31.05426546965882  -0.42831146374843015  0.8813250801628221  0.19953794901640293  -56.282459172145764  0.0  0.0  0.0  1.0
7680147072014;9.996205289495665;0.27079907167356354;0.5158161251890832  -0.14656974715268875  -0.844068145480279  14.538861552848147  0.5857158847607287  0.7793487439698378  0.2226037681882166  11.295289099091406  0.6251964709864232  -0.6092067337876637  0.48784887841819363  11.508552272319479  0.0  0.0  0.0  1.0
7680147072045;5.258513707654928;0.15920889499553184;-0.2595250634753792  -0.9054183866269073  -0.33595280410502437  -61.2888822203236  0.962310500422534  -0.21317692079036818  -0.1688611892024581  57.78621731389725  0.0812726411815918  -0.3671146218829556  0.9266183746263088  3.713795532380333  0.0  0.0  0.0  1.0
7680147072076;3.639515910577449;3.639515910577449;1.0  0.0  0.0  0.0  0.0  1.0  0.0  0.0  0.0  0.0  1.0  0.0  0.0  0.0  0.0  1.0
7680147072107;12.029329944120931;7.408796762791702;0.11364237542298748  0.7926218001794804  0.5990292917616477  -117.0714218465326  0.9666657866001062  0.051027387545157066  -0.2509052863873455  139.6257944221211  -0.2294398995925083  0.6075745942685201  -0.7604015024146284  -63.106310229884244  0.0  0.0  0.0  1.0
7680147072138;7.590759272086863;0.05882415749198328;0.7551604314430651  -0.24928819990737552  0.606290455284977  15.652365639039653  -0.5686586827831285  -0.709232176559346  0.41667375994685646  45.40799589097331  0.3261288476631314  -0.6594278680188106  -0.6773439758365646  -2.21157338542282  0.0  0.0  0.0  1.0
7680147072169;13.199001909138557;13.199001909138557;1.0  0.0  0.0  0.0  0.0  1.0  0.0  0.0  0.0  0.0  1.0  0.0  0.0  0.0  0.0  1.0
7680147072200;7.797457500134239;7.797457500134239;1.0  0.0  0.0  0.0  0.0  1.0  0.0  0.0  0.0  0.0  1.0  0.0  0.0  0.0  0.0  1.0
7680147072231;7.013635733914746;7.013635733914746;1.0  0.0  0.0  0.0  0.0  1.0  0.0  0.0  0.0  0.0  1.0  0.0  0.0  0.0  0.0  1.0
7680147072262;9.795586278474453;9.795586278474453;1.0  0.0  0.0  0.0  0.0  1.0  0.0  0.0  0.0  0.0  1.0  0.0  0.0  0.0  0.0  1.0
7680147072293;5.948491684290215;5.948491684290215;1.0  0.0  0.0  0.0  0.0  1.0  0.0  0.0  0.0  0.0  1.0  0.0  0.0  0.0  0.0  1.0
7680147072324;9.966999865530171;9.966999865530171;1.0  0.0  0.0  0.0  0.0  1.0  0.0  0.0  0.0  0.0  1.0  0.0  0.0  0.0  0.0  1.0
7680147072355;6.355915505450699;6.355915505450699;1.0  0.0  0.0  0.0  0.0  1.0  0.0  0.0  0.0  0.0  1.0  0.0  0.0  0.0  0.0  1.0
7680147072386;11.538831497596764;11.538831497596764;1.0  0.0  0.0  0.0  0.0  1.0  0.0  0.0  0.0  0.0  1.0  0.0  0.0  0.0  0.0  1.0
7680147072417;7.834517558781045;7.834517558781045;1.0  0.0  0.0  0.0  0.0  1.0  0.0  0.0  0.0  0.0  1.0  0.0  0.0  0.0  0.0  1.0
7680147072448;5.937688742105761;5.937688742105761;1.0  0.0  0.0  0.0  0.0  1.0  0.0  0.0  0.0  0.0  1.0  0.0  0.0  0.0  0.0  1.0
7680147072479;5.153023637941118;7.956938578731371;0.989424892288001  0.042323612349967676  0.13873389765492622  -4.378159032000873  -0.029559123581542474  -0.8775725763792155  0.47853174544667065  41.88374864645294  0.14200225608760228  -0.47757207312069205  -0.8670411029710384  11.900048367973675  0.0  0.0  0.0  1.0
7680147072510;6.2172217632284745;6.2172217632284745;1.0  0.0  0.0  0.0  0.0  1.0  0.0  0.0  0.0  0.0  1.0  0.0  0.0  0.0  0.0  1.0
7680147072541;5.285545456378999;7.482152109959375;0.08369589160679186  -0.9336574417676486  -0.34825102894325355  -72.15802889051099  0.8363751163562949  0.2558071512064954  -0.48480858710589303  77.40600440785003  0.5417302488029805  -0.2506920078971562  0.8022978590949581  60.92922893036224  0.0  0.0  0.0  1.0
7680147072572;4.133909065560788;5.00216938873011;0.633088938928922  0.7711785718019097  -0.06694778412627518  -60.532208847119264  -0.675404981653852  0.5925720507489565  0.4389606764031773  -40.48814780134794  0.37818845323860784  -0.23268428194603646  0.896008659987305  36.14291607581187  0.0  0.0  0.0  1.0
7680147072603;10.395055408305826;10.395055408305826;1.0  0.0  0.0  0.0  0.0  1.0  0.0  0.0  0.0  0.0  1.0  0.0  0.0  0.0  0.0  1.0
7680147072634;11.946248221103541;11.946248221103541;1.0  0.0  0.0  0.0  0.0  1.0  0.0  0.0  0.0  0.0  1.0  0.0  0.0  0.0  0.0  1.0
7680147072665;11.239001405122174;11.239001405122174;1.0  0.0  0.0  0.0  0.0  1.0  0.0  0.0  0.0  0.0  1.0  0.0  0.0  0.0  0.0  1.0
7680147072696;15.195524521954715;15.195524521954715;1.0  0.0  0.0  0.0  0.0  1.0  0.0  0.0  0.0  0.0  1.0  0.0  0.0  0.0  0.0  1.0
7680147072727;7.340738660247694;5.275417328643885;0.9654581574376431  -0.21072277148867008  -0.1532529275845831  10.605636882824058  0.2190358675473601  0.9749227306687238  0.039356803137644225  16.25478271774229  0.14111638800963955  -0.07156523458756778  0.9874029482605056  22.36381229317543  0.0  0.0  0.0  1.0
7680147072758;6.227684121791451;9.68863320321665;-0.9761752858061521  0.06293387229429748  -0.20765630040844665  7.143577789913657  0.09176144091781982  0.9869602021604964  -0.13224748508761205  -11.924601030545686  0.19662565789327546  -0.14815156789368722  -0.9692210602275828  0.8001586322929621  0.0  0.0  0.0  1.0
7680147072789;6.6370184400482515;6.6370184400482515;1.0  0.0  0.0  0.0  0.0  1.0  0.0  0.0  0.0  0.0  1.0  0.0  0.0  0.0  0.0  1.0
7680147072820;9.269844301300596;9.269844301300596;1.0  0.0  0.0  0.0  0.0  1.0  0.0  0.0  0.0  0.0  1.0  0.0  0.0  0.0  0.0  1.0
7680147072851;4.298249925112131;4.298249925112131;1.0  0.0  0.0  0.0  0.0  1.0  0.0  0.0  0.0  0.0  1.0  0.0  0.0  0.0  0.0  1.0
7680147072882;5.601886296953832;3.5374439728832963;-0.6699724455204977  0.7384257285202903  -0.0765791466560094  -182.8159680336704  0.7107535840040455  0.6677938786920359  0.22108975192634028  82.00020884331553  0.2143974465069208  0.09369513883188026  -0.9722422310775163  6.32092582194471  0.0  0.0  0.0  1.0
7680147072913;9.333520105944512;9.333520105944512;1.0  0.0  0.0  0.0  0.0  1.0  0.0  0.0  0.0  0.0  1.0  0.0  0.0  0.0  0.0  1.0
7680147072944;12.394403539673155;12.394403539673155;1.0  0.0  0.0  0.0  0.0  1.0  0.0  0.0  0.0  0.0  1.0  0.0  0.0  0.0  0.0  1.0
7680147072975;12.294304208336897;12.294304208336897;1.0  0.0  0.0  0.0  0.0  1.0  0.0  0.0  0.0  0.0  1.0  0.0  0.0  0.0  0.0  1.0
7680147073006;9.313900341752262;9.313900341752262;1.0  0.0  0.0  0.0  0.0  1.0  0.0  0.0  0.0  0.0  1.0  0.0  0.0  0.0  0.0  1.0
7680147073037;7.440136743478575;0.0656204309753912;0.7754728600766932  0.5149915288936837  0.3652746479735742  -0.278798951604287  -0.46419675776548264  0.07288207617731171  0.8827284820668799  39.16593221049312  0.42797571585837246  -0.854091287942823  0.2955754700506843  7.085144717799446  0.0  0.0  0.0  1.0
7680147073068;14.611712831992941;2.5023196113175556;0.5975167401945286  0.6798534307104751  0.4251741501296876  -31.018746397639262  -0.331742767307163  0.6923220533636387  -0.6408095744959974  -22.459745369699906  -0.7300140283081485  0.24184599888679742  0.6392104749577852  -84.37548999974062  0.0  0.0  0.0  1.0
7680147073099;5.832775396124054;0.15266202793241787;-0.2894218621292467  0.7867603131735439  0.5452001424584435  -77.12692262353923  -0.6811593157111404  0.23088353693037988  -0.694776783574731  -30.49864899723145  -0.6725005370567154  -0.5724517464289769  0.4690863733565962  -33.922056602817726  0.0  0.0  0.0  1.0
