# registration_from_features.py RANSAC RANSAC_config.json euclidean True --use_random_keypoints=True --n_keypoints=5000 --input_txt=/i7g4/neural_comparison/point_clouds_registration_benchmark/planetary/box_met_global.txt --input_pcd_dir=/i7g4/neural_comparison/point_clouds_registration_benchmark/planetary/box_met/ --input_features_dir=/i7g4/neural_comparison/features/3DSmoothNet/planetary/box_met/ --output_dir=/root/neural_registration_comparison/results/3DSmoothNet/RANSAC_mutual_on
id;initial_error;final_error;transformation
7680147070030;7.545142564026325;0.337445177228861;-0.9122640383634412  0.2162029433713088  0.34789454089768396  -136.0456551749512  0.39980777653752597  0.28537938506759625  0.8710409567859377  37.15996669550254  0.08903968850432593  0.9337102836833409  -0.34678096835759215  3.212943677512096  0.0  0.0  0.0  1.0
7680147070061;10.640927348979892;10.640927348979892;1.0  0.0  0.0  0.0  0.0  1.0  0.0  0.0  0.0  0.0  1.0  0.0  0.0  0.0  0.0  1.0
7680147070092;9.025949398967478;9.025949398967478;1.0  0.0  0.0  0.0  0.0  1.0  0.0  0.0  0.0  0.0  1.0  0.0  0.0  0.0  0.0  1.0
7680147070123;4.786994751420969;4.786994751420969;1.0  0.0  0.0  0.0  0.0  1.0  0.0  0.0  0.0  0.0  1.0  0.0  0.0  0.0  0.0  1.0
7680147070154;3.758201806177061;3.758201806177061;1.0  0.0  0.0  0.0  0.0  1.0  0.0  0.0  0.0  0.0  1.0  0.0  0.0  0.0  0.0  1.0
7680147070185;16.67684111957192;16.67684111957192;1.0  0.0  0.0  0.0  0.0  1.0  0.0  0.0  0.0  0.0  1.0  0.0  0.0  0.0  0.0  1.0
7680147070216;7.156480741338333;7.156480741338333;1.0  0.0  0.0  0.0  0.0  1.0  0.0  0.0  0.0  0.0  1.0  0.0  0.0  0.0  0.0  1.0
7680147070247;4.543534343953617;4.543534343953617;1.0  0.0  0.0  0.0  0.0  1.0  0.0  0.0  0.0  0.0  1.0  0.0  0.0  0.0  0.0  1.0
7680147070278;7.860981056932645;15.210351526500043;-0.9605475677813704  0.1733622629604394  0.21747159770997512  -163.2760238611125  -0.1391756944008539  0.37736378799045883  -0.9155472121095297  -4.601858953616805  -0.24078724243060287  -0.909693408404572  -0.33834805539257734  0.5761466501536052  0.0  0.0  0.0  1.0
7680147070309;12.215977712507863;12.215977712507863;1.0  0.0  0.0  0.0  0.0  1.0  0.0  0.0  0.0  0.0  1.0  0.0  0.0  0.0  0.0  1.0
7680147070340;9.621420397831704;9.621420397831704;1.0  0.0  0.0  0.0  0.0  1.0  0.0  0.0  0.0  0.0  1.0  0.0  0.0  0.0  0.0  1.0
7680147070371;4.530868242072095;4.530868242072095;1.0  0.0  0.0  0.0  0.0  1.0  0.0  0.0  0.0  0.0  1.0  0.0  0.0  0.0  0.0  1.0
7680147070402;11.153677535127484;11.153677535127484;1.0  0.0  0.0  0.0  0.0  1.0  0.0  0.0  0.0  0.0  1.0  0.0  0.0  0.0  0.0  1.0
7680147070433;6.5184452478862145;6.5184452478862145;1.0  0.0  0.0  0.0  0.0  1.0  0.0  0.0  0.0  0.0  1.0  0.0  0.0  0.0  0.0  1.0
7680147070464;13.779157687380561;13.779157687380561;1.0  0.0  0.0  0.0  0.0  1.0  0.0  0.0  0.0  0.0  1.0  0.0  0.0  0.0  0.0  1.0
7680147070495;6.966857954116943;6.966857954116943;1.0  0.0  0.0  0.0  0.0  1.0  0.0  0.0  0.0  0.0  1.0  0.0  0.0  0.0  0.0  1.0
7680147070526;7.628096648499513;7.628096648499513;1.0  0.0  0.0  0.0  0.0  1.0  0.0  0.0  0.0  0.0  1.0  0.0  0.0  0.0  0.0  1.0
7680147070557;12.205670442716103;12.0481917576506;0.08817479137451366  -0.9915994647854838  0.09463460045460824  -28.658379464911306  0.9809328616425856  0.06992049482443916  -0.18133351966250913  119.07276874946689  0.17319332295371273  0.1088192346997896  0.9788577256392282  23.81289383665817  0.0  0.0  0.0  1.0
7680147070588;13.972589640073979;13.972589640073979;1.0  0.0  0.0  0.0  0.0  1.0  0.0  0.0  0.0  0.0  1.0  0.0  0.0  0.0  0.0  1.0
7680147070619;9.983295415447671;8.27824677010604;-0.5857578669162756  -0.48551832233838144  -0.6489681656440619  -0.545883532282259  -0.32840608994145254  -0.5898554112352965  0.7377127041916832  4.993339963706859  -0.7409704187314508  0.645246117780001  0.18606527364012815  16.784458914770028  0.0  0.0  0.0  1.0
7680147070650;4.983189947689928;4.983189947689928;1.0  0.0  0.0  0.0  0.0  1.0  0.0  0.0  0.0  0.0  1.0  0.0  0.0  0.0  0.0  1.0
7680147070681;5.27419459849476;5.27419459849476;1.0  0.0  0.0  0.0  0.0  1.0  0.0  0.0  0.0  0.0  1.0  0.0  0.0  0.0  0.0  1.0
7680147070712;11.641877588335147;11.641877588335147;1.0  0.0  0.0  0.0  0.0  1.0  0.0  0.0  0.0  0.0  1.0  0.0  0.0  0.0  0.0  1.0
7680147070743;6.384964019908019;6.384964019908019;1.0  0.0  0.0  0.0  0.0  1.0  0.0  0.0  0.0  0.0  1.0  0.0  0.0  0.0  0.0  1.0
7680147070774;9.308681266179983;9.308681266179983;1.0  0.0  0.0  0.0  0.0  1.0  0.0  0.0  0.0  0.0  1.0  0.0  0.0  0.0  0.0  1.0
7680147070805;5.341016807889507;5.341016807889507;1.0  0.0  0.0  0.0  0.0  1.0  0.0  0.0  0.0  0.0  1.0  0.0  0.0  0.0  0.0  1.0
7680147070836;8.83474922596794;8.83474922596794;1.0  0.0  0.0  0.0  0.0  1.0  0.0  0.0  0.0  0.0  1.0  0.0  0.0  0.0  0.0  1.0
7680147070867;6.947504424693243;6.947504424693243;1.0  0.0  0.0  0.0  0.0  1.0  0.0  0.0  0.0  0.0  1.0  0.0  0.0  0.0  0.0  1.0
7680147070898;5.179162324391041;11.662076514371961;-0.05259362920505273  0.8783461324382114  -0.4751231227775359  -100.33555308118348  -0.7949234239943976  -0.32479694944699294  -0.5124487209613761  -42.87713961886477  -0.6044258930192057  0.3507349615603833  0.715300165376167  -50.552716792781965  0.0  0.0  0.0  1.0
7680147070929;8.172064813793584;8.172064813793584;1.0  0.0  0.0  0.0  0.0  1.0  0.0  0.0  0.0  0.0  1.0  0.0  0.0  0.0  0.0  1.0
7680147070960;5.592350345683874;10.707282465316831;-0.4974424592232536  -0.8481112141455609  -0.18236876981123853  -83.89656988705075  0.39207053188558283  -0.032269748666191395  -0.9193690017332419  36.07121830951438  0.7738421659414009  -0.5288345977350233  0.34857175796320394  37.9848500310725  0.0  0.0  0.0  1.0
7680147070991;17.111542984644494;17.111542984644494;1.0  0.0  0.0  0.0  0.0  1.0  0.0  0.0  0.0  0.0  1.0  0.0  0.0  0.0  0.0  1.0
7680147071022;5.465700088476111;5.465700088476111;1.0  0.0  0.0  0.0  0.0  1.0  0.0  0.0  0.0  0.0  1.0  0.0  0.0  0.0  0.0  1.0
7680147071053;12.380450498325937;12.380450498325937;1.0  0.0  0.0  0.0  0.0  1.0  0.0  0.0  0.0  0.0  1.0  0.0  0.0  0.0  0.0  1.0
7680147071084;11.24151184560079;11.24151184560079;1.0  0.0  0.0  0.0  0.0  1.0  0.0  0.0  0.0  0.0  1.0  0.0  0.0  0.0  0.0  1.0
7680147071115;12.186275917515337;12.186275917515337;1.0  0.0  0.0  0.0  0.0  1.0  0.0  0.0  0.0  0.0  1.0  0.0  0.0  0.0  0.0  1.0
7680147071146;10.370232338681536;10.370232338681536;1.0  0.0  0.0  0.0  0.0  1.0  0.0  0.0  0.0  0.0  1.0  0.0  0.0  0.0  0.0  1.0
7680147071177;13.127472395246876;13.127472395246876;1.0  0.0  0.0  0.0  0.0  1.0  0.0  0.0  0.0  0.0  1.0  0.0  0.0  0.0  0.0  1.0
7680147071208;5.015205061296216;5.015205061296216;1.0  0.0  0.0  0.0  0.0  1.0  0.0  0.0  0.0  0.0  1.0  0.0  0.0  0.0  0.0  1.0
7680147071239;9.396380850619304;9.396380850619304;1.0  0.0  0.0  0.0  0.0  1.0  0.0  0.0  0.0  0.0  1.0  0.0  0.0  0.0  0.0  1.0
7680147071270;4.313719515461572;4.313719515461572;1.0  0.0  0.0  0.0  0.0  1.0  0.0  0.0  0.0  0.0  1.0  0.0  0.0  0.0  0.0  1.0
7680147071301;6.640988953970737;6.640988953970737;1.0  0.0  0.0  0.0  0.0  1.0  0.0  0.0  0.0  0.0  1.0  0.0  0.0  0.0  0.0  1.0
7680147071332;4.27645581861147;4.27645581861147;1.0  0.0  0.0  0.0  0.0  1.0  0.0  0.0  0.0  0.0  1.0  0.0  0.0  0.0  0.0  1.0
7680147071363;8.04771944655425;0.14318741996799414;0.8035096833129534  -0.5418093964754327  0.24660650176596122  -15.936093463268605  0.1627079750237273  -0.1985992307252263  -0.9664804500966523  20.065863874214635  0.5726240509147307  0.8167012449153466  -0.07141969523687719  35.02977829367715  0.0  0.0  0.0  1.0
7680147071394;5.63815225752638;5.63815225752638;1.0  0.0  0.0  0.0  0.0  1.0  0.0  0.0  0.0  0.0  1.0  0.0  0.0  0.0  0.0  1.0
7680147071425;4.625670255377578;4.625670255377578;1.0  0.0  0.0  0.0  0.0  1.0  0.0  0.0  0.0  0.0  1.0  0.0  0.0  0.0  0.0  1.0
7680147071456;10.74094788718979;10.74094788718979;1.0  0.0  0.0  0.0  0.0  1.0  0.0  0.0  0.0  0.0  1.0  0.0  0.0  0.0  0.0  1.0
7680147071487;5.184679137576186;5.184679137576186;1.0  0.0  0.0  0.0  0.0  1.0  0.0  0.0  0.0  0.0  1.0  0.0  0.0  0.0  0.0  1.0
7680147071518;11.144942838730964;11.144942838730964;1.0  0.0  0.0  0.0  0.0  1.0  0.0  0.0  0.0  0.0  1.0  0.0  0.0  0.0  0.0  1.0
7680147071549;4.676713798522656;4.676713798522656;1.0  0.0  0.0  0.0  0.0  1.0  0.0  0.0  0.0  0.0  1.0  0.0  0.0  0.0  0.0  1.0
7680147071580;8.191691152633943;8.191691152633943;1.0  0.0  0.0  0.0  0.0  1.0  0.0  0.0  0.0  0.0  1.0  0.0  0.0  0.0  0.0  1.0
7680147071611;7.069420748707525;7.069420748707525;1.0  0.0  0.0  0.0  0.0  1.0  0.0  0.0  0.0  0.0  1.0  0.0  0.0  0.0  0.0  1.0
7680147071642;6.993248842026112;0.05969169974361203;0.495789422883824  0.32328648485251943  0.8060264864557658  -62.960800625692386  0.21127045057172325  0.8553455925931142  -0.4730208388081389  26.96673579728076  -0.8423524469435262  0.4048083076509622  0.3557704163994222  -102.53788531164093  0.0  0.0  0.0  1.0
7680147071673;7.041527509178438;7.041527509178438;1.0  0.0  0.0  0.0  0.0  1.0  0.0  0.0  0.0  0.0  1.0  0.0  0.0  0.0  0.0  1.0
7680147071704;12.282268918916616;12.282268918916616;1.0  0.0  0.0  0.0  0.0  1.0  0.0  0.0  0.0  0.0  1.0  0.0  0.0  0.0  0.0  1.0
7680147071735;4.789281163838539;9.216901088579565;-0.3227671950132408  -0.09081377022155994  -0.9421115629061296  -116.96780250321001  0.7956249320183002  0.5130992735635708  -0.32204053008807904  90.42127228300717  0.5126424732444236  -0.8535115667679506  -0.09335791353259101  56.17034820375619  0.0  0.0  0.0  1.0
7680147071766;3.5325422548569234;0.17351975201137443;-0.27269021157835605  0.5581625821950892  0.7836418699550589  -9.185310249981375  -0.2842271114884031  0.7314196208365782  -0.619871186094527  -4.1794795494780725  -0.9191599412530502  -0.39176507002614047  -0.040806032680268944  -0.061866498061637465  0.0  0.0  0.0  1.0
7680147071797;10.169462042227867;10.169462042227867;1.0  0.0  0.0  0.0  0.0  1.0  0.0  0.0  0.0  0.0  1.0  0.0  0.0  0.0  0.0  1.0
7680147071828;7.018945504589687;7.018945504589687;1.0  0.0  0.0  0.0  0.0  1.0  0.0  0.0  0.0  0.0  1.0  0.0  0.0  0.0  0.0  1.0
7680147071859;4.745586814975582;4.745586814975582;1.0  0.0  0.0  0.0  0.0  1.0  0.0  0.0  0.0  0.0  1.0  0.0  0.0  0.0  0.0  1.0
7680147071890;12.81657864345006;12.81657864345006;1.0  0.0  0.0  0.0  0.0  1.0  0.0  0.0  0.0  0.0  1.0  0.0  0.0  0.0  0.0  1.0
7680147071921;5.809282261310979;5.809282261310979;1.0  0.0  0.0  0.0  0.0  1.0  0.0  0.0  0.0  0.0  1.0  0.0  0.0  0.0  0.0  1.0
7680147071952;7.620338870136215;7.620338870136215;1.0  0.0  0.0  0.0  0.0  1.0  0.0  0.0  0.0  0.0  1.0  0.0  0.0  0.0  0.0  1.0
7680147071983;7.6997638172701715;0.06710587817741126;-0.8738298893783671  -0.3472103468816374  -0.34039139155878234  -134.86301778486163  -0.23149696563219818  -0.3185416816587274  0.9192063707074246  31.418077067652646  -0.4275868091184247  0.8820295755043388  0.19797310070704272  -56.278418757782184  0.0  0.0  0.0  1.0
7680147072014;9.996205289495665;0.2020061115705749;0.5217563782758776  -0.16539846602742997  -0.8369071807340479  14.81846271121192  0.5881339360853426  0.7803641510872966  0.21243884984287997  11.40251810236561  0.6179553017437442  -0.6030548392423167  0.5044364240548278  11.125387483390586  0.0  0.0  0.0  1.0
7680147072045;5.258513707654928;8.693025393843596;0.1091948482109009  -0.39480126816147754  -0.9122545937304385  -47.37310397568055  -0.9803259514085754  -0.1945850742745045  -0.033131221898047736  -38.08669293529035  -0.16443087945720658  0.8979246112718343  -0.40828161647722405  -18.881400820534502  0.0  0.0  0.0  1.0
7680147072076;3.639515910577449;3.639515910577449;1.0  0.0  0.0  0.0  0.0  1.0  0.0  0.0  0.0  0.0  1.0  0.0  0.0  0.0  0.0  1.0
7680147072107;12.029329944120931;2.287691462844719;-0.46177651979145584  -0.885747938401376  0.047042910060954145  -116.7236730384396  0.8785828393803449  -0.46404021743554397  -0.11295517229743726  161.51532349350504  0.12187961320771318  -0.010828952861887571  0.9924858153466241  9.468260372187277  0.0  0.0  0.0  1.0
7680147072138;7.590759272086863;0.0543901065047433;0.7528539522297572  -0.252437383314428  0.6078538427265225  15.742816732311322  -0.571183460666631  -0.7094694562778469  0.4127984312830027  45.32373784851798  0.3270479794662039  -0.6579729919336972  -0.6783149423482373  -2.267837153601329  0.0  0.0  0.0  1.0
7680147072169;13.199001909138557;13.199001909138557;1.0  0.0  0.0  0.0  0.0  1.0  0.0  0.0  0.0  0.0  1.0  0.0  0.0  0.0  0.0  1.0
7680147072200;7.797457500134239;7.624070276039438;0.5408794012484849  -0.7288495254249688  0.4197950006763752  -15.594507672960606  -0.12347670718194015  0.4248885582713634  0.8967849328760977  7.855995858573115  -0.8319873653419175  -0.5368874019176457  0.13981752956455218  -32.99717305192375  0.0  0.0  0.0  1.0
7680147072231;7.013635733914746;7.013635733914746;1.0  0.0  0.0  0.0  0.0  1.0  0.0  0.0  0.0  0.0  1.0  0.0  0.0  0.0  0.0  1.0
7680147072262;9.795586278474453;9.795586278474453;1.0  0.0  0.0  0.0  0.0  1.0  0.0  0.0  0.0  0.0  1.0  0.0  0.0  0.0  0.0  1.0
7680147072293;5.948491684290215;5.948491684290215;1.0  0.0  0.0  0.0  0.0  1.0  0.0  0.0  0.0  0.0  1.0  0.0  0.0  0.0  0.0  1.0
7680147072324;9.966999865530171;9.966999865530171;1.0  0.0  0.0  0.0  0.0  1.0  0.0  0.0  0.0  0.0  1.0  0.0  0.0  0.0  0.0  1.0
7680147072355;6.355915505450699;5.427546448507478;-0.43375764836927244  0.8942524833876304  0.11030321135948333  -135.8387138116343  0.7123124761325318  0.4152981415629804  -0.5658077323263412  63.52850454381671  -0.5517836884387761  -0.16685307779418088  -0.8171259459859959  -48.88688097653127  0.0  0.0  0.0  1.0
7680147072386;11.538831497596764;11.538831497596764;1.0  0.0  0.0  0.0  0.0  1.0  0.0  0.0  0.0  0.0  1.0  0.0  0.0  0.0  0.0  1.0
7680147072417;7.834517558781045;7.834517558781045;1.0  0.0  0.0  0.0  0.0  1.0  0.0  0.0  0.0  0.0  1.0  0.0  0.0  0.0  0.0  1.0
7680147072448;5.937688742105761;9.451402073003305;0.5677126820053181  0.08985113692842132  -0.8183086727409153  -27.729025427868734  0.048769256733147984  -0.9959507883435631  -0.07552209475068329  -0.5021298735198753  -0.8217809138012546  0.002966545213706888  -0.5697958663604625  -20.79578619818472  0.0  0.0  0.0  1.0
7680147072479;5.153023637941118;19.788610671804744;1.0  0.0  0.0  -26.358381  0.0  1.0  0.0  -16.427108  0.0  0.0  1.0  -9.118302799999999  0.0  0.0  0.0  1.0
7680147072510;6.2172217632284745;6.2172217632284745;1.0  0.0  0.0  0.0  0.0  1.0  0.0  0.0  0.0  0.0  1.0  0.0  0.0  0.0  0.0  1.0
7680147072541;5.285545456378999;5.285545456378999;1.0  0.0  0.0  0.0  0.0  1.0  0.0  0.0  0.0  0.0  1.0  0.0  0.0  0.0  0.0  1.0
7680147072572;4.133909065560788;4.133909065560788;1.0  0.0  0.0  0.0  0.0  1.0  0.0  0.0  0.0  0.0  1.0  0.0  0.0  0.0  0.0  1.0
7680147072603;10.395055408305826;10.395055408305826;1.0  0.0  0.0  0.0  0.0  1.0  0.0  0.0  0.0  0.0  1.0  0.0  0.0  0.0  0.0  1.0
7680147072634;11.946248221103541;11.946248221103541;1.0  0.0  0.0  0.0  0.0  1.0  0.0  0.0  0.0  0.0  1.0  0.0  0.0  0.0  0.0  1.0
7680147072665;11.239001405122174;11.239001405122174;1.0  0.0  0.0  0.0  0.0  1.0  0.0  0.0  0.0  0.0  1.0  0.0  0.0  0.0  0.0  1.0
7680147072696;15.195524521954715;15.195524521954715;1.0  0.0  0.0  0.0  0.0  1.0  0.0  0.0  0.0  0.0  1.0  0.0  0.0  0.0  0.0  1.0
7680147072727;7.340738660247694;7.340738660247694;1.0  0.0  0.0  0.0  0.0  1.0  0.0  0.0  0.0  0.0  1.0  0.0  0.0  0.0  0.0  1.0
7680147072758;6.227684121791451;8.437341115111927;0.6016598037615803  -0.7610234919504597  0.24258756200000142  14.88495706935432  -0.582834429344899  -0.6259545170555623  -0.5181553536806727  5.698308153658578  0.5461771768462883  0.17036486514908472  -0.8201623645443334  -1.8967101704599534  0.0  0.0  0.0  1.0
7680147072789;6.6370184400482515;6.6370184400482515;1.0  0.0  0.0  0.0  0.0  1.0  0.0  0.0  0.0  0.0  1.0  0.0  0.0  0.0  0.0  1.0
7680147072820;9.269844301300596;9.269844301300596;1.0  0.0  0.0  0.0  0.0  1.0  0.0  0.0  0.0  0.0  1.0  0.0  0.0  0.0  0.0  1.0
7680147072851;4.298249925112131;4.298249925112131;1.0  0.0  0.0  0.0  0.0  1.0  0.0  0.0  0.0  0.0  1.0  0.0  0.0  0.0  0.0  1.0
7680147072882;5.601886296953832;5.601886296953832;1.0  0.0  0.0  0.0  0.0  1.0  0.0  0.0  0.0  0.0  1.0  0.0  0.0  0.0  0.0  1.0
7680147072913;9.333520105944512;9.333520105944512;1.0  0.0  0.0  0.0  0.0  1.0  0.0  0.0  0.0  0.0  1.0  0.0  0.0  0.0  0.0  1.0
7680147072944;12.394403539673155;12.394403539673155;1.0  0.0  0.0  0.0  0.0  1.0  0.0  0.0  0.0  0.0  1.0  0.0  0.0  0.0  0.0  1.0
7680147072975;12.294304208336897;12.294304208336897;1.0  0.0  0.0  0.0  0.0  1.0  0.0  0.0  0.0  0.0  1.0  0.0  0.0  0.0  0.0  1.0
7680147073006;9.313900341752262;9.313900341752262;1.0  0.0  0.0  0.0  0.0  1.0  0.0  0.0  0.0  0.0  1.0  0.0  0.0  0.0  0.0  1.0
7680147073037;7.440136743478575;0.07601951494855719;0.7727243453593111  0.5166609729240554  0.3687255417599819  -0.2061296560900825  -0.4684995166742996  0.07230702259055158  0.8804997997501394  39.16091167233406  0.4282584371205908  -0.8531313694509521  0.2979288127955586  7.120958062302825  0.0  0.0  0.0  1.0
7680147073068;14.611712831992941;14.611712831992941;1.0  0.0  0.0  0.0  0.0  1.0  0.0  0.0  0.0  0.0  1.0  0.0  0.0  0.0  0.0  1.0
7680147073099;5.832775396124054;0.1256085446343544;-0.28948293184206036  0.7873996977288749  0.5442438315576958  -77.17394511188971  -0.6806739441536718  0.2304141491210966  -0.6954080109080466  -30.505066731480834  -0.6729655369500063  -0.5717613452318004  0.46926149445305343  -33.946796833692204  0.0  0.0  0.0  1.0
