# registration_from_features.py RANSAC RANSAC_config.json euclidean True --use_random_keypoints=True --n_keypoints=5000 --input_txt=/i7g4/neural_comparison/point_clouds_registration_benchmark/eth/gazebo_winter_global.txt --input_pcd_dir=/i7g4/neural_comparison/point_clouds_registration_benchmark/eth/gazebo_winter/ --input_features_dir=/i7g4/neural_comparison/features/3DSmoothNet/eth/gazebo_winter/ --output_dir=/root/neural_registration_comparison/results/3DSmoothNet/RANSAC_mutual_on
id;initial_error;final_error;transformation
38591597440030;3.9584549028563556;0.009783997140251292;-0.04262651754997172  0.9903038428978674  0.132216786919354  5.468339604894069  0.9533390818438529  0.07990526856453048  -0.2911352659585407  -5.820040773276357  -0.29887719054936596  0.11363734772224382  -0.9475014396674931  -6.7228352534219535  0.0  0.0  0.0  1.0
38591597440061;2.893302858668122;0.005337519946696265;0.47955842363586926  -0.0984797632271794  0.8719664297176807  -2.402484728100786  -0.5913032661718628  0.6979419494573583  0.4040265865040934  0.6753733125864709  -0.6483703923949392  -0.7093509508151671  0.2764725354230533  -1.2177485008533004  0.0  0.0  0.0  1.0
38591597440092;2.596560926939177;0.014093570364380222;0.14339033108740135  -0.9656905212236083  -0.21652027657824718  -0.20190070765381374  0.9513110175057887  0.19481149927340352  -0.23886361741158896  -1.6624443994318079  0.27284897090285376  -0.17172739143690519  0.946606117721373  -5.01571291585358  0.0  0.0  0.0  1.0
38591597440123;2.5491129024057546;0.021843293577308426;0.6408663692034244  0.7071537566836235  0.29870363444768755  2.791211278635586  -0.5520321727630026  0.6949281654444683  -0.4607985732470776  4.075800594529533  -0.5334330108444516  0.1304162922346104  0.8357277150251742  2.478992639502586  0.0  0.0  0.0  1.0
38591597440154;2.8903184466470044;0.012820401819935207;-0.9017254259278629  0.10322742019080391  -0.4198039494287365  8.509503567457395  -0.05665420787634426  -0.9909156521243512  -0.12196913996940426  -0.4949790788139903  -0.42858086397448747  -0.08619901447072018  0.8993821061924454  4.168176820120302  0.0  0.0  0.0  1.0
38591597440185;5.076548343189817;0.01307942080503262;0.4828526481117054  0.2556283161197339  0.837560436153298  6.887336507031496  -0.2743622502315744  0.9524509107635342  -0.13252402889129708  1.9258698698265544  -0.8316120945845964  -0.16580538767936273  0.5300282044920965  -1.9403963022411372  0.0  0.0  0.0  1.0
38591597440216;1.6762692747156474;0.04080383142508654;0.8403180540782943  -0.5414781653542861  -0.02582565458271746  1.1158250548007596  0.24562309713831135  0.33784684686243116  0.9085861556381414  -0.5179362268829806  -0.48325444865231537  -0.7698447275325525  0.41689834893901623  0.16548801943799363  0.0  0.0  0.0  1.0
38591597440247;4.93981129019194;0.004446014439171507;-0.19580570572989991  0.6544530418034925  -0.7303090727067355  13.085711329853265  0.8014341202059266  -0.32237358739279776  -0.5037644500371684  -1.9292996937243876  -0.5651225323532664  -0.6839345628242912  -0.4613784099857483  1.4058796526226944  0.0  0.0  0.0  1.0
38591597440278;3.836455877765292;0.004996040975492953;-0.854541160284199  0.5134366839962597  -0.07837204161599677  -3.9278432307422864  -0.3994371932054312  -0.7461165822060675  -0.5326912562087947  -4.278439950435411  -0.3319779120126849  -0.4239018958250378  0.8426730378098238  3.003878300108396  0.0  0.0  0.0  1.0
38591597440309;3.8455601514228666;0.0052284623344239865;0.574775552350454  0.017021006042635737  -0.8181340658923382  6.7789901851413745  -0.14651433510756678  -0.9814875171852799  -0.12335235391942942  0.21847660533274316  -0.8050879542188046  0.19076828605083485  -0.5616412084320455  3.353149489675174  0.0  0.0  0.0  1.0
38591597440340;3.1249643016133017;0.0059522416526650085;0.08242160156209669  0.4995382126091573  -0.8623620201163702  7.1408909452260945  0.8354823595618194  0.4370923027134361  0.3330458613609846  -0.34641208129678785  0.5433009354464183  -0.7479384286503228  -0.3813295169418866  -3.183242490484001  0.0  0.0  0.0  1.0
38591597440371;1.9082676334258446;0.023728487753667694;-0.25232840133480255  -0.1366983733871036  -0.9579373322890921  5.324475645380279  0.01802645986169979  0.9891352929087426  -0.14589866026523318  -1.6505639313689908  0.9674737332996057  -0.05408259457214873  -0.24712273942247248  -4.324480199475478  0.0  0.0  0.0  1.0
38591597440402;1.653095540299216;0.009568440157741316;-0.11872066497146219  0.04392564793745568  -0.9919556145120652  3.429022602278958  0.9104510297643038  0.4034596862780963  -0.09109996679197546  -4.604088600243378  0.3962124759644158  -0.913942459349414  -0.08789115364183375  -0.8460643700481276  0.0  0.0  0.0  1.0
38591597440433;5.513897604577699;0.016247781084469573;0.9561732187327612  -0.1044193943408366  -0.27354956747128184  -1.953696010027195  -0.25733263774067  -0.7453907125263193  -0.6149573962746819  -4.18069266884601  -0.13968782814426506  0.6583990247296848  -0.7395931549868073  9.30022644480495  0.0  0.0  0.0  1.0
38591597440464;2.6229936829188185;0.008396957762656015;-0.4234131118360761  0.8717483606471205  -0.24652815748783752  5.882109182817135  -0.7309886147094431  -0.48949934212040347  -0.4754429926172654  0.6805463172394512  -0.5351420202997139  -0.0210995206758271  0.8444985662135789  0.46781055806938565  0.0  0.0  0.0  1.0
38591597440495;7.040304842930483;0.017983436117700848;-0.945616214722168  -0.21436012608227653  -0.24466244256221578  11.360785916094066  0.3141338988202625  -0.7970386538740516  -0.5157996489361149  -11.795831235338365  -0.08443854609418647  -0.5646052785589495  0.8210304570214623  -0.4008503566057937  0.0  0.0  0.0  1.0
38591597440526;4.4907205692444;0.00840836154771394;-0.9607841541440996  -0.1641575163227068  -0.2234862836515218  6.17894689332204  -0.08019526889733364  -0.6070130620122097  0.7906351000259513  -6.911083678103563  -0.26544778769485433  0.7775522184273684  0.5700438751768028  7.14151605035093  0.0  0.0  0.0  1.0
38591597440557;2.48450718425269;0.0025863192721419367;0.8122143260707323  0.50075751633038  0.29924872324555696  6.002498269128067  -0.5745599045508434  0.5979301615152234  0.5588921524166413  2.397832241667174  0.10093960871725721  -0.625876530786232  0.773362633958351  -1.558335264730073  0.0  0.0  0.0  1.0
38591597440588;2.328820346378117;0.03257801425323427;-0.6637222205307126  -0.16795559778479485  0.7288784062836063  5.492154900827147  -0.06937349806144041  -0.9564404438411114  -0.2835647988586311  -2.103231728896131  0.7447550817151223  -0.23877310266813745  0.6231591078542718  -5.547923793836655  0.0  0.0  0.0  1.0
38591597440619;6.320591373756098;0.019847409051598507;0.5938280163771219  -0.7857654612072136  -0.17303446748965257  -0.4618731510001495  0.8040721460245486  0.5872879738543197  0.09252469807335334  -5.644674573735609  0.028918349764292667  -0.19407595353341073  0.9805601732209027  9.001494129996772  0.0  0.0  0.0  1.0
38591597440650;2.279414240855783;0.007902564549982675;-0.1328001317243938  -0.18717894962401002  -0.9733078474108978  3.864749657346131  0.42391769841101434  0.8769258290473898  -0.22648371977574075  2.5405696542950382  0.8959117757836942  -0.4426794903394559  -0.03710739609441505  -0.4507518171275584  0.0  0.0  0.0  1.0
38591597440681;2.179632741963947;0.0036662647897165238;0.6294414445346946  0.5146586667928137  -0.5821768842861416  1.8662764968582786  -0.751614956687148  0.5933638743234432  -0.2880872602737765  2.850793254999109  0.1971761263090796  0.6189069149257554  0.7603129657389975  -4.1229350636165325  0.0  0.0  0.0  1.0
38591597440712;3.8212360075464504;0.008945328066587046;-0.8062690494356545  0.12603344835275385  0.5779669452645539  11.736741230476458  -0.42268335507959265  0.5607914954119613  -0.71193516559605  -0.6189037391038625  -0.41384659145725133  -0.818308296774468  -0.39887658513540863  6.194073440233888  0.0  0.0  0.0  1.0
38591597440743;5.199898909440479;0.010059627824522152;-0.5459028160911242  -0.7141569585547382  -0.43814375943476225  8.431551995313708  0.5137247262259397  -0.6984098045850275  0.4983077869385421  0.03372506124663088  -0.6618738709511529  0.046942341306659  0.7481439671245007  -1.841690971595622  0.0  0.0  0.0  1.0
38591597440774;4.068195372446665;0.007790333479886816;-0.8105814540967429  -0.5549185557632224  -0.18714460383369555  0.5210097773612454  0.5804706310404429  -0.7190083812435597  -0.38220517291244027  9.043918639575367  0.07753420389687121  -0.4184403711058212  0.9049287834160775  3.9555106486906233  0.0  0.0  0.0  1.0
38591597440805;6.856595695350732;0.02624736847927745;0.34576401230348974  0.8283862132805296  0.44070798658810106  -0.052672924626660844  -0.7895885466633605  0.510621419982071  -0.34031704693349707  -1.5425272424465057  -0.5069488877331074  -0.2303085910300336  0.8306387771612439  -6.780665717279067  0.0  0.0  0.0  1.0
38591597440836;1.767433218515084;0.0031664992473906675;-0.3720810586289206  0.9216467663888299  -0.1101041498518409  0.253699950613834  0.8077206423571096  0.3799434842409999  0.45081072823639423  -0.6915632526334292  0.45732160425656754  0.07880473835895946  -0.8858028920094897  -0.7085670932640042  0.0  0.0  0.0  1.0
38591597440867;2.621604289268463;0.009715965995124871;0.44096390790005946  -0.6895872211168559  -0.5744739301324657  -1.5075256192266342  0.3944206147374914  0.7238355649111509  -0.5661222956569152  3.242055623767049  0.8062153624185093  0.02305513916871632  0.5911727750482964  -3.256672463312927  0.0  0.0  0.0  1.0
38591597440898;2.670728938211616;0.014262573340986143;-0.19443552533921651  -0.9808030012067817  -0.014842483277162685  4.460057613112562  0.9765238677316612  -0.19497308251939804  0.0915785610461396  -5.188160469243219  -0.09271441223704358  0.0033120864502583225  0.9956872339479328  -2.1396480353491976  0.0  0.0  0.0  1.0
38591597440929;1.8420211736250836;0.015411594755312357;-0.6987017033243499  0.6092622982657608  0.3749871753588059  4.014607574447353  -0.3434600407468885  -0.7454656605495525  0.5712408855741734  -2.2219346087559417  0.6275755971847525  0.27033386923088887  0.7301153805836851  -0.2650976132267209  0.0  0.0  0.0  1.0
38591597440960;4.0321706019458725;0.009174754331932832;-0.23636309904680805  0.9660186460048165  0.1045966585508799  0.44663076149676595  -0.8558106239231175  -0.25794728627156005  0.4483875260145639  1.0574538832729035  0.46013113499231134  0.016467333608031653  0.8876982401326079  -5.31861436639412  0.0  0.0  0.0  1.0
38591597440991;5.87031157311765;0.014908661732827871;-0.6877827493120535  0.6739106436840173  -0.26981351722652  5.771495049294212  -0.01130937279069167  0.3616939494898388  0.9322282901679838  -8.92601222728946  0.7258284837589619  0.6442219580484936  -0.24114535229261885  0.35999546336675436  0.0  0.0  0.0  1.0
38591597441022;4.407785844403787;0.016150593251516798;-0.07848775715777925  0.9421410675656922  0.32589857437939135  5.131493540145643  -0.9318901429983526  -0.185468756383181  0.31174043977031074  7.556849296545618  0.3541474740257959  -0.2792338611484185  0.8925290008897716  6.529160939448069  0.0  0.0  0.0  1.0
38591597441053;5.317946691794153;0.004470515797248069;0.41686693653447277  0.4527075209526868  -0.7882118101736588  9.848165287871126  -0.5028726453271231  0.8372204183268372  0.21489782157652604  -1.372402491522594  0.7571928815077862  0.30678636151157007  0.57666373961298  -7.366666051890964  0.0  0.0  0.0  1.0
38591597441084;5.062681624331849;0.006220671885563214;0.20495195322223997  0.4021790519584762  -0.8923265697244311  4.00632651449575  -0.24378383911494209  0.9039238184522551  0.3514131047941654  7.917618616753155  0.9479262295436123  0.14551199469623294  0.2833057054539401  -7.493920331673602  0.0  0.0  0.0  1.0
38591597441115;4.0304954775959185;0.0069871525733331535;-0.09663263210711547  0.13960426946681587  0.9854809903588635  8.230105258370632  -0.7540227281882719  -0.6565713304276447  0.01907389409606062  1.0763798330804155  0.6497013620022407  -0.7412319043370359  0.16871100795539307  -0.12444599619153607  0.0  0.0  0.0  1.0
38591597441146;3.50878041807317;0.016024963053617856;0.6217689514523498  -0.4157212797342499  -0.6637613943172381  5.848946059843172  -0.2192708364250278  0.7212077827711965  -0.6570994098032081  -2.092511614039534  0.7518800910406626  0.5541075271518814  0.3572690541459089  -0.2085159055204524  0.0  0.0  0.0  1.0
38591597441177;1.8734213949510077;0.011218227272333783;0.4026734561990098  -0.5336651023688654  -0.743677111511691  3.3138640435308533  -0.5488061751793685  -0.7909892869832621  0.2704583701102669  0.8513851432696657  -0.7325748219518167  0.2992281844869197  -0.6113890936637041  2.6875835726048503  0.0  0.0  0.0  1.0
38591597441208;4.856694250338816;0.016774558314293347;0.4715274076389726  -0.859244473404895  0.19839566217136848  5.505397451162398  0.8750687626782205  0.4837551913100654  0.015348467850908265  -6.613810432742524  -0.10916301768492265  0.16637262336005668  0.9800018294708513  7.458074414251845  0.0  0.0  0.0  1.0
38591597441239;3.562972413096303;0.005728637292389423;0.19631573468508398  0.8415242086653509  0.5032863385243157  -2.3891038381574674  0.870863288258619  0.08624359712985916  -0.4838999639569005  2.0276567641786025  -0.4506187584626756  0.5332907726412106  -0.7159215643751057  6.133275487872727  0.0  0.0  0.0  1.0
38591597441270;3.8856885051039876;0.015362080552124709;0.5299179257840936  -0.16177021171809514  0.8324766606538386  -4.457247191175673  -0.7752898272210389  0.3054003406149197  0.5528619319141655  1.3102011669458808  -0.3436752474942827  -0.9383821346088032  0.03641831553998126  -2.2874050711592924  0.0  0.0  0.0  1.0
38591597441301;5.885271651627378;0.01574317576519528;-0.8547621267640557  0.3099203652230893  0.416330486356423  2.502508887997923  -0.3218530944361889  0.31278389654604233  -0.8936312548603725  -5.287602630265947  -0.4071759966545651  -0.8978394072892222  -0.16760700005339832  3.4092677993563223  0.0  0.0  0.0  1.0
38591597441332;4.848688954378692;0.010231224528000751;0.9558379381476401  -0.07570554028955595  0.2839762440189929  0.3851498607928434  0.2765175712733551  -0.09566304533469477  -0.9562356480148481  3.726120494726506  0.09955836868266313  0.9925307314772469  -0.07050445587683388  7.876393218573683  0.0  0.0  0.0  1.0
38591597441363;1.9312590227021411;0.004548578499913966;0.5144482955281869  0.7622521194898415  -0.3928290436836198  4.345290296287401  -0.7542254469970235  0.6201823614029243  0.21567988711707314  2.310727887206588  0.40802809502567866  0.18532551075860118  0.8939617042870344  1.5962629516580034  0.0  0.0  0.0  1.0
38591597441394;1.946076302141685;0.009791975260082693;-0.614739464570881  -0.5829166884099761  -0.5313224304245523  8.00149619240256  0.7132205136366695  -0.6984596889608018  -0.05891147447336499  -3.6113012725366955  -0.3367668178828673  -0.41516526500892037  0.8451188751312569  0.014371154208699277  0.0  0.0  0.0  1.0
38591597441425;2.927510512380139;0.004682039223447761;-0.955793505654505  -0.2313261026958422  -0.18151310905889181  9.608369093418828  0.03382660146182015  -0.6997160662531363  0.713619778075678  -7.822794971300611  -0.29208652071298263  0.675933177791111  0.6766090478104733  3.7652665091071293  0.0  0.0  0.0  1.0
38591597441456;2.426629832247053;0.005846757534085211;-0.3958914784796261  -0.13062133531581172  -0.9089598473131423  5.951906723051168  -0.9030490380728154  -0.12425464757976215  0.4111729774566813  4.759849278446594  -0.16665044885321856  0.9836151937191415  -0.06876611507041352  1.1120305074108539  0.0  0.0  0.0  1.0
38591597441487;5.191066102703561;0.014843432712947186;-0.034932512572086294  0.8620553729769574  -0.505608794906654  7.904730480846765  -0.6530943684582415  0.3632542319806403  0.6644652803843745  3.7501234407223016  0.7564703995884643  0.3534216983572357  0.550314126364893  4.52758597796957  0.0  0.0  0.0  1.0
38591597441518;4.920812353335283;0.013837130806622607;0.8753126192775179  -0.013724622967998007  -0.48336265190632854  10.274102643123017  -0.4819823462972565  -0.10537815984835966  -0.8698209363338906  -0.9386882542171837  -0.038997902396458506  0.9943375071631163  -0.09885385909167366  1.8526811376631935  0.0  0.0  0.0  1.0
38591597441549;4.927630398119143;0.012478628253145491;0.381063409827305  0.43221954209393126  -0.8172985654721898  9.772795219855336  -0.8684392248581977  0.47060226606381317  -0.15603467532345527  2.747781454332695  0.3171813210428374  0.7692332381064377  0.5546857082833525  -3.455319364571679  0.0  0.0  0.0  1.0
38591597441580;4.789769207117012;0.005189404926966747;0.6086949866086209  -0.7919775929628006  -0.04755949455554026  -2.7035194998318746  0.6777361104513602  0.550186117373371  -0.4878206646298169  3.5245934238289136  0.4125096094247893  0.2647012060691505  0.8716473447660721  -5.471834819008457  0.0  0.0  0.0  1.0
38591597441611;3.8037185845764383;0.010648849483303068;0.988862869638918  -0.10411926517488472  0.10634568006705751  -0.7767325022447222  -0.14721990011457897  -0.5795084487825597  0.8015586433941588  -6.848895953199253  -0.021829476854390538  -0.8082877806877156  -0.58838281546217  3.8687315162998526  0.0  0.0  0.0  1.0
38591597441642;2.439160696844833;0.01074655539554544;0.11880404758144414  -0.9895946464929332  -0.0811667044470383  2.4564300589767534  0.9928826189348154  0.11771490104866342  0.01809163033687161  -4.058209209459544  -0.008348849945268189  -0.0827383689930512  0.9965363309990064  -2.3157864933859083  0.0  0.0  0.0  1.0
38591597441673;5.598187939653337;0.010112720768643368;-0.2161902268167126  0.8071807617355119  0.5492913650450155  7.71147872362068  -0.46435458287176795  -0.5798985675263144  0.6693970964583837  8.214103479266415  0.8588577339669967  -0.11034885257675514  0.5001864887620101  1.7929373038632104  0.0  0.0  0.0  1.0
38591597441704;4.778579004204095;0.0053090846016864155;0.7029436909858374  -0.6938085841983934  0.15652417000523905  -5.011412823806579  0.7112061539390073  0.6833574454924902  -0.16494971442613549  1.1890539757564194  0.007481570857313963  0.22727131403368894  0.9738027397347515  4.4782378592583125  0.0  0.0  0.0  1.0
38591597441735;4.169490407709132;0.007477177648827871;0.5071674092940518  -0.6789088377960497  -0.5309086634369216  -5.498198999553642  0.24963130351301493  0.7053240537558982  -0.6634773481436574  -1.849037961116585  0.8249032860016698  0.20396266608319508  0.5271942712016908  -0.9602476288465305  0.0  0.0  0.0  1.0
38591597441766;1.9262032552907409;0.006346791270482097;0.041328318813840886  0.6537490890734231  -0.7555819602132464  7.611228678975922  -0.987467701069557  0.1420079010823066  0.06885706481257167  0.5981765722785517  0.15231385166302627  0.7432670344942437  0.6514250578736636  -0.05999597353593433  0.0  0.0  0.0  1.0
38591597441797;2.2135128812075298;0.015509213959907633;-0.06851805604946701  0.47409200120212774  0.8778052462769651  -3.0066396222868823  0.17948700483292176  -0.8596583311464023  0.4783011277288491  0.6330104573272746  0.9813713319082171  0.19032689795912627  -0.026191235594135397  -0.28507902107197025  0.0  0.0  0.0  1.0
38591597441828;5.443305572519713;0.017879852632917387;0.5523946182920791  0.34050125934674863  0.7608673196196737  -2.2903603294294914  -0.4891498097056226  -0.6066867959030038  0.6266287540018418  4.2188863822398535  0.6749760361278777  -0.7183244559808788  -0.16857439483169734  -8.171222718913988  0.0  0.0  0.0  1.0
38591597441859;1.9328163177142916;0.007803304606742151;0.5014931701334131  -0.8640589321445905  -0.043666487043153665  -2.0637566796756266  0.8533523812280226  0.4857067175123197  0.18941673108749305  -1.9404909169197015  -0.14245811230675395  -0.1322540976475128  0.9809253487872758  -3.3110337017843836  0.0  0.0  0.0  1.0
38591597441890;4.287804159875307;0.0036405431505155544;0.06709074609065924  -0.971266100056958  0.22834402700562673  6.453518234006597  -0.7542039632740296  -0.19919797957555005  -0.6256968488931085  2.463423361687302  0.6532038070700029  -0.13023950173878202  -0.745897083126143  -1.236802577822271  0.0  0.0  0.0  1.0
38591597441921;4.652169079942416;0.00789802215914616;-0.32547302833771824  -0.9359045177785541  -0.13472208960066154  6.87490919463596  0.9433626033269508  -0.3310955458487635  0.0210413441421559  -4.320053474481403  -0.06429857283699397  -0.12024339117308316  0.9906599923335574  -4.153658579071181  0.0  0.0  0.0  1.0
38591597441952;1.783388299920841;0.012153408552732906;0.549196733314734  -0.8355027298048242  0.01783638430601453  -0.2172447661918433  0.8356421003741451  0.5488023471391474  -0.022765409217716213  -6.044340075980237  0.009231911974909218  0.027407522019501307  0.9995817122867138  0.129304473743852  0.0  0.0  0.0  1.0
38591597441983;5.49349230429743;0.006137736816476769;0.1298810745521877  -0.987580673340917  -0.08840429919789311  4.008073691967115  -0.2631999437895502  0.05162151063265579  -0.9633592316624062  -9.565997417502142  0.9559585221453638  0.1483901387677232  -0.25322652043999894  -4.065035015982335  0.0  0.0  0.0  1.0
38591597442014;1.4576110063785062;0.008599682863687995;0.009308086658941735  0.3285198336600929  -0.944451204888158  3.896444424038931  -0.7684343454597592  0.6067197861195843  0.20346930443886968  3.949493916638379  0.6398609350793198  0.7238548335287613  0.25809332369603855  -2.3264961472591335  0.0  0.0  0.0  1.0
38591597442045;3.4058146160113;0.009436393957525968;0.6014120059621685  -0.7911979529418725  0.11094772798553469  2.856736528578604  0.7969657938053134  0.6038678664202014  -0.013752214708220162  -1.2760948444807996  -0.05611704365723266  0.0966922911389808  0.993731089503326  7.4145436205065245  0.0  0.0  0.0  1.0
38591597442076;1.5195309119701852;0.024426824421785755;0.8701169589467526  -0.3903983081414216  0.300808308983598  -0.7312400667289927  0.48921341319963724  0.6102069104256362  -0.6231514766205413  -1.969467905910136  0.059721973333246435  0.6893741273569207  0.7219394700610764  0.04539481908773446  0.0  0.0  0.0  1.0
38591597442107;3.7055155609155883;0.0050479518463783166;0.6443196737050767  -0.7048169724723038  -0.2967914981793778  -5.839260485747092  0.7019001661230021  0.390934221294422  0.5954045611325351  3.01911087977575  -0.30362528694607405  -0.5919488744274293  0.7465977599691915  1.8058577919392569  0.0  0.0  0.0  1.0
38591597442138;5.646923884727078;0.01688712744955328;0.3724160107564739  0.8953692511047477  0.2441725191506118  3.992527283577318  0.9275419795354952  -0.36793184685809716  -0.06551360367865093  -4.404059732704207  0.031179979660151708  0.2508785766934113  -0.9675162782220668  11.14952715985097  0.0  0.0  0.0  1.0
38591597442169;1.4800799852740398;0.015579223069710803;0.08284013282946355  0.985127912545391  -0.15053407692864051  3.983942634962977  -0.6658095725464953  -0.0576826995517185  -0.7438886470957065  3.220269856682738  -0.7415086820113781  0.1618508637492776  0.6511291518626414  2.5479830105308245  0.0  0.0  0.0  1.0
38591597442200;3.2131369785042154;0.005158223044675428;-0.05228861779337383  -0.9152722471728238  -0.39942785832296307  -5.154229464082848  -0.9631439973836304  -0.059459210990678434  0.26233231316833333  -0.7805367580864202  -0.26385515108320495  0.39842353818967136  -0.8784299308785435  -2.9616649522445444  0.0  0.0  0.0  1.0
38591597442231;3.3002375565089763;0.012418908588571845;-0.37252220777141287  -0.44900807892102806  0.8121692864057104  8.210551435397793  -0.7090946150606536  -0.4268543549933577  -0.5612309564833248  -0.19269150839879678  0.5986752304957139  -0.7849758624867731  -0.1593764841626619  -7.550597318464993  0.0  0.0  0.0  1.0
38591597442262;3.603766945068243;0.004906592869697611;0.511588392189104  -0.23469750513416152  0.8265557440736635  0.13756422960891923  0.7161314986286943  0.6480379713029739  -0.2592343812486041  4.947689929599951  -0.47479784503427147  0.724543904006739  0.4996029798925199  6.023007190537126  0.0  0.0  0.0  1.0
38591597442293;2.0154890518338;0.004613016147024411;0.7302046132798543  -0.15742656095220167  0.6648444183804071  -1.2195966517491375  0.09238988644369414  -0.9414025413738555  -0.3243845926947951  -4.35517357648251  0.6769529759353602  0.29829202637953495  -0.6728718565749732  0.4343885902189222  0.0  0.0  0.0  1.0
38591597442324;5.849680243723311;0.008961024069872913;0.024052542748853115  0.8497432856259299  0.5266477226011372  -3.021153815849244  -0.9566238639402964  -0.13342755986743274  0.2589746497396232  0.5844670726275303  0.29033129029998195  -0.5100327781637883  0.8096754331652126  -4.551727393871397  0.0  0.0  0.0  1.0
38591597442355;5.300655887315837;0.018446428644836557;0.06089095726024085  -0.9208918424435835  -0.38503312304890547  -3.3570669898428234  -0.48527144390810867  -0.364403785196902  0.7948091010182947  2.711425295178862  -0.8722407448928708  0.13844889257423532  -0.4690714093756906  0.06964997384733973  0.0  0.0  0.0  1.0
38591597442386;1.9258199135952243;0.0150388511863176;0.682978000790422  0.14276406553213344  -0.7163515003328008  -2.819591125531466  -0.6899584654173376  -0.19585823984176326  -0.696847806830902  2.489105168085352  -0.23978816992351923  0.970184503833587  -0.03526559351416764  -2.0854104177612722  0.0  0.0  0.0  1.0
38591597442417;4.983836368994222;0.014916786796532761;-0.9451551317680492  0.26252105342564297  0.1943308349202786  7.456006247037123  -0.25888635432291285  -0.964889666306543  0.04433720108712266  -5.337238446500648  0.19914726319463544  -0.008404068249312668  0.9799335381539646  -7.841535836570767  0.0  0.0  0.0  1.0
38591597442448;3.9670676070792013;0.006338407465612304;0.3789861685590985  -0.8497461988779071  0.36647084677153025  -4.34808733854282  0.6396068265886684  -0.04566918064654238  -0.7673444033289398  0.6086775479936326  0.6687844132619027  0.5252101707237031  0.5261954818756163  7.014735489814751  0.0  0.0  0.0  1.0
38591597442479;2.535069451706357;0.012295891898940694;-0.5390624389978098  -0.8231477979049293  -0.17843595396107534  4.750590888392611  0.42978716221114804  -0.08663106768538918  -0.8987647374648042  0.8590249680706498  0.7243581172736462  -0.5611797937523728  0.4004779107813851  -1.3961279667683777  0.0  0.0  0.0  1.0
38591597442510;2.7117678210954486;0.01774257543191555;0.10439383728215462  -0.4170514605496999  0.9028676569635601  -0.7978017924834013  0.9066542090763813  0.41302576608162955  0.08595267137654652  -4.717924117173393  -0.4087542928234376  0.8096158322352928  0.42123880672650105  1.6748108039819634  0.0  0.0  0.0  1.0
38591597442541;1.1504027505085501;0.008840765376717043;0.6508673791631736  -0.6898146607135512  0.3170605440699144  -1.1594101539762915  0.5915370378855189  0.7225680527767031  0.35774200468509465  -0.5914090277459227  -0.4758734995257542  -0.045289545936479166  0.8783468958663083  -1.0246342777640511  0.0  0.0  0.0  1.0
38591597442572;2.4453153833729853;0.01951148054998839;-0.2684111828893915  0.14489009283363538  0.9523456819341279  6.5849727940742735  0.14506275298029825  -0.9712705179763519  0.18865412427966222  -6.692349148344441  0.9523193973650306  0.18878676306513043  0.23968171288960693  -1.4119083891085538  0.0  0.0  0.0  1.0
38591597442603;2.022769694472952;0.0087670096416326;-0.5599128522786362  -0.7678946244922199  0.3111839384177071  6.99776617963698  0.7785804238405821  -0.6160842589757093  -0.11938471198009593  -2.09103535981926  0.2833904046812835  0.1754366880624011  0.9428212168891168  -0.024119288826543572  0.0  0.0  0.0  1.0
38591597442634;2.3143065310168365;0.016362750689087477;0.9501741582837542  -0.21310126203279697  0.22750147482992183  1.9444452815648798  -0.18629346481671072  0.19695139552182794  0.9625512416326677  -0.2889371928647483  -0.24992761731418428  -0.9569733538202798  0.14743875400186018  4.395465013871042  0.0  0.0  0.0  1.0
38591597442665;1.7442633128967042;0.01362877088266589;-0.35076032920917255  0.8551405116318035  -0.38170917832712636  5.258386850348159  -0.7555796316409495  -0.49923155864515556  -0.42410761735915004  2.8170815248969854  -0.5532328729408617  0.13965155286936654  0.8212373786419946  3.6036283014753936  0.0  0.0  0.0  1.0
38591597442696;4.239524031860057;0.015813480537547754;-0.09430233703244441  -0.9911530605299973  -0.09339528806229036  -5.225677600669879  0.9930284576825856  -0.10031358392162884  0.0619004613338488  0.8332337486864515  -0.07072164776618428  -0.08690682069214864  0.993703000425388  -4.252881267312257  0.0  0.0  0.0  1.0
38591597442727;3.3606588330920775;0.005221995738141865;0.46454305533564166  0.8216730443744137  -0.3302319758713725  0.33077611011905184  -0.8601854983091178  0.33007450661295346  -0.38875664442284597  -6.686345575247119  -0.21042969904013728  0.4646549561047413  0.8601250569127602  2.3481271659833483  0.0  0.0  0.0  1.0
38591597442758;5.505400493338908;0.017595392918016296;-0.4937035601193939  0.8418554400312044  -0.21802800924492188  9.130584655478264  0.0738356485659965  -0.20922922116388762  -0.9750750894223434  7.572749324351129  -0.8664900990353408  -0.4974962824996994  0.04113826895610273  0.5621610491854305  0.0  0.0  0.0  1.0
38591597442789;2.5679788633882894;0.020202958837052098;0.9977896510367029  -0.05433553086751825  -0.03825522669388212  4.67688316167972  0.03981523524590863  0.02792402365456015  0.9988167979891278  -1.553448077952381  -0.05320300110302337  -0.9981322051653703  0.03002568376152598  2.5932613513218885  0.0  0.0  0.0  1.0
38591597442820;4.890369584704633;0.0036955111356807018;0.6259349203422694  -0.0839696460342148  0.7753415853938224  -7.38727066752327  0.7025419673159428  0.49234156006234847  -0.5138429452616998  4.668630163848825  -0.33858567550320556  0.8663422457552571  0.36716597549851526  -0.30321251888231315  0.0  0.0  0.0  1.0
38591597442851;3.7198562228278598;0.010029500625334205;-0.46511880915447995  -0.11928432071722524  0.8771748652359741  -3.6453927329876556  0.1408030466751643  0.9682974300882171  0.20633610670831645  4.156694017438852  -0.8739788300741104  0.21947969772984563  -0.43357775181241226  -2.4720076584381605  0.0  0.0  0.0  1.0
38591597442882;2.8047071756103454;0.013845763806785942;-0.6499585506788148  -0.42766685768095164  0.628215680511715  0.5750873090759532  0.7062622942976722  -0.6451457857426364  0.2915141279456377  -8.151336774405276  0.2806197677514612  0.633157147933922  0.7213629959786539  -0.945588926496036  0.0  0.0  0.0  1.0
38591597442913;2.6498156260201227;0.014833592307422563;-0.6590013881168988  -0.006912699549243534  -0.7521099554220401  0.9607815734820813  0.6265411242384248  0.548190202154364  -0.5540159942637104  -3.4330007627693417  0.4161290546189382  -0.8363251262797855  -0.3569270136247032  -1.6688313853987806  0.0  0.0  0.0  1.0
38591597442944;3.9890625842330967;0.020388979089942704;0.48928153109958905  -0.8703164614868922  -0.056150157522278366  -3.369816200622375  0.8669522518228918  0.49237235018846903  -0.07722215892541145  1.6307390822583478  0.0948545011270393  -0.010896129350307926  0.9954315134559091  -1.4999855020549602  0.0  0.0  0.0  1.0
38591597442975;4.829702581700206;0.009370137029045628;-0.12699586829639878  0.9910263407087774  0.0416994179457513  4.435127249886239  -0.2594557475733123  -0.0737655306001549  0.9629337264560068  -7.253046823974776  0.957368666965249  0.11146945104668063  0.26649539770235126  -5.188789274972257  0.0  0.0  0.0  1.0
38591597443006;1.5836086183196916;0.0072175643791306445;0.6068838433728503  -0.40243763175299474  0.6853728570654356  -0.49134900914335744  -0.3860530088055009  0.6045111467962596  0.6967993597810564  2.460536666813531  -0.6947338159649468  -0.6874665271474033  0.21150578953463922  4.01252196910135  0.0  0.0  0.0  1.0
38591597443037;3.2675087807083063;0.010417357828108187;-0.24893428671866602  -0.7160573159961223  -0.6521454140790219  6.402604502784292  0.962461600724824  -0.10769516910178778  -0.24913734702438287  1.4905825985452317  0.10816370937647837  -0.6896837469163439  0.7159866906677486  -4.17837817006683  0.0  0.0  0.0  1.0
38591597443068;3.1958174120499194;0.003237345222876584;0.42579729605609906  0.34586026437245876  0.8361084500227983  -5.430088932361902  -0.37581681572846204  0.9081851482558801  -0.1842863464914452  1.4647823061111525  -0.8230786011597153  -0.23575498725511354  0.5166828836891227  -2.45364427608325  0.0  0.0  0.0  1.0
38591597443099;4.778408638902547;0.011936822572423789;0.4047550635386391  -0.7008842415134069  -0.5873113471898948  -1.3595928482670914  0.10243168001050426  -0.6034797735034263  0.7907717204746764  -1.0932989064512446  -0.9086699562932945  -0.3802281459471799  -0.17246874371755658  5.949225444525711  0.0  0.0  0.0  1.0
