# registration_from_features.py RANSAC RANSAC_config.json euclidean True --use_random_keypoints=False --n_keypoints=5000 --input_txt=/i7g4/neural_comparison/point_clouds_registration_benchmark/eth/gazebo_winter_global.txt --input_pcd_dir=/i7g4/neural_comparison/point_clouds_registration_benchmark/eth/gazebo_winter/ --input_features_dir=/i7g4/neural_comparison/features/3DSmoothNet/eth/gazebo_winter/ --output_dir=/root/neural_registration_comparison/results/3DSmoothNet/RANSAC_mutual_on
id;initial_error;final_error;transformation
38591597440030;3.9584549028563556;0.004920405912570895;-0.04402462404263832  0.990419349372357  0.1308867635276461  5.439248078853234  0.954167045322699  0.08050535749883601  -0.288243190785376  -5.7872087957354745  -0.29601871916832306  0.11219803831984829  -0.9485697223183562  -6.750175249030238  0.0  0.0  0.0  1.0
38591597440061;2.893302858668122;0.01623437097343659;0.4734421617231977  -0.10423254662322495  0.8746359789805717  -2.4275930561992682  -0.5922661987570894  0.6973166048648056  0.40369580427550633  0.6677706625761264  -0.6519764330960848  -0.7091439408217891  0.26840566663736576  -1.1695509708590976  0.0  0.0  0.0  1.0
38591597440092;2.596560926939177;0.010197998304488878;0.1381639057955193  -0.9663126153366577  -0.21714203779221622  -0.19882136880093848  0.9523807543062232  0.18979674245776654  -0.23863800070300956  -1.6824114446059455  0.27181176200164037  -0.17383073949577954  0.946520596735176  -5.031595128446419  0.0  0.0  0.0  1.0
38591597440123;2.5491129024057546;0.01848450222204666;0.6391707798366761  0.7110525180866836  0.29302735491001874  2.8105110214335625  -0.5539681010688459  0.6899666040466349  -0.46590280992770533  4.0629651629169174  -0.5334604551427897  0.1354636549888606  0.8349069055744516  2.4621854492897404  0.0  0.0  0.0  1.0
38591597440154;2.8903184466470044;0.020345979102132164;-0.8953606961505789  0.11361310556110168  -0.4306057199266091  8.468825384109365  -0.06600514089148385  -0.9900864568295151  -0.12398439167359976  -0.43297601055828216  -0.4404231433118009  -0.08258856002824594  0.8939835482758145  4.217895272607304  0.0  0.0  0.0  1.0
38591597440185;5.076548343189817;0.016912820931587025;0.48324114413011954  0.2570535571058954  0.8368999136091604  6.899784010797749  -0.27436892838700727  0.9522349792026287  -0.1340531070834779  1.9246406330488313  -0.8313841998472057  -0.16483935562290702  0.5306866298318114  -1.942472616215334  0.0  0.0  0.0  1.0
38591597440216;1.6762692747156474;0.019414626424812547;0.8463060303109669  -0.5324301576353482  -0.016859131047908482  1.1046217082583238  0.24329685804533735  0.35818194116070545  0.9013946615615248  -0.410275255199008  -0.4738910654618417  -0.7669575113829628  0.43267012123405696  0.14481463279318185  0.0  0.0  0.0  1.0
38591597440247;4.93981129019194;0.007118596218530304;-0.19086397310731038  0.6556949601132983  -0.7305032943469258  13.078695965223542  0.8051054180682339  -0.3211812740977118  -0.4986460217089318  -1.9678117360482812  -0.5615836621260146  -0.6833057210729248  -0.4666016309252937  1.4486882763529518  0.0  0.0  0.0  1.0
38591597440278;3.836455877765292;0.005281937500001161;-0.8558736264177907  0.5114305755283736  -0.07693570053737915  -3.9333873827154147  -0.39960030661337187  -0.7483662069706325  -0.5294030744327887  -4.268464658216017  -0.3283289974354382  -0.42235859962726685  0.8448747142410733  3.0298396315248213  0.0  0.0  0.0  1.0
38591597440309;3.8455601514228666;0.00713331318062877;0.5726345632944079  0.017799107668823887  -0.8196175014522429  6.786370647031518  -0.14348395004207437  -0.9821566888947273  -0.12157546849455435  0.21519284732947996  -0.8071567462401261  0.18722027194067548  -0.5598629803563665  3.328121106262741  0.0  0.0  0.0  1.0
38591597440340;3.1249643016133017;0.007373557944646887;0.08341353612194903  0.49856157943629353  -0.8628316947711303  7.130383914177033  0.8367546248844842  0.4351836984199525  0.33235048723291766  -0.34223734709904874  0.5411874718857212  -0.7497009404686117  -0.38087349623519573  -3.192245949751803  0.0  0.0  0.0  1.0
38591597440371;1.9082676334258446;0.029935771822353303;-0.2504310358356914  -0.13781327155303497  -0.9582754293386171  5.32815330912875  0.01866140031913831  0.988945433688891  -0.1471009222405478  -1.6627423003567683  0.9679545694031263  -0.05472139773196797  -0.24509084071394466  -4.323288716482745  0.0  0.0  0.0  1.0
38591597440402;1.653095540299216;0.015249036803505523;-0.12094728786475345  0.042675377625824185  -0.9917411787874163  3.446664490092685  0.9099326820823275  0.40406023026791754  -0.09358335532721848  -4.623898845631543  0.3967294640389387  -0.9137363637616328  -0.08770170980685477  -0.8321019702899131  0.0  0.0  0.0  1.0
38591597440433;5.513897604577699;0.013738046251157767;0.9554630160213691  -0.10925010611438707  -0.27414382963937783  -1.9787972074176245  -0.2613435859162668  -0.7447301779162209  -0.6140655438968234  -4.167597450611722  -0.1370764571900509  0.6583626481012346  -0.7401139564076293  9.280168653023788  0.0  0.0  0.0  1.0
38591597440464;2.6229936829188185;0.007112614901310193;-0.42336284628927484  0.870746646451534  -0.25012832321680933  5.896406396635238  -0.7278184121473441  -0.4913042559968148  -0.47843545748484756  0.6920544112678251  -0.5394851798902015  -0.0205037980097605  0.8417454098158257  0.4895542428691473  0.0  0.0  0.0  1.0
38591597440495;7.040304842930483;0.015366872837851264;-0.9462443484417973  -0.2190880630822431  -0.23795388977032889  11.337160641323887  0.3139986672336637  -0.7987618561899985  -0.5132098343478919  -11.81222453637005  -0.0776303421185397  -0.5603391095673934  0.8246172519852951  -0.43787067466706864  0.0  0.0  0.0  1.0
38591597440526;4.4907205692444;0.006118202469159522;-0.960394696687739  -0.16432191811901004  -0.22503407253070554  6.185077079945611  -0.08129266808675704  -0.6072385179416969  0.790349849397916  -6.893898380903719  -0.2665211599280663  0.7773414240561616  0.5698304851067001  7.143657633338456  0.0  0.0  0.0  1.0
38591597440557;2.48450718425269;0.006539118040409443;0.811750767134326  0.5009744101393749  0.3001421870419727  5.984390664060401  -0.5754151209997587  0.5982825332872572  0.557633794607371  2.3974171707233762  0.09979043331735966  -0.6253660134264477  0.7739245561871303  -1.5588444283251248  0.0  0.0  0.0  1.0
38591597440588;2.328820346378117;0.02248810989704168;-0.6688112037395857  -0.1653854799992534  0.7248028813117551  5.563054121683812  -0.07515733232652813  -0.9549050590548798  -0.28724154224094356  -2.0689934353325388  0.7396235185213933  -0.24658461265215342  0.6262212705212282  -5.533421538868687  0.0  0.0  0.0  1.0
38591597440619;6.320591373756098;0.009660504842889293;0.5833036819970442  -0.7895353835833653  -0.19076344680928703  -0.5271292282613453  0.8114536121978577  0.5768544093134369  0.0937124629208663  -5.672269998048469  0.03605343006899829  -0.20945851265946241  0.9771526398955002  8.95104854023542  0.0  0.0  0.0  1.0
38591597440650;2.279414240855783;0.005532682860164582;-0.13138364393896185  -0.18276944969024278  -0.9743375525787992  3.8754034193050533  0.42297755740560133  0.8785652614355299  -0.2218401842090598  2.5501065251957327  0.8965647349949202  -0.4412690898518094  -0.03812173008724192  -0.43678384858021424  0.0  0.0  0.0  1.0
38591597440681;2.179632741963947;0.005101497697376687;0.62911569840069  0.5154882489790403  -0.5817948978723813  1.870415671915294  -0.7525190334469511  0.5914288506500016  -0.2897016032383737  2.8629221955047135  0.1947525155829276  0.6200675606604013  0.759991893305962  -4.1170200946426245  0.0  0.0  0.0  1.0
38591597440712;3.8212360075464504;0.0037849353645284297;-0.8061448230686731  0.12732689144916612  0.5778567183597249  11.739938554098597  -0.4223845545015783  0.560090419147134  -0.7126640235749881  -0.6225615143908458  -0.4143933063625438  -0.8185881657423837  -0.3977330795249981  6.197033879262905  0.0  0.0  0.0  1.0
38591597440743;5.199898909440479;0.01101698261108811;-0.5468985362274803  -0.7144375790041688  -0.4364412180109742  8.43258932552411  0.5149215149141343  -0.6980947808463736  0.4975133268904333  0.036907916256865736  -0.6601195532256057  0.04735633708086143  0.749666294285338  -1.8615970206600219  0.0  0.0  0.0  1.0
38591597440774;4.068195372446665;0.0072187191429662805;-0.8112545362737521  -0.5549561024178834  -0.1840918297057513  0.5276589274039607  0.5793033997097409  -0.7202449576883555  -0.38164744465178224  9.052417102379174  0.07920636628450715  -0.4162582435383726  0.9057899459733221  3.9405086015024136  0.0  0.0  0.0  1.0
38591597440805;6.856595695350732;0.016469918652030593;0.3499454968310993  0.8282873306366891  0.43758227472600275  0.005494291176679766  -0.7907762229939437  0.5116214350924031  -0.33603046335328507  -1.5836244056900997  -0.5022062468698181  -0.22843731100837694  0.8340295441674677  -6.799232233878399  0.0  0.0  0.0  1.0
38591597440836;1.767433218515084;0.0064184484913277304;-0.3716382617421493  0.9219193050704665  -0.10931512863122941  0.26545652249633855  0.8086903196040403  0.3793056499700873  0.44960781897058494  -0.6885470402511817  0.45596597393664173  0.07868938199756134  -0.8865117098904288  -0.693849848725584  0.0  0.0  0.0  1.0
38591597440867;2.621604289268463;0.004212084894224753;0.4379013814263594  -0.6905180923363595  -0.575697094226679  -1.4958105220535245  0.39187066148897287  0.7229304860363168  -0.5690420872163062  3.2589397685100323  0.8091228366626916  0.023585514949870878  0.5871660401244854  -3.2412785172816103  0.0  0.0  0.0  1.0
38591597440898;2.670728938211616;0.013078981848942794;-0.20454005343750514  -0.9787601343206784  -0.013855179693911202  4.4800030580312935  0.9746401660921172  -0.20495086561242606  0.0898425807991268  -5.185184331789186  -0.09077396752215254  0.004872591639506929  0.9958596008830776  -2.131954692573384  0.0  0.0  0.0  1.0
38591597440929;1.8420211736250836;0.004392218996775698;-0.700888787897097  0.6090245193620922  0.37127354041987914  4.045428009577072  -0.34266280387844467  -0.7440240616331025  0.5735942804362193  -2.2297694318430668  0.6255694284716136  0.27480416759349613  0.7301681721596368  -0.2573113686110369  0.0  0.0  0.0  1.0
38591597440960;4.0321706019458725;0.0029921321091220055;-0.23563145472753882  0.9667656921616329  0.09920642117434858  0.4779205250000005  -0.8579637928358753  -0.25488206929106016  0.4460193504059966  1.0646005231897333  0.45648214392861364  0.01998067098837957  0.8895081928016124  -5.333065459579643  0.0  0.0  0.0  1.0
38591597440991;5.87031157311765;0.010174799218468599;-0.6861182754424788  0.6751048123976141  -0.2710631003685681  5.771788411602365  -0.010651668084588405  0.36323797433941024  0.9316355059597169  -8.930623501559511  0.7274120249699303  0.6420994208651679  -0.24203322014500794  0.371242966537497  0.0  0.0  0.0  1.0
38591597441022;4.407785844403787;0.00950370385238279;-0.08280263895560397  0.9437227252673768  0.3202048419307614  5.0791621044768585  -0.9320257625753156  -0.18708375784492454  0.3103669528904823  7.5427405390293085  0.35280547172328436  -0.27273995923688477  0.8950649215322726  6.569111905238586  0.0  0.0  0.0  1.0
38591597441053;5.317946691794153;0.008447049526364915;0.41275328333194156  0.4556310087548895  -0.7886920254191135  9.880380859809778  -0.5074942103331466  0.8340756428509309  0.21625782871642285  -1.3697315913523926  0.7563625807620558  0.3109955077871826  0.5754975591252793  -7.3455089604518795  0.0  0.0  0.0  1.0
38591597441084;5.062681624331849;0.007475172411311502;0.20255303446545422  0.4008077406413239  -0.893490583761706  4.013371501829639  -0.24298938152245048  0.9044400639488528  0.350634184288317  7.9153003705675316  0.9486455759113481  0.1460867063294722  0.2805891044528153  -7.494114374323833  0.0  0.0  0.0  1.0
38591597441115;4.0304954775959185;0.009481296308763302;-0.09801223630310729  0.14130558056123668  0.9851021949204637  8.234079730411485  -0.7485112361366886  -0.6628020192563085  0.020601277797427972  1.0720582241624292  0.6558387994865742  -0.7353408843332537  0.17073152291242968  -0.13935136711312213  0.0  0.0  0.0  1.0
38591597441146;3.50878041807317;0.0170199837047915;0.6261176612782647  -0.4164531736242495  -0.6591990810170529  5.82814238641941  -0.21715585588098146  0.718839017419277  -0.6603891286902648  -2.109760216431576  0.7488791681520021  0.556630237423354  0.3596425590693985  -0.22475679600897003  0.0  0.0  0.0  1.0
38591597441177;1.8734213949510077;0.012144381261277011;0.39792371708848795  -0.5311355219876708  -0.7480319329155447  3.3266636713353126  -0.5489358438218961  -0.7911459636517085  0.26973598863546766  0.8476725579501874  -0.7350688095314779  0.3032871930703549  -0.6063750685619262  2.6898754800081015  0.0  0.0  0.0  1.0
38591597441208;4.856694250338816;0.013650138739276644;0.47239450718007364  -0.8603555048288993  0.1913944484479771  5.473599674761321  0.8746537492109259  0.4843900106078654  0.018631602576895317  -6.582835219029356  -0.10873936075481835  0.15860240519589297  0.9813363482969085  7.447044870978856  0.0  0.0  0.0  1.0
38591597441239;3.562972413096303;0.005063211640190957;0.19790021868330548  0.8413092600464827  0.5030250812883391  -2.3778129757825215  0.8705283313733574  0.08504119542040484  -0.48471478145171765  2.0317769478794747  -0.4505728883559438  0.533822745901211  -0.715553875146431  6.121710844814428  0.0  0.0  0.0  1.0
38591597441270;3.8856885051039876;0.022234374084643904;0.5306353025289525  -0.1596828525490658  0.8324227065090186  -4.457300591280389  -0.7744397239928832  0.307805462375353  0.5527195593008467  1.305983649179764  -0.344484091957573  -0.9379537216375272  0.039667700393114944  -2.3118035799044705  0.0  0.0  0.0  1.0
38591597441301;5.885271651627378;0.010414045574663898;-0.8530913545254925  0.3142984185543864  0.41647526328471385  2.492814951161535  -0.3215554119208035  0.31190598412367376  -0.8940451745478437  -5.275169359212017  -0.41089811133455256  -0.8966220838023421  -0.1650199410363588  3.405378431839444  0.0  0.0  0.0  1.0
38591597441332;4.848688954378692;0.007266282451224074;0.9558336395427852  -0.07325981219927591  0.28463143437596694  0.3750754606599944  0.27707032494398887  -0.09847996312577137  -0.9557895855773797  3.709750630784319  0.09805145870320325  0.9924387622313398  -0.07383234160515632  7.8886505937731  0.0  0.0  0.0  1.0
38591597441363;1.9312590227021411;0.00676786045655921;0.5118058523504287  0.7616650790386074  -0.39739284954936344  4.340651444669266  -0.7553911199772632  0.6193043141955525  0.21411777665171197  2.303764223790538  0.40919313943338215  0.19060029850944146  0.8923186094936966  1.6021061882546546  0.0  0.0  0.0  1.0
38591597441394;1.946076302141685;0.0018932497927057975;-0.6125326315869981  -0.5837359171884124  -0.53296918693796  8.005148891283929  0.7128019824259011  -0.6993404201829465  -0.05325702346212513  -3.6305174959544635  -0.34163885770036795  -0.4125231577530446  0.8444569469349195  0.0302438109442682  0.0  0.0  0.0  1.0
38591597441425;2.927510512380139;0.007984075672529895;-0.9558442651262865  -0.2309918275126792  -0.18167145193326725  9.603877975840192  0.0328781143742667  -0.6983707339318064  0.7149806623837764  -7.816065152422261  -0.29202871506134703  0.6774371510405255  0.6751282366852357  3.7796269197131513  0.0  0.0  0.0  1.0
38591597441456;2.426629832247053;0.013110232033047316;-0.3957922846928478  -0.12774247004751552  -0.9094120786111072  5.940507336603046  -0.9033218451766711  -0.12420475156055588  0.410588387215705  4.752831293656092  -0.16540287604582116  0.9839995127213935  -0.06623328136088738  1.1069988550503678  0.0  0.0  0.0  1.0
38591597441487;5.191066102703561;0.006793424460489957;-0.030444553418807474  0.8655237171396579  -0.499941820851066  7.941736465212308  -0.6585167308479232  0.3589116969392353  0.6614666348301802  3.729358193307462  0.7519500278346252  0.3493581097798477  0.5590349423520486  4.527926214155692  0.0  0.0  0.0  1.0
38591597441518;4.920812353335283;0.004850315225407612;0.8745398911237928  -0.008820995327949277  -0.4848733534384094  10.25143543467506  -0.4829066205483916  -0.10760777268216348  -0.8690349607978471  -0.9452497549315261  -0.04451038826741621  0.994154292501827  -0.0983670068492262  1.805068485296111  0.0  0.0  0.0  1.0
38591597441549;4.927630398119143;0.01108851165760655;0.383259736359999  0.4314487378524654  -0.816678615546397  9.754909464634725  -0.8691191951046163  0.4677478858959157  -0.16075988287071677  2.7965599336061233  0.3126400473163492  0.7714038513291317  0.5542493112026525  -3.4250759851020556  0.0  0.0  0.0  1.0
38591597441580;4.789769207117012;0.0030277974209346496;0.605712800038307  -0.7942556760497742  -0.0476437292040586  -2.7107307661546782  0.679440603227298  0.5474569189127612  -0.48851958877886587  3.5076065741589217  0.41409234544468365  0.2635314838824057  0.871251218906957  -5.481937572376276  0.0  0.0  0.0  1.0
38591597441611;3.8037185845764383;0.013498074132994054;0.9882345401296964  -0.10554321745254253  0.11069382523164065  -0.8118856441347022  -0.15174741952281928  -0.5861731990285812  0.7958477878393363  -6.796887019031198  -0.019110582482310345  -0.8032817749646539  -0.5952925126749218  3.9132312112992684  0.0  0.0  0.0  1.0
38591597441642;2.439160696844833;0.004076259802428827;0.12081695288510524  -0.989078223217668  -0.0844247135152899  2.4682256396975033  0.9926674044154138  0.1200499703269546  0.01412192747687363  -4.032260021326499  -0.0038325065848626716  -0.08551182948035801  0.9963297842141425  -2.3319399878251508  0.0  0.0  0.0  1.0
38591597441673;5.598187939653337;0.012409306240651988;-0.21308085039807356  0.8088219036044697  0.5480909408513115  7.684696545547904  -0.46347449983518463  -0.5775166009460371  0.6720609820799454  8.221816111623102  0.8601092600339559  -0.11082284909429774  0.49792605567740994  1.7640835757295883  0.0  0.0  0.0  1.0
38591597441704;4.778579004204095;0.002692684829829447;0.7052710091938484  -0.6914427625747809  0.1565238310087185  -5.0023938683143365  0.7088925302949023  0.68532749483982  -0.16672613864858815  1.222981375005891  0.008011496912669225  0.22854568667890524  0.9735002234297054  4.485630847884331  0.0  0.0  0.0  1.0
38591597441735;4.169490407709132;0.008847399844972249;0.5052765240995957  -0.6808759541054985  -0.5301920117417454  -5.502673199694731  0.2537194058407237  0.7044466113552349  -0.6628585330596257  -1.8825152089275987  0.8248164021730304  0.20040685335351058  0.5286917777261942  -0.9851724927204943  0.0  0.0  0.0  1.0
38591597441766;1.9262032552907409;0.006050069406184157;0.037136940368985585  0.6541892861585031  -0.7554185763770038  7.620292435134527  -0.9877039751748976  0.13890590963611546  0.07173566541038184  0.5864115156573102  0.15186080825458984  0.7434658876798534  0.6513038989386376  -0.05176979411914662  0.0  0.0  0.0  1.0
38591597441797;2.2135128812075298;0.01517343711830077;-0.0679903196911058  0.4719695080702517  0.8789892490128796  -2.9970016633775387  0.18207366063143351  -0.8603627515369222  0.4760515916075546  0.652237355312804  0.9809314443591717  0.19240769012630732  -0.027436877513452917  -0.3057081530031538  0.0  0.0  0.0  1.0
38591597441828;5.443305572519713;0.02905599915492214;0.5514677733465573  0.352364718196225  0.7561232705919617  -2.2769735921710295  -0.4826869178461981  -0.60447666258904  0.6337359889775507  4.110227805775567  0.6803650742802195  -0.714455785724849  -0.16326755937405635  -8.240683830843622  0.0  0.0  0.0  1.0
38591597441859;1.9328163177142916;0.002819517905047357;0.5014599411162607  -0.8642292634883394  -0.040567321652773686  -2.077559893570009  0.8534293104064211  0.48640275079722417  0.18727193104177126  -1.9180730377996298  -0.14211382619188428  -0.12853071285609743  0.981470079145466  -3.307283836393457  0.0  0.0  0.0  1.0
38591597441890;4.287804159875307;0.006822478213647325;0.06669396229336855  -0.9709628666465004  0.22974557011446545  6.460720520153126  -0.7532468159597261  -0.20000142613082822  -0.6265929011664352  2.462210923096136  0.6543478812070425  -0.13126515584588633  -0.7447135752895937  -1.2447828720855068  0.0  0.0  0.0  1.0
38591597441921;4.652169079942416;0.01413044814989507;-0.3292952230931769  -0.9340456967740438  -0.1382869928297925  6.900421890842776  0.9419374651802941  -0.3351474655317585  0.020736152906507738  -4.321410018000358  -0.06571504955288537  -0.12342938339605761  0.9901750954132966  -4.143532754688245  0.0  0.0  0.0  1.0
38591597441952;1.783388299920841;0.012607856639109748;0.5488347008688657  -0.8358623005424574  0.010709138810038432  -0.21755678246759036  0.8358294425087597  0.5485234605769164  -0.02260876450006291  -6.050622936859581  0.013023600027564586  0.02135948802274998  0.9996870300817788  0.10295971523363345  0.0  0.0  0.0  1.0
38591597441983;5.49349230429743;0.005647136739710419;0.1290792490406192  -0.9879398639315289  -0.0855182595827454  4.0233386224849585  -0.2607332242408788  0.049392566797487956  -0.9641465449412299  -9.5773707993488  0.9567427727681386  0.14674876353859923  -0.2512131906485542  -4.051118379138818  0.0  0.0  0.0  1.0
38591597442014;1.4576110063785062;0.01625987327489478;0.00428525782370979  0.32882343790082225  -0.9443816936241767  3.9515810235953146  -0.7737184823521087  0.5993812849255672  0.20518719586691114  3.9653824118919716  0.6335150721428293  0.7298062907155982  0.25698527467503945  -2.3031013852491875  0.0  0.0  0.0  1.0
38591597442045;3.4058146160113;0.005231994235807021;0.5981212742780938  -0.7935336678103007  0.11205025349136748  2.8506784028718  0.7992847007676251  0.6008441100554451  -0.011415889386648607  -1.2589460941313684  -0.05826584226420374  0.09638813963974424  0.9936369649736425  7.414740829424392  0.0  0.0  0.0  1.0
38591597442076;1.5195309119701852;0.016440092941982398;0.8697326086608466  -0.3901841388637899  0.3021945188303763  -0.7513329829247404  0.48968273751068353  0.6060270570824269  -0.6268508775363216  -1.9469899878292731  0.06144921493430747  0.6931720882025882  0.7181479305274246  0.06834018888756255  0.0  0.0  0.0  1.0
38591597442107;3.7055155609155883;0.006748367384677583;0.6440711695324888  -0.7051995861404874  -0.2964217810558772  -5.836772869305725  0.7019946573926809  0.3909146595269306  0.5953059969117374  3.018560069105089  -0.3039339230312828  -0.5915059362966953  0.7468232038150568  1.7960298085787179  0.0  0.0  0.0  1.0
38591597442138;5.646923884727078;0.01144400779242333;0.3736892206992737  0.8954385446411985  0.2419631771654988  4.006083688619043  0.9274809449974015  -0.36399555162791125  -0.08536003199284775  -4.180521294527704  0.011638857327796182  0.2563143600463028  -0.9665234015967528  11.22698215317616  0.0  0.0  0.0  1.0
38591597442169;1.4800799852740398;0.026926463037359055;0.07132306990312011  0.9853189372019272  -0.15511161043216437  4.061670673954752  -0.6600669096684704  -0.06996358147966418  -0.7479416902588418  3.1950210305389204  -0.7478132751297679  0.15572953880944787  0.6453864085041512  2.599790167613581  0.0  0.0  0.0  1.0
38591597442200;3.2131369785042154;0.005726555263386878;-0.05256915223508722  -0.916146402358977  -0.3973817480433493  -5.155975455994096  -0.9636567777413463  -0.05783134246650434  0.26080864736754483  -0.7745066662181943  -0.2619200239509204  0.39665010434036907  -0.8798105453904971  -2.984908530853739  0.0  0.0  0.0  1.0
38591597442231;3.3002375565089763;0.006638362985923606;-0.3740236905684154  -0.44737935867829  0.8123779836518124  8.226146159636608  -0.7072716194529879  -0.4290083769948301  -0.5618884842961358  -0.22598878555391888  0.599894270025918  -0.7847314966897044  -0.15595942707386107  -7.550155922212946  0.0  0.0  0.0  1.0
38591597442262;3.603766945068243;0.003642803626075923;0.5107773085824441  -0.23711658358986004  0.8263669081128237  0.11808148949553843  0.7177831589052186  0.6466577498802624  -0.2581106183632144  4.948418060760443  -0.47317425736119656  0.7249892966840746  0.5004963954557632  6.034849519386769  0.0  0.0  0.0  1.0
38591597442293;2.0154890518338;0.006426110392151815;0.7316294060427131  -0.1594013925171564  0.6628043514319883  -1.2150342784801946  0.09086844419374655  -0.9407977469383481  -0.3265616713662783  -4.340163085986667  0.6756192256466623  0.2991501218774957  -0.6738307402584756  0.4510252721597887  0.0  0.0  0.0  1.0
38591597442324;5.849680243723311;0.0024433194172753807;0.02464763265172362  0.8504463980428387  0.5254839847803429  -3.0040716301788066  -0.9563571259039407  -0.1330335201765268  0.2601598167323236  0.5698520657533761  0.291158963347207  -0.5089626769866363  0.8100515116319309  -4.563799349386018  0.0  0.0  0.0  1.0
38591597442355;5.300655887315837;0.00960744235338966;0.05882105716438257  -0.9217381717953606  -0.38332600471323564  -3.3497334281240363  -0.48649041559073697  -0.36177471646258424  0.7952648175713357  2.714733010801827  -0.8717035957092393  0.139706110044493  -0.4696967575402445  0.06651880801115961  0.0  0.0  0.0  1.0
38591597442386;1.9258199135952243;0.012914191968825244;0.6827642893609458  0.14308758183950027  -0.7164906622537149  -2.8023037008138356  -0.6902026432269619  -0.19539659668238174  -0.6967355892212327  2.4734770582463494  -0.2396940476022671  0.9702299283820655  -0.03465039127881639  -2.0688333633964557  0.0  0.0  0.0  1.0
38591597442417;4.983836368994222;0.020557034247955023;-0.9435851290539848  0.26564895939990424  0.1976808908264106  7.430054045482202  -0.2609773783285063  -0.9640589073265385  0.04981195845518632  -5.368805090309344  0.20380851853873772  -0.004588417386151733  0.979000017465238  -7.8190239584889  0.0  0.0  0.0  1.0
38591597442448;3.9670676070792013;0.010520932277861004;0.3767138659850595  -0.8492941320672175  0.3698461036847379  -4.346332453086161  0.6397618347473332  -0.050205847112102436  -0.766931657787369  0.5613578189122957  0.669918993591998  0.5255272116189109  0.5244327334108122  7.023867111570898  0.0  0.0  0.0  1.0
38591597442479;2.535069451706357;0.010873853467200366;-0.5363938499154237  -0.8235462431142063  -0.1845351544432332  4.759962150233928  0.435737692885458  -0.08298158417662273  -0.8962403247379561  0.8435247994576177  0.7227823329134225  -0.5611467206889976  0.4033609513676499  -1.409746842135061  0.0  0.0  0.0  1.0
38591597442510;2.7117678210954486;0.015059070918469893;0.10995335799187046  -0.4191838215596878  0.9012187208491217  -0.8007067431106378  0.9128687080117392  0.4012560640397018  0.07526149748938113  -4.712375912187425  -0.39316787890071725  0.814419114961076  0.42677924526238187  1.5972402735802718  0.0  0.0  0.0  1.0
38591597442541;1.1504027505085501;0.0057011158548366525;0.6491196679518175  -0.691244407373043  0.3175292521227191  -1.1523603328102774  0.5941669703046847  0.7213836240912685  0.35576857406451773  -0.5975342600662839  -0.47498343979245716  -0.04227098494758308  0.878978893804901  -1.0201744637362398  0.0  0.0  0.0  1.0
38591597442572;2.4453153833729853;0.01199936474799525;-0.26695428736063187  0.14358401149880679  0.9529528005634316  6.58230301840805  0.14228769138462327  -0.97212872913103  0.18633289263713393  -6.6746350964742565  0.9531472191326011  0.1853358185564733  0.2390836945920628  -1.4307490518302433  0.0  0.0  0.0  1.0
38591597442603;2.022769694472952;0.013186976873313236;-0.5568550332665183  -0.7720299596913176  0.306402045138032  6.99926317954959  0.7813676104921757  -0.6120230530585621  -0.12203458443664737  -2.0979485733118843  0.281739470432337  0.17145706128328442  0.9440473224031765  -0.014229139932280255  0.0  0.0  0.0  1.0
38591597442634;2.3143065310168365;0.019824570124186938;0.9473383572039624  -0.2178886973828683  0.23467968067750322  1.9604204964690886  -0.18669840814829716  0.21961750620200382  0.9575551448164774  -0.3629202669993335  -0.2601802094030022  -0.9509430406298844  0.16737261458374986  4.4278262336498955  0.0  0.0  0.0  1.0
38591597442665;1.7442633128967042;0.01801908982850688;-0.35033310141212104  0.8568347717025632  -0.3782867854635952  5.237743795102697  -0.7608452909292986  -0.49588695454630405  -0.41858161878121447  2.836033448120605  -0.5462427677559449  0.1411747226390293  0.8256443158903946  3.5873365590528152  0.0  0.0  0.0  1.0
38591597442696;4.239524031860057;0.006840979903349042;-0.09279967463547227  -0.9914068987803326  -0.09219859781099721  -5.227683497757834  0.9926188809512585  -0.09937754174731175  0.06951159166162463  0.7754752741678863  -0.07807674152154254  -0.08506741589483438  0.9933114099749147  -4.257992683977876  0.0  0.0  0.0  1.0
38591597442727;3.3606588330920775;0.00845347574908484;0.4626204563719602  0.8226163029680227  -0.3305824124744416  0.3121271799585559  -0.8612236351996722  0.32848791331361926  -0.3878009037899822  -6.6670232828590335  -0.21041901891146167  0.4641100180970964  0.8604218311864548  2.3475318644181065  0.0  0.0  0.0  1.0
38591597442758;5.505400493338908;0.016684292295302272;-0.49143903003843586  0.844682391647191  -0.21213047163494117  9.08073059798166  0.06427451651771243  -0.2077320083429461  -0.9760718207366812  7.612199597097708  -0.868536968862751  -0.49331437233369474  0.04779606435384573  0.5044297890243905  0.0  0.0  0.0  1.0
38591597442789;2.5679788633882894;0.0103591591469329;0.997625857067459  -0.05687593487628906  -0.038830108709175276  4.690824808551841  0.039976898304541195  0.01916552578152364  0.9990167817526724  -1.558354634642633  -0.056075813969719904  -0.9981972804278054  0.02139374754846557  2.609111608901385  0.0  0.0  0.0  1.0
38591597442820;4.890369584704633;0.009419104275053033;0.6253983404519301  -0.08652401481938284  0.7754937205545303  -7.399441011196877  0.7021802392820784  0.49585523108457724  -0.51095058603335  4.639493348703355  -0.3403231219322832  0.864084014818927  0.370862492054223  -0.34225886961937757  0.0  0.0  0.0  1.0
38591597442851;3.7198562228278598;0.017617696625910503;-0.46626534572859546  -0.11455279672316585  0.8771968331768502  -3.6382385237400063  0.1400784981352598  0.969510565094545  0.20106535885185745  4.190670362780319  -0.8734841966130601  0.21662622401952486  -0.4360027950991586  -2.4805785503558226  0.0  0.0  0.0  1.0
38591597442882;2.8047071756103454;0.017584255401377577;-0.6514757021811477  -0.42803778087950894  0.6263889108272332  0.5894710288901768  0.7050749990636606  -0.6464057756539203  0.29159701455370574  -8.154294451170939  0.2800868707436337  0.6316195305253003  0.722916394540918  -0.956543861044191  0.0  0.0  0.0  1.0
38591597442913;2.6498156260201227;0.013927046662353964;-0.6615799669277068  -0.004077329866192178  -0.7498635360791306  0.9774884304271318  0.624407735460352  0.5507466441837274  -0.553889080789321  -3.427539286912825  0.41524321458298463  -0.8346625122176785  -0.36181703033614193  -1.6803279402423752  0.0  0.0  0.0  1.0
38591597442944;3.9890625842330967;0.010694041652892488;0.4913755956242017  -0.869393162764937  -0.05201492634370792  -3.3849237160359245  0.8661066732271185  0.49406025176359125  -0.07591902408982534  1.6395344426302216  0.09170198807231769  -0.007745719132356374  0.9957563704133197  -1.4758270383515821  0.0  0.0  0.0  1.0
38591597442975;4.829702581700206;0.01122297261621929;-0.1317329643115955  0.9904154022079947  0.04151815485851332  4.470337143328412  -0.2592088474828132  -0.0748422253346458  0.9629171380204995  -7.265251829741302  0.9567952756469438  0.11608605590738987  0.26658362313457057  -5.179378266182036  0.0  0.0  0.0  1.0
38591597443006;1.5836086183196916;0.008077762478136885;0.6056510337217746  -0.40439094148402377  0.6853136448352752  -0.47541683257258716  -0.38590821004835096  0.6039066845896343  0.6974034483175666  2.4700936364317094  -0.6958891282158548  -0.6868512813947568  0.20969892340533494  4.007757972728426  0.0  0.0  0.0  1.0
38591597443037;3.2675087807083063;0.019571566138618598;-0.24100592913599958  -0.7184590686526375  -0.652481960510848  6.418184596849165  0.9640315278101805  -0.09958652543828006  -0.24642592667798016  1.4374341924075495  0.11206853041449233  -0.6884032906820801  0.7166181367149597  -4.21973440190725  0.0  0.0  0.0  1.0
38591597443068;3.1958174120499194;0.0050986192023651;0.42597685284049425  0.34472718752613596  0.8364848396859496  -5.423732081782042  -0.37390625906632036  0.9089913633447118  -0.18419774916038434  1.4663727861518612  -0.8238554668600176  -0.23430293968502064  0.5161049333031215  -2.4517863938454436  0.0  0.0  0.0  1.0
38591597443099;4.778408638902547;0.018439398425383485;0.4030621930315503  -0.7007530968251474  -0.5886305852048139  -1.340177242390196  0.10413044508324243  -0.603897420073824  0.7902308247815599  -1.0946205122532362  -0.9092291894541017  -0.37980653406457315  -0.17043848663518796  5.936714964151323  0.0  0.0  0.0  1.0
