# registration_from_features.py RANSAC RANSAC_config.json euclidean True --use_random_keypoints=True --n_keypoints=5000 --input_txt=/i7g4/neural_comparison/point_clouds_registration_benchmark/eth/gazebo_summer_global.txt --input_pcd_dir=/i7g4/neural_comparison/point_clouds_registration_benchmark/eth/gazebo_summer/ --input_features_dir=/i7g4/neural_comparison/features/3DSmoothNet/eth/gazebo_summer/ --output_dir=/root/neural_registration_comparison/results/3DSmoothNet/RANSAC_mutual_on
id;initial_error;final_error;transformation
36535719080030;2.8719654907800902;0.01864417645943087;0.5957746698542267  0.6913012639031358  0.4088460655136781  -1.0327208995961712  -0.6170731516445804  0.7198254233742253  -0.31791836276557184  7.044653130375237  -0.5140751582011251  -0.06288022256675724  0.8554372036160476  6.226403662932713  0.0  0.0  0.0  1.0
36535719080061;2.8185456084080336;0.016347080937083137;-0.8828210756460979  0.34416087361503334  -0.3196564428689087  4.909162748063193  -0.38772516427243553  -0.14980780689823997  0.9095201031215598  5.365202454916123  0.26513420259366743  0.9268823625816154  0.26569332048462085  -0.7892359197128148  0.0  0.0  0.0  1.0
36535719080092;1.9001870719663094;0.05991101156718157;0.0106470456668116  0.9373498553873594  0.3482267781545023  -2.8090528631215204  -0.8525878865971385  0.19047034716117173  -0.48663635548541495  3.8526923053118796  -0.5224753927663895  -0.29171269334329364  0.8012010786912414  -1.8659950355702344  0.0  0.0  0.0  1.0
36535719080123;2.152334886682317;0.015165741577663597;-0.16986006017098385  0.9602017026167496  -0.22172110916781496  3.530290580571512  -0.9838165450336357  -0.17824833445537597  -0.018235596561846812  -0.3486705104552321  -0.05703126928967922  0.21503539605325622  0.974939594419792  -2.565413908846519  0.0  0.0  0.0  1.0
36535719080154;3.7084111945439853;0.12362300840928256;-0.7981936023927271  -0.6023436535597947  0.008312407326352467  1.239578036079613  0.5913439419231042  -0.7808364984196579  0.20151105450215853  10.650852488085459  -0.11488827377137002  0.16576032623027093  0.9794509680417232  -4.304220730052158  0.0  0.0  0.0  1.0
36535719080185;2.3222284832250804;0.014605095672734852;-0.5189856408164124  -0.09134448121677  -0.8498882811155928  6.1225168562282715  0.4090192556040913  -0.8995939648676051  -0.15308150416969635  -6.830515244947013  -0.7505712179210262  -0.4270677746271906  0.5042380020422168  -0.53658103661878  0.0  0.0  0.0  1.0
36535719080216;4.7404660091141455;0.022879498009932407;0.7629788483168591  0.19206120920075553  0.6172323459941341  -5.92191122531915  -0.6079974390374411  0.5375173102091388  0.584306644964308  -4.579757266433834  -0.21955042961696197  -0.8210892966942607  0.5268870616262387  -0.1593006939238284  0.0  0.0  0.0  1.0
36535719080247;2.9917173628249674;0.021242195139065057;-0.5975295837000031  0.7877394956740591  0.14974940253129732  6.193428496922632  -0.7941374761674821  -0.555538105322679  -0.24642053989233614  1.5468747957008708  -0.1109236924630782  -0.26616517520079036  0.9575239077749907  -3.1280217444193763  0.0  0.0  0.0  1.0
36535719080278;1.8936058971638152;0.01587593753491396;-0.368570457878753  -0.8384272217331892  -0.40149173271166055  2.5213646926075266  0.5766278153801436  -0.5449664911548017  0.6086968753397262  -6.050165279933756  -0.7291475708722948  -0.007163614673384326  0.6843190063967546  0.5866142338423146  0.0  0.0  0.0  1.0
36535719080309;2.0474131250721026;0.020150496212148022;-0.7175068304836966  -0.6588201908577171  0.22614133706034617  0.964409636606069  0.47704376585499786  -0.2282082575244563  0.8487344912612736  2.2681805823909853  -0.5075560990354874  0.7168521097938212  0.4780270484146536  -0.1136853090346277  0.0  0.0  0.0  1.0
36535719080340;2.643359974182583;0.02344586398664423;0.48034039791861316  -0.8241788848368837  -0.30000377983688775  -0.9270752959666204  -0.1436729366016461  -0.41136478199105353  0.9000761653469735  -0.9846738147255208  -0.8652347597130202  -0.38924051937906545  -0.31600732374087087  6.827124162510189  0.0  0.0  0.0  1.0
36535719080371;4.184735305781556;0.0060822297986408294;-0.9763916625427672  0.15601508602954545  -0.14939415734280176  2.949715738835418  -0.14658604007423606  -0.9865565537381784  -0.07224056430845126  4.510692872048258  -0.15865640287213953  -0.048635986753047616  0.9861352273497944  -4.57731763842074  0.0  0.0  0.0  1.0
36535719080402;2.5739270336253104;2.5739270336253104;1.0  0.0  0.0  0.0  0.0  1.0  0.0  0.0  0.0  0.0  1.0  0.0  0.0  0.0  0.0  1.0
36535719080433;2.734748311517099;0.016755621530261788;0.30008364219616884  -0.3747281294023214  -0.8772278134674699  7.626391376165406  0.6682995248356065  0.7387899259145023  -0.08697810340393747  -3.9787051792131574  0.6806802133092927  -0.5601502248521197  0.4721294026083691  -7.4557382894589495  0.0  0.0  0.0  1.0
36535719080464;3.7323423107611307;0.0046680227702259125;0.29495127176594377  0.9094889779718924  0.29297362719414816  -0.8576492043734487  -0.9536777693086091  0.2612148328930601  0.1492163643948225  1.5477081793203107  0.05918158168053528  -0.3234139916953103  0.944405066888937  9.253695725080682  0.0  0.0  0.0  1.0
36535719080495;4.095283908390811;0.014581451200608655;0.20303567374403778  -0.955823892999271  0.21254929018705615  4.553707300200709  0.12691473091115554  -0.1895506113437735  -0.9736340261191314  7.81440308260985  0.9709115130973849  0.22465807644266547  0.08282259609567842  -5.273534688324237  0.0  0.0  0.0  1.0
36535719080526;2.3278553928468253;0.017213573308190483;0.7264757063739394  0.2517100261349994  -0.6394334295230458  3.7868533747485422  -0.65581049497024  0.5319284185438192  -0.5356909110973982  5.106743778550236  0.2052940396976367  0.8085135869536085  0.5515071504305594  -2.5762587557788827  0.0  0.0  0.0  1.0
36535719080557;2.2194490343578286;0.01901407873856272;0.40708237654634216  0.5513014251659117  0.7282517952709884  0.29228201294966283  0.6548018010307597  0.3797259318486126  -0.6534851322322303  -1.762845189884674  -0.6368033763040631  0.7428828678141243  -0.20641343133625545  -0.7082556728847205  0.0  0.0  0.0  1.0
36535719080588;3.796227498088121;3.796227498088121;1.0  0.0  0.0  0.0  0.0  1.0  0.0  0.0  0.0  0.0  1.0  0.0  0.0  0.0  0.0  1.0
36535719080619;2.4973131938563013;0.008676175646976073;0.07102522131343984  0.5543457993804569  0.8292503558314702  7.034412988115913  0.8108485157802012  0.45209217753931746  -0.3716683299190341  -2.923141684255429  -0.5809303765464695  0.6987942456238466  -0.4173805216928274  0.49787563717423144  0.0  0.0  0.0  1.0
36535719080650;2.045757500568744;0.0069769991672955;0.5867310064597605  0.7376631100772875  -0.3340656553580767  -1.809006647200757  -0.6022586511698229  0.12173272155513412  -0.7889649305221916  -1.7597468641025187  -0.5413236029860723  0.6641041187448584  0.5156883519300131  3.3169564234911193  0.0  0.0  0.0  1.0
36535719080681;3.422151150058385;0.020761177142135653;-0.8500441595504531  -0.03431164686379518  0.5255926537763436  7.489824172380409  -0.13567666038494272  -0.9499373339897623  -0.28144432010472764  1.0647232052550846  0.5089369024161582  -0.3105507565309055  0.8028333930381378  -7.5049299208105245  0.0  0.0  0.0  1.0
36535719080712;2.329822326641319;0.026107263846845575;-0.17204759547741078  0.9519451721741994  -0.25337721694082427  1.5826883834631627  -0.3182257619424568  -0.2971307666782017  -0.9002475614681604  0.6146850292804094  -0.9322724866296257  -0.07425427036514626  0.3540541116919217  4.759703159468128  0.0  0.0  0.0  1.0
36535719080743;1.5817497009913515;1.5817497009913515;1.0  0.0  0.0  0.0  0.0  1.0  0.0  0.0  0.0  0.0  1.0  0.0  0.0  0.0  0.0  1.0
36535719080774;4.455523395855616;0.026572948959083978;-0.6554493880011161  0.4239810173203584  -0.6250009573760329  13.861998903262602  -0.692664447772741  -0.6672962828059826  0.273736431161442  0.49116462240341585  -0.30100176504573434  0.6123363192766806  0.7310555174089316  -4.483455745602528  0.0  0.0  0.0  1.0
36535719080805;2.6623006804379994;0.006543799426912127;0.10071367117152173  -0.7014043876790673  0.7056122457722133  7.194825340076218  -0.48219561123251603  0.5859433209971535  0.6512739954020318  5.25417350971475  -0.870255220580293  -0.4058353231587644  -0.27920161448202013  -0.6781216440804152  0.0  0.0  0.0  1.0
36535719080836;2.3641851278479833;0.008707613826853316;0.733808199532865  -0.5059329054351177  -0.45338440808690805  1.1767247880493685  -0.5542762290717993  -0.059982090570895985  -0.830168664005509  5.027554906410286  0.3928146995521959  0.8604847726768476  -0.3244419328739625  3.4109500046821783  0.0  0.0  0.0  1.0
36535719080867;2.3245937370798613;0.02559183454546896;0.6631613054216374  0.502031966050674  -0.5551405119920219  3.8695206235701303  0.7223171037381416  -0.2348884673326461  0.6504501591678359  -8.470148342353967  0.19615066820893554  -0.8323408634552407  -0.5183952183264938  -1.3487442080471168  0.0  0.0  0.0  1.0
36535719080898;1.1108467191895781;0.01583973101826628;0.9800587549430471  -0.1825880249015118  0.07839929860687364  -0.3869582757571708  -0.03953593873794947  0.20747851604053535  0.9774403178351743  -0.8863033817182391  -0.19473506722620332  -0.9610485307954968  0.1961223471413287  -2.0357540377040557  0.0  0.0  0.0  1.0
36535719080929;3.0133446968971027;0.016089872626012046;-0.2835102388882126  0.09869275800019242  -0.9538771849477609  3.518409396397159  0.26399566411090053  -0.9482238696296552  -0.17657231491716965  -10.963732055951205  -0.9219155242082615  -0.301879500103732  0.24277671560701153  2.8490721600903193  0.0  0.0  0.0  1.0
36535719080960;4.172447019856412;0.003499537620341382;0.16190255132165288  0.9658991830502546  0.20205526981098415  -2.8966723531930256  -0.2840711170019937  -0.15047000949239794  0.9469225822254934  -9.265955402516326  0.9450350069498903  -0.21070724815774078  0.25002258140618683  -1.6205839249748102  0.0  0.0  0.0  1.0
36535719080991;2.0023267432930947;2.0023267432930947;1.0  0.0  0.0  0.0  0.0  1.0  0.0  0.0  0.0  0.0  1.0  0.0  0.0  0.0  0.0  1.0
36535719081022;5.2049478600741095;0.00447397607934781;-0.49766737058867894  0.33597815726085634  0.7996535913099807  -3.3785788917316775  0.33212525855872665  0.9254813292851377  -0.1821458804692348  4.888190659463487  -0.8012615059259054  0.1749370943745579  -0.5721686920245967  6.087270760049817  0.0  0.0  0.0  1.0
36535719081053;2.759339837400279;0.02380067444685442;0.9350156074933367  -0.2607061013110095  -0.2403708436626206  1.6447286779335513  0.018200651332051607  0.7122415957907108  -0.7016984006798012  5.0600593958520825  0.3541391676092259  0.6517240504728328  0.670702029220375  -2.520579746442672  0.0  0.0  0.0  1.0
36535719081084;2.627616704218367;2.627616704218367;1.0  0.0  0.0  0.0  0.0  1.0  0.0  0.0  0.0  0.0  1.0  0.0  0.0  0.0  0.0  1.0
36535719081115;3.3642234081663633;0.029522453659709274;-0.06408087309539198  -0.9348200273892028  0.34929236764547544  2.8453696670269526  0.5090575038871216  0.27042879660692964  0.8171466965618477  5.673914552921983  -0.8583438119072945  0.2301733745631274  0.4585478363297301  0.6542041908619678  0.0  0.0  0.0  1.0
36535719081146;2.4293434851076756;0.03304701052873623;-0.36570177406520676  -0.9276848919872752  0.07525259878648136  4.827233623017862  0.8820687353417899  -0.3196446599303167  0.3460954167719764  -1.3292324090965713  -0.29701339797742443  0.19294567255212358  0.9351764586778865  -1.242945932938931  0.0  0.0  0.0  1.0
36535719081177;3.5423989428844522;0.007358774140077715;-0.23131259051254344  -0.8014244029166919  0.5515554476931591  7.478768310988264  0.8414964347993201  -0.44932922245030243  -0.2999783326712788  -3.426957862688641  0.4882399365992198  0.39474317760010896  0.778331284253536  5.730118540819346  0.0  0.0  0.0  1.0
36535719081208;2.4968567701157345;0.00981544041218679;-0.2755091093057728  0.9605845703060816  0.03704070705886081  10.357604122222641  -0.2539390174725708  -0.10988835864363598  0.9609576078265225  2.5558081839711404  0.927151393298098  0.2553464938558748  0.2742051457958192  -3.0432239500240508  0.0  0.0  0.0  1.0
36535719081239;2.6254413723760552;0.007525809697565493;0.03858414270383702  0.9801463397928099  -0.19448500333590876  8.588788568321071  -0.5311100169128564  -0.1447466690232127  -0.8348476218697102  2.7418258558875914  -0.8464238972681695  0.13550481318921126  0.5149806129709364  9.596204287470592  0.0  0.0  0.0  1.0
36535719081270;4.852975213123584;0.005771949750510565;-0.642276207145426  0.0807946383697275  -0.762203057029812  11.37332863261081  0.4810927064189887  -0.7316468476088027  -0.48295206616656544  -4.891513759779655  -0.5966834014494945  -0.6768789528378074  0.4310496510146534  -5.817042065713082  0.0  0.0  0.0  1.0
36535719081301;1.4134837583742463;0.004577805126573143;0.9325385950427426  0.3410685796331788  -0.11850735311665093  0.6716233789659167  -0.32243139916358843  0.6388935417338639  -0.6984647701668074  3.826730700402978  -0.16251080453040462  0.6895558471347814  0.7057641051322427  -0.7285487506353052  0.0  0.0  0.0  1.0
36535719081332;2.6207414559357245;0.009117849228679106;-0.2284819746174348  0.9302175079908348  0.28721311791462273  2.307303516200917  -0.4512256669017943  0.1602309106145065  -0.8779074283844946  -0.5593294768431029  -0.8626652797023596  -0.3301839534425729  0.3831281405549372  3.4992093204212025  0.0  0.0  0.0  1.0
36535719081363;4.7790429741920475;0.011370964506330173;0.8784830451704326  0.47422266960294523  -0.058141198669605765  7.137545676860711  0.4530584732472638  -0.7882154150646736  0.4164786660481928  -4.692574172224303  0.1516758358043264  -0.39221080950055376  -0.9072844767458431  5.50856074512654  0.0  0.0  0.0  1.0
36535719081394;1.4663573651430153;0.00970165279083854;0.9022704373516797  0.12704020919393225  0.41203014832554613  2.5739678267347355  -0.42705512191199174  0.39502418204656287  0.8133755703530681  -1.3744061061817572  -0.05943046970993504  -0.9098443168182161  0.4106718135246809  -2.7543342379599207  0.0  0.0  0.0  1.0
36535719081425;2.332117443040167;0.005437094560669434;0.5362151862329257  -0.8291386800693871  -0.15812122964985947  -2.8601520987369677  -0.4501152732919418  -0.12240892912731044  -0.8845407253593391  -3.0686219628776343  0.7140514790983279  0.5454769502762697  -0.438845510304926  -1.1238576192554777  0.0  0.0  0.0  1.0
36535719081456;3.9542146055036578;0.00703593760890619;0.9124637066424418  -0.2974618239174812  -0.2809385117281393  1.931909006095665  0.03034488856310516  0.7339340228861987  -0.6785425836218193  9.843999951188925  0.40803084662612105  0.6106204331348293  0.6787146048522933  -1.2087138258321237  0.0  0.0  0.0  1.0
36535719081487;3.3533169379046845;0.017476394255347506;-0.5255888742024306  -0.8414403211656613  -0.1254373199301163  6.441995212390923  0.821404172725797  -0.46353451241026195  -0.3323115117374504  -6.746863504991147  0.22147577823155007  -0.27769397134473306  0.9347911734368912  5.148022621733438  0.0  0.0  0.0  1.0
36535719081518;3.0920879439740774;0.0049165048359940304;-0.3033451603032127  -0.9026483269952268  0.30529938010637514  0.08094826703744262  0.9006411122530191  -0.37622829911175665  -0.2174806976885997  -7.569773465962547  0.31117085441966424  0.20899345616596002  0.9270892269029684  4.073631053059021  0.0  0.0  0.0  1.0
36535719081549;1.5294161413651834;0.021599297716680784;0.8000207858217288  -0.5707965232000644  -0.1848190232522126  -0.6420284896898059  0.03780352603260491  -0.25947678218432013  0.9650091672760285  0.5861340357133082  -0.5987801229772792  -0.7790142030861763  -0.1860086979614799  0.7653497761442681  0.0  0.0  0.0  1.0
36535719081580;3.0692450464075005;0.006863808301955826;-0.013868987016073094  -0.9934513861583567  0.11341073379176472  -3.2487742016904937  0.7562820985289889  -0.08461826269958041  -0.6487504428224247  0.843040317832104  0.6540986459577297  0.07677299627957253  0.7525030686970788  2.7005491822837095  0.0  0.0  0.0  1.0
36535719081611;4.067373545893354;0.005548290159305483;-0.25709677957331556  -0.8454174621259949  0.46815655572198445  2.6014006304875057  0.9120586190786639  -0.3724095873218085  -0.17163966509848738  2.7824287160989396  0.319453159786142  0.3828582165805534  0.8668155886342885  6.031477752091389  0.0  0.0  0.0  1.0
36535719081642;1.8617882493278746;0.012941595121005105;-0.1406714252031217  -0.9431214058206513  0.30122012551322097  4.704386547801884  0.031593889651954296  0.2998143020576598  0.9534742840886369  0.15741800507610026  -0.9895521089199817  0.1436433018436873  -0.01237843154283657  1.416905465764796  0.0  0.0  0.0  1.0
36535719081673;1.5998785025075408;0.007263396424812277;-0.9054923872427064  -0.147528178557027  -0.39789316804533204  4.723735920165021  -0.38566601571389436  0.6772679522903171  0.6265539443047595  -1.0471656957238609  0.17704592898136684  0.7207936995646725  -0.6701575797519548  1.907924451814989  0.0  0.0  0.0  1.0
36535719081704;1.9756325052656099;0.022019090781881367;-0.6010046923578896  0.7737616368929048  0.200215606376255  10.081727513315947  -0.3492833675383613  -0.47959266189288186  0.804979507701633  -3.4285209563060963  0.7188841971589455  0.4138644801517919  0.5584995104239809  -3.736149715579999  0.0  0.0  0.0  1.0
36535719081735;3.6039393451346733;0.003615577210488736;-0.6957535376377296  0.6467738189053435  0.31242701874707146  4.1904683745222435  -0.10957614458881476  0.3343008868336004  -0.9360747756452578  6.270019562822208  -0.7098732868629696  -0.6855118848283134  -0.16172004315327598  11.249722935503565  0.0  0.0  0.0  1.0
36535719081766;4.290345428514503;0.016056721890119103;0.6096864794928638  -0.018473325156606872  0.7924273676377266  7.990733020570509  0.28765293918418205  0.9367301788158288  -0.19948022126107806  -5.26344214857931  -0.7386055667961755  0.3495644552201007  0.5764256312347461  -1.9436629105798595  0.0  0.0  0.0  1.0
36535719081797;3.80649089162507;0.022630076854080024;0.10869733385419085  0.9780016828569954  0.17803819236859225  10.677384043278227  0.08694101142868807  0.1690602132814895  -0.9817636705526306  -6.944093999684359  -0.9902656967424192  0.1221939139814358  -0.06665206104202759  1.2310213084583996  0.0  0.0  0.0  1.0
36535719081828;1.9802991795936433;0.009206499100289811;0.1611436965522978  -0.9841510548036917  0.07402303959068558  -2.2507809305532773  0.97678677135283  0.16976423916554684  0.13064343232882875  -1.9243237221903016  -0.1411393367264256  0.05125236023176113  0.9886621683867037  1.9202946132578638  0.0  0.0  0.0  1.0
36535719081859;4.6068693402346454;0.011355086218202203;-0.5041007322020501  -0.8466918869170765  -0.17028006466453566  2.258664791143201  -0.8505601336307234  0.520908583343266  -0.07212285960358676  0.5045980882625012  0.1497661873436194  0.10847624822104196  -0.9827527627539101  7.143658229235377  0.0  0.0  0.0  1.0
36535719081890;4.508629332811153;0.006904387125162729;0.2151347224408365  -0.04259976944587909  -0.9756548113156941  2.5527433310169805  -0.7371531953415535  0.6482148474900103  -0.1908472637771902  6.630543511090788  0.6405639841561825  0.7602649348330236  0.1080509651289494  -8.794827443690131  0.0  0.0  0.0  1.0
36535719081921;2.2999981710951882;0.011779812005172018;-0.5124063283959087  -0.6583709014567206  0.5513506241357585  4.794402500649312  0.005535600706641171  -0.6445627206851534  -0.7645313964957687  -5.511405630313606  0.8587252830472867  -0.3886986689172202  0.33392249555449305  -1.939986265203847  0.0  0.0  0.0  1.0
36535719081952;1.2152378562390587;0.00405743134765244;0.32808019358775653  -0.6396845824984554  0.6951021662239286  3.0819231657531287  -0.16659564000870247  0.6851169621927391  0.7091266747527443  2.249710585865877  -0.929843685414657  -0.34845140698463306  0.11820464316141976  2.85423452662613  0.0  0.0  0.0  1.0
36535719081983;1.4321260052918148;0.01913089045079467;0.6877003341086447  -0.3140748117778074  0.6545420254449623  -0.40784961805955344  0.7219450699619461  0.20075501539294044  -0.6621878432531224  -5.154799599936291  0.07657392783774694  0.9279301894007526  0.36480405312192504  1.6413754856790377  0.0  0.0  0.0  1.0
36535719082014;2.1446172376713286;0.01726855759274265;-0.7425498509872356  -0.42231129596642014  0.5198777626500252  5.839567541375592  0.5961002076235569  -0.770614611972688  0.22542773184622764  -7.192627617972372  0.3054247227550276  0.4772905709453574  0.8239596164962625  -2.2442723756568332  0.0  0.0  0.0  1.0
36535719082045;1.9741406690068724;0.009019393862695574;0.5204226818762304  -0.8527061132997255  -0.045304707592351445  0.695455794148649  0.8436421713396122  0.5216439062605812  -0.12710437364066923  -5.510632040059128  0.13201560107099847  0.027927037123157472  0.9908541576192667  2.438311019383481  0.0  0.0  0.0  1.0
36535719082076;2.7263856166451443;0.01418954985702031;-0.9124581816147782  0.3604738636658543  -0.1935940609059731  7.663965130357093  -0.3566001839157782  -0.9325923587084084  -0.055747657438871  -4.906233322023744  -0.20063991535955084  0.018168271588116958  0.979496573894985  2.1471465854698573  0.0  0.0  0.0  1.0
36535719082107;1.536577084651521;0.01745215314617918;-0.5990542771090319  0.7184265136202144  -0.35354959709336364  8.405826387334137  0.7637066000098869  0.6453312724822015  0.017314094196374613  -3.9870125051721033  0.2405955157078234  -0.2596360785484315  -0.935255529006528  1.8345207058251845  0.0  0.0  0.0  1.0
36535719082138;2.448192473659257;0.007270020490698151;-0.7740137952258226  0.2306885655655739  -0.5896485652635957  5.096296644961493  -0.21563633728597173  -0.9716364967335838  -0.09707465301086711  7.57634357938152  -0.5953180787125566  0.05201253630219896  0.801804889748999  3.3067182941215383  0.0  0.0  0.0  1.0
36535719082169;2.751939271344588;0.005728629228174944;-0.3036081270181657  0.5409706943057355  -0.7843295309440357  -2.5433748408320307  0.95236488639475  0.14751283426998535  -0.26691025999003803  -0.15061748725531743  -0.02869195655293283  -0.828004028751072  -0.5599875891492225  -2.630311292392828  0.0  0.0  0.0  1.0
36535719082200;3.495996902324403;0.011641554497929007;-0.34261487224553244  0.8277424146256522  0.44436195195569295  1.9886964861467058  -0.6812870200638935  0.10677497154599767  -0.7241872007594531  -4.258542993140182  -0.6468871969738142  -0.5508553353477186  0.5273474698055498  -5.048134262217415  0.0  0.0  0.0  1.0
36535719082231;4.028218031238248;0.006537069176890351;0.7362769967295185  0.06746551687079166  -0.6733086870970243  -3.917911741205499  0.4406882193036463  0.7072753870067441  0.5527706760506047  0.6157536120255518  0.5135076216123211  -0.7037115396011477  0.49101933931184394  -0.5507542611551548  0.0  0.0  0.0  1.0
36535719082262;2.352339194995012;0.005878487536745347;0.6214814021852467  -0.46510506008823527  0.6304269583529705  -4.005606095629146  0.7831268858424695  0.3464754223237142  -0.5163981626577305  -2.285580821634902  0.02175195183277817  0.8146361548605134  0.579564308584942  3.0523542344493806  0.0  0.0  0.0  1.0
36535719082293;4.915635355433878;0.01491805939930925;-0.651961632057977  0.5954331312396068  0.46947355255274675  4.5583783646916185  -0.32549705043348615  0.3394295498753553  -0.8825186971563354  -5.925583571751371  -0.6848340678466575  -0.7281805867321729  -0.027483315356574264  0.038841708873071035  0.0  0.0  0.0  1.0
36535719082324;2.6136203318699214;0.013699905894252844;0.17692979117703062  0.9842186962224102  -0.0030670833559241495  7.512346739890941  -0.9842126409793088  0.1769416061360971  0.004140694931288005  5.1185368266309235  0.004618044021877515  0.0022860499203172235  0.9999867237344576  -3.778509727633951  0.0  0.0  0.0  1.0
36535719082355;2.6932219088290648;0.006376970142352226;0.881542829426233  -0.34776634530883915  0.3192817078345166  -2.689786207067889  -0.08957059097446604  0.5408087506473434  0.8363629621496551  2.535806724885248  -0.4635292322169954  -0.7658880233387864  0.4455964391537821  0.8440161716364172  0.0  0.0  0.0  1.0
36535719082386;4.785475193293865;0.006991387272211197;-0.2502974747900617  0.6696512743469751  -0.699226962351417  13.31915083549201  0.6975063350180162  -0.3761459006740675  -0.609917350151502  3.629576604687753  -0.6714432863045492  -0.6403760084290839  -0.3729376370185505  5.143933125392046  0.0  0.0  0.0  1.0
36535719082417;2.477038884971137;0.007773166328641962;-0.9605708455737623  0.008034463674222506  0.2779192293224314  -0.98534986895698  0.10837606432052303  0.9313379823127593  0.3476552766520187  -2.262046509768844  -0.2560435105916581  0.36406731533476827  -0.8954868567370676  -0.44091300961151814  0.0  0.0  0.0  1.0
36535719082448;2.815184467780424;0.00843653411750104;0.6697407330217978  0.6103675231501802  -0.42296434508707603  2.9398228074869595  -0.5932644520703259  0.7823610442752578  0.1896008605207905  7.466850762504736  0.4466370343367431  0.12394629112661061  0.8860884134638244  -5.371914266200584  0.0  0.0  0.0  1.0
36535719082479;3.430440585461284;0.007297463226073903;0.6044427725062601  0.7895611187703253  0.10602912095786421  4.041903100994781  0.7451881847820362  -0.6074275252989874  0.27518424876871656  -3.20542826426157  0.2816797898788618  -0.0873214820951902  -0.9555267943592685  7.7140714043299665  0.0  0.0  0.0  1.0
36535719082510;3.752685809770862;0.013839842937922713;-0.43471551904527267  -0.8971366067455822  -0.07853869325511481  1.182297075682567  0.9005592044823482  -0.43343678304124383  -0.03355107045949696  -5.284293582041309  -0.00394166504404489  -0.08531391412823369  0.9963463249958826  3.30054924283294  0.0  0.0  0.0  1.0
36535719082541;1.6713742885955687;0.010209063382979191;-0.0022393137948205633  -0.3078591869989253  0.9514292966133058  0.10175265320709848  0.7725077840162257  0.6036293489441912  0.19713785209226642  0.5564934876183933  -0.6350013457529587  0.7354279910865322  0.23647190280952718  2.273062383900384  0.0  0.0  0.0  1.0
36535719082572;5.705872389959219;0.00830201322426621;-0.7015477845763017  -0.6084057909509144  -0.37104325825094114  6.119485409507324  0.09752392842516056  -0.5977419634691833  0.7957346470353851  -14.759619749303127  -0.7059176930355313  0.5220602825779772  0.4786786730302447  1.738271101931467  0.0  0.0  0.0  1.0
36535719082603;3.111669804062568;0.00837864474484441;0.5179041034452718  -0.0676950360907897  -0.8527559567210393  -1.0135003223693193  0.8359228638372328  0.25176767181013016  0.48769458182910447  -4.127829058822201  0.18168187952767254  -0.9654172266538303  0.18697933878190653  -7.5667108557181955  0.0  0.0  0.0  1.0
36535719082634;4.355140868473985;0.011614981280766221;0.8528841718529604  -0.4633309210196783  0.2406512975858343  7.291423690836039  0.23313835323938856  0.7504001496650239  0.6185031314646152  -6.498383200204512  -0.4671563952805478  -0.4714064838435777  0.7480246181368091  2.4441866575492575  0.0  0.0  0.0  1.0
36535719082665;2.7201030154491477;0.0034383028702877475;0.7109582555763714  0.20433197391917507  -0.6728943477709538  6.142244047264621  0.4582792409351403  -0.8603955668370973  0.22293408419302344  2.510542519049372  -0.5334027522948446  -0.4668703385324068  -0.7053464332106043  1.5520095864808683  0.0  0.0  0.0  1.0
36535719082696;3.2991237738734345;0.009096098563367785;0.9850136621804388  0.15712666317654442  -0.07112873566206068  5.156717093020884  -0.10217614413679385  0.1993539563726172  -0.9745860842675325  -4.87860602339568  -0.13895366453323812  0.9672482679217315  0.21242096722121132  4.890228711602012  0.0  0.0  0.0  1.0
36535719082727;1.2878238866021425;0.0027676913753448156;0.8974266925330533  0.378090202266913  -0.2273172463297671  0.7517757603210304  0.21466118434409195  -0.824394919977683  -0.5237304572497008  -1.0634866292764915  -0.38541653761245803  0.4212135027094377  -0.8209952969841366  1.0020693012019695  0.0  0.0  0.0  1.0
36535719082758;3.2221881761895412;0.01172662975444399;-0.6777510423383867  0.6690508745346867  0.3049991014635962  12.02124888165799  -0.6613721390444166  -0.735958493145231  0.14474802265735273  -0.2713687937802711  0.3213104702698661  -0.10361478490916229  0.9412882438675116  3.1723643486638338  0.0  0.0  0.0  1.0
36535719082789;4.375691271181936;0.013496742047082752;0.002560386738604552  0.8821003454283001  -0.471054588147724  12.955264797730422  -0.7202010829344881  0.3284278791443958  0.6111018968557572  3.129800963698118  0.6937606536549469  0.33768936731260446  0.6361305264206971  -9.267474902722867  0.0  0.0  0.0  1.0
36535719082820;2.9711958970592893;0.00866138072206135;0.38724223290358745  -0.6834458775011908  0.6188256503915055  -0.29724826491015577  0.7781298292708243  0.6022814830616504  0.17824416949795685  -5.203176860514327  -0.4945274733063885  0.41250302748911494  0.7650384503131284  -1.9062281913082137  0.0  0.0  0.0  1.0
36535719082851;3.748982682712409;0.004253296181378656;-0.5696252093952908  -0.7721847972024016  0.2815275471261336  -2.328479627071024  -0.4310869393583573  -0.010941122973380485  -0.9022440593003233  3.0008127042167065  0.6997793734713933  -0.6353038098402746  -0.3266464413803055  4.019696919639316  0.0  0.0  0.0  1.0
36535719082882;4.963661102647681;0.011858647095624057;-0.22527363572127557  0.8422988983021356  -0.4896778073059137  6.213362141325742  0.8188140257223172  0.4360521318685791  0.3733659459207294  -7.109492841972095  0.52801077671704  -0.31684555261495634  -0.7879172008902919  6.939349968686995  0.0  0.0  0.0  1.0
36535719082913;2.817358654932551;0.01413226309204894;0.2566407187958337  0.12777632939316103  0.9580233562407388  -1.6079153114828868  -0.9201907548401228  -0.27086497892946043  0.28263251386970545  2.210044699733411  0.2956087213915112  -0.9540992468482271  0.04806361410591775  -3.2119888340669016  0.0  0.0  0.0  1.0
36535719082944;2.334751411184137;0.00427298255178529;-0.29698500278428464  -0.5898715011851096  -0.7509004729062584  3.0771549176568334  0.6148756043452993  0.48351313803335294  -0.6230112651711381  -0.4710616149868194  0.7305668342473676  -0.6467353844028984  0.21910144513218982  0.3680538762659158  0.0  0.0  0.0  1.0
36535719082975;3.599500676289258;0.003914037106048982;0.6001211585272814  -0.581458535931196  -0.5493273760524069  -5.518360254299852  0.783736677139318  0.5648055350524739  0.2583631716803101  0.528083018598958  0.16003567100647795  -0.5855772182785446  0.7946621328833204  4.328384097692269  0.0  0.0  0.0  1.0
36535719083006;4.488115034885534;0.006296133401542252;-0.7557385909738847  0.08177632489260978  -0.649747500803095  10.21952604974891  -0.43091937644853606  -0.8092054446817345  0.3993683003176909  4.914115221785837  -0.49312034343962474  0.5818068244567913  0.6467867855031457  6.853359789128165  0.0  0.0  0.0  1.0
36535719083037;2.300426924388642;0.01087636577980277;0.40785135588641136  0.8225868136555333  0.39624260939688677  1.3506146964548118  0.47890374433830535  -0.5622180342831637  0.6742121962598475  1.1620227449037868  0.7773728032034362  -0.08521628909318424  -0.6232412926891311  -3.675160732374868  0.0  0.0  0.0  1.0
36535719083068;5.209340635066207;0.00754837779328235;0.5038730104728574  0.8636878978717757  -0.01245810526736607  -3.8042163285010284  -0.8636660045850839  0.5035234458689165  -0.02334891826894281  1.04508572814272  -0.013893230044061289  0.02252453174042368  0.9996497504770446  7.443528087814229  0.0  0.0  0.0  1.0
36535719083099;3.2857786138404523;0.015251771006189328;-0.9345855502002016  0.07985025183090369  0.34666091016947165  11.010783004156474  0.14286576766472528  -0.8081959976060126  0.5713218023874027  1.164147616388198  0.3257901499225444  0.5834750780763158  0.7439204335661727  0.20820923048990264  0.0  0.0  0.0  1.0
