# registration_from_features.py RANSAC RANSAC_config.json euclidean True --use_random_keypoints=True --n_keypoints=5000 --input_txt=/i7g4/neural_comparison/point_clouds_registration_benchmark/eth/hauptgebaude_global.txt --input_pcd_dir=/i7g4/neural_comparison/point_clouds_registration_benchmark/eth/hauptgebaude/ --input_features_dir=/i7g4/neural_comparison/features/3DSmoothNet/eth/hauptgebaude/ --output_dir=/root/neural_registration_comparison/results/3DSmoothNet/RANSAC_mutual_on
id;initial_error;final_error;transformation
3394309160030;3.936759879304484;2.4062810031906583;-0.5717758392932716  -0.7612448854494578  -0.3059062176182712  11.712494123307042  0.8197390911987986  -0.5451828901757612  -0.17550908415284974  -1.1560359836036507  -0.03316944318258927  -0.35111513871755234  0.9357445951766494  3.6634726317255986  0.0  0.0  0.0  1.0
3394309160061;3.7772892530728184;2.413679624752896;0.12252507749686871  -0.9517119165305085  -0.28148185255574326  8.253724604358117  0.766618560592314  -0.08936654622784332  0.6358534445693249  -12.529678122376557  -0.6303043613523197  -0.29369720521164944  0.7186503765469764  3.322519706965421  0.0  0.0  0.0  1.0
3394309160092;3.061336083217481;2.3712346761565604;0.1259649334955502  -0.9912596343118182  -0.039206796776334985  -3.4097644430131204  0.9888689739109069  0.1286196891158081  -0.07480058828740505  -11.086738277657327  0.07918956980468095  -0.029348133769496687  0.9964274680469205  4.974060658138814  0.0  0.0  0.0  1.0
3394309160123;1.9832381539954238;1.6582838156204642;0.8507403025245598  0.45822139497818337  0.25743754746475733  -2.5519494356733006  0.1355382721989569  0.2819736114699113  -0.9498001153947804  1.046640300478937  -0.5078093288132297  0.842925877891327  0.1777797793659161  11.285895212805215  0.0  0.0  0.0  1.0
3394309160154;1.9207102010338835;0.003972319064183119;-0.2733989574944035  -0.908645917488317  -0.3156194016102128  14.641553108755192  -0.9618880815534171  0.25657653681426507  0.09455051201281318  9.014466804704195  -0.004932403720333989  0.3294405521307498  -0.9441634360667254  5.316964439875379  0.0  0.0  0.0  1.0
3394309160185;2.640555800877831;0.7871904446446593;-0.5680861877130624  0.6634498433680207  0.4869418740102229  28.594017406410085  -0.8228937487401683  -0.4499251099421844  -0.34700615805467494  15.385901198437663  -0.01113380500960981  -0.5978308295650718  0.8015449691736241  5.086342069274611  0.0  0.0  0.0  1.0
3394309160216;2.7201455624554285;0.0075334019947029315;-0.07013560497168851  0.8554517818525451  0.5131113386396381  8.780319560999391  -0.984705570746047  0.022866802027869004  -0.17271956550061202  9.071087550914926  -0.15948647546722333  -0.5173773847882457  0.840764358100841  -2.813421561786467  0.0  0.0  0.0  1.0
3394309160247;2.5310221937667676;0.8110939884875948;-0.0149202235513059  0.6733903610187567  0.7391365290771449  12.393118735135285  -0.5771187601788841  0.5978573623369053  -0.5563277010442196  14.231300213326762  -0.8165239271318189  -0.43487009093128953  0.37970604476969516  15.143062823733977  0.0  0.0  0.0  1.0
3394309160278;1.96744994252244;2.352924576064032;0.7333518110006271  0.6309306674442872  -0.25322245986564096  -0.5832543146445133  0.3570838001458577  -0.6744230359554445  -0.6462543835410586  -2.72174381596912  -0.5785207697010482  0.383510184285824  -0.7198844751580347  10.886485786031354  0.0  0.0  0.0  1.0
3394309160309;1.4697744642858348;0.005862053197555861;0.4125899951832968  0.17778304772610842  -0.8933995096348907  11.855588482314666  0.5322960150123103  0.7488399491124788  0.3948413390404232  -8.767352275436277  0.7392093399549695  -0.6384605849654597  0.21433066315602697  -9.96771711868395  0.0  0.0  0.0  1.0
3394309160340;3.1108095863624285;2.439330138867031;-0.9976040435724576  0.06620830691583024  -0.0200657006661277  17.03046580304324  -0.06679972634172066  -0.9973033091146191  0.03039582520186046  3.946607968273895  -0.01799913355010782  0.031663381442449956  0.9993365106244625  -2.364714820392501  0.0  0.0  0.0  1.0
3394309160371;4.078910422747308;0.8266898945193898;-0.5647818452295579  0.6838452747716939  -0.4619275998157316  25.279008756561044  -0.8251175593023752  -0.4775954241893288  0.3018006363881738  14.60315501404595  -0.01422956886160981  0.5515960940451284  0.8339899690069245  -4.528346154492905  0.0  0.0  0.0  1.0
3394309160402;3.021814741136945;1.5729481202831954;0.5607254294425358  -0.7209257064229108  -0.4072506827435785  5.869914172977891  0.5402874740821149  0.6912769058982094  -0.4798183872276744  -3.669177726620254  0.627436401658727  0.04901392853491794  0.7771236688475794  -14.778499425211608  0.0  0.0  0.0  1.0
3394309160433;1.3594709122664788;0.006372921982605722;0.15442752000712962  -0.9567834291914281  -0.2464094370943192  12.551629418749055  0.9826457257658853  0.17467610023601687  -0.06241504338197679  -14.082108994922013  0.10275951877312733  -0.23249457978849414  0.9671539441425482  -3.4929838422533592  0.0  0.0  0.0  1.0
3394309160464;1.5447184908495197;1.604489995591285;0.3100376845929418  -0.9368274378678654  -0.16195982770483092  1.772345398317048  0.9504281764166336  0.30115940624632404  0.07739052592348784  -6.308209549985556  -0.02372584256880359  -0.17792516316500273  0.9837579583958183  -2.5071229472058656  0.0  0.0  0.0  1.0
3394309160495;2.78060091011266;1.607473337699051;-0.7942079180478461  -0.17186056721546206  0.5828359360458887  6.975118492469324  -0.20018605979694834  -0.8316222055673883  -0.5180058384518524  -5.020350682785399  0.5737240838356714  -0.5280799680385666  0.6260768507007007  -5.591292162301766  0.0  0.0  0.0  1.0
3394309160526;1.34399863829473;0.013916462419021865;-0.6136278020188939  0.5746852054461408  -0.5414774558841671  24.37260982730382  0.008648927367819859  0.690616580859071  0.7231693676435098  0.6977059035525395  0.7895480458115569  0.43907363036722574  -0.4287519451516195  -8.492683793636626  0.0  0.0  0.0  1.0
3394309160557;2.19301441794297;1.603632057859135;0.8130528949144309  0.5818340704940614  0.020349557331214976  -3.971406827629562  -0.4907340013194415  0.7037190067650554  -0.5137700842464611  8.329961216797468  -0.31324930968842635  0.40773603462278896  0.8576865371741641  6.25999010907959  0.0  0.0  0.0  1.0
3394309160588;3.3552539819811384;0.010354170565233084;-0.3264568410685271  -0.8923773879417974  -0.311590321431416  17.246767001983905  0.6811606332342349  -0.4506577939766304  0.576998912009419  -15.525226066173488  -0.6553213888249756  -0.023877818541310117  0.7549726664788691  2.189153937923316  0.0  0.0  0.0  1.0
3394309160619;3.0056203551742433;1.6435610567680259;-0.38817593254422444  0.8489245982440334  0.3586732104431944  0.7976157804406041  -0.8255920578077964  -0.49327442848268865  0.27400381802041496  3.6566686511903397  0.4095329040237304  -0.18975606630957315  0.8923426672644353  -8.664591572313588  0.0  0.0  0.0  1.0
3394309160650;2.0651927868102353;1.5645256296741121;-0.2861515574172316  -0.797221960744442  0.531558493013214  8.631317418594106  0.1454400717023222  -0.5844658836817443  -0.7982774056400064  1.2866252468605879  0.9470820828898173  -0.15111841753705502  0.2831938420061075  -12.280891563358475  0.0  0.0  0.0  1.0
3394309160681;2.0883872688177947;1.6271110890141491;0.7277096758072759  -0.5143519032868886  0.4537408371764924  -0.010974032575461479  0.39561758554587123  0.8551718122296046  0.3349147616555428  1.0595136673495147  -0.5602904191072021  -0.06421285816010017  0.8258034603364086  -0.11866382699595257  0.0  0.0  0.0  1.0
3394309160712;2.2055221376060135;0.8133059249283617;0.6712312822113148  0.7405959293431261  0.031084324366878135  2.1794215321212835  -0.6700298467393062  0.6241421359711636  -0.401878835700332  7.712996351356651  -0.3170308664143846  0.2489262210891905  0.9151651032435623  9.742291020390542  0.0  0.0  0.0  1.0
3394309160743;2.1472367397073575;0.8198763138395851;-0.6770061852009386  -0.6064140316566836  0.417042740506965  13.739738408430833  -0.7341537588476124  0.5963070682157813  -0.3247093142578778  9.288723997963078  -0.05177724953678642  -0.5260037096882364  -0.8489047142198115  1.4674319746872362  0.0  0.0  0.0  1.0
3394309160774;3.3639630831655443;0.8043154092093682;0.43304686047944585  -0.5049453945109728  -0.7466596046332313  1.9333765094355329  0.2218660970525474  0.8625860218926277  -0.4546655801950702  2.520904160874598  0.8736394288306619  0.031233049764767373  0.4855704325788657  1.5502105328709201  0.0  0.0  0.0  1.0
3394309160805;1.324119052607352;1.594178633105924;0.23310338842889572  -0.8647528309631682  0.44482058365609944  7.538172590502372  0.8002446386127271  -0.08931161923762296  -0.5929856263356982  -12.690058520976278  0.5525136456908135  0.4941922460038599  0.671194975633092  -9.98420280095523  0.0  0.0  0.0  1.0
3394309160836;1.3305106697980524;1.5922270409816577;0.4880192803677104  0.8441559324123489  0.22189624548968656  -2.619078986054248  -0.7052059259150005  0.2315386408590377  0.6701301812659364  4.295370493094517  0.5143168129117979  -0.4835189960717023  0.7082990868228364  -0.9412589207829991  0.0  0.0  0.0  1.0
3394309160867;3.084620563102242;0.007772229304025814;-0.6324620279943205  0.7703734658807502  -0.08072487975954346  30.479624863858792  -0.6292739447955054  -0.5717801859064575  -0.526385525452857  16.662818450289087  -0.4516703283887653  -0.282120793405339  0.8464052057859329  8.092356607355198  0.0  0.0  0.0  1.0
3394309160898;2.141076967332666;0.00763632981813829;0.5707668191726718  0.7681348577335483  -0.2901621589149306  11.913297862066678  0.48726797892182483  -0.6012834254410823  -0.633267841444108  -8.53440979073832  -0.6609048001406501  0.220061542811325  -0.7174801478274838  16.31248768902187  0.0  0.0  0.0  1.0
3394309160929;4.439440389033587;1.5891655300155718;-0.1423006670152394  -0.4168138650475601  0.8977843405134286  -1.1383183497457807  -0.9875229927871834  0.1215861705886217  -0.10007568055346636  15.108437037134703  -0.06744522876870374  -0.9008235149160512  -0.42891506862154927  8.280407470489944  0.0  0.0  0.0  1.0
3394309160960;2.4847882689820464;1.5995705907188607;-0.21754793017080326  0.8216944142595447  -0.5267743232666758  14.14658759489896  0.1513887493315258  -0.5047626795662672  -0.8498800408839589  -0.18226067281470681  -0.9642377013238163  -0.2646373497670856  -0.014585213540343256  19.816348919714216  0.0  0.0  0.0  1.0
3394309160991;2.9477521292476965;1.5959994608709929;0.9605229453464982  -0.2657860324932548  -0.0821794158800323  -6.140944548631183  0.006593034827075392  -0.2735656437340313  0.9618307389869358  -7.089469787907398  -0.27812264085230054  -0.9244023060874959  -0.2610137412962444  7.557852047400853  0.0  0.0  0.0  1.0
3394309161022;4.019397668082857;1.6098247986556782;0.5631228407728767  -0.8113335850785515  0.1569410077814945  8.892239786407389  0.8151724038680704  0.5765432029121915  0.05560474033483204  -8.095783921131073  -0.13559726461783117  0.0966216792409304  0.9860413951395882  -3.7388776492489657  0.0  0.0  0.0  1.0
3394309161053;2.8365870008578016;0.8166356035247448;-0.9978987583633212  -0.00021017044824922504  -0.06479215913460012  34.379087955823046  0.019221252807065894  -0.9559388363392399  -0.29293597358280543  -0.2071316133362604  -0.06187577472216105  -0.29356583078887444  0.9539342175935244  -4.686535536619961  0.0  0.0  0.0  1.0
3394309161084;1.9084522891745812;0.008538447578146712;-0.785217589676208  0.33855017760732453  0.5184757603833908  36.232286189479325  -0.07139577129947056  -0.8812194254140481  0.46728467566729415  -4.081858406436551  0.6150902215965072  0.3299031699074496  0.7161200442533198  -9.28909479332655  0.0  0.0  0.0  1.0
3394309161115;2.6459747141640655;1.6206633640888537;-0.128785730543551  -0.7048918763023599  -0.6975253961909206  7.391005621234201  0.9910876731692436  -0.06733645503963162  -0.11493922704920322  -2.2608717355010675  0.03405083993584477  -0.7061113542109582  0.7072816240749015  0.12502888333108286  0.0  0.0  0.0  1.0
3394309161146;1.4245283483443059;1.6230502198951833;-0.6330305183917654  0.765822539620352  -0.113084926467176  2.4612536970801075  -0.7505725290012064  -0.6429460881078201  -0.15251624993942653  3.211671177688817  -0.1895078929580155  -0.011669001511938726  0.9818098557818242  1.8410573995464004  0.0  0.0  0.0  1.0
3394309161177;1.4359728733692718;0.008322127496618592;-0.18885177291777488  -0.9819502476772511  0.010426838082464696  2.8683185206257362  0.9805933949769822  -0.18800032398977895  0.055609998266986774  -3.0096423788093944  -0.052646002633906716  0.020726535318834047  0.9983981215629094  1.3982151589251326  0.0  0.0  0.0  1.0
3394309161208;3.0244753449661483;0.783972289285278;0.7498058469963363  0.49319121930678306  -0.4410823199911729  8.189748025142418  0.3099382247474386  0.32716933882552257  0.8926917276265515  -7.647479679088319  0.5845763326123572  -0.8060537481651948  0.09245467223633325  1.5811947039680334  0.0  0.0  0.0  1.0
3394309161239;2.9239237120023964;1.6434884991728644;0.6901227059450872  0.7196210233318097  0.0766565947450665  3.250347027478629  -0.5288735576878121  0.42920040175046736  0.7321746889341871  -1.89020648104618  0.49398725764706386  -0.5458320235348199  0.6767894734451895  -4.631041779569653  0.0  0.0  0.0  1.0
3394309161270;1.0304885640464179;0.004468037366620718;-0.1849971626927096  0.47651674310043446  0.8594811477517134  4.150906690948556  0.4670209641495742  0.8121386268077164  -0.34974600768512104  -1.6956815319040133  -0.8646776675966892  0.3366936952065376  -0.3727866504687604  3.2651011055906722  0.0  0.0  0.0  1.0
3394309161301;2.0398930971718565;0.006379541396489518;-0.5013729969395526  0.6070849041514562  0.616500638354307  -0.5481068166483477  -0.6986359050472416  -0.7043911504045874  0.12546305994404874  4.106488823702717  0.5104243235962346  -0.36780569106950867  0.7772940135484175  0.5428284099366225  0.0  0.0  0.0  1.0
3394309161332;2.256914975873143;1.6371629840738597;-0.6756272253866351  0.612768119506034  0.4099305844083817  6.959680332689572  -0.7348053303796173  -0.6048809411231796  -0.30688788426987323  8.246259756061974  0.05990808594888142  -0.5085609882629395  0.8589393124400376  0.283220001731568  0.0  0.0  0.0  1.0
3394309161363;3.66917130522765;0.004675104402322271;-0.17351810499617165  0.9569441848139592  -0.23270000943121133  29.396916790203328  -0.9838240969156918  -0.15775214984218805  0.0848787697141774  13.068356315314901  0.04451531833607386  0.2436638799061447  0.9688376025230045  -4.492183127315506  0.0  0.0  0.0  1.0
3394309161394;2.752686316258313;0.003368406853233829;0.7029610147203904  0.5144117816019611  0.4911479723386591  4.10073382980362  -0.27095188156343775  0.8321817200848844  -0.4837960961332747  8.360265048693467  -0.6575947761809794  0.2070123274243828  0.7243721465060815  9.587424325906884  0.0  0.0  0.0  1.0
3394309161425;1.9040075588087033;0.0059605998028995555;-0.13335539972879007  0.9909485091389267  -0.015407452693836199  22.07086273607702  -0.9686659740419867  -0.12703849059227956  0.2134184917979796  17.114652298312393  0.20952939673578977  0.04338518345441561  0.9768393715243884  -0.2476435671053796  0.0  0.0  0.0  1.0
3394309161456;1.9884497529698029;0.8176119079773665;0.10777689421606962  -0.16960127592360252  0.9796017294177388  4.35959668296229  -0.9219663475669493  0.3516147253940066  0.16231185674545295  3.5640718588293967  -0.3719706910862699  -0.920653296356008  -0.11847072584237592  1.7779842157349668  0.0  0.0  0.0  1.0
3394309161487;2.3504147878262693;1.63527677720457;0.45243681075279163  -0.8141026721924234  -0.36405737378193226  1.5397624342581948  0.6739838455734319  0.5794725900869712  -0.458210970235267  -1.9586126645530115  0.583992044622091  -0.038057278765724616  0.810866780273466  -8.7283517390573  0.0  0.0  0.0  1.0
3394309161518;2.2062122654647958;0.006824994834872968;0.7074810591026548  0.21319089509596525  -0.6738102056656367  2.8736268288289604  0.10550788259424845  0.9108710499052954  0.3989762112644108  -5.560985728809522  0.6988123050730177  -0.3533604005722859  0.6219306951629974  -0.4888079754947292  0.0  0.0  0.0  1.0
3394309161549;1.3852236987168691;0.8199812936838662;0.599105681829493  0.2069649540569349  0.7734583956437665  -1.365453771648219  -0.6463830295021645  0.6951021874165189  0.3146774987512986  2.7275705618603436  -0.47250540861584  -0.6884754584158979  0.5502183039374438  -0.7659766025328865  0.0  0.0  0.0  1.0
3394309161580;2.2986137988137836;0.005930232710932597;0.13519443540638482  0.7602014294786255  -0.6354653816328653  17.567478213932162  -0.9175904625605721  -0.1459188355572558  -0.3697775499506295  16.914003743017158  -0.37383179058638705  0.6330888405652626  0.6778261667261796  7.923274562300917  0.0  0.0  0.0  1.0
3394309161611;3.407144086678155;0.006957214139662891;-0.9766860938217542  0.15775137044592144  -0.1455980056787769  24.040842240686136  -0.18080457199441877  -0.9701271980136527  0.16174957935059375  1.7241094531540802  -0.11573236747392024  0.18430334993323538  0.9760319125532056  7.717229151811362  0.0  0.0  0.0  1.0
3394309161642;1.7425026346266586;0.0025395395169143064;0.3231756861465779  -0.7432645699617086  -0.5857604074391899  8.03184580054733  0.6193001274752555  0.6341359616902383  -0.4629675303953075  -3.374352918275495  0.7155591016770185  -0.21314164569795746  0.6652411674545892  -8.585549457126284  0.0  0.0  0.0  1.0
3394309161673;2.6456540480703254;0.004237959714786294;0.597220185404387  0.8020543814999701  0.0060678877915132726  8.939184114889457  -0.7248614827211209  0.5429491402918342  -0.4240071484346656  5.750594879336377  -0.34337134564912103  0.24882724965939454  0.9056385144272809  9.925152821218909  0.0  0.0  0.0  1.0
3394309161704;3.077519635932954;0.006296788859643595;-0.8267621117067098  -0.5598842368372426  0.054717931132677866  23.67171696178692  0.5433881027145531  -0.8199828353380035  -0.17988196012754182  -0.7778424546523119  0.14558083828079876  -0.11898651643033717  0.9821651737020778  -2.0707835540677735  0.0  0.0  0.0  1.0
3394309161735;3.1217165961473894;0.007097168962558954;0.6510057024255723  0.7411326683327591  0.16405469618194668  9.672438419738159  -0.7334634706828065  0.6698404674866185  -0.1155209301003064  11.42521959743643  -0.19550680955741265  -0.045123342598618554  0.9796637032009552  9.732083226123528  0.0  0.0  0.0  1.0
3394309161766;2.088824937831005;0.8097634715847212;-0.6262090796470112  -0.7251593847382769  -0.28636699407167343  7.883716944027283  0.7017048708020783  -0.36411888795685815  -0.6123950601741496  -4.041689014008001  0.33981239362371995  -0.5844324615890732  0.736862426088245  0.11899699188591928  0.0  0.0  0.0  1.0
3394309161797;2.586432702881334;0.010225780465015601;0.31146447344036987  0.7100076263731452  -0.6315687233203399  6.744656416152241  -0.4522493281679172  0.6952882851369162  0.5586096541620389  7.283068518104969  0.835739449204224  0.11163946902120624  0.5376580716407806  -13.970814435155889  0.0  0.0  0.0  1.0
3394309161828;3.2220836563382176;0.007054891704727762;-0.13032520095714895  0.13462775421916706  0.982288506391775  18.237023162920554  -0.8527018071830402  0.4902868633975097  -0.18032864333380602  15.671953400575154  -0.5058803910236676  -0.8611005512562031  0.050900595320746866  16.08379427387321  0.0  0.0  0.0  1.0
3394309161859;1.6225102333552934;0.0016712303561387909;-0.15675587039274944  -0.4505028861329009  0.8789054253350235  22.982530656719327  0.6840203935435514  0.5924026316599  0.4256468292128471  -12.561063434821083  -0.7124210119823369  0.6679118741183991  0.2152905713163294  15.96640760508014  0.0  0.0  0.0  1.0
3394309161890;1.282929335068904;0.8200698887509775;0.21136452514456638  -0.9272731913955531  0.3090136987732388  6.419599933563445  0.9632584360233518  0.14402050596545624  -0.226696447460695  -10.081200610361346  0.16570522906733412  0.345575639159591  0.9236445499645316  -3.3192309739649195  0.0  0.0  0.0  1.0
3394309161921;1.558203848860055;0.0030455676653011734;-0.9005004854761365  -0.4329089480282634  -0.04109401871690098  0.34922816436484205  -0.266315704230561  0.47431480013732996  0.8391075116162803  0.7337760098169195  -0.3437656488618713  0.7665607041113883  -0.5424111591540399  2.4968645512763774  0.0  0.0  0.0  1.0
3394309161952;3.0446776651304432;0.006589976181923548;-0.017585675436503426  0.06318116113840436  -0.9978471250129678  1.9599944488954728  0.8175605836884468  -0.5736038792458169  -0.05072752421670722  -10.465225050614126  -0.5755740056834122  -0.8166925557340124  -0.04156721532889154  3.406686847385438  0.0  0.0  0.0  1.0
3394309161983;3.4771226457556867;0.8000697996062726;-0.8222492762244256  -0.480622578263419  0.3048082430181849  14.218648121825288  0.09184605034279342  -0.6406105481090033  -0.762353217798621  2.197207512916765  0.5616675447138085  -0.5988489483291314  0.5708848450434254  1.651190414802271  0.0  0.0  0.0  1.0
3394309162014;3.770407506413389;0.8184638188302727;0.6270036892324241  0.7023654845549696  -0.33697047317946577  9.27771254977794  0.720556553892566  -0.3584840307112025  0.5935380799641407  -4.9023432046170115  0.29608212767980446  -0.6149568487551894  -0.7308648629108446  3.0153608392998645  0.0  0.0  0.0  1.0
3394309162045;1.518228345276698;0.0063197577929888366;0.36885836635724467  0.7003966013893971  0.611054912696435  2.5059979801452164  -0.7554908490428858  0.6088820057344826  -0.2418600423906661  7.676416067673465  -0.5414582925588323  -0.37243429468154066  0.7537344449899704  2.6113605792033097  0.0  0.0  0.0  1.0
3394309162076;2.477253977533275;0.005207962066406167;-0.7759714484268281  -0.3029449381650631  -0.5532564284909278  10.91771550360529  0.10837985479027948  -0.9281062405367358  0.35619182100717245  3.527550194588653  -0.6213872530894149  0.21643283188308948  0.7530170721710481  4.815469873410552  0.0  0.0  0.0  1.0
3394309162107;3.7764439721661978;0.7905094473431756;-0.390129347638347  -0.8973584934586306  -0.20626882054477919  17.08938629708634  0.9167910332145031  -0.39935300788580697  0.003372908247027351  -13.375056251881055  -0.08540078178074229  -0.18778953461312844  0.9784895488256495  -8.164204116259532  0.0  0.0  0.0  1.0
3394309162138;3.5448738491278085;0.0027641616279028775;-0.1691768454989115  0.9811537600224718  0.09336216653872037  2.3904232026052123  -0.9351128954314334  -0.18971677902590456  0.2992848418378009  9.275246076432285  0.31135681740549587  -0.03667210042801439  0.9495852196118675  2.0359187575927473  0.0  0.0  0.0  1.0
3394309162169;3.3386677234651425;0.8110672265557918;0.9545928049652089  0.2631691463409963  0.1396229820724595  1.02552393826981  -0.006515243314366238  -0.45011534273691367  0.8929466556504853  2.708082760217856  0.2978424555250808  -0.8533101304021782  -0.4279622565598609  -7.684132287239328  0.0  0.0  0.0  1.0
3394309162200;3.9550078381949887;0.8275209065505704;0.5896669362984527  -0.6791624491927419  0.43707124344082937  8.934403532173828  -0.260152938942967  0.3526004510895983  0.898884514412586  -1.8440445675803108  -0.7646001259454078  -0.6437478462083803  0.03123072055426046  5.49194499597264  0.0  0.0  0.0  1.0
3394309162231;2.42664388566255;0.8529514482743489;0.8312893921903214  0.5477444454217483  -0.09451967489082577  -4.623146328336742  -0.2061271035176253  0.4617081997409552  0.8627497641190062  2.518716393633131  0.5162069000190528  -0.6977116602161586  0.4967181047345991  -5.092878313634608  0.0  0.0  0.0  1.0
3394309162262;2.736577686008396;0.8001468078408155;0.8582754644362833  0.3035991295628626  0.4137520944664247  6.737177459975497  0.3401363051541215  0.2671840114116716  -0.9016207617186223  -5.078431880749652  -0.38427922278309945  0.9145710866710355  0.12605239530678256  7.862672185856277  0.0  0.0  0.0  1.0
3394309162293;2.8148683419657083;0.8659835243358414;-0.08253607450983913  -0.9766318692470228  -0.1984388781856335  -4.293881441002668  0.6321355856971718  -0.20524004823535547  0.7471821223073007  -3.466093799861675  -0.7704494777075261  -0.06377079716779  0.6343034665905466  -1.4795519800185741  0.0  0.0  0.0  1.0
3394309162324;2.2219663596591737;0.7815117184095738;0.5091916467176405  0.81137549723698  0.2870429748250629  8.815738802028784  -0.7556966823471669  0.5811078813388705  -0.3020532312943126  9.266300020495041  -0.4118815256872579  -0.06311444152722567  0.9090490504193068  10.763247314174867  0.0  0.0  0.0  1.0
3394309162355;3.4807471093941937;0.7797480849231525;0.7645483302944179  -0.37740727413535446  -0.5225223440904108  -7.540418753152641  0.6026540603503419  0.1310014204327274  0.7871764169408618  -6.719228805496324  -0.2286349364976037  -0.9167346275091433  0.3276029434214649  4.794113472699425  0.0  0.0  0.0  1.0
3394309162386;1.7900521026949254;0.005913102478015292;-0.8221224570617387  0.04377580735350606  -0.5676251793968616  6.345354434074953  0.22548250497838285  -0.8904679782609164  -0.3952523493169771  -2.756322778889774  -0.5227545366072341  -0.45293537991910593  0.7222030435231439  2.579163113119315  0.0  0.0  0.0  1.0
3394309162417;3.2825031286422393;0.8243573518336373;0.3640529493677547  0.820350139718749  -0.44101144919386037  3.956097319583554  -0.15321608216258137  -0.4143040407063543  -0.8971493710754845  8.084580531595378  -0.9186894373091424  0.3941799209977823  -0.025137773544893882  7.374987300994591  0.0  0.0  0.0  1.0
3394309162448;2.5548125902487047;0.00525168047224906;0.4675680251630325  -0.8552481180644057  -0.22345200467311435  15.340099625524381  0.8642413466789266  0.49538388765070174  -0.08764529962680757  -16.77668600550207  0.18565300034132826  -0.15213632177546935  0.9707664513470238  -1.1725056390365118  0.0  0.0  0.0  1.0
3394309162479;2.7901407133897638;0.815637455245234;-0.9923814622360076  -0.11696453944934683  0.038708266839607125  18.455093259474737  0.115287942204456  -0.9923993382315397  -0.04303770277169111  1.8468852715987385  0.0434479434793648  -0.03824722197761021  0.9983233074602682  3.338421270187773  0.0  0.0  0.0  1.0
3394309162510;2.4626078118590478;0.006742178652609224;-0.9915043582910072  0.12905832304284726  -0.016219024116946826  34.91183344704453  -0.08449562155558206  -0.7338536428404101  -0.6740321363464767  4.06453913339763  -0.09889184712540194  -0.6669353642919437  0.7385239484464252  -1.5824316467666972  0.0  0.0  0.0  1.0
3394309162541;2.621200470666735;0.8223980452867574;-0.19872897457549227  0.8148208477297545  -0.5445858800677236  14.713772432323417  -0.501599538267968  0.39281228251771483  0.7707765006229653  3.80306916861825  0.8419647842240993  0.42633964958491344  0.3306505788869555  -2.9740401837318866  0.0  0.0  0.0  1.0
3394309162572;1.826907686892434;0.007012293155566528;-0.4188493654523232  0.8769547548281664  -0.23561741668318395  6.992690554679795  -0.10053928000889806  -0.3026656632996492  -0.9477791670187081  -1.25047940479517  -0.9024727487495005  -0.37328789726383343  0.2149397206680681  7.365503360549759  0.0  0.0  0.0  1.0
3394309162603;1.9909019248105964;0.009106987113568792;-0.2381309810465662  0.03950204567273096  0.970429401993504  1.8671278426647708  -0.6443976635995212  -0.7539973393692792  -0.1274349377977871  5.052218185093285  0.726667246415633  -0.6556886460902898  0.20500515206941658  -2.3675828901494143  0.0  0.0  0.0  1.0
3394309162634;3.01258289883689;0.8043884092934979;-0.08797620668847314  -0.5626926980954685  0.8219714803852678  9.628905859603325  -0.10362572490867655  -0.8155239934502894  -0.5693701127070533  3.4375333992937227  0.9907178691200931  -0.13526841322693595  0.01343726866622974  -3.1095329080783647  0.0  0.0  0.0  1.0
3394309162665;3.8547413171629152;0.005791031679038059;0.04259512716051356  -0.9256876121858386  0.37588309324557295  15.725455229806652  0.9180387267708409  0.18470482746241634  0.35084045214463566  -6.422671902963275  -0.39419608228793035  0.33013114266569826  0.8576846024915492  7.663879696514518  0.0  0.0  0.0  1.0
3394309162696;3.0132495381752045;0.005916197036317638;0.48388219036244684  -0.6340083848116079  0.6032341119653445  -4.556931219910538  0.6052668277077061  0.7403096003680737  0.29256411755291  4.364147739991072  -0.6320681079810073  0.22355103129138124  0.7419668747874595  -0.845739659342251  0.0  0.0  0.0  1.0
3394309162727;3.502392525482743;0.00564778596545667;-0.7354139437007866  -0.6053389226480981  0.30451784863566816  24.178512061791785  0.6610511342865429  -0.7396722719761943  0.12608064057597992  -4.639482642954845  0.1489218898246018  0.29402333036140904  0.9441252840244532  -0.08727729405682139  0.0  0.0  0.0  1.0
3394309162758;3.457925038615682;0.8069367882616729;0.1354471071863027  -0.7350247988728876  0.66437386025997  2.4633363750890593  -0.8802060666858075  -0.3971085041465112  -0.25988866097623553  8.857211735760863  0.4548531206052812  -0.5495847350285411  -0.7007604852581555  -5.687627199142558  0.0  0.0  0.0  1.0
3394309162789;2.1605956540110696;0.011475576674659352;-0.3252547019648193  -0.8762154990090567  0.35560621218714183  6.714531174429295  0.9241978357422607  -0.3741534756014059  -0.07659985055278995  -0.25564182195873286  0.2001692765114021  0.30373603011776246  0.9314916450238317  0.7339761821276349  0.0  0.0  0.0  1.0
3394309162820;3.736908019221678;0.009249832559987478;0.43676290009554886  0.44695137987232647  0.7806872825468268  7.875302865605151  -0.8614546436580712  0.4577688947649679  0.21987163506374696  9.074526884575691  -0.2591024238020011  -0.768558457773956  0.5849648117314796  8.448793675716752  0.0  0.0  0.0  1.0
3394309162851;3.0196041882655598;0.8251110006780294;0.4315491317898607  -0.4803278728353965  0.7635774233362591  1.1716948332250265  -0.3079126464363894  0.7171857848707285  0.6251674592810288  0.9660215127594407  -0.8479122295473496  -0.5049056194545478  0.16160187631108458  9.872398059632003  0.0  0.0  0.0  1.0
3394309162882;1.0159530457947656;0.004720295593928397;0.38840592509669253  0.19160620007024154  -0.9013478248958194  0.049182097305910055  -0.6032257440228834  0.7923028553826803  -0.09151440925061877  -0.5322227210902462  0.6966057271497427  0.5792609510808523  0.42331691609842964  1.0025786635643188  0.0  0.0  0.0  1.0
3394309162913;3.707565587024253;0.008197232376320336;-0.8082717540602029  -0.5887761938177949  0.006274167823141498  31.207198416427797  0.5887563028984659  -0.8082960746850766  -0.004844733844723004  -5.123298612037565  0.007923849176516756  -0.0002219056713119033  0.9999685811924799  5.246384968715813  0.0  0.0  0.0  1.0
3394309162944;2.7894836947736765;0.0035586786926730635;-0.1581113325757182  -0.2941312241242497  0.9425962176384441  12.804022805985149  0.9677549197712872  -0.23573256373668072  0.08877259516653858  -14.039759468552143  0.19608983086738804  0.9262380802953969  0.32191892898849067  -1.9376261176450993  0.0  0.0  0.0  1.0
3394309162975;2.6130962231388835;0.0059365676882464635;0.265955244255376  0.22791265909831088  0.9366555545534335  4.368762655494253  0.7882973451401254  0.5078386902960649  -0.34740057611266006  -14.276593949145107  -0.5548469191570715  0.8307560920397241  -0.04460058117100535  10.971467172739363  0.0  0.0  0.0  1.0
3394309163006;2.118558382630927;0.008499820954969897;0.1838075657053672  -0.8809211156926191  0.4361109568863633  3.4022492490009535  0.6402472141658414  0.44394263641717124  0.6268958767800683  1.4608862791108488  -0.7458540631667474  0.16399062015201715  0.6456073055347271  4.757841890049212  0.0  0.0  0.0  1.0
3394309163037;1.6957835337450329;0.013103298937883007;0.40292034076271954  -0.8582226503872613  0.3179765421566817  6.345589284945809  0.9152314987938944  0.3787879020633175  -0.13737186344354985  -16.122131740920274  -0.0025500225757172437  0.3463720652892444  0.9380937531889485  -2.6291711033176592  0.0  0.0  0.0  1.0
3394309163068;2.3800172959411823;0.006760384716035858;0.8019459886657163  -0.37940968362298355  -0.46144438802099963  1.9458835097629557  -0.20153833371628732  0.5553176361514633  -0.8068485750263267  -4.21100850121658  0.5623743693535738  0.7400477112674961  0.3688691553137939  -2.2318252526856086  0.0  0.0  0.0  1.0
3394309163099;2.23708937419933;0.005691139251268512;0.31525858610751023  -0.8568598560902783  0.40792549675944667  0.6541493381228678  -0.04882654745235976  -0.44392098611547565  -0.8947346681280129  4.7949534431196845  0.9477489077542512  0.2621551927908575  -0.18178741084963018  0.15765603280013263  0.0  0.0  0.0  1.0
