# registration_from_features.py RANSAC RANSAC_config.json euclidean True --use_random_keypoints=False --n_keypoints=5000 --input_txt=/i7g4/neural_comparison/point_clouds_registration_benchmark/eth/hauptgebaude_global.txt --input_pcd_dir=/i7g4/neural_comparison/point_clouds_registration_benchmark/eth/hauptgebaude/ --input_features_dir=/i7g4/neural_comparison/features/3DSmoothNet/eth/hauptgebaude/ --output_dir=/root/neural_registration_comparison/results/3DSmoothNet/RANSAC_mutual_on
id;initial_error;final_error;transformation
3394309160030;3.936759879304484;2.4049989525139344;-0.5729709489641324  -0.7626653050968863  -0.30007653031287695  11.73388664729633  0.8191934327545841  -0.5441169242980313  -0.18127021935279725  -1.1625930974763414  -0.025028211580186144  -0.34968329255759933  0.9365335997876283  3.6039716311006216  0.0  0.0  0.0  1.0
3394309160061;3.7772892530728184;2.414619794854144;0.12734616602563748  -0.9493477199753402  -0.28726618418497024  8.232819655850916  0.7609862910560643  -0.09223928722579952  0.6421773732519778  -12.523373476263364  -0.6361468531898155  -0.30038445444080314  0.7106942807614227  3.476811729545452  0.0  0.0  0.0  1.0
3394309160092;3.061336083217481;2.368941585985714;0.12524410367608124  -0.9914568234534856  -0.036431877825602615  -3.381911221539178  0.9887824135200622  0.12775003426375314  -0.07739035766199698  -11.101976397208555  0.08138337181400612  -0.02633051410691939  0.9963350093312235  4.960308038173846  0.0  0.0  0.0  1.0
3394309160123;1.9832381539954238;0.8150957514667783;0.857681907672379  0.4426703777111965  0.26158111925078587  -0.5338025916564497  0.14149616615269806  0.2858937073567115  -0.9477571540526202  0.7765112365820372  -0.49432841332008787  0.8498868894099146  0.18256969900173214  11.061107032182196  0.0  0.0  0.0  1.0
3394309160154;1.9207102010338835;0.005017525315549491;-0.26921749047526833  -0.9111881378624596  -0.3118623418127662  14.57343755300864  -0.9630357066604666  0.25161559952534407  0.09618636999324665  9.016957530833475  -0.009174449257298822  0.32622962387595256  -0.9452460325156514  5.347832307337473  0.0  0.0  0.0  1.0
3394309160185;2.640555800877831;0.798525121848432;-0.5719330738462044  0.6644050461576483  0.4811013341086106  28.620789875119215  -0.8201699056927767  -0.4527091704631538  -0.34982243034783334  15.313347531455648  -0.014624802109207385  -0.5946598537137144  0.8038443714702804  5.152777037512811  0.0  0.0  0.0  1.0
3394309160216;2.7201455624554285;0.005917645082555703;-0.07697848587615677  0.8558756411174963  0.5114207657633084  8.83353511292916  -0.9838965712821518  0.01778107633530787  -0.17785210244352812  9.108146262302878  -0.16131289387844855  -0.5168759234730057  0.8407243484058784  -2.8031907461945256  0.0  0.0  0.0  1.0
3394309160247;2.5310221937667676;0.8030138651102283;-0.019108061212178562  0.6675233584080057  0.7443436356793878  12.464726858150334  -0.5775806771339604  0.6003183449769038  -0.5531893401771822  14.225094758100596  -0.8161099456557228  -0.4404888768900853  0.37407767366941885  15.17414276588674  0.0  0.0  0.0  1.0
3394309160278;1.96744994252244;2.347177715863007;0.7368459223313318  0.629498194606624  -0.246556504133816  -0.6355902972840415  0.36060370518009444  -0.6744420597478699  -0.6442770179460368  -2.764556311736154  -0.5718592961158154  0.38582370459842286  -0.7239592629532908  10.825203543810721  0.0  0.0  0.0  1.0
3394309160309;1.4697744642858348;0.01886758339984821;0.4130779451983366  0.17837320004627116  -0.8930563323195089  11.889473337529692  0.5322473953021678  0.7484342460257729  0.39567523244435115  -8.77305863888655  0.7389718001282446  -0.6387716187191523  0.21422300934805216  -9.972178921285558  0.0  0.0  0.0  1.0
3394309160340;3.1108095863624285;2.4328327584623826;-0.9975077031848921  0.06668638690942108  -0.023050116871039666  17.055640394649128  -0.0670969160701369  -0.9975926253520826  0.017520208246964708  4.010029263408883  -0.021826267218162297  0.019023134444853984  0.9995807793346247  -2.2738575523375846  0.0  0.0  0.0  1.0
3394309160371;4.078910422747308;0.8219856793753042;-0.5620316508125717  0.6821956142285942  -0.46768532948144226  25.274920799204075  -0.8269741630836032  -0.4739389941978527  0.30248233563449756  14.64991163944859  -0.015302191904050133  0.5567683303726945  0.8305268624294659  -4.525501394677457  0.0  0.0  0.0  1.0
3394309160402;3.021814741136945;1.5704607738917051;0.559812491650181  -0.7208931748578371  -0.4085621184542243  5.901803494900086  0.5338658318909779  0.6908759680399468  -0.4875219690682864  -3.49795215069735  0.6337170091860954  0.054803532990615106  0.7716212315896811  -14.80268989761411  0.0  0.0  0.0  1.0
3394309160433;1.3594709122664788;0.0033251559854796664;0.15001748249187036  -0.9583907140141961  -0.24286208892736255  12.582549382175563  0.9829730848710594  0.17094378076707964  -0.06739538735055184  -14.06835485088514  0.10610687709039246  -0.2286164104092648  0.9677168323046299  -3.532834104627732  0.0  0.0  0.0  1.0
3394309160464;1.5447184908495197;1.62425502522133;0.3090268166124531  -0.9380949738789801  -0.1564616457709953  1.705648082577091  0.9505985790934388  0.29958365868579034  0.08131403860324932  -6.335151752165623  -0.029406938635434712  -0.17386043664799336  0.9843311335768372  -2.4697827410929394  0.0  0.0  0.0  1.0
3394309160495;2.78060091011266;1.6112719765093413;-0.794694307880813  -0.17715514571493643  0.5805833371433903  6.929795790184842  -0.19609150634771016  -0.8302582233533942  -0.5217464937039362  -5.036768296396136  0.5744641661236336  -0.5284764298441182  0.6250628647896888  -5.6074902702063465  0.0  0.0  0.0  1.0
3394309160526;1.34399863829473;0.0093134105259968;-0.6188654069483891  0.5725588560970125  -0.5377564173373347  24.450325234111176  0.006908973308715094  0.6885477789761915  0.7251580670135129  0.7303761592437545  0.7854666601265933  0.4450598975102506  -0.4300741952939528  -8.43854591609885  0.0  0.0  0.0  1.0
3394309160557;2.19301441794297;1.623203630249784;0.8114097338044791  0.5837826350516786  0.028496998078081214  -3.993944653177244  -0.48757697949162804  0.702967368215606  -0.5177891156579519  8.301954043218755  -0.32230875408087156  0.40624464825538653  0.8550335389952215  6.3246634533385935  0.0  0.0  0.0  1.0
3394309160588;3.3552539819811384;0.005358268414429207;-0.32172192846325404  -0.8929509244193334  -0.3148549623629019  17.230813898356786  0.6802990422015474  -0.4492890185732498  0.5790790886995865  -15.519464921829528  -0.6585500845991467  -0.02789308817871157  0.752019788108207  2.2145544776131416  0.0  0.0  0.0  1.0
3394309160619;3.0056203551742433;1.644306240359898;-0.3845703789757518  0.8460281108730274  0.3692452562011646  0.691335445127562  -0.8213145948235527  -0.4961914770184481  0.2814895281605971  3.5619858269593587  0.42136440279676024  -0.1950139834649517  0.8856757794525383  -8.682231141770316  0.0  0.0  0.0  1.0
3394309160650;2.0651927868102353;1.567378749336998;-0.2832232279810201  -0.7985036634508405  0.5312028826988785  8.58787728061958  0.14834240242214855  -0.583690451709633  -0.798310709076754  1.250854358565518  0.947512076321794  -0.14730022416341282  0.2837666456540864  -12.271475684993325  0.0  0.0  0.0  1.0
3394309160681;2.0883872688177947;1.631611444227743;0.7263609914149199  -0.5168071828620002  0.4531115159571407  -0.02556231153650179  0.3968951151330917  0.8536144624885362  0.33736718425759354  1.055185088192233  -0.5611363272273728  -0.06521261513426654  0.8251504936029097  -0.13724139243114486  0.0  0.0  0.0  1.0
3394309160712;2.2055221376060135;0.8082552899784592;0.6705723649661538  0.7410189189073889  0.034980925731387155  2.2193251449797327  -0.6704118242641727  0.6255175134122402  -0.39909375627958954  7.727023905276312  -0.3176172055013458  0.24416961775760138  0.9162426035355613  9.751445988229356  0.0  0.0  0.0  1.0
3394309160743;2.1472367397073575;0.8105709634276793;-0.6787310607806064  -0.6052437764031549  0.4159376374612907  13.73859479904225  -0.7324190068667358  0.599311173577832  -0.32309211628435774  9.280322481892803  -0.05372658105608534  -0.5239332861634287  -0.8500631542056241  1.4994899187272952  0.0  0.0  0.0  1.0
3394309160774;3.3639630831655443;0.8010723450934361;0.4319159525522684  -0.5078359889069809  -0.7453530829759386  1.9147512814122862  0.23091853473992932  0.8611331089594476  -0.45290881970591  2.494237284536753  0.871851615955623  0.0235027024979092  0.4892058694771192  1.5004397863302195  0.0  0.0  0.0  1.0
3394309160805;1.324119052607352;1.593150714711134;0.23283515798293014  -0.8633390877755545  0.4476978989518919  7.538118961336391  0.7987327414238183  -0.092863663542429  -0.5944765325654767  -12.653059783249184  0.5548096943859738  0.4960060075365551  0.6679552705855314  -9.994005095635108  0.0  0.0  0.0  1.0
3394309160836;1.3305106697980524;1.591449109293225;0.48923419201975055  0.8435744164430554  0.22143195180808845  -2.623904934217011  -0.703917726592766  0.23202449002714076  0.6713154774143947  4.280935732323465  0.5149269264150536  -0.4843003612949328  0.7073212993416383  -0.9480865375230305  0.0  0.0  0.0  1.0
3394309160867;3.084620563102242;0.005624267662436947;-0.6354660583874127  0.767403621250627  -0.08529109407780933  30.555853590673003  -0.6228705407040891  -0.5747686528322661  -0.5307290130041676  16.570529149451403  -0.4563060137238616  -0.28413496408011174  0.843239078806617  8.206402578015089  0.0  0.0  0.0  1.0
3394309160898;2.141076967332666;0.0043904831033999;0.5691488032796737  0.7688559875813816  -0.29142770987943767  11.95638798987724  0.4896642493021041  -0.6016692751063952  -0.6310491314853002  -8.586847603134665  -0.6605290021495819  0.2164591272115899  -0.7189206378774187  16.299199569436738  0.0  0.0  0.0  1.0
3394309160929;4.439440389033587;1.5770726177862198;-0.13767115483798226  -0.4177748255595989  0.8980594903759013  -1.1754397883738594  -0.9882411679953398  0.11883819790649071  -0.09621266339492403  15.072833799196559  -0.0665285427826549  -0.9007450681779969  -0.4292228735147188  8.267056588304136  0.0  0.0  0.0  1.0
3394309160960;2.4847882689820464;1.5968766087625392;-0.227776124148997  0.8167362499160037  -0.5301508609262123  14.365953478053767  0.15024982848786267  -0.5084609361777895  -0.8478752652487122  -0.1673345535377606  -0.9620514675977729  -0.2727808176070103  -0.006899220145952206  19.78648853134967  0.0  0.0  0.0  1.0
3394309160991;2.9477521292476965;1.598447518602754;0.9604668124644841  -0.26492648445802003  -0.0855421532756155  -6.122601392955803  0.010480732281892682  -0.27264224466227427  0.96205839774743  -7.141198119553704  -0.2781971538408497  -0.9249217070964608  -0.25908720411594893  7.513810072896215  0.0  0.0  0.0  1.0
3394309161022;4.019397668082857;1.6066124505166566;0.5609822981213373  -0.8123056710661479  0.1595567546306909  8.904255162229134  0.8167383985763141  0.5745320900455554  0.053397245236841306  -8.083896873624935  -0.1350453608440529  0.10036121891279248  0.9857435651592346  -3.768758989966999  0.0  0.0  0.0  1.0
3394309161053;2.8365870008578016;0.8153636021171753;-0.9972332457181805  -0.005577130082036169  -0.07412657589847169  34.4321290535959  0.027400159114346304  -0.954546690919772  -0.29679933647941514  -0.3162701031890056  -0.06910198922529172  -0.2980092456185893  0.9520585090271221  -4.549949031939905  0.0  0.0  0.0  1.0
3394309161084;1.9084522891745812;0.004727676818788157;-0.7784062228926795  0.34368794256424584  0.5253211877488918  36.12071152942912  -0.07052087475932226  -0.8793943802357975  0.4708421500172613  -4.090716530532386  0.6237872701371281  0.32946034988394673  0.7087632323062585  -9.46276703214131  0.0  0.0  0.0  1.0
3394309161115;2.6459747141640655;1.6203594831198302;-0.1277953873490314  -0.7054508097828277  -0.6971423771003047  7.3893218023279434  0.9911422305092119  -0.06523199933430657  -0.1156800119470646  -2.26159775747913  0.03613056702482009  -0.7057506225570055  0.7075384377451612  0.11976696312854618  0.0  0.0  0.0  1.0
3394309161146;1.4245283483443059;1.6188452752128326;-0.6354166592927599  0.7645033751165055  -0.1085368993877207  2.483717848203765  -0.748825475848327  -0.6443899987569092  -0.15499011653198108  3.2089983820677603  -0.1884305596599326  -0.017208106739035278  0.9819357439510505  1.8421120938297366  0.0  0.0  0.0  1.0
3394309161177;1.4359728733692718;0.008315446000867678;-0.18752470806534216  -0.9821837875066004  0.012226668564967652  2.8553616013905216  0.9811023796452074  -0.18668510407870625  0.05086052073695152  -3.0246547566278847  -0.04767184199839003  0.021533217927471038  0.9986309208141761  1.3901091283043316  0.0  0.0  0.0  1.0
3394309161208;3.0244753449661483;0.778631237263357;0.7458011098279467  0.49982006744793994  -0.4404095874929849  8.15915208827641  0.3101098200507048  0.32462243682559155  0.8935615104834898  -7.649377639268328  0.5895868079320666  -0.8029945041441771  0.08710466248556668  1.5970266884622701  0.0  0.0  0.0  1.0
3394309161239;2.9239237120023964;1.6297243584498455;0.6911418411277221  0.7185277854621314  0.07772243538045066  3.276817847087202  -0.5290355449401763  0.4297188606400494  0.7317534372997969  -1.8914976759045876  0.4923863804294687  -0.5468633488624951  0.6771234230466876  -4.646678801545548  0.0  0.0  0.0  1.0
3394309161270;1.0304885640464179;0.011227567709659264;-0.179858569932841  0.4811324566334998  0.8579990990645205  4.149899704948236  0.4679703617785282  0.8090505169798118  -0.3555854348417177  -1.70656708535722  -0.8652483084748491  0.3375630609952958  -0.3706703987815855  3.2772283678022642  0.0  0.0  0.0  1.0
3394309161301;2.0398930971718565;0.0036545909315472075;-0.4969694029585509  0.6065543257759419  0.6205749450352575  -0.5684125785475613  -0.7013474104540712  -0.7018852723698785  0.12437392926023491  4.098770951573494  0.5110119591285407  -0.37342859332508765  0.7742208104377309  0.5701531920407197  0.0  0.0  0.0  1.0
3394309161332;2.256914975873143;1.6260808933921198;-0.674458610119109  0.6133768417017852  0.41094334560878704  6.976321445333988  -0.7363481271658309  -0.5994138295935808  -0.31383832862053507  8.263832536074691  0.053823961723130476  -0.5142683258338014  0.8559387070278608  0.3352939310558767  0.0  0.0  0.0  1.0
3394309161363;3.66917130522765;0.004464546906104993;-0.17274456765578394  0.954240701128965  -0.24409833808184309  29.437824653696076  -0.984053268984436  -0.15653037710500659  0.08448316308241527  13.094362363008527  0.0424084678627  0.2547997750239703  0.9660634536619596  -4.347913375949853  0.0  0.0  0.0  1.0
3394309161394;2.752686316258313;0.005226034712814531;0.7037872415774585  0.513832345975131  0.49057093148951136  4.091784380481631  -0.27003846321045283  0.8322071059236453  -0.48426290508062764  8.342968282302978  -0.6570865597314638  0.20834503372983315  0.7244512405541071  9.58239676024687  0.0  0.0  0.0  1.0
3394309161425;1.9040075588087033;0.003317057728636048;-0.132442514653696  0.9911481819916095  -0.009179414302328034  22.054163207536742  -0.9676598792834694  -0.1272868444921138  0.21778984651342911  17.107990802988787  0.21469359174718772  0.03772718587396469  0.9759525199048995  -0.3636834133460123  0.0  0.0  0.0  1.0
3394309161456;1.9884497529698029;0.8153017116160818;0.11323499683742173  -0.15935813100532845  0.9807052674344714  4.351136209337522  -0.9230490547941184  0.34835562434558337  0.1631833368652697  3.5916111739615113  -0.3676387873102004  -0.9237171347708601  -0.10764932417715575  1.7925180262359672  0.0  0.0  0.0  1.0
3394309161487;2.3504147878262693;1.6441099724775112;0.45243308821565076  -0.8153168476289279  -0.3613346629650663  1.4974508952077215  0.6814712864692358  0.5774303136630905  -0.4496344277086779  -2.093587252038552  0.5752401119581418  -0.04280970492041672  0.8168636010736511  -8.708543597119203  0.0  0.0  0.0  1.0
3394309161518;2.2062122654647958;0.010976886105461691;0.7115942402078683  0.21696707666476323  -0.6682506453019962  2.824619009059731  0.1020467434335646  0.9091210489368103  0.40383830988978614  -5.573951802559412  0.6951403451516761  -0.3555618174432985  0.6247845184692298  -0.4834350203398823  0.0  0.0  0.0  1.0
3394309161549;1.3852236987168691;0.8242722415986766;0.5989291225651355  0.21175519578803398  0.7722976389968634  -1.361103780541661  -0.6452971488737209  0.6987112044416118  0.30885958369978067  2.763258515860687  -0.47421039191355374  -0.6833464639877238  0.5551235127038573  -0.764019472545316  0.0  0.0  0.0  1.0
3394309161580;2.2986137988137836;0.0020959280575151024;0.13723521037141545  0.7600011872168306  -0.6352674180715716  17.536958624457448  -0.9165892458542135  -0.14571365812945908  -0.3723327600667652  16.905584394364777  -0.37554047906812554  0.6333764483019075  0.6766118705119969  7.956567576928872  0.0  0.0  0.0  1.0
3394309161611;3.407144086678155;0.006445858211934579;-0.9758077207888725  0.15980506607318462  -0.1492033273964508  24.024306675215286  -0.18429061226204324  -0.9683936862690883  0.16807926292748926  1.7985609199115928  -0.11762764250340293  0.1915098150265732  0.9744166092937765  7.729564639787501  0.0  0.0  0.0  1.0
3394309161642;1.7425026346266586;0.005276462490995678;0.3202985356390973  -0.7416226384865562  -0.5894104767915902  8.080560795054147  0.6203640672313784  0.6344253737310667  -0.46114300304172356  -3.388029824973349  0.7159310526549276  -0.21794565205673702  0.6632815545407337  -8.574368845172344  0.0  0.0  0.0  1.0
3394309161673;2.6456540480703254;0.0031542773037656013;0.601594564226393  0.798777828268223  0.006161279117056773  8.876484104020552  -0.7222538543789914  0.547223466808815  -0.4229608104877248  5.73371105640851  -0.34122331416236495  0.2500009168800055  0.9061270283085086  9.91537597868411  0.0  0.0  0.0  1.0
3394309161704;3.077519635932954;0.007925515899853337;-0.8269145152145599  -0.5598283733849146  0.05295825601989529  23.66625008079938  0.5439045522960779  -0.8201770223182852  -0.1774189675674901  -0.804476683087988  0.14275931675050596  -0.11790608302505651  0.98270948558901  -2.0565141274530356  0.0  0.0  0.0  1.0
3394309161735;3.1217165961473894;0.0064392314230739605;0.6507320686693175  0.7413211370016332  0.1642886077607226  9.658454159010372  -0.7340341481466421  0.6695296307100578  -0.1136835210392721  11.44704275434028  -0.19427208795908824  -0.046615935428342206  0.9798394309294541  9.699034302548597  0.0  0.0  0.0  1.0
3394309161766;2.088824937831005;0.8164460955448448;-0.6169036604628682  -0.738428982389362  -0.2723095879232398  7.838614956692454  0.7041505440877502  -0.3632895046822232  -0.6100760174344418  -4.060399976657136  0.35157059741741553  -0.5681050728123765  0.7440797949658393  0.004933191885773791  0.0  0.0  0.0  1.0
3394309161797;2.586432702881334;0.8058996012790297;0.3049838650900415  0.7095446576776072  -0.6352410729761627  4.748881067095736  -0.4485540200167456  0.6954240410356484  0.5614131226436251  7.347079515890134  0.8401095959227916  0.11371799290708653  0.530362220494284  -14.117473946469879  0.0  0.0  0.0  1.0
3394309161828;3.2220836563382176;0.005852908805278714;-0.13070464952191851  0.1306241362420305  0.9827785252153083  18.259223522034517  -0.8502421310922107  0.495066362659035  -0.17887877201985283  15.59743777176376  -0.5099064748648818  -0.8589799948744893  0.046354668549062616  16.170619976777193  0.0  0.0  0.0  1.0
3394309161859;1.6225102333552934;0.003518086275231495;-0.1599232720676392  -0.4478811203940388  0.8796743994488875  23.048436772444717  0.6829074805153103  0.593277372834858  0.4262151240141539  -12.539662267400779  -0.712784623927461  0.6688979450385164  0.2109825087912242  15.967490206491522  0.0  0.0  0.0  1.0
3394309161890;1.282929335068904;0.8036550974745442;0.2161048212803031  -0.9249724332852262  0.31260950702404566  6.402773502813373  0.9634278412961057  0.15005629302322915  -0.222013295862328  -10.108998108836538  0.1584471547076029  0.34915484614499576  0.923572083044161  -3.257705981399801  0.0  0.0  0.0  1.0
3394309161921;1.558203848860055;0.0032063829954906624;-0.9023339478277095  -0.42880197079774995  -0.04384422923974356  0.35913842849643984  -0.266097496360315  0.4741381439080586  0.839276559259339  0.7257738826277624  -0.3390952211819475  0.7689745706662787  -0.5419340740719107  2.499120941510666  0.0  0.0  0.0  1.0
3394309161952;3.0446776651304432;0.00536796672437312;-0.015912135032261188  0.06874340123550841  -0.9975074680147957  1.9752076881543497  0.8179090142749363  -0.572944376411639  -0.05253176092688927  -10.467556689891438  -0.5751275061466947  -0.8167062423692208  -0.04710907925900451  3.3632133505213186  0.0  0.0  0.0  1.0
3394309161983;3.4771226457556867;0.7873512090886218;-0.8231822102211876  -0.4802664519254932  0.3028451484344071  14.254081330404837  0.09280902762303495  -0.6400315014378565  -0.7627228602571644  2.1818977580067744  0.5601406369538164  -0.5997531261461679  0.5714356083679701  1.6679235627721747  0.0  0.0  0.0  1.0
3394309162014;3.770407506413389;0.8059036800194137;0.6268684505139185  0.7057837385762806  -0.33000796976977287  9.282866984599064  0.7180864811957144  -0.3590278402736604  0.596196960267652  -4.913069291593745  0.3023040708859808  -0.6107113264626086  -0.7318769872431055  3.027686657734084  0.0  0.0  0.0  1.0
3394309162045;1.518228345276698;0.010730476452096547;0.37138020542438954  0.6990161848788159  0.6111081052452201  2.5068794268787036  -0.7573143460306022  0.6088418478289342  -0.23619184073225244  7.672666722269804  -0.5371701074289025  -0.37508396074707584  0.755486795433982  2.5565450742912916  0.0  0.0  0.0  1.0
3394309162076;2.477253977533275;0.0014593161444307746;-0.7776826183065264  -0.3008348465413255  -0.5520037502502693  10.917522387057298  0.10432322749588929  -0.9276502104376708  0.35858297684048696  3.5464232963823275  -0.6199406498921853  0.22127693549351563  0.7528015066601899  4.783279920072504  0.0  0.0  0.0  1.0
3394309162107;3.7764439721661978;0.7986542050485622;-0.38752845980916273  -0.8967641740509522  -0.21362515998040335  17.108428869281795  0.9172853656480373  -0.39816159572457105  0.00740956530509225  -13.427458513779342  -0.0917019672956117  -0.19308381555370677  0.9768876032406882  -8.053951855373981  0.0  0.0  0.0  1.0
3394309162138;3.5448738491278085;0.003956108201645727;-0.16859380808860078  0.9812401250238347  0.09350906329011019  2.3976961051139165  -0.9348604020675023  -0.18924907593771098  0.30036780104217387  9.274381661104632  0.312429442467211  -0.03677776909944855  0.9492287601941356  2.0231265449231204  0.0  0.0  0.0  1.0
3394309162169;3.3386677234651425;0.8089470471105134;0.9528263038238052  0.26895460110621044  0.14066078801594073  1.0773826244735076  -0.004888000780921373  -0.449779974453751  0.8931260168804567  2.7040220818982137  0.3034767572481162  -0.8516815115547492  -0.4272475402924933  -7.7080417626003115  0.0  0.0  0.0  1.0
3394309162200;3.9550078381949887;0.8268336327261687;0.5917388996581838  -0.6748825716141552  0.440883872649915  8.908876585107407  -0.26500822591778  0.35365927174402095  0.897048359736196  -1.8585539716337296  -0.7613249732060763  -0.64765626225719  0.030424515309425415  5.508887128620205  0.0  0.0  0.0  1.0
3394309162231;2.42664388566255;0.004173120979001917;0.8308851435112364  0.548855636662616  -0.09158257692371136  -2.4587980948742265  -0.2100974241059486  0.4618432788384883  0.8617191295171299  2.4152778142660547  0.5152561990664045  -0.696748359090561  0.4990518744862634  -5.047215624559225  0.0  0.0  0.0  1.0
3394309162262;2.736577686008396;0.8018116839963474;0.8594716443067872  0.2973032395896354  0.4158356362339511  6.706129825413505  0.34352385345502273  0.26648945008010183  -0.9005413566868626  -5.101940753653082  -0.37854967275114504  0.9168392207609316  0.12690937134226316  7.815221178706704  0.0  0.0  0.0  1.0
3394309162293;2.8148683419657083;0.8468674346765024;-0.07856514020949934  -0.9763092417287569  -0.2016129540949227  -4.234776290759049  0.62982829199284  -0.20537451644131477  0.7490912031267472  -3.4821165714158413  -0.7727508274659064  -0.06812908711788063  0.6310424598545181  -1.4906574141762405  0.0  0.0  0.0  1.0
3394309162324;2.2219663596591737;0.7900097236093906;0.5107839329496539  0.8087426824651822  0.29160769434208156  8.787060241061255  -0.7530086631761109  0.5845325466985685  -0.30215832775518914  9.236496883832682  -0.41482252472860004  -0.06524550106411292  0.9075600793163408  10.798414775660518  0.0  0.0  0.0  1.0
3394309162355;3.4807471093941937;0.7834153891124725;0.766406175350799  -0.37455637504476563  -0.5218516037126693  -7.57337269429231  0.6010626298870195  0.1315817614377961  0.7882956012881369  -6.6802587220153065  -0.22659498965656705  -0.917820114167396  0.32597691435481835  4.747431092851972  0.0  0.0  0.0  1.0
3394309162386;1.7900521026949254;0.00384105818405042;-0.8208261972128384  0.0453359405044822  -0.5693759798829616  6.3293253052313325  0.22795939625414782  -0.8880107759351856  -0.39933867266072864  -2.7537060805422096  -0.5237163999996116  -0.4575822486958625  0.7185677546688856  2.5622792340910183  0.0  0.0  0.0  1.0
3394309162417;3.2825031286422393;0.8242428142323172;0.36549920598547425  0.8191582753106977  -0.44202946781180885  3.9546922170642156  -0.15301603630136357  -0.4155483377060129  -0.8966078695083985  8.080393318318738  -0.9181483665827697  0.39534706147861176  -0.026538235088627175  7.3754128193319435  0.0  0.0  0.0  1.0
3394309162448;2.5548125902487047;0.0031083625803733183;0.4646444429443572  -0.8557000431680022  -0.22777835227081514  15.392768744159676  0.8653505019996156  0.49335203665821253  -0.08816051618614099  -16.7876992224081  0.18781387150565265  -0.15614481754919923  0.9697137441650425  -1.2024899996388094  0.0  0.0  0.0  1.0
3394309162479;2.7901407133897638;0.8231129675392723;-0.9925113994456268  -0.11466816771456013  0.04209908886745278  18.43869271489598  0.11290866330768343  -0.9927156965468896  -0.04203783509527076  1.8871379353956705  0.04661282785410453  -0.036969678689576194  0.9982286747719848  3.29162019407802  0.0  0.0  0.0  1.0
3394309162510;2.4626078118590478;0.00728871013765154;-0.9914402133047134  0.12995151248874132  -0.01260586546779495  34.88481659090391  -0.08694365245402891  -0.7291657328932245  -0.6787916729544041  4.158427485355568  -0.0974017696977661  -0.6718853610372635  0.7342226888918428  -1.5721874987770361  0.0  0.0  0.0  1.0
3394309162541;2.621200470666735;0.8218920360320353;-0.19708987455927401  0.8148538604541891  -0.5451318807858471  14.705524680403814  -0.5022185558405563  0.3936248242733305  0.7699584533500595  3.8179872669612482  0.8419810588817522  0.4255263608975305  0.3316552617789582  -2.9845676779320813  0.0  0.0  0.0  1.0
3394309162572;1.826907686892434;0.007294386184261889;-0.4161752266980636  0.8777203425415414  -0.2374977494031782  6.9643641478337095  -0.09923938770362267  -0.30347634567115755  -0.9476569271346517  -1.2519845095141053  -0.9038527117904914  -0.3708222052504942  0.21340376632603036  7.347126095134032  0.0  0.0  0.0  1.0
3394309162603;1.9909019248105964;0.012143899691957;-0.23776754036329759  0.03867717576591345  0.970551736294547  1.8646536538352994  -0.6439344753497489  -0.7543496746498066  -0.12769087599266254  5.051271617461806  0.7271966640501253  -0.6553324686222277  0.20426543360017219  -2.359120999240254  0.0  0.0  0.0  1.0
3394309162634;3.01258289883689;0.809786737479569;-0.08763223151063196  -0.5622464485521224  0.8223135187329668  9.611464850127655  -0.10851386925025536  -0.8151889043912599  -0.5689391798230428  3.460559861065489  0.9902248896997112  -0.13908983157622828  0.010425285189907941  -3.107474101671956  0.0  0.0  0.0  1.0
3394309162665;3.8547413171629152;0.00895619689634818;0.045157665379856916  -0.9267953874616077  0.37284191695318836  15.681582491484061  0.9167870517159391  0.18669934710365746  0.3530507833117831  -6.414549180003811  -0.3968151799811045  0.32587369266474286  0.8581049174580042  7.650585992039727  0.0  0.0  0.0  1.0
3394309162696;3.0132495381752045;0.0038273241019349683;0.4853757243256314  -0.6335749771052793  0.6024891323678904  -4.546992759372012  0.6068616207814965  0.7402080505747775  0.28950132139032153  4.383719433392477  -0.6293880992343464  0.22511061780896077  0.7437713561921054  -0.847070067617683  0.0  0.0  0.0  1.0
3394309162727;3.502392525482743;0.003789741994748356;-0.7316042512272123  -0.6116797496941672  0.30100349400023807  24.16497374702064  0.6660647446855334  -0.7354531647560746  0.12436397523908993  -4.737036924805869  0.14530304701989252  0.29147302836515543  0.945478978223408  -0.019845075477424423  0.0  0.0  0.0  1.0
3394309162758;3.457925038615682;0.8060636663886498;0.13755066833067126  -0.7311797901730228  0.6681735763140604  2.451881532556382  -0.877615709209498  -0.4027145480287302  -0.26002242163845346  8.829714490193986  0.45920635948394245  -0.5506333691745815  -0.6970885253401848  -5.729069240074214  0.0  0.0  0.0  1.0
3394309162789;2.1605956540110696;0.006584675662535315;-0.3237872141001922  -0.8764250390362571  0.3564281006535986  6.6984217670887265  0.9250104019648847  -0.3723901954356605  -0.07537438955078062  -0.2569879963671793  0.19879033236553179  0.30529443705001574  0.9312774615893568  0.7381926119948465  0.0  0.0  0.0  1.0
3394309162820;3.736908019221678;0.008422186464359285;0.43981449036766895  0.444604101694849  0.780314300021948  7.856807934028469  -0.8615287962206928  0.4542510656860605  0.2267688307629622  9.13620868656246  -0.25363625006128454  -0.7719994573049865  0.5828254374816314  8.392827619702887  0.0  0.0  0.0  1.0
3394309162851;3.0196041882655598;0.8435167777500817;0.4313662165305041  -0.4787215067728748  0.764688764262473  1.1221868113794646  -0.30768465542349227  0.7187228623895816  0.6235123093375581  0.9497618141293582  -0.8480880497053868  -0.5042451447774545  0.16273750002774084  9.871781044203653  0.0  0.0  0.0  1.0
3394309162882;1.0159530457947656;0.0025453354830183247;0.38385976818664475  0.19032069176737149  -0.9035650018968666  0.04647035854961734  -0.6012262308794915  0.794203841162326  -0.08813216203774982  -0.531145691553093  0.7008414212003572  0.5770773717346719  0.41928869453118756  1.0041616508407154  0.0  0.0  0.0  1.0
3394309162913;3.707565587024253;0.0046812448474250696;-0.8123337739875603  -0.5830426299680065  0.013233717509339965  31.269303586298967  0.5830301646825853  -0.8124339910757213  -0.005180464744747537  -5.0014897982364  0.013771953722115704  0.003507390021723067  0.999899010653531  5.122365842694971  0.0  0.0  0.0  1.0
3394309162944;2.7894836947736765;0.005383029631979897;-0.15441759243790437  -0.29432442496042854  0.9431481007866127  12.740421641358495  0.9683322243863721  -0.23463437505513335  0.08531947759701713  -14.057318835743763  0.19618335903083658  0.926455526679074  0.3212355004123575  -1.9504377065016385  0.0  0.0  0.0  1.0
3394309162975;2.6130962231388835;0.005504941177689054;0.2637605425049797  0.22977188883673522  0.9368218909258457  4.396688590908223  0.7876191395760375  0.5093767761384875  -0.346686300427726  -14.268341813280461  -0.5568540806988679  0.8293010183468723  -0.04661924257062527  11.020361957567403  0.0  0.0  0.0  1.0
3394309163006;2.118558382630927;0.010386887566666727;0.18136298429956954  -0.8835189029115641  0.43185856032259146  3.4117927141560367  0.642403876145093  0.4389355724619316  0.6282139947034591  1.4607280463900807  -0.7445970237918731  0.1634928482394989  0.6471826332147846  4.753569342556254  0.0  0.0  0.0  1.0
3394309163037;1.6957835337450329;0.012559273522628695;0.40402912485556663  -0.8572661948745872  0.3191475166654006  6.323010988694838  0.9147448149701793  0.37805098253563685  -0.14254605602756404  -16.085017758433064  0.001545882795966333  0.34953129434871305  0.9369234144354036  -2.7165789853491242  0.0  0.0  0.0  1.0
3394309163068;2.3800172959411823;0.01031675761994574;0.8040728183857303  -0.3726427427883704  -0.46325402208765504  1.9076169842130926  -0.20239875352750136  0.5610777951580063  -0.8026371860007133  -4.24973255030207  0.5590184677662648  0.7391407809259275  0.37572497743491473  -2.23061513415651  0.0  0.0  0.0  1.0
3394309163099;2.23708937419933;0.006578661542858777;0.3171375901464355  -0.8536952728671597  0.41307157975389575  0.6089548495035576  -0.044435421904582474  -0.4484524570793736  -0.8927014545858182  4.776982180878994  0.9473379767518421  0.26475417810440716  -0.18015544116119975  0.15214397629026433  0.0  0.0  0.0  1.0
