# registration_from_features.py RANSAC RANSAC_config.json euclidean True --use_random_keypoints=True --n_keypoints=5000 --input_txt=/neural_comparison/point_clouds_registration_benchmark//eth/hauptgebaude_global.txt --input_pcd_dir=/neural_comparison/point_clouds_registration_benchmark//eth/hauptgebaude/ --input_features_dir=/neural_comparison/features/3DSmoothNet/eth/hauptgebaude/ --output_dir=/root/neural_registration_comparison/results/3DSmoothNet/RANSAC_mutual_on/
id;initial_error;final_error;transformation
3394309160030;3.936759879304484;2.4063189452520084;-0.5721291216594692  -0.7629289217113296  -0.3010111768116807  11.727360330449406  0.8196791526792444  -0.5445012336469345  -0.17788899128389984  -1.159001594474518  -0.028184300810933906  -0.3485080586921272  0.9368819446517493  3.606923121497299  0.0  0.0  0.0  1.0
3394309160061;3.7772892530728184;2.4190587948499496;0.12629956412104604  -0.948606337813661  -0.29016277494293946  8.250138889180516  0.7645226586900573  -0.09330459643502637  0.6378082444070339  -12.523026596954638  -0.6321024635708358  -0.30239091941367896  0.7134467095753056  3.4369891870852607  0.0  0.0  0.0  1.0
3394309160092;3.061336083217481;2.368308202941366;0.12433505278786265  -0.9915876932083986  -0.03598112457782888  -3.3675508854801706  0.988695615699692  0.1268718134244006  -0.0799032067855251  -11.11193944274563  0.08379602702065103  -0.0256396106844462  0.9961530184763303  4.918933327398416  0.0  0.0  0.0  1.0
3394309160123;1.9832381539954238;0.8083408207892496;0.851928310115847  0.4616554872586891  0.24716869847757844  -0.31160229316830623  0.12684948604684576  0.2760121487322792  -0.9527468192766858  1.107283181068226  -0.5080623606535013  0.8430252100833835  0.17658180215146346  11.361788955299485  0.0  0.0  0.0  1.0
3394309160154;1.9207102010338835;0.007568229894930755;-0.2735564582137815  -0.9090230741952308  -0.31439452086539876  14.62970462917951  -0.9618451479006289  0.25697870131139033  0.09389280341074097  9.021629318489705  -0.004558029129833302  0.3280838271737318  -0.944637616611517  5.292996105038263  0.0  0.0  0.0  1.0
3394309160185;2.640555800877831;0.7786984762008893;-0.5688394269664934  0.6649052171507595  0.48406896051506254  28.620991457959107  -0.8223207742914743  -0.4494277613978607  -0.34900319691025605  15.369791811363353  -0.01450001714144935  -0.5965867409611193  0.802417603254246  5.1435092455317255  0.0  0.0  0.0  1.0
3394309160216;2.7201455624554285;0.007953555324824566;-0.07719984786311704  0.8546368093387655  0.5134550687384108  8.821040141974848  -0.9843702990315364  0.016425385947168636  -0.17534343751920306  9.083542240246617  -0.15828865365046124  -0.518966406253566  0.8400110542759438  -2.801072992111645  0.0  0.0  0.0  1.0
3394309160247;2.5310221937667676;0.8076658386251351;-0.013857845440943262  0.6690975377395245  0.7430453856330989  12.354216375278956  -0.5757789665652402  0.6022075272394347  -0.5530141732335877  14.1817799774925  -0.8174879459544332  -0.4354934891902184  0.3769069899751535  15.17282642730178  0.0  0.0  0.0  1.0
3394309160278;1.96744994252244;2.351464424080519;0.7328925606033514  0.6321521222999289  -0.2514998784969057  -0.5790631436509228  0.3587890279935929  -0.6732056551142043  -0.6465791361571052  -2.732547092520031  -0.578047513621221  0.3836376417844727  -0.7201966618933846  10.887954680816353  0.0  0.0  0.0  1.0
3394309160309;1.4697744642858348;0.01506661540700657;0.41099668294515046  0.1764448371348959  -0.8943986505225312  11.910046978060274  0.5352807368961978  0.7474540663979844  0.39342972858311237  -8.812605936545788  0.7379405526978093  -0.6404526821503345  0.21275361950033908  -9.950294464167516  0.0  0.0  0.0  1.0
3394309160340;3.1108095863624285;2.438292555608407;-0.9975088981507156  0.06790310377294007  -0.019109333011564034  17.023846752491448  -0.06830107976031746  -0.9974435772149095  0.02100649366980753  4.011046438387323  -0.01763407535767872  0.02225935243276911  0.9995966989819207  -2.344443048643522  0.0  0.0  0.0  1.0
3394309160371;4.078910422747308;0.8131627346081587;-0.5582313940234935  0.6923369836629701  -0.45721681047294005  25.139627659812923  -0.8295925702533182  -0.4740073857969732  0.2951155122836027  14.700537978099916  -0.012404761468127246  0.5440464127833031  0.8389634215092691  -4.530605429201721  0.0  0.0  0.0  1.0
3394309160402;3.021814741136945;1.581227627198555;0.5615553348953692  -0.7191047139631793  -0.409321409416222  5.855635200507396  0.5325973033233594  0.6927154167072809  -0.4862977112312401  -3.4908191886078503  0.6332422272268597  0.055079595241714074  0.7719912692801478  -14.80182061927261  0.0  0.0  0.0  1.0
3394309160433;1.3594709122664788;0.009363087138199968;0.1529141018331097  -0.9563664588392284  -0.24895877945532896  12.587913202711272  0.9827219311081307  0.17373974455197044  -0.06381306513655921  -14.065446528837441  0.10428270987886723  -0.2348993349720893  0.9664095502684098  -3.5245683379564383  0.0  0.0  0.0  1.0
3394309160464;1.5447184908495197;1.6082070276359006;0.30959142669192624  -0.9370505636744415  -0.16152210262459216  1.7629013289627218  0.9504836004628143  0.3001280560549236  0.08064784696405691  -6.3269745553346555  -0.027093795786176877  -0.17849199165818108  0.9835682666413114  -2.4694709593411277  0.0  0.0  0.0  1.0
3394309160495;2.78060091011266;1.616114698812546;-0.7869585031569123  -0.18045039143883823  0.5900287878897112  6.856887919932958  -0.19733630329788185  -0.8324389924937627  -0.5177873184780556  -5.037940950768078  0.5845978940346593  -0.5239112329446076  0.6194855303271438  -5.62218331366735  0.0  0.0  0.0  1.0
3394309160526;1.34399863829473;0.007384150803032095;-0.6128662935851092  0.5737562549969594  -0.5433218806923885  24.378754956479213  0.003659582965367822  0.689640348753992  0.7241428014024522  0.7816476112224706  0.7901781531020518  0.44181438322256555  -0.4247570330646616  -8.510150104203603  0.0  0.0  0.0  1.0
3394309160557;2.19301441794297;2.409104705822903;0.8134989822733515  0.5809937470932273  0.025800613922767127  -6.1108734359735175  -0.4893114885087869  0.7077554448994958  -0.5095650080494465  8.46262111373378  -0.31431460839982683  0.4019060786473475  0.8600452493286476  6.184940704656041  0.0  0.0  0.0  1.0
3394309160588;3.3552539819811384;0.006221842337562074;-0.325611395169143  -0.8934186043993688  -0.30948411372651996  17.232150112868787  0.6805419809548747  -0.448685937424335  0.5792612033579162  -15.53236233205072  -0.656383905572051  -0.022002883236781914  0.7541061209373976  2.190540609116458  0.0  0.0  0.0  1.0
3394309160619;3.0056203551742433;1.6350595150607257;-0.3787965801075625  0.8478794778502975  0.37096299268137384  0.6625798219474373  -0.8200622377951307  -0.49329391941266004  0.2901017669938215  3.477948275479907  0.42896512333901493  -0.1943231846970458  0.8821719916478535  -8.704218678444024  0.0  0.0  0.0  1.0
3394309160650;2.0651927868102353;1.58074105372417;-0.2937965700370344  -0.7977386296061504  0.5265896450449586  8.70533551802213  0.14526153814858378  -0.5817652124360149  -0.8002801529052103  1.297753023804142  0.9447659291957891  -0.1586263421799164  0.2868013643577005  -12.260054549146965  0.0  0.0  0.0  1.0
3394309160681;2.0883872688177947;1.6299434244768576;0.7272995221929476  -0.5125649980102583  0.45641267273450586  -0.018155370012921335  0.39422237094065204  0.856360475970015  0.33351980068107123  1.0666040165132675  -0.5618043496341427  -0.06264070570447323  0.8248951537747112  -0.10558738590858674  0.0  0.0  0.0  1.0
3394309160712;2.2055221376060135;0.8054299722053392;0.6694561431596816  0.7419317073979379  0.036956920100906565  2.2534749482714425  -0.6700361784443715  0.6245684689080734  -0.4012053678871791  7.723222693136275  -0.32074911061673383  0.2438269246892266  0.9152422842259686  9.769426522183451  0.0  0.0  0.0  1.0
3394309160743;2.1472367397073575;0.8173840634591834;-0.6751628301876066  -0.6102321201222793  0.4144537517071464  13.707789535030841  -0.7359804343928313  0.5952366421442876  -0.3225308357967219  9.29618257494673  -0.0498793837572199  -0.5227906841364529  -0.8510005567895588  1.458170743162059  0.0  0.0  0.0  1.0
3394309160774;3.3639630831655443;0.8097776641059793;0.4343331044351055  -0.5070487693308185  -0.7444839151465046  1.9417384823917914  0.22379874381681933  0.8613425430975266  -0.45607361874625  2.4962324224396584  0.872507235877032  0.03147330567939621  0.48758645835567854  1.548964007683602  0.0  0.0  0.0  1.0
3394309160805;1.324119052607352;1.5928250983475052;0.23138931478616737  -0.8652200957081821  0.4448068917918337  7.570988353418805  0.7992464111590226  -0.09161718339828354  -0.5939793480884576  -12.659490583055245  0.5546748229838918  0.4929507862747452  0.6703248190682632  -10.003436707866815  0.0  0.0  0.0  1.0
3394309160836;1.3305106697980524;1.5939380172657047;0.48787683947679356  0.8445688827973494  0.22063452067292766  -2.624726999440872  -0.7034115211455974  0.23070410732149715  0.6723004140892881  4.283858632053898  0.5169027194954312  -0.4831966650085949  0.7066346732950476  -0.9552703687665538  0.0  0.0  0.0  1.0
3394309160867;3.084620563102242;0.005962855469588021;-0.6366013416458361  0.7668912987738218  -0.08134167246696661  30.57289754150616  -0.6250778727993859  -0.5748845087494402  -0.5280013774002024  16.59781827979015  -0.4516817294858374  -0.2852815056482224  0.8453390312671993  8.095761441363933  0.0  0.0  0.0  1.0
3394309160898;2.141076967332666;0.00467772403008338;0.570206953268577  0.7683219701847499  -0.2907668835606834  11.953280094214318  0.4880125443605112  -0.601527894748671  -0.6324618157533407  -8.547720711981738  -0.6608386996771206  0.21873623835719874  -0.7179461477286407  16.307546452870138  0.0  0.0  0.0  1.0
3394309160929;4.439440389033587;1.57263152191673;-0.13813350155885815  -0.42006691222262593  0.8969185721139001  -1.1397589189052786  -0.9884577381920765  0.11535650990458275  -0.09820476277063662  15.102562505715177  -0.06221282468504413  -0.9001314708854384  -0.43115298858563567  8.216879452407786  0.0  0.0  0.0  1.0
3394309160960;2.4847882689820464;1.5933662841929574;-0.23180817172787432  0.8186611240197407  -0.5254131094090773  14.435407106761764  0.14499266656964338  -0.5050135946366812  -0.850845694514089  -0.06106938406858642  -0.9618950556901747  -0.2734140326517144  -0.0016335813180726189  19.772236355517876  0.0  0.0  0.0  1.0
3394309160991;2.9477521292476965;1.5948035050384402;0.9600188952885744  -0.26751266302969334  -0.08246633135812591  -6.125944028711728  0.007511163164336879  -0.2698687851455669  0.9628678108816263  -7.102745376182481  -0.2798344208935437  -0.9249907101819018  -0.2570698017277743  7.532916956816932  0.0  0.0  0.0  1.0
3394309161022;4.019397668082857;1.6089739081382797;0.5655325704679778  -0.8091940022302548  0.15930467191662673  8.858198353477736  0.8132824545348544  0.5792488375338146  0.05515825741887992  -8.107857850595312  -0.13691077709824168  0.09836590349459001  0.9856873683597901  -3.736151081939169  0.0  0.0  0.0  1.0
3394309161053;2.8365870008578016;0.8210977918238526;-0.9975537025060602  -0.002448893596854823  -0.06986138802372564  34.39471252371304  0.022786977913440035  -0.9561900870166298  -0.2918583065953455  -0.2751631749441388  -0.06608603675529853  -0.29273626425723476  0.9539067644873349  -4.600065502708625  0.0  0.0  0.0  1.0
3394309161084;1.9084522891745812;0.009697789152272915;-0.7838042132196715  0.3387421773687695  0.5204850551270022  36.214059941882745  -0.07170162213439109  -0.8818881859919786  0.46597436065847586  -4.075834398626429  0.616854790629359  0.32791304438714197  0.715516039371842  -9.341111581379193  0.0  0.0  0.0  1.0
3394309161115;2.6459747141640655;1.620972187549448;-0.13015728096268323  -0.7017297702170708  -0.7004530047073096  7.3957906695733975  0.9909517338065976  -0.06872054059921168  -0.11529158063557787  -2.2549275005724905  0.032768025239539145  -0.709121158118166  0.7043248111709908  0.15176282947404074  0.0  0.0  0.0  1.0
3394309161146;1.4245283483443059;1.623332455627202;-0.6376192347100845  0.7631722703009389  -0.10492758155717546  2.4813663277682885  -0.7477303802709104  -0.6458933079713353  -0.1540166002019485  3.1977284680817575  -0.1853132211895489  -0.01974640629476143  0.982481088617382  1.8450646817410044  0.0  0.0  0.0  1.0
3394309161177;1.4359728733692718;0.006868006019664821;-0.18732053334278317  -0.9822403925663281  0.010715829380899211  2.8730541964598206  0.9807093348301656  -0.1863859502201561  0.05890227616572097  -3.0293343076620007  -0.05585891482251221  0.021542719690762102  0.9982062376398859  1.426949316050381  0.0  0.0  0.0  1.0
3394309161208;3.0244753449661483;0.7869615731207189;0.7440857854716658  0.5036032585606449  -0.438998977021718  8.164524809018497  0.3081871740677434  0.3242692505644618  0.8943545822985989  -7.658660053179478  0.5927537512316162  -0.8007703860067895  0.08608007490345398  1.5705288916472275  0.0  0.0  0.0  1.0
3394309161239;2.9239237120023964;1.6276336419062407;0.6885182153639794  0.7207873729415708  0.08005142172372953  3.279561459307226  -0.5304499543927582  0.42525717711540695  0.7333342888455148  -1.9129821739415656  0.49453565391862514  -0.5473772888235547  0.6751389417619555  -4.628280704357918  0.0  0.0  0.0  1.0
3394309161270;1.0304885640464179;0.008947303630156563;-0.18086893903161333  0.4762885250750158  0.8604857161948971  4.135241529892353  0.4641568700371146  0.8126895851141263  -0.3522698372616914  -1.7090795138752188  -0.8670898609088491  0.33568568502230683  -0.36806289405504733  3.2796391110139202  0.0  0.0  0.0  1.0
3394309161301;2.0398930971718565;0.009147343543344054;-0.5005532055961383  0.604229752196913  0.6199620108744472  -0.5347868673238345  -0.6990484021517688  -0.7045452025968597  0.12225951474960402  4.1015944068018655  0.510664096854762  -0.37218606107403707  0.7750482024530498  0.5748867515180383  0.0  0.0  0.0  1.0
3394309161332;2.256914975873143;1.6338682880489903;-0.6752142593200653  0.613203943795685  0.4099592995948177  6.963370206042562  -0.7350649670200904  -0.6056120761636953  -0.30481717055384455  8.240966256863702  0.06136121144997257  -0.5071636190797963  0.8596626461649214  0.25922927150073605  0.0  0.0  0.0  1.0
3394309161363;3.66917130522765;0.005577168990582367;-0.17738665282581204  0.9538977894880107  -0.24210118258517857  29.509281261117906  -0.9832743673326511  -0.1614609426581685  0.08427266782598775  13.036809062867274  0.04129762639460732  0.25300073360728126  0.966584261639071  -4.3572152064950895  0.0  0.0  0.0  1.0
3394309161394;2.752686316258313;0.006360869190583129;0.700224628333714  0.5151853058373816  0.4942363508728955  4.146711558150162  -0.269083466606166  0.8316793542805182  -0.4856990216818941  8.347074135541483  -0.6612711681860332  0.20710758632359275  0.7209902147831792  9.687612290679734  0.0  0.0  0.0  1.0
3394309161425;1.9040075588087033;0.004004619499773545;-0.13146213134231077  0.9912298454280049  -0.013457397806117932  22.029740987806484  -0.9680164848153778  -0.12543356143218634  0.21727978919383753  17.10956864528573  0.2136862025228063  0.041591047104070335  0.976016593943038  -0.3422651609812126  0.0  0.0  0.0  1.0
3394309161456;1.9884497529698029;0.820292854087495;0.11654087665172466  -0.17443609782050679  0.9777475501612891  4.318577903432926  -0.9227257213748724  0.3451713663420833  0.17156331475802442  3.607778061349186  -0.3674172929823383  -0.9221869526482653  -0.12073010056666506  1.764080591265531  0.0  0.0  0.0  1.0
3394309161487;2.3504147878262693;1.6331011488849134;0.4531345605973256  -0.8152196886716617  -0.36067427021392606  1.5164711187427358  0.681744290241406  0.5775957339055683  -0.44900767353947263  -2.094635986427125  0.5743638156391035  -0.042426729501193694  0.8174999571304712  -8.680166618840866  0.0  0.0  0.0  1.0
3394309161518;2.2062122654647958;0.006860213615087184;0.7073590807360278  0.22041071809679164  -0.6716116781655438  2.829168424890624  0.10129356655237287  0.9087272698214521  0.40491278376700984  -5.570205468127986  0.6995589641162362  -0.35444867672331026  0.6204702984782693  -0.4864401940601608  0.0  0.0  0.0  1.0
3394309161549;1.3852236987168691;0.8124958353350478;0.6059899294735179  0.23192892878310023  0.7609107551941977  -1.2766353108251591  -0.6518771943273106  0.6929905294926962  0.30792896835047123  2.755769867363096  -0.4558863113679047  -0.6826222220430238  0.5711344614715606  -0.85166645527719  0.0  0.0  0.0  1.0
3394309161580;2.2986137988137836;0.0033795237390317626;0.1342160826347859  0.7604433783116638  -0.6353832792449892  17.599302869285502  -0.9156896941440147  -0.14993290135109982  -0.37287063323743086  16.87776793273277  -0.37881186253945875  0.6318591563587455  0.6762067578226358  8.01777527078782  0.0  0.0  0.0  1.0
3394309161611;3.407144086678155;0.005110143033988521;-0.9767649070054565  0.15529361704008215  -0.14769634033797432  24.047140354801755  -0.17947711344371348  -0.9693596190161529  0.16771969106449977  1.7366663574800323  -0.11712507072584766  0.19033082127566026  0.9747081082457445  7.720181570756333  0.0  0.0  0.0  1.0
3394309161642;1.7425026346266586;0.005157744484314674;0.31941418919087694  -0.745303773303163  -0.5852323139092731  8.070358079479204  0.6226732384032707  0.6306157691656241  -0.46325132472129193  -3.41168245600499  0.7143196860789421  -0.2164394538426751  0.6655083387158772  -8.582162372341974  0.0  0.0  0.0  1.0
3394309161673;2.6456540480703254;0.0049604157307709;0.5974770879258952  0.8018391348807116  0.008667824256713627  8.937841140086594  -0.7244729466169081  0.5443995042175779  -0.4228098028994489  5.749730913872935  -0.3437442058039783  0.24633956560286557  0.906176991208001  9.93293536876843  0.0  0.0  0.0  1.0
3394309161704;3.077519635932954;0.010121820491868714;-0.8268549445292879  -0.5599456609472437  0.052647483262001867  23.66486526283355  0.5443987866387792  -0.8203566358651895  -0.17505699385678614  -0.8158880218901845  0.1412121163841605  -0.11608551493749764  0.9831496790458734  -2.0421694004426536  0.0  0.0  0.0  1.0
3394309161735;3.1217165961473894;0.0038297645620081915;0.6501530310803999  0.7419598650957705  0.16369665471240946  9.683492218231418  -0.734743939915755  0.6688206361148004  -0.11327091181794055  11.460140116845377  -0.19352617118633264  -0.04663169838274979  0.9799862783589868  9.686696986596274  0.0  0.0  0.0  1.0
3394309161766;2.088824937831005;0.803345950912201;-0.6284160043267117  -0.7267228939285546  -0.2774295603322739  7.92206466244084  0.6976116285073323  -0.3687267078082488  -0.6143115095130801  -3.9987632415846956  0.3441385495369539  -0.5795812715995903  0.7386841059164626  0.07774957584651276  0.0  0.0  0.0  1.0
3394309161797;2.586432702881334;0.8136842901323397;0.3166554567068062  0.711409698380176  -0.6273958581218342  4.5168947335120055  -0.44997167875623134  0.6949341750675289  0.5608849976960635  7.3590974658325825  0.8350178501416027  0.10470307241834548  0.5401689148507673  -13.9530438424828  0.0  0.0  0.0  1.0
3394309161828;3.2220836563382176;0.006569591667091261;-0.13090692481259328  0.1297590080424083  0.9828662049678787  18.271593433774612  -0.8506732064348104  0.4944347152440997  -0.1785760572288582  15.6170101777501  -0.5091350242224828  -0.8594747885734271  0.04565758334204051  16.171440685341146  0.0  0.0  0.0  1.0
3394309161859;1.6225102333552934;0.004470958119073661;-0.1559647453232157  -0.4482501674027299  0.8801970152412978  22.96903606704673  0.6831394257824077  0.5946733920055378  0.4238915920165306  -12.549464136331485  -0.713439221768712  0.6674094277608407  0.2134692778317328  15.989850675148572  0.0  0.0  0.0  1.0
3394309161890;1.282929335068904;0.8096449942693262;0.2135965710923498  -0.9262243824924379  0.31062018301149297  6.418666288877321  0.963129893514238  0.146413735461366  -0.22570739085706112  -10.094771003580934  0.16357662741615486  0.34737790854450123  0.9233478627356028  -3.3045502273364487  0.0  0.0  0.0  1.0
3394309161921;1.558203848860055;0.006327600758515971;-0.8994314819312829  -0.4351483871567471  -0.04085205583294704  0.36036673701819444  -0.26748838719131773  0.4741355282851671  0.8388357786453401  0.730832344681239  -0.34564862509300426  0.7654027580121643  -0.5428495611112609  2.497252841344947  0.0  0.0  0.0  1.0
3394309161952;3.0446776651304432;0.009872263264119338;-0.019763125367010113  0.06661084365279173  -0.9975832869407907  1.9954744383670047  0.8168313018153761  -0.5742936540103978  -0.05452910542072957  -10.475849603100585  -0.5765379807526366  -0.8159349204876881  -0.043059984654244654  3.421186146423144  0.0  0.0  0.0  1.0
3394309161983;3.4771226457556867;0.7973358415974215;-0.8162940751922162  -0.4901551298801236  0.30563365563740413  14.246470354817795  0.09845814621288387  -0.6394331948769042  -0.7625163491583893  2.134014645272739  0.569183605043581  -0.592345454900867  0.5702252939039789  1.5492947490425215  0.0  0.0  0.0  1.0
3394309162014;3.770407506413389;0.8070967963750807;0.6248099793838974  0.706773389293949  -0.33178888746948565  9.292218567977788  0.7195030396820385  -0.3561849257642117  0.5961943261610687  -4.9168231453417555  0.30319608432597095  -0.6112312777045104  -0.7310734980869651  3.036001582081852  0.0  0.0  0.0  1.0
3394309162045;1.518228345276698;0.0037889438334910773;0.3716213168485462  0.7003908862660744  0.6093851026232733  2.490656073395174  -0.7565666098161558  0.6088922629221858  -0.23844743040089478  7.673485818831237  -0.5380562812337033  -0.37242827307942705  0.7561697029344895  2.5597636260093837  0.0  0.0  0.0  1.0
3394309162076;2.477253977533275;0.010279349874040597;-0.7755299012482185  -0.30116604816099674  -0.5548444680313719  10.92737111714359  0.10573251772457637  -0.9284251496744085  0.35615639282157185  3.539429586093908  -0.6223937716313925  0.21754482960332533  0.7518645091685798  4.811248352048201  0.0  0.0  0.0  1.0
3394309162107;3.7764439721661978;0.8003625754224016;-0.3881862240176368  -0.8990666237058811  -0.20246150651676448  16.994369093329073  0.917454055225976  -0.39777434693900926  0.007322941120680659  -13.441013563712303  -0.08711780548396192  -0.18290646531862526  0.979262841586622  -8.134156797419196  0.0  0.0  0.0  1.0
3394309162138;3.5448738491278085;0.004396327505576712;-0.16774227312266674  0.9814336253497422  0.09300843424390068  2.3830843649234357  -0.9367277680228708  -0.18808064693714363  0.29524017149195114  9.273864507198178  0.30725171833942877  -0.037599325533405226  0.950885204584077  2.0845380976803694  0.0  0.0  0.0  1.0
3394309162169;3.3386677234651425;0.8056218573908506;0.9527571847876202  0.27018901805686646  0.13875028416920793  1.0821160650052386  -0.002944843272643327  -0.44857784536351036  0.8937389129645922  2.701983621128562  0.3037187428093123  -0.8519247684922052  -0.4265901007944678  -7.709997708793006  0.0  0.0  0.0  1.0
3394309162200;3.9550078381949887;0.824443874198816;0.6001755662938334  -0.6721351223520344  0.43361695876048567  8.888923455661573  -0.2570571744581588  0.35127334988093634  0.9002936424983876  -1.8386383521213054  -0.7574370592223914  -0.6517985969333175  0.0380485262828199  5.542282178202619  0.0  0.0  0.0  1.0
3394309162231;2.42664388566255;0.8455808741700158;0.8288108202942709  0.5522657461298619  -0.08986194864771621  -4.576021941509896  -0.2140869525521003  0.46138500981191105  0.8609823746557289  2.58388983797328  0.5169520296024506  -0.6943532374609409  0.5006337790415449  -5.08653931194106  0.0  0.0  0.0  1.0
3394309162262;2.736577686008396;1.596613116341852;0.8585407036688284  0.30779585285694855  0.41008483647642535  4.61490659034644  0.33783606658190535  0.26206962135708906  -0.9039835760002605  -4.932289965939551  -0.38571317356333595  0.9146481435644069  0.12101289689072413  7.824543201840208  0.0  0.0  0.0  1.0
3394309162293;2.8148683419657083;0.851681603156031;-0.08022048710434686  -0.9750075707974384  -0.20718327716400659  -4.222176627630933  0.6296618602335976  -0.21069920062609115  0.7477511542102033  -3.50998093499268  -0.7727163873090221  -0.07047044588480161  0.6308274732768782  -1.5050501350139334  0.0  0.0  0.0  1.0
3394309162324;2.2219663596591737;0.7874695944808211;0.5092919939251116  0.8095623135792339  0.2919426747771259  8.81719867975228  -0.7530697220161741  0.5834286447927  -0.30413321130359466  9.224581055931374  -0.41654250528159437  -0.0649605793354137  0.9067924042613833  10.829345927375314  0.0  0.0  0.0  1.0
3394309162355;3.4807471093941937;0.7890632913681412;0.7685641187479625  -0.3715029782118303  -0.5208596092546509  -7.615204438810297  0.5998308572372223  0.13527149423484747  0.7886092603777426  -6.650448276039394  -0.22251323124530478  -0.9185244471581644  0.32680376664530897  4.678541339977276  0.0  0.0  0.0  1.0
3394309162386;1.7900521026949254;0.0053228939443068606;-0.8187549139829304  0.041931876988763994  -0.5726099095553648  6.310542471112619  0.23126730794179462  -0.8887554403612454  -0.3957640705087364  -2.7603885561680483  -0.5255053026432361  -0.4564597297905788  0.7179754118166954  2.5691921334216046  0.0  0.0  0.0  1.0
3394309162417;3.2825031286422393;0.8180026337747348;0.36318245787899794  0.8201493811892593  -0.4421012268970138  3.9873052703280205  -0.14873201521185864  -0.41738311514536486  -0.8964765043449665  8.047812546142524  -0.9197702375810979  0.39133914668280534  -0.02960375539664889  7.417350333882814  0.0  0.0  0.0  1.0
3394309162448;2.5548125902487047;0.00820242348636151;0.4687733121924973  -0.8538188682761887  -0.22637341264301453  15.343138642872617  0.8634634300160817  0.49696423445868043  -0.08635655559227612  -16.76602326835803  0.1862323462799615  -0.15498351475065653  0.9702049388426107  -1.1702545787168424  0.0  0.0  0.0  1.0
3394309162479;2.7901407133897638;0.8116529931931635;-0.9922258124956985  -0.1168976590863539  0.04269513224458131  18.475157195527544  0.11507981028453212  -0.9924331647175422  -0.042814142915636955  1.8539155539987007  0.047376938294150635  -0.037567950021995755  0.9981703636399035  3.284861878328811  0.0  0.0  0.0  1.0
3394309162510;2.4626078118590478;0.008374618338744212;-0.9914007211485116  0.13022840293872498  -0.012851971609074343  34.88032243958819  -0.08685252547561598  -0.728273668962574  -0.6797603268169595  4.164244042829446  -0.0978838542596218  -0.6727986520228925  0.7333217062868522  -1.5568171865094866  0.0  0.0  0.0  1.0
3394309162541;2.621200470666735;0.8240177229381797;-0.1962548950333666  0.8144154938512811  -0.5460873735497064  14.693283593679125  -0.5027877868903065  0.39455061813526526  0.7691126387487254  3.8264408483811776  0.8418363603037052  0.4255081821822637  0.332045673615175  -2.9814369587193155  0.0  0.0  0.0  1.0
3394309162572;1.826907686892434;0.009385890102452946;-0.41666175381553106  0.877023869365789  -0.23921144510667916  6.9828858665706335  -0.09739168077360477  -0.30469216067463584  -0.9474584675538625  -1.25597682581044  -0.903829543345125  -0.37147250205914517  0.2123683987566421  7.363908681092461  0.0  0.0  0.0  1.0
3394309162603;1.9909019248105964;0.006849393909131519;-0.23330526520581973  0.0386582508292618  0.9716348042706503  1.8416734530341214  -0.6449655259867486  -0.7539409865103003  -0.12486976875334044  5.0413225330528375  0.727728056018098  -0.655803727118639  0.2008316408871455  -2.374651448524129  0.0  0.0  0.0  1.0
3394309162634;3.01258289883689;0.8055470162862455;-0.08934405423507055  -0.5641791776135023  0.8208041761103521  9.63778560810292  -0.10724733507784347  -0.8138590230613706  -0.5710792411743694  3.439195086802391  0.9902099015317624  -0.13905159520460592  0.012206751390639203  -3.1070969304759135  0.0  0.0  0.0  1.0
3394309162665;3.8547413171629152;0.005268327614106719;0.043164178627056  -0.9273500584743648  0.3716970846415728  15.714640141191484  0.9164176480730551  0.18492130998306397  0.3549405632136148  -6.407683568267705  -0.39788886385987515  0.3253090502303012  0.8578219359835455  7.675353507470154  0.0  0.0  0.0  1.0
3394309162696;3.0132495381752045;0.003588872392292582;0.4863264781055601  -0.6344043173209013  0.6008475005007876  -4.540822074137403  0.6064996733128589  0.7401004517956589  0.29053307474925816  4.3753218119441435  -0.6290029435263708  0.22311988574858876  0.7446964573695103  -0.8594354793029311  0.0  0.0  0.0  1.0
3394309162727;3.502392525482743;0.011595042838891205;-0.734762456276258  -0.6062495330584048  0.30427887950586807  24.208004557811147  0.6617959488986953  -0.7391099282157748  0.1254696618077348  -4.665414012849832  0.14882961690522345  0.29356092669042  0.9442837113137692  -0.08368119989576295  0.0  0.0  0.0  1.0
3394309162758;3.457925038615682;0.8035960258374442;0.13613335276998598  -0.7332611894189731  0.6661799594369942  2.468751683824419  -0.8784503158327464  -0.40023669031503156  -0.2610280336266926  8.836994495776558  0.45803138852806924  -0.5496713743843155  -0.6986190859871402  -5.706683925726372  0.0  0.0  0.0  1.0
3394309162789;2.1605956540110696;0.01644614364122259;-0.3217631613118219  -0.8750037615261788  0.36171381690178733  6.6525833502764815  0.9236920311226409  -0.37401675492765885  -0.08309331305173229  -0.2446000553407851  0.20799398948804249  0.30737580312773716  0.9285788151731798  0.7004300758597477  0.0  0.0  0.0  1.0
3394309162820;3.736908019221678;0.006476617552751043;0.4409398036659007  0.4417520790875521  0.7812984002062858  7.87864745262805  -0.8599474399261983  0.4572154181875706  0.2268137163752274  9.133639371223854  -0.25702624400526614  -0.771886754643056  0.5814880462220664  8.40452766807906  0.0  0.0  0.0  1.0
3394309162851;3.0196041882655598;0.8413005366293234;0.42952658142687045  -0.47878710482337217  0.7656825870441354  1.1454855187014439  -0.308516253532355  0.7190653358771808  0.6227060012929038  0.9614674752410841  -0.8487194101433683  -0.5036943031191552  0.16114407172217998  9.86307160880199  0.0  0.0  0.0  1.0
3394309162882;1.0159530457947656;0.005377517376309018;0.38301227328221654  0.1896836807134646  -0.9040584603808438  0.04030857329452697  -0.6021105051369299  0.7934808436573821  -0.08860637873495099  -0.5277698525145618  0.7005458858054482  0.5782804267998035  0.4181234385457206  0.994678924924136  0.0  0.0  0.0  1.0
3394309162913;3.707565587024253;0.006832847519956171;-0.8086922929766948  -0.5881281533730347  0.011047646361162677  31.254127527438236  0.5880861632454726  -0.8087673760491523  -0.007070787635724829  -5.113938399607812  0.013093505234128222  0.0007788764951433547  0.9999139730357256  5.169249514640796  0.0  0.0  0.0  1.0
3394309162944;2.7894836947736765;0.0059499966555651256;-0.1537062821151689  -0.2948445238491414  0.9431018426418782  12.736109485167306  0.9673972454148186  -0.2393315666738036  0.08284304893764144  -14.039471019038194  0.20128822221420145  0.9250876217686822  0.3220185455035322  -2.0070684989741436  0.0  0.0  0.0  1.0
3394309162975;2.6130962231388835;0.005523842800568929;0.2681259870006898  0.22911173643707056  0.9357436974522972  4.321875272558845  0.7893300112407633  0.5046269889068348  -0.34972808783607523  -14.279200832113268  -0.5523283339188406  0.8323817719614068  -0.04554116002943254  10.910733541453581  0.0  0.0  0.0  1.0
3394309163006;2.118558382630927;0.007932365183097452;0.18179504719064  -0.8792285874673448  0.4403494655351925  3.4356680120575307  0.6375496456409802  0.446325211326145  0.6279524305850985  1.4596090276440872  -0.7486527968023724  0.1665860039584623  0.6416915872326344  4.724215008536849  0.0  0.0  0.0  1.0
3394309163037;1.6957835337450329;0.011840700517124329;0.40551483188941084  -0.8567054625741982  0.31876868025769534  6.300060900372415  0.91408629255256  0.38081747406802074  -0.139371091737022  -16.101048477001473  -0.0019927080116955986  0.34789912595461114  0.9375298540712178  -2.6485502298923125  0.0  0.0  0.0  1.0
3394309163068;2.3800172959411823;0.009552679971573372;0.8062646740495433  -0.3734293099916402  -0.4587895223508824  1.9494618319671804  -0.20094751815681897  0.5565537724987513  -0.806143903570587  -4.222543577371704  0.5563788011116151  0.7421579675221281  0.37368995292491575  -2.247425371464683  0.0  0.0  0.0  1.0
3394309163099;2.23708937419933;0.0068413917285547205;0.310503369501414  -0.8589729273756668  0.40712794986827744  0.6601476692893056  -0.05042254424553995  -0.4425780885944019  -0.895311232213655  4.792859726306488  0.9492340199129375  0.2574687272889732  -0.1807335882123775  0.1663010518884085  0.0  0.0  0.0  1.0
