# registration_from_features.py RANSAC RANSAC_config.json euclidean True --use_random_keypoints=True --n_keypoints=5000 --input_txt=/i7g4/neural_comparison/point_clouds_registration_benchmark/tum/long_office_household_global.txt --input_pcd_dir=/i7g4/neural_comparison/point_clouds_registration_benchmark/tum/long_office_household/ --input_features_dir=/i7g4/neural_comparison/features/3DSmoothNet/tum/long_office_household/ --output_dir=/root/neural_registration_comparison/results/3DSmoothNet/RANSAC_mutual_on
id;initial_error;final_error;transformation
26456013410030;24.056836472779853;0.0688663250808064;0.17276892743144434  -0.7291941177886102  -0.6621380794794081  10.815318562473873  0.40527511757785917  -0.5600756019262862  0.7225423165456542  -0.6000834184969828  -0.897720990501192  -0.39318094906721895  0.19876057079853743  7.2369697218941385  0.0  0.0  0.0  1.0
26456013410061;16.110941053263648;0.08277045382435037;0.2650142885251144  0.3085119150133747  -0.9135577842546723  0.7301477244991037  -0.7781926175413456  0.6278760102465873  -0.013710060575207683  -1.8102097125844105  0.56937129966453  0.7145572853533906  0.40647780882443824  5.817177623067812  0.0  0.0  0.0  1.0
26456013410092;32.82719740492137;0.20146732116184377;0.6377067305678116  0.6450050223384126  0.42106845874125537  -4.9667249507710265  -0.7394825539120569  0.6656687821787592  0.10025280491013593  -3.5392147004951577  -0.2156285654736278  -0.3753046676912924  0.9014714239291856  -9.185093721335544  0.0  0.0  0.0  1.0
26456013410123;8.030007789245241;0.04909720663276401;-0.4099001752737905  -0.1430071678572548  -0.9008500409346512  -4.179180980978538  0.8268089404620961  0.3588167869759583  -0.43317143183293594  2.2933971683940246  0.38518673689843175  -0.9223879136923345  -0.028839458938081652  3.323176428495833  0.0  0.0  0.0  1.0
26456013410154;21.220771897058373;0.10945801228808676;-0.20663207070744927  0.976764174723231  -0.05687648312261506  4.445462298861742  -0.8287309935042921  -0.2056246436403735  -0.5205030704358599  -6.544481812873686  -0.5201039586087962  -0.0604173228885124  0.8519633908416755  -1.4687072840112747  0.0  0.0  0.0  1.0
26456013410185;19.26200113698659;0.065759180263747;-0.8163303211765653  -0.524395484619949  -0.2421036605216329  5.282695183272246  0.5761730343852858  -0.7686368648415471  -0.27788847484883084  -7.095435178421227  -0.040366337151358234  -0.3663423886431467  0.9296041163356672  5.748292602474302  0.0  0.0  0.0  1.0
26456013410216;50.426729253589905;2.2865742867894734;-0.49842244132549285  -0.02022351637978973  -0.8666983785426005  2.786714173220706  0.4376576774497608  0.8571119899728675  -0.2716887815387915  1.1449461067628783  0.7483520744625607  -0.5147329851777411  -0.418352873322982  15.349211587261859  0.0  0.0  0.0  1.0
26456013410247;16.43598563955728;0.18132812676541674;0.9133214907176924  0.2978674614557324  0.27770277276096766  7.275366184319585  0.07473520682244114  0.5477392401936266  -0.8333044903355048  -7.008468967856499  -0.40032299890765544  0.7818290734924263  0.47800083304064944  8.945802962376735  0.0  0.0  0.0  1.0
26456013410278;4.451095854873883;0.02150154707824346;0.49368418846357454  -0.8459136719776505  0.20175723437425877  -1.6120524307781632  0.8692024899106321  0.4873408716797914  -0.0835817343893906  -3.5260588431123594  -0.027621614620065293  0.2166308711879929  0.975862752672788  -2.0163717926288487  0.0  0.0  0.0  1.0
26456013410309;14.843187227628507;0.19889330826885504;-0.46446798530370065  0.8232441454767201  0.32640246256152206  2.5481481386501375  0.12684486809545453  0.42661359030433776  -0.8954949603462261  1.2615845233750984  -0.8764587098464864  -0.3745262627719811  -0.30257264983518406  -2.427057328704441  0.0  0.0  0.0  1.0
26456013410340;36.61625219677321;0.14299471309308814;0.3970016188140276  -0.8983329395621888  0.18811603960481096  -14.522996097242741  0.9075648294013365  0.41478299582375294  0.06543047309316583  0.4189348482979945  -0.1368056837005118  0.14475149765384096  0.9799649018379205  -6.145888846038003  0.0  0.0  0.0  1.0
26456013410371;16.775870467996327;0.28280390757849666;0.48704131319622535  -0.872734375893782  -0.033548001034160245  -1.5343490683266072  0.1832002391994164  0.06452935911576951  0.9809554700236831  -7.038308294197438  -0.8539487289043609  -0.48391184212147537  0.1913136102247493  0.5696866653642096  0.0  0.0  0.0  1.0
26456013410402;13.98992247418953;0.09948133593153599;-0.518193570589776  -0.2720157410002177  -0.8108531679949967  2.390476461759715  -0.5470118989973729  0.8342158929409315  0.06972679771833357  -3.240916619504522  0.657459813034004  0.47967830950843293  -0.581081159247506  8.904595075449858  0.0  0.0  0.0  1.0
26456013410433;17.58225518951724;0.10853721858077585;0.38149361498423706  -0.9146017474387113  -0.1340382979163581  -4.284392430923486  0.9233798310804603  0.3703418260870072  0.10107729420775896  -1.5180351893055164  -0.042805481892854824  -0.16232860324846235  0.985807849069647  -10.886164303498392  0.0  0.0  0.0  1.0
26456013410464;29.267796526965547;0.18495568617224212;-0.13261108845733033  0.90008784986089  -0.41503754258014086  -0.830443768823101  0.8686310594593405  -0.09614129672502747  -0.48604211093955035  6.516531263695598  -0.47738284611065146  -0.42496907369458115  -0.7690948606267395  10.397147405971676  0.0  0.0  0.0  1.0
26456013410495;22.000074074649238;0.09121795156587244;-0.16000001215156429  0.8856839927755081  0.4358484381671378  -6.115351497569811  -0.8015867623284425  0.14109970564671925  -0.5809901337597865  -1.895564074144114  -0.5760717477635093  -0.44232876687780875  0.6873766095969898  9.320282341673893  0.0  0.0  0.0  1.0
26456013410526;28.53243280520365;0.11581991028082153;0.763291990981954  0.2566699414016578  0.592879311229254  -11.271440086126786  -0.46744871904047947  -0.4140501726223313  0.7810596325626054  5.051297715128664  0.4459563112797258  -0.8733172365940611  -0.19606114530292096  3.1499670055452444  0.0  0.0  0.0  1.0
26456013410557;13.431394888809669;0.022951098154712628;0.9119951393461414  0.11018377651160813  0.3951258042733366  -6.036806032538289  0.40531079157519656  -0.39034303286501104  -0.8266531793481665  5.229530651830157  0.06315083563737181  0.9140524339923749  -0.4006496223271857  -3.8988716911424595  0.0  0.0  0.0  1.0
26456013410588;23.13991134769726;0.05626787375319577;0.21067160493877715  0.5185197270137635  -0.8287066836764934  12.894010024849427  -0.7676504206691425  0.6126224533488484  0.1881663128706273  -0.9502163602547413  0.6052522668433455  0.596515735207723  0.5271040420358968  3.3836789551119315  0.0  0.0  0.0  1.0
26456013410619;11.220211835576826;0.052542179914121426;0.7821722337861916  0.5818571781754096  -0.22282015371072106  1.810385302132889  -0.12031188331730897  -0.20984322844695846  -0.9703045244703333  1.7053312628180193  -0.6113359529968457  0.7857531696917978  -0.0941292138112852  6.516462202201533  0.0  0.0  0.0  1.0
26456013410650;8.379680664534527;0.16914995758142348;0.5217488904005744  -0.8529017395025617  -0.018349880633777828  -1.5278262969933207  0.8501042654791294  0.5215977329038504  -0.07251581099149379  -1.075981387150092  0.0714201174737186  0.022235732123502175  0.9971984451637355  -1.6669371284958445  0.0  0.0  0.0  1.0
26456013410681;3.751139155323144;0.06332104502682147;0.5552879699476443  -0.82660686099104  -0.0915224988402529  -1.1255517185578474  0.7918339265856684  0.5591329153172369  -0.24570188382829072  1.6193280228380278  0.254272104524557  0.063964680655714  0.9650151379586049  -1.193888229929136  0.0  0.0  0.0  1.0
26456013410712;8.36841917267873;0.014961740582963337;-0.5750167150010966  0.8129243150681903  -0.09224876931569831  -3.2283364555369403  -0.8023651533993825  -0.5823683432812999  -0.130603496714977  -3.469556372991381  -0.15989352106865562  -0.001081995705808067  0.987133674436021  8.292938947980408  0.0  0.0  0.0  1.0
26456013410743;2.3847560530595797;0.05066881254258383;0.3995466647894772  0.4129751856067698  -0.8184216265035145  -0.671680995294023  -0.8570284754524584  0.4851487014164605  -0.17358839182835756  -0.198291430498483  0.3253684909748312  0.7707673018408179  0.5477710392981594  -0.3074302421983217  0.0  0.0  0.0  1.0
26456013410774;15.963195035722586;0.06031435581510527;-0.11581249174545422  -0.9849850483428504  0.1280309388262958  -10.208066159475038  0.9280920710309408  -0.1532338967472041  -0.3393589258840368  1.592083569485662  0.3538821476780215  0.07952249636864167  0.9319032128531852  -3.8096011152840985  0.0  0.0  0.0  1.0
26456013410805;5.1512682190192525;0.011439242664520555;0.24788603298383066  -0.6252609454215872  0.7400008545819676  1.505038836153438  -0.1600476162066266  0.7269149370143795  0.6678169171950932  1.9926842200555268  -0.9554775116129717  -0.28397785912969353  0.08012053623135887  0.4595476312646807  0.0  0.0  0.0  1.0
26456013410836;18.642995246390836;0.05566110141573615;-0.34210276264933975  0.030109372815059404  0.939180028246115  -5.121694125909128  0.5471305190674691  -0.8062004635575342  0.2251421943230092  10.380425517647998  0.7639462644012676  0.5908758230189333  0.2593296490551116  9.024121849875371  0.0  0.0  0.0  1.0
26456013410867;29.507135292695715;0.252178998976282;0.01320137885095718  -0.5828421993523051  0.8124781192442065  -8.22964240835689  0.9861153862788781  -0.12692901371988996  -0.10707693691994197  5.995177079869673  0.16553600375898492  0.8026107376121165  0.5730740225566339  -0.264376671043412  0.0  0.0  0.0  1.0
26456013410898;5.642843118076654;0.043716694811439534;-0.992678681016196  0.06709644926426223  0.1004345695070819  0.46640002817369886  -0.07307266855834008  -0.9956933402161219  -0.05705398635524883  1.4646201841706796  0.09617391208486625  -0.06397529793123471  0.9933064682608796  2.8217515317452335  0.0  0.0  0.0  1.0
26456013410929;7.924184270643275;0.04335773983876728;-0.9458030094162444  0.1777533590787061  0.2717727188578948  0.539920862367099  -0.26192053599490417  0.07718340484090347  -0.9619981054250094  3.408100226343532  -0.19197473845096857  -0.9810435593557516  -0.026443041490729735  3.363333592883064  0.0  0.0  0.0  1.0
26456013410960;5.477806233433959;0.07670378596523017;0.8829373182107431  0.4482521077297563  -0.13961282185620616  3.696511651821975  -0.05386009216994426  0.39211596005500776  0.9183377180218533  2.1605042628047677  0.46639123338916544  -0.803315082508707  0.37035671403629566  -0.44076994885502235  0.0  0.0  0.0  1.0
26456013410991;10.096749814870382;0.03535708825819609;-0.34943606302538577  -0.16888048213345191  -0.9216147897097196  -9.136490146079513  -0.9168265728175502  -0.14118412158196303  0.37349173911715206  1.1210296286555397  -0.19319283949707836  0.9754724119971315  -0.1054992900428896  5.158492676687421  0.0  0.0  0.0  1.0
26456013411022;35.36518793250331;0.0458384360872746;-0.014211109855385262  -0.7228060985371849  0.6909047606393602  -12.10848329427887  0.31063132598206106  0.6535938578062208  0.6901617552114928  -3.5659648454921866  -0.9504242335269572  0.2244246264460191  0.2152379227024367  2.1755995750749237  0.0  0.0  0.0  1.0
26456013411053;24.5254343392253;0.0759062869726787;-0.03578259012183854  0.3623053017806923  -0.931372360844885  -10.638154155794638  -0.9944177384702101  0.07966013516660442  0.06919266060089303  -8.496530372390952  0.09926211593535911  0.9286490893587525  0.3574323728668063  -4.35157430839896  0.0  0.0  0.0  1.0
26456013411084;24.922393186294816;0.14048364681652425;-0.14487464968458208  -0.9292936820591255  0.33974194378051636  -9.810304513059942  -0.4820440235681709  -0.23357053012696716  -0.8444396762341391  1.6121041492536234  0.8640861619196202  -0.2861084758290143  -0.4141220168474744  -2.547657568441081  0.0  0.0  0.0  1.0
26456013411115;40.938989354120714;0.10844809380017327;0.9988332485946608  0.04806243151931791  0.004705760118017353  0.8112177158641141  -0.015362103910219353  0.40860544727742154  -0.9125818287795737  15.283762464036894  -0.04578370086929488  0.911444782272448  0.4088670463647587  2.0874085607616104  0.0  0.0  0.0  1.0
26456013411146;41.67514629420138;0.2158297540923389;0.6754343842937209  0.7315801215917039  0.09262244979285128  -1.0269047990983005  0.17272006412377242  -0.2790582486401059  0.9446132930014248  12.072533948465914  0.7169073663750716  -0.6220265424865598  -0.31484410186531064  -2.054861312006603  0.0  0.0  0.0  1.0
26456013411177;4.1746707975987976;0.12924499554402147;-0.5013562599008442  0.6654903204140665  0.5529597942829291  -2.1529112711886995  0.38548000916617076  0.7439500055096886  -0.5458420575911894  2.3424661947549197  -0.7746270478052557  -0.06050638592179258  -0.6295172071287627  0.4701773703927097  0.0  0.0  0.0  1.0
26456013411208;35.325158197734496;0.10133825433851278;-0.6015476590049567  -0.5082213582354652  -0.6163209107104473  -9.998719705209998  -0.18727503036617937  -0.6603024935886594  0.7272748311071585  -10.547710102356652  -0.7765748366686908  0.5529119893743465  0.30202624895710584  4.621514560138291  0.0  0.0  0.0  1.0
26456013411239;38.287446358366964;0.079567625056201;0.3050918267966549  -0.26485444913154577  -0.9147519324915936  1.552454128833101  0.4369942347857775  0.8923847135637744  -0.11263019915499661  -13.026778836938364  0.8461412506111925  -0.3653787675453059  0.3879991497944303  1.8240977160459777  0.0  0.0  0.0  1.0
26456013411270;39.86833487442807;0.14185817653747457;-0.36443433767402095  -0.9278117886364616  0.07970507130232085  10.07598144096943  0.9198483672798305  -0.3719999483782894  -0.12447899268221951  -0.2874345811903952  0.14514335925810606  0.027952160448887903  0.9890157137222404  9.302965102086132  0.0  0.0  0.0  1.0
26456013411301;37.42145376735778;0.14864458336737973;0.5144135023665715  -0.0934247199195096  0.8524380155125174  11.835417373072508  -0.8567457826140886  -0.013157081017176109  0.5155710961565636  -3.4869510028522748  -0.03695148922480243  -0.9955394080231422  -0.08680941490990873  -3.5947598791375235  0.0  0.0  0.0  1.0
26456013411332;43.158266358040244;0.19402636135011092;0.9247053589992413  -0.3208508512897729  0.2048773542017578  -7.923507958540966  0.34085360263854214  0.45816186606986625  -0.8209180994762542  -10.55677429895104  0.1695252801396044  0.8289405501638865  0.5330279014156604  -5.871713369306905  0.0  0.0  0.0  1.0
26456013411363;34.12568423335386;0.1003129723303247;-0.5091845523940909  -0.801062571208821  0.3146900834337517  -1.4041780448838157  -0.8541709208823587  0.5151610914921069  -0.07071836912461166  10.811091068492921  -0.10546624826081749  -0.30480781948790986  -0.9465564239160881  -5.610278475258168  0.0  0.0  0.0  1.0
26456013411394;6.137811103386027;0.045567899865392336;-0.3886369641524199  -0.8617898711127177  0.3260054112156989  -1.3517092334703322  0.9122157589822006  -0.31007002375258724  0.26780401310398316  1.862377074462267  -0.1297062803372264  0.4014658122649999  0.9066429740661344  3.678979636232814  0.0  0.0  0.0  1.0
26456013411425;9.98424384019515;0.034794290548784544;0.8627281720696119  -0.11896109371557245  -0.4914756955327709  7.592388280949183  0.43814883877366656  0.6610696078483758  0.6091080106684544  2.8953456674901163  0.2524394901728209  -0.7408341459201173  0.6224460394605279  1.5260249888949895  0.0  0.0  0.0  1.0
26456013411456;3.553039626498096;0.08312155521921;0.7242609308768886  0.6867243296672002  0.06209508071076664  -0.4830724803969928  -0.4339184726201638  0.38393806188263724  0.8150498903483074  -3.655597333329602  0.535873924654229  -0.6172529948740126  0.5760537103384845  -0.17542263145595072  0.0  0.0  0.0  1.0
26456013411487;8.907789434141892;0.14518711644194657;-0.4919626631063041  0.03159908880976648  -0.8700426631468978  1.5756657158421645  0.7602251910426683  -0.47144290726619686  -0.44698908721861974  -1.2719313988845422  -0.42429989042361527  -0.8813302915336505  0.20790988483407785  0.3169764084006122  0.0  0.0  0.0  1.0
26456013411518;13.190832874792818;0.06524180377932748;-0.574425668691108  0.8184379454759098  0.013945628488713141  1.4299644439785524  -0.6347896723631963  -0.43464548822105253  -0.6388469076626331  -9.093773294191092  -0.5167951460780179  -0.3758226030646037  0.7692074804732116  0.9674705518521627  0.0  0.0  0.0  1.0
26456013411549;11.678534346863168;0.15762420041527936;-0.13025436425477147  0.9821151236104892  -0.13595471513756574  2.9576145343739357  -0.977021278132006  -0.1504752093776917  -0.15095242111354268  -2.5556809988434463  -0.16871046994743927  0.11316843790691386  0.9791474260762895  0.9657309695872541  0.0  0.0  0.0  1.0
26456013411580;28.01403905500884;0.21016632123006734;0.5597598778073503  -0.8268722438937479  -0.05432468568909288  -1.6094664252369384  0.7458303470021637  0.47415852387625246  0.467879031081887  6.88894404448271  -0.36111767152513136  -0.30241690844529817  0.8821213299760162  7.116915210637681  0.0  0.0  0.0  1.0
26456013411611;4.839169248689441;0.08421302626448883;-0.8991387781021566  -0.3582769197649954  -0.2513704566504729  -1.8658092322947453  0.22238774839408496  -0.8686782480701436  0.4426531268318277  2.1644190140717474  -0.37695244670537614  0.34210488171537756  0.8607386960218171  -1.3278175529068763  0.0  0.0  0.0  1.0
26456013411642;15.458613024673555;0.0413965660982127;-0.08104639330742626  0.8748599188637881  -0.4775474892589253  -3.2037047109802033  -0.9950764562157819  -0.09844429258420226  -0.011470289561975155  -3.860088009140373  -0.05704672135099076  0.47426663768732624  0.8785310626038563  4.03333131546678  0.0  0.0  0.0  1.0
26456013411673;20.589511477104207;0.07823919836790133;0.17861744881719913  0.9733516121233267  -0.1438139289323412  3.821501345991191  -0.9826003584910417  0.16889880875822497  -0.0772640142196157  -2.692095001046138  -0.05091505152026998  0.15511231923020752  0.9865839173388724  -6.956658909689001  0.0  0.0  0.0  1.0
26456013411704;7.41267435151194;0.03660709859877809;0.49188544233919373  -0.0003554215663015281  -0.8706598562528792  2.967472456991493  0.38354109608113385  -0.8976554032461521  0.21705069601332455  -4.947588151011084  -0.7816296688532598  -0.44069791319961626  -0.4414073063167911  4.172969026598931  0.0  0.0  0.0  1.0
26456013411735;21.757255182572877;0.08006026286522447;-0.39027514056594625  -0.4163963237105225  -0.8211573638813655  3.3597228059852675  0.8358797459709381  0.2136673267019405  -0.5056197422723988  12.058683234768774  0.3859927006198325  -0.8837196247115984  0.2646682073234342  4.3814600178921514  0.0  0.0  0.0  1.0
26456013411766;12.304723833976745;0.025672783556030372;-0.9780003191799806  0.06280039078517022  -0.1989258319100004  0.017300710690154264  0.09540896232477421  -0.7133581302073487  -0.6942746632098749  -1.5162367381560993  -0.18550607966308175  -0.697980149419957  0.6916727589140178  7.332601065582139  0.0  0.0  0.0  1.0
26456013411797;8.573971267035956;0.062041518988633346;-0.7241130566559436  0.5160259164042397  0.4575779002307151  0.10406073196994259  0.06480299112743532  0.7114344342023624  -0.6997582569517142  3.657319465364669  -0.686630070359086  -0.47705167375278  -0.548598985642835  0.4739694174464497  0.0  0.0  0.0  1.0
26456013411828;17.226941609016762;0.19240372986857704;-0.5876529275497041  0.8089040694438426  -0.018391388730996  0.3137535095010282  -0.6389646092800716  -0.4779000110262118  -0.6027734296970242  -5.235374883612971  -0.4963751251118751  -0.342470124096013  0.7977004132328332  4.191518079640735  0.0  0.0  0.0  1.0
26456013411859;33.57411777214782;0.12624208475824855;0.3256780565295144  0.5849791623311553  0.7427874414215  2.767783011256577  -0.9035348194913202  0.4239668561485275  0.06226503717433607  -5.567541614062577  -0.27849350703732045  -0.6914126731018706  0.666625743586445  -8.00414064713104  0.0  0.0  0.0  1.0
26456013411890;15.597182184778172;0.08408249877843871;0.9044337856853554  0.3232754463477354  0.27837477094652363  -6.157357362542388  0.41837834988544714  -0.7997180923365979  -0.43059322932048455  3.5081375681479465  0.08342112237309877  0.5059090418031539  -0.8585435095345068  8.100902944183355  0.0  0.0  0.0  1.0
26456013411921;20.61504111605992;0.11029233749291154;0.30575110232630653  -0.9506035700615372  0.053564129905285376  -4.469286834031695  0.6390562400685841  0.24659777112469278  0.7285579327038714  -5.8222397486639315  -0.7057785668718295  -0.1885268995729666  0.6828866836318828  -5.76907869451144  0.0  0.0  0.0  1.0
26456013411952;12.058834581084366;0.18319519073500692;-0.6072917352785793  -0.5436465355177652  -0.5793489386215034  1.2541360972345408  0.7841114843269862  -0.5275562154682379  -0.3268847192319648  2.949803276286763  -0.1279293883705454  -0.6527885445842028  0.746660021462765  -1.9443985661485501  0.0  0.0  0.0  1.0
26456013411983;10.451393430494422;0.03316627397177847;0.5818640311029921  -0.7722846652790017  -0.25497185155125474  1.0058873625040903  0.7219974067992401  0.6348239623625147  -0.27516955025134604  2.0462447348836617  0.37437146510350905  -0.023977751880761136  0.9269687554232866  -5.122962105395141  0.0  0.0  0.0  1.0
26456013412014;47.38630036713764;0.10576702727670037;-0.6251539357584623  -0.7699881453073009  -0.12767463605559032  11.772778818189112  -0.2794330832921085  0.37353850319590615  -0.8845259400334331  -0.022416897245295164  0.7287658804908279  -0.5172883554811434  -0.4486792269718363  6.244247662895841  0.0  0.0  0.0  1.0
26456013412045;9.223414713956423;0.0323543950526597;0.4042150231101898  0.14022366768694425  -0.9038515022460549  -5.786957350473446  -0.9080479944924769  0.18016027804756185  -0.37814165852497017  -2.089411795868454  0.10981372769476044  0.9735910831731388  0.20015331117804308  3.05679022165104  0.0  0.0  0.0  1.0
26456013412076;30.520242091779032;0.10450337394536259;0.44694422197893335  -0.8939581249387478  0.03285929542222882  1.2867099913884346  0.7578494415902887  0.3588675199255609  -0.5448654210204248  -6.76039841519578  0.47529473626470364  0.2684268503679841  0.8378794302765706  -6.230556199066406  0.0  0.0  0.0  1.0
26456013412107;33.69151947690923;0.15380296701825166;0.4856963878657661  0.6694882536290874  0.5620360282640446  4.599342529441021  0.34455812175283795  -0.7375399475910626  0.5807878497709204  1.6990739682248186  0.8033546661022788  -0.08843248249397706  -0.5888981036577114  -9.6436182929102  0.0  0.0  0.0  1.0
26456013412138;28.73843283987377;0.1152230904942336;-0.0912399251627012  0.14644876755874553  -0.9850015403728204  0.8676500482313756  -0.8822395768902772  -0.47065421097732196  0.011744899223914222  9.737249020421183  -0.46187509677917243  0.8700789459410211  0.1721453537142111  3.1307947860811787  0.0  0.0  0.0  1.0
26456013412169;6.10829587109351;0.0819617414338542;0.6671528241110086  -0.2844846164746166  0.6884588675222332  2.0074235084827734  -0.7042602826985033  0.06028803184258541  0.7073774151257392  -0.05718534490474397  -0.24274382277234222  -0.9567830768809815  -0.16012988571791348  -0.11317809531915735  0.0  0.0  0.0  1.0
26456013412200;27.398770435044117;0.1904507555307944;0.9533109659731577  0.1310268303899773  -0.27208486152904643  1.952480079443561  -0.3009308490226423  0.487575557843819  -0.8195795870443578  6.272272919235866  0.02527501259813432  0.8631929362032826  0.504241141346994  -6.916585637360987  0.0  0.0  0.0  1.0
26456013412231;11.304933685245452;0.15450577253645445;0.537496277670529  0.7910830798109512  0.29203649143068827  -0.2774333704456984  -0.7720187921052973  0.6009532616239005  -0.20698348238416173  2.0896492800923134  -0.3392414127529305  -0.11420480804421836  0.9337411449073982  -3.578318489590777  0.0  0.0  0.0  1.0
26456013412262;22.777914718070324;0.06303334201004303;-0.9643226956979902  0.08394005458243657  -0.25106932468634957  -4.304955647986835  -0.12614482597928176  -0.9795050099157266  0.15702680799356988  4.529693062117799  -0.23274282253255146  0.18309561105250538  0.9551475151896129  6.7557909718559275  0.0  0.0  0.0  1.0
26456013412293;30.28145528198315;0.022029038405817443;-0.21525050513346  0.5849447904285674  0.7819890102746139  5.165430552297432  0.07643057731299616  -0.7882125680109897  0.6106384482499645  5.121084177924091  0.9735633450841257  0.19120810594742366  0.12495548538822254  1.5361542302659625  0.0  0.0  0.0  1.0
26456013412324;27.91236336482207;0.03764690836246228;0.5223494786781578  -0.7615877174467606  0.38358202611552317  -7.005235497626471  0.7602180449839376  0.6196784176641029  0.1951081309482341  -5.7830799047755725  -0.3862894590918273  0.18969134749784095  0.902661424056105  -7.663874932979456  0.0  0.0  0.0  1.0
26456013412355;17.58982192427501;0.033324064521348624;-0.7016623258866558  -0.6653405275104632  -0.25493521310997314  -6.117737732789332  0.09297518640314517  0.26924132142116414  -0.9585743192641283  -1.3078736745733957  0.7064174368916933  -0.6962981353497109  -0.12705633224631835  -2.7395006827188992  0.0  0.0  0.0  1.0
26456013412386;20.348425974718353;0.13157838947557057;-0.5654550817410446  0.2452406470954393  0.7874754444079128  -2.4329981266329863  -0.8238775059990656  -0.12331883240536645  -0.5531892268319553  6.055393798130787  -0.038553931602213654  -0.9615869646508252  0.2717795131565741  -2.8022758234866596  0.0  0.0  0.0  1.0
26456013412417;25.453268783191263;0.06803478677481825;0.24859788116620168  0.7401804114527347  0.6247655976294917  -4.424280026238483  0.5959646947103738  0.391585018086983  -0.7010615210297799  10.723180935847681  -0.7635608529373715  0.546620647351962  -0.3437741871491751  -3.770617606720631  0.0  0.0  0.0  1.0
26456013412448;11.55255178167472;0.048366736992515244;-0.9766783629624367  -0.026783748941256347  -0.2130305285954721  0.8300379954322452  -0.2122687354074636  -0.02867187352108283  0.9767906160673878  -11.011852288834847  -0.03227009900094305  0.9992299807659113  0.022317845976405667  1.4036202392754293  0.0  0.0  0.0  1.0
26456013412479;15.024610821793486;0.011152897792330432;0.9227168304630877  -0.2023126581446048  -0.32812076913023736  -3.54997528735503  -0.05560968994971521  -0.9121620637969963  0.4060393229150369  -3.4411066329324145  -0.3814462126746718  -0.3564126228461464  -0.8529178325677569  1.7464585402365809  0.0  0.0  0.0  1.0
26456013412510;44.598779289077456;0.011536898343295876;-0.9358486332451534  0.2807052856582024  0.21305369805926064  2.78026574893448  -0.33350024256085786  -0.9008068115622879  -0.2780731494676082  -3.9324069118213014  0.11386361958513593  -0.3312878368526873  0.9366341042736159  13.657743059721183  0.0  0.0  0.0  1.0
26456013412541;25.55960109614438;0.47288274010239995;0.7113960608046738  0.10019380592637411  0.6956125688381292  3.879530351256399  -0.1164571453922155  0.9929077365660118  -0.023915684277381805  0.4835136937480706  -0.6930753046810205  -0.063995530479457  0.7180189371597125  4.614822089192826  0.0  0.0  0.0  1.0
26456013412572;11.855425981755449;0.02852711182417374;0.6001029514659558  0.6339352484364521  0.4878550485868337  -5.457978867188691  -0.7310620077976793  0.6821908367216382  0.012806367473103653  -8.94764341614881  -0.3246918360486971  -0.36433743025229237  0.8728307101153588  3.4356327866182945  0.0  0.0  0.0  1.0
26456013412603;9.681681139268411;0.03577927000218393;0.6239389325555832  -0.5331289915776266  0.5713787594764286  -2.412833538985601  0.24143881378960375  0.8268941602213497  0.5078910778776271  -0.27897779248314714  -0.7432412176657512  -0.17894000707290725  0.6446494909883042  -9.533870154641539  0.0  0.0  0.0  1.0
26456013412634;52.58463844912728;0.2321149342207155;-0.21889016971152184  0.9357107426141167  0.27664507904569546  -8.980815496060725  -0.9712009003639519  -0.23627378759184597  0.03071658231724561  -10.601296251516425  0.09410581669540957  -0.26195439193405634  0.9604811251714156  -8.698901142777583  0.0  0.0  0.0  1.0
26456013412665;17.137251027096553;0.19196938957439985;0.624977867348597  -0.759976424068832  0.17843346150302444  -2.3325137562284493  0.7619306360970723  0.6435941554590345  0.07244493657726736  -1.4630932772542293  -0.16989517680355576  0.09067743886173746  0.9812814229263519  -5.146375017402211  0.0  0.0  0.0  1.0
26456013412696;25.9043647789081;0.09889245375488469;-0.6489611500324993  -0.051646542250189914  -0.7590665717986108  -5.2521987700084125  0.6712722454953606  0.4307351714622886  -0.6032087403983548  -4.488818977195312  0.35811031565163376  -0.9009993600102899  -0.24486150184325667  9.61841510482006  0.0  0.0  0.0  1.0
26456013412727;23.252492129236515;0.1664111441121723;0.5750400686624215  0.45903508985887703  -0.6772117140975714  5.170894407928535  0.4203723929804345  0.5443495891638948  0.7259273903063602  -6.511878614913497  0.7018660631862901  -0.7021184451752798  0.12005714594320219  -0.11760345254585436  0.0  0.0  0.0  1.0
26456013412758;14.13602399426325;0.05764376067223048;0.5709384319717128  0.06883043138260175  -0.8181024866197195  5.527107112554441  0.658322632577087  -0.63378845702172  0.4061077482427561  -2.0500902609537004  -0.4905513411809782  -0.7704379037026368  -0.4071668186429628  7.166298225543573  0.0  0.0  0.0  1.0
26456013412789;4.621604133291701;0.11149849478564018;-0.4074927726875508  0.9092770375928325  0.08464578615509682  -2.981109423712901  -0.8501991473068542  -0.4115767602653013  0.32827729182539755  0.6591305715490623  0.33333324185581953  0.06180484864410979  0.9407811172413958  -0.04184938344907141  0.0  0.0  0.0  1.0
26456013412820;35.801682263906;0.01183625094164266;0.4752346337041897  0.4547894200505517  -0.7532055671183845  8.00598499576735  0.6371088446082214  0.41254091350336036  0.6510778101024405  -7.550259055389907  0.6068314123791068  -0.7892886532162339  -0.09369663203168892  1.9231990734894482  0.0  0.0  0.0  1.0
26456013412851;14.022145789999549;0.04255761353258412;0.07908943917723216  0.8649467436077724  -0.49559256585721945  -3.142287864969986  -0.42035701976534445  0.47972535553926515  0.7701711233139845  -6.986508783698446  0.9039053249896415  0.1474134117881986  0.4015276447274012  -8.77510084579152  0.0  0.0  0.0  1.0
26456013412882;2.3936762370407902;0.04389841649132962;0.3599839687856804  0.45310057769533907  0.8155436277167893  -1.9362662102355161  -0.5755622400545105  0.7958321280420599  -0.18809394407976315  0.4741884080645032  -0.7342612954805291  -0.4016853127364719  0.547274391408056  -1.7877682741598628  0.0  0.0  0.0  1.0
26456013412913;12.272824290791716;0.022307354227407997;0.5453586448128558  0.8192412044278088  0.17727886928666564  0.1763990438644469  0.6422319857426142  -0.5443111227454268  0.5396883157385488  -2.1355150771228195  0.5386297661817289  -0.18046952824032703  -0.8229876817788528  15.595016619710966  0.0  0.0  0.0  1.0
26456013412944;7.817464008253767;0.0469514576355564;0.30058224453183785  0.7401340925261245  -0.6015412199947173  -7.833825288500413  0.01355058855579705  -0.6339581104506823  -0.7732486635899163  2.306618725697886  -0.9536596331092102  0.22427358131160044  -0.20058580434236875  1.6941390723073373  0.0  0.0  0.0  1.0
26456013412975;18.958736180574377;0.09765288907580226;-0.3587254274169336  0.9309749880266281  -0.0678353845228065  3.826481166100826  -0.9160005073761355  -0.3650745918360432  -0.16632381934770876  -5.335053956718811  -0.17960829104248108  0.002472663455822463  0.983735100382331  7.226463210135034  0.0  0.0  0.0  1.0
26456013413006;18.3212344447247;0.12262195114298666;-0.49419517290479714  0.7138626364907446  0.49615649476760826  -6.295993303625378  0.6651498741957406  -0.0569999229999599  0.7445311636428579  5.13392980128725  0.5597738614252965  0.6979621372255671  -0.4466565560523337  5.103599050613159  0.0  0.0  0.0  1.0
26456013413037;17.624013468308494;0.06567613778704973;0.10665634133727464  0.11521824923814107  0.9875976811916095  -9.50981188911215  0.48396426397105335  -0.8736774643687344  0.049661649722655465  -4.231336849566788  0.8685637662552492  0.4726652550132243  -0.14894475704696675  1.2373473771487098  0.0  0.0  0.0  1.0
26456013413068;25.751269723182936;0.17486440197637404;-0.9798236980168752  -0.002937171313371484  -0.19984217229907064  -2.099016096969621  0.04185915559942156  -0.9807320163064677  -0.19082065738266663  -5.101746578585898  -0.19543114362106906  -0.1953358267602886  0.9610674184919782  -8.884077596577203  0.0  0.0  0.0  1.0
26456013413099;16.675295180356358;0.029044620005069813;0.5511087854394766  0.5226383554808814  0.6504830943165743  10.182884119695064  0.29608042884970337  0.6063465553853138  -0.7380245486598261  1.7974605523486145  -0.7801381199913261  0.5993271261611682  0.17941992526972755  2.9572289246450647  0.0  0.0  0.0  1.0
