# registration_from_features.py RANSAC RANSAC_config.json euclidean True --use_random_keypoints=False --n_keypoints=5000 --input_txt=/i7g4/neural_comparison/point_clouds_registration_benchmark/tum/long_office_household_global.txt --input_pcd_dir=/i7g4/neural_comparison/point_clouds_registration_benchmark/tum/long_office_household/ --input_features_dir=/i7g4/neural_comparison/features/3DSmoothNet/tum/long_office_household/ --output_dir=/root/neural_registration_comparison/results/3DSmoothNet/RANSAC_mutual_on
id;initial_error;final_error;transformation
26456013410030;24.056836472779853;0.07481089105402836;0.16663400648272697  -0.7354262284034374  -0.6567962929705158  10.870234935881987  0.4039012109862061  -0.5567493597145081  0.7258746188022848  -0.6530777773677744  -0.8994981487737435  -0.38623621403718866  0.20426616782724466  7.129914169605094  0.0  0.0  0.0  1.0
26456013410061;16.110941053263648;0.11439369979685748;0.3102723540366472  0.3105959506417152  -0.8984771681937868  0.938137767879691  -0.8296624218234626  0.5498756554549868  -0.09642110428725849  -2.309272279854133  0.4641027172238742  0.7753495463227648  0.4283010026634294  5.531392712352742  0.0  0.0  0.0  1.0
26456013410092;32.82719740492137;0.1958903582399972;0.6480644048128459  0.6351857279974386  0.42018045904460477  -4.926104720317489  -0.7350169279931407  0.6661057571221131  0.12670136499778453  -3.832590353206281  -0.1994057240354366  -0.3909503949059776  0.898551693529517  -9.107022684114195  0.0  0.0  0.0  1.0
26456013410123;8.030007789245241;0.06378498438567327;-0.40322009393710123  -0.16210762197095738  -0.9006301542499435  -4.126545991097819  0.8264862981124237  0.3579981265143433  -0.4344625880839935  2.284179217637913  0.39285360489344734  -0.9195425277338412  -0.010372309823834906  3.3789351125291547  0.0  0.0  0.0  1.0
26456013410154;21.220771897058373;0.12107588956833777;-0.24120143009653797  0.9678083688596448  -0.07189458452914216  4.1671211209118955  -0.7993484340026096  -0.24013363836831472  -0.5507975279370548  -6.656937571354235  -0.5503307652466471  -0.07538432787541766  0.8315366810512997  -1.7763642065512246  0.0  0.0  0.0  1.0
26456013410185;19.26200113698659;0.05591164873909475;-0.8130468041295412  -0.5232690707073938  -0.25523395921342484  5.176787090475232  0.5797268560580305  -0.7680011718833696  -0.27219656932232345  -7.107491916374127  -0.0535879339013097  -0.3692745315165826  0.9277740316011206  5.85812464700576  0.0  0.0  0.0  1.0
26456013410216;50.426729253589905;2.1965491219133417;-0.7429122064276759  -0.6668685901321231  0.05803220688510974  -3.854400842000474  0.47719099702608436  -0.4668121165757875  0.7445637650163242  -0.6033672798208269  -0.46943605091429974  0.5808379561575047  0.6650241069230189  -14.181430434189682  0.0  0.0  0.0  1.0
26456013410247;16.43598563955728;0.2245923703491399;0.9043323038690938  0.38602936242877556  0.1821109978053237  6.622432948607711  -0.055592618631519125  0.5295522746405931  -0.8464536899185123  -7.869441447349527  -0.423193271369605  0.7553513882729069  0.5003516116709178  8.990878430070733  0.0  0.0  0.0  1.0
26456013410278;4.451095854873883;0.026570088864967083;0.49415633808166787  -0.8454079433042968  0.20271882727490995  -1.6094581603741438  0.8685181563375113  0.49040024774563445  -0.0719986744538455  -3.553337473612153  -0.03854511182765927  0.21164358343455358  0.9765865388920607  -1.9944289301550557  0.0  0.0  0.0  1.0
26456013410309;14.843187227628507;0.21891759602680552;-0.46587769550215535  0.8222901203328358  0.3267979969899003  2.535972736924423  0.13787299303556924  0.432274030375027  -0.8911398321558432  1.3132537996231348  -0.874041767094122  -0.3701055534119155  -0.31475842913041285  -2.4254549889996038  0.0  0.0  0.0  1.0
26456013410340;36.61625219677321;0.1502000717115844;0.3971179663336818  -0.8996793023205156  0.1813131925455793  -14.474094690449629  0.9079768414906798  0.4139182712333778  0.06518987694251938  0.4090347972553101  -0.13369882621627688  0.13874010853117025  0.9812623533760729  -6.247353410043392  0.0  0.0  0.0  1.0
26456013410371;16.775870467996327;0.28620408604787784;0.4900254660387152  -0.8714607954684788  -0.02076354003986236  -1.622007957138356  0.1875759841062974  0.08215341419589156  0.978808493384949  -7.0259992890906675  -0.8512874325514828  -0.4835358295901197  0.2037223813980702  0.48112124688518376  0.0  0.0  0.0  1.0
26456013410402;13.98992247418953;0.11152045748415412;-0.4946875376844077  -0.264880180450655  -0.8277214084848635  2.61674266570825  -0.5769028636114276  0.8123979661998983  0.08480937725984906  -3.48942495441682  0.649974865680722  0.5194689928366246  -0.5546932841351429  8.650990444683032  0.0  0.0  0.0  1.0
26456013410433;17.58225518951724;0.0966089422537038;0.3860738790679395  -0.9114582756446115  -0.14209423514128044  -4.187160374132669  0.9210277169376994  0.3722666132291448  0.11456663260928951  -1.6722378912870894  -0.05152576572904227  -0.17510391324540234  0.9832007501177886  -10.901571812194428  0.0  0.0  0.0  1.0
26456013410464;29.267796526965547;0.20707665373199957;-0.15023354792282018  0.8964402393812381  -0.4169229884482624  -0.8162303009869271  0.8547230896279266  -0.0941711890619586  -0.5104705938715255  6.733489988228711  -0.496868514936711  -0.4330435132509959  -0.7520604992258415  10.256511062764488  0.0  0.0  0.0  1.0
26456013410495;22.000074074649238;0.07116868345410522;-0.16447309591384834  0.8820592541936239  0.44149753432143013  -6.042062280899836  -0.795592510673781  0.14595566345047756  -0.587987671015746  -1.9776356887823432  -0.5830790321048291  -0.4479602843982035  0.677753956773088  9.352716844391265  0.0  0.0  0.0  1.0
26456013410526;28.53243280520365;0.15055313479764756;0.7809817506640941  0.24736467685709054  0.5734790508580353  -11.323279218643949  -0.429869856359467  -0.4532168838277384  0.7809009942412451  4.943273047874797  0.45307771046823436  -0.8563907827953667  -0.2476194972533493  3.128678337167031  0.0  0.0  0.0  1.0
26456013410557;13.431394888809669;0.017836716023502452;0.9142427418212669  0.09721772667382594  0.3933305513782349  -5.947401383124349  0.3994379551010018  -0.3789400526327644  -0.8347776689247316  5.193716578381148  0.06789351259040494  0.9203005759701837  -0.3852756426470344  -4.01312010723617  0.0  0.0  0.0  1.0
26456013410588;23.13991134769726;0.05334866863014462;0.20780862669290873  0.5205502307117521  -0.8281564055043882  12.887360790174123  -0.7692883041538526  0.6098958208782326  0.19032233911802232  -1.0014749866748207  0.6041614682881522  0.5975404128435224  0.5271948171735903  3.386266939333613  0.0  0.0  0.0  1.0
26456013410619;11.220211835576826;0.06848536596216014;0.7796635190338289  0.5842808014163502  -0.2252570580116296  1.828673450878457  -0.1238287705914641  -0.20876264210913578  -0.9700951473094896  1.7171679900733954  -0.6138332287043393  0.7842411009095873  -0.09041384287002674  6.492433992823525  0.0  0.0  0.0  1.0
26456013410650;8.379680664534527;0.1757127873485018;0.5239910467979048  -0.8516460124596913  -0.011508793904826238  -1.5484578349594291  0.8493638085079285  0.5234966526182158  -0.06732291953288404  -1.0869999635669036  0.06336011105217484  0.025501454057190842  0.9976648596439716  -1.6583963447566505  0.0  0.0  0.0  1.0
26456013410681;3.751139155323144;0.05452108014714164;0.5749179559119674  -0.8109259249070737  -0.10894259168760823  -1.0624558010680238  0.7697036494568944  0.5811818544389421  -0.26416650825502297  1.660244888013637  0.2775349275005651  0.06802055854313535  0.9583045276073449  -1.1475487053873705  0.0  0.0  0.0  1.0
26456013410712;8.36841917267873;0.02251228984467207;-0.5792862983610424  0.8096866031789924  -0.09399462305699047  -3.257302977449472  -0.798638060265773  -0.5868585230998985  -0.13332037563676416  -3.4892184651305027  -0.16310926775043597  -0.002162983465077567  0.9866056396942224  8.28584410752664  0.0  0.0  0.0  1.0
26456013410743;2.3847560530595797;0.04718517319344201;0.3965631433574297  0.410432352352652  -0.8211473421212199  -0.6718343072945667  -0.8561341238189925  0.4881801573493172  -0.16945352166031757  -0.2101864483998811  0.3313186311742254  0.7702112814758464  0.5449794000915752  -0.3148338060369358  0.0  0.0  0.0  1.0
26456013410774;15.963195035722586;0.07223636150776097;-0.11324328755942045  -0.9838226824290675  0.13881241789122856  -10.251752058047352  0.929092473740149  -0.15436462198826745  -0.33609334822014825  1.562874037700072  0.3520839858075696  0.09090925704511008  0.9315430070165097  -3.7140261365427287  0.0  0.0  0.0  1.0
26456013410805;5.1512682190192525;0.029534675834225928;0.25067743508622536  -0.6226795420924617  0.741236137407043  1.5123743379789136  -0.16667532434804078  0.7264886647172661  0.6666585005014187  1.9774915136541509  -0.9536142615292977  -0.29066201660493274  0.07832900044739022  0.4697047457351107  0.0  0.0  0.0  1.0
26456013410836;18.642995246390836;0.04947585752880437;-0.3430655878233215  0.024182269172354748  0.9390001173104914  -5.108641614869239  0.5565960722098217  -0.8000276080157743  0.22395677889530052  10.487341746002272  0.7566418008886635  0.5994756410983146  0.2610021855803641  8.905664393077931  0.0  0.0  0.0  1.0
26456013410867;29.507135292695715;0.2619140162995934;0.03284980130831433  -0.5697156910722607  0.8211850716495397  -8.13829029198128  0.9770903943813882  -0.15455454691885967  -0.1463121773275552  6.157170533368701  0.2102742299037812  0.8071783714723544  0.5515866431174797  0.1699042038631693  0.0  0.0  0.0  1.0
26456013410898;5.642843118076654;0.043694357681356044;-0.992995382220776  0.06487917317334194  0.0987464620964188  0.46842818576748413  -0.07129960324855647  -0.9954671974109649  -0.06293985585746228  1.4467433617165226  0.09421537806968894  -0.06953956979377476  0.9931201894876989  2.8347229937411416  0.0  0.0  0.0  1.0
26456013410929;7.924184270643275;0.056140623164058;-0.9453902415878948  0.17163883479936243  0.27708735355316955  0.5218605907898823  -0.2671776332868452  0.07884106648785186  -0.9604166796272845  3.4091978614224137  -0.18669066227752798  -0.9820001001139336  -0.028677517232191987  3.359370006473277  0.0  0.0  0.0  1.0
26456013410960;5.477806233433959;0.058770913568958805;0.8824232732217884  0.45197867777674033  -0.130554363051316  3.72722743913317  -0.06461083477992594  0.3913053970294992  0.9179899380083789  2.128812041482827  0.4659985052611078  -0.8016204595011135  0.3744997089500045  -0.42239109458144536  0.0  0.0  0.0  1.0
26456013410991;10.096749814870382;0.03705028420704425;-0.3461478021128106  -0.17298368302378891  -0.922094542061711  -9.153430986005173  -0.918123653011671  -0.13968148423914023  0.3708612149325621  1.1069190041429264  -0.19295247309370137  0.9749696038176145  -0.11046997220398069  5.118645671516823  0.0  0.0  0.0  1.0
26456013411022;35.36518793250331;0.1129191729346357;-0.04937457991995936  -0.6704584402554692  0.7403023914238906  -12.162619703711124  0.33735950490611344  0.6864492380438736  0.6441863146935738  -2.9298962810635754  -0.940080164298359  0.2815544769297578  0.19229238469991744  2.7717437646887673  0.0  0.0  0.0  1.0
26456013411053;24.5254343392253;0.07702031902268133;-0.04819017445320581  0.36951116708744114  -0.9279758641709641  -10.787670721084606  -0.9921644599231272  0.08950924301284668  0.08716524468340525  -8.441158764830536  0.11527094842856239  0.9249051804444309  0.36230238149291166  -4.139359220564795  0.0  0.0  0.0  1.0
26456013411084;24.922393186294816;0.1415815910146943;-0.14334687958952508  -0.9295053711131852  0.33981088443969265  -9.81347185027678  -0.5058991944561855  -0.22628552566953697  -0.8323826439330918  1.7015866097973165  0.8505984229708687  -0.29122950733777175  -0.4377986944878546  -2.502598181715638  0.0  0.0  0.0  1.0
26456013411115;40.938989354120714;0.13009503614694068;0.9999930412792168  0.0008706982445327582  -0.003627571875046934  0.5798336132081061  -0.003628690636163695  0.4527454593913964  -0.8916324251645069  15.357677117923375  0.000866023907683991  0.8916393838795145  0.4527454683567257  1.4292197707529863  0.0  0.0  0.0  1.0
26456013411146;41.67514629420138;0.2657085547653383;0.6924336054293858  0.7102706614198693  0.12669368412925403  -0.5697138031093956  0.10201348066655624  -0.2702227973378331  0.9573781330076486  12.228928619849098  0.7142331214907055  -0.6499963287012456  -0.25956852821662796  -1.2939204521471754  0.0  0.0  0.0  1.0
26456013411177;4.1746707975987976;0.08125822440032608;-0.5194977513846786  0.6118091482831137  0.5964994990637905  -2.390514435153045  0.3583281288761907  0.7897284193781771  -0.4979256728494064  2.2894919481483784  -0.7757080883698138  -0.044928718026856385  -0.6294905654051637  0.5091641607499205  0.0  0.0  0.0  1.0
26456013411208;35.325158197734496;0.1475268705555363;-0.5955408268993602  -0.4898535385856546  -0.636690375481786  -9.69741456834191  -0.19253236406679947  -0.6824330640513008  0.7051357329453682  -10.846650802803262  -0.7799117977584866  0.5425206206446578  0.3121040914381926  4.455224863919144  0.0  0.0  0.0  1.0
26456013411239;38.287446358366964;0.0823675742974936;0.3262797571617781  -0.27989750021470067  -0.9028836632922385  1.6426823429267778  0.43300349987289416  0.8933080180190588  -0.12045228947879943  -13.02674777209203  0.8402675104776306  -0.35165064242287614  0.4126649203885677  1.6700743601080665  0.0  0.0  0.0  1.0
26456013411270;39.86833487442807;0.11763019618168452;-0.33287545721994  -0.9399954242593602  0.07485006581214043  10.047513131062368  0.9337668756169628  -0.3396496112440359  -0.11277217556787039  -0.5177519135219543  0.1314281247722553  0.03235342258928392  0.9907976100423377  9.320474944562193  0.0  0.0  0.0  1.0
26456013411301;37.42145376735778;0.17827226634304533;0.5276241963739849  -0.07534989117393454  0.8461294825857227  11.96474277476323  -0.8486693324269466  -0.0033075188489291633  0.5289134376408534  -3.2476283381357645  -0.03705498075438296  -0.9971516706194399  -0.06569226881568413  -3.406719303967886  0.0  0.0  0.0  1.0
26456013411332;43.158266358040244;0.1864163027297403;0.9237837804408775  -0.32759172596001596  0.19826040471284054  -7.879123222801372  0.341401346523285  0.47016492034717117  -0.8138734964765886  -10.631222313829007  0.17340313603406773  0.819529504506993  0.5461709839016299  -5.795007544324774  0.0  0.0  0.0  1.0
26456013411363;34.12568423335386;0.09643091501496669;-0.4951793366115781  -0.8070897774320427  0.321564170512844  -1.5328290324530218  -0.8590338147748107  0.5101610258424302  -0.042386705284039816  10.952299176257297  -0.12983963056922926  -0.2972235166942473  -0.9459386087149366  -5.364140838462182  0.0  0.0  0.0  1.0
26456013411394;6.137811103386027;0.04897243431732861;-0.38882874399816336  -0.8594321836776344  0.3319465762738086  -1.3361574954163262  0.91135707663516  -0.30597832260992464  0.275328067875093  1.8892217646849196  -0.1350573459972678  0.4095773281712618  0.9022227693537028  3.654898829561887  0.0  0.0  0.0  1.0
26456013411425;9.98424384019515;0.04298885701685315;0.861105180602212  -0.12610869704249172  -0.49253879488856145  7.559485741176883  0.44456910801424027  0.6568009393294869  0.6090737511133819  2.947461235727088  0.24669044598332926  -0.7434440951585717  0.6216387224380393  1.4713188282719414  0.0  0.0  0.0  1.0
26456013411456;3.553039626498096;0.07997018840056516;0.7266913057407584  0.6828187891188426  0.07535414644906918  -0.5283665540382689  -0.4465249714435685  0.38613864526722796  0.807163178365137  -3.6914993812406722  0.5220490360474879  -0.6202059721233473  0.5854992366386328  -0.23822076348981713  0.0  0.0  0.0  1.0
26456013411487;8.907789434141892;0.15456324859917855;-0.4920589342522629  0.007357793638327358  -0.8705307967529368  1.5465258996884494  0.7640122139655192  -0.4757117951749026  -0.43587111035600506  -1.2946903166772568  -0.4173288177612861  -0.8795704353855054  0.2284567947374733  0.2743769661730692  0.0  0.0  0.0  1.0
26456013411518;13.190832874792818;0.06917325403685011;-0.5754335239655766  0.8177830493750771  0.010351021754339107  1.4051659403383598  -0.6335508668938001  -0.43772332930165403  -0.6379745967067892  -9.095220531263074  -0.5171939274147298  -0.3736698691892031  0.7699878377646308  0.980974366403071  0.0  0.0  0.0  1.0
26456013411549;11.678534346863168;0.17508445705310924;-0.09886292105411046  0.9860322480308541  -0.13403928037656826  3.039292997959438  -0.9764817792697389  -0.1220640035188762  -0.1777180739236967  -2.433172779508292  -0.19159712313824973  0.11331718708193961  0.9749101279179445  0.9130774512876517  0.0  0.0  0.0  1.0
26456013411580;28.01403905500884;0.187237719264207;0.5431142898414197  -0.8396101219659299  -0.009039428212369784  -1.2646814369602133  0.7280748402439934  0.46554888923903726  0.5031612651347295  7.132619858766906  -0.4182509954246775  -0.27985545344097723  0.8641452597831059  6.8563691852927455  0.0  0.0  0.0  1.0
26456013411611;4.839169248689441;0.08610065247389907;-0.8920928478879971  -0.359865258350777  -0.2732532645353244  -1.8315320651747677  0.19696532318767918  -0.8539657056934884  0.4816090063121703  2.046632260429326  -0.4066632663625479  0.3758185324482435  0.8326976753058655  -1.421228547349907  0.0  0.0  0.0  1.0
26456013411642;15.458613024673555;0.04285070682648402;-0.08064652771578049  0.874785386583081  -0.47775167711696925  -3.204932908332294  -0.9941278250915808  -0.1052899725458144  -0.02497777131740664  -3.9149709632700618  -0.07215265030524393  0.4729318651793202  0.8781397644748462  3.9670093911286624  0.0  0.0  0.0  1.0
26456013411673;20.589511477104207;0.06593736772564959;0.19945124433582367  0.9736903423388485  -0.11021033694235481  3.601482201770073  -0.9749397525407659  0.18587002180263595  -0.1222489832711866  -2.2563616746986406  -0.09854785664154686  0.13183115045824126  0.9863614285444327  -7.208006583191165  0.0  0.0  0.0  1.0
26456013411704;7.41267435151194;0.04264965316642017;0.4904222257877055  -0.0072609738114414735  -0.871454714091755  2.949633099089154  0.372613533462518  -0.9022077794697956  0.2172102146418456  -4.939112477483742  -0.7878103801893004  -0.431240537198776  -0.43975721022230096  4.204400495157715  0.0  0.0  0.0  1.0
26456013411735;21.757255182572877;0.04974873900769347;-0.39220703057442763  -0.42338800165439083  -0.8166494016547682  3.3273065024374304  0.8311220654464234  0.21736352943794862  -0.5118488140050235  12.044555385816997  0.3942204427678263  -0.8794860408928499  0.26663560598419606  4.437420471967135  0.0  0.0  0.0  1.0
26456013411766;12.304723833976745;0.025214506452089055;-0.9775896493120343  0.0654610308026233  -0.20008331015912484  0.0034514629168242994  0.09524351742409691  -0.7100666606902197  -0.6976632495444539  -1.539260073075181  -0.18774224337282297  -0.7010850096974685  0.6879190789844695  7.332696502768892  0.0  0.0  0.0  1.0
26456013411797;8.573971267035956;0.04895494967146506;-0.7404648082829138  0.5141897430140133  0.4328057022195206  0.14990305528008707  0.0950134405307473  0.7175826151747973  -0.6899620544040156  3.6531832376869366  -0.6653452591046689  -0.4697702614875521  -0.5801996101419398  0.5402266126097881  0.0  0.0  0.0  1.0
26456013411828;17.226941609016762;0.1826278864811192;-0.5938413662325959  0.8043768232306736  -0.018175753088548317  0.2976135987953563  -0.646354392527065  -0.4903887315824134  -0.5845895065753077  -5.164245451008996  -0.47914343469568077  -0.3354054534236489  0.8111256072900818  4.290925645491783  0.0  0.0  0.0  1.0
26456013411859;33.57411777214782;0.20989966572792745;0.36005201047760854  0.5551437665966678  0.7497852680333857  2.8244828141543517  -0.8889529916541521  0.44799901893565586  0.09518118333905742  -5.386438465008912  -0.28306382386339257  -0.7007940335373545  0.6547996595740415  -8.069530308748668  0.0  0.0  0.0  1.0
26456013411890;15.597182184778172;0.08293626791675782;0.8997851704179397  0.3390896006804355  0.27459950802276045  -6.137587352896492  0.43121821117347847  -0.7871369588803555  -0.44098329029219624  3.5435277099572864  0.0666145738431521  0.5152025336457196  -0.8544757737213654  8.099482695517855  0.0  0.0  0.0  1.0
26456013411921;20.61504111605992;0.12712948154978512;0.28909756926697994  -0.9555362629101349  0.058077927887085795  -4.528495308496916  0.6533449426782032  0.24128444891775344  0.717580797253711  -5.746617256924745  -0.6996877741684066  -0.16950594377245234  0.6940495326020114  -5.805406742159317  0.0  0.0  0.0  1.0
26456013411952;12.058834581084366;0.20215998259458065;-0.6076224526346782  -0.5674425198133641  -0.5557013062447111  1.1830333610733648  0.7836950140973562  -0.5419269278665604  -0.3035413147037099  2.859487772084309  -0.12890725322169638  -0.6199388611475912  0.7739888426236295  -2.078457569660758  0.0  0.0  0.0  1.0
26456013411983;10.451393430494422;0.03764406812051437;0.5884984244233926  -0.7662612608643273  -0.25790169551555164  1.027131685435418  0.7171887388500278  0.6420238707696893  -0.27100860176129515  2.01982782931545  0.3732424377236487  -0.02547605661237365  0.9273839836990893  -5.132124218285647  0.0  0.0  0.0  1.0
26456013412014;47.38630036713764;0.06669652310540156;-0.6284902273927109  -0.7742372310116182  -0.07454357240782625  11.61621829046187  -0.3375872378337297  0.35786064894055036  -0.8706150772825156  0.35712442919686094  0.7007388179083924  -0.5220081091853943  -0.48628452887279705  6.570725613051398  0.0  0.0  0.0  1.0
26456013412045;9.223414713956423;0.03141112143430025;0.4044063584781278  0.13869715080263229  -0.9040014367143959  -5.79104881915322  -0.9077228197469254  0.181675544821032  -0.37819740734789736  -2.0973510672731703  0.11178005069398791  0.9735281694810953  0.19936931432303354  3.0555023392948097  0.0  0.0  0.0  1.0
26456013412076;30.520242091779032;0.1232406467703276;0.4367938263291956  -0.8983309074616666  0.04703970641700696  1.3574024857479214  0.7527995828606339  0.33640540282475656  -0.5657951864369013  -6.541949382852722  0.49244689188333335  0.28254731577102454  0.8232029355055978  -6.402711652493306  0.0  0.0  0.0  1.0
26456013412107;33.69151947690923;0.10869780434765385;0.47157638151708386  0.6737006811560141  0.5689842779947243  4.765100654424749  0.37551189951679237  -0.7372274846887691  0.5616818041745364  1.3329737704126285  0.7978762621588296  -0.05121550575162578  -0.6006416920711222  -9.61217313707786  0.0  0.0  0.0  1.0
26456013412138;28.73843283987377;0.1165856073183806;-0.09103637819943408  0.1468783324506339  -0.9849564118786429  0.8642894443067408  -0.8791706692434713  -0.47639745137800305  0.010217762109664921  9.716844122649483  -0.4677299564773631  0.8668749758627621  0.17250062039488295  3.202609274823452  0.0  0.0  0.0  1.0
26456013412169;6.10829587109351;0.0849558754879235;0.666824010769875  -0.287443737675929  0.687547697495722  2.0014099270817143  -0.7020062980394847  0.0673013674795625  0.7089835565429417  -0.04882617738483919  -0.250065783692363  -0.9554300725883985  -0.15690914638749254  -0.1356675585888938  0.0  0.0  0.0  1.0
26456013412200;27.398770435044117;0.20107888674377947;0.9551774852209587  0.14131878610211607  -0.26012491695642936  1.7979691492499326  -0.2956329082565862  0.5010699378078475  -0.8133450073498898  6.164404884495677  0.01539984684072667  0.8537903244473228  0.5203892068417814  -7.04608985998469  0.0  0.0  0.0  1.0
26456013412231;11.304933685245452;0.14475649746201252;0.5155791131045294  0.8091885019213997  0.2817661201928789  -0.17805551338807424  -0.7951452543141148  0.5743697090176674  -0.19453396080042792  1.9691457982282008  -0.3192525687791555  -0.12374734631967238  0.9395554223177842  -3.631703814630354  0.0  0.0  0.0  1.0
26456013412262;22.777914718070324;0.06201515250839447;-0.9638599796993096  0.07499536651434387  -0.255635745809202  -4.3109012621848075  -0.1136507837032201  -0.9836141060125086  0.13995281282224276  4.434334645209877  -0.24095111308664144  0.16394811817948113  0.9565895544316358  6.819141638075702  0.0  0.0  0.0  1.0
26456013412293;30.28145528198315;0.017079108775940214;-0.20755659327538933  0.5922193813387436  0.778586196226642  5.131733220170991  0.08236572413698834  -0.7825124466568408  0.6171629916922389  5.168904305996282  0.9747492744676989  0.1922250639065591  0.11363703943175878  1.446850241356491  0.0  0.0  0.0  1.0
26456013412324;27.91236336482207;0.03666335601416088;0.525155689601531  -0.7598892946396536  0.38311846936840543  -7.014862332888537  0.7561896334028642  0.6231924424556641  0.19952047012821852  -5.8172507664445225  -0.39037000398747657  0.18493090482175456  0.9018934640125873  -7.633979866750436  0.0  0.0  0.0  1.0
26456013412355;17.58982192427501;0.036649696523262686;-0.6728872820426202  -0.6793825836629345  -0.29268073165271985  -6.276883553233782  0.11544920406731185  0.2943569031150391  -0.948696734931004  -1.1146084461941046  0.7306806326607539  -0.6721557249655766  -0.1196348379464818  -2.552742251407152  0.0  0.0  0.0  1.0
26456013412386;20.348425974718353;0.14195972224479356;-0.5714338768146364  0.24296873366452482  0.7838555472088288  -2.3954168910856097  -0.8188589359071232  -0.105776767059756  -0.5641642656491467  6.140603621186429  -0.05416057157794395  -0.9642496927724913  0.25940154678510907  -2.672215656397037  0.0  0.0  0.0  1.0
26456013412417;25.453268783191263;0.0763071053238725;0.22395638452673217  0.7645334555397694  0.6044271115611326  -4.51635777762689  0.5745842094067275  0.397358442588872  -0.7155132803825457  10.633673420381196  -0.7872080564438857  0.5075380413956825  -0.3502978909529351  -3.888209293739947  0.0  0.0  0.0  1.0
26456013412448;11.55255178167472;0.05745011959798589;-0.9767852481925363  -0.041755599763705575  -0.21011199109479636  0.7532576985872874  -0.2093942598790523  -0.020926577596544427  0.9776073456556065  -11.005778740787772  -0.045217505936863855  0.9989086786280663  0.01169738938313386  1.5166600984740637  0.0  0.0  0.0  1.0
26456013412479;15.024610821793486;0.00839361776440208;0.9238408680098907  -0.19909649625832918  -0.32692298140753195  -3.544524754454619  -0.05366960435853125  -0.913020549411514  0.40436746891941877  -3.4464196435439276  -0.37899554636265986  -0.3560253664136245  -0.8541711270625538  1.742768225689975  0.0  0.0  0.0  1.0
26456013412510;44.598779289077456;0.009810520960245993;-0.9358300271884924  0.28037101471839565  0.21357493841310848  2.7885202078472475  -0.3334336092724771  -0.9006349790555646  -0.2787089211150455  -3.9405309921832603  0.11421115716038875  -0.3320372397899982  0.9363263763094174  13.65357863718329  0.0  0.0  0.0  1.0
26456013412541;25.55960109614438;0.12783601158620767;0.5490717457493882  0.6199890551685817  0.5604763951237284  3.498742771047629  -0.4959741596874332  0.7814707763144385  -0.378567112529409  -2.357425136925564  -0.672703390018264  -0.07012130373630521  0.7365820740557408  4.747137356292864  0.0  0.0  0.0  1.0
26456013412572;11.855425981755449;0.02626447032204557;0.6034119647872094  0.6266326618096207  0.49317898161319534  -5.385770807907882  -0.7293211876358202  0.6837662899860685  0.023542853356469218  -8.968153337771085  -0.3224664416914044  -0.37389191998768445  0.8696092376181426  3.528982175033188  0.0  0.0  0.0  1.0
26456013412603;9.681681139268411;0.020219088164391774;0.6160274072428537  -0.5450103025976677  0.5687477504026248  -2.4636083222944722  0.23586745324454295  0.8165078808049053  0.526954860574809  -0.4603987776210222  -0.7515828484109928  -0.19046955306788846  0.6315414248713527  -9.50783395833191  0.0  0.0  0.0  1.0
26456013412634;52.58463844912728;0.129499665190894;-0.21083921163772373  0.9496689340701785  0.23168025918924193  -8.424051509919414  -0.9766228172259379  -0.214800128892444  -0.0082932202105995  -10.237113033326752  0.041889135938274924  -0.22801276343617388  0.9727566396589359  -9.432286998585859  0.0  0.0  0.0  1.0
26456013412665;17.137251027096553;0.12756746944039257;0.6272140854929376  -0.7660629195060898  0.14053502879020813  -2.124760348658736  0.7543525019310571  0.6424137327192004  0.13511809221617477  -1.8558407182004866  -0.19379059262413345  0.021264979933928008  0.9808124218416061  -5.111222597112687  0.0  0.0  0.0  1.0
26456013412696;25.9043647789081;0.1176800710982694;-0.6625710055849579  -0.05806480893158912  -0.7467450304634621  -5.2020523409646335  0.6534936822361576  0.4423476730243877  -0.6142267850292239  -4.703607529270715  0.365985887481424  -0.8949620182631481  -0.25514175673689166  9.556981491520352  0.0  0.0  0.0  1.0
26456013412727;23.252492129236515;0.18792601435774836;0.5863075564005087  0.47344600911661827  -0.6573372998386837  4.982296142526055  0.429344920157421  0.5064904990908659  0.747750168081361  -6.71212835314008  0.6869544299607379  -0.7206360043615865  0.09368756787901583  0.12939929150614338  0.0  0.0  0.0  1.0
26456013412758;14.13602399426325;0.05293660576902196;0.5702743134899182  0.06650102171063174  -0.8187580970500663  5.5433068558198855  0.6552394620374917  -0.6379559328177706  0.4045657859624655  -2.020251792399345  -0.4954275474400088  -0.7671960909011796  -0.40738397531509196  7.156306540178719  0.0  0.0  0.0  1.0
26456013412789;4.621604133291701;0.117393673968491;-0.3826990374000104  0.9211093177962385  0.07140778278349255  -2.9879021002169335  -0.8624346360507913  -0.38389575587983715  0.3298947516366222  0.5966484749019872  0.33128227437194036  0.06466585873857522  0.9413131154937546  -0.039309177453056954  0.0  0.0  0.0  1.0
26456013412820;35.801682263906;0.007659768749916962;0.4741794856165769  0.45679654644064227  -0.752655784924491  7.999525061921863  0.6396969160685103  0.4086212099668406  0.6510119525305756  -7.54975078377888  0.6049311291319338  -0.7901680972585123  -0.09845154687472527  1.9778056967493642  0.0  0.0  0.0  1.0
26456013412851;14.022145789999549;0.04695204376407863;0.09544363409606818  0.8673625886844821  -0.488438995639261  -3.3212949467194237  -0.4242594498659874  0.47932614821133435  0.768277529829095  -6.947600168156425  0.9004967695166627  0.13389766014176901  0.41373540421217725  -8.762534084507472  0.0  0.0  0.0  1.0
26456013412882;2.3936762370407902;0.0523528018697349;0.36501045843837554  0.4393269798309748  0.8208283438229946  -1.9542067641622083  -0.5639197164047848  0.805852465513921  -0.18054461297718505  0.4866185984328434  -0.7407846641774878  -0.39698061491429093  0.5418897237461854  -1.7814062825375743  0.0  0.0  0.0  1.0
26456013412913;12.272824290791716;0.020355300855615873;0.5447846558377939  0.8196265436817649  0.17726253878352183  0.1795116945699704  0.6433253299717604  -0.544088183755733  0.5386098477693407  -2.1029427899430013  0.5379053806948033  -0.17938889929332574  -0.8236974106004626  15.591857772460282  0.0  0.0  0.0  1.0
26456013412944;7.817464008253767;0.04990183894519173;0.3075498341363694  0.7397595622984307  -0.5984721292681267  -7.839387440672289  0.018690255805310304  -0.6335315630404832  -0.7734910684483777  2.2901741133793867  -0.9513483977285208  0.22670145261889177  -0.2086688225870376  1.652816821937095  0.0  0.0  0.0  1.0
26456013412975;18.958736180574377;0.07838839095468697;-0.34833815512564603  0.9363309924249306  -0.044099912791368545  4.062391553530078  -0.9214645696245809  -0.3506784080007893  -0.1671158313524412  -5.275095163226133  -0.17194061943079927  -0.017576313224817952  0.9849505046463888  7.139087041304344  0.0  0.0  0.0  1.0
26456013413006;18.3212344447247;0.15005151477672776;-0.4465116858467307  0.7085530742077173  0.5464246109328385  -5.960507201269026  0.695244850054983  -0.10968840048343081  0.7103541745294459  5.444142695844857  0.563260075697128  0.6970803367117591  -0.44364072321585396  5.126924112817925  0.0  0.0  0.0  1.0
26456013413037;17.624013468308494;0.06786974628624491;0.10586753528992504  0.1117888306512874  0.988076577150402  -9.524275306291926  0.4788780387002236  -0.8765756213907168  0.04786443391606593  -4.210578994486427  0.8714745486944888  0.4681008837046739  -0.14633411650274927  1.191033182132321  0.0  0.0  0.0  1.0
26456013413068;25.751269723182936;0.1460391140343359;-0.9714268462601343  -0.03407220752204049  -0.23488075067928516  -2.0051723493681006  0.09008233369534605  -0.9685187612267387  -0.2320702098672368  -4.526438159457906  -0.2195792693336273  -0.2465978382435625  0.9439144297300004  -9.191639409645232  0.0  0.0  0.0  1.0
26456013413099;16.675295180356358;0.020002591107687772;0.5516937574182942  0.5227435896629355  0.6499024061287915  10.191929839875542  0.29874431381731364  0.6036621159555695  -0.7391507861876803  1.783107716329415  -0.7787077969222514  0.6019395228977344  0.17686994596635344  2.961903525962311  0.0  0.0  0.0  1.0
