# registration_from_features.py RANSAC RANSAC_config.json euclidean True --use_random_keypoints=True --n_keypoints=5000 --input_txt=/i7g4/neural_comparison/point_clouds_registration_benchmark/planetary/p2at_met_global.txt --input_pcd_dir=/i7g4/neural_comparison/point_clouds_registration_benchmark/planetary/p2at_met/ --input_features_dir=/i7g4/neural_comparison/features/3DSmoothNet/planetary/p2at_met/ --output_dir=/root/neural_registration_comparison/results/3DSmoothNet/RANSAC_mutual_on
id;initial_error;final_error;transformation
27844314100030;8.255147930606862;0.020379044186660703;-0.9613545533342777  -0.2732400351158841  0.033723967639090885  -57.272947512615005  -0.23342296240665225  0.8738926536266295  0.42640983872175187  -8.708702350272432  -0.1459833668770337  0.4020590916112685  -0.9039011801341823  2.8679700324258546  0.0  0.0  0.0  1.0
27844314100061;18.254613203222405;1.4897120490596527;-0.9628086702975386  -0.2682596554540607  -0.03219039694623284  -75.76970975029495  0.2670697029912796  -0.9268935702734638  -0.26370832965582025  -136.00510232751972  0.0409052336998224  -0.26249774597390696  0.9640651924089898  -12.767574926092662  0.0  0.0  0.0  1.0
27844314100092;11.393043179182689;11.393043179182689;1.0  0.0  0.0  0.0  0.0  1.0  0.0  0.0  0.0  0.0  1.0  0.0  0.0  0.0  0.0  1.0
27844314100123;5.730994932441914;5.730994932441914;1.0  0.0  0.0  0.0  0.0  1.0  0.0  0.0  0.0  0.0  1.0  0.0  0.0  0.0  0.0  1.0
27844314100154;17.463252642790277;17.463252642790277;1.0  0.0  0.0  0.0  0.0  1.0  0.0  0.0  0.0  0.0  1.0  0.0  0.0  0.0  0.0  1.0
27844314100185;21.245539471637414;21.245539471637414;1.0  0.0  0.0  0.0  0.0  1.0  0.0  0.0  0.0  0.0  1.0  0.0  0.0  0.0  0.0  1.0
27844314100216;3.735345026853811;3.735345026853811;1.0  0.0  0.0  0.0  0.0  1.0  0.0  0.0  0.0  0.0  1.0  0.0  0.0  0.0  0.0  1.0
27844314100247;13.271216615726097;0.08364198845723651;-0.033312476790953456  -0.9887424241901516  0.14587219576271324  -98.57949499509428  0.9812485276135651  -0.06007979717539987  -0.18314405539785641  -61.629739889952965  0.1898462692450459  0.1370358952170779  0.9722034547746636  23.626123755240606  0.0  0.0  0.0  1.0
27844314100278;11.802091711636171;11.802091711636171;1.0  0.0  0.0  0.0  0.0  1.0  0.0  0.0  0.0  0.0  1.0  0.0  0.0  0.0  0.0  1.0
27844314100309;7.478645140598016;0.07734016611170094;-0.9375575574696889  -0.05037001889248653  -0.3441637511828355  -1.2244214293192544  0.3442320158747121  0.007587283461637173  -0.9388539568945238  -65.17165341183558  0.049901359483507185  -0.9987018045074529  0.010225458192885561  -59.292261943710734  0.0  0.0  0.0  1.0
27844314100340;12.12926847078954;12.12926847078954;1.0  0.0  0.0  0.0  0.0  1.0  0.0  0.0  0.0  0.0  1.0  0.0  0.0  0.0  0.0  1.0
27844314100371;7.953713343024883;7.953713343024883;1.0  0.0  0.0  0.0  0.0  1.0  0.0  0.0  0.0  0.0  1.0  0.0  0.0  0.0  0.0  1.0
27844314100402;10.041005189608843;10.041005189608843;1.0  0.0  0.0  0.0  0.0  1.0  0.0  0.0  0.0  0.0  1.0  0.0  0.0  0.0  0.0  1.0
27844314100433;14.948099495912265;14.948099495912265;1.0  0.0  0.0  0.0  0.0  1.0  0.0  0.0  0.0  0.0  1.0  0.0  0.0  0.0  0.0  1.0
27844314100464;4.885279212879443;4.885279212879443;1.0  0.0  0.0  0.0  0.0  1.0  0.0  0.0  0.0  0.0  1.0  0.0  0.0  0.0  0.0  1.0
27844314100495;16.561379565347497;0.10717323251197744;0.23973285393629326  -0.9705976046086915  0.02164367509067705  -7.4738812957513225  -0.9647169739066502  -0.23566226456918418  0.11740722854458453  -32.42485010049592  -0.1088545773036502  -0.04902639070944065  -0.9928479712493998  1.8195257315360984  0.0  0.0  0.0  1.0
27844314100526;4.988304065514908;4.988304065514908;1.0  0.0  0.0  0.0  0.0  1.0  0.0  0.0  0.0  0.0  1.0  0.0  0.0  0.0  0.0  1.0
27844314100557;9.320673558395054;9.320673558395054;1.0  0.0  0.0  0.0  0.0  1.0  0.0  0.0  0.0  0.0  1.0  0.0  0.0  0.0  0.0  1.0
27844314100588;15.87658357879776;15.87658357879776;1.0  0.0  0.0  0.0  0.0  1.0  0.0  0.0  0.0  0.0  1.0  0.0  0.0  0.0  0.0  1.0
27844314100619;9.309459031404598;9.309459031404598;1.0  0.0  0.0  0.0  0.0  1.0  0.0  0.0  0.0  0.0  1.0  0.0  0.0  0.0  0.0  1.0
27844314100650;9.597631194952498;9.597631194952498;1.0  0.0  0.0  0.0  0.0  1.0  0.0  0.0  0.0  0.0  1.0  0.0  0.0  0.0  0.0  1.0
27844314100681;7.297471099283818;0.12220992042219408;0.8306959011036772  0.05134429780261718  0.5543537525558079  3.5924515098132535  0.5031892855111524  0.35681192665034456  -0.7870741972310137  -2.9614122033946426  -0.23821180247067072  0.9327641781732533  0.2705663044069762  -2.4147117982127613  0.0  0.0  0.0  1.0
27844314100712;8.650942439496344;8.650942439496344;1.0  0.0  0.0  0.0  0.0  1.0  0.0  0.0  0.0  0.0  1.0  0.0  0.0  0.0  0.0  1.0
27844314100743;12.733448854215453;12.733448854215453;1.0  0.0  0.0  0.0  0.0  1.0  0.0  0.0  0.0  0.0  1.0  0.0  0.0  0.0  0.0  1.0
27844314100774;4.598125415447288;4.598125415447288;1.0  0.0  0.0  0.0  0.0  1.0  0.0  0.0  0.0  0.0  1.0  0.0  0.0  0.0  0.0  1.0
27844314100805;11.913189531673748;11.913189531673748;1.0  0.0  0.0  0.0  0.0  1.0  0.0  0.0  0.0  0.0  1.0  0.0  0.0  0.0  0.0  1.0
27844314100836;8.640990827250187;8.640990827250187;1.0  0.0  0.0  0.0  0.0  1.0  0.0  0.0  0.0  0.0  1.0  0.0  0.0  0.0  0.0  1.0
27844314100867;6.409696051288649;6.409696051288649;1.0  0.0  0.0  0.0  0.0  1.0  0.0  0.0  0.0  0.0  1.0  0.0  0.0  0.0  0.0  1.0
27844314100898;22.51393172662874;22.51393172662874;1.0  0.0  0.0  0.0  0.0  1.0  0.0  0.0  0.0  0.0  1.0  0.0  0.0  0.0  0.0  1.0
27844314100929;11.35647365629622;0.041645604960958975;-0.2593615948578622  0.3432113586906991  0.9027389026614893  -4.757932849374006  0.8791425908148975  0.47084547958611245  0.07357200125450467  23.113551042362783  -0.3997997850525375  0.8127179692974722  -0.42385095759351105  -20.937109949250264  0.0  0.0  0.0  1.0
27844314100960;8.931838196630506;8.931838196630506;1.0  0.0  0.0  0.0  0.0  1.0  0.0  0.0  0.0  0.0  1.0  0.0  0.0  0.0  0.0  1.0
27844314100991;2.7303992422678602;0.055158752157848684;0.9597715431515047  -0.020468740044626454  -0.2800350257335038  -4.479518521674342  -0.19403566958313515  0.6725291347609715  -0.7141811547689306  -2.4396036317610488  0.20295010196105612  0.7397875327272315  0.6415026598038016  4.240009878010348  0.0  0.0  0.0  1.0
27844314101022;3.041428379569016;3.041428379569016;1.0  0.0  0.0  0.0  0.0  1.0  0.0  0.0  0.0  0.0  1.0  0.0  0.0  0.0  0.0  1.0
27844314101053;13.922293305846535;13.922293305846535;1.0  0.0  0.0  0.0  0.0  1.0  0.0  0.0  0.0  0.0  1.0  0.0  0.0  0.0  0.0  1.0
27844314101084;10.548695524568679;5.28994273118229;0.3624208552553859  -0.8628157435228745  -0.35242036888497846  -96.50820529418561  0.8632900151700643  0.45328093647769463  -0.22196112797869394  -47.30436044316371  0.35125699051211035  -0.2237976437654643  0.9091386809840407  -3.0815644458049  0.0  0.0  0.0  1.0
27844314101115;4.295014706995369;4.295014706995369;1.0  0.0  0.0  0.0  0.0  1.0  0.0  0.0  0.0  0.0  1.0  0.0  0.0  0.0  0.0  1.0
27844314101146;10.908481463882481;0.11709855913972342;0.23405670447028204  0.026076638585531296  -0.9718731748600693  1.6361084983200362  0.12014625847855251  -0.9927535423163978  0.0022979973562451683  -214.60896595697767  -0.9647706129780884  -0.1173047873631935  -0.235493633025524  -26.63731945005612  0.0  0.0  0.0  1.0
27844314101177;7.524206569447689;0.06109169208511578;0.9036737546599951  0.33929109618776376  0.26125714762741514  18.010033803751643  -0.2679168458811445  -0.02797182077648567  0.963035898051338  -64.60663638078022  0.33405734362801603  -0.9402654568206543  0.06562440002041849  -43.017443722788364  0.0  0.0  0.0  1.0
27844314101208;16.92222694472815;16.92222694472815;1.0  0.0  0.0  0.0  0.0  1.0  0.0  0.0  0.0  0.0  1.0  0.0  0.0  0.0  0.0  1.0
27844314101239;4.364181244222641;4.364181244222641;1.0  0.0  0.0  0.0  0.0  1.0  0.0  0.0  0.0  0.0  1.0  0.0  0.0  0.0  0.0  1.0
27844314101270;10.750785704410854;0.7802967561499304;0.1148757548423408  -0.7111077479942481  0.6936348691436659  -30.763270040731793  0.9798889871349025  -0.033570171953174466  -0.19669930464231267  -62.652465793592036  0.16315984138609999  0.702281150464387  0.6929502520825573  27.212095252592164  0.0  0.0  0.0  1.0
27844314101301;12.136609704346055;12.136609704346055;1.0  0.0  0.0  0.0  0.0  1.0  0.0  0.0  0.0  0.0  1.0  0.0  0.0  0.0  0.0  1.0
27844314101332;6.935112362192998;6.935112362192998;1.0  0.0  0.0  0.0  0.0  1.0  0.0  0.0  0.0  0.0  1.0  0.0  0.0  0.0  0.0  1.0
27844314101363;7.8460839984677655;7.8460839984677655;1.0  0.0  0.0  0.0  0.0  1.0  0.0  0.0  0.0  0.0  1.0  0.0  0.0  0.0  0.0  1.0
27844314101394;13.188484809554595;0.031918344851497846;-0.37973280527004094  0.9105216888416623  0.16356420987084036  12.646463605707794  -0.8289630595809465  -0.2564287236677765  -0.4970558877312588  -95.26191876415879  -0.41063760477084965  -0.3243371144766531  0.852163243587176  -46.9605291248054  0.0  0.0  0.0  1.0
27844314101425;12.438217758874531;12.438217758874531;1.0  0.0  0.0  0.0  0.0  1.0  0.0  0.0  0.0  0.0  1.0  0.0  0.0  0.0  0.0  1.0
27844314101456;13.306910826894018;13.306910826894018;1.0  0.0  0.0  0.0  0.0  1.0  0.0  0.0  0.0  0.0  1.0  0.0  0.0  0.0  0.0  1.0
27844314101487;11.823132391507976;0.015021607001736303;0.2658612446758955  0.04689738047194052  0.9628698947855076  4.8376118052911465  -0.8794967929891178  0.4207698419387328  0.22234687143450266  -12.139092798765667  -0.3947191276100528  -0.9059544005189916  0.15311248962457363  -0.34352435119236757  0.0  0.0  0.0  1.0
27844314101518;11.362927964176022;0.03593046989512768;0.013469079563508624  -0.27993887390490413  -0.9599233358829059  -15.575271088818534  0.9522994240361128  0.29629415539351245  -0.07304505773926917  -0.9337242264526457  0.3048678252557983  -0.913150590185704  0.270576437938156  -5.615688628111111  0.0  0.0  0.0  1.0
27844314101549;8.602285781784683;0.014641396395671904;-0.5691688270506453  0.8006849208410645  0.18695053851628965  -38.12449664223497  -0.8082644829691041  -0.5865681085160606  0.051442974666881976  -11.48856524568337  0.1508488378625404  -0.12182574280351928  0.9810214658741632  5.760423732605945  0.0  0.0  0.0  1.0
27844314101580;8.529179145836824;0.0918544659433088;0.8382898546229465  0.024016554267165816  -0.5446956257923978  -1.2935157726094317  0.4112450898119797  0.6280786825015815  0.6606017292534244  2.1654983920364046  0.3579770882916621  -0.7777791291287075  0.5166352974294472  -34.64610032511651  0.0  0.0  0.0  1.0
27844314101611;6.938820905749202;0.0632133880084896;0.9920073721788456  0.061429609953992964  -0.11021695225200498  -4.9092791716086825  0.08131190370190515  0.35671992703656213  0.9306660346071529  10.600138683662387  0.09648703466887426  -0.9321895175745809  0.34887383889434487  11.540730319908148  0.0  0.0  0.0  1.0
27844314101642;12.547466022442515;0.32659277229134165;0.4333958092590135  0.8596831031386719  -0.27039422089717235  15.813221100675301  0.8947808178670525  -0.44623924215193755  0.015421632236333832  -48.85369124317586  -0.10740279555902299  -0.24862723290405703  -0.9626261676084742  -13.548900220752891  0.0  0.0  0.0  1.0
27844314101673;7.73561147720838;0.11597590789950477;0.027032788063072626  0.9996147139103518  -0.006296991619965331  -24.308725531849824  -0.9987036684219555  0.02673528986065376  -0.04331520468144284  -20.473711180789824  -0.04313016403939887  0.00745975937894397  0.9990416112154399  -11.475357072853306  0.0  0.0  0.0  1.0
27844314101704;7.852470163017852;7.852470163017852;1.0  0.0  0.0  0.0  0.0  1.0  0.0  0.0  0.0  0.0  1.0  0.0  0.0  0.0  0.0  1.0
27844314101735;7.401041146075741;7.401041146075741;1.0  0.0  0.0  0.0  0.0  1.0  0.0  0.0  0.0  0.0  1.0  0.0  0.0  0.0  0.0  1.0
27844314101766;17.078221026612844;0.6991081775898091;-0.7352737041808673  -0.16103116901385162  -0.6583627742712825  7.524914042740755  0.6535030141014211  -0.4260376998877142  -0.6256402231592402  -60.923104381993056  -0.17973978552481235  -0.8902588617252956  0.41848867203196405  -42.51549183139566  0.0  0.0  0.0  1.0
27844314101797;5.658008139654423;0.10599666429179354;0.17340361368056117  0.3681288073915363  -0.9134617495719284  31.96730854021236  -0.8048684662638368  -0.48153984990223575  -0.34685173341102316  -97.44105302065145  -0.5675543487425869  0.7953619013534765  0.2127945184885181  51.988455054011865  0.0  0.0  0.0  1.0
27844314101828;12.532088953947076;12.532088953947076;1.0  0.0  0.0  0.0  0.0  1.0  0.0  0.0  0.0  0.0  1.0  0.0  0.0  0.0  0.0  1.0
27844314101859;13.452993466710405;0.09154119563316736;-0.5283032626605134  0.7487045161437751  -0.40042129085273725  7.1783201809718165  -0.8415548146670824  -0.5242961867855519  0.12999616314638984  -121.88178110548893  -0.1126106414727735  0.4056538623359151  0.9070632764030548  39.56022603449168  0.0  0.0  0.0  1.0
27844314101890;10.240194569123585;10.240194569123585;1.0  0.0  0.0  0.0  0.0  1.0  0.0  0.0  0.0  0.0  1.0  0.0  0.0  0.0  0.0  1.0
27844314101921;5.39778345406533;0.13574495220685048;-0.3659430542595366  -0.7361668168206233  -0.5693365426980711  -27.66588952167244  0.8365701865531933  0.0078078203269563926  -0.5478041264102501  -33.01043826578327  0.4077204974115933  -0.67675509289102  0.6129979936643436  -28.914481344609786  0.0  0.0  0.0  1.0
27844314101952;13.302221500961894;0.051221814214296876;-0.06044778778917323  -0.996653619693839  0.05502387938490906  5.741928692731671  0.9966315210687082  -0.06332352302580935  -0.052112787719270415  25.95900433736826  0.05542270440594721  0.05168842987332641  0.9971241798560309  7.988862998372255  0.0  0.0  0.0  1.0
27844314101983;10.786030610610256;10.786030610610256;1.0  0.0  0.0  0.0  0.0  1.0  0.0  0.0  0.0  0.0  1.0  0.0  0.0  0.0  0.0  1.0
27844314102014;18.074211930870813;0.11523060300881616;0.2650804875087364  0.8315191470585539  -0.48816825297959177  34.83880537172796  -0.7318383181852968  0.5031428728298284  0.4596302052261838  -14.085618227908732  0.6278096934404945  0.23542123437694173  0.7419109321384812  -0.02557875558106515  0.0  0.0  0.0  1.0
27844314102045;5.527523174873733;5.527523174873733;1.0  0.0  0.0  0.0  0.0  1.0  0.0  0.0  0.0  0.0  1.0  0.0  0.0  0.0  0.0  1.0
27844314102076;12.49337546729974;0.03883173976668793;0.4606666139044436  0.8864646564518547  -0.044347307646692466  50.39573377693064  0.8642554095128749  -0.43662641806830743  0.24983986505874778  -76.85030213325388  0.20211100405853183  -0.153420285185942  -0.9672710882332406  -23.86899391199372  0.0  0.0  0.0  1.0
27844314102107;8.34390181428472;8.34390181428472;1.0  0.0  0.0  0.0  0.0  1.0  0.0  0.0  0.0  0.0  1.0  0.0  0.0  0.0  0.0  1.0
27844314102138;13.875093444885819;13.875093444885819;1.0  0.0  0.0  0.0  0.0  1.0  0.0  0.0  0.0  0.0  1.0  0.0  0.0  0.0  0.0  1.0
27844314102169;7.7056993337980995;7.7056993337980995;1.0  0.0  0.0  0.0  0.0  1.0  0.0  0.0  0.0  0.0  1.0  0.0  0.0  0.0  0.0  1.0
27844314102200;9.927306225231835;0.0747542539898655;0.7236406541859045  -0.3797609747730576  -0.5763035707409879  -14.85364341656781  0.6462982961504387  0.6658393306606161  0.3727686925406447  12.03952384608223  0.2421625817553889  -0.6422145963654511  0.7272672797622102  5.627205857537679  0.0  0.0  0.0  1.0
27844314102231;10.287771982386351;0.0957268603461605;-0.7716428363594254  -0.5002890500839133  0.39278263640506883  -47.685202692903424  -0.6140289674395332  0.7470213865733393  -0.2548087030444308  -19.359297747386762  -0.16593902567003407  -0.4378012270062536  -0.8836256704009328  -21.23098533860884  0.0  0.0  0.0  1.0
27844314102262;8.065900080817094;8.065900080817094;1.0  0.0  0.0  0.0  0.0  1.0  0.0  0.0  0.0  0.0  1.0  0.0  0.0  0.0  0.0  1.0
27844314102293;15.344796486985695;0.0643478417330866;0.23237116969689028  0.8622356213501378  -0.4500592991691668  61.48950611350048  -0.17301134326740486  -0.4187029900689001  -0.8914902586165323  -111.97362658586829  -0.957115831336264  0.28502199806735107  0.05188203950489727  13.032835079772159  0.0  0.0  0.0  1.0
27844314102324;11.120662662609497;0.052615486238574406;-0.27935054233901135  -0.45043354325899887  0.847981661123661  -23.69052283227898  0.4609579007591458  -0.8376284805228346  -0.2930807778492627  -10.29520861192358  0.8423070035459888  0.3090115721524851  0.4416228708448282  9.340136568452545  0.0  0.0  0.0  1.0
27844314102355;17.81708979026515;17.81708979026515;1.0  0.0  0.0  0.0  0.0  1.0  0.0  0.0  0.0  0.0  1.0  0.0  0.0  0.0  0.0  1.0
27844314102386;12.639375851730701;12.639375851730701;1.0  0.0  0.0  0.0  0.0  1.0  0.0  0.0  0.0  0.0  1.0  0.0  0.0  0.0  0.0  1.0
27844314102417;4.852743056092726;0.08846777481115374;-0.295459576914909  0.64246521520592  0.707065828377863  -29.89849509668474  0.0419383490689903  -0.7306720399644331  0.6814393185688519  17.349306978575317  0.9544342896641077  0.23099094628280237  0.188940121331455  8.576682362914015  0.0  0.0  0.0  1.0
27844314102448;8.862723016525484;8.862723016525484;1.0  0.0  0.0  0.0  0.0  1.0  0.0  0.0  0.0  0.0  1.0  0.0  0.0  0.0  0.0  1.0
27844314102479;8.845892927971892;8.845892927971892;1.0  0.0  0.0  0.0  0.0  1.0  0.0  0.0  0.0  0.0  1.0  0.0  0.0  0.0  0.0  1.0
27844314102510;12.811880985162878;12.811880985162878;1.0  0.0  0.0  0.0  0.0  1.0  0.0  0.0  0.0  0.0  1.0  0.0  0.0  0.0  0.0  1.0
27844314102541;16.755247254223338;16.755247254223338;1.0  0.0  0.0  0.0  0.0  1.0  0.0  0.0  0.0  0.0  1.0  0.0  0.0  0.0  0.0  1.0
27844314102572;6.047632241354357;6.047632241354357;1.0  0.0  0.0  0.0  0.0  1.0  0.0  0.0  0.0  0.0  1.0  0.0  0.0  0.0  0.0  1.0
27844314102603;5.000465750138839;0.11479068925265071;0.5881012270327399  -0.7962966815513177  0.14159287310082186  -47.06292107622703  -0.24909507801274688  -0.34488782523068884  -0.9049884143553825  -88.3164330889785  0.7694729292654872  0.4969547091617158  -0.4011825372191382  26.320640267415452  0.0  0.0  0.0  1.0
27844314102634;4.837279486815611;0.023494392582664798;0.9343587524762506  0.12875517204985049  -0.3322586753441341  8.594923173867212  -0.3460771535071105  0.10579157129435908  -0.9322224773429819  -31.284284020725714  -0.08487829811819533  0.9860173675516495  0.14340650401943028  44.92010486008127  0.0  0.0  0.0  1.0
27844314102665;12.464679441521291;0.2554425450258253;0.0282452328033318  -0.518348934807445  -0.8547026316841857  -5.921319161286123  0.12327118775884666  0.8503233870513337  -0.5116193425800781  -5.924737132478683  0.9919709779486543  -0.09090940115045973  0.08791507089262879  -22.16148472746061  0.0  0.0  0.0  1.0
27844314102696;10.865536856965761;10.865536856965761;1.0  0.0  0.0  0.0  0.0  1.0  0.0  0.0  0.0  0.0  1.0  0.0  0.0  0.0  0.0  1.0
27844314102727;12.326628554608499;0.10197235812270858;-0.791536593320478  -0.6063099008878293  0.0765383924576595  -40.41163666176009  0.6081698857469541  -0.7938058991932595  0.0012587599127151794  -107.44691407507351  0.059993428849739086  0.047544699929349246  0.9970658403553297  7.591462219730509  0.0  0.0  0.0  1.0
27844314102758;6.140194318079895;6.140194318079895;1.0  0.0  0.0  0.0  0.0  1.0  0.0  0.0  0.0  0.0  1.0  0.0  0.0  0.0  0.0  1.0
27844314102789;11.79753658561828;11.79753658561828;1.0  0.0  0.0  0.0  0.0  1.0  0.0  0.0  0.0  0.0  1.0  0.0  0.0  0.0  0.0  1.0
27844314102820;13.718009914125455;0.03568664953309639;-0.07245598381448427  -0.9973405116938525  0.00787617570402821  -17.45648054535372  0.9171187643209932  -0.06972732969855996  -0.3924681791221348  6.23269491313161  0.39197359928930264  -0.021213279504920052  0.9197318599639988  -7.746142368510367  0.0  0.0  0.0  1.0
27844314102851;14.126286162245718;0.0547712373826411;-0.7503565889605216  0.017405078248753342  -0.660804095519002  -17.454961930580666  -0.43691388150844823  -0.7632230106875025  0.47602194918126123  -17.150693986587783  -0.4960556919830206  0.6459006883478765  0.5802939352112746  -16.151018577730195  0.0  0.0  0.0  1.0
27844314102882;16.65338049572903;6.502044334433664;0.8754477409126029  0.04696458363973144  -0.48102555110364603  6.419714326433869  -0.03588929183765016  -0.9862028210951955  -0.1616043142842088  -181.4600918817116  -0.48197843485202924  0.15873979824676615  -0.861683506161145  7.5869679022598255  0.0  0.0  0.0  1.0
27844314102913;3.6628597101339557;3.6628597101339557;1.0  0.0  0.0  0.0  0.0  1.0  0.0  0.0  0.0  0.0  1.0  0.0  0.0  0.0  0.0  1.0
27844314102944;9.703443455187617;0.07743016528466676;0.6130047057917183  -0.7900695145793895  0.00392336711230154  -18.428716243229914  0.7896332325980914  0.6124842581357073  -0.03663866144718436  17.314774600453887  0.02654408886924342  0.025557692936589438  0.999320877235066  3.5524412111607044  0.0  0.0  0.0  1.0
27844314102975;6.1736923351409825;6.1736923351409825;1.0  0.0  0.0  0.0  0.0  1.0  0.0  0.0  0.0  0.0  1.0  0.0  0.0  0.0  0.0  1.0
27844314103006;8.779326562990162;0.5058509527198678;-0.25856234335501166  0.555231064731512  -0.7904833833521584  38.709969627476184  -0.6323150447626439  0.521360959696477  0.5730274285504867  -21.940417327878926  0.730289804643047  0.647997850661157  0.21627664407637773  18.741754881485527  0.0  0.0  0.0  1.0
27844314103037;4.983612374719573;4.983612374719573;1.0  0.0  0.0  0.0  0.0  1.0  0.0  0.0  0.0  0.0  1.0  0.0  0.0  0.0  0.0  1.0
27844314103068;8.080951485631328;0.13058564098937717;0.3658186561604156  -0.7864971064406244  0.49759321977445947  -34.97880447492905  -0.6756626929893071  0.1432538777468218  0.723158524676946  -31.030376687000466  -0.640044245429506  -0.6007500545743001  -0.4790018119188589  -27.462328340001793  0.0  0.0  0.0  1.0
27844314103099;5.35424278701302;0.022808407852692412;0.7269285603682825  0.6864671509388703  -0.01837712716305659  26.547676006106173  -0.6741639657266643  0.708296304775571  -0.20933058055852194  -7.308642105114224  -0.1306821159784043  0.16455757449337272  0.9776722299627131  12.744887966266111  0.0  0.0  0.0  1.0
