# registration_from_features.py RANSAC RANSAC_config.json euclidean True --use_random_keypoints=False --n_keypoints=5000 --input_txt=/i7g4/neural_comparison/point_clouds_registration_benchmark/planetary/p2at_met_global.txt --input_pcd_dir=/i7g4/neural_comparison/point_clouds_registration_benchmark/planetary/p2at_met/ --input_features_dir=/i7g4/neural_comparison/features/3DSmoothNet/planetary/p2at_met/ --output_dir=/root/neural_registration_comparison/results/3DSmoothNet/RANSAC_mutual_on
id;initial_error;final_error;transformation
27844314100030;8.255147930606862;0.044076550995475805;-0.9629628508219443  -0.2678298343396689  0.031140452380455604  -57.059917520209524  -0.22895254063223472  0.8732045454087024  0.430226168445884  -8.59642748726558  -0.14241938798814868  0.407162131975908  -0.9021838594266219  3.2826864593751166  0.0  0.0  0.0  1.0
27844314100061;18.254613203222405;18.254613203222405;1.0  0.0  0.0  0.0  0.0  1.0  0.0  0.0  0.0  0.0  1.0  0.0  0.0  0.0  0.0  1.0
27844314100092;11.393043179182689;11.393043179182689;1.0  0.0  0.0  0.0  0.0  1.0  0.0  0.0  0.0  0.0  1.0  0.0  0.0  0.0  0.0  1.0
27844314100123;5.730994932441914;5.730994932441914;1.0  0.0  0.0  0.0  0.0  1.0  0.0  0.0  0.0  0.0  1.0  0.0  0.0  0.0  0.0  1.0
27844314100154;17.463252642790277;17.463252642790277;1.0  0.0  0.0  0.0  0.0  1.0  0.0  0.0  0.0  0.0  1.0  0.0  0.0  0.0  0.0  1.0
27844314100185;21.245539471637414;21.245539471637414;1.0  0.0  0.0  0.0  0.0  1.0  0.0  0.0  0.0  0.0  1.0  0.0  0.0  0.0  0.0  1.0
27844314100216;3.735345026853811;3.735345026853811;1.0  0.0  0.0  0.0  0.0  1.0  0.0  0.0  0.0  0.0  1.0  0.0  0.0  0.0  0.0  1.0
27844314100247;13.271216615726097;0.06181784231620574;-0.03160545727072808  -0.988339152123078  0.14895239323805237  -98.49143125531242  0.9809967653231781  -0.05921680481485445  -0.1847666540612256  -61.592848921145645  0.19143260301257314  0.14028218136368809  0.9714290854692776  23.85337278791176  0.0  0.0  0.0  1.0
27844314100278;11.802091711636171;11.802091711636171;1.0  0.0  0.0  0.0  0.0  1.0  0.0  0.0  0.0  0.0  1.0  0.0  0.0  0.0  0.0  1.0
27844314100309;7.478645140598016;0.06412308003591442;-0.9381329978155457  -0.05291082291105001  -0.3422088882955744  -1.3436392612811474  0.3422319132006363  0.008907116028793405  -0.9395732972318248  -65.11463649788685  0.052761690615916984  -0.9985595165551854  0.009751712691886183  -59.3067040007618  0.0  0.0  0.0  1.0
27844314100340;12.12926847078954;12.12926847078954;1.0  0.0  0.0  0.0  0.0  1.0  0.0  0.0  0.0  0.0  1.0  0.0  0.0  0.0  0.0  1.0
27844314100371;7.953713343024883;7.953713343024883;1.0  0.0  0.0  0.0  0.0  1.0  0.0  0.0  0.0  0.0  1.0  0.0  0.0  0.0  0.0  1.0
27844314100402;10.041005189608843;10.041005189608843;1.0  0.0  0.0  0.0  0.0  1.0  0.0  0.0  0.0  0.0  1.0  0.0  0.0  0.0  0.0  1.0
27844314100433;14.948099495912265;14.948099495912265;1.0  0.0  0.0  0.0  0.0  1.0  0.0  0.0  0.0  0.0  1.0  0.0  0.0  0.0  0.0  1.0
27844314100464;4.885279212879443;4.885279212879443;1.0  0.0  0.0  0.0  0.0  1.0  0.0  0.0  0.0  0.0  1.0  0.0  0.0  0.0  0.0  1.0
27844314100495;16.561379565347497;0.11195536464975434;0.2426315280177048  -0.9699471838137131  0.018231901262336175  -7.364227648270099  -0.9639861012719546  -0.23894541322153842  0.11677279672459864  -32.413460513458574  -0.10890701614813253  -0.04590806151684493  -0.9929912948870578  1.8148251593803857  0.0  0.0  0.0  1.0
27844314100526;4.988304065514908;4.988304065514908;1.0  0.0  0.0  0.0  0.0  1.0  0.0  0.0  0.0  0.0  1.0  0.0  0.0  0.0  0.0  1.0
27844314100557;9.320673558395054;0.08532616978216837;0.24750518215920464  0.9607041994341251  -0.12565279938774157  -8.063588929902567  -0.17695623719925566  0.17232877935636942  0.969014593245027  -3.416060922000232  0.9525899825846486  -0.21760108684283053  0.21265486611925744  20.25979792163719  0.0  0.0  0.0  1.0
27844314100588;15.87658357879776;15.87658357879776;1.0  0.0  0.0  0.0  0.0  1.0  0.0  0.0  0.0  0.0  1.0  0.0  0.0  0.0  0.0  1.0
27844314100619;9.309459031404598;9.309459031404598;1.0  0.0  0.0  0.0  0.0  1.0  0.0  0.0  0.0  0.0  1.0  0.0  0.0  0.0  0.0  1.0
27844314100650;9.597631194952498;9.597631194952498;1.0  0.0  0.0  0.0  0.0  1.0  0.0  0.0  0.0  0.0  1.0  0.0  0.0  0.0  0.0  1.0
27844314100681;7.297471099283818;0.12175937493219338;0.8245471742870125  0.049411237695599075  0.5636315170079587  3.5568838079945415  0.5125745518800828  0.3565536459628408  -0.7811125567519306  -2.7535265768050463  -0.2395606105774411  0.9329673237257534  0.2686683582407305  -2.453512579840214  0.0  0.0  0.0  1.0
27844314100712;8.650942439496344;8.650942439496344;1.0  0.0  0.0  0.0  0.0  1.0  0.0  0.0  0.0  0.0  1.0  0.0  0.0  0.0  0.0  1.0
27844314100743;12.733448854215453;12.733448854215453;1.0  0.0  0.0  0.0  0.0  1.0  0.0  0.0  0.0  0.0  1.0  0.0  0.0  0.0  0.0  1.0
27844314100774;4.598125415447288;4.598125415447288;1.0  0.0  0.0  0.0  0.0  1.0  0.0  0.0  0.0  0.0  1.0  0.0  0.0  0.0  0.0  1.0
27844314100805;11.913189531673748;11.913189531673748;1.0  0.0  0.0  0.0  0.0  1.0  0.0  0.0  0.0  0.0  1.0  0.0  0.0  0.0  0.0  1.0
27844314100836;8.640990827250187;8.640990827250187;1.0  0.0  0.0  0.0  0.0  1.0  0.0  0.0  0.0  0.0  1.0  0.0  0.0  0.0  0.0  1.0
27844314100867;6.409696051288649;6.409696051288649;1.0  0.0  0.0  0.0  0.0  1.0  0.0  0.0  0.0  0.0  1.0  0.0  0.0  0.0  0.0  1.0
27844314100898;22.51393172662874;22.51393172662874;1.0  0.0  0.0  0.0  0.0  1.0  0.0  0.0  0.0  0.0  1.0  0.0  0.0  0.0  0.0  1.0
27844314100929;11.35647365629622;0.05214897917771101;-0.2597987172637168  0.3434797122112381  0.9025111156143245  -4.757109550363408  0.8794090492859351  0.47025229956281595  0.0741788297959208  23.14007368791814  -0.39892900438816925  0.8129480069814857  -0.42423011138142436  -20.928805767743746  0.0  0.0  0.0  1.0
27844314100960;8.931838196630506;8.931838196630506;1.0  0.0  0.0  0.0  0.0  1.0  0.0  0.0  0.0  0.0  1.0  0.0  0.0  0.0  0.0  1.0
27844314100991;2.7303992422678602;2.7303992422678602;1.0  0.0  0.0  0.0  0.0  1.0  0.0  0.0  0.0  0.0  1.0  0.0  0.0  0.0  0.0  1.0
27844314101022;3.041428379569016;3.041428379569016;1.0  0.0  0.0  0.0  0.0  1.0  0.0  0.0  0.0  0.0  1.0  0.0  0.0  0.0  0.0  1.0
27844314101053;13.922293305846535;13.922293305846535;1.0  0.0  0.0  0.0  0.0  1.0  0.0  0.0  0.0  0.0  1.0  0.0  0.0  0.0  0.0  1.0
27844314101084;10.548695524568679;10.548695524568679;1.0  0.0  0.0  0.0  0.0  1.0  0.0  0.0  0.0  0.0  1.0  0.0  0.0  0.0  0.0  1.0
27844314101115;4.295014706995369;4.295014706995369;1.0  0.0  0.0  0.0  0.0  1.0  0.0  0.0  0.0  0.0  1.0  0.0  0.0  0.0  0.0  1.0
27844314101146;10.908481463882481;0.12283864900093198;0.2400173524633463  0.028235008751176096  -0.9703579003632148  1.9679626131757488  0.12693881787187822  -0.9919073062948104  0.0025361853764721692  -214.4318022269425  -0.9624334818748649  -0.12378481328416133  -0.2416590841794065  -27.37693900149774  0.0  0.0  0.0  1.0
27844314101177;7.524206569447689;0.045816903958644614;0.9024487236885415  0.339572277610353  0.26509803732098813  18.040250625806415  -0.27172933205043437  -0.028822006240802125  0.9619420263506946  -64.75668210851143  0.33428950210311326  -0.9401382665516674  0.06626136543175075  -42.99998516084413  0.0  0.0  0.0  1.0
27844314101208;16.92222694472815;16.92222694472815;1.0  0.0  0.0  0.0  0.0  1.0  0.0  0.0  0.0  0.0  1.0  0.0  0.0  0.0  0.0  1.0
27844314101239;4.364181244222641;4.364181244222641;1.0  0.0  0.0  0.0  0.0  1.0  0.0  0.0  0.0  0.0  1.0  0.0  0.0  0.0  0.0  1.0
27844314101270;10.750785704410854;0.597438148502078;0.13357090516941744  -0.7070804388147811  0.6944033887717704  -30.867344841186817  0.9782466394587801  -0.018149268822638346  -0.20664974335528818  -61.913283002182865  0.15872090498678937  0.7069001747677676  0.689274848832797  27.521405203028568  0.0  0.0  0.0  1.0
27844314101301;12.136609704346055;12.136609704346055;1.0  0.0  0.0  0.0  0.0  1.0  0.0  0.0  0.0  0.0  1.0  0.0  0.0  0.0  0.0  1.0
27844314101332;6.935112362192998;6.935112362192998;1.0  0.0  0.0  0.0  0.0  1.0  0.0  0.0  0.0  0.0  1.0  0.0  0.0  0.0  0.0  1.0
27844314101363;7.8460839984677655;7.8460839984677655;1.0  0.0  0.0  0.0  0.0  1.0  0.0  0.0  0.0  0.0  1.0  0.0  0.0  0.0  0.0  1.0
27844314101394;13.188484809554595;0.038174883390959084;-0.3812035916004698  0.9093878095022747  0.16642606069830798  12.501280412273136  -0.8286164886840168  -0.25625784824839554  -0.49772143804750174  -95.24056171608345  -0.40997382408133437  -0.3276365778416034  0.8512201456899209  -47.11009586006654  0.0  0.0  0.0  1.0
27844314101425;12.438217758874531;12.438217758874531;1.0  0.0  0.0  0.0  0.0  1.0  0.0  0.0  0.0  0.0  1.0  0.0  0.0  0.0  0.0  1.0
27844314101456;13.306910826894018;13.306910826894018;1.0  0.0  0.0  0.0  0.0  1.0  0.0  0.0  0.0  0.0  1.0  0.0  0.0  0.0  0.0  1.0
27844314101487;11.823132391507976;0.014352005263218597;0.26371341421143446  0.04255045420063948  0.9636621264801623  4.840681787711414  -0.8794011457977148  0.4211210035978764  0.22206018350524945  -12.14777981138073  -0.39636960016456374  -0.9060058273411036  0.14847417583319714  -0.4537995910846637  0.0  0.0  0.0  1.0
27844314101518;11.362927964176022;0.024819281380524146;0.018632514951240006  -0.2798096594897145  -0.9598746709038852  -15.557740660598151  0.9504455106079668  0.3029405264823692  -0.0698596362697839  -0.8930236402216885  0.31033233919743736  -0.9110069109896125  0.2715883785757624  -5.583678412848298  0.0  0.0  0.0  1.0
27844314101549;8.602285781784683;0.010048160841983542;-0.5686736325029924  0.8008003527361489  0.18796035420670543  -38.11380150919341  -0.8082817294707848  -0.5864114313397033  0.0529365563466096  -11.48250218854314  0.15261371334047408  -0.12182129638031175  0.980749012871618  5.819197782353285  0.0  0.0  0.0  1.0
27844314101580;8.529179145836824;0.12540238717625649;0.8408270404967346  0.03242548369888627  -0.5403318202515894  -0.7078583163846801  0.4019377761760696  0.6312031776865523  0.6633464950996839  2.115090089505024  0.3625684929115303  -0.7749394405276405  0.5176996730369543  -34.33689793615362  0.0  0.0  0.0  1.0
27844314101611;6.938820905749202;0.06395062348963923;0.9923343043958528  0.057285641768092435  -0.10950334956710903  -4.8499497187553136  0.08211421998627547  0.3565551576012264  0.9306587314714292  10.59871342173367  0.09235736676218242  -0.9325163670602153  0.3491179485067669  11.477212357429051  0.0  0.0  0.0  1.0
27844314101642;12.547466022442515;12.547466022442515;1.0  0.0  0.0  0.0  0.0  1.0  0.0  0.0  0.0  0.0  1.0  0.0  0.0  0.0  0.0  1.0
27844314101673;7.73561147720838;0.11910335314573942;0.029119439171629735  0.9995180515907113  -0.010757453538796202  -24.249159822262037  -0.9983461980956868  0.02854825880187402  -0.049898553759298914  -20.393942011925315  -0.049567398663013906  0.012192680742594497  0.9986963560192318  -11.585374421580966  0.0  0.0  0.0  1.0
27844314101704;7.852470163017852;7.852470163017852;1.0  0.0  0.0  0.0  0.0  1.0  0.0  0.0  0.0  0.0  1.0  0.0  0.0  0.0  0.0  1.0
27844314101735;7.401041146075741;7.401041146075741;1.0  0.0  0.0  0.0  0.0  1.0  0.0  0.0  0.0  0.0  1.0  0.0  0.0  0.0  0.0  1.0
27844314101766;17.078221026612844;0.5635827560485827;-0.7410413120303416  -0.16491597347276973  -0.6508920767361356  7.323556560643686  0.649112922245741  -0.42395073807283173  -0.6315997038165045  -60.6433893665845  -0.1717852963380309  -0.8905439311909495  0.4212141006436334  -42.5419635112298  0.0  0.0  0.0  1.0
27844314101797;5.658008139654423;0.12723646407820333;0.17260411811565718  0.3735430938310489  -0.9114128457843043  32.25016876940722  -0.8052436710791568  -0.4793768403134408  -0.348970593543443  -97.29424871305065  -0.5672657654014366  0.7941431873549181  0.21805079541540798  51.87563050115167  0.0  0.0  0.0  1.0
27844314101828;12.532088953947076;12.532088953947076;1.0  0.0  0.0  0.0  0.0  1.0  0.0  0.0  0.0  0.0  1.0  0.0  0.0  0.0  0.0  1.0
27844314101859;13.452993466710405;0.08382404668310547;-0.5319154510860316  0.7489141284321732  -0.3952133362256668  7.2061270696800825  -0.8397948708311235  -0.5264371355206019  0.13269708840287237  -121.91567888800196  -0.10867625233545632  0.40248176428198823  0.9089542901591795  39.45973294962829  0.0  0.0  0.0  1.0
27844314101890;10.240194569123585;10.240194569123585;1.0  0.0  0.0  0.0  0.0  1.0  0.0  0.0  0.0  0.0  1.0  0.0  0.0  0.0  0.0  1.0
27844314101921;5.39778345406533;0.1263751283490715;-0.3704833293312655  -0.7337448569115481  -0.5695266347094513  -27.57437830134477  0.8344303397308643  0.006419061235394485  -0.551076041748768  -33.025004183637066  0.4080050377437203  -0.6793947899481628  0.6098808150508079  -29.02150540155738  0.0  0.0  0.0  1.0
27844314101952;13.302221500961894;0.046172758008064446;-0.05940935079977413  -0.9966838871237328  0.05560358068933739  5.770830619628569  0.9967176219299652  -0.062295806463094884  -0.05170313947321764  25.943317212709868  0.05499555592794522  0.05234941876505331  0.997113347209402  7.966282184548366  0.0  0.0  0.0  1.0
27844314101983;10.786030610610256;10.786030610610256;1.0  0.0  0.0  0.0  0.0  1.0  0.0  0.0  0.0  0.0  1.0  0.0  0.0  0.0  0.0  1.0
27844314102014;18.074211930870813;0.20353072139043313;0.2702029147614712  0.827227791331338  -0.4926302529316302  34.6196707649674  -0.7309583502119863  0.5092718536272454  0.45424890683241237  -13.80807014273213  0.6266500419770011  0.23735281829408789  0.7422758008571191  0.06481227007755774  0.0  0.0  0.0  1.0
27844314102045;5.527523174873733;5.527523174873733;1.0  0.0  0.0  0.0  0.0  1.0  0.0  0.0  0.0  0.0  1.0  0.0  0.0  0.0  0.0  1.0
27844314102076;12.49337546729974;12.49337546729974;1.0  0.0  0.0  0.0  0.0  1.0  0.0  0.0  0.0  0.0  1.0  0.0  0.0  0.0  0.0  1.0
27844314102107;8.34390181428472;7.516996981434356;0.28084766724948235  -0.8427472197298456  0.4592403634679119  -14.813751835845965  -0.9495429221220363  -0.3135936904890402  0.005218844068217253  -15.906659176666258  0.13961671407273707  -0.43753413686600484  -0.8882967140705026  3.9075421921297426  0.0  0.0  0.0  1.0
27844314102138;13.875093444885819;13.875093444885819;1.0  0.0  0.0  0.0  0.0  1.0  0.0  0.0  0.0  0.0  1.0  0.0  0.0  0.0  0.0  1.0
27844314102169;7.7056993337980995;7.7056993337980995;1.0  0.0  0.0  0.0  0.0  1.0  0.0  0.0  0.0  0.0  1.0  0.0  0.0  0.0  0.0  1.0
27844314102200;9.927306225231835;0.08276613884617567;0.7242375851350537  -0.3788344553751789  -0.5761634973671412  -14.828113214101116  0.645658568248011  0.6659106489386698  0.37374860652316505  12.046402413217308  0.24208455862709144  -0.6426876870227644  0.7268752323636125  5.6209915598567415  0.0  0.0  0.0  1.0
27844314102231;10.287771982386351;0.09864374426131586;-0.7726313911365517  -0.4998637297989814  0.39137831450126237  -47.7254311450792  -0.613090249163438  0.7475259426111425  -0.25558816777002275  -19.346804699773646  -0.16480618863110497  -0.43742566997694  -0.8840235876005318  -21.19878788120232  0.0  0.0  0.0  1.0
27844314102262;8.065900080817094;8.065900080817094;1.0  0.0  0.0  0.0  0.0  1.0  0.0  0.0  0.0  0.0  1.0  0.0  0.0  0.0  0.0  1.0
27844314102293;15.344796486985695;0.0990549319049227;0.23205062498101894  0.8623834872944979  -0.4499413609435117  61.5402734056885  -0.1662953904210857  -0.42058522677675325  -0.8918822288519068  -112.07842758554452  -0.9583831961019641  0.281785002899245  0.045813333981006746  12.785253844969587  0.0  0.0  0.0  1.0
27844314102324;11.120662662609497;0.09445041354482753;-0.2745342914855531  -0.45851671213088396  0.8452179289953624  -23.78852207404919  0.4591108301055559  -0.8348335507966655  -0.30376008319728154  -10.282960336042601  0.844895359484424  0.304656145779001  0.4397004257000116  9.31508971088655  0.0  0.0  0.0  1.0
27844314102355;17.81708979026515;17.81708979026515;1.0  0.0  0.0  0.0  0.0  1.0  0.0  0.0  0.0  0.0  1.0  0.0  0.0  0.0  0.0  1.0
27844314102386;12.639375851730701;12.639375851730701;1.0  0.0  0.0  0.0  0.0  1.0  0.0  0.0  0.0  0.0  1.0  0.0  0.0  0.0  0.0  1.0
27844314102417;4.852743056092726;0.081847860200949;-0.2962690068450061  0.6406874271532588  0.7083391110695584  -29.882976586013896  0.04237948712659945  -0.7320863976998843  0.6798922601219215  17.364134363214728  0.9541638510517787  0.23145005290676715  0.18974250540006699  8.565314370924169  0.0  0.0  0.0  1.0
27844314102448;8.862723016525484;0.04269417158749609;0.20174163829216404  0.6796933775639752  0.7052072205209394  -14.583672267734542  -0.9245543021067326  -0.10548416730844316  0.36615902679461126  -31.186816543289254  0.3232640620841205  -0.725871891550375  0.607132887613539  1.724381650660475  0.0  0.0  0.0  1.0
27844314102479;8.845892927971892;8.845892927971892;1.0  0.0  0.0  0.0  0.0  1.0  0.0  0.0  0.0  0.0  1.0  0.0  0.0  0.0  0.0  1.0
27844314102510;12.811880985162878;12.811880985162878;1.0  0.0  0.0  0.0  0.0  1.0  0.0  0.0  0.0  0.0  1.0  0.0  0.0  0.0  0.0  1.0
27844314102541;16.755247254223338;16.755247254223338;1.0  0.0  0.0  0.0  0.0  1.0  0.0  0.0  0.0  0.0  1.0  0.0  0.0  0.0  0.0  1.0
27844314102572;6.047632241354357;9.038285080757207;-0.7248476342844704  -0.6888628917573892  -0.007988956869005331  -9.586975364872083  -0.6277247443257183  0.6652046370894515  -0.4043073535763395  -18.181056347644816  0.28382662389814434  -0.28804636285559904  -0.9145882901132303  -3.83916998571257  0.0  0.0  0.0  1.0
27844314102603;5.000465750138839;0.10615539704779414;0.5905392589611056  -0.7941576864109422  0.14344668954035542  -46.925497146351795  -0.24601756826023252  -0.34644983029222187  -0.9052336003473423  -88.41463492979419  0.7685953029605306  0.49928557380011507  -0.39996896887396205  26.482962766566487  0.0  0.0  0.0  1.0
27844314102634;4.837279486815611;0.028604985821517586;0.9347120090766934  0.1286886475242564  -0.33128943853704407  8.583428861968605  -0.34513361607490295  0.10617643328767894  -0.9325284725247638  -31.244420540033083  -0.08483069693733133  0.985984683964556  0.14365916554275898  44.91265189416398  0.0  0.0  0.0  1.0
27844314102665;12.464679441521291;0.21694198386316685;0.04521408827466801  -0.5098584828691816  -0.8590692717516022  -5.897493987553813  0.10749524728546428  0.8574387397061883  -0.5032331263560665  -5.441808693077725  0.9931769520244258  -0.0695926368044818  0.09357567456381011  -21.43995376107838  0.0  0.0  0.0  1.0
27844314102696;10.865536856965761;0.09767294235353521;0.10971844993310217  -0.9837481772458566  -0.14213157815817257  -84.25986215122151  0.6462042229985558  0.17924902358775957  -0.7418152665736046  -50.61698348518518  0.7552363629507721  -0.010455204842093738  0.6553691515234749  18.869894779462072  0.0  0.0  0.0  1.0
27844314102727;12.326628554608499;0.10233641083330546;-0.7890242027413364  -0.6099720113605148  0.07331406989935535  -40.658294203030096  0.6115996474141161  -0.7911673481253272  -0.00031391601907540534  -107.26355627613908  0.058195178248101505  0.04459117196426075  0.9973088531701331  7.386549983734784  0.0  0.0  0.0  1.0
27844314102758;6.140194318079895;6.140194318079895;1.0  0.0  0.0  0.0  0.0  1.0  0.0  0.0  0.0  0.0  1.0  0.0  0.0  0.0  0.0  1.0
27844314102789;11.79753658561828;11.79753658561828;1.0  0.0  0.0  0.0  0.0  1.0  0.0  0.0  0.0  0.0  1.0  0.0  0.0  0.0  0.0  1.0
27844314102820;13.718009914125455;0.039752258468670566;-0.06693621514695093  -0.9977337432613398  0.006849865656775256  -17.404709369888785  0.9163187364105626  -0.06418793389931418  -0.3952719095062114  6.269639698237357  0.3948158006016863  -0.02018134533305549  0.9185386202527341  -7.7068444481190195  0.0  0.0  0.0  1.0
27844314102851;14.126286162245718;0.05436221990725798;-0.7492486515087606  0.015514814833870967  -0.6621070523208273  -17.424810291503725  -0.43887070874588097  -0.760347897913937  0.47881476078202356  -17.209120987944658  -0.4960029830728766  0.649330705156108  0.5764986349717398  -16.08495512848851  0.0  0.0  0.0  1.0
27844314102882;16.65338049572903;16.65338049572903;1.0  0.0  0.0  0.0  0.0  1.0  0.0  0.0  0.0  0.0  1.0  0.0  0.0  0.0  0.0  1.0
27844314102913;3.6628597101339557;3.6628597101339557;1.0  0.0  0.0  0.0  0.0  1.0  0.0  0.0  0.0  0.0  1.0  0.0  0.0  0.0  0.0  1.0
27844314102944;9.703443455187617;0.09741877724120347;0.6101825741297324  -0.7922213748628454  0.007906923474750832  -18.468340415726605  0.7918290673997994  0.6094902190123744  -0.039094768818999204  17.276342219469107  0.026152518983392548  0.03011587851399719  0.9992042231756997  3.6095580713074265  0.0  0.0  0.0  1.0
27844314102975;6.1736923351409825;6.1736923351409825;1.0  0.0  0.0  0.0  0.0  1.0  0.0  0.0  0.0  0.0  1.0  0.0  0.0  0.0  0.0  1.0
27844314103006;8.779326562990162;0.4948260308209702;-0.25073213503543834  0.5538202818870993  -0.7939877151638216  38.59593039047953  -0.6341758762853242  0.5257150874798964  0.5669608493835773  -21.69154490691301  0.731405738559873  0.6456831592712485  0.2194057962661597  18.590910486035284  0.0  0.0  0.0  1.0
27844314103037;4.983612374719573;2.3679808715927986;-0.5619383935932633  -0.7170158101684418  0.4124482631486231  0.7461556170124961  0.8194895951575858  -0.5504017117004876  0.1596707837571723  21.766478858132125  0.11252575364901629  0.4277222039193973  0.8968788497004789  1.2804974124382809  0.0  0.0  0.0  1.0
27844314103068;8.080951485631328;0.14994715908437;0.36151058406328307  -0.7891046072580986  0.49661254153944334  -35.125295498053575  -0.6752729931575757  0.1456738902707388  0.7230390739132958  -30.933387499748306  -0.6428969453359006  -0.5967353152759022  -0.4801983769030644  -27.332067169950527  0.0  0.0  0.0  1.0
27844314103099;5.35424278701302;0.03167742452593577;0.7254463938338238  0.6879071109361988  -0.02261274854836373  26.6262540925353  -0.6765331830088527  0.7066380820498489  -0.20728114551212845  -7.356512940453079  -0.12661114469670312  0.16566963427352094  0.9780200357448043  12.770352676712697  0.0  0.0  0.0  1.0
