# registration_from_features.py RANSAC RANSAC_config.json euclidean True --use_random_keypoints=True --n_keypoints=5000 --input_txt=/i7g4/neural_comparison/point_clouds_registration_benchmark/tum/pioneer_slam3_global.txt --input_pcd_dir=/i7g4/neural_comparison/point_clouds_registration_benchmark/tum/pioneer_slam3/ --input_features_dir=/i7g4/neural_comparison/features/3DSmoothNet/tum/pioneer_slam3/ --output_dir=/root/neural_registration_comparison/results/3DSmoothNet/RANSAC_mutual_on
id;initial_error;final_error;transformation
39885980090030;15.205318337116758;0.10614856758764815;0.5820008215166327  -0.6550257320137908  0.48188830049479614  14.185461947284917  -0.8117603441646242  -0.5030819010845875  0.296569965510415  11.342070567015488  0.0481683235715788  -0.5637817762227824  -0.8245179933775781  0.38909103411485635  0.0  0.0  0.0  1.0
39885980090061;13.318166755923231;0.04033579818661422;0.7675342455302775  -0.5154914570817496  -0.3809983459465438  3.2323701414178014  0.6368981997604222  0.5460876398791111  0.544195711773986  10.104834942761187  -0.0724697528642186  -0.6603460057023108  0.7474565456752666  -0.07100348131167968  0.0  0.0  0.0  1.0
39885980090092;16.131758473986306;0.036648923043062415;-0.5056948362687336  -0.8429167727168202  0.18374995739808986  8.1066253216475  0.07161780680209333  0.1712389618670542  0.9826230750840084  12.765630675897617  -0.859734623194854  0.5100671840173165  -0.026226808205510543  7.196107699696924  0.0  0.0  0.0  1.0
39885980090123;12.985542941208589;0.08476168126183625;0.5013387971834128  -0.6602393964176726  0.5592346107464354  8.421734024070657  -0.32831728365664714  -0.7431481986276943  -0.5830424651161652  -3.780319559833523  0.8005417988406414  0.10869541984113784  -0.5893370292239821  -9.003897515863104  0.0  0.0  0.0  1.0
39885980090154;12.128119033469892;0.048711559539345965;-0.6852231440796265  -0.6797606831241928  -0.2615237207141296  11.083247752489484  -0.7269686008451155  0.6163574801145422  0.30268813999254607  0.9018122765695693  -0.044563395325384204  0.39752845229666606  -0.9165070831213961  10.33827706289078  0.0  0.0  0.0  1.0
39885980090185;6.628057703543316;0.052730358688623136;-0.7244524806213465  -0.6821600354226736  -0.09912764192552012  7.275951742450282  -0.17770297816223515  0.045874086503439306  0.9830143537811379  2.9568334979691415  -0.6660257163757642  0.7297624642714996  -0.1544554656415197  5.85731581469625  0.0  0.0  0.0  1.0
39885980090216;5.823010286342225;0.02223832144891396;-0.23554637623517327  -0.5012201831058297  0.8326441212726107  7.784652622193315  -0.9465732607880246  0.3124937295098774  -0.07966637294452052  3.1771957996850784  -0.2202656727763228  -0.8069237864038757  -0.5480483886775218  -0.7744899085304129  0.0  0.0  0.0  1.0
39885980090247;5.3740242030998315;0.01434723260905274;0.7971511104161767  -0.5084318078896642  -0.3256488966483773  -3.964187833664752  0.5348896893131894  0.34448600197650636  0.7715065875990188  -0.8091679379563597  -0.28007700267729485  -0.7891935701513866  0.5465623307574466  2.2327578379701394  0.0  0.0  0.0  1.0
39885980090278;4.39500473301532;0.06516978372921031;-0.25558146721230435  -0.11375363240694614  0.960071989348628  2.7925799110975555  -0.9303320107552149  0.2990667994088874  -0.2122295909044814  4.577430931219067  -0.2629837701869925  -0.9474276545497023  -0.18226457695527493  5.133790860711356  0.0  0.0  0.0  1.0
39885980090309;6.062761454151005;0.07681874836955953;0.7813128368586607  -0.13055287068810065  -0.6103328591145718  5.5812392227671666  0.2691746552321791  -0.8117805177011453  0.5182252368049036  -0.07431621113682052  -0.5631121166699483  -0.5691821668288254  -0.5991130152346335  5.842824958061599  0.0  0.0  0.0  1.0
39885980090340;10.653667033347874;0.06325223737008517;-0.1682350153418881  0.8155204857013564  0.5537357826746787  8.604618468365723  -0.865923940514205  -0.39068988264189586  0.3123093736115118  4.4242154434866485  0.4710336600045346  -0.4269516986764267  0.7719064309487563  5.282662089147211  0.0  0.0  0.0  1.0
39885980090371;7.825764243118106;0.0328888331792426;-0.01791610212240985  -0.6753752111784608  0.7372566292753068  7.519660252411837  -0.9986667739359767  0.04779110980280332  0.019511136822962932  5.932000578790868  -0.048411650674681284  -0.7359241360014394  -0.6753310137476932  -3.1910370073491445  0.0  0.0  0.0  1.0
39885980090402;6.3535513934385985;0.040149972950037256;-0.4116551637125064  0.841345325740363  -0.3502542919703795  -1.186665424752439  -0.7435637929094904  -0.08785879127758324  0.6628677987874312  2.159276071098704  0.5269278053613057  0.5333093620499122  0.6617614466611316  1.6426204566752542  0.0  0.0  0.0  1.0
39885980090433;6.8874917645610045;0.033749139701133885;0.0688909558091011  -0.9803956363085544  -0.1846034466494424  7.897041079023577  0.8518961817868786  0.1541074854344238  -0.5005235043332305  -5.059922404212312  0.5191598324838381  -0.12278142872692066  0.8458119111806892  3.103456463729679  0.0  0.0  0.0  1.0
39885980090464;6.2677651862134764;0.015415354646259212;0.6873172716064224  0.7062203421904082  0.1698463906827777  -2.7131802675319916  0.7216605501521911  -0.6904901405846661  -0.049289107411313676  -5.494211126985505  0.0824682878780717  0.15644869456735722  -0.9842371601715868  -2.041026766179557  0.0  0.0  0.0  1.0
39885980090495;9.69087354585672;0.06594225532929723;0.5365530901211102  -0.842944774831433  0.03943206900321314  2.808992539811886  -0.5366074394860787  -0.3768803198271378  -0.7549925035490025  10.72928036297628  0.6512781566809098  0.3839340192160374  -0.6545467374595467  0.08455985693004436  0.0  0.0  0.0  1.0
39885980090526;2.92110847772627;0.15253186451914352;0.28170160052096455  -0.21561760405853816  -0.9349616340171302  -0.14382257800203258  0.45945005123842136  0.8857600005501106  -0.0658397436392279  -0.9050371071172132  0.8423478252366644  -0.4110210094940684  0.3485855290650178  -1.2179269908674153  0.0  0.0  0.0  1.0
39885980090557;4.738076726601074;0.014813749151026566;-0.3851417368894882  0.05663409842206918  0.9211180279430362  2.854417613143991  0.7593004828508572  0.5867480773791698  0.2814062373763296  -5.004384486391302  -0.5245270433907134  0.807786650414432  -0.2689834719160814  5.012748011073244  0.0  0.0  0.0  1.0
39885980090588;14.769319861057435;0.039387140601177345;-0.09204145192653487  -0.7492807689749776  -0.6558252056543129  -6.07977899377159  0.3609281590186089  -0.6389365792295298  0.6793312238885428  6.335747848381411  -0.9280405352971892  -0.17417915192908023  0.3292451789754457  -2.6956542771566676  0.0  0.0  0.0  1.0
39885980090619;2.836952107880147;0.09002897832253398;-0.09475486863487907  0.989122684623173  -0.11250702037577137  2.3502641864612337  -0.9846971041821444  -0.10973087088487599  -0.13539109642123998  4.220543347293385  -0.14626389809274765  0.09795637160845676  0.9843837774851945  -1.7531709919445182  0.0  0.0  0.0  1.0
39885980090650;12.55893498698289;0.018712614282860363;0.23817011203708163  -0.9243367206615197  0.29812182840065854  -5.5451430563577055  0.9093020680923886  0.10437167353579313  -0.4028353295407995  -7.183656784860463  0.3412400133266176  0.36702613067742923  0.8653595048907732  -2.0901439582875705  0.0  0.0  0.0  1.0
39885980090681;13.661467239296929;0.012770195829656066;0.7073569605498526  -0.4014545934155549  -0.5817906322614916  5.676371763780544  0.25365473978832226  0.9124111885116357  -0.3211932378829044  5.0488522247518395  0.6597767829687504  0.07962432106044484  0.747231265506918  -11.718017632737988  0.0  0.0  0.0  1.0
39885980090712;11.512393687205597;0.024598340339003488;0.860370736186605  -0.49514301548652007  -0.12081221183570559  8.173604881593967  0.0011916217827145793  -0.2350857758091856  0.9719738978232493  0.8033048675903312  -0.5096673192890109  -0.8364018604875942  -0.2016708987971354  8.829137287880133  0.0  0.0  0.0  1.0
39885980090743;17.098275178250592;0.044009406916978244;-0.01276698565563801  -0.9259940363195931  -0.37732220816938017  6.427464355220872  -0.030035628068212056  0.37753782801400676  -0.9255069148661256  -13.040209132547426  0.9994672906722946  -0.0004828239998375516  -0.032632832502992926  -5.985609376949357  0.0  0.0  0.0  1.0
39885980090774;10.611953381784044;0.03599082125220831;-0.66610604384305  0.7457870438215143  -0.01021878778177028  5.4832573577471635  -0.2963076609300474  -0.27717320929104255  -0.9139894868790719  -6.1471798563428806  -0.6844738917080229  -0.6057860161140005  0.4056091644068256  3.908582166905254  0.0  0.0  0.0  1.0
39885980090805;5.343071835957388;0.01131379580692549;0.15710543967504842  -0.38237929274013305  -0.9105514578034926  -0.515191340276568  0.6374272587967906  0.7434943574975834  -0.20224398659061532  -6.266933477272824  0.7543237836415602  -0.5486366893061486  0.3605459923225741  -0.5318781886208137  0.0  0.0  0.0  1.0
39885980090836;5.261479947974986;0.07381721291984505;0.6310081803980727  0.20305235483516954  0.7487312050840444  -2.280169090194445  -0.17679937355441044  0.9773802386791278  -0.11605968529295532  2.844097532460302  -0.7553612763317175  -0.059140597185217345  0.6526344550995562  4.043836271498852  0.0  0.0  0.0  1.0
39885980090867;12.813048896623984;0.025058712185255967;0.7477004376779941  -0.4077490168854603  0.5241038014793227  -5.522866980367713  0.6062482339318163  0.7412023605936013  -0.28823972575796447  2.478118141787649  -0.27093751004740957  0.5332539731492054  0.8013944507980428  -7.50265455207752  0.0  0.0  0.0  1.0
39885980090898;9.513150698671726;0.020425257163031448;-0.6127037262930538  0.770066286724531  0.17774154786346164  10.40239906630608  0.6710665904938322  0.6257221003102024  -0.3976700696637514  -1.6867756783596985  -0.41744912852896227  -0.12437751900436936  -0.9001480199704542  -3.3119652562454345  0.0  0.0  0.0  1.0
39885980090929;3.2910700942172166;0.022123506083426035;-0.42209959363348587  -0.26590514486550837  -0.8666754796280438  5.225496071811206  0.502016216317291  -0.864608708931302  0.020772553878108946  -0.522562871114254  -0.7548586964518048  -0.4263170585071644  0.49843967941655865  1.4749021870766168  0.0  0.0  0.0  1.0
39885980090960;13.148595121958836;0.017487527207437906;0.7017454603268405  -0.7120611636979063  -0.02285187221773749  0.7889848311101484  0.6960632064247214  0.6784379984994303  0.23498488218143554  0.7587965664766161  -0.15182003020816187  -0.18080592176494614  0.9717303623342854  12.083766604018024  0.0  0.0  0.0  1.0
39885980090991;4.974292677219224;0.04142768957466906;-0.5748482522145159  0.6487144837547324  0.4987173603282212  5.843914745601078  -0.45037260995827405  -0.7596983163890965  0.46906607239806336  3.576560178241409  0.6831646939979333  0.04503317268863227  0.7288744845529356  0.9730828760502724  0.0  0.0  0.0  1.0
39885980091022;13.287028172970416;0.0241063680681943;-0.508762707675131  -0.7097337519403932  0.4872766243476925  15.6292444263867  0.6201511936226834  -0.694719992904876  -0.36438527482132255  -3.32327137939708  0.597137341260309  0.11679954115861066  0.7935898580864723  -0.6710493722635684  0.0  0.0  0.0  1.0
39885980091053;15.533441302838277;0.057408107506684465;-0.4876134322090581  0.858787411965546  0.15721743471645228  -10.005366613272917  -0.8702604836424043  -0.49251281340839165  -0.008821521356244859  1.4948614449697117  0.06985578959392202  -0.1411216130791823  0.9875246118361503  -0.0029041767448459432  0.0  0.0  0.0  1.0
39885980091084;7.763469718260981;0.036308639805175284;-0.5916627600735169  -0.027409744497529004  -0.8057194823564636  -0.9749295728310265  -0.7994104180717068  0.14924499590202012  0.5819526739148346  5.3270885294944295  0.10429842674080883  0.9884202735197144  -0.1102143415105581  1.9347210828500425  0.0  0.0  0.0  1.0
39885980091115;3.6651649034345075;0.059946482564765716;0.44192164993057165  -0.8933351888874962  0.081593477790706  2.636136592694564  0.8952942496538717  0.44492057778422517  0.022223546091074173  -2.1437898631200203  -0.05615569302708495  0.06322910531940447  0.9964178934468986  -2.9780016872124055  0.0  0.0  0.0  1.0
39885980091146;8.080612412768405;0.06891014392839613;-0.5252270835623625  -0.8016107459764187  0.2855813765421411  3.6894849330400037  0.6846357737660453  -0.1987513226105125  0.7012644073673923  5.329280139898555  -0.5053814084158054  0.5638422861897656  0.6532009708596241  -2.6021207716384875  0.0  0.0  0.0  1.0
39885980091177;3.8726541071914253;0.011058822345398083;-0.5041832426882116  -0.8635210280751815  -0.011432054250300028  6.504947733167771  0.8635366599336975  -0.5042601083464271  0.005116647437915456  1.7018832016056218  -0.010183061570765567  -0.007292270046544369  0.9999215609509653  -1.7182381574537966  0.0  0.0  0.0  1.0
39885980091208;5.2059592602279805;0.05740112346373919;0.20982652596980264  0.9652459380443125  0.1557982929572713  1.8095488364427195  -0.9662090612826102  0.18030420969114297  0.18420217659688276  1.3563760050525886  0.14970931465617218  -0.18918422517907812  0.9704619776418708  -3.895001656666472  0.0  0.0  0.0  1.0
39885980091239;9.534104921615693;0.07641096241408331;-0.4731950776787375  -0.08446636903123939  0.8768989970135057  11.84074888298206  0.36109601583142287  0.8893357766772506  0.28052013060125447  1.04074561861465  -0.803552167448565  0.449385479098458  -0.3903288425983447  -0.738248064140185  0.0  0.0  0.0  1.0
39885980091270;6.793393155968177;0.044281160994983415;-0.261415622716033  -0.9521145324630028  0.15855531928240946  4.901509549616227  0.6724097187572963  -0.2974871005698728  -0.6777658851810591  5.466865157587586  0.6924789111017914  -0.07056445328413208  0.7179788406436425  -3.798415554545242  0.0  0.0  0.0  1.0
39885980091301;9.237550092631151;0.09531217144075618;0.10167207403025427  0.022026017062660844  0.9945741017816333  -2.873674138744569  0.7034133196041465  0.7053710996407494  -0.08752893004644927  3.356043732515915  -0.7034717415546006  0.7084959183820019  0.05622314888177228  -2.051288952543862  0.0  0.0  0.0  1.0
39885980091332;14.314334062580222;0.025024575059140883;0.44336643587812546  0.21248066830050688  0.8707916910118622  8.771453919116075  0.8485476965376769  0.2134943315369447  -0.48413528801585676  7.622331137414589  -0.2887784795259704  0.9535576207026845  -0.08564376079146341  -3.9425770418805977  0.0  0.0  0.0  1.0
39885980091363;4.939595963032118;0.05638788068921687;0.42230921286381196  0.8996488189757179  0.11084643091206595  3.2222197337268783  -0.9064135268453626  0.4202462652113342  0.04251581973426638  0.3478441249537476  -0.008333491591084777  -0.11842752674746412  0.9929277284004008  -0.6582494625458364  0.0  0.0  0.0  1.0
39885980091394;15.273466798993145;0.03967204764066251;0.1011651351913041  -0.9191327429628064  -0.3807369383647895  0.9154874708103264  -0.8813300554915049  0.09474679988708971  -0.46290428513732496  -3.6485014098379143  0.4615440918363784  0.3823846816032568  -0.8004742385399475  8.757688960783597  0.0  0.0  0.0  1.0
39885980091425;8.06198539416402;0.013402848774312096;0.45198276843891155  0.8660349218991756  -0.21376410148896244  -0.48238862981098585  0.22996750158014992  -0.3446657473237113  -0.9101211297617311  -4.521564034561278  -0.8618738453226666  0.3622002714975153  -0.3549428659317517  -1.2115217202602473  0.0  0.0  0.0  1.0
39885980091456;10.977064992754894;0.06175491495486562;-0.7387352168553727  0.6738586557455633  0.013593802059312661  -3.7458707984190927  -0.669949313711567  -0.7363574880326598  0.0945810069497715  -0.8855152496815196  0.07374412813944359  0.060763162319071556  0.9954243525602232  -3.593644813391456  0.0  0.0  0.0  1.0
39885980091487;2.767744523025431;0.01688735500353295;0.9014671516379047  -0.36738976804171897  0.22887055917285343  0.27237247348800464  -0.38689315189141626  -0.44681409892314705  0.806641711060755  0.9430996804396409  -0.1940893184525309  -0.8157094576758007  -0.5449288183982234  2.788092030886842  0.0  0.0  0.0  1.0
39885980091518;6.6339837111177165;0.04342573358542357;-0.8899987471718759  -0.45579447126290673  0.012394756901991984  10.335480588513818  0.4528654445340504  -0.8867892000225891  -0.09229194910865311  3.515660391778714  0.05305769670339355  -0.07652656198643969  0.9956548428702925  -2.1280949948988828  0.0  0.0  0.0  1.0
39885980091549;8.72791924372333;0.08756086323943421;0.48169297873175543  0.4039224747338293  0.7777007834928721  -5.0096004421127995  0.3499878996574202  -0.9022657300640986  0.25184324975128114  5.743069446423  0.8034179138741655  0.15087473863042059  -0.5759830456786781  -0.27083812693868203  0.0  0.0  0.0  1.0
39885980091580;11.404884011730314;0.012041244042879855;-0.0035044964732364138  -0.9682432600379881  0.2499854153655343  12.780778723891164  0.9464753443639332  0.07747393246981722  0.31334040961682036  -4.79050253205313  -0.322757092897497  0.23770313245447922  0.9161468658494032  1.7606248927464303  0.0  0.0  0.0  1.0
39885980091611;5.185738995238877;0.024530953035544017;0.9679975467707818  0.004169531534694959  0.2509250175899769  -1.3016856900224458  0.17507320706113536  0.7051544914293532  -0.6871000766892251  3.53137156061809  -0.17980578860280866  0.709041436182535  0.6818578445402905  -3.138922575605448  0.0  0.0  0.0  1.0
39885980091642;11.452810801369598;0.005551481342528629;-0.9887125774271599  -0.03238052769091357  0.14628376760187867  6.7057860368551365  0.03096403694976041  -0.9994490559575503  -0.011950437704758787  1.1672544806844352  0.14659013491062856  -0.007286012079280091  0.9891704839788054  8.844624400479029  0.0  0.0  0.0  1.0
39885980091673;6.84357315400721;0.03078754643947384;-0.6792958053988627  0.5086039882229525  -0.5290360970021023  4.458701600854919  -0.7226591289138684  -0.589091800431103  0.3615724464921115  2.252188025592825  -0.12775363855859415  0.627927411273428  0.7677149041190303  5.372668395913207  0.0  0.0  0.0  1.0
39885980091704;11.97004270038415;0.08920163522375378;0.04614279697190568  -0.047536736040591325  -0.9978031374044762  4.072099108628873  0.9982087442198121  0.04027240968313006  0.0442429201276351  -0.3353858545572283  0.03808077271689325  -0.9980573088480045  0.04930986721096543  -10.252183472673973  0.0  0.0  0.0  1.0
39885980091735;9.206758517908435;0.04833352133696857;-0.6570171607650289  0.2144146645513309  -0.7227411722640419  7.607740541998681  0.7480168919095046  0.304704417294851  -0.589598123724161  -5.164431283520831  0.09380394383130232  -0.9279986905736164  -0.3605818220811309  6.9198879543721485  0.0  0.0  0.0  1.0
39885980091766;2.598811728309922;0.03453998453004499;0.8204641499570513  0.14548959145921053  -0.5528755351905942  -0.8943602709994929  0.24660589163635355  -0.9625443184000672  0.11266751672948942  3.34024981446352  -0.5157752542004052  -0.2287820226608348  -0.8256116964177069  0.8736302864575629  0.0  0.0  0.0  1.0
39885980091797;12.542227557622743;0.008255067209421487;0.7609062551818753  0.35145029570853853  -0.5454396029547877  -2.099602182306415  0.6237439661956112  -0.6278064034455009  0.4656206443311916  11.15818443342496  -0.1787879622895896  -0.6945083220805971  -0.6969168207907814  2.9381489612179115  0.0  0.0  0.0  1.0
39885980091828;9.47715700246654;0.05523484526041492;0.5265806775826206  -0.8471863586860403  0.07062622496577493  -2.4136653311310856  0.8498568050771464  0.522507419889211  -0.06877068434140465  0.44707914268638427  0.02135885906815968  0.09623549146239065  0.9951294033050669  6.085688148066006  0.0  0.0  0.0  1.0
39885980091859;14.228056617716064;0.014038528647892567;0.24017874614043172  -0.16990971832349067  -0.955743091799068  12.137310371451925  -0.9091861760756834  -0.384360544885783  -0.16014827119885044  2.483543935585165  -0.3401391878853222  0.9074126179166435  -0.2467948008171516  6.585942311471518  0.0  0.0  0.0  1.0
39885980091890;12.934736653014653;0.02286058532233338;0.5299911893161816  -0.0663106280323708  -0.8454065530010824  6.382943297406992  -0.7887987832523261  -0.4045199888148747  -0.4627743058866424  12.302403024130768  -0.3112969945034323  0.9121219651226291  -0.2666977726827955  -5.211073136653946  0.0  0.0  0.0  1.0
39885980091921;11.389616762246979;0.03302305785604616;0.5967366465035662  0.049518811682870464  0.8009077737225395  4.552754488713388  0.5852664950812534  0.6559662916396048  -0.47662496154512307  0.3647901501358121  -0.5489704039882143  0.7531640668022482  0.36245742373817597  9.251177218890637  0.0  0.0  0.0  1.0
39885980091952;7.751231368250753;0.005883552187471374;0.5903042402067974  -0.5247722047579493  0.613314794463135  -1.8209322878703325  0.3574118788189766  0.8512082403600367  0.3843192428466987  -3.95719723302296  -0.7237386633813099  -0.007659285648928205  0.690031653238012  -3.0155183074192884  0.0  0.0  0.0  1.0
39885980091983;14.851121124669065;0.021684100612193724;-0.7933029582888859  0.29699994092915727  0.5314710259818315  4.823778036803651  -0.46521177667251296  0.2674167064301661  -0.8438402147132165  1.29643051486356  -0.39274472525459514  -0.9166675189020943  -0.07397459411563655  14.903112620565704  0.0  0.0  0.0  1.0
39885980092014;8.09691717384987;0.03280732769752665;0.06804250855439473  -0.26240586936727844  -0.9625556486516648  6.817945983157049  -0.9621399293408311  -0.2724838473785958  0.006269711777887255  4.484256452892708  -0.2639260756303644  0.9256866168630508  -0.2710116491278452  5.033939571900597  0.0  0.0  0.0  1.0
39885980092045;7.770476372289854;0.047096288497599996;-0.8323259367552669  -0.45378467267017053  -0.3182970402848485  1.1764836430490568  0.5066700881448359  -0.8557315676869105  -0.10492333316954464  4.466974688853631  -0.22476422487525205  -0.24860200102519078  0.9421666987866313  -3.1749045030482828  0.0  0.0  0.0  1.0
39885980092076;16.718631862778135;0.03156648496051738;-0.5367799397236004  -0.4529913933028697  -0.7118048144708302  -0.24341972607046714  0.5314235424345454  0.4737501857461679  -0.7022462389018473  -13.901650805128538  0.6553291652724202  -0.7552215298169117  -0.01356930522750105  1.9160558798622012  0.0  0.0  0.0  1.0
39885980092107;10.262899426928634;0.01887418728147457;0.6570201957200273  -0.6525054776891444  -0.3775725943466749  -3.8528142206821743  0.17704846699772728  0.6203903274176821  -0.7640482196696335  -6.5077126013483255  0.7327880339837516  0.4351464618174473  0.5231340688752597  -4.21307106074519  0.0  0.0  0.0  1.0
39885980092138;15.257229419744425;0.03255798370441195;-0.11931496631172768  0.9928520513122278  0.002956859674142121  4.56164241194504  -0.99207737272347  -0.11910285609696962  -0.03996243485625804  9.453301586262427  -0.03932461499019882  -0.007701550145643937  0.9991968078317837  -10.887519756278433  0.0  0.0  0.0  1.0
39885980092169;15.992191385092843;1.3771771771284316;-0.2831343800342364  0.9585523103042218  -0.031818096314315945  -3.3071865252219563  -0.30730077738087613  -0.05924314323073155  0.9497665408937354  8.239984537654113  0.9085159079860611  0.2786892864653781  0.31133764074663484  -10.523500404927834  0.0  0.0  0.0  1.0
39885980092200;6.917432320039796;0.10789358250063945;0.413862423229523  0.8922199769028256  -0.18072467306405368  -0.7466060355831896  -0.9087471948022554  0.39317881079443123  -0.13996056116388644  -3.5221599812625515  -0.053818496612412225  0.22215745667836329  0.9735243365548608  -2.559177216007223  0.0  0.0  0.0  1.0
39885980092231;11.63978213050849;0.04507694814322974;-0.8860962965947968  -0.18705640788155267  0.4240793008759521  1.0590298297295808  0.09909503072539474  -0.9702469497987397  -0.22090955455066855  2.6057285940712616  0.4527841958886364  -0.15372298681944724  0.8782685894854656  -10.004239300516463  0.0  0.0  0.0  1.0
39885980092262;5.191873642222159;0.0328181803455717;-0.45044125343982977  -0.6475424545018894  0.6146474166684701  7.755227541759165  -0.27183158015019787  0.7552287198900679  0.5964370651512668  1.63852883089632  -0.8504177027982202  0.10157928071648273  -0.5162086598426261  4.713274196190229  0.0  0.0  0.0  1.0
39885980092293;17.8683780302977;0.05262063011705154;-0.28922765089682045  -0.829290198637119  -0.47814760524456756  10.005877068876451  0.826999774861766  0.03509063608104719  -0.5611060680816201  10.476214865558852  0.48209826626456087  -0.5577153518631485  0.6756736253257699  -8.331082574168402  0.0  0.0  0.0  1.0
39885980092324;2.5378082800465176;0.03857634620499493;0.9268287164305928  0.2045033811205744  -0.3149077603201806  -0.25689809192087987  0.0766083093796715  0.7180404916421759  0.6917723753491832  -1.2777985409451496  0.3675863127669578  -0.6652790538356937  0.6498338889238359  -1.597162629211491  0.0  0.0  0.0  1.0
39885980092355;4.721106299632293;0.049096936423161715;0.5421914167428087  0.8312228169200649  -0.12287024148221624  -0.802477316059877  -0.8402033567405601  0.5379515078458235  -0.06831174517094751  -0.4141640206991609  0.009315950425018024  0.14027403123129104  0.9900688911534397  1.9604217776921895  0.0  0.0  0.0  1.0
39885980092386;4.150156398285817;0.03098701479582702;-0.07912214562912263  -0.9966474240295287  0.020823022027256666  -0.7793289795318343  0.952145112666629  -0.06936994095771895  0.29767011223260875  1.9976642046067616  -0.2952276587586187  0.0433788366237077  0.9544416724122422  4.758171882687297  0.0  0.0  0.0  1.0
39885980092417;6.211588953303198;0.016741717253482898;-0.937259436997745  -0.11639755060837548  0.3286279932857842  0.11708310505520236  -0.18068839187865834  -0.6439600333073181  -0.7434158866631394  4.186539304926585  0.29815508179297395  -0.7561528190221922  0.5825259320286242  0.34952982027599533  0.0  0.0  0.0  1.0
39885980092448;6.198581447326856;0.030343144608198588;0.5241303794928023  0.5333909850628777  -0.6639137009780596  2.894513595481101  -0.6898830106921772  0.7230132155361072  0.03623978088283257  1.1315835940433616  0.49934835220618146  0.43902841276367455  0.7469305696884956  -7.579848457636115  0.0  0.0  0.0  1.0
39885980092479;13.852347125351322;0.020399429249785127;-0.9678539501145749  -0.22681522042285812  -0.10869032630434783  5.4022030784748285  0.19214731508876604  -0.9456454899297302  0.2623623766467678  -3.093599424234874  -0.16229029715849874  0.23304390822351959  0.95882865846204  -13.445554743133313  0.0  0.0  0.0  1.0
39885980092510;11.087356919905194;0.042712514516239336;0.5132219940214897  -0.7988567216203596  -0.31373734743344983  1.4189450263265306  0.810023910686293  0.57167540354195  -0.13056989354990228  -10.457564599076692  0.2836625618037926  -0.1871234119695327  0.9404894362637946  -3.691694417814242  0.0  0.0  0.0  1.0
39885980092541;8.13198811043238;0.004604149817047594;-0.6852319460911238  0.7111641189776253  0.1571711676324528  6.38070093344089  0.4293447352454934  0.5687394483761999  -0.7015686268482303  3.3476707622081427  -0.5883198775947885  -0.4132566221363101  -0.6950530094081591  -1.9399124787325905  0.0  0.0  0.0  1.0
39885980092572;12.857597382515118;0.02289807809998685;0.40349472404616965  -0.06438908090209963  -0.9127135662010772  -7.038315221579261  -0.6500784203165557  -0.722144459179588  -0.23644328604329928  10.3342432782694  -0.6438866787763495  0.6887390117720968  -0.33323943127661015  -0.4232907450030723  0.0  0.0  0.0  1.0
39885980092603;4.595426400726901;0.058321307766460655;0.6609924698629291  -0.1828524400305862  -0.7277732751065861  3.604638156740183  -0.6003242011754477  0.45304008948125846  -0.6590641325439237  5.234977645517416  0.45022195444865415  0.8725363387834769  0.18968534269879625  -2.8690850431392247  0.0  0.0  0.0  1.0
39885980092634;14.955394496186754;0.042492129741109205;-0.3287447414804053  0.9443257724243077  -0.013256337511429916  10.500533288958732  -0.22488159942415867  -0.06463903375035732  0.9722397140398317  11.365158612157012  0.9172541420944441  0.3225997998310844  0.23361123252003654  -4.172999433064528  0.0  0.0  0.0  1.0
39885980092665;13.790322686089336;0.016507564527107138;-0.4070531336920372  0.6489993208770941  0.6427344925025916  -6.540320003818003  0.7922219064558746  0.6010923588620978  -0.10522560073014206  -6.7290766569059715  -0.4546341356331624  0.46635593447352053  -0.7588280075869749  6.032836052680909  0.0  0.0  0.0  1.0
39885980092696;10.060575966549875;0.028945744615399057;-0.4305322451358177  0.8815781954169319  -0.19355069429929295  3.7871806841647087  0.8340266041657741  0.30660505075914196  -0.45868613058680074  -3.6404717488770273  -0.345024070815385  -0.35890559791456345  -0.8672630295034892  -6.584945424049838  0.0  0.0  0.0  1.0
39885980092727;5.0885328238275855;0.024563050045049346;0.28025720491394274  0.8901309996254736  0.3593364754649584  2.5314803839844706  -0.9242053439601972  0.14904376553856452  0.3516112031057848  2.432804822643605  0.2594231703014145  -0.430642263903393  0.8644344158181827  -3.8824077765609197  0.0  0.0  0.0  1.0
39885980092758;7.042514947121556;0.0038482467626651355;0.7343155851310283  0.6656932857585638  -0.1327895731209463  0.175574842178996  -0.5129674064330219  0.6723111866099498  0.5337247495633878  0.1256518047201347  0.44457289770188996  -0.32380567884935063  0.8351675406610678  -7.301325405054747  0.0  0.0  0.0  1.0
39885980092789;9.837958892178126;0.019259640284865365;-0.3484369269748488  0.541451383645585  -0.7651288173037301  0.7770694880069406  -0.19571419067542345  -0.8403174818884975  -0.5055318834661554  10.44998120879975  -0.9166720588567037  -0.026399408721710965  0.3987673604127556  4.431407088501733  0.0  0.0  0.0  1.0
39885980092820;8.268718839568454;0.0719478612702083;-0.35629235686709765  -0.571326859655588  -0.7393519972747573  5.324310083301382  0.925617010582635  -0.32389690020849393  -0.19576503200366405  0.9809559931481958  -0.1276279991152237  -0.7541063701305094  0.6442318498572012  7.820663087407227  0.0  0.0  0.0  1.0
39885980092851;6.8936455006206945;0.0024660432655016044;-0.7591003413261325  0.27326883264991136  -0.5908390786844626  8.066158267189017  -0.6504934424160224  -0.28356863580789676  0.7045900298470041  -0.38893109500106404  0.024999063428509327  0.9191914783592176  0.39301663188660907  0.9366129016270024  0.0  0.0  0.0  1.0
39885980092882;8.701798953500287;0.04535733011634457;0.03957450375884788  -0.5779738781536775  -0.8150951201082236  -0.4501732414479278  0.8218035364246431  -0.4451960441803049  0.35558322480983084  1.9303601362549048  -0.5683949385525805  -0.6839200818942268  0.4573625645039202  7.8432567600715695  0.0  0.0  0.0  1.0
39885980092913;12.068994851548805;0.05653924078037817;-0.21008881736990617  -0.8923559042794229  0.3994541637206549  9.866689792756011  0.9133497836881933  -0.3248951791692466  -0.2454287986144145  -1.1696021216292967  0.34879056961570176  0.313279527978189  0.8832899161073432  7.128845021456422  0.0  0.0  0.0  1.0
39885980092944;3.372320270673433;0.014925399495134276;-0.8603422811112965  -0.509673032366972  0.006675283519534253  5.655029443104069  0.5075844452568704  -0.8554731055352885  0.10258555765351995  -1.4762470599607236  -0.04657456672354185  0.09164696276289877  0.9947017864419719  -0.772139838134971  0.0  0.0  0.0  1.0
39885980092975;6.497637263498034;0.02622608396219428;-0.9381190551575156  0.34622410953849864  -0.007842469295064908  7.184351822762517  -0.3453972012322991  -0.9337528172929339  0.09384268526850471  7.039045608930948  0.025167672344989456  0.09074437818279944  0.9955561491432577  -2.979703010825622  0.0  0.0  0.0  1.0
39885980093006;15.880192191604793;0.036324229753818264;0.6101035307516699  -0.4608483396599498  -0.6445094953505454  11.116181802082624  0.6016394650881863  0.7987661182476776  -0.0016255423524003682  -9.276355360643675  0.515561476269075  -0.38677059889837295  0.7645945775475042  3.3090296104082464  0.0  0.0  0.0  1.0
39885980093037;17.265572118183027;0.05315822935476143;-0.9397344880687205  -0.11871604053189394  0.32063311378372844  -2.3610184009247686  0.2421482795716758  0.4309641383560474  0.8692721795568447  -11.41964825812228  -0.24137792491173926  0.8945258035246716  -0.3762449789616381  5.10318875322865  0.0  0.0  0.0  1.0
39885980093068;7.330304072587055;0.018179698430883087;-0.04683974252152571  0.1292600825097127  0.9905038463277661  -2.1514482847230783  -0.9251412618748125  0.36835175112791174  -0.09181847862865487  6.768139060053892  -0.3767222904172208  -0.9206567321812095  0.10233033466289349  0.927476393050672  0.0  0.0  0.0  1.0
39885980093099;11.7148593534829;0.004194818494046063;0.3076498388527714  0.1867179113310447  0.9329994631520623  -1.9081965348307801  -0.24267501367149208  0.9635265694839493  -0.11280685988907946  12.203493601724448  -0.9200328333235753  -0.19171064520955905  0.3417405655170743  -4.897299781768228  0.0  0.0  0.0  1.0
