# registration_from_features.py RANSAC RANSAC_config.json euclidean True --use_random_keypoints=False --n_keypoints=5000 --input_txt=/i7g4/neural_comparison/point_clouds_registration_benchmark/tum/pioneer_slam3_global.txt --input_pcd_dir=/i7g4/neural_comparison/point_clouds_registration_benchmark/tum/pioneer_slam3/ --input_features_dir=/i7g4/neural_comparison/features/3DSmoothNet/tum/pioneer_slam3/ --output_dir=/root/neural_registration_comparison/results/3DSmoothNet/RANSAC_mutual_on
id;initial_error;final_error;transformation
39885980090030;15.205318337116758;0.10359583701780278;0.5813924264487795  -0.6528703674355533  0.4855338606035278  14.185706396346276  -0.8117490333152952  -0.5059303075721485  0.2917156677171008  11.339274040089084  0.05519378026266436  -0.5637329218739283  -0.8241109387793611  0.39313139470191905  0.0  0.0  0.0  1.0
39885980090061;13.318166755923231;0.035194628639521996;0.761544461246712  -0.5216777374473096  -0.3845807740856402  3.1366712013933715  0.6440306387311127  0.5426266641411915  0.5392409848468462  10.109052684274733  -0.07262623437883364  -0.6583377868654191  0.7492107770614975  -0.05381011887593676  0.0  0.0  0.0  1.0
39885980090092;16.131758473986306;0.05239208744495812;-0.5043350353847977  -0.8417310733777214  0.19270436475026972  8.23900589582119  0.08087860875696021  0.1761373304701651  0.9810373547731918  12.688608064709673  -0.8597120580339408  0.5103571699557419  -0.020754188632961537  7.262235945113167  0.0  0.0  0.0  1.0
39885980090123;12.985542941208589;0.097671098157161;0.4978273039810325  -0.6644623788069355  0.5573667756165643  8.42740644316658  -0.33228668711034526  -0.7397551595583804  -0.5851050003853898  -3.796675341427071  0.8010952084366807  0.10607568551267621  -0.5890623192522229  -9.002109715875394  0.0  0.0  0.0  1.0
39885980090154;12.128119033469892;0.01135019371046285;-0.6851844272997605  -0.6800713298703305  -0.2608165770695932  11.078118921216635  -0.7271360067217549  0.6178343934280527  0.2992555597246776  0.9786202018303853  -0.04237367478327855  0.3946943736434435  -0.917834856114961  10.3446348769405  0.0  0.0  0.0  1.0
39885980090185;6.628057703543316;0.05460539278192724;-0.7319931873473315  -0.6746952039170762  -0.09472251838073655  7.367848695199745  -0.17369722672919313  0.05037035042614536  0.9835100920806731  2.935890517357997  -0.6587983356867877  0.7363757258419388  -0.1540634391641198  5.8102664525698335  0.0  0.0  0.0  1.0
39885980090216;5.823010286342225;0.04391923543276962;-0.2569476229349632  -0.4958617639591477  0.8295173476856248  7.84753682565183  -0.9428568033430151  0.3170257410067434  -0.10254622337714449  3.0504701279442146  -0.2121296006168444  -0.8084650830941604  -0.5489856482274293  -0.8033405633216301  0.0  0.0  0.0  1.0
39885980090247;5.3740242030998315;0.02419761390118635;0.7960365328907545  -0.510306092748441  -0.3254435895928609  -3.9651101709829915  0.5383838142678876  0.35135023803924964  0.765960755368135  -0.8211886162320217  -0.27652975759875775  -0.7849463051276706  0.5544281659771534  2.2391837528380143  0.0  0.0  0.0  1.0
39885980090278;4.39500473301532;0.07930617786395962;-0.25047767299779256  -0.11590115894599039  0.9611596416228609  2.7676438435492168  -0.9318477596813415  0.29808453077402614  -0.20689457530368804  4.5583239476924815  -0.26252749971474576  -0.9474769305203187  -0.1826657549332091  5.128817347379441  0.0  0.0  0.0  1.0
39885980090309;6.062761454151005;0.09939005925191931;0.7808102888133011  -0.1314425981381564  -0.6107848526919943  5.565088099476972  0.27220676948045497  -0.8083780567800462  0.5219467328813664  -0.0967881325686526  -0.5623511069894899  -0.5738011508451416  -0.5954103389734573  5.839995693804517  0.0  0.0  0.0  1.0
39885980090340;10.653667033347874;0.04293105270673468;-0.15945534533907443  0.8157277662651691  0.556023564416864  8.586587232175974  -0.8663190124592897  -0.38568723779581043  0.31739049017416987  4.465318245601135  0.47335542829290367  -0.4310841750116513  0.7681803646020677  5.2408899947542205  0.0  0.0  0.0  1.0
39885980090371;7.825764243118106;0.03264668020986503;-0.01426010782357329  -0.6772036468875633  0.7356574406386746  7.483585377543873  -0.998630007841984  0.046690941814357984  0.023623365340433647  5.944925196874926  -0.05034636791645864  -0.734312723977103  -0.6769417010666042  -3.188166600781575  0.0  0.0  0.0  1.0
39885980090402;6.3535513934385985;0.028705113792640305;-0.41241318446844094  0.8417776161165863  -0.3483185471399375  -1.1786523293096782  -0.7465960170551288  -0.09321135970958773  0.6587154391226218  2.1639130333631784  0.5220246666528491  0.5317161718681942  0.6669094091252687  1.655647267714285  0.0  0.0  0.0  1.0
39885980090433;6.8874917645610045;0.029082721042456964;0.09920383294360427  -0.9762416432279802  -0.1926417752120027  7.64943169023257  0.8468891770430389  0.18447673175832335  -0.4987454834353223  -5.277906598577774  0.5224340353926642  -0.11366877085330816  0.8450692807078222  3.002187226753593  0.0  0.0  0.0  1.0
39885980090464;6.2677651862134764;0.03962852600449157;0.6866892896651994  0.7078022279488504  0.1657523018535387  -2.7642781455650436  0.722088284092568  -0.6904573573921472  -0.04309463538891011  -5.493871514895392  0.08394241737854594  0.14928041979340667  -0.9852253685482071  -2.0476380030719037  0.0  0.0  0.0  1.0
39885980090495;9.69087354585672;0.060991229839906125;0.5301571468230448  -0.8467927912775339  0.04330552289087839  2.829170329074346  -0.5370148560756051  -0.3748598398663922  -0.7557083728591609  10.732766549196478  0.6561619038214171  0.37738848564277433  -0.6534749320958747  0.05735146997487284  0.0  0.0  0.0  1.0
39885980090526;2.92110847772627;0.309793835834749;0.28081099717701363  -0.21046771550791965  -0.936401903347772  -0.2827688575030698  0.45750572260011996  0.8870304777403045  -0.0621727058117143  -0.8138751687422501  0.8437023750426413  -0.410950449919069  0.34537809724810453  -1.2297588731510882  0.0  0.0  0.0  1.0
39885980090557;4.738076726601074;0.0233371693269889;-0.374221585161786  0.07026304736736189  0.9246736231631411  2.7705113167466364  0.7632844818627252  0.589615336378348  0.26410330337767235  -4.98583872565548  -0.5266450464464194  0.8046221841846641  -0.2742774795190981  5.054650142724635  0.0  0.0  0.0  1.0
39885980090588;14.769319861057435;0.03091494247236428;-0.09044983344021056  -0.7496748167236732  -0.6555962910213612  -6.079088477372926  0.36821182599694097  -0.6368217161880467  0.6774054568626597  6.381547899927489  -0.925331766895872  -0.1801270966890805  0.3336395513300635  -2.6645256348850506  0.0  0.0  0.0  1.0
39885980090619;2.836952107880147;0.09355474860482878;-0.11707666114945572  0.9863093405257478  -0.11613328638146733  2.393058133318222  -0.9818426032699323  -0.13252755125893384  -0.1357260128399614  4.247345511602701  -0.14925869428015978  0.09813425981264158  0.9839164137429592  -1.7456041109261184  0.0  0.0  0.0  1.0
39885980090650;12.55893498698289;0.04012662707872973;0.2390884414235871  -0.9246356031357444  0.2964552556313318  -5.565792193587042  0.9114664160248519  0.10845525674990902  -0.3968203998563116  -7.224513000117112  0.3347621388933521  0.3650841802887514  0.8687046976196444  -2.0464280875024117  0.0  0.0  0.0  1.0
39885980090681;13.661467239296929;0.01485222725420729;0.7079390048808212  -0.4000486753919849  -0.5820510481783114  5.673723437360787  0.25511578837777005  0.913317625586348  -0.3174379456109558  5.003343640105166  0.6585881109530762  0.07623629129511485  0.7486319042098223  -11.729534411109958  0.0  0.0  0.0  1.0
39885980090712;11.512393687205597;0.023883595857915225;0.8601273930316589  -0.4953189987024932  -0.12181936332505822  8.17878482745925  0.0009117351268332352  -0.23733105594197917  0.9714284011827757  0.825865541540413  -0.5100784611171316  -0.8356632452189252  -0.20368334270272026  8.828384631243669  0.0  0.0  0.0  1.0
39885980090743;17.098275178250592;0.04844873739284668;-0.017018805354770267  -0.9264874971229338  -0.3759405244705317  6.478362295978105  -0.04437440066041154  0.3763243921072796  -0.9254246941113664  -12.94827745895772  0.9988699979628608  0.0009325127177613399  -0.04751691898372096  -6.182446654861817  0.0  0.0  0.0  1.0
39885980090774;10.611953381784044;0.007137825427073879;-0.6671112721458112  0.7448562209039226  -0.012319121589062024  5.491065708497244  -0.2949287933757655  -0.27925865142130196  -0.9138006415210445  -6.140988508997991  -0.6840903137846011  -0.6059734447870503  0.40597614067701426  3.9143192445658945  0.0  0.0  0.0  1.0
39885980090805;5.343071835957388;0.0058524220886573995;0.1572237110519237  -0.382973211260195  -0.9102813983269765  -0.5173600992684819  0.6390358513827221  0.7422092152436432  -0.2018877446874264  -6.274561316020032  0.7529368402001732  -0.5499609079420738  0.3614264993119754  -0.5260282064950004  0.0  0.0  0.0  1.0
39885980090836;5.261479947974986;0.0667397308891442;0.6286444692457147  0.2057108765058529  0.7499927776812038  -2.2459127985266845  -0.17391222262737827  0.9771445808813797  -0.12224159224649564  2.8290037177170873  -0.7579978034978593  -0.05358641004346999  0.6500521721762601  4.0963968025818644  0.0  0.0  0.0  1.0
39885980090867;12.813048896623984;0.022315759356831378;0.7488298250851646  -0.40936553004087023  0.5212233262981235  -5.4950042281654135  0.6064647318110407  0.740430094791013  -0.2897650838129643  2.4924981565742512  -0.2673095997757754  0.5330883018245  0.8027218947590673  -7.533154920278872  0.0  0.0  0.0  1.0
39885980090898;9.513150698671726;0.027537028785942056;-0.6059850913425777  0.7753336065200492  0.17787598958583883  10.402839551711125  0.677325785904158  0.6201750356660398  -0.39574323100457603  -1.7112424479560722  -0.4171472747362045  -0.11933450354880665  -0.9009702700105686  -3.296665230911418  0.0  0.0  0.0  1.0
39885980090929;3.2910700942172166;0.024787447886242476;-0.42295728193675697  -0.2631882933281432  -0.8670865354229017  5.222110454185889  0.4995683818912551  -0.8660618300139706  0.019192144419172497  -0.5295477985418722  -0.7560016993838204  -0.4250515602228423  0.4977877074425436  1.4793213667916567  0.0  0.0  0.0  1.0
39885980090960;13.148595121958836;0.027221270672667375;0.7027419644796081  -0.7111404367782075  -0.020808905262917954  0.801674633291432  0.6940644812624305  0.6788553329141009  0.2396454314690758  0.8252724679690878  -0.15629532049698466  -0.18285162332608768  0.9706374486067184  12.086480764792421  0.0  0.0  0.0  1.0
39885980090991;4.974292677219224;0.039780444128242866;-0.5733105735541566  0.65022756261032  0.49851690349761196  5.831068304848111  -0.45005587430393024  -0.7583465779863047  0.4715508219280152  3.5843804996091424  0.6846639294248891  0.04598461132057857  0.7274068457652607  0.9637791496798058  0.0  0.0  0.0  1.0
39885980091022;13.287028172970416;0.056974639988126075;-0.5042421710095124  -0.7131199531559753  0.4870315856147666  15.599660569373816  0.6250886258703073  -0.6905314380499585  -0.3639100752551764  -3.3557029130470637  0.5958221570092748  0.12093909820846614  0.7939582430715977  -0.6905490665570092  0.0  0.0  0.0  1.0
39885980091053;15.533441302838277;0.04761514854087155;-0.4848815115368767  0.8604450018286923  0.1566024220685485  -10.003887067579798  -0.8718656205361397  -0.48966057438733557  -0.009102835700885525  1.4378683403379642  0.06884954245923867  -0.14095006462817466  0.987619774905539  -0.009908588729684191  0.0  0.0  0.0  1.0
39885980091084;7.763469718260981;0.05482404104079832;-0.5937412047177014  -0.03040599699055211  -0.8040813747173746  -0.9661317117558701  -0.7995686268589932  0.1344861010959858  0.5853234144939229  5.322238145163445  0.0903404270700382  0.9904488699367628  -0.10416162094453162  1.988284349853639  0.0  0.0  0.0  1.0
39885980091115;3.6651649034345075;0.047725729635891244;0.44108436070163703  -0.8936376789859544  0.08280268981757415  2.6446974776131844  0.8956443386517986  0.44418663241136175  0.02279153851843875  -2.1591929646701704  -0.057147225526807385  0.06410876916343879  0.9963053047790815  -2.974190651406739  0.0  0.0  0.0  1.0
39885980091146;8.080612412768405;0.05184832739335147;-0.549345673748391  -0.7936792087616032  0.26132861365239685  3.5488482305997637  0.6656363282099996  -0.22660156208537302  0.7110414971206543  5.3423436064604575  -0.505121380760148  0.5645573891466006  0.6527843020929173  -2.6024047257117826  0.0  0.0  0.0  1.0
39885980091177;3.8726541071914253;0.012504082761037143;-0.5030768210913616  -0.8641566039412448  -0.012127487181786578  6.509544844287722  0.8642164221934259  -0.5031198961663161  0.0005879564521250047  1.7097227927278085  -0.006609666542592457  -0.010184986319564993  0.9999262864640901  -1.7149970186521386  0.0  0.0  0.0  1.0
39885980091208;5.2059592602279805;0.057589210544846815;0.2022611886863189  0.9658875542863092  0.1617146994741339  1.7892293126818206  -0.967912001883408  0.17201497246978062  0.18318626000951532  1.3865572608420802  0.14911997908144475  -0.19357706920250842  0.9696861090671134  -3.8915627076238013  0.0  0.0  0.0  1.0
39885980091239;9.534104921615693;0.0640052384742397;-0.4764518426837394  -0.0967912368240407  0.8738564516425688  11.83759111423649  0.3542037456983147  0.8885622268008884  0.2915422364528502  1.1310065599312478  -0.8046945682285624  0.4484290641525353  -0.38907329166460225  -0.7190447657618487  0.0  0.0  0.0  1.0
39885980091270;6.793393155968177;0.018158637597997844;-0.26399955166768985  -0.9508463134186884  0.16185031658092958  4.88265478061277  0.6707325570172654  -0.30156992321025994  -0.6776233602614645  5.457131937283888  0.6931248615338647  -0.07033398661419933  0.717377903653726  -3.795808954378394  0.0  0.0  0.0  1.0
39885980091301;9.237550092631151;0.09540389144497528;0.09901792374828325  0.020042101486862265  0.9948837946939171  -2.879786556394494  0.7043502322673413  0.7048291396600076  -0.0843008552214884  3.355406914512324  -0.7029126553715763  0.7090939275259116  0.055674059169025784  -2.0491484012960806  0.0  0.0  0.0  1.0
39885980091332;14.314334062580222;0.03291456979466195;0.4414771621726422  0.21151517903445363  0.8719858051126828  8.751938700474529  0.8510879963553517  0.20905530914068393  -0.48160679000604434  7.654684233927745  -0.28416040846645707  0.9547550506586057  -0.08772488530662309  -3.906736281535017  0.0  0.0  0.0  1.0
39885980091363;4.939595963032118;0.05192940186708304;0.4213515313500607  0.9009576182471642  0.10362556224868683  3.2253967263395387  -0.9068383206146581  0.4198687885394279  0.036802998182491165  0.3572505976908273  -0.010351197696221281  -0.10947863048481499  0.993935250493423  -0.6702434134846271  0.0  0.0  0.0  1.0
39885980091394;15.273466798993145;0.024393246380327985;0.09800655333380749  -0.9175109172820124  -0.38544575775580625  0.9329568130253136  -0.8799494108341145  0.1010171403001666  -0.464203157828845  -3.6268175651203842  0.46484809333407273  0.38466771899120505  -0.7974628493477176  8.788243948084729  0.0  0.0  0.0  1.0
39885980091425;8.06198539416402;0.011898982311561015;0.45153135000563027  0.8662688902637576  -0.21377008612828008  -0.48414923502009066  0.22729559260826304  -0.34335419584811333  -0.9112873365598558  -4.523995624897575  -0.8628187257720787  0.3628858029114597  -0.35193428435199925  -1.1910342035303945  0.0  0.0  0.0  1.0
39885980091456;10.977064992754894;0.043042766507278674;-0.7405136598218672  0.6718183028427689  0.01731148701545833  -3.760136142133038  -0.668724108402482  -0.7391702245046035  0.08022123189729571  -0.8294287267991398  0.06669022760892213  0.04782830930815181  0.9966267437562539  -3.5782004061056254  0.0  0.0  0.0  1.0
39885980091487;2.767744523025431;0.01654846482080103;0.9013179219332927  -0.36724193213042744  0.22969407238098694  0.2717593918320018  -0.38746168736201997  -0.4464773157189453  0.8065552971588382  0.9468463111891509  -0.19364773282542655  -0.8159603972212843  -0.544710185087498  2.786642485704825  0.0  0.0  0.0  1.0
39885980091518;6.6339837111177165;0.03711961068355471;-0.8897651406380019  -0.4562456382116294  0.012566308857340214  10.335753036247802  0.45318101484930423  -0.8863921685077045  -0.09452984390319888  3.524665139093945  0.05426750671985607  -0.0784145472541389  0.9954427138179964  -2.1234929203571196  0.0  0.0  0.0  1.0
39885980091549;8.72791924372333;0.06759811977804853;0.4863306339763309  0.3947280226123915  0.7795333877523729  -4.960085898943172  0.3393502396932638  -0.9074387195547493  0.247782939430787  5.8464245788843705  0.8051856489507898  0.14403040796077612  -0.5752662968628945  -0.22392261028798788  0.0  0.0  0.0  1.0
39885980091580;11.404884011730314;0.012687163354855268;-0.0036767960950924803  -0.9679863107528006  0.2509760613398363  12.780606139405931  0.9463476571639621  0.0777306537912432  0.3136623299688136  -4.791623684867418  -0.3231293749425361  0.23866388008319966  0.9157657775833713  1.7531812916210392  0.0  0.0  0.0  1.0
39885980091611;5.185738995238877;0.022593565955454125;0.9699492646549353  0.010206486515600889  0.24309309251469366  -1.2873693731505211  0.16417351553796294  0.7099346228726189  -0.6848648684540759  3.549886459913696  -0.17957026700224288  0.7041936231461622  0.6869249306358182  -3.1579492178975004  0.0  0.0  0.0  1.0
39885980091642;11.452810801369598;0.011826336835965685;-0.98863068101834  -0.030978292351642796  0.14713844484766622  6.7107415536132216  0.02937212915703507  -0.9994830050309097  -0.01307672295204779  1.1564520643972935  0.14746746955853013  -0.008606280111540205  0.989029462333982  8.840193732286833  0.0  0.0  0.0  1.0
39885980091673;6.84357315400721;0.03837821112608306;-0.6782838261290361  0.5091254211691297  -0.5298323855061258  4.483060221754442  -0.7233928697916872  -0.589230748720899  0.35987481253396414  2.2393397020357795  -0.12897211770883832  0.6273742346328584  0.767963386218726  5.374668202421675  0.0  0.0  0.0  1.0
39885980091704;11.97004270038415;0.08290800436780076;0.04784162205642652  -0.04864080497453359  -0.9976699109878171  4.061403717355276  0.998314815732345  0.03517079312975449  0.04615781623861774  -0.4184920230978  0.032843688713420166  -0.9981969181489462  0.05024146404756294  -10.24507422077038  0.0  0.0  0.0  1.0
39885980091735;9.206758517908435;0.022092419160890726;-0.6563121606888582  0.2057140520743176  -0.7259036275643541  7.670273481165565  0.7473883824808353  0.3089512767573419  -0.5881834019442321  -5.197269876017525  0.1032712615619879  -0.9285638574536349  -0.35651677262959425  6.879099898833049  0.0  0.0  0.0  1.0
39885980091766;2.598811728309922;0.03360984287833613;0.8197661406695763  0.14694893442292487  -0.5535246022388481  -0.8999904059857808  0.25175873122083353  -0.9605893894586305  0.11783703201274022  3.3256472475896612  -0.514393833425114  -0.2359534605202104  -0.8244543338492154  0.8910744074091899  0.0  0.0  0.0  1.0
39885980091797;12.542227557622743;0.004149202034856487;0.7623701708678532  0.34924536970944814  -0.5448113382698935  -2.0667967389414543  0.6225043185270832  -0.6258498464673745  0.469893970052709  11.1567401324109  -0.17686179911459865  -0.6973805570943854  -0.6945360052586707  2.985481044553497  0.0  0.0  0.0  1.0
39885980091828;9.47715700246654;0.05181527019751781;0.5267603945690785  -0.8470334958381018  0.07111781522033209  -2.409073456839802  0.8498221727256645  0.5230185749250834  -0.06522150739722199  0.47262197461899424  0.01804886304617615  0.09479360322099574  0.9953333166990449  6.087287668580326  0.0  0.0  0.0  1.0
39885980091859;14.228056617716064;0.016429559894954388;0.24070531957834163  -0.1689526462914618  -0.9557802846040507  12.14045473260536  -0.9088181592872515  -0.384945033467176  -0.16083182072800808  2.4843095301169673  -0.3407499119243025  0.9073435537436009  -0.24620555031012856  6.579098578525851  0.0  0.0  0.0  1.0
39885980091890;12.934736653014653;0.023013798081703327;0.5301114758754437  -0.06468432103499289  -0.8454571318271555  6.36321373833524  -0.7889216546026325  -0.4030749132925704  -0.46382457586164105  12.296497683109022  -0.3107803823348624  0.9128781697939922  -0.2647054987516655  -5.237755091226694  0.0  0.0  0.0  1.0
39885980091921;11.389616762246979;0.052215405387512875;0.5971000341914097  0.05122373926377229  0.800529623252291  4.546158960779798  0.5850759548418947  0.654913756301576  -0.4783033544444424  0.36181117654962525  -0.5487783489118928  0.7539655829961986  0.3610792481197716  9.251453022945343  0.0  0.0  0.0  1.0
39885980091952;7.751231368250753;0.006199875300601913;0.5910772141819988  -0.5260836607640526  0.6114439538927026  -1.8037583749258457  0.35687813938416946  0.8503699929839303  0.38666376693737897  -3.965860544252575  -0.7233710807770384  -0.01033716158353637  0.6903820844907946  -3.0110348736583163  0.0  0.0  0.0  1.0
39885980091983;14.851121124669065;0.022262538042838783;-0.7946805009771797  0.29455810437694535  0.5307715370218347  4.8622787711903825  -0.4633110699044221  0.2706238468114609  -0.8438634877994119  1.238420564446589  -0.3922062644459928  -0.9165141879331872  -0.07858746367260222  14.901003489934723  0.0  0.0  0.0  1.0
39885980092014;8.09691717384987;0.013062745723531895;0.07319596436848723  -0.2634892598583161  -0.9618813652106399  6.78787452746689  -0.962846143754777  -0.2700496353476919  0.0007056239331686292  4.508144444088058  -0.25994163625076216  0.9260921144183748  -0.27346616126201256  5.024745642357385  0.0  0.0  0.0  1.0
39885980092045;7.770476372289854;0.03595286032093866;-0.8307621252310725  -0.45608702382483207  -0.31909076761974564  1.1935823669167043  0.5098787066705572  -0.8534963098681274  -0.10755349146099145  4.4924569379859465  -0.223289040854028  -0.2520489550466265  0.9416014700999527  -3.1596374395829954  0.0  0.0  0.0  1.0
39885980092076;16.718631862778135;0.03975036631883699;-0.5367106602750997  -0.45136258498245124  -0.7128909341722801  -0.2721839001625197  0.5269725009570178  0.4805367958411134  -0.7009881390422118  -13.896474598275848  0.6589701437714557  -0.7519017254407092  -0.0200535507357381  1.7903631005914689  0.0  0.0  0.0  1.0
39885980092107;10.262899426928634;0.01139466222619978;0.6569878678386291  -0.6511925795870095  -0.3798883596580295  -3.863922957738046  0.17492563389546895  0.6218164673600718  -0.7633775628914627  -6.477482862171886  0.7333266421719048  0.43507758527722035  0.5224361498501252  -4.223224504665925  0.0  0.0  0.0  1.0
39885980092138;15.257229419744425;0.04134536090995951;-0.12178993143971695  0.9925428864590563  0.00508243440035927  4.55349580365759  -0.9917820978807234  -0.12149123309378268  -0.04010175313703675  9.462230466356381  -0.039185238588284946  -0.009924657217101611  0.9991826751179695  -10.89008340135215  0.0  0.0  0.0  1.0
39885980092169;15.992191385092843;0.022788811498041073;0.1257012591720161  0.6162507443444731  -0.7774536729204218  -7.519121915842955  0.4045534296818477  -0.7473916904321232  -0.5270125080163359  1.0742418633831647  -0.9058342651805709  -0.2482754139416502  -0.34325442875056716  10.12346662579552  0.0  0.0  0.0  1.0
39885980092200;6.917432320039796;0.10335680110334144;0.4136068995766984  0.8925603808020832  -0.17962544153039836  -0.7473787736464041  -0.9087462312094583  0.3926322997621549  -0.1414926303596329  -3.514148062516139  -0.055763965830609497  0.2217562711760838  0.9735063103590665  -2.5669070930853506  0.0  0.0  0.0  1.0
39885980092231;11.63978213050849;0.037713010659111694;-0.8865544621643184  -0.18656008362516469  0.42333972269833936  1.067563939079501  0.09716431329886525  -0.969761237502118  -0.22387996439949698  2.631337239031387  0.4523055182481146  -0.15734826797944687  0.8778731347559124  -9.99729521510099  0.0  0.0  0.0  1.0
39885980092262;5.191873642222159;0.06816760481892326;-0.4454166141928791  -0.6530528116345568  0.6124753587020056  7.710217965742213  -0.27813302284216873  0.751164176551469  0.5986605060219266  1.6650193542226301  -0.8510264751496446  0.09630371271115201  -0.5162165567980354  4.71800754398274  0.0  0.0  0.0  1.0
39885980092293;17.8683780302977;0.05940440775892597;-0.28690139121313113  -0.8287368159951484  -0.48050273832122314  10.038882220472356  0.8276410369691263  0.03814362231051538  -0.5599601575127483  10.47140152201752  0.4823877129909496  -0.5583371328250132  0.6749531394579212  -8.317829852200155  0.0  0.0  0.0  1.0
39885980092324;2.5378082800465176;0.03036375612400334;0.9264227533869674  0.20325374525336393  -0.31690502843500234  -0.24787495406407833  0.0780564503349747  0.7197609218586661  0.6898198358457563  -1.2944751399787373  0.36830432059373513  -0.6638012732781124  0.650937629136881  -1.6024561461211277  0.0  0.0  0.0  1.0
39885980092355;4.721106299632293;0.05178683686989215;0.5433022639711713  0.8303694837720211  -0.12373023229585914  -0.8023709896568185  -0.8393761202120912  0.5401529361460925  -0.06068388905179925  -0.407204980297045  0.01644319863942542  0.13682589664585693  0.9904586287299242  1.9656894655961776  0.0  0.0  0.0  1.0
39885980092386;4.150156398285817;0.038997054180636495;-0.07599385758086949  -0.99693924281697  0.018359731520499967  -0.7834622750897666  0.951593587864334  -0.06701310505501773  0.2999648100800668  1.9951149678704856  -0.29781634801579315  0.0402664858463162  0.9537735753165552  4.75017278900567  0.0  0.0  0.0  1.0
39885980092417;6.211588953303198;0.02372986827043114;-0.9394909217374392  -0.11324659983119029  0.32331411289891376  0.11277217088378944  -0.17743898528411778  -0.6464505400804453  -0.7420357846701487  4.181817592184892  0.29303961246609683  -0.7545044114227399  0.58724005199692  0.35188762251567507  0.0  0.0  0.0  1.0
39885980092448;6.198581447326856;0.018872321764931546;0.5312296209061477  0.5304599083718163  -0.6606113649355986  2.8768724942304966  -0.6872906193052934  0.7257591003168354  0.03008875075910316  1.1194390253632107  0.495405585845433  0.4380479584674048  0.7501248506719944  -7.57683371361766  0.0  0.0  0.0  1.0
39885980092479;13.852347125351322;0.032592445699791445;-0.9678760065618532  -0.22198637897770138  -0.11805966063922066  5.496246490420143  0.1851689624389085  -0.946983835163463  0.26255298758231194  -3.082101929587047  -0.17008377721340096  0.23225775226559775  0.957667920127512  -13.424764852503952  0.0  0.0  0.0  1.0
39885980092510;11.087356919905194;0.04365179486095704;0.5140347095622819  -0.7984068901714301  -0.3135518379662436  1.4067604530761222  0.8096655960428505  0.5723215615312657  -0.12996019694887848  -10.460213551666394  0.28321359421785924  -0.18706808368399594  0.9406357382733237  -3.6823757188104564  0.0  0.0  0.0  1.0
39885980092541;8.13198811043238;0.0076190051501262524;-0.679250209431844  0.7162104167444262  0.160192983409297  6.417343896274488  0.4319172015144221  0.5665831629474464  -0.7017343161770118  3.320942184109869  -0.5933520742550296  -0.4074630761323573  -0.6941953309883402  -1.8805906564354395  0.0  0.0  0.0  1.0
39885980092572;12.857597382515118;0.02274915751345257;0.4045362505758338  -0.05835844184407829  -0.912658048907463  -7.091168762077089  -0.6455757982308097  -0.7250748495685349  -0.23978813828423626  10.318985674059222  -0.6477517353961312  0.686192942829273  -0.33099385870828896  -0.36283570415438615  0.0  0.0  0.0  1.0
39885980092603;4.595426400726901;0.05827816822873051;0.6609405086961556  -0.1827316172654684  -0.7278508088997447  3.60521536717564  -0.5955387723767597  0.4624224668332766  -0.6568858597685064  5.204550122289498  0.45660838205233256  0.8676258515162939  0.19680997744061995  -2.9084875491236697  0.0  0.0  0.0  1.0
39885980092634;14.955394496186754;0.04694912042423455;-0.3271435399962205  0.9448683450358109  -0.014174441365703665  10.483933697032498  -0.22992479041759445  -0.0650403469368947  0.9710326173830389  11.390980100849056  0.9165760715784407  0.3209261033627784  0.2385261855440959  -4.129713830567294  0.0  0.0  0.0  1.0
39885980092665;13.790322686089336;0.04794016918975803;-0.4090987819692098  0.6484690196576066  0.6419704955335663  -6.546216333755997  0.7919931259092876  0.6017542321251939  -0.10314423217928273  -6.766371496831872  -0.45319430171146713  0.4662400397474693  -0.7597599293411924  6.033453299124202  0.0  0.0  0.0  1.0
39885980092696;10.060575966549875;0.027687686418883303;-0.4307860663846426  0.881396189615179  -0.19381465873532455  3.785417617849033  0.8315583326504153  0.30424203746761996  -0.46470154081648196  -3.6889051673411326  -0.35061960071922327  -0.36135514327237056  -0.8639955763903525  -6.5549407419113885  0.0  0.0  0.0  1.0
39885980092727;5.0885328238275855;0.022194185817394563;0.2801439557382183  0.8905438151422811  0.3584007217838357  2.535823454379461  -0.9254850714437441  0.151400096916515  0.34721087711711773  2.450089612567237  0.2549445951537541  -0.4289635461965283  0.8665988284300805  -3.870529822656199  0.0  0.0  0.0  1.0
39885980092758;7.042514947121556;0.009936922623399437;0.7329136452056478  0.6671731199775778  -0.1331075379186133  0.18086403449765398  -0.5144542179342364  0.6715383064535542  0.5332665005559287  0.1323295672722944  0.44516788554549125  -0.3223605604674331  0.8354096137429106  -7.304407330874611  0.0  0.0  0.0  1.0
39885980092789;9.837958892178126;0.031152905209015487;-0.3557142594493926  0.533488818632808  -0.7673702144455057  0.8723538991422983  -0.19246011537090482  -0.8452884727303337  -0.49844408097663095  10.48170605381079  -0.9145635405021283  -0.029615507137157403  0.40335648268153657  4.459121281102645  0.0  0.0  0.0  1.0
39885980092820;8.268718839568454;0.05465527111595727;-0.35128173853596684  -0.5726074704941956  -0.7407576019896034  5.338373620921818  0.9279402146230963  -0.31822808433403604  -0.19405629190091137  0.9639613273443424  -0.12461179019816192  -0.7555471997667182  0.643133213781003  7.822332667749963  0.0  0.0  0.0  1.0
39885980092851;6.8936455006206945;0.0028565925585423762;-0.7592914523184988  0.27375027433441046  -0.5903704580497735  8.069035349349377  -0.6502577740963708  -0.2838633347907744  0.704688891915215  -0.3900747650240237  0.025324250498235668  0.9189572321187178  0.3935432477802237  0.9323991439237944  0.0  0.0  0.0  1.0
39885980092882;8.701798953500287;0.04029469063158781;0.04315250199049471  -0.5799697676802213  -0.8134942717369994  -0.4383922396798394  0.8216603983338427  -0.44260292072741425  0.35913346317689926  1.9513017627430946  -0.5683414918707164  -0.6839135348423169  0.4574387669160286  7.844166589675938  0.0  0.0  0.0  1.0
39885980092913;12.068994851548805;0.053436100758984424;-0.20890163614630197  -0.8922243972424503  0.40036949356905915  9.878386830195247  0.9135580977761569  -0.3241327470879424  -0.24566148304696417  -1.1763591165464573  0.3489580324380114  0.314441707205915  0.8828106843295578  7.122252040362075  0.0  0.0  0.0  1.0
39885980092944;3.372320270673433;0.016998503646780183;-0.8606738162447936  -0.5091060745409396  0.00718240183642551  5.654256830387305  0.5070911490239826  -0.8558275060399058  0.10206785236817771  -1.4770554162729823  -0.04581646660494261  0.09148926041361463  0.9947515099846839  -0.7760863632974864  0.0  0.0  0.0  1.0
39885980092975;6.497637263498034;0.02744502196486979;-0.937742863097618  0.347290210665156  -0.005275631301969563  7.164114966892662  -0.3463468379398318  -0.9338376385210507  0.08939313581314601  7.049534001547675  0.02611877789182737  0.08565497333826733  0.9959824471263834  -2.9663173162332965  0.0  0.0  0.0  1.0
39885980093006;15.880192191604793;0.055480847790413845;0.6012734965053004  -0.4732525121063652  -0.6438184854330485  11.245763002378009  0.6118642256636574  0.7909003846063472  -0.009937352894185883  -9.170728158866897  0.5138991649665356  -0.3879544321367472  0.765113721502988  3.3242105753998024  0.0  0.0  0.0  1.0
39885980093037;17.265572118183027;0.04801540316386243;-0.9398842875940485  -0.1205103293113961  0.3195227479587141  -2.338627132734974  0.24246564281701852  0.42338391937636344  0.8729011793249222  -11.479112821771283  -0.2404744019374186  0.8978993915482782  -0.36871227897925096  4.993792792933053  0.0  0.0  0.0  1.0
39885980093068;7.330304072587055;0.019128782841910198;-0.04481531951544953  0.1303512492602132  0.9904545112992472  -2.1621392227255614  -0.923264117616591  0.3732570417369358  -0.09089856938065571  6.754481681535182  -0.3815428629372936  -0.918524758844362  0.1036209975416187  0.948291813581406  0.0  0.0  0.0  1.0
39885980093099;11.7148593534829;0.004880582467458705;0.3061269498371113  0.18623182793701135  0.9335973419235226  -1.9201000099714256  -0.24223152640634876  0.9636393451248209  -0.1127967204410517  12.20701709052154  -0.9206574706144939  -0.19161659320279634  0.34010719341271894  -4.893904982121255  0.0  0.0  0.0  1.0
