# registration_from_features.py RANSAC RANSAC_config.json euclidean True --use_random_keypoints=True --n_keypoints=5000 --input_txt=/neural_comparison/point_clouds_registration_benchmark//tum/pioneer_slam_global.txt --input_pcd_dir=/neural_comparison/point_clouds_registration_benchmark//tum/pioneer_slam/ --input_features_dir=/neural_comparison/features/3DSmoothNet/tum/pioneer_slam/ --output_dir=/root/neural_registration_comparison/results/3DSmoothNet/RANSAC_mutual_on/
id;initial_error;final_error;transformation
1807261650030;4.242065528890624;0.0434896690980295;0.4990362888849928  0.6264873223593395  -0.5987290015515527  6.655621847980742  0.7955551560441514  -0.05726567954065542  0.6031688284703655  -5.321231502880459  0.34359100114447105  -0.7773250779884644  -0.5269828716977126  1.649447987950957  0.0  0.0  0.0  1.0
1807261650061;7.372035540033227;0.06390623028018426;-0.6696450782182889  -0.7274713563927241  -0.14953559725413906  -3.5247455201712388  0.742250298994588  -0.662408603933704  -0.1013870557667299  0.6556549487857422  -0.025297487236219218  -0.17888618466145295  0.983544493186151  4.17240298258023  0.0  0.0  0.0  1.0
1807261650092;12.102589230009645;0.09969529336343573;0.39559219353004266  -0.6476377553280985  0.651208226523338  7.8198168365066945  0.9006133097693958  0.134575740939248  -0.413261462293385  -8.58902896347373  0.18000689621318358  0.7499698046083149  0.6365082949117489  10.971603324765365  0.0  0.0  0.0  1.0
1807261650123;9.366919006451113;0.036786426707467;-0.7725945054139369  -0.2967649325958759  -0.5612738235349652  -4.28632852230054  0.5119118097254554  -0.8140994560934047  -0.27420498655573894  -0.21245237088243774  -0.3755582901066139  -0.4991719647273764  0.7808862403464466  3.4702947493020417  0.0  0.0  0.0  1.0
1807261650154;4.484926530514292;0.04965169702674545;0.3868723132100381  0.43586376777419233  -0.8126208151488611  -0.38913006150682594  -0.616500818428164  0.777596392291819  0.12357423506601961  -2.675652317020849  0.6857525458566802  0.45317394743788253  0.5695408845856887  -2.797135922262261  0.0  0.0  0.0  1.0
1807261650185;4.785592360357215;0.060652423851592356;0.9054415423890443  -0.32725116822062067  -0.27033735630576045  1.569462976436185  -0.20332995748823335  -0.8934416367589483  0.40052337022117074  -1.1928497436985197  -0.3726023908994437  -0.30768281493078337  -0.8754991397438887  4.240023166757122  0.0  0.0  0.0  1.0
1807261650216;5.7139193037879235;0.04765837038670251;0.6586783537233837  0.1400678905166622  0.739272488587575  -0.5709854302450863  0.28117161150948505  -0.9571615867951153  -0.06916806810238557  -0.31133202198220844  0.6979150028602431  0.253421946188702  -0.6698447327347724  -5.4364626524981  0.0  0.0  0.0  1.0
1807261650247;12.652214164961155;0.04622687492417225;0.5319476223212403  0.7906163341104149  0.30324501536643433  -8.365909606556468  -0.7396512364635683  0.2594872622847611  0.620952823578309  -0.5060325450834318  0.4122472261940575  -0.5546099286433389  0.7228139812880886  4.827082394463777  0.0  0.0  0.0  1.0
1807261650278;6.989420057286833;0.049042451174505876;-0.5673992516168731  0.7439933292011541  -0.35289093976580865  -5.156623746688815  -0.8224159534160074  -0.5334104866344198  0.19775047993689288  -6.723818663406698  -0.04111068998998291  0.4024266130024387  0.9145286940910788  4.732207398073445  0.0  0.0  0.0  1.0
1807261650309;8.352466281140485;0.055089543863441066;0.6097098972398131  0.5477882440636801  -0.5728716094147508  -6.137529069881128  0.2518238880316602  0.551431204122162  0.7953039397217895  0.39467552443115395  0.7515574300241024  -0.6291674393879686  0.19826689736199796  -1.32370197577765  0.0  0.0  0.0  1.0
1807261650340;10.036300996119001;0.10093493789588658;0.6801249981202567  0.5720013604049093  -0.45852418761375546  5.918432332723496  -0.732898424404233  0.5450535220954558  -0.40715667445976106  7.999516419960173  0.01702605173591288  0.612969087104947  0.7899234214884469  -13.126411125308946  0.0  0.0  0.0  1.0
1807261650371;3.1812712757927435;0.04511787106943169;-0.11606364020304759  -0.977203340561649  0.1777719399060824  2.499496092374941  -0.6606065461464994  0.2096026002585472  0.7208784510257258  4.942450007777461  -0.7417062913385672  -0.033769530053140005  -0.6698741644732836  3.31097478051739  0.0  0.0  0.0  1.0
1807261650402;12.640830633455;0.04646096372886749;-0.5799698162128618  0.6429000471240975  0.5003144428155681  -0.1832741095525705  -0.6173874178713373  0.05380204603942226  -0.7848172501265089  14.02342580027776  -0.5314769877766881  -0.7640581582901953  0.3657148372899477  3.062354700267222  0.0  0.0  0.0  1.0
1807261650433;17.72602606662104;0.05640462708930183;0.2560222126923663  0.2936586773376253  -0.9209870834232259  -3.791224053728675  -0.7952806264306489  0.6055953482667282  -0.027982126112487293  -2.4635025308059664  0.5495282993915593  0.7396072304825149  0.3885869179293148  8.007175930669256  0.0  0.0  0.0  1.0
1807261650464;13.516242316124647;0.07216511084324849;-0.8188905094928358  0.5737336988566477  -0.015747261947198443  -9.736533139327578  -0.5635158010291048  -0.8089088005270757  -0.16767973765596972  2.320959839218654  -0.10894161488196558  -0.12843751487053146  0.9857157446854501  6.17806483731266  0.0  0.0  0.0  1.0
1807261650495;7.578236265964046;0.007051345587435724;0.5854610922311484  -0.395449651185879  0.7077110164894121  -7.9918057949146455  -0.8086184652155805  -0.34737109750648465  0.474836285818112  5.0606843120503395  0.05806450891818617  -0.8502663664958809  -0.5231401521676416  -2.604796059634461  0.0  0.0  0.0  1.0
1807261650526;15.116037694080763;0.11138351034771207;-0.26647219556866336  0.8025488972551924  -0.5337675865985979  -2.279876364508526  -0.9116933273041856  -0.3895658258468667  -0.13058998537894384  1.5544999129400898  -0.3127424594420151  0.45183374690999334  0.8354869353948251  7.49275510303082  0.0  0.0  0.0  1.0
1807261650557;24.456095870239103;0.0905732701979154;0.47088218225902895  -0.8719890973354976  -0.1338095084775282  2.081631051830822  0.8305961349500746  0.489323949697498  -0.2658423082551701  -2.716520718982848  0.29728779160431584  0.01403874568696798  0.9546847032306341  -8.114764576995702  0.0  0.0  0.0  1.0
1807261650588;6.853314294203077;0.3747101126229943;0.6045024236157428  0.20472094820857206  -0.7698481364576233  -1.3721368630177846  -0.1823908333137013  -0.905171703204501  -0.3839241743378439  -0.8081695789579193  -0.775442069896795  0.3724963370054055  -0.5098392640349785  -1.8231784314763029  0.0  0.0  0.0  1.0
1807261650619;35.588647047747834;0.1744843707099952;-0.9320207207362631  0.19948985939814273  0.3025577169988677  -0.23201387379757543  -0.0749363532445852  -0.9229023650405319  0.3776715074836814  -7.572053161221969  0.35457286850612285  0.32932509864858894  0.8751131700068496  -11.155651373178975  0.0  0.0  0.0  1.0
1807261650650;3.7851067611784845;0.039281517452860557;0.08686796856253236  -0.9816974007983233  0.1694820618933917  -0.8864011996097697  0.689374137762963  0.1820500467873789  0.7011569572130663  -2.809774254198356  -0.7191781797450415  0.05592846976746052  0.6925711169606191  -2.725257941933798  0.0  0.0  0.0  1.0
1807261650681;15.599629407378206;0.1676888022102901;-0.8625716226758019  -0.5059221063606664  0.003608053494669048  -3.1697892310622953  0.5059058403207238  -0.8624234947359735  0.01688183807444671  -1.310274944476856  -0.0054292249737970255  0.01638712979676854  0.9998509816433682  3.8348541226878274  0.0  0.0  0.0  1.0
1807261650712;15.285930710511307;0.05889533753776989;-0.8289139562940706  0.3021725900088711  -0.47073705920422626  2.8149602944975665  -0.08892508975476032  -0.9020214149786001  -0.4224330660970007  -1.453351129672146  -0.5522626019141803  -0.30830032884727154  0.7745688644398538  8.56511461705302  0.0  0.0  0.0  1.0
1807261650743;12.892867624387561;0.13556797831401493;-0.5303010326080264  0.838823809687406  -0.12310739667610424  3.9687072983604237  -0.7641994902788345  -0.5358154464431538  -0.35902777944122066  7.300896667498049  -0.36712389444495563  -0.09631419238321304  0.9251722123330012  0.34595697490665833  0.0  0.0  0.0  1.0
1807261650774;8.730798497462562;0.05381466632710417;-0.3282424690083427  0.9393942778036494  0.09897106834356972  1.5602443516831865  -0.9355262127169028  -0.30881954720477633  -0.17152606969147596  -0.44567958821419595  -0.13056640785008836  -0.14889216935083266  0.9801956616141125  5.230636313649871  0.0  0.0  0.0  1.0
1807261650805;27.065215252830498;0.07653322835273388;-0.2965662571956223  -0.40660782472463297  0.8641287704767628  11.284441057696306  0.1111314033981774  0.8839949086752509  0.45409559854174586  0.13817647469948802  -0.9485242570813525  0.2307012750483557  -0.21697616325147656  0.964488980019437  0.0  0.0  0.0  1.0
1807261650836;7.792680035821759;0.08701962342862019;0.10195459537187201  0.9501504247247057  -0.2946513717565562  0.3497793507497916  -0.9925550643676544  0.07732178696509487  -0.09410518295315368  -0.2513240211605472  -0.06663110895580154  0.3020521671102307  0.9509599274750402  -3.797515438218697  0.0  0.0  0.0  1.0
1807261650867;39.325074377946905;0.006929547488809743;0.45171033939336724  0.8767079505281091  0.1653509563502169  -1.8264461161412189  -0.4866301986670875  0.08677732863078086  0.8692874927093664  -12.766107552317406  0.7477625418743307  -0.4731309171006561  0.4658307807059689  5.047433117280636  0.0  0.0  0.0  1.0
1807261650898;3.285326842341318;0.007850108736653606;0.2808626852298539  -0.9587987966414796  -0.04267340628924715  -0.1680155436787123  0.7670178071088283  0.19751370486097275  0.6104686887712235  1.051572161628004  -0.5768880616059241  -0.20418913769087632  0.7908899799754805  -0.2401457986887986  0.0  0.0  0.0  1.0
1807261650929;12.554732005914778;0.006090709210004999;-0.817649771493856  0.5712461957074336  -0.07160052420079885  0.1459546932521678  -0.5693956718045855  -0.7840174122173204  0.2471947941811506  3.6790504639762376  0.08507302807735032  0.24288779555556322  0.966316769317344  0.7753523739106493  0.0  0.0  0.0  1.0
1807261650960;16.500132258179224;0.029197436635102842;-0.6722232924313606  0.13799861721018497  -0.7273735125510269  6.6473212376986375  0.7106820431634784  0.3956109428204212  -0.5817413647367033  13.340328274996521  0.20747741717528226  -0.9079913895895794  -0.36401202973728675  4.35172611552615  0.0  0.0  0.0  1.0
1807261650991;6.090238403131256;0.13542247675198707;-0.01839523925981687  -0.9822094418048223  0.18688560030679774  -1.2772572457213118  0.9705792545536288  0.02733999930634068  0.23922465397205725  -0.755186980217228  -0.24007816602659943  0.18578788137924185  0.9528091820138573  -1.3703263336679115  0.0  0.0  0.0  1.0
1807261651022;18.00713753417378;0.06402217295717205;-0.3649196638802236  -0.8078325195423421  0.4628609502684542  -9.685457756136987  -0.8365184333713667  0.06622906601750349  -0.5439215214020894  7.5554778955705375  0.40874264463529975  -0.5856793757546196  -0.6999350821842124  8.865369422099873  0.0  0.0  0.0  1.0
1807261651053;17.655152207016677;0.25244916301012166;0.1784561709637296  0.9520960294275693  0.24832749705423424  -1.055174950316023  0.29853199548846887  0.18809094745271  -0.9356818065752991  6.0381907343787  -0.9375670870474484  0.24111189567211033  -0.25066513728630907  0.2865560618928238  0.0  0.0  0.0  1.0
1807261651084;7.048108031378534;0.08203901147847299;0.39288406384906793  0.9195794161385992  0.003976152365463056  2.517975102282575  -0.9150107397559591  0.3913556932236259  -0.097959519765594  0.2181752694765311  -0.09163764785661113  0.034848512100905185  0.9951824569895006  -2.9820650165974776  0.0  0.0  0.0  1.0
1807261651115;29.330989838652297;0.05818775718732701;0.3342070689542084  -0.9264688035688026  -0.1730930127845406  0.3242178689456785  0.05196469532363615  0.20148685862517995  -0.9781118117277188  8.928781229889434  0.9410660473638179  0.317897156035012  0.11548200155821879  -6.266850571048728  0.0  0.0  0.0  1.0
1807261651146;12.978837113850958;0.06892556126739252;0.6946312725970095  -0.717162089411195  -0.056266621025509916  -1.6265684910407803  0.7004831655551806  0.6921289980558752  -0.1740137489509483  -1.9704004773298118  0.16373982381831304  0.08146157107213087  0.9831344173277667  10.425993772589484  0.0  0.0  0.0  1.0
1807261651177;4.659029665212119;0.034836185207054796;-0.8956640175971877  0.43135246635299107  0.10826364742080502  -0.44938966733020547  -0.4136426200192236  -0.8974106890419908  0.15347259721791157  0.25684408458336766  0.1633577377576489  0.09267742424329009  0.9822042275160154  -3.3202456545123162  0.0  0.0  0.0  1.0
1807261651208;13.18942876420926;0.05470723843374368;-0.08436705655610124  0.2969105493423204  -0.9511710284997654  6.816698219348307  -0.9762223467725315  0.16666231287998903  0.1386131419722691  9.781680939405225  0.19968006768326013  0.9402487964122765  0.2757899044839646  4.780180460968111  0.0  0.0  0.0  1.0
1807261651239;14.502722552119096;0.062035986143505854;0.8457967923364781  -0.4291448210483178  -0.3169582127674452  -0.6963340582736552  0.10416255574428343  0.7155041969366207  -0.6907994688380279  -0.9870883832940227  0.5232379459234058  0.5512607973849488  0.6498719760170971  -8.644529059997131  0.0  0.0  0.0  1.0
1807261651270;5.3367863312056185;0.07073206849788986;-0.5628143338178695  0.2903585332614454  0.7739069374358973  -2.584538185407974  -0.38606988096103606  0.735531758582592  -0.5567253174871174  -4.002828837092089  -0.7308830772865657  -0.6121151478918508  -0.3018691323362801  -2.3263130461915393  0.0  0.0  0.0  1.0
1807261651301;18.499291020604566;0.09519222837206616;0.8193927807114371  -0.22108303542644822  -0.5288835054760241  -9.203078626652438  0.57323137771244  0.3178266249834256  0.7552430231770059  -3.520492698747804  0.0011218395062279236  -0.9220133013673244  0.38715657501565104  -0.7261179043291084  0.0  0.0  0.0  1.0
1807261651332;12.390821196249583;0.007105141086841242;0.20889170412768  -0.5806490781376282  0.786899551407012  -5.315297114709415  0.9375680984278896  0.347716732115827  0.0076899295836594436  4.946764039657953  -0.2780832910423515  0.7361655535710788  0.6170331927687864  1.4063529633736078  0.0  0.0  0.0  1.0
1807261651363;14.174233102738592;0.20374390543307727;-0.3178240422727413  -0.8713693587179593  -0.3737690715413296  4.285238342385467  0.6293962038007774  -0.48871926174001973  0.6041638038193443  -0.9116194428215738  -0.7091179709995961  -0.04323105240151448  0.703763297788165  3.9894206265582817  0.0  0.0  0.0  1.0
1807261651394;15.37282925956283;0.029286326564826125;0.6591793995361254  0.7515416356004083  0.025839682394643626  3.4997263652769863  -0.7511466795130833  0.6564322987381538  0.06982337022667941  -1.0563775682138987  0.03551316775031167  -0.0654355188900205  0.9972246526154135  12.218215011413957  0.0  0.0  0.0  1.0
1807261651425;13.890754583273365;0.05141490496432901;0.15154074754365  0.7801148087994728  -0.6070060023802683  9.951941726245737  -0.9256476092508269  0.3274066892646704  0.18968754126978457  0.36723691496051425  0.3467158855924257  0.533128263100457  0.7717268621483577  -8.8831874330778  0.0  0.0  0.0  1.0
1807261651456;9.3716141831985;0.26683868249238524;-0.9420076212266237  -0.22112164919907237  -0.2524417909270169  5.328424201432789  0.23831217806812816  -0.970393789929353  -0.03928356209627487  -6.533186240108147  -0.2362815001970789  -0.09716536791485669  0.9668143275430853  -7.400037079797858  0.0  0.0  0.0  1.0
1807261651487;17.785414458371655;0.12558936565779352;0.7064247022199889  0.623404304535815  -0.3351584896427605  -2.2322776111272704  -0.690887800368495  0.7102075187076199  -0.13520106387579772  6.3026628163847205  0.15374715410498463  0.32706628297240015  0.9324105636184286  -3.72630597148527  0.0  0.0  0.0  1.0
1807261651518;16.45702919953805;0.052292056652443526;0.1570948715126454  0.3666520717810458  0.9169991600885424  -13.916269383821575  0.7217456029186344  0.5911620613894603  -0.36001486336175303  5.334746268135401  -0.674095309293903  0.7183966003764429  -0.17176099253184968  3.2993700575113607  0.0  0.0  0.0  1.0
1807261651549;5.869275751550298;0.357016858729711;0.07619853214310783  0.9498407578790704  0.30330894871557695  -0.8660145583009271  -0.7193474958891529  0.26301319198990947  -0.6429333099142432  1.2744832103650667  -0.6904585171154322  -0.16919395825794636  0.7033067898376694  -0.5143129121017198  0.0  0.0  0.0  1.0
1807261651580;10.82780923860347;0.16908894857676535;0.5579233637708959  0.8298542141532738  0.007968902723761613  1.2327396737746692  -0.8132986363021165  0.5448317736769068  0.20421475603196182  2.828233773950836  0.1651267644801606  -0.12041728133506423  0.9788936765595053  2.791129974166687  0.0  0.0  0.0  1.0
1807261651611;22.621753926741967;0.07647853419263755;0.21592234246318184  0.07305848820561445  -0.9736734562091756  1.5822493081301852  -0.9714689818017442  0.11627285019362094  -0.20670907504251865  -7.860851217428507  0.09810993539032731  0.9905266688024918  0.09607996132776  0.2992362646840846  0.0  0.0  0.0  1.0
1807261651642;7.769711969705423;0.06348467093682356;0.7403095788278392  -0.3629415639845268  0.5658755593133648  -7.079017228425812  -0.6299496811312209  -0.08059506172359825  0.7724427715167268  -2.076806362975355  -0.23474481195208707  -0.9283199109995626  -0.2883002187015198  0.7854202188973722  0.0  0.0  0.0  1.0
1807261651673;8.158437860854828;0.09989224858855345;-0.010669611712739387  -0.06515738104075919  -0.9978179568848267  1.118515438333748  0.8528342777386986  -0.5215857384960678  0.024940170637458375  2.545395899519427  -0.5220726521278563  -0.8507072546378228  0.06113356530389613  -1.771359903331874  0.0  0.0  0.0  1.0
1807261651704;36.66570801263619;0.08791805866977292;-0.14306506940451963  -0.07329843249030854  -0.9869953017673101  3.5865201309676245  0.1369419616665039  0.9861954056640123  -0.09308878010868808  -7.720436519520293  0.9801934936792883  -0.14847882556666997  -0.1310524830254381  -9.991660073193291  0.0  0.0  0.0  1.0
1807261651735;13.857565236918324;0.04801471033593199;-0.3632946728475819  0.9112451621051355  -0.19403410839477306  -4.28114841902151  -0.9050220919487609  -0.2957059573548397  0.3057662503768959  11.118011678617572  0.22125097460860482  0.2866884045873562  0.9321254019228843  3.3662291925581025  0.0  0.0  0.0  1.0
1807261651766;22.45262214999514;0.059549829949752164;0.6332881511872461  -0.05137579185449738  0.7722089390684124  -8.30495334591598  -0.3079975008709175  0.8986426912513994  0.3123761401223074  1.1409797832733668  -0.7099884907680611  -0.4356625316363178  0.5532761530240803  -0.25199908027129947  0.0  0.0  0.0  1.0
1807261651797;21.051230087920704;0.7535747158846652;0.9158333755572406  0.38721756104127253  0.10635689275584151  -2.3975744754314245  -0.1057933075200053  -0.0228375370708072  0.9941258587243957  5.2079302066504285  0.3873719198643688  -0.9217054883864955  0.020049647847414767  -3.6928160225178766  0.0  0.0  0.0  1.0
1807261651828;3.434283833819833;0.032585524691405784;0.44288655202495125  0.8810002963825609  -0.16640306430258317  -1.5558928445909963  -0.7245299835805684  0.4610052223179488  0.5123772905665516  -0.3565747916975359  0.5281172265020257  -0.10636100210799948  0.842484143650425  -1.878167758071319  0.0  0.0  0.0  1.0
1807261651859;30.81758641329856;0.7359967246672815;-0.17221607448255682  0.9849602751378146  -0.013959945926041245  11.221542354360658  0.7915119252259423  0.1299285245318837  -0.5971829290410852  -1.3471531883138486  -0.586387666919198  -0.11389396346342223  -0.8019835841035976  3.639068130120711  0.0  0.0  0.0  1.0
1807261651890;5.456298175072451;0.04974825002620968;-0.5854040509600899  -0.2657593855862238  -0.765946503414142  3.731113671805612  -0.1903259030353578  -0.8732982589324093  0.4484709595719653  1.1713709639929335  -0.7880851145360461  0.40831617641045836  0.46065144342360587  3.317238914575572  0.0  0.0  0.0  1.0
1807261651921;13.250946855243232;0.05755693532710661;-0.506028461646507  0.6122751718574366  0.6074984032329774  4.489451090712773  -0.8558219997355385  -0.26884087949239943  -0.441919999866965  -2.306645040388605  -0.10725623885040227  -0.7435345959944976  0.6600396986446843  1.8313708643655637  0.0  0.0  0.0  1.0
1807261651952;9.163995689044379;0.4936619382212744;0.8539137005043008  0.34681329529556365  0.3880102193206827  -2.2409812743886963  -0.5193365549327724  0.5199178784266072  0.678214525355316  5.695013416197382  0.03348036441874187  -0.7806445656626384  0.6240778215092893  1.4879946794617203  0.0  0.0  0.0  1.0
1807261651983;6.588263075805257;0.7241322717638632;0.6699296811814857  0.6176353625645765  0.4119718208588995  2.1751336897904996  -0.6844581713981527  0.7287650626000116  0.020457153758482116  -0.2750182877175186  -0.2875956082390174  -0.2956823336679498  0.9109669168956165  -0.14632762555611606  0.0  0.0  0.0  1.0
1807261652014;17.758751011909293;0.06975850282117928;-0.36727967363315117  -0.9298233326584107  0.023113013216226413  0.7736989502204277  0.9282450627388273  -0.36800291516814665  -0.05417525199513618  -1.9726732742105653  0.05887906959961792  0.001557071531212137  0.9982639083385367  9.053115169272145  0.0  0.0  0.0  1.0
1807261652045;29.809431639619387;0.07239017179305679;0.7045173738313861  0.6235704553690598  0.3388438536561501  -1.3642271034026012  -0.6474330219650268  0.7602772606333591  -0.0529997078583298  -6.312840927402362  -0.290664328803794  -0.18203948515269552  0.939348643372833  8.463876868744647  0.0  0.0  0.0  1.0
1807261652076;4.484716985902588;0.05942762273634197;-0.24814059855678622  -0.28291824234162477  -0.9264898874236059  0.03014897909190495  -0.8699254945930984  0.48586883284075766  0.08462334861557853  1.190155503970069  0.4262110711898903  0.8269756619298334  -0.36668157489964076  -0.05412734957393303  0.0  0.0  0.0  1.0
1807261652107;29.336704611392904;0.08860843836459521;0.7719799723111549  0.608019166773628  0.18536346777714996  -0.05354615369590132  -0.36898112222029555  0.6660964160046623  -0.6482040543153016  -9.386775449509761  -0.5175904305486329  0.43200492754324676  0.7385606872714215  12.062928150384208  0.0  0.0  0.0  1.0
1807261652138;8.336172594373753;0.09346807926299128;0.6877211584263094  0.6055579961495852  0.4004236775617477  1.8844732530241852  -0.6069832740671681  0.17704280643605247  0.7747432798623987  0.04761637618787934  0.3982598564448544  -0.7758578207304134  0.4893196590736755  2.0546188679865294  0.0  0.0  0.0  1.0
1807261652169;11.016264409904746;0.05831741027856554;0.5339846247690713  0.7445943682298979  0.4005491821369172  1.3646556300019657  0.09918065296374738  0.41531106473169843  -0.9042565551817185  2.8333024700044676  -0.839656845733969  0.5225858267421167  0.14792036742902895  3.9522472429262234  0.0  0.0  0.0  1.0
1807261652200;7.691976379282801;0.09170103262168783;0.17265378727317177  0.13251448979224154  -0.9760279605294779  3.495137158580931  -0.9518134739321077  -0.23253884346213954  -0.199941984391934  0.6387629415285706  -0.2534596231779809  0.9635173046066127  0.08598036486363235  0.18000321655251467  0.0  0.0  0.0  1.0
1807261652231;30.250277525569288;0.05701470137649672;-0.2390498182994451  0.965054385998355  0.10735556080772204  11.51177853485288  -0.9709644869036017  -0.23653554012469222  -0.03576175932397163  -0.9180269066676565  -0.009118637125572529  -0.11278727908438241  0.9935773146231318  3.54157947586865  0.0  0.0  0.0  1.0
1807261652262;34.4089756725358;0.07546402736764322;-0.7546067671328796  0.157496118855729  0.6369957610083807  -9.019973575718893  0.02967103270670235  0.9779647597207171  -0.2066508131184532  1.8682434707544637  -0.655506107382213  -0.13703977995378613  -0.7426518981964806  8.578471924965871  0.0  0.0  0.0  1.0
1807261652293;40.84770933151314;0.7299923322348204;-0.91362089023009  -0.2873148563472074  0.2876578562413371  11.974639571299564  0.3679026932706299  -0.28310049207333826  0.8857210168399812  -1.2658469534909562  -0.17304472606639743  0.9150433239524877  0.3643504330594216  9.361344663955373  0.0  0.0  0.0  1.0
1807261652324;17.8904122783438;0.07567264676401009;0.9489591343770873  -0.2524332372702854  0.18908733961726204  1.040445439252676  -0.3142857742997745  -0.8071568611295488  0.4997221764183427  8.284441424882663  0.026476656795771117  -0.5336433849048801  -0.8452950516785136  2.843109833664337  0.0  0.0  0.0  1.0
1807261652355;3.608779537763446;0.09707913561788344;0.5117112165933392  0.141488310621243  -0.8474270993838414  2.2486039232086643  -0.007913224725791201  0.9870809356268024  0.16002689585365276  -0.8718765712275736  0.8591210692836049  -0.07518167648877838  0.5062200152437009  -0.47541994904153384  0.0  0.0  0.0  1.0
1807261652386;28.030315095757214;0.06831771588137436;-0.2745013472257249  -0.38150444279538154  -0.8826683241731559  11.556072843202383  -0.7930738743021015  -0.4292576737000958  0.43217089151056454  9.343786514129572  -0.5437672666414521  0.8186526795271405  -0.18472939677354078  2.220809852659846  0.0  0.0  0.0  1.0
1807261652417;16.760798496759268;0.09632209974643924;-0.9949560243330194  0.059925164769217276  -0.08044553605275245  -3.955571483871573  -0.054326882900251894  -0.996062069502066  -0.0700638529742999  -3.176475058184409  -0.08432733505675877  -0.06534009738777669  0.9942935040698904  -6.6711481203997485  0.0  0.0  0.0  1.0
1807261652448;11.541073086658493;0.06971026540818695;-0.8488582994863849  -0.14804615292743134  -0.5074661801504328  6.234805574709858  0.15840139451059257  -0.9871066403815569  0.0230104048581427  5.574340386968272  -0.5043298381121063  -0.06085077746441588  0.8613643812416402  -6.433579761123926  0.0  0.0  0.0  1.0
1807261652479;17.131314427617824;0.005901448952411871;-0.8667829781345403  -0.48426115549932525  0.1190730955786205  0.8550939052542736  0.4949675236646785  -0.8645386437130681  0.08706367809841511  -6.884779166364647  0.060781735196297065  0.13440262944312842  0.9890609252545063  0.9542742860088215  0.0  0.0  0.0  1.0
1807261652510;16.88386035870282;0.09296343363056273;0.9357833145635313  0.28641164609996883  -0.20561604305792353  6.901276194697469  -0.3089384626407039  0.3850621743683473  -0.8696459901430693  -5.760379269410542  -0.169901778936214  0.8773229113895447  0.44881833147197014  3.5754207405560328  0.0  0.0  0.0  1.0
1807261652541;12.460236884144733;0.07249005379438492;0.8883332322683388  -0.2069915049081286  -0.4099007018090525  -3.1297877782003205  -0.06321535820024313  -0.939268198016322  0.33731153357510146  4.100904077166196  -0.4548273155113931  -0.27373302521077003  -0.8474681964378716  -9.063096048633849  0.0  0.0  0.0  1.0
1807261652572;42.08124229642907;0.6904732068502684;0.20177331656847755  -0.23682460022563961  0.9503692111221428  -14.337886974154904  -0.14180927130498233  0.9530382071724076  0.26759728369614244  3.227139080242014  -0.969111788852508  -0.18876515673600847  0.1587137558925608  3.3517246612498575  0.0  0.0  0.0  1.0
1807261652603;27.455101979184786;0.0855749232987585;-0.2953316187183667  -0.8897131189075614  0.34812325551300016  -8.787786068905572  0.8383290845326405  -0.06656135019676507  0.5410858829119921  -10.915964212456874  -0.4582396545606417  0.451641619764791  0.7655300557681461  -6.9848047114732355  0.0  0.0  0.0  1.0
1807261652634;28.71491398766282;0.005827225082662;-0.6165369655240023  0.6691024262553094  0.41495073601779836  3.304340684474643  -0.6627729753061647  -0.725557412746858  0.1851983369577008  6.350300532575423  0.42498723903932506  -0.16083651322800696  0.8907959714021997  6.814674841496633  0.0  0.0  0.0  1.0
1807261652665;10.293881191059828;0.0069198762182503286;0.7283561983092428  0.6851537442889397  -0.00784825275803587  1.2806589874009662  -0.27118913605176054  0.27773247728661293  -0.9215861997381155  3.241629602786779  -0.6292485207547237  0.6733713817404837  0.38809442327983185  -0.9597665013230594  0.0  0.0  0.0  1.0
1807261652696;33.77779932650991;0.7186130341171512;-0.8204041635357655  0.31130372266456496  0.4796113016895712  -5.927157742973561  0.03678112054348398  -0.8083282325098176  0.5875820093392242  -4.454361016801072  0.5705998226644896  0.4996953679820718  0.6517057477055996  -8.999567947420518  0.0  0.0  0.0  1.0
1807261652727;26.404805354969792;0.07275324561955672;-0.46456364787688015  0.7831732254871248  0.4133041446095359  5.9311269229569215  -0.8758544349538089  -0.4752070340939438  -0.08400763964891611  -1.2055317657648725  0.1306125026292299  -0.4010211635658799  0.9067096561354127  -11.70983664747749  0.0  0.0  0.0  1.0
1807261652758;11.706876263611738;0.06696840542455722;-0.9695608279933983  0.22674296767615176  -0.09240902245002044  0.7058732067529621  -0.11871562761937013  -0.7654077531238809  -0.6325010444392895  -6.22435302062363  -0.2141457461162737  -0.6022778412554001  0.7690273085873097  0.3400218155695086  0.0  0.0  0.0  1.0
1807261652789;37.4807323049303;0.7275371844699872;0.7117580556016002  0.6510702050968431  0.26364380956393485  10.942211469019188  -0.46542848553720184  0.7182472673995735  -0.5172013029020632  -6.612362085578847  -0.526095804142911  0.2454148547015864  0.8142448980221028  -0.8610131613832279  0.0  0.0  0.0  1.0
1807261652820;24.622197736499775;0.005737841107559383;0.6229844112036949  -0.7691896298680372  0.14225939934028392  -0.34227545559299277  0.7757931219595298  0.6308415215319726  0.01356490440478847  -0.9093583107750383  -0.10017711973036383  0.10191313955863487  0.9897364581886587  -8.451502593120408  0.0  0.0  0.0  1.0
1807261652851;31.035011037167635;0.705877435783436;-0.21263702271610532  0.3237986281374383  -0.9219218757501868  8.070489721318863  -0.9492933933925368  -0.2920609276784144  0.11637210913662135  -7.993265296258428  -0.2315762289867252  0.8999193646877126  0.369482864593679  -0.7285858579572322  0.0  0.0  0.0  1.0
1807261652882;15.670251551388807;0.10402534659420007;-0.8084273963081208  0.5881975994263104  0.021650148442886596  2.119157071247693  -0.5849661136725451  -0.7988195398096227  -0.14036377265228117  -7.398895880766998  -0.06526707250453524  -0.1261385224563376  0.9898632644962737  -3.574095480220834  0.0  0.0  0.0  1.0
1807261652913;15.719459525657804;0.0691762762052001;-0.2263794662978117  -0.9724687117430632  -0.05528961855090786  6.826436695779362  0.3541673523060197  -0.02930248006489275  -0.9347228740234133  -4.250873342336083  0.9073686261929388  -0.23118384316996193  0.3510501486367793  2.053521445538603  0.0  0.0  0.0  1.0
1807261652944;19.564049308117394;0.08894958896239114;-0.9434980641544702  -0.32895464320875645  0.040003070484238554  -3.928033328010589  0.3240017321943503  -0.9410786341311476  -0.09692204040832952  -10.448717989568134  0.06952899015394601  -0.07848469336917435  0.9944877437328825  5.091007039622067  0.0  0.0  0.0  1.0
1807261652975;27.89646367782606;0.6054607536932713;0.05839534166278312  0.4308302472571298  0.9005416604024761  -8.856549082669256  -0.1698073481993143  0.8932219113735842  -0.4163172846995885  3.9502509142338624  -0.9837456218807809  -0.12860760121579745  0.12531814050613233  1.4544915900309805  0.0  0.0  0.0  1.0
1807261653006;6.365423988371116;0.04930581433432711;0.10617570661329236  0.052076234978372306  0.9929827717919606  0.8133833355604668  -0.9896365411797945  0.10262639949219707  0.10043574308462805  5.3276919193051615  -0.09667593126968818  -0.9933558717185628  0.06243297554492443  2.438481984277841  0.0  0.0  0.0  1.0
1807261653037;10.197467142422473;0.06974988969553529;0.5971099912455138  0.782985210100659  0.17433823194700923  -0.19326650100651055  -0.760750876449349  0.48382436264877615  0.43263389845116607  4.463070578013313  0.25439685991837696  -0.39095798606900567  0.8845530457765306  -2.8301444293168663  0.0  0.0  0.0  1.0
1807261653068;11.981883041146329;0.7367675678055694;0.014019187541174712  -0.32098878931889974  0.9469792286593575  2.349445396909066  0.44505072933012824  0.8500908546259434  0.2815588521145335  -1.718338489623054  -0.8953956168663132  0.41750657002365804  0.1547738779112099  -1.9198970731920284  0.0  0.0  0.0  1.0
1807261653099;8.993075075233714;0.253072014073128;0.9474952446617957  0.31922398099925653  0.018676490523401996  1.7885257988353525  0.024991690290219797  -0.015697920429499558  -0.9995644004818437  5.298381923160651  -0.3187917451248108  0.9475492732566346  -0.022851651824374562  3.436384521063632  0.0  0.0  0.0  1.0
