# registration_from_features.py RANSAC RANSAC_config.json euclidean True --use_random_keypoints=True --n_keypoints=5000 --input_txt=/i7g4/neural_comparison/point_clouds_registration_benchmark/eth/plain_global.txt --input_pcd_dir=/i7g4/neural_comparison/point_clouds_registration_benchmark/eth/plain/ --input_features_dir=/i7g4/neural_comparison/features/3DSmoothNet/eth/plain/ --output_dir=/root/neural_registration_comparison/results/3DSmoothNet/RANSAC_mutual_on
id;initial_error;final_error;transformation
4215528470030;7.9427285406441825;0.029229234090426492;0.5938376816031788  0.6813772214795376  0.42788069593870154  -0.5880754091849667  -0.5527872226249732  0.7319324287677232  -0.3983731996768245  5.405311593329031  -0.5846221809089449  4.203578613018455e-05  0.8113056784112033  11.575530176040306  0.0  0.0  0.0  1.0
4215528470061;8.5731783167614;0.12829413917738458;0.5921843421061579  0.7980400836669772  0.11157835733286686  -0.5547338189223421  -0.8002097507916821  0.5986950502428301  -0.035051270342877805  12.550852189914819  -0.09477372896647718  -0.06852927604709619  0.9931372909231883  7.258581322550657  0.0  0.0  0.0  1.0
4215528470092;7.21989676751356;0.020563932425877795;0.7679152461885835  0.2558211783451811  -0.587249265117642  -1.289092992181434  0.2896650595271898  0.6790042828462916  0.674571965890596  -3.487199340989026  0.5713145613059734  -0.6881196905963938  0.4473152841713398  6.521896650020931  0.0  0.0  0.0  1.0
4215528470123;3.699125908164359;0.026689088536289145;0.8663859391020885  -0.40189459854462817  0.29640535789159816  -1.4682878928166052  0.28477176422579703  -0.08996502608806473  -0.954364362484634  2.565777740266772  0.4102199980814216  0.9112557411295842  0.036503800246720355  -4.235441358762854  0.0  0.0  0.0  1.0
4215528470154;6.304867582126328;0.008373784912751587;-0.7606525719658074  0.287673607021509  -0.5819377634979868  4.063099267788031  -0.6135064188529223  -0.6115668728927472  0.49959567052412407  -3.7007050774996584  -0.21217336964865852  0.7370412850060851  0.6416795192372224  -0.07127248686017063  0.0  0.0  0.0  1.0
4215528470185;10.45878331764484;2.1849666470261893;0.8536314123082238  0.40928196453733506  0.322182689518118  3.6250442714982913  0.11914865236862349  -0.7555686340398191  0.6441425602255639  8.996713039679813  0.5070670671217065  -0.5114726901406007  -0.6937425146846118  -4.525004501010953  0.0  0.0  0.0  1.0
4215528470216;5.914600834043442;0.10054705219973653;0.8273075530599281  0.42178216217592235  0.3710283281909866  -5.876119913014622  0.1082001140534975  -0.7677656448348049  0.6315288195563267  -0.00275516008442267  0.5512303946344079  -0.48232325496662615  -0.6808151950049257  -1.78285296436919  0.0  0.0  0.0  1.0
4215528470247;6.661053221913973;3.686139563646031;-0.008259167298157483  0.9888823008844296  0.1484708090941015  12.699114292369472  -0.8490543453664426  0.07149871971940236  -0.5234449843993612  20.361422885553573  -0.5282409533251867  -0.1303830053189542  0.8390242947341247  6.797954831398163  0.0  0.0  0.0  1.0
4215528470278;5.936222330533173;5.936222330533173;1.0  0.0  0.0  0.0  0.0  1.0  0.0  0.0  0.0  0.0  1.0  0.0  0.0  0.0  0.0  1.0
4215528470309;13.3828056546087;3.2776583218243873;0.8076665813922607  0.37289644284976414  0.45675259847332245  -2.92878533012178  0.538529486022162  -0.7819680707551452  -0.31386610043804186  -1.8696218007084333  0.24012639585611073  0.49947390245083817  -0.8323852081720852  -10.556140099913465  0.0  0.0  0.0  1.0
4215528470340;6.643852363898183;0.05107073113058733;-0.9910943457691718  0.12696809577429374  -0.04013851566546156  24.269628426243507  0.11484251488247424  0.9675697377387367  0.2249888872537074  0.12146310484131462  0.06740322366063348  0.21837560593537594  -0.9735342316387815  2.1101077325412034  0.0  0.0  0.0  1.0
4215528470371;8.616592423121881;0.03625254094418703;0.19839764685471983  0.8411446727909263  -0.5031043760075602  2.4419625840208368  0.40886404378772745  -0.5375396702814335  -0.7374830822271627  4.234736868204521  -0.8907685262850604  -0.059386381512717454  -0.4505604180027014  11.715481678593337  0.0  0.0  0.0  1.0
4215528470402;8.051064745866395;0.036236600153125235;-0.8661735690685914  0.2308533995702437  0.4432268675902206  18.27645633478914  -0.4237590870019299  0.1308381193992267  -0.8962754167639339  4.010206263108256  -0.26489919673390605  -0.9641514893516143  -0.01550229501707237  10.438286927154081  0.0  0.0  0.0  1.0
4215528470433;3.035557231842426;0.013492262518277846;0.8658439778571364  0.26311448620666034  -0.4255408008131961  1.0676155104397271  -0.015533754470840544  -0.8359996332452633  -0.5485100871322472  11.481477617770109  -0.5000729031656994  0.48153440205450654  -0.7197580921097302  2.6570760439901724  0.0  0.0  0.0  1.0
4215528470464;11.371431429449434;2.3027765453191966;0.8992745528089974  0.059089393935222445  0.4333748056758112  -8.690906554809036  0.28276916497630494  -0.8344627136096916  -0.472983698380562  4.066988629909176  0.3336867962757627  0.5478872357698428  -0.7671197421991562  -0.44245291006964793  0.0  0.0  0.0  1.0
4215528470495;6.926527848736154;0.047061848863437124;-0.7902007794933046  0.5649143306304847  -0.23760161433897284  11.074494078762557  -0.6005595338383574  -0.791039763195665  0.11655187411278195  14.230728879851121  -0.12211050079345806  0.23479329652198036  0.964344924549465  2.2584426979387877  0.0  0.0  0.0  1.0
4215528470526;13.514784535064075;0.05189012537226135;-0.9835100365813823  0.17020868040726492  0.06113111366322327  22.334245332678645  -0.1803142052210588  -0.9489465168453688  -0.25881904018549384  15.446170335900371  0.013956910087346341  -0.2655739318552556  0.963989466425725  -7.655126999070966  0.0  0.0  0.0  1.0
4215528470557;10.446360986706342;0.016457827397888775;0.0009312994632920488  0.046943609387033236  -0.9988971069229441  -1.3120593320931864  -0.9828874619786971  -0.1839587263335623  -0.009561594574617943  14.169685525728319  -0.18420469528865296  0.9818123469092512  0.04596896442343812  -2.935705239981133  0.0  0.0  0.0  1.0
4215528470588;3.580277951137834;0.020796657609098584;0.5390339328006173  -0.542072485847043  0.6446703338739166  5.427592955326324  0.6980771521732867  0.7157915741378564  0.01818548890966498  -2.3621796942424647  -0.4713074462631939  0.4402270351544265  0.7642443644646713  3.4895283763679794  0.0  0.0  0.0  1.0
4215528470619;3.9070449392142814;3.9070449392142814;1.0  0.0  0.0  0.0  0.0  1.0  0.0  0.0  0.0  0.0  1.0  0.0  0.0  0.0  0.0  1.0
4215528470650;5.1845358049870764;0.03163755992143425;0.773811766798238  0.579529996442746  -0.25565666975000095  3.2581740819393943  -0.5541719968859706  0.4239335915580098  -0.7163614365780332  14.362145697202928  -0.30677149057890984  0.6960066760971466  0.6492040968726218  1.0967725281784797  0.0  0.0  0.0  1.0
4215528470681;3.380804448922173;0.014234093800161796;0.49959264031517175  0.5007636682982194  -0.7068542581433788  -0.018324295415010017  -0.5500161764455096  -0.44703342343578967  -0.7054383913422495  4.400060986036383  -0.6692453954949398  0.7412131048786099  0.05209350981679765  -0.40496609095169467  0.0  0.0  0.0  1.0
4215528470712;10.187008660188404;0.05222858030869383;0.134150652955555  -0.8605437985071523  0.49139390834897495  12.900181730086185  -0.42214080442041957  -0.4982587485929388  -0.7573211740694169  18.587866585175313  0.8965493536637456  -0.10584228975925015  -0.4301123878053728  -7.972153593512106  0.0  0.0  0.0  1.0
4215528470743;11.416465271917176;0.052588303475813565;-0.4600140185459886  -0.46594735530732695  0.7558307779015605  20.11693287964013  -0.8875786090083891  0.26462276736178253  -0.37706631223768117  10.990995344364094  -0.024316981142885573  -0.8443150200463682  -0.535295088107669  10.04495408543238  0.0  0.0  0.0  1.0
4215528470774;8.6384432610346;0.019717624429697087;-0.24839759568491104  -0.968617637718136  -0.008860381441809534  19.42463482729068  0.9679149988899173  -0.2478384021932518  -0.041432853175080636  -3.659242285304293  0.03793664958700817  -0.018867917204469398  0.9991020029598967  -5.733808822417602  0.0  0.0  0.0  1.0
4215528470805;4.364926864890053;0.023870723643578815;-0.9764652518106125  -0.17459698243465593  0.12661558249737648  35.509954682672124  0.15005644244317856  -0.9716622965296788  -0.182634732687865  -0.7126050095931378  0.1549150608809048  -0.1593369863759927  0.9749938711011894  -4.257809324063935  0.0  0.0  0.0  1.0
4215528470836;7.998596834151955;0.026119646765007505;0.5962324028548948  -0.47853160618198193  -0.6446040828840369  3.4914194559510374  0.8008260947295361  0.4109565826769061  0.43565152720351963  2.086937245960673  0.056431266033271116  -0.7759653272146966  0.6282462281418567  8.072617515438814  0.0  0.0  0.0  1.0
4215528470867;4.496746515697113;0.040452397356599515;0.6768849489983073  0.5950360169899468  -0.43331155570132157  4.7541258030178035  -0.7052944782412609  0.6927723485267966  -0.1504199856370661  13.305110778199262  0.21068095495783928  0.4074292719005441  0.8886027929376804  -1.5538641622943539  0.0  0.0  0.0  1.0
4215528470898;3.0735426127890535;0.04107962789556521;-0.8087880119657946  0.22890157507740577  0.5417250415362949  6.489494735972984  0.5118246041933441  0.7276503882316315  0.4566842312240291  -2.8791425318540877  -0.28965069694848733  0.6466289364337469  -0.7056723689672258  1.8912300862422722  0.0  0.0  0.0  1.0
4215528470929;7.751781789465057;0.05023567463223191;0.5883206778891701  0.8051712236802507  -0.0746865484895035  -0.5055931573101322  0.5814191001265232  -0.48539658550529613  -0.6529486846513006  -4.9142803787711875  -0.5619880870410784  0.3407190269665721  -0.7537107765495074  -2.5238155450916495  0.0  0.0  0.0  1.0
4215528470960;7.051327912203398;0.008733948959672572;-0.5027910623888971  0.0018409641775316513  -0.8644060148059715  19.613350134934716  -0.17493157298723935  0.9790898941219802  0.10383604384037501  0.10653465670090867  0.8465223519518275  0.20341973866640187  -0.49195560528043425  -4.110581829403841  0.0  0.0  0.0  1.0
4215528470991;7.811575106800094;0.04728703419955553;-0.9163688198725896  0.104992093293213  -0.3863222053043647  17.03609084839984  -0.29784708417538663  -0.823599595867925  0.48267050887164353  9.346487110543631  -0.26749822506614596  0.5573691470041199  0.7859925785618858  -1.7520967058422139  0.0  0.0  0.0  1.0
4215528471022;6.397326685010671;0.07295622560579199;-0.3117762649266063  -0.5347036040763373  -0.7854219352782236  27.05321625690712  0.9431170941131712  -0.07372465281728297  -0.32418331597801114  -12.051565988986114  0.1154370279413951  -0.8418175166594876  0.5272737061766977  5.311503938496667  0.0  0.0  0.0  1.0
4215528471053;4.989390319330123;0.0635217083773175;-0.11854057030588538  0.07268085882472365  0.9902856284689064  11.224258701263189  -0.5328049600849221  -0.8462364241067195  -0.0016700371184713222  12.560844254795313  0.8378943893477631  -0.5278270619015032  0.13903807041226834  -9.56417947240368  0.0  0.0  0.0  1.0
4215528471084;7.283065117516562;0.02553112246700649;0.6559807153450763  0.31043635956321497  -0.6879815170166268  3.10567634116323  -0.5426560361494621  0.8275165777167243  -0.14401645751285955  1.3891484280620663  0.5246081657064775  0.46780934178908623  0.7112950809677705  5.557807753138779  0.0  0.0  0.0  1.0
4215528471115;13.751336068378958;3.3352610346753253;0.9770217867970826  0.01151445160377726  0.2128282066082883  0.32327627454032815  -0.18145796402433922  -0.4788830571171908  0.8589202669038816  11.200067593974953  0.11180981806611451  -0.8778031869447486  -0.4657897911866089  -2.6275794870442786  0.0  0.0  0.0  1.0
4215528471146;11.525962444638278;0.08277198722654017;-0.6884641810520725  -0.7182063489947548  -0.10097876842150622  28.875247490284462  0.369171283459892  -0.4668661212013953  0.8035848358094753  -8.05586835731457  -0.6242832969709148  0.5159609143510677  0.5865617614413128  6.920017291715229  0.0  0.0  0.0  1.0
4215528471177;6.697705102568167;6.697705102568167;1.0  0.0  0.0  0.0  0.0  1.0  0.0  0.0  0.0  0.0  1.0  0.0  0.0  0.0  0.0  1.0
4215528471208;6.121585792418238;0.10113372494263614;-0.0033043591447986277  0.7040644336542449  -0.7101284070319744  15.022872189018988  -0.9964113112266748  -0.06238065032676332  -0.057211478956134765  18.321556168821246  -0.08457883937593583  0.7073909299163633  0.7017438935978582  3.36789851376244  0.0  0.0  0.0  1.0
4215528471239;7.5967337800512365;0.017083787505316562;-0.5518208611053688  -0.05176057680810962  -0.832354840159785  7.713659538919242  -0.12823136254959602  0.9914691851426326  0.023357494970115876  -4.796910753026656  0.8240451777103022  0.1196231482661141  -0.5537507087953023  -8.42973266040272  0.0  0.0  0.0  1.0
4215528471270;4.659737430181631;0.08045709804325882;-0.7653289148555654  -0.3257690204919764  0.5551091760849414  29.538329752108904  0.642117486591004  -0.44571862506919  0.6237147109700746  -13.56561722891719  0.04423556826871357  0.8337922118574448  0.5503033363026384  0.6611999393349794  0.0  0.0  0.0  1.0
4215528471301;12.269791784026703;2.2483924428333277;-0.7364012106566491  -0.6661111217997154  0.11836059461723825  22.38316866224239  0.655046616660465  -0.7457570100046017  -0.12149243610477821  -10.481215052520117  0.16919570604805273  -0.011935469983241354  0.9855102016778818  -0.16752245610911443  0.0  0.0  0.0  1.0
4215528471332;10.27674754914434;2.0303188385263735;0.9485212390547818  -0.06691755457367621  -0.3095634021519015  -2.9086095883333485  0.31563625144453467  0.11918009565153836  0.9413659551813693  -1.1739733029564512  -0.026100111800971187  -0.9906150340522644  0.13416645807953514  12.626902594004276  0.0  0.0  0.0  1.0
4215528471363;7.251183878607266;7.251183878607266;1.0  0.0  0.0  0.0  0.0  1.0  0.0  0.0  0.0  0.0  1.0  0.0  0.0  0.0  0.0  1.0
4215528471394;7.752494131188369;7.752494131188369;1.0  0.0  0.0  0.0  0.0  1.0  0.0  0.0  0.0  0.0  1.0  0.0  0.0  0.0  0.0  1.0
4215528471425;6.845520635125362;0.035426800586451014;0.5069191134601388  0.8617460281465626  -0.02065902665686671  2.929811938006499  -0.6637080203422315  0.3749070550334413  -0.6472529365090183  9.60041102320218  -0.5500224323990628  0.3418164464442498  0.7619953023464403  -0.962167463404595  0.0  0.0  0.0  1.0
4215528471456;8.696136189115853;0.0291672827608064;-0.36539387212682595  -0.9212695285732068  -0.13322827753396055  23.496475260783974  0.786124134382838  -0.38205232533848354  0.4858444875104506  -12.978581152473721  -0.49849389520133464  0.0727906341912154  0.8638317891933834  6.398862865006236  0.0  0.0  0.0  1.0
4215528471487;4.397592397978111;0.0699252384014922;-0.16799113233044347  0.9788280928557013  0.11693820630917182  19.361990936498298  -0.9554449185999728  -0.13246528477273312  -0.2637763367923102  18.213319100242362  -0.24270143588332288  -0.15604010050801018  0.9574693206853284  3.3477252884629056  0.0  0.0  0.0  1.0
4215528471518;4.316883413942118;2.620462893313241;0.24060889553990328  0.11381455733257961  0.9639261413232119  6.992041624546207  -0.922686506363567  0.3350562751499451  0.1907535149276146  17.292586212892342  -0.3012589755702948  -0.9352986362771161  0.1856326765860557  7.629544198209418  0.0  0.0  0.0  1.0
4215528471549;1.9026528424683027;0.01706003594359562;0.6234527291788644  -0.7639910964178653  0.16620559278692437  2.024362208290807  0.6360026379713805  0.6191976700288848  0.46053760967400337  -0.14717561548327573  -0.45476074915593834  -0.1814162341826872  0.8719408299891124  0.3714592356714737  0.0  0.0  0.0  1.0
4215528471580;8.32112714146523;2.6435260216539294;-0.3415884089467641  0.939579733228468  -0.022522961162758204  16.31014253729517  -0.9303317949458347  -0.334630149937937  0.1500180457990823  17.935784188532995  0.13341705358041767  0.07219825246385558  0.9884266802120861  -5.694148035175096  0.0  0.0  0.0  1.0
4215528471611;14.49435390175508;2.682069157534308;0.02944972243046043  0.040326276510195935  0.9987524744758297  21.621532448404697  -0.7919730401871495  0.6105546777920083  -0.0012996318792561357  13.626368746124005  -0.609845404562085  -0.7909467598069551  0.04991798959680116  18.49843624653222  0.0  0.0  0.0  1.0
4215528471642;10.551955767567739;0.05132880365449804;0.6770089711759777  0.40603820199506246  0.6138337164638805  0.06370188193322157  -0.3717690610200073  0.9084826453814183  -0.190911100539181  -0.6864985671015811  -0.6351744785612419  -0.09895585663009401  0.766003342174862  12.869237162774207  0.0  0.0  0.0  1.0
4215528471673;5.301269378770812;0.06717919771939738;-0.9159020206506994  -0.16766420526332448  0.36470838054723026  30.42972344180631  0.2859234426943726  -0.9102117900157554  0.29960354175829007  -3.6726519993933398  0.2817290781686606  0.37868616503607794  0.8816039444810267  -7.0281338553453265  0.0  0.0  0.0  1.0
4215528471704;14.231622672185328;0.042219871944953975;0.06795899798214175  -0.9283711487900871  0.36538826566740895  8.809979666376547  -0.31562625412310324  -0.3674307556843948  -0.8748569640149257  6.084321881187695  0.9464468512819304  -0.055871726940988464  -0.31798853411271005  -13.042706488145921  0.0  0.0  0.0  1.0
4215528471735;9.260585039119485;0.009460053144440057;0.7969218604183239  -0.1783296851607434  -0.577160351876207  8.166289777449988  0.5869754980099844  0.4543599564722779  0.6700871545481532  -5.313429427344639  0.14274212105516706  -0.87278608681909  0.4667645375686676  -2.741248740440306  0.0  0.0  0.0  1.0
4215528471766;10.023762998931376;0.018163850131715103;0.25167893691163956  -0.9408013284504126  0.2270475128711284  -0.44480660341875966  0.9613333015447312  0.2701146815643187  0.05363154057560067  2.665387913394236  -0.11178549125952264  0.20477040603892105  0.9724058230772384  -2.454782746628875  0.0  0.0  0.0  1.0
4215528471797;16.49642327605817;2.7893990006801292;-0.4659331341357043  0.8770024625399013  -0.11735840495434359  24.718099736198816  -0.881882138613902  -0.4710825670967094  -0.019107814405211754  10.544614377167512  -0.0720430989633935  0.09459331729314924  0.9929057841584102  -4.905500334344729  0.0  0.0  0.0  1.0
4215528471828;6.120378490255965;0.019255759894021583;0.9927899699824595  0.11723993529129306  0.024957425250232146  -1.6762573870340685  -0.03975936097909929  0.5185093820368243  -0.8541470681061463  1.5132750635130972  -0.11308080613774049  0.8469963508260736  0.519432298736375  1.2820134837241293  0.0  0.0  0.0  1.0
4215528471859;3.3560635566366703;0.015452619612442531;-0.45293072393897066  -0.8011891761511459  0.3910877949135837  5.486521383243427  -0.8230569659144377  0.20715102554630002  -0.5288342684384554  2.7095196602141574  0.34268205405571023  -0.5614128219353077  -0.7532493964118356  2.1454513364332968  0.0  0.0  0.0  1.0
4215528471890;6.397138347400414;0.03779713964709258;0.6125535937310466  0.5387147194673578  -0.5784155477132211  3.7316184609115544  -0.7653251080701998  0.5871847354778016  -0.2636125288737259  6.850928833290077  0.1976248308399456  0.604152743477235  0.7719740207963044  -6.7271087332696045  0.0  0.0  0.0  1.0
4215528471921;4.826841366204702;0.03805253226898398;0.4405606027453771  0.07173546652952956  0.8948521543531205  -0.5430594832104507  -0.6486500685962283  -0.6636705342972581  0.37255135272294976  6.392416978067658  0.6206121524903762  -0.7445773598138626  -0.2458558753291847  -2.4588414532150544  0.0  0.0  0.0  1.0
4215528471952;10.627445185868936;10.627445185868936;1.0  0.0  0.0  0.0  0.0  1.0  0.0  0.0  0.0  0.0  1.0  0.0  0.0  0.0  0.0  1.0
4215528471983;2.5890048286559675;0.05730411677872573;0.5115901650680847  -0.7417383248725633  -0.4337046926433392  6.520163564434096  0.13472139702099184  -0.4292713890812709  0.8930712287947409  4.164136095925202  -0.8486021731001648  -0.5153157594441294  -0.11968299744825163  8.098508248738195  0.0  0.0  0.0  1.0
4215528472014;9.471090222260203;0.048677618143006265;0.4795089158201267  0.87027654791844  0.11264958851309695  -1.249162572524094  -0.850705780230169  0.49250242392094185  -0.18368733738332715  6.885900618715312  -0.21533897727068885  -0.007751940090076639  0.9765085930460904  -7.67813695658309  0.0  0.0  0.0  1.0
4215528472045;3.9958979372442767;0.050372743307703076;-0.6798866504102472  0.7243004175147943  0.1146431322924703  7.086268303547969  -0.651264808119897  -0.6682453092911745  0.35958636836634417  8.313805526273658  0.3370582921372625  0.16981493396705957  0.9260424374202701  -0.038731594204876374  0.0  0.0  0.0  1.0
4215528472076;8.69484171943448;0.03193143937279126;-0.035560478507316695  0.52255102247103  0.8518661169942214  3.9593394219328846  -0.9877528553605482  0.11120171018155235  -0.10944622597322948  3.771095942589505  -0.15192020634338224  -0.8453251496123727  0.5121968784924458  -5.990083292827286  0.0  0.0  0.0  1.0
4215528472107;10.315265354533507;0.06015673926642394;-0.48885251291031984  0.10854004575416967  -0.8655878228631386  21.251998426107075  0.6010565206960339  -0.6772270745611555  -0.4243754804534732  5.366319932696875  -0.6322612431187308  -0.727724225204178  0.26582545495293625  17.66822199467179  0.0  0.0  0.0  1.0
4215528472138;6.670306263270432;0.04072472082713362;0.3736167854263589  -0.8886808115137692  0.2658136807895749  6.716701467574874  0.23010718567392974  -0.18881163880145418  -0.9546731630009994  -3.4977211158864376  0.8985884379118716  0.41784755629336545  0.13394864295977543  -3.477472868049402  0.0  0.0  0.0  1.0
4215528472169;13.267182160692693;13.267182160692693;1.0  0.0  0.0  0.0  0.0  1.0  0.0  0.0  0.0  0.0  1.0  0.0  0.0  0.0  0.0  1.0
4215528472200;8.200847505154186;0.052557952625459876;-0.020024231579875984  -0.9550262789425406  0.2958442777523348  12.133474466593  0.25792157876373034  0.2809534909665453  0.9244141902425216  -1.1992638739976975  -0.9659583269259919  0.09481530700723753  0.240696007859422  -1.0462559471032544  0.0  0.0  0.0  1.0
4215528472231;10.278644612899345;0.020863401621971946;0.6620327744850959  -0.6171489745503203  -0.4252525705025847  3.06862108910882  -0.6006253638652584  -0.09749426676956606  -0.7935641374386773  16.211961642720823  0.44828760610716595  0.78078294753315  -0.43521972732420267  0.011765369763570899  0.0  0.0  0.0  1.0
4215528472262;4.061839555975304;4.061839555975304;1.0  0.0  0.0  0.0  0.0  1.0  0.0  0.0  0.0  0.0  1.0  0.0  0.0  0.0  0.0  1.0
4215528472293;4.76530520571006;0.06091294985625695;0.9109533308344484  0.2411793671032049  0.3346588440865136  -2.700547158991016  -0.16713818263625568  -0.5259038180392971  0.833960431961097  6.0540421453346935  0.3771324130152083  -0.815633304282867  -0.4387635536344596  2.936608029677871  0.0  0.0  0.0  1.0
4215528472324;7.620481991712362;0.040941357490704725;0.23025714031693767  0.9289367261323893  -0.28992793617639767  3.350947483433902  -0.9477842022032924  0.2816300293113768  0.14963165655683575  8.225599146946388  0.2206507543312185  0.240335360345731  0.9452788790513366  -8.86912350731279  0.0  0.0  0.0  1.0
4215528472355;4.274579483987271;0.01733135647641111;0.24257347598422685  0.3495933896430752  0.9049544577860235  3.495999410755468  0.9689861693023792  -0.041965173621815316  -0.2435256206307529  -2.9335880382508304  -0.047158376240412234  0.9359612097308075  -0.34893079747940253  1.0151666245200999  0.0  0.0  0.0  1.0
4215528472386;6.98607721477994;0.024199944701018307;0.5000296247376111  -0.8416642913235821  0.20389113540204754  5.5258276495005845  0.8553374780650755  0.44313966973448515  -0.2683747971119645  -5.76208008402613  0.1355292330164992  0.30859107864354046  0.9414899750818256  4.312812571792064  0.0  0.0  0.0  1.0
4215528472417;3.9350110134314358;0.006470122711422136;-0.6584431846444784  -0.5501722233238685  -0.5135787157565121  1.370306696831447  0.43107978317949835  -0.8350429827505012  0.3418675730353245  2.0702307549260643  -0.616946345421669  0.003706972082135343  0.7869964836191001  3.831628641601439  0.0  0.0  0.0  1.0
4215528472448;8.44720383204338;0.031236045480798114;0.48221795043073745  -0.6634669347893837  -0.5720817028393401  6.905414591453314  0.8400599321977812  0.535453525966547  0.08711390156486326  -4.07756576662  0.2485259716774868  -0.5225908035654403  0.8155572900971393  -7.1713738139132595  0.0  0.0  0.0  1.0
4215528472479;4.6646235313045;0.0477858702283844;-0.8543382676491413  0.45660330063817656  0.24823285494991956  6.733025482216371  0.5190026114432954  0.7745966630493432  0.361436438268007  2.2446563351123014  -0.027247270419340795  0.4376224805001977  -0.8987458766612229  -0.6760693393933175  0.0  0.0  0.0  1.0
4215528472510;4.403148072732226;0.033680835142388184;-0.9981826218755971  0.05843648628980175  0.014718371365756752  9.34707527667074  -0.057996386740531806  -0.9979030967977786  0.028737232407553395  5.432345628030238  0.016366811253299224  0.027831393632100798  0.9994786345980055  -3.6388042300948555  0.0  0.0  0.0  1.0
4215528472541;10.318454924319978;10.318454924319978;1.0  0.0  0.0  0.0  0.0  1.0  0.0  0.0  0.0  0.0  1.0  0.0  0.0  0.0  0.0  1.0
4215528472572;7.24244761931414;0.013412677947521531;0.9218709082867004  0.3677553152934129  -0.12210674235314528  4.559247565090274  0.02393716988938586  0.26046852261594894  0.9651855576126035  2.515603454101946  0.38675708183864127  -0.892699376497882  0.23131533206415655  5.376631661871804  0.0  0.0  0.0  1.0
4215528472603;5.1560174420135;0.00747793211597358;-0.18186841215110583  0.9661709575055927  0.1828594037351175  3.504468931184628  -0.950399653438842  -0.22043009804374736  0.21943352209667816  12.60696412049315  0.25231801244652513  -0.13388148770144148  0.9583378150975178  -5.568675375441696  0.0  0.0  0.0  1.0
4215528472634;2.054122432201142;0.030277473455594665;-0.8395101390785079  -0.05041116988440375  -0.5410004069640518  1.6969564762334954  -0.5404670765141173  -0.024850154124632012  0.8409981028779224  0.5981039427863823  -0.05583964173118555  0.9984193426566152  -0.0063836212657880295  -0.6723022324813815  0.0  0.0  0.0  1.0
4215528472665;3.1616134532515607;0.02686549039462442;-0.10933456218681584  -0.7942621898152583  0.597656696893199  0.23318119567492923  0.007736036035126015  0.6005631168203174  0.7995399279970522  0.5256182946083645  -0.9939749027303867  0.09204084172223603  -0.059517864521349884  4.0141006291256875  0.0  0.0  0.0  1.0
4215528472696;6.874583370600295;0.07606124294825758;-0.14427558499768212  -0.9885686963590055  0.043777712967145666  23.284202226190533  0.9881290327967174  -0.1415695250622488  0.05965805995733188  -13.323123034080163  -0.052778500526257  0.05186523067244875  0.9972584558325359  1.3187764831165691  0.0  0.0  0.0  1.0
4215528472727;10.234961895922138;0.027005246916076753;0.8454206530754143  0.28662323466079953  -0.4506784227208131  2.745927318969608  -0.07539187131627317  -0.771317058945045  -0.6319699837174202  8.422709200439146  -0.5287532364846288  0.568257966009229  -0.6304783096777268  7.911309561666115  0.0  0.0  0.0  1.0
4215528472758;6.7270965623001775;0.019032832118348757;-0.5357902972175287  -0.844204959826925  -0.015708061980162433  9.821552351111553  0.8324622138213513  -0.5312656119623631  0.15736426565745534  -1.2926298948763764  -0.14119284672817947  0.07123787861717734  0.9874156899112536  -5.341465243450617  0.0  0.0  0.0  1.0
4215528472789;6.2551636084248825;0.028293246726682923;-0.4806990996763276  0.8537507956480564  -0.20009486375386754  1.6644425980177122  0.28022179250883184  0.36578464580068515  0.8875118815540464  4.245199856732545  0.8309056038886155  0.3705552210221545  -0.41507192822415373  -5.822660612979064  0.0  0.0  0.0  1.0
4215528472820;11.132084316276776;0.050912661435627934;0.1215324291137526  0.9900511380569326  0.07091271187794601  20.72745159743391  -0.9556541794154534  0.09740423208453669  0.27791636320626967  19.652737496313073  0.2682442134315074  -0.10154388019076033  0.957984280850326  -0.9222464356981517  0.0  0.0  0.0  1.0
4215528472851;7.769777714220737;0.008322328544997737;-0.06543072068952611  -0.938707103152383  -0.3384491029406205  3.934404940214739  0.9967520625611039  -0.07744195929404418  0.022092277403743837  1.3849527239568884  -0.04694833937674059  -0.33590432779581925  0.9407253244161151  7.250616036973209  0.0  0.0  0.0  1.0
4215528472882;7.042666088122157;2.7952282867864104;0.8327059533489246  0.3467388629709566  0.43170934222329155  1.7409452914887886  -0.527751187109597  0.26104679703987366  0.8082903279513086  9.278168430592016  0.16756932822467732  -0.900903285964055  0.4003670685477254  -1.3306776733192311  0.0  0.0  0.0  1.0
4215528472913;11.695730771155905;11.695730771155905;1.0  0.0  0.0  0.0  0.0  1.0  0.0  0.0  0.0  0.0  1.0  0.0  0.0  0.0  0.0  1.0
4215528472944;6.966974866703557;0.06956068318381645;0.6819583621079898  -0.4750243017382586  -0.5561337115380336  7.782893226149342  0.37237033261013863  0.87995281843877  -0.29499724187436177  -0.06016386326994905  0.629502285732787  -0.005911859246114332  0.7769761400309867  -8.142951075896148  0.0  0.0  0.0  1.0
4215528472975;4.140007954611918;0.10801867993228406;-0.7855822532174026  0.5643367218696667  -0.25374118266309764  15.971550261771545  0.5034876226108291  0.3446429191218403  -0.7922887555537261  -0.9110671708167057  -0.3596675371889494  -0.7501635306042113  -0.5548819154053054  12.122836628706137  0.0  0.0  0.0  1.0
4215528473006;2.4517018405060282;0.0326508757552114;0.10495710299787728  -0.9825113764941292  0.15380312607324925  8.6323426324556  0.9420760196653385  0.04869007466744334  -0.33184642502276707  -2.279250341083893  0.31855420214118213  0.17972387623376496  0.9307107760253477  -1.9583560167517597  0.0  0.0  0.0  1.0
4215528473037;9.53731782294903;2.4213785250860163;-0.6437873538981378  -0.14414242800136876  0.7515056908704719  18.519788004803203  -0.2618228837798337  0.9643140658228672  -0.039333954611548226  6.024228217113558  -0.7190178165317227  -0.22208408971838112  -0.6585529869372029  19.717623605143647  0.0  0.0  0.0  1.0
4215528473068;7.896574012257276;0.050603870513154486;0.41919143774276596  -0.9042743799024918  -0.08103323006715905  4.201986852411764  0.8153282853361944  0.3356840990411877  0.47175838390181074  -5.434719526278645  -0.3993974532391199  -0.2638257597409137  0.8779963797438094  -3.908319744496654  0.0  0.0  0.0  1.0
4215528473099;4.933808374600305;0.04764357043580475;0.39456858161787894  0.6964395212740623  0.5994060623714204  2.8995157437643173  -0.8726652662614144  0.4882667243554694  0.007137152658837451  1.7977522569723927  -0.2876994394519228  -0.525896947219449  0.8004132891477465  5.59309986596376  0.0  0.0  0.0  1.0
