# registration_from_features.py RANSAC RANSAC_config.json euclidean True --use_random_keypoints=False --n_keypoints=5000 --input_txt=/i7g4/neural_comparison/point_clouds_registration_benchmark/eth/plain_global.txt --input_pcd_dir=/i7g4/neural_comparison/point_clouds_registration_benchmark/eth/plain/ --input_features_dir=/i7g4/neural_comparison/features/3DSmoothNet/eth/plain/ --output_dir=/root/neural_registration_comparison/results/3DSmoothNet/RANSAC_mutual_on
id;initial_error;final_error;transformation
4215528470030;7.9427285406441825;0.015720845311733213;0.5940569427240884  0.6799795722774054  0.42979545144957754  -0.5782202435564834  -0.5565353404885267  0.7331970196365741  -0.3907563757424373  5.4442679936937886  -0.5808310972981978  -0.007064819989413149  0.8139934426823654  11.590489871980665  0.0  0.0  0.0  1.0
4215528470061;8.5731783167614;0.03725912261821788;0.6143564188845438  0.7807474086816858  0.11401611470398844  -0.6621170459111045  -0.7833399306538089  0.6208462526394554  -0.030471029303794833  12.432018007305862  -0.094576654723283  -0.0705933029428336  0.9930115014243165  7.25645384051644  0.0  0.0  0.0  1.0
4215528470092;7.21989676751356;0.01963983864996054;0.7654142189385094  0.25780769360070105  -0.5896407945241224  -1.3128847085685549  0.2885143388726024  0.6815365291642397  0.6725083164390361  -3.5141119455938146  0.5752395585420532  -0.68486725176128  0.44727653387283256  6.495754434193012  0.0  0.0  0.0  1.0
4215528470123;3.699125908164359;0.024306768681777627;0.8651165029830721  -0.4058008837802674  0.29478649729845763  -1.4632054096850666  0.28181545351813025  -0.09291696742160449  -0.9549588930019672  2.6071590440214925  0.41491383011983374  0.909226088433634  0.03397695817702366  -4.276067829091067  0.0  0.0  0.0  1.0
4215528470154;6.304867582126328;0.009692565551581945;-0.7613587191613824  0.27838667072027395  -0.5855200784962213  4.046155852073862  -0.6102230375352047  -0.6127681702588809  0.5021384410487729  -3.717914392785848  -0.21899941830572928  0.7396053211564023  0.6364143490674032  -0.0611259113457564  0.0  0.0  0.0  1.0
4215528470185;10.45878331764484;1.6215131753839027;0.8021433977097766  0.5406121698815838  0.2535832235904832  3.876028157818027  0.1903738398993304  -0.6340375434477321  0.7495026314701959  8.340782160632765  0.5659715280759269  -0.5529329753909517  -0.6115074440533905  -4.495698982422651  0.0  0.0  0.0  1.0
4215528470216;5.914600834043442;0.062135311691578536;0.8329140042557487  0.40600959742788295  0.3760458327266801  -6.055016736594752  0.09339724352673676  -0.7728995923775801  0.6276170607975674  0.10897621096497101  0.5454642210230303  -0.48762939503173763  -0.6816790716200105  -1.7434838199523428  0.0  0.0  0.0  1.0
4215528470247;6.661053221913973;3.7125712570096696;0.02759879324357878  0.9872590207127491  0.15670970816386076  11.997400684010996  -0.8633908012796945  0.1025503271764251  -0.49400380025017526  20.33661490576621  -0.5037803399072907  -0.1216678117552561  0.8552206222405903  6.245444569758964  0.0  0.0  0.0  1.0
4215528470278;5.936222330533173;5.936222330533173;1.0  0.0  0.0  0.0  0.0  1.0  0.0  0.0  0.0  0.0  1.0  0.0  0.0  0.0  0.0  1.0
4215528470309;13.3828056546087;13.3828056546087;1.0  0.0  0.0  0.0  0.0  1.0  0.0  0.0  0.0  0.0  1.0  0.0  0.0  0.0  0.0  1.0
4215528470340;6.643852363898183;0.05409918533256085;-0.9909437894625622  0.13022710660271022  -0.03273082387388639  24.21670237456616  0.11952793408167556  0.9665568223546589  0.2268942091236184  0.09932123905084111  0.061183977475672655  0.22092715963763265  -0.9733692572886745  2.2040938083712245  0.0  0.0  0.0  1.0
4215528470371;8.616592423121881;0.03112994801083159;0.19667961311381132  0.8416016478151277  -0.5030147077176406  2.4568489046881923  0.4077234253184202  -0.5367769226021858  -0.7386691707444829  4.245159216207993  -0.8916718781211036  -0.0598097128950556  -0.44871378406663076  11.717363447735513  0.0  0.0  0.0  1.0
4215528470402;8.051064745866395;0.06291067668194998;-0.8642104643622905  0.23736158029605767  0.443621182413636  18.225755450116402  -0.42421300682361796  0.13032895538362133  -0.8961348605150228  3.9988676561628083  -0.2705246719402491  -0.9626389996192612  -0.01193977737013539  10.505643056745738  0.0  0.0  0.0  1.0
4215528470433;3.035557231842426;0.02356616345500122;0.8668353567578321  0.2643272089913055  -0.42276186069865523  1.0592864042037333  -0.013080957345185863  -0.8355587952735052  -0.5492452896439102  11.467644640402714  -0.4984228654761495  0.48163536646300803  -0.7208342534470659  2.630726850558804  0.0  0.0  0.0  1.0
4215528470464;11.371431429449434;2.268528389596415;0.8476930577384781  -0.050790856009436725  0.5280499680975446  -7.981125852477113  0.16257370133909876  -0.9226373854220254  -0.3497285328001041  5.942291745928916  0.5049616534895445  0.3823094871533228  -0.773856048976596  -3.6182081461179587  0.0  0.0  0.0  1.0
4215528470495;6.926527848736154;0.04991369283482305;-0.7894006740381572  0.5639588148339432  -0.2424809910058878  11.06380593449796  -0.6006760319049108  -0.7910905015949145  0.11560330004492599  14.19055181809853  -0.12662890871785037  0.23690984246628705  0.9632439182364586  2.2319772217853444  0.0  0.0  0.0  1.0
4215528470526;13.514784535064075;0.031210167125970197;-0.9834483805156525  0.17089769385311218  0.060193530356914576  22.33350840072511  -0.18068784061811946  -0.9497092979769464  -0.2557423578308779  15.399174083115014  0.013460576284164666  -0.26238564665740327  0.96486920632502  -7.678950081862793  0.0  0.0  0.0  1.0
4215528470557;10.446360986706342;0.006891069936904383;0.004750435647080432  0.04690283619514035  -0.998888160565544  -1.3581697376009112  -0.9828492081601424  -0.1839300461956357  -0.01331060199442085  14.129474121037752  -0.1843498505020969  0.9818196688105836  0.04522466756684157  -2.9434987571050364  0.0  0.0  0.0  1.0
4215528470588;3.580277951137834;0.01998917276827804;0.535756684417434  -0.5417630943231209  0.647655405853666  5.447207141472558  0.6986365996612749  0.7151879612594542  0.020324411019192287  -2.3664337076512796  -0.4742063651152  0.44158683143746835  0.7616622568995052  3.484997125575003  0.0  0.0  0.0  1.0
4215528470619;3.9070449392142814;3.9070449392142814;1.0  0.0  0.0  0.0  0.0  1.0  0.0  0.0  0.0  0.0  1.0  0.0  0.0  0.0  0.0  1.0
4215528470650;5.1845358049870764;0.03831916883496131;0.7656579327275097  0.5809452151830259  -0.27617130011531665  3.495389463775707  -0.5685045457694393  0.4102789424670372  -0.7130734680294972  14.578789411644596  -0.30094935037464376  0.7029749969409136  0.6444033226054956  0.984698976590134  0.0  0.0  0.0  1.0
4215528470681;3.380804448922173;0.02418355310782487;0.4980827306890954  0.5007069343899762  -0.7079591508294012  -0.023522596293662046  -0.5510415406973265  -0.4476203386366569  -0.704265044471698  4.403774069695556  -0.6695273062506202  0.740897157703144  0.05295835998396389  -0.4008787727064011  0.0  0.0  0.0  1.0
4215528470712;10.187008660188404;0.09121919237926365;0.1210492736693325  -0.8607761833046885  0.4943798495079879  13.143254069601621  -0.41630809892335874  -0.4961481381877191  -0.7619216440971328  18.488620899839724  0.9011296466740767  -0.11358427368378501  -0.41840646823009453  -8.07930745717514  0.0  0.0  0.0  1.0
4215528470743;11.416465271917176;0.46106929657863593;-0.35429000539356714  -0.4954598751942755  0.793094007133265  18.860209645964947  -0.935021386189586  0.2009442749486056  -0.29215818614833355  11.539986819811258  -0.014615041783439031  -0.8450685832746665  -0.5344581275608185  9.915149874496548  0.0  0.0  0.0  1.0
4215528470774;8.6384432610346;0.04351034145755334;-0.24312704074796215  -0.9698917991792468  -0.014111695220009157  19.44365624204763  0.9692526266888154  -0.24234652791951233  -0.04263221859332692  -3.712247445343249  0.03792871885485735  -0.02404284280614155  0.9989911681270398  -5.716719239966174  0.0  0.0  0.0  1.0
4215528470805;4.364926864890053;0.06189956789769597;-0.9731474047002707  -0.17332437659151428  0.151468773033554  35.371838319312886  0.14264491544823316  -0.9705485698252292  -0.19413372120002576  -0.5084908550194362  0.1806559072432835  -0.16731447662819204  0.9692106629049955  -4.691204436255358  0.0  0.0  0.0  1.0
4215528470836;7.998596834151955;0.02805409530102738;0.5986540460239149  -0.47528148371154844  -0.6447641773704127  3.461952831669158  0.7986549076540292  0.4158207200382113  0.4350212262258451  2.0666681107914764  0.06134877064237346  -0.7753712917227809  0.62851864595477  8.061276887977646  0.0  0.0  0.0  1.0
4215528470867;4.496746515697113;0.11818023575919767;0.685150818926022  0.5916786134519051  -0.4248349958614906  4.625780293514806  -0.6977653479697502  0.7005092163316184  -0.1497008918046798  13.077305763163748  0.2090260139256725  0.39900282733095244  0.8928072968363608  -1.5042417602715088  0.0  0.0  0.0  1.0
4215528470898;3.0735426127890535;0.03352505955424795;-0.8075117063135622  0.22567258397601103  0.5449740626930326  6.473718367823681  0.5120532508156934  0.7268132628815135  0.4577597068644288  -2.8818265504773515  -0.29279056080352067  0.6487020623838938  -0.702466598325673  1.893955867511349  0.0  0.0  0.0  1.0
4215528470929;7.751781789465057;0.03810216222879146;0.586157430854394  0.8068263026463208  -0.07382942240220328  -0.5024995174262346  0.5863630777854081  -0.48533817798655465  -0.6485562381156426  -4.919835263548368  -0.5591044690075362  0.336865210947581  -0.7575777335620699  -2.57948836523573  0.0  0.0  0.0  1.0
4215528470960;7.051327912203398;0.019918820897589423;-0.5095454192083955  0.0017529519713054675  -0.8604419753377485  19.66000529102719  -0.1742165735628401  0.9790756437733895  0.10516401126690554  0.09901227861994943  0.8426221283943145  0.2034890928996162  -0.49857811605718083  -4.04198053053959  0.0  0.0  0.0  1.0
4215528470991;7.811575106800094;0.013630730041369962;-0.9166851893361467  0.10520059122761277  -0.3855140714125916  17.011321558382555  -0.2976934160197195  -0.8233547800135314  0.48318271522000944  9.347545502642463  -0.2665837461479266  0.5576914396278919  0.7860746557773675  -1.759760505122057  0.0  0.0  0.0  1.0
4215528471022;6.397326685010671;0.17879381462800395;-0.3456011534798258  -0.5336773712591948  -0.771847333427595  27.67158255350092  0.9297166321417962  -0.08321559233971287  -0.35875081757463106  -11.698847772436466  0.12722746021331083  -0.8415839997275532  0.5249281329574975  5.132450664982728  0.0  0.0  0.0  1.0
4215528471053;4.989390319330123;0.053834036474038845;-0.13681413161844563  0.0796389261027827  0.9873902647072665  11.483692952831579  -0.5219900378240614  -0.8529442661722656  -0.0035325934228523067  12.445259132393737  0.8419075328098244  -0.5158911903231647  0.15826555514395002  -9.71764899723085  0.0  0.0  0.0  1.0
4215528471084;7.283065117516562;0.011901998127726719;0.651115579474844  0.31215399643879116  -0.691815282190578  3.073473439408577  -0.545669035916271  0.8260823630190953  -0.14083051072475758  1.3795939033609343  0.5275355963414655  0.4691991176633642  0.7082078667852926  5.552675371742108  0.0  0.0  0.0  1.0
4215528471115;13.751336068378958;1.4705294236007662;-0.03858447986381863  -0.9897907882221372  -0.13720580696253598  12.566466992566129  0.892959404586808  -0.09577934078564786  0.43982930738940196  -6.436042836582157  -0.44848047858698714  -0.10554863063663497  0.8875385889622597  12.486955455402512  0.0  0.0  0.0  1.0
4215528471146;11.525962444638278;0.048996158034519635;-0.6897289644517671  -0.7173141572749931  -0.09866283681893338  28.835915815442462  0.3690858319750125  -0.46553283948526825  0.8043971804998424  -8.065433237460665  -0.6229362762206151  0.5184009791017465  0.5858419758217603  6.900926526520548  0.0  0.0  0.0  1.0
4215528471177;6.697705102568167;2.4578626863090176;-0.42721527860796255  0.027976180264351995  -0.9037170127101395  22.16070493911472  0.004945531807763913  0.9995785350550823  0.02860583808025596  2.0551781936884113  0.9041364097519027  0.00775148985369567  -0.42717357943345285  -14.884404568332847  0.0  0.0  0.0  1.0
4215528471208;6.121585792418238;0.05194129982810559;-0.014292793204204478  0.7014441451199508  -0.7125811022889696  15.119795406743235  -0.9963224839119202  -0.07020341152443076  -0.049122185027875465  18.357598929905286  -0.08448209345182736  0.7092584805888982  0.6998679758345311  3.318686141413728  0.0  0.0  0.0  1.0
4215528471239;7.5967337800512365;0.010662614632861942;-0.5522334692791643  -0.057148742547710234  -0.831728451258652  7.786192229819157  -0.13117835410421522  0.9911768388927188  0.018992457901689436  -4.786111615563913  0.8233045820487153  0.11959304021494609  -0.5548577023974153  -8.418013863497364  0.0  0.0  0.0  1.0
4215528471270;4.659737430181631;0.12778698958459292;-0.7728325252380748  -0.3099947123875756  0.553744676024867  29.742253856256454  0.6319784138701966  -0.45533071030572464  0.6271181935286163  -13.310858264350466  0.05773363262649678  0.834612019170721  0.5478043493068671  0.4687307320032592  0.0  0.0  0.0  1.0
4215528471301;12.269791784026703;2.381069979972896;-0.7963755369706129  -0.5959883875447015  0.10287782086841979  23.513789257937052  0.5925036346152146  -0.8029405177507641  -0.06500744512665804  -9.931297183902643  0.12134845315259687  0.00918514376600199  0.9925674717879236  0.5638816954042261  0.0  0.0  0.0  1.0
4215528471332;10.27674754914434;10.27674754914434;1.0  0.0  0.0  0.0  0.0  1.0  0.0  0.0  0.0  0.0  1.0  0.0  0.0  0.0  0.0  1.0
4215528471363;7.251183878607266;0.21997571960364723;0.5767463678170139  -0.6666111508992381  -0.47222155891771256  6.980221951745993  0.36181670194082705  0.7267025428480525  -0.5839452786133621  -6.046066359266283  0.7324290418918027  0.16593067141118828  0.6603141001663438  -8.45231517512735  0.0  0.0  0.0  1.0
4215528471394;7.752494131188369;7.752494131188369;1.0  0.0  0.0  0.0  0.0  1.0  0.0  0.0  0.0  0.0  1.0  0.0  0.0  0.0  0.0  1.0
4215528471425;6.845520635125362;0.023581535500354942;0.503638820846885  0.8636517947102318  -0.021295906408402926  2.914477013771474  -0.6650240429011479  0.3718387025512212  -0.6476719861538225  9.619855854430893  -0.5514444310167363  0.34035504517903176  0.7616216138751633  -0.9598991331183717  0.0  0.0  0.0  1.0
4215528471456;8.696136189115853;0.06488769843153806;-0.35578640082859747  -0.9252285069947794  -0.13178864453982092  23.34156020594331  0.7874812133764971  -0.37273463021703346  0.4908586701037789  -13.037612141880368  -0.5032786261749166  0.07085975784027315  0.8612139798878709  6.466313653997211  0.0  0.0  0.0  1.0
4215528471487;4.397592397978111;0.09277116394655185;-0.16853395439288954  0.9789828458432086  0.11484290906027814  19.349733994228153  -0.9558318036943102  -0.13385286177751654  -0.2616657685683204  18.180514283504934  -0.24079424674019156  -0.15387007161466124  0.9583016914302736  3.2916824865812213  0.0  0.0  0.0  1.0
4215528471518;4.316883413942118;2.63904933446163;0.1284307976284988  0.03210899222434327  0.9911985385576623  8.788971018893669  -0.9630973780355512  0.24242374703967404  0.11693659518000311  18.37824567271841  -0.2365353475520211  -0.9696389737884825  0.062058761419023833  7.179469678630216  0.0  0.0  0.0  1.0
4215528471549;1.9026528424683027;0.03364716637900311;0.6223371552134226  -0.7645103230670546  0.16798937813079698  2.0115995561435667  0.6364837918448925  0.6191756457676083  0.45990205740680595  -0.12106550290807006  -0.4556148021735156  -0.17929162170099677  0.8719344392947302  0.37642294179129815  0.0  0.0  0.0  1.0
4215528471580;8.32112714146523;8.32112714146523;1.0  0.0  0.0  0.0  0.0  1.0  0.0  0.0  0.0  0.0  1.0  0.0  0.0  0.0  0.0  1.0
4215528471611;14.49435390175508;2.668126353318908;0.18859756794983312  0.17655460765192874  0.9660535326162212  17.739284924907125  -0.8567447354835439  0.5104076329365742  0.0739763912428481  15.817143126001303  -0.48002022414127477  -0.8416130457383345  0.24752386886602176  17.48489424596681  0.0  0.0  0.0  1.0
4215528471642;10.551955767567739;0.053044932311387794;0.6773966887537408  0.4125079101562307  0.6090738461992979  -0.022683719642893507  -0.3791668754441131  0.9053085397949485  -0.19143909825395022  -0.5413783019026148  -0.6303698966729102  -0.10126041592288829  0.7696623425475021  12.82890218253738  0.0  0.0  0.0  1.0
4215528471673;5.301269378770812;0.03764628100809256;-0.9139648242985761  -0.18174800906809765  0.3628167046108205  30.464057220969245  0.29681821655082363  -0.9090947936752356  0.29231079767290424  -3.78490051078833  0.2767078717139452  0.3748523940331229  0.8848267832853922  -6.951827448395154  0.0  0.0  0.0  1.0
4215528471704;14.231622672185328;0.07817199199432832;0.06614371322306731  -0.928141451010922  0.3663037757332074  8.891822207667733  -0.31313190151506565  -0.36787030763906675  -0.8755683005974445  6.009870269349143  0.9474035156440068  -0.05678805924556142  -0.3149630055617624  -13.073751400469787  0.0  0.0  0.0  1.0
4215528471735;9.260585039119485;0.02263479406108276;0.7949356620109205  -0.181259789890389  -0.5789837491952188  8.216266045200552  0.5899169183952258  0.45380621041586927  0.6678757015935444  -5.292364028719435  0.14168741177091215  -0.8724705221134296  0.46767495698271005  -2.744558197862462  0.0  0.0  0.0  1.0
4215528471766;10.023762998931376;0.0074394972541422235;0.2418043510402031  -0.9432327821646669  0.22768964506083383  -0.44070751429237065  0.9638743147087832  0.2605027555380129  0.05553935363123699  2.5941240953723765  -0.11170031899103827  0.20603454323730364  0.9721485512668813  -2.4556983789333087  0.0  0.0  0.0  1.0
4215528471797;16.49642327605817;2.814326409476161;-0.4162297506175374  0.900185494326371  -0.12813614051176442  24.3193193265733  -0.905452902964591  -0.42323235168293866  -0.03208452901204817  11.06594830258713  -0.08311338769330887  0.10266670489168976  0.991237465238691  -4.764675018311529  0.0  0.0  0.0  1.0
4215528471828;6.120378490255965;0.04944118227991141;0.9929157087002273  0.11507417275044186  0.02960287455851704  -1.6298134076137378  -0.03517540237798445  0.522642905448948  -0.8518257359644806  1.467603242402567  -0.11349487426255302  0.8447498612901243  0.5229881311907989  1.307830984827425  0.0  0.0  0.0  1.0
4215528471859;3.3560635566366703;0.011807668515222776;-0.4533798533127552  -0.8011957328321309  0.3905535895388617  5.486446505616138  -0.8229643277758796  0.20800380717314884  -0.5286436714932568  2.720630661899079  0.3423104202598854  -0.561088062511635  -0.7536602432717543  2.139858191953258  0.0  0.0  0.0  1.0
4215528471890;6.397138347400414;0.03245222606006825;0.6107869723371582  0.5381446636414015  -0.5808094312401366  3.751635705114867  -0.7654825685789711  0.5888575283498441  -0.25939014728291804  6.820713798145496  0.20242458256088605  0.6030316179936139  0.7716068662700294  -6.749037389276264  0.0  0.0  0.0  1.0
4215528471921;4.826841366204702;0.023914459843926875;0.4354847758486798  0.06447051154570121  0.897884493208932  -0.5273801086293131  -0.6549904491201531  -0.6615377747056089  0.36517842789372434  6.409292656183039  0.6175277496318734  -0.747135413281011  -0.24586206022078141  -2.465664428290944  0.0  0.0  0.0  1.0
4215528471952;10.627445185868936;2.772711327299809;0.695278990556351  -0.48600666040861884  0.5295135988144241  2.398151613911061  0.7117863953202992  0.5678256512847091  -0.4134418425607532  -2.349549069673862  -0.09973591493477282  0.6643580027225964  0.7407301745511427  -5.237021904904167  0.0  0.0  0.0  1.0
4215528471983;2.5890048286559675;0.00825928966619521;0.5118163634504957  -0.7426668275739268  -0.4318448718296759  6.503988680687717  0.12818788965647698  -0.4310272627615991  0.8931871940985617  4.164815861881893  -0.8494774129132152  -0.5125051043428961  -0.12540591283009062  8.076478310711654  0.0  0.0  0.0  1.0
4215528472014;9.471090222260203;0.038046823042792784;0.4809556766440491  0.8696907597482239  0.11099378141329702  -1.2701023158888631  -0.8486115961811709  0.49358988118915764  -0.19033493640033425  6.949319066801675  -0.22031794282516104  -0.0026479418858971204  0.9754245191059421  -7.666063469512121  0.0  0.0  0.0  1.0
4215528472045;3.9958979372442767;0.023083375968822796;-0.6785398723042417  0.725461759133664  0.11527739469659076  7.060599682246987  -0.6518927151227389  -0.6670421223373987  0.3606808769501392  8.2909345019563  0.3385550614940606  0.1695878623672934  0.9255379123917313  -0.045913092198546224  0.0  0.0  0.0  1.0
4215528472076;8.69484171943448;0.01839791235799198;-0.03467984393647785  0.5262279002983993  0.849636101735372  4.002217237557721  -0.9874199154779665  0.11318953389049903  -0.11040851387070116  3.7733297359311653  -0.15426995476121308  -0.8427765577928644  0.5156825134642283  -5.9982197194386995  0.0  0.0  0.0  1.0
4215528472107;10.315265354533507;0.08272833304014743;-0.45671496026135466  0.12399684715958564  -0.8809291838552927  20.697713337564693  0.5955209730355707  -0.6930225311876294  -0.4062936646577931  5.518762123449854  -0.6608829062309274  -0.7101721996535589  0.2426710347177619  18.06624541909703  0.0  0.0  0.0  1.0
4215528472138;6.670306263270432;0.0359408399686791;0.37993417087521136  -0.8855742967532649  0.26722311039901975  6.657616462520326  0.23067564847804028  -0.18905221651436474  -0.9544883470374279  -3.477481344694472  0.8957894680116538  0.424284603021329  0.1324530280455377  -3.467821438763919  0.0  0.0  0.0  1.0
4215528472169;13.267182160692693;0.5233897965970014;0.5215633142510449  0.5631651770019139  0.6409498362897584  3.66068215400486  0.6215451423691252  -0.7654233052314655  0.16675970678159224  -2.651800893413504  0.5845112019669165  0.3114035118956457  -0.7492492959985011  2.014685919563653  0.0  0.0  0.0  1.0
4215528472200;8.200847505154186;0.04418047876089671;-0.022299643599046702  -0.9552457959403868  0.2949715159698871  12.124848643097277  0.2546329776092316  0.27988782665954676  0.9256483410030255  -1.196800172137245  -0.9667806227936165  0.09575110352373764  0.23699568258678133  -1.0387766055686787  0.0  0.0  0.0  1.0
4215528472231;10.278644612899345;0.023088220866312455;0.6615788375963215  -0.6174723131503813  -0.4254895817025585  3.0554206325229516  -0.5986382083356623  -0.09317770570592476  -0.7955816807091837  16.194294921754334  0.4516035176627493  0.7810543243924188  -0.43128691747203884  -0.041761952955638115  0.0  0.0  0.0  1.0
4215528472262;4.061839555975304;4.061839555975304;1.0  0.0  0.0  0.0  0.0  1.0  0.0  0.0  0.0  0.0  1.0  0.0  0.0  0.0  0.0  1.0
4215528472293;4.76530520571006;0.03308875018503095;0.9086093517086063  0.24583027748075748  0.3376337078275795  -2.7405110197771627  -0.1663767363195972  -0.5284504946959114  0.8325015653242253  6.038061308550196  0.3830767907343182  -0.8125931019454816  -0.43925462213995536  2.8776339449765973  0.0  0.0  0.0  1.0
4215528472324;7.620481991712362;0.029543386197755265;0.22986160470121048  0.9313626954750555  -0.28236000453609567  3.238414213071989  -0.9466467672050336  0.2813061990240435  0.15724732280997464  8.141616412897532  0.22588391006099487  0.2311500635260236  0.9463329790868917  -8.886481220543617  0.0  0.0  0.0  1.0
4215528472355;4.274579483987271;0.009049961551309361;0.2436403447162398  0.3517719175563577  0.9038229364456706  3.486267329414842  0.9688380866245111  -0.04538864080353397  -0.2435007868401352  -2.9412989325640595  -0.044633444100908526  0.934984700037777  -0.35186853562511194  0.9957430250688002  0.0  0.0  0.0  1.0
4215528472386;6.98607721477994;0.02828217653874366;0.5020672134007567  -0.8401230107820414  0.20523605916728932  5.527643351077549  0.8549404737122883  0.44636443760255795  -0.26426421485392493  -5.748827890378754  0.13040436969905936  0.3081430116005739  0.9423601141629034  4.348752159276789  0.0  0.0  0.0  1.0
4215528472417;3.9350110134314358;0.017426588246651335;-0.6569273610246883  -0.5515579725661617  -0.5140333114068034  1.3760560312579058  0.4323251836925332  -0.8341319281459585  0.34251841117335896  2.0577469620489337  -0.61769035760837  0.002780170176456334  0.7864164881101067  3.829574837615509  0.0  0.0  0.0  1.0
4215528472448;8.44720383204338;0.03837496632140124;0.4798849245268581  -0.6635245810777043  -0.5739735094213925  6.935214933305443  0.840444440046359  0.5353855209019309  0.08375850526203805  -4.043484620306679  0.25172127920979304  -0.5225872887032613  0.8145789852916415  -7.1823369084442445  0.0  0.0  0.0  1.0
4215528472479;4.6646235313045;0.03479595359389369;-0.8557207758989694  0.45340491246808773  0.24933098292164163  6.713078413895593  0.5167059141539178  0.7743854734214397  0.3651604261584457  2.26219145411084  -0.027512760189228613  0.441306156657325  -0.8969347379397847  -0.6637199825120017  0.0  0.0  0.0  1.0
4215528472510;4.403148072732226;0.024821399881912853;-0.99809279847327  0.060146229992029135  0.013899519903254609  9.331676851290332  -0.05977224362491086  -0.9978755846926929  0.02591517636945956  5.446443510812862  0.015428691708609582  0.025034945415595727  0.9995675099662845  -3.626788455884334  0.0  0.0  0.0  1.0
4215528472541;10.318454924319978;10.318454924319978;1.0  0.0  0.0  0.0  0.0  1.0  0.0  0.0  0.0  0.0  1.0  0.0  0.0  0.0  0.0  1.0
4215528472572;7.24244761931414;0.04006920296469527;0.9246356585840149  0.3633310783046808  -0.11419030787620373  4.6141906040029905  0.01752395352489146  0.25892296741649357  0.9657389957939433  2.485395560145136  0.380449484068203  -0.894957778044414  0.23304241156931707  5.378228727646305  0.0  0.0  0.0  1.0
4215528472603;5.1560174420135;0.013789632382581749;-0.18506805891201952  0.9662202568372714  0.1793550357471323  3.5505951856313267  -0.950977396695331  -0.22209677272332404  0.21520923428248923  12.639988552736176  0.24777369623329365  -0.13073422973040347  0.9599566430999317  -5.542013280240127  0.0  0.0  0.0  1.0
4215528472634;2.054122432201142;0.012987780522226735;-0.839974113688629  -0.04614873492044605  -0.5406605058613458  1.6778971469653259  -0.5401360834257241  -0.024241091820798734  0.841228495029059  0.6067351165588084  -0.05192783179108619  0.9986404076205703  -0.004564707317961596  -0.659379699923529  0.0  0.0  0.0  1.0
4215528472665;3.1616134532515607;0.015176735861304394;-0.10827231815541605  -0.7924147584305696  0.6002965564974319  0.20703440620760505  0.006536622500169037  0.6032658788945424  0.7975133553288541  0.5519605882893055  -0.9940997825608574  0.09027253171933391  -0.060137279032553066  4.016928167005178  0.0  0.0  0.0  1.0
4215528472696;6.874583370600295;0.1277853877696629;-0.13923943392110974  -0.9885537020442773  0.05808578325100899  23.076415108219994  0.9890991872363388  -0.13599913329605057  0.05645381786148049  -13.328644310444451  -0.0479080144625402  0.0653131986452769  0.9967141055653719  1.2040357407675057  0.0  0.0  0.0  1.0
4215528472727;10.234961895922138;0.025681005045226257;0.8384154765649316  0.29608891961178563  -0.457592439119707  2.825887531779989  -0.0726407536455558  -0.7713761955743121  -0.6322199663179774  8.413049240725819  -0.5401692415958199  0.5633028639945163  -0.6252256183565831  7.919502849372359  0.0  0.0  0.0  1.0
4215528472758;6.7270965623001775;0.030779787992039218;-0.5344999573192973  -0.8450411535950919  -0.01467120841464642  9.804852160596004  0.8328615353701765  -0.5295890241571267  0.1608636950748546  -1.3060434799045675  -0.14370615340514253  0.07376255298577575  0.9868675834429457  -5.342604019430062  0.0  0.0  0.0  1.0
4215528472789;6.2551636084248825;0.03232375830405403;-0.4803241808763907  0.8535509070981975  -0.2018403583460666  1.6601368068816917  0.27969781007998734  0.3671709936941494  0.8871046141386658  4.252698959278341  0.8312988730305633  0.36964349092266663  -0.41509742629486535  -5.8279039166895625  0.0  0.0  0.0  1.0
4215528472820;11.132084316276776;0.09382979584214321;0.12291716314130022  0.9905020174812404  0.061620811183297625  20.721056377930037  -0.9545684365186201  0.10101706984132405  0.28034737666521925  19.66006761863809  0.2714598883954908  -0.09328078562204395  0.9579186938493487  -0.9546501417434579  0.0  0.0  0.0  1.0
4215528472851;7.769777714220737;0.011242145996570575;-0.06519106552208505  -0.9394957776350357  -0.3363001766012549  3.9401765230357224  0.996733948341731  -0.07740402164720898  0.02302289416954957  1.4032096958800038  -0.04766089801083381  -0.333700915849475  0.9414733865394295  7.240756895567266  0.0  0.0  0.0  1.0
4215528472882;7.042666088122157;0.16307117814146818;0.9289492164734291  0.19272629370795696  0.3160853190627453  2.1083921990564054  -0.36043193668457985  0.2759245492315637  0.8910412235969566  6.1411614564245784  0.08451137338374096  -0.9416592902132666  0.3257846051056451  0.12590234244762666  0.0  0.0  0.0  1.0
4215528472913;11.695730771155905;0.03590584217151277;0.0633099518266393  0.5295743907865006  -0.8458976383835194  3.4772305224941498  0.7755400961624072  -0.5595662524428178  -0.29227242150347393  4.554075932938029  -0.6281157610218937  -0.6375237828898679  -0.44613228644167874  15.016056513572279  0.0  0.0  0.0  1.0
4215528472944;6.966974866703557;0.013721297712858129;0.6840226545044612  -0.4626031276205237  -0.5640136119282754  7.773308393487429  0.3654451877997229  0.8864852254521866  -0.2838904009807495  -0.18990213911678122  0.6313183213234788  -0.011928594665540384  0.7754320639428125  -8.118975160091686  0.0  0.0  0.0  1.0
4215528472975;4.140007954611918;0.10159363887932658;-0.7873695775870952  0.5671670265930335  -0.24160031505761204  16.05048490486127  0.4911054144894583  0.34017105833923833  -0.8019346126259295  -0.8124441270930589  -0.3726454348968434  -0.7500701400629017  -0.546379140191646  12.28269438786685  0.0  0.0  0.0  1.0
4215528473006;2.4517018405060282;0.024061188221159158;0.10352640832592537  -0.9840141071563542  0.14490865983928733  8.664571694823561  0.9416815594368175  0.050069585113622694  -0.33275948861481586  -2.301503085012941  0.32018451460958863  0.1709072074660229  0.931811463248005  -1.934656088290081  0.0  0.0  0.0  1.0
4215528473037;9.53731782294903;2.492142042383414;-0.6691541949489508  -0.1641073581618911  0.7247768197033804  19.159144956953423  -0.26323393228720315  0.9644166953751508  -0.024664439468371796  5.949555335890645  -0.6949392493411477  -0.20729016541745993  -0.688542102595306  19.535045458746964  0.0  0.0  0.0  1.0
4215528473068;7.896574012257276;0.02091157758652177;0.4228339912438947  -0.9025643200991963  -0.08117304929983597  4.174017844579064  0.8127844870858631  0.338107321870963  0.4744099666425816  -5.474959958009743  -0.40074030668417693  -0.26657285492172833  0.876553546349309  -3.879619912267902  0.0  0.0  0.0  1.0
4215528473099;4.933808374600305;0.019629792370211542;0.3933193700839065  0.6957278013159649  0.6010513285842178  2.901981096002424  -0.8728878998771927  0.4878778030267475  0.00647792881860914  1.8275636729359621  -0.2887327265219235  -0.5271983268086581  0.7991841695412694  5.58158340124105  0.0  0.0  0.0  1.0
