# registration_from_features.py RANSAC RANSAC_config.json euclidean True --use_random_keypoints=True --n_keypoints=5000 --input_txt=/i7g4/neural_comparison/point_clouds_registration_benchmark/eth/stairs_global.txt --input_pcd_dir=/i7g4/neural_comparison/point_clouds_registration_benchmark/eth/stairs/ --input_features_dir=/i7g4/neural_comparison/features/3DSmoothNet/eth/stairs/ --output_dir=/root/neural_registration_comparison/results/3DSmoothNet/RANSAC_mutual_on
id;initial_error;final_error;transformation
5494384560030;1.9653997219596564;0.02100158970920173;-0.2246559857124521  -0.9652997106468912  0.13313961359638862  9.200024928856777  0.9558530638613509  -0.19174672140474916  0.22266143612533962  -9.441027010415091  -0.18940593546780937  0.17728413199031284  0.9657617346706202  2.247363899595668  0.0  0.0  0.0  1.0
5494384560061;3.2470421696666185;0.024836068418107374;0.11541490958494052  -0.18732340554680968  0.9754944081745649  4.495738236989598  -0.9910710759922825  -0.08772396826663625  0.1004122887053843  3.9992723136402253  0.06676466862794461  -0.9783733679561699  -0.1957754629597414  -1.7084637307227815  0.0  0.0  0.0  1.0
5494384560092;2.297685819693392;0.008715478186657357;-0.9983363686084648  -0.05145872176546222  -0.02600951879465574  18.30678475987383  0.011267629056559928  -0.6165168052386919  0.787261118939404  -1.3661128124769704  -0.05654675630934618  0.7856583410188824  0.6160709663166648  3.0575989066180957  0.0  0.0  0.0  1.0
5494384560123;8.759025089926762;0.11814828827886313;-0.627123562557596  0.7662238018528434  -0.14006113936150788  14.62013284108912  0.6412544672660949  0.6099453503404759  0.46557424521692736  2.0481959509104866  0.4421637089318231  0.202157747989557  -0.8738555369347075  2.32919030401111  0.0  0.0  0.0  1.0
5494384560154;2.6625673868786452;2.6625673868786452;1.0  0.0  0.0  0.0  0.0  1.0  0.0  0.0  0.0  0.0  1.0  0.0  0.0  0.0  0.0  1.0
5494384560185;6.621620892396294;0.0075181687492988725;0.6947986695470654  0.7186420852536097  0.028431709374772268  -2.988127826941552  -0.7147715048217191  0.6943588864027693  -0.08347114931760119  5.060729991298198  -0.07972769086411025  0.03767346779697395  0.9961045151657666  8.56134514925574  0.0  0.0  0.0  1.0
5494384560216;5.2200031515621825;0.007796450290903885;-0.45309768992962063  0.8222185103681667  0.3444694537813118  7.227927376919283  -0.8413896847265597  -0.26675226586680734  -0.47000705004357635  1.8774615879110688  -0.2945604892312994  -0.5027921537403677  0.8126710086627553  6.738658746127019  0.0  0.0  0.0  1.0
5494384560247;8.503686109037535;0.1735309902549601;0.6651832450711206  0.7228476070237375  0.1871432272263967  2.7901036518680877  -0.557755104200913  0.3143862029985981  0.7681605034769449  7.130305859710864  0.4964277331238484  -0.6153475866404142  0.6122963770931005  4.50002667997979  0.0  0.0  0.0  1.0
5494384560278;5.489767218869771;5.489767218869771;1.0  0.0  0.0  0.0  0.0  1.0  0.0  0.0  0.0  0.0  1.0  0.0  0.0  0.0  0.0  1.0
5494384560309;6.344090179496548;6.344090179496548;1.0  0.0  0.0  0.0  0.0  1.0  0.0  0.0  0.0  0.0  1.0  0.0  0.0  0.0  0.0  1.0
5494384560340;11.288142510784303;0.03115418185547155;-0.8649475933462342  0.19605637133907888  0.46198220747330937  9.748200573612133  -0.32931531733175345  0.47291058967547417  -0.8172557714347957  8.883132165222003  -0.3787044791592053  -0.8590212299065427  -0.34447851026530885  -1.9550769250774174  0.0  0.0  0.0  1.0
5494384560371;4.893298023722126;4.893298023722126;1.0  0.0  0.0  0.0  0.0  1.0  0.0  0.0  0.0  0.0  1.0  0.0  0.0  0.0  0.0  1.0
5494384560402;1.640061358821845;0.005969690177014647;0.5845705293784967  -0.8087222956282537  0.0651578447764519  0.6657590730199048  0.7926301128287935  0.552094949276288  -0.2587057618620586  -1.9585033636315836  0.1732478006185327  0.20287783402181098  0.9637560811966169  0.9929035253302403  0.0  0.0  0.0  1.0
5494384560433;4.064579359510598;0.004788384938297707;0.14477609704336042  0.9060652994032018  -0.3975997421305465  9.245192553887165  -0.9601664715161504  0.22570793274011144  0.164730920213572  9.228799679330496  0.2389983863985629  0.35791284178633626  0.9026506350650363  4.802344178913486  0.0  0.0  0.0  1.0
5494384560464;8.086453804333049;0.010511884417963992;-0.844522587090067  -0.33809072308759924  0.415302616000436  1.5455649698387113  0.4198194815509001  -0.8994398146917431  0.12148918741031078  3.2954303491661365  0.332465340757551  0.27695249179126114  0.9015343113190856  -4.856696524238968  0.0  0.0  0.0  1.0
5494384560495;3.79668680245774;3.79668680245774;1.0  0.0  0.0  0.0  0.0  1.0  0.0  0.0  0.0  0.0  1.0  0.0  0.0  0.0  0.0  1.0
5494384560526;3.919459476654856;0.008364236205098604;0.6727505441237491  -0.01665283558257672  -0.7396819508736572  -0.5716922068400176  -0.6041050001520301  0.564832434565633  -0.5621578689780797  11.229848487101847  0.4271578796797683  0.8250375772834349  0.36993126645062735  -3.9980223907962387  0.0  0.0  0.0  1.0
5494384560557;4.769841275602151;0.003271038988340482;-0.9410552608199254  -0.13584546651272297  0.30977573389644547  7.255806899020527  -0.16993673117817723  -0.6019714218420303  -0.7802255537227427  -3.1292865067463573  0.29246624331641546  -0.7868776375736097  0.5434032388631471  3.3616921546124154  0.0  0.0  0.0  1.0
5494384560588;4.0033637514024445;0.003360779391011951;0.3646981408753345  0.7505159915903878  -0.5511088934223187  9.459769251313666  -0.6754225754859885  0.620645754556027  0.39825016242991695  2.2856992276083963  0.6409365105577538  0.22699029432704476  0.733263796812152  -7.479080666897794  0.0  0.0  0.0  1.0
5494384560619;2.5680413302481218;2.5680413302481218;1.0  0.0  0.0  0.0  0.0  1.0  0.0  0.0  0.0  0.0  1.0  0.0  0.0  0.0  0.0  1.0
5494384560650;2.1252762310053015;0.009874394032137553;-0.09394878350317681  0.9722178132867348  0.21439717723475812  10.692029034003749  -0.9955761541334414  -0.09203031656733675  -0.01893520935670151  10.27470730510845  0.001321892257159285  -0.21522765705288668  0.9765630078189457  -2.134945813733707  0.0  0.0  0.0  1.0
5494384560681;5.499161925361485;0.0071577261711510045;0.7652855148393161  0.2838014136400253  0.5777498060519332  1.907881877193379  -0.26161529345810475  -0.6829479035995469  0.6820114362661478  -2.882496780368763  0.588128828579209  -0.67308165818488  -0.4484033479013504  -10.29949131628696  0.0  0.0  0.0  1.0
5494384560712;3.9543429907625507;0.0038958062753170833;-0.08719143817841296  0.9818371136107644  0.16850381433327538  3.5929345105465305  -0.7534513497648765  -0.17565005382870658  0.6336072301729665  -2.74218786119104  0.6516967980939186  -0.07171430071091467  0.7550816793087212  -1.4517227393277645  0.0  0.0  0.0  1.0
5494384560743;2.252255054334342;0.009792434252338496;0.5066826874005849  0.8618066213904113  0.023706573269136166  3.192808365894514  -0.8568765382552891  0.5064349511539432  -0.09636513081677858  11.362537471381643  -0.09505394508463538  0.028512937017201558  0.9950636964267666  -1.6593332517368435  0.0  0.0  0.0  1.0
5494384560774;4.093777341873709;0.013265934372270406;0.09744788416716874  0.18020937645038568  -0.9787892983225274  8.605249520095041  0.8752537580310313  -0.48366022668784914  -0.0019089716642638824  -4.009375857758798  -0.473745468499593  -0.8565029864277306  -0.20486059971717302  3.3962196861302725  0.0  0.0  0.0  1.0
5494384560805;2.4081201720064747;0.018536672000523453;0.6209217738739996  -0.6506271353020343  -0.4371961591069073  3.600246180958889  0.6946943123324576  0.7151089903972225  -0.0775818552626699  -8.041343672268809  0.3631197641854521  -0.25554542191503177  0.8960137131741728  -0.9959131649219364  0.0  0.0  0.0  1.0
5494384560836;2.3977526989083033;0.006817306065486227;-0.9297938140204384  0.364220377874542  -0.053169349725686696  16.05867983914943  -0.343112687596156  -0.909927975913848  -0.23303382213719537  2.867648717239823  -0.1332559455329079  -0.19843032779858327  0.9710140359386563  3.6490752865428813  0.0  0.0  0.0  1.0
5494384560867;5.82100797182095;0.00820500206910495;-0.05177296873132142  0.29968385908134615  0.952632743671378  1.824827133092771  -0.674827680111705  -0.7136705398796797  0.18783493461787137  0.25090175704802015  0.7361570225595889  -0.633138172213584  0.23918380593644403  5.6990968188050966  0.0  0.0  0.0  1.0
5494384560898;7.426959109966299;0.008859681672129008;0.6690024428293545  0.5042975141076859  -0.546003432913351  6.792299681353355  -0.7254020620228292  0.6030716386244978  -0.33180784665193075  8.424760143648394  0.16194931275366267  0.6180522760669779  0.7692748560475934  -5.185416034459951  0.0  0.0  0.0  1.0
5494384560929;3.2277640385532322;0.020090670470850808;0.0725548771152344  -0.9680076141908385  0.2402020996480988  8.155619119968058  0.9913865468644204  0.04366830180685735  -0.12347386004149558  -8.263545393411063  0.10903441889162763  0.24709176086196627  0.9628380742425484  -6.413772834512624  0.0  0.0  0.0  1.0
5494384560960;7.03502339552627;0.030024357714142306;-0.9382832935195234  0.30814327387287893  -0.1570738166247317  14.435614274246996  -0.34556335120644427  -0.8161599003587822  0.46310796511106816  6.121747910695391  0.014506254000516916  0.4888054212191664  0.8722722217184414  1.0899381169913833  0.0  0.0  0.0  1.0
5494384560991;7.791752238870199;0.019320535544803837;-0.48216456182977563  -0.8333781519486645  0.2701817743115331  9.938749791972583  -0.6413667430069122  0.1256960847880088  -0.7568680170503111  11.118182629362792  0.5967964781064019  -0.5382205404140515  -0.5951072286539636  -5.965021476447118  0.0  0.0  0.0  1.0
5494384561022;4.731288337239354;0.015952242369931723;0.23865770537031605  -0.30293604385821027  0.9226441638025532  3.5414655579899  0.8527278142204046  -0.38922343647099866  -0.34836818361698624  -7.193785086944462  0.46464801142614054  0.869905092428619  0.16543081830327097  2.1897718567999385  0.0  0.0  0.0  1.0
5494384561053;4.703195918816284;4.703195918816284;1.0  0.0  0.0  0.0  0.0  1.0  0.0  0.0  0.0  0.0  1.0  0.0  0.0  0.0  0.0  1.0
5494384561084;7.769594886748286;0.006237256142518805;-0.6050187105623079  -0.44526930628652595  -0.6600663638973285  17.335618600301252  0.6908017835378373  -0.7057734306888389  -0.15708838402202352  -2.62870918432565  -0.39591066635096683  -0.5510164329789307  0.7345989619218845  0.3766316860353207  0.0  0.0  0.0  1.0
5494384561115;2.7618695788486547;0.013430903438036611;0.38463425567657683  -0.8192041753949066  -0.425395120300737  11.497229457609812  -0.20197675490383774  -0.5243729493016377  0.8271870408312855  1.1359675377558542  -0.9007007715321671  -0.23224454580518078  -0.36715200000150383  15.528476366978936  0.0  0.0  0.0  1.0
5494384561146;4.978157980828911;0.010777630846436246;-0.7897576004710879  0.6066882451510719  -0.09062177273515867  17.044471862734092  0.4644216187001755  0.49485454047298083  -0.7344600355752409  -4.231895834620975  -0.40074367441303305  -0.6221321057209538  -0.6725742713255938  4.050699516738589  0.0  0.0  0.0  1.0
5494384561177;7.540163639644457;0.04988409491342057;0.6304078859866342  -0.6171811454065851  -0.47082197382925717  -0.9368101109084712  0.7569074697721996  0.6233185427465043  0.19637992889147526  -4.874460650579799  0.17227007717218082  -0.48016812474693615  0.8600939439898999  5.223731382606016  0.0  0.0  0.0  1.0
5494384561208;2.258030642572619;0.012598727590804416;-0.28018890967334686  -0.9550539129841388  -0.09677912062912541  2.6525136722040794  0.7514292259319836  -0.2809478650957052  0.5970112356676599  -1.3837462338647055  -0.5973678040464865  0.09455326748373738  0.7963738985532032  -1.5803322370665784  0.0  0.0  0.0  1.0
5494384561239;3.8492329696698255;0.01246602536279398;-0.4754951734175803  0.814782785185233  -0.3317127567977759  13.206728100724934  0.7423371353054915  0.5739575548270525  0.3456997292498055  -10.589336210201832  0.47205923103252956  -0.08186414491550126  -0.8777575657174544  -4.000490198863338  0.0  0.0  0.0  1.0
5494384561270;9.123550834747231;2.1195644851974937;-0.6237056384855423  0.6582904699761435  0.42147945817077503  8.654759854376197  0.276178578084749  -0.31884374425766104  0.9066774838689013  -12.293366606386586  0.7312432355437066  0.6819034564264531  0.017058915124593066  -5.101723266530723  0.0  0.0  0.0  1.0
5494384561301;4.160514649695006;0.009519535084734994;-0.18270231914357113  0.613603999855993  0.7681861714065722  4.803866359641856  -0.19921145334419416  -0.7882343706740764  0.5822382448315608  2.8302675858590716  0.962774459276966  -0.0466552060200071  0.2662491921399504  -3.1924459417147593  0.0  0.0  0.0  1.0
5494384561332;6.482396831003189;2.452231602805837;0.417945120139305  0.8616422300864408  -0.2879141258837547  1.6428504354008617  -0.8955102710338838  0.44408979146307703  0.029079401491438214  -0.837553747219109  0.15291576447365257  0.24567646295472673  0.9572146282446236  -6.119141289373001  0.0  0.0  0.0  1.0
5494384561363;2.945345827521586;2.945345827521586;1.0  0.0  0.0  0.0  0.0  1.0  0.0  0.0  0.0  0.0  1.0  0.0  0.0  0.0  0.0  1.0
5494384561394;1.7737978589250467;0.008899585685973446;0.12340525890383784  0.9916456879541984  -0.037549589035312386  1.5014072003802155  -0.17351426998128155  -0.015693854907940077  -0.9847063019149374  2.818129769914703  -0.9770690559974462  0.12803332566161302  0.17012797339734503  1.2850990203506623  0.0  0.0  0.0  1.0
5494384561425;2.0770362960670123;0.008242622423631817;0.5164652401956519  -0.6067262599592886  -0.6042738627025499  4.133971383260782  -0.34990859232672883  0.4945398756563184  -0.795609381795966  2.7872503182761275  0.7815546255288712  0.6223452071492523  0.04311392411715237  -3.3244028590904238  0.0  0.0  0.0  1.0
5494384561456;3.2026873730298178;0.01882291971093964;0.0032681813186147823  -0.9869781210764139  -0.16082135277176576  1.2962976634033385  0.9981428298656019  -0.006563096002444591  0.060562504561414654  -3.55895596526194  -0.06082935293719072  -0.1607206094044407  0.9851236853988987  3.6482031850438803  0.0  0.0  0.0  1.0
5494384561487;2.7650958552301788;0.033872280105505734;0.3785206046513548  -0.9238194542468005  0.05726925710638629  1.9526894599001619  0.9072784629783283  0.38256745686556115  0.17460793671279806  -5.669057711386311  -0.18321556284894722  -0.014133538218060921  0.9829711596111979  -1.6333172276058656  0.0  0.0  0.0  1.0
5494384561518;5.145762913418466;5.145762913418466;1.0  0.0  0.0  0.0  0.0  1.0  0.0  0.0  0.0  0.0  1.0  0.0  0.0  0.0  0.0  1.0
5494384561549;4.6377896203071325;0.005692655614050921;-0.9662720534923388  -0.25722338442397585  -0.012427757045236187  5.418730559464264  0.2466572958724771  -0.9382925452846619  0.24241963174649855  0.586526062593911  -0.07401686991880296  0.23117791842800792  0.9700918889459478  -4.853307960825793  0.0  0.0  0.0  1.0
5494384561580;4.567914726536869;0.010554775300409287;-0.5499955055275145  0.3473525125149509  -0.7595071928224807  12.80866625896335  -0.8004798630380745  0.04012215896530663  0.5980152182265167  -0.5739105834545246  0.23819515689887474  0.9368758959486114  0.2559816845409194  0.23892135046141227  0.0  0.0  0.0  1.0
5494384561611;3.9710273671971175;0.0094912856963275;-0.30159807571545255  0.6445333552231521  0.7025776503202499  11.965129442797087  -0.8157979848110201  -0.5558440530681464  0.15972174757074892  3.3043013312220024  0.4934696026129821  -0.524989659587274  0.6934505091377641  -4.446030504958532  0.0  0.0  0.0  1.0
5494384561642;3.9300328799679396;0.01626669040281779;-0.42864889258985356  0.13662968011480378  0.8930803196763538  4.427008928923684  0.5604478296752599  0.8155341020245309  0.14423022792512252  -5.137645065399843  -0.7086313266387415  0.5623490543663856  -0.42615159739164277  8.860679531120619  0.0  0.0  0.0  1.0
5494384561673;1.856504570527757;0.003324129040650783;0.29468080676586483  0.3115107334572361  -0.9033959735712537  3.120053556430479  -0.9548953026060018  0.05980146290006823  -0.2908586359316228  0.6412323542864122  -0.0365811862138386  0.9483590290475155  0.3150824794228355  -0.014575863126898403  0.0  0.0  0.0  1.0
5494384561704;3.161923902897827;0.02178031596790067;-0.3248256101891437  0.9081596555915896  0.26407264705193484  7.389888156966595  0.9456454309926201  0.31646708063050377  0.0748552317476151  -1.6074588629359565  -0.015589798203752836  0.2740339884630577  -0.9615936414925985  1.6350049787269185  0.0  0.0  0.0  1.0
5494384561735;3.569181629467939;0.011747218895451012;-0.027078617787451104  0.1783384378770237  -0.9835965382382678  9.562374597426036  0.9987248973952592  0.04676505807923542  -0.019016010771855205  -9.749255294599454  0.04260666358154208  -0.9828572790178794  -0.1793773712038968  -0.7309090384043397  0.0  0.0  0.0  1.0
5494384561766;3.9022771741523186;0.006669301668998575;-0.058302838801024603  -0.8578040209755828  0.5106594174064187  14.756474764854305  0.5073592592721162  0.4150812653135608  0.7551782075884756  -2.8134672291059926  -0.8597600601438696  0.30311681705872806  0.411014396581913  10.662295285802642  0.0  0.0  0.0  1.0
5494384561797;1.7821658772718727;0.006181321772860226;0.29103695272609836  -0.7984173633459544  0.527093166390535  4.737831263668708  -0.6009807789348018  -0.5812462821631204  -0.5486117596465357  9.645629137724463  0.7443920979556579  -0.1571065669513645  -0.6489976356828514  -0.5969734228983126  0.0  0.0  0.0  1.0
5494384561828;3.031970333042847;0.02689178117243567;-0.45525966688679254  0.21537442111802088  0.8639169488059626  4.444930456177767  -0.7403857947178789  -0.6305170907619027  -0.2329744046824079  1.0571445096822554  0.4945376736772456  -0.7456956865808094  0.44650916264806195  -0.0008538250050196261  0.0  0.0  0.0  1.0
5494384561859;3.9115043062921147;0.007563986064841236;-0.2992116725343376  -0.2305691937982825  0.9259104826550001  -2.045267422722243  0.08548547857824863  -0.9729414730483322  -0.21465582446043815  -4.232939554347029  0.9503497292951966  0.01492437247433509  0.3108257633060604  4.055410646643217  0.0  0.0  0.0  1.0
5494384561890;2.700280821168816;0.4866312037746159;-0.5926322166519459  0.3399418239215936  0.7302236726750648  3.48200587182551  -0.8052417936773493  -0.27177155082205895  -0.5269970378275933  5.1322737698435095  0.019305685729492997  -0.9003220426673069  0.4347959406271875  -0.1290469164274617  0.0  0.0  0.0  1.0
5494384561921;4.363288827751439;0.016569312256015666;-0.16779717392686658  0.4309100316074883  0.8866570098308539  -0.1479707863457782  -0.4128705168326927  -0.8474483287647365  0.3337203416097982  3.5619558484693195  0.8951994441198351  -0.3100772076981618  0.3201094820739444  -2.749375222493523  0.0  0.0  0.0  1.0
5494384561952;5.900960080460973;0.008690544819688634;-0.1363057723227431  0.792843637400613  0.5939862818827264  5.979642427076151  -0.12612695303522423  -0.6085915507064046  0.7833953766309983  5.233631977214092  0.9826050723202835  0.03186363196716446  0.18295349356683588  -3.6842136983122673  0.0  0.0  0.0  1.0
5494384561983;1.9280359265963185;0.011983366444661277;0.5675621093087574  0.7803765636351641  0.26246079898904484  2.299615377471139  -0.7614837076323007  0.6187591185869846  -0.19307955918745773  2.1662030177170317  -0.3130747755529973  -0.09027498044547508  0.9454282695255147  -0.20679033870426533  0.0  0.0  0.0  1.0
5494384562014;2.290467177188447;1.690939992672367;0.4275662694513014  -0.4186678054330127  0.8011893371241299  1.5180140459694638  -0.30560429153882535  0.7671614187009829  0.5639763954721404  1.6682774250609758  -0.8507603083245892  -0.48598418323089576  0.20006566779147633  5.079814523906619  0.0  0.0  0.0  1.0
5494384562045;2.843775395138052;0.008761199512869614;-0.7035097051635103  0.451026408477935  -0.5492260678411447  7.004539872144321  -0.645293078728332  -0.08158353668489102  0.7595663032858259  0.28480596299811656  0.29777665671785153  0.888774046311817  0.34843902955389316  -2.7420786765677434  0.0  0.0  0.0  1.0
5494384562076;7.910208896373804;0.012423333572608154;-0.8563912454099532  0.06711866174774497  -0.5119464034744091  13.931284964387807  -0.5030211430940926  0.11519213698483294  0.8565631915843575  6.616557549969572  0.11646357535943556  0.9910730834918585  -0.06488743169857819  4.8299396038524165  0.0  0.0  0.0  1.0
5494384562107;6.000656068192277;0.004576259786014437;-0.10924325051502214  0.9906509867812301  0.08171006429007113  11.403602461127527  -0.9935254876113395  -0.10624033015517036  -0.040250437453167864  2.865913994305874  -0.031193231374179398  -0.08557812008858245  0.9958430436964159  2.2114157504137957  0.0  0.0  0.0  1.0
5494384562138;3.161989247048879;0.01999326240544866;0.3239406790858489  -0.013305772730798138  0.9459838227186742  0.275873878353571  0.42992055185254563  -0.8886269246594354  -0.15972009223988248  -4.823601153830945  0.8427518944079581  0.45843772225063506  -0.28214198427289755  -2.838740129763981  0.0  0.0  0.0  1.0
5494384562169;5.267286062056453;0.02026973203090606;0.3424814522520221  0.6736049468532258  -0.6549525405998575  -0.43707971485982267  0.7221682827412608  0.2571778184917069  0.6421312491059633  -1.1173954198051823  0.6009820515338905  -0.6929039942522409  -0.39837749495096564  -2.1158734299061397  0.0  0.0  0.0  1.0
5494384562200;6.316421781002835;0.0026883457989762293;0.07040464904940547  -0.9974734266489161  -0.00948411943717696  2.7353299445392727  0.9974446066759727  0.07051198595472441  -0.011502888756040802  -0.18505984325707558  0.01214256996039692  -0.008650026935759045  0.9998888613384828  -6.170275672334218  0.0  0.0  0.0  1.0
5494384562231;6.809241551181215;0.004495906970392142;-0.2135898413185916  -0.9104732163032512  0.3541439002438299  0.30355952615777415  0.9676926236606492  -0.24689649240019543  -0.05111856955402294  -5.863770103598362  0.13397897520979823  0.3317840328208904  0.9337927980911178  6.393341214572966  0.0  0.0  0.0  1.0
5494384562262;9.226605709293516;0.0031817100401597136;-0.5666357704795342  -0.6644615052302985  0.48725230802957814  5.519604338459171  0.15618693719222787  -0.6672431345234047  -0.7282803306982095  -5.182863839288649  0.8090300020787708  -0.3365672406792857  0.48186403501190644  5.771236723294371  0.0  0.0  0.0  1.0
5494384562293;3.35198828640729;0.012614237571337446;0.3503952294571945  0.794318804666383  -0.49626688356871884  0.3129789935748053  -0.29277474870588277  -0.4104146425996861  -0.863621889289508  2.5600469275994104  -0.8896663024380812  0.44790340218973645  0.0887491555622475  3.211196184017343  0.0  0.0  0.0  1.0
5494384562324;6.007210908334361;0.004600701094586374;0.9982174800282999  0.017691233238426633  0.056998972205250256  3.5685003485210123  -0.052914294013202155  0.7040720871455507  0.7081543430577771  3.142383565529185  -0.027603261673862033  -0.7099081041719497  0.7037531837057319  -4.071707313967028  0.0  0.0  0.0  1.0
5494384562355;2.8594967283924566;0.004370083339492166;0.007422363714181257  -0.7549655257723661  -0.6557224743839042  3.0762215563135054  0.6752875632563536  0.48741751446094195  -0.5535439219321394  -4.874107312521571  0.7375171966999763  -0.43869262757877864  0.513436620314364  -2.2757099103951997  0.0  0.0  0.0  1.0
5494384562386;7.555953592991905;0.0070993702256385615;0.9292163671505863  -0.15266989139157855  -0.3365246607337276  1.57051793438611  0.24445705936187734  -0.4289752320155969  0.8696096805149469  5.961304644927567  -0.2771239598945029  -0.8903213771328011  -0.3612895739884305  1.9982263096103101  0.0  0.0  0.0  1.0
5494384562417;3.909277903469262;0.01330074461283442;0.21104790041650034  -0.9690151506490389  0.12832934793883963  6.724119731374487  0.9736561308496214  0.21999847995891614  0.05995337917675341  -4.3728135198710385  -0.08632799423554424  0.11229562159045658  0.9899177596057561  0.044526423142292826  0.0  0.0  0.0  1.0
5494384562448;8.322743061723811;0.009452838216178691;-0.2508648348748277  -0.29008813329005956  -0.9235343575349615  6.456478392494673  0.694382176759311  0.6107968432313221  -0.38047418952887335  -8.17497262043073  0.6744629176035011  -0.7367333922274326  0.04820458022670543  0.5129930814036343  0.0  0.0  0.0  1.0
5494384562479;5.142564597723577;0.014872279669972528;0.537467750282325  -0.7271141489783729  -0.42712226793028896  6.475056524609658  0.8423543912584461  0.43913583648763765  0.3124080610994466  -3.4135477144405733  -0.03959162707024305  -0.5276975757645281  0.8485091464434376  4.0274978411413365  0.0  0.0  0.0  1.0
5494384562510;7.409784479444804;0.007569385103186689;-0.05013188018145272  0.9084076733960483  -0.41506902257895806  1.2174734833303833  -0.9969609712591551  -0.07032868347924953  -0.03350668688602945  6.350106098415413  -0.05962898938834499  0.41212786267765833  0.9091727055016943  7.52722392447918  0.0  0.0  0.0  1.0
5494384562541;3.4584512201369555;0.029890245403795583;0.8746650131220935  -0.08844975055215941  0.47658971500378355  -3.71391982194851  0.45202448697169273  0.5038585393739634  -0.7360709445956372  0.08519989624215629  -0.17502850624428318  0.859245723834106  0.4806888890693206  1.3766143997707534  0.0  0.0  0.0  1.0
5494384562572;8.23556210803444;0.006742155133672063;-0.4418798057103046  0.8796669992676933  -0.17586417402300974  5.324057931673835  -0.7989389904304224  -0.47505941959979325  -0.3688021656925639  -1.359853825244059  -0.4079690268579723  -0.022461483674946353  0.9127194283434968  10.04781939927116  0.0  0.0  0.0  1.0
5494384562603;7.97771549928889;0.007059624237546721;-0.43772619747731273  0.2359071056311821  -0.8676079838007321  13.727309637932734  0.274102145689755  0.9540430758547841  0.12111904533068338  4.695271516509238  0.8563082329221913  -0.18479623082266045  -0.4822722916604406  -3.875590920790745  0.0  0.0  0.0  1.0
5494384562634;7.765621830691003;7.765621830691003;1.0  0.0  0.0  0.0  0.0  1.0  0.0  0.0  0.0  0.0  1.0  0.0  0.0  0.0  0.0  1.0
5494384562665;9.270386005314265;9.270386005314265;1.0  0.0  0.0  0.0  0.0  1.0  0.0  0.0  0.0  0.0  1.0  0.0  0.0  0.0  0.0  1.0
5494384562696;6.577937540194185;0.013191263795981522;0.36979906622979886  0.9258250630962428  -0.07808074768090603  2.1664428139053333  -0.9130154346952989  0.34653191798487293  -0.21521720615666928  7.092510210142433  -0.17219601221783806  0.15087604965853865  0.9734397521242439  7.395154941886126  0.0  0.0  0.0  1.0
5494384562727;4.59848726203546;4.59848726203546;1.0  0.0  0.0  0.0  0.0  1.0  0.0  0.0  0.0  0.0  1.0  0.0  0.0  0.0  0.0  1.0
5494384562758;5.063388290222;0.00883182005185345;-0.9717782169542211  -0.04076260623276243  0.23234781467960425  4.915497702240118  -0.15904034243019705  0.8406550834660598  -0.5176921866537656  -3.606272951466984  -0.1742218887882941  -0.5400346660870803  -0.8234131969377554  5.328138775364689  0.0  0.0  0.0  1.0
5494384562789;4.438629717023098;0.014922164582117545;-0.20307524729425147  0.35432044159947357  -0.9128074652417846  1.4951424264053403  -0.8900484134144083  0.3217764020547826  0.3229144915595659  -3.110844354298294  0.40813510718250257  0.8780187764196348  0.2500175244651744  0.38141808126583054  0.0  0.0  0.0  1.0
5494384562820;8.161517273743991;0.009468332081103393;0.20545666907577737  -0.25356998287075083  0.9452459049999701  6.23910430086843  0.5713935894021219  -0.7530576765179062  -0.326210824203629  -9.191356808546079  0.7945419580629115  0.6071296398829322  -0.009832459162160002  3.280691161441985  0.0  0.0  0.0  1.0
5494384562851;6.219799808788275;0.0068712520115917115;-0.059138936212861565  0.9452718622437501  -0.3208795610098031  4.475419052360545  -0.07584523565248807  0.31625821634019247  0.945636421055227  3.239887723674804  0.9953642983613735  0.08026111790619953  0.05299119266460772  -8.297100703493518  0.0  0.0  0.0  1.0
5494384562882;6.86050681050468;0.00841040380111006;-0.9262654806595653  0.2576288096025768  0.27506300333062605  12.53335294008665  -0.3019255797153209  -0.07046711234109176  -0.950723582536941  0.9493111138689748  -0.22555088927351208  -0.9636709928917997  0.1430559813739387  5.866355773647019  0.0  0.0  0.0  1.0
5494384562913;3.2808971466396697;3.2808971466396697;1.0  0.0  0.0  0.0  0.0  1.0  0.0  0.0  0.0  0.0  1.0  0.0  0.0  0.0  0.0  1.0
5494384562944;2.926015559566035;0.0027946913121829594;-0.5385297497202612  -0.47247871028293753  0.6976744061491749  4.007073091225959  0.3057124858481409  0.6620151657621639  0.6843067998328275  -0.8202668166569385  -0.785191431857724  0.5818073466623355  -0.21207222049799496  2.216244478377477  0.0  0.0  0.0  1.0
5494384562975;7.45090069206603;7.45090069206603;1.0  0.0  0.0  0.0  0.0  1.0  0.0  0.0  0.0  0.0  1.0  0.0  0.0  0.0  0.0  1.0
5494384563006;1.7422069969351626;1.7422069969351626;1.0  0.0  0.0  0.0  0.0  1.0  0.0  0.0  0.0  0.0  1.0  0.0  0.0  0.0  0.0  1.0
5494384563037;5.728273913522797;0.018694239858164628;-0.5846342869495484  -0.810356823284628  -0.039045735734378584  1.1117989881079349  0.8096293710998068  -0.5796723358494309  -0.09208835161623541  -3.7625172757065535  0.05199069123914388  -0.08545058225027108  0.9949850079360826  4.225997283168069  0.0  0.0  0.0  1.0
5494384563068;4.596809114569144;0.011900888610562672;0.5878205988327521  -0.4294474963426447  -0.6855959389268143  5.8256021970210465  0.7684050797705736  0.5614434279493663  0.30713988766560985  -6.810150459862773  0.2530228783542775  -0.7073585548344627  0.6600176497123522  -0.7442580279128415  0.0  0.0  0.0  1.0
5494384563099;7.571012982470478;0.0052256569125947215;0.4837999540963007  -0.12206099158633857  -0.8666249008362137  9.144136287231829  -0.27246728199497444  -0.9620216731751214  -0.016609653326046032  6.135809736331174  -0.8316845463627952  0.24416268075670372  -0.4986836679369113  4.452990625676421  0.0  0.0  0.0  1.0
