# registration_from_features.py RANSAC RANSAC_config.json euclidean True --use_random_keypoints=False --n_keypoints=5000 --input_txt=/i7g4/neural_comparison/point_clouds_registration_benchmark/eth/stairs_global.txt --input_pcd_dir=/i7g4/neural_comparison/point_clouds_registration_benchmark/eth/stairs/ --input_features_dir=/i7g4/neural_comparison/features/3DSmoothNet/eth/stairs/ --output_dir=/root/neural_registration_comparison/results/3DSmoothNet/RANSAC_mutual_on
id;initial_error;final_error;transformation
5494384560030;1.9653997219596564;0.01889474034866252;-0.22614792154764263  -0.9651391206025207  0.13177099628626462  9.209261558856818  0.9543314892461762  -0.1924134322665223  0.228535510843704  -9.462743064549976  -0.19521405229352082  0.1774360419024556  0.9645765520792698  2.309934388786045  0.0  0.0  0.0  1.0
5494384560061;3.2470421696666185;3.2470421696666185;1.0  0.0  0.0  0.0  0.0  1.0  0.0  0.0  0.0  0.0  1.0  0.0  0.0  0.0  0.0  1.0
5494384560092;2.297685819693392;0.010240055654213272;-0.9983438103641229  -0.051789662279866866  -0.02504929517136867  18.295783978157168  0.012408899405483315  -0.6190221135381929  0.7852755199076651  -1.378163245036927  -0.05617522161228755  0.7836641205463262  0.6186395482388468  3.0453955604715275  0.0  0.0  0.0  1.0
5494384560123;8.759025089926762;2.5603322556770065;-0.6389352247094098  0.7657575771506346  0.07332879149370575  12.539402724397352  0.707073688760729  0.5470630612711013  0.4480723219023772  1.2405422509994182  0.3029993024543665  0.33813804877458337  -0.890984894755846  2.706957082455528  0.0  0.0  0.0  1.0
5494384560154;2.6625673868786452;2.6625673868786452;1.0  0.0  0.0  0.0  0.0  1.0  0.0  0.0  0.0  0.0  1.0  0.0  0.0  0.0  0.0  1.0
5494384560185;6.621620892396294;0.004278262706176795;0.6965949530746799  0.7168638264667797  0.029355164014044977  -3.000102777123548  -0.7132601737407274  0.696355906549192  -0.07967669652665421  5.049420599518699  -0.07755898340123023  0.03456451529328497  0.9963884274600486  8.542956749222256  0.0  0.0  0.0  1.0
5494384560216;5.2200031515621825;0.005430545891958157;-0.45585974839057813  0.8218819768780413  0.34161660656402826  7.240552402431357  -0.8402587825482052  -0.27081911214166243  -0.4697043611138927  1.8617308571050446  -0.2935252427780054  -0.5011656658050753  0.8140490816101125  6.737094463926694  0.0  0.0  0.0  1.0
5494384560247;8.503686109037535;0.02387331023981669;0.6941903681257848  0.7057002837964605  0.14172805738802285  2.344680428694048  -0.5318435757750885  0.3702075203522733  0.7616356102371978  6.907416961008952  0.4850176736039161  -0.60409726147717  0.6323166571960828  4.753266273586072  0.0  0.0  0.0  1.0
5494384560278;5.489767218869771;5.489767218869771;1.0  0.0  0.0  0.0  0.0  1.0  0.0  0.0  0.0  0.0  1.0  0.0  0.0  0.0  0.0  1.0
5494384560309;6.344090179496548;0.029172824888047493;-0.5284941655403977  -0.8458505473233532  0.07232405258655811  -1.9272906634894937  -0.3396089132174855  0.13257049455993994  -0.9311771313962623  4.569838851448875  0.7780486508265391  -0.5166835739259737  -0.3573211180186324  -0.5715204605439728  0.0  0.0  0.0  1.0
5494384560340;11.288142510784303;0.028112707830719827;-0.8651941391494103  0.18870043130970465  0.4645764186923847  9.689315710055865  -0.33061038250521985  0.48191894601317586  -0.8114498779673962  8.955434125344675  -0.3770091199974648  -0.85565546611769  -0.3545671258614595  -1.8881936713598373  0.0  0.0  0.0  1.0
5494384560371;4.893298023722126;4.893298023722126;1.0  0.0  0.0  0.0  0.0  1.0  0.0  0.0  0.0  0.0  1.0  0.0  0.0  0.0  0.0  1.0
5494384560402;1.640061358821845;0.007500921095653784;0.5865961984785726  -0.8071203460924996  0.0667955601369557  0.6724827103042235  0.7921754734167112  0.5546675948237573  -0.25456213105926917  -1.9573523564007334  0.1684129426365305  0.20223898282959943  0.964746844812956  1.0118848979634634  0.0  0.0  0.0  1.0
5494384560433;4.064579359510598;0.00919338036408905;0.1471202684506288  0.905381925332012  -0.3982953626306933  9.223125369915602  -0.9618276924206354  0.22488757401026416  0.15592648635999906  9.203312791504189  0.23074470027242644  0.36015156300907336  0.9039069282610411  4.888536154169024  0.0  0.0  0.0  1.0
5494384560464;8.086453804333049;0.014995590358902322;-0.8429608550384436  -0.34663897145901135  0.4114102822471676  1.61764805814764  0.4292458832234391  -0.8943628944073316  0.1259483419623672  3.2430811713704166  0.3242914871047111  0.28276569200166113  0.90270626164785  -4.903725159656082  0.0  0.0  0.0  1.0
5494384560495;3.79668680245774;3.79668680245774;1.0  0.0  0.0  0.0  0.0  1.0  0.0  0.0  0.0  0.0  1.0  0.0  0.0  0.0  0.0  1.0
5494384560526;3.919459476654856;0.012308820290411249;0.6654811306897913  -0.025867518107794196  -0.7459663103671498  -0.44705747245467187  -0.6090225772577065  0.5589849874397191  -0.5626964405497848  11.321092551268409  0.43153952899614795  0.8287741883794159  0.3562400589347338  -4.045586650998066  0.0  0.0  0.0  1.0
5494384560557;4.769841275602151;0.005831287153580727;-0.9410625652873998  -0.13933974772843566  0.3081974738989176  7.2548101496355555  -0.1672716790926263  -0.6002427365635197  -0.7821309625480062  -3.1467314447273127  0.29397522614708793  -0.7875868789573073  0.5415583758987166  3.358421507090177  0.0  0.0  0.0  1.0
5494384560588;4.0033637514024445;0.015922116375697525;0.3675119714826411  0.7499847429516856  -0.5499616678975334  9.420019175069992  -0.6733915599132375  0.622460203437859  0.3988572453569282  2.260530449739628  0.6414661003159559  0.22375473285674546  0.733794972502297  -7.476815689345477  0.0  0.0  0.0  1.0
5494384560619;2.5680413302481218;2.5680413302481218;1.0  0.0  0.0  0.0  0.0  1.0  0.0  0.0  0.0  0.0  1.0  0.0  0.0  0.0  0.0  1.0
5494384560650;2.1252762310053015;0.0039047775503059817;-0.09509027704932306  0.9715607612808048  0.21685830938690592  10.691266328952043  -0.9954587699797497  -0.09377632052040952  -0.0163657868756117  10.240772838933573  0.004435817972751957  -0.21742973313030925  0.9760658966841305  -2.1769758455035575  0.0  0.0  0.0  1.0
5494384560681;5.499161925361485;0.00998671351893341;0.7657667438894107  0.2831280841877906  0.5774424489913788  1.908453004331717  -0.2613096732811579  -0.6834423024709639  0.6816332399779828  -2.905599946713088  0.5876381102368229  -0.672863364389338  -0.44937327942363997  -10.2977648452778  0.0  0.0  0.0  1.0
5494384560712;3.9543429907625507;0.004788960317200348;-0.08669898941005394  0.9815494421616864  0.17042293809038506  3.5855967671882807  -0.752341599958719  -0.17664510640310022  0.6346484250003249  -2.740663594651746  0.6530431855603664  -0.07319288883437503  0.753775429963891  -1.4423939179669971  0.0  0.0  0.0  1.0
5494384560743;2.252255054334342;0.019335910075636963;0.5070554718100974  0.861603158911262  0.023124555381107748  3.1881062839726892  -0.8559031745057577  0.5065013126836614  -0.10433683971011362  11.426793941745759  -0.10160956834080903  0.03311218512666185  0.9942731409515859  -1.5702519439072393  0.0  0.0  0.0  1.0
5494384560774;4.093777341873709;0.01141318637547282;0.10231309344643545  0.18387824496947228  -0.9776097493050937  8.605555569864793  0.8722068867087751  -0.4891366159738852  -0.0007195077500253833  -4.020044217787349  -0.4783170263404882  -0.8526043407938779  -0.21042495187650595  3.438670807493451  0.0  0.0  0.0  1.0
5494384560805;2.4081201720064747;0.015273591122974684;0.6181365032801076  -0.6479643330846091  -0.4450275119168007  3.6466515943054025  0.6930643014137349  0.7163784171612896  -0.08039799457309829  -8.019862472430283  0.37090313751508325  -0.2587357464203623  0.8919005976597201  -1.10057797131861  0.0  0.0  0.0  1.0
5494384560836;2.3977526989083033;0.008116894109088767;-0.9296722585635432  0.3634647820847693  -0.0600236940002179  16.065863020173847  -0.3410683835356611  -0.9108021286612673  -0.23261951805142042  2.8497495777605732  -0.13921871070273456  -0.19578772844633385  0.9707138177547975  3.7024552941807736  0.0  0.0  0.0  1.0
5494384560867;5.82100797182095;0.008764021739099712;-0.04848330599847708  0.29494635373132555  0.9542829860476681  1.8404589124637174  -0.6681459281178247  -0.7197527078907768  0.18851275347695798  0.28937615384477844  0.7424489125717867  -0.6284605698884296  0.23196319603868523  5.7044244426597555  0.0  0.0  0.0  1.0
5494384560898;7.426959109966299;0.006165210412038975;0.66961039308935  0.5051005178112609  -0.5445139009919975  6.76644715728848  -0.7248954291273123  0.6040826068164254  -0.33107524971251256  8.417547109996779  0.16170509669474364  0.616407066027531  0.7706450484200076  -5.197918891165277  0.0  0.0  0.0  1.0
5494384560929;3.2277640385532322;0.012267541400267647;0.06999153602042674  -0.9692521211906395  0.23590572365448767  8.212328209572004  0.992159410607745  0.04309256043039117  -0.11731468440926288  -8.340110873139615  0.10354172505803255  0.24226711869958617  0.964668727786388  -6.367710482694191  0.0  0.0  0.0  1.0
5494384560960;7.03502339552627;0.032368917901063235;-0.939114547243808  0.3006191470328843  -0.16640912112104483  14.505408930396658  -0.3436041970716017  -0.8218440464513301  0.4544320841085976  6.130781893606852  -0.00015135995942633373  0.4839426533688931  0.8750997002287446  1.2538493783298903  0.0  0.0  0.0  1.0
5494384560991;7.791752238870199;0.010465559266867371;-0.4785295406126687  -0.8361537222476676  0.26806049976152657  9.875359754953768  -0.6390222281306512  0.12225384224872618  -0.7594106859995864  11.072410499988038  0.6022126457622473  -0.5346970645391597  -0.5928228896198584  -6.029095115408684  0.0  0.0  0.0  1.0
5494384561022;4.731288337239354;0.018176299561001648;0.2376980214437071  -0.30258476700982395  0.9230071014761253  3.533386273277496  0.8568931241898241  -0.3821640769444774  -0.34595489880818303  -7.2121957459717345  0.45742083940060196  0.8731512337887332  0.16844316137873522  2.262432637181848  0.0  0.0  0.0  1.0
5494384561053;4.703195918816284;4.703195918816284;1.0  0.0  0.0  0.0  0.0  1.0  0.0  0.0  0.0  0.0  1.0  0.0  0.0  0.0  0.0  1.0
5494384561084;7.769594886748286;0.0076824992707762345;-0.6065533436129857  -0.44429454414385106  -0.6593143403536089  17.344524673666296  0.6895119523433315  -0.7068251652440612  -0.158023584801105  -2.6111828029524022  -0.3958109509950351  -0.5504548517559938  0.7350735658767034  0.3761179275234241  0.0  0.0  0.0  1.0
5494384561115;2.7618695788486547;0.008422213836273085;0.38776266908299684  -0.8184043194316561  -0.4240925399028348  11.45280875568681  -0.1963049481302135  -0.5228568310692735  0.8295089520576564  1.04511453625499  -0.9006133908649285  -0.23840114123008005  -0.3634011778392733  15.507644304451045  0.0  0.0  0.0  1.0
5494384561146;4.978157980828911;0.025027595584222954;-0.7866645681493719  0.6108162932980292  -0.08979038400641079  17.03917979713723  0.4672556612283245  0.4939865783789969  -0.7332458028734243  -4.261262971508838  -0.40352323882081914  -0.6187735581156222  -0.6740091093661038  4.076233608422642  0.0  0.0  0.0  1.0
5494384561177;7.540163639644457;0.12692410611913285;0.6392043776939869  -0.5801972886885176  -0.5047661535159974  -1.0514198297041473  0.7477907132275943  0.6221387198689843  0.23184577298356507  -4.73067024094401  0.17951827970267586  -0.5256562749918182  0.8315399375942905  4.986500354768516  0.0  0.0  0.0  1.0
5494384561208;2.258030642572619;0.022397490659485875;-0.2825625030496535  -0.9550281083173082  -0.08988739730450584  2.6087397447526204  0.7520723933344227  -0.2787268947104965  0.5972423572966638  -1.3820094958210887  -0.5954372738202968  0.10115646538361944  0.7970080441604998  -1.5996509202485916  0.0  0.0  0.0  1.0
5494384561239;3.8492329696698255;0.02301773290559032;-0.470344414270315  0.8132855887172289  -0.34255318295059606  13.106606868373792  0.7293336530763714  0.576778719099193  0.3679656664480648  -10.404073976215649  0.4968385597505384  -0.07676496843719569  -0.8644411982117968  -4.331569251423776  0.0  0.0  0.0  1.0
5494384561270;9.123550834747231;2.0923101014898147;-0.5491530556320691  0.71944693616207  0.42523761303178637  7.9685588133377845  0.21696059057642372  -0.36865140922971473  0.9038939321677488  -11.768012746656582  0.807068165415221  0.5886359184758907  0.046354415683445116  -6.447210090497245  0.0  0.0  0.0  1.0
5494384561301;4.160514649695006;0.004148184095230361;-0.17762077633497692  0.6122435028546113  0.7704600917805391  4.784789066785431  -0.1975518969960156  -0.7891550943639137  0.5815560893265228  2.8222209007046826  0.9640664436684001  -0.04890940862245961  0.2611202059220341  -3.2055756462684015  0.0  0.0  0.0  1.0
5494384561332;6.482396831003189;6.482396831003189;1.0  0.0  0.0  0.0  0.0  1.0  0.0  0.0  0.0  0.0  1.0  0.0  0.0  0.0  0.0  1.0
5494384561363;2.945345827521586;0.05568424660976792;-0.46331585068747155  -0.8614790452038493  -0.207827517851725  4.157189642604498  0.6213082943703804  -0.1485449932711812  -0.7693571266457689  -1.5396267847142278  0.6319133056427235  -0.48558031225403814  0.6040673261342295  -4.77692081274692  0.0  0.0  0.0  1.0
5494384561394;1.7737978589250467;0.008846661948558605;0.12016575970761709  0.9921530724843938  -0.034532172733109594  1.4852381032739612  -0.17199098086216913  -0.01345255466291926  -0.9850066655993305  2.814532204031412  -0.9777419356333041  0.12430329654847955  0.16902484365092763  1.2990835266012115  0.0  0.0  0.0  1.0
5494384561425;2.0770362960670123;0.011692536441932733;0.5184769204250689  -0.6054499979959165  -0.6038310880646028  4.114717285681127  -0.35355212939326836  0.49118429651183737  -0.7960771813471719  2.8156612664587426  0.7785772760542287  0.6262334123846449  0.04060958538400483  -3.306964262770617  0.0  0.0  0.0  1.0
5494384561456;3.2026873730298178;0.021885536927636177;-0.008022298754326092  -0.9874066788645841  -0.1579990292891358  1.3557756301439203  0.9985292250670458  -0.016382472758766586  0.05168173055649962  -3.585262318452354  -0.05361930072000835  -0.15735204199476155  0.986085850963483  3.626989357328064  0.0  0.0  0.0  1.0
5494384561487;2.7650958552301788;0.031872137612105896;0.37334101476140164  -0.9265824104498183  0.04540400138681125  2.03970991215522  0.9079663596000008  0.37500353910470274  0.18700116441795614  -5.784667687761631  -0.19029865089288142  -0.02858989863490699  0.9813098599139813  -1.6256451167781805  0.0  0.0  0.0  1.0
5494384561518;5.145762913418466;5.145762913418466;1.0  0.0  0.0  0.0  0.0  1.0  0.0  0.0  0.0  0.0  1.0  0.0  0.0  0.0  0.0  1.0
5494384561549;4.6377896203071325;0.009725441935054636;-0.96592596493662  -0.25837556564904085  -0.015135961707066936  5.444360012465902  0.24736108950843277  -0.9387935592940853  0.23974808534197767  0.6058563724761467  -0.0761545905278242  0.2278348526970391  0.9707171360587277  -4.840931222274946  0.0  0.0  0.0  1.0
5494384561580;4.567914726536869;0.010987103774291242;-0.5461581515940233  0.35359811237377226  -0.7593942641165421  12.799859805814846  -0.8009056921932619  0.04524114111095168  0.5970789825168956  -0.5733015636811043  0.24548186421777113  0.93430274219692  0.25848992294378514  0.17282534053613796  0.0  0.0  0.0  1.0
5494384561611;3.9710273671971175;0.013798278671866998;-0.29944333870371964  0.6455689970197291  0.7025484730557108  11.954755717063316  -0.8149866017800561  -0.5559404182954537  0.16348422010846497  3.2825461265905944  0.49611543598739816  -0.5236133319467878  0.6926027380704007  -4.464891548344833  0.0  0.0  0.0  1.0
5494384561642;3.9300328799679396;0.014809320089386069;-0.43191167920365997  0.1327887606418329  0.8920871293851748  4.444010733797077  0.5642833776860048  0.811388039915003  0.1524261078364305  -5.1825840397110685  -0.7035883533961805  0.5692245547497887  -0.4253784611791669  8.819401686976715  0.0  0.0  0.0  1.0
5494384561673;1.856504570527757;0.005765794289466658;0.2943560948903041  0.3110826136862259  -0.9036493218406554  3.120000446852809  -0.9551407142896563  0.0635359703867241  -0.28925662718987527  0.6371435024394296  -0.03256847105983755  0.9482567099309989  0.3158298699674573  -0.018433496698379237  0.0  0.0  0.0  1.0
5494384561704;3.161923902897827;0.03296824557251251;-0.31912343916208485  0.9100786875981245  0.2644182538272235  7.358452154116863  0.9474656362236497  0.3127470608160251  0.06706820503229348  -1.6286501013568417  -0.021658687695218004  0.27193024533989013  -0.9620732003941843  1.5977182866633932  0.0  0.0  0.0  1.0
5494384561735;3.569181629467939;0.006809919788886189;-0.023811802069034105  0.1740267318964418  -0.9844529926145126  9.503346650702616  0.9992295015522673  0.03487479427745643  -0.018004220386149183  -9.799268856336884  0.031199379959112372  -0.9841231860440787  -0.1747230762681847  -0.6237603596807748  0.0  0.0  0.0  1.0
5494384561766;3.9022771741523186;0.006969952174965673;-0.05869767165641049  -0.8593887816270316  0.507942423268348  14.765158688009667  0.5053300262227314  0.4132344330244347  0.7575479311309004  -2.7782514374879153  -0.8609274928470163  0.3011448577953474  0.4100190564883187  10.679802081024746  0.0  0.0  0.0  1.0
5494384561797;1.7821658772718727;0.004597572904496061;0.293626403743756  -0.7988672841112398  0.5249710443455342  4.729598143913261  -0.6034304333036928  -0.5808297863749292  -0.5463592878523902  9.655119435474505  0.7413873799758306  -0.15635799191722094  -0.6526077927639146  -0.539840429416401  0.0  0.0  0.0  1.0
5494384561828;3.031970333042847;0.03263222339503292;-0.4522137181048078  0.2230503776647816  0.8635689215004351  4.444203072891863  -0.7374222098421095  -0.638138414564461  -0.22133198659194686  1.032547556277579  0.501708319234799  -0.7369042630360849  0.45305724751938226  -0.037884182585701254  0.0  0.0  0.0  1.0
5494384561859;3.9115043062921147;0.007290525032093705;-0.3007027972997987  -0.23051592104317334  0.9254405641864276  -2.0508845573641055  0.08662523549388287  -0.9729409876502131  -0.21420061420513464  -4.233339046566781  0.9497757084026237  0.015755782933422308  0.31253457253950173  4.053067309021889  0.0  0.0  0.0  1.0
5494384561890;2.700280821168816;0.1272221779607482;-0.711336041253061  0.41355815484669217  0.5683051020131902  5.045063712673375  -0.6809194231683671  -0.20507361525904855  -0.7030601336135075  5.874460880880306  -0.17421186976346353  -0.8870819944539422  0.42747603388860844  0.6042629773254515  0.0  0.0  0.0  1.0
5494384561921;4.363288827751439;0.02700147479139495;-0.16322121262050965  0.44081597845949894  0.8826324880070333  -0.19812888905339454  -0.4083178993609334  -0.8445973935927826  0.34631161660815624  3.4835017531511436  0.8981287929980681  -0.3038692414033938  0.3178492650876531  -2.811894775816474  0.0  0.0  0.0  1.0
5494384561952;5.900960080460973;0.010040988941241934;-0.14123880431927613  0.7913523650174559  0.5948218510913512  6.01073085379455  -0.13084807852633257  -0.6104960958650552  0.7811359019271183  5.259335027774684  0.9812901612165633  0.032495404518265825  0.1897726750213697  -3.6360149820787635  0.0  0.0  0.0  1.0
5494384561983;1.9280359265963185;0.010549696865990572;0.5676963708058657  0.7813409486349489  0.2592819942843841  2.3088731274771397  -0.7606650292313291  0.6182932878600973  -0.1977425687393934  2.176324243922715  -0.31481668297336396  -0.08496900713430487  0.9453415911448407  -0.18476720308889405  0.0  0.0  0.0  1.0
5494384562014;2.290467177188447;0.03721180046648999;-0.25250656104343194  -0.9497164276375368  0.18514627650972565  3.821008329454583  0.9539730142960359  -0.27634641190267745  -0.11648239619553258  -4.562835588591364  0.1617897543880859  0.14721198220223744  0.9757831253260802  1.4454477556665717  0.0  0.0  0.0  1.0
5494384562045;2.843775395138052;0.01620107153256827;-0.7020013098480283  0.44791544133630073  -0.5536839517126706  7.005245590667359  -0.6480918935436693  -0.0794773365607018  0.7574036245597179  0.29394105785440894  0.2952474529858526  0.8905364172147727  0.34608356089193654  -2.7241737035287863  0.0  0.0  0.0  1.0
5494384562076;7.910208896373804;0.01740474699351204;-0.855033862068905  0.06359913881938661  -0.5146574047431602  13.886808023731163  -0.5055980067989265  0.11837002373521316  0.8546105504859378  6.664490814158933  0.11527250425181895  0.9909307175692743  -0.06905478072629712  4.83401879089395  0.0  0.0  0.0  1.0
5494384562107;6.000656068192277;0.01195361785560256;-0.11396803802536408  0.990351030504251  0.07884239143897145  11.425625675735443  -0.9930566989532056  -0.11123123874187213  -0.03828843418201716  2.821105167512333  -0.02914925338342661  -0.08265862270274943  0.9961515312039999  2.2187914880523403  0.0  0.0  0.0  1.0
5494384562138;3.161989247048879;0.004794222750452792;0.32188698279262296  -0.015204053812411022  0.9466560130566605  0.2996896296975553  0.4275122229363851  -0.8897995872388975  -0.15965586049212083  -4.796072278337868  0.8447615459694252  0.4560981597169168  -0.2799149855834614  -2.868629482248762  0.0  0.0  0.0  1.0
5494384562169;5.267286062056453;0.01996219668964889;0.32949528995910304  0.6715204554818535  -0.6636965660331613  -0.4140721737023063  0.7182063716012871  0.2780342575175917  0.6378687634913283  -1.1341616153920746  0.6128723045513487  -0.6868458557173399  -0.3906792914883426  -2.1175795474182877  0.0  0.0  0.0  1.0
5494384562200;6.316421781002835;0.005898901109970249;0.0674738740084434  -0.9976618732204288  -0.010865682150624917  2.7458286114004027  0.9976482402059889  0.06759650814369733  -0.011344641936716693  -0.18491424609587526  0.012052598897581202  -0.010074661735499923  0.99987661041287  -6.172571830800791  0.0  0.0  0.0  1.0
5494384562231;6.809241551181215;0.005045448109610004;-0.21499962379270587  -0.9086885380506087  0.35785514190024237  0.33284535592410625  0.9667931106265821  -0.24986904726455816  -0.05363338945171553  -5.886874352669821  0.138152969616915  0.3344407272366056  0.9322355694519905  6.387510635496179  0.0  0.0  0.0  1.0
5494384562262;9.226605709293516;0.005575325099731451;-0.5615999544049972  -0.6689221890936328  0.48697905103863315  5.526351708965018  0.1593248461915296  -0.6649715350390022  -0.7296769497345515  -5.190981461354072  0.8119243096485969  -0.3321986792960743  0.48002390864996847  5.767051830121828  0.0  0.0  0.0  1.0
5494384562293;3.35198828640729;0.023251487726337842;0.33268141130739115  0.8055897901991911  -0.49025316775860395  0.3479440035101078  -0.28804420266342945  -0.4082165253655357  -0.8662504289929553  2.5302385772369256  -0.8979719460442585  0.4293999980732571  0.09623941901411992  3.3214110805964427  0.0  0.0  0.0  1.0
5494384562324;6.007210908334361;0.0027828940421508468;0.9984069871525069  0.017332295171932098  0.053694315799036864  3.5688604614434394  -0.05030729641341699  0.7043519726444306  0.7080660100297651  3.143385542516583  -0.025547288165796447  -0.7096392676395326  0.7041018718135905  -4.076860826757138  0.0  0.0  0.0  1.0
5494384562355;2.8594967283924566;0.01260703166795372;0.004840714684072489  -0.7562713957687266  -0.654240126729759  3.1018390093572332  0.6782018460519346  0.48326887251337003  -0.553618508425618  -4.89454515796707  0.7348597304881367  -0.44102695246626344  0.5152440234541538  -2.2683780150492767  0.0  0.0  0.0  1.0
5494384562386;7.555953592991905;0.0069657062165967756;0.9312664403463764  -0.15259837125878473  -0.3308421892288765  1.6100833930558247  0.23942903705673937  -0.42812809668314356  0.8714241613844269  5.965732338118073  -0.2746207444798593  -0.890741303589115  -0.3621648475234628  1.9953041303149641  0.0  0.0  0.0  1.0
5494384562417;3.909277903469262;0.025643017288335002;0.21322973571388995  -0.9693116284060668  0.1223439693820807  6.749438498343906  0.973212396058528  0.2217495252418257  0.060702390505178394  -4.382763362016311  -0.08596925011539223  0.10612311290102551  0.990629685070457  0.06162584876443278  0.0  0.0  0.0  1.0
5494384562448;8.322743061723811;0.006921183761455071;-0.2504297137273964  -0.2865993757628591  -0.9247409130641705  6.435947701008508  0.6922763543562058  0.614716309275923  -0.3779911484538617  -8.160764088610096  0.6767853483060164  -0.7348364831188827  0.04446274165834517  0.4885859044534615  0.0  0.0  0.0  1.0
5494384562479;5.142564597723577;0.004198662111534249;0.5279242197742591  -0.7326481040309063  -0.42956114097490034  6.52014581622406  0.8482015416240394  0.42921729707463624  0.3103653599848835  -3.390854397871591  -0.043013520692251006  -0.5282038125116684  0.848027457978688  4.033856430135304  0.0  0.0  0.0  1.0
5494384562510;7.409784479444804;0.0056745426520893;-0.050020562817771785  0.907914148866473  -0.41616083619613087  1.2125211343216775  -0.9970606474457056  -0.06960675337876604  -0.03201507768567566  6.356459262744162  -0.05803454669888924  0.4133361805747681  0.9087272380738449  7.508229650288953  0.0  0.0  0.0  1.0
5494384562541;3.4584512201369555;0.016490092465883333;0.8796376683407442  -0.07952989362864193  0.46894836438085274  -3.683829531647663  0.4427295085307683  0.4972859277986725  -0.746121497002679  0.2105947993711248  -0.17386245918013596  0.863933852810984  0.47264166474720054  1.3920339950792582  0.0  0.0  0.0  1.0
5494384562572;8.23556210803444;0.0101652716734457;-0.44468750178194905  0.8770734699956086  -0.1816456825492756  5.284230413709592  -0.7973391128929581  -0.4800247151536292  -0.36582319758696136  -1.3525386242437554  -0.4080482383370876  -0.01784379644415507  0.9127859738835056  10.061709601591929  0.0  0.0  0.0  1.0
5494384562603;7.97771549928889;0.012334972610214238;-0.44143714008538537  0.24267810129639072  -0.8638521809339925  13.798393061452394  0.2804843010175583  0.9518079943357565  0.12405683697900716  4.605153342646909  0.8523272893882532  -0.18753367982771227  -0.4882307965443692  -3.850914693980168  0.0  0.0  0.0  1.0
5494384562634;7.765621830691003;7.765621830691003;1.0  0.0  0.0  0.0  0.0  1.0  0.0  0.0  0.0  0.0  1.0  0.0  0.0  0.0  0.0  1.0
5494384562665;9.270386005314265;9.270386005314265;1.0  0.0  0.0  0.0  0.0  1.0  0.0  0.0  0.0  0.0  1.0  0.0  0.0  0.0  0.0  1.0
5494384562696;6.577937540194185;0.0068011010422833135;0.36916279860239765  0.9263429061650476  -0.07488423282467463  2.187106419078067  -0.9126083352590246  0.34609635286085233  -0.21763120399466607  7.086124192582049  -0.17568396211321421  0.14868131938515583  0.9731541556824858  7.431821434892993  0.0  0.0  0.0  1.0
5494384562727;4.59848726203546;4.59848726203546;1.0  0.0  0.0  0.0  0.0  1.0  0.0  0.0  0.0  0.0  1.0  0.0  0.0  0.0  0.0  1.0
5494384562758;5.063388290222;0.0069952024128339075;-0.9714930917187058  -0.03804300562198304  0.2339955180469827  4.899142061465907  -0.15677295157662238  0.8434958614688166  -0.5137479667491961  -3.6230596795452357  -0.1778297342875596  -0.5357867686013016  -0.8254145165884773  5.315152188236725  0.0  0.0  0.0  1.0
5494384562789;4.438629717023098;0.01773050747777857;-0.1961250077167448  0.35599234628914317  -0.9136763271157129  1.5141120390310043  -0.8910995513670745  0.32416534454873486  0.31758214519553785  -3.0995194633040617  0.4092390143931862  0.8764623658647027  0.25364768936724563  0.3896779829960877  0.0  0.0  0.0  1.0
5494384562820;8.161517273743991;0.007642266556198274;0.20035688543228275  -0.25469963381731475  0.9460365822700518  6.252805229395112  0.5751763858507171  -0.7511146986217256  -0.32403523677850415  -9.183907157127912  0.7931136385282895  0.6090605930839064  -0.003993786761712637  3.331907168848279  0.0  0.0  0.0  1.0
5494384562851;6.219799808788275;0.0050451898587946685;-0.06126311378706127  0.9446834156409148  -0.322211227461318  4.493124466574281  -0.07478758086252385  0.3175655451578487  0.9452824669258021  3.232511132000176  0.9953158537056693  0.08200834556076547  0.0511955332088741  -8.301819181349725  0.0  0.0  0.0  1.0
5494384562882;6.86050681050468;0.008603548730757736;-0.9271867200725404  0.2531648648777671  0.27610204148565565  12.54817543696787  -0.30317281066754165  -0.07421864556223937  -0.9500409672865956  0.9738850596519569  -0.22002507355541961  -0.9645720003412543  0.1455672461943402  5.8058789722134545  0.0  0.0  0.0  1.0
5494384562913;3.2808971466396697;3.2808971466396697;1.0  0.0  0.0  0.0  0.0  1.0  0.0  0.0  0.0  0.0  1.0  0.0  0.0  0.0  0.0  1.0
5494384562944;2.926015559566035;0.007601043281273709;-0.5406895125485142  -0.470409913260732  0.6974018673090006  4.010943269289835  0.30649300282785774  0.661890517498623  0.6840781987923363  -0.81009657535034  -0.7834008490151211  0.5836227003393846  -0.21369991439154035  2.2067669286938285  0.0  0.0  0.0  1.0
5494384562975;7.45090069206603;7.45090069206603;1.0  0.0  0.0  0.0  0.0  1.0  0.0  0.0  0.0  0.0  1.0  0.0  0.0  0.0  0.0  1.0
5494384563006;1.7422069969351626;1.7422069969351626;1.0  0.0  0.0  0.0  0.0  1.0  0.0  0.0  0.0  0.0  1.0  0.0  0.0  0.0  0.0  1.0
5494384563037;5.728273913522797;0.012150781104291438;-0.5794018242521568  -0.8139815176860288  -0.04156458731687124  1.0938144522386182  0.8137574444628872  -0.5748738314713261  -0.08555056674685801  -3.736453263504562  0.045742186595133016  -0.08339164679406716  0.9954664663415184  4.256811842149912  0.0  0.0  0.0  1.0
5494384563068;4.596809114569144;0.007899761950590148;0.5865774396307059  -0.43175980980177153  -0.6852082704960766  5.826170331358204  0.7692883205320226  0.5615588555869165  0.30470827295124936  -6.794460168400704  0.2532239862440093  -0.7058577182066168  0.6615455346677529  -0.743293784399532  0.0  0.0  0.0  1.0
5494384563099;7.571012982470478;0.003608170598257495;0.47970315206987424  -0.12221166722802129  -0.8688781239550084  9.163491513868767  -0.27050944557661544  -0.9626162386712969  -0.013950516125110834  6.124756779446024  -0.8346912757110014  0.24173184614293614  -0.49482945426911296  4.4499897636466414  0.0  0.0  0.0  1.0
