# registration_from_features.py RANSAC RANSAC_config.json euclidean True --use_random_keypoints=False --n_keypoints=5000 --input_txt=/i7g4/neural_comparison/point_clouds_registration_benchmark/eth/wood_autumn_global.txt --input_pcd_dir=/i7g4/neural_comparison/point_clouds_registration_benchmark/eth/wood_autumn/ --input_features_dir=/i7g4/neural_comparison/features/3DSmoothNet/eth/wood_autumn/ --output_dir=/root/neural_registration_comparison/results/3DSmoothNet/RANSAC_mutual_on
id;initial_error;final_error;transformation
26875431820030;2.0535532931381004;0.006157819782565796;-0.8603803401611749  -0.2586558155531715  -0.4391387472595249  9.411651630117898  0.49951174291918105  -0.2569379131982992  -0.8273275817033697  -1.111284978014499  0.1011616970497403  -0.9311713471976184  0.3502659464010016  3.646614415720866  0.0  0.0  0.0  1.0
26875431820061;1.6463845109934325;0.016782468893070702;0.4653484484764423  -0.5282187786232495  -0.7102363996658658  0.2352954997004142  -0.8214989016980541  0.040992231824841796  -0.5687347285324766  2.054430867033479  0.3295305388115938  0.8481182457887473  -0.4148554750160102  -0.7982879929310647  0.0  0.0  0.0  1.0
26875431820092;3.1454983955145077;0.021970609550663846;-0.19748906538980643  -0.009773627011452013  -0.9802563671134711  -1.0212119658523502  -0.9563820993021547  -0.21763979879937567  0.194849167596303  4.762635458133367  -0.21524718159796075  0.975980222234861  0.03363415853750576  2.3805292474753337  0.0  0.0  0.0  1.0
26875431820123;5.022952331012622;0.012358385780406758;-0.6572815321025323  0.6255983303777468  -0.4202472088967667  1.1411887345622338  0.21647920184848818  0.6908419511090395  0.689836323887701  -6.284879928644866  0.7218848542004389  0.36244189550386  -0.5895066833035736  1.2124312709017542  0.0  0.0  0.0  1.0
26875431820154;4.9039779898946945;0.016738612283760754;-0.9184611833305736  -0.37302111821779355  0.13146976868675803  20.200844066624978  0.1901929785454534  -0.7080021164201923  -0.680117367853915  7.55530188925672  0.34677901555170737  -0.5996567755875652  0.7212184591820375  -3.445867442078857  0.0  0.0  0.0  1.0
26875431820185;2.518490360471434;0.014603068675910644;-0.34557164470718826  0.9215490596528378  0.1769959576581869  8.982356002198252  -0.7057926431694418  -0.1309484899520381  -0.6962106274879571  7.134991412219533  -0.6184148956988847  -0.36551309638951524  0.6956746316673386  3.5990279274137142  0.0  0.0  0.0  1.0
26875431820216;3.040176925026691;3.040176925026691;1.0  0.0  0.0  0.0  0.0  1.0  0.0  0.0  0.0  0.0  1.0  0.0  0.0  0.0  0.0  1.0
26875431820247;4.293952946805166;0.019752739602102734;-0.8778045641219081  0.46568084105055796  -0.11225195537357739  7.348847237142393  -0.4766475309842917  -0.8258491110206998  0.301297821155245  -0.007227014399348197  0.047605445206670746  0.31798521994703494  0.9468997420434283  -7.732243654864855  0.0  0.0  0.0  1.0
26875431820278;1.9928622542605958;0.027323152377373615;0.6361241385636681  0.7595715643213232  0.13563597978076897  -5.096890050561425  -0.7664870629497736  0.6422569046506752  -0.0019106959892360165  9.395685798697183  -0.08856445487474447  -0.10274778393226602  0.9907568976442951  5.002981280339988  0.0  0.0  0.0  1.0
26875431820309;3.3178555720271428;3.3178555720271428;1.0  0.0  0.0  0.0  0.0  1.0  0.0  0.0  0.0  0.0  1.0  0.0  0.0  0.0  0.0  1.0
26875431820340;3.1987335091215683;0.013930160385107849;0.6100616073404233  0.7192030589168426  -0.3325233755600891  3.926161388909345  -0.1077735719671557  0.49108306333700064  0.8644201999542744  -5.60090653117214  0.7849902498978314  -0.491512344654948  0.3771020055862024  -5.0605475341024535  0.0  0.0  0.0  1.0
26875431820371;3.5265759616751016;0.043806925124395;0.28247590628364727  0.3491188898517607  -0.8934894308932292  7.6126806182996  -0.44492116654682634  0.8728608971820367  0.2003971300422785  2.191965879349654  0.8498544098419706  0.34092499896494094  0.4018925567274314  -10.353289162440944  0.0  0.0  0.0  1.0
26875431820402;5.0883567835047625;0.02556959667539659;0.555395210159271  -0.8303619076033613  0.04511388847624953  -1.0210551151392413  0.7072839227892019  0.5002133450579666  0.49953584655141475  -3.366194674753539  -0.43736210752196936  -0.24553148846375666  0.8651177232473707  -6.86878443418429  0.0  0.0  0.0  1.0
26875431820433;1.6687229373662258;0.008714937149792401;-0.6951324984260233  -0.5864777144144958  -0.41573392948753124  15.052277005636125  0.6661571707730846  -0.7428991553985852  -0.06584427640781484  13.68658322938583  -0.2702321843518902  -0.3227146346282088  0.9070996809266266  6.2627126187906335  0.0  0.0  0.0  1.0
26875431820464;4.58945846466715;0.019473941269739035;-0.6076292381126053  0.22176062898508528  0.7626328949257535  0.2419692509167639  0.1486079361540216  -0.9115233438602532  0.38345909157283764  0.9260021506271428  0.7801938158577899  0.346334256217838  0.5209128455579688  -9.214020114025045  0.0  0.0  0.0  1.0
26875431820495;2.035425071867048;0.022003586471823634;-0.27281297511578495  0.8293926216478613  0.4875253426895489  4.378848418194702  -0.8714141334580857  -0.4277705267206019  0.24010369526242867  13.21560602783012  0.40768920591299496  -0.35933307059783237  0.8394458027512943  -1.0553601929278646  0.0  0.0  0.0  1.0
26875431820526;3.855140063669406;0.014641663085341585;-0.15043702238523426  0.9750192219285603  -0.1634203756135978  5.336076962122654  -0.3038088288867295  -0.20289697872163764  -0.9308775491524681  -6.632535738572905  -0.9407810041589584  -0.09038989376836543  0.3267426652860097  6.280400580063886  0.0  0.0  0.0  1.0
26875431820557;2.7573624115491;0.03107886876346042;0.4474540874624152  0.2209647655123273  0.8665791435381186  2.915464973646507  -0.836378914960151  0.44646992484016124  0.3180171643532803  12.364543355407594  -0.31663093693329725  -0.8670866038725906  0.38458506362239203  9.096483104126543  0.0  0.0  0.0  1.0
26875431820588;1.5947841889661274;0.022328707985614298;0.4703817529574973  -0.8155607591243241  0.33704844557005315  9.725878663127935  0.8223024397541818  0.2664764190221035  -0.5028011691309766  0.8912837288418007  0.32024944037258274  0.513664254432517  0.7959832470971574  -3.6341019030497654  0.0  0.0  0.0  1.0
26875431820619;3.5884439472599823;0.020755117905487973;-0.8101777894478988  -0.07608715764615387  -0.5812251662881138  4.923319533666292  -0.14375164788919217  -0.9354735207806736  0.32283859070339277  7.889065142360387  -0.5682846234189853  0.34510873121313573  0.7469622148582895  1.1233143220182913  0.0  0.0  0.0  1.0
26875431820650;3.205971749881819;0.008530918077976015;-0.5335484059973772  0.6216656078411698  -0.5734613940668789  6.88264852026284  0.4200342814680652  0.7832742033141146  0.45831509337381043  -1.664994093885808  0.7340962476741482  0.0036598429075791333  -0.6790355695400849  -8.203156781200711  0.0  0.0  0.0  1.0
26875431820681;1.5831696178308692;0.040084154377546886;0.8493215232352589  0.39169379120590986  0.3538769900686996  0.17540636853573902  -0.30106795675219156  -0.19122151125289288  0.934233599829947  2.0175084093332445  0.43360239342789836  -0.9000057264067283  -0.04448209582177236  1.4433122744720777  0.0  0.0  0.0  1.0
26875431820712;2.1253878571825364;0.019705387101390998;0.12614041569622908  -0.9520983183169143  0.2785630768534959  5.498786827571697  0.7025665543103369  -0.11250460801002123  -0.7026684495130069  0.4535732084554157  0.7003490788831551  0.2843439913812414  0.6547210568424552  -0.31063946523287733  0.0  0.0  0.0  1.0
26875431820743;1.5610088030304428;0.011860408382429188;0.5710069666714431  0.5485828644754724  0.6107437145125314  -1.3498378507503634  -0.5741814605623328  0.7985869704833144  -0.18048407387021634  3.756347332959329  -0.5867424429502144  -0.24762005447493263  0.770984834003009  1.4533670262799383  0.0  0.0  0.0  1.0
26875431820774;3.330059369423353;0.019065040142880563;0.6260219305057011  -0.1742318130157932  -0.7600919798676637  4.8646190815554515  0.3186193412808135  -0.8324952519410397  0.45324758229626055  -4.309176462028705  -0.7117431122867967  -0.5259229324044112  -0.4656466592637054  5.693089953123173  0.0  0.0  0.0  1.0
26875431820805;4.120916915159846;0.004916823031017882;0.9509232340928926  0.11251686999688582  0.28824461283503366  -6.282699138524892  -0.29117218403485673  0.6406125768967337  0.7105169143420154  6.2211864548702644  -0.10470798492324301  -0.7595758555192699  0.6419351662009822  -0.4177957600459594  0.0  0.0  0.0  1.0
26875431820836;1.4675689642071519;0.012404715354169458;-0.9916056309581035  -0.09006270222981524  0.09277382345924076  11.374942247242835  0.0529147913769444  0.37201359744024265  0.9267178147489689  5.997757373814043  -0.11797583441415962  0.9238477109278527  -0.364125128915391  -8.847941557490373  0.0  0.0  0.0  1.0
26875431820867;3.4095493357026116;0.018454625780259994;-0.7461470150061634  -0.575242817396816  0.3352019287396255  13.482027898738604  0.537906189861868  -0.8175410206593015  -0.20562978978648727  3.2526947126837227  0.3923283865662548  0.02687713847714876  0.9194324643613582  -7.380087531982728  0.0  0.0  0.0  1.0
26875431820898;2.851643886467438;0.010636107992072576;-0.7745147025715209  0.6026170856300825  0.19230086741160274  4.916829914091695  -0.6179450910895383  -0.7857764065208647  -0.026444344452060314  5.269022114316628  0.13516967078043576  -0.13931291060724646  0.9809796496560192  -1.9319019498734775  0.0  0.0  0.0  1.0
26875431820929;4.31324373702403;0.022109399670533762;-0.35586871565267286  0.2346016891980657  -0.9046101395878395  -1.2866108736436868  0.8751352524101026  -0.25594060228774296  -0.41064911797018844  1.8085385061150787  -0.3278654407052126  -0.9377933970368962  -0.11422695507267472  4.485451182531973  0.0  0.0  0.0  1.0
26875431820960;2.9706078354575314;0.035156076952738584;0.7899176339675086  -0.6111287665565217  0.05051497039767787  8.39232790520321  0.04784403327795053  0.1435478113145079  0.9884862034173839  2.7483456779504714  -0.6113436676918083  -0.7784058430882439  0.14262981251901335  12.299917888735182  0.0  0.0  0.0  1.0
26875431820991;2.9933660743599426;0.007487340709088251;0.46432201934635137  0.3821003029463418  0.7990021406970322  -1.2045641591645904  -0.8370193435125088  -0.10555784061122447  0.5368949253544715  4.850301348254293  0.28948865424402204  -0.9180723831887163  0.27081251501763376  3.3160842384022233  0.0  0.0  0.0  1.0
26875431821022;1.656409031130035;0.01404623818002828;-0.8577629411911211  -0.23488000065597936  -0.45724623783144  11.791857846434196  0.5028262115776049  -0.5682044439351288  -0.6513904442366996  8.233763204766895  -0.1068107563388288  -0.788653976839157  0.6054885359328527  4.723532478121749  0.0  0.0  0.0  1.0
26875431821053;1.9984878364331908;0.010984972706659163;-0.7063773172901924  -0.7075776463817758  -0.019103925218085342  17.594210236354833  0.7077727140829528  -0.7056979252189308  -0.03237628053603414  12.382618841661658  0.00942713199034284  -0.03639110719012073  0.9992931584374597  0.7784670037474759  0.0  0.0  0.0  1.0
26875431821084;2.6465098846802793;0.014466842781026695;0.7254703838546775  -0.38967856024755965  0.5673123846992376  1.3377656040311194  0.23168355983897  0.9144413445976352  0.33184296796950663  2.9241982050782767  -0.6480859898578968  -0.10930529252445831  0.7536822293089138  3.336288258070199  0.0  0.0  0.0  1.0
26875431821115;1.5027097041887814;0.03545244989386985;0.9824957064145055  -0.1848040819648108  0.0234443632075224  2.181976845814427  0.004000306448333643  -0.10489249587595945  -0.9944755209944748  7.082837652636898  0.18624227346492025  0.9771617141487157  -0.10231715387246898  -6.229009308070593  0.0  0.0  0.0  1.0
26875431821146;3.393986024931288;0.020681585235452035;0.30675428098491375  0.5451152509840975  -0.7802250792187946  6.027925745961017  0.7983050300412587  -0.5937313625565134  -0.10095616933903906  -1.3043531283529877  -0.5182768469729813  -0.5918888681681145  -0.6172978840320238  6.081330254997034  0.0  0.0  0.0  1.0
26875431821177;4.551379335696718;0.01329826470648352;-0.44604093839777553  -0.15981114747700725  -0.8806292513965877  6.614432176916667  -0.4094465809187909  -0.8384966545484553  0.3595509111168561  8.83016964984072  -0.7958649248755372  0.5209450618377445  0.30856970671101897  -5.416725189504465  0.0  0.0  0.0  1.0
26875431821208;2.543233512385254;0.02673075682393017;0.3214138358465149  -0.8475369511081858  0.42234377304829807  2.448902460452501  0.10768348846719814  0.47582996630921787  0.8729204485368098  1.785165362158724  -0.9407961588133563  -0.23508925893883703  0.24420407018234586  5.319150390811247  0.0  0.0  0.0  1.0
26875431821239;2.014421766667579;0.010861865959697795;-0.9619354923679905  0.24093469499541142  0.12895961100367537  11.313641936110152  0.13278149501152095  0.8245286268067618  -0.5500196525203994  0.4160271829275315  -0.2388497081958793  -0.5119599753141094  -0.8251350196005012  5.7289063768220885  0.0  0.0  0.0  1.0
26875431821270;2.8934216940175648;0.015574161121646148;-0.25123583557513307  0.9658043992408054  -0.0640501157685971  8.465601799282847  0.02299496217544522  0.07210937778346271  0.9971316208757158  2.0039606839207353  0.967652720058914  0.24904236595966558  -0.04032509540965229  -0.6574609858739096  0.0  0.0  0.0  1.0
26875431821301;2.825654895817324;0.022102558010173693;0.17803603145274888  0.3187294184891075  0.9309751496652046  4.722780675777955  -0.32118256080870944  0.9130973743047855  -0.2511870770363501  -1.198262607590114  -0.9301316756980783  -0.2542926322709744  0.26493456368655194  1.280618275714921  0.0  0.0  0.0  1.0
26875431821332;1.854867411473609;0.019445306047630923;0.6724985206041737  0.16351564017603767  0.7218090988641092  2.0937821176772653  0.7398026146672088  -0.12094706822049671  -0.6618639573359679  -4.010743948006842  -0.020924414370743674  0.9790987907799121  -0.2023060225909114  0.17654966797664162  0.0  0.0  0.0  1.0
26875431821363;4.467403769838114;0.007630847375140416;-0.5748425359634997  -0.4845549203304275  0.6593652918000957  10.33429788140651  0.7072079375619955  0.11112711578006666  0.6982175142372986  2.367863411104362  -0.41159809510779  0.8676734946522088  0.2788004927930758  7.758355463459858  0.0  0.0  0.0  1.0
26875431821394;5.784727726475907;0.006707925548433756;-0.1900188272603186  0.9164584697524851  -0.3521316777933312  3.9556988061861365  0.6823836045168801  -0.13458361539224786  -0.7184983415113095  10.093759048289778  -0.7058650448727177  -0.3768170957996527  -0.5998028132144355  16.455166566618942  0.0  0.0  0.0  1.0
26875431821425;1.4999174095934682;0.008005399391720153;-0.660360068498289  -0.7502771137699548  0.0317621234485545  17.23285847827374  -0.23084729951801752  0.16256998028194447  -0.9593125277074028  11.952124867903366  0.7145866667089258  -0.6408238869331844  -0.28055416891871676  4.661828294370887  0.0  0.0  0.0  1.0
26875431821456;2.5138223759986826;0.008365619357478912;-0.1851847116086327  0.9802094849769805  0.06997133804344313  -3.1296094315426197  0.13580920079333497  -0.04499216425114394  0.989712870551795  5.430787380834875  0.9732741050527864  0.19278244400660713  -0.1247896058032738  -5.328825672031032  0.0  0.0  0.0  1.0
26875431821487;2.043897772459037;0.01058245745048268;-0.09407262784847475  -0.9926420106649065  0.07623765049379877  7.84800887088529  -0.8658949361822103  0.11936963791902759  0.485774483723761  7.534099859002257  -0.49130062098850324  -0.020315713283379375  -0.8707531060008338  4.7169842609082  0.0  0.0  0.0  1.0
26875431821518;1.5491762003112224;0.00534202291954404;-0.08676179875328202  -0.878085777844139  0.470571734196762  14.483681803409691  0.7715095804561658  -0.3580614101267189  -0.5258944702527464  8.516962890290184  0.6302740336880823  0.3174230510311416  0.7085176420757887  -4.578209804842923  0.0  0.0  0.0  1.0
26875431821549;1.5883996969544905;0.011724557842838547;0.044097133445705025  0.6095963925984647  0.7914844792873768  3.3330594219597782  0.388027367609805  0.7196030963918466  -0.5758525381111654  -2.67653504144246  -0.9205923119425212  0.33251108522003414  -0.20480764975488164  6.1200364511380485  0.0  0.0  0.0  1.0
26875431821580;4.425160905918537;0.015825599188505634;-0.4197797979831485  -0.6183417927511723  0.6644082694717869  3.2911619885520067  0.87968256797543  -0.09693630648696615  0.46557698835404193  -11.358790904126161  -0.22348042600053789  0.7799081867899144  0.5846363992882128  -2.7025907950541077  0.0  0.0  0.0  1.0
26875431821611;3.353273937562721;0.023393885335953154;0.5587321300635998  -0.24934601320102198  0.790977226306389  1.31757925508846  0.7180452655994332  0.6226877689910139  -0.31091950549818187  -6.343426198084636  -0.4150053052490208  0.7416781701315946  0.5269573878079866  2.756216323720274  0.0  0.0  0.0  1.0
26875431821642;1.3671223414634766;0.006405326570642744;0.6089022956086939  0.4595022730747767  -0.6466031668972677  1.2719420905981709  -0.6689447277154402  0.7355355412715835  -0.10724000553913526  2.8506878843090444  0.4263225840419176  0.49784046497390294  0.7552509025286828  0.41903340083342755  0.0  0.0  0.0  1.0
26875431821673;4.231146946497155;0.00592354170353181;0.17233409065600025  -0.890103775094389  -0.4219196970520433  10.149723793387526  0.9760234032099747  0.09648288183045567  0.19511373580583682  7.183751785720874  -0.1329634445409307  -0.44542824683265037  0.8853894054817927  11.782952465687552  0.0  0.0  0.0  1.0
26875431821704;5.916097515817769;0.009311280803698616;-0.4630701312388531  -0.5778515900171068  0.6720517788601814  0.6572581895651615  0.6900417115061382  0.24082006007312867  0.6825306843271269  -9.963184299202709  -0.5562449909312557  0.7798033332713302  0.28722512334893524  -3.1379118312159906  0.0  0.0  0.0  1.0
26875431821735;2.456523073906335;0.015571980569764568;-0.8913727392673709  -0.16510002319893383  0.42213341733472687  5.036287809126467  0.0978804924236153  0.8392204067725144  0.5349098223621302  -2.815029029286186  -0.4425766022892466  0.5181226603771419  -0.7318981212640319  5.3990987319084365  0.0  0.0  0.0  1.0
26875431821766;3.6833967010897686;0.01597909862988937;-0.2639152665906837  -0.22343664746621236  0.9383095420112856  -2.3131642262075665  0.9001114137956197  -0.4066417689924998  0.15633910088490782  -2.0215629967681634  0.3466239674564058  0.8858434039262867  0.30843684751512884  2.6480431888197153  0.0  0.0  0.0  1.0
26875431821797;3.7834060321852396;0.0120326760205476;-0.4064241045957304  -0.716682210166575  -0.5667327913878923  14.182033431818134  -0.5673398066001886  0.6841575517202335  -0.45831647174309254  6.226596333221586  0.7162017809601003  0.13525921061033122  -0.6846604668700033  -10.43783722986899  0.0  0.0  0.0  1.0
26875431821828;3.309200691813214;0.014218482839705988;0.37716111853956136  0.9256114911786185  0.03150965026909934  -2.3464533670569043  -0.8598265962218832  0.3373071559521272  0.3833041963936452  16.048557292983755  0.3441623382816277  -0.17166027479175672  0.9230845221142756  2.1052317639155196  0.0  0.0  0.0  1.0
26875431821859;1.3587079118313974;0.00971787917482765;-0.04294027853946619  0.8680039652084122  0.4946971284143734  5.151098709728816  0.7650030385071208  -0.28991029786654765  0.5750846635633778  -3.457475711719396  0.642593560155894  0.40313910201492964  -0.6515768418788153  -2.2914463639914677  0.0  0.0  0.0  1.0
26875431821890;5.99180136419761;0.02769898763901546;-0.35353334703078576  -0.9351082698923563  0.024221810752593387  6.2001835187772585  0.9354215082809758  -0.35339028934419575  0.01009481265649976  -10.13806360165816  -0.0008799900878077166  0.0262264556535885  0.9996556400287532  6.098726804131269  0.0  0.0  0.0  1.0
26875431821921;1.334025833505696;0.01948268666308053;0.6389374770079405  0.6026395388694917  0.4781051000207953  0.3884516384516674  -0.6838257252767744  0.7296222532459649  -0.0058090462190832914  -1.0847175153133086  -0.35233688130029983  -0.32322894944520153  0.8782834214057158  1.3924891870025369  0.0  0.0  0.0  1.0
26875431821952;1.5331962113685564;0.034454674520902145;-0.6447297140609597  0.6574062591873059  0.3900520557415711  6.222405921411616  0.5397186112347904  0.030148323475384375  0.8413054732250425  -1.8368823222969652  0.5413200684379457  0.7529329910244181  -0.3742519131993335  -0.529834339024924  0.0  0.0  0.0  1.0
26875431821983;5.104278779962253;0.016921432403246128;-0.8876339343232811  -0.42371779174106905  0.18046947553491136  14.00971946666945  0.43024921398097704  -0.90270426838459  -0.0032584826213864215  25.938531380977402  0.16429124293925312  0.07475451024730956  0.9835751881229823  5.486751139860267  0.0  0.0  0.0  1.0
26875431822014;4.051816939242429;0.023068719806762804;0.46462849719624466  0.1851510549768921  -0.8659327031785462  -2.014252427442397  0.2179931982674089  0.9238845932160572  0.3145094973560372  -1.388781555415225  0.858253648464314  -0.33489751456071576  0.388901439491743  4.1193983823234515  0.0  0.0  0.0  1.0
26875431822045;4.351333545702148;0.008304272386955223;0.852161297261113  0.18451971918361798  -0.48966682211750373  -1.9488227077934717  -0.4353925285361434  0.7690973353765781  -0.467891691325622  12.592528152640732  0.2902662046211373  0.6119164664797369  0.7357334901347051  -6.074216487101646  0.0  0.0  0.0  1.0
26875431822076;1.1412009696094776;0.02063302173073493;0.8613121140320299  -0.462443088132803  -0.210446744949577  1.97328574872247  0.49391141131715094  0.6649741171972056  0.5602329347945355  -4.351189647138451  -0.11913421000021772  -0.5864774622233957  0.8011561809732419  1.183085319002066  0.0  0.0  0.0  1.0
26875431822107;1.4325003679545003;0.021430913349240403;0.4588120231842529  0.7090776407004845  -0.5354441397944383  -0.06301624682622342  0.2905267819588033  -0.6892121931761572  -0.6637625642818165  -0.14396421227904227  -0.8396938229773004  0.14898138217893  -0.5222248858660615  1.1400968306005  0.0  0.0  0.0  1.0
26875431822138;4.104686773760169;0.02478481552936199;0.5763674895868952  -0.7356754818736309  -0.3557837859111918  0.19031569269342352  0.8167044285167988  0.5035497540361504  0.2818359835989368  -6.291543971343982  -0.028184985157845593  -0.4530112918903155  0.8910591316133396  5.507087052664982  0.0  0.0  0.0  1.0
26875431822169;2.4370489578780687;0.013723058623632883;0.5927556172468191  -0.5396648045881847  0.5978316459599139  6.904874892759441  0.6831932206763967  0.7300054479198697  -0.018413832548488773  1.9599540179029304  -0.42648306114563944  0.4193494303037836  0.8014101658075826  1.8646008404425762  0.0  0.0  0.0  1.0
26875431822200;3.7431807365241796;0.020334416754428448;0.5321935444110751  0.005592281560051926  0.846604250919005  -1.756588721778722  0.715961114922368  -0.5366716652974106  -0.4465234658850792  0.9850168305378557  0.45185142824417  0.8437726293580854  -0.2896170518803175  -7.080044614534489  0.0  0.0  0.0  1.0
26875431822231;2.9987588218906187;0.009990279546013765;0.4615861163025084  -0.8870068481172324  -0.012534298141521294  -0.018874682340481286  0.2663054516910288  0.15203190059686433  -0.9518233594530773  -4.690532126768601  0.8461794512019328  0.43601049596774455  0.30639057389149116  -0.3040813271402534  0.0  0.0  0.0  1.0
26875431822262;1.4232017099761387;0.015291249309308827;0.5374039513896369  -0.03047286688997003  0.8427742268332079  -0.13985480466414302  0.3733425233137495  0.904679415505742  -0.20535460902037833  -0.8576746435080862  -0.7561827512688496  0.4250018347533292  0.4975551096509579  0.8036211468980738  0.0  0.0  0.0  1.0
26875431822293;1.6014741833671042;0.01601602971848424;-0.6242110824892771  0.05521797085615038  -0.7793019313411801  9.016725365780463  0.45985558610432015  -0.780426299458761  -0.4236362012880343  18.08410806895109  -0.6315800538539957  -0.6228047581767763  0.46175845283670786  11.661918975383367  0.0  0.0  0.0  1.0
26875431822324;2.782792515369427;0.018268906458259265;0.49090143744367354  0.8711338873791404  0.011896595119741477  0.6592672282160457  0.6930612078838159  -0.39875528803290017  0.6005500665160446  -0.45403792118426645  0.5279033442235059  -0.28656582232622696  -0.7994986482991274  -3.745877512405957  0.0  0.0  0.0  1.0
26875431822355;3.517315059062168;0.014104264722778608;-0.1820437232145155  -0.797683941767922  0.5749438336775048  2.412497362113338  0.9440793078527605  0.021682214705584485  0.3290047751168872  4.302776179812833  -0.2749078815211548  0.602685830770104  0.7491297925369804  1.8608540168675087  0.0  0.0  0.0  1.0
26875431822386;2.6396216123483303;0.044968569864664805;-0.03579038199745124  -0.9906319804488181  0.13178515799788848  13.594894457297858  0.8813279957311645  0.030882243202191073  0.47149469879871453  0.30515982737436076  -0.47114754854181934  0.13302092454517372  0.8719664105550062  -1.501060514833155  0.0  0.0  0.0  1.0
26875431822417;3.186775984733459;0.0070077045106350065;0.6726803274833505  -0.729018642639417  -0.1266214661938292  14.856924673455152  0.7388639076321355  0.670996644123889  0.06199701261391721  -4.308125554955746  0.039765600906609744  -0.13526020205020195  0.9900118053467215  -0.24476421646636126  0.0  0.0  0.0  1.0
26875431822448;3.9599817839126596;0.028515708105567788;0.40916511815996787  0.1947670461219931  -0.8914312670229  7.254353365136484  0.315145561118631  -0.9469991376651122  -0.06225679536209134  -1.2602841629453452  -0.856310213292101  -0.255457297814033  -0.4488589840976668  6.785353481072375  0.0  0.0  0.0  1.0
26875431822479;2.9073535472467738;0.01439818120868449;0.46459922764698514  0.01997549641968327  -0.8852957343241933  7.7913921304319755  0.6578273978974897  0.6614793366077689  0.3601502489466917  -2.825445379909462  0.5927990150508378  -0.7496973167777334  0.29418236006093856  3.512536433334655  0.0  0.0  0.0  1.0
26875431822510;3.7711636163769215;0.018452414955895943;-0.9942971826550495  0.10594587786273504  -0.012189484325674627  7.428952117687941  -0.10586698949143819  -0.9943560364323436  -0.006946462882558624  -3.1670792811568473  -0.01285663642836593  -0.0056163844645335526  0.9999015767190768  -6.629128657866357  0.0  0.0  0.0  1.0
26875431822541;2.7225886157360173;0.013919493003134192;-0.0907114752772779  0.8847053346769341  0.4572394329530148  3.017321237275172  -0.9673358202750036  0.03085669605322683  -0.25161334448229455  5.695311561593016  -0.23671256634557175  -0.46512829961512075  0.8530081042002124  -3.0891352120890865  0.0  0.0  0.0  1.0
26875431822572;6.3174187801669905;0.024724771436100194;0.568012254221403  -0.8100758194770965  0.14539341715782697  1.1663894967373913  0.7887191112930421  0.5862469596593212  0.18503152642540693  -2.8746679506317427  -0.23512601416141507  0.009574392341657467  0.9719177375044934  -9.038145420738436  0.0  0.0  0.0  1.0
26875431822603;4.291318477345014;0.010199610021896954;0.6287060415096425  0.7775428585329515  -0.012482648504266003  2.9853104721286137  0.6181789820868944  -0.48998020446292345  0.6146333421971855  -6.468333341283604  0.47178751517530226  -0.39414020649874976  -0.7887141675828042  -6.234171251441376  0.0  0.0  0.0  1.0
26875431822634;2.1517287473981175;0.019852938183771495;-0.8952793667296668  -0.2706880367565644  -0.35384013659420166  8.001884638900897  0.29187665584252664  -0.9564315842618364  -0.006829524183783756  7.218116353642506  -0.3365752119249271  -0.10939200785830122  0.9352809820232738  3.460780470009806  0.0  0.0  0.0  1.0
26875431822665;1.5906219386342715;0.011645612112637772;0.1394140449326016  0.49923595748532545  -0.855176696846471  3.005401218084359  0.3254331795545525  -0.8387400288570046  -0.4365872302735898  0.6613110470556921  -0.935230971322349  -0.217436479797344  -0.2794000850622532  5.015046520441848  0.0  0.0  0.0  1.0
26875431822696;2.534146944068928;0.005695056220017041;0.09771464949837948  -0.8874215708476401  -0.45048285524281084  2.5092579931516545  0.9892599710065785  0.037168382374140344  0.14136202147590193  -0.5771117603553937  -0.108703988139683  -0.45945779669736375  0.8815225329034597  -1.0719350275125565  0.0  0.0  0.0  1.0
26875431822727;3.2280913866871095;0.017839374489062265;-0.15397739235136743  -0.15458153150318063  0.975907532895819  -1.8373685643890827  -0.5237909856252703  -0.8247158794313909  -0.21327616273605277  0.10890157274112244  0.8378149951047552  -0.5440112759234305  0.04601918780009576  0.9101379244608436  0.0  0.0  0.0  1.0
26875431822758;5.123607463454776;0.008287138520444437;0.037222580142995815  -0.6049665119654297  -0.7953804114559779  10.279464205832802  -0.7011835388593831  0.5512919096976919  -0.4521270564061658  4.071998988947642  0.7120085142469372  0.57453698723603  -0.4036720524604295  1.0621646218798015  0.0  0.0  0.0  1.0
26875431822789;3.4449919855173357;0.01381677235436869;-0.5745969452177284  0.5165574710775531  0.6348281102947615  4.660563927074767  -0.39988030245021566  -0.8539643441126171  0.33292738351873735  9.555576023635387  0.7140966981150236  -0.0625561991993705  0.6972464612193814  -0.7375797909592656  0.0  0.0  0.0  1.0
26875431822820;3.2885712155089486;0.02316377226465187;0.39201312506618535  0.3232585211635936  -0.8612953258151176  1.2879510199469975  -0.9021743423019387  -0.04812017477275332  -0.4286792564049538  -1.3859373079784731  -0.18001990408815344  0.9450864390493422  0.2727718036328647  -0.33810950435656983  0.0  0.0  0.0  1.0
26875431822851;5.9287144767363475;0.01631947250932553;0.842545032752408  0.2393418750464928  0.48252806616141186  4.7854083683783255  0.18780006175530822  0.7090963113667657  -0.6796422279484614  8.134066222434715  -0.504825717043957  0.663247983830539  0.5524971559707612  3.373478117505931  0.0  0.0  0.0  1.0
26875431822882;5.41078833518639;0.012359137286257978;0.14583101734854204  -0.8744548412509592  -0.46266839636163615  -5.843259081657057  0.012227290528633916  -0.46603913670232777  0.8846796123049725  0.3126773166468145  -0.9892339499559334  -0.13467090879067878  -0.05727074803139104  4.427150272435631  0.0  0.0  0.0  1.0
26875431822913;4.777035883166865;0.009014139293392742;-0.8450137279917608  0.4661719195410469  -0.2619838562524078  3.036297523009585  -0.178430665713227  -0.7076476363843813  -0.6836646255677806  5.316915154694699  -0.5040975074711253  -0.5309600400698861  0.6811513332662459  -0.9097964143799773  0.0  0.0  0.0  1.0
26875431822944;2.976285503595206;0.04711446657261815;0.7975918863323103  0.5951277533119252  -0.09833687047475612  -4.279636260237822  0.3759745619455638  -0.3630070583535837  0.8525661290218607  10.954457675529088  0.471688786835886  -0.7169719888694249  -0.513284380777276  10.07604855648236  0.0  0.0  0.0  1.0
26875431822975;3.393796302193077;0.020212476534780345;-0.9077082519833753  0.05835931558418789  0.4155236690801508  4.8309177543943385  0.3413846370114465  0.6784984360273024  0.6504586089222497  3.261750822000943  -0.24397184037066325  0.7322800438309447  -0.6358016031067413  1.7497314838473694  0.0  0.0  0.0  1.0
26875431823006;5.039958847236191;0.02980228461410448;-0.5189367415445216  -0.29602495106706656  -0.8019188778304794  8.92932542474257  0.3153728941131462  -0.9382433850921017  0.14226485156078764  -9.185058905490008  -0.7945090282267733  -0.1790770188400947  0.5802472105831201  3.1726521416351128  0.0  0.0  0.0  1.0
26875431823037;5.369728603719778;0.013293314365475716;0.7198932672850353  -0.6939032331136954  0.015874091849208377  0.9793815275152933  -0.22435122241469801  -0.25427534867261986  -0.9407500072061905  8.622253062771147  0.6568258617919265  0.6736782244749918  -0.3387291501325425  2.166783958580394  0.0  0.0  0.0  1.0
26875431823068;4.204830814786546;0.02679175020973435;0.8698229892847784  0.262860275169729  -0.41750741675973524  6.4091752078265145  -0.4877971188451168  0.3314394801776953  -0.8075901447058047  10.779531201626089  -0.07390492648054972  0.9061193887767957  0.41651616430178434  -2.530811993721305  0.0  0.0  0.0  1.0
26875431823099;2.356510122240444;0.029935069048935888;-0.48075053756515235  -0.8759643801461257  -0.03956419272564668  15.646243258206814  0.35784233301649004  -0.15480053803312685  -0.9208613674847971  5.5364105593561606  0.8005171986485569  -0.4568623404701566  0.3878775793056334  1.9087891314377665  0.0  0.0  0.0  1.0
