# registration_from_features.py RANSAC RANSAC_config.json euclidean True --use_random_keypoints=True --n_keypoints=5000 --input_txt=/i7g4/neural_comparison/point_clouds_registration_benchmark/eth/wood_summer_global.txt --input_pcd_dir=/i7g4/neural_comparison/point_clouds_registration_benchmark/eth/wood_summer/ --input_features_dir=/i7g4/neural_comparison/features/3DSmoothNet/eth/wood_summer/ --output_dir=/root/neural_registration_comparison/results/3DSmoothNet/RANSAC_mutual_on
id;initial_error;final_error;transformation
2318808360030;4.969564550018172;4.969564550018172;1.0  0.0  0.0  0.0  0.0  1.0  0.0  0.0  0.0  0.0  1.0  0.0  0.0  0.0  0.0  1.0
2318808360061;1.6724101210514537;0.024938590463713266;0.2088673547090135  -0.9403116022808993  0.26867921161263486  0.3513332879656419  0.9493999609948872  0.2608617323997528  0.17490246033806034  -4.801606252693118  -0.23455093732442434  0.21855261880226368  0.9472172985196722  -1.2524854845720315  0.0  0.0  0.0  1.0
2318808360092;1.584883217651029;1.584883217651029;1.0  0.0  0.0  0.0  0.0  1.0  0.0  0.0  0.0  0.0  1.0  0.0  0.0  0.0  0.0  1.0
2318808360123;2.8011658140671436;0.011105609863202916;0.7859526197602  -0.05354939313781799  -0.6159634258514456  -2.4993895795609298  -0.529063376670576  -0.5737876478109274  -0.6251877147589605  -3.285967671155272  -0.3199537825343003  0.8172516122432398  -0.47930092773519584  1.2517006817996141  0.0  0.0  0.0  1.0
2318808360154;5.158117208596515;0.0095654935294287;0.6415118294502457  -0.7671041103434333  -0.0037224413507788157  -7.030890162254866  0.7668698497444035  0.6411786180469945  0.028295111103220832  -5.7949914545504875  -0.019318546228851652  -0.021006276527679058  0.99959268210509  3.150602284185152  0.0  0.0  0.0  1.0
2318808360185;2.9373278081057164;0.02595309874918803;0.658363852676158  -0.1396942332849376  -0.7396232545535185  1.6676080530920006  -0.31241405335314193  0.8432747875737723  -0.43736151169240883  -0.9671473064577807  0.6848025239124528  0.5190117087593906  0.5115391963611309  -9.987649905731224  0.0  0.0  0.0  1.0
2318808360216;2.8192109211834575;0.010813688558910364;0.6796521379494707  0.712175886225204  0.1757227317681436  -1.951616990570194  0.4437872151861227  -0.5899566743991436  0.6745398653669397  -3.682147797399481  0.5840598248621968  -0.38046895985250606  -0.7170198683235293  -1.5447757292924167  0.0  0.0  0.0  1.0
2318808360247;5.338906233558544;0.08578852140461336;-0.3250673292327349  0.9456833230814463  -0.003779406187396417  -2.265400704595697  -0.9081345868593779  -0.311040347736653  0.28025965501586086  4.7111454512657485  0.26386133406629353  0.09453546702425825  0.9599167890287479  -3.9779960396525595  0.0  0.0  0.0  1.0
2318808360278;3.9358878406157967;0.015025549567034939;-0.023022322895216538  -0.9238338874927775  -0.38210066863130576  0.6340441511212251  0.5056373776649737  0.3189532238330019  -0.8016231554256797  4.843416749594194  0.862438876069833  -0.21165960721525884  0.45978190016233256  -1.5952497749860974  0.0  0.0  0.0  1.0
2318808360309;2.1234453820707166;0.0075978470242580335;-0.2760065831401156  -0.3277602727820852  -0.9035450014521313  4.98531918254155  -0.9247587959053135  -0.1656893191373353  0.3425904536316815  1.30490482627492  -0.26199529663540416  0.9301184081124395  -0.2573678523656501  7.657335125793704  0.0  0.0  0.0  1.0
2318808360340;2.3866042493559383;0.010787558576910435;0.3773405650762426  -0.9188816867320582  0.11519784605794745  14.716775680690656  -0.8857662051729331  -0.3944134483910015  -0.24465539336352327  22.589940869519257  0.27024494023290024  -0.009719954566101668  -0.962742538149089  -3.2034193626423706  0.0  0.0  0.0  1.0
2318808360371;4.044074629937958;0.010005753881704472;-0.8244903566036819  -0.0036719101098445783  -0.5658640905232265  0.4843850199899742  -0.4820544770839733  -0.5191798659012107  0.7057448178811497  4.505524957313052  -0.29637667416790753  0.8546571148238024  0.4262887320704404  5.000670357939261  0.0  0.0  0.0  1.0
2318808360402;4.2662430875772905;0.03282112576914496;0.7252403312660112  -0.6818725873726761  -0.09526928411013741  3.0851120312650355  0.6354997666726802  0.7162134815802214  -0.28840647593579755  4.491144281499665  0.26488961562155466  0.1486204003238752  0.9527567728142561  -4.332664231722816  0.0  0.0  0.0  1.0
2318808360433;3.0557917853126377;0.01219653254273964;-0.6192414814705962  -0.5487509935453726  -0.5616158248385341  19.039203552948763  0.7243360065562112  -0.6753318383707376  -0.13879574088926191  5.498156384994088  -0.3031127467334572  -0.492746643992392  0.8156735913353654  3.1060426086774404  0.0  0.0  0.0  1.0
2318808360464;1.0653308809730693;0.005882603234503476;0.7890235061523219  -0.4514631397839013  -0.41668086127821957  2.4905045053808372  0.6072507343605485  0.6760018830886546  0.4174541887191553  -3.540200624389631  0.09321186811598753  -0.5824109266463454  0.807532699130675  3.0932279308512087  0.0  0.0  0.0  1.0
2318808360495;1.7172042102086578;0.006377407810389594;0.10102383730147316  0.9939419953833373  -0.04328387817970947  -5.114283898726301  -0.9941823846739957  0.09922336211457311  -0.041905971109228196  24.108264263634915  -0.037357332624434386  0.04726557123394118  0.9981835479886031  1.1250980089797467  0.0  0.0  0.0  1.0
2318808360526;3.6807220373796983;0.015447141796393195;0.46676442943415714  -0.7096450489124122  -0.5277640305753182  3.0250219350328678  0.75201482744335  0.6325293870420525  -0.18541918410335553  -4.8184214831288905  0.4654080647349743  -0.3103392967097554  0.8289058174469168  4.840127128727365  0.0  0.0  0.0  1.0
2318808360557;2.560279020018075;0.016359385487336526;0.8650252539797691  0.501701105740004  -0.005225942641446879  -0.5585194445670112  -0.36256790901677827  0.6322658720332789  0.6846783028643435  -3.8383843889463014  0.34680804680462096  -0.5903692637335153  0.7288266673978867  -0.8692756061405118  0.0  0.0  0.0  1.0
2318808360588;3.9226564362176193;0.011605171699134055;-0.36088999078945927  0.8199149396609405  -0.444407365227874  -4.055536723878613  -0.9287388788284335  -0.3593282628400062  0.09125401074412333  25.098401322462685  -0.0848675998275494  0.4456710572217815  0.8911648552621064  -0.9852906095505602  0.0  0.0  0.0  1.0
2318808360619;3.5577362196516864;0.02510620894766582;-0.9039010355031432  0.41748216717374514  -0.0931212011749111  5.9822795975880485  -0.07028842695841946  -0.3597153867797708  -0.9304108649137702  17.654658086940152  -0.4219270731442295  -0.834454001491869  0.3544912754104825  14.314382744096461  0.0  0.0  0.0  1.0
2318808360650;2.026557361496415;0.0024291264702654123;-0.3534666629405036  0.9353972643613152  0.009657950873379895  -1.761230767754773  -0.8704154019909064  -0.3326586048899979  0.3629259987513291  23.49735630256736  0.342692786861226  0.1198758124811205  0.9317679128491589  -3.5769933484535152  0.0  0.0  0.0  1.0
2318808360681;3.2402694513344694;0.008554978187582283;0.14620270855667944  0.9885401871979581  0.03759077420479162  6.182145514392058  -0.9600066671842679  0.1509493194692687  -0.23579970719557364  8.61956058325526  -0.2387717884768721  -0.0016128379923533998  0.971074369850819  1.8771656821014815  0.0  0.0  0.0  1.0
2318808360712;4.183482302346372;0.01059034741103596;0.739363110788457  0.6090411428537015  0.28707329502528234  -6.113343658185794  0.6640576313193397  -0.7300331671107337  -0.16149005295936714  10.056289559024972  0.11121894034634294  0.31003300022695746  -0.9441980121131944  -3.3378781908550335  0.0  0.0  0.0  1.0
2318808360743;4.6928323050556155;0.014251201098742127;0.08905428646589492  -0.8158177800131646  0.5714111338401117  1.807366346501626  0.8432212900144718  -0.2435973527000589  -0.4792057865091512  -4.667109040964838  0.5301388404261481  0.5245013627931913  0.6662215324497587  6.142154010897038  0.0  0.0  0.0  1.0
2318808360774;2.6368253275423768;0.011857586749007741;-0.9927324330034759  -0.09899085091108661  -0.06843338292747081  10.302760701154838  -0.08456617754043888  0.1692502282314925  0.9819383493171991  -5.50299171431375  -0.08562054706200971  0.9805891961874174  -0.1763914687316694  2.295278658891368  0.0  0.0  0.0  1.0
2318808360805;3.822501238380734;0.009743267819385754;0.47424853558118174  -0.54156594528023  -0.6941142941993304  9.525770686883325  0.6424158054611818  -0.3262245331433411  0.6934547475279619  -9.84566119165009  -0.6019885874273403  -0.7747798918971371  0.19319901583366123  3.9653868308795475  0.0  0.0  0.0  1.0
2318808360836;3.8885550361159975;0.01237269961680016;-0.38951713233018187  0.9072701849422908  -0.15854720160271724  2.663890319195139  -0.9014491376840051  -0.3402515855187916  0.2676159762060401  15.37462848998448  0.1888540595010737  0.2471632457845004  0.9503917477247138  3.674609188664841  0.0  0.0  0.0  1.0
2318808360867;3.4260014484993295;0.013667833221756123;0.39535705836991747  0.6546285468262272  0.6443246558042522  0.6880246166709229  -0.7613113564581441  0.6260073063299584  -0.1688782725793057  6.648344194754673  -0.5139044803511122  -0.42376446064021456  0.7458725541091871  0.11877073780366576  0.0  0.0  0.0  1.0
2318808360898;3.99662055613861;0.010264252491624746;-0.6881291618175055  0.7143084179716406  0.1274430879694548  3.3421402403100577  -0.4783256590472723  -0.5786522936217158  0.660580113978101  30.913429333114586  0.5456031713189824  0.39360514110105405  0.7398595625829878  -9.360030097388407  0.0  0.0  0.0  1.0
2318808360929;3.423510523147215;0.011335337867953377;0.22143027828021322  0.0700420081452317  -0.9726575702454229  -0.5820487887827079  -0.389684878218589  0.9206754398483634  -0.022414953664585513  -2.6867742755382285  0.8939319479403953  0.38399329623706374  0.2311597302656405  -1.9583146793787063  0.0  0.0  0.0  1.0
2318808360960;3.2303591939848126;0.013565755070249949;0.4579778505843839  -0.8813844556375926  -0.11583492450264056  6.154882076056056  0.7733219345349587  0.45927071082503024  -0.43708534606570915  3.0669564302564556  0.438439817923985  0.11059771941001244  0.8919297452827143  -6.777757739409721  0.0  0.0  0.0  1.0
2318808360991;1.4400202981915988;0.011371873922081778;-0.2908788664996959  -0.17614811367171462  -0.9404048740163726  6.416837903552756  0.8962742545321382  -0.3941031370451822  -0.20340889369446627  -3.135379658448234  -0.33478641801410136  -0.9020280258512166  0.27251329305603494  3.4487339271291377  0.0  0.0  0.0  1.0
2318808361022;4.853359975936401;0.009292819321073053;-0.06001472206312411  0.6105376558373545  -0.7897100758761496  -4.336189671584654  0.9981959082264014  0.03811668019435682  -0.046390165887076805  1.9948661133529146  0.0017781832738308356  -0.7910694593369084  -0.6117237518428201  2.9657326536897948  0.0  0.0  0.0  1.0
2318808361053;1.3356595994763014;0.016742908674877818;0.17526581652013615  0.9454806810205751  -0.2744962210603257  -0.8594153624124905  0.29257801484788826  0.2161960280292753  0.9314812841340581  2.910626669341559  0.9400425515832773  -0.24356838727805796  -0.23873508734906818  -4.322043365276835  0.0  0.0  0.0  1.0
2318808361084;4.199949712177371;0.02540837147883782;0.28770940890136193  0.8952899490730976  0.3401164552301444  -3.1668406499963613  -0.9246517267265788  0.35218102615350905  -0.14487135354864872  0.8803756736690727  -0.24948442895536654  -0.2728084161204541  0.9291571921922914  4.6257660108710414  0.0  0.0  0.0  1.0
2318808361115;2.9319105454862306;0.007363948686109786;-0.3612382983163816  -0.8562840230407631  -0.3691673925397685  21.710626109519534  0.06222778324856755  0.37288144434117987  -0.9257900039739062  6.503970997375745  0.9303948596275962  -0.3574032741192536  -0.08141440184257023  -6.318313217520043  0.0  0.0  0.0  1.0
2318808361146;2.1018359827685917;0.013845067975317657;-0.059395200771122494  -0.2053770253078602  -0.9768789523789799  11.759406832707388  -0.9347210551914611  0.35493674488593463  -0.017789213347995714  9.853890125822993  0.3503837312249549  0.912052731263644  -0.21305176903139536  -6.006650381149444  0.0  0.0  0.0  1.0
2318808361177;2.9797821204083887;0.022288990292627705;0.5387697664987275  0.18436558332762198  -0.8220319156767407  1.30642441173614  -0.7231715868596634  0.6017392993853454  -0.33901721421501585  17.568316841066082  0.43214580255485885  0.7771223502509111  0.4575268932802945  -11.887110243150872  0.0  0.0  0.0  1.0
2318808361208;2.047594508282059;0.010374926106821978;-0.08856243201336855  0.9466472753686113  -0.30986389217374277  -0.37432782344534576  -0.8277779080298722  0.10308119041642073  0.5515052158955709  18.407491478400694  0.5540220488514555  0.3053411276253446  0.7744845803286968  -9.944205530939588  0.0  0.0  0.0  1.0
2318808361239;2.8811770696532393;0.009114870012481536;0.9056631592589796  -0.42044558407923827  0.05476999898952645  7.198581824396749  -0.025746167870286742  -0.18347007068942744  -0.982688082761367  5.179900412406428  0.423215520510578  0.8885742760115695  -0.1769869464380795  -7.289589021959909  0.0  0.0  0.0  1.0
2318808361270;2.4139519301703216;0.0074446130906846925;0.5249141005887592  0.47935864440666265  -0.7033352522344528  3.0270357921891904  0.7134176152389649  -0.6984657959193146  0.056398920180688594  -2.218224165192103  -0.4642203068262344  -0.5313763468234223  -0.7086174459937827  5.699584605668965  0.0  0.0  0.0  1.0
2318808361301;3.633939948710988;0.016694843035174232;0.681897680009411  0.6614877640016815  0.31216901203328484  -11.413509504415492  -0.4108004745552305  0.6994581988806803  -0.5848086850618687  5.647054720843677  -0.6051929643535022  0.2705405073083318  0.7486984104446666  -2.00279857189087  0.0  0.0  0.0  1.0
2318808361332;6.355512347551134;0.015183124027159049;0.3307395654059647  -0.5465616773999662  -0.7693384643138597  -5.1834704192218695  0.9341892558309091  0.3051932439086478  0.1847904709735015  -2.3465415186410525  0.13379751180483754  -0.7798252475203986  0.6115315275311508  7.046194520192259  0.0  0.0  0.0  1.0
2318808361363;3.0049062450558113;0.004051071736934385;-0.9923590197351632  0.11364576091170742  0.04804390676313686  9.823425647656865  0.08156752280240434  0.31209883081891726  0.9465416308992143  -4.8818739447074115  0.09257599674940159  0.9432279474380854  -0.31898389300651375  4.105250514637682  0.0  0.0  0.0  1.0
2318808361394;4.888364505047668;0.009601515910284535;-0.30191226158174983  -0.8688091733841861  0.3924533176698617  14.778404276160682  -0.7591244602805127  0.46811738286023014  0.45232308106917224  2.2481364301423863  -0.5766966621287256  -0.16135902859021128  -0.8008646725770903  -0.07769821231386853  0.0  0.0  0.0  1.0
2318808361425;1.9513800093892786;0.01592950964419488;0.3791856492913801  -0.012039001635552118  -0.9252422957318228  7.95155932979963  0.6009850881834805  0.7635112802907728  0.236362959555509  -4.437858425219963  0.7035873557367055  -0.6456822649789636  0.29674778101793303  -3.8426686556304865  0.0  0.0  0.0  1.0
2318808361456;2.9799420916800283;0.006271250401454643;-0.9286755731523666  0.30752551896954855  -0.20733966097357026  11.54481049600064  -0.33585560908512646  -0.4600857929335869  0.8219014983480272  11.403658002570467  0.15736165249572032  0.832916033176924  0.5305546079345967  -0.7426268141601451  0.0  0.0  0.0  1.0
2318808361487;3.3327799764990607;0.014702929321098039;-0.8105291233185113  0.06197487117216796  -0.5824102124754664  12.021286056056127  -0.24433442714889825  -0.9395057414374821  0.2400617618777015  15.390216999445109  -0.5322999417267901  0.33687991502789216  0.7766393596055096  -0.05179395133212883  0.0  0.0  0.0  1.0
2318808361518;4.4213036334582645;0.01785913071010224;-0.9105395647429341  -0.33377112059586916  0.24395602081917486  9.327142199851963  0.26111249415815596  -0.006789957475414998  0.9652844978927142  -0.6123266627420589  -0.3205276375482384  0.9426296916253273  0.09333433470103708  -3.5793743691883995  0.0  0.0  0.0  1.0
2318808361549;2.6879622013693756;0.012465328985001987;-0.8038153096310864  -0.09332408448148463  0.5875130324157689  2.999485200264278  0.5542407655495525  0.2412775674799153  0.7966193000637259  -6.09438936514447  -0.21609748218275382  0.9659584621952784  -0.1422185905836748  3.492755869186962  0.0  0.0  0.0  1.0
2318808361580;1.329810775815828;0.014602941461099589;0.41803529369614023  -0.8473738055410632  -0.3274204130887954  6.646939470657614  0.5438565034022756  0.5221435615243681  -0.6569522089662976  1.2003782450641984  0.7276445539763431  0.09655948861455349  0.679124192049631  -4.945570810793443  0.0  0.0  0.0  1.0
2318808361611;3.0580385862811856;0.011520655059823916;-0.7583795147890773  0.6511437807989746  -0.02953452683049107  7.7759426911287495  -0.3819508672781015  -0.48065721452649174  -0.7893555454350976  27.63381784548135  -0.5281799376479476  -0.5873503374055824  0.6132255169313805  9.962375567793668  0.0  0.0  0.0  1.0
2318808361642;5.3800009482235644;0.010433336010429044;-0.02436665498159074  0.983952432539767  0.1767593749255842  4.45324547881666  -0.8785845910027796  -0.10543521193818328  0.46580310490166155  7.378705734643309  0.4769647603099064  -0.14394799957840904  0.8670545489413499  4.889627368733853  0.0  0.0  0.0  1.0
2318808361673;3.504208192072817;0.011707434706072863;0.5217280860501907  -0.7740507668292408  -0.3586714577401849  4.180282709347368  -0.3288467583830714  -0.5704088521438029  0.7526576584988258  13.057481484580816  -0.7871846122272403  -0.27473469341722  -0.5521424041907993  3.433346778455698  0.0  0.0  0.0  1.0
2318808361704;2.519718137010217;0.00903978010915273;0.7329587281876495  0.5671017830172924  -0.3757220654581678  -2.174330956396699  0.039453178662125055  0.5159440642087748  0.8557132517971118  0.6267270706797206  0.6791280803110695  -0.6420259265063522  0.35579173715343904  3.687984844597093  0.0  0.0  0.0  1.0
2318808361735;5.251465982301738;0.0038365977078782766;-0.6012282490371891  0.3859573020716555  0.699686753867218  1.36811342652768  0.48181410893675436  0.8736389829322755  -0.0678976577691843  -0.9135620642296054  -0.6374792208293206  0.2962969599550906  -0.7112161095842907  10.952879986613356  0.0  0.0  0.0  1.0
2318808361766;5.291135375928377;0.020124807642840737;-0.9191465587421562  -0.20444259000664058  -0.3367088221948314  23.25124176833009  0.21726864427637466  -0.9761117538825785  -0.0004244367836666041  10.594237108395186  -0.32857866602498687  -0.07354638892327625  0.9416087238920352  5.0640080429306344  0.0  0.0  0.0  1.0
2318808361797;3.384830345230238;0.016537060763573433;-0.6252532534461099  0.7795492585895025  -0.036896103962479554  6.790118949351957  -0.7735933280719149  -0.6128489031141685  0.16115081357032565  17.211149048707863  0.10301326039725095  0.12930265033755595  0.9862398758912614  -6.932383362809218  0.0  0.0  0.0  1.0
2318808361828;1.4149627962549474;0.00915779442149923;0.49172316948436323  0.4428632078654555  -0.7497202836467555  3.6012274682195837  0.1272176041005343  0.8152264530987113  0.5649969127128172  -2.7675568730149003  0.8614081528515809  -0.37319969089913974  0.3445257391162736  -3.292751388279788  0.0  0.0  0.0  1.0
2318808361859;2.242344127922003;0.02912476085345178;0.4265174593730748  0.4903577901834969  0.7600211144805747  4.234255791804431  0.5581724767457279  0.5184957019301171  -0.6477697841699123  -3.852600136867973  -0.7117066411475148  0.700507990451467  -0.05255675275519228  4.103940686139861  0.0  0.0  0.0  1.0
2318808361890;3.1043376176245805;0.012381409360613334;0.7141265573249367  0.44002345645262053  0.5444287078164802  1.2620163276554965  -0.6964044717417888  0.525483397652252  0.4887617113992111  -4.37932866051418  -0.07102162953125007  -0.7281803049817634  0.6816959524416967  -2.109559477066629  0.0  0.0  0.0  1.0
2318808361921;2.582712583147148;0.00665263539159052;0.684785727146033  0.7040371925824298  0.18814924756089282  -10.076947569199538  -0.5879235178083513  0.38117469446563274  0.7134786538551001  10.55590278936435  0.43059777647467357  -0.5991973662823314  0.6749430132502927  6.5887633488654025  0.0  0.0  0.0  1.0
2318808361952;1.429597864979908;0.00955949679454765;0.7416867460710237  0.6274044006094182  -0.23720136761518315  -2.6695536007781513  -0.5106019328935905  0.7574432940109326  0.40689718908244854  3.6496577083423904  0.43495567225627324  -0.18067477536669183  0.8821395517253996  -3.081964908708286  0.0  0.0  0.0  1.0
2318808361983;3.430782124719056;0.012950919111203335;-0.6453865661550858  0.2109903502773775  -0.7341384422003638  4.142871185866159  0.7585405008561391  0.29021327644046035  -0.5834317121468557  -1.2572069077803132  0.08995826136306842  -0.9334127309328509  -0.3473444759097389  3.60013241129822  0.0  0.0  0.0  1.0
2318808362014;3.6985124006147214;0.005915366158355052;0.4624174224919251  0.14092123607364576  -0.8753921022030077  9.497271872384223  0.6538111334786543  0.6126939165378106  0.44400131348557564  -5.337317300191806  0.5989166295197376  -0.7776550455446392  0.1911844685733736  1.6363449397286585  0.0  0.0  0.0  1.0
2318808362045;2.2111434334810025;0.04595718589015466;0.1348157026517997  0.990860923108258  -0.004399701757218254  -3.8484198943211094  -0.9901524588368724  0.13454762246665547  -0.038665818856797596  17.425368807024455  -0.03772047955418645  0.009569135050844696  0.9992425116439858  3.615431411197921  0.0  0.0  0.0  1.0
2318808362076;1.35138127439203;0.030306198462969777;0.9135424155577407  0.03388122405068712  -0.40532988741734194  0.6048290562373193  -0.3769661545824046  -0.3037464781473814  -0.8750054830184876  1.5007357679700712  -0.15276378260662132  0.9521502715800113  -0.264713216620983  2.1810624763604376  0.0  0.0  0.0  1.0
2318808362107;2.3703459450599085;0.00523814275732718;-0.7993317087327481  0.567666159548478  0.1970379423305745  9.400101095515735  -0.42020699077299917  -0.2936752263852309  -0.8585924215325241  5.629294741147348  -0.4295287002283844  -0.7690968682234152  0.4732812091865145  8.764301441607774  0.0  0.0  0.0  1.0
2318808362138;3.4849647346435484;0.007180522155040502;0.6708370087727449  0.5506490182096396  -0.4967528222422059  0.32234027427037404  -0.7405748800672197  0.46212146243162444  -0.48784485338422945  4.759413962719213  -0.03907114887304647  0.695147043944529  0.7178050101670534  -7.2462124971649615  0.0  0.0  0.0  1.0
2318808362169;3.48714335094723;0.009356603021527653;0.4585562573964722  -0.6284505788737313  -0.6283120472470772  3.6301025386514025  0.008231682911147509  -0.7039946665737397  0.7101575521193736  -3.5186142730511625  -0.8886272549269414  -0.33081925480389146  -0.31764795364051546  3.7157856159003613  0.0  0.0  0.0  1.0
2318808362200;1.6972551672156184;0.009119458680783427;0.683791890257732  -0.10823438285180681  0.7216051338415257  -0.09185875867236071  0.7104690943510517  0.32417297757272523  -0.6246163194983221  -0.2051185782470224  -0.1663199230091047  0.9397857197150433  0.29856403706729917  -0.8091819908076161  0.0  0.0  0.0  1.0
2318808362231;2.3843011935207;0.01608251625485661;-0.2152877354953379  -0.9764955095965495  -0.010378375743093082  9.491327529847391  -0.9719400773737777  0.215290692516412  -0.0947755438415364  11.548637191279015  0.0947822606817573  -0.01031685289122708  -0.995444566817498  -1.224327107069512  0.0  0.0  0.0  1.0
2318808362262;5.232306399155367;0.015742050168610265;0.7264733693592516  -0.6796602813925192  0.10148076423272724  11.850859397147957  0.1788067540240904  0.3295419231608703  0.9270546184528735  -2.670341002949801  -0.6635243690530023  -0.6553350461991766  0.36093128001870123  18.756490928707397  0.0  0.0  0.0  1.0
2318808362293;3.4552109610591604;0.014196459599648843;0.6040466975143106  0.740697991300713  0.29409874686088633  -1.8518343807977908  0.6816932044105717  -0.6713784648788521  0.2907667999572185  16.089728013948786  0.4128219498555034  0.024848391899768757  -0.9104727316825555  -4.304687761684984  0.0  0.0  0.0  1.0
2318808362324;3.901348001708932;0.004590570687156929;0.5385248141928807  0.8389519149532687  -0.07842645532449632  -4.702090273266849  -0.7625024041439914  0.4456021656199235  -0.4690722691328777  18.09065699917626  -0.35858208010601333  0.312407417311236  0.879670675557488  -5.025281984627647  0.0  0.0  0.0  1.0
2318808362355;2.04977221751585;0.04655167083604291;-0.4650736019338113  -0.693655735099268  -0.5500438763846067  5.670990289691255  -0.8846665362850357  0.34118368979249286  0.3177401601891354  3.8851205204463177  -0.03273628509388793  0.634377971704152  -0.7723295440773829  2.121934803282665  0.0  0.0  0.0  1.0
2318808362386;3.0729207631497046;0.01212325858583586;0.8785026531215356  0.3528342491193533  0.32208862306329006  -4.43050821382831  -0.47772754545436985  0.6444616535541327  0.597030626862992  -4.41518851533208  0.0030790863201188637  -0.678363597008755  0.7347199122664207  -0.6771726539068408  0.0  0.0  0.0  1.0
2318808362417;1.4050409535936035;0.014064493236080196;0.14398696081542448  0.9388930914907277  -0.3126459944827736  0.5280711877112401  -0.852523572998142  -0.04272833132456437  -0.5209393891660533  10.611832378390599  -0.5024652352129646  0.3415465597150749  0.7942761704528076  -0.014638739808241041  0.0  0.0  0.0  1.0
2318808362448;2.5537408364538483;0.010343697991026794;-0.024155763780674785  0.9876228141629162  -0.1549763724607494  1.8886932663723925  -0.9541264363675532  0.023500606326668796  0.29848025885614493  21.06255503247083  0.29842795194271754  0.15507707260326933  0.9417493610574281  -4.088473902710607  0.0  0.0  0.0  1.0
2318808362479;3.2775968567417544;0.005516044599495137;0.29250837747617475  0.9562378174180158  0.006934381434945597  2.240367689593185  -0.9511222700569042  0.2916791593485653  -0.1014381358440481  12.259625675927591  -0.09902159617001206  0.023076059918104463  0.994817681261546  5.985175061776894  0.0  0.0  0.0  1.0
2318808362510;1.7896114733317854;0.007480780195408991;-0.9366259290613882  0.3480414046059235  0.0399881193584692  10.930062285542645  -0.3498750035936361  -0.9351154571724473  -0.05609423871948371  25.21396587710639  0.017870390881132098  -0.06653016185987493  0.9976243715410402  1.7738247894046513  0.0  0.0  0.0  1.0
2318808362541;4.507281674743628;4.507281674743628;1.0  0.0  0.0  0.0  0.0  1.0  0.0  0.0  0.0  0.0  1.0  0.0  0.0  0.0  0.0  1.0
2318808362572;1.6524012560965744;0.011869556663966269;-0.10232256235118334  0.8241140156553672  0.5571051807641656  1.5238513921823813  -0.933449132294918  -0.27310925610695547  0.23255978080177672  7.692241130487921  0.34380635632831635  -0.4962332349098462  0.7972137517122724  1.2209978282188194  0.0  0.0  0.0  1.0
2318808362603;2.7922284303351215;0.007964982428696345;0.9971364246312768  0.013277843054526051  0.07444897284297594  0.3308515767956326  -0.06702133698628578  -0.30085703849584905  0.9513112964619302  5.942295217933806  0.03502985957901489  -0.9535768145625854  -0.2991056128970968  0.07254082325746847  0.0  0.0  0.0  1.0
2318808362634;4.154034979657225;0.013707434338180991;-0.7984039522928308  -0.1498128897876298  -0.5831871286445434  16.691325809561548  -0.1963745465376734  0.9803816301744277  0.016996961159432847  3.139937353064969  0.5691995840083777  0.128093548900839  -0.8121600065840959  3.4100074140801735  0.0  0.0  0.0  1.0
2318808362665;2.2058351322628655;0.011391760710966568;-0.6603734565543659  0.14109052575120312  0.7375638015939288  11.478623102279938  0.7082015384171765  0.4436290078036209  0.5492211616632405  1.2355810945322325  -0.2497147950402277  0.8850348959099994  -0.39288134870415115  -4.281181824972789  0.0  0.0  0.0  1.0
2318808362696;1.9478287065829136;0.009124155000195162;0.5032891164175275  0.8296234177979673  0.24171274260345427  -0.8517493972805728  -0.5327216169001642  0.5181299911609939  -0.6691404868536821  2.1498037043253504  -0.6803732388791748  0.20800552132269856  0.7027275139884119  0.750842474890332  0.0  0.0  0.0  1.0
2318808362727;4.3430344902627;0.007486246151771748;-0.12282461657346391  0.9924282283044552  -0.0005702877013769592  1.1255387503270784  -0.975377840679767  -0.12060833047434089  0.18463937427067761  -4.8954348581149345  0.18317254563513852  0.023234506335895466  0.982806174299323  -3.820181468719229  0.0  0.0  0.0  1.0
2318808362758;1.6605101549061114;0.014919549974628446;-0.005130591532212345  -0.9731581475902789  0.23008019647328481  3.0943030841607206  0.9957569952061747  -0.026111833832899466  -0.08823932588053593  -4.274628776882222  0.09187863477706855  0.22865124515851387  0.9691630020584582  2.4158039240372986  0.0  0.0  0.0  1.0
2318808362789;3.2529369529640206;0.012213740100316402;0.628999996678805  -0.20572042912969968  -0.7496920095724349  -2.6618144088684597  0.34169001977036884  0.9393678552284938  0.028913023929457993  0.6673973370028211  0.698288575423792  -0.27434856952809583  0.6611549953153941  2.9850940416924914  0.0  0.0  0.0  1.0
2318808362820;2.400344764826293;0.013957328101350891;-0.7106907744089261  0.42506129717582086  -0.5605724902394422  11.96583876251957  -0.5476379290792357  -0.834447630328642  0.061561764697905474  17.620308496999137  -0.441600862548804  0.35074213588065223  0.825813921119056  -1.0206119478613127  0.0  0.0  0.0  1.0
2318808362851;2.213741788563696;0.01568604471296782;0.6737107083066467  0.4101259124540165  0.6147443512930535  -4.193198500467592  -0.24763620911255158  0.9090607839762641  -0.3350892403119281  1.3728650644330633  -0.696268762367896  0.07352024870891874  0.7140060108853836  5.587569672783291  0.0  0.0  0.0  1.0
2318808362882;2.8118491113323465;0.009398414981672031;0.018482485801362858  -0.3182485815105195  -0.9478271140272063  15.434876491537839  0.31588129619490574  0.9012924131595631  -0.296464150775834  0.40439117332690344  0.9486186823127761  -0.2939214628902631  0.11718689866883125  -4.956843275200081  0.0  0.0  0.0  1.0
2318808362913;3.693761787700806;0.021498479216092218;0.053185807035739635  -0.9270217422397117  0.37121686295857537  8.852432681312523  0.9913956292551425  0.0044925189553773615  -0.13082248876716607  -6.158491831907421  0.11960759266767629  0.3749806750864426  0.9192842417272029  6.817759107258698  0.0  0.0  0.0  1.0
2318808362944;2.216755272952035;0.024252326252675364;-0.4926893479294946  -0.8512191047244886  0.18078507180862396  12.611173194271256  -0.23920015813677642  -0.06727262479078291  -0.9686370209222332  3.610162820201853  0.8366842240559759  -0.5204809599839346  -0.1704672388174664  -2.027939569701655  0.0  0.0  0.0  1.0
2318808362975;4.0877051608656085;0.020634425175109054;-0.7883830688606013  0.6003504361080902  -0.1342813858982952  5.549914500214985  -0.5484439333376084  -0.7847838591361785  -0.28865818267373  25.981700448338035  -0.27867793008976155  -0.15392741245195285  0.9479688618181152  -0.11619502536416082  0.0  0.0  0.0  1.0
2318808363006;1.8159881834797982;0.007732380940043481;-0.9474169253148735  0.21092818866776628  0.24064594085969407  10.979206133031711  0.08955214641775064  -0.547204905693232  0.8321942106607303  7.845920507759399  0.30721585684805763  0.8099852408597313  0.49954211723389047  -4.320137850966086  0.0  0.0  0.0  1.0
2318808363037;2.514235334584633;0.012571436335549819;-0.6188722137680146  -0.6975135932382553  0.3612090395792103  9.638507293154955  -0.585617686699311  0.7161888101944922  0.3796386613309368  4.4441021779197225  -0.5234969990848328  0.023417416596545775  -0.8517056513544564  6.655715904236954  0.0  0.0  0.0  1.0
2318808363068;1.8909816795339536;0.005842185582954568;-0.2654650007757674  0.8977699700478856  -0.35147889587191583  5.057119541889934  0.3996975119240709  -0.22927428947066564  -0.8875106755129369  -0.01627219374615585  -0.8773655066873957  -0.3760882623373677  -0.29797212387609395  4.9322708674812095  0.0  0.0  0.0  1.0
2318808363099;3.0749693121327226;0.005913563374108294;-0.5005012756859369  0.7925541283315434  0.34836249324715995  8.07346495181675  0.19476516661414492  -0.28899383720597915  0.9373094963408448  -5.247816215787725  0.8435431245114352  0.5369734776705379  -0.009720152668254878  -9.0775089191165  0.0  0.0  0.0  1.0
