# registration_from_features.py TEASER TEASER_config.json euclidean True --input_txt=/benchmark//planetary/box_met_global.txt --input_pcd_dir=/benchmark//planetary/box_met/ --input_features_dir=/i7g4/neural_comparison/features/3DSmoothNet/planetary/box_met/ --output_dir=/root/neural_registration_comparison/results/3DSmoothNet/TEASER/
id;initial_error;final_error;transformation
7680147070030;7.545142590457825;5.785314780059921;-0.9412917998552573  0.3309731400444595  0.0665321583473803  -138.23418919800196  0.22669321830920908  0.4736419627565732  0.8510425817129916  16.62119706759259  0.2501598135150078  0.816161792590912  -0.5208646619006946  16.270830030487893  0.0  0.0  0.0  1.0
7680147070061;10.640926713711309;13.269250454817897;0.7496453883263037  -0.6580858232483189  0.07039063148379034  -0.9300622343127287  0.6562395845630323  0.7528927225066832  0.05002155584358722  89.53997414525969  -0.08591507093428441  0.008694690107000136  0.9962645245868684  2.7055052861588806  0.0  0.0  0.0  1.0
7680147070092;9.025949366333345;4.813373265866439;-0.49745001242695813  0.6369054646222818  0.5889778555011177  -126.11088980847654  -0.5577152014950768  0.2852296505587823  -0.7794855999076707  -66.37269533348136  -0.6644525860870177  -0.7162370247176494  0.2133243663201279  -43.3366269417344  0.0  0.0  0.0  1.0
7680147070123;4.786994884202932;10.84131751649735;0.7412907923026204  0.35472450306887987  -0.5697881081330921  -12.678467536473525  -0.6645312789047857  0.26866274100951437  -0.697293704941056  0.5528812853413578  -0.0942663280526123  0.8955394232058081  0.4348827438283643  -33.752569476075124  0.0  0.0  0.0  1.0
7680147070154;3.7582018651582403;0.14900621196560818;0.7953042189995929  0.054009337504003226  0.6037997935606026  -12.680222255348285  0.20668053726194552  0.9121894703837929  -0.3538269713264504  16.935026681914486  -0.5698897742182794  0.40619374882353115  0.7143054554307455  -30.09276757309265  0.0  0.0  0.0  1.0
7680147070185;16.676848449888578;13.427947844595849;-0.9587315793949968  -0.28393324348017146  0.014685772625375466  -166.78958056387515  0.2702757158185053  -0.8941507216531281  0.3569951321880797  48.83587686153146  -0.08823149159778082  0.3462317146276745  0.9339907942139536  -2.4097026395452317  0.0  0.0  0.0  1.0
7680147070216;7.156480767462807;10.097505463551862;0.9946523441319459  0.07217632309399591  0.07387349116872952  -6.314158098770093  -0.09123642732306787  0.2788455292767203  0.9559921993048416  21.386296203001766  0.0484007091079024  -0.9576198354185326  0.2839394692022147  9.784348223816197  0.0  0.0  0.0  1.0
7680147070247;4.543534224825502;6.777299242866235;0.38748293046035986  -0.39830651741555423  0.831389738201131  -57.03019386436567  -0.9206993806725677  -0.2127693201232831  0.32717253375463323  -85.83353138530538  0.046579276840698375  -0.8922337892046958  -0.44916504357577597  4.577020364573461  0.0  0.0  0.0  1.0
7680147070278;7.860980928997323;10.962138798279423;-0.4446638370259715  0.05332134286275676  0.894109001429162  -118.13151127105752  0.6242632710748688  -0.6973912387284797  0.3520523093684548  76.65865837653892  0.6423156859584283  0.714704340647284  0.27681810820769165  24.386515550906243  0.0  0.0  0.0  1.0
7680147070309;12.21597775439826;10.24397162522295;0.9969252269423988  -0.05403693956321268  -0.056745934202277956  -8.345280580668131  0.07379844769198882  0.8909248508580428  0.4481146050307082  -0.7774314546373549  0.02634162113652749  -0.4509245161734017  0.8921733013880679  0.4169840065959607  0.0  0.0  0.0  1.0
7680147070340;9.621421568796105;9.741896939173447;0.13011038482592346  -0.5846283193274613  -0.8008002347656986  30.874854155502966  0.930801990570745  -0.20622833743945698  0.3017905352831609  27.058232485987958  -0.34158299446838625  -0.784652535251946  0.5173407550277719  30.310449351293396  0.0  0.0  0.0  1.0
7680147070371;4.530868269138677;8.467670301978117;-0.27603881759944227  0.3609949417431141  0.8907778753506331  -48.07344721991717  0.8227182426801561  -0.3904184610580598  0.41316838991666854  27.930794305322404  0.4969278260870262  0.8469097220488986  -0.1892264737278595  32.0039294100732  0.0  0.0  0.0  1.0
7680147070402;11.153679177023038;16.485532877977857;0.5838982190110651  -0.5970605120717483  0.5500741902328523  -3.635973384538787  0.1820460643572134  0.7566165513048854  0.6280052744552  3.409500919294524  -0.7911523875257886  -0.26655231984757444  0.5504795731869808  -4.700317279856125  0.0  0.0  0.0  1.0
7680147070433;6.5184452824883925;10.082092946069475;0.9381349725498456  -0.10157524679413169  -0.33103661809173485  -7.944805488985383  -0.32036982687575777  0.1081688167542813  -0.9410965312387338  5.799668827379214  0.13139995169899743  0.9889297125279892  0.06893530570622856  4.095175845089469  0.0  0.0  0.0  1.0
7680147070464;13.779157588035384;13.352267217910217;-0.25996008811747157  -0.672470685381704  -0.6929674811188609  -94.61046019828824  -0.848430704024928  0.5017325039793549  -0.1686114910626592  -45.18366786732063  0.46107059443616927  0.5441026297977882  -0.7009752029803972  -12.46003535177612  0.0  0.0  0.0  1.0
7680147070495;6.966857986828599;13.07873293137344;0.8899827205842255  -0.44346711845032455  -0.10614929069412851  -19.612762294745647  0.4499629102011424  0.8918210602857743  0.04678221749848396  58.521915008162736  0.07391979778665142  -0.08939860896078085  0.9932490887038647  7.214196464619859  0.0  0.0  0.0  1.0
7680147070526;7.628096793483198;9.160721321507182;-0.46157319166042365  0.02008306511433597  0.8868747708870869  -49.01218437379588  -0.21863800175873904  0.9663283453188378  -0.13567222715170074  -0.03345402209128068  -0.8597369440284367  -0.2565271906230807  -0.44164033731496305  -33.2098793292593  0.0  0.0  0.0  1.0
7680147070557;12.205672054688245;10.174884695759888;-0.6544194198333585  -0.6152928653493959  0.439488239655058  -117.70068780378014  -0.3629880278097014  0.7655218785286193  0.5312400071162166  -37.646148263553826  -0.663306048978746  0.18812480789131664  -0.724316327334999  -102.31443641388664  0.0  0.0  0.0  1.0
7680147070588;13.972588475444184;8.143630467993283;0.5669166823591734  -0.8154623840907145  0.11673292335907669  -15.72298156638932  0.056145406123506894  -0.10312633170267814  -0.9930823999451287  19.853934349234795  0.8218595796327345  0.5695489968761575  -0.012679571099537532  83.8352274403349  0.0  0.0  0.0  1.0
7680147070619;9.983295395716265;7.171747633824827;-0.28950790985934005  0.07738206855607263  -0.9540425491532651  -10.083399286752703  -0.7079513063784959  -0.6881268745817626  0.1590168301637182  4.859131685217836  -0.644197266313555  0.7214522991468796  0.2540009097027481  15.505051972385374  0.0  0.0  0.0  1.0
7680147070650;4.983189947689928;9.021900322650083;-0.5699980194722001  -0.8213901005821225  0.020507570881527278  10.848728270168916  -0.8216120814987296  0.5700238871241622  -0.005133774750207709  -8.734210242098952  -0.007472973510923391  -0.019775509438489138  -0.9997765169743453  -6.7466673968087125  0.0  0.0  0.0  1.0
7680147070681;5.274194441851744;8.955534490041668;0.8856419983072451  -0.43808761521616807  -0.15400484482171423  -6.352903107134043  -0.46436279138903425  -0.8338412536103115  -0.29845596283366177  21.46430602438104  0.002334268136644446  0.33583925495956335  -0.9419164219932  -19.96522051384543  0.0  0.0  0.0  1.0
7680147070712;11.641878817863354;15.230744041727506;0.31937019696509095  -0.893888565479819  -0.314588476894674  21.57160534995949  -0.8387018125343138  -0.42116050287759  0.3452580201350185  17.846447886890548  -0.4411144374673501  0.15358080387967388  -0.884212072829554  -32.49708841410852  0.0  0.0  0.0  1.0
7680147070743;6.384964124188179;0.06875631916727036;0.3592794225908846  -0.9329916902876434  -0.02109033800032148  -61.57745994605448  0.8486198167355423  0.33602504230286895  -0.40857260993499067  81.85818036338043  0.3882817316672206  0.12889405261517078  0.9124821204023353  30.589905524698192  0.0  0.0  0.0  1.0
7680147070774;9.308681426379255;12.079846673111867;-0.24540761634080546  0.9555022854838997  0.1636779895922739  -107.94524645546471  0.9692627429966691  0.24488601880711916  0.023676419310630664  111.10378017429967  -0.017459578474222172  0.16445735078689486  -0.9862296603183552  -7.013156988404342  0.0  0.0  0.0  1.0
7680147070805;5.341016645242467;8.019073778970556;0.446789854543473  0.8625557338224376  0.2374372168112192  -65.94965068858082  0.8893658542476677  -0.45700115420004706  -0.013353739481563542  98.26286184821936  0.09699073757498053  0.21713486848007796  -0.9713110962584548  -14.702290521328933  0.0  0.0  0.0  1.0
7680147070836;8.834749328032757;7.3609740898668905;-0.7939019320239712  0.510835628996177  0.3297979418927386  -143.59826481987056  0.5254269143025129  0.8493254718187055  -0.05072278232186589  16.66612338023339  -0.30601679701471496  0.13301580006906052  -0.9426879212532864  -37.66567019717463  0.0  0.0  0.0  1.0
7680147070867;6.947504153427572;6.214431913501033;0.24375581922433462  0.1564799127813864  0.9571296346316966  -47.15199076418319  0.9256673278101406  0.2569015941692843  -0.27774371124854424  50.479041299217336  -0.28934944067529794  0.9536852771272143  -0.08222708417353856  -26.62673816415018  0.0  0.0  0.0  1.0
7680147070898;5.179162056037483;11.286421227616458;0.16558032868710398  0.2670561961200066  -0.9493493260469424  -79.49300801173268  -0.9806875561059343  -0.05701730352493481  -0.1870853933307371  -58.00559062262945  -0.10409165216693282  0.9619927313720508  0.25245774445736513  -21.39520599681458  0.0  0.0  0.0  1.0
7680147070929;8.17206455727507;7.4660539034350535;0.4854271088306327  -0.8706265853627397  -0.07981147080431508  4.827327564441704  0.7578908316699858  0.46455789303769013  -0.45802560112613705  75.33855085891152  0.4358463138342568  0.16184966134038622  0.8853489017563031  38.45928787376776  0.0  0.0  0.0  1.0
7680147070960;5.592350273903463;9.999259174752408;-0.08480220332368772  -0.5683902648591881  -0.8183771093601959  -65.78930204166737  0.9714582036432499  0.13544783305774596  -0.1947378830484498  58.97848617401142  0.22153452301092635  -0.8115333581149105  0.5406811109897016  16.625109114006516  0.0  0.0  0.0  1.0
7680147070991;17.11154694703765;19.02611660124828;0.2539453521400403  -0.9454162131378386  -0.2042056367061892  -43.068084376153045  -0.9625082068485789  -0.267823283460273  0.042995820560746946  -86.20375602846406  -0.09533996997904258  0.18563101242159766  -0.977983342062495  -2.530329004862162  0.0  0.0  0.0  1.0
7680147071022;5.46570017122073;8.289967177904979;0.04893190861391736  -0.12213843659484512  -0.9913061437444877  -36.744618797944774  -0.6377664879181929  -0.7676407432875424  0.06309989012227497  -28.7390175541119  -0.7686739069383668  0.6291342396906376  -0.11545792844577873  -38.902196129424354  0.0  0.0  0.0  1.0
7680147071053;12.38045077372445;8.551629649472876;-0.5854444695063744  -0.7104059573730335  0.39061253033320004  -116.39607853281079  0.7008835719611778  -0.6856633916782631  -0.19653989891928472  67.94325343371126  0.40745182743404357  0.15871070865308992  0.8993297055471332  33.64597249863701  0.0  0.0  0.0  1.0
7680147071084;11.24151187209145;0.21129486914493148;0.744828288039871  -0.4212813545490941  0.517448395151512  6.33647315965929  0.597168510272751  0.7668408798218789  -0.2352548307105086  50.415409475243294  -0.2976921088544636  0.4842283400868719  0.8227407386184875  -29.20317831372143  0.0  0.0  0.0  1.0
7680147071115;12.186276135943615;7.0309297863078015;-0.5649537145964112  0.2656814995809361  -0.7811790071066567  -159.393837538858  -0.8156141076894116  -0.03649929239351776  0.5774438751885573  -42.37594368794656  0.12490367369185942  0.963369681085718  0.2373139900281485  -7.223357257331325  0.0  0.0  0.0  1.0
7680147071146;10.370233813456165;9.497495996098955;0.48805723124063555  -0.8571027471833101  -0.1648484752872985  29.796006620841887  0.8595943696295479  0.4392708039322718  0.261033868518773  44.718490540360065  -0.1513197235488665  -0.26910228832828187  0.9511499880048239  -4.7365384424259345  0.0  0.0  0.0  1.0
7680147071177;13.127472395246876;17.0530902281637;0.15505780455432228  -0.9269721663418654  -0.3415840746789339  3.9682693600994674  -0.7376128436727469  0.12138000205866761  -0.6642245011660156  -10.839669691520724  0.6571791004709426  0.3549499935592446  -0.6649256589848936  12.213107390025279  0.0  0.0  0.0  1.0
7680147071208;5.015205060735113;11.671217481544783;-0.6548911435478038  -0.6682422077723406  0.3529446725114269  -57.429801269466296  0.6827008042607777  -0.7234148751379545  -0.10291030216079211  47.27297683984742  0.3240944337139064  0.17356056631817676  0.929967487525761  13.05970085612726  0.0  0.0  0.0  1.0
7680147071239;9.39637988401389;11.840286230907136;-0.23719955826084513  0.8779438612219596  -0.41587371412910445  -134.67213360248812  0.25491907074928577  -0.3568381859025935  -0.8987117315636124  77.1789909669865  -0.9374180694488344  -0.31918816648557335  -0.1391627732060454  -96.7874148162719  0.0  0.0  0.0  1.0
7680147071270;4.313719660974628;8.374503303441312;0.05409801556343685  0.9704114643911675  0.23531892080809996  -63.75675967213938  0.837917926196315  -0.1722964297042509  0.5178875256945614  80.09937898797878  0.54310860209627  0.16916125469314397  -0.8224460567354412  -0.8931013631741203  0.0  0.0  0.0  1.0
7680147071301;6.640988931646057;8.809765469411037;0.1450686475001272  0.9870328129735317  -0.06871181576731172  -95.57903212205642  -0.9735762560064625  0.13002195533920538  -0.18773269526166372  -64.84834642105328  -0.1763642856502497  0.09413032053130814  0.9798138198166786  -32.8137910441993  0.0  0.0  0.0  1.0
7680147071332;4.276455914839723;7.195312825946532;-0.123743403385778  0.7893598383263043  0.6013307041520283  -15.97455962407014  0.829666264337584  0.4147387818506786  -0.373691895348472  6.247637289423515  -0.5443725378255432  0.4526618919972001  -0.7062264166645791  -21.248158778683422  0.0  0.0  0.0  1.0
7680147071363;8.047719219794603;0.15068379442435667;0.8109254094428486  -0.5226572861899555  0.26311469269597676  -15.727740887570414  0.17262804682887506  -0.21595507707072376  -0.9610218322886458  21.13457017511671  0.5591060165728813  0.8247379983242726  -0.08489815281898572  33.87224753481008  0.0  0.0  0.0  1.0
7680147071394;5.638151908042061;9.678197973894807;0.7358107657951571  0.6333340693280224  0.23973000139396927  -31.809475088802575  -0.671246375789152  0.7289131452867426  0.1345879995323387  -57.59016482701231  -0.08950318390913936  -0.2599491936063585  0.961465338331825  -18.548546754362242  0.0  0.0  0.0  1.0
7680147071425;4.625670294189547;6.928624152049909;-0.40133099325997434  0.6914169557077168  -0.600729579102641  -88.33194404415143  -0.7883135916250592  0.0732020684600623  0.6109035426582239  -31.82277474776325  0.46636371547126415  0.7187378176588751  0.5156751248206533  2.47357961316002  0.0  0.0  0.0  1.0
7680147071456;10.740948031687811;8.54751278821044;-0.3662243682281522  -0.01734916478635909  -0.9303648309115661  -118.75561742736465  -0.343105023625806  -0.9268607469740934  0.15234204436517396  42.904215268978554  -0.8649616493687022  0.3750042162427529  0.3334864059021488  -72.52929898868311  0.0  0.0  0.0  1.0
7680147071487;5.184678901374177;10.876707695315531;-0.20097290220611408  0.9157857064822237  0.34777353605716854  -31.760480251964754  -0.23680529984666024  -0.38990581620357895  0.8898857816906365  45.72306609954855  0.9505436037044203  0.09648831169357261  0.2952234122882853  5.131982695602388  0.0  0.0  0.0  1.0
7680147071518;11.14494275938262;6.316453387736317;-0.945872959573179  -0.10622981594408298  0.30665872000118083  -199.91035900505574  0.22649828774561043  -0.8928103351568216  0.38934333317198516  116.75941048234655  0.23242820396110042  0.4377270058399996  0.8685460254711703  -12.700102005147228  0.0  0.0  0.0  1.0
7680147071549;4.676713782906976;8.957774090916736;0.8497665361924986  0.19816517202478628  0.488495034328692  -8.163113489440624  -0.47351648934562823  0.694198103144257  0.5420988174758424  -28.980143385860735  -0.23168722080683335  -0.6919678881185908  0.6837407941080474  -13.750104991267506  0.0  0.0  0.0  1.0
7680147071580;8.191691125457401;9.26390379085765;-0.5880510845317317  0.5945722997469784  -0.5483426869710607  -45.814200185862425  -0.4241828320619607  -0.8039447318311563  -0.41682345560779543  26.200962588816026  -0.6886688950177351  -0.012515931228578595  0.7249679334291507  -23.823102098804423  0.0  0.0  0.0  1.0
7680147071611;7.069420706677954;4.230914973379022;0.4827808501063858  -0.0779941289499107  0.8722611802779605  -27.36932449568208  -0.8413248987548189  -0.31779141732602617  0.4372425297350536  -4.1783434004907  0.24309476651246453  -0.9449473693932701  -0.21904201325542583  53.112212419886696  0.0  0.0  0.0  1.0
7680147071642;6.993248935970075;0.07823046802966177;0.4940981570216266  0.32431282481176343  0.8066524672313642  -63.190892728243526  0.2080330915131606  0.8567644380216561  -0.47188656537023027  26.665912530700798  -0.8441500127722023  0.40096868880755526  0.3558579302652126  -102.52077723987851  0.0  0.0  0.0  1.0
7680147071673;7.0415274715101805;7.757433586081151;-0.13345798219759245  0.3780493052591249  -0.9161155439030819  -4.292133912918168  -0.6814266858778341  -0.7062098772620414  -0.19215951975138862  11.610846904949257  -0.719615618758583  0.5986203571969677  0.35186223040854453  -24.46095145357702  0.0  0.0  0.0  1.0
7680147071704;12.282270297937805;10.434890765795075;-0.08018612787411017  0.5552616244147943  -0.8278011315218169  -93.43380867824203  -0.5120689665621061  0.6895642394802278  0.512139173578893  -1.5044399043167462  0.8551932871465806  0.4649577271992572  0.22903875990130504  25.17112058278813  0.0  0.0  0.0  1.0
7680147071735;4.789280693794925;9.329517379779295;0.08417435310162516  0.4001298529159888  0.912584669543244  -70.64263287003305  -0.17026260514907082  0.9081419154020036  -0.38247732844945376  -5.598621505168322  -0.9817969869416868  -0.123184261557266  0.1445694094088253  -92.0761318737995  0.0  0.0  0.0  1.0
7680147071766;3.53254216882476;0.17219922425748038;-0.2747595036806762  0.5665109635799151  0.7768993134769162  -9.398931682605104  -0.27885980059839766  0.7263188974259992  -0.628250006647116  -4.123965064630869  -0.9201871694103164  -0.3892636476549484  -0.04158588542996223  -0.12319314194806545  0.0  0.0  0.0  1.0
7680147071797;10.169462079789488;0.17688102691015345;0.11315333500201877  -0.865667041877658  0.48766473666311655  -19.28465950216884  0.9488750248849198  0.23971642050089037  0.20535877115887585  87.49811314171512  -0.2946735650301264  0.4394958593081688  0.8485345483381393  -47.639471129225505  0.0  0.0  0.0  1.0
7680147071828;7.018945707073733;5.111748738295833;-0.05053597179862275  0.7644078507613328  0.6427493704771794  -53.885414246833214  0.9607177386478728  -0.138639668842557  0.24041728072362872  69.88448610650666  0.272887416715551  0.6296504426407302  -0.7273738913933098  -6.606685778642271  0.0  0.0  0.0  1.0
7680147071859;4.7455868592045904;6.099671932036136;0.33805229984627144  0.07246090656309455  -0.9383336611188478  -33.16520017325648  0.6338804951347101  0.7194321839897692  0.28392402245580717  30.62261881115222  0.6956408271920365  -0.6907725744843706  0.19727414905104312  53.071197170630015  0.0  0.0  0.0  1.0
7680147071890;12.81657994950246;5.063365377748372;0.34133666801847584  0.40383797612426076  -0.8487662623513648  -32.3856905617555  0.16406094785456166  -0.9147351200044753  -0.3692474314324485  82.3697789801168  -0.9255124442464875  -0.01321170958880589  -0.3784866791244224  -37.69012723782287  0.0  0.0  0.0  1.0
7680147071921;5.809282512621437;7.50234817258376;0.7794436318472866  -0.21615205179628585  0.5880016286346207  -7.579567322311853  0.561061955770459  -0.17670978829857978  -0.8086922359627906  69.44286467041081  0.2787061293903275  0.9602353572034964  -0.01646062624978851  -6.408220084453067  0.0  0.0  0.0  1.0
7680147071952;7.620338600713327;8.438434060043345;0.14802114137942346  0.8979932753023687  0.4143643556297486  -32.492720224113526  0.03668632180131107  -0.42367704525653976  0.9050700940343678  -3.3991220185969726  0.9883035239729867  -0.11876800425372365  -0.09565723008829081  25.06830351195082  0.0  0.0  0.0  1.0
7680147071983;7.6997636782443;0.05311380820362811;-0.8738056693198767  -0.34582790577770245  -0.3418577362732209  -134.90454313176426  -0.23041211174412166  -0.3246314256475081  0.9173465518786678  31.622311964265588  -0.42822180120360154  0.8803507806933979  0.20398184209989897  -56.17819608975491  0.0  0.0  0.0  1.0
7680147072014;9.99620546943226;0.15657046865255714;0.5127497173489696  -0.18083495874478567  -0.8392773350057321  15.000955870736313  0.5985327485054343  0.7761316372867649  0.19843948843185485  11.806480681508805  0.6155048954517603  -0.6040847616836046  0.5061969225277649  11.07430361495674  0.0  0.0  0.0  1.0
7680147072045;5.258513746846423;0.18402348184176007;-0.24983332528235283  -0.9042177690677632  -0.3463719614525383  -60.85938525244773  0.9648527712184507  -0.20236508318886975  -0.16765292415594032  57.86419387118349  0.08150116226433647  -0.37608323441504093  0.9229945619241126  3.7628802928214338  0.0  0.0  0.0  1.0
7680147072076;3.639515980188402;8.758761550226554;0.0871445983821606  -0.05223015031029138  0.9948255276033968  -36.04008079688948  -0.9885794684123601  -0.12778279138862958  0.0798886278419186  -34.616283029714516  0.12294898782156183  -0.990425953629798  -0.06276923426455884  33.74604771852934  0.0  0.0  0.0  1.0
7680147072107;12.029334697397971;5.894054991350579;-0.2218059704380993  0.7590617877198342  0.6120680631282627  -151.33949736063784  0.9267397418083628  0.3593120001956285  -0.10976491911528984  127.32093595809252  -0.30324175575105494  0.5428812843882042  -0.783150272061519  -69.10298324851178  0.0  0.0  0.0  1.0
7680147072138;7.590759405643051;0.04828570764533576;0.7555828701762561  -0.2578805282244512  0.602156258340714  15.755896766543644  -0.5730272456551665  -0.7056039550997757  0.41684869471356983  45.31909596670511  0.3173866758908816  -0.6600156753519051  -0.6809148303985636  -2.2704810327728095  0.0  0.0  0.0  1.0
7680147072169;13.198998208144786;12.008761771546242;0.9404596476456342  0.1575540457904795  -0.30118494949997243  10.01938358273927  0.1686252646774003  0.5530992922959709  0.8158717380655934  -7.95479174356087  0.2951290755969774  -0.8180818391314819  0.4935999728733039  -11.78014511449122  0.0  0.0  0.0  1.0
7680147072200;7.797457719238535;8.751103411788382;-0.3934845208769682  0.8908114158922398  -0.22721125224399694  -77.2674281418491  -0.3244168999458541  -0.3657953080725448  -0.8723230294000233  -20.55189830742074  -0.8601881229473839  -0.2695344391876004  0.43292906951610566  -32.339789442462454  0.0  0.0  0.0  1.0
7680147072231;7.013635858444267;0.16942804738024086;-0.8274593710970475  -0.5460421275517057  -0.1309541298412757  17.848779229217957  0.45521354894628435  -0.7888473795136559  0.412916985228468  43.57313498636724  -0.3287728912781701  0.2820599347182173  0.9013049313009149  -9.15566839493491  0.0  0.0  0.0  1.0
7680147072262;9.795586259580043;8.350456166150293;0.140123447832571  -0.7215047068044732  0.6780828691439599  -20.204531077249044  0.8757896835749187  -0.22916858819533356  -0.4248225374533481  10.565732776770744  0.4619067541303726  0.6533855800701063  0.5997744861572514  -12.128389620737133  0.0  0.0  0.0  1.0
7680147072293;5.948491848371334;6.975074490064811;0.7902576037978084  0.21007730171912975  0.5756391638363005  -30.035353655509542  -0.11369221714291156  0.9733534619465144  -0.19914094977644523  -18.748164224389992  -0.6021353663428802  0.09192695697751256  0.7930841286900018  -69.43275645363698  0.0  0.0  0.0  1.0
7680147072324;9.966999431357419;0.23917241468536776;0.3967145828205719  0.824684917375554  0.4031281766768179  -45.23516775753472  -0.5415596696886125  0.5648648144587645  -0.6226081155536175  -39.960163934811646  -0.741168445054335  0.028679756619285797  0.6707062006691139  -55.3650221655375  0.0  0.0  0.0  1.0
7680147072355;6.355915528172526;0.22255134112186975;0.24560245645045914  0.037500795728014374  0.9686449936407386  -60.370161829816176  -0.8460641242557467  -0.47942468409892225  0.23308253886554164  -30.26118396452517  0.47313310075797715  -0.8767814223604513  -0.08601980220116444  43.91234543216673  0.0  0.0  0.0  1.0
7680147072386;11.538831244630613;3.106005065920513;0.26066003247176917  0.900444381685324  -0.3482186999044567  -124.85995396131533  -0.8719204166877191  0.37442515576975605  0.3155322324104278  -43.97346418488801  0.41450106686826615  0.2213723519731579  0.8827135137443753  33.233877906883244  0.0  0.0  0.0  1.0
7680147072417;7.834517591994063;0.21956838520623512;0.5321768508709529  -0.7277248764145146  -0.4326711264280935  -30.59246195340713  -0.059513294037926726  -0.5419397627837372  0.838307498085674  -0.12198342331052854  -0.8445389080615711  -0.4203781604239052  -0.3317171008687714  -60.61803409412  0.0  0.0  0.0  1.0
7680147072448;5.93768874259482;8.657800646833827;0.4626338664762545  0.7865525389227574  -0.40902934992906703  -30.92936227457302  0.7355074211478116  -0.5981137598411479  -0.318258957022706  14.767245697863133  -0.4949734730525732  -0.15360675051197928  -0.8552229108083014  -13.81313697073826  0.0  0.0  0.0  1.0
7680147072479;5.153023825453306;0.25888261517746175;0.7724659497662197  0.6206671656531987  -0.13441958909250307  -24.616938490008078  -0.585847190219629  0.6147671241351358  -0.5280572438612882  -7.782528952056644  -0.24511104863620098  0.48665557899056244  0.8385027854896026  -30.318753784624448  0.0  0.0  0.0  1.0
7680147072510;6.21722142776577;10.634844804938858;-0.21199057984103659  -0.6435149523992867  0.7354920122592797  -25.888829319573183  0.7687924498640648  0.35481872098675016  0.5320355667334052  14.966755318979908  -0.6033391774869838  0.6782272342481315  0.4195112103787686  0.6930110241754428  0.0  0.0  0.0  1.0
7680147072541;5.285545613066368;8.286473382760628;0.5819629509007866  -0.6462921561376823  -0.49358441293638344  -34.04989039222785  0.3142983613102211  0.7385441110353175  -0.5964638598714616  16.223897386133455  0.7500237755275219  0.19198709584229673  0.6329338758302347  68.16333593350065  0.0  0.0  0.0  1.0
7680147072572;4.133908943366591;0.08489517059001861;0.322988213528957  0.6798366682573567  -0.6584077144248163  -78.88387910843802  0.6573366630421108  -0.6616537028168218  -0.36072550363046296  109.17514032008707  -0.6808723267559313  -0.31628544392925584  -0.6605879143735823  -54.00240300209208  0.0  0.0  0.0  1.0
7680147072603;10.39505673399153;7.729725686628711;0.953766227988032  -0.04635993443358618  -0.29695241845924564  -5.166484199612324  0.10047333610723287  0.9803691673919063  0.16965083070466658  -16.693250434733805  0.28325799385183204  -0.19164303302393737  0.9397009400934015  14.90636548348603  0.0  0.0  0.0  1.0
7680147072634;11.94624995620377;5.91955636326551;0.8194100467553274  0.24563391756813208  0.5179103723778516  -25.994648739040304  0.07649582150615106  0.8485879468303398  -0.5234948765617171  15.019226110106235  -0.568080596894958  0.4685749406812112  0.6765515208741071  -51.32503471617384  0.0  0.0  0.0  1.0
7680147072665;11.239001758552085;10.402711088752975;0.8590366166685146  0.4376160730764501  -0.26560923140557113  -30.3413145294546  -0.41913028424128673  0.8991562955705997  0.125887890472336  -10.626345046120463  0.2939147768563694  0.0031825651452344894  0.9558263311002511  9.910763654238796  0.0  0.0  0.0  1.0
7680147072696;15.19552852059494;0.10453946204767287;-0.04786761353319721  0.9915581343980882  0.12050376626322107  -47.5092000338845  -0.39699272961966825  -0.12959006289492064  0.9086270897502546  28.300181444026638  0.9165726726254514  -0.00434530872032779  0.39984453739967907  -6.036767842224492  0.0  0.0  0.0  1.0
7680147072727;7.340738161603139;5.328665551315822;0.9214367504152309  -0.27242863643998044  -0.2770143552808646  4.821937441657759  0.16274326706176828  0.9180515964292624  -0.3615188727020266  6.497349427553064  0.3528015646369526  0.2880345540749156  0.8902624060627202  44.18516017211911  0.0  0.0  0.0  1.0
7680147072758;6.227684121791451;0.17324162410050373;0.14364473978936848  0.9895306172991677  -0.013976629006062433  -4.610389803809386  -0.9895681809068252  0.14377852466004892  0.009085768175426223  -4.1542165414489505  0.011000184889479205  0.0125257045353932  0.9998610416744368  -3.638929047355835  0.0  0.0  0.0  1.0
7680147072789;6.637018428023015;5.517675139167164;-0.6320301663512331  -0.6513540970708089  0.41985200851145654  8.535961334716953  -0.7613256502145185  0.6230198891290312  -0.1795256863935918  5.5690894243422155  -0.1446413604314935  -0.43310975280951736  -0.8896599456386727  -6.355260670734396  0.0  0.0  0.0  1.0
7680147072820;9.269843228857026;7.938577157794756;-0.5227127873941372  -0.7440883834347037  -0.4160574714293469  -156.3135884266943  -0.6080448161103924  0.6674812665134235  -0.42982584898411397  -48.818985342919945  0.5975389891010712  0.02830612109007448  -0.8013400776280344  56.97737964381502  0.0  0.0  0.0  1.0
7680147072851;4.2982496682405245;6.2233630808114615;-0.8601824418872825  0.1667781896412689  0.4819452273119973  -33.15137800978955  0.5015021073068224  0.10496088672258239  0.8587658869710798  3.0005747889774668  0.09263802154433155  0.9803918847677134  -0.17392512540159863  6.813354394801487  0.0  0.0  0.0  1.0
7680147072882;5.601886242782262;0.19911027312552804;0.0876868220346677  -0.7173813224468677  0.691140405016118  -57.439843284479835  0.7111833259640832  0.5309008443798735  0.46082813532530925  87.03361359694706  -0.6975165217484994  0.45111897725668837  0.5567426427414687  -94.13639493137441  0.0  0.0  0.0  1.0
7680147072913;9.333520172556803;0.33170828142776176;-0.5049253979050907  0.7965971129022904  -0.3323904063990437  -38.25976092910715  -0.8203367391879164  -0.5626572091982718  -0.10229613519458575  41.14050681485791  -0.2685106643858347  0.221020145355459  0.9375777932833781  0.3635208803505803  0.0  0.0  0.0  1.0
7680147072944;12.394403615909951;4.563596947873477;-0.8979791873701151  0.05709034835784972  -0.43631877242961664  -31.172492400387497  0.2674083882011697  0.8582575003609539  -0.438048875119912  -7.72008358910364  0.34946549610764277  -0.5100340725858881  -0.7859638107646515  2.451692596774827  0.0  0.0  0.0  1.0
7680147072975;12.294303809821267;2.8971080410424004;0.9727222962383444  0.23130578962974066  -0.017577431113898413  15.980458414332084  -0.022121233180325585  0.017065059772816984  -0.9996096411987688  -4.600022386934238  -0.23091553746637192  0.972731419981236  0.021716333436017973  -11.541280373420582  0.0  0.0  0.0  1.0
7680147073006;9.313901487860747;0.12160313148318058;-0.4270087153007483  0.8440678446882396  -0.3243655817446638  -24.109808404576867  -0.6822939915455006  -0.5361593511490385  -0.496999053597037  43.05042071545141  -0.5934125598250451  0.009089760106386496  0.8048471346181806  11.614293175284523  0.0  0.0  0.0  1.0
7680147073037;7.4401367907240505;0.08188165478671909;0.7726534693372351  0.5174724157964767  0.3677348436181883  -0.2148650992269123  -0.46810802755197145  0.07313104090991458  0.880639952192061  39.18367310159799  0.42881405161507646  -0.8525691466064154  0.2987379443463311  7.119199718248198  0.0  0.0  0.0  1.0
7680147073068;14.611710614672843;0.15350049334060303;-0.5503562265142818  0.8114150562135533  0.1967577965085918  -149.79940426197305  -0.47502381474873884  -0.11049989195392146  -0.8730075310670159  -41.85170483321173  -0.6866297396403079  -0.5739297695956607  0.4462557789131204  -86.7312032010704  0.0  0.0  0.0  1.0
7680147073099;5.832775091072886;0.15501921359822737;-0.27976660655172486  0.7864251655101316  0.5506960186081741  -76.5024126139668  -0.6872934908559597  0.23644587718073415  -0.6868194847201563  -30.825978574275148  -0.6703419301263795  -0.5706389455834527  0.47435523660843437  -33.76964245696442  0.0  0.0  0.0  1.0
