# registration_from_features.py TEASER TEASER_config.json euclidean True --use_random_keypoints=True --n_keypoints=5000 --input_txt=/benchmark/point_clouds_registration_benchmark//eth/apartment_global.txt --input_pcd_dir=/benchmark/point_clouds_registration_benchmark//eth/apartment/ --input_features_dir=/benchmark/experiments/FCGF/3DMatch_voxelgrid_0.1/features//eth/apartment/ --output_dir=/benchmark/experiments/FCGF/3DMatch_voxelgrid_0.1/results/TEASER
id;initial_error;final_error;transformation;status_code
13001298760030;3.158640681794765;0.0370520355432879;0.10047817905461082  0.5949056857867169  0.7974906648685651  1.6213154459799775  0.21191625098798253  -0.7959508564260593  0.5670570841827317  -8.138041779227205  0.972108861239866  0.11202436865816166  -0.2060458752940041  -5.01340900010708  0.0  0.0  0.0  1.0;ok
13001298760061;3.5200790883435156;1.3201697120504334;0.44816714485098275  -0.39250801760690546  0.8031710069408727  -7.838685411755655  -0.0804293825639732  0.8771040540806924  0.47351831298862357  -3.803586288023324  -0.8903242806396424  -0.2768138985483044  0.36152004214703326  3.843246474316348  0.0  0.0  0.0  1.0;ok
13001298760092;1.6175967395589375;0.011305896825743036;0.11250525937372993  -0.9874676302452334  -0.110680828652088  -0.01639684084026832  0.8958098955125378  0.14899469571437365  -0.41871853523673574  -7.430024654073558  0.4299618561164076  -0.05204094413867087  0.9013459615586514  0.0918214307151169  0.0  0.0  0.0  1.0;ok
13001298760123;1.5813946200439712;2.228537704750315;0.42780321275192235  0.18044170538631002  -0.8856778207206116  2.6527026280833135  0.7231372832001038  0.5195387852889168  0.4551394514063668  -2.9056839597560473  0.5422701179348762  -0.8351767726282838  0.09177623688678027  -2.5333443345055757  0.0  0.0  0.0  1.0;ok
13001298760154;2.720488568710186;0.4961364052994825;0.11981998394465676  -0.8629966973835016  -0.4907951423482818  -2.230975839929228  0.5154786740236981  0.4765765847731994  -0.7121492087144959  1.5762477782600823  0.8484838879285048  -0.1676647224405936  0.5019597919900031  1.3408556966298757  0.0  0.0  0.0  1.0;ok
13001298760185;4.15078401345108;0.030999812355307774;-0.1063366833001235  -0.6268222955567945  -0.7718719580200077  -3.3383778331395115  0.12001050129122831  -0.7786891546889226  0.6158252024314039  -4.500818794921876  -0.9870612895684634  -0.027147931095440624  0.15802847994168645  -3.112158951293435  0.0  0.0  0.0  1.0;ok
13001298760216;3.5264316801449036;0.04228494524602414;0.46011134083283034  -0.5772550861464214  -0.6745918169938784  6.462574762551495  0.7296561727308031  0.6787414969907593  -0.08313753579809553  -2.1045767216034807  0.5058650251132724  -0.45396756027367247  0.7334943971062887  3.927420065607003  0.0  0.0  0.0  1.0;ok
13001298760247;2.1396886625938274;0.033865211034132266;-0.43980810485900135  0.8845140855571101  0.1555752658728368  5.6840359833577825  -0.7699539136372998  -0.2821819785115096  -0.5723148625345456  0.24502164184756262  -0.46232002095403507  -0.371494499897912  0.8051410030365246  3.5775177336902853  0.0  0.0  0.0  1.0;ok
13001298760278;1.8462388197302708;1.5366983756757828;0.7093308549921173  -0.5622669830022731  0.4250947870553977  -0.21780570673617825  0.000498132836620202  0.6034773803939676  0.7973799616346726  -0.43064295354105864  -0.7048755138461187  -0.5653944562677954  0.4283452098504372  3.223659297999693  0.0  0.0  0.0  1.0;ok
13001298760309;5.839225912121269;2.4378683430436507;-0.8669294928778535  -0.1989034989052904  0.45702368921291203  -2.3388134520354704  0.27078938129305286  0.5818511237276507  0.766891374834661  3.8313346507885853  -0.418457124873592  0.7885979127160454  -0.4505629442180345  9.74544679937246  0.0  0.0  0.0  1.0;ok
13001298760340;3.5420357880378917;0.03314791896411222;-0.1185136590156973  -0.11225246019051593  0.9865869945462932  7.874279993394763  -0.4623198818152018  0.8855593363934594  0.045221550225015394  6.34501317486614  -0.8787575544512197  -0.4507594113355287  -0.15684742136024657  3.1845597910559156  0.0  0.0  0.0  1.0;ok
13001298760371;3.4377711718010175;0.018356072761014836;0.10768113325453156  0.9858029272654972  0.12883074996210148  6.884889897117038  0.9762396296733767  -0.08033567591363139  -0.2012519928614111  -2.1455239102585972  -0.18804509830412813  0.14744072629459495  -0.9710305212677477  -3.0187546166813473  0.0  0.0  0.0  1.0;ok
13001298760402;3.09328347206315;0.022464528603092903;0.7347974720669647  -0.02086087096574693  0.6779657064384212  -4.211181186644207  -0.08519951292221395  -0.9944490453517711  0.061742523407838576  -3.2502685164142178  0.6729143467350167  -0.10313059808563363  -0.7324959806693038  0.37984338942144813  0.0  0.0  0.0  1.0;ok
13001298760433;2.5088199944579497;0.018166744772617243;-0.8542646368616862  -0.040964059363180406  0.5182218405741522  3.1525923360444437  0.08346125029841861  -0.9947659559166567  0.05894838969680402  -7.456562327094474  0.5130946792807318  0.09360896746418788  0.8532122897052599  -0.8115904158856907  0.0  0.0  0.0  1.0;ok
13001298760464;2.146708238562611;1.9074563904571542;0.30663035281989237  0.5131156532419922  0.8016795825812146  5.486133701146387  0.4802870327670372  0.6437547896114713  -0.5957383125233134  -0.7112167847985611  -0.8217677244120647  0.5677077569051998  -0.049048036293855596  1.6778183385580743  0.0  0.0  0.0  1.0;ok
13001298760495;1.8443578143993575;0.014136014726169205;0.2512302109366015  -0.9478871124410135  -0.1959423465741601  1.4498067526876515  -0.9533969130441667  -0.20739049707844884  -0.21914266567559826  1.0982355703738516  0.16708592792513652  0.24186608648132357  -0.9558154052428762  4.595778014176574  0.0  0.0  0.0  1.0;ok
13001298760526;2.4176724283025384;0.025367018832901017;0.45553430564739256  -0.08748651735894149  0.8859089149899964  -0.5126447069307026  -0.0240619297793978  -0.9960057120451897  -0.08598630768120503  -3.079864387928271  0.889892982281375  0.01785303486130916  -0.4558198648946768  -0.2807179298122249  0.0  0.0  0.0  1.0;ok
13001298760557;4.419555501183563;2.358709327957613;-0.46636152785758367  -0.7006522883443678  -0.5399937927163059  -3.871958979037616  -0.7961200893736332  0.5985484344940024  -0.08906500356759704  4.986117417739637  0.3856160378278598  0.3883634153760873  -0.8369433248239471  -0.7571680601667086  0.0  0.0  0.0  1.0;ok
13001298760588;4.418903225087259;0.04462245109810846;-0.4404852414339706  0.7125481754264837  0.5461207282050791  6.732510943557043  0.07902911237510095  0.6367294045324503  -0.7670267692857627  -3.5395798257022832  -0.894274651030689  -0.29470453525546636  -0.3367819553120375  -6.508321325210005  0.0  0.0  0.0  1.0;ok
13001298760619;4.150737561700012;0.1091573322626379;-0.4618164535364589  -0.16098388864332724  0.8722440890257045  -4.652929986671205  -0.458745794432971  0.884999626272033  -0.07954846062888277  -2.3571904076956365  -0.7591296722781102  -0.436875095531475  -0.48255807067263345  5.901754013050629  0.0  0.0  0.0  1.0;ok
13001298760650;3.978386875086808;0.01792985041077983;0.23311391120042893  -0.09743530590964633  0.967555820388226  0.5342660008591353  0.9697398335646958  -0.05093139563534038  -0.23876902675295547  -0.27460632971644194  0.07254350145089174  0.9939378019277315  0.08261408049669491  1.481229776160616  0.0  0.0  0.0  1.0;ok
13001298760681;2.902172993907997;0.03233550195030902;-0.9305645952772885  -0.14811903132453919  -0.33482874215917713  2.9568902943859503  -0.1812241697319943  -0.608286275753161  0.7727519699329786  -8.065985715501085  -0.31813100182372317  0.7797746849506142  0.5392069235356727  8.607995670584675  0.0  0.0  0.0  1.0;ok
13001298760712;2.3818679744492437;0.048856382863920786;-0.2805792533304003  -0.10287282438264053  0.954302082468698  0.6833507823049234  -0.6505759201061521  0.7513915873111745  -0.11027989252818014  -0.867912532483063  -0.7057097525035266  -0.651788205264204  -0.2777514729031686  3.098058658223682  0.0  0.0  0.0  1.0;ok
13001298760743;1.8173061227010634;0.04106173485661905;0.8108782988922476  0.03228540574408001  0.5843235721426575  0.27821043366950304  0.40382197055566693  -0.7535373317564047  -0.5187574633159291  -3.7851489100282016  0.42356133024882514  0.6566118657360523  -0.6240646258941994  1.2078770094659246  0.0  0.0  0.0  1.0;ok
13001298760774;3.812759207121691;0.1505995325338605;0.6226600713107235  -0.7789725131336432  0.07413676131030394  1.4179798863614204  -0.41780935101291194  -0.2508637171535232  0.8732140296754779  -4.309102402730536  -0.6616115036798365  -0.5746905421165147  -0.48166482018135043  -4.926707389136227  0.0  0.0  0.0  1.0;ok
13001298760805;4.686337709458454;0.07281558634270532;-0.18788312175815491  0.7898825260192202  0.5837683852761348  6.2933839950665105  -0.9540672857902608  -0.2879811891840229  0.08259811657029467  -6.633433120479895  0.23335712276083265  -0.5414355268779947  0.8077078825238331  -10.060999637419217  0.0  0.0  0.0  1.0;ok
13001298760836;2.031197055141024;0.04047114435805838;-0.9021751374560718  0.3849912669208264  0.19458094909527013  9.07904244070933  0.058614207435731355  -0.337486256782075  0.9395038058304533  -4.728230537349146  0.4273691566348702  0.8590021832789027  0.2819057521216611  0.23161738631327894  0.0  0.0  0.0  1.0;ok
13001298760867;2.5861526471175624;0.2841833892781202;-0.29736183100323255  0.7368278288701982  0.6071743506315422  1.5748170437085027  -0.28779165753284786  0.5371901974422637  -0.7928446592028213  4.236761416048065  -0.9103581181693833  -0.41050145234136676  0.052313041478464245  2.6763144635239464  0.0  0.0  0.0  1.0;ok
13001298760898;4.371387982692534;0.012883650888549751;-0.5900475176527463  -0.20055629051993631  -0.7820620827304664  0.6886710493400554  0.8033270799028079  -0.04903911351861646  -0.5935156005027465  -10.420560344245327  0.08068165594891835  -0.9784540559873985  0.19004770641907054  -0.4811635705950584  0.0  0.0  0.0  1.0;ok
13001298760929;2.0892484085558998;0.041710990500022804;-0.3121298442657929  -0.9490122920188244  0.04416593614755615  0.7088676588801344  0.07080003166459961  0.02312347415321675  0.997222472901297  -3.0513382529010067  -0.9473976545436996  0.314389844842774  0.059972573938699335  5.473612050298175  0.0  0.0  0.0  1.0;ok
13001298760960;5.072348156100089;0.023712952006530667;0.49287389744919163  0.8424127663136695  0.21775227292727867  2.197873816308257  0.23918417213338655  0.10944375774023231  -0.9647865026484173  -0.6103929509506768  -0.8365800936037807  0.5276009808969744  -0.1475498286764174  -4.291596235125275  0.0  0.0  0.0  1.0;ok
13001298760991;3.3167286806491645;0.08061343544960237;-0.3641844545812733  0.8562798051745772  0.36627118135546544  5.936188795648297  -0.8503321117652336  -0.14530545053189745  -0.5057881233744033  -3.5544095598600536  -0.3798749567189428  -0.4956523189655324  0.7810402012456664  0.6917591706431514  0.0  0.0  0.0  1.0;ok
13001298761022;4.9391341241623605;0.02963472268749855;0.40500351071027746  -0.9094408452245051  0.09428417337861306  4.064232318043548  0.9095912362483413  0.41123190667852827  0.059431488873797705  -6.50079400310983  -0.0928220838624339  0.06169009618147939  0.9937697886233793  -6.223872054377048  0.0  0.0  0.0  1.0;ok
13001298761053;3.1813229950232658;0.01694695680629131;-0.8824230807100057  -0.06498085291851619  -0.46594741697346564  13.36327682373373  0.34156523604012107  -0.7695633169229299  -0.53954192680035  -3.6302498003786643  -0.32351614512898547  -0.6352556886802038  0.701275633285744  -1.9571835327403264  0.0  0.0  0.0  1.0;ok
13001298761084;4.030828619377981;0.13455642041393306;0.4992907166921517  0.8645224294547996  -0.05753041973258282  4.386782689820837  0.5030169755235054  -0.3432916497611684  -0.7931738558093303  -13.2171487286072  -0.7054663015057645  0.36708556519403657  -0.6062717915802717  2.354509943983099  0.0  0.0  0.0  1.0;ok
13001298761115;2.8543458512353004;0.08555238464769396;-0.3816788537846365  0.36756048868273744  -0.8480687116814025  3.6130019797149004  0.8067897564742272  0.580195666075567  -0.11163905192801793  -5.448046830118988  0.4510116865690993  -0.7268234147483397  -0.5179924539524297  -4.385403635833367  0.0  0.0  0.0  1.0;ok
13001298761146;3.444998065101071;0.07951652364794506;0.599736113417261  0.6844782973576706  0.41449493930505765  4.413353020806711  0.4359970392674921  -0.7138658563290021  0.5479982855061151  1.2197315839430733  0.6709867182091908  -0.1479357955803957  -0.726561645266839  -7.039626072564924  0.0  0.0  0.0  1.0;ok
13001298761177;4.648625533401141;0.019931823239389707;-0.3060349015348715  0.9519262445668988  -0.013381477769738484  0.830625317076829  -0.9510812218842564  -0.30632698047652923  -0.04010349624761207  -2.626877788141348  -0.04227467825650989  0.0004538027025177971  0.9991059231339867  5.4506448523522  0.0  0.0  0.0  1.0;ok
13001298761208;2.255055749241905;0.02453384231092339;-0.4432741103487167  0.722250100779122  -0.5309075767203775  9.085854349960202  0.893433669214342  0.404016568162732  -0.19633362260246634  -1.7819412755313329  0.07269347844719737  -0.5613603161736301  -0.8243726424479952  -1.484829894472601  0.0  0.0  0.0  1.0;ok
13001298761239;3.8677542928387707;0.021239595742397963;0.02193411440277775  -0.3720201071530758  -0.927965481307996  6.13403779221645  0.9607388509909179  -0.2489423632066063  0.12250942819947123  1.2925325709566768  -0.27658589049699767  -0.8942196260846241  0.35195384001749286  -2.262778453293674  0.0  0.0  0.0  1.0;ok
13001298761270;1.7222998338257807;0.048529273946061616;-0.44461961484012946  0.3773492148228409  0.8123551982796695  9.144757682863647  -0.606877866249059  0.5401338058797793  -0.583056367088822  0.15986787704699584  -0.6587963672914456  -0.7522386867334139  -0.011149198409956956  1.5506040726044337  0.0  0.0  0.0  1.0;ok
13001298761301;1.1966912521478843;0.016906841761227902;0.7169202235614106  0.6360861505068134  0.2853415535495688  1.9473411752635652  -0.5547696015526654  0.7683960897392647  -0.31905820545239727  1.4412903651564057  -0.422203839681443  0.07044046001292237  0.9037599567094206  3.492823605709864  0.0  0.0  0.0  1.0;ok
13001298761332;1.7687395447088585;0.022204597455438825;-0.22827419255430545  -0.794711800578999  -0.5624269259505326  6.583904817716221  0.9244683083125972  0.004258944915224792  -0.38123510897326135  -7.562781518543724  0.3053673851925338  -0.6069720054571669  0.733713666665669  -2.8349484010512462  0.0  0.0  0.0  1.0;ok
13001298761363;1.9892532279591162;0.033517731936848975;-0.3438611171530951  0.04592826313307746  0.9378966503596247  1.013357291100266  0.8058016147632687  -0.49838559665222426  0.3198367625750914  -10.364524733255976  0.4821237286787847  0.8657380618265467  0.13436635944193934  2.9300255784286424  0.0  0.0  0.0  1.0;ok
13001298761394;4.037940342738192;0.027160801869398725;0.9242090603442806  -0.36877667549380266  0.09920371157008663  -0.22386328363840347  0.28482506124150586  0.49260235374333144  -0.8223245135439554  -8.961301783580065  0.25438611846229847  0.7882554691838605  0.5603043976584663  5.5482484253654185  0.0  0.0  0.0  1.0;ok
13001298761425;2.8898812647107643;0.01671310929239299;0.0999517079810429  0.9949697370204437  0.006699140627146945  7.562641792451614  -0.9657120338792685  0.09862950467041119  -0.24015097007765068  0.04749448598660734  -0.2396036804651374  0.017534058912280222  0.9707124358354651  -4.064551389880248  0.0  0.0  0.0  1.0;ok
13001298761456;1.8259885367581417;0.03260548360828681;0.47274448079970893  -0.8695121301467453  -0.14304304037975307  -0.2595072494980898  0.8494038901360225  0.4928546403334338  -0.18869905914867197  -4.771536751098672  0.23457554709561235  -0.03229487621081367  0.9715612969212606  -4.1612605459570124  0.0  0.0  0.0  1.0;ok
13001298761487;2.4136454488721144;2.165916009754867;0.3264972504408603  0.7968570409254537  0.5083487009741313  7.178971893293714  -0.8729802965145842  0.048040486976650296  0.48538388262112153  -5.601553993067821  0.36236024526962995  -0.6022549027933064  0.711325582774553  -3.6693458790838416  0.0  0.0  0.0  1.0;ok
13001298761518;2.0254900959323856;0.014736558673146239;-0.9755451430269396  -0.2165519802173927  0.0376419152072939  3.421318797378949  0.21401293026175683  -0.9748673596887593  -0.0619039311695406  -9.678386606092404  0.05010129336976796  -0.05233422281254179  0.9973720416801763  -1.9580352342388712  0.0  0.0  0.0  1.0;ok
13001298761549;1.604773681910573;0.04008992356637778;0.5593594860753779  -0.01198250572417664  -0.8288385758964523  0.8119914446487929  -0.47933597027179253  -0.820441566563369  -0.3116290478415705  -8.34384646009483  -0.6762795227870565  0.5716048070228367  -0.4646654190353495  6.004109084094878  0.0  0.0  0.0  1.0;ok
13001298761580;5.386100800425574;0.019446157667672118;-0.9168560819023546  0.3946494172828935  -0.060222608021711345  6.758655182575207  -0.39365538443584014  -0.9188295459108666  -0.028066062529382402  2.7114127598878883  -0.06641056680480315  -0.0020255862126003776  0.9977903254778335  5.165242428793389  0.0  0.0  0.0  1.0;ok
13001298761611;4.567244059517282;0.02695811121304833;0.5430320212207265  0.8092888364062688  0.22398170281770813  3.817898431095242  -0.832168173794083  0.5543298181332398  0.014648660436711466  -4.211906055909902  -0.11230473922837675  -0.19434513628222477  0.974483254627954  6.3425470839677685  0.0  0.0  0.0  1.0;ok
13001298761642;4.536947629641878;0.08413733449280353;-0.7479765940533519  0.3429165207846193  0.5682774626195549  0.09032684409443487  0.40261637081403595  -0.4462614753599728  0.7992188395940606  -14.140937426821186  0.5276656827015399  0.826594795158131  0.19572933330649706  6.115007840031985  0.0  0.0  0.0  1.0;ok
13001298761673;3.578891147382072;0.009993142635791728;-0.976683927382983  -0.20562599537489581  -0.06169648302646699  8.588235021453764  0.1900465535414012  -0.9618014635778316  0.19702855667789976  -6.842527731176083  -0.09985396075663305  0.1807094205779663  0.9784545425494169  -2.2124531187134036  0.0  0.0  0.0  1.0;ok
13001298761704;2.381161962390647;0.09714383306734087;-0.7270101308466718  -0.5999176488478257  -0.3339986291097654  -1.5729207246284227  0.5913424492892212  -0.29983883719453114  -0.7486058905582145  -7.563573796584754  0.348956125200477  -0.7417516338443274  0.572742644103214  -3.343559866811997  0.0  0.0  0.0  1.0;ok
13001298761735;5.144139133087955;0.03058086956378909;0.1552466723622562  -0.92649992225896  0.3427774274577998  0.46141284525402404  0.9593005971236721  0.22424196452056044  0.17163305540054163  -7.073531992562104  -0.23588309621211107  0.3021811301224829  0.9236047474538486  10.711969074875055  0.0  0.0  0.0  1.0;ok
13001298761766;1.8126326626247737;0.010774052228406468;0.30745591977604414  0.9504152372580391  0.046709037481114574  4.043480869625637  -0.943064114458973  0.31088840986429495  -0.1182305909304491  0.7308396403538359  -0.12688945351911657  -0.007698921989171913  0.9918869860956061  3.212205127683835  0.0  0.0  0.0  1.0;ok
13001298761797;4.109088527687872;0.024876478834293832;-0.33448483160382264  0.16258080206993886  -0.928271178172229  11.53698630129144  0.8815951610422624  -0.2941061546814451  -0.3691768435389231  -1.0162889734077374  -0.3330313340420551  -0.9418434331547841  -0.04495640076095691  -1.2499586424499454  0.0  0.0  0.0  1.0;ok
13001298761828;2.541531548997489;0.11139913232914203;0.795098930891345  -0.4347572565519203  -0.4228520048088788  -5.578566265694676  0.5984825384397405  0.6753065097618718  0.431021773296853  -3.2654029624016987  0.09816486784061063  -0.5957744923615705  0.7971301104419205  -0.659510580943233  0.0  0.0  0.0  1.0;ok
13001298761859;1.7509676693230227;0.02801237851057014;0.7881439168573074  -0.22915610962366093  -0.57124131830862  0.41855563230099796  0.6106998636092968  0.40673085242571855  0.6794230569186142  -3.2635480347143098  0.07664752382437114  -0.8843401444620713  0.46050805202992395  -0.728047492226638  0.0  0.0  0.0  1.0;ok
13001298761890;3.9897649167509326;0.023264009495801614;0.47193877611030427  0.880650801893478  0.04156869889571152  5.976666718662141  -0.8809838856162517  0.47287434637147574  -0.016038884881457452  -8.476349949416798  -0.033781428152154944  -0.029051982172026702  0.9990069056036986  2.162841547055186  0.0  0.0  0.0  1.0;ok
13001298761921;3.858913545867364;0.016019753290769646;-0.7073270543249383  0.7060322321266617  -0.03474083214676951  4.380680302213222  -0.7036708766674904  -0.7079409954358388  -0.06055447391662211  -3.9344870411200397  -0.06734786967686188  -0.018385705848765213  0.9975601386735694  6.427630940761419  0.0  0.0  0.0  1.0;ok
13001298761952;4.927050491580033;0.02125528015640607;-0.5580162481341816  -0.029978266768526624  -0.8292883517449199  -1.5766637862629498  -0.020649275404156425  -0.9985361786002206  0.04999107372072571  -5.823037801595185  -0.8295730674530933  0.04502003496247855  0.5565803825220959  5.001053810603781  0.0  0.0  0.0  1.0;ok
13001298761983;2.2725990152882374;0.017017765440968276;0.9841739077066363  -0.1717425907113816  -0.04366007243685936  2.031961247282288  0.0762501598340116  0.18802241098491776  0.979200432032536  -2.365122251890074  -0.1599613469396175  -0.9670326031231632  0.19814215094750004  -5.316966459987791  0.0  0.0  0.0  1.0;ok
13001298762014;2.333287767693884;0.028518174267242284;-0.8939347690615681  -0.09032723609058582  -0.43900070510544437  0.7797692583154601  0.07966405265420459  -0.9959070187172273  0.042694833229243806  -7.802992998442334  -0.44106038971726974  0.0031938205961531355  0.897471744475808  2.1965555615868415  0.0  0.0  0.0  1.0;ok
13001298762045;2.3032685617972275;0.020973635954774177;0.3659023783863923  0.8935129860790547  -0.26028828863257253  6.794684918789568  -0.7912346911048123  0.15142743430241426  -0.5924672106816221  4.156691627242104  -0.48996235884346767  0.4227342851587511  0.7623861299026015  -0.2208813467038109  0.0  0.0  0.0  1.0;ok
13001298762076;4.150942034844206;0.009642970837689585;0.501817180017624  -0.6917011536294021  0.5193544376501606  2.6470141577642305  0.8429739159351208  0.2565295931297221  -0.4728504466548672  -1.3715230174229498  0.1938414168648382  0.6750867217746577  0.711816987147243  7.2300511677934285  0.0  0.0  0.0  1.0;ok
13001298762107;2.309556078880536;0.006899945304930742;-0.16395142930526863  -0.15498085598120534  0.974218077797827  0.6381507191133546  -0.34791488767868184  0.9332053284783877  0.08990576083364057  1.0607905335891763  -0.9230791730725434  -0.3242047951201193  -0.20692049454037126  7.641292897283382  0.0  0.0  0.0  1.0;ok
13001298762138;3.5137901738213975;0.024454001762357947;0.8290399372792701  -0.4444019448725768  -0.3394108038785095  -2.96259503093498  0.0944184188530462  -0.48700693010479  0.8682795703062463  -4.066437010221942  -0.551160543378493  -0.7518850719514117  -0.3617884658185575  -4.385229364684174  0.0  0.0  0.0  1.0;ok
13001298762169;3.9638355673491077;0.04651672750107724;-0.5912568595367523  0.16974543126927238  -0.7884172845733058  9.779483455143195  -0.45091941038845246  0.7409359517262981  0.4976802193923071  -4.9427993866220445  0.6686456545777193  0.6497695006713176  -0.3615419541514921  5.741938733319097  0.0  0.0  0.0  1.0;ok
13001298762200;1.5744379783880302;0.017198801765036027;0.4814540809192406  -0.42217335056188565  0.7680961072948891  1.0183538710643636  0.842929756100784  0.4631447630437791  -0.2737998443114875  -3.770465206933636  -0.24014869195163743  0.7792731167828603  0.5788454156451829  4.514838839195544  0.0  0.0  0.0  1.0;ok
13001298762231;2.0267329355413626;0.06107881988811458;0.8859074742574389  0.2272348012029795  -0.4043912612520822  1.2441174917528144  -0.4598046747045859  0.5452425995007115  -0.7009209433377768  -3.17307267688625  0.06121771128209211  0.8068920948999011  0.5875181180299325  3.3999787731561697  0.0  0.0  0.0  1.0;ok
13001298762262;4.133889830896982;0.007059621254674821;0.5677565795838554  -0.8227553388956383  -0.026946588985710493  -7.82589778969773  0.8198278018856497  0.5680885324504672  -0.07181778716738141  0.04819876210161413  0.074396516011072  0.01868345837896275  0.997053703061383  -4.692660315757188  0.0  0.0  0.0  1.0;ok
13001298762293;3.268470740445539;0.023688639711244748;-0.7328771878285933  0.3012305679568923  0.6100419432209737  8.491417925194632  0.6802577610402978  0.3088168250143355  0.6647417146023769  -1.7485281469768386  0.011849308203235653  0.9021598048663186  -0.4312392379859139  3.1842584547161255  0.0  0.0  0.0  1.0;ok
13001298762324;1.5596291394592545;0.03494663631046696;0.5521336183692152  -0.5540709864510083  -0.6230199109496619  0.5433891612653502  0.4812773532643304  0.8219819928467679  -0.30449583358485677  -0.6643962503763047  0.6808234548702026  -0.13172298739727503  0.7205057098245226  1.4559184069541404  0.0  0.0  0.0  1.0;ok
13001298762355;2.2890525042957126;0.013715893816357218;0.199949632188635  -0.975707069484991  0.08953133051977377  -2.035280801029646  -0.05355075503225076  0.08035757921170555  0.9953265675639885  -8.82818834775762  -0.9783416894025861  -0.20380965144037172  -0.03618238185427636  2.0193898602165152  0.0  0.0  0.0  1.0;ok
13001298762386;4.679056551809071;0.01257164142251425;0.4290902675252176  0.8061440605923476  -0.4074472921579169  7.677733774341404  -0.29577965244713966  -0.30081293200741066  -0.9066564824316621  -9.19864231920142  -0.8534611529023374  0.5095520910650714  0.10936510859422553  0.060156941406846395  0.0  0.0  0.0  1.0;ok
13001298762417;2.783219455661756;0.018414095314994994;-0.7989310183646388  -0.6012422823675134  -0.014729079684222324  7.119824011894756  0.6014226202371459  -0.7986813705120951  -0.019972487676968242  -4.693833484682949  0.0002444625268808731  -0.02481504161640232  0.9996920295509254  -3.5154940604872205  0.0  0.0  0.0  1.0;ok
13001298762448;4.817512365003251;0.021613488457879956;0.7693036618709628  -0.0590038822526929  0.6361528257510438  0.9594794314962994  0.3395149334793261  -0.8057317952144506  -0.4853100906894767  0.4598090699136379  0.5412037377702198  0.5893342142278943  -0.5998197213862964  0.3610926320495726  0.0  0.0  0.0  1.0;ok
13001298762479;3.1160972657538197;0.026381220243659013;0.4978168327676014  0.7765358124828653  0.3862260127759516  3.1463566438711648  -0.7986777792501171  0.5840620728648609  -0.1448630386706835  3.0127630758189436  -0.338071303049128  -0.23635487507639424  0.9109578294752656  -5.049801490540225  0.0  0.0  0.0  1.0;ok
13001298762510;1.668148835819545;0.0315051995306382;0.6851682065094085  -0.698770175961914  0.20558397304954568  -0.6101003415538674  0.719513356866586  0.6932220366913975  -0.04175807869152104  -0.26247360889589433  -0.11333604051340972  0.1765317224511967  0.9777481745772559  -1.9744772471102023  0.0  0.0  0.0  1.0;ok
13001298762541;2.158344185773176;0.015288480497528154;-0.8904767282464336  0.4480065382768108  0.07963251919130754  3.056924671216434  -0.4491713797445119  -0.8934382210142335  0.003635498498471612  -7.718953696292159  0.07277546337837447  -0.03253132170922714  0.996817658871427  -2.4774498824636253  0.0  0.0  0.0  1.0;ok
13001298762572;1.789686049669093;0.06253903301246815;0.769093462733695  0.638826804218201  0.01988868504087435  4.096044375419962  -0.571848607595999  0.7016888491531257  -0.4249963870019121  2.478170481679229  -0.28545475223021327  0.31548862608107053  0.9049765252439791  -1.7523319505607489  0.0  0.0  0.0  1.0;ok
13001298762603;3.072740707444121;0.05008805998707683;0.5894514717918367  0.6268716280916379  0.5094888853509726  3.2157426356103262  -0.6982327216476403  0.7125478341368294  -0.06889593955699985  1.4632226962395438  -0.40622411157262234  -0.3151309980954771  0.8577146525601518  6.297036602984843  0.0  0.0  0.0  1.0;ok
13001298762634;2.6336779525513534;0.05439164182084519;-0.29161810217259454  0.9499872256395879  0.11172803411343372  3.0925227117619527  -0.660782482506737  -0.28452772772629764  0.6945577607133503  -2.311993573745645  0.6916107238161423  0.12871768828140218  0.7107083532828384  2.508721540799155  0.0  0.0  0.0  1.0;ok
13001298762665;1.5469211220564745;0.07518000911521272;0.2639111747842938  0.2524531782994341  0.9309233505453012  -0.5690047778887449  0.5417050350436994  -0.8373484312061892  0.07350686882761524  -1.0203080434295548  0.798064249814687  0.48488658212312963  -0.35774076598099874  -0.4633118724098579  0.0  0.0  0.0  1.0;ok
13001298762696;4.982572383971648;0.02203067686568186;0.35627662109286745  0.9333101580480058  -0.04471149904728465  1.4768269327041226  -0.9244836104975586  0.34515297871976564  -0.16186251944866858  -3.2980739612160903  -0.13563562652948905  0.09900287958074203  0.9857998816446844  6.238060573597165  0.0  0.0  0.0  1.0;ok
13001298762727;3.487753793276454;1.4475852282968766;0.7369592456042715  0.5991774330507407  -0.31285375823395173  -6.516040718236541  0.6022811261769482  -0.7921883314165789  -0.0984636614109159  -2.1805671970963094  -0.3068363006057301  -0.11586220820501225  -0.9446837742548821  7.35012415766256  0.0  0.0  0.0  1.0;ok
13001298762758;2.2371719601815334;0.06349895834608729;-0.07117769482690128  -0.9194612561758785  -0.38668428226474777  1.8210981937415178  -0.9879862037975052  0.01167459548709976  0.15410050267927902  2.094082758815118  -0.13717505919416395  0.39300725465528913  -0.9092460068229001  0.18111454102748778  0.0  0.0  0.0  1.0;ok
13001298762789;3.511545044059237;1.9067836891773067;0.9177119040164669  -0.31420977313322834  0.24305777028113026  -6.31680538481976  0.2765168976851148  0.9445630699135773  0.17702828093283957  7.790344340057029  -0.2852074096531666  -0.09525138016323902  0.9537210850431734  -0.7269392471807463  0.0  0.0  0.0  1.0;ok
13001298762820;1.6054751776443217;0.01608436876349301;-0.012260967713184245  -0.996904349601367  -0.07766200111130499  1.420251082833427  0.999650705707783  -0.01403909830020239  0.022391299579262336  -8.09988328808509  -0.02341228841158582  -0.07736033521639714  0.9967282695331456  -2.090419421889414  0.0  0.0  0.0  1.0;ok
13001298762851;4.138762391354075;0.025732237296402796;0.25778770967563236  -0.8435774285259198  -0.47108663621651287  4.465629038098914  0.86352846158725  -0.017565499869944018  0.5039940964367298  -1.9143529790574474  -0.4334329161115346  -0.5367202020568219  0.7239249491039352  4.367795234773075  0.0  0.0  0.0  1.0;ok
13001298762882;4.108806711779712;0.041942216319446585;-0.42378178860637516  0.7823988331492707  0.4563562879288956  3.1850843950547776  -0.6922655622522225  -0.6046880065102587  0.3938537877211081  -6.738677629584594  0.5841039179505608  -0.1490116796405873  0.7978835330833035  -4.619560307218874  0.0  0.0  0.0  1.0;ok
13001298762913;1.9217734807464786;0.022403768580272286;-0.89666123550211  -0.4417544186734045  -0.029183254279691206  7.9106916497445985  0.44056484354257663  -0.8968532670573537  0.039456761180529556  -9.277071917228989  -0.04360329554214679  0.022522232373249906  0.9987950248508403  -1.3443669795930528  0.0  0.0  0.0  1.0;ok
13001298762944;4.400696660660883;0.1521898201763161;0.13257183517580506  0.8591234175191744  0.49429916243940036  -3.4575826794001765  -0.9044149547810201  0.308893146934173  -0.29431040305355893  4.245076316497314  -0.40553458309565166  -0.40803428440178513  0.8179545981692128  2.151308016954978  0.0  0.0  0.0  1.0;ok
13001298762975;5.065929067357689;0.0447116790094317;-0.49474316169974325  0.8322128886034141  0.2503016420116012  5.273395828885979  -0.7818223655812208  -0.551988965625878  0.2899344244898459  2.2876076777535777  0.3794509093787056  -0.05224834800867234  0.9237354153122197  -9.462434071844886  0.0  0.0  0.0  1.0;ok
13001298763006;2.461872411913216;0.09882967698338434;0.6245864372426875  -0.366381118290494  -0.6896786632720299  -1.9819012016994617  -0.5733316793634554  0.38451768916807527  -0.7234894139896749  -1.401301069474882  0.5302665064387592  0.8472963017015068  0.03010663169772959  8.404612866436848  0.0  0.0  0.0  1.0;ok
13001298763037;4.79395374515572;0.028183628650783808;0.6014706232166505  -0.7988832438294045  0.00431881187161344  -5.28024000111517  0.7084694982580817  0.5308852258529538  -0.4650073623169854  -8.587716565050503  0.36919379659647056  0.2827480144928811  0.8852962785728945  -5.51889686657568  0.0  0.0  0.0  1.0;ok
13001298763068;2.0163281354479747;0.043954171251862455;0.15228021945163495  -0.772893362088263  0.6159923583971333  1.250813056883643  -0.9861376659301639  -0.07726054003477605  0.1468445190919377  4.958508370116711  -0.06590325179814413  -0.6298147821331564  -0.7739445080940845  0.7123947158537208  0.0  0.0  0.0  1.0;ok
13001298763099;4.57877492579961;0.017142023104508013;-0.5037360257528446  0.8037866972308338  -0.3165074433776852  8.781444062898371  -0.8610717254451248  -0.4377942033506222  0.2586343348272817  1.3522068988176863  0.06932171375323838  0.40281904233457366  0.9126507103678667  -2.211934504862983  0.0  0.0  0.0  1.0;ok
