# registration_from_features.py TEASER TEASER_config.json euclidean True --use_random_keypoints=True --n_keypoints=5000 --input_txt=/benchmark/point_clouds_registration_benchmark//kaist/urban05_global.txt --input_pcd_dir=/benchmark/point_clouds_registration_benchmark//kaist/urban05/ --input_features_dir=/benchmark/experiments/FCGF/3DMatch_voxelgrid_0.1/features//kaist/urban05/ --output_dir=/benchmark/experiments/FCGF/3DMatch_voxelgrid_0.1/results/TEASER
id;initial_error;final_error;transformation;status_code
34562489690030;3.026378295279987;5.515637047758451;-0.31837407624344105  -0.6387543763704935  -0.7004504224023846  6065179.186879995  -0.8902817344513511  0.4552884565495454  -0.010528752776445986  5007796.118237786  0.32563227861873634  0.6202461350143793  -0.7136233958617766  -5218642.421130199  0.0  0.0  0.0  1.0;ok
34562489690061;2.3389289960652655;1.1410649957294141;-0.4128020789965862  -0.8264962409339733  -0.38275110358836106  7642165.343895393  0.7725720544049152  -0.540302029983433  0.33347584192614443  11849960.925029414  -0.4824177280414411  -0.15804328558275907  0.8615657000795363  1610443.1431110706  0.0  0.0  0.0  1.0;ok
34562489690092;2.8315574878443655;2.014282831616666;0.8649973155750572  0.500282108620553  0.03869697458610166  -3930223.9855861217  -0.48035700749984483  0.803314921567177  0.35205437383068244  1919896.3098856357  0.1450406473845812  -0.3231144512114756  0.9351792673196775  2497769.3244025744  0.0  0.0  0.0  1.0;ok
34562489690123;1.8101091339027975;1.8140308540299632;0.13453871089475267  -0.9858213036552886  -0.10027807601946465  8539529.349348444  0.9876547515159303  0.12521456107243745  0.09412441502311325  6344331.364992665  -0.08023357824991113  -0.1117034957144322  0.9904973003327124  955078.3116836176  0.0  0.0  0.0  1.0;ok
34562489690154;2.62470578061902;3.870373828993622;0.29751857462439224  -0.8574257726768943  0.4198853916283587  7391986.283584832  0.8827578181056185  0.4145678075526028  0.2210705034925174  4090009.866001435  -0.36362251350387664  0.30488453107768265  0.8802409274639897  -2197519.3427108056  0.0  0.0  0.0  1.0;ok
34562489690185;5.512606798611554;3.444353050808881;0.8001636689947674  0.5419580675064967  -0.25694270934481983  -4219993.337833297  -0.37662536977015715  0.12060899427916338  -0.9184807027610659  7340036.418909094  -0.46678842494895395  0.8317060319389252  0.3006220929507383  -6363596.736165594  0.0  0.0  0.0  1.0;ok
34562489690216;1.5460191220852306;1.8535673495961025;-0.11734223471286091  -0.3952002190707695  0.9110694741889925  3964336.0082205315  0.8978055834137557  0.3499062811353781  0.2674149001329116  4599797.934952271  -0.4244713586847496  0.8493423227818241  0.3137541782795846  -6535292.412629358  0.0  0.0  0.0  1.0;ok
34562489690247;5.3501947700473025;0.06810050065264094;0.47830374745450077  0.8571715944040962  -0.19100362016915093  -6529984.7650774  -0.8347468860609222  0.5113205746288367  0.20432549075636616  4518185.8897359185  0.2728060875101121  0.061710029233312036  0.9600878662442563  -688143.9260237241  0.0  0.0  0.0  1.0;ok
34562489690278;1.7336325432466153;2.093736625490698;0.32989402034958826  0.006219903269453734  -0.9439974831221236  420749.0287228732  -0.49465755784135695  -0.8505659549158168  -0.17846976441002416  15236138.032632973  -0.804042185341049  0.5258315977016438  -0.27751990027838797  -3665647.6120253443  0.0  0.0  0.0  1.0;ok
34562489690309;1.8806280573322476;3.5294199246010893;0.8094912805431749  0.40759019303199784  -0.42260395320998767  -3145491.88775353  -0.06972469638593826  0.7814180599941388  0.62010021950398  1807562.2460793313  0.5829771294300142  -0.47249978842231716  0.6609702084832614  3392158.3525872496  0.0  0.0  0.0  1.0;ok
34562489690340;1.342499596526476;4.94480104898169;-0.38449879990653113  0.33366705574196187  -0.8607130583318277  -1711923.3541012462  0.8501459790267603  -0.2353585931513198  -0.471018202381248  9342323.474013574  -0.3597394713053715  -0.9128376791863503  -0.19317060915835466  7597390.496155683  0.0  0.0  0.0  1.0;ok
34562489690371;2.166541248145545;6.400046107323775;0.638841309849139  -0.6611736153039709  -0.39335890895734615  5572968.792166633  0.7216714741082729  0.6921823552667821  0.008594795851182058  1970001.3745472156  0.2665934438215419  -0.28936661432032496  0.9193448200910058  2140958.062422398  0.0  0.0  0.0  1.0;ok
34562489690402;1.8237522520831808;0.6717766500194127;-0.4867923972695084  0.6890527398950126  -0.536879393908708  -4499266.824492898  -0.6507207469083536  -0.6960824797754852  -0.30336725415351884  14103321.966831403  -0.5827483775212418  0.20168168730151884  0.7872285725909424  -1213219.666624257  0.0  0.0  0.0  1.0;ok
34562489690433;1.485279001754726;1.803193381573395;-0.6477672923715421  -0.73231779537879  -0.21001947887086664  7049516.492888418  0.3261792783475146  -0.01746382775492944  -0.9451465987331494  7957142.317052459  0.6884799294898409  -0.680739055212565  0.2501793864369501  4993435.382709317  0.0  0.0  0.0  1.0;ok
34562489690464;3.2048953782106575;2.3553274326425453;-0.8078378217002302  0.1854406901792262  0.5594727913459941  -222259.40211150516  0.3889288122643418  0.8809395900374384  0.2695919466440315  684690.598051209  -0.44286841479301103  0.4353816591572527  -0.7837795468422246  -3191532.076684128  0.0  0.0  0.0  1.0;ok
34562489690495;1.6045786219463427;7.464960566728008;0.6239856064415145  -0.7441987619906024  0.2383488317686293  6251488.807263579  0.7687165670548468  0.6393869507399116  -0.01609865705359872  2361404.6000148905  -0.14041653210796465  0.19326802600319767  0.9710461717321173  -1456300.260483415  0.0  0.0  0.0  1.0;ok
34562489690526;5.298220209160753;3.053113886667909;0.09483738678425196  -0.9751504398463524  -0.20021860486827842  8481691.85708384  0.9939662623545502  0.0816231103607592  0.07327166680212122  6690632.982988105  -0.05510843282892314  -0.20595943173960476  0.9770075604152917  1695813.3117713802  0.0  0.0  0.0  1.0;ok
34562489690557;4.725165945981713;4.406677375629066;-0.8112334582806027  -0.5585097294803939  -0.17311024880644524  5766085.98593695  -0.5698930334236119  0.6889621615994371  0.44783152003790855  2902820.0919752996  -0.13085184989646112  0.46195023753643316  -0.8771999609089741  -3624517.374999594  0.0  0.0  0.0  1.0;ok
34562489690588;1.3460500527468555;1.5946914934792906;0.15385254854549818  -0.8914004044603429  -0.42630354471197385  7766403.487729149  0.11431592686206399  -0.4124853500952393  0.9037630800284306  11284064.949952018  -0.9814587419610274  -0.18777953798203562  0.03843934109126836  2200355.0317782625  0.0  0.0  0.0  1.0;ok
34562489690619;1.8205673160604245;1.7340876727101209;0.18881711773326004  0.980714989967205  -0.05045992969208529  -7320701.94179824  0.17320821035374867  -0.08383835087702046  -0.9813103723023998  8598683.933531528  -0.9666162692180164  0.17654812198334888  -0.18569800404742265  -741261.465947091  0.0  0.0  0.0  1.0;ok
34562489690650;2.1392684506950816;8.080549792407727;-0.3205171348016698  -0.8129887745189641  -0.48612551754118055  7468449.483184929  0.864252979172906  -0.4610551421369105  0.20123355560112047  11147859.372745516  -0.3877312913465771  -0.35563662411971253  0.8504040435554442  3133601.6511149746  0.0  0.0  0.0  1.0;ok
34562489690681;1.8732202401465774;6.153377443155834;0.30193807342361895  -0.6614557694789672  -0.6865199668183148  5811882.442972257  0.5731690768717017  0.7013943168640877  -0.4237018073938328  2000078.5587938589  0.7617812081794053  -0.2655603082046457  0.5909036415279393  1601828.1677266383  0.0  0.0  0.0  1.0;ok
34562489690712;2.5869430889270166;3.812039533822622;0.36502015627045414  -0.8382156260890435  -0.40516027655292874  7190083.458728974  0.3124778847072732  -0.2996393695325254  0.901428765790741  10236755.704375234  -0.8769936471179034  -0.4556432951402922  0.1525494362773442  4282143.742441747  0.0  0.0  0.0  1.0;ok
34562489690743;3.8819775247609996;4.688746519353199;0.8961708643366421  0.4415955480030274  -0.04325683643103813  -3479937.411130154  0.40727385695089385  -0.8573516004838554  -0.3147637822115412  14657384.337856226  -0.17608460284322996  0.26446475215362475  -0.9481838468935571  -2003788.7814869185  0.0  0.0  0.0  1.0;ok
34562489690774;1.586561897713293;1.2619483580971236;0.8484904515846794  0.5167476033298487  0.11417472584808239  -4051149.3691289504  0.528715278563745  -0.8183995911381875  -0.22512721612037223  14258835.325985054  -0.02289340042213786  0.2513842152516845  -0.9676165917032467  -2006178.9832716386  0.0  0.0  0.0  1.0;ok
34562489690805;1.205521164189387;1.9894392993457226;0.26858723718785843  -0.18546134619375243  0.9452327676756631  2005838.2919900666  0.09230828826071825  0.9817293830403011  0.16639290367586673  82139.23023116891  -0.9588222337525184  0.0425618085061153  0.2807996020626089  331234.9099151416  0.0  0.0  0.0  1.0;ok
34562489690836;2.065099418152508;3.52059335498945;-0.4777299477239235  -0.2378703612259604  -0.8456901254584503  2951988.309735198  0.23167833416317365  -0.9626799615226267  0.13990154095710233  15628461.283574011  -0.8474073675199401  -0.1290929236365261  0.5150104567286956  1633939.1598815029  0.0  0.0  0.0  1.0;ok
34562489690867;2.727894652051314;1.604130909482772;-0.9097861267824935  0.33192375860348755  0.24923045959240694  -1328869.2849286231  -0.38869684435449464  -0.8919330047823836  -0.2310200817433963  15494900.67158849  0.1456158188623971  -0.30705395853888817  0.9404859913058946  2368137.784934975  0.0  0.0  0.0  1.0;ok
34562489690898;2.29580039724926;1.083671276500875;-0.9746294320199267  0.09905001376620515  -0.2007151339920094  590049.8508589813  -0.1954192959688884  -0.8137877176191959  0.5473215228868358  14730459.303621875  -0.10912730640650693  0.5726592751584975  0.8124977449638896  -4530797.311834393  0.0  0.0  0.0  1.0;ok
34562489690929;2.300657442855721;3.2090951715085723;0.6678250952495614  0.7031069589929552  -0.24423399921098762  -5423522.0640162835  0.7352647507156553  -0.6741988170248905  0.06958233595736171  12953333.166732648  -0.11573844871069917  -0.22604548068456648  -0.9672166521271871  1900224.9333115292  0.0  0.0  0.0  1.0;ok
34562489690960;1.3464116655749152;1.1531588125171117;0.20699048497315922  -0.7619269160815821  -0.6136956197342341  6687355.9576273775  0.9306979532557158  0.3467213699834219  -0.11655733096824059  4602293.812394347  0.3015895537584108  -0.5470389987443569  0.7808918458509951  4189467.140442538  0.0  0.0  0.0  1.0;ok
34562489690991;1.2386766652537227;2.1901535395857152;-0.723582695098376  0.5024434631519098  -0.4732638267289051  -2831738.3078747294  0.6732765871020256  0.6648379976930204  -0.3235569101159552  2223719.8421710897  0.15207472049759008  -0.552757635098287  -0.8193486902571636  4340708.426343567  0.0  0.0  0.0  1.0;ok
34562489691022;4.77837015482652;3.3710063797769263;0.338479061668569  -0.5377443921690414  0.7721806093801591  4791044.417743426  -0.9237313802009056  -0.3462640827886829  0.16377277613401475  11480327.518765785  0.17931051849820476  -0.7687211156598088  -0.6139345114054464  6059103.532640054  0.0  0.0  0.0  1.0;ok
34562489691053;2.167491542430286;5.925207028306996;0.846663417690387  -0.40003753745500503  0.3509003074546516  3326139.549095397  0.40300560654786693  0.05143147763519884  -0.9137512157032933  7348766.933097304  0.3474874648614243  0.9150545184496908  0.20476252105545348  -7605985.4298252305  0.0  0.0  0.0  1.0;ok
34562489691084;2.4865787628779126;4.42325698320049;0.9129476470410711  -0.2698292502469729  -0.30613521436340474  2232040.7025664607  0.25085487955675495  0.9627917832442685  -0.10051771744268401  123275.47678383415  0.32186708928490537  0.014971901298024337  0.946666477174926  -346366.24748686224  0.0  0.0  0.0  1.0;ok
34562489691115;1.9042244213164048;4.804211008364013;-0.7594867771128611  0.42721731738567476  -0.49057639478118664  -2201059.85233693  0.6454578128309316  0.4009716992596623  -0.6500814627785727  4366196.922731404  -0.08101880797832622  -0.8103746418284609  -0.5802834588674438  6577155.00695006  0.0  0.0  0.0  1.0;ok
34562489691146;2.204368269441607;2.5329925170303524;-0.2882213978586795  0.955289879722214  -0.06595203951892598  -6780989.82973857  -0.9553706130659159  -0.29153726040455297  -0.04767617314616697  11062401.493610887  -0.0647720426298578  0.04926734715940313  0.9966831547675672  -350890.9076423501  0.0  0.0  0.0  1.0;ok
34562489691177;3.9205161639220982;3.612009864201866;0.5371659110689398  -0.6021730660447714  0.5906271095333461  5169786.718986327  0.5207639008567555  -0.3140652247497017  -0.7938312126437046  10206650.504749537  0.6635192111385555  0.7339963440870522  0.14488486227660263  -6371283.47699803  0.0  0.0  0.0  1.0;ok
34562489691208;2.3565380774100433;5.487399993694706;0.44819053871229486  -0.04823136877119227  0.8926359706371012  775531.2805255419  -0.5319520543865016  0.7881166575256466  0.30967587242887185  2078385.1024175354  -0.7184373687683315  -0.6136333344897908  0.3275696536008441  5441850.734987383  0.0  0.0  0.0  1.0;ok
34562489691239;2.888227844794611;0.4966731148642982;-0.9989891299246332  -0.037647956268772514  0.024563177343505826  1706938.7038807184  0.04145694397643862  -0.9828595745399873  0.1796340127348088  15923911.765906675  0.01737930057736363  0.18047074035383037  0.9834268004216598  -1464172.0172193702  0.0  0.0  0.0  1.0;ok
34562489691270;2.5432202258587244;3.619141634478807;0.013092477524194623  0.3436778799208477  0.9389963268753456  -2071976.7185359213  -0.5616474157310527  0.7794671906081834  -0.2774582476121718  2168891.202776505  -0.8272730912068335  -0.5237522444997242  0.20323094977535605  4795174.013680378  0.0  0.0  0.0  1.0;ok
34562489691301;2.1034157138496146;3.174719225329058;0.6291433973162353  0.7723179377628003  -0.08777008957042344  -5953319.548885976  0.27208088625841165  -0.32459015931931556  -0.9058770445297183  10466271.783509027  -0.7281143982549874  0.546045997588917  -0.41434670454934397  -3881622.501320426  0.0  0.0  0.0  1.0;ok
34562489691332;1.5400005703685937;2.0739488866480205;-0.6057605625980538  -0.01158958842726504  -0.7955625822278065  1221488.4286727558  -0.22731477058551097  0.9607389268112317  0.15908711319041335  475557.3791071379  0.7624841872947564  0.2772118250538561  -0.5846122374495465  -2765787.728707317  0.0  0.0  0.0  1.0;ok
34562489691363;3.2280224062918226;7.95708460779756;-0.07568419287890456  -0.822855103071298  -0.5631885850208543  7376199.882012873  0.23548138786879638  0.5340830600043621  -0.8119752465338842  3583370.10959095  0.9689274580254468  -0.19407412080414113  0.1533454163594251  880967.7193951609  0.0  0.0  0.0  1.0;ok
34562489691394;2.3976719802288198;2.951219877027253;0.7243000295269272  -0.489886290085745  -0.4851812960258444  4135125.9739802484  0.4531115137454304  0.8685926776399941  -0.20059091819300004  738997.210175267  0.5196916617943924  -0.07455322351321708  0.8510948205254052  234806.52772682044  0.0  0.0  0.0  1.0;ok
34562489691425;1.0094624480211292;1.6170557130288685;0.6068265732016678  -0.7932833850008436  -0.04962843074211831  6658695.999555965  -0.12993548069786515  -0.160606132403306  0.9784285569678894  9428979.727712542  -0.7841417479717147  -0.5872879543427193  -0.20053572692118524  5276171.117651242  0.0  0.0  0.0  1.0;ok
34562489691456;2.09075176249572;9.99738398258515;0.4618820709400155  -0.5381013749427905  -0.7050616021517847  4707384.40180519  -0.1314373683411184  0.7446324313919278  -0.6544056542565226  2147034.407577727  0.8771483174171426  0.3949296803280609  0.27320574087718486  -3793422.278093482  0.0  0.0  0.0  1.0;ok
34562489691487;4.819526363868169;3.1774359282293054;0.8243293635405529  0.28074763790017754  -0.49159115555337074  -2135319.6641262723  0.26241004363271814  -0.9589359609013662  -0.10762337985237513  15576613.968321508  -0.5016194467975723  -0.040281344362426794  -0.8641500702371397  676760.4197787952  0.0  0.0  0.0  1.0;ok
34562489691518;0.9081270063423241;5.760402198370131;-0.4478624679656353  -0.5471809277618007  0.7071154375923809  5419462.657247462  -0.8387544113290069  0.5310554528492434  -0.12029606591745065  4362241.254035038  -0.30969379597250757  -0.6469722855677967  -0.6967902226949798  5423218.696415041  0.0  0.0  0.0  1.0;ok
34562489691549;2.7018815013951687;5.0298473591153945;-0.930517355488138  -0.2850919925884716  0.22991304203393687  3649779.80447457  -0.017864069231834805  -0.5916758150806528  -0.8059780424298956  12818814.951777283  0.36581187264199677  -0.7540837391235682  0.5454717116620946  5810225.3425989095  0.0  0.0  0.0  1.0;ok
34562489691580;4.668438872941319;0.320751978544028;-0.9064647141148432  0.393795705745017  -0.15246856791312674  -1828948.5989260073  -0.42031098884867835  -0.8762129065567033  0.23577450039497552  15390612.367809469  -0.040747941269980784  0.2778054796440097  0.959772744331709  -2206500.4873274527  0.0  0.0  0.0  1.0;ok
34562489691611;3.9959073484826004;1.749091817246275;0.6899523713325914  0.6927939896619976  0.20976704503030666  -5356111.3467343  -0.7128472730368338  0.7006502695475677  0.030626216006394966  2909094.159430156  -0.1257556782673606  -0.17066249638140527  0.9772716212560271  1461386.1885118512  0.0  0.0  0.0  1.0;ok
34562489691642;3.292173022565408;0.49672147219012625;-0.9685000883756963  -0.22671665071016478  0.10299096614283379  3206744.920332384  0.23874914976822462  -0.7279131320102108  0.6427606986523339  13734317.486964269  -0.07075607607279448  0.6471027990496189  0.7591123402770699  -5156594.190949448  0.0  0.0  0.0  1.0;ok
34562489691673;1.953679954832125;4.47008957469131;0.5741479704011361  0.6956110369119282  0.4318325988280285  -5297487.146112638  0.7833016011324968  -0.620192880943754  -0.04241924197760202  12485048.801802946  0.23831221065552524  0.3626100877705966  -0.9009557228296388  -3084475.3398629543  0.0  0.0  0.0  1.0;ok
34562489691704;2.008186623570813;0.7300443714232274;0.24369028357128458  0.7387865676947479  0.6283386452278422  -5412820.821983904  -0.39067424491409497  0.6677580761233552  -0.6336188019091895  2947607.896890283  -0.8876872647806481  -0.09106898026138469  0.4513510394143377  1356347.318543149  0.0  0.0  0.0  1.0;ok
34562489691735;2.8076941945791956;7.6224864630673075;0.947853837604394  0.2906353246178556  0.13078306703429457  -2301758.574976105  -0.20093938402588812  0.2264549607414058  0.9530695224918827  6364804.884118733  0.24737919574192105  -0.929650073328606  0.27304628668816977  7306088.075310939  0.0  0.0  0.0  1.0;ok
34562489691766;1.8275291698076832;3.4780155555658445;0.22063183019296279  0.9190983507240368  -0.3264656447500395  -6847294.69943038  0.9274970593414814  -0.30126577495324763  -0.22133264050908372  9818125.773586527  -0.3017793903145273  -0.25396289992472226  -0.9189298368445862  2255617.0388373956  0.0  0.0  0.0  1.0;ok
34562489691797;3.7232768051076097;3.3864929831536985;0.9943219904140441  0.05964370963531909  0.08812722212796308  -475900.9307548388  -0.039927250544211895  0.9767624688230894  -0.21057277640427013  215033.97800532935  -0.09863870458918926  0.20585846448363668  0.9735978114999058  -1586983.4471388906  0.0  0.0  0.0  1.0;ok
34562489691828;2.886530052875628;1.6671030711260677;0.7323304409469737  0.532723010889239  0.42414421949558023  -4098151.269211461  0.6279341786588885  -0.28736066329602816  -0.7232720901998458  9916703.108892484  -0.26342132133598906  0.796008820842565  -0.5449579475578197  -6219109.602774219  0.0  0.0  0.0  1.0;ok
34562489691859;3.863192297346279;2.01733583263118;0.44249176428179876  0.8844541474323532  -0.14812798396147187  -6724389.729446386  0.8866533248548759  -0.45623323831172924  -0.07547922749595559  11093574.897027299  -0.13433882561111826  -0.09793923294217613  -0.9860836610471364  882656.2025731759  0.0  0.0  0.0  1.0;ok
34562489691890;3.6706534983214847;0.14916648357232473;0.7028617540156137  -0.7112715579149044  0.008838871160975606  5931363.527337029  0.7112733337058263  0.7029068707960642  0.003489376260290146  1890630.360881408  -0.008694797357938785  0.0038343042381354456  0.9999548482856182  -24749.54178470578  0.0  0.0  0.0  1.0;ok
34562489691921;3.2786406111649433;2.7666060677606272;0.9466919807118741  0.18899488130407535  -0.26087397052348515  -1483108.5488199044  0.18244775703329913  -0.9819776575006951  -0.049322369397322874  15818148.176802935  -0.26549408582744016  -0.0009027792122264927  -0.9641120657788421  194060.19252115075  0.0  0.0  0.0  1.0;ok
34562489691952;2.441651137137093;5.231155891782109;0.7207612817304213  -0.5691144692072618  0.3957422086374624  4775052.664356857  0.6333603293744197  0.7726990346353522  -0.04231896794963404  1383921.6179861752  -0.28170528559657426  0.2811492891908703  0.9173860742644945  -2064155.6916242873  0.0  0.0  0.0  1.0;ok
34562489691983;3.0513635683647133;2.343200668227877;-0.18428197428075868  0.9554935113774915  -0.2303742686818496  -6855606.012564643  0.6060318923733008  0.29499157290066647  0.7387186997389652  5246443.229564368  0.7737993922080986  -0.003481613577364928  -0.6334211703008319  -515377.0184556951  0.0  0.0  0.0  1.0;ok
34562489692014;1.9745718167701451;0.898747650898895;-0.9623296679939919  -0.25425151801435636  0.0963212109868303  3424224.740486129  0.25653611858378045  -0.9664611447934134  0.011919541374289189  15641393.452438595  0.09006014634977175  0.03618039789721137  0.9952789301735759  -354364.0572179677  0.0  0.0  0.0  1.0;ok
34562489692045;1.2175878921579373;5.8743475113172074;0.9356833174822634  0.12558869813960558  0.3297335413405574  -965306.7065065915  -0.1812317151612654  -0.6307549102968225  0.7545219072738407  13247721.37834312  0.30274047434245055  -0.765751736554379  -0.567426191816047  5948515.358935806  0.0  0.0  0.0  1.0;ok
34562489692076;4.820847866328376;3.6455181917601545;-0.117840000110756  -0.9809554951479698  0.15440223739602513  8677783.70789516  0.613990551155167  -0.19417703041144413  -0.765056131243171  9176709.974924821  0.7804673839860778  0.004647300247946596  0.6251792264097824  -585656.6375612813  0.0  0.0  0.0  1.0;ok
34562489692107;1.0951736045872003;0.7053213296601836;0.7283134893993785  0.6056722294163852  -0.32050056423146356  -4682052.695151606  -0.6201891610400287  0.781535188931777  0.06758811278498889  2193248.9904168006  0.2914187119719082  0.1495456417792132  0.9448339723662973  -1407845.1051058348  0.0  0.0  0.0  1.0;ok
34562489692138;2.6395870453587285;11.18206986756688;0.4609303100163714  -0.8855806200261658  -0.057360393498340045  7503872.408162744  0.17307771900065486  0.1531026453340697  -0.972935600734828  6692509.12172361  0.8703949405262775  0.4385277020049961  0.22384392348347326  -4139639.3386885347  0.0  0.0  0.0  1.0;ok
34562489692169;2.994782826868506;2.8744148317697547;0.9639248862866439  0.09663639857149645  -0.24801254014346055  -752105.4265313458  -0.26530013875681413  0.42426769599775016  -0.865801800938514  4818506.914744157  0.021555741065801923  0.9003656638299189  0.43459984056970435  -7258930.3957965765  0.0  0.0  0.0  1.0;ok
34562489692200;5.292190560418294;0.13046621041020534;-0.009404306889108358  -0.4021550675170957  -0.9155232715132129  3944903.3456379534  0.44454717792302867  -0.8217937055120861  0.3564167675368075  14345191.979093175  -0.8957060709923802  -0.40364143401171726  0.18650530055834297  3876955.701669836  0.0  0.0  0.0  1.0;ok
34562489692231;1.8630711678931846;0.9967255579957156;0.5889890023153642  -0.8076490327479853  -0.028195656629988124  6786834.651243564  0.8080820475210696  0.5881658460795977  0.03262425446852091  2745765.3930971436  -0.009765225328078244  -0.04199973103145851  0.9990698989397975  344779.61034024245  0.0  0.0  0.0  1.0;ok
34562489692262;5.46562893652775;2.1861656892337096;-0.8402160065180151  -0.41064923152610866  -0.35412465465981857  4596829.0600785725  0.5013030335730041  -0.8372092874994347  -0.2185769371530144  14429404.190043926  -0.20671799854251408  -0.36117560489560424  0.9092963496610287  3051140.7264610464  0.0  0.0  0.0  1.0;ok
34562489692293;5.069828729190322;0.04462577999640077;0.707170653777294  0.706371408227483  -0.03080746784331853  -5477502.073866669  -0.7051230399885806  0.7013718533588582  -0.10430254931315562  2898049.986300949  -0.05206884782148852  0.09548275736845388  0.9940683468111534  -731647.1834106831  0.0  0.0  0.0  1.0;ok
34562489692324;3.2273635158321206;4.7174207498674035;0.9328258877535927  -0.08863289793847895  0.34925645669013655  760268.9865376116  0.12922541384819838  -0.8225072755427334  -0.5538795664176754  14572594.08478308  0.33635792773841966  0.5618060084070811  -0.7558024565752735  -4756177.594399592  0.0  0.0  0.0  1.0;ok
34562489692355;1.3752959580528585;3.7235758918517017;-0.8951972407475791  -0.0007113775998336402  -0.4456696019472625  1337033.853485107  0.34407502042112903  -0.6366767942327788  -0.6901123386867327  12926732.319146115  -0.2832565629956711  -0.7711304387893028  0.5701960767073877  6403366.361208473  0.0  0.0  0.0  1.0;ok
34562489692386;5.158940174423677;2.1712452698581823;-0.40498247011818445  -0.15533919374885968  0.9010321491392127  2236690.4148413474  -0.8605862166415483  0.3976267136514098  -0.3182520389838316  5451066.384063304  -0.3088374372118128  -0.9043023451679391  -0.29471461772400354  7492809.808313328  0.0  0.0  0.0  1.0;ok
34562489692417;4.03283871174125;2.019011087995365;0.8792494195871806  -0.021336646111997058  0.47588360518964906  256446.37819511112  -0.19730680703981296  0.8929625422893228  0.4045836402574175  999746.7129851057  -0.43357869187883347  -0.4496250055333676  0.7809269315036831  3922178.23268768  0.0  0.0  0.0  1.0;ok
34562489692448;4.000054921873328;3.9162325904987756;0.8797619025508034  0.13748724313044414  0.4551002667507256  -1021790.9309070088  0.44218498711126336  0.11496262020270545  -0.8895257349450554  6810322.587448726  -0.17461796011179154  0.9838093585306652  0.04034493864015909  -7792705.157898114  0.0  0.0  0.0  1.0;ok
34562489692479;2.0170795377863655;4.118930418168482;-0.40537546914410816  -0.5747204241706719  0.7108918082642934  5611047.18623219  -0.6937783038910653  0.6998031019605693  0.17013901238811213  2902571.972954844  -0.5952666579493857  -0.42423113102110777  -0.6824115718584502  3831550.310806404  0.0  0.0  0.0  1.0;ok
34562489692510;1.1740247611060295;1.4952928625596433;0.7429788025222467  -0.5596177022529094  -0.3671655298741741  4683034.805134501  0.29698240998383196  -0.21597415320750715  0.9301379539114059  9574499.113119887  -0.5998199289476838  -0.8001144871026115  0.005732396158813685  6858855.506097562  0.0  0.0  0.0  1.0;ok
34562489692541;3.354655951863199;0.12139771968335493;-0.5290890183675028  -0.7052799075080254  -0.47185279771172756  6748585.345256032  0.8460340484985617  -0.3955099260494973  -0.3574888630117804  10633715.17970939  0.06550724711088382  -0.588346964351643  0.8059507740018376  4687706.370597968  0.0  0.0  0.0  1.0;ok
34562489692572;1.8393631220032445;0.05251114859977324;0.14566721165714527  -0.016865330948262758  -0.9891898827121302  736043.3769307157  0.7450634129599845  -0.6559447093206767  0.12090098834431376  12799771.376888001  -0.6508929052589618  -0.7546204999376961  -0.0829838957709875  6528887.761761734  0.0  0.0  0.0  1.0;ok
34562489692603;2.6663199487245373;0.04357527227145443;-0.963789693308193  0.23778245514087817  0.1207018272441475  -533818.3488620186  -0.22373461322875576  -0.9673383291639964  0.11916115043749365  15985830.625627944  0.14509393480183375  0.08784111199992996  0.9855108772237556  -808661.5667154824  0.0  0.0  0.0  1.0;ok
34562489692634;2.141177615887272;6.982420792337862;0.32599136243900495  -0.030256687950394105  0.9448884402136762  716806.6717673726  -0.622942571740578  -0.7586863538150366  0.19062415599309585  14587534.551103156  0.7111063098640011  -0.6507530632806257  -0.2661733771482155  4736391.470615705  0.0  0.0  0.0  1.0;ok
34562489692665;3.9424089616480122;2.0131196101649063;0.4448931708107222  -0.8111779551043143  0.3795528839552736  6916433.6952002775  0.7715773959932128  0.13200303725999557  -0.6222889362237365  6441706.524993242  0.4546849332871228  0.5697065238409332  0.684613824089731  -4903096.367445298  0.0  0.0  0.0  1.0;ok
34562489692696;1.8711162461125304;2.1913898715501254;-0.09229550425698879  0.9810094021869692  0.17059335483750324  -7125615.269908353  -0.8980862030715054  -0.008023904930051446  -0.4397462777583016  8741273.599293493  -0.4300264081967014  -0.19379414276607948  0.881771579539171  1861333.9748231706  0.0  0.0  0.0  1.0;ok
34562489692727;3.310271605615024;3.278683006826097;-0.15906133036697961  0.45532993792504106  -0.875998938818459  -2849134.7194146332  -0.016538670673578282  -0.8883997621445856  -0.45877263976156574  15204957.559164291  -0.9871301664695687  -0.058485128456923316  0.14884059995558893  1164035.5077730922  0.0  0.0  0.0  1.0;ok
34562489692758;4.511424934062755;3.5233216838594674;0.8085700735243744  0.4859410762594017  -0.3317765914054839  -3775255.7144405777  -0.5042308724253922  0.8628615673191847  0.0349448556529726  1457556.405915943  0.3032584104256877  0.1390366356300874  0.9427105337582428  -1331675.697555679  0.0  0.0  0.0  1.0;ok
34562489692789;1.931706743686756;3.872762666192162;0.999934201473255  -0.00869314442518533  -0.007484782164338108  69997.34651450865  -0.01100436348781121  -0.9111893664136569  -0.4118407975406364  15384784.171898352  -0.003239862384863207  0.41189606428646797  -0.9112250740168669  -3311476.8228829806  0.0  0.0  0.0  1.0;ok
34562489692820;4.539455050249923;6.195416294459231;-0.8888905560379018  -0.4416549590269398  0.12171473433213324  4880228.622898423  0.45791885908148544  -0.848704079499019  0.2645972485481157  14552519.987313168  -0.013560895403338267  0.29093346766681  0.9566471760828152  -2331237.2935937815  0.0  0.0  0.0  1.0;ok
34562489692851;3.0455147307974437;3.0138874420417876;-0.7090003188830527  0.1916721416382352  -0.6786606942674241  -341426.1709762379  0.2178842474263369  0.97480887710997  0.04768760668200844  49605.781341132475  0.6707048550198429  -0.1140589462839795  -0.7329021450544403  446735.7129006814  0.0  0.0  0.0  1.0;ok
34562489692882;3.605304913385411;4.1053853186831155;0.026473555246252223  0.8654577296564703  0.5002819895323954  -6279308.790597553  -0.6103523136047816  -0.38235076607575935  0.6937419873112562  11550652.266331721  0.7916875672573839  -0.3237140865936298  0.5181119434938146  2048370.3544342904  0.0  0.0  0.0  1.0;ok
34562489692913;4.484860766274024;3.042368356463222;0.6510040262351691  0.43765889720132894  -0.6202003285440242  -3275989.024130871  0.315343137552145  0.5872755637779201  0.7454301562105566  3098991.3752537854  0.6904726377086696  -0.6808539504841273  0.2443060267078762  4992956.149582758  0.0  0.0  0.0  1.0;ok
34562489692944;1.7079159739228686;3.686024991175765;-0.8626724600357414  0.1612852308228627  -0.4793571747812891  11038.171089549052  -0.11126990567190792  -0.9850917636097994  -0.13119918200926517  16049654.089133592  -0.4933712950584458  -0.05984389347754332  0.867757727494144  828130.7283515823  0.0  0.0  0.0  1.0;ok
34562489692975;1.881460468963167;4.947881992517021;-0.010306904797387433  0.5549507343445546  0.8318193614985989  -3755310.5294450186  -0.9456199985785824  0.26505226393864123  -0.18854738308775829  6577542.207127  -0.3251101136564943  -0.7885283633652246  0.5220406441713334  6572757.473900316  0.0  0.0  0.0  1.0;ok
34562489693006;1.115739312366094;3.8813064202888254;0.8493757216719978  -0.23151783416095484  -0.47429987971703635  1968580.6309580705  0.14580262438131575  -0.7607569425535008  0.6324479971350769  14063850.664699016  -0.5072499168631718  -0.6063401411931016  -0.6124125692866168  5234910.733314297  0.0  0.0  0.0  1.0;ok
34562489693037;3.6096861314976527;3.4806581323948005;0.6529449557612881  -0.38430898724987306  -0.6526633795953828  3335911.3835494486  0.755250959936377  0.3953112424842273  0.5228049436269302  4334463.890193089  0.05708653309731376  -0.8342874947430016  0.548366213268447  6672313.622950436  0.0  0.0  0.0  1.0;ok
34562489693068;5.981505073479419;0.1672155165729233;-0.5546051786569354  -0.7823255294451039  -0.28351342434767757  7386553.195046274  0.6876718203337095  -0.6227537996071417  0.37320928792540625  12573166.568985665  -0.4685302160222222  0.012019611196086875  0.8833657032174531  232451.94604612188  0.0  0.0  0.0  1.0;ok
34562489693099;4.279282882274275;2.362289277388934;-0.1990636559604288  -0.8629501437176162  -0.46442513964406973  7785397.143079963  0.956084837731253  -0.2750429952236321  0.10125775940053833  9587078.66978348  -0.21511727949207682  -0.42387309449428234  0.8798046123019416  3561491.1831993014  0.0  0.0  0.0  1.0;ok
