# registration_from_features.py RANSAC RANSAC_config.json euclidean True --input_txt=/neural_comparison/point_clouds_registration_benchmark//eth/apartment_global.txt --input_pcd_dir=/neural_comparison/point_clouds_registration_benchmark//eth/apartment/ --input_features_dir=/neural_comparison/experiments/FPFH/features_voxelgrid_0.2//eth/apartment/ --output_dir=/root/neural_registration_comparison/results/FPFH/RANSAC_voxelgrid_0.2/
id;initial_error;final_error;transformation
13001298760030;4.310263072930483;0.16887866589311568;0.16371243641961675  0.5666262812433451  0.8075474571601913  1.1073773813972454  0.13994366906760342  -0.823652672688199  0.5495562248409932  -7.659306851055478  0.9765316214283336  0.023041965582924373  -0.21413794659663946  -5.272681364966693  0.0  0.0  0.0  1.0
13001298760061;11.165739862422033;0.3559661670869109;0.6054246624561855  0.7553910530564242  -0.25068971868052664  3.197316801949512  -0.777921526232696  0.495053141545578  -0.38698899993365266  7.404678296402448  -0.16822329539516162  0.42930961322588845  0.8873523420142818  -4.019153080897846  0.0  0.0  0.0  1.0
13001298760092;4.041875262067823;0.23912734210924524;0.1064743077787505  -0.9824117132383363  -0.1533963737353489  0.044346308376328025  0.8530934393471388  0.16950821089494328  -0.493455722615582  -7.224959569350652  0.5107786267316861  -0.07832108356831075  0.8561372567192602  -0.4648155370157756  0.0  0.0  0.0  1.0
13001298760123;2.6347404064812237;1.5662204174009382;0.8980175219543103  0.27621988189995683  0.3424428523216875  -1.1157164602930116  0.002388887964611996  0.7752777132677384  -0.6316159913465142  -0.4112994735886737  -0.4399532060086977  0.5680202849841908  0.6955531125436414  2.8682051497157515  0.0  0.0  0.0  1.0
13001298760154;4.655949543134552;0.15776643531444515;0.3706178223612693  -0.8961611944370629  -0.24400316254780044  -1.8030902359532546  0.8667977129179785  0.42810021020481603  -0.255718468051792  1.28479160727069  0.3336227729462627  -0.11672756147427227  0.9354520414023997  -0.9344231679750151  0.0  0.0  0.0  1.0
13001298760185;11.526736439495075;0.24422150014303384;-0.15073418323058824  -0.6032866313551369  -0.7831503345041609  -3.514331361542973  0.08204571249232509  -0.7971030741130146  0.5982434206083753  -4.6673624228649615  -0.985163797075103  0.025921606195480052  0.16964776233364312  -2.7045942204477766  0.0  0.0  0.0  1.0
13001298760216;5.6572197072150425;1.882864012399677;0.7833323584784645  0.5763949550183102  -0.23272144720675614  2.3145354347708333  -0.32672295509121363  0.7002872364361554  0.6347045746653144  -5.671946427593087  0.5288123738879718  -0.4211491924651563  0.7368791155331489  3.8407620671751794  0.0  0.0  0.0  1.0
13001298760247;2.8755933061249292;0.11380928567126188;-0.44479509101807957  0.8845905866135966  0.14020278556730842  5.812400262161335  -0.7631563771804865  -0.29239797733520717  -0.5762775085139407  0.28159340899502383  -0.4687746483919257  -0.3633220567552895  0.8051381323103095  3.7049924884770387  0.0  0.0  0.0  1.0
13001298760278;3.489631205271557;2.4985999647684007;0.9537234638296137  0.28993216364695  -0.07969250293372937  1.3385585270640215  -0.22445761286836935  0.5101270310598105  -0.8302946418034607  -4.6240767609047175  -0.20007582204323765  0.8097590707519745  0.5515976004014351  3.2646381959299147  0.0  0.0  0.0  1.0
13001298760309;15.033436311598187;0.31082406174646027;0.949061442432327  -0.3091982362509147  -0.060653352649243764  -3.78827653496187  -0.2851933178526211  -0.7611008036109049  -0.582572174236848  -10.396862066823747  0.13396697331985896  0.5701947188830834  -0.8105126973819461  7.5328378958316735  0.0  0.0  0.0  1.0
13001298760340;6.506989460822594;2.434227283582249;0.4767425183509766  -0.2107146445658379  -0.8534142662047909  -4.139696113848477  -0.7919639900029806  0.3183353480925756  -0.5210140542186334  2.9789090118180095  0.38145721874795746  0.9242629196934556  -0.015114415132631454  3.681965109691523  0.0  0.0  0.0  1.0
13001298760371;4.91629017563752;0.1418176642419325;0.22991375125904717  0.9548774217230507  0.1880127029366157  7.029736208844396  0.9440270181390736  -0.1718627815481255  -0.28156024815657144  -2.6394441767391337  -0.23654313772638097  0.24222364418462616  -0.9409437019250818  -2.602315049940719  0.0  0.0  0.0  1.0
13001298760402;8.540013131131722;0.19828101234631923;0.6721604587403621  -0.042074341496224174  0.739209082393882  -4.1409682940346535  -0.09512042376593281  -0.9950178851885214  0.029858217253415864  -3.052615825255427  0.7342699930465194  -0.09038339417515784  -0.6728138073559748  -0.14734960111277606  0.0  0.0  0.0  1.0
13001298760433;5.8803617295845045;0.09980582629840506;-0.8565721498723107  -0.002126809926347485  0.5160228955605214  3.4030829591810536  0.03749351863977367  -0.9976049518826786  0.058125691730655266  -7.419598452044388  0.514663373597866  0.06913636278179103  0.8546003599450258  -0.9074788493621413  0.0  0.0  0.0  1.0
13001298760464;2.166048600398045;0.6504700817942347;-0.7997053465868955  0.6001408319071531  -0.017387941744850977  6.626492238767613  0.2985983260320524  0.42268260821865355  0.8556742676978968  0.1381604733457954  0.5208746474260277  0.6790952765166797  -0.5172225894927112  -0.9344905960239109  0.0  0.0  0.0  1.0
13001298760495;4.352922081343947;0.21631755659499016;0.25540794675660095  -0.9628271526956729  -0.08792414210852653  0.8493453796305181  -0.9474007453027787  -0.23109609338410625  -0.2214191125949684  0.8930081736356188  0.19286940797678662  0.139851598684275  -0.9712069407763395  4.4944802671244775  0.0  0.0  0.0  1.0
13001298760526;3.427592892868579;0.055395629742375024;0.4252021193926212  -0.07980500864540256  0.9015732461975174  -0.44400411586168786  0.023105115897998914  -0.9948235161335055  -0.09895617902439403  -3.15961162879068  0.9048034655566712  0.06290733139209703  -0.42115716350759347  -0.26294986483681804  0.0  0.0  0.0  1.0
13001298760557;8.921254112295115;0.17114893722306476;0.7024499302371879  -0.7100674139850116  0.04866583099472788  -8.370134563254732  -0.35264031024485104  -0.28783254834892946  0.8903916192897242  -2.2897954233106015  -0.6182304643902502  -0.6426170645941482  -0.452586346670131  -3.398343883721787  0.0  0.0  0.0  1.0
13001298760588;5.635777697146662;0.12897865402299735;-0.38701121856188875  0.7279855243907662  0.5659146516788054  7.167008379699912  0.04752892446943463  0.6286741666352755  -0.7762150433637711  -3.8779957867043002  -0.9208492374140416  -0.27350661506249396  -0.2779043243115081  -6.281415241113094  0.0  0.0  0.0  1.0
13001298760619;9.801579940171315;0.26235755371148917;-0.3854355090314796  -0.14920060819562744  0.9105924702586214  -4.993056010122338  -0.4364202100270379  0.8989639581431998  -0.0374326360208111  -2.732825390368087  -0.813004839258414  -0.4118288242383787  -0.4116067915727757  5.424859948863139  0.0  0.0  0.0  1.0
13001298760650;5.928008986154682;0.0933811232994756;0.26604323368999694  -0.12318458515453981  0.9560578203163622  0.662225929509324  0.9639559288593854  0.037245394142937704  -0.263442114765232  -0.1852892436022069  -0.0031567427215310473  0.9916845963286118  0.1286533963016481  1.1542141135781792  0.0  0.0  0.0  1.0
13001298760681;3.926177848256171;1.7089161498071288;0.9393040386459284  0.05015814073731878  0.33939959325435737  -0.8488363634281129  0.26494958781050837  0.5224386140254094  -0.8104687597275115  -2.4127946708283585  -0.2179670592142069  0.8512003615442045  0.47743932138495443  8.853162034073474  0.0  0.0  0.0  1.0
13001298760712;3.640287511906044;0.08384096958556028;-0.20353753790444074  -0.07895210459859747  0.9758785968773221  0.3719617858979398  -0.679392462596879  0.7290983555429013  -0.08271317737329341  -0.8938272313395688  -0.7049811007611104  -0.6798397996028842  -0.20203834894782616  2.9891079129748537  0.0  0.0  0.0  1.0
13001298760743;2.23776059014918;0.10591469255311686;0.8356725451197254  0.023733564836064036  0.5487149672036428  0.2514967639571273  0.3969387837377487  -0.7165925778037516  -0.5735282725388281  -3.566989162339585  0.3795932023863428  0.6970880829111545  -0.6082575156669542  1.658000618006834  0.0  0.0  0.0  1.0
13001298760774;5.456665076952151;0.08184918836367365;0.5863385095470421  -0.8010902718731798  0.12025609561393895  1.458427016933876  -0.5370587383401407  -0.27328754238923303  0.7980487646424566  -5.313039435558073  -0.6064446090078225  -0.5325113101944491  -0.5904715409910466  -5.065138457279291  0.0  0.0  0.0  1.0
13001298760805;8.825594568085958;0.129647444650094;-0.1502257426832624  0.7439941580420412  0.6510798100345125  5.368660375133162  -0.9448679855870422  -0.30185436852062064  0.12691898998062873  -7.10180146994246  0.29095827200467766  -0.5961179690332545  0.7483225580909085  -10.398554120610761  0.0  0.0  0.0  1.0
13001298760836;4.000188739564292;0.4711683903213298;-0.9631968100739039  0.26817937967597505  -0.01821332973576961  9.867009935071614  -0.07861609188011492  -0.21626648097147452  0.9731640762511282  -4.136663520855216  0.257043605563243  0.9387803947275541  0.22939039935059197  1.2053668679436773  0.0  0.0  0.0  1.0
13001298760867;4.334456072611078;0.09266069606087107;-0.3945054184885052  0.7171556200119239  0.5745026470509262  1.9098266861883602  -0.36715883968818097  0.4501098705918824  -0.8139996872447723  4.878538322078007  -0.8423537625143237  -0.5320610125550183  0.08573924245577859  2.6163877367528903  0.0  0.0  0.0  1.0
13001298760898;8.680467736983655;0.04301862182602488;-0.5488358428446869  -0.2199762519419262  -0.8064673993352389  0.309063020486926  0.8312449229955625  -0.04161685569019792  -0.5543463856800745  -10.244830624934545  0.08838040282247245  -0.9746170970714825  0.20569496467559456  -0.37751139071338224  0.0  0.0  0.0  1.0
13001298760929;4.363996845460841;0.4041381894773805;-0.32149382760374967  -0.9443950515308998  0.06899061861325255  0.7712999165984554  0.43273522812058496  -0.08172565181103203  0.897809077799666  -4.78624434448405  -0.8422481470185116  0.31849474796299354  0.43494730067431564  4.837300552727523  0.0  0.0  0.0  1.0
13001298760960;8.141769742702108;0.10999170840922524;0.5284418163568915  0.8232496773152127  0.20738663294877124  2.4376257779306543  0.1610759109845869  0.14261896385268108  -0.9765830133941887  -1.1587692561267526  -0.8335489173563333  0.5494722922495607  -0.05723986743606628  -4.536509243650029  0.0  0.0  0.0  1.0
13001298760991;5.538685950931398;0.18563115092779411;-0.4122570052907404  0.7810061603950382  0.46911996228439234  6.095217164015417  -0.8299961122352205  -0.10962039235199177  -0.5468910524547046  -3.4948002268805807  -0.37570016670628376  -0.6148274123732567  0.6934238514294668  0.37989861844209516  0.0  0.0  0.0  1.0
13001298761022;8.071467038641245;0.17745783215687022;0.47523627387210954  -0.8796702703837467  0.01818514226340434  4.362633353014962  0.8794978212902094  0.47553164439613543  0.018794614220110806  -6.513769941502643  -0.02518067397685747  0.007061910569687219  0.9996579730473706  -5.980538427561431  0.0  0.0  0.0  1.0
13001298761053;9.81526024076362;0.13992067136228348;-0.8855371267382318  -0.07576279196792432  -0.458349208051484  13.447246068987091  0.33718419620190704  -0.7835124233068972  -0.521933999999452  -3.7550211583039093  -0.31957912165827  -0.6167400440031268  0.7193753562106153  -2.118651496910748  0.0  0.0  0.0  1.0
13001298761084;5.591627609591558;0.04889927027816996;0.43085389509937055  0.9022837723551049  -0.015777047326458404  5.12270297930208  0.4845770352894561  -0.24607064641415757  -0.8394250019170258  -13.066012519148531  -0.7612818255730137  0.35402433690067026  -0.5432464918747841  2.933664577203544  0.0  0.0  0.0  1.0
13001298761115;4.7915878266942675;0.22395564970304496;-0.37590530396886684  0.4996999319651751  -0.7803814326610247  4.261758422547684  0.8530113338004253  0.5156104855319615  -0.0807309830084732  -5.695876885607122  0.3620315826776627  -0.696021411454773  -0.6200704217590225  -4.3886622205794605  0.0  0.0  0.0  1.0
13001298761146;10.139080917100562;0.5726033975548378;0.8370241202574821  0.530379200167053  0.13449359143597092  1.266838139006871  0.3606615948413986  -0.7196393683666064  0.593331605009687  1.8874078040950084  0.41147762528920995  -0.4481261915209482  -0.7936429174126631  -6.389668397804094  0.0  0.0  0.0  1.0
13001298761177;7.93887486463345;0.11448473381488199;-0.300865439565657  0.9536013969128019  0.01115181962361464  0.9412407907064377  -0.9497413070221661  -0.2985467151152577  -0.09413452411160386  -3.0409278593611884  -0.08643747457435867  -0.0389131687201492  0.9954970257561621  5.446055143684895  0.0  0.0  0.0  1.0
13001298761208;3.7143332170860712;0.08763746215234938;-0.45430705850755315  0.7606629107346032  -0.4636777251744756  9.256130004898065  0.8907668882412466  0.39478302269426424  -0.22512377885373885  -1.7506032977887132  0.011808785001921632  -0.5153040861715944  -0.8569260477845432  -1.0062489977426023  0.0  0.0  0.0  1.0
13001298761239;9.442007376163867;0.1278955469670234;0.006788690930872393  -0.3834704266287386  -0.9235282050790964  6.085055432833039  0.9833712805741368  -0.16504914465638612  0.07576083678377157  1.6566741648184928  -0.18147958071757542  -0.9086854305805544  0.37597333686473633  -2.1433860496006005  0.0  0.0  0.0  1.0
13001298761270;3.3218855709366024;0.04249857917816964;-0.4650773289776114  0.371074278562712  0.8037455803052442  9.215211090044376  -0.6448787829780454  0.4799961667052389  -0.5947562821971972  0.08508484877765632  -0.6064935558897605  -0.7949261347681558  0.016062594023213056  1.2594902157687318  0.0  0.0  0.0  1.0
13001298761301;1.702374455622597;0.034626663938521374;0.70121719044198  0.6452592164730594  0.3032078418927007  2.0150413597545356  -0.5535747611345682  0.760776374190385  -0.3387835478717003  1.427113072333494  -0.4492765692348771  0.06971263895668017  0.8906686882933703  3.64290849978655  0.0  0.0  0.0  1.0
13001298761332;2.6966908062382884;0.16636322996042596;-0.21965083885813277  -0.7672482773313309  -0.6025641790888538  6.696751042528835  0.9382256103568649  0.0031425414288515086  -0.3460098676394324  -7.644076354552977  0.2673690577823247  -0.6413425023850157  0.7191617214334471  -2.501744665331914  0.0  0.0  0.0  1.0
13001298761363;3.780503688669632;2.804802157058939;-0.833193331611464  0.27616025970336955  -0.47908703083965576  7.332752904847929  0.3221882173818085  -0.46169191730496106  -0.8264595126656854  -5.585322726590102  -0.4494258834763775  -0.8429567512368816  0.2957030449718792  -1.9059057829684463  0.0  0.0  0.0  1.0
13001298761394;9.713878523349894;0.08320261830609797;0.9374094421011513  -0.3334907978656797  0.10023684750889846  -0.1582432398122604  0.2758515861065122  0.5354665734054176  -0.7982364632162479  -8.600413669215003  0.21253103373891352  0.7759248910199839  0.5939453873829614  5.983760516821803  0.0  0.0  0.0  1.0
13001298761425;4.539890497597582;0.08250462340813634;0.1335337607484056  0.9897169034816776  0.051275585837975465  7.2609899389571115  -0.9683897013348725  0.14130588047715437  -0.20555786166219356  0.07883098245565545  -0.21068963213443814  -0.022205834936254432  0.9773007622046749  -4.37243493943945  0.0  0.0  0.0  1.0
13001298761456;2.8219341713243176;0.1866619193649069;0.5127074952513413  -0.8321253998501194  -0.21141982697319472  0.06453908053171897  0.804721543863203  0.5515879876380807  -0.219485600292583  -4.145523196122289  0.2992561798117449  -0.05760217719541305  0.9524325320078209  -4.328344184687223  0.0  0.0  0.0  1.0
13001298761487;4.817878682726937;0.2017258289181321;-0.47136141216818717  -0.8137154939047678  0.3401257327785287  1.1719694482918133  0.38068011954219183  -0.5355989279375122  -0.7538013232792373  -3.226999878516523  0.7955507939183732  -0.2258337516216437  0.5622259785213939  0.06236223921259865  0.0  0.0  0.0  1.0
13001298761518;2.4163432216525833;0.16814343864032744;-0.9680142359525561  -0.25017253159293085  -0.01903006646262634  3.4259483672584725  0.25081614793081186  -0.9668260865064205  -0.048358850149980676  -9.682251129518647  -0.0063007087170739995  -0.05158510334450127  0.9986487261207511  -1.6660082229042144  0.0  0.0  0.0  1.0
13001298761549;2.2392274259590965;0.14216934204006615;0.47809358476805974  -0.06884426628929949  -0.875606641821951  0.5985362291325315  -0.582029284445517  -0.7714401520362691  -0.2571419916584955  -7.884755351207818  -0.6577753691431947  0.632566643781781  -0.4088899667675745  6.379319024647131  0.0  0.0  0.0  1.0
13001298761580;8.570690654168628;0.17092263279517833;-0.92488121143456  0.37248854801319037  -0.07646585077252283  6.819413215463028  -0.3675393265541661  -0.9272594433753294  -0.07144765991539107  2.58818224698474  -0.09751711732537416  -0.037976390959386985  0.9945090273890173  5.539255064629831  0.0  0.0  0.0  1.0
13001298761611;10.391644677470136;0.16655335802072793;0.5405223259754159  0.8064050811818879  0.2398884327477223  3.917945465820277  -0.8357418209751811  0.5474512927374277  0.042809937552010985  -3.9313213501767876  -0.09680508145347488  -0.22362452263593896  0.9698560970992727  6.463736796219317  0.0  0.0  0.0  1.0
13001298761642;10.080782196489423;0.19738681217623857;-0.7306638160829616  0.40743144922891517  0.5478412197400903  0.6760885450708973  0.34286171949406985  -0.4749293053842885  0.8104862714400335  -14.31383539138644  0.5904034461049947  0.780026774583042  0.20732101138312792  5.497170673861178  0.0  0.0  0.0  1.0
13001298761673;5.377260718947195;0.11590119505296016;-0.9767557791926297  -0.21303638027508026  -0.02374128246514863  8.528115316945794  0.2051758982850604  -0.9612406239650301  0.18417196747126813  -6.8699109960190565  -0.06205641446874832  0.175019894636612  0.9826072653429105  -2.508370424918234  0.0  0.0  0.0  1.0
13001298761704;4.0697080635330884;0.09163934613706651;-0.7068046955047634  -0.5966881979485587  -0.3799872587881351  -1.6127503433746142  0.6133300605611067  -0.2492333099117634  -0.7494724771748036  -7.211150310529449  0.3524958995854105  -0.7627882744637133  0.5421260823057152  -3.3284703411107524  0.0  0.0  0.0  1.0
13001298761735;7.748271368017596;0.08108406400495566;0.11348852145513327  -0.9429251192848005  0.31306960075943613  0.4203732272643901  0.9715372093693468  0.17126847368325765  0.1636537831308218  -7.482241540485347  -0.20793221565873465  0.2855859403821421  0.9355238448844038  10.673293207968028  0.0  0.0  0.0  1.0
13001298761766;4.3143958585213165;0.14222617647255387;0.3028650420820672  0.9529750295975029  -0.01055268914856064  3.8107274629941204  -0.9475308660314873  0.299909760295747  -0.11063179288507263  0.7115580200282348  -0.10226448162605656  0.04350550129564883  0.9938054372736989  3.2224412578485406  0.0  0.0  0.0  1.0
13001298761797;8.231005951784896;0.10803017874068074;-0.3207923181570004  0.1667100446609088  -0.9323626170222695  11.570621183209541  0.885664830504759  -0.29609360838695004  -0.3576679788286506  -0.980660253187599  -0.33569345632352504  -0.9404979192329735  -0.05266466842212383  -1.2024703207540597  0.0  0.0  0.0  1.0
13001298761828;4.4334073516756565;0.06003309487786339;0.7683456309671913  -0.5133729351222913  -0.38222142909255136  -5.693913307364101  0.6267017312421911  0.7247132023694538  0.28641877447096936  -3.6623398905219062  0.12996126896760088  -0.4596074453219126  0.8785619299588364  -0.11464463499314781  0.0  0.0  0.0  1.0
13001298761859;2.6655230457662435;0.09704533970512824;0.8013409107726339  -0.20316464244679044  -0.5626516442538433  0.44922423127960065  0.5978278177831821  0.305505356712843  0.7411264246431624  -3.3710032831444434  0.021322406212341743  -0.9302637287776119  0.3662714156388531  -0.8103092785080708  0.0  0.0  0.0  1.0
13001298761890;6.637126318209209;0.07337740638005211;0.5248910942635578  0.8505371020692145  0.03280209088620262  6.187224998415249  -0.8501180869823473  0.5257681484997019  -0.02944642947235141  -8.175503760320016  -0.04229157538185696  -0.012429482165301708  0.9990279929135233  2.1760026954942067  0.0  0.0  0.0  1.0
13001298761921;6.263021266226115;0.1763961294067217;-0.7186950654483871  0.6950406062870315  -0.019898706297002022  4.467812043345436  -0.6934606650207426  -0.7185685645189717  -0.052645267157961445  -4.155655938534759  -0.050889183223233825  -0.02403692362386728  0.9984150025583409  6.346121838601106  0.0  0.0  0.0  1.0
13001298761952;8.524152599894595;0.21353371654452524;-0.5436518898053837  -0.08765630562214038  -0.8347209083254793  -2.006422385045687  -0.027853668312939894  -0.9920992870573538  0.12232406869379032  -5.150332998454875  -0.8388484939919412  0.08975175042843633  0.5369151026209674  5.118730125194006  0.0  0.0  0.0  1.0
13001298761983;3.259695949088397;0.055990461687149606;0.9774548991612412  -0.19520086579637255  -0.08048939121421408  1.826403231996253  0.12101157587672043  0.20551443375921644  0.9711436639449702  -2.211571031983601  -0.17302635235570651  -0.9589892801845988  0.22450265450881407  -5.242494690440215  0.0  0.0  0.0  1.0
13001298762014;4.304140440760447;0.04632147729824998;-0.9031100951232501  -0.10705903956073287  -0.4158491531009862  0.7931606264034732  0.10318442282500068  -0.9941520792677929  0.03185307165402518  -7.888519661939837  -0.41682745947543526  -0.014142324273555773  0.9088756040797862  2.1478987501701954  0.0  0.0  0.0  1.0
13001298762045;5.169410619190491;0.18504613846467305;0.37149353196938906  0.8952468957192369  -0.2460194126689574  6.728482841801879  -0.760270271706991  0.14123778608657148  -0.6340670325288511  4.226319103780684  -0.5328993053696801  0.4225930471345147  0.7330985246541417  0.2201473803994065  0.0  0.0  0.0  1.0
13001298762076;7.251100765186261;0.054023973554249455;0.48218413486839373  -0.7010235799726532  0.5254183099241425  2.5437204232058073  0.8492907280979719  0.22689348549156707  -0.476680821313701  -1.6084873961411978  0.21495050418185901  0.6760808284249835  0.7047772656578473  7.257199882601121  0.0  0.0  0.0  1.0
13001298762107;3.6083033742486865;0.04107483712006126;-0.1549391296600791  -0.17500393885789206  0.9723001015552761  0.5533738123195988  -0.36304482038803154  0.925408160332831  0.10871152275093166  1.016884023031233  -0.9187993929523453  -0.3361448470133488  -0.20691620849216522  7.62249172756712  0.0  0.0  0.0  1.0
13001298762138;7.232928857269941;0.13830997147178728;0.8450034527237268  -0.4653468177910018  -0.26347960842685236  -2.8923402823774946  0.020830986553189434  -0.463688051561504  0.8857536118121767  -3.47635576004892  -0.5343549708613182  -0.7539534004239805  -0.38212437125223475  -4.506037710989  0.0  0.0  0.0  1.0
13001298762169;6.764347421644368;0.0772480213941473;-0.6055408119022383  0.20208017333267675  -0.7697297763933872  9.723628222516544  -0.41792512433908563  0.7423636724796304  0.5236742959404408  -5.154614155028229  0.6772436161138315  0.6387955708428104  -0.36507711939351994  5.751934572786  0.0  0.0  0.0  1.0
13001298762200;2.173201777732865;0.11739464785752146;0.4244701292677652  -0.3956106131211826  0.8144429704683369  1.2247832367925033  0.8600258309363533  0.4574621852792089  -0.22601751959041966  -3.8599266920087385  -0.28316193155444086  0.7963796781846287  0.5344143791973652  4.842430358792453  0.0  0.0  0.0  1.0
13001298762231;5.881331751981235;0.177871859396571;0.9115787178222714  0.20632039493855153  -0.35560671513049785  1.2006982636938308  -0.4079791281388253  0.5607753911069879  -0.7204748376812953  -3.3018844107538774  0.050766841703882376  0.8018496463559768  0.5953653268558794  3.3523381495561493  0.0  0.0  0.0  1.0
13001298762262;12.753530724937347;0.06369958113702844;0.5975713647573647  -0.8009790228116528  -0.03662060946666256  -7.7310529478481245  0.7979366495613671  0.5985469492837119  -0.07098346842710351  0.3965518669040604  0.07877542325370421  0.01319676168047157  0.9968050351860935  -4.763068649154126  0.0  0.0  0.0  1.0
13001298762293;4.0873319758586355;0.24755676052520678;-0.6936652160826211  0.3379295479698065  0.636107057503667  8.592639335431633  0.7169469951784785  0.40900167561355777  0.5645393125813767  -1.8776169743375015  -0.06939433767679987  0.8476563277379725  -0.5259878096916069  2.7704866656437632  0.0  0.0  0.0  1.0
13001298762324;5.257805486369847;0.20855449526217523;0.5552534235439732  -0.594795394774214  -0.5813020505710292  0.37009134185602255  0.47085144994431344  0.8009642501747097  -0.36980424825494074  -0.8125483307273416  0.6855600248906247  -0.06837183848231067  0.7247984160954782  1.541670128763817  0.0  0.0  0.0  1.0
13001298762355;3.940223826782666;0.12752740431852944;0.197394004224248  -0.9751931277176723  0.1001697097357348  -2.0763444870358643  -0.012137830465063473  0.09974111977602104  0.9949393861424053  -9.01189361330602  -0.9802490908783948  -0.19761091234557168  0.00785157016346769  1.8774631468991567  0.0  0.0  0.0  1.0
13001298762386;9.483249247669189;0.17689267278101733;0.3863310598068352  0.8293835044151112  -0.40357318398604913  7.792212965373123  -0.34169388466472905  -0.2777208914962589  -0.8978398496442727  -9.286445933578111  -0.8567342653420922  0.4847619096325876  0.17610306515819685  0.22426751047561155  0.0  0.0  0.0  1.0
13001298762417;6.696026314562576;0.08516410775583977;-0.8043018291932096  -0.5896940431503417  -0.07320862674207368  7.4257844405624125  0.5916835815169983  -0.8061394101627227  -0.007056255785858112  -4.7211192223017  -0.054855327176812615  -0.048991701904512186  0.9972916856290459  -3.3083700322910436  0.0  0.0  0.0  1.0
13001298762448;6.742317045442832;0.09843251963200877;0.7529410298393424  -0.03653889822288145  0.6570728380485139  0.8175156966378186  0.3643994130778837  -0.8082667816424247  -0.4625125700366327  0.5464788060081212  0.5479898478374983  0.5876816473313211  -0.5952624698878481  0.42978918097643404  0.0  0.0  0.0  1.0
13001298762479;4.7976364578938275;0.13380181988388434;0.4911762141255259  0.7809940599368838  0.38573851897447087  3.3390604469503655  -0.7946169394983634  0.5831515393457203  -0.1688733301056472  3.1862638811603468  -0.35683307881917187  -0.22356779844606373  0.9070212750307516  -4.824529390570444  0.0  0.0  0.0  1.0
13001298762510;3.641411788076855;0.1126143127939527;0.6702293693831793  -0.7065764713092484  0.22702925496154955  -0.755289890986333  0.7328284403447564  0.6784237348247515  -0.05199724077590853  -0.22452954490140864  -0.11728200816023651  0.20122357272100702  0.9724988454200325  -1.8651337098456522  0.0  0.0  0.0  1.0
13001298762541;3.070002262790549;0.07237738764955695;-0.8932474474205471  0.4366775092115429  0.10687259061835053  2.9609347948383578  -0.43152238238065344  -0.899490456876153  0.06859556467624772  -7.979686439357433  0.1260850156886213  0.015154898136606476  0.9919036736907811  -2.2689754623974197  0.0  0.0  0.0  1.0
13001298762572;5.3165421424298245;0.14193626688201444;0.7450716023317747  0.6651461825629581  0.04948599014555766  4.060435684726304  -0.5728441806419042  0.676149284204557  -0.4633267639305678  2.553609830279147  -0.34163994512273826  0.3168638529267586  0.8848047505551387  -1.6411062618188499  0.0  0.0  0.0  1.0
13001298762603;8.701034267553123;0.14713692472924764;0.549163054028152  0.6111095216432313  0.5700570959539535  3.662903408002767  -0.7139257848857832  0.6976359252399189  -0.060117297759145594  1.5111786922199313  -0.43443056265149305  -0.3739642608213044  0.8194027201948285  6.35216730864188  0.0  0.0  0.0  1.0
13001298762634;3.6983118308243395;0.18768254954446714;-0.33238366936981495  0.9370698943455057  0.10686959084585514  2.9843129321362882  -0.7274675681273226  -0.32684045758797853  0.6032961566317158  -2.599809026186312  0.6002599717282308  0.12278162889856019  0.7903243877964538  2.411237305943241  0.0  0.0  0.0  1.0
13001298762665;3.264462073407414;0.07295963719885842;0.22044619899214912  0.3048315428450634  0.9265426076746892  -0.37989373048334274  0.6509020325639826  -0.7534417293505115  0.09301668924116466  -1.3394525287074308  0.7264502855350738  0.5825832910065393  -0.364508836224858  -0.22708383585358982  0.0  0.0  0.0  1.0
13001298762696;11.28400940315467;0.17971584436994148;0.32509518957654554  0.9451865100863228  -0.030587233693602486  1.60106384987855  -0.9339770488542671  0.3158306884769235  -0.16714618879790538  -3.32884238270067  -0.1483239357880669  0.08290619619201883  0.9854575448517845  6.208754207268436  0.0  0.0  0.0  1.0
13001298762727;5.9914853246080435;0.06492960486350213;0.6714889954699247  0.5641050478149473  -0.48050808941420187  -5.292454619512125  -0.6136747583156253  0.7867882723114916  0.06608710584793501  3.131200799507562  0.41533819950619644  0.25049892132061863  0.8744966955044241  -4.928149093912955  0.0  0.0  0.0  1.0
13001298762758;2.650189718750765;0.48691205758021433;0.021822699188392247  -0.9129991373042932  -0.40737739883522  1.5449336039796808  -0.9877328915802228  -0.08270798697763912  0.13245045783491932  1.6094453837096003  -0.15462051833668758  0.39948962961724477  -0.9036041894201085  0.2180354797629399  0.0  0.0  0.0  1.0
13001298762789;12.47752396560415;0.1535989033507503;0.21569809241988752  0.9616488222765538  0.16942808368313036  14.213135870681056  -0.6914229443543335  0.2729380606483075  -0.6689089079014601  2.5731343363287005  -0.6894988360735682  0.027135910960512544  0.7237782791639562  3.463882799231121  0.0  0.0  0.0  1.0
13001298762820;2.5113803815995865;0.06842589756028214;-0.02055022788757016  -0.9984019893495627  -0.0526417685550747  1.37164065593623  0.9993745555166307  -0.02202879531108709  0.027662790225866818  -8.126600987249425  -0.02877821953677842  -0.052040367408189375  0.9982302410968695  -1.9288342217260417  0.0  0.0  0.0  1.0
13001298762851;8.315224491879562;0.1249790972602667;0.27922238721195397  -0.8133850449455737  -0.510332859160122  4.285978742617076  0.8727936993882165  -0.006591892321242854  0.4880447779290928  -2.022672146653525  -0.4003323828868835  -0.5816883320254176  0.708076738494916  4.537084877419797  0.0  0.0  0.0  1.0
13001298762882;7.127338882949794;0.11362523931193774;-0.40758874632540465  0.7999304523158078  0.44043465500197954  3.254551460290701  -0.6926307077549878  -0.5851335656062396  0.42175989979578804  -6.797909454329684  0.5950916875101764  -0.13315397800575146  0.7925502517806267  -4.494709073102444  0.0  0.0  0.0  1.0
13001298762913;2.3308338239256097;0.20177119666741516;-0.8956907334543006  -0.4422376456484805  -0.04651854227494464  7.949261378938795  0.44182869766943766  -0.8968919433664736  0.01929362174502791  -9.07526854655826  -0.05025447164010412  -0.0032721087390255033  0.9987310856204358  -1.2480841612193099  0.0  0.0  0.0  1.0
13001298762944;13.120560348922597;0.37145314803294044;0.008519890839960798  0.8660786450952782  0.4998351647993589  -2.4313279892765  -0.9143452736379224  0.2091182113184844  -0.3467597068157582  4.775379033731771  -0.40484581266954955  -0.45406756568255857  0.7936765800746848  2.454881408004612  0.0  0.0  0.0  1.0
13001298762975;11.342250680316473;0.2562774160441237;-0.5355332134961484  0.8300062850082082  0.15586450554683823  6.418915210126793  -0.7988281166660613  -0.5577410412532341  0.22538538312302037  3.1167514925065207  0.27400331615920387  -0.003807590922135895  0.9617212095951339  -8.935287284496162  0.0  0.0  0.0  1.0
13001298763006;4.458598501776789;0.10093226312777927;0.6530208651640911  -0.4099158415857429  -0.6368145353848264  -2.331146452904842  -0.5017140983299282  0.39572589836968025  -0.7692099693168929  -1.5052747734054557  0.5673153560387089  0.8218089900801523  0.05275671166886109  8.270776105696006  0.0  0.0  0.0  1.0
13001298763037;6.669679305647058;0.10977898093210872;0.5711879110709402  -0.8206030891127772  -0.01883986159669786  -4.866921831136702  0.7060263261529637  0.5028836527522942  -0.4986329898567278  -8.445469983530902  0.4186540302270658  0.2715116975989751  0.8666084473633743  -5.78457202106337  0.0  0.0  0.0  1.0
13001298763068;2.7376255445017748;0.13129697407851162;0.1922125398221326  -0.766200573414483  0.6131810669243172  1.1962039323473306  -0.9741495715296348  -0.07340059232062845  0.21364682383693775  4.916022228511793  -0.11868846542000475  -0.6383956722490369  -0.7605024745718749  0.9185997504536989  0.0  0.0  0.0  1.0
13001298763099;6.456555758447102;0.07928278052480456;-0.5000370975687951  0.8065001831098761  -0.3154684702132873  8.786196285886618  -0.8660039255182337  -0.4658135024888979  0.1818102909244585  1.5763477476726626  -0.0003194401130299229  0.36410882376394327  0.9313563562972299  -1.6701895093278991  0.0  0.0  0.0  1.0
