# registration_from_features.py RANSAC RANSAC_config.json euclidean True --input_txt=/neural_comparison/point_clouds_registration_benchmark//planetary/box_met_global.txt --input_pcd_dir=/neural_comparison/point_clouds_registration_benchmark//planetary/box_met/ --input_features_dir=/neural_comparison/experiments/FPFH/features_voxelgrid_0.2//planetary/box_met/ --output_dir=/root/neural_registration_comparison/results/FPFH/RANSAC_voxelgrid_0.2/
id;initial_error;final_error;transformation
7680147070030;7.545142564026325;7.545142564026325;1.0  0.0  0.0  0.0  0.0  1.0  0.0  0.0  0.0  0.0  1.0  0.0  0.0  0.0  0.0  1.0
7680147070061;10.640927348979892;12.867124679664483;-0.8064205424186187  -0.5735716995398475  0.14387986048169688  -172.70696239866194  0.5901484585307655  -0.7651530307370407  0.25742112665374517  119.36714024373988  -0.037559361802658134  0.2925001624630199  0.9555275764205255  0.5108440060307693  0.0  0.0  0.0  1.0
7680147070092;9.025949398967478;12.846324566050532;0.34269376168564986  -0.49360974069977875  0.7993187159000068  -19.94269778198737  -0.3174102530799006  0.73996743397087  0.5930420962312202  -35.83294802339141  -0.8842011744741647  -0.4569437827007424  0.09690543075413424  -68.4386966470247  0.0  0.0  0.0  1.0
7680147070123;4.786994751420969;4.786994751420969;1.0  0.0  0.0  0.0  0.0  1.0  0.0  0.0  0.0  0.0  1.0  0.0  0.0  0.0  0.0  1.0
7680147070154;3.758201806177061;5.8228247912243125;0.4566947724793936  0.7966481581148629  -0.3959565594382678  -18.956621422451192  -0.7968077854322576  0.16835890153150027  -0.5803039146427045  -35.86770044738599  -0.3956352333457365  0.580523033520034  0.7116640848660005  -20.312994023315436  0.0  0.0  0.0  1.0
7680147070185;16.67684111957192;16.041726308724357;-0.5335180763969397  0.8250037141014256  -0.18635271362811162  -131.03696136869044  0.8374651725308749  0.48445099889456594  -0.2529017881864186  93.6265796071845  -0.11836615629283578  -0.29099158302072775  -0.9493752428073686  -28.17758979386903  0.0  0.0  0.0  1.0
7680147070216;7.156480741338333;11.713853897558094;0.6223725484119988  -0.43738501399720964  -0.6491122865219968  -27.55268160383057  0.4667775716161414  -0.45829903128849825  0.7563601632530375  64.81346265566862  -0.6283081327018547  -0.773728859130047  -0.0810712213428641  -38.27886854077081  0.0  0.0  0.0  1.0
7680147070247;4.543534343953617;4.543534343953617;1.0  0.0  0.0  0.0  0.0  1.0  0.0  0.0  0.0  0.0  1.0  0.0  0.0  0.0  0.0  1.0
7680147070278;7.860981056932645;7.860981056932645;1.0  0.0  0.0  0.0  0.0  1.0  0.0  0.0  0.0  0.0  1.0  0.0  0.0  0.0  0.0  1.0
7680147070309;12.215977712507863;3.306198395077188;0.9879155278551695  -0.14569279157360968  0.052882135983055904  -14.051158474945822  0.144006488783141  0.9889776486257414  0.03442879183257008  14.317996900827676  -0.05731527729142317  -0.026397367334416742  0.9980070831345932  -4.490252950385125  0.0  0.0  0.0  1.0
7680147070340;9.621420397831704;9.621420397831704;1.0  0.0  0.0  0.0  0.0  1.0  0.0  0.0  0.0  0.0  1.0  0.0  0.0  0.0  0.0  1.0
7680147070371;4.530868242072095;4.7192589568809025;0.24561285074689532  0.1563194712235302  -0.9566810076845775  -25.04494577211043  -0.2593096512008138  -0.9403507474004631  -0.22022483206374108  -26.378359837550263  -0.9340411298985154  0.30216666722156266  -0.1904270802121321  -37.91558829894046  0.0  0.0  0.0  1.0
7680147070402;11.153677535127484;11.153677535127484;1.0  0.0  0.0  0.0  0.0  1.0  0.0  0.0  0.0  0.0  1.0  0.0  0.0  0.0  0.0  1.0
7680147070433;6.5184452478862145;11.3870329244458;-0.9903467896307675  -0.05964104390795068  0.1251246664315339  -30.41576990075666  0.11812695768768187  0.10913974071299162  0.9869825423301846  -4.135953213631646  -0.07252074279463243  0.9922355883955543  -0.10104097676608195  3.2210205378382093  0.0  0.0  0.0  1.0
7680147070464;13.779157687380561;9.012941360675581;0.9691632708736154  -0.14369392627046562  -0.2001864379585519  -14.743507746630236  -0.20659568474259046  -0.916617285559295  -0.342244028230807  37.98057614122378  -0.13431596120824735  0.37304799606335803  -0.9180383517031393  -46.81286183302027  0.0  0.0  0.0  1.0
7680147070495;6.966857954116943;6.966857954116943;1.0  0.0  0.0  0.0  0.0  1.0  0.0  0.0  0.0  0.0  1.0  0.0  0.0  0.0  0.0  1.0
7680147070526;7.628096648499513;7.628096648499513;1.0  0.0  0.0  0.0  0.0  1.0  0.0  0.0  0.0  0.0  1.0  0.0  0.0  0.0  0.0  1.0
7680147070557;12.205670442716103;12.205670442716103;1.0  0.0  0.0  0.0  0.0  1.0  0.0  0.0  0.0  0.0  1.0  0.0  0.0  0.0  0.0  1.0
7680147070588;13.972589640073979;13.714222683154311;0.39300737537767605  -0.6082652541631999  -0.6896075575836801  -40.71526841876236  -0.42324021568286757  0.5461308472819983  -0.7229168814433414  -53.89424055607218  0.8163411803452468  0.5759813176005146  -0.04280886646134244  83.14420781717273  0.0  0.0  0.0  1.0
7680147070619;9.983295415447671;9.983295415447671;1.0  0.0  0.0  0.0  0.0  1.0  0.0  0.0  0.0  0.0  1.0  0.0  0.0  0.0  0.0  1.0
7680147070650;4.983189947689928;4.983189947689928;1.0  0.0  0.0  0.0  0.0  1.0  0.0  0.0  0.0  0.0  1.0  0.0  0.0  0.0  0.0  1.0
7680147070681;5.27419459849476;7.470713317740246;-0.6163667268693082  0.7863604861282374  0.041584178055819085  -162.53197328128817  0.7771756044066784  0.6159751533804628  -0.1287349615800964  65.81435611407223  -0.1268469074259582  -0.04702973818848405  -0.9908067752101785  -16.538912136294623  0.0  0.0  0.0  1.0
7680147070712;11.641877588335147;11.641877588335147;1.0  0.0  0.0  0.0  0.0  1.0  0.0  0.0  0.0  0.0  1.0  0.0  0.0  0.0  0.0  1.0
7680147070743;6.384964019908019;5.286345669017588;-0.2064633976597002  -0.8903277792414794  0.4058193082367434  -124.76919231000352  -0.9215478099358498  0.31632446201572045  0.22514099745027483  -86.66875159528495  -0.3288198586296941  -0.3274985194491747  -0.8857890382756759  -31.317308723300517  0.0  0.0  0.0  1.0
7680147070774;9.308681266179983;9.308681266179983;1.0  0.0  0.0  0.0  0.0  1.0  0.0  0.0  0.0  0.0  1.0  0.0  0.0  0.0  0.0  1.0
7680147070805;5.341016807889507;6.511040839209862;0.3006915268513875  -0.8407071293640498  0.4503289112595823  -40.01592640554011  -0.9303210800617518  -0.3625111683343593  -0.05557284251856822  -59.13681191379496  0.20996974465983706  -0.4022401962376674  -0.8911316013127163  10.67708517081799  0.0  0.0  0.0  1.0
7680147070836;8.83474922596794;10.026615158036337;0.6547303489855798  -0.5537634291900557  -0.5144649984293314  1.8387613711234678  0.5218827632211762  0.8235461565191446  -0.2222838490200631  6.686857880667686  0.5467783386070183  -0.12295443291811371  0.8282002510600527  37.228756567761096  0.0  0.0  0.0  1.0
7680147070867;6.947504424693243;6.947504424693243;1.0  0.0  0.0  0.0  0.0  1.0  0.0  0.0  0.0  0.0  1.0  0.0  0.0  0.0  0.0  1.0
7680147070898;5.179162324391041;11.94356343801285;0.2389781432982532  -0.38190307885615354  0.8927706790581277  -46.389936133899546  -0.9610599384365457  -0.2244058418301662  0.16126317894931363  -50.65114364133677  0.1387560512484546  -0.8965445089412377  -0.4206598408800766  6.609210212185952  0.0  0.0  0.0  1.0
7680147070929;8.172064813793584;7.305959682921204;0.394396222863817  -0.9091373959314458  0.13386864722459835  -7.6519667983770745  0.8562517287002857  0.3106870927884908  -0.41268209007952794  83.53061963083945  0.3335934599007099  0.27738551817574236  0.9009842827806976  28.80396496030513  0.0  0.0  0.0  1.0
7680147070960;5.592350345683874;11.105742150616681;-0.5075043140002748  -0.38046384572124703  -0.7731019553526619  -91.24704841679961  -0.8183747992105086  -0.06793333081357417  0.5706555445991334  -30.623375170594898  -0.26963319396593244  0.9222973081732229  -0.27688556489668686  -32.83693860993915  0.0  0.0  0.0  1.0
7680147070991;17.111542984644494;17.111542984644494;1.0  0.0  0.0  0.0  0.0  1.0  0.0  0.0  0.0  0.0  1.0  0.0  0.0  0.0  0.0  1.0
7680147071022;5.465700088476111;5.465700088476111;1.0  0.0  0.0  0.0  0.0  1.0  0.0  0.0  0.0  0.0  1.0  0.0  0.0  0.0  0.0  1.0
7680147071053;12.380450498325937;12.380450498325937;1.0  0.0  0.0  0.0  0.0  1.0  0.0  0.0  0.0  0.0  1.0  0.0  0.0  0.0  0.0  1.0
7680147071084;11.24151184560079;11.24151184560079;1.0  0.0  0.0  0.0  0.0  1.0  0.0  0.0  0.0  0.0  1.0  0.0  0.0  0.0  0.0  1.0
7680147071115;12.186275917515337;12.186275917515337;1.0  0.0  0.0  0.0  0.0  1.0  0.0  0.0  0.0  0.0  1.0  0.0  0.0  0.0  0.0  1.0
7680147071146;10.370232338681536;10.370232338681536;1.0  0.0  0.0  0.0  0.0  1.0  0.0  0.0  0.0  0.0  1.0  0.0  0.0  0.0  0.0  1.0
7680147071177;13.127472395246876;13.127472395246876;1.0  0.0  0.0  0.0  0.0  1.0  0.0  0.0  0.0  0.0  1.0  0.0  0.0  0.0  0.0  1.0
7680147071208;5.015205061296216;8.435282325419328;0.5820347730371399  0.6371764793900138  -0.5052144664276282  -34.56022580328219  0.3006154075138181  -0.7458825765217462  -0.5943816608935578  30.899360430027027  -0.7555566820172445  0.19407554238860242  -0.6256746631482403  -39.54372290979677  0.0  0.0  0.0  1.0
7680147071239;9.396380850619304;9.396380850619304;1.0  0.0  0.0  0.0  0.0  1.0  0.0  0.0  0.0  0.0  1.0  0.0  0.0  0.0  0.0  1.0
7680147071270;4.313719515461572;2.6197945570395746;0.456486764875962  0.5758556009629306  0.6782404885678096  -29.936468484112666  0.5202206035378831  -0.7911655236188329  0.3216016758221567  73.96648254234705  0.7217966175784973  0.20602776773183026  -0.6607285386417631  14.213332317381402  0.0  0.0  0.0  1.0
7680147071301;6.640988953970737;6.640988953970737;1.0  0.0  0.0  0.0  0.0  1.0  0.0  0.0  0.0  0.0  1.0  0.0  0.0  0.0  0.0  1.0
7680147071332;4.27645581861147;4.27645581861147;1.0  0.0  0.0  0.0  0.0  1.0  0.0  0.0  0.0  0.0  1.0  0.0  0.0  0.0  0.0  1.0
7680147071363;8.04771944655425;8.04771944655425;1.0  0.0  0.0  0.0  0.0  1.0  0.0  0.0  0.0  0.0  1.0  0.0  0.0  0.0  0.0  1.0
7680147071394;5.63815225752638;5.63815225752638;1.0  0.0  0.0  0.0  0.0  1.0  0.0  0.0  0.0  0.0  1.0  0.0  0.0  0.0  0.0  1.0
7680147071425;4.625670255377578;9.92577561084312;-0.08431554582410376  -0.9958579149094487  0.034027959747660624  -25.606866157593906  -0.9018134073773607  0.09078910112454107  0.42248067102700915  -44.68484903064406  -0.4238200880170941  0.004934818051638451  -0.9057329521243993  -30.45526651662748  0.0  0.0  0.0  1.0
7680147071456;10.74094788718979;10.74094788718979;1.0  0.0  0.0  0.0  0.0  1.0  0.0  0.0  0.0  0.0  1.0  0.0  0.0  0.0  0.0  1.0
7680147071487;5.184679137576186;3.6899003587020434;-0.019932115254236882  -0.7823363218399055  -0.6225372200210203  12.333473913402848  0.17192864388674683  0.6107033614458064  -0.7729695632623947  4.495828176856033  0.9849077379088644  -0.12243889843020261  0.12233341309079282  12.568572882433905  0.0  0.0  0.0  1.0
7680147071518;11.144942838730964;11.144942838730964;1.0  0.0  0.0  0.0  0.0  1.0  0.0  0.0  0.0  0.0  1.0  0.0  0.0  0.0  0.0  1.0
7680147071549;4.676713798522656;4.676713798522656;1.0  0.0  0.0  0.0  0.0  1.0  0.0  0.0  0.0  0.0  1.0  0.0  0.0  0.0  0.0  1.0
7680147071580;8.191691152633943;8.191691152633943;1.0  0.0  0.0  0.0  0.0  1.0  0.0  0.0  0.0  0.0  1.0  0.0  0.0  0.0  0.0  1.0
7680147071611;7.069420748707525;7.069420748707525;1.0  0.0  0.0  0.0  0.0  1.0  0.0  0.0  0.0  0.0  1.0  0.0  0.0  0.0  0.0  1.0
7680147071642;6.993248842026112;0.6463425230191118;0.508375931635348  0.3277242222647764  0.7963358250605336  -62.214509458448894  0.2645179200535649  0.8206126942303364  -0.5065817565196816  33.309500730588816  -0.8195023990839982  0.4681790685293157  0.3304908133164888  -104.42882400580656  0.0  0.0  0.0  1.0
7680147071673;7.041527509178438;0.19898740153801833;-0.10525938817188663  -0.04125623659489133  -0.9935886392988323  -9.565633387233122  -0.20627367185994394  -0.9765026988426263  0.062399130206138124  27.784558551855916  -0.9728163410937829  0.21151927121445163  0.09427600121882018  -25.298863486059055  0.0  0.0  0.0  1.0
7680147071704;12.282268918916616;12.819051026993051;0.49881136979494983  -0.5677334285944916  -0.654878592885452  -25.370762163669987  0.7522379289134773  0.6588892221811102  0.0017581801767783956  50.42859069186062  0.43049426902950616  -0.4935015166642499  0.7557320539601565  44.400243699553386  0.0  0.0  0.0  1.0
7680147071735;4.789281163838539;13.40801612561426;-0.03711382953811351  0.7790850451576155  0.625818708627964  -89.47155666002605  0.9868070359599883  -0.07018575057342227  0.1458966558777404  125.23326138840527  0.15758945852079792  0.6229770885258958  -0.7662017421899536  -26.741176104196803  0.0  0.0  0.0  1.0
7680147071766;3.5325422548569234;0.17253778380689858;-0.27618276693329724  0.5670920034253043  0.775970192017801  -9.42754260995907  -0.26363318669551306  0.7317048154573353  -0.6285742644344551  -4.169907928779256  -0.9242405650705006  -0.378172874076952  -0.05257998849886897  -0.43281670612245193  0.0  0.0  0.0  1.0
7680147071797;10.169462042227867;10.169462042227867;1.0  0.0  0.0  0.0  0.0  1.0  0.0  0.0  0.0  0.0  1.0  0.0  0.0  0.0  0.0  1.0
7680147071828;7.018945504589687;7.018945504589687;1.0  0.0  0.0  0.0  0.0  1.0  0.0  0.0  0.0  0.0  1.0  0.0  0.0  0.0  0.0  1.0
7680147071859;4.745586814975582;11.423014447484936;-0.3643846348041679  -0.8967661724199887  0.25106626599732074  -39.258909550934305  0.43469490003876454  -0.40221961062454953  -0.8057665472761483  45.05964560432157  0.8235679582153027  -0.18447172366582332  0.5363823276067534  44.22325330466722  0.0  0.0  0.0  1.0
7680147071890;12.81657864345006;0.31652355240704144;0.1341161179978011  -0.24660201182919358  -0.9597918079745186  -13.235122378506297  0.47245272858823245  0.8672926545096221  -0.15681795395676915  21.537918732260827  0.8710920078514868  -0.43242444333715413  0.23282571735488863  35.21454407544697  0.0  0.0  0.0  1.0
7680147071921;5.809282261310979;5.809282261310979;1.0  0.0  0.0  0.0  0.0  1.0  0.0  0.0  0.0  0.0  1.0  0.0  0.0  0.0  0.0  1.0
7680147071952;7.620338870136215;0.4457071499857756;0.2713914292980079  0.9014379642932813  -0.33727776184380703  -24.774569277317795  0.03668712826925369  0.3404861977613342  0.9395335032628606  5.145363004784961  0.9617695912862596  -0.26735509283500297  0.05933386564389014  23.373261868115854  0.0  0.0  0.0  1.0
7680147071983;7.6997638172701715;3.268363418078279;0.5138718572042633  -0.28303617024583283  0.809830995150231  -7.93949357768382  -0.7477333835002882  -0.6105117220391078  0.26109428268741325  -9.294210461761487  0.4205121895648835  -0.7397066740170838  -0.5253603856800892  28.762844421081525  0.0  0.0  0.0  1.0
7680147072014;9.996205289495665;0.22289998616619525;0.5067621033165095  -0.1678103905357469  -0.8455955554935632  14.807892651732391  0.5929614136970489  0.7798444706622683  0.20059751604614606  11.61177891106267  0.6257706708600403  -0.603060755153017  0.4947007106176915  11.346689065068318  0.0  0.0  0.0  1.0
7680147072045;5.258513707654928;0.20057042733819594;-0.24180387395358252  -0.9056966719074715  -0.34820170165691283  -60.430548650370916  0.9668229504646736  -0.1944226627247843  -0.16569010433272002  57.90552317746676  0.08236667406070824  -0.3767139056561815  0.9226604815908408  3.812195430215402  0.0  0.0  0.0  1.0
7680147072076;3.639515910577449;3.639515910577449;1.0  0.0  0.0  0.0  0.0  1.0  0.0  0.0  0.0  0.0  1.0  0.0  0.0  0.0  0.0  1.0
7680147072107;12.029329944120931;12.029329944120931;1.0  0.0  0.0  0.0  0.0  1.0  0.0  0.0  0.0  0.0  1.0  0.0  0.0  0.0  0.0  1.0
7680147072138;7.590759272086863;0.0975545391700904;0.7556003030699848  -0.25100096555224866  0.6050344595908446  15.653102082400004  -0.5677370217582605  -0.7116560068041883  0.4137878709007524  45.512950880191106  0.32671525236145255  -0.6561587028085173  -0.6802300350639015  -2.3501600502916316  0.0  0.0  0.0  1.0
7680147072169;13.199001909138557;13.199001909138557;1.0  0.0  0.0  0.0  0.0  1.0  0.0  0.0  0.0  0.0  1.0  0.0  0.0  0.0  0.0  1.0
7680147072200;7.797457500134239;15.595941489294704;0.5082493265992274  -0.8017838446772728  0.3143648969366058  -11.328754238667074  -0.04579647741439208  0.3393483602651811  0.9395453012185024  -0.06092375625084889  -0.859991456159807  -0.49192007155620704  0.13575469985334315  -31.49214815337521  0.0  0.0  0.0  1.0
7680147072231;7.013635733914746;0.05468064117133491;-0.8415649175406105  -0.5192214907457304  -0.1489212312353331  17.300893659422744  0.4312080010186063  -0.8118284541258977  0.3936930542047878  44.23487315724444  -0.32531238744075525  0.2671022362679458  0.9070988071639488  -8.727332350864101  0.0  0.0  0.0  1.0
7680147072262;9.795586278474453;5.355498865019902;-0.42681904176457586  -0.4520049384630598  0.7832732864027572  -18.566928671274496  -0.8755575376489749  -0.010222940090135954  -0.48300568294998175  1.7125835138807637  0.22632830988021382  -0.8919568527125734  -0.39139298543260426  15.07766673812573  0.0  0.0  0.0  1.0
7680147072293;5.948491684290215;10.637685845968516;-0.6705454347584999  0.1430924004427927  -0.7279377616665144  -186.58006198453063  -0.22105942469047854  0.8981093786426713  0.3801740058836081  -14.525244660424484  0.7081677419086878  0.4158414468635788  -0.5705912200431726  48.088805148672535  0.0  0.0  0.0  1.0
7680147072324;9.966999865530171;9.966999865530171;1.0  0.0  0.0  0.0  0.0  1.0  0.0  0.0  0.0  0.0  1.0  0.0  0.0  0.0  0.0  1.0
7680147072355;6.355915505450699;0.10805047675147025;0.2685483110398177  0.04812743729008467  0.9620631758972744  -58.69996269424156  -0.8366775774328693  -0.48326900265803535  0.25772408209356973  -29.12294912992729  0.47733891110900084  -0.874148054307619  -0.08951392680179218  44.08180320021022  0.0  0.0  0.0  1.0
7680147072386;11.538831497596764;11.538831497596764;1.0  0.0  0.0  0.0  0.0  1.0  0.0  0.0  0.0  0.0  1.0  0.0  0.0  0.0  0.0  1.0
7680147072417;7.834517558781045;0.1563787933736447;0.4758674250779469  -0.7464425662217048  -0.46515985325696463  -34.43314228041895  0.01462639565928639  -0.5220915567946924  0.8527640206257019  5.2759966251088155  -0.8793953958827071  -0.41260623075282177  -0.23752860047633528  -63.88818861158043  0.0  0.0  0.0  1.0
7680147072448;5.937688742105761;5.5715706586278575;-0.07345990435606442  -0.6557144268502044  0.7514267980798304  -35.156580108129  -0.9172690426723195  0.34015381028008485  0.2071542630672783  -30.31624454121502  -0.3914347273901553  -0.6740430073611391  -0.6264542109528415  -9.758352664570797  0.0  0.0  0.0  1.0
7680147072479;5.153023637941118;5.153023637941118;1.0  0.0  0.0  0.0  0.0  1.0  0.0  0.0  0.0  0.0  1.0  0.0  0.0  0.0  0.0  1.0
7680147072510;6.2172217632284745;6.224760905191468;-0.8753914081411623  -0.32740263925225965  -0.35566472184247827  -32.31925444351896  -0.1658352226030632  -0.4877015751414388  0.8571148421003761  -6.4660696333150725  -0.45407990651076535  0.8092927068837426  0.3726348790544981  4.15950896866808  0.0  0.0  0.0  1.0
7680147072541;5.285545456378999;5.285545456378999;1.0  0.0  0.0  0.0  0.0  1.0  0.0  0.0  0.0  0.0  1.0  0.0  0.0  0.0  0.0  1.0
7680147072572;4.133909065560788;4.133909065560788;1.0  0.0  0.0  0.0  0.0  1.0  0.0  0.0  0.0  0.0  1.0  0.0  0.0  0.0  0.0  1.0
7680147072603;10.395055408305826;10.395055408305826;1.0  0.0  0.0  0.0  0.0  1.0  0.0  0.0  0.0  0.0  1.0  0.0  0.0  0.0  0.0  1.0
7680147072634;11.946248221103541;0.6891088596910985;0.795811097058224  0.18496411115073821  0.57660469594446  -16.011648717349537  0.16451159035791624  0.8503552876032983  -0.49983179318949095  17.280671098883957  -0.582769795405437  0.4926298432203734  0.6462934342322951  -52.34510381631432  0.0  0.0  0.0  1.0
7680147072665;11.239001405122174;0.7798944914224378;0.5422551039089417  -0.6261029053815527  -0.5603164767856487  3.8359375875919435  0.7473358834364523  0.6641772504929864  -0.018911828463560043  10.77529730587605  0.3839902077045215  -0.40848957367398697  0.8280626718954811  22.162401802344135  0.0  0.0  0.0  1.0
7680147072696;15.195524521954715;0.14261532630263282;-0.060765011691898754  0.9895614373729049  0.13067430894615162  -47.492761375199734  -0.39584565590221726  -0.1440719001311836  0.9069451495520195  28.84888255428834  0.9163044417972821  0.003383675082080914  0.4004681269283634  -6.32685585759652  0.0  0.0  0.0  1.0
7680147072727;7.340738660247694;6.786489007515643;-0.9749032569053026  0.014829287058808698  0.22213449061494378  -209.82239453820426  -0.09142518479768838  0.8830951398968149  -0.46020040142891294  -21.905891902552675  -0.20299033292287988  -0.4689595570365867  -0.8595765577328798  -31.605812106376817  0.0  0.0  0.0  1.0
7680147072758;6.227684121791451;6.227684121791451;1.0  0.0  0.0  0.0  0.0  1.0  0.0  0.0  0.0  0.0  1.0  0.0  0.0  0.0  0.0  1.0
7680147072789;6.6370184400482515;0.15266633763918008;-0.38547036282420255  -0.8478120915178058  -0.36418025325431985  -3.390987821802052  0.28354698984805143  0.2667474972398988  -0.9211117615492481  -5.164199644885535  0.8780738601805009  -0.4583234994983926  0.1375713119631429  6.734870648486689  0.0  0.0  0.0  1.0
7680147072820;9.269844301300596;4.6857203573124995;-0.030002959104173048  -0.46457513525936245  -0.8850252912452496  -101.23556389580983  -0.7734186227070985  0.5716798958731403  -0.27387174133950093  -70.29313639388543  0.6331851676206954  0.6762780791606517  -0.3764631497928197  57.768175790505005  0.0  0.0  0.0  1.0
7680147072851;4.298249925112131;4.298249925112131;1.0  0.0  0.0  0.0  0.0  1.0  0.0  0.0  0.0  0.0  1.0  0.0  0.0  0.0  0.0  1.0
7680147072882;5.601886296953832;5.601886296953832;1.0  0.0  0.0  0.0  0.0  1.0  0.0  0.0  0.0  0.0  1.0  0.0  0.0  0.0  0.0  1.0
7680147072913;9.333520105944512;9.333520105944512;1.0  0.0  0.0  0.0  0.0  1.0  0.0  0.0  0.0  0.0  1.0  0.0  0.0  0.0  0.0  1.0
7680147072944;12.394403539673155;12.394403539673155;1.0  0.0  0.0  0.0  0.0  1.0  0.0  0.0  0.0  0.0  1.0  0.0  0.0  0.0  0.0  1.0
7680147072975;12.294304208336897;11.061448960000316;-0.9851613800225549  -0.1386550969217418  0.10115245627110776  -76.14132316274531  0.01501371278653365  0.5174809406076613  0.8555630102664411  -14.304079543999325  -0.17097264032709847  0.8443863098164446  -0.5077205097828407  -6.861725848550815  0.0  0.0  0.0  1.0
7680147073006;9.313900341752262;10.863856496258851;-0.6347360693757255  0.6148946453541  -0.4679900611640281  -14.267669239625999  0.4486332217912334  0.7863521430031722  0.4247099474930353  19.802981501689608  0.6291568600426074  0.05962283379020572  -0.7749882342023992  -29.811702765399055  0.0  0.0  0.0  1.0
7680147073037;7.440136743478575;0.07377940474636921;0.7727636750129653  0.5150481053468619  0.37089318106304475  -0.1474067074776535  -0.4701507666764493  0.0719543302469765  0.8796481290563044  39.1955663440211  0.4263737318057991  -0.8541358343596864  0.2977539542788297  7.130159844525044  0.0  0.0  0.0  1.0
7680147073068;14.611712831992941;8.929189331369585;0.7247765016589406  -0.6469899576503683  -0.23686075517612246  -22.92236102565664  0.16988748170839085  -0.16534737546172418  0.9714929176204538  18.92649035569012  -0.6677104658471438  -0.7443549154318085  -0.009924397749796199  -84.0786042014145  0.0  0.0  0.0  1.0
7680147073099;5.832775396124054;12.147324459676172;-0.7237044126587079  0.41025450265015606  -0.5549262709167658  -105.93805254545504  -0.2771555399112592  0.5636317026144042  0.7781414463351035  -12.94407179547351  0.6320100709599596  0.7169452886122207  -0.2941984421133558  21.5256638845215  0.0  0.0  0.0  1.0
