# registration_from_features.py RANSAC RANSAC_config.json euclidean True --input_txt=/neural_comparison/point_clouds_registration_benchmark//eth/gazebo_summer_global.txt --input_pcd_dir=/neural_comparison/point_clouds_registration_benchmark//eth/gazebo_summer/ --input_features_dir=/neural_comparison/experiments/FPFH/features_voxelgrid_0.2//eth/gazebo_summer/ --output_dir=/root/neural_registration_comparison/results/FPFH/RANSAC_voxelgrid_0.2/
id;initial_error;final_error;transformation
36535719080030;2.8719654907800902;0.24220003857601272;0.5744710951322827  0.7060317564181308  0.41412814416149746  -0.30202975487901407  -0.6163539085059148  0.7060473765173868  -0.3487190295673567  6.632213852665043  -0.538600798669106  -0.05492049746721342  0.8407692422008284  6.509252112574191  0.0  0.0  0.0  1.0
36535719080061;2.8185456084080336;1.568910383482926;-0.1698483493742918  0.2865099666963718  -0.9429016794971115  -1.9949160014976806  -0.9565247995353815  0.18226332921336558  0.22768484072915274  5.326050121476656  0.2370903753605953  0.9405807343379436  0.2430967628407823  -0.8229232468236993  0.0  0.0  0.0  1.0
36535719080092;1.9001870719663094;0.05943732628878171;0.09322973561860198  0.9235480396422029  0.37197746553995736  -3.032536310532339  -0.8705496423750275  0.25691694619224487  -0.41968679145281995  3.1562695360797015  -0.4831682280088346  -0.2846975609876133  0.8279467145961189  -2.1779092531090747  0.0  0.0  0.0  1.0
36535719080123;2.152334886682317;0.06474835782995991;-0.1519442121345416  0.9667910804151063  -0.20549443600400324  3.6073700342177615  -0.9875453243297866  -0.15708597824180298  -0.008844650032187956  -0.25017132175642676  -0.04083122326344882  0.20159117607079396  0.9786183162690161  -2.5148170904673703  0.0  0.0  0.0  1.0
36535719080154;3.7084111945439853;0.7418970331006349;-0.9289655047165116  -0.3122030656631669  -0.1988776931616936  -0.9885148066937202  0.20325781199143045  -0.8792435915920485  0.4308328777017508  6.741658210656749  -0.3093692824299996  0.3598054369167252  0.880244678855778  -6.889119723029955  0.0  0.0  0.0  1.0
36535719080185;2.3222284832250804;0.10219650432361421;-0.4987401643700581  -0.07970905098978823  -0.863078626565642  5.983029467953465  0.4095093329123851  -0.8992848019643452  -0.15358695001074296  -6.960458617305015  -0.7639112217409698  -0.4300387333092872  0.4811510502451  -0.3586763466322198  0.0  0.0  0.0  1.0
36535719080216;4.7404660091141455;0.03154638448125124;0.7615542511896286  0.17797241068783476  0.6231861227024922  -5.893757788804097  -0.5987171319631569  0.5613441007092419  0.5713410509430815  -4.60766909071056  -0.2481389094616484  -0.8082194142885294  0.5340491175709317  -0.1920689680093386  0.0  0.0  0.0  1.0
36535719080247;2.9917173628249674;1.9621215323212187;0.9835718505986004  0.16195721132294227  0.07972625922831877  1.8227290617224776  -0.17945086473774363  0.9251650034999522  0.33446539947176923  0.07529782089750647  -0.019590861515543984  -0.3432776980804749  0.9390296162239234  -3.26315752395701  0.0  0.0  0.0  1.0
36535719080278;1.8936058971638152;1.7123698167772308;-0.4752493979667281  -0.7390341685992151  -0.47745838287240294  6.6874910517273065  0.5308705066753034  -0.6736067212388472  0.5142280527588486  -8.174186696604792  -0.7016512772557101  -0.009082001140597847  0.7124626322697304  0.5244831275463164  0.0  0.0  0.0  1.0
36535719080309;2.0474131250721026;0.33169628965933234;-0.645392307612322  -0.748052201089386  0.15455314205853837  1.5472232047243095  0.5679021124174478  -0.33459227218458387  0.7520207457950601  2.561208189010589  -0.510838487182243  0.573119460356811  0.6407637038516419  -0.914781728311302  0.0  0.0  0.0  1.0
36535719080340;2.643359974182583;2.576505916255445;-0.6836671263720023  0.10170627984244185  0.722672189141701  6.226444214759547  -0.27267291744908295  0.8829272526682341  -0.3822158376958348  4.976871023167808  -0.6769407214875269  -0.45836153758396253  -0.5758957895796872  6.0400591849753855  0.0  0.0  0.0  1.0
36535719080371;4.184735305781556;0.05155298563010467;-0.9758302082197304  0.15691454709687191  -0.15209611972441012  3.060448591025323  -0.145350851631542  -0.98576977565546  -0.08444571827020508  4.63750455910807  -0.163182519455437  -0.06029738231108317  0.9847515884884918  -4.527806745831452  0.0  0.0  0.0  1.0
36535719080402;2.5739270336253104;0.2840123952365614;-0.42928825398500453  -0.9011851325257134  0.0598076241387229  6.647314627857894  0.36552134952632476  -0.11280169496558769  0.9239425959730101  -7.270781235046923  -0.825896929423376  0.4184986672947751  0.3778268484921847  2.297262621817638  0.0  0.0  0.0  1.0
36535719080433;2.734748311517099;0.19335758519802118;0.25336986248051385  -0.3198782080999631  -0.912952159080289  8.453555080171538  0.6907286624138052  0.7205559607994284  -0.060770241701410044  -4.380536294867007  0.6772721961712594  -0.6152048759065303  0.4035162115134782  -7.486772619985377  0.0  0.0  0.0  1.0
36535719080464;3.7323423107611307;0.0707428616429112;0.283736061822487  0.915243985215431  0.2860459661460771  -0.9053821631870282  -0.9575599849560472  0.2546593944419148  0.13500914055519503  1.6769090684919954  0.050722011320934346  -0.31221313289074476  0.9486570703990482  9.219364670657072  0.0  0.0  0.0  1.0
36535719080495;4.095283908390811;5.8770121158580855;-0.3879690523671806  -0.12775589012789115  -0.912775134928062  7.53808051166324  -0.34453351903631374  -0.8984475703822772  0.27219224370771006  11.429504467599386  -0.8548547646622593  0.42008379617858765  0.3045536660794283  4.8225257177750915  0.0  0.0  0.0  1.0
36535719080526;2.3278553928468253;0.09640185737767122;0.728499546029612  0.2544013160458446  -0.6360569014080358  3.93396690784404  -0.6526078534501915  0.5400583201906942  -0.5314508447711223  5.0768768342772805  0.2083060273966727  0.8022574282528949  0.5594565378680179  -2.6840876318778424  0.0  0.0  0.0  1.0
36535719080557;2.2194490343578286;0.1918536639475417;0.37300765469940916  0.5882755569056561  0.7174936645594765  0.2814598671854678  0.6022249810864158  0.43477033603199605  -0.6695519599419394  -1.856596926336871  -0.7058260137534696  0.6818406148462894  -0.19210157275494044  -0.059099446349341056  0.0  0.0  0.0  1.0
36535719080588;3.796227498088121;1.9239057228300238;-0.7401212443291529  0.6719956213982329  0.025346173562687008  0.9371619921521548  -0.5713821293355063  -0.6482886079499715  0.5032338850656939  -0.5942982704896926  0.3546026028791805  0.3579717385826596  0.863778460259006  1.1501028611889743  0.0  0.0  0.0  1.0
36535719080619;2.4973131938563013;0.046940539663224326;0.08163823978366219  0.5485376618827691  0.8321307777634541  6.935175720130516  0.8087740022992099  0.4514449908109803  -0.37693770503439  -2.9419086214263412  -0.5824257987159771  0.7037782703152036  -0.40678782580381767  0.5975444650345425  0.0  0.0  0.0  1.0
36535719080650;2.045757500568744;0.06345355856681612;0.5804678498506242  0.7414262987236374  -0.3366661831113442  -1.9121251718529984  -0.6181291904842766  0.13207072821889887  -0.7749023336001658  -1.8331426462750526  -0.5300692211032878  0.6579090866591658  0.5349600494712261  3.4088055066329224  0.0  0.0  0.0  1.0
36535719080681;3.422151150058385;1.6386690895287992;-0.8673412871690678  -0.44511151688679895  -0.2226989652123204  5.137890712048154  0.4896525362454419  -0.6829054580599617  -0.5421074885115682  -1.080785616494241  0.08921594767927787  -0.579237320005062  0.8102620821641862  -4.779996411311787  0.0  0.0  0.0  1.0
36535719080712;2.329822326641319;4.2033847658417205;-0.47797622912931387  0.3834733889863362  -0.7902448255614561  -4.682078611401102  -0.13231222072590385  -0.9208364407249799  -0.3668156562628298  3.7897677511967114  -0.8683502753116981  -0.07077011637891095  0.49087614526865536  4.534214631160303  0.0  0.0  0.0  1.0
36535719080743;1.5817497009913515;0.08308007629300541;0.5973349141943239  -0.5196356259655274  0.6108762693965722  -0.8119993296560102  0.355496295055219  0.8543374067087098  0.379117369293795  -4.402166817573674  -0.718897339323545  -0.009295790749051513  0.6950541013387932  1.3242570781929215  0.0  0.0  0.0  1.0
36535719080774;4.455523395855616;0.14035141168090176;-0.6632509356321367  0.4227657891113618  -0.6175494182169902  13.557545031090292  -0.6860867148969731  -0.6731096322140767  0.2760587666829474  0.5264343222304366  -0.29897025943222955  0.6067886869229508  0.7364945847712308  -4.551876756845864  0.0  0.0  0.0  1.0
36535719080805;2.6623006804379994;0.04166787331985758;0.10105726753312066  -0.6970341650036638  0.7098808361241938  7.200076994414074  -0.47546433371081687  0.5929364627227122  0.6498923130356341  5.251264606430423  -0.8739113776852137  -0.40319936010802826  -0.27149434609363093  -0.7466997694524591  0.0  0.0  0.0  1.0
36535719080836;2.3641851278479833;0.03752899462678363;0.7454663042311571  -0.4899502911943576  -0.4519166974283024  1.1664046014455578  -0.5609778975003373  -0.09501336350192906  -0.8223601761224524  4.850325674615424  0.35997748231249244  0.8665570800095139  -0.34568054517624336  3.693955833250745  0.0  0.0  0.0  1.0
36535719080867;2.3245937370798613;0.0635185967087479;0.6833188109818307  0.48611746756231955  -0.544761608677755  3.811313191896871  0.70374025446281  -0.23976870562675312  0.6687754645998106  -8.556334930150637  0.19448664943126048  -0.840357528396616  -0.5059388971606485  -1.4995899097108865  0.0  0.0  0.0  1.0
36535719080898;1.1108467191895781;0.0432977282995515;0.975583324342758  -0.19381459411542887  0.10331060145117275  -0.33108061197637273  -0.06449942906746682  0.19681642560874968  0.9783164714245416  -0.8129751225064954  -0.2099452331306968  -0.9610927102618494  0.17950989211525545  -1.9878638200748944  0.0  0.0  0.0  1.0
36535719080929;3.0133446968971027;0.18850653142390578;-0.37265423975195083  0.23624428256739732  -0.8973948164264771  5.042793888128708  0.18022068738910954  -0.9302138205695071  -0.3197229298290586  -10.599586189411891  -0.9103017749251576  -0.2808752160225179  0.3040720171150443  3.0868581752617166  0.0  0.0  0.0  1.0
36535719080960;4.172447019856412;0.01609822016010444;0.15389544779725378  0.9678206197569331  0.19909655727960007  -2.8655179941408058  -0.28517476577218587  -0.14941722287175319  0.9467575436594485  -9.297570395303543  0.9460399273360833  -0.2024789902251573  0.25300338812620443  -1.6702520263942675  0.0  0.0  0.0  1.0
36535719080991;2.0023267432930947;1.637621806060734;0.7249663755300291  0.6886005358227189  -0.015907747028306968  2.6023589881490525  -0.3481512472308106  0.34641413394505377  -0.8710843569108155  -0.7425539291235008  -0.5943184865057483  0.6370451709790773  0.49087573450900396  1.2354444385854282  0.0  0.0  0.0  1.0
36535719081022;5.2049478600741095;0.0892214472153188;-0.4738724287755081  0.33190311053765065  0.8156501985911809  -3.535604815949859  0.35428109068618624  0.9198383187804635  -0.16847069800216413  4.763033783914292  -0.8061822560864305  0.20913582313549767  -0.5534730142046951  6.300154831731086  0.0  0.0  0.0  1.0
36535719081053;2.759339837400279;0.04081013598730397;0.9320423498232967  -0.27822769593003355  -0.2321344596421054  1.5419264729356188  0.03318626699232763  0.7034896121385755  -0.7099303045343474  5.09765947775883  0.3608264538791202  0.6539814330931589  0.6649154497757117  -2.467475985158578  0.0  0.0  0.0  1.0
36535719081084;2.627616704218367;0.05539707961877831;0.6674850577873734  -0.689543188917931  0.28105851392099235  5.566031863541864  0.4185639745611193  0.6596235053155308  0.6242603867256432  0.1035575982499628  -0.6158472999292801  -0.29904351163692205  0.7289067713484852  1.0390127752056346  0.0  0.0  0.0  1.0
36535719081115;3.3642234081663633;0.3061841495190974;-0.06213795357748435  -0.8929467549432666  0.4458530784479256  2.7588941335697887  0.5221982488442715  0.35160659373535597  0.7769696211215705  5.643189062728254  -0.8505573840895035  0.2811029990557018  0.4444471175434837  0.8241328218035793  0.0  0.0  0.0  1.0
36535719081146;2.4293434851076756;0.14844683609024367;-0.359780265071264  -0.9179747125115645  0.16697481263520725  4.838328448272561  0.9101498856244891  -0.30589499567492007  0.279384031968132  -1.508105493368339  -0.20539071683740026  0.2524889677002775  0.9455495622264692  -1.7050587655195095  0.0  0.0  0.0  1.0
36535719081177;3.5423989428844522;0.36367204653956475;-0.2770198553818989  -0.8060809757775145  0.5229660220451828  7.220738923025946  0.848725898411905  -0.4604358702312731  -0.2601214308150638  -4.0389998743320135  0.45047125223381046  0.3717960057530761  0.8116916785436215  6.39610940794362  0.0  0.0  0.0  1.0
36535719081208;2.4968567701157345;0.08193787672556704;-0.2574427140261449  0.9657286959927599  0.03303535577191097  10.402049492980177  -0.26205572385204173  -0.10268330771877329  0.9595743514247942  2.610419307925387  0.9300806667118907  0.23837832127115866  0.27950980189737373  -3.199579377046941  0.0  0.0  0.0  1.0
36535719081239;2.6254413723760552;0.07293846973685979;0.044210773611333076  0.980479873209373  -0.1915845132781317  8.58042312194027  -0.5507828684039824  -0.13607200851144644  -0.823482021887753  3.0189633686000232  -0.8334768379321457  0.1419282450077925  0.5340156682154927  9.365610788584242  0.0  0.0  0.0  1.0
36535719081270;4.852975213123584;0.07353689405417686;-0.6410892012841602  0.08903592643511993  -0.76228422507663  11.307116586043602  0.4762242629073703  -0.7327490971692614  -0.4860958876764591  -4.917807445246919  -0.601843075406846  -0.6746490675910501  0.4273564650070909  -5.77385244385711  0.0  0.0  0.0  1.0
36535719081301;1.4134837583742463;0.0355043512420717;0.9252945575216288  0.3557997654809551  -0.13128788483539483  0.8167535488760018  -0.34263286793278935  0.6358652534748603  -0.6915765302809981  3.8603345485508958  -0.16258136311707477  0.68489554408468  0.7102713524139526  -0.7584907676717845  0.0  0.0  0.0  1.0
36535719081332;2.6207414559357245;0.14586829799612105;-0.23716377553589074  0.9056809787107428  0.351418992621503  2.183703645746225  -0.5096457046218709  0.19197016670169337  -0.8386946469705169  -0.569228684771871  -0.8270517513034104  -0.37800716910936294  0.41604805103243425  3.512448837624129  0.0  0.0  0.0  1.0
36535719081363;4.7790429741920475;0.0904271245193299;0.8772646828057022  0.4759204197965546  -0.06250144256320891  7.013310896299109  0.4563434471670487  -0.7865378339744677  0.41606356960739543  -4.606713872445348  0.14885339945565876  -0.393519999170848  -0.9071850283834444  5.501536957485391  0.0  0.0  0.0  1.0
36535719081394;1.4663573651430153;0.08312062588950299;0.9011557910886561  0.12434143265766623  0.4152799637738574  2.6430341975020775  -0.4290851689568698  0.3921545937526559  0.8136957001114995  -1.5389648229517778  -0.061677856388108285  -0.9114570657597256  0.4067454478024797  -2.7870949790872572  0.0  0.0  0.0  1.0
36535719081425;2.332117443040167;0.046931749895256517;0.5428355786763932  -0.8245447728844678  -0.15954764815554823  -2.801293906505921  -0.4443180825760269  -0.12074797030336676  -0.8876944120380509  -3.0174623725207708  0.7126787326832675  0.5527620149544636  -0.4319064468197404  -1.141711355395631  0.0  0.0  0.0  1.0
36535719081456;3.9542146055036578;0.04359785479648352;0.9144266585700445  -0.2923864973532784  -0.27988215781272124  1.957490076645212  0.02671234282353683  0.7335789707874707  -0.6790790413193986  9.94654440903804  0.4038692075874334  0.6134916705089619  0.6786144954087125  -1.228792548761493  0.0  0.0  0.0  1.0
36535719081487;3.3533169379046845;0.23774384727210912;-0.5569638501436374  -0.8156222039148898  -0.1566897894382216  6.527725792327244  0.829559167601765  -0.5554691528898176  -0.05732022012986034  -5.480528579182682  -0.040284700334529536  -0.16190874179267475  0.98598311458669  6.499618805191047  0.0  0.0  0.0  1.0
36535719081518;3.0920879439740774;0.014955455420707175;-0.30301991089464536  -0.9014922622508718  0.30901558974137  0.09612201498774109  0.9023107298530652  -0.3757342152094795  -0.21132710737845653  -7.543167542148053  0.3066174822045058  0.21479176106806794  0.9272810895213209  4.133299289122132  0.0  0.0  0.0  1.0
36535719081549;1.5294161413651834;0.060149620629362965;0.8027276594397919  -0.5629622486220908  -0.1967277595985733  -0.7088868503993266  0.04988471016672405  -0.2653428317556184  0.9628627614190363  0.6344262508149745  -0.5942556860997603  -0.7827302781049612  -0.18491482167699358  0.7412409527068035  0.0  0.0  0.0  1.0
36535719081580;3.0692450464075005;0.020357308330827942;-0.010250866294257713  -0.992772678373432  0.11957143812575007  -3.259247149229828  0.7543751400461497  -0.0861684942212981  -0.6507635044192219  0.8540726911749691  0.6563635180451227  0.0835308307086484  0.7498063299949889  2.70164838775242  0.0  0.0  0.0  1.0
36535719081611;4.067373545893354;0.045362269447000274;-0.24939139822225845  -0.8483693066815575  0.46698335085246956  2.5343197594902693  0.913228153532805  -0.3664765376269123  -0.17807101663115713  2.737075973125685  0.3222084264692815  0.38205296340905964  0.8661508315891323  6.0233041522389446  0.0  0.0  0.0  1.0
36535719081642;1.8617882493278746;0.1031765393623995;-0.14326837929310382  -0.948032877562594  0.2840912433622611  4.6813708441130855  0.033610382610403666  0.28222619918232505  0.9587589450304395  0.268290661968992  -0.989112993381196  0.14690825557294804  -0.00857034240878396  1.2503627553867758  0.0  0.0  0.0  1.0
36535719081673;1.5998785025075408;0.06814796860691799;-0.9024408212343497  -0.15535898880763252  -0.4018260180308664  4.894033652790449  -0.3941087979403402  0.6744372821459972  0.6243497480079092  -0.9923955063881396  0.17400810198347721  0.7218018682770158  -0.6698680790990996  1.8689951587600842  0.0  0.0  0.0  1.0
36535719081704;1.9756325052656099;0.11649920230959232;-0.5595795457590053  0.8056598511023185  0.19437833287158096  9.834654224557086  -0.3530176433640763  -0.4439008080898944  0.8236082904213706  -3.2394105627782466  0.7498328316643782  0.3922553720459782  0.5328099545421919  -4.020357938562862  0.0  0.0  0.0  1.0
36535719081735;3.6039393451346733;0.043187108593747095;-0.6860039667439193  0.6604855772205795  0.30521690630632964  4.153914532863548  -0.10335679501256523  0.3267719588899771  -0.9394346490352259  6.311453330160004  -0.720219362789102  -0.6760021369543192  -0.15590118760566185  11.350677826754078  0.0  0.0  0.0  1.0
36535719081766;4.290345428514503;0.18152798144705443;0.510954834805446  0.12157916895994803  0.8509663110041122  7.29836323092301  0.23655026345664237  0.9318403455984876  -0.2751682088713816  -5.609945111631348  -0.8264194634975219  0.3418948317683373  0.4473687454020103  -2.1725394937999276  0.0  0.0  0.0  1.0
36535719081797;3.80649089162507;0.07324637819158522;0.13844686917332258  0.9725752587809336  0.18689523916703754  10.643364767134859  0.08580822395526429  0.17622303738519485  -0.9806030745395302  -6.897273136258009  -0.9866455357005111  0.15179857411034992  -0.0590574278166299  1.584009918274862  0.0  0.0  0.0  1.0
36535719081828;1.9802991795936433;0.030434195697513176;0.16580195315144594  -0.9837198268855419  0.06931821206180627  -2.2201730340756587  0.9749913405133438  0.17406738495756074  0.13817536472913566  -1.898124524783501  -0.14799188577472439  0.044674911150624524  0.9879790251106169  1.9565385725320947  0.0  0.0  0.0  1.0
36535719081859;4.6068693402346454;0.36783675142271;-0.45438565520816754  -0.8859056626714747  0.09329969553894768  0.10917952365374894  -0.8797933858658913  0.42988324528163335  -0.20288911654586855  1.0580497793737766  0.13963264134032624  -0.17427435919476808  -0.9747467225898104  6.36220878283029  0.0  0.0  0.0  1.0
36535719081890;4.508629332811153;0.03460879677406851;0.23123053780075553  -0.047681582908382536  -0.9717298518825719  2.3777254971253305  -0.7304716680581422  0.6512048365249026  -0.2057751273865  6.509695272992289  0.6426068631385206  0.7574026191781533  0.11574839916536747  -8.8526945310671  0.0  0.0  0.0  1.0
36535719081921;2.2999981710951882;0.05875825632813089;-0.5190658420758667  -0.659324819040612  0.5439314612955723  4.903179646978296  0.009275153713581369  -0.6406823796020523  -0.7677499983660316  -5.498064592700244  0.8546839317043822  -0.39346775149244007  0.3386716779150901  -1.86922161089405  0.0  0.0  0.0  1.0
36535719081952;1.2152378562390587;0.009237996759155487;0.3245772306678929  -0.6374996622087251  0.6987444468585952  3.110037755942691  -0.16955104128485232  0.6875602647954526  0.7060547618093299  2.2528686232877853  -0.930538589060757  -0.3476421478448339  0.11507767511836003  2.856389424870262  0.0  0.0  0.0  1.0
36535719081983;1.4321260052918148;0.14083375115714303;0.694025620793481  -0.31736951765683524  0.6462236663450911  -0.44030369538476144  0.7109172236981579  0.16036179573939385  -0.6847487097589458  -4.834740691816574  0.11368878014794322  0.934644683144084  0.336918651218611  1.5276835221550424  0.0  0.0  0.0  1.0
36535719082014;2.1446172376713286;0.7724079207132292;-0.9315401062306834  0.018978274565958703  0.36314302358468437  8.108243594751965  0.13103223895779498  -0.9140326548645783  0.38389433206927953  -4.481792157432726  0.33921023398098493  0.40519641031937825  0.8489713106029295  -2.4951086565913982  0.0  0.0  0.0  1.0
36535719082045;1.9741406690068724;0.040307152708653114;0.5113769492972968  -0.8581419705411327  -0.045672465700597575  0.8291259657157815  0.8488606651594613  0.5126983792051746  -0.1287475945617048  -5.462287544005662  0.13389991363861226  0.027068992522247953  0.9906250969824076  2.457590230617674  0.0  0.0  0.0  1.0
36535719082076;2.7263856166451443;0.01778546551797585;-0.9097527802502916  0.3713824771470417  -0.1855395766271789  7.7269065697347985  -0.36687662424524503  -0.9283734726559696  -0.0593652916366979  -4.867931363323876  -0.1942972501330857  0.014062394420016167  0.980841897378929  2.146790551638103  0.0  0.0  0.0  1.0
36535719082107;1.536577084651521;0.7757891983409448;-0.7533260817013685  0.5322886175891757  -0.3862235650675251  7.784002157612529  0.5874268850130974  0.8086729518501258  -0.03126838195070851  -3.687796685440616  0.29568474663444166  -0.2504333934023386  -0.9218750707534709  1.5398360685995325  0.0  0.0  0.0  1.0
36535719082138;2.448192473659257;0.07688404889129434;-0.7743622392289851  0.2374145592361524  -0.5865129576735504  5.010405748064256  -0.22844919225269233  -0.9693167498526746  -0.09075243806168595  7.435270235314681  -0.5900627839606261  0.06371315027332324  0.8048394532246065  3.19134792943644  0.0  0.0  0.0  1.0
36535719082169;2.751939271344588;0.04600347905328397;-0.3129093418974127  0.5554147865599182  -0.770455812246185  -2.4468114239955083  0.9479002655787135  0.13156952204777697  -0.2901285015022199  -0.18108749577002925  -0.05977315676064204  -0.8210991875155647  -0.5676471562442179  -2.6763043828210087  0.0  0.0  0.0  1.0
36535719082200;3.495996902324403;0.04241329829290087;-0.35275029357146764  0.8376426223929788  0.4170396474387746  2.0033107859690604  -0.6725719174656097  0.08288814214800179  -0.7353751231364072  -4.343318876669399  -0.6505491881647973  -0.5398929459086  0.5341360882174659  -5.062412602004825  0.0  0.0  0.0  1.0
36535719082231;4.028218031238248;0.019730710346134182;0.7307119555763516  0.07501441536982878  -0.6785520432984536  -3.9330335486809833  0.43932555489021013  0.7091204392987763  0.5514900356208795  0.5913712462467622  0.5225448256352682  -0.701085615353384  0.48520703328205617  -0.6537466076041091  0.0  0.0  0.0  1.0
36535719082262;2.352339194995012;0.02235211301806951;0.617718581811901  -0.4672917665405625  0.6325046708188766  -3.9461570733382274  0.7857852591984753  0.3349959161731625  -0.5199223620635007  -2.402647629161878  0.031068957347821006  0.8181785508498157  0.5741241841436531  3.00459489475322  0.0  0.0  0.0  1.0
36535719082293;4.915635355433878;0.05575135196770227;-0.6484045902907228  0.6197303649086514  0.4421603352858672  4.329472574686795  -0.30875191785698314  0.3168224033709504  -0.8968254110705658  -6.064143923090992  -0.6958762393626867  -0.718023564747317  -0.014086161932909243  0.134817556309133  0.0  0.0  0.0  1.0
36535719082324;2.6136203318699214;0.05656528225865;0.16774351719429878  0.9857135393492882  0.015196406903800155  7.421372982513935  -0.9857985643367768  0.16759371615849394  0.010655367461350158  5.0939624849190945  0.007956317668130167  -0.01676796492380826  0.99982775134594  -3.9347172598151325  0.0  0.0  0.0  1.0
36535719082355;2.6932219088290648;0.06021748341503074;0.8753142443995192  -0.36236296342896757  0.32018440981140345  -2.718202908054621  -0.08586293126042735  0.5351529183122296  0.8403802181496614  2.5401177807409425  -0.47587028756444455  -0.7630887476282707  0.4373134261104405  0.7888235369228997  0.0  0.0  0.0  1.0
36535719082386;4.785475193293865;0.09541413900295377;-0.279387900879441  0.690236805265845  -0.6674695150331442  12.935123755951647  0.6904428878698462  -0.33866066350872065  -0.6392163746195658  4.020090563641494  -0.667256337123993  -0.6394389006372966  -0.38195140125366633  5.213055240035249  0.0  0.0  0.0  1.0
36535719082417;2.477038884971137;0.05741161069455336;-0.9592587615120416  0.009241617448095756  0.28237779829392745  -0.8315626122060658  0.1075026337484376  0.9362247743558755  0.3345539651826577  -2.302519035996625  -0.2612772707288796  0.35128017932874145  -0.899075315761274  -0.3363853299281224  0.0  0.0  0.0  1.0
36535719082448;2.815184467780424;0.0649679061262469;0.6516439292501374  0.6387355793244375  -0.4091174026810865  3.199987142254626  -0.6158984929738379  0.7603789926120893  0.20613790031622153  7.63163435749854  0.4427518896899236  0.11764628043121639  0.8888926351796952  -5.396234190109789  0.0  0.0  0.0  1.0
36535719082479;3.430440585461284;0.023892884895285644;0.6010725736359891  0.7938006370085795  0.09269471348130927  4.080414602244239  0.7528532561463545  -0.6013192049492234  0.2676325624229348  -3.135653462636986  0.268186009949141  -0.09108107621239059  -0.9590518763985358  7.703839689594895  0.0  0.0  0.0  1.0
36535719082510;3.752685809770862;0.03364910725836351;-0.44853976229262144  -0.8898553780208788  -0.08348345853999202  1.2394216073860345  0.8937621722497919  -0.44669577251379883  -0.040645618135709966  -5.285726355652413  -0.0011229861136007047  -0.0928455331484567  0.9956798912685582  3.242027956394139  0.0  0.0  0.0  1.0
36535719082541;1.6713742885955687;0.060120401783188074;-0.010645101933840134  -0.29021321541470224  0.956902801439873  0.1640208698584278  0.7698205317535488  0.608358915208754  0.1930693636409223  0.4780492369973347  -0.6381716310644815  0.7386986664971631  0.21693604914769554  2.4010528144749643  0.0  0.0  0.0  1.0
36535719082572;5.705872389959219;0.040336000783398926;-0.6967773869705385  -0.6111968218062094  -0.3754193895105794  6.172390044842883  0.10233140229458024  -0.6027367488789611  0.7913511835179411  -14.800548614373126  -0.7099503905984785  0.5129784172504817  0.4825179647684203  1.6235406927061962  0.0  0.0  0.0  1.0
36535719082603;3.111669804062568;0.06744343612450053;0.5118763774359398  -0.06862614729600654  -0.8563136260333398  -1.105618096831169  0.8404086256158634  0.24658366388602362  0.48260733385952637  -4.204009142088678  0.17803346936325037  -0.9666886513308469  0.18389435873520776  -7.539752408192371  0.0  0.0  0.0  1.0
36535719082634;4.355140868473985;0.04222225798155473;0.8548157587261869  -0.4662659085838236  0.22778525221329507  7.378517257502654  0.2456554406549587  0.7502418205755697  0.6138327256965627  -6.456816668455639  -0.4571032958861608  -0.4687572006401129  0.7558592883189658  2.364101649772801  0.0  0.0  0.0  1.0
36535719082665;2.7201030154491477;0.032038034596837024;0.7190990965574205  0.20137899092358738  -0.6650887093801086  6.160682791052901  0.45254497663292176  -0.8620256873750811  0.22828657084863205  2.574974479443541  -0.52735143258989  -0.46514322129868424  -0.7110149437425866  1.5609672582941108  0.0  0.0  0.0  1.0
36535719082696;3.2991237738734345;0.04442513773181975;0.9846049102016715  0.15810870222921358  -0.07453059161279986  5.083202068165374  -0.10526097365409282  0.19591936644329686  -0.9749542190676703  -4.886143106712017  -0.1395467600202619  0.9677898739560424  0.20954584614350272  4.919652166163849  0.0  0.0  0.0  1.0
36535719082727;1.2878238866021425;0.022832736317567926;0.8966330346816409  0.380800953522508  -0.22591997457935953  0.7078489321000321  0.21794672076499144  -0.8237191499772678  -0.5234367095155948  -1.0313446527640395  -0.385419807515619  0.4200921277018588  -0.8215681202539127  0.9715649480014568  0.0  0.0  0.0  1.0
36535719082758;3.2221881761895412;0.027267065149786184;-0.6789986353981627  0.6710308126889517  0.2977893576833098  11.97663804797259  -0.6596204552987041  -0.7356981892358736  0.15378240896340303  -0.1896691804706836  0.3222758260853019  -0.09200990586378056  0.9421637167414033  3.207914772661324  0.0  0.0  0.0  1.0
36535719082789;4.375691271181936;0.05140498752715088;0.008272670615631264  0.8831363882389952  -0.4690433697314872  12.817712530703771  -0.719114147010561  0.3311878101630346  0.6108923620153459  3.0444255212112408  0.6948427206858825  0.33224201144285925  0.6378156781878626  -9.327079839129754  0.0  0.0  0.0  1.0
36535719082820;2.9711958970592893;0.08632497810002948;0.34952093483829416  -0.668009393644374  0.6569616169249473  -0.5039011321760611  0.785239325955975  0.5913644317121963  0.18354103050249415  -5.219970392258395  -0.5111108657443815  0.4517206646906772  0.7312414949997311  -1.7226822068217111  0.0  0.0  0.0  1.0
36535719082851;3.748982682712409;0.0644807291514806;-0.5918364447717838  -0.7619615594535978  0.262952856145234  -2.2970848925737064  -0.42064843679293584  0.013681970065514193  -0.9071205522524478  2.941835978054617  0.6875932775002636  -0.6474777105122363  -0.3286154274015112  4.026963844401653  0.0  0.0  0.0  1.0
36535719082882;4.963661102647681;0.059196105378514594;-0.21973369430218292  0.8556610739018617  -0.4685736123571488  6.055703572848714  0.8191826774403623  0.42266471644844406  0.3876780603170575  -7.281007835378775  0.5297705584212413  -0.2986614539552602  -0.7938164090968234  6.961532552894589  0.0  0.0  0.0  1.0
36535719082913;2.817358654932551;0.05619428403417886;0.2636473617053341  0.12382090927674255  0.9566391436125217  -1.572462432608706  -0.9166706803701602  -0.27662147525063  0.28843616829356533  2.091227704391427  0.3003413598150032  -0.9529684894350113  0.040572475009897135  -3.1961550322863617  0.0  0.0  0.0  1.0
36535719082944;2.334751411184137;0.04775246433408383;-0.3035068998043383  -0.5873923987531108  -0.7502357840427414  2.9960538937557315  0.6128444164656033  0.4825618551161342  -0.6257441787134823  -0.4763221919904117  0.7295925458624796  -0.6496954870352287  0.21351929924005275  0.38953886713296376  0.0  0.0  0.0  1.0
36535719082975;3.599500676289258;0.045162670975469714;0.5927809514875355  -0.5882689349589161  -0.5500458196512678  -5.540751541957989  0.7891905937387359  0.560480720164113  0.2510768190785825  0.539227602541883  0.160589384169172  -0.5829245427039595  0.7964986046475825  4.370789349868404  0.0  0.0  0.0  1.0
36535719083006;4.488115034885534;0.05069123405259458;-0.7589745211681296  0.09182702672632329  -0.6446126537543403  10.174734080182782  -0.43810411189846205  -0.8044081079565774  0.40123856119692586  4.962661358944836  -0.4816871010887356  0.5869372990501817  0.6507550565523161  6.712608772521901  0.0  0.0  0.0  1.0
36535719083037;2.300426924388642;0.3557819673504825;0.6557563585345494  0.7463913075531082  0.11350600975574329  -0.006891002236305954  0.6121098371088687  -0.6136312999710051  0.49877667849494534  0.4538917980663504  0.44193341755977644  -0.2575978332693368  -0.8592660884376156  -2.2959492858338386  0.0  0.0  0.0  1.0
36535719083068;5.209340635066207;0.03780966799638068;0.515780828733311  0.856689220706877  -0.007329108801338136  -3.753138743310587  -0.8566318746098788  0.515585460279688  -0.01880065292873523  1.0318852383649117  -0.01232753477152082  0.01597536456002019  0.9997963890781114  7.455861582366084  0.0  0.0  0.0  1.0
36535719083099;3.2857786138404523;0.08261772927463314;-0.9350356504579517  0.09304397698015018  0.3421273896085953  10.806943941199894  0.13143508463695647  -0.805236977863601  0.5782025838817826  1.1978044728786723  0.32929189315734797  0.5856075715261977  0.7406960383801424  0.17041788062120933  0.0  0.0  0.0  1.0
