# registration_from_features.py RANSAC RANSAC_config.json euclidean True --input_txt=/neural_comparison/point_clouds_registration_benchmark//eth/gazebo_winter_global.txt --input_pcd_dir=/neural_comparison/point_clouds_registration_benchmark//eth/gazebo_winter/ --input_features_dir=/neural_comparison/experiments/FPFH/features_voxelgrid_0.2//eth/gazebo_winter/ --output_dir=/root/neural_registration_comparison/results/FPFH/RANSAC_voxelgrid_0.2/
id;initial_error;final_error;transformation
38591597440030;3.9584549028563556;0.08255261670773235;-0.0564276127722573  0.9934675315497226  0.09918764173689078  5.050850751310873  0.9480409161270805  0.08447127371531346  -0.30672956372974364  -5.934674500191325  -0.31310436896624505  0.07672592569278122  -0.9466143810764948  -6.917527178337286  0.0  0.0  0.0  1.0
38591597440061;2.893302858668122;0.06111994715698473;0.49852991015939674  -0.0976840137370275  0.8613511259275672  -2.476573212861326  -0.5947050798691034  0.6843947277381471  0.421817169662534  0.6075961660369371  -0.6307089635119731  -0.7225383658356505  0.2830980629414498  -1.3229081040468254  0.0  0.0  0.0  1.0
38591597440092;2.596560926939177;0.030682033366374956;0.14070556787026406  -0.9662451982306713  -0.21580583881461002  -0.17851050819320102  0.9529597751221472  0.1912824645469977  -0.23511419726586785  -1.768048231176498  0.2684578368560943  -0.17257240698616183  0.9477073146164636  -5.015012956676576  0.0  0.0  0.0  1.0
38591597440123;2.5491129024057546;0.14203508232830703;0.6441643403216093  0.6898656702770224  0.33035989410226724  2.6057309061725786  -0.5409260279661203  0.7162350893602967  -0.440915330917223  4.260395601460055  -0.5407876985720205  0.10532166796192949  0.8345394007060989  2.4370375718761017  0.0  0.0  0.0  1.0
38591597440154;2.8903184466470044;0.18474214677881345;-0.9269133966710946  0.23070234477988036  -0.29598645777251226  9.018107758880529  -0.22168225769931418  -0.9730050479007513  -0.06417283990125339  0.7791076201788417  -0.3028011421593199  0.00613228120053208  0.9530340305751352  3.504758823722909  0.0  0.0  0.0  1.0
38591597440185;5.076548343189817;0.09530215075121683;0.4864107359483199  0.26622175237934637  0.8321842190971217  7.0144099633085215  -0.2666226078331935  0.9522467722856095  -0.14879001869704547  1.9904812150151123  -0.8320558760963366  -0.14950606419711004  0.5341637911931588  -1.783447037317303  0.0  0.0  0.0  1.0
38591597440216;1.6762692747156474;0.06757503863869299;0.8388027626421741  -0.543468748405103  -0.032429074776307826  1.172843855423137  0.2607479815135057  0.34872799584218317  0.9002217921448732  -0.46057595313837846  -0.47793348441021494  -0.7635643420320813  0.43422238548539344  0.24892101274013956  0.0  0.0  0.0  1.0
38591597440247;4.93981129019194;0.10922148216447988;-0.17372184446257116  0.6661176873322423  -0.7253329906874967  13.101849183728476  0.7981841834046653  -0.33616753106206754  -0.49989338905636815  -2.196275519284505  -0.5768212289081864  -0.6657917224498809  -0.47328495877015897  1.5898422325788772  0.0  0.0  0.0  1.0
38591597440278;3.836455877765292;0.07456872180087921;-0.8586224164496723  0.5064487882109506  -0.0792285989386754  -4.066861889034902  -0.3989392658081011  -0.7572517124698908  -0.5171240723055843  -4.3307866013733305  -0.3218928519967773  -0.4124069214757161  0.852235602959829  3.1132211056078827  0.0  0.0  0.0  1.0
38591597440309;3.8455601514228666;0.028097133199258762;0.5704875698364731  0.023972953077937224  -0.8209562900561751  6.835154498160428  -0.13612662456854183  -0.9829886666745755  -0.12329972941136336  0.20616397657568264  -0.8099465875881264  0.18209497167704308  -0.557519458444534  3.3115840904087324  0.0  0.0  0.0  1.0
38591597440340;3.1249643016133017;0.06074861693400823;0.08659076525383669  0.5033268735007217  -0.859746531126903  7.204428894357878  0.8385301623678483  0.4291556148767693  0.3356972222391656  -0.4685505767761996  0.5379304845164518  -0.7499916777083128  -0.3848938518555014  -3.211350638224751  0.0  0.0  0.0  1.0
38591597440371;1.9082676334258446;0.23642834049799707;-0.2138787062656577  -0.15029288864316556  -0.9652294787403782  5.115151946583346  -0.051852251846945335  0.9884474276181143  -0.14241849182439023  -1.043227967777638  0.9754830818545905  0.01958903924203509  -0.21920088174330984  -4.2415860316036955  0.0  0.0  0.0  1.0
38591597440402;1.653095540299216;0.16064010478767665;-0.08909970432382394  0.025296066168811845  -0.9957014370411393  3.2139985202085732  0.9186754630929764  0.3883324819201423  -0.0723413920010336  -4.468950405843216  0.3848332576588356  -0.9211720754137774  -0.057839184620485345  -0.5524118940159224  0.0  0.0  0.0  1.0
38591597440433;5.513897604577699;0.058707006337739995;0.9581628508202753  -0.11730539538704261  -0.26108120484066455  -2.087539592731069  -0.25689998082296817  -0.7546427505776635  -0.6037521998748635  -4.3134819961752005  -0.1261996480229721  0.6455646855379161  -0.75320640306971  9.255364639059817  0.0  0.0  0.0  1.0
38591597440464;2.6229936829188185;0.04445406689045229;-0.4148847035074067  0.872787769600484  -0.2571229123034044  5.901216551455305  -0.7296594114641191  -0.4879728842093689  -0.4790402984491235  0.5981682743628429  -0.5435695227451653  -0.011134339324922068  0.8392902956846284  0.5204443362230684  0.0  0.0  0.0  1.0
38591597440495;7.040304842930483;0.13371582754105746;-0.9470140529981113  -0.2186927932539728  -0.2352399745002239  11.368325030770091  0.3121039592454569  -0.7995474860720959  -0.5131422182388647  -11.687006092390787  -0.07586502519212107  -0.5593722192731488  0.8254375919825995  -0.5741683616573638  0.0  0.0  0.0  1.0
38591597440526;4.4907205692444;0.13886065777272957;-0.9427602268414421  -0.2043399593060345  -0.26353052141389777  6.071067055891474  -0.08950343505747689  -0.6062158403263957  0.7902477396679306  -6.756678469746177  -0.32123556745600995  0.7686010252193072  0.5532270548635931  7.313691958016179  0.0  0.0  0.0  1.0
38591597440557;2.48450718425269;0.02293412026992871;0.8105469836795743  0.4992633955900785  0.3061856447840253  5.974633100549155  -0.5769937345837721  0.5910464433140041  0.5636863774271452  2.3082663771024055  0.10045803849874384  -0.633561491624713  0.767142763005201  -1.587273141944836  0.0  0.0  0.0  1.0
38591597440588;2.328820346378117;2.7339293411303616;0.011442438557146273  -0.9830059722992035  0.18321661776149906  0.41560972821493003  0.6779960585656993  -0.1270504482751018  -0.7240024365721921  -0.03041633029658275  0.7349764725276865  0.13250449810173626  0.6650204078173573  -4.099660026313118  0.0  0.0  0.0  1.0
38591597440619;6.320591373756098;2.0629136803376453;0.6359498688562566  -0.7468577313644695  -0.1943483815287065  -2.516688404541802  0.7708622098026364  0.6267029916177594  0.11408248680470745  -2.501475954483942  0.03659532483672924  -0.2223665653790339  0.974276086538937  8.856916493776646  0.0  0.0  0.0  1.0
38591597440650;2.279414240855783;0.028190052025445157;-0.13115317943864502  -0.18246007085447166  -0.9744265832103082  3.915183534284453  0.42888419949223905  0.8757311915792292  -0.22170526272762411  2.5009193804563843  0.8937881107673317  -0.44699351520911873  -0.03660068868149176  -0.4328469910796625  0.0  0.0  0.0  1.0
38591597440681;2.179632741963947;0.02465993988802511;0.6321858858667312  0.5115937617521976  -0.5819044841270181  1.8969832597292005  -0.7490215483649755  0.5956943099244191  -0.2900258767913729  2.86028087029826  0.19826176080079144  0.6192092635449713  0.7597842865868341  -4.158354745920223  0.0  0.0  0.0  1.0
38591597440712;3.8212360075464504;0.04698062169951499;-0.8088456545655225  0.12225609642877311  0.5751714126905736  11.704565253525807  -0.4240116618282995  0.5564458780564853  -0.7145502749475023  -0.6266241583833074  -0.40740988908478376  -0.821840271390947  -0.39824081985147985  6.183217310783695  0.0  0.0  0.0  1.0
38591597440743;5.199898909440479;0.01744018002558451;-0.5462483255315572  -0.7144834794849321  -0.4371797392344188  8.458866735588728  0.5168402290374258  -0.6982279055375904  0.49533218104331844  0.048083379321231745  -0.6591577538818085  0.044622297920367704  0.7506796294197647  -1.858431170982239  0.0  0.0  0.0  1.0
38591597440774;4.068195372446665;0.14231658196872163;-0.838037754346891  -0.5297077179537786  -0.13077635806758448  -0.09321523626388073  0.5338396818641997  -0.7465319826318378  -0.3971211313628479  9.181166533535915  0.11272939437587182  -0.40261611051717555  0.9084009859063733  4.108843064622421  0.0  0.0  0.0  1.0
38591597440805;6.856595695350732;0.04695118657725962;0.29659499207439544  0.8168867839310103  0.49469929544647634  -0.5705369071173765  -0.796545261685384  0.49736413384576716  -0.34372163803056144  -1.5282571493910493  -0.5268273500521322  -0.2921042632395162  0.7982030084097321  -6.584517707552633  0.0  0.0  0.0  1.0
38591597440836;1.767433218515084;0.10250010236324886;-0.35386082336512326  0.9351771876408391  -0.015038131650165792  0.30922002656797704  0.8339889563781364  0.3227688093412753  0.4475295703701842  -0.6573014589255415  0.4233732848523433  0.14582154653063453  -0.8941426833793084  -0.6943282661783372  0.0  0.0  0.0  1.0
38591597440867;2.621604289268463;0.0758197347563286;0.428343500707734  -0.6806485562960053  -0.5943394553734492  -1.3295670650424765  0.3996595855533438  0.7326084846953833  -0.5509600927723024  3.1303086567214584  0.8104283195180022  -0.0015332855242068955  0.5858358028993522  -3.4957106016693174  0.0  0.0  0.0  1.0
38591597440898;2.670728938211616;0.14767837552920307;-0.2041131938555249  -0.9786389832014308  0.024567145796079132  4.312113777769957  0.9668099962682657  -0.19757954462651794  0.16198998321171781  -5.5772960537062275  -0.15367574697996994  0.05681605498137593  0.986486543591194  -1.9326743099841002  0.0  0.0  0.0  1.0
38591597440929;1.8420211736250836;0.07729112160389691;-0.6881300025579624  0.6307778163743184  0.3586034661706798  4.168869980919451  -0.3614013304285915  -0.7265170475245146  0.584433108251669  -2.255513144222182  0.6291789713142225  0.2725661865057905  0.7279021198139675  -0.2876639865511683  0.0  0.0  0.0  1.0
38591597440960;4.0321706019458725;0.06661201474660715;-0.24488863643713887  0.9639609093915654  0.10396596033772972  0.4049887501967153  -0.854569826889408  -0.26525342699155396  0.44648743592563056  1.0293073413343676  0.45797376203682977  0.020493526641937328  0.888729457513146  -5.332544990704553  0.0  0.0  0.0  1.0
38591597440991;5.87031157311765;0.06423786118836736;-0.6513508527036838  0.7137487246279274  -0.2574972325563764  5.488925489231366  0.028636505259858225  0.3622400560286329  0.9316448316686325  -9.004350005972114  0.7582361223581262  0.5994538346698437  -0.25638463848470494  0.4516585203165877  0.0  0.0  0.0  1.0
38591597441022;4.407785844403787;0.2092572622994832;-0.10601865909954603  0.9256832667948224  0.36313982637380954  5.093070215871255  -0.9303598390008161  -0.2212487669854774  0.2923688647612469  7.258140281539593  0.3509852046698107  -0.3068541553954779  0.8846750326642088  6.5018153670424805  0.0  0.0  0.0  1.0
38591597441053;5.317946691794153;0.17180010055764475;0.3977503127251155  0.43609249441004433  -0.8072286076733768  10.314969386874207  -0.4992172531756257  0.8410468776382067  0.20838014240038943  -1.4259184391688973  0.7697901161088364  0.32009918140202903  0.5522315557869683  -7.143478436897649  0.0  0.0  0.0  1.0
38591597441084;5.062681624331849;0.41632835278065194;0.6286828113308722  0.36626176944196775  -0.6860103781885154  -0.4551277906573157  -0.2859446497453377  0.9292202915926522  0.23406261336335235  8.6074290460184  0.7231829505865908  0.049009855516058576  0.6889154186423523  -5.892428637369955  0.0  0.0  0.0  1.0
38591597441115;4.0304954775959185;0.4222151651858962;-0.3224727390880332  -0.04819271892626111  0.9453511487207046  9.768949000298297  -0.6824344390473155  -0.6802535579332565  -0.2674665087844111  -0.057729903962190576  0.6559684206935861  -0.7313908385819718  0.18647485699450933  -0.10585496826499474  0.0  0.0  0.0  1.0
38591597441146;3.50878041807317;0.0635305253191601;0.6266580688331922  -0.4189659672462271  -0.6570899352871615  5.897312101120248  -0.21271706996762885  0.7192038311384741  -0.6614357848046375  -2.1821788349047573  0.7497006822130016  0.5542683173023457  0.3615736709498989  -0.25027487213519395  0.0  0.0  0.0  1.0
38591597441177;1.8734213949510077;1.4442580795786766;0.725905152581358  0.057901624265156125  -0.6853532748614344  3.3990836616674227  -0.07974237529711187  -0.9826454061897408  -0.1674788323226979  -1.4473408271554413  -0.6831565435811988  0.17622544538646073  -0.7086901504610699  2.1219209831670933  0.0  0.0  0.0  1.0
38591597441208;4.856694250338816;0.059815154513408395;0.47827953748999535  -0.8566636825628786  0.19332878470668213  5.544184123319051  0.8711086559416517  0.4907092777536327  0.019342033761636304  -6.6197107000918765  -0.11143784618290246  0.15915947883903964  0.9809433555174325  7.481076785745893  0.0  0.0  0.0  1.0
38591597441239;3.562972413096303;0.07001824403190894;0.19809456687592833  0.8443010258199035  0.4979099520733626  -2.483499677714208  0.8726840643613147  0.07937277998162484  -0.48179091482489067  1.9436096596835473  -0.4462970606939449  0.5299582432583234  -0.7210847342847417  6.116172859619144  0.0  0.0  0.0  1.0
38591597441270;3.8856885051039876;0.04080333984107289;0.5256009722797925  -0.1656697760077978  0.8344442121892055  -4.512434634577596  -0.7777214828136688  0.3039784224147618  0.5502239670137444  1.363853072752923  -0.34480851658369194  -0.9381634420631404  0.03092641051908329  -2.296577851493878  0.0  0.0  0.0  1.0
38591597441301;5.885271651627378;0.1317461523780411;-0.8736528073507187  0.283394286814028  0.39549772491049345  2.69384531347536  -0.3063060974772002  0.3112082680782821  -0.8996254712534568  -5.246308436049864  -0.37803088082390285  -0.90710368320324  -0.18508257903600686  3.573090490079116  0.0  0.0  0.0  1.0
38591597441332;4.848688954378692;0.07404493923387867;0.9576889070796338  -0.06098095989259836  0.281270829961433  0.5463118569870744  0.2752102937679182  -0.09191135016671284  -0.9569804584811059  3.651561414195383  0.08420956870090372  0.9938981971213692  -0.07123989260308122  7.931969076323461  0.0  0.0  0.0  1.0
38591597441363;1.9312590227021411;0.049959211829495934;0.5077993709981289  0.7675778751879726  -0.3911061292486  4.32073219546653  -0.7570284548835475  0.6142725292857871  0.22265933230267065  2.2992566885215395  0.41115412841236804  0.18301219983039302  0.8930054968490996  1.6114130928587072  0.0  0.0  0.0  1.0
38591597441394;1.946076302141685;0.03241378094045854;-0.616467032474829  -0.5823951980636375  -0.5298907728429465  8.010129034527283  0.7115778309658525  -0.7001864690629835  -0.05827434271653387  -3.5892480905038857  -0.33708365185753414  -0.4129827379122857  0.8460613865653371  -0.04232210395029501  0.0  0.0  0.0  1.0
38591597441425;2.927510512380139;0.07914983263349183;-0.9438074819590633  -0.2599097440996474  -0.20414299380617357  9.439306014878545  0.0402471045598559  -0.7034775929207926  0.7095769491978412  -7.948629601855728  -0.32803598517943033  0.6614878692617293  0.6744080302361003  3.864625926449528  0.0  0.0  0.0  1.0
38591597441456;2.426629832247053;0.3223441984370934;-0.3901194305746041  -0.1151910754319333  -0.9135304297225033  5.548349743976923  -0.9085047619130564  -0.11320642667054004  0.40224793665323877  4.561391062768082  -0.14975288801705014  0.9868714815523458  -0.06048761384970075  0.9149357676688936  0.0  0.0  0.0  1.0
38591597441487;5.191066102703561;0.08564745645851213;-0.02681883590183287  0.8585917345162817  -0.5119579899378401  7.892806148032322  -0.6646664182589996  0.3672171430643386  0.6506689805718558  3.623141379685558  0.746658759059065  0.3577314680874305  0.5608287566275364  4.527784873273674  0.0  0.0  0.0  1.0
38591597441518;4.920812353335283;0.04476951767814651;0.8770483223464055  -0.017761253657191833  -0.48007372156563727  10.229135648858133  -0.47923007250489214  -0.10211080251235388  -0.8717292708273822  -0.840523954599108  -0.0335377082745954  0.9946144589130045  -0.09806783491481884  1.9567608990505239  0.0  0.0  0.0  1.0
38591597441549;4.927630398119143;0.1383532064259423;0.3717238976032843  0.3980632476185307  -0.8386697769956966  10.013304455081988  -0.8663390521530006  0.4733676111273553  -0.1593102364891268  2.653636908377171  0.33358355874542633  0.7857918017076592  0.5208197900461994  -3.0831153018868718  0.0  0.0  0.0  1.0
38591597441580;4.789769207117012;0.012993468840623289;0.6106536469385503  -0.790607911894052  -0.04518022942809887  -2.7034462173365266  0.6742354543814336  0.548997902555533  -0.49397151238172315  3.5729502890031473  0.415341637132265  0.27118339300213873  0.8683034560705936  -5.420045344301873  0.0  0.0  0.0  1.0
38591597441611;3.8037185845764383;0.05007233964438122;0.9882674597051083  -0.1150602576461443  0.10044184983569335  -0.8081430987079532  -0.14895705558407685  -0.580767002464862  0.8003258614087767  -6.865861310168746  -0.033752387763464675  -0.805897528199697  -0.5910921674002141  3.9637547255897694  0.0  0.0  0.0  1.0
38591597441642;2.439160696844833;0.07282835640924434;0.10927091981103615  -0.9900563415523053  -0.08859066901042895  2.5262086545260556  0.993975305640732  0.10806621391895115  0.018297135995463412  -4.1856039597709165  -0.008541537336049537  -0.09005628218668982  0.9959000492914178  -2.35749521550225  0.0  0.0  0.0  1.0
38591597441673;5.598187939653337;0.15806487503385205;-0.20596085794539246  0.8255073554634149  0.5254690581472868  7.264911677558194  -0.3701285530903851  -0.5628064164865246  0.7390898401066109  8.404904412185155  0.9058614569467103  -0.04226752461874218  0.4214599354398805  0.678071047816116  0.0  0.0  0.0  1.0
38591597441704;4.778579004204095;0.051357785757064796;0.7046572611611264  -0.6908342225446276  0.16188335693967804  -4.976197929984989  0.7094804552068772  0.6828631098063811  -0.17417076949075055  1.09504972657045  0.009778955585416471  0.23758377517565837  0.9713178273875857  4.557720206888048  0.0  0.0  0.0  1.0
38591597441735;4.169490407709132;0.07208911269237689;0.5100610126132694  -0.6855701746818166  -0.5194528842914136  -5.624013111027888  0.26877728584564164  0.7007129953605742  -0.6608782556161628  -1.9501803463064324  0.8170658076467139  0.19747109590913509  0.5416720707725928  -0.8734135235125985  0.0  0.0  0.0  1.0
38591597441766;1.9262032552907409;0.09083024662609472;0.03660934892589354  0.6551972975822264  -0.754570246439767  7.66441452228093  -0.9881999474400465  0.13611298036714894  0.07024329473381563  0.7275412220121229  0.14873002202215851  0.7430947165849855  0.6524489426252207  -0.06189291156320656  0.0  0.0  0.0  1.0
38591597441797;2.2135128812075298;0.05711421644672553;-0.0698523290354027  0.47928063614703276  0.8748775479704715  -3.09776464558963  0.17615656627617426  -0.8573108888533836  0.4837219283960662  0.6487122429880627  0.9818806018483703  0.18790452806655863  -0.024543268852501396  -0.35748303950949856  0.0  0.0  0.0  1.0
38591597441828;5.443305572519713;0.13526907718009296;0.5282204702014506  0.3088948271327941  0.7909280122936342  -1.9381776785100824  -0.4937283281349163  -0.6460904271961132  0.582064857110136  4.47734428497047  0.6908078407612774  -0.6979621376952647  -0.18876806267638874  -8.473749874642829  0.0  0.0  0.0  1.0
38591597441859;1.9328163177142916;0.021251652744037324;0.5016999267127819  -0.863868113216939  -0.0450451607100669  -2.0762286422952876  0.8537380259005669  0.4860817055926859  0.18669750565957927  -1.878452110270962  -0.13938639340980324  -0.13212289148785614  0.9813842136885511  -3.323642375077096  0.0  0.0  0.0  1.0
38591597441890;4.287804159875307;0.07350231955849879;0.05672358840879049  -0.9711606527068519  0.2315802693495992  6.479072675487114  -0.7589859537099678  -0.19264088385214354  -0.6219564389405712  2.342471527492771  0.648631448966978  -0.14048657054205466  -0.7480245764066389  -1.164587398532799  0.0  0.0  0.0  1.0
38591597441921;4.652169079942416;0.048666722664652634;-0.32963296305975576  -0.93359121468902  -0.1405331047117568  6.878493135576969  0.9414949330423342  -0.3361276540617143  0.024606731407863736  -4.371487665163607  -0.07020969106936584  -0.12420001622563759  0.9897701527372378  -4.174561392618412  0.0  0.0  0.0  1.0
38591597441952;1.783388299920841;0.08856168308423848;0.5550721345789403  -0.8317699760789362  -0.007323408197305689  -0.27067255200107176  0.8314048647928516  0.5550575770616482  -0.026019933613122243  -5.910392415437496  0.025707512768792004  0.00835422289013435  0.9996345986144857  0.058222159497827386  0.0  0.0  0.0  1.0
38591597441983;5.49349230429743;0.04957708189649143;0.10252122056159546  -0.9919028910837617  -0.07495367899066596  4.170698352400354  -0.27419665793373316  0.04425196057095704  -0.9606549623895136  -9.586286374295069  0.9561932817754641  0.1190395675618052  -0.26743969271999674  -4.172211265903865  0.0  0.0  0.0  1.0
38591597442014;1.4576110063785062;1.319922695470224;0.2263244168041052  0.11334378145221405  -0.9674349826031694  2.2895492522126926  -0.8123964079370428  0.569924122525332  -0.1232824842981384  6.272798540099679  0.5373912306032468  0.8138425411403877  0.221067825566917  -1.6641202831289448  0.0  0.0  0.0  1.0
38591597442045;3.4058146160113;0.0355560177107223;0.5911982164194857  -0.7984847601108586  0.11360790805716015  2.9602091771693013  0.804537220963125  0.5937468849859966  -0.013582954551892623  -1.2510063667321831  -0.05660855931174941  0.09943200913252764  0.9934328092893434  7.395916964001916  0.0  0.0  0.0  1.0
38591597442076;1.5195309119701852;0.03944729968522047;0.8746612448084845  -0.39112223993452777  0.28634088122144047  -0.6940865462595163  0.47829281299105736  0.6003825041394779  -0.6409187419355994  -1.9218434560913593  0.07876351865663753  0.6975415701962202  0.7122022647935196  0.0161253364750642  0.0  0.0  0.0  1.0
38591597442107;3.7055155609155883;0.050546655774613224;0.6421817452522071  -0.7066980758507717  -0.296951907981155  -5.825230536363617  0.7026145278284286  0.3877690655982313  0.5966305197100716  3.109828998870805  -0.30648887638748845  -0.5917879530320744  0.7455545501818375  1.7809996411969315  0.0  0.0  0.0  1.0
38591597442138;5.646923884727078;0.08296222448092827;0.38869795050262634  0.8964556558113524  0.21279370394562178  4.328190067708283  0.9213301095458771  -0.3801916522164991  -0.0812719928946708  -4.369180461019909  0.008045652194867081  0.22764350363831498  -0.9737113035864539  11.19546666291953  0.0  0.0  0.0  1.0
38591597442169;1.4800799852740398;0.9070774502491028;-0.4197897312484337  0.6667035660818625  -0.6158595103691225  7.462434777381333  -0.7147982122927456  -0.6610015448608504  -0.22834288557926177  3.7105120056071876  -0.5593211038763538  0.3443592784655243  0.7540401780364498  1.0874238109253753  0.0  0.0  0.0  1.0
38591597442200;3.2131369785042154;0.0760413013930836;-0.048688314912111605  -0.9181990361487538  -0.39311573105959385  -5.2711690767054815  -0.966543660859621  -0.05592450099614228  0.25033138405005184  -0.9248252546580815  -0.25183883664578266  0.3921517310988597  -0.8847565880811887  -3.0509872531527806  0.0  0.0  0.0  1.0
38591597442231;3.3002375565089763;0.1056554858939111;-0.36226798124207893  -0.43874066848493604  0.8223554800596767  8.324345775257454  -0.7166815104060063  -0.43297665655965833  -0.546716405018713  -0.016702146001340484  0.5959274472693422  -0.7874248158978814  -0.15758374566951222  -7.535134732911443  0.0  0.0  0.0  1.0
38591597442262;3.603766945068243;0.02466989527643966;0.511768563012231  -0.24261885369914588  0.8241535231630748  0.10206901149288061  0.7259139020990957  0.635195004556596  -0.2637732225333164  4.883895192471872  -0.4595018440133411  0.7332553429850056  0.5011932335260332  6.142756423808082  0.0  0.0  0.0  1.0
38591597442293;2.0154890518338;0.06572566109527361;0.7179509324678177  -0.16900732516588493  0.6752651202371299  -1.1212321054068806  0.08909325095392406  -0.9397888845839412  -0.32993824429267604  -4.320574249924311  0.6903686342839263  0.29704103496443934  -0.6596648939758748  0.31624280274992245  0.0  0.0  0.0  1.0
38591597442324;5.849680243723311;0.06815875514513157;0.034043333420974806  0.8513266203518083  0.5235303591292068  -3.1485332344470303  -0.9581073990926903  -0.12125356157302891  0.25947598272228556  0.5543884288321506  0.2843787320694509  -0.5104317381258967  0.81153445857853  -4.502159170651792  0.0  0.0  0.0  1.0
38591597442355;5.300655887315837;0.050078872834954075;0.04939912340041589  -0.9230360802394834  -0.38152866364586535  -3.299732722329029  -0.48846954015777744  -0.35552111880617276  0.796870279544203  2.8076493489587904  -0.8711815166458252  0.1470004376147795  -0.46843744128297826  0.07388637768055606  0.0  0.0  0.0  1.0
38591597442386;1.9258199135952243;0.045192556521526414;0.6786321093660542  0.14839699167306156  -0.7193307952533142  -2.7543447568205544  -0.6934647216299381  -0.1932364176819028  -0.6940939178066454  2.527638160340019  -0.24200235534410028  0.969864949229454  -0.02822835921652972  -2.078007585915719  0.0  0.0  0.0  1.0
38591597442417;4.983836368994222;0.20981367257208328;-0.9315327860925127  0.32368006693408063  0.16576453994829854  7.581782339394587  -0.3146686252914778  -0.945929077539427  0.07875173980668873  -5.047240185685349  0.182291866773846  0.021198927684152102  0.9830159107426235  -7.74150304762831  0.0  0.0  0.0  1.0
38591597442448;3.9670676070792013;0.060664456193201134;0.3889866421773027  -0.8485046569518295  0.35878857191762276  -4.303985638655281  0.6233313587756616  -0.04435824469000352  -0.7806986379486721  0.6678734267184723  0.6783416612404964  0.5273255097746382  0.5116447960904162  7.102188272082484  0.0  0.0  0.0  1.0
38591597442479;2.535069451706357;0.027344144022449442;-0.5377928404915013  -0.8256670648573491  -0.1704486982230482  4.75068854031182  0.4237942876731363  -0.08997796258033477  -0.9012781856815968  0.8415275671563949  0.7288190876011009  -0.5569361401989827  0.3983024896841059  -1.3919393357048322  0.0  0.0  0.0  1.0
38591597442510;2.7117678210954486;0.48927723012587593;-0.12546451607670522  -0.46822009700314804  0.8746591313008744  -0.021477783473686785  0.7959084233634109  0.47881943752532974  0.3704884989673717  -5.066949807441991  -0.5922739542009317  0.7426317304090154  0.312585470175603  2.5526632215888645  0.0  0.0  0.0  1.0
38591597442541;1.1504027505085501;0.032662877365681214;0.6508866602072267  -0.694109870386929  0.30750291607678004  -1.07133823620162  0.6007609583949837  0.7185652191415179  0.3503573842641873  -0.5790460792315721  -0.46414741885808564  -0.04330720115111816  0.8846986265931659  -1.036845710600601  0.0  0.0  0.0  1.0
38591597442572;2.4453153833729853;1.388418062513895;-0.5056552159452964  0.4874795954058865  0.7118120866143187  9.444411282698862  0.003783710349040126  -0.8238029544298422  0.5668636306984769  -5.966831959600038  0.8627273532949511  0.28933084235106726  0.41471577922851144  0.04386195718106922  0.0  0.0  0.0  1.0
38591597442603;2.022769694472952;0.1996317016629908;-0.5561391960272297  -0.7853639436836373  0.27186884816740486  6.716734069295033  0.791092934160335  -0.6005086154000966  -0.11645330545695604  -2.1686662061839264  0.2547178128120978  0.15030927713199807  0.9552622451684551  -0.014745893050144065  0.0  0.0  0.0  1.0
38591597442634;2.3143065310168365;0.20827971875297432;0.9562520414040205  -0.17658950401271062  0.2332341749898355  1.4766206374555368  -0.20883774501080898  0.14624389036035712  0.9669537324976147  0.13658836306790162  -0.20486295314049477  -0.973359579808415  0.10296746488936542  4.23822828545902  0.0  0.0  0.0  1.0
38591597442665;1.7442633128967042;0.1253335498720928;-0.3219984902813687  0.852830361049019  -0.41109286971379067  5.28662717058909  -0.7609047098616937  -0.4914926096693739  -0.42362605815823157  2.855149184524306  -0.5633302714809603  0.17639554958498516  0.807182516733235  3.7421780226625865  0.0  0.0  0.0  1.0
38591597442696;4.239524031860057;0.05311146889442572;-0.09593537642848425  -0.991014837141954  -0.0931986915896959  -5.133795414585109  0.9926900231156667  -0.10214360965675769  0.06428997599085728  0.8426961025000157  -0.07323197086069796  -0.086349728261264  0.9935697272326002  -4.256372029762337  0.0  0.0  0.0  1.0
38591597442727;3.3606588330920775;0.03155151901589907;0.47159729727764726  0.8185882614337817  -0.32788602813056394  0.3980061376143016  -0.856968461771834  0.33780638182954337  -0.389219608863234  -6.743459821182329  -0.20784861012004563  0.46454290075089016  0.8608128998993417  2.3699066581090973  0.0  0.0  0.0  1.0
38591597442758;5.505400493338908;0.6846617526577639;-0.5776347458293211  0.6624198064297262  -0.47700953917117783  11.781572721403109  0.5749695037172574  -0.08463110385844158  -0.8137859952437334  5.574815016240062  -0.5794378052956394  -0.7443370045277249  -0.3319853211888562  3.234079968982578  0.0  0.0  0.0  1.0
38591597442789;2.5679788633882894;0.030190078554611536;0.9980701795148567  -0.045669497480107735  -0.042073908341110314  4.644874973790388  0.043305652158673075  0.026324728454990287  0.9987149889547483  -1.5333294194219582  -0.044503227459295  -0.9986096863498201  0.028251673826886314  2.596403489418132  0.0  0.0  0.0  1.0
38591597442820;4.890369584704633;0.08552303271223637;0.6197797534296732  -0.07275729515246569  0.7813958236647742  -7.5611917152783015  0.7060085893267631  0.4864635805907677  -0.5146892815628124  4.744625992843225  -0.342673210268162  0.8706661591912868  0.3528675533448846  -0.09634259282734448  0.0  0.0  0.0  1.0
38591597442851;3.7198562228278598;0.13032750932002632;-0.4908238120479032  -0.12303885653462404  0.8625273475718995  -3.8390012912638243  0.1115166523545167  0.9729637215347701  0.20225140994527524  4.214658279332178  -0.8640926002312521  0.1954559703868422  -0.4638328813977418  -2.596758625516814  0.0  0.0  0.0  1.0
38591597442882;2.8047071756103454;0.1566591841330008;-0.6614710541354205  -0.39032963531704834  0.6403895848108679  0.5299847558741095  0.6975625537303214  -0.6338066544634007  0.33420892925106505  -8.21440605379933  0.27543153082791294  0.6677813268961417  0.6915240930543355  -0.8969791235410218  0.0  0.0  0.0  1.0
38591597442913;2.6498156260201227;0.10164590635329004;-0.6657062628291265  -0.0024019273774796845  -0.7462100256462317  1.2174512709218996  0.6203194743496377  0.5540561376812899  -0.5551806427103517  -3.3533126995329403  0.4147757482937805  -0.8324758417170816  -0.36734867848512764  -1.7011484229252474  0.0  0.0  0.0  1.0
38591597442944;3.9890625842330967;0.07212266084560562;0.49451771988441584  -0.8674326313528702  -0.05488947790383186  -3.3753445478473085  0.8645188885590516  0.497413786049237  -0.07201816974060765  1.5403987455152581  0.08977369350172394  -0.011838729340633278  0.9958918256731794  -1.4766241833169933  0.0  0.0  0.0  1.0
38591597442975;4.829702581700206;0.21651179734030093;-0.28261226274352824  0.9538450122094857  0.10153817818962743  4.715101845520713  -0.2622390953781215  -0.17864843019038462  0.9483224110215768  -6.957932306603507  0.9226922378573731  0.2413802623944153  0.3006236902244329  -5.319722000440942  0.0  0.0  0.0  1.0
38591597443006;1.5836086183196916;0.019920627059962233;0.6103203226555345  -0.4039866692472388  0.6813984699308966  -0.46126515869741724  -0.38310178048851407  0.6023712628684925  0.7002727236275511  2.459817371663537  -0.693355702031919  -0.6884356416839121  0.21287141123007863  3.9903462562296896  0.0  0.0  0.0  1.0
38591597443037;3.2675087807083063;0.13913036634873513;-0.30829771445025744  -0.753522458216346  -0.5806517236935949  5.9465796412180225  0.9446160950057085  -0.1703163942037084  -0.280522296656813  1.6276909547352452  0.11248534269367616  -0.63497734670541  0.7642975970458388  -4.357828042677636  0.0  0.0  0.0  1.0
38591597443068;3.1958174120499194;0.08835381499700494;0.4126564798617637  0.3377978186166601  0.8459357324087473  -5.51937825719497  -0.37287176306509584  0.9099635482540401  -0.18147448624433027  1.5574992671441654  -0.8310723662454581  -0.2405389253047055  0.50145762281217  -2.1975267401592213  0.0  0.0  0.0  1.0
38591597443099;4.778408638902547;0.045837983205672374;0.40233296495270504  -0.7022473575748582  -0.5873472857615785  -1.347297002977035  0.09770176066370348  -0.6049639619196673  0.7902360221741798  -0.9917085085446675  -0.9102650994493732  -0.3753228657537232  -0.17478614123217828  5.943180706637028  0.0  0.0  0.0  1.0
