# registration_from_features.py RANSAC RANSAC_config.json euclidean True --input_txt=/neural_comparison/point_clouds_registration_benchmark//eth/hauptgebaude_global.txt --input_pcd_dir=/neural_comparison/point_clouds_registration_benchmark//eth/hauptgebaude/ --input_features_dir=/neural_comparison/experiments/FPFH/features_voxelgrid_0.2//eth/hauptgebaude/ --output_dir=/root/neural_registration_comparison/results/FPFH/RANSAC_voxelgrid_0.2/
id;initial_error;final_error;transformation
3394309160030;3.936759879304484;1.6013014334813425;-0.5664381937456775  -0.7702467998985485  -0.2930318069974311  13.889722354292154  0.8231516350406907  -0.5458996206647565  -0.15625296761313945  -1.2744782025315793  -0.03961260400393324  -0.32971725979105204  0.9432483078171452  3.730742304636437  0.0  0.0  0.0  1.0
3394309160061;3.7772892530728184;2.3708346216489917;0.1376645028758163  -0.9521915426252232  -0.27272651283099036  8.140146805084916  0.760256392777562  -0.07490858135881541  0.6452897966647702  -12.674950407741338  -0.6348690431016508  -0.29617557392838373  0.7135974548156597  3.484919564735426  0.0  0.0  0.0  1.0
3394309160092;3.061336083217481;2.3065499846719715;0.13906006598797904  -0.9896228659439891  -0.036178463873199944  -3.357832158229174  0.9884400750401819  0.140936859451694  -0.055883984310835466  -10.913735008101877  0.060402947792132955  -0.02798901299972825  0.9977815888506474  5.205726910955266  0.0  0.0  0.0  1.0
3394309160123;1.9832381539954238;0.06359089306537616;0.8416251766450966  0.4732997216245859  0.26010466267869764  1.9322527834818466  0.13641028733070512  0.27970276530156435  -0.9503465665708545  0.7859063695550781  -0.5225507588239289  0.8353165487363137  0.17084193823469862  11.595111274352533  0.0  0.0  0.0  1.0
3394309160154;1.9207102010338835;0.024345770278679724;-0.26689981415029657  -0.912335337254204  -0.31049753880473097  14.588340349518246  -0.9637242806828088  0.2526660410796384  0.08599640985265747  9.059319277101288  -5.379690812268301e-06  0.3221864430456386  -0.9466762360430615  5.3077326918082885  0.0  0.0  0.0  1.0
3394309160185;2.640555800877831;0.015301062652327089;-0.5729144013855515  0.6626389626538716  0.4823677993585762  30.79397351339471  -0.819504977700224  -0.4534731492443454  -0.35039077390674844  15.201113240800527  -0.013441733875856857  -0.5960467331404612  0.8028372261567057  5.208656821354894  0.0  0.0  0.0  1.0
3394309160216;2.7201455624554285;0.025442200197902037;-0.07530041621490849  0.8554077003748862  0.5124524499475145  8.871444296015152  -0.9844835676686132  0.01791169129331066  -0.1745602368968714  9.107811299769264  -0.1584990609068087  -0.5176454746777579  0.8407860668667732  -2.7922635241089737  0.0  0.0  0.0  1.0
3394309160247;2.5310221937667676;0.016813499666830756;-0.017206910755301542  0.6691876287959629  0.7428942318316221  14.547479194881532  -0.583466830088187  0.5966546770337068  -0.5509715551284351  14.190201827861573  -0.8119546664741216  -0.44293466091540035  0.3801822007283587  15.106337509060765  0.0  0.0  0.0  1.0
3394309160278;1.96744994252244;1.5015446615160037;0.7411154781115548  0.6258821138162509  -0.24293914404307745  1.5940797253647636  0.35558459823792243  -0.6728533982629668  -0.6487124925126327  -2.8281381227369335  -0.5694799747132966  0.3943854511146155  -0.7212161079382966  10.930060995744672  0.0  0.0  0.0  1.0
3394309160309;1.4697744642858348;0.022886783098009202;0.41093265878663904  0.18304442287019507  -0.8931008281256162  11.861030997416421  0.5336375937448697  0.7459798147128543  0.3984282050547649  -8.768733855712817  0.7391652511345009  -0.6403193385312466  0.2088680832922485  -9.909775787898152  0.0  0.0  0.0  1.0
3394309160340;3.1108095863624285;1.3332691461762871;-0.996058695203064  0.0642795222930129  -0.06111643579391645  20.057781853009462  -0.06529255087353557  -0.9977575394460899  0.014723290356150047  3.8299900051709908  -0.06003297852677837  0.018655709374525875  0.9980220468491343  -1.7930413992205887  0.0  0.0  0.0  1.0
3394309160371;4.078910422747308;0.0508515440764301;-0.5551194744786363  0.6840152599319623  -0.4732499268196168  27.392007643917577  -0.831616330954463  -0.4673821296548302  0.2999470336061892  14.591228717092722  -0.016020210497986687  0.5600688074330915  0.8282911829761768  -4.416417146489348  0.0  0.0  0.0  1.0
3394309160402;3.021814741136945;0.03861023243817308;0.5630461915163711  -0.7273694219083802  -0.3923171042557028  10.003954782489451  0.5339449574234754  0.6825077776300542  -0.4990850788357919  -3.5990213721244833  0.6307787002277055  0.07153221335282817  0.7726586398869114  -14.642397936485926  0.0  0.0  0.0  1.0
3394309160433;1.3594709122664788;0.048908581174052834;0.17191378213065192  -0.9463452939192364  -0.2736352246887253  12.434448565635183  0.9792542133192171  0.1944132585550376  -0.05713729600334222  -14.12823550284065  0.10726992686720854  -0.25813575803233163  0.9601349348997659  -3.5472378507763125  0.0  0.0  0.0  1.0
3394309160464;1.5447184908495197;2.0887257160267976;0.30071381708410627  -0.9384058862914564  -0.1701928106244615  0.5732221405092464  0.9535763311019627  0.2928074062766294  0.07039888913664427  -6.293295483085305  -0.01622901650832831  -0.18346175460596648  0.9828928749462341  -2.6454328555653426  0.0  0.0  0.0  1.0
3394309160495;2.78060091011266;1.5957517792836877;-0.8002434220461191  -0.15488982051656602  0.5793268584937706  7.1517501955836345  -0.20508877882587107  -0.837124304860366  -0.5071109257467834  -5.076919261288039  0.5635149139744464  -0.5246256205260975  0.6381370542571381  -5.471484727048484  0.0  0.0  0.0  1.0
3394309160526;1.34399863829473;0.06188331993502609;-0.6210685264638198  0.570252507520318  -0.5376671489898263  24.592385051827847  0.012462325945776898  0.6931117577644983  0.7207224026493334  0.5963032956646943  0.7836571800654157  0.44091741734183787  -0.4375765706896597  -8.29446874311247  0.0  0.0  0.0  1.0
3394309160557;2.19301441794297;0.027325143131275882;0.8106551648683882  0.585290365938383  0.016534546014935203  0.2534885926814541  -0.4951397340763643  0.7003181682530814  -0.5141897577290272  8.117276322678654  -0.3125297544410667  0.4086436721085527  0.8575170562937181  6.285814089946961  0.0  0.0  0.0  1.0
3394309160588;3.3552539819811384;0.6678002397394336;-0.31738863057274447  -0.8989917446534843  -0.30179181603887456  18.824639992853864  0.6835799914204773  -0.4374681957996517  0.5842430769751386  -15.73948659865971  -0.6572540243412265  -0.02086673689587859  0.7533802006812896  2.29456423994519  0.0  0.0  0.0  1.0
3394309160619;3.0056203551742433;0.06928420296542678;-0.35898875583630746  0.8572813427358548  0.36904711430942055  4.64568107421481  -0.836596168575241  -0.4708605468930477  0.27999499299953057  3.45895091926436  0.41380420963098874  -0.20822834767771323  0.8862319286253918  -8.588999532669492  0.0  0.0  0.0  1.0
3394309160650;2.0651927868102353;1.5593095957279999;-0.2896458228955775  -0.7994726240646913  0.5262592713200036  8.716517963670272  0.14615012193332788  -0.5803229406486761  -0.8011650431813327  1.330960888762439  0.9459098472571354  -0.1551412515354652  0.28493113717877916  -12.299294242873316  0.0  0.0  0.0  1.0
3394309160681;2.0883872688177947;0.050677023869416096;0.7281596665906753  -0.5136420355939413  0.45382304835857434  4.252059505912322  0.3916741697086995  0.855190079573042  0.3394720497815036  0.8739159089745101  -0.5624720835148688  -0.06943908892523719  0.8238952410323024  0.0709861950701054  0.0  0.0  0.0  1.0
3394309160712;2.2055221376060135;0.026865938781186538;0.6656176770842197  0.7452102682858951  0.040184126147912724  4.415790952866603  -0.6712114963547418  0.6213219166891287  -0.404269963023442  7.613002116381615  -0.32623340588332755  0.2421171862611386  0.9137565501832271  9.85074049217103  0.0  0.0  0.0  1.0
3394309160743;2.1472367397073575;0.03152327019493646;-0.6773516080886298  -0.6101999456990305  0.41091462043671323  11.69995301136712  -0.7339152292551666  0.5989446531440126  -0.32036500860352357  9.445564389252628  -0.050628403955531254  -0.5185762516150343  -0.8535311570023776  1.4460983774471816  0.0  0.0  0.0  1.0
3394309160774;3.3639630831655443;0.04040626949534052;0.4263646743451078  -0.5113924533129954  -0.746117231516004  -0.14171934198530778  0.22717932265158686  0.8589490302535714  -0.45890752748894464  2.607687043036696  0.875558518792523  0.026159551237859763  0.48240331471588926  1.494867136585821  0.0  0.0  0.0  1.0
3394309160805;1.324119052607352;1.5955572057040486;0.2493156429025741  -0.8609756561587347  0.44335384255255167  7.264693637918043  0.794437577693503  -0.07997734002762619  -0.6020569410201871  -12.592340296629661  0.5538146308581562  0.5023191660529607  0.664051812785194  -9.97910922888001  0.0  0.0  0.0  1.0
3394309160836;1.3305106697980524;0.7660703592389627;0.48692219091507116  0.8432379155613403  0.22772043771746267  -0.3875817523674234  -0.7063751107364149  0.22681623242544696  0.6705136834102964  4.139337403828829  0.5137518690249061  -0.48734404117429353  0.7060841328094858  -0.9029730058281711  0.0  0.0  0.0  1.0
3394309160867;3.084620563102242;0.018763406018553242;-0.6343244604621867  0.7691140695024763  -0.07807705778713404  30.463196538004205  -0.6252757500681231  -0.5698249721205086  -0.5332257847522068  16.58588401267514  -0.4546017105512263  -0.2894184673465073  0.8423622946943301  8.192895214438956  0.0  0.0  0.0  1.0
3394309160898;2.141076967332666;0.04742036220602213;0.5752273602848882  0.7649448516425007  -0.28978070661331534  11.718598316881911  0.4838754967002311  -0.603832117177947  -0.633443981704383  -8.47909485862813  -0.6595286102003332  0.22415652613749903  -0.7174788248563048  16.301810317474654  0.0  0.0  0.0  1.0
3394309160929;4.439440389033587;0.8174090912644136;-0.13415522181236877  -0.4210300331266401  0.8970708375963704  0.8460937874499939  -0.9886245679370422  0.11898201053322778  -0.09200404795859345  14.954366380859131  -0.06799882448815164  -0.8992090926891535  -0.43220269260310973  8.326033530054504  0.0  0.0  0.0  1.0
3394309160960;2.4847882689820464;1.5449345704760318;-0.21920947581472502  0.8188085011642091  -0.5305655889089064  14.339228064382166  0.14383420554407406  -0.510730250241786  -0.8476239335952399  -0.04409723850456837  -0.9650175786111557  -0.26212067814116424  -0.0058157598194629595  19.942932930538785  0.0  0.0  0.0  1.0
3394309160991;2.9477521292476965;1.5803460965139464;0.9570338178086399  -0.2774032056243999  -0.0844614295399157  -6.018818179356016  0.007196619119261172  -0.2684585969917078  0.963264340861062  -7.057106103113062  -0.2898870128927331  -0.9224843864318522  -0.2549275907891841  7.68438563048842  0.0  0.0  0.0  1.0
3394309161022;4.019397668082857;1.5817627586842875;0.5716787491754258  -0.806751537608987  0.14945020678057272  8.937680029235375  0.8110006411483008  0.5832272273136638  0.04608645546210466  -8.02521521471386  -0.1243437485290877  0.09485756630628603  0.9876946260439927  -3.813598976125652  0.0  0.0  0.0  1.0
3394309161053;2.8365870008578016;0.03239550313474628;-0.9985890476735656  -0.015460540555245612  -0.05080241679428106  36.42861840075551  0.029503637830215493  -0.9569638866074784  -0.28870340331193445  -0.539382185199861  -0.04415256754916659  -0.2897949126793803  0.9560697983745574  -4.897636490468417  0.0  0.0  0.0  1.0
3394309161084;1.9084522891745812;0.04434980571248195;-0.7813933200956317  0.34266795641670433  0.5215392132477921  36.06318940158506  -0.07096712933893895  -0.8791213528317188  0.4712847478422353  -4.016845787994329  0.6199904401386496  0.3312466130249921  0.7112577138394742  -9.392346074659196  0.0  0.0  0.0  1.0
3394309161115;2.6459747141640655;1.6072281404467712;-0.12469155261477088  -0.7104187684459367  -0.6926450679433706  7.41553803642832  0.9915074667038639  -0.06322390090341651  -0.11364718133346413  -2.227545254149896  0.0369453674633799  -0.7009336001322191  0.7122689997667194  0.1380404372900781  0.0  0.0  0.0  1.0
3394309161146;1.4245283483443059;0.029979605702542413;-0.6411546466793985  0.7602576751915519  -0.10454179237871088  6.688854489302826  -0.7442824274672815  -0.6492267634667  -0.15667890018111733  2.960919214672387  -0.1869876659163037  -0.022646785884333553  0.9821011841375016  1.9551737204950785  0.0  0.0  0.0  1.0
3394309161177;1.4359728733692718;0.0776235304930272;-0.18924970013797882  -0.9819261287576668  0.00237247985589141  3.0275897043968616  0.9805291425904576  -0.18885038288959619  0.05383431445904113  -3.126540803604281  -0.05241327626190623  0.012514413507417221  0.9985470634507213  1.4335802617825655  0.0  0.0  0.0  1.0
3394309161208;3.0244753449661483;0.05016284294917499;0.7410855656967481  0.5040919685708496  -0.44349010308945713  6.179299462677667  0.3113142804106731  0.3272497023177776  0.8921833057983729  -7.528579638762242  0.5948744431628551  -0.799248972195331  0.08558900230982941  1.6439114834021797  0.0  0.0  0.0  1.0
3394309161239;2.9239237120023964;0.06343298310907115;0.6859768682927684  0.7229035769336243  0.08274149275796286  7.389970696609925  -0.534423400589394  0.423396318189898  0.7315238797508301  -2.2493307657846913  0.4937887858889798  -0.5460274500424036  0.676776668281699  -4.464758044544638  0.0  0.0  0.0  1.0
3394309161270;1.0304885640464179;0.056867092489063076;-0.18828719873471725  0.476668396858349  0.8586822289002639  4.179815147722046  0.45556267534164113  0.8169579618433698  -0.35361325967261886  -1.70901439452234  -0.8700635491894828  0.3246027233669178  -0.3709750562431122  3.4169864671359957  0.0  0.0  0.0  1.0
3394309161301;2.0398930971718565;0.013810748204123192;-0.49552236902867386  0.6062190575420364  0.6220579041094616  -0.5519793359413505  -0.7000788526653065  -0.7026630843299513  0.12709913442170845  4.083218161968957  0.5141470430169165  -0.3725091196101983  0.7725864184440445  0.5367159986221939  0.0  0.0  0.0  1.0
3394309161332;2.256914975873143;1.6274224690149253;-0.6748133227805135  0.609109264786353  0.4166687928671291  6.978532744618796  -0.735327060433655  -0.602864780351642  -0.30959355743549416  8.286214729721376  0.06261863613910013  -0.5153056958379111  0.8547157107746904  0.36643936971438684  0.0  0.0  0.0  1.0
3394309161363;3.66917130522765;0.010630480647067309;-0.16244666037842104  0.9572854913916027  -0.2391977644189771  29.266960281506755  -0.9858342057938412  -0.147206082320894  0.08038213740975675  13.20967853119402  0.04173728810937233  0.24886714788993886  0.9676379185844277  -4.411510741728163  0.0  0.0  0.0  1.0
3394309161394;2.752686316258313;0.015760322907022756;0.7003316710324542  0.5184544240900946  0.4906531979823419  4.188564367496749  -0.2735766737133313  0.8298265997485066  -0.4863575001475564  8.412534084098285  -0.6593112725783173  0.20638029094668728  0.7229908860835808  9.630030009740295  0.0  0.0  0.0  1.0
3394309161425;1.9040075588087033;0.02502871460634605;-0.12389579374742318  0.9922307411693647  -0.011313203356677334  21.91724951244028  -0.9690133584881099  -0.11852581298230483  0.21671350379816656  17.101178341437667  0.21368889386978007  0.03781253674877191  0.9761696925746735  -0.30090860331349933  0.0  0.0  0.0  1.0
3394309161456;1.9884497529698029;0.025566964519395687;0.11585166577620881  -0.1748997033490652  0.9777466365604573  6.444087712558536  -0.920922618423981  0.34988366470825916  0.17170600468660735  3.5014683788490637  -0.3721289056388881  -0.920321419363218  -0.12053448738546237  1.7678420947671998  0.0  0.0  0.0  1.0
3394309161487;2.3504147878262693;0.7844947858063894;0.4520657703943405  -0.8210186807207064  -0.3486615337908697  3.6383104145819356  0.6868836376772198  0.5697936794884723  -0.4511385941219142  -2.3388950273874363  0.5690583516029624  -0.03554558654204887  0.8215285166981734  -8.635111647859873  0.0  0.0  0.0  1.0
3394309161518;2.2062122654647958;0.015483709007327125;0.7082455046545593  0.21375256758335517  -0.6728284662439091  2.8286217747298394  0.10451982627310674  0.9108085688527052  0.3993787135293082  -5.564011001786339  0.6981861578780024  -0.35318209291526736  0.6227346932615389  -0.5014211392936385  0.0  0.0  0.0  1.0
3394309161549;1.3852236987168691;0.023955593178590216;0.5959704391211862  0.2206962178107012  0.7720831659463578  0.8011091000898505  -0.6495882564414195  0.6977460770546802  0.30196938428953446  2.6835200939051824  -0.47207449919170286  -0.681500984151054  0.5591977072682319  -0.6886687652672965  0.0  0.0  0.0  1.0
3394309161580;2.2986137988137836;0.03284643989371777;0.13939311337771218  0.7610796900240655  -0.6335039584530955  17.578252351223874  -0.9181629257836441  -0.14026741395234038  -0.370542702396825  16.961391864847535  -0.37087248706164133  0.6333109489152982  0.6792428434107474  7.895066335648155  0.0  0.0  0.0  1.0
3394309161611;3.407144086678155;0.03549542581435558;-0.9758939598650861  0.16242822712210933  -0.14576710922841757  23.986497854462996  -0.18686098692711678  -0.9669333723834962  0.1735592836344478  1.8120660764250394  -0.11275615576750053  0.19661364246930402  0.9739759365258919  7.693634169157014  0.0  0.0  0.0  1.0
3394309161642;1.7425026346266586;0.00814491438223304;0.32037597147894337  -0.7452006859177966  -0.5848377335693795  8.073394935333718  0.6222535591010458  0.6310545570802051  -0.46321771789773625  -3.3914375956511815  0.7142546780280854  -0.21551353483238928  0.6658784958376744  -8.581154316823012  0.0  0.0  0.0  1.0
3394309161673;2.6456540480703254;0.02096897952752278;0.606941021343643  0.7947429144737751  0.00250928357598984  8.83449197322367  -0.7203338987817887  0.5514436938544296  -0.4207480561737744  5.697160653977806  -0.33577026502679336  0.25356173292102124  0.9071740608736152  9.848014444312417  0.0  0.0  0.0  1.0
3394309161704;3.077519635932954;0.04010322645251189;-0.8260089797336818  -0.5612689746427161  0.05182956205522396  23.646648543794242  0.5443131430711992  -0.8181649651211645  -0.18528165621085052  -0.6996657154059696  0.14639797703272578  -0.12483279998380903  0.9813176877897022  -2.0648444285898346  0.0  0.0  0.0  1.0
3394309161735;3.1217165961473894;0.014323538229962872;0.6459650048709781  0.7466374929515258  0.1589391915202122  9.726103522371552  -0.7375982708515574  0.6641215468965158  -0.12203016751841345  11.451722547044298  -0.1966672400752881  -0.03840605508041445  0.9797178020299162  9.725694699719524  0.0  0.0  0.0  1.0
3394309161766;2.088824937831005;1.2761404174483022;-0.6324093055992706  -0.7179002091283533  -0.2909944328074246  6.687811985536513  0.7016313862638387  -0.37165699445728057  -0.607934598686787  -3.9199469402075535  0.32828625923259724  -0.5886343246910147  0.7387406607156672  0.18732417350702235  0.0  0.0  0.0  1.0
3394309161797;2.586432702881334;0.017830773603299294;0.316476732943073  0.7111443401696299  -0.6277867511746172  6.670082651372242  -0.4467029773371056  0.6955567116870152  0.5627231209620868  7.1473434526092285  0.8368386508424697  0.1023454360088793  0.537797809761539  -13.98203556149915  0.0  0.0  0.0  1.0
3394309161828;3.2220836563382176;0.02272674182292556;-0.13003321899383938  0.12999058874807437  0.9829515800867453  18.21113192643248  -0.8482416219336082  0.4987404954707374  -0.17816865323912995  15.569327620875933  -0.5133980062072135  -0.8569482860794642  0.04541059576712875  16.27277331578111  0.0  0.0  0.0  1.0
3394309161859;1.6225102333552934;0.01599696423328832;-0.14985696525148007  -0.4499101317112979  0.8804111331356153  22.88236349083187  0.6840733923837742  0.5957412788031  0.4208751864420141  -12.583151545320373  -0.7138532648928421  0.6653369087263749  0.2184955699511097  16.029803853447625  0.0  0.0  0.0  1.0
3394309161890;1.282929335068904;1.3799185022707063;0.23130079219216548  -0.92020162110486  0.31579886011077396  4.714720729527022  0.9582626696653158  0.1594269084316883  -0.23730932723729103  -9.882793448157777  0.16802559167334696  0.357508094151589  0.9186704322872923  -3.3950068016575106  0.0  0.0  0.0  1.0
3394309161921;1.558203848860055;0.028485783879674032;-0.9000004592712083  -0.4344274576398133  -0.03566451121525893  0.4101712171017837  -0.2639366646230648  0.4780199150524664  0.8377555716800006  0.7319797066197635  -0.34689567650702535  0.7633935714045815  -0.5448794772781338  2.475873408529239  0.0  0.0  0.0  1.0
3394309161952;3.0446776651304432;0.018979073088892264;-0.014876352790521963  0.07227307796929443  -0.9972739324420832  1.9676255113989445  0.8189122726224043  -0.5714078575376772  -0.053626020667308524  -10.494923936126156  -0.5737258786877762  -0.8174776220454275  -0.05068484565324445  3.292811429092435  0.0  0.0  0.0  1.0
3394309161983;3.4771226457556867;0.10979668981631992;-0.8183401787350126  -0.4779020264591489  0.3192632220820099  16.06561898340018  0.0781514453799027  -0.64286618914649  -0.7619812428382349  2.2245508451233302  0.5693959109907444  -0.598608984194614  0.5634319662466021  1.539334124163851  0.0  0.0  0.0  1.0
3394309162014;3.770407506413389;1.0579420331843048;0.6670540060357066  0.6787865071514414  -0.3070632357363242  8.410156044273602  0.6824121978001724  -0.39132483193252476  0.6173965242909285  -4.9193740378523385  0.29891896113370486  -0.6213805224032424  -0.7242469889841586  2.910768420633663  0.0  0.0  0.0  1.0
3394309162045;1.518228345276698;0.04745634401691025;0.3717924351411141  0.6943242560313222  0.6161852097043478  2.4487335671343047  -0.7571116680551198  0.6108829407269636  -0.23152527901629136  7.616506300634525  -0.5371706500420838  -0.3804416646679597  0.7528026517740469  2.6669180708482707  0.0  0.0  0.0  1.0
3394309162076;2.477253977533275;0.03804785273628094;-0.7773576144703752  -0.29930394506929237  -0.5532922263062133  10.8234598734828  0.10080977401534214  -0.9274603076337617  0.3600760575584885  3.533561178572448  -0.6209287629735827  0.22413060083318936  0.7511410953224773  4.809275721211604  0.0  0.0  0.0  1.0
3394309162107;3.7764439721661978;0.08935902744945003;-0.38183879147875044  -0.9006633122039908  -0.20737583121421252  18.926137926024303  0.9208074273657663  -0.39001432525674373  -0.0015836042962920072  -13.43913747948722  -0.07945325059484848  -0.1915578871888728  0.9782600660487215  -8.338302658574705  0.0  0.0  0.0  1.0
3394309162138;3.5448738491278085;0.04025795132291263;-0.16348060916105328  0.9823154851701634  0.09127090458211569  2.4392416626373983  -0.9362644232894853  -0.18364194300201198  0.29947381597203604  9.22752847615063  0.3109389330893418  -0.0364955389787905  0.9497289379206623  2.0348721862825094  0.0  0.0  0.0  1.0
3394309162169;3.3386677234651425;0.0755423998841841;0.9548461221320855  0.2611725387011073  0.14162552057358213  3.3241776682191824  -0.011362011463430688  -0.44424285488015436  0.8958343544335838  2.7077085684803683  0.29688345818658296  -0.8569931101918786  -0.42121612188854657  -7.751606744078102  0.0  0.0  0.0  1.0
3394309162200;3.9550078381949887;0.057687837783508354;0.5942214007281963  -0.6710509994439207  0.443386381231919  11.021453997443373  -0.2685818847949987  0.35406932456358015  0.8958229091528389  -2.0002922453541023  -0.7581323750352482  -0.6514026938449105  0.030163427772840146  5.7356971925805  0.0  0.0  0.0  1.0
3394309162231;2.42664388566255;0.013615481149121452;0.8281453072551405  0.5528679782458156  -0.09226239050487416  -2.421922909154915  -0.2100082668159265  0.4586631789870253  0.8634376735529242  2.3853624153713504  0.5196844022483829  -0.6956759927379275  0.49594660517825867  -5.05648407392858  0.0  0.0  0.0  1.0
3394309162262;2.736577686008396;0.04231233145217448;0.8635856348917466  0.2957858803030884  0.40832654116766376  8.883059647914466  0.340404077731254  0.25538688592244435  -0.9049323744693702  -5.265177449467218  -0.3719474627854791  0.920482618799597  0.11986172623185998  7.7304918697374125  0.0  0.0  0.0  1.0
3394309162293;2.8148683419657083;0.038183030344764626;-0.07846284679306904  -0.9786456914679178  -0.1899899793262977  -2.1917842477777043  0.6291203075335176  -0.19644427623823243  0.75207531868967  -3.5700846035844354  -0.7733377142762785  -0.06051658371485097  0.6310994555325047  -1.3316849539251914  0.0  0.0  0.0  1.0
3394309162324;2.2219663596591737;0.032932506885468026;0.5117926251184752  0.8084178696848887  0.29073846812640247  10.819808207645087  -0.7568772230476326  0.5843958477954146  -0.29260615562763514  9.20849458784753  -0.4064543985566468  -0.07029965187414175  0.9109625573207332  10.764116301294731  0.0  0.0  0.0  1.0
3394309162355;3.4807471093941937;0.06520976921597776;0.7667419951603176  -0.38045748725925427  -0.5170675132378288  -5.585235185952746  0.5997236561751638  0.13720153092815057  0.7883573276978323  -6.7699589487478535  -0.2289939935488957  -0.9145642898666815  0.3333675308412355  4.790974492061569  0.0  0.0  0.0  1.0
3394309162386;1.7900521026949254;0.026504979093511644;-0.8197508054316038  0.04624431097081498  -0.570850313740013  6.337102576762909  0.22325005795289005  -0.8920883218484911  -0.39285854661133923  -2.782903254900948  -0.5274163712080504  -0.4494884756302183  0.7209660752472026  2.6429097077359733  0.0  0.0  0.0  1.0
3394309162417;3.2825031286422393;0.028497396964211077;0.36324011622810015  0.8209789943137996  -0.4405111903891855  6.033158279905312  -0.15335051401659305  -0.4136755131894517  -0.897416397018848  7.946945507181133  -0.9189887038551905  0.39353025383437185  -0.02436599071680884  7.422236618221353  0.0  0.0  0.0  1.0
3394309162448;2.5548125902487047;0.01992856738483201;0.46956022340059117  -0.8526554969961829  -0.2291108902740751  15.357023368710143  0.8629180686553498  0.49810805810942993  -0.0852101474859304  -16.750426427457587  0.1867768812998762  -0.157692631053722  0.969663565739812  -1.1715401834708201  0.0  0.0  0.0  1.0
3394309162479;2.7901407133897638;0.8061445099963636;-0.9918013511155873  -0.1229498966937736  0.03483393213930874  18.48333630177915  0.12173439154955071  -0.9919417630850975  -0.03510379696969024  1.7722660128226932  0.03886924027243488  -0.03057550572956841  0.9987764117208743  3.374465023343185  0.0  0.0  0.0  1.0
3394309162510;2.4626078118590478;0.026154530318128325;-0.9916281227580372  0.12850921156845027  -0.012611451043673838  34.90094313012182  -0.08582896948786042  -0.7289421715969456  -0.6791735407568387  4.1101877164690706  -0.09647307475157813  -0.6724051554008075  0.7338693704184641  -1.5286921850154087  0.0  0.0  0.0  1.0
3394309162541;2.621200470666735;0.08573492453953087;-0.19897207082838192  0.8077435491735551  -0.5549418652424539  17.05691462423759  -0.5123329207239893  0.39698427143125786  0.761523779391438  3.7858859029217866  0.8354191124056782  0.4358369500222551  0.3348448291710749  -2.909045089124442  0.0  0.0  0.0  1.0
3394309162572;1.826907686892434;0.03201679021131425;-0.41189558210451815  0.8777569316604972  -0.2447137069408451  6.986842678795862  -0.09149710215732104  -0.3070349251878366  -0.947289731292234  -1.2528869022986617  -0.9066257826355886  -0.3677938602489841  0.20677854488209835  7.390971270869748  0.0  0.0  0.0  1.0
3394309162603;1.9909019248105964;0.029511723103163426;-0.23456619417770552  0.037019269817815  0.9713950145080736  1.9305108195883092  -0.6455276977991238  -0.753073417201191  -0.12717869192236256  5.046988439541686  0.7268237007164453  -0.6568942091136715  0.2005425294289817  -2.387182701136707  0.0  0.0  0.0  1.0
3394309162634;3.01258289883689;0.03636019616206162;-0.08128545198972577  -0.56069568121177  0.8240224683619347  11.675908992887571  -0.1080152389885739  -0.8169332010859649  -0.5665270100442522  3.4101229577426264  0.9908205606673024  -0.13505738792790406  0.00584110648973557  -3.139649760400009  0.0  0.0  0.0  1.0
3394309162665;3.8547413171629152;0.7946518634167925;0.029458045298819707  -0.9221764374990306  0.3856460056694087  13.751809499439801  0.9224090956154798  0.1737165732886027  0.34494059269778343  -6.201988223424313  -0.38508918953017257  0.34556210771214835  0.8557412843964771  7.431906309487028  0.0  0.0  0.0  1.0
3394309162696;3.0132495381752045;0.05735137410413642;0.4894537424577564  -0.6311587682163943  0.6017255547985815  -4.383508424536937  0.608552859040098  0.7414451975594151  0.2827055655097781  4.435622600702176  -0.6245786193492531  0.22781050967776847  0.746996599679099  -0.8598719598969184  0.0  0.0  0.0  1.0
3394309162727;3.502392525482743;0.011801463483229939;-0.7269728765589395  -0.61716922202274  0.30101924877898745  24.142775247488373  0.6714928029595891  -0.7306055312775435  0.12374559887176806  -4.825965122807821  0.1435543531945121  0.2920919530807099  0.9455550954991466  -0.006418148518926969  0.0  0.0  0.0  1.0
3394309162758;3.457925038615682;0.00885346860971487;0.13784789698954059  -0.7321964792995973  0.6669979557666093  4.564154488170694  -0.8786150495645636  -0.4012575777893973  -0.25889756844212736  8.706097731332633  0.45720187223394104  -0.550345956619889  -0.6986313592001996  -5.672306197210878  0.0  0.0  0.0  1.0
3394309162789;2.1605956540110696;0.03494956798805252;-0.32406931363683167  -0.8743913863329099  0.361135408767632  6.672147950274053  0.9219871302833229  -0.3774352724857111  -0.08650055881646168  -0.20138809975331728  0.21194058495454715  0.30493002244851036  0.9284927947263104  0.6358346728854904  0.0  0.0  0.0  1.0
3394309162820;3.736908019221678;0.011411720252597832;0.43738360462399306  0.44784207055599895  0.7798288672819431  7.88496362511408  -0.8618587825591065  0.456292978283727  0.22135075535154836  9.117145851415959  -0.25670025580793127  -0.7689175494219662  0.5855516893144964  8.40533483263604  0.0  0.0  0.0  1.0
3394309162851;3.0196041882655598;0.02976301621637767;0.4281390512614961  -0.48576395353776164  0.7620566476504685  3.3665749685242194  -0.30825628048100717  0.7141801840666749  0.6284303702324586  0.8310728987096734  -0.8495145780555627  -0.5039643302157943  0.1560286369267671  9.895272574088143  0.0  0.0  0.0  1.0
3394309162882;1.0159530457947656;0.03760407698519633;0.3847235703263609  0.1955934922228952  -0.902070374325302  0.13442172614207948  -0.6071960332833023  0.7896932480884178  -0.08773568879644883  -0.503927865890196  0.6951983541410038  0.5814875404715192  0.4225771984809671  0.9864524845117959  0.0  0.0  0.0  1.0
3394309162913;3.707565587024253;1.4210891659273186;-0.8202830097593901  -0.5718398681750426  0.011616757965379712  27.4732055041284  0.5718884759593943  -0.8203306589765434  0.0010867418971338139  -4.583419661026213  0.008908140373713791  0.007534925922622671  0.999931932646629  5.0510235856731684  0.0  0.0  0.0  1.0
3394309162944;2.7894836947736765;0.02829239599966556;-0.15530739602237129  -0.3021421269666278  0.9405263142798463  12.789481356738717  0.9667702202038899  -0.24219438159733878  0.08183656181442234  -14.0333614419533  0.2030639162127862  0.921982655278702  0.32971658935752995  -2.0899297173369007  0.0  0.0  0.0  1.0
3394309162975;2.6130962231388835;0.17771768708673513;0.2524914241710899  0.24694598154752367  0.9355563921632866  4.512541048835143  0.7776537453967424  0.5235476108338992  -0.34806975085539116  -14.280066644495044  -0.5757627401894577  0.8154235594999977  -0.05984718558028387  11.892084909330912  0.0  0.0  0.0  1.0
3394309163006;2.118558382630927;0.017642990527908343;0.18722220070667106  -0.8799141316029032  0.4366909302562395  3.4101143839263086  0.6365765085835472  0.447253814207847  0.6282788985761931  1.502154988215766  -0.7481431656321754  0.16035942966361993  0.6438685091195455  4.719651811890087  0.0  0.0  0.0  1.0
3394309163037;1.6957835337450329;0.021260136151398535;0.4104445415327206  -0.8511422159070046  0.32724945626678736  6.146388486077509  0.9117578173948293  0.38905672091402493  -0.13165314402262945  -16.09029100823223  -0.015263051641509096  0.3524085643291603  0.9357217765137504  -2.455760617604449  0.0  0.0  0.0  1.0
3394309163068;2.3800172959411823;0.015034301827560263;0.8034947744948463  -0.3760486770201004  -0.46150139747449176  1.9667692081776087  -0.2026842568685452  0.5561057431638451  -0.8060182965899927  -4.216419967821956  0.5597456917003669  0.7411705572482087  0.37060891205050406  -2.22236291037742  0.0  0.0  0.0  1.0
3394309163099;2.23708937419933;0.020495327658871777;0.31182576847395393  -0.8608585535416237  0.40210352014108414  0.6883118445871981  -0.04897138957465837  -0.4372039977931112  -0.8980280994027123  4.784425213574586  0.9488764372239175  0.2603367340732845  -0.17848891218588536  0.18667206064775055  0.0  0.0  0.0  1.0
