# registration_from_features.py RANSAC RANSAC_config.json euclidean True --input_txt=/neural_comparison/point_clouds_registration_benchmark//planetary/p2at_met_global.txt --input_pcd_dir=/neural_comparison/point_clouds_registration_benchmark//planetary/p2at_met/ --input_features_dir=/neural_comparison/experiments/FPFH/features_voxelgrid_0.2//planetary/p2at_met/ --output_dir=/root/neural_registration_comparison/results/FPFH/RANSAC_voxelgrid_0.2/
id;initial_error;final_error;transformation
27844314100030;8.255147930606862;0.13936007981755646;-0.967533518279425  -0.2519975523557734  0.019393932363959074  -56.31698380752156  -0.21895991137847665  0.8740626580497154  0.43367156583317373  -8.217710811712735  -0.12623568518833372  0.41534528215662503  -0.9008622804709192  4.236469437116065  0.0  0.0  0.0  1.0
27844314100061;18.254613203222405;0.2917777524637676;-0.8976069156994488  -0.4376997535396442  -0.05216081517632352  -86.48635551809403  0.44079129947475204  -0.8918806851901755  -0.10125153673926657  -126.62450188756071  -0.0022034509032503174  -0.1138761131055965  0.9934925141479825  -2.9041624740295333  0.0  0.0  0.0  1.0
27844314100092;11.393043179182689;6.092393166924808;0.0003536297383942011  -0.575211829815548  -0.8180044167278425  -93.66605026697738  -0.18836157105164997  0.8033236663747647  -0.5649699156531799  -36.91173259387745  0.9820996861301622  0.15428038722551807  -0.10806372481356497  62.66751126251927  0.0  0.0  0.0  1.0
27844314100123;5.730994932441914;0.2854495111848592;0.29597470085161276  0.7768733048484406  0.5557579011311132  -10.620175644944524  -0.9551650279347192  0.24538100245037114  0.16567417736906925  -39.822220510971825  -0.007664585198511362  -0.5798758762444882  0.8146687807222158  -7.778085980963793  0.0  0.0  0.0  1.0
27844314100154;17.463252642790277;9.828802203666237;0.47410634257129197  -0.7287118033812173  -0.4941682745245466  -77.90101321144707  -0.5596972402033695  -0.6826980610639699  0.469747119978642  -160.17145773683328  -0.6796779937900047  0.05387453046097788  -0.7315294660676387  -28.816063231113308  0.0  0.0  0.0  1.0
27844314100185;21.245539471637414;0.12556763795339998;0.3866216398305517  -0.8404596079200782  0.3796726946589179  -33.40799159453924  0.06681350679841919  -0.38507835853745054  -0.9204621736363755  1.2700150713705938  0.9198150156004377  0.38123785913905717  -0.09272557271344133  14.927561128113677  0.0  0.0  0.0  1.0
27844314100216;3.735345026853811;2.653244888041467;-0.1373519816535429  -0.9810951633387697  -0.13633309799574636  -80.58238364556814  -0.9711425707935301  0.10628989389348409  0.21350542299587044  -68.44687567600045  -0.19497830732770874  0.1617242682140961  -0.9673824066739262  28.613404597307078  0.0  0.0  0.0  1.0
27844314100247;13.271216615726097;7.977603246493819;-0.5299220344942756  -0.6766245762216185  -0.5112355819095181  -90.1674822469243  -0.801076055960385  0.5972300509464471  0.03991765040003394  -25.15982111747026  0.27831598934377205  0.43069182613490603  -0.8585131105441423  23.150773507848342  0.0  0.0  0.0  1.0
27844314100278;11.802091711636171;9.565558258762785;-0.1674308529950062  0.9453535646686434  0.27977410036251477  75.59965593748862  -0.7271924323479707  0.07319688412033215  -0.6825198769932762  -99.47416869582752  -0.6657011910769024  -0.31772449374161316  0.6751985413753716  -50.14002929119717  0.0  0.0  0.0  1.0
27844314100309;7.478645140598016;0.38588896387604066;-0.9451754383577947  -0.04220958764642678  -0.3238236270500793  -0.2054333812619049  0.3240043756233697  0.0026758570613750338  -0.9460517979296363  -65.32729548086716  0.04079896202185268  -0.9991051949117798  0.011146936719732534  -59.241774964132915  0.0  0.0  0.0  1.0
27844314100340;12.12926847078954;12.12926847078954;1.0  0.0  0.0  0.0  0.0  1.0  0.0  0.0  0.0  0.0  1.0  0.0  0.0  0.0  0.0  1.0
27844314100371;7.953713343024883;0.20902397889251953;0.32012817027666546  0.6168051799940587  -0.7190753260457572  17.19745912327656  -0.8298195715958644  0.5487630652800086  0.10128463250141066  -36.820520239678984  0.4570748660687557  0.5642787149246256  0.6875115262242829  49.04015747632607  0.0  0.0  0.0  1.0
27844314100402;10.041005189608843;10.041005189608843;1.0  0.0  0.0  0.0  0.0  1.0  0.0  0.0  0.0  0.0  1.0  0.0  0.0  0.0  0.0  1.0
27844314100433;14.948099495912265;1.578164142064575;-0.11314162576172457  -0.9647294093992537  -0.23768916500370849  -72.86065885633445  0.8988253257784589  -0.20133509492905918  0.38932918371110276  -131.14214675558324  -0.4234524840631364  -0.16959170436690885  0.8899026056545101  -7.741109591372187  0.0  0.0  0.0  1.0
27844314100464;4.885279212879443;4.885279212879443;1.0  0.0  0.0  0.0  0.0  1.0  0.0  0.0  0.0  0.0  1.0  0.0  0.0  0.0  0.0  1.0
27844314100495;16.561379565347497;6.283772108265226;0.5796122785173993  -0.7803450821317722  -0.2347576609711111  2.4725390724289653  0.811947031599064  0.5775050152250936  0.08502926124184215  10.100958924074101  0.06922156072595959  -0.23989478981966833  0.9683278707896616  -5.484949614766188  0.0  0.0  0.0  1.0
27844314100526;4.988304065514908;4.988304065514908;1.0  0.0  0.0  0.0  0.0  1.0  0.0  0.0  0.0  0.0  1.0  0.0  0.0  0.0  0.0  1.0
27844314100557;9.320673558395054;0.08658279834006305;0.2412444527411406  0.9612147624111841  -0.1336685996950549  -8.225877924219173  -0.16724004571154383  0.17685349283037902  0.9699245378812187  -3.175917230029558  0.95594554297409  -0.21163417161815906  0.20341852489748158  20.368192763775284  0.0  0.0  0.0  1.0
27844314100588;15.87658357879776;10.244175872304375;0.27618837658525264  0.9608941101778612  0.02006214506721947  3.810042797545403  -0.9432571758866967  0.2750048130392335  -0.18611354852215373  -24.92104076389868  -0.1843525990526158  0.03247863652851962  0.9823233975589676  11.436087794943193  0.0  0.0  0.0  1.0
27844314100619;9.309459031404598;20.24071966626248;-0.43824452485048104  0.8956842336095432  0.0754419651246035  47.98837904330626  -0.8847442390977662  -0.44465616705693345  0.1396729196428254  -134.69794729220396  0.1586485670338404  -0.005535951726858196  0.9873195963904433  14.172758277212353  0.0  0.0  0.0  1.0
27844314100650;9.597631194952498;0.10344482713535512;-0.026876862596941775  -0.6125742375879405  0.7899559720012884  -60.30160819587468  0.2553802355039103  -0.7682259614325075  -0.587034758336394  -130.0517238792117  0.9664670556055774  0.18596148962797304  0.1770868566676613  15.45602897642739  0.0  0.0  0.0  1.0
27844314100681;7.297471099283818;0.6689338260865058;0.8923084350407015  0.11611754414466127  0.43623660173927065  3.2650524384844744  0.3723365209260133  0.3570880630170134  -0.8566525727711727  -5.5532300555092595  -0.2552472760675947  0.9268251351752228  0.27539788827713024  -2.7534534338134025  0.0  0.0  0.0  1.0
27844314100712;8.650942439496344;0.33457732220041736;0.5695052874021882  0.7590624471278675  -0.3154170714802963  5.065885117695281  -0.602544262794994  0.6465150758238176  0.46793019576146405  -15.293299709010105  0.5591101313639286  -0.07643597381324332  0.8255624766869145  5.40742721797273  0.0  0.0  0.0  1.0
27844314100743;12.733448854215453;12.733448854215453;1.0  0.0  0.0  0.0  0.0  1.0  0.0  0.0  0.0  0.0  1.0  0.0  0.0  0.0  0.0  1.0
27844314100774;4.598125415447288;7.1443735566388655;-0.6346442707440774  -0.7721875816506566  0.03087050949090986  -81.12020643980215  -0.7687902588680562  0.6267776671713117  -0.12693027142835386  -35.405472039732096  0.07866503340941974  -0.10428851652890088  -0.9914311462925185  -8.753575848270577  0.0  0.0  0.0  1.0
27844314100805;11.913189531673748;0.26057025101018844;0.3530190037747668  -0.836078621285322  0.4199406172347553  -1.676176922276369  0.8975727222834113  0.4293233132958457  0.10022325515279577  24.656125005109182  -0.2640848181676043  0.34154652931967133  0.9020006525070093  5.610189898542696  0.0  0.0  0.0  1.0
27844314100836;8.640990827250187;8.640990827250187;1.0  0.0  0.0  0.0  0.0  1.0  0.0  0.0  0.0  0.0  1.0  0.0  0.0  0.0  0.0  1.0
27844314100867;6.409696051288649;0.35392366285455457;0.7025133955045404  -0.5030975530378382  0.5033565150706021  -48.804153791243465  0.14082294420101824  0.7915737343337715  0.594625866826734  -14.861875357151717  -0.6975986149092028  -0.346848490324273  0.626938830538143  -38.66479951071966  0.0  0.0  0.0  1.0
27844314100898;22.51393172662874;5.9163367784728145;-0.4161670015734148  0.07850650654795133  -0.905892794557408  26.506016405799237  -0.43829542646351444  0.8555687451651929  0.27549816957218354  -12.82255875691615  0.7966819603471383  0.5117019158905833  -0.32165043654773234  -3.9928139872067225  0.0  0.0  0.0  1.0
27844314100929;11.35647365629622;0.05586720588458608;-0.27440345988172726  0.32545996994554344  0.9048638290748415  -5.031690440519366  0.8764363702375617  0.4718359533044204  0.09607352441810929  23.534873631087365  -0.39567920103253557  0.8194184774169762  -0.41471837280002405  -20.703517011633235  0.0  0.0  0.0  1.0
27844314100960;8.931838196630506;3.3755845285507022;-0.9649865714282632  0.05904099713954765  0.2555681467239118  -6.629296059712866  0.2240106761880057  -0.32137616931150936  0.9200742224149382  -99.91767081314435  0.1364556115259442  0.9451092627074545  0.29689787407061796  60.83500285923529  0.0  0.0  0.0  1.0
27844314100991;2.7303992422678602;0.08572919081876645;0.9615987937116128  -0.02183696135083181  -0.2735889381011852  -4.570089506572421  -0.18584021223184632  0.681739822851773  -0.7075975052638721  -2.3183429728139853  0.20196825356969894  0.7312687338160958  0.6515020057474963  4.436420812937244  0.0  0.0  0.0  1.0
27844314101022;3.041428379569016;0.11033132125140196;0.4734355204204042  0.7599981923454037  -0.4452657135194444  -13.110712979347307  -0.7249275021608512  0.623335042408818  0.2931442332982614  -8.909736432918994  0.5003388098229934  0.1840004688497173  0.8460525414228093  9.355641401284393  0.0  0.0  0.0  1.0
27844314101053;13.922293305846535;13.922293305846535;1.0  0.0  0.0  0.0  0.0  1.0  0.0  0.0  0.0  0.0  1.0  0.0  0.0  0.0  0.0  1.0
27844314101084;10.548695524568679;5.249479966978516;0.31075357388133074  -0.8813160589929547  -0.35596940947377503  -99.62730756329066  0.875831892527863  0.41099942294261355  -0.2529782013769199  -51.566755930798  0.36925697332757734  -0.23315548138949319  0.8996042514055786  -3.6588004895060235  0.0  0.0  0.0  1.0
27844314101115;4.295014706995369;4.295014706995369;1.0  0.0  0.0  0.0  0.0  1.0  0.0  0.0  0.0  0.0  1.0  0.0  0.0  0.0  0.0  1.0
27844314101146;10.908481463882481;10.70513053729489;0.305556647360775  0.8383691857382976  0.4514113907049174  112.38980078699798  0.9503465238143523  -0.2391624407269365  -0.19910502660533694  -129.79750005216556  -0.05896286905858958  0.4898351103688252  -0.8698189149026023  48.192931877612516  0.0  0.0  0.0  1.0
27844314101177;7.524206569447689;7.375389146418581;0.45426155286526715  0.1710379734081433  0.8742954038772431  -8.795378304428532  -0.8589701266796457  -0.17617260905892906  0.48076348997123675  -85.66430893648905  0.23625571540259066  -0.9693860033391265  0.06688806672198802  -47.73781267610808  0.0  0.0  0.0  1.0
27844314101208;16.92222694472815;16.11666152535287;0.287985125532251  0.42581433126555834  0.857756796977465  46.966144677902314  0.924176350987952  -0.35827518463755104  -0.1324272039556968  -142.57228942839794  0.250923573517453  0.8308556116208131  -0.49670545889031403  76.47995574841148  0.0  0.0  0.0  1.0
27844314101239;4.364181244222641;0.06775575790954991;-0.6053090062205917  0.047216140938575867  -0.794588977411031  16.968853973791465  -0.26213747623880973  0.9307305043601644  0.254999356478836  -6.760147171868226  0.751588285259547  0.3626449562427987  -0.5510024366300681  33.90815162003504  0.0  0.0  0.0  1.0
27844314101270;10.750785704410854;4.161574685920954;-0.06047401080808325  -0.6611373451428858  0.7478237124310785  -25.593412745873785  0.9682480706527116  -0.22091712472018743  -0.11700981874469679  -69.88594998945085  0.24256662526836925  0.7170028137063212  0.6535047034590743  27.036256269342836  0.0  0.0  0.0  1.0
27844314101301;12.136609704346055;0.19813102385225023;-0.8606164751707741  -0.26224326607718657  -0.4365406648432679  -27.992145677859376  0.019883819301690066  -0.8738668528454718  0.4857585379876799  -22.321437667482485  -0.5088653224524249  0.4093717050494825  0.757278608380212  -2.8738240372995962  0.0  0.0  0.0  1.0
27844314101332;6.935112362192998;6.986175365096277;-0.21327847954880824  0.14916864565633345  -0.9655366411040054  11.60835514093464  -0.9389095137429389  -0.3045274835310438  0.160349420882175  -100.13671893240237  -0.27011333762764766  0.9407506188822339  0.2050050192272064  76.66150116679415  0.0  0.0  0.0  1.0
27844314101363;7.8460839984677655;1.1450481837985194;0.5115860715506667  0.5992226329241422  -0.6158018574077352  62.511387441456  0.18361398819065983  0.6238918295259853  0.7596347072056682  -30.382172424373117  0.8393840567559514  -0.501688370646738  0.20914871269444726  -50.38560556001093  0.0  0.0  0.0  1.0
27844314101394;13.188484809554595;0.07367523641397038;-0.4225181234505116  0.8894807014242224  0.1740761820288212  10.046942785198386  -0.8166453214965037  -0.2902992432471377  -0.49881536488766154  -96.83164656704012  -0.3931524567311391  -0.3529170315584276  0.8490469448754042  -48.06177466537353  0.0  0.0  0.0  1.0
27844314101425;12.438217758874531;1.9180474812358512;0.8378034746005153  0.5419047823348654  0.06651725212233009  43.14508756623703  -0.5455161237963416  0.835845404161118  0.061437928195471114  -12.346363884254622  -0.02230463237800423  -0.08775914325778014  0.9958919801610725  3.9242998937203035  0.0  0.0  0.0  1.0
27844314101456;13.306910826894018;4.290733127154643;0.6292643911064191  0.6930352109721449  -0.3517506537851258  73.18068360042547  0.7769593314998264  -0.57201589883281  0.2629296648874676  -150.3544834943027  -0.01898745061380558  -0.43874822829874466  -0.8984094105049771  -57.49672853370489  0.0  0.0  0.0  1.0
27844314101487;11.823132391507976;0.040974660428473475;0.26636564506909366  0.04493716413207335  0.9628239685460126  4.887655507478824  -0.8785358157380772  0.4222488244844204  0.2233399890009776  -12.086033721478108  -0.39651502316098597  -0.9053654408587134  0.15195148866118602  -0.39167161169790177  0.0  0.0  0.0  1.0
27844314101518;11.362927964176022;0.1039170635754751;0.008610333364696047  -0.2775642490928629  -0.9606684910961039  -15.668754679996965  0.9505342096084463  0.3005820606034006  -0.07832714221431059  -0.9480310297324088  0.31050052902273134  -0.9124738420738038  0.2664224258722888  -5.564931078887001  0.0  0.0  0.0  1.0
27844314101549;8.602285781784683;0.06369462718194595;-0.568073628628623  0.8013114738163787  0.18759604043511252  -38.18141151358235  -0.8094255124876321  -0.585206864398746  0.048613430188806844  -11.532746283928144  0.14873698998851503  -0.12422901348240176  0.9810425373134162  5.694154836530729  0.0  0.0  0.0  1.0
27844314101580;8.529179145836824;0.29361493363630436;0.8371371335105093  0.053520529079931656  -0.5443684162998542  0.3824151311898376  0.3999632363915315  0.6189935548192745  0.6759263189338095  1.1986717482090583  0.3731364753451736  -0.7835703746691821  0.4967762461186913  -34.60377332178029  0.0  0.0  0.0  1.0
27844314101611;6.938820905749202;0.09720769299103926;0.9925565826892232  0.06059815964690954  -0.10563755585822418  -4.887087478443693  0.07802970436273333  0.3495387095646631  0.9336669940363824  10.556571224754979  0.09350291651791544  -0.9349601882236901  0.3422084906009288  11.544794445638553  0.0  0.0  0.0  1.0
27844314101642;12.547466022442515;21.866634276154436;0.004570510271964718  -0.9766647398471356  0.21472097330065432  -40.31190927257319  0.9946550672273282  -0.017709346095659616  -0.10172352874267945  -15.51632768904157  0.10315235176597992  0.21403823256649873  0.9713635917229743  6.687573894121119  0.0  0.0  0.0  1.0
27844314101673;7.73561147720838;0.24071718457242278;0.03852229247019261  0.9991579976533156  -0.014118381927762361  -23.918542668836004  -0.9980526053936474  0.03777829455267019  -0.04963665306649843  -20.24970770628326  -0.04906149049706077  0.01600300553361493  0.998667549269574  -11.55088459532965  0.0  0.0  0.0  1.0
27844314101704;7.852470163017852;7.852470163017852;1.0  0.0  0.0  0.0  0.0  1.0  0.0  0.0  0.0  0.0  1.0  0.0  0.0  0.0  0.0  1.0
27844314101735;7.401041146075741;11.765191749503126;-0.4134348115004794  0.895751240439316  0.16340554424801493  31.755891047703173  -0.7974273131406595  -0.26957185478551376  -0.5398524755567643  -88.47660692519585  -0.43952398898903344  -0.3534978505718597  0.82574689387502  -28.25958974682645  0.0  0.0  0.0  1.0
27844314101766;17.078221026612844;0.8158958244623332;-0.7686061733040513  -0.11930881673598348  -0.6284981755009014  9.189838948996648  0.6077370445472654  -0.4429458528544348  -0.6591317441331532  -61.369989680010036  -0.19975043189905156  -0.8885743512436746  0.4129593046149046  -42.35315844348931  0.0  0.0  0.0  1.0
27844314101797;5.658008139654423;3.202183442311577;-0.18790635103481645  -0.39714862954495256  0.8983118441228231  -19.439084155425668  -0.7802071919022944  -0.49522158669636596  -0.3821417508907785  -102.29063621773913  0.5966304894528244  -0.7726762233435813  -0.2168029357153258  -52.92233194649238  0.0  0.0  0.0  1.0
27844314101828;12.532088953947076;2.9041140564409273;-0.6541893734051689  -0.4977276367839011  0.5694764817841605  -38.033175892571016  0.2705293381097573  -0.8571203832074461  -0.43835890080186274  18.030475440563897  0.7062932400537673  -0.1327096389560068  0.6953689745613602  13.639667752016024  0.0  0.0  0.0  1.0
27844314101859;13.452993466710405;1.3451662396646316;-0.34964059871062036  0.8369603412589571  -0.42100930974619594  15.61421989473623  -0.9333887859343428  -0.3499639822240183  0.07943919333628674  -112.1219078463795  -0.08085064022808919  0.4207405356102456  0.9035710130748504  41.16374856658267  0.0  0.0  0.0  1.0
27844314101890;10.240194569123585;4.929216727416114;-0.3084883193548652  0.2659201332127664  0.9133024907300511  8.048597225151292  -0.17349500653659858  0.9282955249681003  -0.3288873683057233  3.9605005176530454  -0.9352723878787801  -0.259911333104779  -0.2402325111120896  -40.9379658639087  0.0  0.0  0.0  1.0
27844314101921;5.39778345406533;6.992420476840855;0.4500251328365201  -0.4025290755105458  -0.7971497495352409  -14.711435383254965  0.7470401549778712  0.6587840532613227  0.08907624834500576  -2.9523446876163533  0.4892937631588113  -0.6355894229274175  0.5971747640320053  -27.23833598300703  0.0  0.0  0.0  1.0
27844314101952;13.302221500961894;0.04394823656237056;-0.0697338391238707  -0.9959990042834246  0.05588537507678236  5.629708084539944  0.9958629436865242  -0.07277726111575564  -0.05441017971390581  26.19359992563929  0.058259669352447335  0.051859943414119626  0.996953538133061  7.990624348723459  0.0  0.0  0.0  1.0
27844314101983;10.786030610610256;10.88240862439687;0.9336889778021522  -0.20009039817022417  -0.2969658655314683  0.1366120134411748  0.29545002221609434  0.8990402536858166  0.3231654477586563  6.469387385005126  0.202321963966551  -0.38947458814744845  0.8985406880515162  12.795369076107503  0.0  0.0  0.0  1.0
27844314102014;18.074211930870813;0.2043949995783081;0.2621096025937385  0.8339192285191517  -0.48567198450618565  34.8912450273175  -0.7325111340157491  0.49956612757664065  0.4624512111791274  -14.383376207273685  0.628272229826462  0.23454723294915109  0.7417961989285077  -0.06048644167921857  0.0  0.0  0.0  1.0
27844314102045;5.527523174873733;3.9002381112956077;-0.646524505594854  0.46144623620102443  0.6075141436717659  9.48732048867999  0.2746161898079943  0.8837156299660762  -0.3789889624369045  -14.774007512036384  -0.7117527744664366  -0.07819243217581939  -0.698064417937027  -16.459148597268676  0.0  0.0  0.0  1.0
27844314102076;12.49337546729974;0.39150282563092004;0.4450818766291073  0.8923676359943038  -0.0747136220929755  49.5786262938107  0.8815554752759944  -0.4219671455081422  0.21166877928175507  -76.23378661247398  0.15735967433631273  -0.16007414014027965  -0.974481504468464  -25.69538745308815  0.0  0.0  0.0  1.0
27844314102107;8.34390181428472;0.7880892998387147;0.08712737510935427  -0.9745397623705505  0.20659397877311264  -15.149046007667907  0.9931771103775139  0.10111074546453255  0.0581020186721477  9.584147384883922  -0.0775115986722374  0.2001221344838144  0.9767000989868468  -6.725243811927965  0.0  0.0  0.0  1.0
27844314102138;13.875093444885819;2.0485931215751205;0.7115483372741612  -0.6847544489340698  -0.15751288324252705  -47.741800757771614  -0.6717021888111318  -0.5971240404377522  -0.4384735452426175  -149.37440505688346  0.2061919815819989  0.4177968704960487  -0.8848336802670868  27.609389434439176  0.0  0.0  0.0  1.0
27844314102169;7.7056993337980995;9.174736558481104;-0.5282225851080353  -0.8485096551859623  -0.03181612229648163  -23.97363027769769  0.023519707498051663  -0.052076929846358644  0.9983660735106056  2.6950990282952825  -0.8487801387526637  0.5266112023437954  0.04746490940717989  4.866429091640715  0.0  0.0  0.0  1.0
27844314102200;9.927306225231835;0.11531904628728648;0.736411594413188  -0.37210428411092566  -0.5650100577512965  -14.613497983840515  0.6345334754673198  0.6695708925703224  0.3860596952984712  11.951857459090276  0.23465982213662512  -0.6428166313723369  0.7291923932035563  5.505423526106223  0.0  0.0  0.0  1.0
27844314102231;10.287771982386351;0.16802324716767988;-0.7668487286938942  -0.5100447281926985  0.38961186139977266  -47.62341249043569  -0.6217618027243113  0.7409450796149811  -0.25379647292144464  -19.562008175274666  -0.15923343861631165  -0.4368692759135008  -0.8853191220058668  -21.16959598402318  0.0  0.0  0.0  1.0
27844314102262;8.065900080817094;13.075264925361902;0.6739739500012571  -0.7277978939056329  -0.12676490187046646  -27.056618560041663  -0.3910811810966216  -0.4970722392305156  0.7745803372010118  -25.036779702461562  -0.6267492517042005  -0.4724716019115723  -0.6196418004584088  -29.193103230224306  0.0  0.0  0.0  1.0
27844314102293;15.344796486985695;0.1897309427925592;0.2289017320368335  0.8655612472037447  -0.44542981984778945  61.859935454527545  -0.1711476218051378  -0.4146669341420095  -0.8937336433634537  -111.76426035555886  -0.9582862247893282  0.2808114332935243  0.05322076954210046  12.746670573329967  0.0  0.0  0.0  1.0
27844314102324;11.120662662609497;0.24634918651174648;-0.26269589252219555  -0.48350158930496234  0.8349952581850654  -24.13729997903103  0.47438518534372887  -0.818292924102278  -0.3245849446455287  -10.067053834923618  0.8402080480323691  0.3108422485823319  0.4443281810980668  9.354099331494103  0.0  0.0  0.0  1.0
27844314102355;17.81708979026515;4.734585723618135;-0.9942203078959989  -0.05241242996234772  0.0936958726552389  12.61542401675356  -0.04665078214231389  0.9969439662505222  0.0626612534361389  -3.706976324919797  -0.09669376346329227  0.057928104941553704  -0.9936270179323758  7.914777819566336  0.0  0.0  0.0  1.0
27844314102386;12.639375851730701;17.239156192043477;-0.18738389439703712  0.8264400745716739  0.5309275649865673  107.86251920371181  0.5961077660619328  0.5252701016137219  -0.6072452977103749  -48.022632169763014  -0.780732225133081  0.2027020559655862  -0.5910745038876847  36.610839486956394  0.0  0.0  0.0  1.0
27844314102417;4.852743056092726;0.13788317312933263;-0.29719348128764844  0.6525316884169595  0.6970498047427034  -29.779359120040144  0.04038647975621895  -0.7207905679536669  0.6919753531751907  17.147726669843962  0.953962770202815  0.23380195200370246  0.1878608003449088  8.60286978078968  0.0  0.0  0.0  1.0
27844314102448;8.862723016525484;0.07694286487244952;0.20321528725001542  0.6855286389497272  0.6991094565285381  -14.550285937091555  -0.9206408688013418  -0.10930965004181648  0.3747956657973053  -31.20380278509125  0.3333525726923425  -0.7197929463307273  0.6089122898184319  2.0522714726438602  0.0  0.0  0.0  1.0
27844314102479;8.845892927971892;8.285409077809913;0.5324431914467047  0.5066086794903414  -0.6781238041442731  42.75354983810749  0.25352373147656027  0.6689036832399875  0.6987800656330858  -12.982591218902442  0.8076075565893676  -0.5439811654947543  0.22771588905195045  -51.57875454571112  0.0  0.0  0.0  1.0
27844314102510;12.811880985162878;9.200630479006886;0.378207206775496  0.9037133054567159  -0.20065286014301956  -8.72376247262  -0.18696204939450772  0.2868546519014599  0.9395528727904023  -13.111430077317038  0.9066446386701259  -0.3178311976867424  0.2774505882994811  26.849846165684053  0.0  0.0  0.0  1.0
27844314102541;16.755247254223338;2.8642309381489492;0.02286455727419977  0.36268359131727007  -0.9316318074270883  30.507110123760917  0.9039131470986295  -0.40561195512831977  -0.13572016931626218  -15.313570898941851  -0.4271044772920413  -0.8390110574040073  -0.337108604207758  -4.374476314678879  0.0  0.0  0.0  1.0
27844314102572;6.047632241354357;0.24193913388926627;0.701219333519367  0.7062268155036077  -0.09764799722619946  -12.187751390589  -0.6751669138838831  0.6138106047636293  -0.40912856155030386  -6.643978065125655  -0.22900018492387225  0.35281755418819655  0.9072368427050852  0.7437162156135022  0.0  0.0  0.0  1.0
27844314102603;5.000465750138839;0.19667354389646344;0.5897881062623533  -0.7960369125894051  0.13592359437049015  -46.98329327566574  -0.25314853692886236  -0.3420763846557249  -0.9049306964136227  -88.18788865617077  0.7668544894321501  0.4993085026874619  -0.4032681628665496  26.416417941932643  0.0  0.0  0.0  1.0
27844314102634;4.837279486815611;0.36993643662399617;0.9470315234376807  0.13510340936592297  -0.2913389132831548  8.185182981732833  -0.3060894616703012  0.10526478164505292  -0.9461651902282202  -30.915130845829168  -0.09716241593173147  0.985224032655986  0.1410427963682871  44.80503988347365  0.0  0.0  0.0  1.0
27844314102665;12.464679441521291;0.2703828315257303;0.06711738556049801  -0.575893491962256  -0.8147649614895348  -9.467312303305379  0.08962725060898902  0.8167848962463525  -0.5699380573466823  -6.1713245794680915  0.9937113325829581  -0.03477239105030727  0.10643621712954461  -20.03835465264369  0.0  0.0  0.0  1.0
27844314102696;10.865536856965761;0.08527258162684721;0.08592312161962427  -0.985510146271015  -0.14624284176677538  -84.84672963606214  0.6379139783768886  0.16717107672328477  -0.7517443629975208  -51.64659765008197  0.7652992704573223  -0.028698130671882587  0.6430345588951107  17.77487606905278  0.0  0.0  0.0  1.0
27844314102727;12.326628554608499;5.871837790987066;-0.8530700675980893  -0.5150436199423173  0.08367514161867215  -40.75592706779624  0.5148749836030986  -0.8568932727578484  -0.025252135791899524  -113.87684673567017  0.08470661737963546  0.021540395981909002  0.9961730774885675  5.269068803595207  0.0  0.0  0.0  1.0
27844314102758;6.140194318079895;8.452813950342277;0.5095799711945038  -0.06139224708737763  0.8582302983203112  -18.092626678328372  0.7737660089178892  0.4689450507419651  -0.42588343807654216  -24.781465084803145  -0.37631690953329333  0.8810911027709776  0.286468239456197  41.43276499435217  0.0  0.0  0.0  1.0
27844314102789;11.79753658561828;0.09487741150951463;-0.6426717856893688  0.7196169258687961  0.26291530172658706  -16.144716452988195  -0.5849882433898251  -0.23931384254006713  -0.7749307323008904  -18.124140561756064  -0.4947340002208508  -0.6518284780307255  0.574767695902982  4.901244752893328  0.0  0.0  0.0  1.0
27844314102820;13.718009914125455;0.14390223407789413;-0.05004781860866607  -0.9987467668142096  0.0003341117732278409  -17.13909516171337  0.9149078113942434  -0.045980755476729515  -0.4010354931618717  6.2528259573141955  0.4005482648849076  -0.01976527014619743  0.9160624550726534  -7.611834586711495  0.0  0.0  0.0  1.0
27844314102851;14.126286162245718;0.09906961197135704;-0.738167791322724  0.029187190089975917  -0.6739854744639406  -16.94122303127544  -0.4696887460531502  -0.7393818623416389  0.4823970807034698  -17.730675471927213  -0.4842528200070198  0.6726533799624159  0.559496770982985  -15.544417931285851  0.0  0.0  0.0  1.0
27844314102882;16.65338049572903;0.3081598731065472;-0.07504179730904408  -0.23396198971709425  0.9693454059437463  -70.58444811118119  -0.9060948358900899  0.42188673896251405  0.03168166442733688  -82.83069737689777  -0.4163662774888707  -0.8759414174790421  -0.24365088982982794  -100.65344370978836  0.0  0.0  0.0  1.0
27844314102913;3.6628597101339557;1.0156835204646093;-0.8401283457938262  -0.3034248950971453  -0.4495750166868858  -29.870865284966076  -0.20697936767295502  0.9455064309239658  -0.25135061256962665  -11.000093325263872  0.5013421027117426  -0.11811402167697568  -0.8571494466730168  7.417201588805523  0.0  0.0  0.0  1.0
27844314102944;9.703443455187617;0.13767989291030788;0.6126410007394147  -0.7902372523558664  0.014003185425477821  -18.308996828385077  0.7899222988437916  0.611614144507381  -0.044168993964604955  17.311473145712192  0.02633943815553033  0.03812116508655805  0.99892592857033  3.7928391058210904  0.0  0.0  0.0  1.0
27844314102975;6.1736923351409825;6.526961972039829;0.3247994189346146  0.5038266336022866  0.800414930353454  30.91639559742874  0.779615171002965  0.3365022298606676  -0.5281727316331445  -42.846723965179024  -0.5354488982169587  0.7955658191323871  -0.2834951583827476  55.08062281021441  0.0  0.0  0.0  1.0
27844314103006;8.779326562990162;0.5954921257383061;-0.279097089791584  0.5599555234934729  -0.7800991130484759  39.21200804532026  -0.6212440474834592  0.5141743801932949  0.5913379238804249  -22.593791004693227  0.7322299146690457  0.6496726240669152  0.20436446266846436  18.809171206839917  0.0  0.0  0.0  1.0
27844314103037;4.983612374719573;8.139762382058828;0.4225436319528812  -0.7027056688169937  0.5724173495872825  9.855132838890164  0.8566225805313274  0.515942509335701  0.0010399924176546296  -1.4723591966692622  -0.2960652523007663  0.48990618497100186  0.8199617651495962  -3.176244814706694  0.0  0.0  0.0  1.0
27844314103068;8.080951485631328;3.87143287238456;-0.08035180549884349  -0.6505853719993956  0.755170352366593  -37.242954041102365  -0.7375625251475242  0.5484250254889902  0.39399430568906574  -16.751536328309747  -0.6704812516775426  -0.5253271981896699  -0.5239143307747047  -25.125400850198282  0.0  0.0  0.0  1.0
27844314103099;5.35424278701302;0.09758673416497944;0.7233773206036627  0.6902405515962347  -0.01712404649583084  26.822564538125757  -0.6782616501272345  0.7057460998890681  -0.20465477384622596  -7.4819007728324465  -0.12917579495767  0.15965720598674923  0.9786844182746338  12.520423623018269  0.0  0.0  0.0  1.0
