# registration_from_features.py RANSAC RANSAC_config.json euclidean True --input_txt=/neural_comparison/point_clouds_registration_benchmark//tum/pioneer_slam3_global.txt --input_pcd_dir=/neural_comparison/point_clouds_registration_benchmark//tum/pioneer_slam3/ --input_features_dir=/neural_comparison/experiments/FPFH/features_voxelgrid_0.2//tum/pioneer_slam3/ --output_dir=/root/neural_registration_comparison/results/FPFH/RANSAC_voxelgrid_0.2/
id;initial_error;final_error;transformation
39885980090030;15.205318337116758;0.11177983087982765;0.564767811047011  -0.6530314357737421  0.5045664113835304  14.239967178216299  -0.8216232443526935  -0.502201386977852  0.26968316828618843  11.164871523378459  0.07728236502930506  -0.5668718645415449  -0.8201729849529732  0.4185319080625174  0.0  0.0  0.0  1.0
39885980090061;13.318166755923231;0.19916245286867867;0.768245831708949  -0.5216535585094  -0.3710470414331646  3.0770643878673773  0.6363136351818512  0.558874521536889  0.5317557962623177  10.201855084548875  -0.07002356562959976  -0.6446214657234071  0.7612882937397135  0.09639584916679855  0.0  0.0  0.0  1.0
39885980090092;16.131758473986306;0.15575931885086342;-0.49732842158140134  -0.8473032527083887  0.1863910916249415  8.192415464562854  0.06579639907147417  0.177388960211356  0.9819388935490644  12.84602358920864  -0.865063740401006  0.500609982666066  -0.03247106863812049  7.150001538374344  0.0  0.0  0.0  1.0
39885980090123;12.985542941208589;0.14099519240856379;0.5194625606060885  -0.6548148014198781  0.5489774348459256  8.085254868725071  -0.32979333607044037  -0.7463187355884591  -0.5781389974678875  -3.645503872305199  0.7882861178608291  0.1192724643456751  -0.6036381992856434  -9.083094437446187  0.0  0.0  0.0  1.0
39885980090154;12.128119033469892;0.4465206555716827;-0.7269583712247054  -0.6383424941038268  -0.2530817787349169  11.260163289644993  -0.6858348170799657  0.6566538611262844  0.31374561407107054  0.12079688594119276  -0.034090030613272565  0.4016522960089346  -0.915157529020845  10.267901409740794  0.0  0.0  0.0  1.0
39885980090185;6.628057703543316;0.15379569407124688;-0.7350375983897081  -0.6641860013238866  -0.13629631175815685  7.2770831944119365  -0.2015975250346681  0.022159445140342626  0.9792177474346394  3.1992799078999243  -0.6473624694507607  0.7472388604967347  -0.15018627936717419  5.744699427151364  0.0  0.0  0.0  1.0
39885980090216;5.823010286342225;0.07806833794783027;-0.17700065871663087  -0.5194028727657634  0.8359972623020671  7.662710402162682  -0.9653808527171595  0.25698004971927674  -0.044733245504536126  3.43020509330173  -0.19160004180837198  -0.8149735638712159  -0.5469072262916999  -0.8790783822864496  0.0  0.0  0.0  1.0
39885980090247;5.3740242030998315;0.21102104386016882;0.740876224754936  -0.5256638436122565  -0.41806691224212295  -3.79688892396615  0.621910158230467  0.3018562848071521  0.722572168307207  -1.402224967043511  -0.25363393834940384  -0.7953365997118532  0.5505538288634074  2.033425042513018  0.0  0.0  0.0  1.0
39885980090278;4.39500473301532;0.14357769385288904;-0.27167886735050767  -0.11134513852066683  0.9559251294756088  2.9258891872311796  -0.927532402059718  0.29519354965694056  -0.22922567781613226  4.578006606134866  -0.2566597673272442  -0.9489273040484975  -0.18347407300971955  5.115523073568131  0.0  0.0  0.0  1.0
39885980090309;6.062761454151005;0.0611794015437846;0.7951025853668854  -0.15505657774749237  -0.586318459917586  5.536589544391549  0.2397099978209817  -0.8076960470557256  0.5386707830532665  -0.21730321260878338  -0.5570915505440368  -0.568844929016503  -0.6050326032906408  5.847956236820064  0.0  0.0  0.0  1.0
39885980090340;10.653667033347874;0.2154294787701774;-0.026245028887374677  0.8946248282442975  0.446046651313025  7.259411337341886  -0.894499951497384  -0.2202233549075446  0.38906491839337665  5.182693196710746  0.4462970257909859  -0.38877768794277257  0.806021633784102  5.715077189358907  0.0  0.0  0.0  1.0
39885980090371;7.825764243118106;0.07102421490204353;-0.054781566875708426  -0.6794300070029029  0.7316924528206362  7.617351661202093  -0.9984353576272925  0.045505814727217764  -0.03249703779843926  5.608470047627775  -0.011216798576392184  -0.73232785445458  -0.6808598218573696  -3.423174120454183  0.0  0.0  0.0  1.0
39885980090402;6.3535513934385985;0.22517994848096803;-0.4068125071673643  0.8408760074382794  -0.3569749628851613  -1.3607576291679502  -0.7533821198292739  -0.08782208818115078  0.651692153051617  2.090886497350771  0.5166420090679361  0.5340550729486251  0.6692280728750745  1.6405230667322308  0.0  0.0  0.0  1.0
39885980090433;6.8874917645610045;0.08648450656321299;0.06795228228908468  -0.9822884660526512  -0.17461917647164307  7.904028319669159  0.8489116522877124  0.14887758336455303  -0.5071335837643542  -5.100365365912323  0.5241483510818779  -0.11377536917743147  0.8439926963112231  2.930595624240771  0.0  0.0  0.0  1.0
39885980090464;6.2677651862134764;0.09665018239985618;0.6901475435565536  0.7076634573757791  0.15135653014592568  -2.827341410147188  0.7166042374580474  -0.6974484772696734  -0.006632375998519513  -5.459133603265659  0.10086989134536885  0.11304004887283867  -0.988456985594619  -2.1717980336568514  0.0  0.0  0.0  1.0
39885980090495;9.69087354585672;0.09937866272816127;0.5035463493481144  -0.8639678816835625  -0.0007572829088144002  3.3583594184062617  -0.5790918914657707  -0.3368613549253698  -0.7424129637852772  10.799885756580975  0.6411658563092568  0.37427787401483054  -0.6699421002789392  0.2726882398646066  0.0  0.0  0.0  1.0
39885980090526;2.92110847772627;0.3229644819499323;0.33101976946937817  -0.1728581830081941  -0.9276561651751939  -0.08410100734069248  0.4185871193535518  0.9079603087217257  -0.019821737997569477  -0.5393600503988396  0.8457013277344055  -0.3817435347888094  0.37290902096249995  -1.0724759627625933  0.0  0.0  0.0  1.0
39885980090557;4.738076726601074;0.10089226764175499;-0.37787567643629255  0.0798278522098101  0.9224085250957865  2.9329851055387173  0.7544936452467548  0.6039734912467492  0.2568177586411762  -4.865788805871406  -0.536609087176204  0.7929965547735892  -0.28845649876045343  5.174815229207852  0.0  0.0  0.0  1.0
39885980090588;14.769319861057435;0.057159234484423185;-0.0761395445348573  -0.7458242659036753  -0.6617771030696581  -5.997619375954432  0.45148304290030505  -0.6175548798277547  0.6440411728875793  6.613548808356782  -0.8890252143395633  -0.2497441386502824  0.38374735631444146  -2.3374799814922733  0.0  0.0  0.0  1.0
39885980090619;2.836952107880147;0.37297950367097593;-0.11955005050090833  0.9860547334474139  -0.11577498897075969  2.1502981017990246  -0.9805064554979627  -0.13557567243124446  -0.1422192946531419  4.360798133690592  -0.15593228066071377  0.09651580021304867  0.9830411101053623  -1.7285095303705766  0.0  0.0  0.0  1.0
39885980090650;12.55893498698289;0.14220723734302773;0.20789955354538353  -0.9281598570538737  0.3087022115070815  -5.245395966726387  0.9206957352654234  0.07911686098673539  -0.3821778190471903  -7.598021963215965  0.3302985599418979  0.3636754075564338  0.8710011821111214  -2.0000423967693646  0.0  0.0  0.0  1.0
39885980090681;13.661467239296929;0.18322510405027642;0.7270484690194395  -0.40125106071508154  -0.5571338348830651  5.224790263786014  0.24171714758650256  0.9090928010818637  -0.3392979510456504  5.439526217951954  0.6426300212868473  0.11201725445730895  0.7579437910852708  -11.65636671557812  0.0  0.0  0.0  1.0
39885980090712;11.512393687205597;0.18714988403764707;0.8615900194465693  -0.48755598313066084  -0.14125084673571633  8.13767562000634  0.012610138435137593  -0.25762484480906467  0.9661627315032144  0.8998153581069294  -0.5074481478916922  -0.8342173593558223  -0.21581884660680417  8.847910983639569  0.0  0.0  0.0  1.0
39885980090743;17.098275178250592;0.11012225780487161;-0.012643189173791002  -0.9214949511570231  -0.38818449835050184  6.179489420181137  -0.028126289381369574  0.3883896579890102  -0.9210658963466262  -13.107801362837193  0.9995244177173216  -0.0007270208350697166  -0.030828717578812753  -5.961688600894535  0.0  0.0  0.0  1.0
39885980090774;10.611953381784044;0.0833550635147511;-0.6831860843498954  0.7280519662508068  -0.056542980015136995  5.0859533227009965  -0.2633941382039724  -0.3178987123667393  -0.9108040056100739  -6.274100556539805  -0.6810875876937154  -0.607355532710375  0.40894859674004497  3.9709147576693073  0.0  0.0  0.0  1.0
39885980090805;5.343071835957388;0.14113824600860478;0.1683493055787607  -0.40521801679762276  -0.8985860393828464  -0.5068290483612512  0.6172420832697453  0.754088360473772  -0.22441692279951628  -6.345878697390306  0.7685510535754758  -0.5168646858323565  0.37706786469738485  -0.4985456575009707  0.0  0.0  0.0  1.0
39885980090836;5.261479947974986;0.05391020936038292;0.6238967030928059  0.23525305652652975  0.745257608659484  -2.1071329771625447  -0.1942537583216632  0.9703699459395739  -0.14369288568031968  3.0193274245883073  -0.7569797759833722  -0.05511957376607721  0.6511094004389814  4.063645235829835  0.0  0.0  0.0  1.0
39885980090867;12.813048896623984;0.11714201562444976;0.7424604983851538  -0.40648687203792444  0.5324667418707889  -5.573845797108289  0.5979743066218927  0.760445942924874  -0.25327592958899053  2.215964980331052  -0.30195883321694095  0.5064488036810081  0.8076697792367497  -7.497451454104511  0.0  0.0  0.0  1.0
39885980090898;9.513150698671726;0.19238535377824365;-0.5846874250085  0.7905861414727594  0.1819729868638296  10.360036569889033  0.6901104917927542  0.6026206491353315  -0.40074413576904055  -1.7440733916089408  -0.42648343948445755  -0.10872858937246334  -0.89793650649619  -3.1988771780099627  0.0  0.0  0.0  1.0
39885980090929;3.2910700942172166;0.20119990859270367;-0.41737406739545985  -0.3002184626990204  -0.8577107685696901  5.151162158789229  0.4773342182614528  -0.8755837279879299  0.07419689588848602  -0.4460848667450943  -0.7732728703003214  -0.3784468389845474  0.5087504870956939  1.6514612696264754  0.0  0.0  0.0  1.0
39885980090960;13.148595121958836;0.10446431120861928;0.696021245816606  -0.7175248464245018  -0.026693072797932284  0.7246937894407011  0.6981467919722939  0.6676018085596486  0.25864818202856465  0.969300438082941  -0.16776615341210838  -0.19866031302548104  0.9656027121947842  12.07977620477315  0.0  0.0  0.0  1.0
39885980090991;4.974292677219224;0.12032954763476972;-0.5481548162643097  0.6799462747220615  0.48703117035548354  5.7866050882323155  -0.4934218783320711  -0.733081076516642  0.46811001403137403  3.6581651995202966  0.6753229948620825  0.016284923849781627  0.7373422908430758  1.0846429068512324  0.0  0.0  0.0  1.0
39885980091022;13.287028172970416;0.07542476167661401;-0.5236535780725482  -0.6858810999904478  0.5053256839383025  15.742038455657084  0.5961051840787456  -0.7187539201896783  -0.3578427192586377  -2.945442368599144  0.608642374211872  0.11384163951676339  0.7852353414269331  -0.7971535569558303  0.0  0.0  0.0  1.0
39885980091053;15.533441302838277;0.14307989538330554;-0.49273910576042007  0.855817389628727  0.15743179241656838  -10.078605382481298  -0.8659461358779766  -0.5000707912566713  0.008154354047208878  1.469545409446566  0.08570567899750015  -0.13230948318619565  0.9874961960668909  -0.03644478006107443  0.0  0.0  0.0  1.0
39885980091084;7.763469718260981;0.11249056583905993;-0.5339129875324966  -0.04169158132358386  -0.8445109435589713  -1.3665770559834014  -0.8397207575269338  0.14311709619680058  0.5238191922358221  4.98388806805612  0.09902510349662624  0.9888272391186113  -0.11142136264894502  1.9328996869674953  0.0  0.0  0.0  1.0
39885980091115;3.6651649034345075;0.13070196622455355;0.428395913250597  -0.8991559244463575  0.08941792350084343  2.627090774882029  0.9029015079819573  0.4298333177615872  -0.0034908202437078373  -2.009779551458157  -0.03529601102241209  0.0822310310958238  0.9959880768015363  -3.0270190641148003  0.0  0.0  0.0  1.0
39885980091146;8.080612412768405;0.07969136016249805;-0.5564675479402547  -0.7912041870450347  0.25365291737286666  3.4528702700413065  0.6600200338802586  -0.2354997458148302  0.7133816822696348  5.378888012014754  -0.5046953764064658  0.5643897625963435  0.6532585804337983  -2.596120334716097  0.0  0.0  0.0  1.0
39885980091177;3.8726541071914253;0.14971954607444066;-0.5086578933840918  -0.8609125016129247  -0.009839312203296032  6.5790592230065865  0.8607801157022104  -0.5087524509338721  0.015117409846536999  1.5940067592225995  -0.01802054132782043  -0.0007798944508198812  0.9998373126938692  -1.726696374638593  0.0  0.0  0.0  1.0
39885980091208;5.2059592602279805;0.2502032097816115;0.18854124430732652  0.9695131564887763  0.15651338150527133  1.6999043241830658  -0.9701422183999159  0.15911296844638564  0.18304955435692807  1.510564186535448  0.1525656425055637  -0.18635262989115295  0.9705650014602397  -3.914848931308962  0.0  0.0  0.0  1.0
39885980091239;9.534104921615693;0.3447501925132334;-0.4631572902170814  -0.08065237352043703  0.8825987305476312  11.601057145695517  0.3686031159403528  0.8881071579878834  0.2745859043172963  0.8370290924914541  -0.8059882551488157  0.45250510558026236  -0.38160458852844303  -0.6272056526829799  0.0  0.0  0.0  1.0
39885980091270;6.793393155968177;0.12236008185912962;-0.2814822017373283  -0.9425897422371994  0.17970071767891221  4.868365692742767  0.6640471436449745  -0.32653405130081303  -0.6726194350136115  5.51011747632894  0.6926825832385692  -0.07000065121331557  0.7178375496640277  -3.833371261326302  0.0  0.0  0.0  1.0
39885980091301;9.237550092631151;0.22642761617706725;0.1335860317304835  0.04290438508916707  0.9901080677717067  -2.815888774765061  0.7162776673131578  0.6862759166852825  -0.1263790706018874  3.761398232986065  -0.6849095381398361  0.7260747757069488  0.060945423513012784  -2.0528771483311568  0.0  0.0  0.0  1.0
39885980091332;14.314334062580222;0.19043979658236143;0.450306764773061  0.2263711864971716  0.8637012814182234  8.762913164122693  0.8444516515525481  0.20625388235757516  -0.49432857918858236  7.417578513640578  -0.29004348948010156  0.9519534767709456  -0.09828200381512325  -3.97010855321556  0.0  0.0  0.0  1.0
39885980091363;4.939595963032118;0.14162922543444778;0.45334750338896507  0.8846680008474219  0.10880519035238495  3.1534300447604657  -0.8913178254886073  0.45068113250359065  0.049386746922042056  0.3416548377593205  -0.00534557174240103  -0.11936936408437211  0.992835525039692  -0.6506166511891531  0.0  0.0  0.0  1.0
39885980091394;15.273466798993145;0.06946334865366738;0.10097408569692043  -0.9190806385774453  -0.3809133941065158  0.9739069019027031  -0.8784972493288757  0.0973342805968105  -0.46772707933398544  -3.618243852002255  0.4669548339392899  0.3818596831465403  -0.7975815729114822  8.78964870362173  0.0  0.0  0.0  1.0
39885980091425;8.06198539416402;0.129002170951304;0.46377420097320715  0.8591759112532188  -0.21617179287285437  -0.477488920849229  0.1685616335362244  -0.32511289278679895  -0.930531344256279  -4.549492557170437  -0.869770352570874  0.3951181601318776  -0.29560306717410245  -0.9406842785053235  0.0  0.0  0.0  1.0
39885980091456;10.977064992754894;0.1767538097625498;-0.718671668323032  0.6951799381614412  0.015358604352120572  -3.8493829179320063  -0.6863888321052662  -0.7127718306094959  0.14431454760611284  -1.3936280916836323  0.11127175882028192  0.09317280218734997  0.9894126664954305  -3.4358664264176677  0.0  0.0  0.0  1.0
39885980091487;2.767744523025431;0.19107824075408986;0.9067981850255625  -0.3595916453706402  0.22002477181895294  0.1682789659000523  -0.3734377587794275  -0.44301630359793326  0.8150342293819459  1.0002060480362038  -0.19560493846563437  -0.8212371176012809  -0.5360114781623578  2.7797694873922048  0.0  0.0  0.0  1.0
39885980091518;6.6339837111177165;0.1395698440263335;-0.8809849893343473  -0.4729077524141757  0.014956813635666269  10.279609323946412  0.47036984368119067  -0.8787997445497799  -0.08039414863392769  3.4711610205934837  0.05116306014002439  -0.06379080408502791  0.9966509291578944  -2.164721135243072  0.0  0.0  0.0  1.0
39885980091549;8.72791924372333;0.20639205959579068;0.49972093987255234  0.3909928439886598  0.7729188690946494  -4.8659990901531  0.3490368752449078  -0.9075672782906505  0.23344141683808467  6.074006214353307  0.7927497978379838  0.15312162265911616  -0.5900012938139002  -0.12848969606963384  0.0  0.0  0.0  1.0
39885980091580;11.404884011730314;0.20288954112787844;-0.01081207229511714  -0.9681386678647113  0.250181172108987  12.671849274760742  0.9474739944235314  0.07006083955123646  0.31206491096003425  -4.782303789080694  -0.31965001014203526  0.24041422284573208  0.91652870793537  1.724425575375623  0.0  0.0  0.0  1.0
39885980091611;5.185738995238877;0.05745899012551173;0.9690737470151842  -0.007147332390176354  0.2466677694504404  -1.2915205183292136  0.18931911114836156  0.6626904793335799  -0.7245685631840677  3.64686736091433  -0.1582856500127083  0.7488592953554991  0.6435490725342707  -3.0759716092102787  0.0  0.0  0.0  1.0
39885980091642;11.452810801369598;0.2729004468204353;-0.9866766117589161  -0.04938415045157701  0.1550176425189153  6.696921351945922  0.04620661237573729  -0.9986426681995205  -0.02403685137660843  1.223995115687942  0.15599427162785362  -0.01655375895435251  0.987619238514407  8.802424043310833  0.0  0.0  0.0  1.0
39885980091673;6.84357315400721;0.20927834283963206;-0.7193017530605949  0.4741120646320937  -0.5077624820861114  4.509402292660643  -0.6827833696712217  -0.6172712736368149  0.3908747175799385  2.350040170538416  -0.12810877465797305  0.6278486480936928  0.7677201423321878  5.372899425261976  0.0  0.0  0.0  1.0
39885980091704;11.97004270038415;0.14268550892772763;0.07220024515368202  -0.04355570551047802  -0.9964386710265881  4.079956591114635  0.996511755102952  0.04506995165176556  0.07023547109360982  -0.46577253488471926  0.04185028723177492  -0.9980338671486013  0.046657834101315826  -10.257856533030012  0.0  0.0  0.0  1.0
39885980091735;9.206758517908435;0.11272052187163725;-0.6775750157309527  0.19917870074769725  -0.7079688857751156  7.774451600803923  0.7292690228759805  0.3065378412447283  -0.6117199066227413  -5.084813305306779  0.09517767769131925  -0.9307859029086558  -0.35295723907550947  6.932856405674549  0.0  0.0  0.0  1.0
39885980091766;2.598811728309922;0.07435474730126782;0.8167569436406341  0.13531845493707567  -0.5608894817771617  -0.843837529231525  0.2533184951094445  -0.9575076711301478  0.13787240391901057  3.3607510282102915  -0.5183993007810647  -0.2546919226837849  -0.816329706349916  0.9998951852256622  0.0  0.0  0.0  1.0
39885980091797;12.542227557622743;0.17090014816052063;0.754124384360975  0.3697461717933017  -0.542756097484293  -2.2516957544110285  0.6244158605582236  -0.659743348747748  0.41814297419236934  11.088152772185335  -0.20347296133765264  -0.6542373286715654  -0.7284039207590667  2.3049844613371255  0.0  0.0  0.0  1.0
39885980091828;9.47715700246654;0.049285699383242974;0.5466672382179759  -0.834154923530033  0.07307868505751237  -2.3839796191599456  0.8373198269283104  0.5438215559846123  -0.056157124919464445  0.6371452983929008  0.007101978025576508  0.09188949231049022  0.9957438842950755  6.115391663688394  0.0  0.0  0.0  1.0
39885980091859;14.228056617716064;0.08961724420230487;0.2503088109692912  -0.16795583038631196  -0.9534864121687242  12.144268536676009  -0.9128119135209712  -0.3691730612075955  -0.17460143588412208  2.6378963476073913  -0.3226761684496145  0.9140580342176629  -0.24571935291469946  6.564517735423318  0.0  0.0  0.0  1.0
39885980091890;12.934736653014653;0.20720724626841805;0.5073964244210454  -0.07731453358153074  -0.8582373397736841  6.657848817485641  -0.8155820742678922  -0.36458823798099205  -0.4493342818646261  12.14267353617422  -0.27816316905302574  0.9279535977746877  -0.24804711600700383  -5.715544437129678  0.0  0.0  0.0  1.0
39885980091921;11.389616762246979;0.267463070970154;0.6068078026388155  0.08217635107902045  0.7905892346724627  4.588513693764071  0.5634932779179957  0.6570226759070973  -0.5007958956352483  0.5255674200851812  -0.5605886338465  0.749378576333228  0.3523806648142029  9.27444521445013  0.0  0.0  0.0  1.0
39885980091952;7.751231368250753;0.36631572687314595;0.5853023899137458  -0.5083164769101892  0.6316925452012802  -1.9593555545882717  0.3743822872345537  0.8604889794788368  0.34553815881968  -3.4370379850084998  -0.7192072130938912  0.034250189737917935  0.6939509414480499  -3.0433520075694935  0.0  0.0  0.0  1.0
39885980091983;14.851121124669065;0.11594795519454543;-0.7795516373299379  0.30340352385340363  0.5479466638730002  4.659012678506743  -0.48967285752854006  0.25026065260767766  -0.8352185931576316  1.6037663970954714  -0.39053775404696445  -0.9194106304963615  -0.04652263099004916  14.894605575723556  0.0  0.0  0.0  1.0
39885980092014;8.09691717384987;0.09848781472560117;0.09368635123120288  -0.26444001100872516  -0.959840793137429  6.714678361831071  -0.9482568359820861  -0.3174634341645433  -0.005093229005080746  4.281304866474164  -0.30336750090645376  0.9106527595885053  -0.2804990389424051  5.230039056998277  0.0  0.0  0.0  1.0
39885980092045;7.770476372289854;0.025143751538954387;-0.8132327199182227  -0.47906931763107174  -0.33037120358607175  1.3214253451418818  0.5371388997828754  -0.8363704256731852  -0.10939064584916908  4.591828806381232  -0.22390700211126147  -0.26641527727169734  0.937490562321452  -3.1416173602321154  0.0  0.0  0.0  1.0
39885980092076;16.718631862778135;0.03526945680832996;-0.5439172194817541  -0.45957179882663035  -0.7021024284778494  0.004372052744433752  0.5123475281740404  0.4807550478262666  -0.7116000241452466  -13.944982663150821  0.6645705897233108  -0.7467719502718487  -0.026030473718159166  1.6462458256057162  0.0  0.0  0.0  1.0
39885980092107;10.262899426928634;0.05426541752076693;0.6673215818896113  -0.648206265294178  -0.36675679131778993  -3.8822400886823285  0.1894267922693938  0.623971013485958  -0.7581409266751369  -6.619761206387333  0.7202773054281767  0.43645023996176363  0.5391769573363128  -3.9896498124806468  0.0  0.0  0.0  1.0
39885980092138;15.257229419744425;0.12245371637510069;-0.09850424297059057  0.9951253074333426  0.004747275269797374  4.412370936080924  -0.99406711234637  -0.09817614409509784  -0.046819022650715865  9.665369780204454  -0.04612472512807552  -0.009330982601792517  0.9988921075349151  -10.830669112456793  0.0  0.0  0.0  1.0
39885980092169;15.992191385092843;8.559664745505883;-0.33801152626245556  0.14128941370050474  0.930475958684529  13.996174201254354  -0.12014110555260754  0.9741006261433718  -0.19155700170886186  -12.83229463958544  -0.9334421904276253  -0.17653688488035388  -0.3122825730110762  9.824091930322346  0.0  0.0  0.0  1.0
39885980092200;6.917432320039796;0.1026460486314911;0.41104929680583313  0.8951893714341419  -0.17226277852971297  -0.6760667635000237  -0.9100660064144134  0.3919543321389175  -0.13472811691126918  -3.5624335891620285  -0.05308803598129673  0.21215039662673765  0.9757939688514002  -2.451371566151198  0.0  0.0  0.0  1.0
39885980092231;11.63978213050849;0.21678141346038537;-0.8979237122689515  -0.15107324413980866  0.41341248390707613  1.183893271614747  0.051425095294308894  -0.9688265746726052  -0.2423438214234434  2.753009950590122  0.4371366680102645  -0.1963464873972039  0.8777013104511491  -10.00100591057068  0.0  0.0  0.0  1.0
39885980092262;5.191873642222159;0.07375642544412885;-0.4364788502392964  -0.6571362998018095  0.6145389302367825  7.756627453215764  -0.23291916774858468  0.7422828664283613  0.6283031175334117  1.470880181528869  -0.8690425044778243  0.13110312616289224  -0.47705041213820154  4.749759474325367  0.0  0.0  0.0  1.0
39885980092293;17.8683780302977;0.06271531976516725;-0.32015842001911127  -0.8312774611860996  -0.45439670841111884  9.676400335676782  0.8172699177802336  0.0002316082442085244  -0.5762550024504017  10.77116677408246  0.47913303745656866  -0.5558576516353936  0.6793039110265955  -8.386481946417826  0.0  0.0  0.0  1.0
39885980092324;2.5378082800465176;0.14489414140810053;0.9271797026343281  0.19953888326338748  -0.3170520983827727  -0.17426229823346384  0.08190969877695599  0.7178763838076672  0.6913351566479862  -1.4266822895448075  0.36555245898391586  -0.6669615668366712  0.6492562422446051  -1.581697437246177  0.0  0.0  0.0  1.0
39885980092355;4.721106299632293;0.18113324512943532;0.5505330239013762  0.8251330244366706  -0.1267630923336917  -0.8978193498936999  -0.8348087771520325  0.5446506997996815  -0.08031139892720959  -0.5090125890633623  0.002774019454768399  0.15003701940424571  0.9886764878484543  1.9144302990282132  0.0  0.0  0.0  1.0
39885980092386;4.150156398285817;0.047912341176274374;-0.07678217805469854  -0.997047059302253  0.0012878935932682245  -0.9078595171407481  0.9663964751653248  -0.07410384423962339  0.24614319624346098  1.8140569596880842  -0.24532091211556734  0.02014402654984053  0.9692326182465937  4.8678259455441015  0.0  0.0  0.0  1.0
39885980092417;6.211588953303198;0.10528320477310237;-0.9513455664020642  -0.10333111520401188  0.29028312716696425  0.1845082443923014  -0.16390384642494682  -0.6280403629539917  -0.7607238865894287  4.2353656135792495  0.2609159681089759  -0.7712898178579267  0.5805470475805063  0.4854877209785664  0.0  0.0  0.0  1.0
39885980092448;6.198581447326856;0.16608230300708268;0.500378173671241  0.5585590720110226  -0.6615386960621564  2.8682715919402257  -0.689830955624657  0.7189346262216589  0.08524233620388222  0.9760309674508272  0.5232159553907024  0.41369646637807833  0.7450505336759956  -7.545605894946302  0.0  0.0  0.0  1.0
39885980092479;13.852347125351322;0.06870942248737;-0.96960880457738  -0.23164323603425255  -0.0787412044967781  4.952397842933403  0.20437913782104836  -0.9437923784296448  0.259778972285363  -3.002654160359495  -0.1344913904662631  0.23579091928590878  0.9624524446811679  -13.52218149870214  0.0  0.0  0.0  1.0
39885980092510;11.087356919905194;0.06891527490320637;0.5179000859880664  -0.7972958053890888  -0.30999822522478815  1.385685724462709  0.805847969079958  0.5763080852439554  -0.1359339604813798  -10.361976421227602  0.28703406011005217  -0.17941123039378182  0.9409692124322284  -3.7640874831503974  0.0  0.0  0.0  1.0
39885980092541;8.13198811043238;0.07832376775685067;-0.6729447047616637  0.7201649667677674  0.16884266336923962  6.450008634746645  0.43752232276937897  0.5715820620461844  -0.6941672445639592  3.363677588550531  -0.5964223683026357  -0.3932637371884331  -0.6997313710280983  -1.8257979703075777  0.0  0.0  0.0  1.0
39885980092572;12.857597382515118;0.06626350166959734;0.3908142056529348  -0.033525196671162216  -0.9198588575689344  -7.217174101425721  -0.6401286817886032  -0.7280091847762641  -0.2454341003874257  10.322448759996194  -0.6614374705226873  0.6847471709102267  -0.3059767712081913  -0.12550089696802424  0.0  0.0  0.0  1.0
39885980092603;4.595426400726901;0.02351551127381938;0.6714026529173832  -0.1955983908366484  -0.7148144844346779  3.5928051676373163  -0.5927938840652509  0.4371193459976764  -0.6764037909188547  5.2961133905181335  0.44476273300528935  0.8778769542804263  0.17753355872338172  -2.8200303680809617  0.0  0.0  0.0  1.0
39885980092634;14.955394496186754;0.11420242715635796;-0.3495897190914353  0.9364655621612686  0.02862305349802261  11.123554131207351  -0.23542545732723463  -0.11737456042979469  0.9647787656277342  11.154336436163469  0.9068417074373198  0.33053814220130745  0.26150077285215495  -3.7809063914695553  0.0  0.0  0.0  1.0
39885980092665;13.790322686089336;0.20885300694229855;-0.4193509418766943  0.6411073299287839  0.6427489238098469  -6.572021118791457  0.7844984688539147  0.61220788866211  -0.09881120091237866  -6.891506478538375  -0.45684454676946085  0.4627989764157525  -0.75967767343495  6.073703020618499  0.0  0.0  0.0  1.0
39885980092696;10.060575966549875;0.22714706286532754;-0.4038573251575584  0.8912694276544065  -0.20624758967117648  3.675927189935541  0.8457393294818605  0.2778017289723767  -0.4555778593693199  -3.5169753266725494  -0.34874668096507533  -0.3584201538816506  -0.8659738713190479  -6.571672378575399  0.0  0.0  0.0  1.0
39885980092727;5.0885328238275855;0.07289537543202627;0.2855724563590858  0.8855583315934146  0.36638069478962104  2.503228920452535  -0.9232048799977672  0.15160872619360694  0.3531395527128886  2.385096411460767  0.2571791626810874  -0.4390913748725194  0.860847049594302  -3.8277533641027772  0.0  0.0  0.0  1.0
39885980092758;7.042514947121556;0.05794638572294817;0.7337434274138575  0.6663232340127891  -0.13279281057987619  0.15929991203979238  -0.516814253291949  0.6742417135927963  0.5275425473321887  0.1226378725476116  0.4410483083759086  -0.3184516595437792  0.8390857704743668  -7.30772239820846  0.0  0.0  0.0  1.0
39885980092789;9.837958892178126;0.5170790798332722;-0.39539966474982885  0.47040671983043375  -0.7889085010659317  1.4278773599719115  -0.09467025525746146  -0.8751983165056336  -0.4744106338976734  10.44051301442324  -0.9136173421543677  -0.11289563642620061  0.39058664517711456  5.451467111300761  0.0  0.0  0.0  1.0
39885980092820;8.268718839568454;0.19078887801645122;-0.3392692513011166  -0.5835094400535907  -0.7378435528551598  5.420371329204573  0.9313649070467902  -0.31852710850927207  -0.1763516120324591  1.152052825297083  -0.13212034303355383  -0.7470322714000163  0.6515266690194871  7.792862676614792  0.0  0.0  0.0  1.0
39885980092851;6.8936455006206945;0.015866228718300346;-0.7620708363583487  0.2768027243980199  -0.5853445926443004  8.067678062749133  -0.6466766022711121  -0.2799724986041069  0.709524328053989  -0.40252826794482965  0.03251787888499044  0.9192364504256822  0.3923607214816666  0.9090602548218472  0.0  0.0  0.0  1.0
39885980092882;8.701798953500287;0.11476564575791011;0.04884432017534672  -0.5812460627253783  -0.8122605782338901  -0.3407420358669784  0.8041575877627399  -0.4594536556657069  0.3771377895929141  2.228929487529632  -0.592405947328535  -0.6716065461724322  0.44497173023476133  7.786262041372598  0.0  0.0  0.0  1.0
39885980092913;12.068994851548805;0.14906466501385643;-0.16206437574751537  -0.9093297962560021  0.38321594402449743  9.826522916416627  0.923123813221445  -0.2769339949890884  -0.2667395506535982  -1.4326943205162797  0.3486797435714731  0.310526784771302  0.8843051240168925  7.1497289693869845  0.0  0.0  0.0  1.0
39885980092944;3.372320270673433;0.11960101857733292;-0.8392756158804981  -0.5435050018116394  -0.01479032096142155  5.670905830999389  0.5398581245453701  -0.8362579655364779  0.0960511345021389  -1.5651624984339167  -0.06457279574842491  0.07262870012964597  0.9952665100196589  -0.7464938241669286  0.0  0.0  0.0  1.0
39885980092975;6.497637263498034;0.1598727036158577;-0.9319689689051295  0.36224019707601773  0.014692876513397034  7.097091651928284  -0.36224565512065354  -0.9320796171429517  0.0023817331624670923  7.362953591867164  0.01455769020549011  -0.0031027292785708593  0.999889217227041  -2.4348733067166624  0.0  0.0  0.0  1.0
39885980093006;15.880192191604793;0.20446905890574119;0.6237353497156988  -0.4428618520741946  -0.6440711090341263  10.900420914501396  0.5882976159750412  0.8085270475912882  0.013781449539099433  -9.32006522781301  0.514645633959056  -0.3875014752110364  0.7648414725654927  3.316723795936425  0.0  0.0  0.0  1.0
39885980093037;17.265572118183027;0.1425452154228837;-0.932273657632025  -0.0968742135241795  0.34854155281612753  -2.8288635150894237  0.2664376575114104  0.4678405649916943  0.8426957816484454  -10.999726301520681  -0.2446973680799165  0.8784876735061936  -0.41034449618879737  5.617439283013418  0.0  0.0  0.0  1.0
39885980093068;7.330304072587055;0.005372321804976909;-0.04866094726839624  0.1318723347962215  0.9900716133322557  -2.123679543043278  -0.9243570078877816  0.3695992948471021  -0.09465982895226505  6.771117057617621  -0.37841278279108065  -0.9197858710395143  0.10391206501841985  0.928236940835428  0.0  0.0  0.0  1.0
39885980093099;11.7148593534829;0.10994407332814787;0.3053674504675138  0.17002304156363074  0.9369327006420595  -2.111121822106388  -0.21167515748059945  0.9714327700208591  -0.10729399347197498  12.332669226421972  -0.9284095798194536  -0.16556128372011614  0.3326336023801757  -4.634386394596714  0.0  0.0  0.0  1.0
