# registration_from_features.py RANSAC RANSAC_config.json euclidean True --input_txt=/neural_comparison/point_clouds_registration_benchmark//tum/pioneer_slam_global.txt --input_pcd_dir=/neural_comparison/point_clouds_registration_benchmark//tum/pioneer_slam/ --input_features_dir=/neural_comparison/experiments/FPFH/features_voxelgrid_0.2//tum/pioneer_slam/ --output_dir=/root/neural_registration_comparison/results/FPFH/RANSAC_voxelgrid_0.2/
id;initial_error;final_error;transformation
1807261650030;4.242065528890624;0.07293251985707577;0.520269933300714  0.6171597396034023  -0.5902821802459657  6.511382310894659  0.7729890825638132  -0.046475415610520904  0.6327147176895632  -5.402328077975505  0.3630524407581156  -0.7854641249328258  -0.5012375022911644  1.468355218749732  0.0  0.0  0.0  1.0
1807261650061;7.372035540033227;0.03811818342935392;-0.6728773670858708  -0.734431977615589  -0.08857606403109852  -3.3026401683780198  0.7397381398002852  -0.6688072767053005  -0.07405613513310426  0.7546540504305226  -0.004851122385540243  -0.11535379006211448  0.993312624368535  4.3803918117003  0.0  0.0  0.0  1.0
1807261650092;12.102589230009645;0.13373157347977246;0.4091596203728215  -0.6741903035156102  0.6148624559215655  7.198631860730254  0.8904104676758531  0.14775811432632485  -0.4305075361756134  -8.749891747684256  0.1993930894229704  0.7236262670026973  0.6607627574206225  11.261803831057783  0.0  0.0  0.0  1.0
1807261650123;9.366919006451113;0.0657526544909198;-0.7911571279049865  -0.24916189333927993  -0.5585595311806237  -4.3172336613711035  0.48794458464669466  -0.8077582763672357  -0.3308121056947535  -0.6728859787789419  -0.36875531356049307  -0.534270453860044  0.7606409145274029  3.3804920859882737  0.0  0.0  0.0  1.0
1807261650154;4.484926530514292;0.11773569312380917;0.37744204913466917  0.4081581403584824  -0.8312306731612634  -0.22240750236572437  -0.6246927313528946  0.7748458801883138  0.09681349776791892  -2.7248979937508895  0.6835908797957176  0.48272227461999684  0.5474328403062917  -2.828021920713917  0.0  0.0  0.0  1.0
1807261650185;4.785592360357215;7.340962677438595;0.6392655018526351  0.6814052307975013  0.3564078135828438  2.858351002249436  -0.591503822978047  0.7318859497414195  -0.33832851486898835  3.0921588431396057  -0.4913886908990214  0.005465163575281202  0.8709232379743016  -5.908694068632099  0.0  0.0  0.0  1.0
1807261650216;5.7139193037879235;0.10536871573717844;0.6378456208047263  0.12351464015472816  0.7601954338771579  -0.34575598433498356  0.2828095608157474  -0.9556629292120232  -0.08201901024213656  -0.28321333420971095  0.7163600465767457  0.2673060032946203  -0.6444965354997796  -5.499871030641582  0.0  0.0  0.0  1.0
1807261650247;12.652214164961155;0.2077100761153954;0.5407502170523376  0.777634825694536  0.3207386484739212  -8.413045904005322  -0.763929474625388  0.29436982629367303  0.5742457341299207  -0.849907945576811  0.3521377011290163  -0.5555452125928738  0.7532387113051948  5.074454840578722  0.0  0.0  0.0  1.0
1807261650278;6.989420057286833;0.13868546141894075;-0.4968177270247948  0.7086638213037305  -0.5009667997872831  -5.30945598196261  -0.8516016642012557  -0.5092822136111527  0.12412184509173234  -7.082798342393433  -0.16717281969138598  0.4882900933610256  0.8565197213619267  3.652720087473655  0.0  0.0  0.0  1.0
1807261650309;8.352466281140485;0.1724165845475672;0.5858546963365342  0.6066853976235324  -0.5373147151258778  -5.998062768716366  0.19019441026333722  0.5415652409847691  0.818860901534375  0.8530316840981631  0.7877819248275555  -0.5819277601794616  0.20189036838716787  -1.7030127423321828  0.0  0.0  0.0  1.0
1807261650340;10.036300996119001;0.19097243661680047;0.6789482101930291  0.5722817856594447  -0.4599161724468049  5.7854760770282105  -0.7341392873510145  0.5362702005310541  -0.41647782508811637  8.19089859069369  0.008296664596533554  0.6204094050099656  0.7842342351184068  -13.027834968954794  0.0  0.0  0.0  1.0
1807261650371;3.1812712757927435;0.17952885136335067;-0.12258962883943503  -0.9757815084930456  0.18116906630008558  2.4774509911990004  -0.6188753910715364  0.21786702262924643  0.7546702662598548  4.963189399214833  -0.7758640558932101  -0.01960632891957737  -0.6305954001094797  3.616735281153921  0.0  0.0  0.0  1.0
1807261650402;12.640830633455;0.08669106759205315;-0.5521549760397015  0.6614201847350326  0.507590604384747  -0.567118933140526  -0.6446844445496926  0.04734710868655702  -0.7629811388590663  14.048847417236502  -0.5286840733275892  -0.7485195992918948  0.4002643627474847  2.73632841192898  0.0  0.0  0.0  1.0
1807261650433;17.72602606662104;0.24723256508575947;0.09455389821627798  0.1335012122994605  -0.9865277424617518  -5.517014230226965  -0.7915482592106273  0.6110685344788607  0.0068263834116859086  -2.1888519545594822  0.6037473922699222  0.7802388560462956  0.1634515642104306  6.732097095112188  0.0  0.0  0.0  1.0
1807261650464;13.516242316124647;0.11145880079496294;-0.8111820223566267  0.579552695020304  0.07811786159461809  -9.17855191982109  -0.5827718865828357  -0.7900341702462388  -0.1903232462207902  2.040973995370633  -0.04858657030595709  -0.19991168934817136  0.9786085334023327  7.073508082143376  0.0  0.0  0.0  1.0
1807261650495;7.578236265964046;0.08895719714627914;0.5757165962802524  -0.387021762414133  0.7202531195248931  -7.9080278482880555  -0.8111124959183559  -0.3814917242802817  0.4433515346435073  4.928485078221554  0.10318391217906271  -0.8394511419514044  -0.5335493046981766  -3.0118538845153253  0.0  0.0  0.0  1.0
1807261650526;15.116037694080763;0.18419396562917933;-0.28238138365225035  0.8681134800345475  -0.408215310772328  -1.3233175714670975  -0.9022970211594906  -0.3848575261052154  -0.1942801333304145  1.0719172562290105  -0.32576193726915176  0.3134703660355812  0.8919728077941437  7.88666743578335  0.0  0.0  0.0  1.0
1807261650557;24.456095870239103;0.21739587133791646;0.3294047198277261  -0.9192883944954626  -0.21540979156290035  3.3888340573647673  0.9295701339550368  0.35574263447907417  -0.09667752620285208  -4.110752348657538  0.16550497458998725  -0.16839247536586366  0.9717263388558139  -7.327198508696339  0.0  0.0  0.0  1.0
1807261650588;6.853314294203077;1.3931102784016025;0.44703947829630736  -0.16911581113781385  -0.8783823468557207  -0.09708553160906241  0.4115081411101488  0.9107686998307438  0.0340796890931516  -6.290636172974718  0.7942397337357495  -0.3766964531712706  0.47674209749459884  1.853672715242738  0.0  0.0  0.0  1.0
1807261650619;35.588647047747834;0.03564576849936351;-0.9460145159943018  0.16228407059847194  0.28057158793801146  0.05471878804236063  -0.04944922295775197  -0.927758506747324  0.3698904263519811  -7.541870392529607  0.3203300015248987  0.3360476656487381  0.8856978359096813  -11.193344852972258  0.0  0.0  0.0  1.0
1807261650650;3.7851067611784845;0.029321876761526245;0.11821611900032714  -0.9778092629589126  0.17295662600851744  -0.860961426803084  0.6860925074012886  0.20634719629010073  0.6976373741930891  -2.7845881181389003  -0.7178454015289879  0.036192262363164696  0.6952611736957002  -2.68518579736761  0.0  0.0  0.0  1.0
1807261650681;15.599629407378206;0.2228270653679987;-0.8419747556788518  -0.5380183101439067  0.04018468302017458  -3.0954084559343276  0.5389979341150422  -0.8420945167248467  0.01892225995125718  -1.1071631523122067  0.023658778904535882  0.037591526330293445  0.999013082661536  4.000091221072555  0.0  0.0  0.0  1.0
1807261650712;15.285930710511307;0.08326033006622947;-0.8278419000965976  0.23330626517705189  -0.5101430927431944  2.6812543715483286  -0.059405923271750684  -0.9407563394488053  -0.3338389522915453  -1.2005191799711088  -0.5578070676539402  -0.2460603511661743  0.7926572896651448  8.601274770340273  0.0  0.0  0.0  1.0
1807261650743;12.892867624387561;0.32115945688783704;-0.6002547618838949  0.781457694527753  -0.17034697678291177  4.505929432712838  -0.6797243366101892  -0.6106721346321864  -0.40626883981374584  6.953638320850478  -0.4215080628594753  -0.12807581991593026  0.8977346697645778  0.8783817876975917  0.0  0.0  0.0  1.0
1807261650774;8.730798497462562;0.1877425760262771;-0.2693397198063644  0.9615868047665849  0.052980489176861885  1.3384832436314797  -0.9536556521526016  -0.25864635768818206  -0.1537626702812951  -0.36884103938715285  -0.13415294425403493  -0.09193953748756648  0.986686428909685  5.362402021864539  0.0  0.0  0.0  1.0
1807261650805;27.065215252830498;1.7884748751144868;0.10808245776053613  -0.4086361340444824  0.9062751747000584  9.631322794602275  -0.7751516928509559  -0.6054293716890518  -0.18054121126905465  2.2975514692803496  0.6224612722047366  -0.6829873980165223  -0.3821912855572202  -3.5164895664930174  0.0  0.0  0.0  1.0
1807261650836;7.792680035821759;10.745334634298995;1.0  0.0  0.0  6.1059348765662245  0.0  1.0  0.0  -0.9509297540501489  0.0  0.0  1.0  -3.6810348903694337  0.0  0.0  0.0  1.0
1807261650867;39.325074377946905;0.2939029736721861;0.38282713767598114  0.9114308445398723  0.15078858803022735  -2.5277014583477664  -0.42012938797929555  0.026397604073732372  0.9070801860118591  -12.206281265847553  0.8227604025565146  -0.4106056284569184  0.3930246021110403  5.929830425842302  0.0  0.0  0.0  1.0
1807261650898;3.285326842341318;0.24087685377147694;0.27622359548605574  -0.9528012229098921  -0.12597759688996546  -0.1136056021033599  0.7792195927735949  0.14529058464204966  0.609678171047746  1.0668281201113414  -0.562598748251815  -0.2665717082433656  0.7825740685901273  -0.17990486246063764  0.0  0.0  0.0  1.0
1807261650929;12.554732005914778;0.09159966433888611;-0.8542505196758399  0.5163785026226928  -0.06007738062452045  0.39679578487308276  -0.51165148531959  -0.8146691911667836  0.2729960925249954  3.7201020834259975  0.09202612239910636  0.2639457349395971  0.9601374077721274  0.6916193444537915  0.0  0.0  0.0  1.0
1807261650960;16.500132258179224;0.04710546179558596;-0.6855160179623921  0.14651127961699273  -0.7131635394928549  6.404719402148399  0.7043752716396134  0.3812661370421136  -0.5987416884163027  13.507214718291221  0.18418269685181043  -0.9127817798849711  -0.3645629664275003  4.227942934405598  0.0  0.0  0.0  1.0
1807261650991;6.090238403131256;1.1566966244321863;-0.13530230729134402  -0.972641336121447  0.1888441603797297  -0.9547060337180435  0.990752806005892  -0.13087073757284184  0.03580122118855868  -0.5401062194470397  -0.01010757305639992  0.1919418696247036  0.9813542457501687  -1.5793675172479893  0.0  0.0  0.0  1.0
1807261651022;18.00713753417378;0.05387849291760827;-0.3183161452797776  -0.8393878389758849  0.44057109237172715  -9.47520270355096  -0.8457291214907424  0.041490649298854154  -0.5319969728139967  7.324906906691936  0.4282722086672453  -0.54194702859242  -0.7231018831970546  9.381745056125462  0.0  0.0  0.0  1.0
1807261651053;17.655152207016677;0.7386970372766551;0.10089036786150801  0.9378329059696622  0.33210024714424424  -1.8929040529431016  0.19887647472846365  0.3080554536181068  -0.930349388829659  5.756331735511857  -0.9748175631739242  0.15991021848725173  -0.15543307418632302  -0.29985230011031705  0.0  0.0  0.0  1.0
1807261651084;7.048108031378534;12.813756521903985;0.2735608506878343  0.1859357504825487  -0.9437120099179828  7.42840025169828  -0.27877054920285893  -0.923700159857041  -0.26280219857758536  -1.77352472182886  -0.9205712584412377  0.33497150829968747  -0.2008547902325149  -4.58671486817749  0.0  0.0  0.0  1.0
1807261651115;29.330989838652297;1.4541571559952313;-0.2627837420103838  -0.922509224541282  -0.28270379475921825  4.92400205818773  0.9617096719381458  -0.2267934264687977  -0.15388063104616378  -4.743721068753488  0.0778409393291449  -0.3123163017627869  0.9467836689643374  -9.652276848652171  0.0  0.0  0.0  1.0
1807261651146;12.978837113850958;0.052211145816363456;0.7103877560307668  -0.6997990292389523  -0.07503702258079281  -1.9018053292844934  0.6818534522005504  0.7107257303351155  -0.1730456759408005  -1.9468975899128684  0.17442793871327716  0.07176527653284832  0.9820512406592644  10.4016563801146  0.0  0.0  0.0  1.0
1807261651177;4.659029665212119;0.1230232547112461;-0.8891718384614937  0.44298162695076265  0.11463297898538177  -0.41284543109928923  -0.4270532859665975  -0.8933625662409237  0.13974554083963783  0.3216867165882644  0.16431351932247953  0.07530340910932933  0.9835295948492727  -3.3336958192789443  0.0  0.0  0.0  1.0
1807261651208;13.18942876420926;6.271256485516746;0.04738645778075534  0.9987380633002859  0.016637443739554232  6.581520605129633  0.989520490862808  -0.04466171392948172  -0.1373117965489788  -4.226508040545818  -0.13639546100079614  0.0229698111458339  -0.9903881390618048  7.04192493877833  0.0  0.0  0.0  1.0
1807261651239;14.502722552119096;0.09142818355112163;0.8359034596418209  -0.48584724174928157  -0.2553778844055427  -0.7369502944188411  0.1647625412338906  0.6659248639600175  -0.7275969904871675  -0.833590182843849  0.5235634738644264  0.566124132363608  0.6366983238477752  -8.690959126686257  0.0  0.0  0.0  1.0
1807261651270;5.3367863312056185;0.27689576756272793;-0.5815247070075233  0.2685035645010056  0.7679419580867215  -2.770367383487028  -0.38646993604251645  0.7394700115744437  -0.5512033114172898  -3.916920315416089  -0.7158701025151895  -0.617324823599656  -0.326251526421787  -2.2619199490009554  0.0  0.0  0.0  1.0
1807261651301;18.499291020604566;0.0868543435064761;0.7598855327046364  -0.2275883509177057  -0.60891503488808  -8.86979973061225  0.6491157873218377  0.21526888957732015  0.7295944077565968  -4.417069178827338  -0.03496672469281177  -0.949664597479925  0.31131090642242254  -0.6657046499938599  0.0  0.0  0.0  1.0
1807261651332;12.390821196249583;0.3386229780774166;0.14249155343381092  -0.5945551863172283  0.7913281794700014  -5.465595452921397  0.9426151501622422  0.32540474365407074  0.07475581242982339  4.665935200666296  -0.3019483993741873  0.7352658588773966  0.6068041536481528  1.4018744700915509  0.0  0.0  0.0  1.0
1807261651363;14.174233102738592;16.560639337912573;1.0  0.0  0.0  -4.843125156911207  0.0  1.0  0.0  2.239667553388232  0.0  0.0  1.0  1.4416535156439028  0.0  0.0  0.0  1.0
1807261651394;15.37282925956283;0.03816274098077006;0.6433404197233475  0.7654567562102729  0.013749862626004333  3.2827436091731936  -0.7643725993690423  0.6412136169656113  0.0676729395821649  -1.1140736443869992  0.04298410966857706  -0.05404675559110883  0.9976128079200234  12.252257701953942  0.0  0.0  0.0  1.0
1807261651425;13.890754583273365;1.0378845683336297;0.5637563651189649  0.8243469657227089  -0.051291723422158035  2.794461084399391  -0.7815369369858103  0.5525059655837257  0.28971912971226554  -0.7094818200658324  0.2671680686659429  -0.12324462705593997  0.955736357468498  -13.05354544965445  0.0  0.0  0.0  1.0
1807261651456;9.3716141831985;0.5492243109512892;-0.9408581687598399  -0.2354288630474534  -0.2436373467308818  5.0281597851410655  0.24402077809658043  -0.969755762631928  -0.0052555398682921205  -7.076690310965591  -0.23503141520873314  -0.0643972925389818  0.9698521653214106  -7.285808896921025  0.0  0.0  0.0  1.0
1807261651487;17.785414458371655;0.8074518516548436;0.885995406973602  0.32963751019703924  -0.3261153947497391  -4.781268586350489  -0.3827179251074727  0.9169366603199247  -0.11293427629720645  4.909177549724397  0.26179978728622405  0.22486945731343722  0.9385598534693715  -4.847333570859071  0.0  0.0  0.0  1.0
1807261651518;16.45702919953805;6.155810482914193;-0.6687975213331374  0.7431011979073756  -0.022593917926620542  0.9264431212677242  -0.6934971633720086  -0.6126255674127283  0.37914588029835017  -0.6919110633978436  0.2679021460414779  0.26924064295877825  0.9250610338380463  -13.438380467400922  0.0  0.0  0.0  1.0
1807261651549;5.869275751550298;0.31085820114107665;-0.19998468502458272  0.9788653363514757  0.04276422623093759  0.7283387601957112  -0.6975002838499785  -0.11157709448937386  -0.7078445493288115  1.9511718154223752  -0.6881129847523714  -0.17138612917859367  0.7050725600534744  -0.5187026151354313  0.0  0.0  0.0  1.0
1807261651580;10.82780923860347;0.8967895988126111;0.3044037845012539  0.9518053560750009  0.03748199738880867  1.8231318902816056  -0.9525412981492015  0.3040911577265296  0.013915570874857328  2.1783654887859702  0.0018469709116649188  -0.039939102887762756  0.9992004087063673  3.4136423786411676  0.0  0.0  0.0  1.0
1807261651611;22.621753926741967;0.1644293568635393;0.29358364581799873  0.01397663715803299  -0.9558312071291485  2.2737984405846117  -0.9520923970305866  0.09381988612896575  -0.2910633891153273  -7.753737891436452  0.08560788763171578  0.9954910760928504  0.040851034194189284  0.163914839972693  0.0  0.0  0.0  1.0
1807261651642;7.769711969705423;6.4065184187159305;0.2914674664371021  0.8157035436337982  -0.4996743388568214  8.165670145728608  0.8568759781167887  -0.4548332145735834  -0.24267324748941224  0.003563887656217124  -0.4252179137044134  -0.35742758122999574  -0.8315258565077466  6.3525370813558775  0.0  0.0  0.0  1.0
1807261651673;8.158437860854828;14.386625029802017;0.08671882108049056  0.44029405824662166  -0.8936559675530232  0.24746052417293507  -0.993684501964763  -0.025891888317656077  -0.10918205289509084  1.2929779789079596  -0.07121064966316665  0.8974802239559745  0.435268067956384  1.641567288305054  0.0  0.0  0.0  1.0
1807261651704;36.66570801263619;0.10207987463267461;-0.1851694245414978  -0.12306381663758598  -0.9749705540423064  4.369242825607519  0.16639544664176736  0.9738755923948041  -0.1545279452867853  -7.969079539589955  0.9685168246095973  -0.19084451150677556  -0.15985472428390463  -9.6033341368068  0.0  0.0  0.0  1.0
1807261651735;13.857565236918324;6.018082787256336;-0.2807310925994603  0.654005126024893  0.7024723117540485  2.528677758453684  0.8140800209144115  0.5499375261380861  -0.18666128921957034  -6.451705663596972  -0.5083933252865382  0.5194670465758968  -0.6867970692466666  -3.7456011676949874  0.0  0.0  0.0  1.0
1807261651766;22.45262214999514;0.26562650278761046;0.5994742959962674  -0.03535667239968526  0.7996127025983268  -8.341032041594808  -0.2758606286752093  0.9286857854291197  0.24787824730866823  1.4771733204889108  -0.7513531007367288  -0.3691783006336102  0.5469697435458217  0.16737536878499643  0.0  0.0  0.0  1.0
1807261651797;21.051230087920704;16.483959397322906;-0.5688353439718404  0.8223649187009994  -0.011928618458846603  4.004406971985944  -0.6755143574858502  -0.47543297447901395  -0.5635990060393263  4.203067758748193  -0.4691553093368093  -0.31253708142864584  0.8259623892485342  6.131217045587606  0.0  0.0  0.0  1.0
1807261651828;3.434283833819833;0.037529344089993935;0.43920773178451655  0.8863527476045086  -0.14654478890304562  -1.628646044436632  -0.7289567267585996  0.44694381711013237  0.5185203128715524  -0.34576919215591695  0.525089191332376  -0.12091332085821821  0.8424139777953288  -1.8604859142818202  0.0  0.0  0.0  1.0
1807261651859;30.81758641329856;17.063984922446704;-0.6956435253071318  0.5899599257864806  0.40991141928991925  7.204793700904096  0.7175756895929155  0.5435240281826138  0.4355074746699495  6.595671269246293  0.034135251625231726  0.5971004243459845  -0.8014398716325053  9.205068547996973  0.0  0.0  0.0  1.0
1807261651890;5.456298175072451;0.10777017993186815;-0.5516678909460276  -0.308716850741218  -0.7748267188007822  3.5544036960501986  -0.15928533653815635  -0.8728841911312218  0.461195588050362  1.0472041347845753  -0.8187128432259312  0.3778453320362945  0.4323681132961759  3.5404260613426723  0.0  0.0  0.0  1.0
1807261651921;13.250946855243232;0.3607006917404294;-0.350775307075249  0.675018903594312  0.6490810147713427  4.748526097836712  -0.9037298135795101  -0.0623635364509767  -0.42353655493814235  -1.9165341181801963  -0.24541619342212753  -0.7351600295933252  0.6319102965568234  1.7097923700719067  0.0  0.0  0.0  1.0
1807261651952;9.163995689044379;0.6412064891384504;0.8701439049205812  0.33350020080519266  0.3628046317130735  -2.717896304829609  -0.49128452613065116  0.5294108295829417  0.6916384083499725  5.425860533077356  0.03858884701754771  -0.7800652470038631  0.6245070946776016  1.4384184408949299  0.0  0.0  0.0  1.0
1807261651983;6.588263075805257;0.20527838595940537;0.6592462048652502  0.5784117772625045  0.48045213840173107  2.31087061731101  -0.6718118624068018  0.7400793912008815  0.030843415006084843  -0.20940626590381192  -0.3377325315990002  -0.3431068501848426  0.8764784232689167  -0.26628755607016935  0.0  0.0  0.0  1.0
1807261652014;17.758751011909293;12.274077936702936;-0.44889481243993995  0.6695587208146707  -0.5917639451213068  0.31740536628488103  0.8351239243755857  0.5499466528996791  -0.011256549203079223  -5.602956080872548  0.31790168024097093  -0.49924923469692156  -0.8060327061320189  -8.411455435227143  0.0  0.0  0.0  1.0
1807261652045;29.809431639619387;0.046947497458618224;0.7094376586424076  0.6317797064782777  0.31233413355283635  -1.591626452736612  -0.645983562132814  0.760112755327183  -0.0702412744981189  -6.433190432551481  -0.2817861706226563  -0.1519309108481231  0.9473719187176071  8.280571283243857  0.0  0.0  0.0  1.0
1807261652076;4.484716985902588;2.399925302480808;-0.6120127345334064  0.7869082733606436  -0.07884023138926255  2.4865435977298214  0.7902059636344608  0.6044537593183938  -0.10104547432910704  -1.3514519600694954  -0.03185824548645305  -0.12414113807449795  -0.9917530085823251  -0.6814328408142739  0.0  0.0  0.0  1.0
1807261652107;29.336704611392904;0.49038546270067773;0.9043293983489882  0.1637925571901293  0.3941577571111284  2.6082184907623844  0.04181774284190676  0.8850012815061291  -0.4637068126695114  -7.576279944634901  -0.4247818447925538  0.43582649063776224  0.7934832414065264  12.596648429416966  0.0  0.0  0.0  1.0
1807261652138;8.336172594373753;0.05122584235365569;0.7097495841018697  0.6169317815249692  0.3400745577247022  1.8281790533311009  -0.5556930047710935  0.19360682452142353  0.8085305695811414  0.15991765996557383  0.43296744948748406  -0.7628312883221031  0.48023703859775757  2.0604550953709957  0.0  0.0  0.0  1.0
1807261652169;11.016264409904746;0.07971950235602691;0.515650082731441  0.7628599743724407  0.3900636508052724  1.5091553287158455  0.13388551027228035  0.37792187832665797  -0.9161057384500882  2.661437996449525  -0.8462739877357625  0.5246138707492678  0.09273955089000946  4.080653216682098  0.0  0.0  0.0  1.0
1807261652200;7.691976379282801;0.291382067873327;0.15779793161576072  0.09946608149033073  -0.9824491393506064  3.5943046634906874  -0.9723586692476369  -0.15774575985008799  -0.1721478829038676  0.6116987662045502  -0.17210006135023032  0.9824575175967039  0.07182475200771452  0.22195642161773604  0.0  0.0  0.0  1.0
1807261652231;30.250277525569288;0.1549905235050159;-0.2506643589891751  0.9526235415795536  0.17226655845222852  11.696254828979356  -0.9669310587097985  -0.25501716157605225  0.00325192312983622  -0.9275793344761274  0.047028787299851445  -0.1657547445176842  0.9850450029490951  2.795224502080614  0.0  0.0  0.0  1.0
1807261652262;34.4089756725358;0.05036296350426396;-0.7408509844154344  0.1711555417757269  0.6494964198593708  -9.166603807209718  0.04607275607053768  0.977660155849972  -0.2050802789433299  1.8957269358718956  -0.670087397313774  -0.12200983641848967  -0.7321860964115525  8.396998237461693  0.0  0.0  0.0  1.0
1807261652293;40.84770933151314;2.2303635332097045;0.9419864156206775  -0.24902433076958858  -0.22505216166672612  -13.586988609200121  -0.1683138026002818  -0.9305544358010058  0.3251751925736407  -1.2945675381841917  -0.29039982203910003  -0.26843122898766736  -0.9184838695719317  -2.9952654701935653  0.0  0.0  0.0  1.0
1807261652324;17.8904122783438;1.626322281344264;-0.754076604572476  -0.1262083023329043  0.644546304666074  4.7508553707646515  0.38546798475760585  -0.8796141716853603  0.2787352537753114  6.633605907509713  0.5317733607123953  0.4586396988841277  0.711945727878271  -2.9223102841005537  0.0  0.0  0.0  1.0
1807261652355;3.608779537763446;11.687750362997706;1.0  0.0  0.0  0.736894468786075  0.0  1.0  0.0  -5.856959805285232  0.0  0.0  1.0  -4.575465113609224  0.0  0.0  0.0  1.0
1807261652386;28.030315095757214;11.410478508096043;1.0  0.0  0.0  -6.815167058172516  0.0  1.0  0.0  -5.564512111911525  0.0  0.0  1.0  -8.959641335779338  0.0  0.0  0.0  1.0
1807261652417;16.760798496759268;11.258493600125716;1.0  0.0  0.0  5.213945344147148  0.0  1.0  0.0  8.43699647957508  0.0  0.0  1.0  -7.146283000123262  0.0  0.0  0.0  1.0
1807261652448;11.541073086658493;0.20120004238643663;-0.8991228767334208  -0.14602920648089135  -0.41261789029219226  5.20880925174659  0.1585731826690314  -0.9873395772820013  0.003886498528650811  5.78953391511824  -0.40796151567621225  -0.06193569235231343  0.9108959170728606  -6.848609276177205  0.0  0.0  0.0  1.0
1807261652479;17.131314427617824;0.1818160978980075;-0.8660347069070364  -0.49278525636930876  0.08453743275897674  0.8631839750544077  0.49998048459532474  -0.8541836624429093  0.14279280737992966  -6.848455270475116  0.00184430373517247  0.1659305936849879  0.9861357090294824  1.3081010386469136  0.0  0.0  0.0  1.0
1807261652510;16.88386035870282;0.09592279936892488;0.9563652494236009  0.21869553876970058  -0.19374666711240138  6.897112503374266  -0.2779289747586959  0.47642008689896886  -0.834133913582681  -5.05972704585729  -0.09011656165496734  0.8515845008696491  0.5164134421121097  4.376750896026381  0.0  0.0  0.0  1.0
1807261652541;12.460236884144733;0.4450648824456117;0.7343668385770845  -0.3131642013479505  -0.6021906088543718  -4.953011276393587  -0.15737619933429742  -0.941584416543992  0.2977440484788922  3.605710975924172  -0.6602560702344128  -0.1238828862902785  -0.740752963006561  -8.212620880305693  0.0  0.0  0.0  1.0
1807261652572;42.08124229642907;0.9608772740797866;0.6262291885613511  -0.3189236981983204  0.7114244008475519  -14.23723688587367  0.22224048545446942  0.9476683370892416  0.22920272577670825  1.3132105755615902  -0.747292559857753  0.014573867229317071  0.6643353312712106  -3.37915796198373  0.0  0.0  0.0  1.0
1807261652603;27.455101979184786;5.193965290111441;0.1454834353073671  0.9009835653916507  -0.4087336356911627  10.031500299195109  -0.9883092372844241  0.11330540834927182  -0.10201341057471336  3.6781620216146846  -0.04560067487929785  0.4187964891602527  0.906934440363579  -9.988668256561724  0.0  0.0  0.0  1.0
1807261652634;28.71491398766282;0.09234446058393281;-0.6235940401531838  0.6755008099561464  0.3934833272630722  3.1016685404207305  -0.6586068467187308  -0.725125023131018  0.20107392243761657  6.459655196662417  0.4211502042509751  -0.13376231374280526  0.8970731011916095  6.752414814914108  0.0  0.0  0.0  1.0
1807261652665;10.293881191059828;0.06354255757935307;0.741482632640043  0.6706044730714318  -0.02220689509541668  1.3177698094215868  -0.30292448304534014  0.3050429467604924  -0.9028762695981045  3.1645148746441536  -0.59869880830423  0.6761940855466453  0.4293265605653025  -1.1112117527294594  0.0  0.0  0.0  1.0
1807261652696;33.77779932650991;2.3079537553159786;0.9059203607630788  -0.09557902706414971  -0.4125202413704854  5.610530003593226  -0.10879576842505832  -0.9940268268911567  -0.008610934531123427  3.147150328728187  -0.40923316181327984  0.05268127756773508  -0.910907735320179  10.596419219995257  0.0  0.0  0.0  1.0
1807261652727;26.404805354969792;3.769375043093084;-0.026764066421615402  0.9502267529333878  0.3104074785797693  4.964392651456819  -0.9896047145923413  -0.0690781713670336  0.12613768309746873  0.5965082607496053  0.14130178203119045  -0.3038047469185715  0.9421976874014033  -11.34139438096957  0.0  0.0  0.0  1.0
1807261652758;11.706876263611738;1.4410571778557237;0.4325755092638427  -0.4027233085719788  -0.8066550474136803  -4.214548918626172  -0.8371728735329382  -0.5115462835177804  -0.19355097426711707  -3.8279351679778566  -0.33469390285114364  0.75903513525527  -0.5584314235806251  1.7087388245015054  0.0  0.0  0.0  1.0
1807261652789;37.4807323049303;1.9609760395374398;-0.9555837463492683  0.0825612771793817  0.28291931574851403  -8.235651181984313  -0.019832840369982827  0.9397705334792708  -0.34123013179809614  -0.48934537502401043  -0.29405163178591076  -0.3316850613377042  -0.8963920224597308  -7.729190385459577  0.0  0.0  0.0  1.0
1807261652820;24.622197736499775;0.19970441687332985;0.6669483559824352  -0.7382994746186045  0.10046778702758374  -0.011783684559723673  0.7392249090639436  0.6725481539132615  0.035007349046570324  -1.0990324292965192  -0.09341533210202507  0.05092019683540794  0.9943242475583667  -8.528047103638912  0.0  0.0  0.0  1.0
1807261652851;31.035011037167635;16.223488206300978;1.0  0.0  0.0  5.0021354649631125  0.0  1.0  0.0  8.692319045723229  0.0  0.0  1.0  -7.789115671471127  0.0  0.0  0.0  1.0
1807261652882;15.670251551388807;1.4846831219288332;-0.09484597646663684  -0.697681489511782  -0.7101019503850916  -2.51210885331679  -0.7733964871268972  -0.397481000928514  0.4938286419403408  -7.132540680320758  -0.6267871364728737  0.596028013681813  -0.5018849394618727  4.1570832540756735  0.0  0.0  0.0  1.0
1807261652913;15.719459525657804;1.5972043481819962;-0.1620965071054752  0.4277241800186568  -0.889256289385446  -5.372528738906384  0.9756312556853295  -0.06558302696974053  -0.209386053746073  -2.1882311073448557  -0.1478795973556586  -0.9015269781880373  -0.40667029924138104  4.470966668943272  0.0  0.0  0.0  1.0
1807261652944;19.564049308117394;0.06989817566269313;-0.9487955104386339  -0.3149228911193642  -0.02471137431454301  -4.120814135925686  0.3153121912623532  -0.9488881378575181  -0.013766767036060445  -10.106910595056977  -0.01911285988086392  -0.0208536443412915  0.9995998319852109  5.623216953865938  0.0  0.0  0.0  1.0
1807261652975;27.89646367782606;0.6228850596947395;0.17783058275150335  0.3672876446071339  0.9129491058964919  -9.23001940783724  -0.19765589290372326  0.9221608682348609  -0.332492828639595  3.1467466662756434  -0.9640064480275493  -0.12132237722395219  0.23658497193616615  0.22836014778624614  0.0  0.0  0.0  1.0
1807261653006;6.365423988371116;0.23093238208096628;0.021594166241722446  0.035477741012306  0.9991371386736603  1.0955099452860846  -0.9961811507710014  0.08532789208123703  0.018500423820470818  5.377562196889578  -0.08459791269818143  -0.9957210858094936  0.0371848415550525  2.3379852210560683  0.0  0.0  0.0  1.0
1807261653037;10.197467142422473;1.5521792259844382;-0.9981159954185996  -0.03744093013214561  -0.048606958764956576  5.3291062651706085  -0.03691757122722139  0.9992507425714198  -0.011620946826718617  2.906147904311886  0.0490056386982298  -0.009804602047312976  -0.9987503777994141  0.9669307563152731  0.0  0.0  0.0  1.0
1807261653068;11.981883041146329;0.6116083538435915;-0.22530516549875726  -0.2677918438101662  0.9367631028111257  1.9267405555319101  0.4383672085292696  0.8308010035688861  0.34293422540654395  -1.6391499932561935  -0.8700987144490171  0.48791107884294016  -0.06979259456765288  -2.1845549725374545  0.0  0.0  0.0  1.0
1807261653099;8.993075075233714;0.5756492915700865;0.9481647754189357  0.3173632915347221  0.016251148913422046  1.729950213631113  0.031036163163525556  -0.04158685859636875  -0.9986527373257298  4.897975741664976  -0.3162598855859629  0.9473917217172282  -0.04928093333959016  3.634790048776327  0.0  0.0  0.0  1.0
