# registration_from_features.py RANSAC RANSAC_config.json euclidean True --input_txt=/neural_comparison/point_clouds_registration_benchmark//eth/plain_global.txt --input_pcd_dir=/neural_comparison/point_clouds_registration_benchmark//eth/plain/ --input_features_dir=/neural_comparison/experiments/FPFH/features_voxelgrid_0.2//eth/plain/ --output_dir=/root/neural_registration_comparison/results/FPFH/RANSAC_voxelgrid_0.2/
id;initial_error;final_error;transformation
4215528470030;7.9427285406441825;0.08505154538211462;0.5953090446584327  0.6768676839563094  0.43296337000199664  -0.6286372860018457  -0.5553450081880545  0.7360367314230987  -0.38709411242824543  5.480301255205422  -0.5806884390346291  -0.010003419996323898  0.8140644129059466  11.613351781250122  0.0  0.0  0.0  1.0
4215528470061;8.5731783167614;0.10621806082397514;0.6090021207472075  0.7861975009389178  0.1049281013018156  -0.6252113637947545  -0.787607948826362  0.6150548486830847  -0.03716519954150632  12.51994665090523  -0.09375572447022026  -0.06000852130179729  0.993785108310764  7.251099576487436  0.0  0.0  0.0  1.0
4215528470092;7.21989676751356;0.057660978018411344;0.7658048949549253  0.2525710701565681  -0.5913972585183672  -1.338438491916512  0.29505823973018075  0.6791235495134627  0.6721099907482123  -3.527105374048143  0.5713873450037217  -0.6892017549427751  0.4455529631294087  6.506458249418384  0.0  0.0  0.0  1.0
4215528470123;3.699125908164359;0.10924533717944727;0.8653854860126979  -0.40446899836560657  0.2958256073427206  -1.5614244625044673  0.2823279905691157  -0.09419028480075525  -0.9546827200648172  2.547315135014713  0.4140034617485365  0.9096884189711754  0.032682014166088645  -4.313468350740221  0.0  0.0  0.0  1.0
4215528470154;6.304867582126328;0.08459104899786662;-0.7550541671955749  0.2790582303138117  -0.5933124882342522  4.103373092126974  -0.6157060443792379  -0.6128421133861893  0.49530860175775343  -3.6353502425963917  -0.2253869373221706  0.7392909090165201  0.634546830683173  -0.11929432120412253  0.0  0.0  0.0  1.0
4215528470185;10.45878331764484;0.2902749373862596;0.7713889552119784  0.5815526322725502  0.25837108134201514  4.632276859407851  0.2584227289022168  -0.6573003289266697  0.707936417187041  6.69369755334768  0.5815296836479672  -0.47932537330060176  -0.6573206322233726  -5.0129519657642145  0.0  0.0  0.0  1.0
4215528470216;5.914600834043442;0.0981185550238411;0.8236799294513019  0.41925445745409956  0.3818076396877966  -6.011912193975959  0.09259248128655459  -0.7637200593101758  0.6388726816952343  0.03415897571559512  0.5594443727738235  -0.490874088654239  -0.667880695079274  -1.9604035194469152  0.0  0.0  0.0  1.0
4215528470247;6.661053221913973;0.04220999693348449;0.10791751994051131  0.9697821600369944  0.21880669771255215  12.013890059455402  -0.872139689989362  0.19799699309039104  -0.4474031200968818  18.206471545139593  -0.4772066324299681  -0.1425473703761188  0.8671528568618708  5.971599837377721  0.0  0.0  0.0  1.0
4215528470278;5.936222330533173;0.476850314017885;-0.7077507668124386  0.49742531184678906  0.5016541749158779  20.142381323023248  -0.6663148149399541  -0.2340437995845645  -0.7079887479808947  14.365562305208291  -0.23476247457364244  -0.8353391880009857  0.49708653323331464  4.893732856135445  0.0  0.0  0.0  1.0
4215528470309;13.3828056546087;2.290707650931019;-0.49377066359858196  -0.7636191419169337  -0.41602444383408893  23.443221329700215  -0.8499256085050388  0.32262025904417585  0.41658447938156484  21.138164099029805  -0.1838939688427999  0.5592870234077634  -0.8083198832584342  -2.880214257675892  0.0  0.0  0.0  1.0
4215528470340;6.643852363898183;0.18941343120896487;-0.9913686865739602  0.1252336295608489  -0.038790015566361816  24.16038096535894  0.11328473353784228  0.9672003856048719  0.22735431210568302  0.1886016314132819  0.06599012371470883  0.22099762920177293  -0.9730392342857063  2.1940200680308215  0.0  0.0  0.0  1.0
4215528470371;8.616592423121881;0.04986304409524218;0.19047550544810804  0.8399002530568745  -0.5082190932455081  2.557671085734297  0.4061851835604926  -0.5387321590608808  -0.7380929869938688  4.263843225218195  -0.8937184559357694  -0.0658424309135126  -0.4437703187586822  11.767370441988545  0.0  0.0  0.0  1.0
4215528470402;8.051064745866395;0.056840745223757025;-0.8677960978073863  0.23802263411200633  0.4362054083578689  18.165307208807285  -0.4177919527192896  0.1257743281156912  -0.8997948114042721  3.9736763952718084  -0.2690349733274025  -0.9630815355085097  -0.009702530046098598  10.462428365487305  0.0  0.0  0.0  1.0
4215528470433;3.035557231842426;0.4315278737572467;0.8608322832486928  0.24961633685979862  -0.44346303621557603  1.3418524230220292  -0.01492801808292557  -0.8586726140483576  -0.5123070330958539  11.906912274094228  -0.508669769489949  0.44763045724800254  -0.7354468297239345  2.97571917095029  0.0  0.0  0.0  1.0
4215528470464;11.371431429449434;0.7321207090754137;0.8498221005072312  -0.46407651895498037  0.24987073066709029  -2.4413771129349975  -0.28914756721389884  -0.806857617413643  -0.5151450956729213  15.864357052392076  0.44067684516407435  0.3655321733804121  -0.8198720316976491  -1.3494258653085893  0.0  0.0  0.0  1.0
4215528470495;6.926527848736154;0.3754634481206611;-0.7859779726503209  0.5643578826573912  -0.2524654566291322  11.086045661454621  -0.6052399410209989  -0.7857027873011294  0.12788957666726983  13.948032428654905  -0.1261873222688712  0.25332056827210414  0.9591170154829436  2.111493327251304  0.0  0.0  0.0  1.0
4215528470526;13.514784535064075;0.0771593179802622;-0.9846740504266008  0.16434159974758694  0.05838538352084255  22.435999289285498  -0.1739326279632866  -0.9499623591045437  -0.25945897019435293  15.364215057638777  0.012824014436081443  -0.2656376382912127  0.9639876502200687  -7.632737078435966  0.0  0.0  0.0  1.0
4215528470557;10.446360986706342;0.2480602137457188;-0.029036597728086082  0.05422507877179206  -0.9981064656761675  -1.3415766491981618  -0.9847481510193483  -0.17291724166155775  0.019253742496806427  14.34159158172007  -0.17154578122574796  0.983442559770703  0.058418974445777774  -2.973799467723124  0.0  0.0  0.0  1.0
4215528470588;3.580277951137834;0.13830020030371762;0.5347594789461174  -0.5347772112194241  0.6542519652531825  5.312746424045879  0.6969943713105681  0.7168917069000269  0.01628271904050052  -2.3189821100363375  -0.4777354351925993  0.4473025988504216  0.7561013417677525  3.46323423494138  0.0  0.0  0.0  1.0
4215528470619;3.9070449392142814;0.5815773394472772;0.8827463369766322  0.04456394628937009  0.4677317171685661  2.311261659939685  0.4103598401906656  0.4117097413734638  -0.8136952073208288  -1.5360099414359425  -0.22883117382260007  0.910224776387302  0.3451480122174506  0.9053651737474988  0.0  0.0  0.0  1.0
4215528470650;5.1845358049870764;0.21292935841766802;0.7681775211026597  0.5957327745773111  -0.2345330624176298  3.0196897812069086  -0.5481402335901265  0.4226730224630212  -0.7217269569593031  14.315424644599261  -0.3308256041970369  0.682971432328171  0.6512330168467135  1.4742105149285867  0.0  0.0  0.0  1.0
4215528470681;3.380804448922173;0.14890783995307813;0.4949019978324184  0.5164733895045289  -0.698804157454136  -0.08458751504686512  -0.5473672911905068  -0.43929429428189165  -0.7123268712790097  4.220251747505248  -0.6748785528346929  0.7350345304440324  0.06529301630858307  -0.4172059876388008  0.0  0.0  0.0  1.0
4215528470712;10.187008660188404;0.07293150781658803;0.15579307681802756  -0.8582821766866054  0.4889583033323749  12.570540916747277  -0.42885378128086216  -0.5046874804244875  -0.74924961220136  18.60726841514699  0.8898387221832269  -0.0929637148831999  -0.446704372284889  -7.84266859975644  0.0  0.0  0.0  1.0
4215528470743;11.416465271917176;0.2484289230459494;-0.450150350596472  -0.4821582891947099  0.7515903445486136  20.225637297721583  -0.892378674432523  0.2730838233314975  -0.35928474341767525  10.807891268674584  -0.03201504764834612  -0.8324353485980054  -0.553196553793127  10.175443353786445  0.0  0.0  0.0  1.0
4215528470774;8.6384432610346;0.15538189492554746;-0.2608850724101753  -0.9652762677980647  -0.01344268646422192  19.616655980330016  0.9646359985276507  -0.26011861531006963  -0.042610988180689695  -3.4710943535579126  0.03763468264912294  -0.024083870017297226  0.9990013002328317  -5.703786933403636  0.0  0.0  0.0  1.0
4215528470805;4.364926864890053;0.12560332170225716;-0.9766765778754481  -0.16618687807034654  0.1359587576683988  35.409274515568995  0.1402011753061212  -0.9731781014855297  -0.18239521164713124  -0.543688658402582  0.16262377646668072  -0.15907955351411865  0.9737798534481313  -4.386946469827236  0.0  0.0  0.0  1.0
4215528470836;7.998596834151955;0.019702420985622658;0.5945019232687404  -0.47765385111141956  -0.6468494892540292  3.47049435347926  0.8015906069823188  0.4154816144492618  0.42991572063876954  2.025486115716383  0.06340317048449494  -0.7740941974805551  0.6298874593127328  8.055636774143624  0.0  0.0  0.0  1.0
4215528470867;4.496746515697113;0.08914018253007899;0.685842220141693  0.5964826336177738  -0.41692795164574775  4.590872519751397  -0.6996038933259894  0.6981804992549839  -0.15198152158463024  13.147222207817006  0.20043662717734922  0.39591976239191007  0.896143236449008  -1.314989034222303  0.0  0.0  0.0  1.0
4215528470898;3.0735426127890535;0.07853456208799625;-0.8052580515464389  0.23322267639347236  0.5451299419730109  6.362217688913886  0.5163641223903502  0.7277262715020636  0.4514228249366092  -2.8732378567239345  -0.2914233407393374  0.6449974085076393  -0.70643526206635  1.9468069556577345  0.0  0.0  0.0  1.0
4215528470929;7.751781789465057;0.14722947708511638;0.5774157926382769  0.8126912812671799  -0.07825524751874317  -0.6666882780515184  0.5840413927074407  -0.4781244605802996  -0.6559669593806916  -4.9901542645206565  -0.5705143766955079  0.3330613780478102  -0.7507219621382011  -2.448553054325024  0.0  0.0  0.0  1.0
4215528470960;7.051327912203398;0.09009171763119475;-0.5122123138418625  -0.008139174821203313  -0.8588202951619126  19.740574112548572  -0.1815778357310292  0.9783781872816221  0.09902329131453247  0.21563471458435046  0.8394450757018002  0.20666367964583757  -0.5026152488685972  -4.067741689022144  0.0  0.0  0.0  1.0
4215528470991;7.811575106800094;0.21670822349588176;-0.9199498696365422  0.09735196395625878  -0.37975628035566217  17.125175089193174  -0.290463344516887  -0.8198254824055227  0.49347464361465976  9.339249483792731  -0.2632931500206059  0.5642772133556437  0.7824755227096982  -1.736009670186587  0.0  0.0  0.0  1.0
4215528471022;6.397326685010671;0.032869687407953055;-0.3093966688626584  -0.5527007034328888  -0.7738188636376611  27.105703921060265  0.9387275912733886  -0.047559497488755376  -0.3413628620407898  -12.09016961891503  0.15186905767388187  -0.8320216503333356  0.5335501501244655  4.612042662139942  0.0  0.0  0.0  1.0
4215528471053;4.989390319330123;1.842906164594733;-0.17583558040706346  0.09040119323579243  0.9802599007020827  12.883544430626262  -0.4665720197995853  -0.8844806611258971  -0.0021237783386849896  10.751385708156052  0.8668289329521984  -0.45773527759595  0.19770183772821187  -10.33709249722997  0.0  0.0  0.0  1.0
4215528471084;7.283065117516562;0.12485690561601276;0.6541851390282042  0.3089880721093395  -0.6903391740070984  3.192177964591606  -0.5459036613732656  0.8246337910745544  -0.14821708105772483  1.345741708433423  0.5234797000590496  0.47382009445797324  0.7081408911466174  5.54272378643892  0.0  0.0  0.0  1.0
4215528471115;13.751336068378958;0.408098264811849;-0.1293217565035968  -0.9647775034107362  -0.22908568747822644  14.373035670865418  0.8751084414388285  -0.21968738597820373  0.431187509286352  -6.18081278479492  -0.4663272445582915  -0.14471289284169103  0.8726952959813984  12.885049497615721  0.0  0.0  0.0  1.0
4215528471146;11.525962444638278;0.2192540196598028;-0.6844064253152655  -0.7226373619626724  -0.09686634133077343  28.681633246178325  0.3669259513242937  -0.45618661621770595  0.8107151888478478  -8.085127821827268  -0.6300422138491533  0.5193159099040483  0.5773714527828587  6.947240717159987  0.0  0.0  0.0  1.0
4215528471177;6.697705102568167;0.1575293692002115;-0.3707331968421991  0.19871283761426126  -0.9072321119352273  22.36172548360957  0.07912593376735101  0.9800487982662967  0.1823278355661402  0.06532500049508272  0.9253626226321278  -0.004190606647846901  -0.3790599628704071  -14.977792570177812  0.0  0.0  0.0  1.0
4215528471208;6.121585792418238;0.10320523552785552;0.006513972278736568  0.710340493361254  -0.7038280696707407  14.795176538725771  -0.9957964619262185  -0.05969782939884029  -0.06946636294129632  18.3428052734882  -0.09136177855305144  0.7013220035449882  0.7069656800462569  3.5191543371728704  0.0  0.0  0.0  1.0
4215528471239;7.5967337800512365;0.07861960723617087;-0.547441282470272  -0.062179343991055354  -0.8345308690684524  7.72014520477653  -0.1309111613705332  0.9913212999665132  0.012014493802094385  -4.7956773920590186  0.8265411726441235  0.11582663516456095  -0.5508301739288924  -8.397463362196628  0.0  0.0  0.0  1.0
4215528471270;4.659737430181631;0.441822789401823;-0.7225746413621853  -0.34861208938297655  0.5969551899400378  28.334344275583316  0.6887420448223043  -0.43715760569729195  0.5783836300199054  -14.031688259592212  0.05933197581660922  0.8290734822179797  0.5559828034468791  0.35866286233183686  0.0  0.0  0.0  1.0
4215528471301;12.269791784026703;0.18379494822237474;-0.6934687219486683  -0.7126534602494639  0.1059536562528508  22.55218173474076  0.7002042627944762  -0.7012672401743942  -0.13393374564549612  -11.838622219202476  0.16975017538525766  -0.01868966165167346  0.9853098875501154  -0.10950396761589731  0.0  0.0  0.0  1.0
4215528471332;10.27674754914434;0.1948899004722621;0.7304793880750511  -0.6827355379782793  -0.016493901267069178  8.448725925879097  0.6014376863922024  0.6316795516431781  0.48913561864074917  -11.892496739250081  -0.32353140957980103  -0.3672235412080535  0.8720517747232231  10.995876290995554  0.0  0.0  0.0  1.0
4215528471363;7.251183878607266;0.6284380595427431;0.49157400016996733  -0.7138202843532475  -0.49881419787606907  8.370224894895259  0.4133897146573427  0.6954245662818367  -0.5877870502377891  -6.421985764408672  0.7664619665530825  0.0827361726064757  0.6369385995290384  -8.60458982819552  0.0  0.0  0.0  1.0
4215528471394;7.752494131188369;0.8922488508131585;-0.6087927349907986  0.005361208787563798  0.7933112020277797  18.291776830901043  0.7907680013387566  0.08439041646980946  0.6062707527720284  -7.4640830322644  -0.06369751864188519  0.9964183433921665  -0.055615744807369416  -2.9459573054091717  0.0  0.0  0.0  1.0
4215528471425;6.845520635125362;0.06964259451202524;0.5068150021881201  0.8619126695386022  -0.0156557863391416  2.8326449642618354  -0.6622657998596718  0.377665838190337  -0.6471263593767608  9.629381526169976  -0.5518537522689193  0.3383416391058466  0.7622219961099803  -0.9923510717728636  0.0  0.0  0.0  1.0
4215528471456;8.696136189115853;0.07885165024124195;-0.36170391371746163  -0.9236252108009299  -0.12683354751172818  23.438054651217605  0.7868175306961287  -0.37540065282785956  0.48989031756676304  -13.02303905720401  -0.500088444368312  0.0774003864935803  0.8625083929910058  6.429096048634772  0.0  0.0  0.0  1.0
4215528471487;4.397592397978111;0.27528994904600135;-0.16220052114768  0.9805199570159359  0.11077727579647817  19.380652010419922  -0.9571737405566937  -0.12905951774805474  -0.25915646097936124  18.149573391768786  -0.23981122018814854  -0.14806841247243618  0.9594614759852339  3.2543283499091205  0.0  0.0  0.0  1.0
4215528471518;4.316883413942118;0.19284043517362726;0.07595550650066785  0.11059379151628401  0.9909590174726095  10.809348918339689  -0.9442291813290695  0.3273325026104277  0.03584251471967794  17.245828375695663  -0.3204091355733523  -0.9384148581586118  0.1292885912534047  8.368290490287212  0.0  0.0  0.0  1.0
4215528471549;1.9026528424683027;0.05516375820072111;0.6235137877470999  -0.764707633444625  0.1626431426183898  2.0543329780944664  0.6376328562918505  0.6177780466335586  0.460189771371248  -0.12643609785655308  -0.45238799394586215  -0.183228055846112  0.8727958423849719  0.35002456999787146  0.0  0.0  0.0  1.0
4215528471580;8.32112714146523;0.34294027267172267;-0.37877903869403995  0.9151421628310416  0.1379900781032607  17.12104288039533  -0.9184770205197795  -0.39002474388874625  0.0654267676996712  17.336718307821055  0.11369433857113344  -0.10195842762343443  0.9882702446261497  -4.409160889416042  0.0  0.0  0.0  1.0
4215528471611;14.49435390175508;0.11426022062671781;0.25787217720195177  -0.04654669402980166  0.9650571721406048  18.770403159249938  -0.792621628282861  0.5609814184963162  0.2388530981169949  13.954511128947074  -0.552496963433602  -0.8265187556110005  0.10776758334439868  18.107775038177216  0.0  0.0  0.0  1.0
4215528471642;10.551955767567739;0.14757486536419878;0.6838957567285214  0.382693141843077  0.6211542104139657  0.24771092341338097  -0.3503752319425102  0.9190588266482808  -0.18046625723696136  -1.0761088924780147  -0.6399404587693723  -0.09421694298882416  0.7626266300647295  12.806904959980884  0.0  0.0  0.0  1.0
4215528471673;5.301269378770812;0.2542217459767898;-0.916280375479497  -0.17672189257038307  0.35944352295944115  30.63556394759696  0.29296603593777154  -0.9076506257133958  0.30056820096109615  -3.804741544474757  0.2731321572024439  0.3807094880987644  0.8834359684626365  -6.8556416390713615  0.0  0.0  0.0  1.0
4215528471704;14.231622672185328;0.0723069612163352;0.06714838123291875  -0.927925104753768  0.36666891723393524  8.841472418425269  -0.3104598094348469  -0.36868653961055525  -0.8761763191479628  5.952830546607158  0.9482118970058738  -0.055002140664726376  -0.3128401555088801  -13.080669209629221  0.0  0.0  0.0  1.0
4215528471735;9.260585039119485;0.08909651735847163;0.7924806164347503  -0.17568335074390018  -0.5840460879473417  8.336541913086606  0.5916703630845843  0.45381584519404417  0.6663162613190318  -5.332245159456382  0.14798869559042233  -0.8736054824245392  0.4635868926697931  -2.7466171085920754  0.0  0.0  0.0  1.0
4215528471766;10.023762998931376;0.03314344252133383;0.24949842522243246  -0.9408150944542606  0.2293850340770901  -0.438268666502057  0.9622649257044474  0.26743617769462713  0.0502404579905755  2.676254289213222  -0.10861283796375731  0.20819425762280067  0.9720382721489672  -2.4515631767641692  0.0  0.0  0.0  1.0
4215528471797;16.49642327605817;0.17859480480826395;-0.2877951083896657  0.9503409483804369  -0.11843165716291199  24.0939510231438  -0.9568846661264343  -0.29042198497232297  -0.0051774875024862554  10.55309930561349  -0.039315535340154695  0.11183538114616927  0.9929487077411449  -5.06602255867602  0.0  0.0  0.0  1.0
4215528471828;6.120378490255965;0.13558628263412667;0.9933922013973928  0.11184048801840465  0.025761200333978884  -1.712766438636658  -0.03693686523644908  0.5240706337871793  -0.8508734563896144  1.3821836124070002  -0.10866279119066788  0.8442995179684218  0.5247387176194871  1.204686248856737  0.0  0.0  0.0  1.0
4215528471859;3.3560635566366703;0.09146475058750783;-0.45591123945028794  -0.7953118285469619  0.3995297699999204  5.391605695682397  -0.8258703817203981  0.21068696679707624  -0.523019229683623  2.657596309053938  0.3317876645384892  -0.5684101489198932  -0.7528790395973045  2.1472205030503293  0.0  0.0  0.0  1.0
4215528471890;6.397138347400414;0.11265859449529364;0.617064714231315  0.5332669573556167  -0.5786687227104181  3.796732716892966  -0.7598984721091763  0.5948358302704321  -0.2621538615252952  6.785014548079806  0.2044148980303621  0.6014953758917577  0.7722809477412139  -6.755567162951554  0.0  0.0  0.0  1.0
4215528471921;4.826841366204702;0.19125743408586998;0.42574967449402923  0.06930053914351754  0.9021832684896388  -0.5285555000464512  -0.6512146315655061  -0.6687775534885434  0.35868661472779045  6.254497273081978  0.6282170948829964  -0.7402256542597654  -0.23960230064102353  -2.579889436513241  0.0  0.0  0.0  1.0
4215528471952;10.627445185868936;0.2992162684932324;0.6312240411478794  -0.5777561208876036  0.5174495865819675  4.773176943610627  0.7692266615085798  0.5516997710832615  -0.3223626929578573  -4.648688122986668  -0.09922979946218635  0.6015190997496133  0.7926715710400549  -5.254602200734581  0.0  0.0  0.0  1.0
4215528471983;2.5890048286559675;0.16762128580990193;0.5098257937202716  -0.717255692723608  -0.47499676979224936  6.558896287655715  0.15174062757865037  -0.46851089947552027  0.8703288568206141  4.248300829832099  -0.8467894909595495  -0.515792408172334  -0.1300221122434658  8.103195937392611  0.0  0.0  0.0  1.0
4215528472014;9.471090222260203;0.13650804463604202;0.4877531752294025  0.8662752944751094  0.10799978812802292  -1.2061351258105466  -0.8464786248142404  0.4995643573814251  -0.18414502590805293  6.735543646745007  -0.21347313129813114  -0.0016021910454847577  0.976947621522068  -7.75546729155817  0.0  0.0  0.0  1.0
4215528472045;3.9958979372442767;0.1581457719752478;-0.6792118365550877  0.7272557745514081  0.09884492634980116  7.13785137169991  -0.6557244525345066  -0.6617959963825436  0.3633889122143923  8.170552699891884  0.329691861336897  0.18200301523235576  0.9263790687480715  -0.07201948989738205  0.0  0.0  0.0  1.0
4215528472076;8.69484171943448;0.17469810030064437;-0.019001706849590596  0.5171836168206616  0.8556635095813664  3.9891219441486863  -0.9887728877287375  0.11714576720503017  -0.09276338565683025  3.56348837780207  -0.14821306160178732  -0.847819541953501  0.5091511687626583  -5.970408314345204  0.0  0.0  0.0  1.0
4215528472107;10.315265354533507;1.2938288829136013;-0.5200135858180709  0.06540777500445771  -0.8516499829939516  21.202139352482078  0.5951603149770256  -0.687432582610194  -0.4161978421884544  5.5978563546128814  -0.6126745221086636  -0.7232968044550208  0.31854617031770477  16.976702585741354  0.0  0.0  0.0  1.0
4215528472138;6.670306263270432;0.1382618704768166;0.3663452707811412  -0.8960768997329305  0.25067375678620807  6.765007952706043  0.21524162722914902  -0.18048482102497687  -0.9597376054356367  -3.488427399852748  0.9052415061650894  0.40555076025646997  0.12675328939068592  -3.4910790026944225  0.0  0.0  0.0  1.0
4215528472169;13.267182160692693;0.10873154489474257;0.5650152471203164  0.5700170933117773  0.5965218217751638  3.482935796868105  0.6495008373984152  -0.7531474227613068  0.10448742415601141  -2.558467778589476  0.5088284904958886  0.32840443498892313  -0.7957663566269197  3.3343909987228333  0.0  0.0  0.0  1.0
4215528472200;8.200847505154186;0.2366432107152729;-0.015587815430361751  -0.9570088350623447  0.28963962025717693  12.329628161322344  0.25890399024078137  0.2759321628966417  0.925651211481183  -1.306876696331761  -0.9657772744517805  0.08941773365386729  0.2434722264667895  -1.0624911071704026  0.0  0.0  0.0  1.0
4215528472231;10.278644612899345;0.11258379856319606;0.6668983123848621  -0.6194443798654272  -0.41416820398403276  2.8234297170498523  -0.5942955416496806  -0.10686143438215441  -0.7971157024027954  16.170215576380212  0.4495102336026797  0.7777334338286646  -0.4393987435024591  0.03517793666127289  0.0  0.0  0.0  1.0
4215528472262;4.061839555975304;0.30990945755098276;-0.47645949856018427  0.8754590858980056  0.08097984409966946  19.1026481067147  -0.8254637236224502  -0.41373263137616567  -0.3839725911024289  17.950944719721583  -0.3026482896286329  -0.2497933118663966  0.9197865590079477  3.9949797250995633  0.0  0.0  0.0  1.0
4215528472293;4.76530520571006;1.3890130056237455;0.9028119504486328  0.21924021952069342  0.36995176479056546  -2.9967408383327285  -0.20927198016870568  -0.5275595206996772  0.8233384422188701  7.568039459009074  0.37568047652680114  -0.8207403232835861  -0.43040620498890425  2.9656421237575143  0.0  0.0  0.0  1.0
4215528472324;7.620481991712362;0.05987687904045649;0.22494775312091358  0.9293339425911215  -0.292808694396009  3.3820986315923087  -0.9496967492883855  0.2763167538947504  0.1473944907659109  8.210865858223247  0.21788665116736006  0.24492340571107302  0.9447422572204361  -8.91935301609503  0.0  0.0  0.0  1.0
4215528472355;4.274579483987271;0.5621710080972121;0.1424411338775184  0.3575126184511399  0.9229817176021939  3.6715340757217585  0.9891047131805294  -0.016385188808691636  -0.14629898137637748  -2.8549980497515355  -0.03718050219872107  0.9337645598521681  -0.3559513408042423  0.9501262444275068  0.0  0.0  0.0  1.0
4215528472386;6.98607721477994;0.024292322341544634;0.4933102357141205  -0.8430849574285314  0.21413258952670236  5.6195714036185205  0.860219569194442  0.43629771548526963  -0.263944305180589  -5.7446631532144155  0.1291019136752349  0.31440747131718605  0.9404683077410564  4.335947220776591  0.0  0.0  0.0  1.0
4215528472417;3.9350110134314358;0.13013502641564278;-0.6554638504406628  -0.5493874898008227  -0.5182089605707831  1.2073889997061782  0.42858035018858687  -0.835561522806347  0.3437380180279267  2.0999261011308747  -0.62184083509989  0.0032136670471369227  0.7831370557867773  3.77571033460856  0.0  0.0  0.0  1.0
4215528472448;8.44720383204338;0.1461665674005853;0.47261800021313866  -0.667983896502566  -0.5748301835218674  7.102462033567432  0.8445593466581676  0.5296095578294404  0.07895078358087294  -4.006385154085511  0.25169770727374974  -0.5227917656858754  0.8144550533234987  -7.195132459109907  0.0  0.0  0.0  1.0
4215528472479;4.6646235313045;0.039272553577977765;-0.8582137068720133  0.45092975763802273  0.24521742803787994  6.682233310405433  0.5124686264837184  0.7797917044685423  0.3595842105987652  2.278111489770664  -0.029071295239289606  0.43426633684705557  -0.9003152828173869  -0.6764530748554789  0.0  0.0  0.0  1.0
4215528472510;4.403148072732226;0.04614827326800762;-0.9968891215267106  0.07858229261392916  0.00607475672291527  9.294356333360296  -0.0783697061283701  -0.9964836252068251  0.029640746549583707  5.5111246727290215  0.008382633420154911  0.02907246089003429  0.999542156927231  -3.6409098987544986  0.0  0.0  0.0  1.0
4215528472541;10.318454924319978;0.2853323129244707;-0.3572706527380496  0.9067572133061055  -0.2239398062191572  14.967621747068778  -0.9310234141458948  -0.36487328814621856  0.007930063649662714  19.741728419417992  -0.07451901102570244  0.21132638196569936  0.9745707143563462  5.950993420606169  0.0  0.0  0.0  1.0
4215528472572;7.24244761931414;0.09944638589933093;0.9266311079272058  0.3600393993498448  -0.10828859929559678  4.566298005109741  0.01471107817326539  0.25308174002843603  0.9673330434980291  2.6144001325249713  0.3756838750872595  -0.8979539318806855  0.2292168454094036  5.420106497326102  0.0  0.0  0.0  1.0
4215528472603;5.1560174420135;0.042676074762158483;-0.18594262368303327  0.9663637593957509  0.17766942681390593  3.595283931399718  -0.9488243197176184  -0.22357448488284307  0.22304004129700952  12.601094378442852  0.25526016338291047  -0.12710442256618532  0.9584814629161313  -5.613112559749608  0.0  0.0  0.0  1.0
4215528472634;2.054122432201142;0.04236185716597039;-0.8270151068407248  -0.04145161483094266  -0.5606494240478029  1.6700664668306384  -0.5600906964923075  -0.025140955160397056  0.8280497231908144  0.582819849112211  -0.048419260217262436  0.9988241566970292  -0.002424714103340017  -0.6531653757451151  0.0  0.0  0.0  1.0
4215528472665;3.1616134532515607;0.055667635339968394;-0.11321698074074663  -0.7896924729163385  0.6029657647754366  0.24744602870485544  0.008404275949481899  0.6060848851912156  0.7953555683394167  0.5014520382634677  -0.9935347419278884  0.09511524673799265  -0.061982307316333904  4.019308316170552  0.0  0.0  0.0  1.0
4215528472696;6.874583370600295;0.06351771245139795;-0.1448763768803999  -0.9876885773073094  0.05900940330721022  23.255643118997305  0.9883951006058386  -0.14171147499512413  0.0547081616679072  -13.371359303354497  -0.04567231678362671  0.06625052536675397  0.9967571957945656  1.1580207332837906  0.0  0.0  0.0  1.0
4215528472727;10.234961895922138;0.06854881518135406;0.8409203331544635  0.31043788568884273  -0.44326212607939564  2.5836849406608184  -0.05826576395355681  -0.7623973515552412  -0.6444807049807322  8.478671136577672  -0.5380130983891506  0.5677839355517151  -0.6230275342961273  7.865095676812549  0.0  0.0  0.0  1.0
4215528472758;6.7270965623001775;0.06958611614783985;-0.5437351498418046  -0.8387780087227054  -0.028346761890616183  9.956314839866529  0.8262928508676609  -0.5409443554494079  0.15690547763675605  -1.1948486050625906  -0.14694288492984048  0.06189229669835746  0.9872067322389463  -5.272316233154528  0.0  0.0  0.0  1.0
4215528472789;6.2551636084248825;0.1304416064976961;-0.47457283650779847  0.8599827191135316  -0.18764419968397592  1.6063646806189862  0.2940452279881832  0.35582450276517136  0.887088680532728  4.089663211752481  0.8296493396286895  0.365812309877642  -0.42173845828388024  -5.844483891416564  0.0  0.0  0.0  1.0
4215528472820;11.132084316276776;0.0463505195757555;0.1329275025149969  0.9879498860320425  0.07927989508318946  20.526494075425035  -0.9557624059525326  0.10659747489142724  0.2741444905785972  19.67349454897478  0.26238998159791227  -0.11221408572923244  0.9584150961462372  -0.8522473832440562  0.0  0.0  0.0  1.0
4215528472851;7.769777714220737;0.05744653646418855;-0.06595697078242123  -0.9378744798514298  -0.34064811469992884  3.933827556346919  0.9967890068457139  -0.07746387407416162  0.020273727949157203  1.437969746147036  -0.04540213471568116  -0.3382171022536139  0.939972253796051  7.251772361382314  0.0  0.0  0.0  1.0
4215528472882;7.042666088122157;0.3160023674078492;0.8635369105209948  0.4280274595564988  0.2666392657383124  3.284503928946462  -0.3801809945878752  0.20519243342976334  0.9018638902946206  6.3724798888063505  0.3313101500437775  -0.8801639387800338  0.3399191453113339  -2.871697624926682  0.0  0.0  0.0  1.0
4215528472913;11.695730771155905;0.29971080437103986;0.002107522699521608  0.5337681175673539  -0.8456282605357242  4.016271146553738  0.770719210119672  -0.5396795864763281  -0.3387297493478365  4.14254247340199  -0.6371714506320729  -0.6510280643792121  -0.4125227289375424  15.393768716835076  0.0  0.0  0.0  1.0
4215528472944;6.966974866703557;0.10910887884779552;0.6919511256618739  -0.4522612096301756  -0.562728565081885  7.617104250198976  0.35224325906494086  0.8918834380544639  -0.2836699126933608  -0.0840731699375219  0.6301811851670718  -0.001931628328804294  0.7764457113497529  -8.199247451252559  0.0  0.0  0.0  1.0
4215528472975;4.140007954611918;0.29286512532308123;-0.7741384540312001  0.580088668313728  -0.2533905895730702  15.663731601229207  0.5108652350005845  0.3361444715296792  -0.7912165354236659  -1.1155641139832921  -0.3737999005590831  -0.7419595886259824  -0.5565694953803897  12.234097996712311  0.0  0.0  0.0  1.0
4215528473006;2.4517018405060282;0.053266359857583594;0.10302891773294912  -0.9835883250803765  0.148118361037237  8.657961403234673  0.943590331350712  0.04953782766795098  -0.327388592060558  -2.349725363746475  0.3146781350717448  0.17349354568836386  0.9332082623467537  -1.8767444199712304  0.0  0.0  0.0  1.0
4215528473037;9.53731782294903;0.6115849125770046;-0.7512235152975913  -0.008876608495658033  0.6599882088988742  22.082049983735125  -0.10745210161161205  0.9882154618516468  -0.10901489263666682  3.0036948202882083  -0.6512428701515105  -0.15281167095137438  -0.743324503361669  19.35005705670812  0.0  0.0  0.0  1.0
4215528473068;7.896574012257276;0.04018420361167447;0.41460833783962003  -0.9067326572056823  -0.07704423762092433  4.157667151866533  0.8157024467324633  0.33277971002642204  0.473167182916782  -5.460994118898633  -0.4033973780139631  -0.2590242323634078  0.8775972894557089  -3.890006069194592  0.0  0.0  0.0  1.0
4215528473099;4.933808374600305;0.06822300348852336;0.38681866951290195  0.6972352592443568  0.6035182765937778  2.8549791279515224  -0.8746491151421969  0.4847562328157808  0.0005657978648803894  1.824854985115537  -0.2921647519760723  -0.5280855877721977  0.7973489635599044  5.566440224240728  0.0  0.0  0.0  1.0
