# registration_from_features.py RANSAC RANSAC_config.json euclidean True --input_txt=/neural_comparison/point_clouds_registration_benchmark//planetary/planetary_map_global.txt --input_pcd_dir=/neural_comparison/point_clouds_registration_benchmark//planetary/p2at_met/ --input_features_dir=/neural_comparison/experiments/FPFH/features_voxelgrid_0.2//planetary/planetary_map/ --output_dir=/root/neural_registration_comparison/results/FPFH/RANSAC_voxelgrid_0.2/
id;initial_error;final_error;transformation
25528382210030;15.683526663035371;15.683526663035371;1.0  0.0  0.0  0.0  0.0  1.0  0.0  0.0  0.0  0.0  1.0  0.0  0.0  0.0  0.0  1.0
25528382210061;9.694920160715437;9.694920160715437;1.0  0.0  0.0  0.0  0.0  1.0  0.0  0.0  0.0  0.0  1.0  0.0  0.0  0.0  0.0  1.0
25528382210092;12.399804628975684;12.399804628975684;1.0  0.0  0.0  0.0  0.0  1.0  0.0  0.0  0.0  0.0  1.0  0.0  0.0  0.0  0.0  1.0
25528382210123;6.953048353590656;6.953048353590656;1.0  0.0  0.0  0.0  0.0  1.0  0.0  0.0  0.0  0.0  1.0  0.0  0.0  0.0  0.0  1.0
25528382210154;10.183163861597526;10.183163861597526;1.0  0.0  0.0  0.0  0.0  1.0  0.0  0.0  0.0  0.0  1.0  0.0  0.0  0.0  0.0  1.0
25528382210185;7.249832144325139;7.249832144325139;1.0  0.0  0.0  0.0  0.0  1.0  0.0  0.0  0.0  0.0  1.0  0.0  0.0  0.0  0.0  1.0
25528382210216;9.448765572705636;9.448765572705636;1.0  0.0  0.0  0.0  0.0  1.0  0.0  0.0  0.0  0.0  1.0  0.0  0.0  0.0  0.0  1.0
25528382210247;9.372654796950922;9.372654796950922;1.0  0.0  0.0  0.0  0.0  1.0  0.0  0.0  0.0  0.0  1.0  0.0  0.0  0.0  0.0  1.0
25528382210278;17.919495398511156;17.919495398511156;1.0  0.0  0.0  0.0  0.0  1.0  0.0  0.0  0.0  0.0  1.0  0.0  0.0  0.0  0.0  1.0
25528382210309;18.244330532647695;18.244330532647695;1.0  0.0  0.0  0.0  0.0  1.0  0.0  0.0  0.0  0.0  1.0  0.0  0.0  0.0  0.0  1.0
25528382210340;8.030201317376237;8.030201317376237;1.0  0.0  0.0  0.0  0.0  1.0  0.0  0.0  0.0  0.0  1.0  0.0  0.0  0.0  0.0  1.0
25528382210371;14.777020539726172;97.61354447961504;-0.5584653393937762  0.7833479363996819  -0.2729147765038657  68.13118301905179  0.8173835315030403  0.4635645131629753  -0.34204108607533223  48.27272551502493  -0.1414235734360207  -0.4140941350397687  -0.8991804158244621  -59.78310749865117  0.0  0.0  0.0  1.0
25528382210402;6.835161306041792;6.835161306041792;1.0  0.0  0.0  0.0  0.0  1.0  0.0  0.0  0.0  0.0  1.0  0.0  0.0  0.0  0.0  1.0
25528382210433;17.430375538815767;17.430375538815767;1.0  0.0  0.0  0.0  0.0  1.0  0.0  0.0  0.0  0.0  1.0  0.0  0.0  0.0  0.0  1.0
25528382210464;9.567579060620492;9.567579060620492;1.0  0.0  0.0  0.0  0.0  1.0  0.0  0.0  0.0  0.0  1.0  0.0  0.0  0.0  0.0  1.0
25528382210495;9.764115823017264;9.764115823017264;1.0  0.0  0.0  0.0  0.0  1.0  0.0  0.0  0.0  0.0  1.0  0.0  0.0  0.0  0.0  1.0
25528382210526;4.636809275772577;4.636809275772577;1.0  0.0  0.0  0.0  0.0  1.0  0.0  0.0  0.0  0.0  1.0  0.0  0.0  0.0  0.0  1.0
25528382210557;6.91062999272005;6.91062999272005;1.0  0.0  0.0  0.0  0.0  1.0  0.0  0.0  0.0  0.0  1.0  0.0  0.0  0.0  0.0  1.0
25528382210588;6.684883534881991;6.684883534881991;1.0  0.0  0.0  0.0  0.0  1.0  0.0  0.0  0.0  0.0  1.0  0.0  0.0  0.0  0.0  1.0
25528382210619;3.0499892934791095;3.0499892934791095;1.0  0.0  0.0  0.0  0.0  1.0  0.0  0.0  0.0  0.0  1.0  0.0  0.0  0.0  0.0  1.0
25528382210650;9.772391176497468;9.772391176497468;1.0  0.0  0.0  0.0  0.0  1.0  0.0  0.0  0.0  0.0  1.0  0.0  0.0  0.0  0.0  1.0
25528382210681;21.011024087836613;21.011024087836613;1.0  0.0  0.0  0.0  0.0  1.0  0.0  0.0  0.0  0.0  1.0  0.0  0.0  0.0  0.0  1.0
25528382210712;9.118066866210063;9.118066866210063;1.0  0.0  0.0  0.0  0.0  1.0  0.0  0.0  0.0  0.0  1.0  0.0  0.0  0.0  0.0  1.0
25528382210743;20.13332180163335;51.45350513359482;0.24965913507956072  0.9683330616996727  0.0011823242631550219  34.79835623629378  -0.9632224305246537  0.2482158358326992  0.10291476170138367  9.225652230130587  0.09936229468718874  -0.026832451643710998  0.9946894761347805  16.87400069579922  0.0  0.0  0.0  1.0
25528382210774;20.739154808696746;20.739154808696746;1.0  0.0  0.0  0.0  0.0  1.0  0.0  0.0  0.0  0.0  1.0  0.0  0.0  0.0  0.0  1.0
25528382210805;7.825028269463657;7.825028269463657;1.0  0.0  0.0  0.0  0.0  1.0  0.0  0.0  0.0  0.0  1.0  0.0  0.0  0.0  0.0  1.0
25528382210836;18.891614934549192;18.891614934549192;1.0  0.0  0.0  0.0  0.0  1.0  0.0  0.0  0.0  0.0  1.0  0.0  0.0  0.0  0.0  1.0
25528382210867;11.40364716584565;11.40364716584565;1.0  0.0  0.0  0.0  0.0  1.0  0.0  0.0  0.0  0.0  1.0  0.0  0.0  0.0  0.0  1.0
25528382210898;8.960325021546454;8.960325021546454;1.0  0.0  0.0  0.0  0.0  1.0  0.0  0.0  0.0  0.0  1.0  0.0  0.0  0.0  0.0  1.0
25528382210929;20.960366730846324;20.960366730846324;1.0  0.0  0.0  0.0  0.0  1.0  0.0  0.0  0.0  0.0  1.0  0.0  0.0  0.0  0.0  1.0
25528382210960;12.492536214211547;12.492536214211547;1.0  0.0  0.0  0.0  0.0  1.0  0.0  0.0  0.0  0.0  1.0  0.0  0.0  0.0  0.0  1.0
25528382210991;21.169336560628633;21.169336560628633;1.0  0.0  0.0  0.0  0.0  1.0  0.0  0.0  0.0  0.0  1.0  0.0  0.0  0.0  0.0  1.0
25528382211022;20.78353201086023;20.78353201086023;1.0  0.0  0.0  0.0  0.0  1.0  0.0  0.0  0.0  0.0  1.0  0.0  0.0  0.0  0.0  1.0
25528382211053;13.710252605486271;13.710252605486271;1.0  0.0  0.0  0.0  0.0  1.0  0.0  0.0  0.0  0.0  1.0  0.0  0.0  0.0  0.0  1.0
25528382211084;8.456027515763575;8.456027515763575;1.0  0.0  0.0  0.0  0.0  1.0  0.0  0.0  0.0  0.0  1.0  0.0  0.0  0.0  0.0  1.0
25528382211115;8.58618635194452;8.58618635194452;1.0  0.0  0.0  0.0  0.0  1.0  0.0  0.0  0.0  0.0  1.0  0.0  0.0  0.0  0.0  1.0
25528382211146;12.191514888658181;12.191514888658181;1.0  0.0  0.0  0.0  0.0  1.0  0.0  0.0  0.0  0.0  1.0  0.0  0.0  0.0  0.0  1.0
25528382211177;18.082566832098863;18.082566832098863;1.0  0.0  0.0  0.0  0.0  1.0  0.0  0.0  0.0  0.0  1.0  0.0  0.0  0.0  0.0  1.0
25528382211208;15.216848440223977;15.216848440223977;1.0  0.0  0.0  0.0  0.0  1.0  0.0  0.0  0.0  0.0  1.0  0.0  0.0  0.0  0.0  1.0
25528382211239;11.671911420801475;11.671911420801475;1.0  0.0  0.0  0.0  0.0  1.0  0.0  0.0  0.0  0.0  1.0  0.0  0.0  0.0  0.0  1.0
25528382211270;18.471821681962687;18.471821681962687;1.0  0.0  0.0  0.0  0.0  1.0  0.0  0.0  0.0  0.0  1.0  0.0  0.0  0.0  0.0  1.0
25528382211301;9.301264776858527;61.824285068235;-0.3172040614550491  0.9483559805676408  0.001586668840687738  99.19203793750124  -0.8477918509075424  -0.28281700765022444  -0.4486240271302201  -22.42683667048897  -0.42500654222162865  -0.14365052838524991  0.8937191755598924  -24.41435997330538  0.0  0.0  0.0  1.0
25528382211332;18.114374089714;18.114374089714;1.0  0.0  0.0  0.0  0.0  1.0  0.0  0.0  0.0  0.0  1.0  0.0  0.0  0.0  0.0  1.0
25528382211363;14.154563908634087;14.154563908634087;1.0  0.0  0.0  0.0  0.0  1.0  0.0  0.0  0.0  0.0  1.0  0.0  0.0  0.0  0.0  1.0
25528382211394;15.624373069503454;15.624373069503454;1.0  0.0  0.0  0.0  0.0  1.0  0.0  0.0  0.0  0.0  1.0  0.0  0.0  0.0  0.0  1.0
25528382211425;8.428891844194663;8.428891844194663;1.0  0.0  0.0  0.0  0.0  1.0  0.0  0.0  0.0  0.0  1.0  0.0  0.0  0.0  0.0  1.0
25528382211456;7.093295871774291;7.093295871774291;1.0  0.0  0.0  0.0  0.0  1.0  0.0  0.0  0.0  0.0  1.0  0.0  0.0  0.0  0.0  1.0
25528382211487;10.502857338251829;10.502857338251829;1.0  0.0  0.0  0.0  0.0  1.0  0.0  0.0  0.0  0.0  1.0  0.0  0.0  0.0  0.0  1.0
25528382211518;5.90067579224309;5.90067579224309;1.0  0.0  0.0  0.0  0.0  1.0  0.0  0.0  0.0  0.0  1.0  0.0  0.0  0.0  0.0  1.0
25528382211549;9.273592136553932;9.273592136553932;1.0  0.0  0.0  0.0  0.0  1.0  0.0  0.0  0.0  0.0  1.0  0.0  0.0  0.0  0.0  1.0
25528382211580;4.164998600241185;4.164998600241185;1.0  0.0  0.0  0.0  0.0  1.0  0.0  0.0  0.0  0.0  1.0  0.0  0.0  0.0  0.0  1.0
25528382211611;11.572839674945431;11.572839674945431;1.0  0.0  0.0  0.0  0.0  1.0  0.0  0.0  0.0  0.0  1.0  0.0  0.0  0.0  0.0  1.0
25528382211642;5.72156680482253;5.72156680482253;1.0  0.0  0.0  0.0  0.0  1.0  0.0  0.0  0.0  0.0  1.0  0.0  0.0  0.0  0.0  1.0
25528382211673;14.291403794964067;14.291403794964067;1.0  0.0  0.0  0.0  0.0  1.0  0.0  0.0  0.0  0.0  1.0  0.0  0.0  0.0  0.0  1.0
25528382211704;21.73324130112813;21.73324130112813;1.0  0.0  0.0  0.0  0.0  1.0  0.0  0.0  0.0  0.0  1.0  0.0  0.0  0.0  0.0  1.0
25528382211735;15.219178573330824;98.46882066574979;-0.9183214886468152  -0.2085892982750656  -0.33641662880216533  -30.70797368596707  0.29514631737577823  -0.9271576246295294  -0.23079729294522894  -88.51091161494456  -0.26376939706685976  -0.3112382427280508  0.9129931332899178  -47.18902427721993  0.0  0.0  0.0  1.0
25528382211766;8.120431397107039;8.120431397107039;1.0  0.0  0.0  0.0  0.0  1.0  0.0  0.0  0.0  0.0  1.0  0.0  0.0  0.0  0.0  1.0
25528382211797;10.704272615652533;10.704272615652533;1.0  0.0  0.0  0.0  0.0  1.0  0.0  0.0  0.0  0.0  1.0  0.0  0.0  0.0  0.0  1.0
25528382211828;14.19066388465987;14.19066388465987;1.0  0.0  0.0  0.0  0.0  1.0  0.0  0.0  0.0  0.0  1.0  0.0  0.0  0.0  0.0  1.0
25528382211859;15.636492466966827;15.636492466966827;1.0  0.0  0.0  0.0  0.0  1.0  0.0  0.0  0.0  0.0  1.0  0.0  0.0  0.0  0.0  1.0
25528382211890;12.685237572837845;12.685237572837845;1.0  0.0  0.0  0.0  0.0  1.0  0.0  0.0  0.0  0.0  1.0  0.0  0.0  0.0  0.0  1.0
25528382211921;17.65776473630698;17.65776473630698;1.0  0.0  0.0  0.0  0.0  1.0  0.0  0.0  0.0  0.0  1.0  0.0  0.0  0.0  0.0  1.0
25528382211952;5.3309939895303184;5.3309939895303184;1.0  0.0  0.0  0.0  0.0  1.0  0.0  0.0  0.0  0.0  1.0  0.0  0.0  0.0  0.0  1.0
25528382211983;5.937684277188093;5.937684277188093;1.0  0.0  0.0  0.0  0.0  1.0  0.0  0.0  0.0  0.0  1.0  0.0  0.0  0.0  0.0  1.0
25528382212014;5.706074287891998;5.706074287891998;1.0  0.0  0.0  0.0  0.0  1.0  0.0  0.0  0.0  0.0  1.0  0.0  0.0  0.0  0.0  1.0
25528382212045;13.03254592804802;13.03254592804802;1.0  0.0  0.0  0.0  0.0  1.0  0.0  0.0  0.0  0.0  1.0  0.0  0.0  0.0  0.0  1.0
25528382212076;6.239869401775077;6.239869401775077;1.0  0.0  0.0  0.0  0.0  1.0  0.0  0.0  0.0  0.0  1.0  0.0  0.0  0.0  0.0  1.0
25528382212107;9.253104797075562;9.253104797075562;1.0  0.0  0.0  0.0  0.0  1.0  0.0  0.0  0.0  0.0  1.0  0.0  0.0  0.0  0.0  1.0
25528382212138;13.001581628756192;13.001581628756192;1.0  0.0  0.0  0.0  0.0  1.0  0.0  0.0  0.0  0.0  1.0  0.0  0.0  0.0  0.0  1.0
25528382212169;16.977214459145614;16.977214459145614;1.0  0.0  0.0  0.0  0.0  1.0  0.0  0.0  0.0  0.0  1.0  0.0  0.0  0.0  0.0  1.0
25528382212200;12.284350643893093;59.40236034559491;1.0  0.0  0.0  -17.248936500788556  0.0  1.0  0.0  -54.9646392764357  0.0  0.0  1.0  -10.00297690882374  0.0  0.0  0.0  1.0
25528382212231;9.397506716358016;9.397506716358016;1.0  0.0  0.0  0.0  0.0  1.0  0.0  0.0  0.0  0.0  1.0  0.0  0.0  0.0  0.0  1.0
25528382212262;16.50683836669155;16.50683836669155;1.0  0.0  0.0  0.0  0.0  1.0  0.0  0.0  0.0  0.0  1.0  0.0  0.0  0.0  0.0  1.0
25528382212293;13.349273618262057;13.349273618262057;1.0  0.0  0.0  0.0  0.0  1.0  0.0  0.0  0.0  0.0  1.0  0.0  0.0  0.0  0.0  1.0
25528382212324;12.545894920084725;12.545894920084725;1.0  0.0  0.0  0.0  0.0  1.0  0.0  0.0  0.0  0.0  1.0  0.0  0.0  0.0  0.0  1.0
25528382212355;12.823791017106068;12.823791017106068;1.0  0.0  0.0  0.0  0.0  1.0  0.0  0.0  0.0  0.0  1.0  0.0  0.0  0.0  0.0  1.0
25528382212386;16.104432155396697;16.104432155396697;1.0  0.0  0.0  0.0  0.0  1.0  0.0  0.0  0.0  0.0  1.0  0.0  0.0  0.0  0.0  1.0
25528382212417;9.853473476029952;9.853473476029952;1.0  0.0  0.0  0.0  0.0  1.0  0.0  0.0  0.0  0.0  1.0  0.0  0.0  0.0  0.0  1.0
25528382212448;10.900268136326943;10.900268136326943;1.0  0.0  0.0  0.0  0.0  1.0  0.0  0.0  0.0  0.0  1.0  0.0  0.0  0.0  0.0  1.0
25528382212479;11.26380918649009;11.26380918649009;1.0  0.0  0.0  0.0  0.0  1.0  0.0  0.0  0.0  0.0  1.0  0.0  0.0  0.0  0.0  1.0
25528382212510;10.577823908438841;10.577823908438841;1.0  0.0  0.0  0.0  0.0  1.0  0.0  0.0  0.0  0.0  1.0  0.0  0.0  0.0  0.0  1.0
25528382212541;12.4785018390389;12.4785018390389;1.0  0.0  0.0  0.0  0.0  1.0  0.0  0.0  0.0  0.0  1.0  0.0  0.0  0.0  0.0  1.0
25528382212572;13.17354424027735;13.17354424027735;1.0  0.0  0.0  0.0  0.0  1.0  0.0  0.0  0.0  0.0  1.0  0.0  0.0  0.0  0.0  1.0
25528382212603;6.049856593200579;6.049856593200579;1.0  0.0  0.0  0.0  0.0  1.0  0.0  0.0  0.0  0.0  1.0  0.0  0.0  0.0  0.0  1.0
25528382212634;5.22985118888438;91.59754918989331;0.3628331565332231  0.4656129993632727  0.8071905817984216  55.10771135896863  0.6969999378416468  -0.7105401599246874  0.09655965919026596  -82.31596088693989  0.6185007576138271  0.5275767394020862  -0.5823397606835592  64.06541015665641  0.0  0.0  0.0  1.0
25528382212665;14.028454806891109;14.028454806891109;1.0  0.0  0.0  0.0  0.0  1.0  0.0  0.0  0.0  0.0  1.0  0.0  0.0  0.0  0.0  1.0
25528382212696;4.140656319801549;4.140656319801549;1.0  0.0  0.0  0.0  0.0  1.0  0.0  0.0  0.0  0.0  1.0  0.0  0.0  0.0  0.0  1.0
25528382212727;6.813729438443701;6.813729438443701;1.0  0.0  0.0  0.0  0.0  1.0  0.0  0.0  0.0  0.0  1.0  0.0  0.0  0.0  0.0  1.0
25528382212758;8.119755599812619;8.119755599812619;1.0  0.0  0.0  0.0  0.0  1.0  0.0  0.0  0.0  0.0  1.0  0.0  0.0  0.0  0.0  1.0
25528382212789;14.49002705766472;14.49002705766472;1.0  0.0  0.0  0.0  0.0  1.0  0.0  0.0  0.0  0.0  1.0  0.0  0.0  0.0  0.0  1.0
25528382212820;6.569850259432595;6.569850259432595;1.0  0.0  0.0  0.0  0.0  1.0  0.0  0.0  0.0  0.0  1.0  0.0  0.0  0.0  0.0  1.0
25528382212851;11.42180800956712;11.42180800956712;1.0  0.0  0.0  0.0  0.0  1.0  0.0  0.0  0.0  0.0  1.0  0.0  0.0  0.0  0.0  1.0
25528382212882;29.01962600839923;29.01962600839923;1.0  0.0  0.0  0.0  0.0  1.0  0.0  0.0  0.0  0.0  1.0  0.0  0.0  0.0  0.0  1.0
25528382212913;4.000226151736474;4.000226151736474;1.0  0.0  0.0  0.0  0.0  1.0  0.0  0.0  0.0  0.0  1.0  0.0  0.0  0.0  0.0  1.0
25528382212944;10.14110014173418;10.14110014173418;1.0  0.0  0.0  0.0  0.0  1.0  0.0  0.0  0.0  0.0  1.0  0.0  0.0  0.0  0.0  1.0
25528382212975;20.06496742865844;20.06496742865844;1.0  0.0  0.0  0.0  0.0  1.0  0.0  0.0  0.0  0.0  1.0  0.0  0.0  0.0  0.0  1.0
25528382213006;18.17453748105815;33.16040250732223;-0.0241042404347987  0.6636626545800478  0.7476435424109718  13.58157090524061  -0.9990898688724403  -0.04231757416755376  0.005353207732186856  -21.554076186039858  0.03519118511093048  -0.7468340537444301  0.6640786675222674  -17.28620035889622  0.0  0.0  0.0  1.0
25528382213037;5.701290745392533;5.701290745392533;1.0  0.0  0.0  0.0  0.0  1.0  0.0  0.0  0.0  0.0  1.0  0.0  0.0  0.0  0.0  1.0
25528382213068;4.547083976710081;4.547083976710081;1.0  0.0  0.0  0.0  0.0  1.0  0.0  0.0  0.0  0.0  1.0  0.0  0.0  0.0  0.0  1.0
25528382213099;3.400518070650358;3.400518070650358;1.0  0.0  0.0  0.0  0.0  1.0  0.0  0.0  0.0  0.0  1.0  0.0  0.0  0.0  0.0  1.0
25528382213130;4.188278019443553;4.188278019443553;1.0  0.0  0.0  0.0  0.0  1.0  0.0  0.0  0.0  0.0  1.0  0.0  0.0  0.0  0.0  1.0
25528382213161;10.413101164301901;44.92464092979633;0.7241313808409577  0.39715440758291826  -0.5638280942085359  31.474452875578464  0.6283071424506251  -0.7170001930249127  0.3018954420784934  -5.531118768363621  -0.2843657469297211  -0.5728691820474372  -0.7687372907784569  -23.46722733976585  0.0  0.0  0.0  1.0
