# registration_from_features.py RANSAC RANSAC_config.json euclidean True --input_txt=/neural_comparison/point_clouds_registration_benchmark//eth/stairs_global.txt --input_pcd_dir=/neural_comparison/point_clouds_registration_benchmark//eth/stairs/ --input_features_dir=/neural_comparison/experiments/FPFH/features_voxelgrid_0.2//eth/stairs/ --output_dir=/root/neural_registration_comparison/results/FPFH/RANSAC_voxelgrid_0.2/
id;initial_error;final_error;transformation
5494384560030;1.9653997219596564;0.06931230839914379;-0.22426611534193003  -0.9662370939829955  0.1268486804059771  9.285461930941718  0.9548732001538197  -0.19186341815333852  0.22672803179695583  -9.538317835454011  -0.19473541315704326  0.17197182032476904  0.9656623695043425  2.393211021412317  0.0  0.0  0.0  1.0
5494384560061;3.2470421696666185;0.46509219443940897;0.30268542948867616  -0.07505135285269865  0.9501309516115324  4.0087497594881  -0.9458965624129403  -0.1459082599308686  0.28981109864760024  3.552707559288815  0.11688123883086968  -0.9864471978362175  -0.11515512099092887  -1.963466477378164  0.0  0.0  0.0  1.0
5494384560092;2.297685819693392;0.17108642604272598;-0.9990675325034368  -0.040921646827552116  -0.013765330305323953  18.206866473795273  0.014671663248771978  -0.6216396889820686  0.7831659079529646  -1.2032828350336375  -0.0406055143423675  0.7822336709086344  0.6216604187993584  2.759940578808672  0.0  0.0  0.0  1.0
5494384560123;8.759025089926762;1.633145705019736;-0.5669128741404043  0.697304874624109  -0.4386065491523367  13.6340494380321  -0.5885573387660024  0.029677322689519392  0.80791058632912  2.046409846846231  0.5763766582006479  0.7161600158787401  0.3935794450146189  6.836061423698986  0.0  0.0  0.0  1.0
5494384560154;2.6625673868786452;0.2802811724043343;-0.8412648159812496  0.3182369313780546  -0.437034054621735  10.908292213917601  0.531885355594917  0.3424513991429187  -0.7744837039788027  -1.66795606608425  -0.09680639387820791  -0.8839979042577744  -0.45735787669194067  3.2047542142076506  0.0  0.0  0.0  1.0
5494384560185;6.621620892396294;0.10323986583096015;0.689132560767095  0.7244569348098829  0.01607679372432534  -2.868376779223336  -0.7223859178399774  0.6885710344987622  -0.06347059284264411  5.237435524280016  -0.057051725627529803  0.032126002788586294  0.9978542080623543  8.32977859275049  0.0  0.0  0.0  1.0
5494384560216;5.2200031515621825;0.10243562567216691;-0.42301257610789744  0.82821227521265  0.367593236664722  7.0730225904336415  -0.859626449681229  -0.2385166291549331  -0.45183203142873074  2.019530024435995  -0.28653573505412167  -0.5071235005436585  0.8128487114668632  6.740802352866664  0.0  0.0  0.0  1.0
5494384560247;8.503686109037535;0.17598271245272742;0.701824293871475  0.7001203976082968  0.1314309300910848  2.373812455797924  -0.529562817247712  0.3893766808898645  0.7536239267485209  6.976221565089587  0.4764513439171656  -0.5985125138474497  0.6440317442855854  4.794122426179516  0.0  0.0  0.0  1.0
5494384560278;5.489767218869771;0.15635093362236718;0.16672049692898178  0.5462494452872266  -0.8208628505585757  6.084870848150228  -0.8351485049056874  0.5207871674240893  0.17693982310432071  -3.2105160512332116  0.5241481190060204  0.6560428871421374  0.5430253028843688  -0.03440949761716183  0.0  0.0  0.0  1.0
5494384560309;6.344090179496548;0.042116296011303955;-0.5482994172534807  -0.8335684929710935  0.0673150545226997  -1.8569165318333818  -0.30734397777899497  0.12599272158070118  -0.9432208190194237  4.5897043610519415  0.7777579497263133  -0.5378563020311176  -0.32527399220185726  -0.9123572927977288  0.0  0.0  0.0  1.0
5494384560340;11.288142510784303;0.15186622181189036;-0.8592511526299337  0.18733607249815232  0.47601749195286674  9.727424093370846  -0.3495612573383884  0.4643672585698279  -0.81373827274889  8.895212752730963  -0.37348946982764514  -0.8656028218006853  -0.33352266912243733  -2.1118660441415305  0.0  0.0  0.0  1.0
5494384560371;4.893298023722126;7.148146501131569;-0.21608234365335116  0.3239804717699413  0.9210564991752687  2.5634077499623054  0.29744886938030224  0.9203448603852765  -0.25394784517059077  1.616645582301261  -0.9299637578237417  0.2190935687648832  -0.2952378994306326  6.835728284128768  0.0  0.0  0.0  1.0
5494384560402;1.640061358821845;0.11539062625220046;0.5494902610242252  -0.8317113317388075  0.07947775598737042  0.6112384865546652  0.8176459160976952  0.5157489506215504  -0.2558479544994068  -2.130756190406614  0.171801073711109  0.2055706219040756  0.9634443992684167  0.980141751149882  0.0  0.0  0.0  1.0
5494384560433;4.064579359510598;0.058592477919543494;0.1366684511516332  0.900991130063085  -0.4117483673403667  9.254622184757235  -0.9629739126899554  0.2183403093196931  0.15814155938518515  9.116481192247885  0.23238540818737086  0.37488997435757687  0.897471185714485  4.912368215872368  0.0  0.0  0.0  1.0
5494384560464;8.086453804333049;0.21888488798987749;-0.8465492987198433  -0.3267834825572973  0.4201985725400155  1.2545370699414025  0.43764999312393393  -0.8766280573682136  0.19996432820243826  2.730849523882138  0.3030128187974271  0.35317956419158364  0.8851256560974163  -5.099398263230606  0.0  0.0  0.0  1.0
5494384560495;3.79668680245774;0.08394231992818173;0.6921355476449449  0.7127815924607441  0.11353759348937169  4.116062946035852  -0.7005256083729855  0.7012845871152231  -0.13215067116095422  -0.3817169613909449  -0.17381673020711114  0.011930185403287288  0.9847057504535819  -0.6637521083010736  0.0  0.0  0.0  1.0
5494384560526;3.919459476654856;0.04074383722213912;0.6717122554644643  -0.025601784276041928  -0.7403696336970638  -0.5049104614941022  -0.5998588560799794  0.5676532809090615  -0.5638608919366505  11.17917639600408  0.43470909657063767  0.8228695530368468  0.36594220861179616  -4.15015145525129  0.0  0.0  0.0  1.0
5494384560557;4.769841275602151;0.06707942977430871;-0.9483043861331428  -0.12233578346232721  0.2928357002233537  7.197869754430913  -0.16425569185068845  -0.6003217622777446  -0.7827093007179577  -3.221336810433387  0.2715489991425024  -0.7903465934768124  0.5491934115084625  3.509697639714697  0.0  0.0  0.0  1.0
5494384560588;4.0033637514024445;0.06858874879467841;0.3516274465906082  0.7469982913691398  -0.5642266313244657  9.646875361838902  -0.6788718293449273  0.6184783717409721  0.39574934366402637  2.371255501284723  0.6445860517619354  0.24388123416987523  0.7245900672060981  -7.511998717750844  0.0  0.0  0.0  1.0
5494384560619;2.5680413302481218;0.42949287957453175;-0.0894351477163213  -0.9090133341299034  -0.4070578739282607  5.002688866998505  -0.5744499590151216  -0.2867906580614893  0.7666540047741104  -0.7011801165843543  -0.8136391085367537  0.3024001931591539  -0.4965335076677321  4.371844781673982  0.0  0.0  0.0  1.0
5494384560650;2.1252762310053015;0.03452900910847518;-0.08594825725773525  0.9751258540451686  0.20430973018199158  10.715883432734955  -0.9962123806086505  -0.08682773344885107  -0.004673053196857069  10.18337899461318  0.013182935803665252  -0.20393752346445543  0.9788951408229487  -2.2432322584324202  0.0  0.0  0.0  1.0
5494384560681;5.499161925361485;0.025235755809221154;0.7691614367211737  0.27315451924189293  0.577734621499137  1.7589908735688375  -0.26506697982184096  -0.6862451704980611  0.6773529819645107  -2.863872550398203  0.5814896219788867  -0.6741321640344852  -0.4554290778431199  -10.184304782918792  0.0  0.0  0.0  1.0
5494384560712;3.9543429907625507;0.057464709575719974;-0.07160930341558011  0.9830400731285025  0.16883223118778307  3.6082335348540813  -0.7608835712527795  -0.16328369165616918  0.6280084609595239  -2.7032991997640035  0.6449250333658575  -0.08349042258033273  0.7596716729452313  -1.410100710279619  0.0  0.0  0.0  1.0
5494384560743;2.252255054334342;0.09786187226310665;0.4983242964781518  0.8649905631237261  0.05885763541338196  3.120847491026482  -0.8633253007559433  0.5013086196909262  -0.057957681960534455  11.263649598702488  -0.07963868792374272  -0.021931564706553608  0.9965825032857578  -1.6792974989902314  0.0  0.0  0.0  1.0
5494384560774;4.093777341873709;0.20207215968183823;0.11045612074783524  0.18990898369071202  -0.9755685641219177  8.439634714575616  0.8901988379650791  -0.45541047403604873  0.01213791678519305  -3.9554064902648705  -0.4419790428006308  -0.8697907093386443  -0.21935963091055577  3.233508209008515  0.0  0.0  0.0  1.0
5494384560805;2.4081201720064747;0.03741800846515652;0.6131261649660036  -0.6521277169631063  -0.4458763804044436  3.7549910706487957  0.6959470343746098  0.712954788849445  -0.08575076910342933  -8.027105848557811  0.37381015392745426  -0.2577303044368865  0.8909775861353657  -1.0992558014288116  0.0  0.0  0.0  1.0
5494384560836;2.3977526989083033;0.14624048457167027;-0.9235857522653905  0.3746468119340201  -0.08141943576351526  16.165704613858093  -0.3503719906521852  -0.9110088686136438  -0.2174909411302336  2.8822441532608956  -0.15565611577705282  -0.17234444468843396  0.9726605605277912  3.701266234166159  0.0  0.0  0.0  1.0
5494384560867;5.82100797182095;0.11804709847661443;-0.0588181996346744  0.24922215933830533  0.9666585408956403  1.9152884046479908  -0.6052977503657431  -0.7789235288770688  0.16399015081359386  0.6279679619966618  0.7938230613895684  -0.5754706347472883  0.1966684920104055  5.676205811154199  0.0  0.0  0.0  1.0
5494384560898;7.426959109966299;0.10172724012208435;0.6718943770014939  0.49361941836365747  -0.5521755300337939  6.900462923577329  -0.7149497420690916  0.6269398685979704  -0.30950487472364774  8.167144604649476  0.19340323800059744  0.6027323377558949  0.7741504482684226  -5.443251887510334  0.0  0.0  0.0  1.0
5494384560929;3.2277640385532322;0.03999352274449631;0.07384166291982984  -0.9682234573116606  0.23893669774375065  8.2264185788183  0.9910068191729193  0.04443097350832637  -0.12621954264643126  -8.257771060829427  0.11159253187380525  0.24610815773670885  0.9627969056480381  -6.452556527572026  0.0  0.0  0.0  1.0
5494384560960;7.03502339552627;0.11411274081775719;-0.9431173693369149  0.29128119822635407  -0.16026506548476804  14.449299231845156  -0.33244839569528933  -0.8222519355184751  0.461930534534956  5.95488104513042  0.0027734193058365497  0.4889345744534141  0.8723160494049235  1.2018349497312921  0.0  0.0  0.0  1.0
5494384560991;7.791752238870199;0.1966921332436512;-0.47742457117189047  -0.8331450433755861  0.2791686148907681  10.021136303413591  -0.644263547752661  0.11587779395758951  -0.7559740854716367  11.131638509488049  0.5974866189953477  -0.5407787658240808  -0.5920878875262463  -6.001088837107527  0.0  0.0  0.0  1.0
5494384561022;4.731288337239354;0.14917820961434933;0.2810222527863861  -0.29399654276759934  0.9135603572176082  3.173407978395824  0.8430004333362322  -0.3793300163522856  -0.3813908862166211  -7.122248285223503  0.45866846723291266  0.8773111030500376  0.14123903720762435  2.256657762245833  0.0  0.0  0.0  1.0
5494384561053;4.703195918816284;0.24811630512597;-0.4459025472524641  -0.8521997654296354  0.2737270139307374  2.8115398300140164  0.7587131892719645  -0.19760821186799776  0.6207296440698611  -8.255797135827825  -0.47489495130873727  0.4844652251751478  0.7346892069558837  0.12005144744221985  0.0  0.0  0.0  1.0
5494384561084;7.769594886748286;0.14120856233729964;-0.5924461196249345  -0.45650418922731095  -0.6637857489877845  17.24352233814458  0.6953658215747337  -0.70582008115499  -0.13521977379088662  -2.7468374271669047  -0.4067849180181751  -0.541684352973463  0.7355977788279873  0.4673221088457611  0.0  0.0  0.0  1.0
5494384561115;2.7618695788486547;0.03265661371313237;0.3885193737920233  -0.8136894231503035  -0.43239127979363934  11.523591836017694  -0.1986480124534206  -0.5321854150755466  0.8229931051528769  1.1300601031343307  -0.8997731177005457  -0.2338550975159508  -0.36840213086957685  15.481948257609698  0.0  0.0  0.0  1.0
5494384561146;4.978157980828911;0.1657212993824957;-0.7890932683971461  0.608957037651245  -0.08064204899016165  17.210189127019447  0.4566882854044376  0.4937850374968525  -0.7400082071967765  -4.087462034128617  -0.41081336850772737  -0.620763773942434  -0.667745994533911  4.16888684869369  0.0  0.0  0.0  1.0
5494384561177;7.540163639644457;0.08683737559043109;0.6415848100323186  -0.5998380880555547  -0.47808283764808907  -1.0076979617765325  0.7444299469312651  0.6371777383697895  0.19957099949109464  -4.822983714565327  0.1849134544799465  -0.4839409032555694  0.8553409942873522  5.1987648585416455  0.0  0.0  0.0  1.0
5494384561208;2.258030642572619;0.024426989288401462;-0.29452959042375504  -0.9512414045930543  -0.09160846332434991  2.6394030707065816  0.7583136797093141  -0.29097288048522485  0.5833482201805801  -1.3359253360746024  -0.5815605587817445  0.10234536144820933  0.8070394931225493  -1.6214509442999638  0.0  0.0  0.0  1.0
5494384561239;3.8492329696698255;0.16171305482620457;-0.4629961695521599  0.7881551799415364  -0.4055193698349696  12.985751097643202  0.7348919928208084  0.5971300899505326  0.32151114220743493  -10.477166025176405  0.4955484899259485  -0.14915451051507717  -0.8556778752107118  -3.867404934366196  0.0  0.0  0.0  1.0
5494384561270;9.123550834747231;1.5886568746447602;0.4317010910719789  0.897024978223946  0.09476474243932734  1.8775814956784567  -0.8780220331342147  0.3938211011242177  0.2719967824077477  7.561957729281097  0.20666755260108446  -0.20062683955951077  0.9576206941948571  -8.198033418419715  0.0  0.0  0.0  1.0
5494384561301;4.160514649695006;0.06857952528919012;-0.21006957227841067  0.574092747630978  0.7913837829525437  5.014933577297652  -0.15518552158502083  -0.8187629207422581  0.5527610093955545  2.5820541209752963  0.9652917842254485  -0.006693036315511269  0.2610880590370401  -3.2834758404185176  0.0  0.0  0.0  1.0
5494384561332;6.482396831003189;0.2615642023357927;-0.8028945448717495  0.571294869507158  -0.17024253842675818  5.789527968752775  -0.5731845547088836  -0.8183072842322675  -0.0428095178154298  2.7176931483591455  -0.16376756717483854  0.06320886525805258  0.9844718499248337  -4.9189710619909235  0.0  0.0  0.0  1.0
5494384561363;2.945345827521586;0.229098639206317;-0.4501633969975596  -0.8602046303455148  -0.2395848700059246  4.374515673021541  0.6961664736840886  -0.1700657358641916  -0.6974452569221715  -2.1744748195874863  0.5592004621974844  -0.4807552801760048  0.6754029935238755  -4.679209701005892  0.0  0.0  0.0  1.0
5494384561394;1.7737978589250467;0.023935744140993274;0.14455241238031788  0.9887299274529883  -0.03895806250109009  1.4698138485966799  -0.1664629524285125  -0.014511269916006198  -0.9859409254687669  2.7937047712244834  -0.9753946306720239  0.14900521334581945  0.16248926380519302  1.3449418368428185  0.0  0.0  0.0  1.0
5494384561425;2.0770362960670123;0.141092818644639;0.5299688885354146  -0.6037860524869523  -0.5954623245905328  4.164819941143007  -0.3429205140243348  0.4896225434319553  -0.8016703100555173  2.7536343265981786  0.7755891297883328  0.6290565696226742  0.052434091664966404  -3.217159151569894  0.0  0.0  0.0  1.0
5494384561456;3.2026873730298178;0.2589881479914091;-0.11514162831035415  -0.9813359279397821  -0.15402013493244668  1.3922258168091393  0.9906528632915735  -0.12485663287352615  0.05493383001114141  -3.6465950851479922  -0.07313897649166096  -0.14625531703857575  0.9865394428788432  3.66712065105186  0.0  0.0  0.0  1.0
5494384561487;2.7650958552301788;0.2358748343150408;0.4895086574832462  -0.8698959084892535  0.060517622578946495  1.6537782457862837  0.843135282516733  0.489872774948218  0.2216924891374624  -5.489759939693667  -0.22249532494949414  -0.05749584992145709  0.9732368969667303  -1.3889986239515903  0.0  0.0  0.0  1.0
5494384561518;5.145762913418466;3.078417957020174;-0.07321195667520253  -0.6827827891041302  0.7269440640812552  3.939150284890427  -0.9676045268149558  -0.12796352707247746  -0.21763918632998133  8.355147619563462  0.24162261708497704  -0.7193281578267008  -0.651295257368462  2.1780739384917496  0.0  0.0  0.0  1.0
5494384561549;4.6377896203071325;0.06447574872167879;-0.965662018061412  -0.25980152323648786  0.000188142399664918  5.317675199028169  0.2537235549063318  -0.942914461204499  0.2157236114502129  0.7921061931221746  -0.055867920663432255  0.20836383413498039  0.9764544475116668  -4.820049075864842  0.0  0.0  0.0  1.0
5494384561580;4.567914726536869;0.1153319857161588;-0.5482252936046244  0.33027668269244104  -0.7683530050190474  12.865741805547238  -0.7706918361430508  0.15726785145945438  0.6174956814422108  -0.6859603161473393  0.32478165150540284  0.930690139502404  0.16832332897854516  0.34255718588342265  0.0  0.0  0.0  1.0
5494384561611;3.9710273671971175;0.11811476229095821;-0.31068793854140475  0.6521452788022852  0.6915052712603004  12.220238357679124  -0.8106662630493605  -0.5616458570540663  0.16545132579580185  3.2410794164141867  0.49627937172370673  -0.509176262791082  0.7031687696503802  -4.417581560355752  0.0  0.0  0.0  1.0
5494384561642;3.9300328799679396;0.06303563993973947;-0.4431516031123591  0.12690186180544155  0.8874190521558898  4.5744049663302215  0.5480703984286246  0.8217210641124153  0.15618364562350268  -5.116347054539725  -0.7093909324379852  0.5555811464262188  -0.4336981608336532  8.947739024325262  0.0  0.0  0.0  1.0
5494384561673;1.856504570527757;0.050520337025832265;0.29089904703808006  0.3435937605948079  -0.8929283689706891  3.0559823082248108  -0.9555637334044352  0.05780472887379248  -0.28906152411209074  0.5776152332454767  -0.047704253840871666  0.9373376878159471  0.3451410771921256  -0.13296925009996974  0.0  0.0  0.0  1.0
5494384561704;3.161923902897827;1.9828859089307684;0.5234647800031664  -0.8440957788302009  0.11613328660325042  0.6375166856864531  -0.8515763258400252  -0.5137617310764899  0.10424320097776982  -0.8077647457377579  -0.028326407556195726  -0.15346400177997677  -0.9877481535252979  0.4490445971706074  0.0  0.0  0.0  1.0
5494384561735;3.569181629467939;0.1273618600671891;-0.00458832017393373  0.18653028636394497  -0.9824384965925178  9.495418335474803  0.9999725846976053  0.006565724334365225  -0.0034236117122228363  -9.888547111833562  0.005811813071014638  -0.9824272713707358  -0.18655529822515826  -0.3165343530716509  0.0  0.0  0.0  1.0
5494384561766;3.9022771741523186;0.0598999356711665;-0.05456157717414245  -0.8561124533570269  0.5139012565690833  14.693312138366956  0.519928523652072  0.4150323082179304  0.7466073355039271  -2.931783029575279  -0.8524654624025818  0.3079279953857862  0.4224724666394773  10.52518248713697  0.0  0.0  0.0  1.0
5494384561797;1.7821658772718727;0.04502600541980398;0.291445505726758  -0.8064004795242349  0.5145656263439665  4.759074237740682  -0.6116915846240306  -0.5706736125635221  -0.5478731908241551  9.781971532585601  0.7354542286857941  -0.15508028419751932  -0.659588646780249  -0.43319447552351154  0.0  0.0  0.0  1.0
5494384561828;3.031970333042847;0.07996399192946758;-0.43590308103289077  0.23856991309782033  0.8677977301828645  4.402928445409902  -0.7737496588165665  -0.5918215798657254  -0.22596168499655805  1.1462338563163559  0.4596737641276476  -0.7699555923361653  0.4425702389485592  0.14443829983593304  0.0  0.0  0.0  1.0
5494384561859;3.9115043062921147;0.05432024233569095;-0.308376456521461  -0.23335675124529848  0.9221976944839476  -2.01293366592209  0.08276754050111546  -0.9723496530501237  -0.21837052560430686  -4.23201804893071  0.947656844697839  0.00898770613365013  0.319164104867373  3.9632857239441686  0.0  0.0  0.0  1.0
5494384561890;2.700280821168816;0.12292642442875175;-0.7307336062939557  0.3845369147264987  0.5640565200804398  5.036770101214178  -0.6779987888031144  -0.31238383072000364  -0.6653825851990774  5.468829853469397  -0.07966202993987248  -0.8686470534787545  0.48898492560460116  -0.06568532046702513  0.0  0.0  0.0  1.0
5494384561921;4.363288827751439;0.17152827950922647;-0.1556653245269155  0.42046032525151456  0.8938576070210069  -0.13825150203873005  -0.3265723016392506  -0.8759118918839186  0.35514629303764  3.110942123945958  0.9322654335230781  -0.2366251731023679  0.2736598050724699  -2.896393124136415  0.0  0.0  0.0  1.0
5494384561952;5.900960080460973;0.07831774333650973;-0.11841851727286923  0.7804431119370013  0.6139100942295895  6.071766570318767  -0.13974320715732674  -0.6252056895197267  0.7678474339642923  5.304500774544633  0.9830813246218647  0.005137589147929333  0.18309755420940896  -3.592978322940935  0.0  0.0  0.0  1.0
5494384561983;1.9280359265963185;0.09350502604072675;0.5538136768522557  0.7903967247782209  0.26184619300506695  2.2371536265829115  -0.7793886300516136  0.6027522363571449  -0.17100615460482257  2.148545229130253  -0.29299108293197856  -0.10937439840438754  0.9498386527700506  -0.27819898015886046  0.0  0.0  0.0  1.0
5494384562014;2.290467177188447;0.10356168085256927;-0.244526169145629  -0.9608048483778489  0.13061774740280185  3.85088503334045  0.9604858396901408  -0.25847835027390875  -0.10322739071779125  -4.457705632846229  0.13294323735221875  0.10021469838949487  0.9860441723721176  1.4766747143821126  0.0  0.0  0.0  1.0
5494384562045;2.843775395138052;0.08248798696557932;-0.6946993894693254  0.46702833714868947  -0.5470624192640876  6.915701072121  -0.6605713462937997  -0.1132314892239934  0.7421752665669437  0.5010301506638243  0.2846721881858918  0.8769624633633113  0.3871673838602753  -2.6885617675967532  0.0  0.0  0.0  1.0
5494384562076;7.910208896373804;0.1704414050156491;-0.8558031864540189  0.04424692789045654  -0.5154057774486078  13.954590518011027  -0.5113679648585685  0.07811229750677895  0.855804459847352  6.547902519922437  0.0781262476479754  0.9959621872091671  -0.04422229164095942  5.457100758903602  0.0  0.0  0.0  1.0
5494384562107;6.000656068192277;0.11154547926597998;-0.10984621237542344  0.9906843507054323  0.08048805435671189  11.297775531738509  -0.9914073600776716  -0.1034186528091503  -0.08010011632301922  2.882692628612211  -0.07102996558209873  -0.08859514387649067  0.99353190410319  2.3812884428102774  0.0  0.0  0.0  1.0
5494384562138;3.161989247048879;0.03401440788022813;0.32292033450802693  -0.03753834842674321  0.945681410390738  0.2666556533181965  0.4238882766563935  -0.8876520481166791  -0.1799793610043633  -4.711560200821656  0.8461921687622129  0.4589822587765878  -0.27072883048143387  -2.864613392668479  0.0  0.0  0.0  1.0
5494384562169;5.267286062056453;0.0415976809630501;0.3331869299390975  0.6695952990462731  -0.6637986179654877  -0.43832065957285415  0.7282151286223921  0.2644453409983524  0.6322747726026545  -1.1711656824517942  0.5989066673224068  -0.6940538863225232  -0.3994996955159919  -2.0651083483879624  0.0  0.0  0.0  1.0
5494384562200;6.316421781002835;0.056639647393774806;0.07672430581147986  -0.9969442233548759  -0.0146832018678184  2.80173197804177  0.9970203900439985  0.07683143180682253  -0.0068755307451247305  -0.2419965113083934  0.007982652081864078  -0.014111931329841993  0.9998685566912697  -6.122104639115033  0.0  0.0  0.0  1.0
5494384562231;6.809241551181215;0.06557534066239569;-0.21408445333349677  -0.908965975223518  0.35769917909726634  0.2479458141598383  0.9656775306017933  -0.2520831013028419  -0.06261802398962102  -5.915114002472734  0.14708757164261496  0.3320165145342945  0.9317350912919289  6.342695924244077  0.0  0.0  0.0  1.0
5494384562262;9.226605709293516;0.16191859415089854;-0.5457458317144157  -0.6570410014166042  0.5200563523540559  5.669358030196861  0.0879104633834748  -0.6620976933575728  -0.7442435050964733  -5.342602358837807  0.833326609195964  -0.3604493957659621  0.41909783523410127  5.4507931766089  0.0  0.0  0.0  1.0
5494384562293;3.35198828640729;0.07053348428671395;0.3601329557978972  0.8014512744488399  -0.4774726262652126  0.21261446723357214  -0.2949123774820078  -0.3877627639621229  -0.8733079230674389  2.4776326589972286  -0.8850598532055214  0.45531955105045174  0.0967117504496508  3.228046081094507  0.0  0.0  0.0  1.0
5494384562324;6.007210908334361;0.04022628248669678;0.9985538695390122  0.03420843934349721  0.041472307704623734  3.729099029417255  -0.053583504389095205  0.695815458752536  0.7162189996211921  3.0826199533876597  -0.0043563386058175085  -0.7174054850910186  0.6966422268821147  -4.152683876612013  0.0  0.0  0.0  1.0
5494384562355;2.8594967283924566;0.08126809228020582;-0.0021165274859736016  -0.7561167440906591  -0.6544333347386435  3.1007151282179413  0.6518019908588989  0.49527234698630235  -0.5743339333724384  -4.717674750854375  0.7583862373644301  -0.4277765440231863  0.4917901415846011  -2.368028286675855  0.0  0.0  0.0  1.0
5494384562386;7.555953592991905;0.06889730726200884;0.9335521238618969  -0.14000079006833577  -0.32997001502134027  1.5376099038027637  0.25117291633008065  -0.401244354849558  0.8808604508113665  5.99993131109422  -0.2557197648504783  -0.90520867565529  -0.3394181129274224  2.1642290433802343  0.0  0.0  0.0  1.0
5494384562417;3.909277903469262;0.07109530576375754;0.20924587274451117  -0.9683548054938184  0.13603358194364124  6.66293100544286  0.97245824130291  0.22067205836384796  0.07502540622692015  -4.423227986936951  -0.10267002318807428  0.11658822125108526  0.9878593285504114  0.06112150061539712  0.0  0.0  0.0  1.0
5494384562448;8.322743061723811;0.198547944439956;-0.2502504176461663  -0.2671869616936001  -0.9305836104127679  6.270412214665086  0.726431322568928  0.5836024577867929  -0.3629128061338877  -8.35337230048374  0.6400564522436106  -0.7668241641772622  0.04804621915578138  0.7929384633258079  0.0  0.0  0.0  1.0
5494384562479;5.142564597723577;0.0915026210126121;0.5456605900300491  -0.7101725489153974  -0.4448701734833065  6.460350845388114  0.8372214861949534  0.43902013872596685  0.32606977910647755  -3.3576894577107863  -0.036258840874641984  -0.5503782958657091  0.8341277047900914  4.01779316226727  0.0  0.0  0.0  1.0
5494384562510;7.409784479444804;0.06723383182863574;-0.060830377474713815  0.9069479557804349  -0.41682738715441314  1.3189291931187963  -0.9970126001894103  -0.07512317398835616  -0.017955049247128985  6.385655004973389  -0.04759769153893356  0.41448994467370004  0.9088083106599314  7.424757416879935  0.0  0.0  0.0  1.0
5494384562541;3.4584512201369555;0.11819279066132138;0.8997900314883162  -0.06154226683595926  0.4319611656468053  -3.728742225701891  0.38341226682615337  0.5840618256095597  -0.715448682655058  0.5076570405094659  -0.20826169326471364  0.8093728023959788  0.5491290684895451  1.3016701980752514  0.0  0.0  0.0  1.0
5494384562572;8.23556210803444;0.10902047693304488;-0.47683021132043313  0.861993293214743  -0.17204799337659765  5.504262564414614  -0.8087005277686581  -0.5069098718691484  -0.298405492892302  -0.8801862229080777  -0.3444363598094794  -0.0031534511898212367  0.9388043724795856  10.127742776629784  0.0  0.0  0.0  1.0
5494384562603;7.97771549928889;0.1424361012968006;-0.44341074985918016  0.25861945584850465  -0.8581974621064451  13.894665094863385  0.2595567624987022  0.9534939795467761  0.15323027771705433  4.673625962724483  0.8579144444235175  -0.1548070025053022  -0.48991590913626354  -3.4671072107765313  0.0  0.0  0.0  1.0
5494384562634;7.765621830691003;9.40870714178243;-0.9531311691503589  0.3011319771328026  -0.029334395206980127  4.544786444847803  0.2949878653465471  0.9464589056380506  0.13113999861488135  -5.61269312808532  0.0672542466492447  0.11634032957883927  -0.990929762405555  -4.844705728510505  0.0  0.0  0.0  1.0
5494384562665;9.270386005314265;0.07931108340113795;-0.4785294765928321  0.03051791331999426  0.8775409944830975  5.523335774109916  -0.8778346266219617  -0.0398387737471316  -0.4773041382701457  -1.7988276321721641  0.020393830814042113  -0.9987399706995406  0.045853708593853765  -3.1694453527138746  0.0  0.0  0.0  1.0
5494384562696;6.577937540194185;0.1347854853481161;0.364998686289028  0.9267354497648791  -0.08909189164212561  2.2923241153798184  -0.9153496789969047  0.3397361825973725  -0.21613489166358457  7.0437561162551425  -0.17003212686886066  0.16043918593427642  0.9722902567902235  7.404377177110284  0.0  0.0  0.0  1.0
5494384562727;4.59848726203546;4.633505457221394;0.8747669888928531  0.17596476368595043  -0.4514633064649649  -5.746479945663281  -0.16652402324773427  0.9841532290531497  0.06092759166130175  1.559593194382955  0.45503018012514207  0.021882040243220567  0.8902071171868235  2.2681653701661353  0.0  0.0  0.0  1.0
5494384562758;5.063388290222;0.0489099154917307;-0.9663680255348767  -0.040277039684725235  0.2539893684744687  4.876699717476763  -0.17210751397568425  0.8351572058632457  -0.522390127326126  -3.5659724206673564  -0.19108072340488455  -0.548534594687456  -0.8140012012117275  5.43178751254771  0.0  0.0  0.0  1.0
5494384562789;4.438629717023098;0.2035156032046776;-0.2069000652925651  0.3515483036816018  -0.9130203465205591  1.3701166298697427  -0.8897465989692497  0.32048387508501136  0.3250247304946948  -2.940045098487705  0.406870191344348  0.8796043860674434  0.24648077289381062  0.3638576139238918  0.0  0.0  0.0  1.0
5494384562820;8.161517273743991;0.12561890265745895;0.20359818999001197  -0.2516564650967363  0.9461589721647238  6.145880076043927  0.564712680662227  -0.7592574569870885  -0.32346205698471464  -9.197036873510255  0.7997795729649978  0.6001642588362924  -0.012469846968232529  3.2800583890804904  0.0  0.0  0.0  1.0
5494384562851;6.219799808788275;0.04748563768351981;-0.0809336097413062  0.9413157531042416  -0.3276803377867469  4.6194027123095225  -0.08291928492827194  0.32126041612219897  0.9433536649740513  3.303735014948984  0.9932643872611292  0.1035200366633724  0.052052463995357595  -8.285208621918686  0.0  0.0  0.0  1.0
5494384562882;6.86050681050468;0.10680038632230912;-0.9211469548229508  0.2760376575226469  0.27439296501516713  12.489515899084063  -0.307942627623671  -0.08572559467899515  -0.9475349389384862  1.0032334796153886  -0.2380328248637864  -0.9573162142397578  0.16396963206954945  6.085254017614636  0.0  0.0  0.0  1.0
5494384562913;3.2808971466396697;6.235565065862649;-0.7535366410315586  -0.2422099365143881  0.6111602713499736  7.1069733088273  -0.6439831034715258  0.08505744732987135  -0.7602966480900132  3.696597659586346  0.13216767027552379  -0.9664882706517565  -0.22007300976384667  1.2594253797049948  0.0  0.0  0.0  1.0
5494384562944;2.926015559566035;0.0531898201190219;-0.5466997960358957  -0.4788911364701096  0.6868643333473335  4.029931924399775  0.29370486398834045  0.6585110187714879  0.6928929867058312  -0.8358589581856348  -0.7841280417660752  0.5805398501110011  -0.21935518354758662  2.224246558765113  0.0  0.0  0.0  1.0
5494384562975;7.45090069206603;6.0005727574009375;0.06451351174599107  0.0963085817373793  -0.9932586087650759  1.2755670176077811  0.05710194355141482  -0.9940574962071784  -0.09267719394201862  6.900124395490803  -0.9962817748231929  -0.05073806576969628  -0.06962954715563718  11.96811713226424  0.0  0.0  0.0  1.0
5494384563006;1.7422069969351626;0.09054959096119798;0.6358111858035426  0.7520367639630978  -0.1737378532588813  2.8126991434744935  -0.7560235652522203  0.6521375766408231  0.05607985303436869  5.005424807240506  0.15547509379451818  0.09569371338257615  0.9831938814031744  0.3156165447742332  0.0  0.0  0.0  1.0
5494384563037;5.728273913522797;0.3403263504703336;-0.6562984122595933  -0.7521622713243323  -0.05936591329844243  1.3367958470830636  0.731212698729611  -0.6146709460095131  -0.2958168645434678  -4.215759449637851  0.18601178264318474  -0.23755324819499132  0.9533981702258053  3.4822557725874863  0.0  0.0  0.0  1.0
5494384563068;4.596809114569144;0.0672149557710384;0.5875254229095678  -0.43215807836990683  -0.6841441900173996  5.921367745329614  0.7681383761064119  0.5637594110230073  0.3035436733578827  -6.821113775079314  0.2545138750393363  -0.7038570322037154  0.6631801909208688  -0.7868719847646313  0.0  0.0  0.0  1.0
5494384563099;7.571012982470478;0.20347153268974172;0.5038265834729299  -0.1347477132155353  -0.8532302312794474  9.080721304479976  -0.30338162841527394  -0.9524359211541227  -0.028729838763815352  6.156013240647461  -0.8087758412107106  0.2733292334868004  -0.5207425167925377  4.1302911181981745  0.0  0.0  0.0  1.0
