# registration_from_features.py RANSAC RANSAC_config.json euclidean True --use_random_keypoints=False --n_keypoints=5000 --input_txt=/neural_comparison/point_clouds_registration_benchmark//eth/stairs_global.txt --input_pcd_dir=/neural_comparison/point_clouds_registration_benchmark//eth/stairs/ --input_features_dir=/neural_comparison/experiments/FPFH/features_voxelgrid_0.2//eth/stairs/ --output_dir=/root/neural_registration_comparison/results/FPFH/RANSAC_features_voxelgrid_0.2/
id;initial_error;final_error;transformation
5494384560030;1.9653997219596564;0.12101525538807607;-0.2607972598868705  -0.9532453961464114  0.15266959082008894  9.352112140186676  0.9491182591869654  -0.22425811690426323  0.2210946111520125  -9.36263927002571  -0.1765200252475797  0.20256236503414649  0.9632285133644913  2.1809553088615417  0.0  0.0  0.0  1.0
5494384560061;3.2470421696666185;3.7881194043090223;0.6110931840936321  -0.7079046645065428  0.35416960107296874  -4.295845294428718  -0.7533824876219685  -0.6574303288841918  -0.01414885181765587  1.2883460989007574  0.24285787551331534  -0.2581789081879131  -0.9350741701426988  -2.602572591366659  0.0  0.0  0.0  1.0
5494384560092;2.297685819693392;0.736740885740792;-0.825013674384109  -0.4591113383530216  -0.329498431065959  17.588691965227163  -0.013895570943402082  -0.5664093324693543  0.824006906038886  -1.267368005052807  -0.5649418998334148  0.6843955340936395  0.4609158304129878  8.247249686780151  0.0  0.0  0.0  1.0
5494384560123;8.759025089926762;2.567966560942512;0.6092293394879644  0.4450226486115059  -0.6563493384851231  6.009986844205752  -0.6255318291568637  0.7784070467646451  -0.052843166623619126  7.041904303584372  0.4873905442442711  0.44276100976705646  0.7526042423553896  4.825855412997916  0.0  0.0  0.0  1.0
5494384560154;2.6625673868786452;2.6625673868786452;1.0  0.0  0.0  0.0  0.0  1.0  0.0  0.0  0.0  0.0  1.0  0.0  0.0  0.0  0.0  1.0
5494384560185;6.621620892396294;0.10987123900254474;0.6457183498082117  0.7633684673696027  -0.017787516598521846  -2.787989728971244  -0.7635730424936866  0.6454797181560631  -0.017667547257693567  6.104160555139075  -0.002005367271574854  0.024990327627936973  0.9996856816155532  7.747236112919298  0.0  0.0  0.0  1.0
5494384560216;5.2200031515621825;0.2377377566587801;-0.4505512682415296  0.8229147802831518  0.3461427726783887  7.076340394661654  -0.8661776312312621  -0.3090508182409168  -0.39271351249889597  2.157127980548589  -0.2161940467278186  -0.4767586980183509  0.8520336132003814  6.492365977679787  0.0  0.0  0.0  1.0
5494384560247;8.503686109037535;0.10087566162644411;0.7069154780460306  0.6951119069527798  0.13072851147099707  2.325221333759903  -0.516579871774982  0.381155326822406  0.7667241048198816  6.945659387944139  0.48313118609327615  -0.6095408547811831  0.6285254198333825  4.672122557792707  0.0  0.0  0.0  1.0
5494384560278;5.489767218869771;5.489767218869771;1.0  0.0  0.0  0.0  0.0  1.0  0.0  0.0  0.0  0.0  1.0  0.0  0.0  0.0  0.0  1.0
5494384560309;6.344090179496548;0.04872398759122411;-0.5305359211294288  -0.8438893604240607  0.07988982259598916  -2.019847823949304  -0.32742941415589916  0.11708754530297903  -0.9375929209846074  4.517965610295997  0.7818705872053722  -0.5235850017886239  -0.338433347596146  -0.7277032794372622  0.0  0.0  0.0  1.0
5494384560340;11.288142510784303;0.11125884026222853;-0.8575899861342802  0.1862236594495284  0.4794373414153633  9.664543332550092  -0.3454874609142619  0.48197219748715464  -0.8051963830025693  8.987930954359639  -0.38102208601762405  -0.8561679446876238  -0.348996590894738  -1.885794412673481  0.0  0.0  0.0  1.0
5494384560371;4.893298023722126;3.990763273577457;0.4399201072733172  0.41838408817776934  -0.7946225858709832  3.2436926610624575  0.8812159439239975  -0.03065649250295971  0.4717188141695775  -7.9485699458697106  0.1729993045962011  -0.90775268340395  -0.38217313665687985  -1.8680426189731358  0.0  0.0  0.0  1.0
5494384560402;1.640061358821845;0.06916235407703364;0.5535866228955231  -0.830944361224781  0.055437527901873146  0.6701083480980663  0.8078812538001007  0.5196769643662419  -0.2779635452095579  -2.0342540458250777  0.20216263430591758  0.19866383982956945  0.9589905880845043  0.8682124515405807  0.0  0.0  0.0  1.0
5494384560433;4.064579359510598;0.0397971531150323;0.10743068924768195  0.9091004274567457  -0.4024860988975028  9.509267996581226  -0.9648135191300462  0.1930480538318604  0.17851420732151096  9.266103046592166  0.2399865002696282  0.36914612514516987  0.8978516681382523  4.818906356919944  0.0  0.0  0.0  1.0
5494384560464;8.086453804333049;1.9929484553055097;0.8648566154454347  0.2008113869783624  -0.46010631551859166  6.551385615840803  -0.33056181146691177  0.9175727390299534  -0.22088267788303953  -4.668749697774009  0.3778252552701863  0.3431254223296417  0.8599494293451933  -4.766342968316231  0.0  0.0  0.0  1.0
5494384560495;3.79668680245774;3.79668680245774;1.0  0.0  0.0  0.0  0.0  1.0  0.0  0.0  0.0  0.0  1.0  0.0  0.0  0.0  0.0  1.0
5494384560526;3.919459476654856;0.12394750019889486;0.6495962318425889  -0.07977014606963767  -0.7560829712220343  -0.07891635177393752  -0.585219333539907  0.5823677396087565  -0.5642394416505242  11.024470591830413  0.48532779358596156  0.8090021876725781  0.33162085747727976  -4.988264699069699  0.0  0.0  0.0  1.0
5494384560557;4.769841275602151;0.061026585586517405;-0.9515222714329814  -0.10895965908771724  0.2876337248281372  7.1302957451320035  -0.1736999976946825  -0.5813998995484364  -0.79486003019773  -3.168257440327695  0.25383789663461875  -0.8062889987445924  0.5342886604968856  3.3951774988617425  0.0  0.0  0.0  1.0
5494384560588;4.0033637514024445;0.11615201761582265;0.3344881421553017  0.7515513612721861  -0.5685844124907214  9.901807017165993  -0.687417836087902  0.6072898231409789  0.3983161926630958  2.3462501571137664  0.6446506041149117  0.25762302319343067  0.7197610551668909  -7.504344452373066  0.0  0.0  0.0  1.0
5494384560619;2.5680413302481218;5.141850183292522;0.391304505662158  -0.7162912266612869  0.5777609042299101  -2.398909987072246  -0.7483891976424222  -0.613042463459757  -0.2531650585039828  -1.8968253796768018  0.5355318783234351  -0.3333253914769507  -0.7759508945133785  2.7435583077501713  0.0  0.0  0.0  1.0
5494384560650;2.1252762310053015;0.047132784504768294;-0.11376854404422593  0.9651037000431231  0.23586344894691136  10.796300872467345  -0.9925743998664236  -0.1206978371815626  0.015102742449746631  9.959027661082875  0.0430439207771251  -0.2323938042693223  0.9716688430846001  -2.585515310725182  0.0  0.0  0.0  1.0
5494384560681;5.499161925361485;0.03523942284225221;0.7662360173987264  0.2785339915691449  0.5790519676000574  1.8592311304636748  -0.26356491403198357  -0.685627562698912  0.6785634689245085  -2.819406305206719  0.5860169807541855  -0.6725575520415397  -0.4519407455183029  -10.253664263511272  0.0  0.0  0.0  1.0
5494384560712;3.9543429907625507;0.46108800693239316;-0.07988802067796912  0.936114894360994  0.34250081563065166  2.7582825689246153  -0.7667235380025932  -0.2772772403378497  0.5790097997991158  -2.252933368599618  0.6369873785444595  -0.2163474902700085  0.7398924536910259  -1.1702969524494078  0.0  0.0  0.0  1.0
5494384560743;2.252255054334342;0.16344124493085416;0.4756579083843721  0.870296910764553  0.1278000051059458  2.899566774332449  -0.8758835361265613  0.4820019386646124  -0.02240897735250852  11.143081851210571  -0.08110231398569462  -0.1012789130926614  0.9915467696629015  -1.54103315789086  0.0  0.0  0.0  1.0
5494384560774;4.093777341873709;0.23258273248195344;0.0806084769251809  0.20454677778093522  -0.9755321056465742  8.93489444638712  0.8993963952341006  -0.43679278503770436  -0.017268097142163437  -4.089165746062902  -0.4296375189479011  -0.8759981042436353  -0.21917783572672092  3.2694775122096202  0.0  0.0  0.0  1.0
5494384560805;2.4081201720064747;0.05545442416048748;0.6258616268916352  -0.647669568107081  -0.43453579200400033  3.5009737187583942  0.6903171220219166  0.7193061013623854  -0.07785244752879814  -7.9723797546275375  0.36298690751586954  -0.2512426378838464  0.8972834791085996  -0.9427459000987879  0.0  0.0  0.0  1.0
5494384560836;2.3977526989083033;0.13501306537457092;-0.898413642242744  0.4380653999147428  0.03084854663777853  15.697453770572295  -0.4282414494496024  -0.8583724183595048  -0.28249965021740986  3.6746573704227212  -0.09727378066791856  -0.2670121660097003  0.9587712525922845  3.3351774437116526  0.0  0.0  0.0  1.0
5494384560867;5.82100797182095;2.6678341141430963;-0.17733095760402623  0.5370445207437472  0.8247041373816173  1.0417184239017416  -0.6493103429322338  0.5658765291318617  -0.5081139954172711  -2.961024429941032  -0.7395605519742539  -0.6255932676402429  0.24836113513740418  3.3039044670348203  0.0  0.0  0.0  1.0
5494384560898;7.426959109966299;0.08156847675536259;0.6682406405140717  0.5029544572581474  -0.5481708313012513  6.878146487083162  -0.7174574946606752  0.6305564927103142  -0.29606292043431315  8.064060771826144  0.19674651133011248  0.5911305468549476  0.7822119194018974  -5.571661953554748  0.0  0.0  0.0  1.0
5494384560929;3.2277640385532322;0.0332327316934875;0.07171052134405405  -0.9687246090688485  0.23755048497734327  8.238938030490393  0.9900724697402724  0.0402679807891542  -0.1346662332790273  -8.180580224127858  0.12088881582247803  0.2448491811453969  0.9619952040948375  -6.556108526726868  0.0  0.0  0.0  1.0
5494384560960;7.03502339552627;0.346829191073215;-0.9432021758757028  0.2838948765302533  -0.17254957114757763  14.206295053536016  -0.33206550120554923  -0.7898298652427959  0.515656171183528  5.899091779122816  0.010107340523017705  0.5436657824899601  0.8392409419333237  0.9088460951221795  0.0  0.0  0.0  1.0
5494384560991;7.791752238870199;0.1696719801336634;-0.48492588961036476  -0.8268890988569226  0.2847828993763195  10.091577045509386  -0.6470211938329655  0.1201250230954749  -0.7529499010938745  11.212570044832512  0.588396512835146  -0.5493854721576626  -0.5932665055989099  -5.931689032945979  0.0  0.0  0.0  1.0
5494384561022;4.731288337239354;2.8223975079758534;0.19682279373312328  -0.28396622560029083  0.9384156704709341  3.909663972534141  -0.5583227214864036  -0.8192473467457891  -0.13080337733407646  2.4479429244682613  0.8059382895353118  -0.49819370486619896  -0.31979134743233134  -3.5022336108966425  0.0  0.0  0.0  1.0
5494384561053;4.703195918816284;3.786129890760089;-0.1964259646989163  0.9608221502359791  0.1955444604380541  4.955343390717513  0.47144516467278896  0.2674114042003557  -0.840375271893599  5.2366982517081375  -0.8597419944952942  -0.07288303313874406  -0.5055014998808111  5.7173441368484355  0.0  0.0  0.0  1.0
5494384561084;7.769594886748286;0.1195514593099552;-0.5961048687538919  -0.4438810206863206  -0.6690505398864692  17.38248285062737  0.7007215092694424  -0.694421585683027  -0.16360937560123537  -2.5907462218642854  -0.39198004017431876  -0.5663464494564625  0.724985066944829  0.4874651886130761  0.0  0.0  0.0  1.0
5494384561115;2.7618695788486547;0.04682005438823446;0.3744128934744585  -0.8083132350961968  -0.45436185928002903  11.801569129933497  -0.21586889854635258  -0.5525232283690483  0.8050581971218157  1.501231779647573  -0.9017846770934118  -0.20334157489545773  -0.38136150838615956  15.5762752859339  0.0  0.0  0.0  1.0
5494384561146;4.978157980828911;0.15939396580853293;-0.7879974651225666  0.6103005725944773  -0.08119855941618656  17.20260378361191  0.44919726172408037  0.4797058799993329  -0.7537267998112144  -4.1419706647398264  -0.42104847110516685  -0.6304089781918718  -0.6521523634819417  4.305188038327647  0.0  0.0  0.0  1.0
5494384561177;7.540163639644457;0.1258194040272163;0.6524973378510628  -0.5977484385112334  -0.4657725070832952  -1.0451402469934585  0.7393384928023847  0.6369726421062498  0.21827607809579477  -4.545652984816471  0.16621015961118124  -0.48678810324982835  0.8575613828621603  5.268198682426457  0.0  0.0  0.0  1.0
5494384561208;2.258030642572619;0.11201447822425181;-0.2631887224453619  -0.9585980676046982  -0.10872645106926027  2.737864035159487  0.7360916476269979  -0.27238147615671165  0.6196591141429793  -1.6333651768600892  -0.6236191006306244  0.08305465809470769  0.7773037637226653  -1.5080089342383438  0.0  0.0  0.0  1.0
5494384561239;3.8492329696698255;3.8492329696698255;1.0  0.0  0.0  0.0  0.0  1.0  0.0  0.0  0.0  0.0  1.0  0.0  0.0  0.0  0.0  1.0
5494384561270;9.123550834747231;0.42047523428101113;0.19469148657045188  0.9353213180656934  0.29541370487646856  3.023369472105915  0.367812178318798  -0.348817005991047  0.8619982005850263  -13.260167372380986  0.9092906172051751  -0.05916695279711273  -0.4119342728632036  -4.513914234142161  0.0  0.0  0.0  1.0
5494384561301;4.160514649695006;4.141494945705159;-0.3481129970748881  -0.5000709908427234  -0.792935271876032  6.113055035166957  0.17914452656265578  0.7947665381365546  -0.579873596968407  -4.769404231406525  0.9201763851948066  -0.34391154964033016  -0.18708358066331132  -3.068919816549479  0.0  0.0  0.0  1.0
5494384561332;6.482396831003189;3.0792131300023815;0.33616871042471463  -0.49223986475086734  -0.8029262193261798  9.70341775540538  0.8321238451573166  0.5545256728928508  0.008437086187339016  -5.215051423365436  0.44109013189141577  -0.6709703373866671  0.5960187093499969  -2.133943076542415  0.0  0.0  0.0  1.0
5494384561363;2.945345827521586;0.532532287098114;-0.7358266234738715  -0.6616691527935451  0.14405940590088262  5.362550685647064  0.2882135590873279  -0.49851689897930196  -0.8175658051742851  -0.6296560574437919  0.61277412196115  -0.5600668117943914  0.5575240279855281  -4.599630316373023  0.0  0.0  0.0  1.0
5494384561394;1.7737978589250467;0.08022923124959336;0.15233552257887606  0.9874153549511359  -0.04248300092206253  1.5584193118267495  -0.19772893130255695  -0.011666982906136766  -0.980187304159678  2.826738250729375  -0.9683476433009841  0.15771746357518923  0.19346328694829773  1.1248656368223875  0.0  0.0  0.0  1.0
5494384561425;2.0770362960670123;0.11122525583029924;0.5224492972239865  -0.6031234489317249  -0.6027344665595817  4.16833869724768  -0.3578522687611023  0.48651981600542094  -0.7970195871975692  2.9186901015485436  0.773943464067431  0.6320922195239811  0.038352841414336813  -3.2254921787032287  0.0  0.0  0.0  1.0
5494384561456;3.2026873730298178;2.373305379187253;0.4706273434506303  0.8673267826097375  -0.1620313419201495  1.0201576446109257  -0.7309704930317379  0.2804127390428662  -0.6221340965575  3.016656044598662  -0.4941579119204119  0.41123344702287973  0.7659601883493289  5.525550889978519  0.0  0.0  0.0  1.0
5494384561487;2.7650958552301788;0.3585949786664542;0.5639909989232793  -0.8174320591549065  0.11712805726763834  0.8520497393675566  0.81849799105822  0.5721613886800471  0.05188818687696106  -4.114983015461539  -0.1094312193442969  0.06660460922105907  0.9917603713918652  -1.9272480819226132  0.0  0.0  0.0  1.0
5494384561518;5.145762913418466;4.237314885231755;-0.04435718219898007  -0.9965234463306814  -0.07052277150387465  3.8856777810822343  -0.5901980536065807  0.08309610132757439  -0.8029702955048597  6.528724336242735  0.8060388935444558  0.006004902778450341  -0.591832107304302  -4.900839145072952  0.0  0.0  0.0  1.0
5494384561549;4.6377896203071325;0.21695412531860794;-0.9573696549343561  -0.2858125949693895  0.04188680421964228  5.164872010700524  0.28434759569817386  -0.9068899838654396  0.310961415589153  0.12856514781770778  -0.05088996592196435  0.3096154352118219  0.949499075116482  -4.75892426064372  0.0  0.0  0.0  1.0
5494384561580;4.567914726536869;2.374213294446202;-0.8437441612483738  0.5366037592714868  0.012336770038660766  9.224143959166383  0.5350463753698388  0.8426783473032471  -0.06015462733543303  -3.362530322947789  -0.04267512815300767  -0.044154371493386246  -0.998112831755583  10.016988798061  0.0  0.0  0.0  1.0
5494384561611;3.9710273671971175;0.08824022657365184;-0.3046315864893552  0.6502482972330024  0.6959718014823302  12.107011020790374  -0.8279215464590972  -0.5420328344864054  0.1440358262635051  3.4292130155232177  0.4708986190484695  -0.5323321879092177  0.7034748981264574  -4.3605713945044124  0.0  0.0  0.0  1.0
5494384561642;3.9300328799679396;2.744060593372918;-0.23352159075252155  -0.8432207661868326  0.48419666058710376  4.672595265352614  0.6283521886819489  -0.5108880127773789  -0.5866574514816841  -2.6770205288769247  0.7420520154483885  0.16724885013557472  0.649142995415734  -5.079572913953447  0.0  0.0  0.0  1.0
5494384561673;1.856504570527757;1.856504570527757;1.0  0.0  0.0  0.0  0.0  1.0  0.0  0.0  0.0  0.0  1.0  0.0  0.0  0.0  0.0  1.0
5494384561704;3.161923902897827;2.424657695754011;0.012451232400141066  -0.6253203305564957  -0.7802688325214793  0.5574406245638821  -0.43474548615938935  0.6993300434056742  -0.567392150680862  0.8352017232500679  0.9004672837342587  0.3462830844597127  -0.26314767021828916  1.058404360456045  0.0  0.0  0.0  1.0
5494384561735;3.569181629467939;0.28112557631485297;0.0023101965792266532  0.14162406539537634  -0.9899178183529438  9.22036166844836  0.9952190514048217  -0.09698238335845835  -0.011552360754399915  -10.472668838809886  -0.09764068164782563  -0.9851583839256506  -0.14117101638916066  0.5360597015646147  0.0  0.0  0.0  1.0
5494384561766;3.9022771741523186;0.14523942236847673;-0.07251121192477678  -0.8573573198748918  0.5095886087837342  14.842538760037066  0.5240563476763418  0.4019663668450541  0.7508581652919012  -2.6958909452100555  -0.8485912258592662  0.3214987806856022  0.42015647729427874  10.434295835488117  0.0  0.0  0.0  1.0
5494384561797;1.7821658772718727;0.06573815149990264;0.2976249897357288  -0.8100231777205573  0.5052542103142716  4.726665661481071  -0.6091938278830412  -0.5686238127270906  -0.5527656281543872  9.777980382039141  0.735052546117633  -0.14328088202966113  -0.6626977767359626  -0.5142143920451101  0.0  0.0  0.0  1.0
5494384561828;3.031970333042847;0.06971046139203;-0.45187422393048216  0.24001734505992584  0.8591864523010182  4.379816737114507  -0.746561811177215  -0.6289533249384196  -0.21694049216479427  1.0681290040347158  0.4883186949513822  -0.7394656105048367  0.46339557943692944  -0.0410279288014217  0.0  0.0  0.0  1.0
5494384561859;3.9115043062921147;3.9115043062921147;1.0  0.0  0.0  0.0  0.0  1.0  0.0  0.0  0.0  0.0  1.0  0.0  0.0  0.0  0.0  1.0
5494384561890;2.700280821168816;0.22597426898234318;-0.7362679886671553  0.31953703652115756  0.5964943680834708  4.809422173911052  -0.6738938199532944  -0.26618082887787375  -0.6892132367900708  5.774784507516669  -0.06145378989761241  -0.9094195119026007  0.4113144576574667  0.2046922077514992  0.0  0.0  0.0  1.0
5494384561921;4.363288827751439;3.247503205556777;0.027335142764354982  0.42810891280891283  0.9033136491516238  -1.327798486106393  0.9761773214081957  0.1831474162732093  -0.11633942186880886  -7.280461042357707  -0.21524550433951728  0.8849744531262012  -0.41290385100602855  2.5666759036643976  0.0  0.0  0.0  1.0
5494384561952;5.900960080460973;1.8658401761908892;-0.06661259270920837  -0.9500054038666452  -0.30504507063175085  4.923074058799477  -0.15894257835721604  0.3119233442747766  -0.9367182522410891  -5.417410891942855  0.9850380801155447  -0.013912581378447697  -0.17177433103252254  -5.843661056104293  0.0  0.0  0.0  1.0
5494384561983;1.9280359265963185;0.07868289931019194;0.5643338211625116  0.7862319657589806  0.2517273014809621  2.281518615731051  -0.7671811434116661  0.6120757708149359  -0.19182373152159685  2.251939780634652  -0.3048941316025725  -0.08486781957886358  0.9485973970627597  -0.21938254639690014  0.0  0.0  0.0  1.0
5494384562014;2.290467177188447;0.6468464497658688;-0.5944882307371346  -0.7848862633719148  0.17474924058520225  5.183075142971894  0.6660501327293241  -0.6024113152627436  -0.4398611461980492  -3.6579766893105923  0.4505118913039716  -0.14510051968716392  0.8809000368828654  0.2549908838551225  0.0  0.0  0.0  1.0
5494384562045;2.843775395138052;1.7444136996710982;-0.429549543851128  0.7873159913674392  -0.4422903108981632  4.554775803084594  0.19983894989491233  0.5605097734677275  0.8036748023622837  -5.782018139556493  0.8806540657273929  0.25683131348078114  -0.39810311846750224  -2.853637199422547  0.0  0.0  0.0  1.0
5494384562076;7.910208896373804;0.15808361604466165;-0.7950432265900846  0.09703072649049563  -0.5987414349867175  13.294311985887362  -0.5903924573927357  0.10254635371595983  0.8005754128083926  7.48685961563822  0.13907916489177646  0.9899844864725346  -0.024242574878059364  4.7266445350624355  0.0  0.0  0.0  1.0
5494384562107;6.000656068192277;0.07747431276919321;-0.11668334308805803  0.9903119305060872  0.07528132399939429  11.358107095549304  -0.9931017609669339  -0.11722287082045245  0.002773250978028885  2.805701156997084  0.011571076448203044  -0.07443842323638188  0.9971584785458685  2.1016210002562445  0.0  0.0  0.0  1.0
5494384562138;3.161989247048879;0.2839848819267361;0.3448436490612259  -0.05677271947509206  0.9369416822970049  0.08965589689765263  0.5313375012313706  -0.8110488186799942  -0.2447044615510501  -5.49311351898049  0.7737979823489732  0.5822170317340334  -0.24951955929640066  -2.3435357873156537  0.0  0.0  0.0  1.0
5494384562169;5.267286062056453;0.7232654153705136;0.3204828895355382  0.5968919814567939  -0.7355342819933925  -0.7775987481484652  0.4943390584605971  0.5569801079130641  0.6673844878849398  -0.30174638205678783  0.8080344131256068  -0.5774886335346653  -0.11656442571823666  -1.13494801077321  0.0  0.0  0.0  1.0
5494384562200;6.316421781002835;0.044483615251788323;0.055816718831159955  -0.9982762123553953  -0.018141051355704763  2.7823933848944993  0.997238235851487  0.056631852144416836  -0.04804929009368951  0.07930416145524566  0.04899382465921448  -0.015408996335258239  0.9986802130698306  -6.142433808173605  0.0  0.0  0.0  1.0
5494384562231;6.809241551181215;0.06711292795136414;-0.20777199577584632  -0.9107410604393928  0.35690547572298786  0.2218696366054944  0.9717986011202735  -0.23378704098960634  -0.03083988206857874  -5.691512565123167  0.11152702198122794  0.340432578192885  0.933631288610736  6.523525957416046  0.0  0.0  0.0  1.0
5494384562262;9.226605709293516;0.08934425112306335;-0.5400396851436857  -0.6689319011869428  0.5107712306349406  5.702168046722626  0.1353742846241377  -0.6680131617673951  -0.7317323409335071  -5.194703474386318  0.8306810106968928  -0.3260192130533879  0.4513097951381486  5.678996960564709  0.0  0.0  0.0  1.0
5494384562293;3.35198828640729;1.2891367973879204;0.5890722443220069  0.7205225986066854  -0.3658429661296001  -0.36841781454369515  -0.8067070611757708  0.49796874012690495  -0.3181993892287883  0.7962392369552833  -0.04709148987433953  0.4825705324131309  0.8745902313814873  -0.719547079642886  0.0  0.0  0.0  1.0
5494384562324;6.007210908334361;0.10227532164148938;0.9981754197537852  0.02577376712316545  0.05460351937043023  3.7071625449132877  -0.057020881869739165  0.6998210959171511  0.7120386595825501  3.1617226977273454  -0.01986077617197604  -0.7138530287374276  0.7000138591001243  -4.03318869895031  0.0  0.0  0.0  1.0
5494384562355;2.8594967283924566;0.31750567571871985;0.07080700381669465  -0.7411740552507523  -0.667568264699318  2.636798126213671  0.7659683886986538  0.4691042526746658  -0.4395834706138665  -5.468116530578277  0.6389669754571762  -0.48021059957658074  0.600931763455228  -1.7833559510050239  0.0  0.0  0.0  1.0
5494384562386;7.555953592991905;0.0718923859720845;0.9287067673461697  -0.1571456013312163  -0.3358705111611886  1.5141548401157836  0.23832702242997256  -0.44095979414336334  0.8653061252115959  5.976638640360232  -0.28408444284242473  -0.8836626731571802  -0.37207030169527905  1.9274826116693013  0.0  0.0  0.0  1.0
5494384562417;3.909277903469262;2.156561788134857;0.18074945769997658  0.8927597552988191  -0.4126859009706489  0.7512455122541186  -0.982638899639563  0.14607053782757806  -0.11438614817324327  0.8080995054522644  -0.041838098144077684  0.4261964538772629  0.9036626340875965  -1.1070444290813528  0.0  0.0  0.0  1.0
5494384562448;8.322743061723811;0.17257287020960985;-0.2403415835726454  -0.26706434434782333  -0.9332269601677079  6.340090875107293  0.7018833010002627  0.6162945623413625  -0.3571286101748822  -8.29783951692357  0.6705190191059216  -0.7408492750934808  0.039326792529987636  0.5400171490536083  0.0  0.0  0.0  1.0
5494384562479;5.142564597723577;0.13112926660552454;0.5309683277036559  -0.7168653630247344  -0.45185914428171037  6.476277786859023  0.8449214962285456  0.40718690744365627  0.34685225618033344  -3.3773300924860328  -0.06465524098245626  -0.5659530666953645  0.8218983064294592  4.072053857369439  0.0  0.0  0.0  1.0
5494384562510;7.409784479444804;0.08118522336296845;-0.05318273569277787  0.8955139414973401  -0.441844290681832  1.133543370697335  -0.9982884853033858  -0.058457491861234445  0.001679808312529757  6.532388762766212  -0.024324817263552068  0.4411774044862147  0.8970901855643622  7.1948887053469015  0.0  0.0  0.0  1.0
5494384562541;3.4584512201369555;0.2116563411028676;0.9188630669469132  -0.15225674677484174  0.36401723484260406  -3.3546651694280643  0.39267946859261826  0.4432174475875166  -0.8058294665125048  0.9600060041108474  -0.03864581667830405  0.8833890293724219  0.4670442416278331  0.3249877840461206  0.0  0.0  0.0  1.0
5494384562572;8.23556210803444;0.086850655082978;-0.44855197556198567  0.8768910214527129  -0.1728099005122601  5.332943124678937  -0.8115623061000126  -0.48060904494083967  -0.33223721832251596  -1.1215155678873796  -0.37438983498095774  -0.008779659257139666  0.9272298361497322  10.058968424315724  0.0  0.0  0.0  1.0
5494384562603;7.97771549928889;0.08539424366334643;-0.4115865666271999  0.2532068867180365  -0.8754900174705551  13.63178600216927  0.29381606638108676  0.9462049617914415  0.13552966250087395  4.394009755489393  0.862710042429308  -0.20145084462422938  -0.46384150298545507  -4.100209753093139  0.0  0.0  0.0  1.0
5494384562634;7.765621830691003;4.173773925515306;0.692054002321105  -0.7209979631308381  0.03497420524505268  -4.403278375514256  -0.693407124377068  -0.6505426059354863  0.3098078077224519  3.2192209838716646  -0.20061858770927904  -0.23865509637099544  -0.9501557384143321  -3.107672437601373  0.0  0.0  0.0  1.0
5494384562665;9.270386005314265;0.11996489791708781;-0.5022315074111124  0.028673555287015706  0.8642576815919917  5.362290956084395  -0.8646904207862625  -0.006710838790046081  -0.5022603317436191  -1.5602288658234196  -0.00860169541650263  -0.9995663018879419  0.028164143268085473  -3.2428999846545787  0.0  0.0  0.0  1.0
5494384562696;6.577937540194185;0.13664465182286928;0.35340313498294357  0.932095355688772  -0.07940070583848526  2.4547696619330868  -0.9160274969214247  0.32759363612412656  -0.23146497457465043  7.086995264606136  -0.18973626186919976  0.15453367747645086  0.9695975935703981  7.565083969790748  0.0  0.0  0.0  1.0
5494384562727;4.59848726203546;4.59848726203546;1.0  0.0  0.0  0.0  0.0  1.0  0.0  0.0  0.0  0.0  1.0  0.0  0.0  0.0  0.0  1.0
5494384562758;5.063388290222;0.06986622481755159;-0.9707784237375628  -0.046177840759621044  0.23549280037485606  5.006328581007806  -0.16528274305516652  0.840115841762078  -0.5166110599557028  -3.6251526891026815  -0.17398524895453782  -0.5404377664848877  -0.8231987328118611  5.331712333124537  0.0  0.0  0.0  1.0
5494384562789;4.438629717023098;4.438629717023098;1.0  0.0  0.0  0.0  0.0  1.0  0.0  0.0  0.0  0.0  1.0  0.0  0.0  0.0  0.0  1.0
5494384562820;8.161517273743991;0.17778850456722975;0.20933770891349096  -0.26781130593518115  0.9404545858467299  5.998512436515286  0.6226438828860404  -0.7050788624292442  -0.339379423153611  -9.212151957995548  0.7539842960774754  0.6566132059049496  0.019151477743994227  3.8681899744273642  0.0  0.0  0.0  1.0
5494384562851;6.219799808788275;0.06334272141678142;-0.09198443250573213  0.9525826113116533  -0.2900435015704898  4.944250774824474  -0.06330546634203119  0.2850948198794603  0.9564064834625062  3.1293704183077304  0.9937460853295562  0.10633584675249691  0.03407940122145782  -8.328327845629047  0.0  0.0  0.0  1.0
5494384562882;6.86050681050468;0.10807360008129321;-0.922185430329165  0.2793705486494974  0.2674436924586015  12.479748770504143  -0.3086197188990718  -0.11481567393581876  -0.9442304962906687  1.0822941504790349  -0.23308346401079266  -0.9532940037396345  0.19210060186992386  6.06660664192788  0.0  0.0  0.0  1.0
5494384562913;3.2808971466396697;4.832851340947185;0.8843925762419984  -0.31062157485228553  -0.34837337487863024  -2.5738393427842654  -0.42945549792155924  -0.24921696128988083  -0.8680200928033769  2.028660165547127  0.1828052143484593  0.9172813872753136  -0.35380377353172726  2.9236590014972728  0.0  0.0  0.0  1.0
5494384562944;2.926015559566035;0.6959141999447854;-0.8641634432854388  -0.10402034836937385  0.4923426758002679  3.244666941420065  0.3158570570779801  0.6495300517010546  0.6916249210600088  -0.883504014299139  -0.391734428896786  0.7531868818974078  -0.5284445648831758  -0.13005367943760993  0.0  0.0  0.0  1.0
5494384562975;7.45090069206603;7.45090069206603;1.0  0.0  0.0  0.0  0.0  1.0  0.0  0.0  0.0  0.0  1.0  0.0  0.0  0.0  0.0  1.0
5494384563006;1.7422069969351626;1.7422069969351626;1.0  0.0  0.0  0.0  0.0  1.0  0.0  0.0  0.0  0.0  1.0  0.0  0.0  0.0  0.0  1.0
5494384563037;5.728273913522797;2.0891682966545675;0.5440555848300084  0.793052488988366  -0.2739913690696028  6.505166544563284  -0.8323667351219588  0.5512662122176709  -0.05719424385017169  1.348680311048003  0.10568414676614724  0.2591781491108763  0.9600299725246972  5.3323198065211574  0.0  0.0  0.0  1.0
5494384563068;4.596809114569144;0.017125814511492088;0.5890287622286889  -0.4495197157682119  -0.6715483172512637  5.812091552618273  0.7685671057093479  0.5683931164176834  0.29365603898191706  -6.7684085968623275  0.24969926169072654  -0.6891017996962852  0.6802859607300787  -0.9409095367018989  0.0  0.0  0.0  1.0
5494384563099;7.571012982470478;2.38470284496347;0.3271845346699351  -0.08711045886416637  -0.9409367928980636  9.276145678447328  0.9308949530014563  0.20087560329597154  0.3050960151770201  -3.9791488000520197  0.1624341920570765  -0.975736009357528  0.14681407730122834  9.056762899670268  0.0  0.0  0.0  1.0
