# registration_from_features.py RANSAC RANSAC_config.json euclidean True --input_txt=/neural_comparison/point_clouds_registration_benchmark//kaist/urban05_global.txt --input_pcd_dir=/neural_comparison/point_clouds_registration_benchmark//kaist/urban05/ --input_features_dir=/neural_comparison/experiments/FPFH/features_voxelgrid_0.2//kaist/urban05/ --output_dir=/root/neural_registration_comparison/results/FPFH/RANSAC_voxelgrid_0.2/
id;initial_error;final_error;transformation
34562489690030;3.026378295279987;3.026378295279987;1.0  0.0  0.0  0.0  0.0  1.0  0.0  0.0  0.0  0.0  1.0  0.0  0.0  0.0  0.0  1.0
34562489690061;2.3389289960652655;2.3389289960652655;1.0  0.0  0.0  0.0  0.0  1.0  0.0  0.0  0.0  0.0  1.0  0.0  0.0  0.0  0.0  1.0
34562489690092;2.8315574878443655;3.3306947983653585;0.7721399937221423  0.6347512508970882  -0.029844255382771023  -4946845.133857274  0.6350918353919552  -0.772432279103639  0.0025951526419800888  13814056.112506015  -0.021405389817699128  -0.02095766407163681  -0.9995511920874354  183929.90243744635  0.0  0.0  0.0  1.0
34562489690123;1.8101091339027975;3.486232775185537;0.39673548692490823  0.9179045892828683  0.007219306608326568  -6961295.095513567  0.8796477994713225  -0.37792899891732845  -0.288772264358276  10468389.89703995  -0.2623370013927051  0.1209166520823122  -0.9573705974958124  -788246.72989926  0.0  0.0  0.0  1.0
34562489690154;2.62470578061902;2.62470578061902;1.0  0.0  0.0  0.0  0.0  1.0  0.0  0.0  0.0  0.0  1.0  0.0  0.0  0.0  0.0  1.0
34562489690185;5.512606798611554;4.05305685038566;0.012431932088344817  -0.7287753513861774  0.684640003415303  6557200.561141923  0.46002923991659195  -0.6037602574280607  -0.6510350604784385  12580236.56538664  0.8878167296724663  0.32304804404663434  0.32775206445014315  -3222799.0793833737  0.0  0.0  0.0  1.0
34562489690216;1.5460191220852306;1.5460191220852306;1.0  0.0  0.0  0.0  0.0  1.0  0.0  0.0  0.0  0.0  1.0  0.0  0.0  0.0  0.0  1.0
34562489690247;5.3501947700473025;3.183991426651166;0.6519766940448068  -0.7541471244623451  0.07866705210938396  6312129.124124205  0.7549931151865985  0.6552719220858293  0.02457853019971841  2243143.592069637  -0.07008413831417062  0.04336845387051742  0.9965979082687466  -299678.7491246468  0.0  0.0  0.0  1.0
34562489690278;1.7336325432466153;1.7336325432466153;1.0  0.0  0.0  0.0  0.0  1.0  0.0  0.0  0.0  0.0  1.0  0.0  0.0  0.0  0.0  1.0
34562489690309;1.8806280573322476;1.8806280573322476;1.0  0.0  0.0  0.0  0.0  1.0  0.0  0.0  0.0  0.0  1.0  0.0  0.0  0.0  0.0  1.0
34562489690340;1.342499596526476;1.342499596526476;1.0  0.0  0.0  0.0  0.0  1.0  0.0  0.0  0.0  0.0  1.0  0.0  0.0  0.0  0.0  1.0
34562489690371;2.166541248145545;2.166541248145545;1.0  0.0  0.0  0.0  0.0  1.0  0.0  0.0  0.0  0.0  1.0  0.0  0.0  0.0  0.0  1.0
34562489690402;1.8237522520831808;4.161480225437271;-0.3365452845172094  0.8757445910752616  0.34613390858402543  -6106983.908677401  -0.8558763337402858  -0.1311818412441491  -0.5002669546063212  9702495.527730182  -0.3926995961450923  -0.4646103052346329  0.7936776999873838  4014005.016992054  0.0  0.0  0.0  1.0
34562489690433;1.485279001754726;1.9725721281073776;0.7636092440821858  -0.6222617064847159  -0.17231161015718582  5172564.911167572  0.5772771789823168  0.7774961881626777  -0.24950097398351828  1384699.5471957773  0.28922652191396814  0.0910496899238826  0.9529207590279025  -935715.2314754742  0.0  0.0  0.0  1.0
34562489690464;3.2048953782106575;3.2048953782106575;1.0  0.0  0.0  0.0  0.0  1.0  0.0  0.0  0.0  0.0  1.0  0.0  0.0  0.0  0.0  1.0
34562489690495;1.6045786219463427;2.768212073903562;-0.9998783586761925  0.010590899427828537  0.011449921410768532  1319463.2740638591  0.011642200644881459  0.9953101984660093  0.09603159893335383  29538.997993623838  -0.01037916254557552  0.09615321980496466  -0.9953124289920176  -766031.0144846844  0.0  0.0  0.0  1.0
34562489690526;5.298220209160753;4.0668351484244845;-0.6526486036719368  0.7373939206115429  -0.174068969004267  -4771725.111266253  -0.7451519278876017  -0.6662789139291918  -0.02865332823123741  13929841.12637138  -0.13710727365993874  0.11100727317826595  0.9843165043882298  -796790.2083316311  0.0  0.0  0.0  1.0
34562489690557;4.725165945981713;2.6281141702037507;0.5642541991280595  -0.7116787547856386  -0.4184860197821605  6032114.225922431  -0.821613442737213  -0.43428566366915045  -0.3692523703985525  12117050.824869748  0.08104658832953052  0.5521859399859873  -0.8297723411887957  -4499394.416641578  0.0  0.0  0.0  1.0
34562489690588;1.3460500527468555;1.3460500527468555;1.0  0.0  0.0  0.0  0.0  1.0  0.0  0.0  0.0  0.0  1.0  0.0  0.0  0.0  0.0  1.0
34562489690619;1.8205673160604245;1.8205673160604245;1.0  0.0  0.0  0.0  0.0  1.0  0.0  0.0  0.0  0.0  1.0  0.0  0.0  0.0  0.0  1.0
34562489690650;2.1392684506950816;2.1392684506950816;1.0  0.0  0.0  0.0  0.0  1.0  0.0  0.0  0.0  0.0  1.0  0.0  0.0  0.0  0.0  1.0
34562489690681;1.8732202401465774;1.8732202401465774;1.0  0.0  0.0  0.0  0.0  1.0  0.0  0.0  0.0  0.0  1.0  0.0  0.0  0.0  0.0  1.0
34562489690712;2.5869430889270166;4.706127592081602;0.7538180807926832  0.13789668917685025  -0.6424506239269279  -936448.5832141051  0.31991675405532155  -0.9310432059557385  0.17553295735663754  15311663.073638683  -0.57394387490829  -0.3378506352779633  -0.7459526638450552  3121654.87156926  0.0  0.0  0.0  1.0
34562489690743;3.8819775247609996;3.8819775247609996;1.0  0.0  0.0  0.0  0.0  1.0  0.0  0.0  0.0  0.0  1.0  0.0  0.0  0.0  0.0  1.0
34562489690774;1.586561897713293;2.61622757742443;0.8446998897182453  -0.5328312795686152  0.05072399652291282  4396076.442871936  0.5349551872948635  0.8373579475546937  -0.11249273422451866  932807.7251370437  0.017465505898824722  0.12215766525381361  0.9923570229123363  -995104.925786778  0.0  0.0  0.0  1.0
34562489690805;1.205521164189387;1.205521164189387;1.0  0.0  0.0  0.0  0.0  1.0  0.0  0.0  0.0  0.0  1.0  0.0  0.0  0.0  0.0  1.0
34562489690836;2.065099418152508;2.065099418152508;1.0  0.0  0.0  0.0  0.0  1.0  0.0  0.0  0.0  0.0  1.0  0.0  0.0  0.0  0.0  1.0
34562489690867;2.727894652051314;2.727894652051314;1.0  0.0  0.0  0.0  0.0  1.0  0.0  0.0  0.0  0.0  1.0  0.0  0.0  0.0  0.0  1.0
34562489690898;2.29580039724926;4.373018028500301;0.9079707359732676  -0.24803891809092724  -0.3377363435113921  2060355.4241190848  0.18664679556954708  0.9610131278308708  -0.20400181822803887  182613.64911333378  0.37516945014190917  0.1221902747726201  0.9188674661947768  -1246614.8334968544  0.0  0.0  0.0  1.0
34562489690929;2.300657442855721;2.345206233978704;-0.09097177207842093  -0.7708683642977026  -0.6304649884092661  6968416.718735348  0.22483271990505477  0.6008458173435755  -0.767094877991521  3053595.692040979  0.970141425125743  -0.21153313855213265  0.11865642228416073  1020590.9860790079  0.0  0.0  0.0  1.0
34562489690960;1.3464116655749152;1.3464116655749152;1.0  0.0  0.0  0.0  0.0  1.0  0.0  0.0  0.0  0.0  1.0  0.0  0.0  0.0  0.0  1.0
34562489690991;1.2386766652537227;1.1323565130374416;0.4055710961820251  -0.8918641433038654  -0.20022596192945216  7593138.713962723  0.883759885796646  0.43853762342276503  -0.16325813027047842  3896575.435787525  0.23341068998314968  -0.11073889439387061  0.9660519380809782  727019.7378813437  0.0  0.0  0.0  1.0
34562489691022;4.77837015482652;2.204032620269185;-0.5850584781959633  -0.593750023364103  0.5524196655135937  5890406.978943753  -0.7684421722763244  0.188128449363961  -0.611640674258306  7071859.987035722  0.2592358095600746  -0.7823481298597443  -0.5663287020332756  6112591.834128072  0.0  0.0  0.0  1.0
34562489691053;2.167491542430286;5.251053551965249;0.1122933209888428  -0.241794246244573  0.9638079438063973  2568710.556655238  0.9274950906080864  -0.3225502744718379  -0.1889819497625092  9989132.497620093  0.3565712649095468  0.9151485469152869  0.18804273482281883  -7613121.227878997  0.0  0.0  0.0  1.0
34562489691084;2.4865787628779126;2.4865787628779126;1.0  0.0  0.0  0.0  0.0  1.0  0.0  0.0  0.0  0.0  1.0  0.0  0.0  0.0  0.0  1.0
34562489691115;1.9042244213164048;2.3620875549935687;-0.7130971910185132  -0.6956478056462446  -0.08698578424702763  6800454.725321822  0.6737485366571494  -0.7143139398148566  0.1892577732578687  13319366.49615749  -0.19379191292171039  0.07635264164219553  0.9780669550702565  -478156.27633403044  0.0  0.0  0.0  1.0
34562489691146;2.204368269441607;2.204368269441607;1.0  0.0  0.0  0.0  0.0  1.0  0.0  0.0  0.0  0.0  1.0  0.0  0.0  0.0  0.0  1.0
34562489691177;3.9205161639220982;3.9205161639220982;1.0  0.0  0.0  0.0  0.0  1.0  0.0  0.0  0.0  0.0  1.0  0.0  0.0  0.0  0.0  1.0
34562489691208;2.3565380774100433;1.0532742627478624;0.05247598243550187  0.9283496165206244  -0.3679854083702779  -6803524.606036973  -0.7690541144633725  0.2726322887238547  0.5781240387426825  6392269.693989696  0.6370259337690948  0.2526630654670438  0.7282577394401031  -2480270.338400388  0.0  0.0  0.0  1.0
34562489691239;2.888227844794611;3.331838619048862;-0.9836826918929937  -0.08844061747784779  -0.15667360610610379  2104875.96277738  0.06521478451054352  -0.9868895653423976  0.14763474421536704  15939655.309234744  -0.16767645497026998  0.13500830714600653  0.9765538200479137  -968423.2946591821  0.0  0.0  0.0  1.0
34562489691270;2.5432202258587244;2.5432202258587244;1.0  0.0  0.0  0.0  0.0  1.0  0.0  0.0  0.0  0.0  1.0  0.0  0.0  0.0  0.0  1.0
34562489691301;2.1034157138496146;1.8248322754877506;0.4170406182237784  0.8857590608266264  0.20373514403524107  -6717061.678291934  -0.6704725651067838  0.1484759483392156  0.7269260156328833  7322059.228442333  0.6136315361767657  -0.4397564995861941  0.6557976508657528  3107119.1855363273  0.0  0.0  0.0  1.0
34562489691332;1.5400005703685937;1.1806252090789606;0.10786405404959382  0.9212786935561561  -0.3736454397466248  -6785433.009513023  -0.9254555980795174  0.23034444319711528  0.3007879210864254  6842503.791476552  0.36317665374755165  0.31334805933286575  0.8774484098139661  -2776221.6397036947  0.0  0.0  0.0  1.0
34562489691363;3.2280224062918226;3.2280224062918226;1.0  0.0  0.0  0.0  0.0  1.0  0.0  0.0  0.0  0.0  1.0  0.0  0.0  0.0  0.0  1.0
34562489691394;2.3976719802288198;2.3976719802288198;1.0  0.0  0.0  0.0  0.0  1.0  0.0  0.0  0.0  0.0  1.0  0.0  0.0  0.0  0.0  1.0
34562489691425;1.0094624480211292;1.6385212183467002;-0.8926947794109754  -0.3617677647956422  -0.26873800469445175  4240371.2351266965  -0.40385081262749634  0.9068166522588301  0.12078112570347577  1033431.5661161104  0.20000137987649264  0.21635074194661985  -0.9556106971495486  -1880903.1029687158  0.0  0.0  0.0  1.0
34562489691456;2.09075176249572;2.09075176249572;1.0  0.0  0.0  0.0  0.0  1.0  0.0  0.0  0.0  0.0  1.0  0.0  0.0  0.0  0.0  1.0
34562489691487;4.819526363868169;7.22850405135666;0.911366235601335  0.3891827211228179  0.13397161708844058  -3068993.895778509  0.15444454212820585  -0.021643177298339422  -0.9877643728558155  8111432.032140197  -0.3815212549946095  0.9209062832101174  -0.07983200818886249  -7141111.154298267  0.0  0.0  0.0  1.0
34562489691518;0.9081270063423241;0.9081270063423241;1.0  0.0  0.0  0.0  0.0  1.0  0.0  0.0  0.0  0.0  1.0  0.0  0.0  0.0  0.0  1.0
34562489691549;2.7018815013951687;2.2956783433428756;0.9814248139190795  0.1544566843011371  0.11379133226480322  -1229670.33458537  0.09337088409688249  -0.9027069903881528  0.4200023422640996  15242936.127602324  0.167592400265843  -0.4015759233059947  -0.9003607972330157  3113516.7364393743  0.0  0.0  0.0  1.0
34562489691580;4.668438872941319;2.494686752108148;0.6802976847067495  -0.7329127164206755  -0.005831834317116218  6121375.670091241  0.7325127808973355  0.6801537464333395  -0.028564086450367128  2058759.8373059481  0.024901526151778697  0.015160188704584878  0.9995749510035521  -139473.19129475617  0.0  0.0  0.0  1.0
34562489691611;3.9959073484826004;2.7421700007568823;-0.6999161778496931  0.7142073446330468  0.005021240532896022  -4552156.484241944  0.7074603648552839  0.6942352423739743  -0.13242832176229466  1963153.248615154  -0.09806720217843229  -0.08913639614748585  -0.9911798659873661  786319.2403666228  0.0  0.0  0.0  1.0
34562489691642;3.292173022565408;0.1039916645008982;-0.9789068376692872  -0.16127453740772518  0.12542697775295938  2687529.7643203805  0.20429923418821222  -0.7672956850544635  0.6078808720521742  14075378.39846892  -0.0017961276199507659  0.6206833776417131  0.7840592571004104  -4992474.8411195995  0.0  0.0  0.0  1.0
34562489691673;1.953679954832125;1.953679954832125;1.0  0.0  0.0  0.0  0.0  1.0  0.0  0.0  0.0  0.0  1.0  0.0  0.0  0.0  0.0  1.0
34562489691704;2.008186623570813;2.008186623570813;1.0  0.0  0.0  0.0  0.0  1.0  0.0  0.0  0.0  0.0  1.0  0.0  0.0  0.0  0.0  1.0
34562489691735;2.8076941945791956;3.926131935160202;-0.7988620975734797  0.5912506881025587  -0.11064344932598102  -3493349.957789041  0.5999918267792772  0.79632244508713  -0.0766835787409557  1217269.0811254242  0.0427686434033824  -0.12764476984469675  -0.9908973992663059  997240.6784995616  0.0  0.0  0.0  1.0
34562489691766;1.8275291698076832;5.284531477268334;0.2326986323561475  -0.9682552798370923  0.09128559342620429  8329366.828294331  -0.27825558380960924  -0.15622187247443864  -0.9477175510875353  9498295.24042234  0.9318933289697663  0.1951318519057715  -0.30577505423672474  -2224444.127755201  0.0  0.0  0.0  1.0
34562489691797;3.7232768051076097;5.7393911036555325;-0.8643670497184727  -0.48803408063709514  -0.12121196103392047  5236389.36900825  -0.4871351789054682  0.872456252324215  -0.038979549165214455  1368417.3804605836  0.12477548170101689  0.0253539724124489  -0.991861006013034  -291368.23040980694  0.0  0.0  0.0  1.0
34562489691828;2.886530052875628;2.5685699025360216;0.34523920970499355  -0.6071179048262102  0.7156938854857593  5344082.503476037  -0.5164006014886142  -0.7596492932128587  -0.3953016191509985  14519737.248234652  0.7836710450593847  -0.23311113435577457  -0.575776772868527  1325593.8773081899  0.0  0.0  0.0  1.0
34562489691859;3.863192297346279;1.5910287075923155;0.832908988053086  0.3182711374846199  0.4527318198057556  -2443405.2967730556  0.20736453098758634  0.5789876058276016  -0.7885260322819537  3241795.3249866553  -0.5130911896619189  0.7506509410786539  0.4162458357137622  -5678995.8775810795  0.0  0.0  0.0  1.0
34562489691890;3.6706534983214847;1.613315393834562;-0.9621521418447043  0.2679638903987363  -0.04958436634688246  -777515.1334275072  0.25102205282497275  0.942303267391692  0.22147794756697195  287829.4378659092  0.10607160288778722  0.20064871219451116  -0.9739039528390363  -1688572.5686216543  0.0  0.0  0.0  1.0
34562489691921;3.2786406111649433;5.055873037555644;0.20880936677435977  0.9592108200318773  -0.19056036072873359  -7161608.539218333  0.9777905245576892  -0.20836049586508304  0.02261844044261091  9035088.335147195  -0.01800939844886904  -0.19105105730309602  -0.9814148740827598  1550058.6749510341  0.0  0.0  0.0  1.0
34562489691952;2.441651137137093;2.631612841663097;0.9381157134768344  -0.172940674166088  -0.3000507146247597  1434952.8701546644  -0.3438913767556912  -0.3627066185146872  -0.8661308387759422  11205707.863288455  0.04095887108948876  0.9157158031314195  -0.39973358474670906  -7396215.51699847  0.0  0.0  0.0  1.0
34562489691983;3.0513635683647133;1.2255601702309429;0.8753963745431615  0.48311857948941667  -0.01666210037231857  -3799503.329975328  -0.47460567002483856  0.8524026361552712  -0.2194520536605175  1520988.3258208996  -0.09181854614925639  0.20001545947169375  0.9754809944613807  -1544769.5881241777  0.0  0.0  0.0  1.0
34562489692014;1.9745718167701451;1.628510296400973;-0.34331585124197184  0.8589327011960832  -0.37995899923807497  -5966967.122440495  0.9374076774749318  0.2882429148691447  -0.19540437108414963  5068074.183512567  -0.05831871480968466  -0.4232619010066205  -0.9041284702182587  3446686.339283417  0.0  0.0  0.0  1.0
34562489692045;1.2175878921579373;1.887945302580159;-0.08797633868680249  0.35211865493227884  -0.9318114705668459  -2068539.751024345  0.8162615295409453  0.5616456390947253  0.1351713411835252  2953368.044313781  0.5709441997452476  -0.7487099765159803  -0.3368324388218854  5622943.390429022  0.0  0.0  0.0  1.0
34562489692076;4.820847866328376;3.25063161693074;0.9281398169639051  -0.34722410034556805  -0.13413390438445447  2844155.5682172356  0.045620183422193414  -0.25152463340967857  0.9667751329304298  10037182.703577608  -0.3694256068963446  -0.9034217082444587  -0.2176096000684017  7528366.663300129  0.0  0.0  0.0  1.0
34562489692107;1.0951736045872003;4.030935206957463;-0.17983598364056563  0.9836117925351288  0.012917452297608212  -7084928.362667512  -0.8311488991419168  -0.15895852376611355  0.5328449072453232  9908072.966129545  0.5261658735068339  0.08508836176545338  0.8461143210281111  -1054118.5020486182  0.0  0.0  0.0  1.0
34562489692138;2.6395870453587285;2.118238767109233;-0.9020270667802543  -0.38405345474268315  0.1971043243970579  4426162.199481507  -0.2859754400628875  0.873671608505336  0.39359365870468077  1217254.2393710203  -0.32336545652968024  0.2986651375569449  -0.8979052940769658  -2175565.0528821205  0.0  0.0  0.0  1.0
34562489692169;2.994782826868506;2.994782826868506;1.0  0.0  0.0  0.0  0.0  1.0  0.0  0.0  0.0  0.0  1.0  0.0  0.0  0.0  0.0  1.0
34562489692200;5.292190560418294;2.4667782992846186;-0.26808022350153565  0.3724447952648288  0.8884919066865533  -2105797.1211454417  -0.5623659871865979  0.6883194339283546  -0.4582148549885661  2902845.369507959  -0.7822259841139322  -0.6224959689481444  0.024925457273651863  5558085.427434972  0.0  0.0  0.0  1.0
34562489692231;1.8630711678931846;2.286885275651144;-0.7906237191786769  0.61229959334132  -0.0018282959636107942  -3668369.6548828725  -0.6121027564483028  -0.7902862802174477  0.027889260450193333  14834077.982408497  0.01563170561602499  0.02316901582120411  0.9996093469377978  -197385.69968668034  0.0  0.0  0.0  1.0
34562489692262;5.46562893652775;2.666505253594611;0.536662114532217  0.452034403039122  -0.7125017005557771  -3311299.6624223744  -0.837001222774947  0.3921355464628963  -0.3816525465308584  5478735.59241683  0.10687716266374525  0.8011832572322706  0.5887976396281127  -6521077.240881566  0.0  0.0  0.0  1.0
34562489692293;5.069828729190322;2.334219242378314;0.6151778621500035  0.7109987366606102  -0.34064203262012155  -5450056.191220007  0.7822481481360688  -0.6042904491694625  0.15139645894227619  12357993.82368808  -0.09820403585516363  -0.3596023491435867  -0.927923551717582  2962512.167451105  0.0  0.0  0.0  1.0
34562489692324;3.2273635158321206;2.049964040842948;0.6783494778675205  0.7340721672447769  -0.031305577033794635  -5680122.759823285  -0.23135738740344283  0.25384743608348  0.939167311232507  6165717.5436735395  0.697363424027039  -0.6298408786911183  0.3420302945045721  4577660.1573384395  0.0  0.0  0.0  1.0
34562489692355;1.3752959580528585;2.3983588337982455;0.441475274702244  0.8972733868041336  -0.00022618492113851696  -6826922.855200755  -0.8972734152605639  0.44147526336255877  -0.0001005266316179837  5124043.942617804  9.655176412384607e-06  0.0002473297389788687  0.9999999693673884  -1998.1559407820764  0.0  0.0  0.0  1.0
34562489692386;5.158940174423677;1.5163924556306099;-0.3225824522599026  -0.8201988265306867  0.472455761369963  7528066.926277465  -0.6596011866674956  -0.1632010363620075  -0.7336836486369297  9822136.083293796  0.6788717375475416  -0.5483058514078163  -0.4883583287619142  3934761.1607738254  0.0  0.0  0.0  1.0
34562489692417;4.03283871174125;4.750214727291747;-0.6568237322438957  0.10898350907596463  0.7461267851449158  287061.6018908942  -0.1147479146320024  0.9635292851659486  -0.2417524202881992  374084.37204639614  -0.745262035024464  -0.24440521961914927  -0.6203632708132469  2490200.717060026  0.0  0.0  0.0  1.0
34562489692448;4.000054921873328;1.5301715668339195;0.5871289437820093  -0.23780703969251948  -0.7737747832839367  2203453.9246493056  -0.8094743800159769  -0.16592168022260312  -0.5632239555717226  9949419.79940066  0.005552609402071072  0.9570359491183121  -0.28991612687817037  -7703808.180965902  0.0  0.0  0.0  1.0
34562489692479;2.0170795377863655;3.6722828280946973;0.8109396575063842  -0.4393479784775463  -0.3864585691780191  3667675.3495301977  0.03316739346775491  -0.6248897940777204  0.7800081212834004  13049797.138696544  -0.5841890069951535  -0.6453573421486719  -0.49217588831719405  5602834.265862893  0.0  0.0  0.0  1.0
34562489692510;1.1740247611060295;1.4936236381251766;-0.33117693902834505  0.873674009128745  -0.3563924253245587  -6094146.357200383  -0.7656251079389134  -0.028057290802282198  0.6426748653295559  8809019.192942483  0.5514889202416879  0.48570208379802277  0.6781986852279467  -4295081.428551702  0.0  0.0  0.0  1.0
34562489692541;3.354655951863199;1.1555153690493705;-0.3473783192669746  -0.8371401794070149  -0.42252174302116424  7681857.03524475  0.9069667785025357  -0.1854880756346144  -0.3781605961626616  8901139.52879158  0.23820068428949548  -0.5145779764231643  0.8236928676298332  3972877.869111712  0.0  0.0  0.0  1.0
34562489692572;1.8393631220032445;1.3710208403629385;0.7170929574307268  -0.6525952083048316  0.2447390130339421  5449308.062909763  -0.2444406683875683  0.09335880055388229  0.9651595173842403  7466161.6898927  -0.6527070170003486  -0.7519332606400084  -0.0925738705131885  6508543.052607489  0.0  0.0  0.0  1.0
34562489692603;2.6663199487245373;0.6791725505868611;-0.809583029327959  0.3439667454052511  0.4756702604530634  -1496514.1996387362  -0.1287342888710633  -0.8946439421199553  0.4278313916684098  15334178.238326073  0.5727152883353366  0.28512996139196917  0.7685688671964196  -2696318.0165189365  0.0  0.0  0.0  1.0
34562489692634;2.141177615887272;2.0323754743645086;-0.9071184396887958  -0.23181331648849113  0.3512815433169979  3204845.5285797743  -0.4167730855309911  0.6110110643789917  -0.6730272463900917  3422586.790367256  -0.05862023160600971  -0.7569201183117403  -0.6508729545321414  6131389.862456033  0.0  0.0  0.0  1.0
34562489692665;3.9424089616480122;2.3285193680158955;0.4363278242201972  0.7756767614325348  -0.456008324030168  -5844815.617629204  0.8997781809113661  -0.3784791715533291  0.21714682096714794  10458711.880214872  -0.004153909857192278  -0.5050535402052336  -0.8630780188135128  4066709.21513265  0.0  0.0  0.0  1.0
34562489692696;1.8711162461125304;1.8730709512482204;0.024141524106010594  -0.9717579205450216  -0.23474183834982407  8504090.52378709  -0.9617233153131695  0.04153684806146796  -0.2708559673261137  8387207.274773413  0.27295686764924076  0.232295574884961  -0.9335594862096255  -2060473.9340891137  0.0  0.0  0.0  1.0
34562489692727;3.310271605615024;1.867761047795199;0.31365522460131434  0.8177253384706845  -0.4826444559956162  -6096913.834756689  -0.9134003692566861  0.12094320716103654  -0.3886804678439  7714163.1295145  -0.2594612986979936  0.5627592837658104  0.7848450949157699  -4345442.326036833  0.0  0.0  0.0  1.0
34562489692758;4.511424934062755;1.7551522511370927;-0.6691201434915841  0.7430640012562701  0.011581174846405362  -4806067.876712216  -0.7431138374829479  -0.6691650204107854  -1.2857686966688944e-18  13951681.226103231  0.0077497171024757255  -0.00860613128267329  0.9999329359457945  63787.702959949376  0.0  0.0  0.0  1.0
34562489692789;1.931706743686756;1.6411991859573765;0.19238026717599538  -0.9691385414453259  -0.15414382986846678  8364848.775740057  0.9722223080219378  0.16689071992746543  0.16410749948307798  6019982.631860187  -0.13331772795014463  -0.18143311463820078  0.9743245908458293  1553432.4782718557  0.0  0.0  0.0  1.0
34562489692820;4.539455050249923;1.9301808504181321;-0.17864246519548144  0.6324528574410683  0.7537176213566386  -4260749.127392475  -0.660326792498175  0.4908361249959608  -0.5683734912080447  4560510.716285927  -0.7294212752161491  -0.599235580980951  0.32994139138409007  5333761.928648456  0.0  0.0  0.0  1.0
34562489692851;3.0455147307974437;3.9454467131219513;0.8843157161667645  0.4552067737088386  -0.10379068990064493  -3581148.7416021544  0.4429582640747741  -0.8882534485070281  -0.12162971472150275  14881001.730467169  -0.14755910825267318  0.06158412445559211  -0.9871340867312373  -391535.70053659193  0.0  0.0  0.0  1.0
34562489692882;3.605304913385411;3.95714084795478;0.3035797059703149  -0.8049309884664325  -0.5098288594513153  6965535.641787297  -0.9198441641294584  -0.3871162776411129  0.06346417337574367  11806491.529229503  -0.2484473301123497  0.44969666597801294  -0.8579317180104165  -3443312.888506894  0.0  0.0  0.0  1.0
34562489692913;4.484860766274024;5.303726334206259;0.3856110567110517  0.8288561744096443  -0.40534128223658117  -6237009.5111675095  0.1202588287610255  -0.4807201867225771  -0.8685884619210857  11828925.745515924  -0.914790646567406  0.28619144679815334  -0.28504829193027514  -1659803.0768796653  0.0  0.0  0.0  1.0
34562489692944;1.7079159739228686;2.9863441730885585;0.7376346286992729  0.6072420609687091  -0.2952155719709922  -4701330.090418616  -0.6711237811511812  0.6114162356727911  -0.4192410489551987  3597994.8330642255  -0.0740812048837444  0.5073729063974426  0.8585363760125626  -4030102.5778135676  0.0  0.0  0.0  1.0
34562489692975;1.881460468963167;0.6196014651324945;0.27097396889657777  -0.15210149268891499  0.9504936844094446  1735803.833865259  -0.946189248442913  -0.22357065496540882  0.23397022966474665  10509221.012629222  0.1769152743871278  -0.9627467466370074  -0.2044986247591537  7621880.202261365  0.0  0.0  0.0  1.0
34562489693006;1.115739312366094;1.595671958235128;-0.777606295932416  -0.599345138405369  -0.19003645333492455  6070719.489105379  0.6285669576555671  -0.7336981900235332  -0.25805144002662705  13507187.457934096  0.015232474188137777  -0.3201130597555192  0.9472568821096351  2564808.5231766882  0.0  0.0  0.0  1.0
34562489693037;3.6096861314976527;2.5040638833799576;-0.32856676752355535  0.7757765390777784  0.5387157327344607  -5308378.566573773  0.8909587794286719  0.4438664164253263  -0.09578652164428171  3848560.5227476787  -0.3134267580122884  0.4485012439071309  -0.8370246720232702  -3388020.350513816  0.0  0.0  0.0  1.0
34562489693068;5.981505073479419;2.7378013532099335;-0.6616843505094424  -0.7497669519931294  0.004830940884529178  7199777.252606798  -0.7497802205236634  0.6616845317378508  -0.0017892373647098725  3248745.0424272306  -0.001855047811702204  -0.0048060542853143595  -0.9999867302318681  40251.78833016731  0.0  0.0  0.0  1.0
34562489693099;4.279282882274275;2.860066072483178;0.5877102214959687  0.4939274133187446  -0.6408060595230158  -3684324.0982588744  0.6621481485406754  -0.7487665278680903  0.030141601293252385  13605004.72570999  -0.46492636506581947  -0.44202307305911076  -0.7671108641846143  3883233.4489320517  0.0  0.0  0.0  1.0
