# registration_from_features.py RANSAC RANSAC_config.json euclidean True --use_random_keypoints=False --n_keypoints=5000 --input_txt=/neural_comparison/point_clouds_registration_benchmark//kaist/urban05_global.txt --input_pcd_dir=/neural_comparison/point_clouds_registration_benchmark//kaist/urban05/ --input_features_dir=/neural_comparison/experiments/FPFH/features_voxelgrid_0.2//kaist/urban05/ --output_dir=/root/neural_registration_comparison/results/FPFH/RANSAC_features_voxelgrid_0.2/
id;initial_error;final_error;transformation
34562489690030;3.026378295279987;3.026378295279987;1.0  0.0  0.0  0.0  0.0  1.0  0.0  0.0  0.0  0.0  1.0  0.0  0.0  0.0  0.0  1.0
34562489690061;2.3389289960652655;2.3389289960652655;1.0  0.0  0.0  0.0  0.0  1.0  0.0  0.0  0.0  0.0  1.0  0.0  0.0  0.0  0.0  1.0
34562489690092;2.8315574878443655;2.8315574878443655;1.0  0.0  0.0  0.0  0.0  1.0  0.0  0.0  0.0  0.0  1.0  0.0  0.0  0.0  0.0  1.0
34562489690123;1.8101091339027975;1.8101091339027975;1.0  0.0  0.0  0.0  0.0  1.0  0.0  0.0  0.0  0.0  1.0  0.0  0.0  0.0  0.0  1.0
34562489690154;2.62470578061902;2.62470578061902;1.0  0.0  0.0  0.0  0.0  1.0  0.0  0.0  0.0  0.0  1.0  0.0  0.0  0.0  0.0  1.0
34562489690185;5.512606798611554;5.512606798611554;1.0  0.0  0.0  0.0  0.0  1.0  0.0  0.0  0.0  0.0  1.0  0.0  0.0  0.0  0.0  1.0
34562489690216;1.5460191220852306;1.5460191220852306;1.0  0.0  0.0  0.0  0.0  1.0  0.0  0.0  0.0  0.0  1.0  0.0  0.0  0.0  0.0  1.0
34562489690247;5.3501947700473025;3.5803992654731758;-0.9032138289905997  -0.1806288908091174  0.38933017212284954  2790355.962953567  0.25985146105220525  -0.9521151813800595  0.16110214019264563  15523520.374333698  0.3415874665575041  0.2466776949598088  0.9069002797993511  -2224650.9054162675  0.0  0.0  0.0  1.0
34562489690278;1.7336325432466153;1.7336325432466153;1.0  0.0  0.0  0.0  0.0  1.0  0.0  0.0  0.0  0.0  1.0  0.0  0.0  0.0  0.0  1.0
34562489690309;1.8806280573322476;1.8806280573322476;1.0  0.0  0.0  0.0  0.0  1.0  0.0  0.0  0.0  0.0  1.0  0.0  0.0  0.0  0.0  1.0
34562489690340;1.342499596526476;1.342499596526476;1.0  0.0  0.0  0.0  0.0  1.0  0.0  0.0  0.0  0.0  1.0  0.0  0.0  0.0  0.0  1.0
34562489690371;2.166541248145545;2.166541248145545;1.0  0.0  0.0  0.0  0.0  1.0  0.0  0.0  0.0  0.0  1.0  0.0  0.0  0.0  0.0  1.0
34562489690402;1.8237522520831808;1.8237522520831808;1.0  0.0  0.0  0.0  0.0  1.0  0.0  0.0  0.0  0.0  1.0  0.0  0.0  0.0  0.0  1.0
34562489690433;1.485279001754726;1.485279001754726;1.0  0.0  0.0  0.0  0.0  1.0  0.0  0.0  0.0  0.0  1.0  0.0  0.0  0.0  0.0  1.0
34562489690464;3.2048953782106575;3.2048953782106575;1.0  0.0  0.0  0.0  0.0  1.0  0.0  0.0  0.0  0.0  1.0  0.0  0.0  0.0  0.0  1.0
34562489690495;1.6045786219463427;1.6045786219463427;1.0  0.0  0.0  0.0  0.0  1.0  0.0  0.0  0.0  0.0  1.0  0.0  0.0  0.0  0.0  1.0
34562489690526;5.298220209160753;5.298220209160753;1.0  0.0  0.0  0.0  0.0  1.0  0.0  0.0  0.0  0.0  1.0  0.0  0.0  0.0  0.0  1.0
34562489690557;4.725165945981713;4.725165945981713;1.0  0.0  0.0  0.0  0.0  1.0  0.0  0.0  0.0  0.0  1.0  0.0  0.0  0.0  0.0  1.0
34562489690588;1.3460500527468555;1.3460500527468555;1.0  0.0  0.0  0.0  0.0  1.0  0.0  0.0  0.0  0.0  1.0  0.0  0.0  0.0  0.0  1.0
34562489690619;1.8205673160604245;1.8205673160604245;1.0  0.0  0.0  0.0  0.0  1.0  0.0  0.0  0.0  0.0  1.0  0.0  0.0  0.0  0.0  1.0
34562489690650;2.1392684506950816;3.3677020939560363;-0.9085164858577398  0.4170571048203145  0.025713153124415262  -2014924.709032834  0.4114871958775951  0.882291330479325  0.22856136110422412  657977.8354078932  0.07263664745495921  0.21823239786960852  -0.9731898776531662  -1806527.0847506907  0.0  0.0  0.0  1.0
34562489690681;1.8732202401465774;1.8732202401465774;1.0  0.0  0.0  0.0  0.0  1.0  0.0  0.0  0.0  0.0  1.0  0.0  0.0  0.0  0.0  1.0
34562489690712;2.5869430889270166;2.3838066976333456;-0.8695093217375947  -0.17850981648426387  0.4605298956964493  2749473.43085003  0.18873347518615194  -0.9817302228969691  -0.02419596649909564  15811665.249105293  0.4564353346922062  0.06587878922249277  0.8873143582603589  -850660.8928453773  0.0  0.0  0.0  1.0
34562489690743;3.8819775247609996;3.8819775247609996;1.0  0.0  0.0  0.0  0.0  1.0  0.0  0.0  0.0  0.0  1.0  0.0  0.0  0.0  0.0  1.0
34562489690774;1.586561897713293;1.586561897713293;1.0  0.0  0.0  0.0  0.0  1.0  0.0  0.0  0.0  0.0  1.0  0.0  0.0  0.0  0.0  1.0
34562489690805;1.205521164189387;1.205521164189387;1.0  0.0  0.0  0.0  0.0  1.0  0.0  0.0  0.0  0.0  1.0  0.0  0.0  0.0  0.0  1.0
34562489690836;2.065099418152508;2.065099418152508;1.0  0.0  0.0  0.0  0.0  1.0  0.0  0.0  0.0  0.0  1.0  0.0  0.0  0.0  0.0  1.0
34562489690867;2.727894652051314;2.727894652051314;1.0  0.0  0.0  0.0  0.0  1.0  0.0  0.0  0.0  0.0  1.0  0.0  0.0  0.0  0.0  1.0
34562489690898;2.29580039724926;3.8144843506517914;-0.1068781564908488  0.9809946969363659  -0.16194586826419874  -7115350.231066519  0.9484276010055269  0.14947712805748956  0.27953832266540046  6176893.2154144095  0.29843281541415356  -0.12371739073554902  -0.9463782868988322  786062.6780328787  0.0  0.0  0.0  1.0
34562489690929;2.300657442855721;2.300657442855721;1.0  0.0  0.0  0.0  0.0  1.0  0.0  0.0  0.0  0.0  1.0  0.0  0.0  0.0  0.0  1.0
34562489690960;1.3464116655749152;1.3464116655749152;1.0  0.0  0.0  0.0  0.0  1.0  0.0  0.0  0.0  0.0  1.0  0.0  0.0  0.0  0.0  1.0
34562489690991;1.2386766652537227;1.2386766652537227;1.0  0.0  0.0  0.0  0.0  1.0  0.0  0.0  0.0  0.0  1.0  0.0  0.0  0.0  0.0  1.0
34562489691022;4.77837015482652;4.77837015482652;1.0  0.0  0.0  0.0  0.0  1.0  0.0  0.0  0.0  0.0  1.0  0.0  0.0  0.0  0.0  1.0
34562489691053;2.167491542430286;2.167491542430286;1.0  0.0  0.0  0.0  0.0  1.0  0.0  0.0  0.0  0.0  1.0  0.0  0.0  0.0  0.0  1.0
34562489691084;2.4865787628779126;2.4865787628779126;1.0  0.0  0.0  0.0  0.0  1.0  0.0  0.0  0.0  0.0  1.0  0.0  0.0  0.0  0.0  1.0
34562489691115;1.9042244213164048;1.9042244213164048;1.0  0.0  0.0  0.0  0.0  1.0  0.0  0.0  0.0  0.0  1.0  0.0  0.0  0.0  0.0  1.0
34562489691146;2.204368269441607;2.204368269441607;1.0  0.0  0.0  0.0  0.0  1.0  0.0  0.0  0.0  0.0  1.0  0.0  0.0  0.0  0.0  1.0
34562489691177;3.9205161639220982;3.9205161639220982;1.0  0.0  0.0  0.0  0.0  1.0  0.0  0.0  0.0  0.0  1.0  0.0  0.0  0.0  0.0  1.0
34562489691208;2.3565380774100433;2.3565380774100433;1.0  0.0  0.0  0.0  0.0  1.0  0.0  0.0  0.0  0.0  1.0  0.0  0.0  0.0  0.0  1.0
34562489691239;2.888227844794611;2.888227844794611;1.0  0.0  0.0  0.0  0.0  1.0  0.0  0.0  0.0  0.0  1.0  0.0  0.0  0.0  0.0  1.0
34562489691270;2.5432202258587244;2.5432202258587244;1.0  0.0  0.0  0.0  0.0  1.0  0.0  0.0  0.0  0.0  1.0  0.0  0.0  0.0  0.0  1.0
34562489691301;2.1034157138496146;2.1034157138496146;1.0  0.0  0.0  0.0  0.0  1.0  0.0  0.0  0.0  0.0  1.0  0.0  0.0  0.0  0.0  1.0
34562489691332;1.5400005703685937;1.5400005703685937;1.0  0.0  0.0  0.0  0.0  1.0  0.0  0.0  0.0  0.0  1.0  0.0  0.0  0.0  0.0  1.0
34562489691363;3.2280224062918226;3.2280224062918226;1.0  0.0  0.0  0.0  0.0  1.0  0.0  0.0  0.0  0.0  1.0  0.0  0.0  0.0  0.0  1.0
34562489691394;2.3976719802288198;2.3976719802288198;1.0  0.0  0.0  0.0  0.0  1.0  0.0  0.0  0.0  0.0  1.0  0.0  0.0  0.0  0.0  1.0
34562489691425;1.0094624480211292;3.6994615809256626;0.6116559871821663  0.38082746748416274  -0.6934316068321436  -2791081.9304637704  -0.1377171118747722  -0.8118770964424313  -0.567353132862663  14674578.511728812  -0.779044896293584  0.4425223387376122  -0.4441430279505835  -3012837.2683183923  0.0  0.0  0.0  1.0
34562489691456;2.09075176249572;2.09075176249572;1.0  0.0  0.0  0.0  0.0  1.0  0.0  0.0  0.0  0.0  1.0  0.0  0.0  0.0  0.0  1.0
34562489691487;4.819526363868169;4.819526363868169;1.0  0.0  0.0  0.0  0.0  1.0  0.0  0.0  0.0  0.0  1.0  0.0  0.0  0.0  0.0  1.0
34562489691518;0.9081270063423241;0.9081270063423241;1.0  0.0  0.0  0.0  0.0  1.0  0.0  0.0  0.0  0.0  1.0  0.0  0.0  0.0  0.0  1.0
34562489691549;2.7018815013951687;2.7018815013951687;1.0  0.0  0.0  0.0  0.0  1.0  0.0  0.0  0.0  0.0  1.0  0.0  0.0  0.0  0.0  1.0
34562489691580;4.668438872941319;4.668438872941319;1.0  0.0  0.0  0.0  0.0  1.0  0.0  0.0  0.0  0.0  1.0  0.0  0.0  0.0  0.0  1.0
34562489691611;3.9959073484826004;3.9959073484826004;1.0  0.0  0.0  0.0  0.0  1.0  0.0  0.0  0.0  0.0  1.0  0.0  0.0  0.0  0.0  1.0
34562489691642;3.292173022565408;3.292173022565408;1.0  0.0  0.0  0.0  0.0  1.0  0.0  0.0  0.0  0.0  1.0  0.0  0.0  0.0  0.0  1.0
34562489691673;1.953679954832125;1.953679954832125;1.0  0.0  0.0  0.0  0.0  1.0  0.0  0.0  0.0  0.0  1.0  0.0  0.0  0.0  0.0  1.0
34562489691704;2.008186623570813;2.008186623570813;1.0  0.0  0.0  0.0  0.0  1.0  0.0  0.0  0.0  0.0  1.0  0.0  0.0  0.0  0.0  1.0
34562489691735;2.8076941945791956;8.77723424951861;1.0  0.0  0.0  21.605162696912885  0.0  1.0  0.0  10.328416029922664  0.0  0.0  1.0  -13.304337587114418  0.0  0.0  0.0  1.0
34562489691766;1.8275291698076832;1.8275291698076832;1.0  0.0  0.0  0.0  0.0  1.0  0.0  0.0  0.0  0.0  1.0  0.0  0.0  0.0  0.0  1.0
34562489691797;3.7232768051076097;3.7232768051076097;1.0  0.0  0.0  0.0  0.0  1.0  0.0  0.0  0.0  0.0  1.0  0.0  0.0  0.0  0.0  1.0
34562489691828;2.886530052875628;2.886530052875628;1.0  0.0  0.0  0.0  0.0  1.0  0.0  0.0  0.0  0.0  1.0  0.0  0.0  0.0  0.0  1.0
34562489691859;3.863192297346279;3.863192297346279;1.0  0.0  0.0  0.0  0.0  1.0  0.0  0.0  0.0  0.0  1.0  0.0  0.0  0.0  0.0  1.0
34562489691890;3.6706534983214847;3.6706534983214847;1.0  0.0  0.0  0.0  0.0  1.0  0.0  0.0  0.0  0.0  1.0  0.0  0.0  0.0  0.0  1.0
34562489691921;3.2786406111649433;3.2786406111649433;1.0  0.0  0.0  0.0  0.0  1.0  0.0  0.0  0.0  0.0  1.0  0.0  0.0  0.0  0.0  1.0
34562489691952;2.441651137137093;4.178688977362103;-0.6119781955833375  -0.6419333324632074  -0.4619570161857527  6297216.384533352  -0.6456199908335487  0.7428644482237572  -0.1769950253574996  2522373.33558721  0.45679045038907196  0.18993158830982942  -0.8690618368076315  -1848750.8768417295  0.0  0.0  0.0  1.0
34562489691983;3.0513635683647133;3.0513635683647133;1.0  0.0  0.0  0.0  0.0  1.0  0.0  0.0  0.0  0.0  1.0  0.0  0.0  0.0  0.0  1.0
34562489692014;1.9745718167701451;1.9745718167701451;1.0  0.0  0.0  0.0  0.0  1.0  0.0  0.0  0.0  0.0  1.0  0.0  0.0  0.0  0.0  1.0
34562489692045;1.2175878921579373;3.0481243333780785;0.48563778134902125  0.857079160494915  -0.17196295523086536  -6534383.754279972  0.6447196973633446  -0.4840203322591224  -0.5916593866334636  11487067.74816912  -0.5903324971218493  0.1764642473848485  -0.7876343772568468  -1004787.7841381192  0.0  0.0  0.0  1.0
34562489692076;4.820847866328376;4.820847866328376;1.0  0.0  0.0  0.0  0.0  1.0  0.0  0.0  0.0  0.0  1.0  0.0  0.0  0.0  0.0  1.0
34562489692107;1.0951736045872003;1.0951736045872003;1.0  0.0  0.0  0.0  0.0  1.0  0.0  0.0  0.0  0.0  1.0  0.0  0.0  0.0  0.0  1.0
34562489692138;2.6395870453587285;2.5493695731153103;0.2519532646722864  -0.7470241031859223  0.615202845962407  6535817.63197721  -0.9115203220099773  0.03032812472581918  0.4101352306416046  8442056.809888724  -0.32503885149902295  -0.6641048065703814  -0.6732863810491881  5571814.331543333  0.0  0.0  0.0  1.0
34562489692169;2.994782826868506;2.994782826868506;1.0  0.0  0.0  0.0  0.0  1.0  0.0  0.0  0.0  0.0  1.0  0.0  0.0  0.0  0.0  1.0
34562489692200;5.292190560418294;5.292190560418294;1.0  0.0  0.0  0.0  0.0  1.0  0.0  0.0  0.0  0.0  1.0  0.0  0.0  0.0  0.0  1.0
34562489692231;1.8630711678931846;7.524697573848659;0.3366627866869695  -0.9410663124571904  0.03244015441377661  8037512.54459223  0.9395571535932836  0.33344187178924584  -0.07777450269446143  4702824.997605183  0.06237405864500681  0.05666315995344515  0.9964430556294924  -499706.88286850665  0.0  0.0  0.0  1.0
34562489692262;5.46562893652775;5.46562893652775;1.0  0.0  0.0  0.0  0.0  1.0  0.0  0.0  0.0  0.0  1.0  0.0  0.0  0.0  0.0  1.0
34562489692293;5.069828729190322;5.069828729190322;1.0  0.0  0.0  0.0  0.0  1.0  0.0  0.0  0.0  0.0  1.0  0.0  0.0  0.0  0.0  1.0
34562489692324;3.2273635158321206;3.2273635158321206;1.0  0.0  0.0  0.0  0.0  1.0  0.0  0.0  0.0  0.0  1.0  0.0  0.0  0.0  0.0  1.0
34562489692355;1.3752959580528585;1.3752959580528585;1.0  0.0  0.0  0.0  0.0  1.0  0.0  0.0  0.0  0.0  1.0  0.0  0.0  0.0  0.0  1.0
34562489692386;5.158940174423677;3.750005484842977;0.9810171155863534  0.13902868740438853  0.13519039538829594  -1105249.9785994897  0.15572115047341736  -0.980248058733731  -0.12192073918733837  15822947.79587295  0.11556964230223418  0.14065833579054038  -0.9832898302895077  -1212613.0351886628  0.0  0.0  0.0  1.0
34562489692417;4.03283871174125;4.03283871174125;1.0  0.0  0.0  0.0  0.0  1.0  0.0  0.0  0.0  0.0  1.0  0.0  0.0  0.0  0.0  1.0
34562489692448;4.000054921873328;4.000054921873328;1.0  0.0  0.0  0.0  0.0  1.0  0.0  0.0  0.0  0.0  1.0  0.0  0.0  0.0  0.0  1.0
34562489692479;2.0170795377863655;3.8200707582214224;0.30244625136473813  -0.9257850724687353  0.22682209907651457  7938426.11088012  -0.8902669724171289  -0.3593858145742345  -0.27976160227245717  11562452.511351522  0.34051576007382717  -0.11731937553904923  -0.9328907659873534  704980.1464048616  0.0  0.0  0.0  1.0
34562489692510;1.1740247611060295;1.1740247611060295;1.0  0.0  0.0  0.0  0.0  1.0  0.0  0.0  0.0  0.0  1.0  0.0  0.0  0.0  0.0  1.0
34562489692541;3.354655951863199;3.354655951863199;1.0  0.0  0.0  0.0  0.0  1.0  0.0  0.0  0.0  0.0  1.0  0.0  0.0  0.0  0.0  1.0
34562489692572;1.8393631220032445;1.8393631220032445;1.0  0.0  0.0  0.0  0.0  1.0  0.0  0.0  0.0  0.0  1.0  0.0  0.0  0.0  0.0  1.0
34562489692603;2.6663199487245373;10.406781910214878;-0.934272813146936  0.05673842710274124  -0.3520157120135657  902151.4910477225  -0.24954619215946006  0.6011163073185194  0.7592008186602947  3384507.6261709603  0.2546782452295926  0.7971448651064964  -0.5474477650343651  -6592266.308597529  0.0  0.0  0.0  1.0
34562489692634;2.141177615887272;2.9719211006922968;-0.8919569996134804  0.4194145669876694  -0.1688316671689979  -2045338.0942174774  0.4061506969050712  0.9073608988782391  0.10834117679995423  460001.59899564646  0.1986311210360609  0.028064571712747288  -0.9796724236042051  -365064.55373716936  0.0  0.0  0.0  1.0
34562489692665;3.9424089616480122;3.9424089616480122;1.0  0.0  0.0  0.0  0.0  1.0  0.0  0.0  0.0  0.0  1.0  0.0  0.0  0.0  0.0  1.0
34562489692696;1.8711162461125304;3.414022206078756;0.5050779986988877  0.7490721021953228  0.42870409485215794  -5679198.0087275235  -0.8405746192037227  0.5396125383366885  0.04746175323726498  4294666.188591946  -0.19578182954719134  -0.38432966862124707  0.9021974179948858  3229769.7836529138  0.0  0.0  0.0  1.0
34562489692727;3.310271605615024;2.332432788459024;-0.9364960079337118  0.3500966086033906  0.0201889021153998  -1456508.378031488  0.2619465154463069  0.7366516913433722  -0.6234808005756769  1934880.409223265  -0.2331507027005465  -0.5785988682026206  -0.7815779548739128  4819183.927479175  0.0  0.0  0.0  1.0
34562489692758;4.511424934062755;4.511424934062755;1.0  0.0  0.0  0.0  0.0  1.0  0.0  0.0  0.0  0.0  1.0  0.0  0.0  0.0  0.0  1.0
34562489692789;1.931706743686756;1.931706743686756;1.0  0.0  0.0  0.0  0.0  1.0  0.0  0.0  0.0  0.0  1.0  0.0  0.0  0.0  0.0  1.0
34562489692820;4.539455050249923;4.539455050249923;1.0  0.0  0.0  0.0  0.0  1.0  0.0  0.0  0.0  0.0  1.0  0.0  0.0  0.0  0.0  1.0
34562489692851;3.0455147307974437;3.0455147307974437;1.0  0.0  0.0  0.0  0.0  1.0  0.0  0.0  0.0  0.0  1.0  0.0  0.0  0.0  0.0  1.0
34562489692882;3.605304913385411;3.605304913385411;1.0  0.0  0.0  0.0  0.0  1.0  0.0  0.0  0.0  0.0  1.0  0.0  0.0  0.0  0.0  1.0
34562489692913;4.484860766274024;4.484860766274024;1.0  0.0  0.0  0.0  0.0  1.0  0.0  0.0  0.0  0.0  1.0  0.0  0.0  0.0  0.0  1.0
34562489692944;1.7079159739228686;3.4644957841279687;-0.8182456060540704  0.46411612701402716  -0.33922020697285393  -2456673.8634905796  0.43377456732830383  0.8856964610374192  0.16547327169344864  614877.07984637  0.37724495081094084  -0.011747321026111653  -0.9260390097271065  -170252.53431477852  0.0  0.0  0.0  1.0
34562489692975;1.881460468963167;1.881460468963167;1.0  0.0  0.0  0.0  0.0  1.0  0.0  0.0  0.0  0.0  1.0  0.0  0.0  0.0  0.0  1.0
34562489693006;1.115739312366094;1.115739312366094;1.0  0.0  0.0  0.0  0.0  1.0  0.0  0.0  0.0  0.0  1.0  0.0  0.0  0.0  0.0  1.0
34562489693037;3.6096861314976527;5.853902259401128;0.6485589415289014  -0.6819434891947402  -0.33811887984526146  5733608.237630079  0.7012935036340353  0.7080415334036093  -0.08285293438475655  1856339.0888123102  0.29590322932271346  -0.18338556246435764  0.9374492062805434  1267576.5128502494  0.0  0.0  0.0  1.0
34562489693068;5.981505073479419;5.981505073479419;1.0  0.0  0.0  0.0  0.0  1.0  0.0  0.0  0.0  0.0  1.0  0.0  0.0  0.0  0.0  1.0
34562489693099;4.279282882274275;4.279282882274275;1.0  0.0  0.0  0.0  0.0  1.0  0.0  0.0  0.0  0.0  1.0  0.0  0.0  0.0  0.0  1.0
