# registration_from_features.py RANSAC RANSAC_config.json euclidean True --input_txt=/neural_comparison/point_clouds_registration_benchmark//eth/wood_summer_global.txt --input_pcd_dir=/neural_comparison/point_clouds_registration_benchmark//eth/wood_summer/ --input_features_dir=/neural_comparison/experiments/FPFH/features_voxelgrid_0.2//eth/wood_summer/ --output_dir=/root/neural_registration_comparison/results/FPFH/RANSAC_voxelgrid_0.2/
id;initial_error;final_error;transformation
2318808360030;4.969564550018172;1.153839581814433;0.7400676053966949  0.15045184764820174  0.6554877428157174  -7.480163890763234  0.6585667966502592  -0.3597163933461644  -0.6609794934094733  5.094883229197459  0.1363441006872603  0.9208519739335255  -0.3652970412014205  -8.350426597159107  0.0  0.0  0.0  1.0
2318808360061;1.6724101210514537;0.035521077850496206;0.22353031153024264  -0.9390733114783827  0.26110441493053327  0.29252089622507693  0.9450962711317282  0.2743371942476338  0.17757292064174132  -4.722000229774134  -0.23838464321364047  0.20707587865649496  0.9488373634920503  -1.2334198177060909  0.0  0.0  0.0  1.0
2318808360092;1.584883217651029;0.39021290851230617;0.10293470269542482  0.01726239517436283  -0.9945383133363184  5.782246149888612  -0.9888895581286224  0.10957932133034541  -0.10044806698467978  5.517805596320443  0.1072468591856298  0.9938281451285358  0.028350117198922865  -1.7543442432812935  0.0  0.0  0.0  1.0
2318808360123;2.8011658140671436;0.05159623190109405;0.7998107793535223  -0.03166850402848104  -0.5994162352510228  -2.4034003723925697  -0.5007422333246034  -0.5858657261511312  -0.6371958621071666  -3.4409081128597108  -0.3309983882060457  0.8097891434033961  -0.48443948046272434  1.1957998247298924  0.0  0.0  0.0  1.0
2318808360154;5.158117208596515;0.17401310962472727;0.6486088633692277  -0.7514707192102844  0.12082342706799981  -7.016186647491159  0.7514896982870228  0.6574551205214751  0.05491810146547843  -5.700761813497558  -0.12070532601073602  0.05517719338341526  0.9911537224885809  4.269494754997313  0.0  0.0  0.0  1.0
2318808360185;2.9373278081057164;0.08276832131683587;0.6290703437436435  -0.16300553541292642  -0.760065587990274  2.209832039884479  -0.32648829490286846  0.8319423909045327  -0.448639333437749  -0.6474894166389626  0.705461477271207  0.5303782175398944  0.47013088650452667  -10.213063772821164  0.0  0.0  0.0  1.0
2318808360216;2.8192109211834575;1.7125641419830857;0.3673265172968061  -0.6651090733832885  0.6501547125060487  -4.115875550882424  -0.7943177456913275  -0.587988721126307  -0.15273697230237943  5.571383149073475  0.4838703840600782  -0.4603250854901058  -0.7442917889497909  -1.0661628745437495  0.0  0.0  0.0  1.0
2318808360247;5.338906233558544;1.9436085751531738;0.4532403955070484  -0.14586785363886134  -0.8793723404539211  13.404762241526743  0.8738124769895557  -0.12223053646134008  0.4706500302918836  4.890266885266911  -0.17613886265668932  -0.9817241288830411  0.07206133381254705  9.445912116095865  0.0  0.0  0.0  1.0
2318808360278;3.9358878406157967;0.039195245342748944;-0.04113237415603249  -0.9282618143665748  -0.36964595464465994  0.523749807027416  0.5203046835633447  0.29593875356680477  -0.8010638491402375  4.712138405683978  0.8529895451049418  -0.22527817942756748  0.47080630604895674  -1.7229122274307365  0.0  0.0  0.0  1.0
2318808360309;2.1234453820707166;0.2009315135146759;-0.25140351963597635  -0.4060868653005987  -0.878572551440674  4.923757489436964  -0.9262177284709748  -0.16252302562599075  0.34015729539058964  1.442267360921322  -0.280921679086379  0.8992662141833788  -0.3352659932763573  7.649528738116879  0.0  0.0  0.0  1.0
2318808360340;2.3866042493559383;0.16767328251931252;0.41326859785119197  -0.9105172492210032  0.012938504593931699  14.047200986209269  -0.8913107994855551  -0.40737913728882674  -0.19901582153746566  23.065988348050002  0.18647821521703484  0.07071476064322638  -0.9799108622097426  -3.18267547240958  0.0  0.0  0.0  1.0
2318808360371;4.044074629937958;0.8748529759315135;-0.30391643846498995  -0.2025026924621159  -0.9309282775683365  -2.83389952322422  -0.7121168169950937  -0.6008255040841202  0.3631781279136168  3.4738019874410866  -0.6328700003820156  0.7733054850365773  0.03839517455111929  1.4987120363242101  0.0  0.0  0.0  1.0
2318808360402;4.2662430875772905;0.17134394027478994;0.7267955475184377  -0.6799066356211261  -0.09744331144689267  3.1600410947991  0.6391499443706994  0.7214253762319461  -0.26651974624692887  4.179182326921794  0.25150662161920684  0.13142447780743355  0.9588910396467043  -4.400049663077758  0.0  0.0  0.0  1.0
2318808360433;3.0557917853126377;0.6851125425800129;-0.849145271744364  -0.5256580581261842  -0.05134114725245262  18.525951193431197  0.5110968185246092  -0.8423301474026061  0.1710554438500172  6.557628426067799  -0.13316286857908977  0.11901062433124349  0.9839228230547736  -2.415678345864557  0.0  0.0  0.0  1.0
2318808360464;1.0653308809730693;0.06785613352791589;0.7975450921574535  -0.426432130451187  -0.42670535981450003  2.318474370472333  0.5915224879798473  0.6916484975017976  0.4143953451930153  -3.623089634736262  0.11841863109195025  -0.5829047898433922  0.8038650594396677  2.856737011782643  0.0  0.0  0.0  1.0
2318808360495;1.7172042102086578;0.058418856221059634;0.08964143798183334  0.9954440494278015  -0.0324893375637203  -5.119516201471104  -0.9952961334965091  0.08832933079527637  -0.039793667437891526  24.257628875210322  -0.03674260801097285  0.03590367362873703  0.9986795817360608  1.2568551515180184  0.0  0.0  0.0  1.0
2318808360526;3.6807220373796983;0.15177636209174675;0.4412717441086344  -0.7546357214594344  -0.48559672131175136  3.12105945003452  0.7773916524845145  0.5917785190847074  -0.21321445306851403  -4.687190037438931  0.44826495122719434  -0.2834133240468929  0.8477826497717272  4.783044498245847  0.0  0.0  0.0  1.0
2318808360557;2.560279020018075;0.09138611793378641;0.8548829154483162  0.518808804094021  -0.0035532617578706294  -0.6241510415745375  -0.3877049180371493  0.6433735874642771  0.6601176588178463  -3.658815223083163  0.3447609278969928  -0.5629456916505177  0.7511538130421267  -0.9413350418733839  0.0  0.0  0.0  1.0
2318808360588;3.9226564362176193;0.17992332094883934;-0.37631293185869147  0.7727555438772036  -0.5111139273419996  -3.3910422228038026  -0.9031496724128353  -0.4290154222908689  0.016322887525661134  25.928115836501945  -0.2066621555498338  0.4677548897057462  0.8593579676827704  -0.6016346191700808  0.0  0.0  0.0  1.0
2318808360619;3.5577362196516864;0.08782278437393151;-0.9123958199134807  0.3990482921123856  -0.09107320333992802  6.199485173483564  -0.0674567504429332  -0.36606139551583533  -0.9281425760801405  17.868780396919746  -0.4037120937302816  -0.8406899043495095  0.36091138815604645  14.409826479881954  0.0  0.0  0.0  1.0
2318808360650;2.026557361496415;0.05022000038365636;-0.3770730336339744  0.9261814387523443  -0.001967184970809388  -1.4346165090996141  -0.8571834481650265  -0.34817610213111905  0.3794864135864372  23.595723672996634  0.35078834572714634  0.14478033159037168  0.9251952183656129  -4.082347800811148  0.0  0.0  0.0  1.0
2318808360681;3.2402694513344694;0.10427717898474081;0.2112607425142516  0.9773974472856046  -0.007945357884473953  6.074448460322147  -0.9557943092030614  0.20487680434011551  -0.21090930168777833  8.677578702022897  -0.20451439354571405  0.05215098352828412  0.9774733437540192  1.788115336099259  0.0  0.0  0.0  1.0
2318808360712;4.183482302346372;2.3645799485395678;-0.3504455411272603  0.9241726004286367  0.15196357234875024  -6.926715965845279  0.9204347505303832  0.36983945635952375  -0.1265647918489301  -8.491027581094047  -0.17316983778964784  0.09551848583737048  -0.9802491653366724  0.8951716127725551  0.0  0.0  0.0  1.0
2318808360743;4.6928323050556155;0.2455959808457577;-0.045517251279729165  -0.8822312741888854  0.46861088194684  0.8770882576362153  0.750078876304719  -0.34000531676863893  -0.5672548491555699  -5.688673902970658  0.6597801597179085  0.32567524224618966  0.6772191502242808  5.183203088539386  0.0  0.0  0.0  1.0
2318808360774;2.6368253275423768;2.4004253585077997;0.035559058461176074  0.9461650281063404  -0.3217254931613034  2.6492642840842664  -0.23257829777558714  -0.3052547676204145  -0.9234321102543586  6.105502043192954  -0.9719274092056287  0.10766274394392952  0.2092028795243966  7.278999443502681  0.0  0.0  0.0  1.0
2318808360805;3.822501238380734;0.402418441431744;0.6109513278157781  -0.5638702626977588  -0.5556876837624701  8.147846520320254  0.5251941225116907  -0.23653922087300314  0.8174474482607237  -10.560982657425452  -0.592376239158285  -0.7912645093986926  0.15162739675511525  4.28040345907161  0.0  0.0  0.0  1.0
2318808360836;3.8885550361159975;0.03440450201077136;-0.3729733926699984  0.9123032248223469  -0.1690966420097592  2.5443163675050586  -0.904283203859509  -0.316607912531206  0.28641109779513363  15.363471845369432  0.20775643330066307  0.2597349720414588  0.9430668103166442  3.4425346394820204  0.0  0.0  0.0  1.0
2318808360867;3.4260014484993295;0.14995911971813872;0.38319702200848826  0.6833742390858468  0.6214174858158297  0.8088160695383919  -0.7832011704044542  0.59704022072071  -0.17360559184214006  6.558602822839044  -0.48964882211736205  -0.42016975640282184  0.7640035384757546  0.1348311429336999  0.0  0.0  0.0  1.0
2318808360898;3.99662055613861;0.056299870134555355;-0.7001454347634724  0.7000598956391604  0.14040125603981626  3.7933803160054183  -0.47535919447595826  -0.6037588760124816  0.639928789681567  31.382656088642072  0.5327569862583117  0.38130219269476323  0.755498928814018  -8.933625965660081  0.0  0.0  0.0  1.0
2318808360929;3.423510523147215;1.6352602678920118;-0.0332282325689051  0.9380994556381647  0.34476846707859493  2.6992437807959586  -0.9954451960997877  -0.06190537412039909  0.07250231869993487  5.818006369760008  0.08935740664433034  -0.3407889904125291  0.935883602747376  9.091943404354332  0.0  0.0  0.0  1.0
2318808360960;3.2303591939848126;0.026214799063740114;0.4578272615627636  -0.8815291488374689  -0.11532804654475273  6.194069931534216  0.7713334680512738  0.4583608479010364  -0.441531441887706  3.0982547382579506  0.44208469735327305  0.11318874882836405  0.8898030273632105  -6.822697791651519  0.0  0.0  0.0  1.0
2318808360991;1.4400202981915988;0.06434396026757144;-0.28375105317493365  -0.15985041005454248  -0.9454803997056265  6.264680336639288  0.8755694463138873  -0.4452224265897585  -0.1874970280914356  -3.0564437726617464  -0.3909776010255693  -0.881036229259003  0.2662924674664472  3.7029900867255945  0.0  0.0  0.0  1.0
2318808361022;4.853359975936401;0.1403162547100821;-0.09133017384626854  0.6672145582592504  -0.7392452452279452  -4.309057440199453  0.9957538278688911  0.06978923251275758  -0.06003146932844661  1.816417874732804  0.011537488013530495  -0.7415889671996169  -0.6707553131344872  1.8855744735886306  0.0  0.0  0.0  1.0
2318808361053;1.3356595994763014;1.7351129313963911;0.027306717341143455  0.7195648871290368  -0.6938881151879075  0.5157365956418074  -0.9358923909936445  0.26229650948938693  0.23517222112716213  11.618570354835526  0.35122610334120946  0.6429828258364758  0.6805977593344612  -2.7938397356502094  0.0  0.0  0.0  1.0
2318808361084;4.199949712177371;0.1856111747242673;0.31491571875831254  0.8804837944384419  0.3543675744339744  -2.983781631455953  -0.9235900180084347  0.37029845601872613  -0.09930021201048529  0.3164545469624702  -0.21865399313553566  -0.29601915681494495  0.9298188479937664  4.835108801879702  0.0  0.0  0.0  1.0
2318808361115;2.9319105454862306;0.11288033381771086;-0.34349827616438444  -0.8552832396889001  -0.3879426686758707  21.512962145075733  -0.0012829501169280555  0.4135039928630992  -0.9105014013856714  6.990346277193897  0.9391524308178594  -0.3122579507290948  -0.1431351944679299  -6.9081634125847255  0.0  0.0  0.0  1.0
2318808361146;2.1018359827685917;0.9636917972452239;-0.09058734841952869  -0.16239547730407644  -0.9825587215314416  11.653672583524651  -0.5959227034518608  0.7993253212984176  -0.0771696976915625  3.740835298841093  0.7979160756727144  0.5785384513430055  -0.16918391324441173  -6.931115740891783  0.0  0.0  0.0  1.0
2318808361177;2.9797821204083887;0.04912274522177096;0.5369499602789162  0.19591143930818347  -0.8205506980709153  1.2364486011295392  -0.7199726303063646  0.6133646531173471  -0.3246894114626656  17.313948559637353  0.43968642435968613  0.7651160109777034  0.47039700039366883  -11.833707233629914  0.0  0.0  0.0  1.0
2318808361208;2.047594508282059;0.1256380527983954;-0.14950235183288293  0.9367133144553474  -0.3165710241296803  0.49277592268691883  -0.8092653953844547  0.06803469708895929  0.5834901882853356  18.65517068596278  0.5681008419547356  0.34342313042963657  0.7478783235635524  -10.642688152678858  0.0  0.0  0.0  1.0
2318808361239;2.8811770696532393;0.035296335146853465;0.9123422757979585  -0.40555286310742117  0.05620006243035197  7.037560814165606  -0.02597390474763167  -0.19431884179142567  -0.9805944849921401  5.29412403656516  0.4086036319759814  0.8931780690042788  -0.187819085786894  -7.229626181536704  0.0  0.0  0.0  1.0
2318808361270;2.4139519301703216;0.14200635669061074;0.49401529815455936  0.4671962458917408  -0.7332643132008583  3.0271652841211556  0.720422252116961  -0.6921139149093652  0.04438589239339326  -2.2985978329844756  -0.48676551217602515  -0.5501872377777373  -0.6784934336767863  5.977075453187412  0.0  0.0  0.0  1.0
2318808361301;3.633939948710988;0.04015887958145956;0.6784764270329862  0.665089035153529  0.311971654608398  -11.393789252985261  -0.4154527870295964  0.6976186605154513  -0.5837184134923008  5.715688961709896  -0.6058619642376425  0.2664296901983258  0.7496309094954197  -1.8543957265375506  0.0  0.0  0.0  1.0
2318808361332;6.355512347551134;0.17672452167651964;0.29933739925833264  -0.5168738356727354  -0.802021545472572  -5.434860737654043  0.9521615096406502  0.2160201844691763  0.21615674743283247  -2.152548996920112  0.06152707504908783  -0.8283578441101753  0.5568102918742132  6.75568332475417  0.0  0.0  0.0  1.0
2318808361363;3.0049062450558113;0.1438662655916226;-0.9919640868854184  0.018425023968667104  0.12517095837826064  8.972845584185707  0.12436190852555717  0.32393726339036205  0.9378692686590404  -4.963861241943307  -0.023267273958483672  0.9458991319791543  -0.32362550283255426  4.486290183809495  0.0  0.0  0.0  1.0
2318808361394;4.888364505047668;0.24698028134334563;-0.25322377274220687  -0.8390573741461569  0.48151889247376384  15.057494011887563  -0.8384520361870358  0.4386394774251136  0.3234093255582431  1.9616713879279981  -0.4825721748422902  -0.32183556629928256  -0.8145833071778498  1.4107298492333924  0.0  0.0  0.0  1.0
2318808361425;1.9513800093892786;0.013710793767903295;0.37424312485636263  -0.008345196240310347  -0.9272930719020042  7.955231514599845  0.5989793946263505  0.7655513871280301  0.23485050240397656  -4.439589065409184  0.7079306239390947  -0.6433206287428223  0.29150094394897663  -3.8494431344931765  0.0  0.0  0.0  1.0
2318808361456;2.9799420916800283;0.8881803858823288;-0.7782528723766677  0.619724052395024  -0.10131419209841878  9.582923520073056  -0.6128305061794794  -0.7143702009059445  0.3378076179623592  13.376504210870927  0.13697166616957274  0.3249881766167654  0.93574646551619  3.0848610225476856  0.0  0.0  0.0  1.0
2318808361487;3.3327799764990607;0.13494396625764793;-0.7949252266240139  0.08611650681985838  -0.60056459380312  11.949751519655887  -0.22501809700072622  -0.9611241457520444  0.1600225998869419  15.779553823656732  -0.5634365448734513  0.2623439035036832  0.7833996018607097  0.45521322138903964  0.0  0.0  0.0  1.0
2318808361518;4.4213036334582645;0.4519923805781664;-0.9098830898963987  -0.25282647246729634  0.328924820499042  7.956239812087072  0.37139673857800437  -0.14309479323270619  0.9173812417546539  -0.11624705659551005  -0.18487083408208127  0.956871284431419  0.22409845991519628  -5.68487514864605  0.0  0.0  0.0  1.0
2318808361549;2.6879622013693756;0.4127091302499303;-0.7853496139971241  -0.4035093960935501  0.46947433482437206  2.947826647859175  0.5743516891571653  -0.19199186868623688  0.7957758852344533  -6.972278948826894  -0.23096779203360548  0.8946056615194125  0.3825370432004409  1.4130553455072177  0.0  0.0  0.0  1.0
2318808361580;1.329810775815828;0.037834488773750376;0.41871894327733206  -0.8478361940690667  -0.32534325652638607  6.687435572458668  0.541105567383647  0.5206517825106116  -0.660398732823545  1.21272510949266  0.7293004946434193  0.10047641213241026  0.6767756490284369  -4.991718570787978  0.0  0.0  0.0  1.0
2318808361611;3.0580385862811856;0.040782744828945866;-0.7472426565869317  0.6642759860780013  -0.019126591358693226  7.487844165922242  -0.39522572452771765  -0.46735834802886994  -0.7908051600737471  27.522890362198126  -0.5342518496443825  -0.5833640277286758  0.6117690514432154  9.940339770713244  0.0  0.0  0.0  1.0
2318808361642;5.3800009482235644;0.14422898726460376;0.12884963074354655  0.9557764924119816  0.26436540849721785  4.43564533839913  -0.8954788413825443  -0.002392092048754013  0.4450976550508973  7.281409626631145  0.42604626191697603  -0.29408429820083815  0.8555694058685667  4.986549060825069  0.0  0.0  0.0  1.0
2318808361673;3.504208192072817;0.13212397265359244;0.5556335276703596  -0.7597823533208697  -0.33764205678616654  3.8646270513731893  -0.3836743002272803  -0.5945850095206985  0.7065852374613958  13.022184158597263  -0.7376079000889962  -0.26305786822574173  -0.6218803290753211  2.705675317061681  0.0  0.0  0.0  1.0
2318808361704;2.519718137010217;0.05928262477629395;0.7505592525991386  0.5524492548551497  -0.36257499796292314  -2.1896667080207397  0.03881438716642782  0.5108835033890977  0.8587732467384954  0.6331017911623507  0.6596622254508118  -0.6586333325719798  0.36200536120119764  3.9767068234925236  0.0  0.0  0.0  1.0
2318808361735;5.251465982301738;0.15755232346715176;-0.5690577017937418  0.3758215783625327  0.7313900965054965  1.1319522816916532  0.4730556811174231  0.8771465759120131  -0.08265716501527148  -0.8218186876216702  -0.6726006650247648  0.29895154390456913  -0.6769315473556532  10.73163221819294  0.0  0.0  0.0  1.0
2318808361766;5.291135375928377;0.10146510326437015;-0.9119385700824597  -0.17702840036342332  -0.37017426958221644  23.204689769831788  0.18543170347382038  -0.9825701473655359  0.013076270602403683  11.06912418478754  -0.3660370578817903  -0.056717289875639954  0.9288702930368729  5.471123298276738  0.0  0.0  0.0  1.0
2318808361797;3.384830345230238;0.12135120475534097;-0.6376623728191523  0.7682321730629053  -0.05662178522171276  7.24799906095907  -0.767327831910118  -0.6270024834690183  0.13444658455981878  17.34614337483696  0.06778419186481187  0.12917899982090209  0.989301819132314  -6.5073711117387445  0.0  0.0  0.0  1.0
2318808361828;1.4149627962549474;0.07625737544406645;0.5215206098451018  0.42994731671240816  -0.7369949513793113  3.3702620155848875  0.13109950475214543  0.8131268037243028  0.567131132031068  -2.9099202658141357  0.8431068576168355  -0.39239024696964475  0.36769650626918626  -3.184716823710973  0.0  0.0  0.0  1.0
2318808361859;2.242344127922003;3.332282622547192;-0.6925286692857728  -0.499765476382388  0.5202292867895468  0.8481185311266836  0.4871194246064712  0.20794480077977828  0.8482179118597518  3.6147042938119704  -0.5320890041979219  0.8408290126089506  0.09943773512465293  4.0061713837836095  0.0  0.0  0.0  1.0
2318808361890;3.1043376176245805;0.04721471230556859;0.7120083889148083  0.4303627232954651  0.5548260813197684  1.2708100260300812  -0.6961890424851752  0.5355946509555987  0.47797404426529944  -4.2797078995444  -0.09145967001096236  -0.7265853675002418  0.6809616967906665  -2.1036471676338118  0.0  0.0  0.0  1.0
2318808361921;2.582712583147148;0.023836837327161634;0.6824790919201673  0.7030049946864156  0.20001566573090845  -10.084902061019596  -0.5938803740434719  0.37384558126340206  0.7124223345009726  10.72333627649665  0.4260614866633819  -0.604998726292695  0.6726426620178105  6.741000377702473  0.0  0.0  0.0  1.0
2318808361952;1.429597864979908;0.06306013945585956;0.7476482409104432  0.629591303987436  -0.21127446084872542  -2.9258187258081643  -0.5138390844506248  0.749972771106188  0.4165456012134192  3.6559000504211987  0.4207035811048712  -0.2028685104758874  0.8842244422672509  -2.744603255946063  0.0  0.0  0.0  1.0
2318808361983;3.430782124719056;1.0455909862926842;-0.4354965001215607  0.04152254849321589  -0.8992322705221945  1.5003482869043774  0.8885867459679321  0.17970339625299148  -0.4220429886460171  -0.6066672364721253  0.14407079257085154  -0.9828441215888558  -0.11515658637801827  4.908145507521802  0.0  0.0  0.0  1.0
2318808362014;3.6985124006147214;0.37284919431296326;0.3551591206697874  0.36479793709034963  -0.8606883664252056  8.029087240677253  0.8034573683109969  0.35150035164058896  0.48052446358464335  -4.849862111512289  0.47782659648854847  -0.8621890557709297  -0.16826103469610043  6.301184864786582  0.0  0.0  0.0  1.0
2318808362045;2.2111434334810025;1.3123733969936755;0.11881545365725465  0.9913560726823827  0.05564193677419288  -4.7263620409589455  -0.5445687718955071  0.11192104075545556  -0.8312150944926562  9.531453511792801  -0.8302576351039721  0.06846033736389318  0.5531595082429495  8.779010538271791  0.0  0.0  0.0  1.0
2318808362076;1.35138127439203;0.12622804288408632;0.9081403388893  0.010294388698047205  -0.41853930573288006  0.5391020351671547  -0.40241990434142344  -0.25432018422524627  -0.8794199591125252  1.6156765406785083  -0.11549608422741758  0.9670652870706146  -0.22681575137358262  1.776946644662282  0.0  0.0  0.0  1.0
2318808362107;2.3703459450599085;0.04700377594353512;-0.7804028991557558  0.5932577258693033  0.19752616455971572  9.119469060626624  -0.4367249505703468  -0.2910826997392881  -0.8512004343642066  5.6950683102201705  -0.44748478470068326  -0.7505438911941584  0.48625223377637294  8.781341577060179  0.0  0.0  0.0  1.0
2318808362138;3.4849647346435484;0.03887128383245554;0.6671750262482836  0.5618444175183658  -0.4890892912894843  0.13498500791848844  -0.7427394648398188  0.45177633983337956  -0.494202616480543  4.855786827598323  -0.05670601132209811  0.6929855620936146  0.7187179133775194  -7.221097046972374  0.0  0.0  0.0  1.0
2318808362169;3.48714335094723;2.150769332934453;0.1504243161495209  0.8758267604293923  -0.45858479131639807  2.4035268357901005  0.9865424440374482  -0.16304919121102335  0.01220521847608702  0.8090410799270908  -0.06408222236757022  -0.45424932246640337  -0.888566835874064  8.340338054652614  0.0  0.0  0.0  1.0
2318808362200;1.6972551672156184;0.2740984333408423;0.6134420757996291  0.09112270161051284  0.7844650871070329  -0.46631503814247743  0.7537528418852346  0.22887978413015053  -0.6160119298897292  -0.2712437128811209  -0.23568087107055538  0.9691804257555647  0.0717204945861862  -0.2259767944595219  0.0  0.0  0.0  1.0
2318808362231;2.3843011935207;0.4528444998066803;-0.2625673990987445  -0.9644464522300868  -0.03002335276613565  9.526785156234961  -0.9192224778236741  0.25947441802726634  -0.2961470287764457  10.103683427801013  0.29340824322814474  -0.0501604143743908  -0.954670380621271  -2.9499594403212592  0.0  0.0  0.0  1.0
2318808362262;5.232306399155367;0.07432954460070125;0.687536335632159  -0.7186466127155104  0.10411932202058263  13.045097197671339  0.20818953495185918  0.3324480604122745  0.9198561869469839  -2.956175360451155  -0.6956657995920389  -0.6107579988511325  0.37818482533984527  18.134075248385965  0.0  0.0  0.0  1.0
2318808362293;3.4552109610591604;0.14188900729687898;0.5917598125831864  0.7657076238002464  0.2520161881024543  -2.262351292369808  0.7024595224882714  -0.6431803112364582  0.3047453141613843  15.507073921901494  0.39543766067113595  -0.0033048588399803847  -0.9184868722148332  -4.101350739536189  0.0  0.0  0.0  1.0
2318808362324;3.901348001708932;0.0693256984628124;0.5165080711647932  0.853941491541748  -0.06327196413168185  -4.835097557909572  -0.7711658163614645  0.43177709657226815  -0.46783738900517463  18.368076941848116  -0.37218637279887307  0.29043496328623764  0.881546842773395  -4.675055464513919  0.0  0.0  0.0  1.0
2318808362355;2.04977221751585;1.6866241630810022;-0.812188586197307  -0.5513355981033583  -0.19073216486694572  10.192556089043201  -0.5460049690518143  0.6032036810630665  0.5813982223250197  3.2501888152018035  -0.20549519269692457  0.5763457099831478  -0.7909471210912112  3.5681126217472734  0.0  0.0  0.0  1.0
2318808362386;3.0729207631497046;0.04662988864312138;0.879838881567007  0.33824504295253927  0.33387697345122924  -4.4756194519089725  -0.47491771103228586  0.6528257064135862  0.5901455454321896  -4.335254146645152  -0.01834966568556816  -0.6777970846526544  0.7350200009561584  -0.46940025545715436  0.0  0.0  0.0  1.0
2318808362417;1.4050409535936035;1.0508793458210661;0.715975253887305  0.6822338289988635  0.1481095486137165  -1.0542117884052278  -0.4652060617838582  0.6244268409606193  -0.6274348096555487  3.465010593280674  -0.5205408301954443  0.3803263373176925  0.7644534787951108  -0.16260927624249977  0.0  0.0  0.0  1.0
2318808362448;2.5537408364538483;0.027889924765723165;-0.041025130800977555  0.987650707419782  -0.15120522072986248  2.0935558327560386  -0.9506135578106713  0.008014901053247522  0.31027346819804624  21.185976296594937  0.307653705242274  0.15646674245446032  0.9385453404904794  -4.182491498565217  0.0  0.0  0.0  1.0
2318808362479;3.2775968567417544;0.09804179129323078;0.3307576156336356  0.9433152376155817  0.02749112916217665  1.8915008715146824  -0.9421725688569507  0.3317418516033531  -0.047520462837330565  12.207365064395654  -0.053946734783926864  -0.010183632801624126  0.9984918845083887  5.633543508719523  0.0  0.0  0.0  1.0
2318808362510;1.7896114733317854;0.004905506482462041;-0.936603561474506  0.34767296340944476  0.043557767933699254  10.944401377230001  -0.3497737123572932  -0.9350765885194674  -0.05735960030013963  25.219301637133604  0.02078746682663546  -0.06895856811803242  0.9974029261567476  1.8001890948939057  0.0  0.0  0.0  1.0
2318808362541;4.507281674743628;2.4233232744414863;0.817713949785128  0.14408435858580682  -0.5573002726876436  -3.1924611391769435  -0.3223600514379315  0.9167320021890513  -0.23597973090794683  -0.4811842429584212  0.4768940066343254  0.3726152623999313  0.7960715876495602  -9.529383450101589  0.0  0.0  0.0  1.0
2318808362572;1.6524012560965744;0.3355721387828198;-0.0007302559583740043  0.8133346656735989  0.5817956585776918  1.0536580150912824  -0.8220303590606236  -0.33178799596927844  0.4627988920831078  6.7309310669690845  0.5694431977896453  -0.47791573247206  0.6688280774210945  0.6043800436447366  0.0  0.0  0.0  1.0
2318808362603;2.7922284303351215;0.023053243275403847;0.9975949855845163  0.009755914327998168  0.06862264110519194  0.23971898573833705  -0.062547183607856  -0.2999181806320515  0.9519122516015243  5.933705436581775  0.02986795204483167  -0.9539150418470106  -0.29858666811943024  0.07997352799345636  0.0  0.0  0.0  1.0
2318808362634;4.154034979657225;0.1536380180996808;-0.7795960034764878  -0.10974199560711757  -0.6165928687259153  16.420491866428282  -0.24593468152040385  0.959085931421535  0.1402508772690655  2.761497356939813  0.5759741346527152  0.26098059420089537  -0.7746889218658043  1.9742251608004509  0.0  0.0  0.0  1.0
2318808362665;2.2058351322628655;0.8298368423752295;-0.7046892870850653  0.1349047083374249  0.6965728449601929  12.661327356222447  0.7007369957816895  0.2862913436123118  0.6534561418454268  3.618073993132186  -0.11126846548054808  0.9485979054589209  -0.2962791628659578  -4.872353087749649  0.0  0.0  0.0  1.0
2318808362696;1.9478287065829136;0.24443096191532235;0.5951457281623  0.791051643359736  0.14155867966333902  -0.7804518643060021  -0.5893187565228202  0.5493752824018727  -0.5923598587820246  1.9491033279854304  -0.5463560793663448  0.26911725441473394  0.7931399232895245  -0.4098370930906561  0.0  0.0  0.0  1.0
2318808362727;4.3430344902627;2.9639964893373483;0.4743031202410482  -0.872317364841672  -0.11873906318177845  6.424642960997946  -0.22511419129318608  0.010217142157553927  -0.9742788157835246  7.408202810965017  0.8510935030935324  0.48883333049395594  -0.19152499573206183  5.629907412396989  0.0  0.0  0.0  1.0
2318808362758;1.6605101549061114;0.08693350955204589;0.0321379913522658  -0.9659077828630269  0.2568838346733277  3.0899816540043163  0.9912847096576618  -0.002048953775567677  -0.1317210164983249  -4.075272233635421  0.12775669810529772  0.2588782663590315  0.9574237668327309  2.3698389396233988  0.0  0.0  0.0  1.0
2318808362789;3.2529369529640206;0.15696458131234442;0.6502395339351028  -0.2691683106587208  -0.7104484281388691  -2.722849647881139  0.3545177286635352  0.9345802783862625  -0.029612215633147684  0.24483797993703815  0.6719417598059433  -0.23261152978428695  0.7031259827657528  3.525388190905138  0.0  0.0  0.0  1.0
2318808362820;2.400344764826293;0.10925777248491364;-0.7106306507296911  0.366743837314887  -0.6004190503598708  12.656006609928372  -0.5136262585786718  -0.8536437319449186  0.08648956821275507  17.336031749926725  -0.48082444274597047  0.36985312855605956  0.7949946657401691  -0.8145474710606218  0.0  0.0  0.0  1.0
2318808362851;2.213741788563696;0.1573955994601766;0.722299541701255  0.42640291736297553  0.5444850081705657  -4.591936823685954  -0.3730392448949371  0.9031684083346543  -0.21243480871661052  2.083776634497788  -0.5823444803776993  -0.04967271132715986  0.8114231497332549  4.561085416069778  0.0  0.0  0.0  1.0
2318808362882;2.8118491113323465;0.22230185740043076;-0.018660365997867523  -0.3293978656263271  -0.9440067991607083  15.812062195002364  0.43714913516960696  0.8464543266033548  -0.3039995174254837  -0.4613425305231722  0.8991954316839532  -0.41834449810566665  0.12820084455036643  -3.6604652684108974  0.0  0.0  0.0  1.0
2318808362913;3.693761787700806;0.20127014187177264;0.10351359421943629  -0.9294161315226352  0.3542182805520806  8.336701272538583  0.985717289260476  0.04829638595508412  -0.16133469793152325  -5.999563643509212  0.1328396080419997  0.3658594177675032  0.9211408822574708  6.729444674191666  0.0  0.0  0.0  1.0
2318808362944;2.216755272952035;0.5152760756451151;-0.4782938496268311  -0.8079472747967866  0.34417465705306194  11.350945582622888  -0.40487744876156406  -0.14490546996135178  -0.9028159592406458  5.662533449456766  0.7793004843405873  -0.5711598777257787  -0.2578122362937808  -0.6541600260975047  0.0  0.0  0.0  1.0
2318808362975;4.0877051608656085;0.17505491713081808;-0.7781087437349863  0.6244842616997903  -0.06757358812753622  4.757519458774297  -0.5628407935942152  -0.740942753860116  -0.36635239397119135  25.919625061703755  -0.2788494647464758  -0.24702882906951698  0.9280192528278429  1.0274777916099356  0.0  0.0  0.0  1.0
2318808363006;1.8159881834797982;2.8945402285507797;-0.009224749108149008  -0.22105968001889342  -0.9752166538128011  9.011532404711645  0.1255088909889428  -0.9678015942198316  0.21819164170123134  8.5289717538508  -0.9920496067670295  -0.12038559754180359  0.03667268217468665  11.74883539170061  0.0  0.0  0.0  1.0
2318808363037;2.514235334584633;1.9363128843597224;0.8664541832369141  0.48475293123234486  0.11946440479449005  1.9538591026417182  0.4534147078579851  -0.6638765066525317  -0.5947126084193014  6.208427818713265  -0.20897906844780004  0.5694581455879619  -0.7950126850398109  4.554912903091862  0.0  0.0  0.0  1.0
2318808363068;1.8909816795339536;0.07462401833771044;-0.284644887321661  0.8985210240059939  -0.33412162088206565  5.087772975844376  0.3714981683837969  -0.21791269525540774  -0.9024982925934028  0.12270418075210543  -0.8837230329742017  -0.38101709497835345  -0.2717711800856254  4.8915565739744995  0.0  0.0  0.0  1.0
2318808363099;3.0749693121327226;2.492633841424392;-0.8258370129814001  -0.25122000985032134  0.5048581331827422  17.036177194018034  0.5437205725152007  -0.11732713963447065  0.8310248379735323  -11.824332278900567  -0.14953650729404266  0.9607928231184908  0.2334865821204739  2.8452021005960777  0.0  0.0  0.0  1.0
