# registration_from_features.py RANSAC RANSAC_config.json euclidean True --input_txt=/neural_comparison/point_clouds_registration_benchmark//eth/wood_autumn_global.txt --input_pcd_dir=/neural_comparison/point_clouds_registration_benchmark//eth/wood_autumn/ --input_features_dir=/neural_comparison/experiments/FPFH/features_voxelgrid_0.2//eth/wood_autumn/ --output_dir=/root/neural_registration_comparison/results/FPFH/RANSAC_voxelgrid_0.2/
id;initial_error;final_error;transformation
26875431820030;2.0535532931381004;0.08445221172419654;-0.8777930660847414  -0.2292592846518325  -0.42061801380169017  9.54593081234724  0.46959725946770775  -0.2383362372718389  -0.8501024949401812  -0.9374147497505447  0.09464537513247473  -0.9437351420838542  0.3168694282539756  3.6029802913808378  0.0  0.0  0.0  1.0
26875431820061;1.6463845109934325;0.7829925365204414;0.09864127668996323  -0.8955054522006365  -0.4339814323354248  3.018659183062265  -0.7369137960990038  0.227343210737677  -0.6366106515370594  1.5027156050540151  0.6687510416081079  0.3826029921608259  -0.6374848976545666  -3.700197285770556  0.0  0.0  0.0  1.0
26875431820092;3.1454983955145077;3.4458393820750675;-0.9910613384903648  -0.07352879305799141  -0.11131459895773127  2.89607859935032  0.0964558950668945  0.18148667122506948  -0.9786515459929993  0.09849140397429856  0.09216118302479506  -0.9806406603639675  -0.17277213775488148  3.5619979266309034  0.0  0.0  0.0  1.0
26875431820123;5.022952331012622;0.42492121867071225;-0.7741631585978076  0.5693510857751674  -0.27660575734518444  1.0282338771010489  0.19712386147053998  0.6321074498825823  0.7493879869879702  -5.6501341374126195  0.6015094239567729  0.5256229760289943  -0.6015869845347513  0.08265665172129041  0.0  0.0  0.0  1.0
26875431820154;4.9039779898946945;0.05301614546959219;-0.9109156114102545  -0.3847800098877143  0.14891975315549055  20.027034678580893  0.18097580148081938  -0.6969834578377732  -0.6938744978588525  7.721664235477991  0.37078364064162334  -0.60511024077544  0.7045289833223553  -3.707866467430295  0.0  0.0  0.0  1.0
26875431820185;2.518490360471434;0.3610484538059803;-0.43419634115319544  0.8161542678141308  0.38126860408111124  9.225740224202362  -0.6245598539934263  0.03225652281501194  -0.7803105186498487  7.044622116385922  -0.6491521594425216  -0.5769330358582923  0.4957315261575021  4.433785660268574  0.0  0.0  0.0  1.0
26875431820216;3.040176925026691;2.0234967926349006;0.8470253970107502  0.2174127414835471  -0.48505636441488864  -3.7151946274263463  -0.15186928019594687  -0.7755077295551319  -0.6127997088225559  1.8552404143027916  -0.509395424549088  0.5927220775716497  -0.6238564259568076  0.7712999829328733  0.0  0.0  0.0  1.0
26875431820247;4.293952946805166;1.071714200488386;-0.8388400397060805  0.5376493482817407  -0.08532623323527744  7.025822551753029  -0.5364624837856948  -0.8430572934762957  -0.0382413834334675  0.8122472807922818  -0.09249535813425602  0.013695919415728952  0.9956189183191395  -7.6953613076829495  0.0  0.0  0.0  1.0
26875431820278;1.9928622542605958;0.1169985246236438;0.6541262613436185  0.744704142215989  0.13241818148188045  -5.117462968733559  -0.7521848983652077  0.6588721740098131  0.01026338087105591  8.95695815879359  -0.07960347286357672  -0.10631650333758313  0.9911408014132643  4.973507949272358  0.0  0.0  0.0  1.0
26875431820309;3.3178555720271428;0.8379430807227329;-0.7852766686219658  -0.19033073451364468  0.5891644636410822  6.417136539018108  0.5249756763186495  0.2997932649909162  0.7965704849791152  5.826979352259119  -0.3282393836695472  0.9348252295298745  -0.1355016503318432  -7.3767438170764175  0.0  0.0  0.0  1.0
26875431820340;3.1987335091215683;0.054216782343819;0.6203720000625044  0.7147019628026164  -0.32301654122434287  3.7441456180155277  -0.09370653135920268  0.4764411953524166  0.8741984176099777  -5.702646271298008  0.7786897119643198  -0.5120594611343974  0.36254301916279535  -4.833011091010022  0.0  0.0  0.0  1.0
26875431820371;3.5265759616751016;1.3718928222719133;-0.45274642361892536  0.8308249713573342  -0.3236518853171682  -0.616114852649142  -0.7337049023212291  -0.14088433283874163  0.6647019791383042  11.988688261482967  0.5066535228438344  0.5384064187300036  0.6733652322924493  -12.808232000713158  0.0  0.0  0.0  1.0
26875431820402;5.0883567835047625;0.07141736620375076;0.5420787726443527  -0.8386112928221962  0.053681503327287036  -1.0004183112587874  0.7098647494639438  0.4911716213944837  0.5048192506285851  -3.4483878647104067  -0.4497139554393268  -0.23554519287771283  0.8615543049601209  -6.704119469625658  0.0  0.0  0.0  1.0
26875431820433;1.6687229373662258;0.2340361670510777;-0.7270818975404705  -0.5945447451908441  -0.34331976382798646  15.194443682982214  0.6447017499017141  -0.7631839466036373  -0.04370260083982613  13.62698414948394  -0.23603298062477965  -0.2531142224618203  0.9382012696884026  5.546764441746436  0.0  0.0  0.0  1.0
26875431820464;4.58945846466715;0.6280455396387996;-0.5745598394546985  -0.009563038424886428  0.8184067076838234  0.3114835101490572  0.36899285565680884  -0.8955721605536234  0.24858555411678152  -0.20534355255859316  0.7305650302060893  0.44481350422103716  0.5180884896449424  -9.115335338403689  0.0  0.0  0.0  1.0
26875431820495;2.035425071867048;0.09028206885577857;-0.2616296229972819  0.8261651146399593  0.49900014401024395  4.250211307463921  -0.8593834929662645  -0.43473819176447226  0.2691889979892577  13.349989001565174  0.43932897968083506  -0.3584046706912467  0.8237330512000204  -1.2182043017762796  0.0  0.0  0.0  1.0
26875431820526;3.855140063669406;2.2873956327726335;-0.05980503026691063  -0.33995681486639867  -0.938537544470474  -6.502944793827135  -0.9555656302437672  -0.25238196545075015  0.1523078127085022  4.661172889196046  -0.2886480290104294  0.9059429935382851  -0.3097573369708695  1.906346137124186  0.0  0.0  0.0  1.0
26875431820557;2.7573624115491;0.07211371333821992;0.4435364428149856  0.20921734402304326  0.8714949953126366  3.0796804559870834  -0.8404466510890996  0.4348571890786877  0.3233398394564148  12.413465680269342  -0.3113275615298889  -0.8758580524642829  0.36871102691040675  8.913752174411378  0.0  0.0  0.0  1.0
26875431820588;1.5947841889661274;0.8888368180206178;0.30801687698525776  -0.7808735142889376  0.5434723159226174  10.728747101862314  0.9406626831895544  0.16445987481185204  -0.2968276705960847  -0.19126010936164306  0.14240547723622296  0.6026520590348254  0.785194992211622  -3.133789767435399  0.0  0.0  0.0  1.0
26875431820619;3.5884439472599823;0.10612173387125726;-0.8539884187235282  -0.06344833860008742  -0.5164088390170877  4.9556128072451955  -0.1385403374284237  -0.9289730474262597  0.34324284706427105  8.043111068253182  -0.5015080812821527  0.3646688710110264  0.7845420695693995  1.0886447936651371  0.0  0.0  0.0  1.0
26875431820650;3.205971749881819;0.8781927595876878;-0.4070746133098838  0.6879400497549846  -0.6008566777041897  5.885585482570814  0.5720941101939667  0.7048432984136274  0.4194094106750233  -3.9844105041258793  0.7120383334343603  -0.17301564271622027  -0.6804902637771623  -9.663979347268477  0.0  0.0  0.0  1.0
26875431820681;1.5831696178308692;0.0857785904266384;0.8617108237617912  0.37823666134998074  0.338218101559625  0.08462837295890968  -0.30783044926846204  -0.14018180383811144  0.9410576371168087  2.0777145200522287  0.40335452236829294  -0.915033381841075  -0.00436341626858508  1.6117151031851005  0.0  0.0  0.0  1.0
26875431820712;2.1253878571825364;0.6464320007890314;0.2361851037291476  -0.9685009404393401  -0.07888298387209144  5.838936590392815  0.6165077217306895  0.21210336010974723  -0.7582416459655784  1.296058460867085  0.7510890931326896  0.13045341313383785  0.64718396239311  -0.37467896029087067  0.0  0.0  0.0  1.0
26875431820743;1.5610088030304428;0.01145144625026693;0.5718164833751047  0.5531446490820077  0.6058522150924847  -1.3281644051964614  -0.5773603179283332  0.7959889727572129  -0.18181479183666763  3.7582079693371426  -0.5828215615625617  -0.24583033262976242  0.774523385661736  1.4069870329363807  0.0  0.0  0.0  1.0
26875431820774;3.330059369423353;4.958380733555832;0.14401128574558975  0.23180221698606407  -0.9620439084461  9.074230614405101  -0.6920478808500322  0.7184956464838305  0.0695250788907324  6.340390103186985  0.707340427367814  0.6557680521221884  0.2638897148942896  2.3330808122138134  0.0  0.0  0.0  1.0
26875431820805;4.120916915159846;0.04731844172248056;0.9536006329035948  0.0978394758056432  0.28473368241207553  -6.330163519047309  -0.279817297622397  0.6370628005980443  0.7182292586949347  5.9942363328729975  -0.11112206296304285  -0.7645772852159901  0.6348806675703581  -0.3884840245070418  0.0  0.0  0.0  1.0
26875431820836;1.4675689642071519;0.1334362529650344;-0.9949225852931947  -0.08088797264640579  0.05988476563084452  11.356535887768011  0.033564921764513686  0.29427501531956196  0.9551312011371074  7.115582353373783  -0.09488121679473183  0.9522916314028107  -0.29006586055536615  -9.140034746975186  0.0  0.0  0.0  1.0
26875431820867;3.4095493357026116;0.508848471146511;-0.7989927334690978  -0.5421914804264788  0.2600750092118088  14.165757103730634  0.5687888296636319  -0.8217712548023007  0.034223851778088676  0.9997056496729471  0.19516628580124962  0.17527236899635934  0.9649817187661898  -6.576545119146511  0.0  0.0  0.0  1.0
26875431820898;2.851643886467438;0.4022958358574286;-0.7157819469458913  0.6765660737408246  0.1729582385701076  4.2436557778422666  -0.68674537817028  -0.7268968006092724  0.0013516011847697906  4.894981726930325  0.1266372377624694  -0.11781081922696512  0.9849282313371686  -2.065995166718986  0.0  0.0  0.0  1.0
26875431820929;4.31324373702403;0.07170315471670316;-0.37288478036151396  0.21482509557265989  -0.9026666709738108  -1.2078315188446833  0.8655667082349564  -0.26995324117029884  -0.42180507485917296  1.909055758263477  -0.3342921090454394  -0.9386029117224427  -0.08528399577942214  4.570578072216641  0.0  0.0  0.0  1.0
26875431820960;2.9706078354575314;0.08549049315326586;0.7742592727098291  -0.6302875706942042  0.05709778324283428  8.580415141197427  0.05174534189024149  0.15296625364384164  0.9868757494430754  2.711268414945999  -0.6307495526875222  -0.7611431557036873  0.1510499861301701  12.148315739472359  0.0  0.0  0.0  1.0
26875431820991;2.9933660743599426;0.05430532980305752;0.4694485096872085  0.3674857687361777  0.8028526057308646  -1.2370542028021143  -0.8412773320538198  -0.08991672446480897  0.5330735720648017  4.861371321300025  0.26808682795853017  -0.9256722921411766  0.26694617479415916  3.5553658326027877  0.0  0.0  0.0  1.0
26875431821022;1.656409031130035;0.0614549734369713;-0.8727089232408471  -0.22875375954085736  -0.4313361250715345  11.680066744802417  0.47916760670477454  -0.570813738428786  -0.6667608872045314  8.381572013236458  -0.09368852640863486  -0.7885704746672163  0.6077656345191798  4.633747251297718  0.0  0.0  0.0  1.0
26875431821053;1.9984878364331908;0.1406167682843185;-0.7135175148631852  -0.6998298823289688  0.03362873448239646  17.42686008532865  0.6982102502982159  -0.7142179362815446  -0.04894063620587617  12.303031476300372  0.05826836501884018  -0.011440074001273524  0.9982354042733993  0.21379106689178906  0.0  0.0  0.0  1.0
26875431821084;2.6465098846802793;0.1644114417245487;0.7344755376254374  -0.3869535976925498  0.5575056931212609  1.5417824588742022  0.2218360764212969  0.913277171099676  0.34163366922213245  2.970644581535325  -0.6413535996841597  -0.1272466973283204  0.7566200091136934  3.1290516160153534  0.0  0.0  0.0  1.0
26875431821115;1.5027097041887814;0.05474150520104921;0.979683617107016  -0.19704425011575033  0.037330602304756155  2.3165745599276715  0.012330441928033488  -0.12660812479233918  -0.991876173188179  7.202092667070206  0.2001698543087188  0.9721851398951172  -0.12160626296839006  -6.316422369734298  0.0  0.0  0.0  1.0
26875431821146;3.393986024931288;0.2886915904529698;0.13796240445661354  0.6903645768515462  -0.7101852758154984  5.76845326880636  0.7239102425083905  -0.5596566666671016  -0.4034084484074578  0.7192705361128354  -0.6759588269621113  -0.4584551957210806  -0.5769735676513715  6.371363383683146  0.0  0.0  0.0  1.0
26875431821177;4.551379335696718;0.6282374625636258;0.08651080492896562  -0.2995195017112846  -0.950159959546373  9.368583345431192  -0.3397258303558263  -0.905439589927563  0.25449068584301693  9.843152781121784  -0.936537367551122  0.300777687148546  -0.18008481916581565  -3.8413193413450935  0.0  0.0  0.0  1.0
26875431821208;2.543233512385254;1.9774062214875086;0.2991398224901798  0.9431460052973315  -0.14488263971997759  1.2195191275486041  -0.26915787189111684  0.2290709739986027  0.9354573901949661  4.342490756715703  0.9154613080843936  -0.2408362546690525  0.3223794221680325  -1.012261164112625  0.0  0.0  0.0  1.0
26875431821239;2.014421766667579;0.15634778812503353;-0.9558339521631921  0.24889316873389802  0.15631265607650713  11.345286123887153  0.10198214459039642  0.7796658790484225  -0.6178355438402637  0.726480574716422  -0.27564669066911784  -0.5746070897624306  -0.7706137776590252  6.353585596018971  0.0  0.0  0.0  1.0
26875431821270;2.8934216940175648;3.1165185006186173;0.8160308999384736  -0.5614688680388866  -0.13728175613947152  2.152895139850715  0.10486792953651933  0.37738246097057876  -0.9201006442267684  3.547666102899595  0.56841559417413  0.7364341032128542  0.36683582693726846  1.1055937696936797  0.0  0.0  0.0  1.0
26875431821301;2.825654895817324;2.7740285913598512;-0.7134835750501188  0.4796305192136257  -0.5107795543799399  -3.776576658480073  -0.0663741029755659  -0.7719728984313029  -0.6321806091155937  -6.696085314781557  -0.6975210868410292  -0.41714794632892815  0.5826250288870771  3.002879137922122  0.0  0.0  0.0  1.0
26875431821332;1.854867411473609;0.3193361695605958;0.7155452283974439  0.1788759699429501  0.6752765459384918  1.8603805336684245  0.6790185078447768  -0.4051747055169063  -0.6121824270701846  -3.5769533519379015  0.1641002502188933  0.8965694872045654  -0.41138092139991106  -1.1737091440862377  0.0  0.0  0.0  1.0
26875431821363;4.467403769838114;0.24492897321851628;-0.6441427218309734  -0.36101154375506433  0.6743521477594405  11.114285521108428  0.6757864672594963  0.14439745308077567  0.722815347244865  2.6983150989827775  -0.3583194169747358  0.9213143007787139  0.15095414734122098  7.16187518681203  0.0  0.0  0.0  1.0
26875431821394;5.784727726475907;0.24100404277074483;-0.20644976326706832  0.9281702092410923  -0.3096426293718587  3.6977607562543793  0.7121389324178522  -0.07448335769637078  -0.6980761923751855  8.803327516410713  -0.6709967482646498  -0.3646262361701652  -0.6456090703472539  16.33889171986971  0.0  0.0  0.0  1.0
26875431821425;1.4999174095934682;2.060234596832583;0.1243487095777829  0.19912679315750972  0.9720524258871771  5.02604208630296  -0.02760008768488223  -0.9785827370092665  0.2039952499134214  21.487665931866186  0.9918546433757951  -0.05219527827551984  -0.11618958361064044  -1.5445150462469917  0.0  0.0  0.0  1.0
26875431821456;2.5138223759986826;0.6168938898954522;-0.07729034694132136  0.9966078731754175  -0.028265692888381738  -4.5181013875066025  0.17438619051903578  0.041426838551334416  0.9838055059837284  4.1540222671169165  0.9816392712325384  0.07110952237507828  -0.17699654516865404  -3.5880884326830387  0.0  0.0  0.0  1.0
26875431821487;2.043897772459037;0.2766862171574077;-0.10819588471502596  -0.9890610461713085  0.10025915158852447  8.090394079270416  -0.8356889567307176  0.14511128610101637  0.5296854559495053  7.788802735040317  -0.5384399856335518  -0.02647567926658228  -0.8422478377997262  5.0173430907314565  0.0  0.0  0.0  1.0
26875431821518;1.5491762003112224;0.06936296258016257;-0.051624783162265486  -0.8766953623750044  0.47826783641972764  14.196646169549425  0.7718550876603427  -0.3389147163945427  -0.5379372999375021  8.376231482711326  0.6336991442445639  0.3413825663407041  0.6941781745217447  -4.797985414970732  0.0  0.0  0.0  1.0
26875431821549;1.5883996969544905;0.35781809424670974;0.251775076902652  0.5303344502866704  0.8095397961124574  2.3794112432398564  0.5223449567182585  0.6297186542266855  -0.5749870978638854  -3.4711977111684775  -0.8147177774184535  0.5676264505447817  -0.11847006288623399  5.939738565467653  0.0  0.0  0.0  1.0
26875431821580;4.425160905918537;0.12020206972661934;-0.4273509677739868  -0.6037736779354668  0.6729253273394562  3.362516842796822  0.8863171221922193  -0.13294563990774938  0.4435847334370522  -11.029618410919388  -0.17836229773003695  0.7859916047018549  0.5919493965590844  -3.0983403709105017  0.0  0.0  0.0  1.0
26875431821611;3.353273937562721;0.023014454818870073;0.5482299179746029  -0.23768059960095153  0.8018428085422311  1.3678079161053982  0.7263524560559234  0.6105628676099284  -0.3156344313877525  -6.349401818899915  -0.4145552636489968  0.7554607317850971  0.5073687181051244  2.7008370049367882  0.0  0.0  0.0  1.0
26875431821642;1.3671223414634766;0.0358155841590307;0.5980497398959496  0.46207024266584956  -0.6548492952222746  1.2491345111904968  -0.6881029278109793  0.7149495969182033  -0.12394125465097003  2.9273503389090854  0.41091467404845117  0.5247267524237939  0.7455273073083465  0.4892570756712278  0.0  0.0  0.0  1.0
26875431821673;4.231146946497155;0.08611158693171901;0.19627697543382633  -0.8796492068224608  -0.43323506535270817  9.946593726566263  0.9715960809280446  0.11490450434963884  0.20687680006571324  7.202300848005093  -0.13219835263653718  -0.4615346442216229  0.8772168305176357  11.741135730850619  0.0  0.0  0.0  1.0
26875431821704;5.916097515817769;4.462356475845375;0.20164682475266832  0.5379318732387601  -0.8185156429910216  1.154344760332723  0.35883265223065175  -0.8181533850900362  -0.4492929625075719  8.057264611562296  -0.9113603490169424  -0.20311163979337377  -0.3580055530577193  11.148195090696658  0.0  0.0  0.0  1.0
26875431821735;2.456523073906335;0.27109806247012364;-0.8874513012158955  -0.2530035822034199  0.38525235283181813  5.124375657587817  -0.08384574448267895  0.9105405282798796  0.40482815797810284  -1.5865087583055943  -0.4532108550138225  0.32696350522961404  -0.8292736503384179  6.099354517790783  0.0  0.0  0.0  1.0
26875431821766;3.6833967010897686;4.16937583196922;0.11579855020493432  0.26089993778383985  -0.9583954915559775  3.163723477096939  -0.6760918170496667  -0.6861620159080577  -0.26848006042063954  3.437626612997943  -0.7276610135831898  0.6790529510939322  0.09693574635657337  5.901934323193357  0.0  0.0  0.0  1.0
26875431821797;3.7834060321852396;0.5042840601153114;-0.2712798805895605  -0.7981089312425313  -0.5379863941199796  14.287916803807773  -0.6509525172834933  0.5638619135568067  -0.5082524595930054  8.875041063493036  0.7089908649831795  0.2123249309689294  -0.672495410437456  -11.301455485705329  0.0  0.0  0.0  1.0
26875431821828;3.309200691813214;0.14718571113146486;0.377456637970529  0.9258471114927299  0.018265064811085363  -2.4477793908845573  -0.8515635084447595  0.33928775796623156  0.39965411092530856  15.77816321459511  0.36382149130753105  -0.1664059597334664  0.916484030972688  2.112711076951887  0.0  0.0  0.0  1.0
26875431821859;1.3587079118313974;0.4885470535147485;0.1733844486850625  0.9142585654253961  0.36615448720516114  3.642805244492157  0.5095397564145688  -0.40143325290995235  0.761065424317198  -1.766631989305396  0.8427971698974551  0.05461335921211864  -0.5354533699664324  -3.1361638657377595  0.0  0.0  0.0  1.0
26875431821890;5.99180136419761;0.06199252332806788;-0.3461478037528053  -0.9373879190727149  0.03854331503170311  6.158545264941853  0.9381391116098764  -0.34622401359694666  0.004892818886133387  -10.188571676248966  0.008758151913535461  0.03785262983393656  0.9992449515457725  6.0584363020594925  0.0  0.0  0.0  1.0
26875431821921;1.334025833505696;0.03974018099944753;0.610176315386218  0.6047894004353146  0.5117759717520844  0.3705318288664543  -0.7066085958371744  0.7075766255976942  0.006293742669974817  -1.019934403940577  -0.3583143262984526  -0.3654655934953002  0.8590958872794194  1.499628032660879  0.0  0.0  0.0  1.0
26875431821952;1.5331962113685564;3.7494008522830313;0.8570784642168716  0.034982120017829896  -0.5139968457633834  -4.11954796545014  -0.1398846650640814  -0.944408858033815  -0.29753014863569005  0.28649723903692204  -0.4958314095088756  0.32690695946449966  -0.8045390314945056  5.452428687822284  0.0  0.0  0.0  1.0
26875431821983;5.104278779962253;0.5345134695958197;-0.8563529533062183  -0.4292610180887205  0.2870445918549126  14.288318624893563  0.46988867420287816  -0.8782877589089093  0.08840388230517758  25.154382001239792  0.21415941076585776  0.21058392839958515  0.9538292068710302  3.3736247352444897  0.0  0.0  0.0  1.0
26875431822014;4.051816939242429;2.9489534835815903;-0.44644949424566127  -0.8079409351164324  -0.38459627461921386  8.389265795604583  0.7211715363322733  -0.07044600959635788  -0.6891654191238108  -7.027379630600569  0.5297116803242512  -0.5850374390542323  0.6141145907995704  8.80483032028833  0.0  0.0  0.0  1.0
26875431822045;4.351333545702148;0.1088831516230443;0.8539988431905298  0.22462262268178615  -0.46928738871696984  -2.108077173029037  -0.4568017417581034  0.7554725800998154  -0.46967366271070854  13.029893439854039  0.24903442443967416  0.6154720611830284  0.74778071474672  -5.611066322010673  0.0  0.0  0.0  1.0
26875431822076;1.1412009696094776;0.039057500352184006;0.8603192606143498  -0.4686792539223068  -0.20047575104936954  1.9710317269943882  0.4940223658288213  0.66962689210579  0.5545644484003959  -4.264548309634003  -0.12566889781036966  -0.5761419810355525  0.8076309465415228  1.173856320295838  0.0  0.0  0.0  1.0
26875431822107;1.4325003679545003;0.5697868406789071;0.45328790581104605  0.6447849586269035  -0.6154530295432294  -0.5473576266032754  0.5762348345544169  -0.7387559921727983  -0.34956115269696203  0.021424804449047596  -0.6800613868552461  -0.19619363179595595  -0.7064167105549191  0.2783155818527221  0.0  0.0  0.0  1.0
26875431822138;4.104686773760169;0.0472417375776298;0.5598899320384867  -0.752148424900602  -0.347557205250418  0.4385624582271932  0.8282644699648933  0.4967316370630895  0.2592983774233777  -6.382795327862472  -0.022388206621162837  -0.4330478353024826  0.9010928590018463  5.4134729635608885  0.0  0.0  0.0  1.0
26875431822169;2.4370489578780687;0.0835808018410808;0.5954016595810596  -0.5597211301835235  0.5763758497666253  7.096413276110853  0.700381092855024  0.7130951407248989  -0.03101040221826612  2.0397772045852625  -0.3936536403227108  0.42214639249982394  0.8165961270787793  1.7726185366939258  0.0  0.0  0.0  1.0
26875431822200;3.7431807365241796;1.5918705715875936;0.42992536542931237  0.506721265112313  0.747260155262844  -4.74200794970335  0.8491653919661484  0.05423847739486237  -0.5253344883565758  -6.3480996446365525  -0.30672840958647873  0.8604020845237791  -0.4069716644923642  -0.31621072539323203  0.0  0.0  0.0  1.0
26875431822231;2.9987588218906187;0.1139682763727953;0.4647997987000029  -0.885113340244645  0.023141349342751708  0.23546234423275658  0.29941869142188315  0.132530056016557  -0.9448726006607746  -4.896879625243565  0.8332524193518093  0.4461055471222198  0.32661942145429945  -0.2113685898666371  0.0  0.0  0.0  1.0
26875431822262;1.4232017099761387;0.12078787408582738;0.5951675642949505  -0.019726811312714324  0.8033594608434319  -0.18445518514773784  0.3540300826934281  0.9038920525311785  -0.24008718816100785  -0.679511176919859  -0.7214140773226577  0.4273055233511583  0.5449511159308624  0.5686821890125042  0.0  0.0  0.0  1.0
26875431822293;1.6014741833671042;0.1953464084596026;-0.7032301031461049  0.016784292396531092  -0.710764172956028  10.068165647323415  0.4297112440841495  -0.7864187548728595  -0.44372715568452065  18.134116309720724  -0.5664059222296074  -0.6174656504721294  0.5458209429384862  11.455998839934047  0.0  0.0  0.0  1.0
26875431822324;2.782792515369427;0.1092727458627255;0.4889794943295359  0.8716807884349804  -0.032736175686865966  0.36118809574718336  0.7093551016250506  -0.37551968823257237  0.5964899861256904  -0.5575010515819085  0.5076557829117536  -0.31489294501954485  -0.8019526415276481  -3.6633426945085676  0.0  0.0  0.0  1.0
26875431822355;3.517315059062168;0.34394234430411824;-0.16876608161604115  -0.6920130389930096  0.7018803057214436  2.810410338498561  0.9363538746091844  0.10983301234561141  0.33343384786709407  4.547674047181272  -0.30783019864908534  0.7134806677568414  0.6294330032155263  1.6424781517397014  0.0  0.0  0.0  1.0
26875431822386;2.6396216123483303;0.29732803415164655;-0.04140703065644405  -0.9918461075330093  0.12052699607903161  13.94348591322007  0.8881882934202188  0.01870908727991777  0.45909860104821915  0.8552548797136375  -0.45761011051275496  0.12606057680643462  0.8801714138346769  -1.5612791443080694  0.0  0.0  0.0  1.0
26875431822417;3.186775984733459;0.11455924210230016;0.6674403624972518  -0.7334914368834473  -0.1285055427917149  15.012882558931924  0.7444375190553358  0.6614765676809934  0.09089296249825646  -4.493860811320079  0.018334195708407164  -0.15632997929900866  0.9875347056382864  0.25351201588550376  0.0  0.0  0.0  1.0
26875431822448;3.9599817839126596;0.8841323296490328;0.25762606454835846  0.056870423296545514  -0.9645696272532103  7.972592456218273  0.6606190900735948  -0.7388674122795855  0.13288101783778028  -3.3455329947327854  -0.7051320647195534  -0.67144672314737  -0.2279211909388834  3.8621180962855943  0.0  0.0  0.0  1.0
26875431822479;2.9073535472467738;0.04939997228691205;0.48074977309757094  0.021625682940830504  -0.8765911164870294  7.704660781900164  0.6141493381162705  0.7052312245689784  0.3542167562161431  -3.0256741947891967  0.6258596057886952  -0.7086474791673797  0.3257583523284351  3.1690723164368286  0.0  0.0  0.0  1.0
26875431822510;3.7711636163769215;0.06175483682923248;-0.9942434202738766  0.10702341137453383  0.00510006469187816  7.3215032710069  -0.10710034097276133  -0.9940758228108827  -0.01851419634726904  -2.962783960420194  0.0030883985530248265  -0.01895383656741426  0.9998155899333409  -6.76783172445415  0.0  0.0  0.0  1.0
26875431822541;2.7225886157360173;0.12883224819010305;-0.11676776932484739  0.8836432222388496  0.4533651330199997  3.1146721957464196  -0.9644670131982995  0.00804215479479238  -0.26408086677873405  5.874504564380565  -0.23699930063029728  -0.46809184946717397  0.8513056748096715  -2.8811090471208125  0.0  0.0  0.0  1.0
26875431822572;6.3174187801669905;0.0622341215666302;0.5818992847628356  -0.8000051540087296  0.14623602822823828  1.2084116316672926  0.7707281630232674  0.5998674231681229  0.21479565485459945  -3.2261483635488206  -0.2595598603699739  -0.0122812125258875  0.9656489272523505  -8.902458231849469  0.0  0.0  0.0  1.0
26875431822603;4.291318477345014;0.19187563359610793;0.6554777511420506  0.7539774562177486  -0.0432077918108974  2.4273387240940005  0.6109132343774902  -0.49572917460204813  0.6172824357705369  -6.304336197680299  0.44399767771937126  -0.4310111146638632  -0.7855542509693518  -6.037827182502055  0.0  0.0  0.0  1.0
26875431822634;2.1517287473981175;0.10015679717111232;-0.9065857626033985  -0.26068901601486816  -0.33187873082500124  8.085137633023713  0.2766541153392289  -0.9609691471998907  -0.0008936418650864822  7.5039331153157125  -0.3186922583162044  -0.09262577966805055  0.9433216362567982  3.3263737757879563  0.0  0.0  0.0  1.0
26875431822665;1.5906219386342715;1.975881408785296;-0.1377254302623059  0.7612696707064958  -0.6336404298350021  2.680737648719027  -0.4493169368462343  0.5221038857570353  0.724928839777065  0.42058827673366617  0.8826924697323413  0.3845465133632449  0.2701443742482748  -1.0960914670522948  0.0  0.0  0.0  1.0
26875431822696;2.534146944068928;0.08884404639914825;0.09890705326910118  -0.8774949470631414  -0.4692760516926886  2.7389429175689433  0.9889298511147133  0.034256940445934136  0.14437524581975658  -0.6272425406474924  -0.11061258693229606  -0.4783608260611855  0.8711692003865878  -1.1295094117596203  0.0  0.0  0.0  1.0
26875431822727;3.2280913866871095;0.3638437898531631;-0.2185764944783006  0.026011992038047937  0.9754730607924496  -1.6514909914679388  -0.494319427472232  -0.8648449476138783  -0.08770131247748031  -0.05495890072157039  0.8413516623179047  -0.5013647303679831  0.2018930099283711  0.7803108054775145  0.0  0.0  0.0  1.0
26875431822758;5.123607463454776;0.23017291595249423;-0.09039573095768964  -0.5556033571009589  -0.826518917752503  9.289226396682382  -0.7656031299333562  0.5695408280298725  -0.2991238750807019  3.3290078305833477  0.6369304979830009  0.6057459490456297  -0.4768557286579831  0.44089368892410885  0.0  0.0  0.0  1.0
26875431822789;3.4449919855173357;0.28781041025509674;-0.46752774268942576  0.6663179393359112  0.5808943221747604  3.078095105018896  -0.42806524495766435  -0.7456022499791736  0.5107224597424019  9.727288680143719  0.7734196505617533  -0.009883751572099364  0.6338172887984331  -1.3652582841923695  0.0  0.0  0.0  1.0
26875431822820;3.2885712155089486;0.26704388112960964;0.36337881768513786  0.33512513056424836  -0.8692795762710905  1.2937430255833178  -0.9193242656289106  -0.022238211827755483  -0.3928719340453932  -0.9735017393891745  -0.1509924815466488  0.9419111469767201  0.30000776942836926  -0.1339993658631471  0.0  0.0  0.0  1.0
26875431822851;5.9287144767363475;0.035214963175837714;0.8448491631969358  0.23631355571847343  0.47998520271892764  4.772030878487511  0.1941965389634629  0.7005166557957285  -0.6867052637102629  8.162037577302783  -0.49851539163806197  0.6733738325302387  0.5459396358238598  3.4521436493246003  0.0  0.0  0.0  1.0
26875431822882;5.41078833518639;0.05622434895263986;0.11587637191975791  -0.8755950179886657  -0.4689413938906898  -5.707758253476351  0.04267255831444794  -0.46729735137210515  0.8830697810295154  0.0706915323871633  -0.9923465721196477  -0.122337851354534  -0.016784842219750407  4.679632417134538  0.0  0.0  0.0  1.0
26875431822913;4.777035883166865;3.4353535403733284;-0.5974740209473692  0.8007319737141972  -0.04304765457895996  0.28282004021266927  0.7705638389278786  0.5881645287410731  0.24554807526739586  -7.51737710641695  0.22193729841942667  0.11353762989669368  -0.9684281295830519  8.490344494388  0.0  0.0  0.0  1.0
26875431822944;2.976285503595206;0.13218258378511918;0.8030625534628001  0.5919393596625308  -0.06854436306597794  -4.4016207610580835  0.35650672113400345  -0.385089290323368  0.8512397995068879  11.430205394055514  0.4774866417106235  -0.7080353331300335  -0.5202811490217117  9.832928034051623  0.0  0.0  0.0  1.0
26875431822975;3.393796302193077;2.992217522123807;0.2669130755722064  0.8952004486224102  0.35689433572812745  3.876727836785504  -0.7582902611386793  0.4236381110307782  -0.49550643865091026  -0.5746807075522322  -0.5947716284010358  -0.1383723515320523  0.7918963331021749  5.320791453042068  0.0  0.0  0.0  1.0
26875431823006;5.039958847236191;0.8270439814971047;-0.6306702318994257  0.14653332376576617  -0.7620912305112048  12.079533869476013  0.032977008004574176  -0.9760646425803122  -0.21496588205488318  -4.707629671117995  -0.7753499697162509  -0.1607040712948017  0.610742683894195  2.6089075487972995  0.0  0.0  0.0  1.0
26875431823037;5.369728603719778;0.10857673982721643;0.7139636496475197  -0.7001778556658469  -0.0026224830162193125  0.9974803838063755  -0.2420950954262015  -0.2433438201619906  -0.9392410499757489  8.595410693027855  0.6569976192898824  0.6712188582155191  -0.34324826674476144  2.238403910271413  0.0  0.0  0.0  1.0
26875431823068;4.204830814786546;0.12560290100294547;0.8812754350111028  0.2956449950480998  -0.3687107871340387  6.007267786858282  -0.4637986779260697  0.39113688449305417  -0.7949230930996395  10.503815446748336  -0.09079864536447335  0.8715537702816027  0.48181908586927147  -2.8725752748700324  0.0  0.0  0.0  1.0
26875431823099;2.356510122240444;0.09611482957068555;-0.47456311124963585  -0.8800900622418788  -0.015209726629739122  15.825795103209625  0.3439622676497074  -0.1695107955519491  -0.9235561967875134  5.550793206518684  0.8102344178534607  -0.4435172742232607  0.3831613440722228  1.71256660906424  0.0  0.0  0.0  1.0
