# teaser_benchmark.py --distance_metric=euclidean --noise_bound=0.2 --cbar2=1 --estimate_scaling=False --rotation_estimation_algorithm=GNC_TLS --rotation_gnc_factor=1.4 --rotation_max_iterations=100 --rotation_cost_threshold=1e-06 --rotation_tim_graph=CHAIN --inlier_selection_mode=PMC_EXACT --kcore_heuristic_threshold=0.5 --input_txt=/neural_comparison/point_clouds_registration_benchmark//eth/apartment_global.txt --input_pcd_dir=/neural_comparison/point_clouds_registration_benchmark//eth/apartment/ --input_features_dir=/neural_comparison/experiments/FPFH/features_voxelgrid_0.2//eth/apartment/ --output_dir=/root/neural_registration_comparison/results/FPFH/teaser_0.2
id;initial_error;final_error;transformation
13001298760030;4.310263072930483;3.460924346751265;0.4583813436330431  0.5716081056480299  0.6805517741999038  -1.065462237261654  0.31544846979224644  0.611242017916068  -0.7258618728378163  -5.776256378285832  -0.8308903698532653  0.5474005563491532  0.09986903520982424  10.019462772205808  0.0  0.0  0.0  1.0
13001298760061;11.165739862422033;1.481454309963693;-0.43864892647097553  -0.8949470397899545  0.08158992141837793  3.5981320130960004  -0.19149406373261335  0.004379547435021114  -0.9814840004398613  5.804816008841026  0.8780188738637855  -0.4461508887534137  -0.17329812925565186  -6.024675115689189  0.0  0.0  0.0  1.0
13001298760092;4.041875262067823;0.06766874052214988;0.11718252652368683  -0.9847738837469584  -0.12840815148368423  -0.03281681818311345  0.8892894004932288  0.16160800690287924  -0.42784017375098526  -7.372216999154949  0.44207761495909237  -0.06405661554289677  0.8946866112540577  -0.02680015232989708  0.0  0.0  0.0  1.0
13001298760123;2.6347404064812237;1.893853420531948;0.8717897511907703  0.47444742144988605  0.12199292601741124  -0.2448391789491102  -0.28777364694914226  0.6975171920839869  -0.6562439293958164  0.4396574171595625  -0.39644540335376044  0.5370003827064052  0.7446218040944339  2.561893772083126  0.0  0.0  0.0  1.0
13001298760154;4.655949543134552;0.03356551798296714;0.41277006259572213  -0.8833198363437027  -0.22218672810601803  -1.6687959046659966  0.824688489585002  0.46599577658296715  -0.32052586690132473  1.5913186617412636  0.3866649332053938  -0.05093135506317787  0.9208128075242528  -0.4183647342309576  0.0  0.0  0.0  1.0
13001298760185;11.526736439495075;0.051343965202322706;-0.16249430344158305  -0.6366025068496654  -0.753878537711319  -3.629047482183585  0.15113752427708876  -0.7710751659222782  0.6185471180543356  -4.320667655075586  -0.9750656645090255  -0.013428952701282797  0.22150984882149038  -2.8229794391906182  0.0  0.0  0.0  1.0
13001298760216;5.6572197072150425;2.4481123109085217;-0.10216060634572724  -0.2967795171030986  0.9494657069842629  6.847829820790756  -0.6395804337518869  -0.7114367636294223  -0.291195123788573  0.18133637234184374  0.7619055579747545  -0.6370083591166964  -0.1171335611284517  4.544595392040013  0.0  0.0  0.0  1.0
13001298760247;2.8755933061249292;0.07349561141452594;-0.45667831145558835  0.8742149302276797  0.16490353426499438  5.717899470725084  -0.7575117028228401  -0.28491927923445737  -0.5873644732250658  0.24178155658032843  -0.46649859585267184  -0.39315297288400436  0.7923444957718551  3.573056615300185  0.0  0.0  0.0  1.0
13001298760278;3.489631205271557;1.9747786575711168;0.6900961952931779  -0.5111704876113887  0.5123201868334052  1.4358810973688576  0.6640047783819483  0.16563534667995813  -0.7291519637333163  -5.756980813000629  0.2878626330870683  0.843368048081824  0.4537239688916985  3.4767461282624286  0.0  0.0  0.0  1.0
13001298760309;15.033436311598187;0.3145808832459262;0.9598234507645351  -0.27252120961930915  -0.06686653625012878  -3.317657554131994  -0.25437726705442465  -0.7444534941795943  -0.6173177472013224  -10.55093550926846  0.11845315263167634  0.6095253770856649  -0.7838671222344991  8.097132124946398  0.0  0.0  0.0  1.0
13001298760340;6.506989460822594;5.154372890933314;0.9620097163255488  0.01751493000663823  -0.2724528086148137  -5.019923346066256  0.10496373837877195  -0.9449671169911491  0.30987055592777746  -8.115010176456142  -0.2520315839746885  -0.32669615092972837  -0.9109059806845654  -3.2451895186967397  0.0  0.0  0.0  1.0
13001298760371;4.91629017563752;0.07411808274726732;0.06284909356862184  0.9935515905665333  0.0943675172944315  6.805481015210065  0.9752324858077872  -0.04104732273235512  -0.2173400927617134  -2.104332506728218  -0.21206506091944222  0.10568989629675188  -0.9715235744736279  -3.0615904091998094  0.0  0.0  0.0  1.0
13001298760402;8.540013131131722;0.06874962399032952;0.7314438616534555  -0.040176416429565875  0.6807170725142418  -4.244750071576202  -0.10204386295793459  -0.9934710611430565  0.051012750405279264  -3.1130972683064604  0.6742232028654185  -0.10677596281077106  -0.7307680661357128  0.3277281042394481  0.0  0.0  0.0  1.0
13001298760433;5.8803617295845045;0.08893606522219685;-0.850225249003933  -0.05787714054917614  0.5232277348899339  3.0925165620148065  0.11984323259117294  -0.9891191070359616  0.08532872727563284  -7.520533130302269  0.5125959671693658  0.13525394152568068  0.8479102226907451  -0.68878119560801  0.0  0.0  0.0  1.0
13001298760464;2.166048600398045;1.6118384189412418;-0.6286140055016914  0.31259880982395083  -0.7121280897308908  5.815074474756868  -0.31755974913425505  0.7326828674746877  0.6019398819141804  0.605113675130269  0.7099297414652432  0.6045310577676866  -0.361305912458368  -1.1269175228529835  0.0  0.0  0.0  1.0
13001298760495;4.352922081343947;2.275393014460041;-0.2784257212613816  0.3940475987297711  0.8759027387075473  0.29231049705055945  -0.9438247200836916  -0.28123774709713084  -0.17349417098759315  0.6382851686407788  0.17797195143904407  -0.8750038968730555  0.4502156871522216  -1.9838639028532743  0.0  0.0  0.0  1.0
13001298760526;3.427592892868579;0.23333679082474826;0.30215709045060135  -0.13258914863772087  0.9439921664685312  -0.13708222962206823  -0.0028632461679650167  -0.9904014420580464  -0.13819111907327467  -2.9229816758486407  0.9532538457891527  0.03905254451206348  -0.29963645348208967  -0.8716678861698871  0.0  0.0  0.0  1.0
13001298760557;8.921254112295115;0.08010813413142409;0.7985128920374014  -0.5881654433016632  0.12821299682880483  -7.515908838520833  -0.36952650679140303  -0.31078805268541676  0.8757059706811129  -2.508074279131464  -0.4752129228341845  -0.7466406080664003  -0.46551098843918476  -5.409740783105373  0.0  0.0  0.0  1.0
13001298760588;5.635777697146662;1.8738800828575832;0.40992724455636703  -0.6431281739488924  -0.6467965723808287  -3.712812084189933  0.9015904068036155  0.17827250328729946  0.39414927747158446  1.4005853436207454  -0.13818246100760045  -0.7447181120698249  0.652916948030176  -2.5980937299912927  0.0  0.0  0.0  1.0
13001298760619;9.801579940171315;0.048309926630831;-0.41454648308748243  -0.20215970941970615  0.8872895047543051  -4.911549489082982  -0.414902507252515  0.9097666614709241  0.013436188136014306  -3.0969725512770325  -0.8099426663877982  -0.36256871564351656  -0.4610171402466874  5.903443704616405  0.0  0.0  0.0  1.0
13001298760650;5.928008986154682;0.1180018954075361;0.2886281127964944  -0.09757500872337249  0.9524562615554417  0.8033661304557838  0.9507968132891984  -0.08778436702959444  -0.29711836823784454  -0.1461630622140801  0.1126020974167001  0.9913490921859202  0.06743697116206154  1.6733452046656907  0.0  0.0  0.0  1.0
13001298760681;3.926177848256171;1.798491470288019;0.8326082934546455  0.1917710761126289  0.5196030061856332  0.9172098638548769  0.24528350521522035  0.7134619811401641  -0.6563596601992591  -1.1037680483135819  -0.49658778855291796  0.6739405432485543  0.5469960808140817  8.546508874293785  0.0  0.0  0.0  1.0
13001298760712;3.640287511906044;0.07320919742067372;-0.22705049552194786  -0.0983970459733645  0.9688994239997011  0.4534125383371594  -0.6885713541574895  0.7197773267113249  -0.08826148755838598  -0.8288472463137868  -0.6887071676096882  -0.6871962029115224  -0.23117918588624597  2.9598957801531505  0.0  0.0  0.0  1.0
13001298760743;2.23776059014918;0.09417116848999149;0.8373968004912019  -0.044033612360313695  0.5448189052424668  -0.0032369931489615346  0.3604101038655156  -0.7048910812558545  -0.6109280813627745  -3.291518413303376  0.41093935751975175  0.7079474588897501  -0.574403377334082  1.4599945917411734  0.0  0.0  0.0  1.0
13001298760774;5.456665076952151;0.20973622371827438;0.5489325100193231  -0.8349731004098339  0.03863963037965926  0.8390611389222715  -0.45348661962351433  -0.2586642741061067  0.8529025027068455  -4.86282886524039  -0.702155955088558  -0.48570846697700454  -0.5206383580188115  -4.914024609173863  0.0  0.0  0.0  1.0
13001298760805;8.825594568085958;2.9262052204074003;0.9876828079608764  0.09094305906051348  -0.127326473552184  1.6591209029690916  0.014892868805474302  0.755412947126469  0.6550797522229219  -1.0937309440585317  0.15575902322903162  -0.648907265579927  0.7447539777405155  -10.636452288901411  0.0  0.0  0.0  1.0
13001298760836;4.000188739564292;2.0381218572387514;0.7051643262099192  0.6836723744186631  0.18797701321613203  2.580926142157578  -0.4502716511158108  0.22698971032437437  0.8635572428092405  -0.8856524746590062  0.5477213828602566  -0.6935904813819205  0.4679033349892305  -4.556848431460557  0.0  0.0  0.0  1.0
13001298760867;4.334456072611078;0.08620843034565796;-0.34950662856922976  0.71282468496961  0.608051054669053  1.656258330131715  -0.42503957897481237  0.457729421388638  -0.7809130125053224  4.755914608748886  -0.8349769295561917  -0.5313800384783002  0.1429992371158489  2.270056669942999  0.0  0.0  0.0  1.0
13001298760898;8.680467736983655;0.1211723117696285;-0.5751350275707544  -0.24787687165792094  -0.7796003826052609  0.45491549520291913  0.8139322277931351  -0.0777942826044514  -0.5757276944474371  -10.378854750263285  0.08206112734352602  -0.9656630396215545  0.246497191237483  -0.04916713364736434  0.0  0.0  0.0  1.0
13001298760929;4.363996845460841;2.6655745865762537;-0.36474060673592834  -0.8888312713896251  0.27738648272367156  2.4904959682514414  -0.18309753507091342  0.360560538592536  0.9145880989061782  -1.0187685979682546  -0.9129291223577345  0.28279863685980355  -0.29425388449666096  6.020754680473925  0.0  0.0  0.0  1.0
13001298760960;8.141769742702108;0.07190874815210119;0.519699487480225  0.8175448533645164  0.24805816948849602  2.341048033942248  0.2044833102146102  0.16288003822765226  -0.965223636775765  -0.917173273107708  -0.8295173407207757  0.5523499849589485  -0.08252560547722393  -4.472554082597266  0.0  0.0  0.0  1.0
13001298760991;5.538685950931398;0.031549093329042745;-0.41393936651345015  0.7889322060601125  0.4541367361176224  5.864825800842798  -0.8338497934638179  -0.1284897233633588  -0.5368285694058725  -3.5343592370541987  -0.36516944394457734  -0.6008963015622005  0.7110379117726963  0.4109632158642859  0.0  0.0  0.0  1.0
13001298761022;8.071467038641245;0.03881429513941483;0.40754049504962114  -0.9093156573329471  0.08399869179850572  4.07363177787303  0.9032645880783198  0.4149263272480723  0.10931251932020453  -6.905970597481275  -0.13425285404196916  0.031323765507617535  0.990451913469811  -6.090766647870007  0.0  0.0  0.0  1.0
13001298761053;9.81526024076362;1.4564052102642018;0.27601209412292455  -0.7036458790456056  -0.6547517092761308  3.3915976013008553  0.957797255081626  0.14447412572727442  0.2484987830019343  -11.9796695719449  -0.08026046384105205  -0.6957080593880429  0.7138266974879418  -4.052748164056584  0.0  0.0  0.0  1.0
13001298761084;5.591627609591558;0.1132472217412147;0.4782659553548574  0.8764843144564733  0.055108279416722306  5.085322353266977  0.4939651812453245  -0.2165943949551214  -0.842072008673426  -12.985705184599064  -0.7261267628078306  0.42995594493597866  -0.5365424584768942  3.285052994354377  0.0  0.0  0.0  1.0
13001298761115;4.7915878266942675;0.4192055019574031;-0.5206871045947674  0.3829967944641457  -0.7630192622332066  4.859947737248988  0.7864414736620596  0.5629857876944395  -0.25408032461865154  -6.030411879007535  0.33225705050903886  -0.7323663415834046  -0.5943440031688499  -4.241153533157787  0.0  0.0  0.0  1.0
13001298761146;10.139080917100562;13.501108609967106;0.8347925280771232  0.5505605301141484  -0.0021301988248397276  -3.8285424415080493  0.4691086582029888  -0.7092543923207685  0.5262083938637696  -8.2797895320314  0.2881987194031168  -0.4402741301213652  -0.8503529787566325  -4.92155578511923  0.0  0.0  0.0  1.0
13001298761177;7.93887486463345;0.22004701246626093;-0.37323394894228845  0.9272775564393363  0.029201929402673105  0.9315142624831714  -0.9245121494503639  -0.3691298657388705  -0.09497593241591057  -2.509969881053896  -0.07728974625144797  -0.062445780830229086  0.9950511643030671  5.556701066273691  0.0  0.0  0.0  1.0
13001298761208;3.7143332170860712;0.10412581167361333;-0.4359293230514395  0.7086174059670707  -0.5548215904814935  8.970477752399445  0.8905867990982947  0.4284949080014245  -0.15247054498723944  -1.650394828990818  0.12969494429532893  -0.5605831657991092  -0.8178788025415995  -1.7299169304850377  0.0  0.0  0.0  1.0
13001298761239;9.442007376163867;0.1900272255623136;0.0180044151668136  -0.3803618948173234  -0.9246624627427438  6.051356982463342  0.9641587567166016  -0.23824598663240343  0.11677646038585848  1.2414002057175921  -0.26471443648051857  -0.893623902335053  0.36243977195428456  -2.272876790463975  0.0  0.0  0.0  1.0
13001298761270;3.3218855709366024;0.1729963720654213;-0.4558891401360333  0.38966279849990326  0.8002049708488773  9.239029727784981  -0.6429665354826086  0.4774950293628973  -0.5988259606790759  0.07981174214390088  -0.6154340957044225  -0.7875032700877822  0.032855341202459365  1.2278000249033294  0.0  0.0  0.0  1.0
13001298761301;1.702374455622597;0.024514411879558575;0.717422172828672  0.629460071951891  0.2984718475034252  1.9777460821884911  -0.5462381341845763  0.7741932652071369  -0.3197634889577992  1.3990098763375616  -0.4323532429580472  0.06636871195248695  0.8992585097609185  3.5505002516262962  0.0  0.0  0.0  1.0
13001298761332;2.6966908062382884;0.02866328626498865;-0.22825366334306763  -0.7922156303090705  -0.565945810360384  6.597174205650731  0.9252985046034666  0.004307472240858645  -0.379215140865291  -7.6149337616863235  0.302857957711297  -0.6102260571107205  0.7320527417297512  -2.848290539220233  0.0  0.0  0.0  1.0
13001298761363;3.780503688669632;3.0172218016252494;0.9178636180394046  0.2970430685656843  0.2632333453358376  -1.3533369861027909  -0.21980365176435318  -0.17180152663497258  0.9602971363681909  -7.038874092258736  0.3304734987115747  -0.9392814545507516  -0.0923992196198426  -3.5376125401578906  0.0  0.0  0.0  1.0
13001298761394;9.713878523349894;0.11459101080069786;0.9237742123342176  -0.3694036192770083  0.10090674254648929  -0.21395555336934188  0.2863621135655092  0.49143942770211596  -0.8224864915693821  -8.895716146504236  0.25423993498384706  0.7886876789736635  0.5597622714104136  5.490221621817138  0.0  0.0  0.0  1.0
13001298761425;4.539890497597582;2.169154142775438;0.9786550461703695  0.09417869064349937  0.18265999790306411  -2.621560925780861  -0.08094278851170367  0.9936126055111699  -0.07862731813596104  1.7054802550328878  -0.1888982943099828  0.062164012080785425  0.9800270761610609  -4.027801204849042  0.0  0.0  0.0  1.0
13001298761456;2.8219341713243176;0.06587593890566491;0.4617905579350835  -0.8687223395711151  -0.17908371598806241  -0.03569531243214304  0.8446791335871805  0.49231947381926044  -0.2100921154654239  -4.617026402907887  0.27067811489740856  -0.05424972284182916  0.9611401176140606  -4.359242901570989  0.0  0.0  0.0  1.0
13001298761487;4.817878682726937;0.2795601430634919;-0.4785365021182244  -0.8144304996033573  0.3281855838641922  1.090992959674392  0.4096060882022259  -0.5376525034433699  -0.7369888995424203  -3.3706521322769705  0.7766760384150687  -0.21824927687601378  0.5908820394080126  0.2071057856947979  0.0  0.0  0.0  1.0
13001298761518;2.4163432216525833;2.741906959806225;0.9543371008799099  0.2583437988149754  -0.14999726496832028  0.18687064182638025  -0.22696465268217653  0.9535154690014234  0.1982304134280476  -0.49515879036481236  0.19423631050086404  -0.15513456091033762  0.9686100989016009  -2.8152382370171565  0.0  0.0  0.0  1.0
13001298761549;2.2392274259590965;0.13590559682119646;0.49410431674913624  -0.06844701217838377  -0.8667040617729452  0.5745981543875451  -0.5893489771179821  -0.7592620306908449  -0.2760234626280945  -7.727530671982575  -0.6391625046417041  0.6471755366784708  -0.415493823522174  6.30130150442592  0.0  0.0  0.0  1.0
13001298761580;8.570690654168628;0.44024403762473735;-0.8288275666026164  0.5189507325218793  -0.20912915161351975  4.997479825796458  -0.5426568792981139  -0.8366375835963786  0.07457254900058286  3.144063388186517  -0.13626582913561947  0.1752931571083623  0.9750404775602735  4.317753174657516  0.0  0.0  0.0  1.0
13001298761611;10.391644677470136;0.1887115809410663;0.5559209585668176  0.7842036555096329  0.2756383763402332  4.016165434476346  -0.8240045038909379  0.5635472827471588  0.05857506018557179  -4.120551288760673  -0.10940048168815489  -0.25969036715600907  0.9594750897302008  6.450448068719282  0.0  0.0  0.0  1.0
13001298761642;10.080782196489423;2.441878175476084;0.7348961447346537  -0.5112540278645887  -0.4455861032913584  2.985300914582891  -0.18530450908466428  0.4806533579968011  -0.8571082710832342  9.602471587164464  0.6523725127310579  0.7124546781646066  0.2584926230946097  3.792906406772204  0.0  0.0  0.0  1.0
13001298761673;5.377260718947195;3.5944273302316607;0.9803645870901391  0.1924427059343087  0.04302419449869366  -5.450900182845104  -0.1777436783102701  0.9568641256204904  -0.2298221702126872  -2.6919201994155806  -0.08539590856894333  0.2176622384181865  0.9722811778320453  -2.291707160811316  0.0  0.0  0.0  1.0
13001298761704;4.0697080635330884;0.1346934517366883;-0.7083068578744025  -0.5848706623599624  -0.39525650329717665  -1.6400083460231036  0.6218796685420893  -0.25206142800361153  -0.7414382741447615  -7.2619407408011405  0.3340165758492735  -0.770967797526849  0.5422560117089781  -3.4221075789456954  0.0  0.0  0.0  1.0
13001298761735;7.748271368017596;0.06568717101679501;0.15032396713743873  -0.9243826650199173  0.3505986216669106  0.5946983698258433  0.9716141172264992  0.2036588121994721  0.12037065846655148  -7.657974932891088  -0.18267104891096841  0.32255197538408464  0.9287580476451286  10.567127052411848  0.0  0.0  0.0  1.0
13001298761766;4.3143958585213165;0.15776040556595933;0.2828354071861663  0.9572774238949691  0.060200217132895306  4.033795423855006  -0.9489724067443905  0.2884041781465222  -0.12757116157419285  0.7353664720496145  -0.13948298706148682  -0.021046703510089193  0.9900007740359413  3.2341918195802157  0.0  0.0  0.0  1.0
13001298761797;8.231005951784896;0.05605464349689254;-0.32644674890901737  0.18036852948960308  -0.9278468158572792  11.601678985414825  0.8839021837613299  -0.28953416990816944  -0.36726951139121405  -0.9388626510425329  -0.33488721932717336  -0.9400197646993103  -0.06491064863308707  -1.1209933538003003  0.0  0.0  0.0  1.0
13001298761828;4.4334073516756565;0.03497784134323519;0.7835598654003423  -0.49954437108862215  -0.3694446624969296  -5.682852608712758  0.6147426183593178  0.709591928085261  0.3443411226806514  -3.4938567482191014  0.09014128081254866  -0.4969252629016911  0.8630989703293348  -0.07865231077037  0.0  0.0  0.0  1.0
13001298761859;2.6655230457662435;0.05014114640253058;0.7997473440961065  -0.2038597517593494  -0.5646639595581083  0.45086824840089545  0.5982772896505169  0.3484851562072013  0.7215416693384206  -3.3652146065783617  0.04968370255582735  -0.9148766569958262  0.4006647378850368  -0.809169987593282  0.0  0.0  0.0  1.0
13001298761890;6.637126318209209;3.2704897632287127;-0.4781878802105892  -0.8756276981405717  -0.06791528155537917  -2.8870982374360117  -0.878244702188498  0.476330478061594  0.04237356189239699  -8.51842142214923  -0.004753345930895103  0.07990875996194949  -0.996790848565437  2.205382886802177  0.0  0.0  0.0  1.0
13001298761921;6.263021266226115;2.3392871611017125;0.7633301679405748  -0.6459761872868902  0.006466851637931717  -1.51329920439705  0.6458686352588627  0.7629182588192132  -0.02845059488156621  -5.885442093662198  0.013444727615985108  0.0258939340107677  0.9995742811221083  6.193268202466246  0.0  0.0  0.0  1.0
13001298761952;8.524152599894595;1.2903246144169833;-0.973605444822056  0.2071453039770384  -0.09582933190369225  3.6198177283853576  -0.20724757880430114  -0.9782471772990795  -0.00899450866576238  -5.748713066135276  -0.09560794366893699  0.01110329440498864  0.9953571409101132  6.892606457352694  0.0  0.0  0.0  1.0
13001298761983;3.259695949088397;0.041593855748049795;0.9876675474443775  -0.1534453728910637  -0.031101981665663803  2.142768418051815  0.0580320179907608  0.17428751440459536  0.9829832893852208  -2.502927618860863  -0.14541355030783376  -0.9726656053654777  0.18104286654237647  -5.337557632612456  0.0  0.0  0.0  1.0
13001298762014;4.304140440760447;3.1363438542365514;0.9165846949913692  0.12649805161644279  0.3793029657738302  2.2184968631232107  -0.0852828824096254  0.9886565895737921  -0.12363243045505998  -1.869088274369513  -0.39063963812635  0.08097154333198116  0.9169756170667528  2.435515656369846  0.0  0.0  0.0  1.0
13001298762045;5.169410619190491;0.30208187693128963;0.22036311179964485  0.9697094573573519  -0.10537394018298468  6.497792348324795  -0.7793292860164263  0.11006718698651144  -0.616872011284354  4.086382360863931  -0.586588410143863  0.21805683355626929  0.7799777268770623  -0.7736465366305918  0.0  0.0  0.0  1.0
13001298762076;7.251100765186261;0.09529370447066096;0.48716424755407056  -0.7128024348020989  0.5045628651072884  2.479712679690995  0.8452024755487728  0.23942788905948403  -0.47781488179706716  -1.575609669906738  0.2197811894391835  0.6592321100194675  0.7191030898890498  7.15242825176062  0.0  0.0  0.0  1.0
13001298762107;3.6083033742486865;0.05314653960366283;-0.17019189219871345  -0.15249337757224027  0.9735401838786275  0.745658488251986  -0.3468625701842434  0.9339959578206642  0.0856615910419622  1.0787954420720614  -0.9223454218648253  -0.32310574208959797  -0.21185278424823212  7.6847994147804455  0.0  0.0  0.0  1.0
13001298762138;7.232928857269941;0.08382951646128313;0.8353995700411995  -0.4401775175936507  -0.32916760378273974  -2.9095383922273075  0.07074582454480383  -0.5077821566639481  0.8585757448723932  -4.213377600119237  -0.5450711757967532  -0.740541041657247  -0.3930602739234075  -4.419920397172491  0.0  0.0  0.0  1.0
13001298762169;6.764347421644368;0.09204528592383619;-0.6317121674421436  0.1941038259624085  -0.7505087889240898  9.511194716338336  -0.4678799004629742  0.6764526527354738  0.5687707863013863  -5.82531512495953  0.6180842468857349  0.7104474036506114  -0.33650609266073983  5.892751217375786  0.0  0.0  0.0  1.0
13001298762200;2.173201777732865;0.0641762488041827;0.47353805567991847  -0.396895136416726  0.786279823289159  1.1321251941703392  0.8408680867717212  0.46938394725734095  -0.2694801861101906  -3.7991755524317976  -0.2621117518764615  0.7887667340512446  0.5560076157593409  4.665432884887648  0.0  0.0  0.0  1.0
13001298762231;5.881331751981235;0.09324340270816629;0.8839351121762534  0.1568449894697433  -0.44052056335679757  1.0023001464486525  -0.450944072577676  0.5351863389852285  -0.7143003751718511  -3.219625818767138  0.12372615272857246  0.830045319149397  0.5437983149009953  3.072842887429931  0.0  0.0  0.0  1.0
13001298762262;12.753530724937347;0.06218166972100475;0.5583065533147337  -0.8296314477998963  -0.0023352403023645385  -7.959539993155022  0.8236847192473896  0.5546367748801906  -0.11798953864156475  0.11984410011783674  0.099183041918317  0.06395083089333935  0.9930120922848221  -4.400333813140505  0.0  0.0  0.0  1.0
13001298762293;4.0873319758586355;0.6157544597365647;-0.7966667759720013  -0.13440549932833373  0.58928533819592  7.063619981992444  0.37235850249921887  0.6588376866096038  0.6536681484663647  -0.4465615358752404  -0.4760999828596069  0.7401811024696644  -0.47482706522256624  3.1723642187358765  0.0  0.0  0.0  1.0
13001298762324;5.257805486369847;0.049353862696792684;0.5600714883348433  -0.547081456045159  -0.6221107685982465  0.5915210662833851  0.45029297734597146  0.8313565141477723  -0.32570320989662405  -0.6527048029397409  0.6953820263044573  -0.09771502870885694  0.7119660179089546  1.4548848217979584  0.0  0.0  0.0  1.0
13001298762355;3.940223826782666;0.06388748048331452;0.21452526523144094  -0.9677282825421953  0.13221528559630713  -2.2232850848601418  -0.06884041806610247  0.12004933755807215  0.9903782880255163  -8.609373912297862  -0.9742894371889002  -0.22156292045331316  -0.04086520356409157  1.9562547615546837  0.0  0.0  0.0  1.0
13001298762386;9.483249247669189;0.26332926702573306;0.39764918763444634  0.8297881856642308  -0.39156952193158395  7.651286387621363  -0.3333310463492919  -0.2669577364892819  -0.9042256247575636  -9.165121388710364  -0.8548482538517299  0.49008686358704195  0.1704386371280449  -0.054384887102005085  0.0  0.0  0.0  1.0
13001298762417;6.696026314562576;0.09884742127216882;-0.8104327451494626  -0.5852442225570629  -0.026229097450824496  7.186910404169543  0.5851595476465845  -0.8108352516688963  0.011597346639728418  -4.819668983766568  -0.02805475695047996  -0.00594933732581744  0.9995886834082468  -3.4162893453060414  0.0  0.0  0.0  1.0
13001298762448;6.742317045442832;0.039132969752776824;0.7718363065553876  -0.05522924536112396  0.6334180660036296  0.9556716625253062  0.31959929684193383  -0.8275190799642952  -0.4615933943994288  0.5040334403798389  0.5496589900484468  0.5587145091653576  -0.6210580423012281  0.5063448673554372  0.0  0.0  0.0  1.0
13001298762479;4.7976364578938275;0.08325433005337976;0.42003837157430884  0.818784363392778  0.391356528843823  3.6161742418916343  -0.8571555973095341  0.4995939505258686  -0.12526039517298587  2.436697255829642  -0.2980806072292177  -0.2828392668308978  0.9116742294989049  -5.509881963424362  0.0  0.0  0.0  1.0
13001298762510;3.641411788076855;0.15339477616838937;0.6916422093169511  -0.6873597177582647  0.22173784677958278  -0.8034999817702951  0.7118809144298304  0.7006106798307179  -0.04868510016101211  -0.20139276762847574  -0.12188772687073698  0.1915236113653305  0.9738901828891523  -1.9163315140827315  0.0  0.0  0.0  1.0
13001298762541;3.070002262790549;1.6081477496710508;0.8853278501109487  -0.4612796358599789  -0.05844395057498081  -0.10307190500615263  0.46283209306105716  0.8863050717487243  0.015804221752723224  -1.9937077652999784  0.04450900415249092  -0.04104165363839035  0.9981655830652452  -2.475368427413662  0.0  0.0  0.0  1.0
13001298762572;5.3165421424298245;0.119051440823526;0.7442446682127705  0.654817003511522  0.13158482339941027  3.5632515573853403  -0.5301161124661827  0.6989721391663726  -0.4800154747223531  2.6899132812930815  -0.4062964202901671  0.2874937226816887  0.8673353320821307  -1.5520480765455777  0.0  0.0  0.0  1.0
13001298762603;8.701034267553123;0.09645798546375352;0.5450408993492087  0.6231832485097256  0.5608681278281655  3.6860671321928535  -0.7098077223563002  0.6990144858566154  -0.08690078161888769  1.4118682904810838  -0.44621005739445996  -0.35074404818824456  0.8233317662647024  6.410400609621656  0.0  0.0  0.0  1.0
13001298762634;3.6983118308243395;0.12971630152161706;-0.31428930700865004  0.9412289304431612  0.12373492634194201  3.0300468141583066  -0.7169851441035104  -0.32077246273234683  0.6189000971784486  -2.4375566621990763  0.6222174335671498  0.10579757865588654  0.7756625153477903  2.4865859359720273  0.0  0.0  0.0  1.0
13001298762665;3.264462073407414;0.4501034174925782;0.17256880720428944  0.33018548322475383  0.9280073024754307  -0.3128589981978294  0.6713501659505698  -0.7288376675771786  0.134479028100305  -1.7157041865215454  0.7207697007076761  0.5998109710469585  -0.34744472589675734  -0.30102540015651763  0.0  0.0  0.0  1.0
13001298762696;11.28400940315467;0.23522981440268306;0.34798032440441234  0.9361382092184004  -0.05054648423744434  1.4798300825890676  -0.9339892527272752  0.34150940022556764  -0.10504953758832015  -3.0729063886498134  -0.0810787864817104  0.08376504520943875  0.9931815783549927  6.421989280865755  0.0  0.0  0.0  1.0
13001298762727;5.9914853246080435;0.14276191816010053;0.6885982605634244  0.5452898089522261  -0.4780078030763432  -5.147488230509509  -0.583264695719421  0.8081639778729948  0.08169014381079498  2.6600653665649303  0.43085349050037636  0.22255338487954263  0.8745486039107828  -5.028695839059294  0.0  0.0  0.0  1.0
13001298762758;2.650189718750765;7.69206131640576;0.5446822147563604  0.2114217329249608  0.8115553805964895  7.71017606184927  0.7318393750102513  -0.5924043872530574  -0.3368503690779251  -4.841624606283902  0.4095514791973171  0.7774045875928028  -0.4773988825677675  2.32457241095708  0.0  0.0  0.0  1.0
13001298762789;12.47752396560415;0.18306812228798403;0.1848046052979528  0.9685817044510046  0.1664233747508313  14.38254618330349  -0.6799444237429381  0.2482813593299197  -0.6899506846363522  2.3645969356052046  -0.7095934318196249  0.014347418306964371  0.7044652674946957  3.517320604309908  0.0  0.0  0.0  1.0
13001298762820;2.5113803815995865;0.05634534412516248;-0.010479357935338742  -0.9958226809583048  -0.09070485734665273  1.444130719389482  0.9997661722075335  -0.012150175021118223  0.01788782145630237  -8.045467781329636  -0.018915178211145932  -0.09049619514636936  0.9957171559721519  -2.1587118301260446  0.0  0.0  0.0  1.0
13001298762851;8.315224491879562;0.10900549688228353;0.2875321563256411  -0.8235452384296533  -0.48897699264747874  4.33320480547447  0.9030377070791571  0.06299296054991976  0.4249173878701312  -2.3448575335568385  -0.3191365830987518  -0.5637420750493987  0.7618049055677262  4.525694384391491  0.0  0.0  0.0  1.0
13001298762882;7.127338882949794;0.04616644570941503;-0.4143173440862273  0.7826292133319994  0.4645779297692379  3.0705564665841405  -0.6869203911525817  -0.6037607714182033  0.40449141785121  -6.785336880975206  0.5970607294137834  -0.15154024328815574  0.7877525246268953  -4.586562833624515  0.0  0.0  0.0  1.0
13001298762913;2.3308338239256097;0.08850756063940068;-0.9027480053526818  -0.4295337061769483  -0.02338448395088011  7.992691489299424  0.4293653618900455  -0.9030504346993857  0.012053978524948383  -9.09606247698071  -0.02629495846706159  0.0008412176557799911  0.999653873854381  -1.479611291566465  0.0  0.0  0.0  1.0
13001298762944;13.120560348922597;0.1831811757833698;-0.008269497320098351  0.9085755064413754  0.41763879669981674  -1.9121440830722862  -0.9211049609000813  0.15564604210274097  -0.3568472510514999  5.134336124243297  -0.38922649758120675  -0.3876401148907963  0.8356062918074016  1.8848862496011258  0.0  0.0  0.0  1.0
13001298762975;11.342250680316473;5.542934352043805;0.6143638955307076  -0.7773282004386455  -0.13534353575679353  3.4040953373711433  -0.7535660861956595  -0.6289024126343143  0.19136329093766713  3.054306935479726  -0.2338699587464999  -0.015576398349912108  -0.9721431058287434  13.311995146218239  0.0  0.0  0.0  1.0
13001298763006;4.458598501776789;0.044521961481668273;0.6556603205477421  -0.43643124021358304  -0.6161471550083367  -2.533049642269883  -0.4617568341314558  0.41387844614070485  -0.7845286852327655  -1.3176049809363486  0.5974028541881337  0.7988944888943664  0.06983856686732677  7.977518840529252  0.0  0.0  0.0  1.0
13001298763037;6.669679305647058;0.035053236322309174;0.5890009625286109  -0.8077557604508457  -0.02466774409721988  -5.046381820867826  0.7304381756506494  0.5451853299686586  -0.4113794204127319  -9.004963602056568  0.3457425887745398  0.2242846125917708  0.9111303281430372  -5.465127478859368  0.0  0.0  0.0  1.0
13001298763068;2.7376255445017748;0.07782106655865742;0.1625748092188117  -0.7319243196471499  0.6617070512821548  1.3031091997597022  -0.9839552257480603  -0.0703092682004063  0.16397780498655343  4.9992320365695555  -0.0734952048133192  -0.6777487713852242  -0.7316112750329012  0.6431155773029734  0.0  0.0  0.0  1.0
13001298763099;6.456555758447102;0.03437343789088573;-0.5447326775868305  0.7781005976649032  -0.312771114207503  9.09268813774581  -0.8346876445802075  -0.4670350673405494  0.29184718922640684  0.9373218367057143  0.08101139397780907  0.42004488544407825  0.9038802178707326  -2.2388330264845537  0.0  0.0  0.0  1.0
