# teaser_benchmark.py --distance_metric=euclidean --noise_bound=0.2 --cbar2=1 --estimate_scaling=False --rotation_estimation_algorithm=GNC_TLS --rotation_gnc_factor=1.4 --rotation_max_iterations=100 --rotation_cost_threshold=1e-06 --rotation_tim_graph=CHAIN --inlier_selection_mode=PMC_EXACT --kcore_heuristic_threshold=0.5 --input_txt=/neural_comparison/point_clouds_registration_benchmark//eth/gazebo_winter_global.txt --input_pcd_dir=/neural_comparison/point_clouds_registration_benchmark//eth/gazebo_winter/ --input_features_dir=/neural_comparison/experiments/FPFH/features_voxelgrid_0.2//eth/gazebo_winter/ --output_dir=/root/neural_registration_comparison/results/FPFH/teaser_0.2
id;initial_error;final_error;transformation
38591597440030;3.9584549028563556;0.048595887037560855;-0.060436238679622674  0.988755432081379  0.13678507441904647  5.5782799557609275  0.9536932011272005  0.09764947321885964  -0.2844887669202981  -5.6456541913113405  -0.29464680411980065  0.11325756446985633  -0.948870900023993  -6.7571510287849605  0.0  0.0  0.0  1.0
38591597440061;2.893302858668122;0.06632348449565889;0.4735935947417673  -0.09768364599508925  0.8753096665321808  -2.3653373947913607  -0.5946326810192359  0.6976674439375997  0.39958993022028416  0.7665344249280535  -0.6497084589902197  -0.7097309652077202  0.2723249443989144  -1.2463493487614772  0.0  0.0  0.0  1.0
38591597440092;2.596560926939177;0.0256354297004746;0.14202464733437992  -0.9665729233168557  -0.21346143319169658  -0.2562139519201809  0.95338710008963  0.19157381692288214  -0.23313624783007064  -1.7419198657872945  0.2662368061185964  -0.17040028339268162  0.948726360173187  -5.059723074046402  0.0  0.0  0.0  1.0
38591597440123;2.5491129024057546;0.031527675713219065;0.648159560513183  0.708928935966409  0.2780448666400679  2.777409065249511  -0.5544646143052145  0.6896292028367471  -0.46581171526500026  4.041760605987182  -0.521975263397344  0.14775427690692458  0.840065770078144  2.4704231163392634  0.0  0.0  0.0  1.0
38591597440154;2.8903184466470044;0.14181406434886287;-0.902193946631857  0.16253575082817723  -0.3995349951675753  8.459542290261576  -0.11947195602472396  -0.9842093724953414  -0.13060766752359032  -0.2697060616348358  -0.41445450218867225  -0.07010021965049049  0.9073662021590252  4.122509412089991  0.0  0.0  0.0  1.0
38591597440185;5.076548343189817;0.10320472459534288;0.49375886697272037  0.25856803587070937  0.830267879730259  6.965111028812112  -0.2604342337297809  0.9549165894198235  -0.14250725298171793  2.0102458940838805  -0.8296843925176596  -0.14586595928035184  0.5388385015343886  -1.6973124868154168  0.0  0.0  0.0  1.0
38591597440216;1.6762692747156474;0.047725840009030567;0.8405920748267939  -0.5413340929095506  -0.01903585018275383  1.0824056334802785  0.2628538173507937  0.3769316095163492  0.8881612648902955  -0.3722677887127304  -0.4736167590388897  -0.7515849663219779  0.45913745649455584  0.16535139788606124  0.0  0.0  0.0  1.0
38591597440247;4.93981129019194;0.0788695219267141;-0.23148095741458088  0.6295147562039966  -0.7417059647028952  13.08678049091989  0.8035511179965056  -0.3060425571714372  -0.5105326179261545  -1.7705236560056974  -0.5483814066149527  -0.7141772363506069  -0.4350042619993684  1.159109908842939  0.0  0.0  0.0  1.0
38591597440278;3.836455877765292;0.027042067003972624;-0.8523388997901999  0.5167373134968865  -0.08062846113161037  -3.932789302647751  -0.396295218221006  -0.7387395944005952  -0.5451732859192651  -4.280491709021653  -0.3412748158297013  -0.4327197251164593  0.834437019538047  2.9072610779412513  0.0  0.0  0.0  1.0
38591597440309;3.8455601514228666;0.018683814407963732;0.5700550121561374  0.017870848363230985  -0.8214121473988837  6.80650230037783  -0.15225234756307515  -0.9801497999075015  -0.1269865835543997  0.21035442277657096  -0.8073763098934718  0.197451266190076  -0.55601842748486  3.306198313836657  0.0  0.0  0.0  1.0
38591597440340;3.1249643016133017;0.09419883804383392;0.08726377568997339  0.49316389740359096  -0.865548614319283  7.029852223145367  0.8459962554157658  0.4220844716864859  0.325783723632171  -0.5614800703051636  0.5259994004510202  -0.7606800043769005  -0.38038212585021247  -3.2337500711292364  0.0  0.0  0.0  1.0
38591597440371;1.9082676334258446;0.0995383200169108;-0.3251086473083744  -0.12410670242302302  -0.9374976767219229  5.731670187317442  0.06544828599911662  0.986021350967452  -0.15322668597897543  -1.9437227139247484  0.943409184450256  -0.11117293667977371  -0.31244149667561466  -4.123095487438917  0.0  0.0  0.0  1.0
38591597440402;1.653095540299216;0.8719800719552151;-0.6677308162658311  -0.20826981798870808  -0.7146742194342235  5.423862578031725  0.6344630311517679  0.3429191364417402  -0.6927215371011368  -4.202978489674637  0.3893484546144709  -0.9159858889617248  -0.09683817487087447  -0.8024213516871278  0.0  0.0  0.0  1.0
38591597440433;5.513897604577699;0.04534040956389055;0.9543869853289865  -0.10642901941188024  -0.2789593985899656  -1.9019500321664933  -0.26302138882181064  -0.7418521607058177  -0.6168266536705069  -4.060280094150222  -0.14129837669589773  0.6620636189091915  -0.736007155712476  9.310467530640713  0.0  0.0  0.0  1.0
38591597440464;2.6229936829188185;0.015836740250830397;-0.4221948679948189  0.8703877566216118  -0.2533311006608461  5.917791496836978  -0.7298609850215011  -0.49212538126230165  -0.47446343553626846  0.6807367980663124  -0.537637829753713  -0.015419540869697029  0.8430348757774417  0.4837982771257902  0.0  0.0  0.0  1.0
38591597440495;7.040304842930483;0.02599278049395406;-0.9460493934583778  -0.2296482401403983  -0.22858746889856546  11.275804211227436  0.3174303785470476  -0.7984415260396709  -0.5115946483994127  -11.828083645611848  -0.06502691683074552  -0.5565544135984003  0.8282624492222432  -0.5318991237244545  0.0  0.0  0.0  1.0
38591597440526;4.4907205692444;0.05570626567067274;-0.9629851567282318  -0.16127208556457334  -0.21598819953589257  6.078668291032431  -0.07398725474246465  -0.6123634230303168  0.7871066790913847  -7.00119775687234  -0.2592016089008273  0.7739524226670833  0.5777648080239712  7.063862953314661  0.0  0.0  0.0  1.0
38591597440557;2.48450718425269;0.01665690601663552;0.8127926885565164  0.4939841804663942  0.3087841881930078  5.9546052371460005  -0.5748254521178983  0.5940280620131415  0.5627667022295881  2.3523892532294033  0.09457137530206461  -0.6349096715201755  0.7667763454773626  -1.6148753960922533  0.0  0.0  0.0  1.0
38591597440588;2.328820346378117;0.19372935271908123;-0.7002331707120502  -0.10372435531148441  0.7063389871370298  5.869573074494275  -0.11680871992941141  -0.9594101658153737  -0.2566863001380637  -1.6182964102017439  0.7042934257701121  -0.2622468147477348  0.6596949132528357  -5.452614358852478  0.0  0.0  0.0  1.0
38591597440619;6.320591373756098;0.07104458528241131;0.6225612322105982  -0.7381180362045318  -0.25999860918471723  -1.46768566025719  0.7794130051959232  0.6146453725894252  0.1213525166029408  -5.323174030034127  0.07023446077163242  -0.2781956695996048  0.9579531773193014  8.747650373003724  0.0  0.0  0.0  1.0
38591597440650;2.279414240855783;0.015250437945476978;-0.1270189013331913  -0.18376647347261854  -0.9747287222255981  3.8967658874101447  0.4324697312462912  0.874106231955557  -0.2211520445580801  2.5137712443109574  0.8926567818931695  -0.44963115826630135  -0.031554575836708565  -0.48403832685945897  0.0  0.0  0.0  1.0
38591597440681;2.179632741963947;0.009437472018035385;0.6286026604193748  0.5169310597399496  -0.5810688210443044  1.8675146318590765  -0.7526762291295502  0.5924531037391997  -0.287189508814495  2.8324137912491336  0.19579884937610298  0.6178847783737048  0.7614993179491831  -4.1375367699323755  0.0  0.0  0.0  1.0
38591597440712;3.8212360075464504;0.032461468427149094;-0.8084197425088939  0.12008804432300597  0.5762259813064047  11.751078525774675  -0.4272363326136664  0.5536747281238057  -0.7147820727549444  -0.6096843178637749  -0.4048785447719826  -0.8240286142165851  -0.39629560549622045  6.136931805800086  0.0  0.0  0.0  1.0
38591597440743;5.199898909440479;0.019801047443215168;-0.5499726913602004  -0.7150555243938833  -0.43153868400388723  8.405721759025543  0.5158798566501808  -0.6971942168477765  0.4977832836652962  0.038608869214844875  -0.6568089617694075  0.051145097788588376  0.7523205212617747  -1.9037942399920715  0.0  0.0  0.0  1.0
38591597440774;4.068195372446665;0.39207448759464025;-0.7358768650258382  -0.6512257563528379  -0.1854460940069093  0.5946968906665885  0.6680239623387269  -0.6535086024715027  -0.3559079828228218  8.989343919732065  0.11058582757755014  -0.3857868851560642  0.9159362717900033  3.891110009042084  0.0  0.0  0.0  1.0
38591597440805;6.856595695350732;0.08013711645711373;0.35624406371603506  0.8326757049188835  0.42395912244569567  0.21518575101426468  -0.7877281362389444  0.5116729452781061  -0.3430381617953673  -1.5512174536563645  -0.5025679560463463  -0.21175922059798583  0.8382025304466278  -6.824056841100262  0.0  0.0  0.0  1.0
38591597440836;1.767433218515084;0.08117518534941079;-0.3738646714251377  0.9236916174128837  -0.08377949260616008  0.42243150297642035  0.8090181427327169  0.36895184240845785  0.4575633100596145  -0.5584344833268725  0.45355799209084646  0.10328762706431122  -0.8852213361108867  -0.7774440596410586  0.0  0.0  0.0  1.0
38591597440867;2.621604289268463;0.027279156887731797;0.4444201396341171  -0.6877395481854264  -0.5740253072376661  -1.4860261703643  0.3926069600760809  0.7254973317996551  -0.565255160481883  3.210253791555006  0.8052021574656951  0.02584444646894526  0.5924369588397599  -3.2514499614171233  0.0  0.0  0.0  1.0
38591597440898;2.670728938211616;0.03876672581119944;-0.20026642490376403  -0.9794549446555488  -0.02369325739658308  4.488186031434553  0.9763013683708268  -0.2015296539377107  0.0788760844679657  -5.126119526203118  -0.08203046491100822  -0.007335528170639455  0.9966028260309833  -2.2148363474723163  0.0  0.0  0.0  1.0
38591597440929;1.8420211736250836;0.0251450544096289;-0.701058841717002  0.6118420466224175  0.3662865141324581  4.096747318274983  -0.3425758531908867  -0.7394624153387706  0.5795145564279534  -2.2269713013167776  0.6254264826987677  0.28079288859628093  0.7280089755303873  -0.22373484030024107  0.0  0.0  0.0  1.0
38591597440960;4.0321706019458725;0.017693923255125213;-0.23295886498764629  0.967481003414184  0.09854275851808285  0.4918865859111245  -0.8581855417152495  -0.25218364395862847  0.44712524611192955  1.0593893793608395  0.457436053689008  0.019593819240601204  0.8890266244792637  -5.343743655372515  0.0  0.0  0.0  1.0
38591597440991;5.87031157311765;0.07683818747359615;-0.6553921445387746  0.7001948354932053  -0.283175438951738  5.757602620700953  -0.006273619247499623  0.36986371449351985  0.9290648386429192  -8.92510739129264  0.7552627215601231  0.6106783318979798  -0.23801301723203505  0.45231155335214146  0.0  0.0  0.0  1.0
38591597441022;4.407785844403787;0.03225885644682639;-0.09562664031797391  0.9392227299411218  0.32972141153319867  5.151621708914403  -0.9292132738999669  -0.2030097752165935  0.3087875042397492  7.501161337273795  0.35695691234321497  -0.27685320068306263  0.8921513705655234  6.5360290876285605  0.0  0.0  0.0  1.0
38591597441053;5.317946691794153;0.05356567383944031;0.4261483593855122  0.46611198066334175  -0.775330379435201  9.776908109999427  -0.5153782758803925  0.8294553810015766  0.2153810662014757  -1.316918929578757  0.7434936506410734  0.3078041461865431  0.5936950387587744  -7.408128748218455  0.0  0.0  0.0  1.0
38591597441084;5.062681624331849;0.22743326997980703;0.32776815747826177  0.4276550936110961  -0.8424245698291265  2.9655423244036694  -0.3815867558727635  0.8756402184462639  0.29605025854046696  9.175313822402119  0.8642682353793895  0.22442221090583273  0.4501945008175158  -5.9082307185433125  0.0  0.0  0.0  1.0
38591597441115;4.0304954775959185;0.23424379533841055;-0.19739728010643887  0.057494781577888454  0.9786361243577166  8.822279094169904  -0.7467098877725312  -0.6556359122807052  -0.11209769859628026  0.8829296868418437  0.6351839554879477  -0.7528850513983921  0.1723526677238461  0.012585705416107658  0.0  0.0  0.0  1.0
38591597441146;3.50878041807317;0.0347239666428166;0.619859882405873  -0.41846474853820015  -0.663823003830568  5.890194059837625  -0.22911047421828853  0.7125740919502747  -0.6631338885057171  -2.109427908749662  0.7505212300709746  0.5631388973531336  0.3458214358605447  -0.19448836785239978  0.0  0.0  0.0  1.0
38591597441177;1.8734213949510077;0.15546218620241375;0.3644073557161578  -0.51852882873425  -0.7735212556041647  3.4072934860939244  -0.4826686577412872  -0.8155238115628523  0.3192990441705417  0.7557539700158481  -0.796390762084909  0.25699954580793377  -0.547460489460504  2.9471358885424457  0.0  0.0  0.0  1.0
38591597441208;4.856694250338816;0.07299524804037193;0.47191336256974326  -0.8624197340656323  0.18311193440702492  5.481779758161851  0.8801658422047708  0.47287392233312403  -0.04121096690510739  -6.954632668213112  -0.05104770753016486  0.18061687593204348  0.9822279143276598  7.204089054879317  0.0  0.0  0.0  1.0
38591597441239;3.562972413096303;0.05094308838048234;0.2014453768181032  0.8458554416391262  0.4939112592440998  -2.3952593787720162  0.8695162207424125  0.07772633419455471  -0.4877500987580724  1.9712913268295245  -0.4509559867929967  0.5277188539574424  -0.7198274162279451  6.132567821661384  0.0  0.0  0.0  1.0
38591597441270;3.8856885051039876;0.04370577247506604;0.5355917643418757  -0.1540572696732883  0.8303058590844511  -4.496642218741145  -0.772177519622748  0.3087086154114272  0.5553745303486829  1.364698044136171  -0.34188205591755905  -0.9385975433760574  0.04638223161957124  -2.370322377706798  0.0  0.0  0.0  1.0
38591597441301;5.885271651627378;0.026614709197951007;-0.8556509720739153  0.30644211069778665  0.4170787057379583  2.5029766337210226  -0.3229659309959924  0.3135588209007863  -0.8929579347601996  -5.297731157249174  -0.4044186214862722  -0.898762537395943  -0.16932654832822053  3.4278939560375  0.0  0.0  0.0  1.0
38591597441332;4.848688954378692;0.025450439684987527;0.9533997794854788  -0.07137568472140701  0.29314564998920056  0.37160269304923343  0.28641638454852386  -0.09130349591501682  -0.9537448958164068  3.692446222609364  0.09483941764473691  0.9932618905727971  -0.0666055673090497  7.8664768323047  0.0  0.0  0.0  1.0
38591597441363;1.9312590227021411;0.019561622863936163;0.5181425211651466  0.758510914380297  -0.3952081989617513  4.321447016719295  -0.7494088123270491  0.6253180657093049  0.21763214078838472  2.2910217951316363  0.4122071806351595  0.18340804089117632  0.8924386425795745  1.5493497796900755  0.0  0.0  0.0  1.0
38591597441394;1.946076302141685;0.0473427216030802;-0.6044419598957421  -0.5920251494806985  -0.5330629789243949  7.991142021815716  0.7174215741024881  -0.6954233014289978  -0.04114264019119526  -3.748425783380399  -0.3463469389639561  -0.40729921950815223  0.8450746379216147  0.040506463926241305  0.0  0.0  0.0  1.0
38591597441425;2.927510512380139;0.08192140948229791;-0.946849742436496  -0.2529412669199812  -0.19873671210135269  9.596247648457908  0.0378078899198903  -0.7010414164236529  0.7121176138240946  -7.7871829691983825  -0.3194465975836124  0.6667545634996672  0.6733440601539608  3.8703063758131613  0.0  0.0  0.0  1.0
38591597441456;2.426629832247053;0.06854774632406202;-0.3960952124440482  -0.15068961265469813  -0.9057600252367523  5.893536956833427  -0.8994294642802586  -0.13481187110501736  0.4157552142712022  4.673804036414155  -0.1847571959719927  0.9793459041866374  -0.08213634085729316  1.219163348642348  0.0  0.0  0.0  1.0
38591597441487;5.191066102703561;0.06467029388724427;-0.04244332358774447  0.8702286405357491  -0.49081633782314976  7.912914357848312  -0.6553745848446219  0.3465475406669976  0.6711102410166278  3.6138441271672974  0.7541105474813138  0.3501527027583223  0.5556171046039495  4.509432449311593  0.0  0.0  0.0  1.0
38591597441518;4.920812353335283;0.01512331076749745;0.8734865029883477  -0.01577473470884916  -0.4865927320070184  10.277568712765065  -0.4853130456473163  -0.10752662346633038  -0.8677034475962725  -0.9761837999106865  -0.03863388178418661  0.9940770508319746  -0.10157873885557958  1.8528487023225149  0.0  0.0  0.0  1.0
38591597441549;4.927630398119143;0.0703901060237467;0.3802204601675042  0.4015086545106633  -0.8332005773059977  9.913581812341  -0.8562165596380089  0.49346285303065585  -0.15293010063586773  2.7201426499680426  0.34975077508371966  0.7715472850265769  0.531403031884892  -3.437397287592816  0.0  0.0  0.0  1.0
38591597441580;4.789769207117012;0.0353682149534631;0.6087239621046519  -0.7919120616450929  -0.048274471313852374  -2.6782657176016027  0.6788383123687853  0.5513687699941686  -0.48494435261730445  3.453948249293157  0.41065031793475226  0.2624266870882903  0.8732116297232598  -5.49627758684568  0.0  0.0  0.0  1.0
38591597441611;3.8037185845764383;0.05116824809433198;0.98834751952925  -0.10741340842338928  0.10784961905936721  -0.7962611852396541  -0.15057218850705098  -0.5861316493033327  0.7961015674731166  -6.873174362578061  -0.022297907717487176  -0.8030641626768228  -0.5954752336878483  3.9297231106793475  0.0  0.0  0.0  1.0
38591597441642;2.439160696844833;0.02332351257778566;0.11454870592685468  -0.990209785342693  -0.07976951160726625  2.4824604521261695  0.9933028551454954  0.11538621775001345  -0.0059547219208025415  -4.008941070628324  0.015100726151101647  -0.07855317794287707  0.9967955488989625  -2.338911924908551  0.0  0.0  0.0  1.0
38591597441673;5.598187939653337;0.044005670646013094;-0.19714876492407762  0.8001718800030325  0.5664426951963666  7.788904684786444  -0.45012370392377543  -0.5871625079391631  0.6727769618800383  8.166951984166282  0.8709311199255959  -0.12233213691833192  0.4759346936525454  1.54912825078476  0.0  0.0  0.0  1.0
38591597441704;4.778579004204095;0.03242949630533737;0.6901394337831209  -0.7044135477476673  0.16585872207109809  -5.0506261033312105  0.723675272319479  0.6713598773165963  -0.15990627055488657  0.9919983509274855  0.001289252047126016  0.23038547888048286  0.9730985915878055  4.527575804910934  0.0  0.0  0.0  1.0
38591597441735;4.169490407709132;0.0696403650162038;0.528873397566593  -0.6717499427373652  -0.51869542486773  -5.558056181266388  0.2491284591174264  0.7071180161269228  -0.661754578470374  -1.7841204797397692  0.8113124800002431  0.2207626003223188  0.5413279358159737  -0.6002704205997414  0.0  0.0  0.0  1.0
38591597441766;1.9262032552907409;0.050788616356358174;0.03643742275413116  0.6527139441793106  -0.7567277061776744  7.5828789331853175  -0.9868089839859495  0.1430218534581592  0.07584707349669041  0.646833533010078  0.15773504159715507  0.743982027005546  0.6493153318265815  -0.09420150562977068  0.0  0.0  0.0  1.0
38591597441797;2.2135128812075298;0.06805912937713851;-0.08219158943258748  0.4616134341010334  0.8832652942825251  -2.938757494379326  0.13451603077478536  -0.8730156561050202  0.4687740411542848  0.7804980248262092  0.9874968253575008  0.1573426250352159  0.009660137467215849  -0.31186183883178714  0.0  0.0  0.0  1.0
38591597441828;5.443305572519713;0.031510274334097595;0.5425863389952975  0.3311460894451414  0.7719730125988021  -2.207402676011027  -0.4975121310966657  -0.6137954028125533  0.6129738027826553  4.3324091213079  0.676817363952296  -0.7166571501990098  -0.1682878038400283  -8.22747880653164  0.0  0.0  0.0  1.0
38591597441859;1.9328163177142916;0.014873759944111168;0.5053165717867296  -0.8620175261284169  -0.0397611232883446  -2.110246380541891  0.8509428018288971  0.490110860482611  0.18891186424515655  -1.9069591781363715  -0.14335797952431117  -0.1292947372650504  0.9811887487238469  -3.3094235988620397  0.0  0.0  0.0  1.0
38591597441890;4.287804159875307;0.030574529951063092;0.04480932981542847  -0.9729359389719462  0.22668873509345414  6.595847620095341  -0.7640222772034716  -0.1795734525346145  -0.619696163520173  2.4683517170251155  0.6436319475432477  -0.14542707382594416  -0.7513912977271621  -1.1330622737556502  0.0  0.0  0.0  1.0
38591597441921;4.652169079942416;0.02077597773458533;-0.3293394549609966  -0.9335639102557702  -0.14139996065752708  6.9289961081921225  0.9418498723286423  -0.33539636994714306  0.020690408908473706  -4.329369474104046  -0.06674085256058888  -0.12636336689973038  0.9897363073593137  -4.131089376420921  0.0  0.0  0.0  1.0
38591597441952;1.783388299920841;0.03486815805343009;0.5466286417410745  -0.837244683115311  0.014780684133428423  -0.20386938438623928  0.837334460365962  0.5463429385797101  -0.019503716254433284  -6.099107677754453  0.008254060331338041  0.02303766609776827  0.9997005233712825  0.1258609106031087  0.0  0.0  0.0  1.0
38591597441983;5.49349230429743;0.07609894169387416;0.05269039843952701  -0.9952671807204404  -0.08165145983429242  4.307860610711449  -0.3041829975902455  0.061883357121124985  -0.9506014696435268  -9.405572431358339  0.9511553111292064  0.07492455600273189  -0.29948269569124836  -4.397711081746462  0.0  0.0  0.0  1.0
38591597442014;1.4576110063785062;1.3145681317651305;0.12659733988382074  0.8186429371301913  -0.5601757358375982  1.975937930241723  -0.06323621409228203  0.5702311184843705  0.8190467952072942  0.6925897071181469  0.9899365104700482  -0.06826575275288368  0.12395762275659655  -4.3603810891431785  0.0  0.0  0.0  1.0
38591597442045;3.4058146160113;0.006645183040044186;0.5970866528057875  -0.7943832216989156  0.11154741648479806  2.869891866215148  0.800018303830818  0.5998887449998723  -0.010208190737827763  -1.2559026049174846  -0.058806824237010925  0.09533514937173056  0.9937066804230651  7.418126331343116  0.0  0.0  0.0  1.0
38591597442076;1.5195309119701852;0.04088153670984711;0.8698819127348828  -0.4003177041614721  0.28818603996652825  -0.7058961718759834  0.4870023635428435  0.6042504539476918  -0.6306425983135707  -1.9759672466996612  0.07832085163215158  0.6889318722768574  0.7205822087456222  -0.02992284961607306  0.0  0.0  0.0  1.0
38591597442107;3.7055155609155883;0.016432677769769373;0.6425644206477924  -0.706924764952622  -0.2955813627653945  -5.833712711721809  0.7037730214986178  0.3919554304500059  0.5925153793374957  3.0315279135566033  -0.3030090749932632  -0.5887514902209853  0.7493711918897706  1.8428830018376456  0.0  0.0  0.0  1.0
38591597442138;5.646923884727078;0.07607245041409835;0.38754425745715615  0.8911112589690208  0.23607238858161794  4.1197290142369525  0.9214599496994882  -0.38192157150560047  -0.0710455791623224  -4.427495229859105  0.026851622144651213  0.2450645575299314  -0.9691348477022482  11.190930948469626  0.0  0.0  0.0  1.0
38591597442169;1.4800799852740398;1.045094071308236;0.17494992753460714  0.9744702508137484  -0.14071337226655772  1.7096526591685346  -0.5536949387846742  -0.020800359304215768  -0.8324597646835861  2.670525908055792  -0.8141341643856204  0.2235510575501863  0.5359202245188374  2.8790415329968218  0.0  0.0  0.0  1.0
38591597442200;3.2131369785042154;0.049171754297968814;-0.045971311910918064  -0.9161702041705873  -0.3981441892973119  -5.193739762897353  -0.9627424716081266  -0.06568941872172859  0.26232009764765896  -0.6953286238757531  -0.2664837177822786  0.395369519889971  -0.8790161380196094  -2.9636058952619306  0.0  0.0  0.0  1.0
38591597442231;3.3002375565089763;0.043384695905201345;-0.3753570140209246  -0.4551061103760829  0.8074562157316327  8.130901957882847  -0.700563612218654  -0.43110251872214744  -0.5686486116984485  -0.3429700105534383  0.6068918662006001  -0.7791206881156311  -0.15701342646340508  -7.571029912213951  0.0  0.0  0.0  1.0
38591597442262;3.603766945068243;0.0407928441131554;0.5116175918941507  -0.23913614527265264  0.8252644083495712  0.10720511886120593  0.7177785181557027  0.6468932834028485  -0.2575326751355783  5.006110717858873  -0.4722726315790865  0.7241153111987205  0.5026087718583366  6.090388374448039  0.0  0.0  0.0  1.0
38591597442293;2.0154890518338;0.02167362333948585;0.7291988036819733  -0.1640072239916168  0.6643573851379566  -1.2468695154721416  0.07740111722354749  -0.9448558561612659  -0.3182082307708398  -4.292305579867994  0.6799104145115927  0.2834590650452462  -0.6762934175950182  0.3788277977145937  0.0  0.0  0.0  1.0
38591597442324;5.849680243723311;0.05133828354994094;0.03902435970560367  0.85255350949401  0.5211809789305575  -3.1015892665240035  -0.9553526990920894  -0.12104256422740642  0.26953648729386104  0.3797622576647233  0.2928793602953736  -0.5084301437707063  0.809765687849437  -4.582401153884427  0.0  0.0  0.0  1.0
38591597442355;5.300655887315837;0.03079143183258604;0.05489533457683163  -0.922868828878542  -0.3811818816864802  -3.3138799698840025  -0.4885880225791046  -0.35775839984913405  0.7957956217080027  2.7647006454880985  -0.8707859934759732  0.14255543490774097  -0.47054192325905125  0.05454000499855305  0.0  0.0  0.0  1.0
38591597442386;1.9258199135952243;0.026309001487298242;0.6809089024923051  0.14503602634147122  -0.717863230406601  -2.791363663475075  -0.691186158758509  -0.19679579311155537  -0.6953654505037273  2.5141813767023162  -0.24212550556969775  0.9696576544722728  -0.03375311357413251  -2.0611369401428234  0.0  0.0  0.0  1.0
38591597442417;4.983836368994222;0.05111737005263584;-0.9479344385897215  0.2283104008579841  0.22202400995310562  7.204544926642778  -0.22594339796066426  -0.9734617699853774  0.0363560626983219  -5.41199531720385  0.2244323529564727  -0.01570169535439049  0.9743631641792598  -7.948357237628907  0.0  0.0  0.0  1.0
38591597442448;3.9670676070792013;0.030869824008530417;0.3750987531249873  -0.8496963946322379  0.3705630342506618  -4.313752092392661  0.6420735815121835  -0.05018181806019393  -0.7649988895810833  0.567712386586621  0.6686123251393117  0.524878864201208  0.5267444699155865  7.0060551119812216  0.0  0.0  0.0  1.0
38591597442479;2.535069451706357;0.055405600968865126;-0.5408531418658541  -0.8161677502292825  -0.20334227897686386  4.851981662397961  0.4394313577371908  -0.06804373225255335  -0.8956953345520962  0.8004288660467797  0.7172014785059233  -0.5737946095832672  0.3954513689976348  -1.3721642773817195  0.0  0.0  0.0  1.0
38591597442510;2.7117678210954486;0.07181153668179967;0.09725868435067114  -0.4008542388559343  0.9109646686395727  -0.7912143602137699  0.8864395858333378  0.4510467240579419  0.10383502965868549  -4.650700343224984  -0.4525103413028232  0.7974162852035496  0.3992012764335473  1.9023273683317816  0.0  0.0  0.0  1.0
38591597442541;1.1504027505085501;0.02026838941033697;0.6510434554256999  -0.6883024963600283  0.3199720185452466  -1.127668514249811  0.5879322487025113  0.7239073943585503  0.3609622630256853  -0.5791157528265745  -0.4800813369450791  -0.04688025061333383  0.8759704059039078  -1.0054386489347527  0.0  0.0  0.0  1.0
38591597442572;2.4453153833729853;0.6471860725568059;0.02167272788560179  0.2033167212743094  0.9788731295302071  5.484383080357164  0.21354744421264288  -0.9574485165735896  0.19413868028108225  -7.0930468826055355  0.9766922657297149  0.20482834022980528  -0.06416828735799578  -1.4074553645246581  0.0  0.0  0.0  1.0
38591597442603;2.022769694472952;0.1184314923678168;-0.5517858472420899  -0.7785349645199516  0.2990245605351619  7.001511432279671  0.784743427823143  -0.606064127657464  -0.12986156342498228  -1.9613125171507455  0.2823298271024734  0.16300178583903538  0.9453678049000676  0.01380736067226135  0.0  0.0  0.0  1.0
38591597442634;2.3143065310168365;0.0450985119502912;0.9468267919478744  -0.22772838432740578  0.2272857431105741  1.960932478382146  -0.1905864170149765  0.17217375975032925  0.966453834439509  -0.17267454715328392  -0.25922161117293063  -0.9583819590461135  0.11961679178043877  4.483776299223986  0.0  0.0  0.0  1.0
38591597442665;1.7442633128967042;1.3199255507238685;0.2395960816544902  0.9708568166135074  0.005546105922417055  1.146150478127084  -0.7948378384966827  0.19943062878750994  -0.5731145040873956  3.242470548887432  -0.5575181863847474  0.13290773467524852  0.8194565308262283  3.6540144025594796  0.0  0.0  0.0  1.0
38591597442696;4.239524031860057;0.01606715443608003;-0.09222513787621572  -0.9915083118079182  -0.09168310400245346  -5.226999561505075  0.9928194897757054  -0.09860888134275482  0.06771816035479516  0.8205539901921984  -0.0761838871758343  -0.08477945586132418  0.9934829939151641  -4.255796036559945  0.0  0.0  0.0  1.0
38591597442727;3.3606588330920775;0.010649132728900385;0.4624463196260936  0.8225588420070507  -0.3309688095580948  0.3123680927938082  -0.8628062809943531  0.33150373419529344  -0.38166817484730164  -6.67805569162932  -0.20422713566266126  0.4620630104764908  0.8630116171920449  2.3959975295506966  0.0  0.0  0.0  1.0
38591597442758;5.505400493338908;1.9445335711030352;-0.3484044140006685  0.8238233829210012  -0.4471346531610448  10.677559629608371  -0.9335696365875984  -0.34774317792298504  0.08673186179094455  -1.9109057740325102  -0.08403628946206058  0.4476490991397397  0.8902517543329131  -3.8498362739350287  0.0  0.0  0.0  1.0
38591597442789;2.5679788633882894;0.010736300352627362;0.9978843018215596  -0.05532349449710036  -0.034150126423325496  4.6962771765277145  0.03522691178156724  0.01860632580390567  0.9992061195401147  -1.5831838675626264  -0.054644165877369526  -0.99829510446396  0.020515836294392367  2.5984059684389105  0.0  0.0  0.0  1.0
38591597442820;4.890369584704633;0.2619165962470221;0.6626785780993086  -0.09404136157567408  0.742975991833702  -6.9346050590046175  0.7071517949630625  0.40520074128621664  -0.5794382608540966  5.543068896668513  -0.24656325964911785  0.9093781290387922  0.3350193687193438  0.20916176174099804  0.0  0.0  0.0  1.0
38591597442851;3.7198562228278598;0.13464246639166824;-0.45164361482556814  -0.11093491507076002  0.8852748103304063  -3.5498291120812056  0.14152521832537368  0.9707690346914536  0.19385069992697493  4.075967517029049  -0.8809021839939146  0.21284014166145002  -0.42274154791347945  -2.2776686346360107  0.0  0.0  0.0  1.0
38591597442882;2.8047071756103454;0.027226732790591963;-0.6460646153976479  -0.4319941988845941  0.6292706292694319  0.567009795789106  0.7102946827689117  -0.6420841814526747  0.2884603396629407  -8.143596146079481  0.2794315235640028  0.6333316003945373  0.7216710521978787  -0.9504595856122026  0.0  0.0  0.0  1.0
38591597442913;2.6498156260201227;0.0090916072909277;-0.657920653385562  -0.0022135921914882006  -0.7530840018605655  0.9494463425065239  0.627133752875294  0.5520357018758094  -0.5495087259170971  -3.459900451458977  0.41694564376338544  -0.8338175363136059  -0.36180747129190677  -1.7073773140046629  0.0  0.0  0.0  1.0
38591597442944;3.9890625842330967;0.027178892125002192;0.4883038828989153  -0.8709417665246245  -0.05495231813862414  -3.368240613345197  0.8677621461230975  0.49126345381694325  -0.0751603399385888  1.593905472621745  0.09245634484273377  -0.010984455690396373  0.9956561484927953  -1.4896958582165885  0.0  0.0  0.0  1.0
38591597442975;4.829702581700206;0.09882072070893662;-0.17320425840847134  0.9819987380698686  0.07535756961551879  4.3998936128617085  -0.26258365495809727  -0.11978765711320111  0.9574449025151147  -7.164576407600792  0.9492365927512585  0.14604586824869942  0.2786045501234054  -5.13408342171664  0.0  0.0  0.0  1.0
38591597443006;1.5836086183196916;0.008081713297717468;0.605240262943151  -0.40666131941136324  0.6843323720292022  -0.465882579712608  -0.386813583647972  0.6011108253686501  0.6993146839084919  2.4764842205233513  -0.6957438290189275  -0.6879624603997151  0.2065143517115743  4.003965556710229  0.0  0.0  0.0  1.0
38591597443037;3.2675087807083063;0.030037823404415413;-0.25425037922785987  -0.7165016164655396  -0.6496015534654749  6.445122059386899  0.9600356074653634  -0.10572309462666662  -0.25914138932476943  1.530470216413058  0.1169973378376627  -0.6895274185011281  0.7147472015153822  -4.17031947809093  0.0  0.0  0.0  1.0
38591597443068;3.1958174120499194;0.015289682991119309;0.4248198159639853  0.34616277867624656  0.8364803970347815  -5.409850199778433  -0.37753308980025607  0.9075629749792955  -0.18384290182817042  1.454542173273024  -0.8227982073814927  -0.2376989211289576  0.5162386394139167  -2.4736919330965583  0.0  0.0  0.0  1.0
38591597443099;4.778408638902547;0.02185189374880006;0.4157305473594975  -0.6983259527784644  -0.5826739874648794  -1.4463337783583414  0.10740888957729135  -0.5984804149286624  0.7939046059739101  -1.1164174290015259  -0.9031231601680616  -0.39263476237193506  -0.17380017533129316  5.933629851680481  0.0  0.0  0.0  1.0
