# teaser_benchmark.py --distance_metric=euclidean --noise_bound=0.2 --cbar2=1 --estimate_scaling=False --rotation_estimation_algorithm=GNC_TLS --rotation_gnc_factor=1.4 --rotation_max_iterations=100 --rotation_cost_threshold=1e-06 --rotation_tim_graph=CHAIN --inlier_selection_mode=PMC_EXACT --kcore_heuristic_threshold=0.5 --input_txt=/neural_comparison/point_clouds_registration_benchmark//tum/long_office_household_global.txt --input_pcd_dir=/neural_comparison/point_clouds_registration_benchmark//tum/long_office_household/ --input_features_dir=/neural_comparison/experiments/FPFH/features_voxelgrid_0.2//tum/long_office_household/ --output_dir=/root/neural_registration_comparison/results/FPFH/teaser_0.2
id;initial_error;final_error;transformation
26456013410030;24.056836472779853;0.2929143038052519;0.04316292703889438  -0.665255138223149  -0.7453674012171004  11.378913985973547  0.4109945215452441  -0.6681864707860208  0.6201696086703362  1.419024816748126  -0.9106154319959829  -0.3331102540094216  0.24457533335262488  6.245991195529426  0.0  0.0  0.0  1.0
26456013410061;16.110941053263648;4.624677735314285;-0.07208153345247453  -0.6591850604112147  0.7485180750428163  -4.0399167486784355  -0.9925048022216201  0.12165756061431296  0.011560947729221227  -5.012020739019921  -0.09868368711272824  -0.7420744531891919  -0.6630136015360464  -3.149739716606092  0.0  0.0  0.0  1.0
26456013410092;32.82719740492137;0.5150613006709561;0.6938977945330503  0.5835001955761442  0.4219400105521768  -4.5874020640413  -0.6441439508031211  0.7649027412466672  0.0015385308188298197  -2.435336544457394  -0.3218453376793207  -0.2728576885409962  0.9066224464561577  -9.536045778268468  0.0  0.0  0.0  1.0
26456013410123;8.030007789245241;9.398819133585807;0.17709848296318806  -0.4161108850633658  -0.8919012606022707  -2.221614569539399  0.03302231731861743  -0.9032033039717614  0.42794078825627535  -3.1104313390795393  -0.9836389855485833  -0.10524031084274099  -0.14621498925444498  -1.9224225773962602  0.0  0.0  0.0  1.0
26456013410154;21.220771897058373;14.978145146169222;-0.715251551717815  0.6979621057277317  -0.03555441932262169  -2.899476827860827  0.28416714859168807  0.33693153144998356  0.8976225124048741  -0.3013634123162534  0.6384859038589086  0.6319224968956872  -0.4393287021019601  9.189082095815575  0.0  0.0  0.0  1.0
26456013410185;19.26200113698659;0.14841287438714643;-0.8225854379088879  -0.49513704995360786  -0.2796292171849746  5.212040229329005  0.56119326080203  -0.7862041466682324  -0.2587376350515346  -6.845973690305976  -0.09173506074902876  -0.3697598430399313  0.9245876578802342  6.200375459786728  0.0  0.0  0.0  1.0
26456013410216;50.426729253589905;3.244178499599863;-0.7290695265646574  0.033250719038582566  -0.6836314907303531  -0.36535155962355975  0.4075641745710657  0.82351890964372  -0.39459859232570255  2.6561696773481587  0.5498627729179288  -0.5663135131202832  -0.6139543434298431  16.02495057621283  0.0  0.0  0.0  1.0
26456013410247;16.43598563955728;1.7043327197518754;0.7387490376243819  0.034964999482643214  0.6730730333479635  8.73960706448916  0.5332923232612361  0.5803344454017272  -0.6154764247563864  -1.1990509669947382  -0.41212759839603497  0.8136272981478988  0.410074947233879  8.403687224340445  0.0  0.0  0.0  1.0
26456013410278;4.451095854873883;0.07927580910287522;0.49223201957505647  -0.8555254625466552  0.16057341573060027  -1.5286017805640708  0.8703775467572925  0.48633681420940145  -0.07693782714249127  -3.5292817444222413  -0.012270493299727483  0.17763075769410394  0.9840207055317487  -2.0294923943550573  0.0  0.0  0.0  1.0
26456013410309;14.843187227628507;1.3685403001448855;-0.33981584944631454  0.40511541322582667  0.8487677482279522  1.4969803399448443  -0.6403093276885183  0.5613574997264626  -0.5242916386668136  1.1374220644527204  -0.6888607648430548  -0.721636514782701  0.06864100226627892  -3.4018713137865553  0.0  0.0  0.0  1.0
26456013410340;36.61625219677321;0.39329462608634536;0.4302479726974706  -0.7984460212902414  0.42115393038116017  -15.725067241007986  0.7723566958124872  0.5671032488452712  0.2861101878346076  0.5625610156061153  -0.46728130331025725  0.2021827298137028  0.8606801539141855  -3.117640981984323  0.0  0.0  0.0  1.0
26456013410371;16.775870467996327;1.511546812179209;-0.5598624812828453  -0.24578870836218406  -0.7912912945897138  5.289934247100322  0.7016552013272824  -0.6485885396633942  -0.29497946482369936  0.42778011497022583  -0.44071984355391397  -0.7203615877175535  0.5355793147974064  -2.363236398303459  0.0  0.0  0.0  1.0
26456013410402;13.98992247418953;0.36190495189412863;-0.449982062307189  -0.32989792483894914  -0.8298695697449842  2.90836568522452  -0.6589924588167306  0.7498118820057216  0.059254373895254786  -3.7457150409394915  0.6026981689240896  0.573541193629537  -0.5548021416555249  8.591323095110152  0.0  0.0  0.0  1.0
26456013410433;17.58225518951724;0.38980215505129384;0.6253361921145515  -0.7652193958427893  -0.15295072101062177  -3.7811255209851105  0.7625298263298848  0.6408533937759754  -0.08862951902796962  1.9623240706673009  0.16584001564455975  -0.0612062407913653  0.9842514339838179  -10.700658249455744  0.0  0.0  0.0  1.0
26456013410464;29.267796526965547;1.6165353507029179;0.6448033247508642  0.48103993041638693  0.5939943246658427  -8.136432851163384  0.5533608597416884  -0.8298780385634472  0.07137366472324758  4.130813071830092  0.5272764277835422  0.28267123386557125  -0.8012967878687298  8.202471871032927  0.0  0.0  0.0  1.0
26456013410495;22.000074074649238;0.06364105046864875;-0.16967383518231305  0.8980728520336138  0.40580283647941284  -6.336898559797001  -0.8103716126869048  0.10718021281798465  -0.576029731291292  -1.5899568564397162  -0.5608106980129316  -0.42658827271797256  0.7095870676483234  9.300647532021426  0.0  0.0  0.0  1.0
26456013410526;28.53243280520365;0.6692961777105184;0.37488826765770084  0.2368721428200174  0.8962981505773968  -8.552323834294413  -0.47176399356900023  -0.7835227627902287  0.40438943428506474  8.56431020414205  0.7980585950570522  -0.5744420494231073  -0.18198574315078658  -2.115828376154611  0.0  0.0  0.0  1.0
26456013410557;13.431394888809669;0.2748484507798325;0.98792534735553  -0.021497999099814008  0.15343188745225206  -4.4947793459037255  0.13734931115750926  -0.33668469414558394  -0.931546339938413  5.942096308368072  0.07168455047647193  0.9413720055125926  -0.32966660804544157  -4.3681931895366075  0.0  0.0  0.0  1.0
26456013410588;23.13991134769726;1.0234934693162407;0.34935663769960246  0.15522723887606465  -0.9240424470802957  11.533139442199934  -0.9231563957726453  -0.11181230523601793  -0.3678046728113524  -2.5507346211866277  -0.16041261995019923  0.9815306988111582  0.10423664735587072  7.3935609467841825  0.0  0.0  0.0  1.0
26456013410619;11.220211835576826;0.27661455166044074;0.7434642614176233  0.5786775357559779  -0.33525095317707465  2.1150749674790092  -0.2837842937478405  -0.18094570060082066  -0.9416608349379934  1.9904963746724118  -0.6055801900795534  0.7952301321287238  0.02969293413836707  6.199569960130549  0.0  0.0  0.0  1.0
26456013410650;8.379680664534527;0.5746364747018169;0.09027094099802152  -0.937683623907409  -0.3355600969531384  -0.2054248886710293  0.9007838296639092  0.22058473316862476  -0.37407334536016773  -0.44535718674135394  0.4247818845329359  -0.2684991563279005  0.8645626371893784  -1.8757035818409182  0.0  0.0  0.0  1.0
26456013410681;3.751139155323144;0.7148789258568259;0.6681380318508838  -0.7375234992622584  -0.09823776478718177  -1.1960704767268957  0.7344725958894525  0.674877505673777  -0.07134674640759933  1.4181265383534916  0.11891835973405046  -0.024483471393881476  0.9926021274139349  -1.5695235205588043  0.0  0.0  0.0  1.0
26456013410712;8.36841917267873;0.04142143261944167;-0.5547898594503706  0.8234800031425412  -0.11869665654684054  -3.383428994380446  -0.8017376456713016  -0.5672698612579439  -0.18820640802542277  -3.964558963217171  -0.22231724936332953  -0.009251428687164383  0.9749304855746226  7.988123560190786  0.0  0.0  0.0  1.0
26456013410743;2.3847560530595797;0.13796512111492162;0.4460749632017663  0.3957383692177166  -0.8027504408802569  -0.7118251863675144  -0.8324548613683567  0.5128568537455306  -0.20975402582650501  -0.21728993889758727  0.3286883493352541  0.7618195263283414  0.5582069314475842  -0.32744704448641754  0.0  0.0  0.0  1.0
26456013410774;15.963195035722586;10.545851875349996;0.6813419045480675  0.6201478435284952  -0.3888314046907331  5.4809290877302175  -0.12710089432673333  0.6233826910278837  0.7715175844970601  4.701652949709336  0.7208457336824269  -0.4762464411350392  0.5035580954945053  -9.176542722796032  0.0  0.0  0.0  1.0
26456013410805;5.1512682190192525;0.7409731724990786;0.15373755727274796  -0.6312525052669145  0.7601875019217639  1.6908312508459429  -0.33164787015232666  0.6917406852581377  0.6414861764543546  1.7190641600365815  -0.9307923794849386  -0.35073508372109835  -0.10300702568232956  -0.4209369341206344  0.0  0.0  0.0  1.0
26456013410836;18.642995246390836;11.881806201719476;-0.5479602088424371  0.2889047692096856  -0.7850309827345995  -3.796399475264  0.4951962930421431  -0.6443245500497832  -0.582774832641617  10.873382760487095  -0.6741811632511491  -0.708081851575821  0.20999964425275633  -6.081996266768333  0.0  0.0  0.0  1.0
26456013410867;29.507135292695715;1.1277810201848457;-0.8221490694518387  -0.4169485660342531  0.38758844265722847  -9.75396405266276  0.5128427219833783  -0.24692881179277337  0.8222034446627482  -3.829002003405056  -0.247109793630595  0.8747457088712062  0.4168413303683507  -1.3273698635436153  0.0  0.0  0.0  1.0
26456013410898;5.642843118076654;0.1981398106557978;-0.9892364840907217  0.12119297378220592  0.0819965953540363  0.21019949383573486  -0.12699637816156373  -0.9894515214894051  -0.06969653188034258  1.3796582104285253  0.07268492606911725  -0.07935962278216896  0.994192613025363  2.87137243077246  0.0  0.0  0.0  1.0
26456013410929;7.924184270643275;0.20065359278609485;-0.9128389492677041  0.15426608573345524  0.37805691038825534  0.1414140020621413  -0.36892950952237324  0.08515591918727478  -0.9255482085936704  3.5471589670689028  -0.17497448300656998  -0.9843528047503344  -0.020820328449257353  3.304108035543246  0.0  0.0  0.0  1.0
26456013410960;5.477806233433959;0.2893170597937479;0.9375470529745726  0.3373772622129679  -0.08474730910405504  3.3337669929642164  -0.07129100013970352  0.42480848443823477  0.9024717972592667  2.3674733910237302  0.3404748401244604  -0.8400680534879142  0.4223299051112187  -1.0375124895108998  0.0  0.0  0.0  1.0
26456013410991;10.096749814870382;0.08886713509192408;-0.32399701107999673  -0.1472583241741889  -0.9345271118446151  -9.17499353084754  -0.923447293684649  -0.1654468244656586  0.34622600142208676  0.8145818598880776  -0.20559920378670182  0.975162721926776  -0.08238102431164122  5.3511408735130495  0.0  0.0  0.0  1.0
26456013411022;35.36518793250331;3.0650930352890886;-0.5884299359802128  0.4871892828093113  -0.6452881628838936  11.501215427660567  0.748511895280348  0.6300185343555247  -0.206897532591224  4.699471639258196  0.3057452420989455  -0.6047505676593153  -0.7353887392730406  3.8991168620070926  0.0  0.0  0.0  1.0
26456013411053;24.5254343392253;0.1586677846998866;-0.14504116369712813  0.4146580983296948  -0.8983438775452213  -11.833186105026721  -0.9820564238563105  0.05027452120358117  0.181762627842757  -7.426999432809324  0.1205331539284403  0.9085874388342332  0.39992577410903485  -3.698079355200512  0.0  0.0  0.0  1.0
26456013411084;24.922393186294816;1.4610484384952045;-0.3779323527051822  -0.4288900137554693  0.8205001480070311  -5.9765458190651914  -0.8805551832353501  0.4402693834429162  -0.17545779914314008  6.354474855820996  -0.28598899638987124  -0.788806837003603  -0.5440533685588995  -3.645546248730255  0.0  0.0  0.0  1.0
26456013411115;40.938989354120714;1.5509774185559362;0.9973962795408591  -0.06966159421087295  0.01865271696169139  -0.2562225579477772  -0.057737251152814695  -0.6163869235438791  0.7853238633286455  -14.491996565552068  -0.043209621467563464  -0.7843560561225446  -0.6188040932609594  3.4914683271605047  0.0  0.0  0.0  1.0
26456013411146;41.67514629420138;17.923906298996272;0.8925437011601263  0.005498714572344188  -0.45092738401813126  -11.637014673577388  0.18862019378362088  -0.9128104989140582  0.36221459877991774  8.683842818062457  -0.40961953568697484  -0.40834636916509914  -0.8157604297667713  -8.993770991248624  0.0  0.0  0.0  1.0
26456013411177;4.1746707975987976;11.011143406004265;0.774932119074198  -0.6065114812158852  0.17783147634905977  -6.511895016278536  -0.4963005991427881  -0.4096999063269228  0.7653964345659183  -5.015402182995413  -0.3913641860437445  -0.6813881492284876  -0.6185016281088459  -0.7714258069455707  0.0  0.0  0.0  1.0
26456013411208;35.325158197734496;2.030349233113601;-0.5467057408470957  -0.07659073780432901  -0.8338145428135788  -4.614533307508781  -0.18447989908711368  -0.9603205884704573  0.20916867402305697  -14.234400933121739  -0.8167496554989402  0.2681757376093973  0.5108833271893101  0.5372141879631677  0.0  0.0  0.0  1.0
26456013411239;38.287446358366964;19.663539360735403;-0.7546090662136459  0.19117017639932138  -0.6277094238926337  -4.838161939159982  0.1887541256794576  0.9794272455935903  0.07137331873982361  -17.430010085319235  0.6284401620099989  -0.06462379008078273  -0.7751688387238242  -0.36318267711452534  0.0  0.0  0.0  1.0
26456013411270;39.86833487442807;1.5121920925993408;0.9159009338946569  -0.4011036940934345  -0.015534023158771913  -0.1378002831345052  0.2584717644428638  0.5597153783396763  0.7873442971380858  1.7208451898960422  -0.3071120744560356  -0.7251444834201487  0.6163178172733913  14.44537287430234  0.0  0.0  0.0  1.0
26456013411301;37.42145376735778;1.488928290234134;-0.6795567801512015  0.5728600981533709  -0.45829454556457616  -9.492769217445636  -0.733105301061179  -0.5537300211482094  0.39489198679537796  -5.353884443261475  -0.02755358609200148  0.604329687854993  0.796257764967198  10.189518595820108  0.0  0.0  0.0  1.0
26456013411332;43.158266358040244;1.2745821372521398;-0.177968875418136  0.571655932169038  0.8009597833838807  -0.3430154861099732  0.9572678186060888  -0.0879833299814511  0.2754945681978431  -9.853132157273738  0.22795921311397982  0.8157624831170677  -0.5315695328883435  -9.748721133716382  0.0  0.0  0.0  1.0
26456013411363;34.12568423335386;16.19969207598393;-0.0856392164250207  0.8713527673869976  0.48312553169660805  9.250304895382138  -0.978479869246137  0.01781236507361065  -0.20557204365026746  0.9776527628691418  -0.18773137747902352  -0.49033363582106654  0.8510757049125081  3.9467396837148976  0.0  0.0  0.0  1.0
26456013411394;6.137811103386027;0.16457971107523944;-0.2471099090032575  -0.9051386729507838  0.3459200422081615  -1.1386101980874879  0.9647936426984515  -0.19665043802163518  0.17464773755921087  1.7620676310554308  -0.09005509358750369  0.3768986441402955  0.9218663092684058  3.802449068343498  0.0  0.0  0.0  1.0
26456013411425;9.98424384019515;0.06727151554255906;0.8714198720521175  -0.1058130141541666  -0.4789895746551074  7.661553237572102  0.4219179571423876  0.6597722374641878  0.6218406806508352  2.7592113125693776  0.25022518664887644  -0.7439786292005367  0.6195830495255864  1.5052846342464683  0.0  0.0  0.0  1.0
26456013411456;3.553039626498096;0.0759710193624106;0.6444090869379262  0.737332199830177  0.2026774673352228  -1.2222855574061473  -0.5706855627849267  0.28730858172093754  0.769267032504549  -3.8136405556337674  0.5089743776465369  -0.6113877705377294  0.6059291022357522  -0.3277194627500485  0.0  0.0  0.0  1.0
26456013411487;8.907789434141892;1.37211589971748;-0.8870114102111625  -0.3143292592816291  -0.3382423316420736  1.4182914568764362  -0.45539540615542456  0.7166027209550782  0.5282949596317517  1.824199619801643  0.07632681185363319  0.6226376611475097  -0.7787788907726111  2.3881007904390614  0.0  0.0  0.0  1.0
26456013411518;13.190832874792818;0.1644876133029031;-0.5720389751500684  0.8202162330193085  0.004091699020687539  1.418627166816001  -0.5723113940232775  -0.39556063230123584  -0.7183254516196544  -9.001826977156236  -0.5875636809575566  -0.4132518811391702  0.6956951944311135  0.062023904170564366  0.0  0.0  0.0  1.0
26456013411549;11.678534346863168;0.5220787770995787;0.18856256507835303  0.9670337969297266  0.17114261493488053  3.6448237427123455  -0.9528169392511773  0.2223592620001214  -0.2066306823266545  -0.8568356625918712  -0.23787399884621546  -0.12410477105429135  0.9633348153546988  -0.2502167323898121  0.0  0.0  0.0  1.0
26456013411580;28.01403905500884;2.3992342840446583;-0.6719187735005159  -0.5740358036203689  -0.46798296761685754  -7.645959447091148  0.7181965331306895  -0.6593367198759505  -0.2224158933670921  -1.2866855443584357  -0.1808836687393909  -0.4855491591848768  0.8552912441959394  7.032817813916688  0.0  0.0  0.0  1.0
26456013411611;4.839169248689441;0.47106925631061625;-0.9791287491839699  0.0641694819367831  -0.1928449379926767  -2.914958923211397  -0.15664316243104526  -0.8428378453597966  0.5148662798172517  1.3276753378447645  -0.12949830958369932  0.5343282175004612  0.8352984758741895  -1.1808325995153492  0.0  0.0  0.0  1.0
26456013411642;15.458613024673555;0.27203223783303;-0.021002571729742785  0.8869846950590035  -0.4613209757986564  -2.8438227971583765  -0.9997061988601683  -0.024216112955335378  -0.0010468208477565077  -3.7891829043174763  -0.012099914929034339  0.46116345324019603  0.887232698593942  4.18220099744028  0.0  0.0  0.0  1.0
26456013411673;20.589511477104207;1.637369416001766;-0.20051758163482897  0.6920252313624488  0.6934650521930217  -5.660577565373957  -0.10264731854840566  -0.7187855844653013  0.6876123992189914  -7.978790301514649  0.974297812504032  0.06669604727887124  0.21516368147815482  3.632596429483686  0.0  0.0  0.0  1.0
26456013411704;7.41267435151194;0.09847057104308064;0.4394051665135857  -0.03342550819287996  -0.8976668842300108  3.227467432117429  0.4162891733190517  -0.8779455398952547  0.23646342879052135  -5.1135518617147335  -0.7960065475977619  -0.4775922574540726  -0.37185912897415124  3.7185604249635253  0.0  0.0  0.0  1.0
26456013411735;21.757255182572877;0.1354041192755094;-0.3306070122791977  -0.4374180812764905  -0.8362801119267489  4.087053985190219  0.854796562840336  0.23680251499643354  -0.46178718588513396  11.742103200033666  0.4000272985536985  -0.867519447081019  0.29561490041618815  4.203685732982252  0.0  0.0  0.0  1.0
26456013411766;12.304723833976745;0.30118372553948813;-0.9927093738982435  -0.006343052672370619  -0.12036554597289423  0.8093481439685769  0.08698670922872204  -0.7289630058515204  -0.6790038648766838  -1.3268922335664455  -0.08343507291370435  -0.6845237043249209  0.7242001704122785  7.19228002813409  0.0  0.0  0.0  1.0
26456013411797;8.573971267035956;1.7544297105706899;0.3464073220224853  -0.34625717336048456  -0.8718416927089561  -0.5683795885525995  0.08490182936161322  0.9371433736316535  -0.33845823468979824  3.9171452588881195  0.9342342568222716  0.043223456070634214  0.35403119385874454  0.14887369670203712  0.0  0.0  0.0  1.0
26456013411828;17.226941609016762;0.9203609546742535;-0.6779038109792532  0.013857447386833921  0.735019995790404  2.728572093987973  -0.4478034317455492  -0.8007119922083038  -0.3979100300956476  -4.540691649479806  0.5830253078355294  -0.598889202345251  0.5490111235098566  3.039925335668329  0.0  0.0  0.0  1.0
26456013411859;33.57411777214782;1.1609403675306729;0.7806860107202243  0.47109367225557963  0.4106094307568856  6.9222312013830845  -0.5524195735420542  0.8274246379110043  0.10100041260043546  -0.4252054998735387  -0.2921677042955919  -0.3056782958251952  0.9062002052681556  -6.845230734365362  0.0  0.0  0.0  1.0
26456013411890;15.597182184778172;0.19398131616017625;0.9271663530962009  0.2770296457888237  0.2522243625037256  -5.880869741024751  0.3669927684967367  -0.8069831365426138  -0.46270349599602684  3.8622017868439458  0.07535822156468867  0.5215676300250655  -0.8498754883820594  8.023848906120564  0.0  0.0  0.0  1.0
26456013411921;20.61504111605992;0.6483282587239034;0.10308224022621881  -0.9390301781338918  -0.3280188657741729  -1.0797395699334056  0.44176321442302324  -0.25224592800113943  0.8609397506152695  -8.640537687474037  -0.8911898305818924  -0.23365426672901699  0.3888269145863529  -3.2405617201616606  0.0  0.0  0.0  1.0
26456013411952;12.058834581084366;2.3361643787914583;0.5761278627126372  -0.24254479435598517  0.7805438543329785  -1.429340574351476  0.7250800598362231  0.5924457578140014  -0.35109390606516133  2.3869420986908456  -0.3772738960411492  0.7682317663173046  0.5171889022271515  -2.3862689258781473  0.0  0.0  0.0  1.0
26456013411983;10.451393430494422;0.18777828018202133;0.5329200526868854  -0.7717001643851645  -0.3470951940492938  1.512184166552323  0.7604904600338951  0.6166678784786733  -0.20340842620217672  1.55533580467816  0.3710127728820689  -0.15556215458948103  0.9155052913106707  -4.993744163763184  0.0  0.0  0.0  1.0
26456013412014;47.38630036713764;1.8871134686179074;0.1037338546973808  0.9946016645064855  0.0026108141547787136  -13.6976757374466  0.9853208030095909  -0.10240735443031028  -0.13658568341930838  -2.342685174180867  -0.13558098150609998  0.01674104893705637  -0.9906248203706234  5.436893316018812  0.0  0.0  0.0  1.0
26456013412045;9.223414713956423;0.08756763629302797;0.36238353688892505  0.15701583732110885  -0.9187078964623215  -5.870358948482991  -0.9304512952985007  0.11827670818824529  -0.3468011063671722  -1.9403547717555905  0.054208479679982186  0.9804879637866561  0.18895712106263987  3.035826333027395  0.0  0.0  0.0  1.0
26456013412076;30.520242091779032;0.6119586810654669;0.5203697409185917  -0.8392785359936474  0.15756545229420693  0.21276417311726564  0.6782657444638809  0.2941173546894127  -0.6733873785254364  -5.356469584983393  0.518816839186215  0.45728166450324914  0.7223036526876787  -7.321749617553989  0.0  0.0  0.0  1.0
26456013412107;33.69151947690923;17.08176554614151;0.10494383322692025  -0.7209255504674891  0.6850205416998737  -1.8001962830937983  0.706161597037231  0.5390345461974695  0.45910516973294363  6.144856872442439  -0.7002303840433288  0.43555494336402134  0.5656582895827632  11.298228251974008  0.0  0.0  0.0  1.0
26456013412138;28.73843283987377;2.165259172053177;0.04677440097070401  -0.9718174196523204  0.23104774024893257  0.12599259859279655  0.5543140768025754  0.21767210509100338  0.8033397531080857  -7.916778132271118  -0.8309922139661365  0.09049727910582506  0.5488735581189008  8.023908441900426  0.0  0.0  0.0  1.0
26456013412169;6.10829587109351;0.17072162257364182;0.6324608697091945  -0.37006454824506585  0.6804744509670178  1.8338484786081801  -0.7195282216863442  0.044625585722293915  0.6930279181215063  -0.10421261627174543  -0.28683163438431336  -0.92793361143517  -0.2380479495507285  -0.4261622492811816  0.0  0.0  0.0  1.0
26456013412200;27.398770435044117;2.8439705357926415;-0.8663688845462728  0.4894937583698337  0.09899907275839122  -4.083728809473775  -0.4993573247462101  -0.8518227286145488  -0.1582412753929051  4.094750538501205  0.006871543666053963  -0.18653122937631658  0.982425000880477  -8.177229674297715  0.0  0.0  0.0  1.0
26456013412231;11.304933685245452;0.4569954559245257;0.08653325198412093  0.9226792824158666  0.3757325353247894  -0.13860142114352964  -0.8734739514582098  0.25164530072860664  -0.41679479212819975  2.1563884435291607  -0.4791192465608465  -0.29212597354865555  0.8277120049589815  -3.5536772804873813  0.0  0.0  0.0  1.0
26456013412262;22.777914718070324;0.4592084551883388;-0.9625183667858945  -0.24422180240041566  0.11795806387062426  -0.7089487640782078  0.2582996159994867  -0.9580605110968173  0.124102237898525  4.763091204599228  0.0827024907383787  0.14991920593838792  0.9852332362016988  7.479078820100274  0.0  0.0  0.0  1.0
26456013412293;30.28145528198315;0.8520347994951981;0.6017596950896856  0.520523322083995  0.6057563375914532  3.6074682524833093  0.5099141944947726  -0.8341422384864786  0.21022426174329528  1.829020058453592  0.6147135785211812  0.1823792672959501  -0.7673754095892547  -5.56466300030369  0.0  0.0  0.0  1.0
26456013412324;27.91236336482207;0.5513753621086434;0.8599522151852195  -0.4862534691677608  0.1550475776023368  -6.25962087745838  0.4475884675271088  0.8644982864185904  0.2287078409588444  -4.98802391040516  -0.24524834624267988  -0.12728030680996713  0.9610686615240308  -8.76842949656795  0.0  0.0  0.0  1.0
26456013412355;17.58982192427501;2.4734905246723957;0.7044960560184651  -0.5688202476489328  0.424415872604965  -2.798483460145773  0.5949030269925099  0.14720270622777654  -0.7902036141111782  -1.1609913197440944  0.3870086504583288  0.8091816169092236  0.4420966131136925  6.648424471065742  0.0  0.0  0.0  1.0
26456013412386;20.348425974718353;0.5320846437956043;-0.3856727999791571  -0.11846746302896961  0.9149983341841215  -4.762351870533501  -0.6756732409153047  -0.6390482374647972  -0.3675364222823982  3.137214529472133  0.628269180262128  -0.7599886909662645  0.16641822837699566  -4.5490329162215755  0.0  0.0  0.0  1.0
26456013412417;25.453268783191263;0.36338283785113445;0.17384111295569574  0.773859947423219  0.6090320592714789  -4.987614129385205  0.43623449342818954  0.49394409425568986  -0.752142738111176  9.60085122646632  -0.8828809286589989  0.39643412255261157  -0.2517166110652307  -5.549390449033957  0.0  0.0  0.0  1.0
26456013412448;11.55255178167472;0.22973914181119318;-0.9907324181901006  -0.11054045615595304  -0.07893087545460953  -0.9544002959411753  -0.07510109907594963  -0.038397720533532465  0.996436370259242  -11.142439334574073  -0.11317729659601192  0.9931296101771732  0.029740156767505604  1.2323617170504497  0.0  0.0  0.0  1.0
26456013412479;15.024610821793486;0.9019955800295449;0.9803587727527139  -0.1431505529042465  -0.135663539280089  -3.7107557685500416  -0.1915769847615406  -0.5278046699168895  -0.8274783920584273  -0.46271421472862284  0.04685013976999642  0.8372157127151475  -0.5448622897452158  3.7796624208927145  0.0  0.0  0.0  1.0
26456013412510;44.598779289077456;0.47503105065666107;-0.9429054292246115  0.1547390616677244  0.29493249114491016  3.8050363984718047  -0.1858654299116121  -0.9792779490728347  -0.08042848017632165  -1.244339443699364  0.27637545748948456  -0.13065420488408924  0.9521271371217099  13.803789426510896  0.0  0.0  0.0  1.0
26456013412541;25.55960109614438;3.219557733890528;-0.5986614220201736  -0.7542946188071413  -0.269525749833615  -3.6738662999245397  0.2370155889458494  0.1546038658866771  -0.9591252552453958  -5.9106346274965045  0.7651327416739108  -0.6380730935335569  0.08622421311372518  1.5253519785686094  0.0  0.0  0.0  1.0
26456013412572;11.855425981755449;0.10571298244601436;0.6220259678549135  0.6237513908161116  0.4733052902399511  -5.232949314311808  -0.7232486746853809  0.6893033077013898  0.04209874769827293  -9.021406178826986  -0.29999174968655035  -0.36850393817012206  0.8798919238594662  3.5575473753046896  0.0  0.0  0.0  1.0
26456013412603;9.681681139268411;0.03166823493906962;0.6129124818827696  -0.5275127259307117  0.5882759671561075  -2.591790560880599  0.21231866598167223  0.8270805607156179  0.5204407076335431  -0.5277359240510682  -0.7610907131400748  -0.19408263721283697  0.6189287974431664  -9.475182276579703  0.0  0.0  0.0  1.0
26456013412634;52.58463844912728;10.442950079070346;0.2577698854220682  0.8736411766264827  -0.4126812094973425  1.4242294150999486  0.1911119669633804  -0.4647778703611249  -0.8645563875803389  13.042957788265793  -0.9471171533938567  0.14398828329163715  -0.28676902207498906  -7.255438729588116  0.0  0.0  0.0  1.0
26456013412665;17.137251027096553;1.3464999212836009;0.1715590648108734  -0.9828949313435682  0.0669704503519391  -1.732912670555446  0.9793351581335722  0.16275785928287806  -0.1200521856741727  -0.3896682503146067  0.10709871766136914  0.08618255728845531  0.9905061491452303  -5.334104851830652  0.0  0.0  0.0  1.0
26456013412696;25.9043647789081;0.1088797798714231;-0.6811789712202572  0.031177621761722285  -0.7314527770598696  -6.031644784585196  0.6568055436603539  0.4673861508572327  -0.5917403685772054  -4.83874264178043  0.3234218406112038  -0.8835033343956004  -0.3388512522147702  8.980385499773002  0.0  0.0  0.0  1.0
26456013412727;23.252492129236515;1.6815085162629515;0.07067205334157808  0.9047841463392288  -0.4199656050317428  2.75640494649476  -0.9913873168741142  0.01717377900147371  -0.1298316188605571  1.5101662469812438  -0.11025719394955388  0.42552404144537004  0.8982052334151532  -7.388270644052146  0.0  0.0  0.0  1.0
26456013412758;14.13602399426325;0.09499149700134592;0.5443453738845281  0.05925366640543055  -0.83676586746116  5.7534380920439965  0.6274187466880122  -0.690865713168541  0.3592356923700193  -1.3787140800671365  -0.5568068159020297  -0.7205508791096139  -0.4132464160514953  7.05954616017521  0.0  0.0  0.0  1.0
26456013412789;4.621604133291701;0.65736803652261;-0.6184435030640152  0.756825426133295  0.21152519442389783  -2.9794974456714383  -0.7607465613372932  -0.6440712463617065  0.08023028744534483  1.285213628378685  0.19695761709412193  -0.11129916427465064  0.9740740182862752  0.34615675497945486  0.0  0.0  0.0  1.0
26456013412820;35.801682263906;1.2965193049948949;0.4164042634956596  0.8205648804476848  -0.39151087637320503  4.2119954957934045  -0.38782540710515256  0.5497885554561519  0.7398134885855766  -8.800548413408231  0.8223131659814046  -0.15622362582309832  0.5471702073288754  -5.2652274558171825  0.0  0.0  0.0  1.0
26456013412851;14.022145789999549;0.12271316507375517;0.11590699962029774  0.8125138763318781  -0.5713026940310763  -2.416339371269872  -0.3730682807697032  0.5686783836605618  0.733092732088341  -7.5713783139869815  0.9205355100823424  0.12816433484146703  0.3690369601436774  -8.523951840789868  0.0  0.0  0.0  1.0
26456013412882;2.3936762370407902;0.12146185677438771;0.262923139445537  0.5824661015383683  0.769158412359117  -1.8615718199866993  -0.6146085561687266  0.7156372764163957  -0.3318427508437018  0.4844352460118619  -0.7437255847611371  -0.3854822034309974  0.5461462491033765  -1.7871340878184507  0.0  0.0  0.0  1.0
26456013412913;12.272824290791716;0.08534431065115794;0.5951601874428206  0.7893309734602293  0.15080107963590214  0.9022855061027555  0.6546128581076992  -0.585046878037353  0.4787506203638969  -1.2584786829713592  0.46611839406217026  -0.18621698320795893  -0.864902814125281  15.69806462378191  0.0  0.0  0.0  1.0
26456013412944;7.817464008253767;1.121986934122088;0.2931560257392013  0.7413021856991904  -0.6037637071325163  -6.711504283040981  0.01829781506476244  -0.6357439414477485  -0.7716831155832923  2.400393593597564  -0.9558894991245864  0.21517599863851622  -0.19993637756362556  1.7348265944480428  0.0  0.0  0.0  1.0
26456013412975;18.958736180574377;0.40760749127019175;-0.24584105753941807  0.9674163709560668  0.060561866170835255  5.480058746944879  -0.9378540270216839  -0.22161052624584482  -0.2670554224430769  -5.176937819039278  -0.2449326405914714  -0.12245137754730827  0.9617763054419958  6.160740395333108  0.0  0.0  0.0  1.0
26456013413006;18.3212344447247;18.411215952781003;-0.9995228929310118  0.029421115199520342  -0.009401302422390734  -14.072270677235572  0.030768032078998087  0.9750918024521954  -0.21965724434334982  -5.422804830470171  0.0027045718342122854  -0.21984170389383553  -0.9755318090765923  2.9232982355927617  0.0  0.0  0.0  1.0
26456013413037;17.624013468308494;17.96250275439929;-0.24877338013699912  0.6112683044585941  0.7513074372715397  -13.32457534705617  0.9411877872582023  -0.030547402380237287  0.33650023079312985  -9.91114784406459  0.22864241612444047  0.7908336842675181  -0.5677188823499207  6.091699542276952  0.0  0.0  0.0  1.0
26456013413068;25.751269723182936;1.458088471062252;-0.8990380769561264  -0.11631059702487731  -0.4221402387865275  -0.81644780666135  -0.02441989811232348  0.9758935424866115  -0.216876606182216  8.923918858065015  0.43718898060131084  -0.18467170533855107  -0.8802057466797963  8.22630129684638  0.0  0.0  0.0  1.0
26456013413099;16.675295180356358;0.06291361115299966;0.5645587461427066  0.5247630982070967  0.6371005516508864  10.180044892026393  0.2718369357720087  0.6106015583699198  -0.7438214955661814  1.6849584903129622  -0.7793446622027123  0.5931183926302694  0.20207045756326172  3.0733322057745105  0.0  0.0  0.0  1.0
