# teaser_benchmark.py --distance_metric=euclidean --noise_bound=0.2 --cbar2=1 --estimate_scaling=False --rotation_estimation_algorithm=GNC_TLS --rotation_gnc_factor=1.4 --rotation_max_iterations=100 --rotation_cost_threshold=1e-06 --rotation_tim_graph=CHAIN --inlier_selection_mode=PMC_EXACT --kcore_heuristic_threshold=0.5 --input_txt=/neural_comparison/point_clouds_registration_benchmark//tum/pioneer_slam3_global.txt --input_pcd_dir=/neural_comparison/point_clouds_registration_benchmark//tum/pioneer_slam3/ --input_features_dir=/neural_comparison/experiments/FPFH/features_voxelgrid_0.2//tum/pioneer_slam3/ --output_dir=/root/neural_registration_comparison/results/FPFH/teaser_0.2
id;initial_error;final_error;transformation
39885980090030;15.205318337116758;0.09787983389034899;0.5850558251047451  -0.6422311313722932  0.4952260649514216  14.04766342661966  -0.8069559187472345  -0.5218571599702035  0.2765632835114601  11.293960787162124  0.08081971733316709  -0.5614305642589266  -0.8235677839777913  0.33999103136060804  0.0  0.0  0.0  1.0
39885980090061;13.318166755923231;0.14783660044032426;0.7654827351808706  -0.5203696328383141  -0.3784859671899746  3.263089129628373  0.639814675728508  0.5530576129393725  0.5336332612311823  10.227215720829635  -0.06836199867204565  -0.6506479247561782  0.7562961821588432  0.05298932779291749  0.0  0.0  0.0  1.0
39885980090092;16.131758473986306;0.6591242209332353;-0.480123992575577  -0.8710629950554567  0.1035867288715332  7.374651255267411  -0.1987836273994965  0.22305609922389263  0.9543222967514272  14.501376223754624  -0.8543804897299481  0.43760168560465845  -0.28024764677830266  3.8378411574266176  0.0  0.0  0.0  1.0
39885980090123;12.985542941208589;0.08952094632847749;0.4997821065662854  -0.6493820667845172  0.573167320504959  8.543565976096794  -0.31090150551825013  -0.7521392054401912  -0.5810566835570208  -3.7001483493522205  0.8084294031160987  0.11220315048369418  -0.5777995787458503  -8.933446592684765  0.0  0.0  0.0  1.0
39885980090154;12.128119033469892;0.08025519209676422;-0.64185145155732  -0.7135382493022593  -0.28087342508045865  11.081535025351783  -0.7647874789123547  0.568946487602769  0.30232433964759736  1.1850700080980632  -0.055918031373121714  0.4088557949046808  -0.9108842477176866  10.346194325955258  0.0  0.0  0.0  1.0
39885980090185;6.628057703543316;0.3389116136067101;-0.7576564605603449  -0.6524311688391045  -0.017036950971646474  7.529084463614389  -0.11274144628967303  0.10512367765747876  0.9880477613376184  2.6953316582614915  -0.6428421688561534  0.750521540212542  -0.1532036671144345  5.697679378581174  0.0  0.0  0.0  1.0
39885980090216;5.823010286342225;0.19694765226648028;-0.29197086297187297  -0.4863814790182499  0.8235205352894845  7.951893299121294  -0.932487101533727  0.336205454695316  -0.132036728626335  2.9668969885768606  -0.21265187666392302  -0.8064731546066088  -0.5517066523526576  -0.8860525583363655  0.0  0.0  0.0  1.0
39885980090247;5.3740242030998315;0.08594905622927143;0.7992776757638157  -0.5069139644716255  -0.3227900705555425  -3.9826975684560098  0.5262171101242311  0.3309153072324225  0.7833202489734162  -0.8214589495235104  -0.2902597974885524  -0.7959480460827396  0.531240019105276  2.227269935075699  0.0  0.0  0.0  1.0
39885980090278;4.39500473301532;0.1519981690546013;-0.2917195299509729  -0.08985474952128568  0.9522740361018204  2.9543880531580284  -0.9132853796288104  0.3220489503316493  -0.249387828384913  4.553836905942001  -0.2842701729014905  -0.9424492546438513  -0.176010997439952  5.191308408351831  0.0  0.0  0.0  1.0
39885980090309;6.062761454151005;0.10047291992962544;0.8002373550342913  -0.20438926208548103  -0.5637776203006591  5.543738377800319  0.1986786421631943  -0.7966687326532834  0.5708289827617385  -0.20058505275506944  -0.5658153168268876  -0.5688092474255005  -0.5969162983931037  5.842119876357207  0.0  0.0  0.0  1.0
39885980090340;10.653667033347874;0.3655877370236005;-0.30654789738069504  0.7580076856567719  0.5757193197181584  9.12852245079995  -0.8088852287998514  -0.526267012475364  0.26219786080299584  3.940193877198894  0.5017300800638592  -0.3853146507278427  0.7744672663796665  5.144176098478772  0.0  0.0  0.0  1.0
39885980090371;7.825764243118106;0.09712808921514941;0.05832966929833052  -0.6655152329347264  0.744101555173341  7.1319039071923145  -0.9947542789834919  0.023995206313359437  0.099439200107466  6.365452559090457  -0.08403317275683903  -0.745998461664511  -0.6606244932415111  -2.9123113241981926  0.0  0.0  0.0  1.0
39885980090402;6.3535513934385985;0.09749416706707391;-0.4152975278336518  0.8449446399287667  -0.33704082665295176  -1.128089359821386  -0.7521511578409484  -0.11054840012899261  0.6496519737424342  2.26276664141968  0.5116606288681766  0.5233045066541735  0.6814365665134612  1.7135205736261405  0.0  0.0  0.0  1.0
39885980090433;6.8874917645610045;0.25496861628498524;0.13972317417147273  -0.9574415097695022  -0.2525533408405912  6.897810984247046  0.8898449060528755  0.23328965702754778  -0.3921122021765173  -5.089074452893472  0.4343425811167918  -0.1699461423341666  0.8845704216932295  4.041075649451864  0.0  0.0  0.0  1.0
39885980090464;6.2677651862134764;0.225982327538004;0.61832080485671  0.7666054953059739  0.1731917920919824  -2.1494103539272515  0.7807738467966966  -0.6243579666735974  -0.02386062885800283  -6.212104710534451  0.08984198595110549  0.1499771449851383  -0.9845990420178504  -2.1016518712191097  0.0  0.0  0.0  1.0
39885980090495;9.69087354585672;0.16622585971818735;0.49795283514747535  -0.8671832187190918  -0.006019895396673907  3.50025984517793  -0.5640235525599832  -0.31858435226438414  -0.7618276987940893  10.811316859719641  0.6587263514739683  0.3827496252960652  -0.6477517411860154  -0.028935655569045676  0.0  0.0  0.0  1.0
39885980090526;2.92110847772627;0.42580830033535233;0.12774138634157767  -0.0529601334880829  -0.9903925294934607  0.44417585852278996  0.36375640626427713  0.9314896179040463  -0.0028928599467506824  -0.3847006266329124  0.9226935651218285  -0.35989208937943873  0.13825436298675126  -1.732829899711527  0.0  0.0  0.0  1.0
39885980090557;4.738076726601074;0.2761247626209114;-0.3420915042807475  0.0894629657624427  0.9353981935282557  2.666412993944387  0.7780565588158168  0.5851293303237857  0.22858621585416622  -4.649764282974049  -0.5268789177625391  0.8059901020185215  -0.2697750200918336  5.014335809030883  0.0  0.0  0.0  1.0
39885980090588;14.769319861057435;0.9300008131675773;-0.11281493802589626  -0.7493449075548958  -0.6524990415929811  -6.0051188669782904  -0.6674060135213806  0.5436437801112055  -0.5089407170406981  -4.037470960851867  0.7360991800523307  0.3780656687242914  -0.5614484368651695  0.6904574402161103  0.0  0.0  0.0  1.0
39885980090619;2.836952107880147;0.16620122412362792;-0.14272424416270663  0.9816870445596063  -0.12617581651017482  2.5173715376522914  -0.9772204890832522  -0.15999604697292577  -0.13943235158644746  4.351407668677628  -0.15706656501010471  0.10340121612854722  0.9821600086844623  -1.722396677283992  0.0  0.0  0.0  1.0
39885980090650;12.55893498698289;0.1950714244259554;0.20327540370004504  -0.9393519746442822  0.2762190760654871  -5.1504299714292285  0.893685324468825  0.06274997039805011  -0.44428479834909285  -7.1038616834828625  0.4000070637871711  0.337165106360269  0.8522405998152365  -2.869235930955183  0.0  0.0  0.0  1.0
39885980090681;13.661467239296929;0.1342221742898959;0.7556474366717698  -0.34316371684106  -0.5578849477223897  5.302730458302322  0.2357791461499344  0.937177268816203  -0.25711273997025275  4.386398840799456  0.6110688551155203  0.06274894627029091  0.7890864490344365  -11.92085862740759  0.0  0.0  0.0  1.0
39885980090712;11.512393687205597;0.183931414088237;0.8639060793993139  -0.49587159873946185  -0.08819094931157141  8.25376996686536  -0.02485568380587641  -0.21686503338315635  0.9758851122331272  0.6206566108437402  -0.5030392439556264  -0.8408810349028524  -0.19967624841542647  8.865099710515773  0.0  0.0  0.0  1.0
39885980090743;17.098275178250592;0.05454087450034964;-0.005108498118582577  -0.9273043145544096  -0.374273444764317  6.43172560189686  0.06049004931402745  0.3733063754151763  -0.9257339272211912  -13.490098182220917  0.9981557279207279  -0.027368929156242  0.05418564880004338  -4.716021426007872  0.0  0.0  0.0  1.0
39885980090774;10.611953381784044;0.14968854458541964;-0.6533652441537464  0.7568362640639227  0.017684092560250476  5.849905903988338  -0.3475080695152859  -0.2790817730698429  -0.8951823867581128  -5.8256651721660955  -0.6725711853429899  -0.5910264235530902  0.4453490398646531  4.241439893123752  0.0  0.0  0.0  1.0
39885980090805;5.343071835957388;0.5008539070767555;0.6445948664820306  -0.6353326095029082  -0.42526454520361545  -0.4125177282880161  0.6209115157131623  0.7595845009897766  -0.19364987867513814  -6.172967810224894  0.4460564401057297  -0.13922593565258354  0.8841096035457743  1.982334016728745  0.0  0.0  0.0  1.0
39885980090836;5.261479947974986;0.08153099252001604;0.6666475816088836  0.22298236140604058  0.7112382641821322  -2.404281771640231  -0.18420076436288677  0.9738928458229772  -0.132675556388324  2.9041313147935743  -0.7222541660268599  -0.042562793101592264  0.6903168318245149  3.8456151002969037  0.0  0.0  0.0  1.0
39885980090867;12.813048896623984;0.07030211586418675;0.7703304132599736  -0.382391119183699  0.5102627620904308  -5.420638285361993  0.578690470804038  0.7553135453836334  -0.3076016696323443  2.8286879051038  -0.26778422919828226  0.5322391193152223  0.8031270923479286  -7.531306659194295  0.0  0.0  0.0  1.0
39885980090898;9.513150698671726;0.1854157092262159;-0.5793750528827519  0.7962712666106528  0.1740017760466086  10.475740213930631  0.6965974510121274  0.5945906342224739  -0.4015145936803829  -1.8826891020949317  -0.4231743604479301  -0.11141834528111796  -0.8991715147814143  -3.2309928957456036  0.0  0.0  0.0  1.0
39885980090929;3.2910700942172166;0.5659218635179425;-0.4842804820182665  -0.22679212365990767  -0.8450075427959116  5.542501218310752  0.4624380287751645  -0.8862352288046917  -0.027169629515980225  -0.7412622519491294  -0.7427135950544432  -0.40392134366894333  0.5340637263941262  1.6079429851011213  0.0  0.0  0.0  1.0
39885980090960;13.148595121958836;0.0798268426979884;0.6850512550905684  -0.727840045483574  -0.030881160750638383  0.8549082012193204  0.7159687814301482  0.6648398529588939  0.2130180131703069  0.44669249299666497  -0.13451201402204227  -0.16803820431100094  0.9765601261446569  12.07620882283686  0.0  0.0  0.0  1.0
39885980090991;4.974292677219224;0.14114952166223307;-0.5440418235836539  0.6848702682791521  0.48473829002773716  5.674217105155241  -0.4566180239244103  -0.7263405400314414  0.5137405961515994  3.6021643678909396  0.7039307312649015  0.05815613066630649  0.7078837404876485  0.8206826906405889  0.0  0.0  0.0  1.0
39885980091022;13.287028172970416;0.16634357825151072;-0.5174926273752173  -0.7175919987326482  0.4661149042534225  15.709362727529715  0.6595107653618285  -0.6815555134453405  -0.3170609286306247  -3.480576093631995  0.5452035683890466  0.14333110425564172  0.8259596016565874  -0.2569943461501829  0.0  0.0  0.0  1.0
39885980091053;15.533441302838277;0.13107167940699122;-0.4729805193357435  0.8689865516201397  0.1454365890421952  -10.002561423403957  -0.8793750594550717  -0.4758359140088587  -0.016723867607200994  1.3443232042085176  0.05467113623549037  -0.13580337272207935  0.9892262182231263  -0.15954822210875647  0.0  0.0  0.0  1.0
39885980091084;7.763469718260981;0.2551999011880382;-0.5913413958586077  -0.01983914337511025  -0.8061772521810177  -0.7743960282444642  -0.8021715560819054  0.11696845899798586  0.5855246999168963  5.34565882312058  0.08268100239552456  0.9929374542184313  -0.08508268832784349  2.121696448273732  0.0  0.0  0.0  1.0
39885980091115;3.6651649034345075;0.18008278012947038;0.4271618692249782  -0.8984807522218796  0.10131670823229905  2.516372457745163  0.8977976544199611  0.43476310471477175  0.0702880821817521  -2.4573141625614516  -0.10720125558144888  0.06093751443551354  0.992368132366302  -2.8048365619086653  0.0  0.0  0.0  1.0
39885980091146;8.080612412768405;0.15914467886747946;-0.4935046640040996  -0.8131501741257429  0.308609690265025  3.9292104731009303  0.6896988667846793  -0.14970751984147354  0.7084512203806583  5.040959276545727  -0.5298760418835052  0.5624717351318098  0.6347101128985433  -2.698339771427922  0.0  0.0  0.0  1.0
39885980091177;3.8726541071914253;0.2101986605311548;-0.46569459271782065  -0.8849268288760812  -0.005749247664333032  6.617259688111549  0.8848468934461161  -0.4657298570457011  0.011902748209919089  1.6533938908246981  -0.013210657521144302  0.0004558415444036665  0.9999126315515503  -1.7296070327794377  0.0  0.0  0.0  1.0
39885980091208;5.2059592602279805;0.08605786251218042;0.1821740088346893  0.9680615870901313  0.17224805980223587  1.752409717196124  -0.9696470285849331  0.1478170333194147  0.19476848979508163  1.3409862563384318  0.1630866961511831  -0.20250157594740611  0.9656064629430087  -3.872846405484513  0.0  0.0  0.0  1.0
39885980091239;9.534104921615693;2.849891511709231;-0.262304089366661  0.2036906948019556  0.9432426334473137  10.595362166553416  0.15281593186325526  0.9739021066882216  -0.1678153078744875  0.03964527591350092  -0.952808404491843  0.1001238604895989  -0.2865856885651615  -0.12841277815936508  0.0  0.0  0.0  1.0
39885980091270;6.793393155968177;0.07305026533176291;-0.24353830931907752  -0.958621406283593  0.1474248666571329  4.916881913900433  0.6471430551396542  -0.27382671040887235  -0.7114947637552724  5.566579037599121  0.7224229772636808  -0.07787125324228238  0.6870524796840172  -3.6265028214081463  0.0  0.0  0.0  1.0
39885980091301;9.237550092631151;0.4797930327503386;0.13227426841039497  0.07641247240356766  0.9882634527177807  -2.9471519985498915  0.729579057213241  0.6674109720418168  -0.14925479447587456  4.099159424854899  -0.6709827994757636  0.7407588868581807  0.0325323584803742  -1.7609210210273467  0.0  0.0  0.0  1.0
39885980091332;14.314334062580222;0.15285207576144486;0.4531261945408469  0.2062913151804393  0.867248836898647  8.791264569254333  0.8458155466630387  0.20777509316950332  -0.49135076236992853  7.491824768374128  -0.2815541028719638  0.9561764502117431  -0.08033606423291352  -3.865510726062088  0.0  0.0  0.0  1.0
39885980091363;4.939595963032118;0.11009475163236586;0.39468738031146244  0.9123072660505451  0.10916649730688945  3.2188030810553063  -0.9187337768351412  0.3934412123973865  0.03364906669598201  0.46595719228528476  -0.012252311011034843  -0.11357581035878463  0.9934537816004498  -0.6626535428693425  0.0  0.0  0.0  1.0
39885980091394;15.273466798993145;0.2084456703082146;0.13765727379229917  -0.9028892150374468  -0.40723646735175156  1.4381211796594717  -0.8698069782754881  0.08647965194152779  -0.4857541459867695  -3.6860849308010177  0.4737998475256567  0.421084712580657  -0.7734347867244722  8.98380149830775  0.0  0.0  0.0  1.0
39885980091425;8.06198539416402;0.28453643314795146;0.4325667356649225  0.8859347443545795  -0.16734888090925248  -0.2299320840000637  0.2697217968808733  -0.30426968605338695  -0.9136028187545873  -4.876561258052642  -0.8603116711306121  0.3500565481380967  -0.3705728560244186  -1.3501469876493202  0.0  0.0  0.0  1.0
39885980091456;10.977064992754894;0.14751159996512905;-0.769803595057  0.6378228605135001  0.02417485560854371  -3.927928642782976  -0.6325943224630081  -0.7674423687054478  0.10419517216905239  -0.5372003189301491  0.08501087121589461  0.06491694171899186  0.9942630147264694  -3.5294596605951924  0.0  0.0  0.0  1.0
39885980091487;2.767744523025431;0.03270170273202176;0.8995418076715164  -0.367748127674564  0.23576651764598353  0.2921621077759451  -0.3947824366124943  -0.45332798288667053  0.7991499031309492  0.9700508371484695  -0.18700632073104742  -0.8119452287708553  -0.5529679750970047  2.773458935726983  0.0  0.0  0.0  1.0
39885980091518;6.6339837111177165;0.4098819784132004;-0.8255066141078238  -0.5632497902824756  -0.03589573527570457  10.797107634236191  0.5638645161451316  -0.8203144635479472  -0.0956085159724812  2.817181345275811  0.024405685744370083  -0.09916579370322579  0.9947715857736171  -1.8987115859566948  0.0  0.0  0.0  1.0
39885980091549;8.72791924372333;0.283107620790727;0.49037683952347594  0.39571438974393847  0.7764925479414141  -4.785419445618138  0.3090428977461643  -0.9120301022880373  0.26961746952511323  6.059239067028462  0.8148760903423419  0.10775534450807477  -0.5695311607966023  0.061757156785544894  0.0  0.0  0.0  1.0
39885980091580;11.404884011730314;0.14399779846799426;0.004040774746171778  -0.9709765157611755  0.23914070749192745  12.86695561349505  0.9524340309108087  0.07660861291700138  0.2949585346958491  -4.849587632085099  -0.30471804820594395  0.22657388699323222  0.9251006349745626  1.7692206630969392  0.0  0.0  0.0  1.0
39885980091611;5.185738995238877;0.1655098412557312;0.9706446673893137  0.011399966684468923  0.2402477272073189  -1.15988979236653  0.16345689368964608  0.7014892519765676  -0.693681968388027  3.6659455042784588  -0.17643914977697298  0.7125888506852667  0.6790333985195655  -3.1370651308998543  0.0  0.0  0.0  1.0
39885980091642;11.452810801369598;0.05636787198522947;-0.9894074090224155  -0.023437185486923237  0.14326087151766798  6.639547032209882  0.024366087606765306  -0.9996918997903678  0.004732786522087631  1.3229239755316469  0.1431058096175331  0.00817336099629598  0.989673644907115  8.849640561917564  0.0  0.0  0.0  1.0
39885980091673;6.84357315400721;0.03829820411990771;-0.6469622902810268  0.5241863770256535  -0.5537765227012141  4.342950837632117  -0.75002448445285  -0.5684041301664184  0.3382011495116403  2.3306215630081697  -0.1374884274241493  0.6341493412047968  0.7608886550435336  5.378423863329779  0.0  0.0  0.0  1.0
39885980091704;11.97004270038415;0.04769683840890192;0.07536258105652609  -0.05250061024344593  -0.9957731505220278  4.033954347746642  0.9969955343251792  0.021892703479602198  0.07430083492131806  -0.5411382828716521  0.01789932714236129  -0.9983808869657014  0.053992764602590365  -10.227302123518625  0.0  0.0  0.0  1.0
39885980091735;9.206758517908435;0.11690407269403988;-0.6852187838870389  0.18258622799080193  -0.7050797738954495  8.067850646756932  0.7163133901810704  0.3441181920103979  -0.6070237202735962  -5.248372065023178  0.13179660563030252  -0.9210021385836116  -0.36658520901523645  6.657630225619538  0.0  0.0  0.0  1.0
39885980091766;2.598811728309922;0.636748043572042;0.8158593068137516  0.1689281408690447  -0.5530252025974167  -0.5592108463734656  0.2556169534313601  -0.9632193476786908  0.08287618099253581  2.932783764182046  -0.5186844557183636  -0.2089779210346535  -0.8290323660244995  0.8364159513150621  0.0  0.0  0.0  1.0
39885980091797;12.542227557622743;0.1663229617542378;0.767219170248287  0.35069878159212275  -0.5370149992256564  -1.8887470997465952  0.6204094553760138  -0.6181569059922437  0.48267395543382563  11.122645302357808  -0.16268636231586558  -0.7034858947867378  -0.6918386685872175  3.0739996788030526  0.0  0.0  0.0  1.0
39885980091828;9.47715700246654;0.13854893971748225;0.550898234690431  -0.8325870522556648  0.05753203830206615  -2.3461530786409974  0.834305669964966  0.5476692143769135  -0.06318607986006944  0.6944674917426499  0.021099385755891202  0.08280840561197628  0.9963421018308555  6.008403259582854  0.0  0.0  0.0  1.0
39885980091859;14.228056617716064;0.2437757520766254;0.21400437492354077  -0.14841807546010055  -0.9654916894465251  12.404365466985924  -0.919621755190245  -0.3638984861658746  -0.147897664440646  2.6394139472338347  -0.3293902774739987  0.9195379093016799  -0.21436435912412666  6.31812346802362  0.0  0.0  0.0  1.0
39885980091890;12.934736653014653;0.12636638767368882;0.5490347865579377  -0.05836969845423716  -0.8337588269107808  6.218052844827663  -0.7771513595399864  -0.4027435500742751  -0.48356322982493183  12.409534157887041  -0.30756554994737273  0.9134498405363757  -0.2664823095622653  -5.2511967685401935  0.0  0.0  0.0  1.0
39885980091921;11.389616762246979;0.7881554628920729;0.5759907625208434  0.017124414800876876  0.8172768171852083  4.982361647574803  0.6174825209020944  0.6460394655471197  -0.4487185591615153  -0.18539650851540562  -0.535677120914317  0.7631118943990582  0.3615387375588251  9.237689858754525  0.0  0.0  0.0  1.0
39885980091952;7.751231368250753;7.272658862887077;-0.5287163915539236  -0.6656772090367006  -0.5266239936342705  13.89315466975706  -0.6447096120392677  0.7185068401542167  -0.2609548558578307  6.864366214465656  0.5520946417475687  0.2015484408788938  -0.8090548390145823  5.309496455653805  0.0  0.0  0.0  1.0
39885980091983;14.851121124669065;0.057298672583831006;-0.7806126027534834  0.30328823863302623  0.5464981324115465  4.6312181928804055  -0.4851075892340401  0.25733211908107567  -0.8357336940418164  1.5260044727472772  -0.3940997225195289  -0.9174946456498367  -0.05374926896164219  14.907269069779433  0.0  0.0  0.0  1.0
39885980092014;8.09691717384987;0.09146104359305175;0.11027698888618222  -0.2200608175104761  -0.9692328008888363  6.80782846324999  -0.9577482387159163  -0.2841515245324599  -0.04445472238626422  4.687635599060519  -0.26562623544890634  0.9331833408835054  -0.2420982348939008  4.954553815579415  0.0  0.0  0.0  1.0
39885980092045;7.770476372289854;0.11783171123300173;-0.8348660389363987  -0.44059310890066666  -0.3299642547608665  1.0960677544978754  0.49684251802454116  -0.861199535411732  -0.10715816576281846  4.489013549590038  -0.23695191350500341  -0.25340298458357435  0.9378916345135266  -3.22888485900227  0.0  0.0  0.0  1.0
39885980092076;16.718631862778135;0.05410506247760461;-0.5585827108721743  -0.474219798771979  -0.6805152001001564  0.47060576800677656  0.5089588171150381  0.45186711774370936  -0.7326506878334682  -13.966567003178474  0.6549399038045809  -0.7556002186041608  -0.011046811747759242  1.9659501912203199  0.0  0.0  0.0  1.0
39885980092107;10.262899426928634;0.11947204208736427;0.6577009710163614  -0.6484315145969402  -0.3833614529418081  -3.9789369082546946  0.2189749911772784  0.6515252495455618  -0.7263365627885637  -6.726226594036396  0.7207491838101842  0.3937656918550836  0.570499074455727  -3.7581187491792902  0.0  0.0  0.0  1.0
39885980092138;15.257229419744425;0.06829132363283766;-0.1472510895793327  0.9890985202991687  -0.0011107473586622618  4.903036719519035  -0.9881767391167755  -0.1471621622979357  -0.043011978056496966  9.444744139818466  -0.04270654383388898  -0.0052359459309161  0.9990739391976817  -10.853917273971799  0.0  0.0  0.0  1.0
39885980092169;15.992191385092843;7.027794281126461;-0.710038801909395  -0.6724437823847935  -0.20895994667663853  19.90213364537545  0.5445998347801541  -0.7125232314049358  0.4424044130269241  6.353107212817578  -0.44638091327979074  0.20032474694929897  0.8721319143450719  4.958273937629157  0.0  0.0  0.0  1.0
39885980092200;6.917432320039796;0.07305596963698983;0.382377240414715  0.9037522530929344  -0.19240455047184324  -0.7681207511297877  -0.9233622428305336  0.3659616213940598  -0.1160786809952542  -3.4382620075813666  -0.03449368823124595  0.22204494296442706  0.9744261022653953  -2.441401583760576  0.0  0.0  0.0  1.0
39885980092231;11.63978213050849;0.031624723826911956;-0.8849418133835523  -0.19306601621885897  0.423796531730509  1.041187392533715  0.0990333148085793  -0.9672194992106464  -0.23383507629252454  2.7235627720756574  0.4550498758196224  -0.16496046110533638  0.8750529451344413  -9.974813159512136  0.0  0.0  0.0  1.0
39885980092262;5.191873642222159;0.14386432371684515;-0.4606365630414656  -0.67835854399992  0.5724016444522627  7.942337343687476  -0.3561935239938738  0.7319679512415961  0.5808176063275  2.258659220621482  -0.8129822447348843  0.06366006705533064  -0.5787981216351163  4.601940562382249  0.0  0.0  0.0  1.0
39885980092293;17.8683780302977;0.07835802988873217;-0.34334126443005075  -0.8311316163283651  -0.4374208642474365  9.429799213427266  0.8033084617890942  -0.018557439728111722  -0.5952740013210536  10.993700325832778  0.4866336315521297  -0.5557660099089703  0.6740265950778562  -8.302327146528492  0.0  0.0  0.0  1.0
39885980092324;2.5378082800465176;0.10661153166896728;0.9271052425285113  0.21184027288539603  -0.3091917981771053  -0.29694895420186296  0.06769739342820744  0.7167334944825513  0.694053427921697  -1.3475360134322985  0.368636585540797  -0.6643920504270595  0.650146345933091  -1.6034790251709021  0.0  0.0  0.0  1.0
39885980092355;4.721106299632293;0.06950299393243596;0.5101227949362216  0.8522025937117678  -0.11629906860071282  -0.7837526478467571  -0.8598154958990314  0.5087570424735568  -0.04340028508502815  -0.27180907574510715  0.022182134666436794  0.12213521607012076  0.9922655601688214  2.02109144280071  0.0  0.0  0.0  1.0
39885980092386;4.150156398285817;0.06176946423512287;-0.08302921593176879  -0.9961577936110665  0.027853178089521757  -0.7243919844888315  0.9363193691042647  -0.06841149139573627  0.3444211185238243  2.167918228288693  -0.3411923040485333  0.054676485557705906  0.9384019893335214  4.633692743126476  0.0  0.0  0.0  1.0
39885980092417;6.211588953303198;0.05451157431768486;-0.9388404773451561  -0.1337675692464472  0.3173086754506048  0.1878943254051592  -0.167261654654227  -0.6283151036204773  -0.759765535836365  4.176541230414865  0.301001822221478  -0.7663722124270202  0.5675134668349855  0.4155645995143834  0.0  0.0  0.0  1.0
39885980092448;6.198581447326856;0.07599078828915978;0.5033920155636691  0.5556887173925611  -0.6616695006038563  2.870778609641603  -0.6979773784771341  0.7129117167675424  0.06770866436241546  1.0320033357390421  0.5093368804641318  0.4277463424252341  0.74673222023755  -7.57558169197833  0.0  0.0  0.0  1.0
39885980092479;13.852347125351322;0.1318408473142823;-0.9640115639170638  -0.22878342625541662  -0.1354246968060473  5.862071832200606  0.1913987692541114  -0.9507658821630802  0.24374320183888443  -2.9053293618629468  -0.18452158616863484  0.20905114490356685  0.9603381711940427  -13.40220109982665  0.0  0.0  0.0  1.0
39885980092510;11.087356919905194;0.12603822764092992;0.5257439180733281  -0.7917551988193103  -0.3109936297603233  1.2065403540885566  0.7995785542929451  0.5847357040780885  -0.1369609137349287  -10.473061951720908  0.2902885945463756  -0.17665746946817018  0.9404917173252473  -3.7998311534047593  0.0  0.0  0.0  1.0
39885980092541;8.13198811043238;0.11173585386085334;-0.649143859520087  0.7424014965816165  0.16568725817256616  6.6119368324884835  0.4669503579215412  0.5608699043886373  -0.6836536503142692  3.2505893978893057  -0.6004744897864613  -0.3664218446332816  -0.7107498989737755  -1.580783214085639  0.0  0.0  0.0  1.0
39885980092572;12.857597382515118;0.12140638465729046;0.3770996447197901  -0.02650282052602007  -0.9257934210483312  -7.096033839783125  -0.618620288155219  -0.7511251962044645  -0.23047750152576363  10.313072172478039  -0.6892784611715075  0.6596275768423953  -0.29964422709951904  0.20128234779290277  0.0  0.0  0.0  1.0
39885980092603;4.595426400726901;0.4298722957063913;0.6348505918464559  -0.15196113773769113  -0.7575437536206541  3.8611174191945485  -0.5569518829196901  0.5895498981175917  -0.5850089894537935  4.329578076246838  0.5355084743908501  0.7933087231633109  0.2896410599493456  -3.3564611577145738  0.0  0.0  0.0  1.0
39885980092634;14.955394496186754;0.45377037321656344;-0.35896102035510635  0.9333514077040858  -0.0014613700496822245  10.898462054784787  0.10427233245047393  0.04165829802479869  0.9936759365562874  9.1045622087523  0.9275097123755409  0.35653854762490717  -0.11227643344247727  -7.467142606372783  0.0  0.0  0.0  1.0
39885980092665;13.790322686089336;0.18005636758066781;-0.3630715050676012  0.6796993396802391  0.637328714123405  -6.81993583180308  0.8091365866802689  0.5691763075035741  -0.14606955559595824  -6.172778539352445  -0.4620357846567195  0.46265228694435667  -0.7566213022918443  6.039326662931353  0.0  0.0  0.0  1.0
39885980092696;10.060575966549875;0.07917578860243038;-0.40888590530406943  0.8906365606548807  -0.19894429689869683  3.769520431045652  0.8476849611160265  0.2899304185004024  -0.44426406463487733  -3.5458733294202314  -0.3379978152908572  -0.3502954028431245  -0.8735276799309689  -6.637502652359867  0.0  0.0  0.0  1.0
39885980092727;5.0885328238275855;0.18969512190125384;0.2580083336029298  0.8955832188474431  0.36243950931195545  2.723917412467759  -0.9364075144737922  0.13945045874599754  0.32201636044236154  2.6095474631115474  0.2378500927652823  -0.4224739846125235  0.8746102364465921  -3.8438613026459776  0.0  0.0  0.0  1.0
39885980092758;7.042514947121556;0.111518917987199;0.7559997359329813  0.6402043339897187  -0.13639211857744196  0.11732835599013082  -0.4975920739179516  0.6974608040725393  0.5157039409937817  0.24702368909666883  0.4252840547719769  -0.3220044060618843  0.8458407859836496  -7.361756159208805  0.0  0.0  0.0  1.0
39885980092789;9.837958892178126;4.8249257033918775;-0.4010114569258626  -0.02002808106801984  -0.9158540753760561  7.734814699676182  -0.871422620330284  0.3166597225645679  0.37463213541023715  0.8709391418499021  0.28251093463952914  0.948327736636478  -0.14443709957983797  -13.16456128197629  0.0  0.0  0.0  1.0
39885980092820;8.268718839568454;0.10901927497700607;-0.34288255732494183  -0.5781180392890556  -0.7404127798268241  5.437972718740871  0.9335127076553085  -0.2976449118748269  -0.1999038045688012  0.8438048809942872  -0.10481210105881261  -0.7597282666082682  0.6417377847595022  7.83888170845537  0.0  0.0  0.0  1.0
39885980092851;6.8936455006206945;0.09191253484905752;-0.7271012340798063  0.29056460179032756  -0.6220096523254702  8.210900585663511  -0.6858662049309686  -0.2675980851757018  0.6767413196664498  -0.14387176567418325  0.03018848014084287  0.9186748483531736  0.3938593386858561  0.9288392614255346  0.0  0.0  0.0  1.0
39885980092882;8.701798953500287;0.11230698920962351;0.04983549924526215  -0.5783189460129371  -0.8142871850259343  -0.36139270519879163  0.8244504651332599  -0.43636510754105706  0.3603705363403512  1.9120482383381898  -0.5637356238136155  -0.689298694038489  0.45504885104822196  7.79883168812008  0.0  0.0  0.0  1.0
39885980092913;12.068994851548805;0.10799797390798738;-0.17563679000635307  -0.9022684060136146  0.39378095625095266  9.930318669891275  0.9190586345640716  -0.2936371777520391  -0.2628848304391888  -1.4146950746377902  0.35282140557155545  0.31573554020963157  0.8808110605680675  7.111516986113555  0.0  0.0  0.0  1.0
39885980092944;3.372320270673433;0.030569588263817688;-0.865014937443203  -0.501742070335215  -0.0020131705999403976  5.680072569758714  0.4987400336855708  -0.8602640633365476  0.10584951644201825  -1.439084579668397  -0.054841013844094  0.09055736407065659  0.9943801219921516  -0.7519004888528465  0.0  0.0  0.0  1.0
39885980092975;6.497637263498034;0.18489442408492657;-0.933156902537879  0.3594210436973811  -0.0058913999522146356  7.024723740217956  -0.35891169081010244  -0.9306716567701742  0.07094128194847754  7.021874453248942  0.02001483064492867  0.06831383924319553  0.9974630950176102  -2.855348689092666  0.0  0.0  0.0  1.0
39885980093006;15.880192191604793;0.15189562794597958;0.6216783162988587  -0.4488720148735696  -0.6418956187007031  11.017964457715504  0.5933532466983292  0.8048551536659834  0.011836648590671989  -9.316849089550335  0.51131985652463  -0.38822943716396485  0.76670066417278  3.338437831364985  0.0  0.0  0.0  1.0
39885980093037;17.265572118183027;0.2195703534498883;-0.9347239902605181  -0.13836391999820263  0.32733238103522044  -2.2306028616237104  0.2308155557608685  0.46398941778564523  0.8552414860153476  -11.279400247693202  -0.27021332544909227  0.8749681398917729  -0.40176549493961505  5.417530112582281  0.0  0.0  0.0  1.0
39885980093068;7.330304072587055;0.1080238635351088;-0.04226666148470753  0.10454925532404517  0.9936211463823248  -2.1952316011459336  -0.9363671329098527  0.34271992416015284  -0.07589233156149906  6.63722368308287  -0.3484682506816349  -0.9336018995240131  0.08341085943709443  0.880356182909993  0.0  0.0  0.0  1.0
39885980093099;11.7148593534829;0.032052032768272294;0.3000867418496241  0.16020087613249523  0.9403635608914553  -2.2978105783428044  -0.23249274878207377  0.9683525923595713  -0.09077653129665882  12.206923286906758  -0.925145971795712  -0.1913868756129289  0.3278353164521613  -4.8801053881394685  0.0  0.0  0.0  1.0
