# registration_from_features.py TEASER TEASER_config.json euclidean True --input_txt=/neural_comparison/point_clouds_registration_benchmark//eth/gazebo_winter_global.txt --input_pcd_dir=/neural_comparison/point_clouds_registration_benchmark//eth/gazebo_winter/ --input_features_dir=/neural_comparison/experiments/FPFH/features_voxelgrid_0.2//eth/gazebo_winter/ --output_dir=/root/neural_registration_comparison/results/FPFH/TEASER_voxelgrid_0.2/
id;initial_error;final_error;transformation
38591597440030;3.9584549028563556;0.048595887037560855;-0.060436238679622674  0.988755432081379  0.13678507441904647  5.5782799557609275  0.9536932011272005  0.09764947321885964  -0.2844887669202981  -5.6456541913113405  -0.29464680411980065  0.11325756446985633  -0.948870900023993  -6.7571510287849605  0.0  0.0  0.0  1.0
38591597440061;2.893302858668122;0.06632348449565889;0.4735935947417673  -0.09768364599508925  0.8753096665321808  -2.3653373947913607  -0.5946326810192359  0.6976674439375997  0.39958993022028416  0.7665344249280535  -0.6497084589902197  -0.7097309652077202  0.2723249443989144  -1.2463493487614772  0.0  0.0  0.0  1.0
38591597440092;2.596560926939177;0.01960222323187597;0.1423764773224688  -0.9664050326783686  -0.21398656854851206  -0.2393676946662302  0.9518742127639096  0.19296159458000448  -0.23812036051591687  -1.7233108744398526  0.27141190427159373  -0.1697855583701525  0.947369221786629  -5.042557342881846  0.0  0.0  0.0  1.0
38591597440123;2.5491129024057546;0.03267139147633452;0.6438983680159261  0.7107575044339137  0.28322899137853863  2.770902881408386  -0.5540786471137976  0.6884529805483215  -0.4680057119167209  4.041332794257543  -0.5276284151549947  0.14441697775888232  0.8371093071134857  2.451279174418483  0.0  0.0  0.0  1.0
38591597440154;2.8903184466470044;0.14181406434886287;-0.902193946631857  0.16253575082817723  -0.3995349951675753  8.459542290261576  -0.11947195602472396  -0.9842093724953414  -0.13060766752359032  -0.2697060616348358  -0.41445450218867225  -0.07010021965049049  0.9073662021590252  4.122509412089991  0.0  0.0  0.0  1.0
38591597440185;5.076548343189817;0.10320472459534288;0.49375886697272037  0.25856803587070937  0.830267879730259  6.965111028812112  -0.2604342337297809  0.9549165894198235  -0.14250725298171793  2.0102458940838805  -0.8296843925176596  -0.14586595928035184  0.5388385015343886  -1.6973124868154168  0.0  0.0  0.0  1.0
38591597440216;1.6762692747156474;0.047725840009030567;0.8405920748267939  -0.5413340929095506  -0.01903585018275383  1.0824056334802785  0.2628538173507937  0.3769316095163492  0.8881612648902955  -0.3722677887127304  -0.4736167590388897  -0.7515849663219779  0.45913745649455584  0.16535139788606124  0.0  0.0  0.0  1.0
38591597440247;4.93981129019194;0.0788695219267141;-0.23148095741458088  0.6295147562039966  -0.7417059647028952  13.08678049091989  0.8035511179965056  -0.3060425571714372  -0.5105326179261545  -1.7705236560056974  -0.5483814066149527  -0.7141772363506069  -0.4350042619993684  1.159109908842939  0.0  0.0  0.0  1.0
38591597440278;3.836455877765292;0.027042067003972624;-0.8523388997901999  0.5167373134968865  -0.08062846113161037  -3.932789302647751  -0.396295218221006  -0.7387395944005952  -0.5451732859192651  -4.280491709021653  -0.3412748158297013  -0.4327197251164593  0.834437019538047  2.9072610779412513  0.0  0.0  0.0  1.0
38591597440309;3.8455601514228666;0.017671691735961302;0.5714307211628519  0.017034382614128374  -0.8204734978780599  6.805670872342008  -0.15344766661686252  -0.9799336345628435  -0.1272159009805583  0.21437335255797715  -0.8061766211700411  0.1985948178110661  -0.5573502972255839  3.3175359006903866  0.0  0.0  0.0  1.0
38591597440340;3.1249643016133017;0.09419883804383392;0.08726377568997339  0.49316389740359096  -0.865548614319283  7.029852223145367  0.8459962554157658  0.4220844716864859  0.325783723632171  -0.5614800703051636  0.5259994004510202  -0.7606800043769005  -0.38038212585021247  -3.2337500711292364  0.0  0.0  0.0  1.0
38591597440371;1.9082676334258446;0.0995383200169108;-0.3251086473083744  -0.12410670242302302  -0.9374976767219229  5.731670187317442  0.06544828599911662  0.986021350967452  -0.15322668597897543  -1.9437227139247484  0.943409184450256  -0.11117293667977371  -0.31244149667561466  -4.123095487438917  0.0  0.0  0.0  1.0
38591597440402;1.653095540299216;0.8719800719552151;-0.6677308162658311  -0.20826981798870808  -0.7146742194342235  5.423862578031725  0.6344630311517679  0.3429191364417402  -0.6927215371011368  -4.202978489674637  0.3893484546144709  -0.9159858889617248  -0.09683817487087447  -0.8024213516871278  0.0  0.0  0.0  1.0
38591597440433;5.513897604577699;0.033431833856394755;0.9543581828230561  -0.10548095418576339  -0.27941765724938566  -1.886219162752712  -0.2627366721627375  -0.7413854490323218  -0.6175087505971013  -4.076712770088707  -0.14202077305635422  0.662737794506397  -0.7352609847892596  9.30481667121053  0.0  0.0  0.0  1.0
38591597440464;2.6229936829188185;0.015836740250830397;-0.4221948679948189  0.8703877566216118  -0.2533311006608461  5.917791496836978  -0.7298609850215011  -0.49212538126230165  -0.47446343553626846  0.6807367980663124  -0.537637829753713  -0.015419540869697029  0.8430348757774417  0.4837982771257902  0.0  0.0  0.0  1.0
38591597440495;7.040304842930483;0.02599278049395406;-0.9460493934583778  -0.2296482401403983  -0.22858746889856546  11.275804211227436  0.3174303785470476  -0.7984415260396709  -0.5115946483994127  -11.828083645611848  -0.06502691683074552  -0.5565544135984003  0.8282624492222432  -0.5318991237244545  0.0  0.0  0.0  1.0
38591597440526;4.4907205692444;0.05570626567067274;-0.9629851567282318  -0.16127208556457334  -0.21598819953589257  6.078668291032431  -0.07398725474246465  -0.6123634230303168  0.7871066790913847  -7.00119775687234  -0.2592016089008273  0.7739524226670833  0.5777648080239712  7.063862953314661  0.0  0.0  0.0  1.0
38591597440557;2.48450718425269;0.01665690601663552;0.8127926885565164  0.4939841804663942  0.3087841881930078  5.9546052371460005  -0.5748254521178983  0.5940280620131415  0.5627667022295881  2.3523892532294033  0.09457137530206461  -0.6349096715201755  0.7667763454773626  -1.6148753960922533  0.0  0.0  0.0  1.0
38591597440588;2.328820346378117;0.19372935271908123;-0.7002331707120502  -0.10372435531148441  0.7063389871370298  5.869573074494275  -0.11680871992941141  -0.9594101658153737  -0.2566863001380637  -1.6182964102017439  0.7042934257701121  -0.2622468147477348  0.6596949132528357  -5.452614358852478  0.0  0.0  0.0  1.0
38591597440619;6.320591373756098;0.15590197329325858;0.6709159618303502  -0.7057462627077884  -0.22758291859286067  -1.7765428899323155  0.7386187437004457  0.6632117838038651  0.12079934303658324  -5.081515409374723  0.06568198851763637  -0.24914321684060384  0.9662367897605039  8.786417875039497  0.0  0.0  0.0  1.0
38591597440650;2.279414240855783;0.018366115139543202;-0.12727622481075782  -0.18508464292898158  -0.9744457078512754  3.848659028493674  0.4292883536637042  0.8753726940063844  -0.22233793197902962  2.5208376415724176  0.8941545011946367  -0.44661652627265896  -0.031959450144138174  -0.5065190809967365  0.0  0.0  0.0  1.0
38591597440681;2.179632741963947;0.009437472018035385;0.6286026604193748  0.5169310597399496  -0.5810688210443044  1.8675146318590765  -0.7526762291295502  0.5924531037391997  -0.287189508814495  2.8324137912491336  0.19579884937610298  0.6178847783737048  0.7614993179491831  -4.1375367699323755  0.0  0.0  0.0  1.0
38591597440712;3.8212360075464504;0.032461468427149094;-0.8084197425088939  0.12008804432300597  0.5762259813064047  11.751078525774675  -0.4272363326136664  0.5536747281238057  -0.7147820727549444  -0.6096843178637749  -0.4048785447719826  -0.8240286142165851  -0.39629560549622045  6.136931805800086  0.0  0.0  0.0  1.0
38591597440743;5.199898909440479;0.019801047443215168;-0.5499726913602004  -0.7150555243938833  -0.43153868400388723  8.405721759025543  0.5158798566501808  -0.6971942168477765  0.4977832836652962  0.038608869214844875  -0.6568089617694075  0.051145097788588376  0.7523205212617747  -1.9037942399920715  0.0  0.0  0.0  1.0
38591597440774;4.068195372446665;0.39207448759464025;-0.7358768650258382  -0.6512257563528379  -0.1854460940069093  0.5946968906665885  0.6680239623387269  -0.6535086024715027  -0.3559079828228218  8.989343919732065  0.11058582757755014  -0.3857868851560642  0.9159362717900033  3.891110009042084  0.0  0.0  0.0  1.0
38591597440805;6.856595695350732;0.08013711645711373;0.35624406371603506  0.8326757049188835  0.42395912244569567  0.21518575101426468  -0.7877281362389444  0.5116729452781061  -0.3430381617953673  -1.5512174536563645  -0.5025679560463463  -0.21175922059798583  0.8382025304466278  -6.824056841100262  0.0  0.0  0.0  1.0
38591597440836;1.767433218515084;0.08117518534941079;-0.3738646714251377  0.9236916174128837  -0.08377949260616008  0.42243150297642035  0.8090181427327169  0.36895184240845785  0.4575633100596145  -0.5584344833268725  0.45355799209084646  0.10328762706431122  -0.8852213361108867  -0.7774440596410586  0.0  0.0  0.0  1.0
38591597440867;2.621604289268463;0.027279156887731797;0.4444201396341171  -0.6877395481854264  -0.5740253072376661  -1.4860261703643  0.3926069600760809  0.7254973317996551  -0.565255160481883  3.210253791555006  0.8052021574656951  0.02584444646894526  0.5924369588397599  -3.2514499614171233  0.0  0.0  0.0  1.0
38591597440898;2.670728938211616;0.03876672581119944;-0.20026642490376403  -0.9794549446555488  -0.02369325739658308  4.488186031434553  0.9763013683708268  -0.2015296539377107  0.0788760844679657  -5.126119526203118  -0.08203046491100822  -0.007335528170639455  0.9966028260309833  -2.2148363474723163  0.0  0.0  0.0  1.0
38591597440929;1.8420211736250836;0.02103196535025143;-0.7023333345778765  0.607789651515211  0.3705666291663863  4.065086489495384  -0.34001538909518436  -0.743777426317501  0.575486468371728  -2.2753623444870836  0.6253938137838992  0.2781849737342618  0.7290375148572927  -0.2369689785673535  0.0  0.0  0.0  1.0
38591597440960;4.0321706019458725;0.02173975291912335;-0.23052836789885395  0.9679804854274049  0.09935014557421123  0.4813872845903505  -0.8587845399038612  -0.25039919123453164  0.44697802971869444  1.0602336665218026  0.4575432062833021  0.017720746621365715  0.8890107926921792  -5.344448519168028  0.0  0.0  0.0  1.0
38591597440991;5.87031157311765;0.07683818747359615;-0.6553921445387746  0.7001948354932053  -0.283175438951738  5.757602620700953  -0.006273619247499623  0.36986371449351985  0.9290648386429192  -8.92510739129264  0.7552627215601231  0.6106783318979798  -0.23801301723203505  0.45231155335214146  0.0  0.0  0.0  1.0
38591597441022;4.407785844403787;0.03225885644682639;-0.09562664031797391  0.9392227299411218  0.32972141153319867  5.151621708914403  -0.9292132738999669  -0.2030097752165935  0.3087875042397492  7.501161337273795  0.35695691234321497  -0.27685320068306263  0.8921513705655234  6.5360290876285605  0.0  0.0  0.0  1.0
38591597441053;5.317946691794153;0.05356567383944031;0.4261483593855122  0.46611198066334175  -0.775330379435201  9.776908109999427  -0.5153782758803925  0.8294553810015766  0.2153810662014757  -1.316918929578757  0.7434936506410734  0.3078041461865431  0.5936950387587744  -7.408128748218455  0.0  0.0  0.0  1.0
38591597441084;5.062681624331849;0.22743326997980703;0.32776815747826177  0.4276550936110961  -0.8424245698291265  2.9655423244036694  -0.3815867558727635  0.8756402184462639  0.29605025854046696  9.175313822402119  0.8642682353793895  0.22442221090583273  0.4501945008175158  -5.9082307185433125  0.0  0.0  0.0  1.0
38591597441115;4.0304954775959185;0.23424379533841055;-0.19739728010643887  0.057494781577888454  0.9786361243577166  8.822279094169904  -0.7467098877725312  -0.6556359122807052  -0.11209769859628026  0.8829296868418437  0.6351839554879477  -0.7528850513983921  0.1723526677238461  0.012585705416107658  0.0  0.0  0.0  1.0
38591597441146;3.50878041807317;0.0347239666428166;0.619859882405873  -0.41846474853820015  -0.663823003830568  5.890194059837625  -0.22911047421828853  0.7125740919502747  -0.6631338885057171  -2.109427908749662  0.7505212300709746  0.5631388973531336  0.3458214358605447  -0.19448836785239978  0.0  0.0  0.0  1.0
38591597441177;1.8734213949510077;0.15546218620241375;0.3644073557161578  -0.51852882873425  -0.7735212556041647  3.4072934860939244  -0.4826686577412872  -0.8155238115628523  0.3192990441705417  0.7557539700158481  -0.796390762084909  0.25699954580793377  -0.547460489460504  2.9471358885424457  0.0  0.0  0.0  1.0
38591597441208;4.856694250338816;0.038867782142077284;0.4656261353344358  -0.8637321521803347  0.19276688352371227  5.565261385372816  0.8799403520817634  0.47507353362347166  0.0031803189669156046  -6.6633971419482245  -0.09432538826710793  0.16814251972786398  0.981239427554674  7.401811090094903  0.0  0.0  0.0  1.0
38591597441239;3.562972413096303;0.08614882465437676;0.210270549870627  0.846145303811178  0.489718715892494  -2.3906288689380673  0.8644351609245826  0.073065516558559  -0.4974065569002114  1.9618833588999638  -0.456659773151081  0.5279200272089708  -0.7160742255222458  6.110669044225368  0.0  0.0  0.0  1.0
38591597441270;3.8856885051039876;0.04370577247506604;0.5355917643418757  -0.1540572696732883  0.8303058590844511  -4.496642218741145  -0.772177519622748  0.3087086154114272  0.5553745303486829  1.364698044136171  -0.34188205591755905  -0.9385975433760574  0.04638223161957124  -2.370322377706798  0.0  0.0  0.0  1.0
38591597441301;5.885271651627378;0.026614709197951007;-0.8556509720739153  0.30644211069778665  0.4170787057379583  2.5029766337210226  -0.3229659309959924  0.3135588209007863  -0.8929579347601996  -5.297731157249174  -0.4044186214862722  -0.898762537395943  -0.16932654832822053  3.4278939560375  0.0  0.0  0.0  1.0
38591597441332;4.848688954378692;0.02697305147213468;0.9534192121528422  -0.07023649730416684  0.29335752989193015  0.3746532986678019  0.2867878447780164  -0.09042374661093727  -0.9537170849557121  3.6939036664440614  0.09351223441578821  0.9934235655022899  -0.06606876356708907  7.868908991320194  0.0  0.0  0.0  1.0
38591597441363;1.9312590227021411;0.019561622863936163;0.5181425211651466  0.758510914380297  -0.3952081989617513  4.321447016719295  -0.7494088123270491  0.6253180657093049  0.21763214078838472  2.2910217951316363  0.4122071806351595  0.18340804089117632  0.8924386425795745  1.5493497796900755  0.0  0.0  0.0  1.0
38591597441394;1.946076302141685;0.0473427216030802;-0.6044419598957421  -0.5920251494806985  -0.5330629789243949  7.991142021815716  0.7174215741024881  -0.6954233014289978  -0.04114264019119526  -3.748425783380399  -0.3463469389639561  -0.40729921950815223  0.8450746379216147  0.040506463926241305  0.0  0.0  0.0  1.0
38591597441425;2.927510512380139;0.04749500196377196;-0.9513815309683937  -0.24694616735277458  -0.18409446749429684  9.54501621348056  0.04167151004255401  -0.6953788934400638  0.7174340944009033  -7.824421370016832  -0.3051830070351338  0.6748820526490881  0.6718612559369276  3.8016451056725256  0.0  0.0  0.0  1.0
38591597441456;2.426629832247053;0.06854774632406202;-0.3960952124440482  -0.15068961265469813  -0.9057600252367523  5.893536956833427  -0.8994294642802586  -0.13481187110501736  0.4157552142712022  4.673804036414155  -0.1847571959719927  0.9793459041866374  -0.08213634085729316  1.219163348642348  0.0  0.0  0.0  1.0
38591597441487;5.191066102703561;0.06467029388724427;-0.04244332358774447  0.8702286405357491  -0.49081633782314976  7.912914357848312  -0.6553745848446219  0.3465475406669976  0.6711102410166278  3.6138441271672974  0.7541105474813138  0.3501527027583223  0.5556171046039495  4.509432449311593  0.0  0.0  0.0  1.0
38591597441518;4.920812353335283;0.01512331076749745;0.8734865029883477  -0.01577473470884916  -0.4865927320070184  10.277568712765065  -0.4853130456473163  -0.10752662346633038  -0.8677034475962725  -0.9761837999106865  -0.03863388178418661  0.9940770508319746  -0.10157873885557958  1.8528487023225149  0.0  0.0  0.0  1.0
38591597441549;4.927630398119143;0.0471492576477519;0.3805459139494498  0.4103488140568701  -0.8287331646425751  9.847826743354803  -0.8580143674361385  0.4909615611786512  -0.1508909895195365  2.7088782560119653  0.3449581897122334  0.7684859115475969  0.5389185941339536  -3.4844984049928187  0.0  0.0  0.0  1.0
38591597441580;4.789769207117012;0.035512579275537595;0.6094674574336182  -0.7913506595536034  -0.048099396602008876  -2.6778664741066454  0.6776125893106764  0.5514451686052058  -0.4865690134293979  3.4703807561994533  0.41157088956470367  0.2639552228050311  0.8723170542966957  -5.4815101788371186  0.0  0.0  0.0  1.0
38591597441611;3.8037185845764383;0.05116824809433198;0.98834751952925  -0.10741340842338928  0.10784961905936721  -0.7962611852396541  -0.15057218850705098  -0.5861316493033327  0.7961015674731166  -6.873174362578061  -0.022297907717487176  -0.8030641626768228  -0.5954752336878483  3.9297231106793475  0.0  0.0  0.0  1.0
38591597441642;2.439160696844833;0.022384233371289686;0.11811543690260119  -0.9897949714998646  -0.0797161085282642  2.475965332814807  0.9928936909281098  0.11889557394149587  -0.00509519501856881  -4.002973223720109  0.014521090884041068  -0.07854780003733179  0.9968045851764691  -2.3368023070932513  0.0  0.0  0.0  1.0
38591597441673;5.598187939653337;0.044005670646013094;-0.19714876492407762  0.8001718800030325  0.5664426951963666  7.788904684786444  -0.45012370392377543  -0.5871625079391631  0.6727769618800383  8.166951984166282  0.8709311199255959  -0.12233213691833192  0.4759346936525454  1.54912825078476  0.0  0.0  0.0  1.0
38591597441704;4.778579004204095;0.03242949630533737;0.6901394337831209  -0.7044135477476673  0.16585872207109809  -5.0506261033312105  0.723675272319479  0.6713598773165963  -0.15990627055488657  0.9919983509274855  0.001289252047126016  0.23038547888048286  0.9730985915878055  4.527575804910934  0.0  0.0  0.0  1.0
38591597441735;4.169490407709132;0.06513053448579895;0.5290181567584409  -0.6713951557220763  -0.5190070661299617  -5.558968010300932  0.2527209792858884  0.7084906200524002  -0.6589181648175647  -1.7896896768773622  0.8101061019697868  0.21741569899778262  0.5444800431426503  -0.6089261952031069  0.0  0.0  0.0  1.0
38591597441766;1.9262032552907409;0.06527584689056908;0.04043541007203444  0.6558169613787087  -0.7538362493143342  7.5502248482667556  -0.9869344125910181  0.14398010680950593  0.07232008079879296  0.6787525996557828  0.15596615932928226  0.7410626437833172  0.6530702222065805  -0.09538540361338152  0.0  0.0  0.0  1.0
38591597441797;2.2135128812075298;0.023127265730005692;-0.07287160306116267  0.4724669365175287  0.8783306458077383  -3.047122209065823  0.1766724703989053  -0.8606290682240897  0.4776028110583989  0.634024646407582  0.9815684223070977  0.18998052749026184  -0.020756481013830347  -0.3311550823734153  0.0  0.0  0.0  1.0
38591597441828;5.443305572519713;0.031510274334097595;0.5425863389952975  0.3311460894451414  0.7719730125988021  -2.207402676011027  -0.4975121310966657  -0.6137954028125533  0.6129738027826553  4.3324091213079  0.676817363952296  -0.7166571501990098  -0.1682878038400283  -8.22747880653164  0.0  0.0  0.0  1.0
38591597441859;1.9328163177142916;0.014873759944111168;0.5053165717867296  -0.8620175261284169  -0.0397611232883446  -2.110246380541891  0.8509428018288971  0.490110860482611  0.18891186424515655  -1.9069591781363715  -0.14335797952431117  -0.1292947372650504  0.9811887487238469  -3.3094235988620397  0.0  0.0  0.0  1.0
38591597441890;4.287804159875307;0.030574529951063092;0.04480932981542847  -0.9729359389719462  0.22668873509345414  6.595847620095341  -0.7640222772034716  -0.1795734525346145  -0.619696163520173  2.4683517170251155  0.6436319475432477  -0.14542707382594416  -0.7513912977271621  -1.1330622737556502  0.0  0.0  0.0  1.0
38591597441921;4.652169079942416;0.02077597773458533;-0.3293394549609966  -0.9335639102557702  -0.14139996065752708  6.9289961081921225  0.9418498723286423  -0.33539636994714306  0.020690408908473706  -4.329369474104046  -0.06674085256058888  -0.12636336689973038  0.9897363073593137  -4.131089376420921  0.0  0.0  0.0  1.0
38591597441952;1.783388299920841;0.03486815805343009;0.5466286417410745  -0.837244683115311  0.014780684133428423  -0.20386938438623928  0.837334460365962  0.5463429385797101  -0.019503716254433284  -6.099107677754453  0.008254060331338041  0.02303766609776827  0.9997005233712825  0.1258609106031087  0.0  0.0  0.0  1.0
38591597441983;5.49349230429743;0.07609894169387416;0.05269039843952701  -0.9952671807204404  -0.08165145983429242  4.307860610711449  -0.3041829975902455  0.061883357121124985  -0.9506014696435268  -9.405572431358339  0.9511553111292064  0.07492455600273189  -0.29948269569124836  -4.397711081746462  0.0  0.0  0.0  1.0
38591597442014;1.4576110063785062;1.3145681317651305;0.12659733988382074  0.8186429371301913  -0.5601757358375982  1.975937930241723  -0.06323621409228203  0.5702311184843705  0.8190467952072942  0.6925897071181469  0.9899365104700482  -0.06826575275288368  0.12395762275659655  -4.3603810891431785  0.0  0.0  0.0  1.0
38591597442045;3.4058146160113;0.006645183040044186;0.5970866528057875  -0.7943832216989156  0.11154741648479806  2.869891866215148  0.800018303830818  0.5998887449998723  -0.010208190737827763  -1.2559026049174846  -0.058806824237010925  0.09533514937173056  0.9937066804230651  7.418126331343116  0.0  0.0  0.0  1.0
38591597442076;1.5195309119701852;0.04088153670984711;0.8698819127348828  -0.4003177041614721  0.28818603996652825  -0.7058961718759834  0.4870023635428435  0.6042504539476918  -0.6306425983135707  -1.9759672466996612  0.07832085163215158  0.6889318722768574  0.7205822087456222  -0.02992284961607306  0.0  0.0  0.0  1.0
38591597442107;3.7055155609155883;0.016432677769769373;0.6425644206477924  -0.706924764952622  -0.2955813627653945  -5.833712711721809  0.7037730214986178  0.3919554304500059  0.5925153793374957  3.0315279135566033  -0.3030090749932632  -0.5887514902209853  0.7493711918897706  1.8428830018376456  0.0  0.0  0.0  1.0
38591597442138;5.646923884727078;0.07607245041409835;0.38754425745715615  0.8911112589690208  0.23607238858161794  4.1197290142369525  0.9214599496994882  -0.38192157150560047  -0.0710455791623224  -4.427495229859105  0.026851622144651213  0.2450645575299314  -0.9691348477022482  11.190930948469626  0.0  0.0  0.0  1.0
38591597442169;1.4800799852740398;0.3066458311892573;0.018622491473132358  0.9911113396830693  -0.13172515007759206  3.8251767675307775  -0.6401747192498974  -0.08938070585304593  -0.7630120695339798  2.8202160457800987  -0.7680036013227078  0.09853629672786673  0.6328199321943878  2.596198058007587  0.0  0.0  0.0  1.0
38591597442200;3.2131369785042154;0.049171754297968814;-0.045971311910918064  -0.9161702041705873  -0.3981441892973119  -5.193739762897353  -0.9627424716081266  -0.06568941872172859  0.26232009764765896  -0.6953286238757531  -0.2664837177822786  0.395369519889971  -0.8790161380196094  -2.9636058952619306  0.0  0.0  0.0  1.0
38591597442231;3.3002375565089763;0.06451071262531416;-0.3707703486887257  -0.4460414988312873  0.8146019456480444  8.103646198209969  -0.7130371803795968  -0.42528774577792405  -0.5574121569247003  -0.14417589935818506  0.5950691791124421  -0.7875133742429208  -0.16036008686382727  -7.516874209967139  0.0  0.0  0.0  1.0
38591597442262;3.603766945068243;0.0407928441131554;0.5116175918941507  -0.23913614527265264  0.8252644083495712  0.10720511886120593  0.7177785181557027  0.6468932834028485  -0.2575326751355783  5.006110717858873  -0.4722726315790865  0.7241153111987205  0.5026087718583366  6.090388374448039  0.0  0.0  0.0  1.0
38591597442293;2.0154890518338;0.02167362333948585;0.7291988036819733  -0.1640072239916168  0.6643573851379566  -1.2468695154721416  0.07740111722354749  -0.9448558561612659  -0.3182082307708398  -4.292305579867994  0.6799104145115927  0.2834590650452462  -0.6762934175950182  0.3788277977145937  0.0  0.0  0.0  1.0
38591597442324;5.849680243723311;0.05133828354994094;0.03902435970560367  0.85255350949401  0.5211809789305575  -3.1015892665240035  -0.9553526990920894  -0.12104256422740642  0.26953648729386104  0.3797622576647233  0.2928793602953736  -0.5084301437707063  0.809765687849437  -4.582401153884427  0.0  0.0  0.0  1.0
38591597442355;5.300655887315837;0.03079143183258604;0.05489533457683163  -0.922868828878542  -0.3811818816864802  -3.3138799698840025  -0.4885880225791046  -0.35775839984913405  0.7957956217080027  2.7647006454880985  -0.8707859934759732  0.14255543490774097  -0.47054192325905125  0.05454000499855305  0.0  0.0  0.0  1.0
38591597442386;1.9258199135952243;0.02674771350238594;0.6820257219520736  0.14517471206010843  -0.7167741747398665  -2.7858751377620568  -0.6897462947454371  -0.19808550107593473  -0.696428160795093  2.5093090225452825  -0.24308632927561458  0.96937425035007  -0.034965687145357124  -2.0658379696857967  0.0  0.0  0.0  1.0
38591597442417;4.983836368994222;0.046441208724476116;-0.9490830757639057  0.23448547429786534  0.21037556331910492  7.293025011073179  -0.23108965612004564  -0.9720706434913214  0.04094184774394499  -5.407806155705709  0.2141001777973216  -0.009758401799192018  0.9767629638051815  -7.918952161798433  0.0  0.0  0.0  1.0
38591597442448;3.9670676070792013;0.030869824008530417;0.3750987531249873  -0.8496963946322379  0.3705630342506618  -4.313752092392661  0.6420735815121835  -0.05018181806019393  -0.7649988895810833  0.567712386586621  0.6686123251393117  0.524878864201208  0.5267444699155865  7.0060551119812216  0.0  0.0  0.0  1.0
38591597442479;2.535069451706357;0.055405600968865126;-0.5408531418658541  -0.8161677502292825  -0.20334227897686386  4.851981662397961  0.4394313577371908  -0.06804373225255335  -0.8956953345520962  0.8004288660467797  0.7172014785059233  -0.5737946095832672  0.3954513689976348  -1.3721642773817195  0.0  0.0  0.0  1.0
38591597442510;2.7117678210954486;0.07181153668179967;0.09725868435067114  -0.4008542388559343  0.9109646686395727  -0.7912143602137699  0.8864395858333378  0.4510467240579419  0.10383502965868549  -4.650700343224984  -0.4525103413028232  0.7974162852035496  0.3992012764335473  1.9023273683317816  0.0  0.0  0.0  1.0
38591597442541;1.1504027505085501;0.017104506798882146;0.6504971503354859  -0.688904315841894  0.31978790005224417  -1.1356011948030877  0.5881756111311289  0.7233118392906809  0.3617588058533676  -0.58545250188734  -0.48052357681588836  -0.04723162877081487  0.8757090072436857  -1.0045580790357296  0.0  0.0  0.0  1.0
38591597442572;2.4453153833729853;0.6471860725568059;0.02167272788560179  0.2033167212743094  0.9788731295302071  5.484383080357164  0.21354744421264288  -0.9574485165735896  0.19413868028108225  -7.0930468826055355  0.9766922657297149  0.20482834022980528  -0.06416828735799578  -1.4074553645246581  0.0  0.0  0.0  1.0
38591597442603;2.022769694472952;0.1184314923678168;-0.5517858472420899  -0.7785349645199516  0.2990245605351619  7.001511432279671  0.784743427823143  -0.606064127657464  -0.12986156342498228  -1.9613125171507455  0.2823298271024734  0.16300178583903538  0.9453678049000676  0.01380736067226135  0.0  0.0  0.0  1.0
38591597442634;2.3143065310168365;0.0450985119502912;0.9468267919478744  -0.22772838432740578  0.2272857431105741  1.960932478382146  -0.1905864170149765  0.17217375975032925  0.966453834439509  -0.17267454715328392  -0.25922161117293063  -0.9583819590461135  0.11961679178043877  4.483776299223986  0.0  0.0  0.0  1.0
38591597442665;1.7442633128967042;1.3199255507238685;0.2395960816544902  0.9708568166135074  0.005546105922417055  1.146150478127084  -0.7948378384966827  0.19943062878750994  -0.5731145040873956  3.242470548887432  -0.5575181863847474  0.13290773467524852  0.8194565308262283  3.6540144025594796  0.0  0.0  0.0  1.0
38591597442696;4.239524031860057;0.01606715443608003;-0.09222513787621572  -0.9915083118079182  -0.09168310400245346  -5.226999561505075  0.9928194897757054  -0.09860888134275482  0.06771816035479516  0.8205539901921984  -0.0761838871758343  -0.08477945586132418  0.9934829939151641  -4.255796036559945  0.0  0.0  0.0  1.0
38591597442727;3.3606588330920775;0.010649132728900385;0.4624463196260936  0.8225588420070507  -0.3309688095580948  0.3123680927938082  -0.8628062809943531  0.33150373419529344  -0.38166817484730164  -6.67805569162932  -0.20422713566266126  0.4620630104764908  0.8630116171920449  2.3959975295506966  0.0  0.0  0.0  1.0
38591597442758;5.505400493338908;1.9445335711030352;-0.3484044140006685  0.8238233829210012  -0.4471346531610448  10.677559629608371  -0.9335696365875984  -0.34774317792298504  0.08673186179094455  -1.9109057740325102  -0.08403628946206058  0.4476490991397397  0.8902517543329131  -3.8498362739350287  0.0  0.0  0.0  1.0
38591597442789;2.5679788633882894;0.009773885862053654;0.9978200797049982  -0.05645354701605376  -0.034177266813156346  4.698049273418277  0.03520358830854213  0.017286332600397913  0.9992306490873019  -1.5859628283257063  -0.05581931482662702  -0.9982555683463699  0.01923601720084637  2.6064348813342786  0.0  0.0  0.0  1.0
38591597442820;4.890369584704633;0.2619165962470221;0.6626785780993086  -0.09404136157567408  0.742975991833702  -6.9346050590046175  0.7071517949630625  0.40520074128621664  -0.5794382608540966  5.543068896668513  -0.24656325964911785  0.9093781290387922  0.3350193687193438  0.20916176174099804  0.0  0.0  0.0  1.0
38591597442851;3.7198562228278598;0.12772679483245017;-0.45380187957605084  -0.11004364103239032  0.8842817713611304  -3.5487608016739896  0.1396621419982524  0.9712985378445338  0.1925451543756175  4.05936582244104  -0.8800899614162767  0.21087803927722043  -0.4254081714834489  -2.2946649127817906  0.0  0.0  0.0  1.0
38591597442882;2.8047071756103454;0.027226732790591963;-0.6460646153976479  -0.4319941988845941  0.6292706292694319  0.567009795789106  0.7102946827689117  -0.6420841814526747  0.2884603396629407  -8.143596146079481  0.2794315235640028  0.6333316003945373  0.7216710521978787  -0.9504595856122026  0.0  0.0  0.0  1.0
38591597442913;2.6498156260201227;0.0090916072909277;-0.657920653385562  -0.0022135921914882006  -0.7530840018605655  0.9494463425065239  0.627133752875294  0.5520357018758094  -0.5495087259170971  -3.459900451458977  0.41694564376338544  -0.8338175363136059  -0.36180747129190677  -1.7073773140046629  0.0  0.0  0.0  1.0
38591597442944;3.9890625842330967;0.027178892125002192;0.4883038828989153  -0.8709417665246245  -0.05495231813862414  -3.368240613345197  0.8677621461230975  0.49126345381694325  -0.0751603399385888  1.593905472621745  0.09245634484273377  -0.010984455690396373  0.9956561484927953  -1.4896958582165885  0.0  0.0  0.0  1.0
38591597442975;4.829702581700206;0.09807106548942819;-0.17320425840847134  0.9819987380698686  0.07535756961551879  4.399893612861709  -0.26258365495809727  -0.11978765711320111  0.9574449025151147  -7.169714258056876  0.9492365927512585  0.14604586824869942  0.2786045501234054  -5.13408342171664  0.0  0.0  0.0  1.0
38591597443006;1.5836086183196916;0.0073878001404314225;0.6052187320161062  -0.4065285721128297  0.6844302787521316  -0.46664435448511665  -0.3868668849280683  0.6012155053772646  0.6991952012421238  2.475199167422081  -0.6957329227245678  -0.6879494430187908  0.20659444350530437  4.004345234356594  0.0  0.0  0.0  1.0
38591597443037;3.2675087807083063;0.030037823404415413;-0.25425037922785987  -0.7165016164655396  -0.6496015534654749  6.445122059386899  0.9600356074653634  -0.10572309462666662  -0.25914138932476943  1.530470216413058  0.1169973378376627  -0.6895274185011281  0.7147472015153822  -4.17031947809093  0.0  0.0  0.0  1.0
38591597443068;3.1958174120499194;0.015289682991119309;0.4248198159639853  0.34616277867624656  0.8364803970347815  -5.409850199778433  -0.37753308980025607  0.9075629749792955  -0.18384290182817042  1.454542173273024  -0.8227982073814927  -0.2376989211289576  0.5162386394139167  -2.4736919330965583  0.0  0.0  0.0  1.0
38591597443099;4.778408638902547;0.02185189374880006;0.4157305473594975  -0.6983259527784644  -0.5826739874648794  -1.4463337783583414  0.10740888957729135  -0.5984804149286624  0.7939046059739101  -1.1164174290015259  -0.9031231601680616  -0.39263476237193506  -0.17380017533129316  5.933629851680481  0.0  0.0  0.0  1.0
