# registration_from_features.py RANSAC RANSAC_config.json euclidean True --use_random_keypoints=True --n_keypoints=5000 --input_txt=/benchmark/point_clouds_registration_benchmark//eth/hauptgebaude_global.txt --input_pcd_dir=/benchmark/point_clouds_registration_benchmark//eth/hauptgebaude/ --input_features_dir=/benchmark/experiments/3DFeatNet/features/eth/hauptgebaude/ --output_dir=/benchmark/experiments/3DFeatNet/results/RANSAC
id;initial_error;final_error;transformation;status_code
3394309160030;3.936759879304484;2.191648388280037;-0.5569956612878126  -0.8280885326406752  -0.06344458539202884  12.646617046751967  0.8298683174495123  -0.5519203660809154  -0.08186870707801039  -1.2354306382852727  0.03277817871799829  -0.09825116596825947  0.9946216865652034  0.8979243214460799  0.0  0.0  0.0  1.0;ok
3394309160061;3.7772892530728184;3.7772892530728184;1.0  0.0  0.0  0.0  0.0  1.0  0.0  0.0  0.0  0.0  1.0  0.0  0.0  0.0  0.0  1.0;ok
3394309160092;3.061336083217481;1.978928429543761;0.21323581391696733  -0.9765616626308468  -0.029288338000751424  -3.2102413522585866  0.9708886400969552  0.21515455502859546  -0.10527946609445428  -10.698836200036201  0.10911340978016712  -0.005986362010855034  0.9940112812619493  4.740467055622192  0.0  0.0  0.0  1.0;ok
3394309160123;1.9832381539954238;2.3457357634855494;0.14034870107333067  0.9337901441700741  -0.32914770052039194  24.15749065171176  -0.9442701266738883  0.22621270964639745  0.2391270329045084  21.554420831461204  0.29775185973946167  0.2772431724051421  0.9134987976874542  -10.725964155058753  0.0  0.0  0.0  1.0;ok
3394309160154;1.9207102010338835;3.7753055429171103;0.11008064679429487  0.9906109947186952  -0.08106854102416457  2.5885010090813174  -0.9810923978450184  0.09523438662499553  -0.16848773989484359  10.525211951649327  -0.1591852948361162  0.0980829686877282  0.9823643790169416  1.834946303459719  0.0  0.0  0.0  1.0;ok
3394309160185;2.640555800877831;2.640555800877831;1.0  0.0  0.0  0.0  0.0  1.0  0.0  0.0  0.0  0.0  1.0  0.0  0.0  0.0  0.0  1.0;ok
3394309160216;2.7201455624554285;2.1072860877024038;0.16317745146475382  -0.6059886787626052  -0.7785568961514757  18.806236378705307  0.9833931622485336  0.036359686524182935  0.17780849709362156  -14.130037937392437  -0.07944185154121977  -0.794641865501318  0.6018582040782428  -2.3854751645505847  0.0  0.0  0.0  1.0;ok
3394309160247;2.5310221937667676;2.5310221937667676;1.0  0.0  0.0  0.0  0.0  1.0  0.0  0.0  0.0  0.0  1.0  0.0  0.0  0.0  0.0  1.0;ok
3394309160278;1.96744994252244;2.476480716556917;-0.8927796120643867  0.3942635526693418  0.21794681763841467  16.598163720571662  -0.44717738590356804  -0.716997198785109  -0.5347405001220293  8.03414338505188  -0.05456143160341956  -0.5748663044316095  0.8164262258223516  -3.6019922009388274  0.0  0.0  0.0  1.0;ok
3394309160309;1.4697744642858348;1.4697744642858348;1.0  0.0  0.0  0.0  0.0  1.0  0.0  0.0  0.0  0.0  1.0  0.0  0.0  0.0  0.0  1.0;ok
3394309160340;3.1108095863624285;1.5991263652150134;-0.9991494930830245  0.04109862889328686  0.0033456202755769993  19.2624542639441  -0.04104039965229406  -0.9990305177226084  0.015928284756281774  3.51017749200329  0.00399700742011827  0.01577743204672663  0.9998675395119567  -2.713739303875138  0.0  0.0  0.0  1.0;ok
3394309160371;4.078910422747308;0.8251066191613461;-0.5560105186759808  0.6051658680569931  -0.5697601032544243  25.971278097292764  -0.8216672835267377  -0.5035789606082508  0.2669664878116813  14.86842775630896  -0.12536019425422912  0.6165894116602542  0.7772401939715953  -2.899503382509879  0.0  0.0  0.0  1.0;ok
3394309160402;3.021814741136945;2.1564602915219235;0.09399225425312488  0.9955700552646202  0.002391903178870714  10.188892149740646  -0.994342609517193  0.09375642331961317  0.04992502363397905  14.18672159509638  0.04947960225139025  -0.0070709367635889975  0.9987501042875191  -8.02239393031409  0.0  0.0  0.0  1.0;ok
3394309160433;1.3594709122664788;0.5732275638145511;0.03785168203937031  -0.9589896061560932  -0.280902448282978  15.76936655744135  0.993520424306135  0.06626211714470626  -0.09233904005380786  -14.33897369095176  0.10716537058839469  -0.27558713162279896  0.9552838930027917  -3.5233568486829085  0.0  0.0  0.0  1.0;ok
3394309160464;1.5447184908495197;2.0226330307152938;0.29616562572785193  -0.9530525730864696  -0.06306120099149343  0.40455010467655494  0.9550169801295214  0.29443753209499546  0.03534271294196009  -6.124685154540351  -0.015115879118309639  -0.07069181442761246  0.9973836661843889  -2.3822148610803042  0.0  0.0  0.0  1.0;ok
3394309160495;2.78060091011266;1.6313080403980655;-0.973188528450578  0.222171282024537  0.05953158435462659  11.594033592465177  -0.21619393720278038  -0.9719148424679585  0.09296085470370832  -7.853799186114214  0.07851286269751447  0.07759806978306373  0.993888459514942  3.285052527663549  0.0  0.0  0.0  1.0;ok
3394309160526;1.34399863829473;1.485174250432045;-0.9709664912538956  -0.16125642512326835  -0.17669306216873  27.029201836394584  0.16497036626640185  -0.9862775281388424  -0.0064355063719984725  -5.7785167054452655  -0.17323062984365128  -0.03539778022416894  0.9842449624149333  4.064490974802276  0.0  0.0  0.0  1.0;ok
3394309160557;2.19301441794297;2.7741304451784465;-0.7667455520110806  -0.6355659000172313  -0.09031746899968601  8.332540059107718  0.5835225139094125  -0.7486713382605792  0.31463105858759816  -9.998754282029404  -0.26758687230890443  0.1885396881359464  0.9449074302626359  4.4860456144366605  0.0  0.0  0.0  1.0;ok
3394309160588;3.3552539819811384;1.6208487012172828;-0.3120736299141246  -0.8964416602226991  -0.3146464672126364  12.974371326076257  0.8750597063049734  -0.4001882735730813  0.27224962092912286  -13.996229857120554  -0.36997372868039763  -0.19037251774289124  0.9093281830970362  -3.4560514455565006  0.0  0.0  0.0  1.0;ok
3394309160619;3.0056203551742433;4.711134426480565;-0.5201633867429521  -0.7443601658729433  0.4187576799936994  -5.482970842786065  -0.472769331542701  -0.15738714691759648  -0.8670169808820396  10.664475977010635  0.7112799802080538  -0.6489662775882447  -0.2700436266762979  -5.5077027281609805  0.0  0.0  0.0  1.0;ok
3394309160650;2.0651927868102353;6.270493131796048;-0.5472770706377487  0.8236195774460471  0.14879045534495577  29.789973970171474  -0.82339631982537  -0.5617028977124578  0.08067437758957258  18.795240954657256  0.15002102670026435  -0.0783622763134327  0.9855724454340106  1.6594042948316163  0.0  0.0  0.0  1.0;ok
3394309160681;2.0883872688177947;2.3689705213813927;-0.8998614730059913  -0.33553944206786146  0.27868012526241603  -1.4791998512023188  -0.43349346543544026  0.758732881402177  -0.48621788336498195  0.5764804263304681  -0.04829849712216997  -0.5583347539746552  -0.8282086438089146  -0.3818598189520901  0.0  0.0  0.0  1.0;ok
3394309160712;2.2055221376060135;2.091725983980191;-0.19343362976187647  0.9801100634126866  0.04435870235167462  12.149093190289094  -0.5552033200182083  -0.07207353386624532  -0.8285859515806372  4.182146573751134  -0.8089083411103536  -0.18490448700129034  0.5581018064554937  15.40435023164849  0.0  0.0  0.0  1.0;ok
3394309160743;2.1472367397073575;1.82152899629348;1.0  0.0  0.0  -1.8780031204223633  0.0  1.0  0.0  4.079867362976074  0.0  0.0  1.0  1.1314210891723633  0.0  0.0  0.0  1.0;ok
3394309160774;3.3639630831655443;3.3639630831655443;1.0  0.0  0.0  0.0  0.0  1.0  0.0  0.0  0.0  0.0  1.0  0.0  0.0  0.0  0.0  1.0;ok
3394309160805;1.324119052607352;1.324119052607352;1.0  0.0  0.0  0.0  0.0  1.0  0.0  0.0  0.0  0.0  1.0  0.0  0.0  0.0  0.0  1.0;ok
3394309160836;1.3305106697980524;8.375838503865262;-0.45651914500253893  -0.8814508962509874  -0.12097350017454805  20.825947479663434  0.8845169364245573  -0.46431208580458644  0.04521146042664162  14.093187241611542  -0.09602114050700522  -0.08636321250466034  0.9916256027864592  -2.0474828938877714  0.0  0.0  0.0  1.0;ok
3394309160867;3.084620563102242;0.5796985216741911;-0.7135218768110861  0.6964457684790539  -0.076484134822894  32.202508607049566  -0.700522457812359  -0.7072071607955589  0.09553176340891889  15.583521869884837  0.012442564547480106  0.12174285723239037  0.9924836821330497  -3.8214692064013542  0.0  0.0  0.0  1.0;ok
3394309160898;2.141076967332666;2.141076967332666;1.0  0.0  0.0  0.0  0.0  1.0  0.0  0.0  0.0  0.0  1.0  0.0  0.0  0.0  0.0  1.0;ok
3394309160929;4.439440389033587;4.439440389033587;1.0  0.0  0.0  0.0  0.0  1.0  0.0  0.0  0.0  0.0  1.0  0.0  0.0  0.0  0.0  1.0;ok
3394309160960;2.4847882689820464;2.4847882689820464;1.0  0.0  0.0  0.0  0.0  1.0  0.0  0.0  0.0  0.0  1.0  0.0  0.0  0.0  0.0  1.0;ok
3394309160991;2.9477521292476965;1.968344673370096;0.9752626051956577  0.056178012427620494  0.21379167857206488  -8.144967386972972  -0.1099833374598062  0.9622748831915818  0.24885882475779322  -0.16955633268822234  -0.19174596837529964  -0.2662162280897049  0.9446493547944173  -1.7782534794156075  0.0  0.0  0.0  1.0;ok
3394309161022;4.019397668082857;1.190178037259909;-0.22295731157768067  0.9698815855927337  0.09808030965580036  5.723862422306326  0.8155788933332703  0.24069940598481906  -0.5262080051727012  -3.8101542971829545  -0.5339673266814471  -0.03732969175709761  -0.8446806426987592  8.058110285963132  0.0  0.0  0.0  1.0;ok
3394309161053;2.8365870008578016;0.8784696980746397;-0.9756964514942458  -0.034155853115036605  0.21644817448876816  31.955863205858343  0.020144422037484844  -0.9975755346683958  -0.06661272319789756  -1.865469258994339  0.21819861778277094  -0.06063357427241216  0.9740189591936286  -9.824829792903465  0.0  0.0  0.0  1.0;ok
3394309161084;1.9084522891745812;2.0269794004859607;0.6012070902132427  0.5785722606706162  0.5511843374587292  9.069670429447662  0.38692252487668816  0.3927408065361632  -0.8342934847068939  -7.72932531080849  -0.6991716487532756  0.7148487938465142  0.012255917583320508  20.741134663007404  0.0  0.0  0.0  1.0;ok
3394309161115;2.6459747141640655;4.266758380573958;-0.8711615433125643  0.4733285870365457  0.1305282120740851  18.317382520984978  0.4791818148824742  0.8775731736897079  0.015814964625682534  -2.906791622061366  -0.10706238246559087  0.07632413454576781  -0.9913184517331605  8.095220896941374  0.0  0.0  0.0  1.0;ok
3394309161146;1.4245283483443059;1.5788230774924499;-0.5627879402929508  0.8170257303518325  -0.12545393658181098  2.2809177158494753  -0.8032628226032877  -0.5763725969591649  -0.1502114086810577  3.3270729597201942  -0.1950347971112273  0.016235313905284432  0.9806619409858729  2.0886013909158336  0.0  0.0  0.0  1.0;ok
3394309161177;1.4359728733692718;0.05632033289811645;-0.19683669776125992  -0.9803066499895814  0.01594322428641029  3.0249754127582715  0.9800382306276314  -0.19626743564554133  0.031688487079465144  -3.017990902679845  -0.02793529886549251  0.021862426473924834  0.999370628638829  1.3124491393231994  0.0  0.0  0.0  1.0;ok
3394309161208;3.0244753449661483;3.0244753449661483;1.0  0.0  0.0  0.0  0.0  1.0  0.0  0.0  0.0  0.0  1.0  0.0  0.0  0.0  0.0  1.0;ok
3394309161239;2.9239237120023964;2.1969042912009082;0.9979521877437301  0.013243661799733785  0.06257824222232919  2.0401236226758908  -0.019470192739377418  0.9948006230116672  0.09996315346311221  7.524441890545253  -0.06092899615284775  -0.10097685812963526  0.9930213147511352  -4.001559404309729  0.0  0.0  0.0  1.0;ok
3394309161270;1.0304885640464179;1.1401124309219073;0.1195149507969023  0.9370007140932671  0.32824661205368466  2.493368998945217  0.9187079966508128  -0.2297218599223328  0.3212529905910213  -1.9067037099525876  0.3764197038225614  0.26316825200341354  -0.8882852456905966  -0.9291388897969242  0.0  0.0  0.0  1.0;ok
3394309161301;2.0398930971718565;0.731229004967616;-0.8125178926525198  0.5040448098446402  0.29283699183707695  2.1017401659414907  -0.5562018248791611  -0.820721727783494  -0.13059623097611683  4.149459114645702  0.17451132949066298  -0.2689882436329828  0.947201731769238  0.8943496116948415  0.0  0.0  0.0  1.0;ok
3394309161332;2.256914975873143;2.7090514137798976;-0.5924335044691972  0.7724896372550001  0.22865323771156937  4.635383072041803  0.4688924965847434  0.5614287385767025  -0.6818633280553363  -3.6151692010719563  -0.6551048537668394  -0.2967448935260901  -0.6948237897030569  9.748675586157963  0.0  0.0  0.0  1.0;ok
3394309161363;3.66917130522765;0.07429267545206075;-0.2008384965239379  0.9548172957582524  -0.21906124722301445  29.914959704711123  -0.979291116809501  -0.18985377818576557  0.07031679348911357  12.849702642874833  0.02555008516629126  0.22864705252744552  0.9731740432823447  -4.335573740212021  0.0  0.0  0.0  1.0;ok
3394309161394;2.752686316258313;2.04832655921994;0.6628805682488926  0.6886473189746278  -0.29386088937979166  11.405886844503868  -0.6257656899495871  0.2940635891936394  -0.7224568546234933  21.207142515342134  -0.4111041881566546  0.6627906725200735  0.6258609037960802  2.1046147152497077  0.0  0.0  0.0  1.0;ok
3394309161425;1.9040075588087033;0.04750160438222209;-0.1311117956186167  0.990703619542264  -0.036277200491753175  22.057024290416386  -0.9681289889108016  -0.12007600597043089  0.21979084062066373  17.14751356256299  0.21339156000229015  0.0639381812068959  0.9748722742512184  -0.362808899053634  0.0  0.0  0.0  1.0;ok
3394309161456;1.9884497529698029;1.9884497529698029;1.0  0.0  0.0  0.0  0.0  1.0  0.0  0.0  0.0  0.0  1.0  0.0  0.0  0.0  0.0  1.0;ok
3394309161487;2.3504147878262693;1.4947602361024437;-0.9248300884198872  -0.3609813435398002  0.11992404750284491  10.97213704400344  0.33792383887417565  -0.9244455807180012  -0.1766574295394847  -4.110872669017125  0.17463329199727134  -0.12285291167554119  0.9769392895257298  -6.334122980136625  0.0  0.0  0.0  1.0;ok
3394309161518;2.2062122654647958;2.411000967424174;-0.20706125836341033  -0.23585165966082963  -0.9494733434489844  11.588811797252747  -0.9741672292999017  -0.03970649736627259  0.2223097015990418  -0.5037338430169549  -0.0901323728918409  0.970977542841303  -0.22153728050771  -3.5670477138682184  0.0  0.0  0.0  1.0;ok
3394309161549;1.3852236987168691;1.3852236987168691;1.0  0.0  0.0  0.0  0.0  1.0  0.0  0.0  0.0  0.0  1.0  0.0  0.0  0.0  0.0  1.0;ok
3394309161580;2.2986137988137836;2.2986137988137836;1.0  0.0  0.0  0.0  0.0  1.0  0.0  0.0  0.0  0.0  1.0  0.0  0.0  0.0  0.0  1.0;ok
3394309161611;3.407144086678155;0.07657718117226281;-0.9597833463551164  0.17212941082367406  -0.22178231216413624  23.373580036781107  -0.2134422344647838  -0.9605709322084852  0.17817378242267082  2.188921969427419  -0.18236869415021742  0.2183459413994599  0.9586796697898257  8.615015916200479  0.0  0.0  0.0  1.0;ok
3394309161642;1.7425026346266586;1.3813843491924191;0.8086499586962603  -0.3953946286502677  -0.43560111562650244  6.109381643845008  0.49939678613367183  0.8527493188311919  0.15304067835806792  -3.855256809061925  0.31094709244483393  -0.3412941354132165  0.8870345082535681  -4.97895163388184  0.0  0.0  0.0  1.0;ok
3394309161673;2.6456540480703254;0.6319035091000165;0.6595442767794788  0.7020795172532431  0.2684877993892585  8.318820174253535  -0.7216839277949281  0.6913382981643659  -0.03498093557473045  7.996236808551938  -0.21017529666903934  -0.1706918537735514  0.9626477215084602  8.860812018323049  0.0  0.0  0.0  1.0;ok
3394309161704;3.077519635932954;0.08703801439071285;-0.8478028084364355  -0.5277445681382069  0.05211591703030974  23.88279237441547  0.5156504293740951  -0.8433220280047925  -0.1513690581598341  -0.5414863203751159  0.12383469906937908  -0.10145751762438154  0.9871024969190859  -1.9689826853660772  0.0  0.0  0.0  1.0;ok
3394309161735;3.1217165961473894;0.18328437285933002;0.6441109944050181  0.7587382879051386  0.09714544432632076  9.425349305008467  -0.7567833772219243  0.6505773825414846  -0.06346644220413028  11.955586446991457  -0.11135504859303935  -0.032638624239546554  0.9932445687546412  8.449801175983072  0.0  0.0  0.0  1.0;ok
3394309161766;2.088824937831005;1.8900027110129782;0.6703371465682977  0.7231296303916639  0.16652821857057415  -4.884372351398633  -0.7230619773670025  0.6869687780610501  -0.07249327455308335  4.548421483727674  -0.16682172165756315  -0.0718152881977375  0.98336823091062  2.9352812669068498  0.0  0.0  0.0  1.0;ok
3394309161797;2.586432702881334;5.585944985019564;0.9733932958031827  -0.2222456938349038  0.05578837923133831  -0.24502051304132877  -0.21460070616048377  -0.9695419214973791  -0.11804659831859488  19.78195463406933  0.08032452054534252  0.10293354181709745  -0.9914396892237817  -5.86943230378486  0.0  0.0  0.0  1.0;ok
3394309161828;3.2220836563382176;5.117134282895238;-0.22204737371254782  0.7805892274794807  0.5842734135405684  19.111098464661104  0.623203085793755  0.5744750946304787  -0.530656460910865  -5.190344787050691  -0.7498752414131982  0.24629012077688006  -0.6140263013285409  22.579331908697323  0.0  0.0  0.0  1.0;ok
3394309161859;1.6225102333552934;1.68966863728015;-0.09416717014147484  -0.5578697181027208  0.8245689308308543  20.99912868261027  0.5121865281710583  -0.737376867239113  -0.44038655295173357  -11.031976269272084  0.8536963771901729  0.38086314246015307  0.3551700470024927  -12.039128509314027  0.0  0.0  0.0  1.0;ok
3394309161890;1.282929335068904;1.131966132880437;0.27814785509131024  -0.9191985256495075  0.27876126192832945  4.97602386745822  0.9498328657747016  0.2200023650540377  -0.222298192671123  -9.944743293826209  0.14300803404816592  0.3266083737665053  0.9342781557883487  -3.0294703993408874  0.0  0.0  0.0  1.0;ok
3394309161921;1.558203848860055;1.558203848860055;1.0  0.0  0.0  0.0  0.0  1.0  0.0  0.0  0.0  0.0  1.0  0.0  0.0  0.0  0.0  1.0;ok
3394309161952;3.0446776651304432;0.9892242776436962;0.5756709061312081  0.14656974792376026  -0.8044378887320256  -1.875331131011757  0.8171679755083365  -0.06826371422576154  0.5723430484628165  -3.8831800175493107  0.028974258190333547  -0.9868421222838375  -0.1590695384058523  -3.385831652714293  0.0  0.0  0.0  1.0;ok
3394309161983;3.4771226457556867;3.4771226457556867;1.0  0.0  0.0  0.0  0.0  1.0  0.0  0.0  0.0  0.0  1.0  0.0  0.0  0.0  0.0  1.0;ok
3394309162014;3.770407506413389;3.770407506413389;1.0  0.0  0.0  0.0  0.0  1.0  0.0  0.0  0.0  0.0  1.0  0.0  0.0  0.0  0.0  1.0;ok
3394309162045;1.518228345276698;5.559844602523566;0.8336745382300912  -0.5452323062876778  0.08779804375419889  -1.3899714325193022  0.5228778772280923  0.8304489486018035  0.19223233149395913  8.018414739470883  -0.1777230705684783  -0.11435154544814549  0.977414054657151  5.120064903425503  0.0  0.0  0.0  1.0;ok
3394309162076;2.477253977533275;2.7005652740996045;0.7896768606759034  0.20390959689222873  0.5786461198420833  -4.660999268017667  -0.2481031223739185  0.9687296218160433  -0.002785764609266006  -7.132708097496505  -0.5611196809784542  -0.14136405523114626  0.8155739742704171  6.383941865368266  0.0  0.0  0.0  1.0;ok
3394309162107;3.7764439721661978;0.7555439424708399;-0.3538741154088121  -0.8941486535598634  -0.27435614769987376  17.440937448179568  0.9279022473747678  -0.3724374820954215  0.016962937460191833  -13.783745087578428  -0.11734790053719127  -0.24857294154333617  0.9614785296469218  -7.183461516458864  0.0  0.0  0.0  1.0;ok
3394309162138;3.5448738491278085;0.0509158473630508;-0.164800838865235  0.982683754457909  0.08469546761086699  2.389283045882004  -0.9458326640663964  -0.1818032249296635  0.26897613089312905  9.272610934628405  0.27971638331420334  -0.035780247758822596  0.9594157173905058  2.255467548659158  0.0  0.0  0.0  1.0;ok
3394309162169;3.3386677234651425;5.516884840258104;0.8334531946361226  -0.5520926184119436  0.02344169460352931  -13.258720086325205  0.5516873093807383  0.8337664107719397  0.02178726547132786  -5.471658598306108  -0.03157348601409811  -0.005226180586317426  0.9994877698188189  9.520467026161404  0.0  0.0  0.0  1.0;ok
3394309162200;3.9550078381949887;3.9550078381949887;1.0  0.0  0.0  0.0  0.0  1.0  0.0  0.0  0.0  0.0  1.0  0.0  0.0  0.0  0.0  1.0;ok
3394309162231;2.42664388566255;1.9241806808267163;0.8995565421805883  -0.22635874102042935  -0.373576963668466  -8.775894747948684  0.17975707992449608  0.9713120433021389  -0.15569298877355608  2.456717908348332  0.3981022728359165  0.0729015425067982  0.9144396893524511  -1.4077984210354209  0.0  0.0  0.0  1.0;ok
3394309162262;2.736577686008396;2.736577686008396;1.0  0.0  0.0  0.0  0.0  1.0  0.0  0.0  0.0  0.0  1.0  0.0  0.0  0.0  0.0  1.0;ok
3394309162293;2.8148683419657083;1.4293582510037477;0.7223155286387182  -0.6828325107835954  0.10954469089983451  -2.8359960018709796  0.5919060067547299  0.6923383622787221  0.41269222343640855  5.149445803112698  -0.3576416590038677  -0.23325384098485552  0.9042594148864436  -2.773911942154985  0.0  0.0  0.0  1.0;ok
3394309162324;2.2219663596591737;1.0276923094676333;0.8896137499196062  0.3813505799909516  -0.25131476497520167  0.4756469260604774  -0.3921824630601062  0.9198564808411168  0.007547868752455637  4.706930110002399  0.23405189941994609  0.09184655570657294  0.9678759830591694  1.2633886246202874  0.0  0.0  0.0  1.0;ok
3394309162355;3.4807471093941937;8.830700264907588;0.5917249460354916  -0.440491018865782  -0.675151279742459  -17.01803055427358  -0.5599682982053735  -0.8270735237744804  0.0488353486343829  23.806792974151314  -0.5799112804940706  0.3491662191132602  -0.7360610424318613  18.811990697962386  0.0  0.0  0.0  1.0;ok
3394309162386;1.7900521026949254;1.062709738151017;-0.7354902724494154  0.6028490331079658  0.30923632130310197  9.889692167081282  -0.6491914919705685  -0.4964078692015046  -0.5763068923306827  1.0967651026670944  -0.19391870947722395  -0.6246217020530206  0.7564676222014233  0.7830653382151948  0.0  0.0  0.0  1.0;ok
3394309162417;3.2825031286422393;1.5805373146898958;0.9730099132160023  -0.14794440653228394  0.17709929802006222  -3.311393245077033  0.21740319872610436  0.845030368331006  -0.48852791709586363  0.0520698094723242  -0.07737931226785577  0.5138444600987497  0.8543865125683918  -4.6975167839936836  0.0  0.0  0.0  1.0;ok
3394309162448;2.5548125902487047;0.038867308769973304;0.4585585764932929  -0.8550264519172531  -0.242185462912703  15.52750882584111  0.8633009633459716  0.49325436015814306  -0.10682501051204854  -16.72331921042236  0.21079724526274896  -0.16009341868664054  0.9643311768696795  -1.6377950956234582  0.0  0.0  0.0  1.0;ok
3394309162479;2.7901407133897638;0.8266903471059944;-0.9911008338445055  -0.130078167624708  -0.02826318205945716  18.286989705987484  0.13166176919545555  -0.9892119551672378  -0.06422527762909575  1.6464370687015144  -0.01960397115510215  -0.06737490676513258  0.997535115298374  4.021378535749198  0.0  0.0  0.0  1.0;ok
3394309162510;2.4626078118590478;1.6465378069646623;0.9895464763036765  -0.047376248032484025  0.13621036068281295  -2.090558058647094  0.05410248024709602  0.9974702418547858  -0.04610898226232854  -0.11575181068318585  -0.13368131083322737  0.05299629927192774  0.9896063355685382  -1.7253308406980015  0.0  0.0  0.0  1.0;ok
3394309162541;2.621200470666735;1.9416374456932064;0.5827671855749464  -0.6339097803102475  0.5084690726524764  -2.8600293734479116  -0.2672163295926172  -0.7403885630694125  -0.616782140528615  -0.8524026749440676  0.7674489172681824  0.22356915284319553  -0.6008652039192072  -1.8426931495696683  0.0  0.0  0.0  1.0;ok
3394309162572;1.826907686892434;1.5025767588531227;-0.9708716884480775  0.2211358819588892  -0.09223386731695873  11.181431996500965  -0.22708858613466065  -0.9720315536025835  0.05987848401811963  5.237188973872703  -0.07641294796916984  0.07907958340312311  0.993935350448634  4.1084030407036645  0.0  0.0  0.0  1.0;ok
3394309162603;1.9909019248105964;9.248821570419102;0.43062645501080765  -0.8480488904842264  0.30882670803105355  -6.699429570405748  0.894061925494199  0.44759936984203846  -0.017552136582627366  16.76244209045461  -0.12334556995056607  0.283668615580721  0.950956353839695  -0.6471481709944626  0.0  0.0  0.0  1.0;ok
3394309162634;3.01258289883689;1.3431243324270958;-0.9099320534958438  0.40477286213900415  0.09045765913749797  10.238592658838968  -0.3936672500524762  -0.7742097100342115  -0.4956061148985792  5.327412045346423  -0.1305747075698742  -0.48657810777360433  0.8638240508219834  7.794480777416977  0.0  0.0  0.0  1.0;ok
3394309162665;3.8547413171629152;3.8547413171629152;1.0  0.0  0.0  0.0  0.0  1.0  0.0  0.0  0.0  0.0  1.0  0.0  0.0  0.0  0.0  1.0;ok
3394309162696;3.0132495381752045;1.652655631137705;0.14212842763639208  0.8201089182209564  -0.554275087219387  8.997257557953406  0.305148876045326  -0.5689891958052051  -0.7636330653561432  0.581628845594516  -0.9416388232787987  -0.060602453014694115  -0.3311248543717622  1.7040847521787963  0.0  0.0  0.0  1.0;ok
3394309162727;3.502392525482743;1.0271345614003584;0.3458217369868888  0.2959403890187805  0.8904081156272013  4.574134049753735  0.6076546334889782  -0.7937147385536026  0.027798564750016373  -3.8535296405300468  0.7149567627673337  0.5314472692094658  -0.4543133581824945  -14.211511212616763  0.0  0.0  0.0  1.0;ok
3394309162758;3.457925038615682;1.2566339099340433;-0.519638964799549  0.849302658080371  -0.09306095443132695  5.684819364954746  -0.7853956631612817  -0.5177161019343981  -0.33929882122592514  7.722273565106031  -0.336346545321196  -0.10322321819953316  0.9360640836369207  6.437054692748569  0.0  0.0  0.0  1.0;ok
3394309162789;2.1605956540110696;0.08727421946810199;-0.2985423588103956  -0.8897647000351256  0.34524084139528866  6.474276261134421  0.9336466823013383  -0.3472938672377756  -0.08769744811984947  -0.43849279752876047  0.19793012055679732  0.2961515631402821  0.9344077905421913  0.7928547193102831  0.0  0.0  0.0  1.0;ok
3394309162820;3.736908019221678;1.0408959840695966;-0.5716596046974634  -0.16023033308264703  0.804693442695642  16.06756142714411  -0.6679748790098538  0.6604069924890295  -0.3430337669725334  2.729127483401909  -0.4764607616256681  -0.7336135526500446  -0.48455783762030863  2.0310557773225195  0.0  0.0  0.0  1.0;ok
3394309162851;3.0196041882655598;1.8052217270695512;0.31651298959846663  0.9419724811256791  -0.11183636357363033  -6.6189548002588126  -0.8812633661518761  0.24837435859147824  -0.40210080511351404  6.951551798745589  -0.3509906079856061  0.22582741816751117  0.9087395503166408  5.447115905621687  0.0  0.0  0.0  1.0;ok
3394309162882;1.0159530457947656;2.094148619692729;-0.08949302447852177  -0.011848276983687915  0.9959169728959358  -0.02104660523223112  -0.04228769630639915  -0.9989823524317094  -0.01568471456881991  -3.294981812757938  0.9950893172528708  -0.04351870704105773  0.08890091578094199  0.19489684530726992  0.0  0.0  0.0  1.0;ok
3394309162913;3.707565587024253;0.04169135873621663;-0.792163362092879  -0.6099812684174766  -0.02000149838168456  30.98509604700026  0.610302519210416  -0.7918815757931714  -0.021316776603028324  -5.6188491601188915  -0.002835983625825729  -0.029093334273162894  0.9995726762460766  5.520487065421293  0.0  0.0  0.0  1.0;ok
3394309162944;2.7894836947736765;7.505571571554088;0.18851748371122928  -0.3389762946242082  -0.9217137462455618  8.741253928909941  0.030441978303869327  -0.9360739317902906  0.35048378019476584  4.124398872876263  -0.9815979035695486  -0.09413111018950236  -0.16614719318230636  33.360934169353435  0.0  0.0  0.0  1.0;ok
3394309162975;2.6130962231388835;2.6130962231388835;1.0  0.0  0.0  0.0  0.0  1.0  0.0  0.0  0.0  0.0  1.0  0.0  0.0  0.0  0.0  1.0;ok
3394309163006;2.118558382630927;1.6142680226465314;-0.04572199212593975  -0.9523607636141845  0.30152690653446257  0.8410061821875514  0.9745234725686751  -0.1088700690345672  -0.19609005451857886  -0.6347721997306465  0.21957572918864712  0.2848794201001812  0.9330756749345994  5.5904095893565415  0.0  0.0  0.0  1.0;ok
3394309163037;1.6957835337450329;1.4751350633424707;0.07154916404201012  0.3236086204651232  0.9434819435927477  10.253667417131501  -0.8200158189051983  -0.5194296999237806  0.24034733945339903  11.960030118833782  0.5678510137968634  -0.7908667698150871  0.22819942710735108  -11.255953234244158  0.0  0.0  0.0  1.0;ok
3394309163068;2.3800172959411823;2.824976450091245;0.23644224093232658  0.9277096199755605  0.28887701138668004  -5.862633785710451  -0.967466210928843  0.25232536227185903  -0.018467329676013482  -5.764215550017446  -0.09002331594585383  -0.2751122908180869  0.9571880849796119  4.079538165608992  0.0  0.0  0.0  1.0;ok
3394309163099;2.23708937419933;2.23708937419933;1.0  0.0  0.0  0.0  0.0  1.0  0.0  0.0  0.0  0.0  1.0  0.0  0.0  0.0  0.0  1.0;ok
