# registration_from_features.py TEASER TEASER_config.json euclidean True --use_random_keypoints=True --n_keypoints=5000 --input_txt=/benchmark/point_clouds_registration_benchmark//eth/gazebo_summer_global.txt --input_pcd_dir=/benchmark/point_clouds_registration_benchmark//eth/gazebo_summer/ --input_features_dir=/benchmark/experiments/FCGF/3dmatch/features_normalized/eth/gazebo_summer/ --output_dir=/benchmark/experiments/3dmatch/results_normalized/TEASER
id;initial_error;final_error;transformation;status_code
36535719080030;2.8719654907800902;0.044047334674642676;0.6160500995441609  0.6884480909402253  0.3827812703521293  -1.2316676282679955  -0.6035030581544926  0.7248091753456655  -0.33231869964375044  6.9143376814355735  -0.506227551255171  -0.02628469926585296  0.8619992928852653  6.120470915848883  0.0  0.0  0.0  1.0;ok
36535719080061;2.8185456084080336;0.06883590197179128;-0.8525504725342059  0.3672674424405128  -0.37184985882060706  4.621364268909412  -0.4405251860595769  -0.1221126727521415  0.889396455806128  5.444801692214531  0.28123878151648274  0.9220645969109387  0.2658977752719851  -0.8266679218222257  0.0  0.0  0.0  1.0;ok
36535719080092;1.9001870719663094;1.5299528109390106;0.8779718695822397  -0.22622734917971027  0.421884560875825  1.210740255824267  0.08252471132558414  0.9396221705186387  0.33211421031095756  -4.979791774011615  -0.4715454042220063  -0.2567710325425416  0.8436311804361787  -2.1550955802471576  0.0  0.0  0.0  1.0;ok
36535719080123;2.152334886682317;0.07367767826597288;-0.10618571196900252  0.9790434945312105  -0.17377695586513386  3.5105638481575854  -0.9929302284247646  -0.11372639285334543  -0.03399807419417492  -0.31576659953795  -0.05304861971797302  0.16893828276824407  0.9841979986574527  -2.591630768477946  0.0  0.0  0.0  1.0;ok
36535719080154;3.7084111945439853;2.0551432860578807;0.392168995951186  0.9148791657793416  0.09591449649315073  -0.5503308841853964  -0.8444422714209561  0.3993959042768487  -0.35693159272372516  -6.766085609344401  -0.364857134851514  0.05898324906084737  0.9291933315936842  -4.888111713052657  0.0  0.0  0.0  1.0;ok
36535719080185;2.3222284832250804;0.10398834432496241;-0.6061514943324906  -0.12908241740754328  -0.7848044950398249  5.920675016472632  0.3577326571831634  -0.9255456056802651  -0.12406723092995092  -6.911672888813627  -0.7103574536127308  -0.35595373480577097  0.6071978481307889  -0.7059110119977839  0.0  0.0  0.0  1.0;ok
36535719080216;4.7404660091141455;0.21913153473162597;0.8229561048943802  0.19783393055297  0.5325457589156379  -5.357950664361325  -0.5587896792126643  0.4509423126370375  0.6959921875128832  -5.644016692652362  -0.10245654602063084  -0.870352093463056  0.4816532877309143  -0.07730503067424009  0.0  0.0  0.0  1.0;ok
36535719080247;2.9917173628249674;1.002719323402849;-0.14185952784598066  0.9243426505221104  0.3542125615856606  3.3188965346117825  -0.989161727820933  -0.14606284541298625  -0.014990710595865778  2.006172201704219  0.037880741460832035  -0.35250008456115567  0.935044779575158  -3.6537617086400935  0.0  0.0  0.0  1.0;ok
36535719080278;1.8936058971638152;2.1239542609235227;0.9029444602261736  0.29708096795508643  0.31053856479628184  1.3171031471664563  0.0242553191954315  0.6862101396343896  -0.726998847147422  4.2476114693238065  -0.4290722331235071  0.6639717936342039  0.6124038504292615  1.6887892470128887  0.0  0.0  0.0  1.0;ok
36535719080309;2.0474131250721026;2.8296540678132387;0.8698235987548724  -0.4690703869089662  0.15290480428749037  4.157509662750445  -0.4340294232965579  -0.8748942941705856  -0.21489167908648799  6.501372513448097  0.23457486387501175  0.12055266962131361  -0.9645940530011545  2.828448324972712  0.0  0.0  0.0  1.0;ok
36535719080340;2.643359974182583;3.0941056395050013;0.8438981224318456  0.005952848489617313  -0.5364704302670062  -0.513705604016105  -0.08382786807375353  0.9891200187322947  -0.12089035146460196  4.207860089200825  0.529914000088898  0.146990313074996  0.8352155412657858  -1.4931657444954218  0.0  0.0  0.0  1.0;ok
36535719080371;4.184735305781556;0.010483769715793713;-0.9738891129059563  0.15823501166051746  -0.1627933562773557  3.0018305110362005  -0.14923365656474905  -0.9865841756042389  -0.06618897336882087  4.485094670971095  -0.17108276216955487  -0.040166472736599235  0.9844375769729311  -4.601657496048392  0.0  0.0  0.0  1.0;ok
36535719080402;2.5739270336253104;1.4827818959774184;-0.6671856283138938  0.2377497632659873  0.7059308659056924  3.8983980051897817  0.43862780522840616  0.8913637033980535  0.11435207363671489  -2.423670038961155  -0.6020539725405893  0.38593496645351044  -0.6989887093627638  6.022110424181776  0.0  0.0  0.0  1.0;ok
36535719080433;2.734748311517099;0.04652029651459549;0.2701846420111008  -0.3682094759342406  -0.8896190426545316  7.881468848353444  0.6687200065841571  0.7365196527629356  -0.10174651781780501  -3.914125005924568  0.6926859403910388  -0.5674157055688501  0.44522534188698876  -7.313457483250641  0.0  0.0  0.0  1.0;ok
36535719080464;3.7323423107611307;0.009397064504186372;0.2996093293867058  0.9087917694843413  0.290399327585254  -0.8899488399253863  -0.9523710305654973  0.26677291887186627  0.1477214605133504  1.4938782371868489  0.05677737123239356  -0.3208266346083256  0.9454346093949786  9.260217186610605  0.0  0.0  0.0  1.0;ok
36535719080495;4.095283908390811;0.06864572665708724;0.14906543323392868  -0.9641235980776173  0.21964786419323565  4.790812832914202  0.18370007949641726  -0.1912619618818844  -0.9641955936064539  7.5000653217351  0.9716140063872025  0.1840775639967067  0.14859903440213573  -5.651599745161907  0.0  0.0  0.0  1.0;ok
36535719080526;2.3278553928468253;0.7938169762304925;0.9662902944826093  0.04168165159655596  -0.2540584710433721  0.13148996919115702  -0.2112504381158835  0.6924228149853444  -0.6898723778233333  4.191359751917324  0.1471608615922044  0.7202869464372903  0.6778867129598315  -3.1409842960394045  0.0  0.0  0.0  1.0;ok
36535719080557;2.2194490343578286;0.028527519879619306;0.4142975931204541  0.5598834071292615  0.7175570184702592  0.2572698476640356  0.6382613276378479  0.3833154906259254  -0.6676014621674953  -1.7228133156568464  -0.648829701829818  0.7345745742043728  -0.19854524158461723  -0.6422592711436255  0.0  0.0  0.0  1.0;ok
36535719080588;3.796227498088121;0.13723797667171594;0.6339067847913663  0.4951072788167638  -0.5941640940498953  -2.302215000755287  -0.6579616743514962  0.7490190256818767  -0.07782630821996436  -4.968771193651222  0.406507839137266  0.44027182697650824  0.8005698564714506  0.374392367880595  0.0  0.0  0.0  1.0;ok
36535719080619;2.4973131938563013;0.004777555706026503;0.07263667441414058  0.5548662897324503  0.8287625196934274  7.038677121787031  0.8076801618769544  0.45478050555747845  -0.3752698334203029  -2.9389663230546645  -0.5851296178117047  0.6966333987711388  -0.41512075119909364  0.5000503673780857  0.0  0.0  0.0  1.0;ok
36535719080650;2.045757500568744;0.02334562299041868;0.5936074347348218  0.7304750222121027  -0.3376928417242088  -1.8384367744448857  -0.6123954993472538  0.1377797136592342  -0.7784526336799219  -1.6739648226325634  -0.5221129818408765  0.6688968473749946  0.5291266783720334  3.287400230801273  0.0  0.0  0.0  1.0;ok
36535719080681;3.422151150058385;0.08120926469549863;-0.8433680443091821  -0.04794430519435334  0.535193129101575  7.386952323523878  -0.12773677468552533  -0.94957028764278  -0.28635569702547986  0.8885741366026801  0.5219326184777537  -0.3098670883224609  0.7947129855133335  -7.76989953440243  0.0  0.0  0.0  1.0;ok
36535719080712;2.329822326641319;0.9718891088314434;0.18758151946676205  0.9444846433742722  0.26974419731426214  -0.07346904506766679  -0.3749677257484289  0.322676547947215  -0.8690679202754641  -0.6028781483462538  -0.9078614311675501  0.06187571280432552  0.4146794158905944  4.3116626321918154  0.0  0.0  0.0  1.0;ok
36535719080743;1.5817497009913515;0.21226959749883778;0.4957744847777459  -0.46715159037654036  0.7321045361504255  -0.8383757679381254  0.42488825423511317  0.8656925207052245  0.26466286291822777  -4.190670551053582  -0.7574150986456497  0.1798495237794743  0.6276754871268261  1.4016270281888934  0.0  0.0  0.0  1.0;ok
36535719080774;4.455523395855616;2.3767346114282835;0.6688123863635664  0.6694571673594099  -0.3232910343912856  1.6348569398951667  -0.3949071609583502  0.6883571168253491  0.6084511598638866  -1.466399651875833  0.6298716742880948  -0.2792697276594952  0.7247551953194293  -10.939586728619776  0.0  0.0  0.0  1.0;ok
36535719080805;2.6623006804379994;0.009093172628968233;0.0991492087105375  -0.7050848849821535  0.7021572041799315  7.172643541530302  -0.498483252967651  0.5755146659937523  0.6483034133312037  5.249030288516682  -0.8612107064608895  -0.4142923776704129  -0.294411183349636  -0.7775722083270343  0.0  0.0  0.0  1.0;ok
36535719080836;2.3641851278479833;1.2125296934566616;0.8240866412376023  0.4000533822714796  -0.4010467542156111  1.9597670035107075  0.4947046924883998  -0.8531583405906046  0.16549354401499564  -4.708569861703971  -0.27595013129854606  -0.33478073005153  -0.9009846767967146  5.194011625911023  0.0  0.0  0.0  1.0;ok
36535719080867;2.3245937370798613;0.1758948726923855;0.6982567387124752  0.4621477724404358  -0.5466781166929586  3.7113668741969  0.707213465026049  -0.32710255162594437  0.6267798940662069  -8.64136435392823  0.11084512496481735  -0.8242714098815628  -0.5552386884245323  -1.2654746414261056  0.0  0.0  0.0  1.0;ok
36535719080898;1.1108467191895781;1.4586048288093931;0.9970178243975456  -0.07573531801712968  0.014819562693575254  -0.13813154636489325  0.03147524305213313  0.22374030451622123  -0.9741404340287891  -1.7219644586320921  0.07046110209465735  0.9717018255307713  0.2254568591810269  3.0804248665777356  0.0  0.0  0.0  1.0;ok
36535719080929;3.0133446968971027;0.02374798364156478;-0.294708654598144  0.0879980628207647  -0.951526746783686  3.522171785168188  0.2623690559600549  -0.9500318318123679  -0.16912124945690749  -10.976285913463084  -0.9188630405994034  -0.2994926701657802  0.2568946343102357  2.886943822415051  0.0  0.0  0.0  1.0;ok
36535719080960;4.172447019856412;0.016871905887241356;0.1683862756400018  0.9648980348380019  0.2015386924187262  -2.861094302201216  -0.28326048749024646  -0.14846847713703176  0.9474811911185348  -9.256697847777042  0.9441448821038405  -0.21663077727407778  0.24831743381154597  -1.5814328587624709  0.0  0.0  0.0  1.0;ok
36535719080991;2.0023267432930947;2.9926855313187235;0.04462432187533107  -0.8688359111576477  0.4930850123254892  7.676326189439168  -0.8128700087155777  0.2553433403648193  0.5234903317751658  3.4592105303275305  -0.5807331735211136  -0.42417441933029953  -0.6948561312659614  -2.9583018202611884  0.0  0.0  0.0  1.0;ok
36535719081022;5.2049478600741095;0.3450439986634245;-0.5007050759129174  0.3893512022888409  0.7731106442361753  -2.88675068855316  0.3054973157130426  0.9151440305522865  -0.2630262219563702  4.946669573404717  -0.8099171667813724  0.10448466213158003  -0.5771630084578223  5.408863274847276  0.0  0.0  0.0  1.0;ok
36535719081053;2.759339837400279;0.07706675103456877;0.9211797398347752  -0.2612724391763129  -0.2883827308366388  1.9233281129791606  0.015135074327469591  0.7645769758568862  -0.6443546985276367  4.925120103846395  0.3888429200114609  0.5892017994850316  0.7082671974901577  -2.9609858222574887  0.0  0.0  0.0  1.0;ok
36535719081084;2.627616704218367;2.0428075716144756;-0.9817820683666703  0.17307003878615085  0.07842660204435231  2.104647462322269  -0.10773465330103327  -0.16704391356847437  -0.9800457006782055  -1.3069603944504482  -0.15651586089521166  -0.9706405578865372  0.1826463595967424  0.5437744287739636  0.0  0.0  0.0  1.0;ok
36535719081115;3.3642234081663633;0.0688481177607512;-0.006809918676708437  -0.9370708194392482  0.34907292126871114  2.9749160696875014  0.4943308663973723  0.30029005909994405  0.8157590789764922  5.806206532251911  -0.8692471567594797  0.17811277259424013  0.4611780791672048  0.5696285338059648  0.0  0.0  0.0  1.0;ok
36535719081146;2.4293434851076756;0.1060278653333172;-0.3878662345030905  -0.92128198492498  -0.028271688755409835  5.071630125554016  0.8302798298991544  -0.3625441488312545  0.4233168366730209  -1.356798117683875  -0.4002439108781361  0.1407168945113209  0.9055404835809744  -0.9217008580894659  0.0  0.0  0.0  1.0;ok
36535719081177;3.5423989428844522;0.01596552321767965;-0.22871316079057052  -0.802105594319961  0.5516492596222795  7.494292135338412  0.8383362362649243  -0.45033868247853326  -0.30722536683786394  -3.451254274780933  0.4948561862262084  0.39220107932554354  0.7754325685251631  5.699288083184457  0.0  0.0  0.0  1.0;ok
36535719081208;2.4968567701157345;0.009431722314492085;-0.27403150267125304  0.9607826181003714  0.04246759117176398  10.362934754485439  -0.2483794228537088  -0.11336370925567378  0.9620064093999868  2.4942606938363814  0.9290933203110414  0.25307198616202486  0.2697038597673644  -3.0846680100419963  0.0  0.0  0.0  1.0;ok
36535719081239;2.6254413723760552;0.006161984654471751;0.043839598564422544  0.979038081989624  -0.19890330216411486  8.537158010706152  -0.5305077107842612  -0.1458914010060033  -0.8350312975637192  2.721344070319693  -0.8465457213855333  0.14212717237243705  0.5129914311928248  9.62632723174352  0.0  0.0  0.0  1.0;ok
36535719081270;4.852975213123584;0.020216944017600946;-0.6478970354588166  0.07729776197476435  -0.7577958085377421  11.314777909578066  0.4756236799648591  -0.7360195992626761  -0.4817232240175841  -4.9339529269814415  -0.5949886944307117  -0.6725326798713227  0.440100270398389  -5.869723101615845  0.0  0.0  0.0  1.0;ok
36535719081301;1.4134837583742463;0.006323896506731357;0.9326448134622781  0.3376401428575071  -0.12717226841208057  0.6981415518242831  -0.32693615072372606  0.6417989021602355  -0.6936907974997717  3.8290544874268373  -0.15259883771466115  0.688544336348124  0.7089571860211701  -0.7920719362008287  0.0  0.0  0.0  1.0;ok
36535719081332;2.6207414559357245;2.2354205093902264;0.8778399983078102  -0.13731538101330115  0.45884793070048246  0.9456310322819279  -0.44592006446042426  -0.58394221468675  0.6783559434532469  3.511753905305386  0.1747919720197529  -0.8000974790885829  -0.5738395163053347  1.9190517650764676  0.0  0.0  0.0  1.0;ok
36535719081363;4.7790429741920475;0.02621780096366464;0.8824211356155055  0.4678561507604821  -0.04943239438492401  7.089797557020195  0.44749551427183615  -0.8022737928669265  0.3951006529803524  -4.5742231201152155  0.145191956132654  -0.37076594163232013  -0.9173068801659962  5.53226467820622  0.0  0.0  0.0  1.0;ok
36535719081394;1.4663573651430153;0.014462289921922607;0.9032166777118514  0.12615221282501282  0.41022585523406235  2.559965336444889  -0.4248609664579214  0.39814731206269965  0.8130017694185472  -1.4091705425163341  -0.0607683493572633  -0.9086057104688475  0.4132104435028159  -2.757716256166611  0.0  0.0  0.0  1.0;ok
36535719081425;2.332117443040167;0.003500109926393864;0.534202269095771  -0.8302395336753713  -0.159154806447783  -2.8655932854518977  -0.44799177754615405  -0.1183762261935603  -0.8861661448753324  -3.0544984583143426  0.7168900215123425  0.5446920100338107  -0.43517733311991386  -1.119640841594588  0.0  0.0  0.0  1.0;ok
36535719081456;3.9542146055036578;0.00989245309796539;0.9107483396448084  -0.295089554870955  -0.2888937805496793  2.0257911900991803  0.027839444579425998  0.7418464657368062  -0.6699916317382768  9.821883343313923  0.4120223624510374  0.602151123788598  0.6838505662499635  -1.2857394881697917  0.0  0.0  0.0  1.0;ok
36535719081487;3.3533169379046845;1.52267517403615;0.6446587544697656  -0.2479051177825109  -0.7231584493475357  -3.450987609865284  0.43935413486010455  0.8942742953441928  0.08509658552479706  -1.3924988553031017  0.6256061336550514  -0.3725809137139061  0.6854198919416408  2.1203207437777203  0.0  0.0  0.0  1.0;ok
36535719081518;3.0920879439740774;0.009391464578944516;-0.30474457784037634  -0.9011685598892876  0.3082628244598411  0.09490407193231637  0.8995247203972577  -0.378697042872005  -0.21781603961654153  -7.598576049175993  0.31302718679234043  0.2109117739413017  0.9260292673246382  4.067295107539291  0.0  0.0  0.0  1.0;ok
36535719081549;1.5294161413651834;0.15801228764134023;0.6590615445233734  -0.7075522883343405  -0.2549659581263837  -0.5419123296443324  0.08664561229737992  -0.2653211010476639  0.9602589500798562  0.336060594339831  -0.7470812662622981  -0.654961428338871  -0.11355663339597391  1.5119372240328486  0.0  0.0  0.0  1.0;ok
36535719081580;3.0692450464075005;0.01211716357677324;-0.009294749699740618  -0.9928114032719977  0.11932780548181719  -3.2592552501175756  0.7552644059739456  -0.08517888132760872  -0.6498617047069326  0.8560668689329389  0.6553543199650418  0.08408374223870149  0.7506268311180285  2.7325852475920636  0.0  0.0  0.0  1.0;ok
36535719081611;4.067373545893354;0.007062646806324936;-0.25724938950642967  -0.8442461643367953  0.47018205580517125  2.6156183827914194  0.9099862971520275  -0.3753714099458404  -0.17612848602884576  2.7509666815234914  0.3251886999791209  0.3825502824438635  0.8648165070163782  6.0674286776950686  0.0  0.0  0.0  1.0;ok
36535719081642;1.8617882493278746;0.013955778921349658;-0.13564893707996473  -0.9442839964883888  0.2998784751278295  4.735270569999415  0.03287578151150812  0.29821940488653753  0.9539310087942041  0.14622444346406474  -0.9902113657492947  0.139258466618859  -0.009409070936112575  1.423478848259367  0.0  0.0  0.0  1.0;ok
36535719081673;1.5998785025075408;0.008991358114714526;-0.9051115015438548  -0.14957819863224717  -0.39799438723047376  4.729829504350712  -0.3863817666577088  0.6800092277863964  0.6231344802848067  -1.0439146704052138  0.17743252285727168  0.7177839595722939  -0.6732784618664279  1.9391921193518342  0.0  0.0  0.0  1.0;ok
36535719081704;1.9756325052656099;0.022274025197973304;-0.5912837105953984  0.7799698675278066  0.2050136076781078  10.037430862112593  -0.3530778170475172  -0.47892030566313526  0.8037234573735477  -3.35638821596311  0.7250652582309379  0.40284283110437147  0.5585678336015399  -3.7595318510360283  0.0  0.0  0.0  1.0;ok
36535719081735;3.6039393451346733;0.0053721475202265145;-0.6952453638796899  0.646782046785256  0.3135392606358467  4.164255889132308  -0.11349215957766845  0.3319605408528317  -0.9364409906828579  6.321086780622826  -0.7097558831867437  -0.6866405051211084  -0.15738933575320227  11.21102059602774  0.0  0.0  0.0  1.0;ok
36535719081766;4.290345428514503;0.045439262097794586;0.6231616117144234  -0.015786601524271693  0.781933749685864  8.01751905629223  0.2707939775031142  0.9423090927439955  -0.1967846423886534  -5.389266246926325  -0.7337167215169116  0.3343715851329196  0.5914857695855191  -1.8177848497609699  0.0  0.0  0.0  1.0;ok
36535719081797;3.80649089162507;0.016614436319115643;0.1082640633563504  0.9782462781980856  0.17695511232277666  10.691835813707192  0.08654582419108979  0.16805086931200588  -0.9819718558281417  -6.919315613156281  -0.9903477737141925  0.12162698925433255  -0.06646926044623468  1.1953290868110844  0.0  0.0  0.0  1.0;ok
36535719081828;1.9802991795936433;0.00877768587471273;0.16283991327453948  -0.9837682524964259  0.07538692210768005  -2.2617981354433807  0.9762790105134753  0.17170734099906407  0.13189345199008368  -1.9199207717309021  -0.14269707872121895  0.05212115143739748  0.9883931046386706  1.922524375650196  0.0  0.0  0.0  1.0;ok
36535719081859;4.6068693402346454;2.6273071803405834;0.22500531027055887  0.5230903132535832  0.8220396185892243  -4.558226466078003  -0.8877936436605319  0.4577056064112213  -0.048249602440778395  -1.078003398144766  -0.4014910417755375  -0.7189451314530229  0.5673824471500589  -4.073165188061938  0.0  0.0  0.0  1.0;ok
36535719081890;4.508629332811153;0.01128689870916715;0.21437676145011075  -0.04732513844035138  -0.975603882434753  2.568882206405463  -0.7391243153332777  0.6451146243221422  -0.19370691254783703  6.65342164521225  0.6385435385572985  0.7626188122235801  0.1033184233785085  -8.793086103343065  0.0  0.0  0.0  1.0;ok
36535719081921;2.2999981710951882;0.013971374419346375;-0.5076056920812967  -0.6596482489367332  0.5542568439283072  4.785060254485109  0.010419890413253599  -0.6479487202525135  -0.7616126849041477  -5.537723301530831  0.8615264866795694  -0.3808236384441363  0.3357759210421833  -1.9345115777780229  0.0  0.0  0.0  1.0;ok
36535719081952;1.2152378562390587;0.0033572668085558688;0.3278895071036453  -0.6393637752235193  0.6954871918757802  3.076737609387513  -0.16778188764922014  0.6850720380719375  0.7088903588206188  2.2442315688011756  -0.9296976440263751  -0.3491278642329924  0.1173542717923635  2.854858791591449  0.0  0.0  0.0  1.0;ok
36535719081983;1.4321260052918148;1.2378593023929392;0.80084089709489  0.5534572265130748  -0.22877708792776136  0.4042326973033712  -0.48688509651507533  0.37926937082261813  -0.7868275841296624  4.5087425889968165  -0.3487072702593932  0.7415118628695502  0.5732044983179846  3.398297579675051  0.0  0.0  0.0  1.0;ok
36535719082014;2.1446172376713286;0.023697182322575165;-0.744083818368108  -0.4216065581066032  0.5182539738431717  5.856951995400254  0.6050900626943678  -0.7541247489729612  0.2552682491321522  -7.298169442720516  0.28320538001821594  0.5035313030467635  0.8162419614187734  -2.042476923196465  0.0  0.0  0.0  1.0;ok
36535719082045;1.9741406690068724;0.012520210292523476;0.5163480061003768  -0.8554048958560071  -0.04083136957950827  0.7512106225607106  0.8469682014298092  0.5171420640399441  -0.12332457730420388  -5.504172645708713  0.12660806594731333  0.02909552793952566  0.9915260197750744  2.4637951696711795  0.0  0.0  0.0  1.0;ok
36535719082076;2.7263856166451443;0.013438724456296448;-0.9136727595359782  0.3618936643637042  -0.18502719847449833  7.70505777473018  -0.35918943301051687  -0.9319700115464772  -0.049141111013519964  -4.8669192708602536  -0.19022365703427685  0.02156092000519274  0.9815039923673443  2.141212267058585  0.0  0.0  0.0  1.0;ok
36535719082107;1.536577084651521;2.276903722972259;-0.4178774736437666  -0.9084820172073222  0.006232289468326463  3.5154780667310552  -0.8700713364328564  0.3982166150788086  -0.29051574310718364  6.496894730156082  0.2614465271122302  -0.12682252121011467  -0.9568499159088977  1.9472247560109994  0.0  0.0  0.0  1.0;ok
36535719082138;2.448192473659257;0.018264612086077166;-0.7706927847325177  0.23063559234751319  -0.594003245027962  5.053526720200163  -0.21960737286309595  -0.9712246553204662  -0.09216979267531798  7.619655092321183  -0.5981682316417405  0.059412897927585064  0.7991651107339712  3.2314773241757484  0.0  0.0  0.0  1.0;ok
36535719082169;2.751939271344588;0.03304143726604028;-0.31252699846296206  0.5370288975364041  -0.7835348355003536  -2.550225106806113  0.9498880456599857  0.17121984336192153  -0.26152718013883836  -0.05393002573935897  -0.006290941422785628  -0.8260046782252226  -0.5636281536669915  -2.595602440155782  0.0  0.0  0.0  1.0;ok
36535719082200;3.495996902324403;0.038331559243394764;-0.3518035778802313  0.8085269461592864  0.4717185812802025  1.879893632884592  -0.6952841695129782  0.1117059837477801  -0.7100011949423672  -4.334497313105832  -0.6267488860902086  -0.5777594227092101  0.5228574215361236  -4.957642246450756  0.0  0.0  0.0  1.0;ok
36535719082231;4.028218031238248;0.006882020745530389;0.7334575159639105  0.06871775632262991  -0.6762528685647353  -3.9359055814227717  0.4408724544708514  0.7091423466394563  0.5502259636654125  0.6036869896897344  0.5173698398292041  -0.7017086305359714  0.48983001813530624  -0.5808219219466588  0.0  0.0  0.0  1.0;ok
36535719082262;2.352339194995012;0.005070394214342403;0.6197967948500714  -0.46568968416372625  0.6316526348849237  -3.990996455129248  0.784583724737628  0.350540877070302  -0.511419077058739  -2.29752337574848  0.016742519834460217  0.8125602818045394  0.5826366590451727  3.0839045459714165  0.0  0.0  0.0  1.0;ok
36535719082293;4.915635355433878;7.4220438709758065;0.8639546581580797  0.049784998934604405  -0.5011025868303188  -4.242957918943558  0.010757028485218739  -0.9966984492400136  -0.08047662779168094  10.830331279083662  -0.5034547000328071  0.06413778265292618  -0.8616378066515199  -13.23664290525687  0.0  0.0  0.0  1.0;ok
36535719082324;2.6136203318699214;0.013619280101002287;0.17427136499619808  0.984696760554621  -0.0013345769359130594  7.527876083711468  -0.9846976569921235  0.1742710313100467  -0.0003632634780592267  5.144944500571802  -0.00012512627108857838  0.0013774612040439796  0.9999990434715665  -3.763429146388819  0.0  0.0  0.0  1.0;ok
36535719082355;2.6932219088290648;0.011994885184640515;0.8869177188262278  -0.3386000268734892  0.3142085005746209  -2.68599303536287  -0.08686117965771031  0.5458277657475261  0.8333829765525171  2.5550719885831623  -0.45368722210411666  -0.7664346494909624  0.45469311910244936  0.8187804516068786  0.0  0.0  0.0  1.0;ok
36535719082386;4.785475193293865;0.049337474052269;-0.23886400756163167  0.651551393007442  -0.7200171999068208  13.53833891674735  0.7207514786775058  -0.3779346193295684  -0.5811047491600836  3.2380578619174183  -0.6507390351560189  -0.6577584707035528  -0.3793316521751618  5.169591192917311  0.0  0.0  0.0  1.0;ok
36535719082417;2.477038884971137;0.0078041275387963766;-0.9600561878826525  0.013234439965838108  0.27949412463774725  -1.0236196213402167  0.11256111574138608  0.9327588888512865  0.34247751822852246  -2.2551272102587916  -0.2561681309829233  0.3602578310983735  -0.8969906263729919  -0.4192989884033943  0.0  0.0  0.0  1.0;ok
36535719082448;2.815184467780424;0.04215885620161119;0.68058221249462  0.6176953144709605  -0.3940309004590236  2.7751312604462233  -0.6010865361262226  0.7782371823285277  0.18177421194749818  7.5514811278537755  0.4189305767352238  0.11313437374191666  0.9009427203514757  -5.142905861932329  0.0  0.0  0.0  1.0;ok
36535719082479;3.430440585461284;0.0059374339031867404;0.604427891192921  0.7898114361631886  0.10423444562101672  4.050365056432099  0.7441167751969731  -0.6064398008674046  0.28021597526615183  -3.253286276164265  0.28452969830676145  -0.09180775146873256  -0.9542610688651821  7.690299181578677  0.0  0.0  0.0  1.0;ok
36535719082510;3.752685809770862;0.019994616170077244;-0.4409900351846374  -0.8944440301267805  -0.07414624628675207  1.2269508485587906  0.8974986003514065  -0.4399274524083592  -0.03098546408815154  -5.282656354541557  -0.0049042058602186585  -0.08021043316211687  0.9967658878477068  3.3117495501424092  0.0  0.0  0.0  1.0;ok
36535719082541;1.6713742885955687;0.008878349003304179;-0.0035473280895355896  -0.3030928970588691  0.9529544124541774  0.09738135419687294  0.7741408850951071  0.6023986319816269  0.1944782204022567  0.5733088166337525  -0.6330034016398248  0.7384108503666008  0.23249969800686687  2.281808357251515  0.0  0.0  0.0  1.0;ok
36535719082572;5.705872389959219;0.009155769435374812;-0.6986495190838689  -0.6103603361169905  -0.37329493644976386  6.136418138990648  0.09818501373642798  -0.598608617191174  0.7950015261004519  -14.7491497518044  -0.7086949643968525  0.5187754654179636  0.47814586050589114  1.725987892475028  0.0  0.0  0.0  1.0;ok
36535719082603;3.111669804062568;0.008173433369836803;0.5168084038410928  -0.06893478881196197  -0.8533211989694576  -1.0143301663239384  0.8372403352436265  0.24876980762766845  0.48697248777937335  -4.153592120843522  0.17871120490993667  -0.966106400819466  0.18628131289878652  -7.562098208319835  0.0  0.0  0.0  1.0;ok
36535719082634;4.355140868473985;0.017406691657549284;0.8516271496848579  -0.46280657703922096  0.24605135677106932  7.251626872275195  0.22999310957771696  0.7517807623510583  0.6180039279046972  -6.536474169607654  -0.470992959041233  -0.46971880695592916  0.7466792316152109  2.4217585614936916  0.0  0.0  0.0  1.0;ok
36535719082665;2.7201030154491477;0.012120209930197225;0.7092016440821093  0.20246189628618716  -0.6753089726809759  6.1470478704996685  0.4562535372887867  -0.8620450953924736  0.220705603058126  2.516886932024143  -0.5374623128580305  -0.46463688409550796  -0.7037377552720295  1.5653259387641638  0.0  0.0  0.0  1.0;ok
36535719082696;3.2991237738734345;0.026834498185996602;0.9865317089283454  0.14496965988823424  -0.07575608880353762  5.134441292645404  -0.10397190263525463  0.19823334352054411  -0.9746247405945907  -4.8929234051583865  -0.12627363438709188  0.9693747155917343  0.21063625051286705  4.899317755338149  0.0  0.0  0.0  1.0;ok
36535719082727;1.2878238866021425;0.004744883151398406;0.8975547665013849  0.37741619362496076  -0.22793081827670986  0.751892559077838  0.21481073098899847  -0.8257847782521216  -0.5214746876494272  -1.057719678360593  -0.3850347919118695  0.41909010582062356  -0.822260112264144  1.010207168825617  0.0  0.0  0.0  1.0;ok
36535719082758;3.2221881761895412;0.01254687022169223;-0.6797491447904067  0.6711558711965021  0.2957886013949404  12.003298540028695  -0.6609428188754223  -0.7353618715675247  0.1496579701242703  -0.2439796760873228  0.3179554848303787  -0.0937694747941496  0.9434572567229044  3.2431404113437354  0.0  0.0  0.0  1.0;ok
36535719082789;4.375691271181936;0.014398517028995824;0.004160514498433174  0.8824414522163917  -0.4704038408956017  12.91989397525346  -0.711348460956699  0.33323002941246344  0.6188223610959006  2.9941080553893977  0.7028271887268199  0.3320464288439119  0.6291097772872084  -9.349805025261059  0.0  0.0  0.0  1.0;ok
36535719082820;2.9711958970592893;0.01671259488594907;0.3757891374480917  -0.6783783883520187  0.6313361120615048  -0.343953369628255  0.7799784147996851  0.5994165327332155  0.1798151626884139  -5.208188686616845  -0.500416023546998  0.42485595500476153  0.7543747217891137  -1.864071276936894  0.0  0.0  0.0  1.0;ok
36535719082851;3.748982682712409;0.014060129521318555;-0.5743863326318799  -0.7670903582712059  0.2857494061814527  -2.3476212113901034  -0.42309110776092457  -0.020635069351254004  -0.9058521449146673  3.0395158910175692  0.700766905196966  -0.6412071242275948  -0.3126966076254176  3.923511571842193  0.0  0.0  0.0  1.0;ok
36535719082882;4.963661102647681;0.013481088849592279;-0.22288454323844858  0.8465797786618847  -0.48334786515115946  6.135251392947367  0.8190521181392848  0.43150703796924644  0.37809430563625085  -7.140539350201042  0.5286549991789917  -0.3116157161373644  -0.7895692099488546  6.918206778082316  0.0  0.0  0.0  1.0;ok
36535719082913;2.817358654932551;0.01118293984372245;0.25537148378306307  0.11844953180415119  0.9595598541445  -1.6304634246836904  -0.9229887977215311  -0.2656466290192421  0.2784305079751074  2.2754590072491836  0.2878838039053255  -0.9567662080707552  0.04148901713597887  -3.1207573871503502  0.0  0.0  0.0  1.0;ok
36535719082944;2.334751411184137;0.02156368754636272;-0.30543877633153027  -0.5832678844072064  -0.7526657484781936  3.080889671524478  0.6161144306015442  0.48162257710348944  -0.6232517161057226  -0.4732411915550297  0.7260235273857403  -0.6540934705707855  0.21225354988558504  0.31568606299846735  0.0  0.0  0.0  1.0;ok
36535719082975;3.599500676289258;0.008938017452030728;0.5972878070692079  -0.5844938776617302  -0.5491941209649026  -5.5079517926218164  0.7872445055619531  0.5581271142752743  0.2621835478691824  0.5195001062209579  0.15327545135791865  -0.5889490905729544  0.7935021138751407  4.335837938347595  0.0  0.0  0.0  1.0;ok
36535719083006;4.488115034885534;0.008743143972822196;-0.7589439147127639  0.09128104489771854  -0.6447262249690532  10.253887382517568  -0.43547080401340926  -0.8072825764616894  0.39832150405582345  4.952594716069168  -0.48411704490998897  0.583063129158206  0.652432428872034  6.764568227784704  0.0  0.0  0.0  1.0;ok
36535719083037;2.300426924388642;0.018532616711408576;0.41836871075854165  0.8221674067160941  0.3860160322991386  1.281126863503348  0.48709576791297365  -0.5618078529075379  0.6686625825427157  1.0960630346949138  0.7666194197510959  -0.09172072691140452  -0.6355170914423444  -3.6336141361900243  0.0  0.0  0.0  1.0;ok
36535719083068;5.209340635066207;0.005219772646247964;0.5073613775048942  0.8616116269204576  -0.014485750647393315  -3.8248126643355667  -0.8616232747746304  0.5069561439923825  -0.024511230793567998  1.0060422481479028  -0.013775521150831235  0.02491731173014078  0.9995945991216467  7.424622567204943  0.0  0.0  0.0  1.0;ok
36535719083099;3.2857786138404523;0.012430834126836736;-0.9339189297081181  0.08298120145608136  0.34772050980313174  10.998993083016465  0.14499519602928976  -0.8011570574344596  0.5806235979112346  1.1631540519346948  0.3267595841919136  0.5926731726068464  0.7361838660354243  0.14761670397793528  0.0  0.0  0.0  1.0;ok
