# registration_from_features.py TEASER TEASER_config.json euclidean True --use_random_keypoints=True --n_keypoints=5000 --input_txt=/benchmark/point_clouds_registration_benchmark//tum/pioneer_slam3_global.txt --input_pcd_dir=/benchmark/point_clouds_registration_benchmark//tum/pioneer_slam3/ --input_features_dir=/benchmark/experiments/FCGF/3dmatch/features_normalized/tum/pioneer_slam3/ --output_dir=/benchmark/experiments/3dmatch/results_normalized/TEASER
id;initial_error;final_error;transformation;status_code
39885980090030;15.205318337116758;0.009826208874388717;0.597646349060152  -0.639815953375035  0.483171178012374  13.898777404843006  -0.7993758598606148  -0.5219507751567793  0.29759976980054836  11.564400424558354  0.061782490457843814  -0.5640947917859476  -0.8233954030432733  0.37622221285666557  0.0  0.0  0.0  1.0;ok
39885980090061;13.318166755923231;0.018659508686517636;0.7705886891341835  -0.5148303368531125  -0.3756897608854567  3.255610545812037  0.633896027359586  0.5579823542203091  0.5355665401016912  10.138915940709404  -0.06609764501247758  -0.6508497650260562  0.7563237961940197  0.04706190058564224  0.0  0.0  0.0  1.0;ok
39885980090092;16.131758473986306;0.03982615209475209;-0.515867375900207  -0.8370441199774078  0.18231289502687834  8.198278081164323  0.05453852564015693  0.18029485290327676  0.982099442641927  12.924899431544542  -0.8549306402877563  0.5165761388487016  -0.04735708045619642  6.90566338601467  0.0  0.0  0.0  1.0;ok
39885980090123;12.985542941208589;0.0471097007855381;0.5089446465501564  -0.65076679880675  0.563451790589711  8.39978129366023  -0.3195904214124691  -0.7506343005725146  -0.578282032701529  -3.738056105983113  0.7992729879642726  0.11423974953940975  -0.5900101442651948  -9.020422021103407  0.0  0.0  0.0  1.0;ok
39885980090154;12.128119033469892;0.018906610172898075;-0.6835806928331873  -0.6764096880829137  -0.27420315507534787  11.212708642427213  -0.7284362639519669  0.6086811843373066  0.314464346458282  0.8224032715538598  -0.04580442932075498  0.4147012776702162  -0.9088040517918535  10.23745661887556  0.0  0.0  0.0  1.0;ok
39885980090185;6.628057703543316;0.07556357922397429;-0.8026445074076216  -0.5928545901936553  -0.06546166523004726  8.043345595906668  -0.18773094929781703  0.14692788889099573  0.971169030674772  3.071991452003806  -0.5661438734139213  0.7917926687917419  -0.22922801801597814  4.99787462978384  0.0  0.0  0.0  1.0;ok
39885980090216;5.823010286342225;0.032402345370224454;-0.24829249634186915  -0.5070781486173193  0.8253620947530572  7.806476706318854  -0.9455065597399169  0.31213808333517395  -0.0926669435161808  3.0819158612506503  -0.21063756015751306  -0.8033937814836982  -0.5569472597331043  -0.8451535328402298  0.0  0.0  0.0  1.0;ok
39885980090247;5.3740242030998315;0.041310492169459694;0.8084552432062897  -0.4655634740378571  -0.36007050889243875  -4.068657792609345  0.5457237265985635  0.3638453775882954  0.7548524063914787  -0.8814780693037728  -0.22042171843907368  -0.8067634057450999  0.5482217372477429  1.83414454981121  0.0  0.0  0.0  1.0;ok
39885980090278;4.39500473301532;0.02783964980633872;-0.26588380891909735  -0.09999202770563403  0.9588051911363372  2.7668961584412957  -0.9280594136007407  0.2956191827990896  -0.22652819601155155  4.638448978591927  -0.26079019341555454  -0.9500583630264585  -0.17139889690941257  5.119566345151214  0.0  0.0  0.0  1.0;ok
39885980090309;6.062761454151005;0.06133249924253685;0.7599465923082069  -0.1980254132895275  -0.6190857069345538  5.894445525266691  0.182621111410767  -0.8490445969759338  0.49575478012125157  0.2953429707079982  -0.6238034197615793  -0.48980527563255843  -0.6090649271270457  5.779955576259673  0.0  0.0  0.0  1.0;ok
39885980090340;10.653667033347874;0.14835540708680747;-0.22805276541630023  0.8209932860065818  0.5234137565235502  8.561909703814454  -0.8685918987659557  -0.41444727055518243  0.2716276372674784  4.079639387124766  0.4399318692526504  -0.392687514776667  0.8076239633359044  5.70260483500022  0.0  0.0  0.0  1.0;ok
39885980090371;7.825764243118106;0.03851191245396513;-0.00896429792717713  -0.6736099842709583  0.739032631521202  7.490562269639048  -0.9995999947647547  0.02586143049835593  0.011447134090321498  5.913036015612999  -0.026823344850631342  -0.7386343990791779  -0.6735723663185469  -3.2710335140090923  0.0  0.0  0.0  1.0;ok
39885980090402;6.3535513934385985;0.02806223595291277;-0.4254694035318099  0.8396389719711467  -0.33761247519237764  -1.1639662826904882  -0.7371637187322273  -0.10515265720623587  0.6674822622866783  2.2352401910024153  0.5249432716429084  0.5328689477063806  0.6636906253120766  1.6526520462384542  0.0  0.0  0.0  1.0;ok
39885980090433;6.8874917645610045;0.05000216919718452;0.09770904871664515  -0.9591786689696491  -0.2653850462865252  7.218846016989286  0.8545929769799439  0.21752208380472593  -0.4715453178155916  -5.4143048554235484  0.5100233185800879  -0.1807219523214121  0.8409612300538544  3.541902972279016  0.0  0.0  0.0  1.0;ok
39885980090464;6.2677651862134764;0.04399470449223301;0.685386292137057  0.714440749657118  0.1407836843529488  -2.744954568677113  0.7274729846297396  -0.6803178036669736  -0.08916693696456673  -5.631117397058377  0.0320731536415482  0.163530123350774  -0.9860168414243067  -1.5871139122722622  0.0  0.0  0.0  1.0;ok
39885980090495;9.69087354585672;0.0794664590015844;0.5166699821965159  -0.8554894951093464  -0.03449424958754921  3.466716045237736  -0.5451917602558822  -0.2976677607630944  -0.7836835131297444  10.673219737124821  0.6601651869389545  0.42371172742779023  -0.620201820373025  -0.3847981799398925  0.0  0.0  0.0  1.0;ok
39885980090526;2.92110847772627;0.047463333448659745;0.24592584636988493  -0.32483990722166467  -0.9132357377826803  -0.0013667362368883073  0.4912248320877636  0.8539859260973165  -0.1714823675135659  -1.2123584123477495  0.8355947836287665  -0.4064321255805565  0.3695866405438194  -1.163389575028286  0.0  0.0  0.0  1.0;ok
39885980090557;4.738076726601074;0.038864400849263694;-0.37842184702533804  0.06822938021828437  0.9231151918200464  2.822003070504777  0.7722439382817113  0.5731018172838744  0.27421452699131965  -5.035384446117244  -0.5103295067709531  0.8166388790040238  -0.2695639735164298  4.9252411812582935  0.0  0.0  0.0  1.0;ok
39885980090588;14.769319861057435;0.05140953570471201;-0.1290923547209336  -0.7247523962881736  -0.6768080437074866  -6.338316124987411  0.3306543168437153  -0.6749185490968084  0.6596610302554445  5.936037035850301  -0.9348812152916649  -0.1386323056131182  0.32676933322325497  -2.6197505455997288  0.0  0.0  0.0  1.0;ok
39885980090619;2.836952107880147;0.06588087593803967;-0.11729977312915688  0.9848587284081384  -0.12764814257228102  2.437981213210047  -0.9840925431236258  -0.1325413289360386  -0.11829903927058374  4.187156484662106  -0.1334264958406786  0.11174113478112656  0.9847391984710995  -1.801122211627581  0.0  0.0  0.0  1.0;ok
39885980090650;12.55893498698289;0.029873555701745207;0.24266382028018585  -0.9224248014187652  0.3004109785852996  -5.597551878322248  0.9154107610409513  0.11521206524338214  -0.38568033213113295  -7.220222977362632  0.3211501345125861  0.3685901053336976  0.8723553893641295  -1.8786819156799688  0.0  0.0  0.0  1.0;ok
39885980090681;13.661467239296929;0.03309527802451732;0.7140402705377925  -0.396455790570559  -0.5770349193709082  5.583250174412047  0.25913680212162227  0.9153386383107299  -0.3082260453005865  4.893829824541532  0.6503803578187894  0.0705548250549391  0.7563249346841421  -11.78797884850107  0.0  0.0  0.0  1.0;ok
39885980090712;11.512393687205597;0.042394439587453155;0.8458562822356974  -0.5215284389897551  -0.1119608731982502  8.429439335961453  -0.029198843432215835  -0.25485204382644105  0.966539116280199  0.9760441310076737  -0.5326110938993158  -0.8142840555250949  -0.2307962295467122  8.676069181357088  0.0  0.0  0.0  1.0;ok
39885980090743;17.098275178250592;0.009348437134597378;-0.012274446288744204  -0.9229152066229381  -0.38480756145435147  6.3057852516109065  -0.03395734493153468  0.384999313506761  -0.9222919425672781  -13.007438904184902  0.999347905733286  0.001746420184984547  -0.03606540340869567  -6.044228266684307  0.0  0.0  0.0  1.0;ok
39885980090774;10.611953381784044;0.03715192902613279;-0.650735798442254  0.759047863889404  0.019729697175956698  5.739761990195848  -0.32048087157693084  -0.2510084245300712  -0.9133930051014307  -6.005039482001104  -0.6883566892091727  -0.6007005170131493  0.40660048854019193  3.9437418670903233  0.0  0.0  0.0  1.0;ok
39885980090805;5.343071835957388;0.059741044468624306;0.12405282504881937  -0.3800231864444426  -0.9166205727355349  -0.3986321983423546  0.570986632882236  0.7828325625174869  -0.2472800924702854  -6.231518642405124  0.8115326004956391  -0.4927023004075772  0.31410075056559084  -1.1124143455681172  0.0  0.0  0.0  1.0;ok
39885980090836;5.261479947974986;0.022079530325885062;0.6497994198361525  0.2155845715482978  0.7288923147426762  -2.293134283887074  -0.1770025761752912  0.9754901634032269  -0.13072501340927675  2.871912308421062  -0.7392095792181735  -0.044070779592403485  0.6720319667829858  3.933984511630644  0.0  0.0  0.0  1.0;ok
39885980090867;12.813048896623984;0.03590813681189538;0.7493084010843509  -0.40881413915378473  0.5209682520963861  -5.49569081533007  0.6105024456144481  0.7312364673276583  -0.3042696053649529  2.6326245105345594  -0.25656126746489105  0.5460441634869069  0.7975036599030074  -7.486742015576888  0.0  0.0  0.0  1.0;ok
39885980090898;9.513150698671726;0.010798593255188307;-0.607949500671733  0.7748382259036958  0.17327183357777323  10.392198468281768  0.676029266023228  0.6196106630955674  -0.39883211713497513  -1.7537701280738713  -0.41639144577318793  -0.1253329559879774  -0.9005053103842472  -3.3217020781772786  0.0  0.0  0.0  1.0;ok
39885980090929;3.2910700942172166;0.030239018162368462;-0.43204267789087386  -0.25721123636780546  -0.8643966128849808  5.287966249477421  0.49841777630875217  -0.8668919598352174  0.008834604263650073  -0.5104608851819935  -0.7516108333042585  -0.4270137115587758  0.5027329762413414  1.4611585840756511  0.0  0.0  0.0  1.0;ok
39885980090960;13.148595121958836;0.014558914199649907;0.6933624069030664  -0.720030167433913  -0.028374824733867585  0.7721441140660438  0.705229686606422  0.6699702868459513  0.23192866117097585  0.704875581174561  -0.14798534326950813  -0.18082138349389115  0.9723188599676349  12.079380782210617  0.0  0.0  0.0  1.0;ok
39885980090991;4.974292677219224;0.02574591074060204;-0.557236236545312  0.6615910739391987  0.5017818525662268  5.7863504620051485  -0.4575635105526568  -0.7489267936871218  0.4793164836600719  3.614636044884834  0.6929093811542355  0.03749544747705269  0.7200490823040813  0.9165764638349979  0.0  0.0  0.0  1.0;ok
39885980091022;13.287028172970416;0.05692861759902309;-0.5071545817266229  -0.7168107884956441  0.47851491484586695  15.631811959460299  0.6247455006928025  -0.6882303333170007  -0.36882525356389334  -3.433338407805146  0.5937064001657671  0.11189862286294266  0.796863481785671  -0.5947119375990524  0.0  0.0  0.0  1.0;ok
39885980091053;15.533441302838277;0.029542816110549344;-0.5039494635256146  0.8494434354024687  0.1564633767496313  -9.97500045372124  -0.8605608875165839  -0.5093029349981888  -0.006743832656609425  1.720977278490952  0.07395875261870499  -0.13804481320890907  0.9876607375294425  -0.010937360541023155  0.0  0.0  0.0  1.0;ok
39885980091084;7.763469718260981;0.052441969772505606;-0.5398648988499243  -0.02395904473218221  -0.8414106340932953  -1.2335918901964433  -0.8329643964417107  0.159264114406673  0.5299106114456992  5.095635877448914  0.12131036744754041  0.9869452396347932  -0.10593813624924342  1.9342735092080505  0.0  0.0  0.0  1.0;ok
39885980091115;3.6651649034345075;0.03421573487366249;0.4349372068050317  -0.8962977607499223  0.08648670540211742  2.6164330464997994  0.8981402502138044  0.43870170795782004  0.029747308798900418  -2.2003944250356775  -0.06460431164034491  0.06473897983106469  0.9958087905857779  -2.953260732507797  0.0  0.0  0.0  1.0;ok
39885980091146;8.080612412768405;0.036910077001460116;-0.5537283276330466  -0.7914195560396887  0.2589208865554333  3.5182054372458245  0.6604713505160333  -0.22806585031993923  0.7153765183910984  5.318762398303015  -0.5071119544284438  0.5671340707767301  0.648996464890201  -2.6260350495852642  0.0  0.0  0.0  1.0;ok
39885980091177;3.8726541071914253;0.046319097430929386;-0.5040891138171761  -0.8635787383811884  -0.011221762204302231  6.538765435446719  0.8636340256690059  -0.5039532776800603  -0.01293690930137592  1.7533927569728465  0.005516795968829796  -0.016212850812865547  0.9998533434613097  -1.702799062300054  0.0  0.0  0.0  1.0;ok
39885980091208;5.2059592602279805;0.029584410736671344;0.20949546750692138  0.9645869114974348  0.16026147154539488  1.8518800559751647  -0.9659420186891833  0.1786963729782194  0.18714599331830098  1.382636469000961  0.15188043200070545  -0.1940095267049225  0.9691711086918604  -3.8922963802600634  0.0  0.0  0.0  1.0;ok
39885980091239;9.534104921615693;0.04256209571725959;-0.45956184831898267  -0.12118317772484716  0.8798394995714554  11.879531222308266  0.34655326409977427  0.8876522884667694  0.3032725670440695  1.2391400724079804  -0.8177430786692311  0.44428375191561514  -0.36593470055783434  -0.4657797885993849  0.0  0.0  0.0  1.0;ok
39885980091270;6.793393155968177;0.03979514647212577;-0.27287398252544953  -0.945910835438215  0.17547786487554123  4.823374558412951  0.6809284401645842  -0.3187489379133619  -0.6593448065725026  5.416798898811367  0.6796147798832274  -0.060430174413796896  0.7310758818238988  -3.8905475915365857  0.0  0.0  0.0  1.0;ok
39885980091301;9.237550092631151;0.04180612190174295;0.11660310728699072  0.047102638460860546  0.9920610146664596  -2.7299386947651403  0.7163930917158183  0.6878405031025482  -0.11686051699990677  3.591910358738316  -0.687884186119197  0.7243319568689897  0.04646033518465589  -1.9590158069780077  0.0  0.0  0.0  1.0;ok
39885980091332;14.314334062580222;0.020183594999854913;0.43022593987554614  0.20781812477949765  0.8784743978462527  8.688476436785146  0.8611596332130097  0.19739523954739874  -0.4684433856171524  7.806158652656721  -0.2707576901634336  0.9580431860919206  -0.0940400276488895  -3.801770310674375  0.0  0.0  0.0  1.0;ok
39885980091363;4.939595963032118;0.03381822289642508;0.4221543205476111  0.8996309288063425  0.1115792166042654  3.1856372088396605  -0.9061290370517534  0.42239468341841363  0.022647287509087517  0.4066935807609911  -0.02675626757688851  -0.11066581836725725  0.99349744780269  -0.6701827486429233  0.0  0.0  0.0  1.0;ok
39885980091394;15.273466798993145;0.023875531534126783;0.11049790864774656  -0.9200389411921235  -0.3759236077643317  0.9739089214379402  -0.8751605214088665  0.08919544468434021  -0.47553993987353393  -3.620477851717427  0.47104593613769336  0.38153966941543543  -0.7953258493916342  8.811705801112376  0.0  0.0  0.0  1.0;ok
39885980091425;8.06198539416402;0.014588548522021075;0.4450790580878384  0.8675569703763064  -0.22192236300816223  -0.5443121012517775  0.21436113980777546  -0.34383556311687846  -0.9142354222389386  -4.5254425616521115  -0.8694561137814566  0.35933550991737945  -0.3390045095872072  -1.0973817858533024  0.0  0.0  0.0  1.0;ok
39885980091456;10.977064992754894;0.06806265683106143;-0.7187925699482411  0.6948638603782561  0.02239323396542732  -3.750264607035178  -0.6932601004602779  -0.7188092713673437  0.051996773997562806  -0.9321993950554291  0.05222714329740939  0.02185055918222341  0.9983961531208025  -3.583873078759307  0.0  0.0  0.0  1.0;ok
39885980091487;2.767744523025431;0.010259632615618706;0.9034075700481063  -0.3708867266716218  0.21516923190499884  0.31593957621942204  -0.3763602136305857  -0.4454519484664292  0.812358019104509  0.9013373226249338  -0.20544525298900745  -0.8148715221347923  -0.542011670020131  2.8070324568667266  0.0  0.0  0.0  1.0;ok
39885980091518;6.6339837111177165;0.03768433308964353;-0.9102638582084774  -0.4124953960783654  0.03559854847559013  10.145338405329692  0.4097106544630591  -0.909820112811304  -0.06606467999980836  3.8585736641499246  0.059639651733291485  -0.04555118591406478  0.9971801248535558  -2.3337621700631055  0.0  0.0  0.0  1.0;ok
39885980091549;8.72791924372333;0.009066377383915487;0.4733908622821607  0.39861293352408894  0.7854990902191257  -4.936454896201151  0.33931267889798833  -0.905452855509568  0.2549941810878071  5.825522854161079  0.8128763727940578  0.14581788531209366  -0.5638875303429626  -0.30618601082993624  0.0  0.0  0.0  1.0;ok
39885980091580;11.404884011730314;0.030866513381687097;-0.014234567056028977  -0.967478328282283  0.25255308631027884  12.86816670163144  0.9498679610266442  0.06581127952482102  0.3056464167995291  -4.69088935870315  -0.3123271261287003  0.24424282955989857  0.9180398719515191  1.6424559932388159  0.0  0.0  0.0  1.0;ok
39885980091611;5.185738995238877;0.02472107014523576;0.9671469512914584  0.005806518730322521  0.25415164557380193  -1.3197558485434249  0.17772891150573428  0.6993738514704493  -0.6923067599658242  3.557130393114173  -0.18176690739137305  0.7147324675846376  0.6753653020090327  -3.1069279585591185  0.0  0.0  0.0  1.0;ok
39885980091642;11.452810801369598;0.017830807789967526;-0.988932404612677  -0.032583015012761125  0.1447447623911397  6.708102608477537  0.030572331271112096  -0.9994029717743955  -0.01609448878206582  1.1378248280105097  0.1451827526520926  -0.01149117666667992  0.9893381227826898  8.85244265111802  0.0  0.0  0.0  1.0;ok
39885980091673;6.84357315400721;0.0376967135268362;-0.6929200171145555  0.5054816607004062  -0.5141499203321185  4.5642069930010765  -0.7147843021956943  -0.5751280603076044  0.3978832939210032  2.4193783349818974  -0.09457933821178394  0.6432075908619022  0.7598281015078666  5.294543981542245  0.0  0.0  0.0  1.0;ok
39885980091704;11.97004270038415;0.06614236474926326;0.06052189186022252  0.0013070897248710078  -0.9981660143092989  4.601094708621578  0.9981408509288536  -0.007299581928685572  0.060510807387533234  -0.8763436653486459  -0.007207101545300041  -0.9999725034320286  -0.0017464441583358303  -10.088278131708703  0.0  0.0  0.0  1.0;ok
39885980091735;9.206758517908435;0.016886931095301396;-0.6729361811983531  0.19635062686684338  -0.7131643060075115  7.815955302938933  0.7338144953110443  0.29859242311463785  -0.6102121363345103  -4.969719897608751  0.09312992271861509  -0.933964130032587  -0.34501858110382677  6.9698220289240025  0.0  0.0  0.0  1.0;ok
39885980091766;2.598811728309922;0.02547278615937129;0.8195777896610942  0.14989838576857614  -0.5530124055011889  -0.915386384048717  0.2516850851311968  -0.961254448834378  0.11244777685049934  3.321190857405957  -0.5147298948154634  -0.23134467476061038  -0.825549984460765  0.8777918374599085  0.0  0.0  0.0  1.0;ok
39885980091797;12.542227557622743;0.0250707954642705;0.7644034862671965  0.3558952460041386  -0.5376112759738306  -2.088798190694574  0.6217348965939461  -0.6276427100901548  0.46851931318570156  11.144818889385363  -0.1706840020033261  -0.6923894874579916  -0.7010447696957657  2.914312692476928  0.0  0.0  0.0  1.0;ok
39885980091828;9.47715700246654;0.018935057234890782;0.5433708948305752  -0.836250095770901  0.07371463880518751  -2.3553864309586414  0.8393132637852568  0.5393406860465393  -0.068299850724487  0.5849738098539718  0.01735845284462784  0.09898182508929254  0.9949378284178534  6.111755747664459  0.0  0.0  0.0  1.0;ok
39885980091859;14.228056617716064;0.013900950129442547;0.2424418017423555  -0.16639469755497488  -0.955790132504782  12.155548522741777  -0.90273785056252  -0.39955984899848795  -0.15942490467322498  2.4200705555856183  -0.3553679022220232  0.9014791909378128  -0.24708080131087545  6.582543338769475  0.0  0.0  0.0  1.0;ok
39885980091890;12.934736653014653;0.024686827561197878;0.5285238929592557  -0.05617560249656628  -0.8470577289980554  6.301180455049391  -0.7870941223331223  -0.4062396996363825  -0.46416823354037856  12.322307028391116  -0.3180335472239487  0.9120381615499933  -0.2589228740699887  -5.229599414475569  0.0  0.0  0.0  1.0;ok
39885980091921;11.389616762246979;0.010491761839601406;0.5910731247952952  0.049470412678287716  0.8050995214345652  4.6307534922795694  0.5871155117333902  0.658034969389178  -0.4714714783982411  0.400103865630084  -0.5531075275448392  0.7513605375120678  0.35990193892616296  9.24151043786367  0.0  0.0  0.0  1.0;ok
39885980091952;7.751231368250753;0.020776240293778392;0.5936416604801502  -0.522328972919587  0.6121780974448037  -1.837404308299584  0.35372959937673853  0.8526636679543773  0.3844997267558975  -3.9372579132656242  -0.7228173693728882  -0.01170954308917077  0.6909398940092403  -3.00674050383394  0.0  0.0  0.0  1.0;ok
39885980091983;14.851121124669065;0.017949918117629693;-0.8019136170434557  0.2861041229980888  0.5244797246832111  5.0295633152124735  -0.4655864247537346  0.25085067197445765  -0.8487067935718432  1.5088966825502086  -0.3743846042311538  -0.924780174513629  -0.06795437396683571  14.863948039109589  0.0  0.0  0.0  1.0;ok
39885980092014;8.09691717384987;0.027295438834457505;0.06022119424334679  -0.2746319255835415  -0.9596617702160392  6.810730940770007  -0.9598721383137133  -0.2797367798880608  0.019819487049847595  4.362207215828832  -0.27389575727448867  0.9199590422557606  -0.2804576166177338  5.10796959951815  0.0  0.0  0.0  1.0;ok
39885980092045;7.770476372289854;0.020133239969593316;-0.8243037467709001  -0.45428687825835684  -0.3378561310702109  1.2629334031913377  0.5192174553271476  -0.8445024756157175  -0.13125853405598342  4.619607048994813  -0.2256913094096806  -0.2836177020589532  0.932000231725155  -3.0972519442783946  0.0  0.0  0.0  1.0;ok
39885980092076;16.718631862778135;0.024540597685017165;-0.5372340675652104  -0.4540588761187185  -0.7107813261933273  -0.20892176016594816  0.5344835863674551  0.46863615013166837  -0.7033544303504113  -13.90071959450377  0.6524621464507515  -0.7577669139039882  -0.009080288613428217  2.001400799575733  0.0  0.0  0.0  1.0;ok
39885980092107;10.262899426928634;0.03744256937130357;0.6558877792114647  -0.6529247024410648  -0.37881466975725736  -3.813491605670866  0.1691207527719763  0.6161821702730059  -0.7692318922272324  -6.430121680622815  0.7356693496829217  0.4404643753811372  0.5145694724303139  -4.300379895310142  0.0  0.0  0.0  1.0;ok
39885980092138;15.257229419744425;0.019501637895755763;-0.11178647555673495  0.9936500569684438  0.012780773419958105  4.4289377557351  -0.9930613577722006  -0.1112292452983871  -0.03817321953916658  9.449258884791401  -0.03650922598793005  -0.01695934187873957  0.9991894000342492  -10.915945181655665  0.0  0.0  0.0  1.0;ok
39885980092169;15.992191385092843;0.017717063794547627;0.10755399869255358  0.592814575595186  -0.798124687205666  -7.200979020113283  0.397597275829994  -0.7614376920280284  -0.5119853976546567  1.3386265288862038  -0.9112346259980518  -0.2622661246156838  -0.31759712886180386  10.415412599851948  0.0  0.0  0.0  1.0;ok
39885980092200;6.917432320039796;0.055980211558746405;0.37801700531040183  0.8973793460207196  -0.2276256862297859  -0.7889518957974805  -0.9257980623847697  0.3666902022797719  -0.09184902414629181  -3.5165256669025675  0.0010446917066311272  0.24545591230900327  0.9694071919125586  -2.433108567466572  0.0  0.0  0.0  1.0;ok
39885980092231;11.63978213050849;0.03453476739088091;-0.885792874968751  -0.17720789653138846  0.4289153110597882  1.017528318134266  0.083503352266548  -0.9700011494629516  -0.2283089139757815  2.7075665839774343  0.4565064871552679  -0.16641854297965927  0.8740175603142558  -9.975307976952685  0.0  0.0  0.0  1.0;ok
39885980092262;5.191873642222159;0.028773431656190573;-0.4423921620556209  -0.6488447507207841  0.6191039205285622  7.751402463264845  -0.26692026514264644  0.7543079115878338  0.5998109256859019  1.6255167211696164  -0.8561791559060119  0.10010026962043356  -0.5068897207618077  4.762657114343857  0.0  0.0  0.0  1.0;ok
39885980092293;17.8683780302977;0.014459248216463255;-0.2960944324776036  -0.8288405944186387  -0.47471186639847457  9.985072525153699  0.8264867543151836  0.02680930014065508  -0.562317442702538  10.49453372800072  0.4787982163681482  -0.5588421337638442  0.6770876882154595  -8.347511215916184  0.0  0.0  0.0  1.0;ok
39885980092324;2.5378082800465176;0.02465089761720844;0.9289585823269869  0.21641038425094006  -0.3003373068890955  -0.2825417356195683  0.055972903884881846  0.7198776275590122  0.6918404695959195  -1.2120486748483217  0.36592756981638874  -0.6595018930438098  0.6566233827087666  -1.6125368433958662  0.0  0.0  0.0  1.0;ok
39885980092355;4.721106299632293;0.012001331419535332;0.5256606531988097  0.8422630925385698  -0.11947284472198899  -0.78795992128512  -0.8505924075970568  0.5225625937339383  -0.05848839003000353  -0.31140356509725564  0.013169427354421708  0.13236773994226442  0.9911131860719712  1.9832116718116983  0.0  0.0  0.0  1.0;ok
39885980092386;4.150156398285817;0.01167993322055637;-0.08926262424934867  -0.9958791407941885  0.01602875051739313  -0.7882651680639753  0.9493831536817168  -0.08020689506397133  0.3037078884216792  2.0549492281099777  -0.3011707346630439  0.042327188841527696  0.9526303573093268  4.743996917744045  0.0  0.0  0.0  1.0;ok
39885980092417;6.211588953303198;0.012091012675908609;-0.9460417908778048  -0.09755100119643875  0.3090125112002566  0.1440550719563498  -0.17626319081038366  -0.6452782575779883  -0.7433352257645653  4.177895180967493  0.27191215029501437  -0.7576937194293534  0.5932655476759575  0.38781790443407116  0.0  0.0  0.0  1.0;ok
39885980092448;6.198581447326856;0.018648528219132335;0.5459268469474005  0.5197460522972385  -0.6571361494420366  2.8149947387125627  -0.6814273195100726  0.7317760514185898  0.012673547077864103  1.2025751196295356  0.48746352274543236  0.4408716952715992  0.7536653516654186  -7.586483726242628  0.0  0.0  0.0  1.0;ok
39885980092479;13.852347125351322;0.028989993858719924;-0.9621432195306088  -0.25497735691531703  -0.09626511606887307  5.24540716907065  0.2199305056594434  -0.9349715766103579  0.2783140736849697  -3.3376230225517403  -0.16096893424402162  0.24660636324154356  0.9556538619275937  -13.430245212228344  0.0  0.0  0.0  1.0;ok
39885980092510;11.087356919905194;0.02806282563910313;0.5264265865417829  -0.7876228454534445  -0.3201957249898654  1.2801498599285455  0.8018284680765557  0.5851539078257751  -0.12110331101265834  -10.431428427431067  0.28274751416055044  -0.19299004501798436  0.9395789938903414  -3.646611620178832  0.0  0.0  0.0  1.0;ok
39885980092541;8.13198811043238;0.008400895817750902;-0.6827845382664134  0.7141693573838691  0.15416680342483563  6.401553156648379  0.4249434503434387  0.5598268378310213  -0.7113487018715451  3.270234656942678  -0.5943301593512932  -0.4201857215780076  -0.6857226998338581  -1.9996348676427032  0.0  0.0  0.0  1.0;ok
39885980092572;12.857597382515118;0.019996796777476684;0.4301095595062784  -0.08460574622761559  -0.8988034459917166  -7.059139215918255  -0.6511287045103656  -0.7186978015937812  -0.24393622147380944  10.290901368314485  -0.6253296546494249  0.6901560241637652  -0.3642080247969519  -0.6862265200565951  0.0  0.0  0.0  1.0;ok
39885980092603;4.595426400726901;0.014735577349135378;0.6660449428063242  -0.1902726032229295  -0.7212353781012757  3.614138029474428  -0.5934433494968872  0.4506159232699206  -0.6669109990347386  5.255581912596253  0.45189503770238093  0.8722050367650758  0.18721444586782585  -2.858533984005198  0.0  0.0  0.0  1.0;ok
39885980092634;14.955394496186754;0.013460674577521984;-0.32989130014440393  0.9440161051462354  0.0023072307138461493  10.675381033281832  -0.2200765919006621  -0.07928314998314065  0.972255355257116  11.278600142365683  0.9180076381961236  0.32023081574589746  0.23391066854740275  -4.189653554063112  0.0  0.0  0.0  1.0;ok
39885980092665;13.790322686089336;0.017750494808190933;-0.4098535846850935  0.6498322504249588  0.6401078701503454  -6.479817461675639  0.7904178084416594  0.6032678298120656  -0.10633726351625428  -6.729049099302875  -0.45525786892602194  0.4623699512527544  -0.76089046580928  6.087924023490442  0.0  0.0  0.0  1.0;ok
39885980092696;10.060575966549875;0.027536301843850242;-0.42703337398180774  0.8843213997134405  -0.18872773912325208  3.8604389370148753  0.8360490323701404  0.30662395063745673  -0.45497666793851255  -3.612773055920111  -0.34447715886349567  -0.35207586526818274  -0.8702747107189748  -6.597025627397962  0.0  0.0  0.0  1.0;ok
39885980092727;5.0885328238275855;0.009419392008132153;0.27758020727771143  0.8860580691335701  0.37128200421102026  2.510530524311648  -0.925252832950091  0.14255065490029564  0.35154872479548027  2.4070237973477777  0.25856609144567677  -0.44111269411657883  0.8593969789589213  -3.8848451508289847  0.0  0.0  0.0  1.0;ok
39885980092758;7.042514947121556;0.016882004968545895;0.7303921012235515  0.6681588773215228  -0.14174305318669578  0.2552154041186139  -0.5133440847733789  0.6738833450081186  0.5313747151952656  0.14690719510283645  0.4505610159550271  -0.31534893685742793  0.8351944797018619  -7.296455059976541  0.0  0.0  0.0  1.0;ok
39885980092789;9.837958892178126;0.01826039685199442;-0.34722950678581826  0.5388019589051424  -0.7675442128615518  0.8164000902626715  -0.19761097115556855  -0.8421305529744103  -0.5017629279111466  10.486907539257793  -0.9167232808739122  -0.02255173667358767  0.3988857549183406  4.402735236504198  0.0  0.0  0.0  1.0;ok
39885980092820;8.268718839568454;0.024084355797471604;-0.3657109049641943  -0.5674328627324501  -0.7377502831456766  5.391302573902085  0.9230752707279998  -0.3225698030641688  -0.20947736565455916  0.9583849527299568  -0.11911162227381693  -0.7576071993073982  0.6417505379794394  7.823265059372568  0.0  0.0  0.0  1.0;ok
39885980092851;6.8936455006206945;0.01616777297937013;-0.7510394051602812  0.28027593004688905  -0.5978170413536592  8.087338492921335  -0.6595423534079919  -0.27634044538426195  0.6990277836437369  -0.3197946735127754  0.03071963472339198  0.9192830691800976  0.3923964102298623  0.9303582769871884  0.0  0.0  0.0  1.0;ok
39885980092882;8.701798953500287;0.010995838509698461;0.02632992029902921  -0.5737149329117304  -0.8186317310311992  -0.3955397787782327  0.8179308795074504  -0.458441117815316  0.3475928909578197  1.9385193727505219  -0.5747136779694895  -0.6787362648704824  0.4571884415691735  7.849666489332668  0.0  0.0  0.0  1.0;ok
39885980092913;12.068994851548805;0.01478189771895083;-0.18986240193956544  -0.8982338137489676  0.3963941020849379  9.870983090925705  0.9189008298845033  -0.3047669951392333  -0.2504762334261973  -1.2810964705719534  0.3457940617872307  0.3166908500600986  0.8832515906132867  7.120783795789202  0.0  0.0  0.0  1.0;ok
39885980092944;3.372320270673433;0.019188431194051742;-0.8593370719076802  -0.5113791510210799  0.00558218112341104  5.655010293666648  0.5091756799098288  -0.8545132265528539  0.10269991545563453  -1.496040919060873  -0.04774854797267068  0.09109615550170391  0.9946967209251829  -0.7646984576106148  0.0  0.0  0.0  1.0;ok
39885980092975;6.497637263498034;0.010210156187209465;-0.9359374434965385  0.35216586263004757  0.0005541292246487063  7.137354825301283  -0.35048731711713504  -0.931627597411294  0.09606591633713091  7.047165278165439  0.03434737837442649  0.08971747287844323  0.9953748201853964  -3.0327268375133687  0.0  0.0  0.0  1.0;ok
39885980093006;15.880192191604793;0.021200852440166378;0.6050813910319028  -0.47472100985865884  -0.6391529339881593  11.313862577426951  0.6131763864199614  0.7899215933431044  -0.006212528249408392  -9.15757624731851  0.5078299216901813  -0.38815440119759853  0.7690545698889496  3.313788638850458  0.0  0.0  0.0  1.0;ok
39885980093037;17.265572118183027;0.015202029265591326;-0.9429740184168371  -0.10522220964146864  0.31579785811333294  -2.2450283604681336  0.24289437638600897  0.4311873905077288  0.8689532531656613  -11.414606777264513  -0.2276012357410515  0.8961058647644826  -0.3810406233249206  5.1821999070310465  0.0  0.0  0.0  1.0;ok
39885980093068;7.330304072587055;0.017997929752224175;-0.053026058702060494  0.14168910166299564  0.9884899774749651  -2.0827362953888064  -0.9204070540597509  0.37703532360407677  -0.10341769477134657  6.793310658202171  -0.3873487988048701  -0.9152969808890997  0.11041895145183027  0.9514710360113144  0.0  0.0  0.0  1.0;ok
39885980093099;11.7148593534829;0.009931565730736686;0.31862060281501886  0.19043600144302747  0.9285553515090984  -1.8291214860333371  -0.2453432215319309  0.9627959738520313  -0.11327231075003226  12.192738831385634  -0.9155804798651657  -0.19172386937653124  0.3534888156662995  -4.943514104344664  0.0  0.0  0.0  1.0;ok
