# registration_from_features.py TEASER TEASER_config.json euclidean True --use_random_keypoints=True --n_keypoints=5000 --input_txt=/benchmark/point_clouds_registration_benchmark//tum/pioneer_slam_global.txt --input_pcd_dir=/benchmark/point_clouds_registration_benchmark//tum/pioneer_slam/ --input_features_dir=/benchmark/experiments/FCGF/3dmatch/features_normalized/tum/pioneer_slam/ --output_dir=/benchmark/experiments/3dmatch/results_normalized/TEASER
id;initial_error;final_error;transformation;status_code
1807261650030;4.242065528890624;0.039436202513792915;0.49764374148718765  0.6420939995164631  -0.5831517832808072  6.61542060793275  0.8059303915593308  -0.09373959991344663  0.5845417789765689  -5.2690298937834426  0.3206663538939776  -0.7608733029834991  -0.5641319936746394  1.898407707609297  0.0  0.0  0.0  1.0;ok
1807261650061;7.372035540033227;0.03930067538632668;-0.6549741954885542  -0.753830834656093  -0.0524201866251921  -3.1546621777267214  0.7555328240649373  -0.6520658442163733  -0.06308951233644214  0.8810066975318908  0.013377406496890315  -0.08092717422526868  0.9966302410961301  4.497934669346006  0.0  0.0  0.0  1.0;ok
1807261650092;12.102589230009645;0.0888812193600322;0.44825943935997237  -0.6341283236201958  0.6300355102748767  7.70191477489101  0.8707408449026012  0.15034538715592144  -0.46819509350188665  -9.202447624281877  0.2021728370552973  0.758470522659633  0.6195551712425905  10.794527408877238  0.0  0.0  0.0  1.0;ok
1807261650123;9.366919006451113;0.07251673916573294;-0.7839888637770371  -0.2795078422666799  -0.5542894799516  -4.273226952602417  0.45643820616231895  -0.8647305369372142  -0.20953582615773036  -0.07570126206298815  -0.4207441329702828  -0.4172726501937347  0.8055171692592172  3.4055336490202963  0.0  0.0  0.0  1.0;ok
1807261650154;4.484926530514292;0.03369470210002067;0.4186657680014879  0.4627700971921822  -0.7813851878865266  -0.559627292918216  -0.6050447850991829  0.7837846809327965  0.14000850673926074  -2.75711036137133  0.6772294904447146  0.4141562640837543  0.608140449396502  -2.6861412899936967  0.0  0.0  0.0  1.0;ok
1807261650185;4.785592360357215;0.026109398824274783;0.8827820516818595  -0.3469824675428387  -0.31670019963089613  1.7395445079659229  -0.21720818739908995  -0.8992260399503519  0.3797540419824512  -1.1017628339152143  -0.41655306091201433  -0.26645017600499055  -0.8691880413073694  4.20811807085675  0.0  0.0  0.0  1.0;ok
1807261650216;5.7139193037879235;0.02262946349317048;0.5673345913171668  0.14148365108263516  0.8112421574174451  0.08407460972533426  0.2663671984166978  -0.9636996225320288  -0.01820860069485511  -0.05787508307006605  0.7792175415778465  0.22641866974247576  -0.584426735262364  -5.489906875723707  0.0  0.0  0.0  1.0;ok
1807261650247;12.652214164961155;0.039083630460786875;0.520946620623271  0.8025466555208014  0.29074642589990585  -8.420237537947788  -0.7541575745274874  0.2731940240293823  0.5971694717728384  -0.6303092951072764  0.39982617628665923  -0.530362037618653  0.7475661427652944  4.618666615567145  0.0  0.0  0.0  1.0;ok
1807261650278;6.989420057286833;0.030922951017219986;-0.5646228113632364  0.7429001583394168  -0.35958369766654674  -5.171422592808644  -0.8241195585776462  -0.5312340890956617  0.19651283864544064  -6.696869355658159  -0.04503369913811181  0.40729558961763096  0.9121854354351234  4.698352483835859  0.0  0.0  0.0  1.0;ok
1807261650309;8.352466281140485;0.02642220228712223;0.6394844682420309  0.5343335520693717  -0.5527633037839392  -6.229863481802257  0.2511602102987549  0.5343429087705903  0.8070911996851846  0.46389552116491545  0.7266210591772665  -0.6549544342773114  0.2075006635666367  -1.0935993366373933  0.0  0.0  0.0  1.0;ok
1807261650340;10.036300996119001;0.05467819714124147;0.6973031318035734  0.5553536913754188  -0.4531562863434909  5.8963449563548185  -0.7166153117759757  0.5535454699023661  -0.42432288139904684  8.195085842957603  0.015193330943204183  0.6206204075167555  0.7839639484495353  -13.068488321497348  0.0  0.0  0.0  1.0;ok
1807261650371;3.1812712757927435;0.026119257654310144;-0.10534045509690268  -0.9802393869093884  0.16743396570434665  2.4519177897509774  -0.6741527304341771  0.19416800711480955  0.7126127146362233  4.950586428751631  -0.7310413699429889  -0.037809117479388685  -0.6812848053988204  3.226191878523828  0.0  0.0  0.0  1.0;ok
1807261650402;12.640830633455;0.012459015226800957;-0.5233082388631352  0.7009002592772816  0.48465174474358863  -0.6664487623670833  -0.6009098527308201  0.09973168258806725  -0.7930705771740483  13.86435958807739  -0.6041985071389941  -0.706252375594726  0.36898746040728614  3.660005074810733  0.0  0.0  0.0  1.0;ok
1807261650433;17.72602606662104;0.05615888516765616;0.23738731140847025  0.29692555244185104  -0.9249229593265376  -3.9013139776596053  -0.7970748477923606  0.6037849609260706  -0.010742810446530738  -2.3669853403196073  0.5552647579299845  0.739783033913732  0.3800027780613589  7.968082891360488  0.0  0.0  0.0  1.0;ok
1807261650464;13.516242316124647;0.016557880864958477;-0.8255105174478916  0.5622584876198521  0.04896711837908202  -9.315363725604488  -0.5628115363848664  -0.8136246283649912  -0.14580170996952213  2.5354386171504797  -0.04213739544656669  -0.14792010416899826  0.9881012512326924  6.768944971182803  0.0  0.0  0.0  1.0;ok
1807261650495;7.578236265964046;0.014285290173383314;0.5893068295110839  -0.39134257601012334  0.7068015625996849  -8.01970425440503  -0.8066063820064466  -0.33465897908565695  0.48722634598697195  5.058198854129828  0.0458650760172165  -0.857236464412887  -0.5128762412929925  -2.5477441439381368  0.0  0.0  0.0  1.0;ok
1807261650526;15.116037694080763;0.04361511969845581;-0.248184103077144  0.7955456598481071  -0.5527311770441701  -2.436581027142909  -0.9161444672719483  -0.37816494197954714  -0.13293077801850148  1.5451549922473375  -0.31477605701004635  0.4733903038238591  0.8226892816724685  7.423706339587738  0.0  0.0  0.0  1.0;ok
1807261650557;24.456095870239103;0.0510035040603528;0.4529596385689971  -0.8784947608395611  -0.1519029986698342  2.315061303384999  0.8368828513447534  0.4777133395446524  -0.26723970203952174  -2.701551744030352  0.3073347669114581  -0.0060762158075209766  0.9515820619625721  -8.089386113800279  0.0  0.0  0.0  1.0;ok
1807261650588;6.853314294203077;1.4841662070807549;0.2798603856455958  0.3344459894445423  -0.8999022417411571  -2.0565301919595482  -0.1965258402962776  -0.8975509288128093  -0.39468965565758823  -0.9017722400679916  -0.9397104653254327  0.2873120434853448  -0.18546166996480684  0.5298451773432493  0.0  0.0  0.0  1.0;ok
1807261650619;35.588647047747834;0.07453079157811002;-0.9383442164144256  0.17962126724521424  0.2953749005498255  -0.13750712468493034  -0.05025020714234377  -0.9162135791286308  0.39752684702099716  -7.873583827867077  0.3420307708434253  0.3581743678343368  0.8687497188619544  -10.96004971292297  0.0  0.0  0.0  1.0;ok
1807261650650;3.7851067611784845;0.016653271991919634;0.09585396922659725  -0.9780166086589235  0.1851905228968397  -0.952586693071893  0.700373360692392  0.198468605380108  0.6856291769688045  -2.7344997999939475  -0.7073112272655874  0.06398223085961613  0.7040007826119764  -2.7473150871931513  0.0  0.0  0.0  1.0;ok
1807261650681;15.599629407378206;0.04835311833309906;-0.8630079447185758  -0.5051628115078083  -0.005274582651371831  -3.246709890319448  0.5048437052524033  -0.8627554855753418  0.028032220330914334  -1.2818627967648633  -0.018711510351762745  0.02152918900430207  0.9995931039183766  3.799826359995462  0.0  0.0  0.0  1.0;ok
1807261650712;15.285930710511307;0.013888917751359602;-0.8303333403768298  0.2983463967130301  -0.4706760790894382  2.7926995267221764  -0.07464653681989364  -0.8965497544539451  -0.4366078702100622  -1.6143642615505844  -0.5522449079887041  -0.32739573203834155  0.7667056777170933  8.549597851756404  0.0  0.0  0.0  1.0;ok
1807261650743;12.892867624387561;0.043128394467189475;-0.5222160270154829  0.8517497186530187  -0.04257743419544275  3.5458447782138993  -0.7959871383838482  -0.5047306469234498  -0.33414285804686605  7.390686972818647  -0.3060962212371403  -0.14060366577987587  0.9415602543191831  -0.10591667163575322  0.0  0.0  0.0  1.0;ok
1807261650774;8.730798497462562;0.0475062417285164;-0.3340044997213849  0.9339178513851141  0.1274301417643369  1.7035556062309203  -0.9366119170349302  -0.31366691003675806  -0.15611273623937644  -0.3566426828092452  -0.10582585238976394  -0.17149494573369795  0.979484748504935  5.208154467404662  0.0  0.0  0.0  1.0;ok
1807261650805;27.065215252830498;0.04209480795272173;-0.2982215766106964  -0.4034468557136737  0.8650401874240182  11.30013955553378  0.08963196964782685  0.890437258760114  0.44619233322506213  0.09340457059959029  -0.9502789070903772  0.2105994369093232  -0.2293858668545087  0.9116699017349009  0.0  0.0  0.0  1.0;ok
1807261650836;7.792680035821759;0.10857006802445017;0.11376770750408327  0.9485313282390048  -0.2955422610700783  0.2692727290324136  -0.9935043447255546  0.10788212325769615  -0.03620171947378206  -0.5426158948892864  -0.002454738420381914  0.29774110705537504  0.9546434975574535  -3.810376486000134  0.0  0.0  0.0  1.0;ok
1807261650867;39.325074377946905;0.031154401922237125;0.43998732721795875  0.8844425290579526  0.1554752864000252  -1.8803153660732035  -0.5143348453395853  0.10627555186599733  0.8509789503536984  -12.93430123197389  0.7361187531622204  -0.45438631126955253  0.5016595074089071  4.524691755760656  0.0  0.0  0.0  1.0;ok
1807261650898;3.285326842341318;0.022895295664200097;0.3041251899056689  -0.9506525642902283  -0.061380541487143656  -0.14247324516880813  0.7703652452066074  0.20752271165895889  0.6028861527050334  1.0573455899764366  -0.5603974106316029  -0.23063830157657408  0.7954625798887521  -0.24326500964246245  0.0  0.0  0.0  1.0;ok
1807261650929;12.554732005914778;0.07110487369316314;-0.8221832954671769  0.5651139493308021  -0.06827043962416574  0.17859849798349814  -0.5655733307716226  -0.7974556787449668  0.21021714477486717  3.672356021488708  0.06435399113206397  0.21144896478618358  0.9752681165280783  0.9528884061503007  0.0  0.0  0.0  1.0;ok
1807261650960;16.500132258179224;0.0222637464008893;-0.676827171604108  0.16610854545031978  -0.7171561412319936  6.513577476522765  0.7104963249341076  0.4023080777668592  -0.5773587990311235  13.299534437549307  0.19261347832773829  -0.9003089256982376  -0.3903125494710309  4.671997601268478  0.0  0.0  0.0  1.0;ok
1807261650991;6.090238403131256;0.1216373838832311;-0.01609406245167209  -0.9833696977743688  0.18090057670706403  -1.2726961762967397  0.9684812854942629  0.029645798951181444  0.247315843107405  -0.768480119550616  -0.2485658480185526  0.17917913970016935  0.9518980276768751  -1.3893652989557261  0.0  0.0  0.0  1.0;ok
1807261651022;18.00713753417378;0.035786212561410805;-0.34643028478625243  -0.8537820181270855  0.38864163866698226  -8.77906630918717  -0.812831208231939  0.06638810197287315  -0.5787037643221664  8.095724209712708  0.46828568706199214  -0.5163805626079283  -0.7169795184338228  9.414495415903497  0.0  0.0  0.0  1.0;ok
1807261651053;17.655152207016677;0.10730115740267998;0.2455800113474983  0.9351063354680798  0.2554732850887182  -0.9033205264790134  0.38682261793895356  0.1471195004971826  -0.9103428556452312  6.0558838857412916  -0.8888524738545857  0.32238485377095255  -0.32559067213552767  0.7799506191571056  0.0  0.0  0.0  1.0;ok
1807261651084;7.048108031378534;0.0771443791750469;0.3517541617534722  0.9340649128973555  0.061577172581806186  2.267800603097111  -0.9320592821792588  0.35557976390641105  -0.06948759604237023  0.02408519217149631  -0.08680152183342597  -0.03295102417707885  0.9956805340133372  -3.096465370880482  0.0  0.0  0.0  1.0;ok
1807261651115;29.330989838652297;0.04660552809615209;0.2947173476877908  -0.940835513734123  -0.16724300005836454  0.5145080684691409  0.1057257106827183  0.20604614564632762  -0.9728139904241334  8.553527611576978  0.9497177259967868  0.26902327401349607  0.16019587687125827  -6.762192759885912  0.0  0.0  0.0  1.0;ok
1807261651146;12.978837113850958;0.01169449620679209;0.7155421644368536  -0.6965186645737579  -0.05348981971751182  -1.6484820809726481  0.6819076878294732  0.7130485985778342  -0.16298343886802835  -1.8202898779494912  0.15166184817575068  0.08014640332900674  0.9851777696646122  10.463551178586922  0.0  0.0  0.0  1.0;ok
1807261651177;4.659029665212119;0.01958201416174886;-0.9017273258640482  0.41740074419288886  0.11253643204444608  -0.4801498923015021  -0.39937847382947855  -0.9039733205919551  0.15273856847433864  0.28350744183305254  0.16548312431093448  0.09278391242654255  0.9818383172208727  -3.307502068486437  0.0  0.0  0.0  1.0;ok
1807261651208;13.18942876420926;0.01533902673606055;-0.09617086570729305  0.3229395129638518  -0.9415207037318828  7.059205344741288  -0.9733791320872794  0.1671978738526368  0.15677351879756748  9.707675923279487  0.20804862365832494  0.9315336504634856  0.29826301857261606  4.561947305107509  0.0  0.0  0.0  1.0;ok
1807261651239;14.502722552119096;0.03571236350557181;0.8345000912225894  -0.44511198223634996  -0.3247844223775477  -0.5204258373797204  0.12617965169792567  0.7281462457096048  -0.6737074590327746  -1.2949250018796887  0.536365820356667  0.5212277507276784  0.6638021833532074  -8.67243432861198  0.0  0.0  0.0  1.0;ok
1807261651270;5.3367863312056185;0.023430746000968485;-0.5317869211549713  0.2978878741682979  0.792758150328339  -2.426311652403342  -0.40803424131532495  0.7301521163562129  -0.5480747621399574  -4.099861284798492  -0.7420988670000407  -0.6149314607369152  -0.2667368931985604  -2.363390068332142  0.0  0.0  0.0  1.0;ok
1807261651301;18.499291020604566;0.0505402202460004;0.8213807419335526  -0.22855668664681905  -0.5225854167212421  -9.192190575387855  0.5694549486164608  0.27643336582563904  0.7741483422151934  -3.5575240568645414  -0.03247673439418528  -0.9334593913220519  0.3572097793674652  -0.5352461467589166  0.0  0.0  0.0  1.0;ok
1807261651332;12.390821196249583;0.02542218049917206;0.20962158775480488  -0.5876651768886338  0.781478361709142  -5.325866340464641  0.9396953667628449  0.3419745608834055  0.005100724756575595  4.92042123472612  -0.27024323790170046  0.7332823737013261  0.6239114943542494  1.3897219339926528  0.0  0.0  0.0  1.0;ok
1807261651363;14.174233102738592;0.035616261919341696;-0.28231569771060344  -0.8605286031191807  -0.4240145870603109  4.1333931062018925  0.5988324920215584  -0.503385741674356  0.6228984199516062  -0.7357996368461428  -0.7494648045942013  -0.07805970979134795  0.6574261847400554  4.208038497972892  0.0  0.0  0.0  1.0;ok
1807261651394;15.37282925956283;0.0107492105932472;0.6497445730366304  0.7596624161848055  0.02729474758467021  3.4882522564784173  -0.7594630281503679  0.6472074298036737  0.06586692401802295  -1.128883844355727  0.03237126321477772  -0.06352602807658021  0.9974550341116606  12.207283132822909  0.0  0.0  0.0  1.0;ok
1807261651425;13.890754583273365;0.023236408022974987;0.14782650086040164  0.7970730407018219  -0.5855099430664874  9.671490775542031  -0.9225736490554274  0.3244585611840724  0.20876902103261152  0.11362706080406416  0.35637787208512695  0.5093144508657814  0.7833221574980265  -9.122351917640854  0.0  0.0  0.0  1.0;ok
1807261651456;9.3716141831985;0.7207715546323296;-0.8839260164420012  -0.44510476201547844  -0.14337554982674233  3.6915075960456414  0.44902423354227217  -0.8935022479182497  0.005565128642704843  -6.544062067420305  -0.13058344132680594  -0.05945993437752112  0.989652707294367  -7.368173634536715  0.0  0.0  0.0  1.0;ok
1807261651487;17.785414458371655;0.02472974756535158;0.7130245533245829  0.6188376831958188  -0.32959961804151094  -2.262638756623165  -0.6830574103135303  0.7191692184510649  -0.12738998959203474  6.218118024846825  0.15820417368720865  0.315967651966647  0.935486976039021  -3.813811071057823  0.0  0.0  0.0  1.0;ok
1807261651518;16.45702919953805;0.018944221875837008;0.15593957550800036  0.39729229131823063  0.9043459979728412  -13.7622186785052  0.7121968181454834  0.5891747583408481  -0.3816396158124207  5.6795592603172524  -0.6844403122360881  0.7035850619456845  -0.19107464403487207  3.5889568323315397  0.0  0.0  0.0  1.0;ok
1807261651549;5.869275751550298;0.24649860460214224;-0.005530519354581098  0.9738407003361217  0.22716448605475792  -0.43338466563203987  -0.740553887619569  0.1486647172394131  -0.6553462759333188  2.0058999377459035  -0.6719742204037394  -0.1718519485399542  0.7203593234600422  -0.6809088034665254  0.0  0.0  0.0  1.0;ok
1807261651580;10.82780923860347;0.07515478212672454;0.523343753532584  0.8520688165480641  0.009489336373364535  1.3799822833770683  -0.8355444798013028  0.5109448986305176  0.20199191280103435  2.801200211303684  0.16726248208129735  -0.11363996845226201  0.9793412171751846  2.8001620478528784  0.0  0.0  0.0  1.0;ok
1807261651611;22.621753926741967;0.04760139428128299;0.1916820836836255  0.04050523414556202  -0.9806208772005195  1.4301847646488486  -0.9788207919841345  0.08107301852220439  -0.1879814428268104  -7.8702312710328455  0.07188766218381751  0.9958847783124868  0.05518761048671915  0.07025211451794054  0.0  0.0  0.0  1.0;ok
1807261651642;7.769711969705423;0.012095163667682783;0.7209623531463928  -0.3859037136873503  0.5755793682090499  -7.15570772131556  -0.6521507392742573  -0.09696641726148969  0.7518623060025755  -1.8889173016413778  -0.23433458688306547  -0.9174289278662313  -0.32157652853490504  1.0143950941723592  0.0  0.0  0.0  1.0;ok
1807261651673;8.158437860854828;0.03280348277952066;-0.01802988687700806  -0.04498067905672676  -0.9988251406982096  1.1303225193679656  0.8142832121485714  -0.5803551074323458  0.011436769220161838  2.4031881191725915  -0.5801877054817751  -0.8131203402872088  0.04709074876243449  -2.0101019565231244  0.0  0.0  0.0  1.0;ok
1807261651704;36.66570801263619;0.10157117815183656;-0.16270309826372154  -0.062209861794839144  -0.9847119553000522  3.734855665649851  0.09198619002533287  0.9927074010485736  -0.07791377765202884  -7.244525293293272  0.9823778512670204  -0.10325671406186347  -0.15579412165141995  -10.273786896579487  0.0  0.0  0.0  1.0;ok
1807261651735;13.857565236918324;0.017266744399190435;-0.3736228571296855  0.9093691406500908  -0.1829035993729119  -4.156317995756072  -0.902038315523708  -0.3102463756041811  0.3001234142009279  11.158259264660794  0.2161777924704639  0.27711902218683115  0.9362009450886131  3.5031869507450164  0.0  0.0  0.0  1.0;ok
1807261651766;22.45262214999514;0.0620978676906692;0.6640001560939004  -0.04465982517187664  0.7463975433526654  -8.278382868074113  -0.2898553826982976  0.9047891698864494  0.31199425503847544  1.052811948951874  -0.6892660225399915  -0.42351157961950375  0.5878352593202396  -0.6004136171223898  0.0  0.0  0.0  1.0;ok
1807261651797;21.051230087920704;0.15300576404123928;0.9652656709801568  0.25158074244791284  0.07049336462806513  -2.9402485277979036  -0.06690498864295501  -0.02279967565494556  0.9974988206933961  5.0420840483206035  0.2525587197503077  -0.9675677262183702  -0.0051757375029374  -3.268465910484137  0.0  0.0  0.0  1.0;ok
1807261651828;3.434283833819833;0.01971659783430275;0.4410751035594188  0.8870211462950411  -0.1365512323103695  -1.6425310858491384  -0.7292378775760124  0.4429101551282389  0.5215771394460388  -0.3224263006491072  0.5231298795982514  -0.13047635996498386  0.8422060606299431  -1.8331794479794679  0.0  0.0  0.0  1.0;ok
1807261651859;30.81758641329856;0.11381194436508771;-0.183552068311563  0.9791165245659329  -0.08740405906179918  11.598639046702628  0.829236912054549  0.10647655279402812  -0.5486609949607654  -1.8541791396897578  -0.5278965636417648  -0.17318653246436846  -0.831463554864664  2.857827199992806  0.0  0.0  0.0  1.0;ok
1807261651890;5.456298175072451;0.025229275324537108;-0.6064325539798765  -0.27941881963281456  -0.744422380580037  3.785729962775929  -0.17316424885169424  -0.8673398833290233  0.4666215486948968  1.0901521525826565  -0.7760500630713668  0.4118818398786236  0.4775977905990844  3.222975985756823  0.0  0.0  0.0  1.0;ok
1807261651921;13.250946855243232;0.05360841304408386;-0.4952255591668598  0.6302347709286013  0.5979596801293922  4.484943074694177  -0.8612943853010754  -0.266100581795919  -0.4328538578050535  -2.2655044105641355  -0.11368213314639622  -0.7293796089009119  0.6745974790368233  1.9009402086233649  0.0  0.0  0.0  1.0;ok
1807261651952;9.163995689044379;0.5569012558602497;0.8515083163136776  0.22771273246601448  0.4723139831949797  -2.2481099492582874  -0.5186889618643592  0.4977137960410329  0.6951566284446257  5.8694463442014495  -0.07678117014424612  -0.8369156998786006  0.5419195172790827  2.1652553111035076  0.0  0.0  0.0  1.0;ok
1807261651983;6.588263075805257;0.0803514172076974;0.6675612937853124  0.6433298605566883  0.3748181019585254  2.467444741823518  -0.7037336229803556  0.7095782640699443  0.035463714504077065  -0.31176881257866074  -0.2431479116229919  -0.287446303986668  0.9264198375454743  -0.08841985348039409  0.0  0.0  0.0  1.0;ok
1807261652014;17.758751011909293;0.03780868059471645;-0.35987695937017217  -0.9317779426950785  0.047733003481935155  0.9366514173941403  0.9310434663977969  -0.36196340303487073  -0.046266170593543855  -1.9093372355060085  0.06038739762942854  0.027791372228492928  0.997788054567303  9.071944817169026  0.0  0.0  0.0  1.0;ok
1807261652045;29.809431639619387;0.02570009590989392;0.6901941373622811  0.6456820747264878  0.32669054337038206  -1.6113756793386393  -0.6559238189385627  0.7489016781721723  -0.09439396262450381  -6.529459487319782  -0.30560758580210196  -0.14913394921278825  0.940405800009979  8.212539413161304  0.0  0.0  0.0  1.0;ok
1807261652076;4.484716985902588;0.11341142308159465;-0.2491820171591564  -0.31860795924676377  -0.9145475879521563  0.009016757264329196  -0.8409912747642059  0.5394778603165851  0.041198470829807016  1.1253037983814134  0.48025201519095095  0.7793924598896574  -0.4023746952433504  -0.19760923932886768  0.0  0.0  0.0  1.0;ok
1807261652107;29.336704611392904;0.030242017805278746;0.7852959101888773  0.594403527137785  0.17319001231821313  -0.23708019546754464  -0.3869716977743519  0.6896020886994632  -0.6121289605818145  -8.858603984545015  -0.4832838074695423  0.4136827361487278  0.7715590419729683  12.439848703302804  0.0  0.0  0.0  1.0;ok
1807261652138;8.336172594373753;0.06533108018260676;0.6737547916851261  0.6360124388196934  0.3762215548688804  1.8111326976323592  -0.6051247049093234  0.18266023082316418  0.7748931097796867  0.04932818459189721  0.42412094052255583  -0.7497489031284108  0.5079350451268438  2.083016845922231  0.0  0.0  0.0  1.0;ok
1807261652169;11.016264409904746;0.07352951891803453;0.5724761787046249  0.7143634998008068  0.40243734290954275  1.1731833770824533  0.0731670727062686  0.44435714081182476  -0.8928568255219507  2.9723361669800252  -0.8166502337520913  0.5405844259335285  0.202115991823436  3.830825441534947  0.0  0.0  0.0  1.0;ok
1807261652200;7.691976379282801;0.1717426634554883;0.15025702115347775  0.17828380806077082  -0.972439052782967  3.466707042248371  -0.9293458360382857  -0.3100619922450326  -0.20044420172043195  0.6553155732369714  -0.33725234562917905  0.9338503331628638  0.11909832332667496  0.12458622073530679  0.0  0.0  0.0  1.0;ok
1807261652231;30.250277525569288;0.044653988291665864;-0.2595565464727951  0.9627699058093604  0.07552819110074507  11.417309243399862  -0.9656724919228736  -0.25790882798159637  -0.030978618313714457  -1.126053534571669  -0.01034589418963585  -0.08097619969469014  0.9966623387870251  3.8689954589532745  0.0  0.0  0.0  1.0;ok
1807261652262;34.4089756725358;0.09970831243035842;-0.7276227091876021  0.1823181745568866  0.6613057358746706  -9.31669223836596  0.05037529082407731  0.975632635948724  -0.21354926772558736  1.9989616808898891  -0.6841253709291037  -0.12206982795920342  -0.7190767928066697  8.20069671034622  0.0  0.0  0.0  1.0;ok
1807261652293;40.84770933151314;0.0276137820950077;-0.9099203546094173  -0.2791680950361394  0.3067737325478898  12.327764908634332  0.3860111610262024  -0.2992794864179071  0.8725979444008773  -1.6428376212031894  -0.15179042074740726  0.912412715673848  0.3800824968950802  9.185078874889859  0.0  0.0  0.0  1.0;ok
1807261652324;17.8904122783438;0.043474921997381975;0.9446747048719324  -0.24549004526823553  0.21754158142600227  1.012541734381285  -0.3222463002702314  -0.8183676418398897  0.47584842623630064  8.323839946519618  0.061212939296149786  -0.5196239413880158  -0.8521994693726984  2.6280410770862987  0.0  0.0  0.0  1.0;ok
1807261652355;3.608779537763446;0.03140329993637821;0.5835209046941466  0.14408846642335546  -0.7992132804381383  2.1069507563280956  0.036059345379471  0.9785661260526088  0.20275122824090053  -0.9740916365068724  0.8112971572708296  -0.14712868784215852  0.5658180554013068  -0.5835170504401035  0.0  0.0  0.0  1.0;ok
1807261652386;28.030315095757214;0.07801964699737819;-0.27706545905247854  -0.35187306575765015  -0.8941029454119658  11.379909943746648  -0.8153797066983406  -0.40617924244718695  0.4125219471853071  9.548388766784118  -0.5083214192856402  0.8433289800542505  -0.17437191888630074  1.5770932262881667  0.0  0.0  0.0  1.0;ok
1807261652417;16.760798496759268;0.14963113418552065;-0.9981886404683568  0.057391643497273374  -0.018045423148693524  -4.429534605207331  -0.05994362145247607  -0.9742946427234687  0.2171559610222818  -5.05856405117774  -0.00511862160115157  0.21784432151660588  0.9759701077880788  -5.258968457731909  0.0  0.0  0.0  1.0;ok
1807261652448;11.541073086658493;0.01366165523790163;-0.8488139527519398  -0.15261933468656008  -0.5061839707986199  6.199965087205684  0.17136826773412683  -0.9851595883871725  0.009669654731178673  5.709144732077554  -0.5001477685918747  -0.07853613237642305  0.8623713153183618  -6.333942850157296  0.0  0.0  0.0  1.0;ok
1807261652479;17.131314427617824;0.06104062161194954;-0.8577632497548737  -0.5037738746354988  0.10224524734526717  0.7307204888957548  0.5095825275404076  -0.8594784595069263  0.04027934047536896  -6.896051282350987  0.06758590826117584  0.08665252955533075  0.9939434008665557  0.6656225488127431  0.0  0.0  0.0  1.0;ok
1807261652510;16.88386035870282;0.027655212450552538;0.9412006801683779  0.2607749806855312  -0.21479685542168406  6.861728786114542  -0.3178963774098969  0.46833330715309085  -0.8243820756425467  -5.411881854032381  -0.11438169818746152  0.8441921125309747  0.5236950489170608  4.201748533605467  0.0  0.0  0.0  1.0;ok
1807261652541;12.460236884144733;0.03630968372054721;0.8665912331580686  -0.25445190995199896  -0.42927131296577203  -3.402089322695449  -0.10439328007674512  -0.9336368437568874  0.34267227354207663  4.1369433864821366  -0.4879771282431137  -0.25214374769455933  -0.8356445732547696  -8.989783437788399  0.0  0.0  0.0  1.0;ok
1807261652572;42.08124229642907;0.09062445929400406;0.2712956749074773  -0.23843749007505044  0.9324946220237449  -14.305698772657246  -0.17699853583349456  0.9399478021061163  0.2918383929997572  3.0525932782589993  -0.946081484381391  -0.24422467656359342  0.21280068671908092  2.148999968257553  0.0  0.0  0.0  1.0;ok
1807261652603;27.455101979184786;0.02255211681524462;-0.2869315979812225  -0.9019241207703773  0.3228051090867731  -8.495689870744279  0.7920888146942561  -0.03385707995500689  0.609466166225139  -11.616238538727  -0.5387629977236652  0.43056541722426056  0.7241186738196356  -6.320204734062795  0.0  0.0  0.0  1.0;ok
1807261652634;28.71491398766282;0.020456450184499618;-0.6249237638356441  0.6671422783738739  0.40545217942392253  3.266208277644192  -0.6672204157819559  -0.7260603922144695  0.16629258438404218  6.2127993103071155  0.4053235820393944  -0.1666057840036978  0.898863341436988  6.968854271395285  0.0  0.0  0.0  1.0;ok
1807261652665;10.293881191059828;0.033843219328922515;0.7280449547756077  0.6853311333362135  0.016485797095800767  1.1944695148172133  -0.25488640802916407  0.29294004565853865  -0.9215308180693491  3.251442952256946  -0.6363831101056764  0.666713857160382  0.3879551131800589  -0.9655557036989953  0.0  0.0  0.0  1.0;ok
1807261652696;33.77779932650991;0.08422392579905323;-0.788868450780299  0.345716246643612  0.5081012144938691  -6.158183855302105  0.03749598202239274  -0.7981536928741579  0.6012859002866442  -4.638211547507754  0.6134171653089501  0.49338723063938034  0.616675297013213  -8.590964834212253  0.0  0.0  0.0  1.0;ok
1807261652727;26.404805354969792;0.034123193666738945;-0.4671128754591125  0.7945812345514601  0.3878739786051609  6.290250761835423  -0.8676469461141614  -0.49639093297250525  -0.028014613355437923  -1.926017409260414  0.17027724005012773  -0.3496236596132512  0.9212865776508137  -11.508885958023333  0.0  0.0  0.0  1.0;ok
1807261652758;11.706876263611738;0.08387611858621787;-0.9543359497808384  0.2748262615002166  -0.11710431651190645  0.7825380268540347  -0.15173971131768255  -0.7836147676956327  -0.6024308722654798  -6.224511662912247  -0.2573284962166696  -0.5571520634792038  0.7895338011736629  0.5765944273581014  0.0  0.0  0.0  1.0;ok
1807261652789;37.4807323049303;0.05296521720557913;0.7075209934374234  0.6702141973504456  0.2241137512854132  10.997580089022268  -0.4929166246581779  0.6952728621183393  -0.5230954485917101  -6.985571532477017  -0.5064062055118508  0.25963161762711273  0.8222798660720196  -0.5812668288532378  0.0  0.0  0.0  1.0;ok
1807261652820;24.622197736499775;0.0464695398614454;0.6341310876774445  -0.7620084855275349  0.13122816627940048  -0.2378458594212643  0.7700750412082348  0.6376904579947148  -0.01831149067191909  -0.6275628662953554  -0.06972943818185677  0.11266742105206971  0.9911830596233572  -8.467318569559593  0.0  0.0  0.0  1.0;ok
1807261652851;31.035011037167635;0.06752142950316033;-0.23719270505923962  0.26652740154235416  -0.9341856158675116  8.062526207534301  -0.9139839111958487  -0.38709301891417525  0.12162403045060419  -8.172355362000308  -0.3292005934712452  0.8826789557562768  0.33541739716834773  -1.0976804881639215  0.0  0.0  0.0  1.0;ok
1807261652882;15.670251551388807;0.03808991888449698;-0.7853622195487471  0.6189519670993118  -0.010229688624704551  2.4531624458988026  -0.6171919431687223  -0.7841898904733962  -0.06418972633483955  -7.635077932553576  -0.047752375784699375  -0.044098504546263774  0.9978852802320017  -2.969852979965253  0.0  0.0  0.0  1.0;ok
1807261652913;15.719459525657804;0.10529510698386255;-0.2502181775226648  -0.9678780171889632  -0.02455621061152352  6.864841466734446  0.35309354159278566  -0.0676076816718999  -0.9331420857856615  -4.013693436415171  0.9015075232757072  -0.2421597514479075  0.3586681478135295  2.1519908384020243  0.0  0.0  0.0  1.0;ok
1807261652944;19.564049308117394;0.05478769236814224;-0.9437154752090005  -0.3293428403641964  0.03056788105009714  -3.9528497836035323  0.32613077792970646  -0.9419350054689886  -0.07998225527640765  -10.385572836597253  0.055134540335564856  -0.06551136521993156  0.9963274780357142  5.193606177060194  0.0  0.0  0.0  1.0;ok
1807261652975;27.89646367782606;0.04528541004397187;0.05839191256056259  0.3907383838747476  0.9186478650247167  -8.821130387879514  -0.18086750666480195  0.9091297009070193  -0.37519345938005244  3.5432047787082723  -0.98177254472733  -0.14424528517654914  0.12375769925123253  1.4566115111742426  0.0  0.0  0.0  1.0;ok
1807261653006;6.365423988371116;0.011525446451771146;0.11382272065648723  0.051777593494801155  0.9921509305918348  0.7257237606143586  -0.9886892211455074  0.10407130005579973  0.10799439103669967  5.329956678640552  -0.09766274751944672  -0.9932211462290683  0.06303762709977213  2.4490368544681873  0.0  0.0  0.0  1.0;ok
1807261653037;10.197467142422473;0.06922575538535754;0.5540703017224066  0.8206786631115368  0.13961601864650708  0.13577116632412267  -0.7622956993390084  0.43278163503580674  0.48125390714776156  4.262904341367644  0.3345315643082036  -0.37307718811151425  0.8653912665334174  -3.181145608792366  0.0  0.0  0.0  1.0;ok
1807261653068;11.981883041146329;0.05754392794090026;0.03152371185497199  -0.35914475751803393  0.9327493225611042  2.715153137669228  0.4574180645629669  0.8349360539383438  0.3060236919673658  -1.6373034752285016  -0.8886928433392243  0.41700938716194397  0.1905995834635142  -1.864713169584539  0.0  0.0  0.0  1.0;ok
1807261653099;8.993075075233714;0.7440113626571878;0.8423213295328491  0.5387689154432935  -0.014927610862772223  2.7010185444557973  0.04997415311153933  -0.10564753653521228  -0.9931471099715418  5.103565770145031  -0.5366538566290173  0.8358029993820904  -0.11591369370831146  4.603431884515798  0.0  0.0  0.0  1.0;ok
