# registration_from_features.py TEASER TEASER_config.json euclidean True --use_random_keypoints=True --n_keypoints=5000 --input_txt=/benchmark/point_clouds_registration_benchmark//kaist/urban05_global.txt --input_pcd_dir=/benchmark/point_clouds_registration_benchmark//kaist/urban05/ --input_features_dir=/benchmark/experiments/FCGF/3dmatch/features_normalized/kaist/urban05/ --output_dir=/benchmark/experiments/3dmatch/results_normalized/TEASER
id;initial_error;final_error;transformation;status_code
34562489690030;3.026378295279987;4.28017242158798;-0.7867040501949016  0.5793184976429988  -0.21327638335173624  -3405913.610231986  -0.37907588280509125  -0.18065988727972995  0.9075590780790067  9765096.25182189  0.48723527425924196  0.7948283358164419  0.36173153595005675  -6736911.999873975  0.0  0.0  0.0  1.0;ok
34562489690061;2.3389289960652655;1.8523430248471748;0.4571437659590655  -0.7004299567115971  -0.5481035057229191  6016812.14735898  0.8284399240746191  0.5595586958002289  -0.02411136979904424  2961700.1196077224  0.3235844085304519  -0.44304846427376093  0.8360629096310038  3337323.6563013266  0.0  0.0  0.0  1.0;ok
34562489690092;2.8315574878443655;4.3416720749131645;-0.7799237852609069  -0.062001295677170304  0.6227958963566247  1749303.8943023768  -0.5406510280497744  -0.4345588760204473  -0.7203159370308061  11921827.83580233  0.31530200610370646  -0.8985067738232129  0.30540173925631225  7007607.634871744  0.0  0.0  0.0  1.0;ok
34562489690123;1.8101091339027975;0.9580826656237537;0.4801322832305339  -0.8393376441745003  -0.2549221639470261  7118236.207550181  0.766378814679055  0.5427606514931506  -0.34361953902806175  3140443.960672491  0.4267745341640726  -0.030384112004974748  0.9038474997070624  -55349.20850684133  0.0  0.0  0.0  1.0;ok
34562489690154;2.62470578061902;1.72936356563473;-0.5109939536100083  0.23915793306800656  0.8256443922323051  -862812.3856883631  0.851554009883833  0.27182903325177665  0.44829091551376543  5260293.927692493  -0.11722178818282147  0.9321547402293487  -0.3425588893069018  -7417242.622911461  0.0  0.0  0.0  1.0;ok
34562489690185;5.512606798611554;4.031523175516428;0.42813975593585224  -0.8347462569164361  0.34625862581484895  7117803.154398714  -0.856695445459429  -0.49686778859648717  -0.1385471558145699  12645218.918192487  0.28769647741371307  -0.23732064221056542  -0.9278521701567041  1707571.564281788  0.0  0.0  0.0  1.0;ok
34562489690216;1.5460191220852306;2.2716780238131165;0.8288540431389791  -0.2848593690804719  0.4815143975202011  2412037.0590344765  -0.5158881865449398  -0.7221682514699794  0.4607953944563309  14218284.595919695  0.216472525174767  -0.6303397150869269  -0.7455276583927599  4919719.720981504  0.0  0.0  0.0  1.0;ok
34562489690247;5.3501947700473025;1.9563876710534405;-0.6982671611007667  0.5408592272831629  0.4689288517365251  -3158511.813759504  -0.6951901342043638  -0.6685647913130981  -0.2640677888751144  13913186.617004177  0.17068581966055277  -0.5103845766469958  0.842836837642774  3986506.489019205  0.0  0.0  0.0  1.0;ok
34562489690278;1.7336325432466153;1.796907694505946;0.7181842633532237  -0.4201517847678974  -0.5546925649656196  3578344.5696230666  -0.13432767224344278  0.6984378251250072  -0.7029514072141179  2520669.019292287  0.6827645570337157  0.5793591996257595  0.4451690436986313  -5140683.178551828  0.0  0.0  0.0  1.0;ok
34562489690309;1.8806280573322476;3.853273368032456;-0.6082562317520034  0.6154607291700724  -0.5012309321902403  -3822044.2040732517  -0.7931993432763221  -0.4479963277215052  0.4124731411547403  12207423.991440777  0.02931140325651218  0.6484654047807716  0.7606796043286859  -5237969.673272201  0.0  0.0  0.0  1.0;ok
34562489690340;1.342499596526476;1.1422572914330975;0.25950860407916476  0.9234555817945698  -0.2826394750584841  -6909719.727821203  -0.8471081735810155  0.3582016896494913  0.392554826469482  5758775.980577503  0.46374888319123625  0.13755485445705543  0.8752231917369301  -1432489.062015576  0.0  0.0  0.0  1.0;ok
34562489690371;2.166541248145545;1.8717849913221818;-0.5764332855106497  -0.7728223926088196  0.2654622700832961  7324150.730911685  -0.8162778785311461  0.5296342229799504  -0.23060358815316628  4357269.068983825  0.03761771359464853  -0.34961856262332947  -0.9361366183913049  2786709.0846048323  0.0  0.0  0.0  1.0;ok
34562489690402;1.8237522520831808;1.9161260299137322;0.20486533300848547  -0.9669633486251724  -0.15169732280734266  8338526.840781214  -0.8888228170739567  -0.24869283918293944  0.38489722210980426  10670955.197231539  -0.4099075446732322  0.05597994421863364  -0.910407628848331  -162141.0382978385  0.0  0.0  0.0  1.0;ok
34562489690433;1.485279001754726;0.6605418637974696;-0.020311412187814105  0.9982079191160002  -0.056288513473365276  -7314441.878951549  -0.9929909501952934  -0.026697704466101556  -0.11513559574036518  8958018.32689866  -0.11643203753771905  0.053555417936425494  0.9917536981753435  -349085.0677543369  0.0  0.0  0.0  1.0;ok
34562489690464;3.2048953782106575;4.44133711842238;0.7903732767151614  -0.6055502556049817  0.09283841549315547  5019179.504590152  0.3557817220241568  0.33033978304161826  -0.8742396662320591  5137970.298189843  0.4987278313149009  0.724005880968351  0.4765354494632883  -6175181.620210542  0.0  0.0  0.0  1.0;ok
34562489690495;1.6045786219463427;6.840936264822622;0.31444983464483556  -0.9124426238936155  0.26185828150732565  7822501.644739554  0.87894355563892  0.17565572765414944  -0.4433996970489532  6014982.652081524  0.35857987602854663  0.3695856104401597  0.8572204786768259  -3225328.619975609  0.0  0.0  0.0  1.0;ok
34562489690526;5.298220209160753;4.988382550078652;-0.7205869856988522  -0.11977498191253366  -0.6829409562687642  2172558.550735044  -0.2130899325065881  -0.8990426920627461  0.38251133122158243  15428727.997875677  -0.6598083636221801  0.42116052943791144  0.6223156206763566  -2924906.761319281  0.0  0.0  0.0  1.0;ok
34562489690557;4.725165945981713;2.035918292713202;0.01929901399301681  -0.8942025764672301  -0.4472463530295859  7883501.362953334  0.9747370334182712  0.11638597982460641  -0.19063582922214445  6424493.619838092  0.2225202546777386  -0.43226849982347093  0.8738585013138688  3321584.6975013595  0.0  0.0  0.0  1.0;ok
34562489690588;1.3460500527468555;0.8179789351160736;-0.9798425810633189  -0.19611032405293383  0.038069109984689986  2968510.9943995634  0.19971226564291905  -0.9662301806130247  0.16283196560962357  15679486.849951614  0.0048504934744048045  0.167152561668599  0.9859191112057215  -1348273.82421864  0.0  0.0  0.0  1.0;ok
34562489690619;1.8205673160604245;2.8370335417084833;0.8963019068225517  0.3635626158655873  0.2538998152248826  -2852312.871299279  -0.38390538251898904  0.9227483264568771  0.03394382556490841  891233.184545897  -0.22194492357160747  -0.12789742126408868  0.9666347296341004  1184946.4386353006  0.0  0.0  0.0  1.0;ok
34562489690650;2.1392684506950816;3.889282924681794;0.7203828016367319  -0.4196926510964345  -0.552183572484423  3573105.952868871  0.3131254593191558  0.9071857287915891  -0.2810097866677267  526856.5036528792  0.6188707989816462  0.02953188264435999  0.7849374510591904  -672234.515703029  0.0  0.0  0.0  1.0;ok
34562489690681;1.8732202401465774;5.581103884522274;-0.6060627412305986  -0.7861617429812202  0.12098622882287885  7452529.014249375  0.40820273244108274  -0.437955378789554  -0.8009779119407301  11282538.569778627  0.6826847610132263  -0.4360559597827189  0.5863418090314606  3029077.137453713  0.0  0.0  0.0  1.0;ok
34562489690712;2.5869430889270166;4.202272566830859;0.2659249557285103  0.9417146206230694  -0.20605215656609188  -7060974.753237597  -0.6872511291938113  0.3350918478990955  0.6445148089015489  5832288.865830773  0.675995416657998  -0.029782994750647118  0.7363037212190783  -235223.78334221308  0.0  0.0  0.0  1.0;ok
34562489690743;3.8819775247609996;1.9730359609946189;0.29391100012150567  0.45288873356577636  0.8417292432942812  -3147795.827607119  -0.7915092254564473  0.6090008118862011  -0.05129480616283319  3701909.1416092054  -0.5358446323561628  -0.6511603536235409  0.5374576484188813  5615503.590656391  0.0  0.0  0.0  1.0;ok
34562489690774;1.586561897713293;1.9624972262620521;0.42802828497113354  -0.5548537539566738  -0.7133926681602893  4866052.452313846  -0.8225192516199679  -0.566254037885844  -0.053089031753323565  13179318.825653693  -0.3745048303816632  0.6095028107385261  -0.69875063915723  -4640524.407984663  0.0  0.0  0.0  1.0;ok
34562489690805;1.205521164189387;2.4233178598486087;-0.4272457061491271  -0.8959410817434991  0.1214523965239993  8211061.866504883  -0.6291418187345875  0.19812987702274476  -0.7516150103279522  6893633.565777694  0.6493394170204587  -0.3975350674786321  -0.648324140864961  2742496.6666894336  0.0  0.0  0.0  1.0;ok
34562489690836;2.065099418152508;0.9394572532492277;-0.6154076910709669  0.047319406738179  0.7867872949639242  753845.4088681386  -0.7843797381763162  -0.13503975715286698  -0.6054029156904921  9683310.899533974  0.0776002584348519  -0.9897096229369716  0.12022088902018145  7908582.0736012105  0.0  0.0  0.0  1.0;ok
34562489690867;2.727894652051314;1.4648268913845386;0.3325753744141977  0.8379936626334017  0.4326202049367468  -6273355.771494673  -0.2647834590111251  0.5232521611577168  -0.8099980837495128  4021893.430448949  -0.9051427181209378  0.15483474167652334  0.3959076440315395  -609754.7306017686  0.0  0.0  0.0  1.0;ok
34562489690898;2.29580039724926;4.887080109920496;0.924386511651438  -0.2872959970144759  0.25093940937274956  2364599.982578462  -0.38140650580697777  -0.7068349419202336  0.595746122277546  14000571.692109618  0.006217266682249584  -0.6464096031001387  -0.7629652486286138  5196734.631594102  0.0  0.0  0.0  1.0;ok
34562489690929;2.300657442855721;3.8509962838124707;-0.5465487030230718  0.4216983571937437  0.7235019079200109  -2306604.211611121  -0.24479863254405593  -0.906673672298324  0.34353526960944214  15512070.378743874  0.8008483906010918  0.010646478345887778  0.5987725008469178  -648139.6780868015  0.0  0.0  0.0  1.0;ok
34562489690960;1.3464116655749152;1.8477899196787557;-0.3145591713495197  0.916936296005025  0.2455205832277379  -6453971.943269605  -0.9475112652554294  -0.2877090320051755  -0.13944861102463463  11026063.57688506  -0.05722700353817539  -0.27649835799011546  0.9593089846836688  2264807.366372416  0.0  0.0  0.0  1.0;ok
34562489690991;1.2386766652537227;2.369148171809096;0.710162804520724  -0.48533927101779506  -0.510014296939973  4108499.5992895546  0.6916076884528667  0.345396424956756  0.6343343872910997  4780811.358125651  -0.13171027426948215  -0.8032104964671514  0.5809520651627382  6554887.76153736  0.0  0.0  0.0  1.0;ok
34562489691022;4.77837015482652;2.720277723315278;0.6157541894832528  0.612364231853091  -0.4958395160541328  -4656843.640619046  -0.617633300722599  -0.01563395935369652  -0.7863108069672162  8605346.082062088  -0.4892605481462103  0.7904211705552308  0.36858986579363384  -6015657.825762486  0.0  0.0  0.0  1.0;ok
34562489691053;2.167491542430286;6.685884621952397;0.6824590423265966  -0.246758913295816  -0.6880114056145671  2208433.3111063745  0.723719098288742  0.3599636537041614  0.5887757083848488  4640998.406178029  0.10237344537913573  -0.8997423001732319  0.4242445886044822  7167062.132128324  0.0  0.0  0.0  1.0;ok
34562489691084;2.4865787628779126;7.074493254873785;0.920963902379524  0.23222403251533807  -0.31288574469955344  -1812812.0395086948  -0.02125228802113136  -0.7718636272089542  -0.6354328298456912  14270427.80243656  -0.38906789994517127  0.5918602366388129  -0.7059232461947281  -4488427.253658768  0.0  0.0  0.0  1.0;ok
34562489691115;1.9042244213164048;2.1002392039654367;0.4945756098834325  -0.314892964104142  -0.8100848025152291  2888730.639844256  0.3359963327555552  0.9288658842499062  -0.15593150243442278  336283.5576800984  0.8015618694045072  -0.19506560494958042  0.5651972923523301  1006352.2256222345  0.0  0.0  0.0  1.0;ok
34562489691146;2.204368269441607;3.211330334218229;0.7115520407996851  -0.6858067913494114  0.15284874279112728  5720394.91095543  0.6524570093950652  0.5641848452226462  -0.5059597921894053  3048174.615964483  0.2607557173391427  0.45974395630625053  0.8489063261130907  -3882096.7206254667  0.0  0.0  0.0  1.0;ok
34562489691177;3.9205161639220982;1.0419215103794308;-0.3713258798388903  0.5160650290608482  0.771876918130281  -3188909.581738682  -0.4910633503899968  -0.8146866440288445  0.30845171087995427  14944924.697873833  0.7880189571740176  -0.26450436257545096  0.5559348570767346  1574622.9993622773  0.0  0.0  0.0  1.0;ok
34562489691208;2.3565380774100433;1.9807935661914213;-0.23871872502828795  -0.8397417310619629  0.48769580214917485  7626341.962697841  0.7513342448138512  -0.47789355303256476  -0.45509845587511255  11362867.476659609  0.615231844828329  0.2577820340577861  0.7450088590252879  -2506146.6642936976  0.0  0.0  0.0  1.0;ok
34562489691239;2.888227844794611;2.117857384205472;-0.45603196382139255  0.8654073725253079  -0.20761726217260298  -5939898.749091197  -0.8803066206424084  -0.4729105212079228  -0.03762834814330886  12468576.877044402  -0.1307482375649761  0.16560712095104488  0.9774861532850266  -1240543.0549926867  0.0  0.0  0.0  1.0;ok
34562489691270;2.5432202258587244;2.0966575158319043;0.3817640148353463  0.8201882226820266  -0.42608393111040477  -6164606.336381146  0.257761627810804  0.3482301088793751  0.9012739508596614  5062729.32278463  0.8875895336275221  -0.45390204961374314  -0.07847132693742932  3028597.8243391337  0.0  0.0  0.0  1.0;ok
34562489691301;2.1034157138496146;3.011842218226434;0.7525004510266776  0.012858239954625476  0.6584662002486658  70331.88925312538  0.1621962191233139  -0.9726328927489103  -0.16636598944793107  15757363.207683703  0.6383067113126325  0.23199121019589614  -0.7339922483821577  -2314729.7595875305  0.0  0.0  0.0  1.0;ok
34562489691332;1.5400005703685937;1.0848523907526508;0.8572471445206158  0.464996420320728  0.22114624640757122  -3640933.944368988  0.2160421357783042  0.06503833640423605  -0.9742154845649483  7370709.356779111  -0.4673896969121144  0.8829203496843174  -0.044704891608453555  -6775128.2572658565  0.0  0.0  0.0  1.0;ok
34562489691363;3.2280224062918226;1.4992128718614783;0.0855700391323917  0.6707089851252506  0.736768094908526  -4754146.801852362  -0.6217906099371597  -0.541851541765472  0.5654850520397133  12842104.316346377  0.7784948335068499  -0.5065040611472322  0.3706742913185442  3528454.599455636  0.0  0.0  0.0  1.0;ok
34562489691394;2.3976719802288198;2.9236501350316204;0.6788526285302132  -0.0892814618898664  0.7288264054632132  943771.2376722023  -0.18194586805556873  0.9411721730474647  0.2847641862640359  601070.829153825  -0.7113752946477164  -0.32591986936043216  0.6226728104879423  3121942.1951383953  0.0  0.0  0.0  1.0;ok
34562489691425;1.0094624480211292;1.098239346852214;0.05350673050794751  0.7762901131361  0.6281008597649665  -5580902.373889256  -0.963628328342961  -0.12478996247480251  0.23632162423377087  9726603.76362413  0.26183482313340245  -0.6179005789871683  0.7413780411382723  4787499.430857868  0.0  0.0  0.0  1.0;ok
34562489691456;2.09075176249572;4.5140853785236;0.5159639914224152  -0.8539694213850461  0.06721150864799147  7210600.089874234  0.7456240513701119  0.40910328899621434  -0.5260031111608565  4230443.95362426  0.42169412323848005  0.32151318211197666  0.8478227056138331  -2882909.749044296  0.0  0.0  0.0  1.0;ok
34562489691487;4.819526363868169;1.6007954531361208;0.3664130369077727  -0.8838329980505669  -0.2908276430138128  7556201.754138843  0.5396067691386935  0.45648531822170196  -0.7074218606657077  3993938.591024571  0.7580013331675107  0.1022760275185643  0.6441844402896565  -1355358.727639396  0.0  0.0  0.0  1.0;ok
34562489691518;0.9081270063423241;1.5460923839749492;0.9364608244428638  0.01945048969928248  0.3502324981126824  -111907.61020450058  0.17837943455007113  0.8333106589754891  -0.5232342907029638  1215912.3386956828  -0.3020296369785404  0.5524626902228735  0.7768932193669322  -4232780.407596298  0.0  0.0  0.0  1.0;ok
34562489691549;2.7018815013951687;1.5298982861906403;-0.9948026744572134  -0.10060383796443431  0.015700531188500785  2210665.565381869  0.021038851331053453  -0.35396134136413554  -0.935023387704485  10878905.656367542  0.09962432246918954  -0.929833445626972  0.35423827823377196  7411257.265643655  0.0  0.0  0.0  1.0;ok
34562489691580;4.668438872941319;3.444342247374055;0.4428768270839528  -0.1398668990450657  -0.8856056495887817  1516852.5334677116  -0.39505398423767896  0.8562602686547937  -0.33279228035090813  1434070.199153701  0.8048555557179106  0.4972480295332892  0.3239628552091653  -4566032.475696856  0.0  0.0  0.0  1.0;ok
34562489691611;3.9959073484826004;2.1575586381765204;-0.9042535144863937  -0.3885088793174395  -0.1771621636538457  4463277.729571523  0.41060594352737956  -0.9050179502276511  -0.11110926561601828  15038415.713571532  -0.11716800194163618  -0.17321478128972612  0.9778897171275283  1475888.1256658453  0.0  0.0  0.0  1.0;ok
34562489691642;3.292173022565408;1.857754016750485;0.7857972832079452  0.05489214751412373  0.6160434090584035  -291274.8122036773  -0.6013066499590408  0.30092314642436546  0.7401861743244709  6046760.741169035  -0.1447513123189135  -0.9520672833825073  0.2694716042454283  7761742.171816124  0.0  0.0  0.0  1.0;ok
34562489691673;1.953679954832125;8.232816478961427;0.5444566229544581  -0.27375587571782556  0.7928585663477403  2522331.638085838  0.7728387811281077  -0.20366971576752538  -0.6010315010576374  9141367.265044367  0.3260171837579246  0.9399874293782563  0.10067983167154082  -7791481.621592908  0.0  0.0  0.0  1.0;ok
34562489691704;2.008186623570813;4.951406566488742;0.3673282657995033  0.26907524820823414  -0.8903192999965835  -1720349.8138419974  -0.019943978460685574  -0.9547397367032681  -0.2967730999988612  15741191.610099413  -0.9298775096042967  0.1267696571007888  -0.3453364608185173  -366532.82994262344  0.0  0.0  0.0  1.0;ok
34562489691735;2.8076941945791956;4.856138597516743;0.8346687722039838  0.5408810290838346  -0.10380632487814595  -4235638.639980325  0.44547088036602334  -0.5521819229041348  0.7047345732712513  12175459.986516014  0.32385758514108537  -0.6344626359330426  -0.7018357558228853  4877484.500567369  0.0  0.0  0.0  1.0;ok
34562489691766;1.8275291698076832;0.4735490800000181;-0.9516280749480542  -0.13547540051676127  0.2757724112841678  2461009.89892895  0.2918152688994283  -0.6794344214544565  0.6732107513847373  13307257.65212828  0.09616577253792191  0.7211208517285236  0.6861026609732055  -5869484.523950473  0.0  0.0  0.0  1.0;ok
34562489691797;3.7232768051076097;3.169019809135721;0.9096772564300454  -0.4150208613490635  -0.015651638220521714  3402607.944117986  0.413624456675452  0.9019311315608038  0.12423784754004993  498418.72114410874  -0.03744459872720966  -0.11949024465005098  0.9921290155315634  987690.1473907587  0.0  0.0  0.0  1.0;ok
34562489691828;2.886530052875628;2.1360155260340807;0.31145402791409815  -0.925900566217262  0.2137861781655644  7932611.94579205  0.9245761338416238  0.24331340339912672  -0.29318519822257416  5438883.559171347  0.21944329843164603  0.288975308988308  0.9318465053690719  -2478967.5447104583  0.0  0.0  0.0  1.0;ok
34562489691859;3.863192297346279;2.4490346235752423;0.7273506289620644  -0.24708315330149258  -0.6402429053906654  2179599.888040045  0.16187844775063986  -0.8448389007101261  0.5099437223858619  14729276.884361546  -0.6669006153111068  -0.4745494149206137  -0.5744966684813503  4286825.37830391  0.0  0.0  0.0  1.0;ok
34562489691890;3.6706534983214847;0.1415960921461563;0.7004448575992516  -0.7126292421231246  0.03919903996001116  5943980.360246714  0.712504512647816  0.7013959657019688  0.01951970167555278  1901919.2459455729  -0.04140435869886068  0.014257018202457616  0.9990407481743233  -85628.17765705181  0.0  0.0  0.0  1.0;ok
34562489691921;3.2786406111649433;2.2887105330125097;0.29257962547880584  -0.3266995605575366  -0.898701596686127  3125633.588213959  0.7975979548639971  -0.43504924774591563  0.41781533532468884  10985499.092989895  -0.5274795400311285  -0.8390468098784627  0.13328835538532158  7121389.633816776  0.0  0.0  0.0  1.0;ok
34562489691952;2.441651137137093;2.242557992413373;-0.3187103887476149  0.933378516420485  0.16500979725167303  -6583468.169683111  -0.9064936220334616  -0.35101298787903645  0.23464695939407973  11506660.159995738  0.2769350128044477  -0.07479590513474324  0.957973157900614  407270.28796932125  0.0  0.0  0.0  1.0;ok
34562489691983;3.0513635683647133;0.663208731363956;-0.06409554034621728  0.9817168063880637  -0.17923134146389433  -7151034.4654383985  -0.99076756465539  -0.08409973558656342  -0.10633375428854819  9418444.264364341  -0.11946294209734522  0.17076108025393485  0.9780435874417642  -1289975.894803242  0.0  0.0  0.0  1.0;ok
34562489692014;1.9745718167701451;1.9749990225645584;-0.2670638907393589  -0.9635385919683834  -0.016439587912766153  8642531.15978938  0.921168773266933  -0.2602567866863242  0.28933457474281077  9492498.659488242  -0.2830635430800825  0.06212718222561617  0.9570868528026367  -300989.10493027826  0.0  0.0  0.0  1.0;ok
34562489692045;1.2175878921579373;2.3772718242152044;0.9574222908870763  0.2883839643615423  -0.013313377169740404  -2290329.89717457  -0.28277869748108386  0.9275310620337894  -0.24438154024674813  781757.915354772  -0.058127146527631235  0.2377410735686872  0.9695877560979015  -1871947.1989520462  0.0  0.0  0.0  1.0;ok
34562489692076;4.820847866328376;3.067105690904836;-0.5838237728695951  0.07867995786341572  -0.8080589498687105  479808.54940381256  0.16451612761016304  -0.9631799717548892  -0.21264709207136467  15679567.083986675  -0.7950372607547829  -0.2570871568959874  0.5493832430741495  2627068.4008833524  0.0  0.0  0.0  1.0;ok
34562489692107;1.0951736045872003;2.8283358142602038;0.5520828371050598  0.43987492154674385  0.7083181448814329  -3224508.9387299106  -0.6839643711549682  0.7247779299604119  0.08300416394910651  2694680.804712652  -0.47686190869539763  -0.5302895488660392  0.7009962299462356  4601419.258942868  0.0  0.0  0.0  1.0;ok
34562489692138;2.6395870453587285;1.6334825119656402;0.5930615306461697  0.5648317931857142  0.5737970601826331  -4258713.878268427  -0.13453818830919342  -0.6331139323390965  0.762276999892169  13234077.88137422  0.7938371978901607  -0.529274781266533  -0.29948407163180146  3700934.2623535316  0.0  0.0  0.0  1.0;ok
34562489692169;2.994782826868506;6.7033854637956205;-0.12722240411184338  -0.3059661495353126  -0.9435036699613505  3253522.776353089  0.12514936935834847  0.93867929402395  -0.3212768561846726  405519.02737586235  0.9839472014499608  -0.15895250331225924  -0.0811295658163883  587921.7604840971  0.0  0.0  0.0  1.0;ok
34562489692200;5.292190560418294;1.2943544250093009;-0.9202005093968582  -0.32195308247598836  -0.2226594601403056  3939402.1378534883  0.13008558445213536  -0.7879947806898484  0.6017823247016353  14294145.708328562  -0.36920016687903773  0.5247956157303216  0.7669946534929193  -3962923.1506192735  0.0  0.0  0.0  1.0;ok
34562489692231;1.8630711678931846;3.252126019044205;0.8738444102254679  -0.48618959320069977  0.003952996463768239  4000342.8266623514  0.486195556236885  0.873744942296961  -0.013552007452284428  674234.6179363217  0.003134934323143712  0.013764275274016885  0.999900353491772  -112940.86429145264  0.0  0.0  0.0  1.0;ok
34562489692262;5.46562893652775;8.09427529262902;0.04380645518302337  -0.6754215176345617  0.736129586418399  6105907.766212805  0.99058196450203  -0.0663119057151644  -0.11979191443383296  7883273.002109227  0.12972419237596888  0.7344443509733385  0.6661554842795743  -6000179.7615833515  0.0  0.0  0.0  1.0;ok
34562489692293;5.069828729190322;0.0749810933623031;0.711049847887244  0.6912447067777867  -0.12879778403070094  -5358508.667749304  -0.7031394335134862  0.6994720138463032  -0.12780390793763408  2911945.273708377  0.0017466705074905275  0.1814377501995893  0.9834008805897264  -1461019.1147901025  0.0  0.0  0.0  1.0;ok
34562489692324;3.2273635158321206;11.063423470986207;0.40869164799571417  -0.7892444574685317  0.45832774650216235  6765387.556748401  0.8087302616509839  0.5459173426918333  0.21892834178840032  3085183.588789136  -0.42299704579166797  0.2811893335521295  0.8613977350492811  -1965178.5195656891  0.0  0.0  0.0  1.0;ok
34562489692355;1.3752959580528585;6.644751705905364;-0.6963770644291142  -0.7150161555976579  0.061732336513655124  6944440.77368397  0.717262997316081  -0.6904785967772724  0.09366482837031023  13097370.74574376  -0.02434700840432268  0.1095043589398827  0.9936880891682892  -863946.9415224905  0.0  0.0  0.0  1.0;ok
34562489692386;5.158940174423677;4.820793681350057;-0.9843463453232593  -0.16746535861897016  0.054932923746710355  2741359.246524982  -0.1759735864797565  0.9165830646972236  -0.35903869202593874  794793.1361497999  0.009775955717670717  -0.3630851679329035  -0.9317046696872038  2914636.858309434  0.0  0.0  0.0  1.0;ok
34562489692417;4.03283871174125;1.5156028973724638;-0.904172884783424  0.4055654413082337  0.13411960050223784  -1925294.7706125968  -0.16008245848166547  -0.6128013361262156  0.7738527824647218  13088415.681353038  0.39603661561639475  0.6782265073398294  0.6190022648042002  -5734952.027290017  0.0  0.0  0.0  1.0;ok
34562489692448;4.000054921873328;2.986597513690268;-0.9676509717852629  0.09750946108288627  -0.2326875626292956  597650.0941002151  0.2122633809681813  -0.18385520936397573  -0.9597611781530264  9376055.46255148  -0.13636661579358025  -0.9781048854744842  0.15720998412299533  7965509.455079837  0.0  0.0  0.0  1.0;ok
34562489692479;2.0170795377863655;1.8347170874162537;0.6326347863433266  0.3122477687133922  -0.708713311601977  -2254083.4936574176  -0.7632953038706116  0.4061561911707103  -0.5024116115922992  5314050.147525606  0.13097139457684495  0.8588006050924797  0.495285790726311  -7001481.7940705065  0.0  0.0  0.0  1.0;ok
34562489692510;1.1740247611060295;1.4112160914818015;0.3754634988976413  0.7671773109738109  -0.5200635869992579  -5733643.297265793  -0.28616017396018567  0.6296568602647178  0.7222496750851848  3180533.3061030037  0.88155516891152  -0.12235690355910206  0.4559487606264673  365298.82866137393  0.0  0.0  0.0  1.0;ok
34562489692541;3.354655951863199;1.9656127811665627;0.30087887892953236  -0.647762442688534  -0.6999112215533417  5702880.522000499  0.9323688915603092  0.35402859503209927  0.07315739163063545  4542413.647265723  0.20039997571034776  -0.6745869638095456  0.7104732774661624  5286837.441940707  0.0  0.0  0.0  1.0;ok
34562489692572;1.8393631220032445;11112953.231757063;-0.5768866509166847  0.8062806318583988  0.13081794480938905  -5379271.023653823  -0.8015576129724153  -0.527978017214531  -0.28061469388500593  -16777216.0  -0.15718519357781252  -0.26674099052870287  0.9508638487668317  2256557.6075817593  0.0  0.0  0.0  1.0;ok
34562489692603;2.6663199487245373;0.04737897981865477;-0.9650318284381233  0.23628849188457476  0.11349589730155943  -520924.8100279316  -0.2215403860733117  -0.9666201106682829  0.12870671695807132  15978509.430642089  0.14011933285546668  0.09906215349239106  0.9851666165200631  -895449.0326050995  0.0  0.0  0.0  1.0;ok
34562489692634;2.141177615887272;3.1287720537984756;0.13941165197907165  -0.31523661673532877  -0.9387173519019076  3141029.269853283  -0.9246962947557773  0.29769906869408846  -0.2373015528048843  6300175.287003387  0.35426142008043043  0.901111058620377  -0.2499954125072315  -7498793.488429242  0.0  0.0  0.0  1.0;ok
34562489692665;3.9424089616480122;2.4921778019205725;0.8886856053536385  0.3955283824520611  0.231937908743036  -3104148.305612662  -0.20046870673165962  0.7901020543727475  -0.5792676767240679  1829704.536664135  -0.4123714253662255  0.46829055334356207  0.7814433857872287  -3478012.4940155707  0.0  0.0  0.0  1.0;ok
34562489692696;1.8711162461125304;3.3828620116366697;-0.05122950299121992  0.7948591185550746  -0.6046275875885283  -5656631.365796642  -0.5352086993508913  -0.5329934552074012  -0.6553393203869305  12710137.167721314  -0.8431649815797622  0.2900292370708969  0.4527205048169056  -1741078.2866001546  0.0  0.0  0.0  1.0;ok
34562489692727;3.310271605615024;3.047080809588299;0.2027626125402877  0.7680732328312286  -0.6074132299876436  -5619513.73442149  -0.8843668068130248  -0.12270670096200342  -0.4503758614161677  9654087.777887268  -0.4204553174395239  0.6284954849059825  0.6543781410542554  -4761227.600948359  0.0  0.0  0.0  1.0;ok
34562489692758;4.511424934062755;1.9628420572470218;0.9250723474614713  0.37875986121521243  -0.027966399381329568  -2994776.533578632  -0.3797906309590353  0.9226528960264297  -0.06686336881866149  889097.6745553255  0.00047811908647768997  0.07247483001894886  0.9973701270921761  -583464.0348317013  0.0  0.0  0.0  1.0;ok
34562489692789;1.931706743686756;0.11556657570208778;-0.9986170991048491  -0.010623632768301444  0.05148813263481647  1489515.7468421645  0.004405744695305164  -0.9928360123383881  -0.11940369348428022  16030820.785806097  0.052387773278657124  -0.11901172644244948  0.9915098235419014  920741.0722773749  0.0  0.0  0.0  1.0;ok
34562489692820;4.539455050249923;3.9518377256547828;-0.22156792212880522  0.14922324576961665  -0.9636597318584523  -342423.450055335  0.2519602008059567  -0.9459040769844203  -0.20440531880084195  15479302.693599438  -0.9420316943146582  -0.2880935613064486  0.17198368190157415  2979754.342714147  0.0  0.0  0.0  1.0;ok
34562489692851;3.0455147307974437;2.2661955452984377;0.0706512641662012  0.9215394691640475  -0.38180283608763826  -6761424.449064899  0.6353633938347913  0.25349478924604124  0.7294201461433883  5559639.077515932  0.7689744837421162  -0.29411800114571585  -0.567602717361003  1826371.9189557275  0.0  0.0  0.0  1.0;ok
34562489692882;3.605304913385411;3.2077502415558388;0.6202865273181103  -0.3520719670290799  -0.7009207901467279  3099509.261715843  0.7837517298288657  0.2425731111374519  0.5717442712816262  5543304.2474503685  -0.03127059350091699  -0.903993150297817  0.42640184591149294  7295282.968041666  0.0  0.0  0.0  1.0;ok
34562489692913;4.484860766274024;1.6999461517593017;-0.21411624104608587  0.5214374236813998  0.8259886491379885  -3342547.11767434  -0.9765272354253228  -0.09398651456543362  -0.19380684598954961  9487767.074937008  -0.023426348261518216  -0.8480976053876971  0.5293218850026742  6839967.496360603  0.0  0.0  0.0  1.0;ok
34562489692944;1.7079159739228686;3.214396656471534;0.9564203659995034  0.2906129800654498  0.028358055625414186  -2307584.1632771427  -0.2017838861235342  0.7280137565731035  -0.6551940426630896  2330179.3893586583  -0.21105294786441686  0.6209187274175231  0.7549281999898688  -4847416.825621982  0.0  0.0  0.0  1.0;ok
34562489692975;1.881460468963167;2.9933620444166524;0.5707971994785221  -0.0653859138397977  0.8184834997352181  827487.5497097869  0.7649276204798283  -0.3199882136562931  -0.5590109824932978  10082962.68500113  0.2984565169242315  0.9451625391393742  -0.13263288473477158  -7814043.443801085  0.0  0.0  0.0  1.0;ok
34562489693006;1.115739312366094;2.2364268498958237;-0.9110041108508022  -0.32912992191739443  0.24848542112483962  3990308.9281647597  -0.4121404146514838  0.747872758023469  -0.5204100464223119  2318075.3702817415  -0.014552959281253969  -0.5765065761160229  -0.8169628994459533  4648835.606084119  0.0  0.0  0.0  1.0;ok
34562489693037;3.6096861314976527;3.112448204297403;-0.7214999641305228  0.3464482626631315  -0.5995093018939341  -1577952.581338743  0.24008732947873537  -0.6869366324809909  -0.6859126308644896  13403891.910691531  -0.649458140285749  -0.6388205258547774  0.41244691750963813  5596021.011144857  0.0  0.0  0.0  1.0;ok
34562489693068;5.981505073479419;2.5103362626989902;0.556525181967692  0.725783234186664  0.4043741074912849  -5527996.440775905  -0.5801153644417658  0.6878747367996372  -0.4362275901538403  2918891.754401208  -0.5947654039824646  0.008188006251573197  0.8038576184743164  351971.29187746905  0.0  0.0  0.0  1.0;ok
34562489693099;4.279282882274275;1.750281015658323;0.5045667240362298  0.4541451910030563  0.7342782622985279  -3306033.38117174  0.7956164670296498  -0.5748431339926884  -0.19118004261094673  12111945.419397738  0.33527132055486986  0.680666964667937  -0.6513721093377668  -5711735.198358351  0.0  0.0  0.0  1.0;ok
