# registration_from_features.py TEASER TEASER_config.json euclidean True --use_random_keypoints=True --n_keypoints=5000 --input_txt=/SSD/point_clouds_registration_benchmark//eth/gazebo_winter_global.txt --input_pcd_dir=/SSD/point_clouds_registration_benchmark//eth/gazebo_winter/ --input_features_dir=/SSD/features/FPFH/voxel_01//eth/gazebo_winter/ --output_dir=/root/neural_registration_comparison/results/FPFH/voxel_01/TEASER_mutual_on
id;initial_error;final_error;transformation
38591597440030;3.9584549028563556;0.035334026847838984;-0.045626262392467594  0.9911223181495716  0.1248791201358816  5.369756009889503  0.9526297646301359  0.08079723269449068  -0.2932035789850521  -5.894500792789805  -0.30069049822171817  0.10558578339308076  -0.9478590963980059  -6.727983828271107  0.0  0.0  0.0  1.0
38591597440061;2.893302858668122;0.08768063875460526;0.4650837647575049  -0.10470281898570485  0.8790531334654539  -2.3905821599019874  -0.5872862457180911  0.7065212195166225  0.39487039894514003  0.7041025755084412  -0.6624137357794866  -0.6999036262723539  0.267101023175639  -0.9835792353545073  0.0  0.0  0.0  1.0
38591597440092;2.596560926939177;0.06924343000274329;0.14592587912374935  -0.9737325609092043  -0.17478712088470338  -0.45034779391387264  0.9551328652670998  0.18469912914495787  -0.23153280843058732  -1.7666581087673014  0.2577340635007751  -0.13315829496616952  0.9569963536989475  -4.858382416087121  0.0  0.0  0.0  1.0
38591597440123;2.5491129024057546;0.05141402418330365;0.6437958717480978  0.7085574226528191  0.28891738321482335  2.839411014208878  -0.5559408122115469  0.692558796775736  -0.4596652328881428  4.063993350689511  -0.5257914879851826  0.13530961463303073  0.8397824833551772  2.4446315620309305  0.0  0.0  0.0  1.0
38591597440154;2.8903184466470044;2.0756092721069903;-0.03579041970477803  0.9910028676416595  0.12896651574483792  1.730174933627611  -0.9564596456951654  0.0034369817078306886  -0.29184436488206855  5.80600419260588  -0.2896618580587261  -0.1337965002634512  0.9477312406495935  3.256946006428919  0.0  0.0  0.0  1.0
38591597440185;5.076548343189817;0.011241005556164778;0.47960467325418865  0.24980311186381  0.8411764159175534  6.843907034982174  -0.27170187964121695  0.9537867286381836  -0.1283314648599548  1.9427059343312802  -0.8343605012176534  -0.16700084304227134  0.5253125473763196  -1.9586343603237577  0.0  0.0  0.0  1.0
38591597440216;1.6762692747156474;0.02927715972548918;0.8371662698212708  -0.5460445765631835  -0.031431784541655836  1.1190915604472516  0.2447429155052523  0.3225943553048427  0.9143488323585492  -0.45040368880461806  -0.4891355047259689  -0.7731547078892989  0.40370565475985737  0.16871525567558002  0.0  0.0  0.0  1.0
38591597440247;4.93981129019194;0.5227688164065948;-0.2538439083507399  0.6855054334319598  -0.6823822762414643  12.84668180852174  0.7501317717206184  -0.30585822913269844  -0.5863045869913497  -0.31200494880199536  -0.6106272146314056  -0.6607064737136085  -0.436579157020146  1.3618700965661439  0.0  0.0  0.0  1.0
38591597440278;3.836455877765292;0.014125454103468622;-0.8544830607697038  0.5138879426089662  -0.0760123759578837  -3.919219788170629  -0.40248937562373566  -0.7474306343286752  -0.5285354759872315  -4.314229831954026  -0.32842198672995976  -0.4210304375079766  0.8455012532954569  3.0309185364627513  0.0  0.0  0.0  1.0
38591597440309;3.8455601514228666;0.010380051668408635;0.5751292745835072  0.02044006312951073  -0.8178071418961258  6.770531499473432  -0.14196493680885808  -0.9820259469871173  -0.12438245921717106  0.22273146223231438  -0.8056502182919741  0.18763593276160065  -0.5618900982423326  3.368642748644175  0.0  0.0  0.0  1.0
38591597440340;3.1249643016133017;0.020508429423902384;0.09949686905187201  0.495676862325822  -0.8627889783740308  7.081405727490028  0.8272016870167883  0.44071142732661317  0.34858400253069366  -0.3281228401351908  0.5530259867722798  -0.7483835153038633  -0.36617532955672877  -3.2021024129828186  0.0  0.0  0.0  1.0
38591597440371;1.9082676334258446;0.0513204756944618;-0.27594535126287956  -0.13805862936335928  -0.951206590586249  5.452610482503626  0.021746803571383755  0.9884805624935133  -0.1497773484440645  -1.7288947598726048  0.9609272811460989  -0.062016065908905085  -0.26976428213970194  -4.2235485958445755  0.0  0.0  0.0  1.0
38591597440402;1.653095540299216;1.3496574723009496;0.8822729596350013  -0.1817795447163498  -0.4342241607967136  0.1088118837683815  0.3415791859402426  -0.38749903117424045  0.8562523930310646  -0.4828201680848408  -0.32391061178864644  -0.9037702683545971  -0.27978780818499416  1.2905049696371187  0.0  0.0  0.0  1.0
38591597440433;5.513897604577699;0.025025608772261676;0.9560428171387279  -0.10296862232800974  -0.2745534458230626  -1.9245765993758566  -0.25608730225582904  -0.7492870432857851  -0.610727615543442  -4.2121824157773595  -0.14283355845450776  0.65419140133444  -0.742719452417469  9.310363140199147  0.0  0.0  0.0  1.0
38591597440464;2.6229936829188185;0.5832055509702461;-0.28785356993354105  0.9560140693431448  -0.0563686215413874  6.694031475494421  -0.8340455205305906  -0.27918565051033656  -0.4758397232598136  1.011215466135921  -0.4706467804621335  -0.08995816676144724  0.8777238382734895  0.18800202454746104  0.0  0.0  0.0  1.0
38591597440495;7.040304842930483;0.036314078733923796;-0.9457431523459302  -0.22135525516257987  -0.23784814651935254  11.323695767390756  0.316436608801408  -0.7936324919260462  -0.5196300033384516  -11.77229926188545  -0.07374118524302993  -0.5667003783051178  0.8206174010023118  -0.5288481245916189  0.0  0.0  0.0  1.0
38591597440526;4.4907205692444;0.01860706929321192;-0.9610487575530209  -0.16372324211367656  -0.22266563631953004  6.185609636858269  -0.07663833788659624  -0.6161925815961201  0.7838579383739697  -6.948614592049155  -0.2655406763036026  0.7703904220443656  0.5796436378073427  7.030926786303983  0.0  0.0  0.0  1.0
38591597440557;2.48450718425269;0.006478049541379075;0.8112154518782605  0.49935493843620143  0.3042599810907243  6.006431588870686  -0.5764834304947148  0.5957920618168144  0.5591946650685385  2.3825839622963385  0.09796093608676475  -0.6290281905729247  0.7711855745963858  -1.5840080133289152  0.0  0.0  0.0  1.0
38591597440588;2.328820346378117;0.12282690628045455;-0.6652380051151823  -0.0941069291529428  0.7406769082641741  5.687728865754321  -0.08567292337156336  -0.9758512374763252  -0.20093409993551364  -2.1164565651163456  0.7416997686067744  -0.19712495580551875  0.6411109147778794  -5.502958164059776  0.0  0.0  0.0  1.0
38591597440619;6.320591373756098;0.03063899379221255;0.5848961578528172  -0.7914782214355163  -0.17736603260569572  -0.4523140044582332  0.8104920104001523  0.5788291638096202  0.08977471916400107  -5.699091500917149  0.03160989728758784  -0.19626264065462926  0.9800417288446142  9.0005331042582  0.0  0.0  0.0  1.0
38591597440650;2.279414240855783;0.023791953245704586;-0.1254483994994563  -0.18823883227046717  -0.9740784573577611  3.8245583625232755  0.42510876299932704  0.8769325225555921  -0.22421393914176668  2.5850731132042153  0.8964068488606087  -0.4422165678824536  -0.029987804288683764  -0.46458159855240516  0.0  0.0  0.0  1.0
38591597440681;2.179632741963947;0.015604101645071027;0.6331678017777436  0.514947251638946  -0.5778649174516792  1.840231732437304  -0.7509547889247686  0.5895710527476417  -0.2974439085827689  2.922641556547665  0.18752450448647293  0.6222823328614864  0.7599995121219286  -4.088140361819687  0.0  0.0  0.0  1.0
38591597440712;3.8212360075464504;0.04171513993535856;-0.8129569440482761  0.1341909013127457  0.5666514000058239  11.714961059537911  -0.4195098920342354  0.5399264640458274  -0.7297197159926495  -0.5473215481445005  -0.4038718331464971  -0.8309465779626528  -0.3826425576998007  6.1818828972636375  0.0  0.0  0.0  1.0
38591597440743;5.199898909440479;0.017352323179277;-0.5385129799898019  -0.7182235096753967  -0.44063449766451435  8.482147326861726  0.505951196610197  -0.6937866400192872  0.5125168141431636  -0.03445375398519534  -0.6738079526328065  0.053057405518020434  0.7369991551477408  -1.8380549735134433  0.0  0.0  0.0  1.0
38591597440774;4.068195372446665;0.011715330042197082;-0.8129621325439176  -0.5549375406451209  -0.17645650181388073  0.5053315020517422  0.5761346447626529  -0.7224768889816866  -0.38222508550794465  9.077630215428137  0.08462530445356617  -0.4123972246149201  0.9070650952252834  3.954616274819874  0.0  0.0  0.0  1.0
38591597440805;6.856595695350732;0.03035709014244626;0.34724574135166153  0.8183415279728641  0.45797111121573314  -0.1307466049457696  -0.7887491876798819  0.5190212562169834  -0.32938071365711696  -1.6459695054377221  -0.5072426579532351  -0.2468482918514573  0.8256941363256464  -6.759464199515533  0.0  0.0  0.0  1.0
38591597440836;1.767433218515084;0.30477041365318736;-0.30792022470402514  0.9220021581575487  -0.23472783297053837  -0.5366236481507931  0.8094162941706045  0.38353132701336745  0.4446897614410431  -0.7285084984499833  0.5000303970253701  -0.05306356143520423  -0.8643806224681713  -0.5351109774233118  0.0  0.0  0.0  1.0
38591597440867;2.621604289268463;0.04477180319750572;0.4145298632300442  -0.6978244345070094  -0.5841284542765008  -1.4049485245893272  0.41694202884151055  0.7161758768834792  -0.5596887152299082  3.123287241769492  0.8089031691593292  -0.011540016254446964  0.5878286237916979  -3.4272021713247196  0.0  0.0  0.0  1.0
38591597440898;2.670728938211616;0.15134042571478704;-0.2133183016207903  -0.9769778333774978  0.0031008519206007917  4.469949478356442  0.9732796565752302  -0.2127847630386853  -0.08630964439374045  -4.561556884265014  0.0849824234205217  -0.015393430663194103  0.9962635344134573  -2.688409126565878  0.0  0.0  0.0  1.0
38591597440929;1.8420211736250836;0.031231666342725062;-0.6984425230916705  0.6121325106355394  0.37077193982335444  4.095719833239445  -0.3354823438884138  -0.7376733469141065  0.5859092337484342  -2.2237796700567296  0.6321626680503034  0.2848364841019706  0.7205820830744759  -0.22856270791549643  0.0  0.0  0.0  1.0
38591597440960;4.0321706019458725;0.07840866713198953;-0.19327652487091873  0.9763275859305027  0.09710113225362987  0.33078531275970263  -0.8589435476342699  -0.2162049909103279  0.46418895277992017  0.7972533824135394  0.4741942290995067  0.0063124366595371795  0.8803976296152456  -5.267853953223176  0.0  0.0  0.0  1.0
38591597440991;5.87031157311765;0.12454583080235976;-0.6756153997217034  0.6431649115972996  -0.3603924640567837  6.459062592049346  -0.06431300792038855  0.4355526138942586  0.8978628834861764  -8.70864015158701  0.7344437818316082  0.6297879143171268  -0.25290218328232916  0.4533658100110734  0.0  0.0  0.0  1.0
38591597441022;4.407785844403787;0.12486843391016786;-0.11195130217625267  0.9350950285990595  0.33625019469193584  5.0661083980634976  -0.9280397924025215  -0.21935711927862103  0.3010391966825396  7.404635777361609  0.35525913029579614  -0.2783518308025082  0.8923627113625751  6.545916337042434  0.0  0.0  0.0  1.0
38591597441053;5.317946691794153;0.016212246655320475;0.41399677491573916  0.45044715257757595  -0.7910145593439615  9.897259453682386  -0.5070856846624434  0.835783862666886  0.21054558488850256  -1.31323437896907  0.7559568630350466  0.3139469662863059  0.5744271264397575  -7.3206490786949  0.0  0.0  0.0  1.0
38591597441084;5.062681624331849;0.02318239209078672;0.21314927860318222  0.40823473160365303  -0.8876439539271571  3.9529419913910524  -0.25441075117655454  0.9003713171260421  0.35299668692850056  7.967649870840985  0.943314663681597  0.15058517592781162  0.2957728014440572  -7.392679358602533  0.0  0.0  0.0  1.0
38591597441115;4.0304954775959185;0.05026813596281423;-0.1259003210977484  0.15298945338121941  0.9801751559295913  8.326055221449264  -0.7474083072843946  -0.6643204985105852  0.007687487295775425  1.0887100117987223  0.6523265526940925  -0.7316231970165807  0.19798375245832148  -0.061500227566689734  0.0  0.0  0.0  1.0
38591597441146;3.50878041807317;0.0414362406245565;0.6362105324351747  -0.40490651767592356  -0.6567243488421219  5.791219403740257  -0.23880760646575838  0.7060589629554564  -0.6666720842545922  -2.088901112360385  0.7336259847583425  0.5809745715380524  0.3525073924239455  -0.2849183057602181  0.0  0.0  0.0  1.0
38591597441177;1.8734213949510077;0.041669362561375496;0.39076582088284284  -0.5174780496590939  -0.7612611518728502  3.395372473957155  -0.5360694528456769  -0.8002352285335482  0.26879940613698833  0.8567758728204872  -0.7482857842799736  0.30305122856520766  -0.5901087509176797  2.7298636817848854  0.0  0.0  0.0  1.0
38591597441208;4.856694250338816;0.05015289503767198;0.471622236288899  -0.8624677617958189  0.18363503505804532  5.482272869372627  0.8748748749831475  0.4837085183325196  0.024900249311639477  -6.484447645967308  -0.11030149301383495  0.14891416707442656  0.9826790684060845  7.524909854208138  0.0  0.0  0.0  1.0
38591597441239;3.562972413096303;0.013585922853674434;0.2050845935549719  0.8436399709386119  0.4961974495310214  -2.341905657810455  0.8689944431689106  0.07630622965745826  -0.4889028707800962  2.036447955135301  -0.45032096023608364  0.5314592728988383  -0.7174692146858224  6.14036641543956  0.0  0.0  0.0  1.0
38591597441270;3.8856885051039876;0.03569672204417902;0.5256976724682981  -0.15628454642633374  0.8361920220318594  -4.465858883510555  -0.782222516528504  0.29750843437707825  0.5473725112848788  1.3369241672722405  -0.3343200439657021  -0.941840682930407  0.03415020029159489  -2.335438832704594  0.0  0.0  0.0  1.0
38591597441301;5.885271651627378;0.016787898348397;-0.8564611739319152  0.31058395206352074  0.412324952274017  2.4986381856984177  -0.31989993287211554  0.30755275803035065  -0.896144705935565  -5.2690727910380755  -0.4051398406668761  -0.8994158714124011  -0.16405121077239573  3.4307970117986266  0.0  0.0  0.0  1.0
38591597441332;4.848688954378692;0.006233890786885813;0.9565193777078789  -0.07475242510869472  0.2819268611000058  0.38879182112971283  0.2739202703281549  -0.10180745443773638  -0.9563487479597907  3.694234580225663  0.10019164422587101  0.9919915912754896  -0.07690459847134803  7.900772983087709  0.0  0.0  0.0  1.0
38591597441363;1.9312590227021411;0.03775467691373774;0.5306279082085336  0.7596896134378472  -0.37590652330717866  4.2746724153293565  -0.7444723210928591  0.6297406593702379  0.22178292328885346  2.3079888443796874  0.40520980510946164  0.16216779325930442  0.8997258586217031  1.5541374096927933  0.0  0.0  0.0  1.0
38591597441394;1.946076302141685;0.3183330131967016;-0.44763689046383387  -0.7193493817982328  -0.5311851665872908  7.425739010447751  0.8309612721821126  -0.5540715568279949  0.05008067539167449  -4.73025962218938  -0.3303400950979973  -0.4189763439869849  0.8457743462354156  -0.027896004421220068  0.0  0.0  0.0  1.0
38591597441425;2.927510512380139;0.018455485123342035;-0.95658826082745  -0.2353545207268644  -0.17189284109742164  9.557092600881953  0.04384874270807341  -0.6993105299805141  0.7134718427669695  -7.880675077393874  -0.28812529741422677  0.6749615042591699  0.6792722434769156  3.729725405641018  0.0  0.0  0.0  1.0
38591597441456;2.426629832247053;0.03927457365485361;-0.3962977548125539  -0.14451662104684204  -0.9066769191788953  5.980141999819626  -0.9022970324623374  -0.12125770637864478  0.413710809447191  4.782564567830771  -0.16972965191795072  0.9820445585028178  -0.08234276152047294  1.1865109408274725  0.0  0.0  0.0  1.0
38591597441487;5.191066102703561;0.014813815027994745;-0.03230083224684163  0.8598413746737884  -0.5095384839590158  7.8752271789262  -0.6593426079700356  0.36480734512527047  0.6574062109973745  3.7599368495074144  0.7511484417553124  0.3571952006140931  0.5551464735606491  4.574367613164503  0.0  0.0  0.0  1.0
38591597441518;4.920812353335283;0.026654844477015112;0.8756786895353403  -0.010528617446130602  -0.4827794329798465  10.260541826747248  -0.4814596486243464  -0.0960418818950303  -0.8711903142646744  -0.9275459325328558  -0.03719461574193286  0.995321608896709  -0.08917093373446203  1.8528352436430426  0.0  0.0  0.0  1.0
38591597441549;4.927630398119143;0.03385947134285435;0.39844906874233027  0.42040872802506  -0.8151655298273601  9.635961465062135  -0.8601942846054096  0.47970450159463274  -0.17305890292623477  2.881103457569029  0.31828310095032786  0.7701558884733639  0.5527709969772721  -3.4117804376984098  0.0  0.0  0.0  1.0
38591597441580;4.789769207117012;0.017142618925332087;0.609158386405439  -0.7915071125410323  -0.049422171834920814  -2.68467450972617  0.6769211210525795  0.5514147493101922  -0.48756493938356293  3.5095951697986356  0.41316323184044534  0.2635493597794089  0.8716868008723216  -5.4803459536148615  0.0  0.0  0.0  1.0
38591597441611;3.8037185845764383;0.028291066126406864;0.9895918781863304  -0.10457522014832807  0.09885311304445324  -0.7207226745974148  -0.1405559277216973  -0.5551358251044061  0.8197976865470793  -6.933593209866207  -0.030853619073679103  -0.8251595233750736  -0.5640565708982366  3.717838997138333  0.0  0.0  0.0  1.0
38591597441642;2.439160696844833;0.02294595050355096;0.11889526145622645  -0.9892009381866954  -0.08570542978025078  2.5113329154710353  0.9929036563241268  0.11823386159547164  0.012770404472972952  -4.0313507383002145  -0.0024992121630698083  -0.0866155751743575  0.9962386742521989  -2.349984449583945  0.0  0.0  0.0  1.0
38591597441673;5.598187939653337;0.029560526526911355;-0.2144927979534407  0.8017668106362235  0.5578197029402264  7.792891623962912  -0.4368862566212177  -0.5895504115311513  0.6793825954783874  8.260926240553045  0.8735692522070607  -0.09798108810208525  0.476735217885911  1.4894537395512841  0.0  0.0  0.0  1.0
38591597441704;4.778579004204095;0.00688796227200319;0.7040282206805798  -0.6931761964805135  0.15443777102168418  -5.026914622225545  0.7100340972883209  0.6827607025585496  -0.17230613375534626  1.182534117970389  0.013994469382452024  0.23096446409472815  0.9728615375027111  4.47400102058157  0.0  0.0  0.0  1.0
38591597441735;4.169490407709132;0.04070876389075649;0.5267045625242686  -0.6742739078911345  -0.5176263140078342  -5.554811797003619  0.22406637334620622  0.6975285915863679  -0.680623335079703  -1.7751212519727884  0.8199857097240156  0.24250476501866383  0.5184736008628069  -0.716722845177352  0.0  0.0  0.0  1.0
38591597441766;1.9262032552907409;0.025224935658816686;0.03201654117476507  0.6677552959677443  -0.7436920100406046  7.619030400828264  -0.9869344460840579  0.13867790536749527  0.08202949284030076  0.5424722707345689  0.15790927846063274  0.7313489613514976  0.6634706900128509  -0.1256774603906973  0.0  0.0  0.0  1.0
38591597441797;2.2135128812075298;0.33409968329122786;-0.07846798406856181  0.5553647702184058  0.8278965801816511  -3.1041257167641856  0.21145709215659053  -0.8022885503924863  0.5582284300228729  -0.49927090444537564  0.9742323509578681  0.21886766300525096  -0.05448185420601036  -0.1945285292808015  0.0  0.0  0.0  1.0
38591597441828;5.443305572519713;1.3457310531044682;0.7233157581434384  0.6218406273890595  0.3002141704679558  -5.106289602118411  -0.08966006574646643  -0.34650850308741327  0.933752070893799  1.3115088723448827  0.6846717364049145  -0.7023148093387312  -0.1948807890782932  -8.381991186679102  0.0  0.0  0.0  1.0
38591597441859;1.9328163177142916;0.008320374763899425;0.5051082758652565  -0.8620238937608304  -0.042195215817013465  -2.061450264833462  0.851987021745213  0.49022875686518963  0.1838311201079225  -1.8995912760101543  -0.13778150975421338  -0.12880439638392546  0.982051772078246  -3.3076483080680856  0.0  0.0  0.0  1.0
38591597441890;4.287804159875307;0.008022901914743148;0.0650920496255267  -0.9710456475754649  0.22985511828169977  6.467371558877505  -0.7529550506342267  -0.19895469035598587  -0.6272764326114629  2.4453314405509636  0.6548448035984993  -0.13223986354386474  -0.7441040933162125  -1.2394328269367658  0.0  0.0  0.0  1.0
38591597441921;4.652169079942416;0.027172941525781123;-0.3291817575582565  -0.934677392214539  -0.13422944153160718  6.928121142043763  0.9424732342840002  -0.33397684897237384  0.014271195070528098  -4.264784232989784  -0.058168489314353644  -0.12180983882065599  0.9908475109810654  -4.166765360565857  0.0  0.0  0.0  1.0
38591597441952;1.783388299920841;0.04031082637228148;0.5379043708841611  -0.8427790438897949  0.019554308065456938  -0.22796445458718645  0.8430053211862862  0.5377329565502854  -0.013612343343274838  -6.103601757367634  0.0009572018186112669  0.023806524733619716  0.9997161262802481  0.14356786124743492  0.0  0.0  0.0  1.0
38591597441983;5.49349230429743;0.02431798133616459;0.11706313485788208  -0.9893804480864673  -0.08615423031672131  4.059186718155312  -0.27198354602967345  0.05149519908467465  -0.9609230953413254  -9.50543371792686  0.9551550518875822  0.13592120296499416  -0.26306701320800174  -4.109299173003251  0.0  0.0  0.0  1.0
38591597442014;1.4576110063785062;1.908384035473707;-0.1653958843485488  0.4497811016353488  -0.8776908123321409  1.4993903946994775  -0.7547404243273798  0.5151310303813867  0.4062104299797545  3.575698323295871  0.6348315472049951  0.7296142694259086  0.25426742717739104  -2.3258961816579315  0.0  0.0  0.0  1.0
38591597442045;3.4058146160113;0.011350987334286935;0.598260383929052  -0.7935782016099586  0.11098716570201594  2.8681111248653033  0.7993403635327561  0.6007288504099446  -0.01341012723532825  -1.266065574469351  -0.05603120780765772  0.09673926924806436  0.993731360850087  7.429454767578294  0.0  0.0  0.0  1.0
38591597442076;1.5195309119701852;0.016127996480411504;0.8709098558750444  -0.39366137460549344  0.2941882816895044  -0.7131475702916411  0.48746854401986817  0.6160085365159462  -0.6187955248146452  -1.9235190502231114  0.06237340403456863  0.6823226546753344  0.7283854428706992  0.009798300174030649  0.0  0.0  0.0  1.0
38591597442107;3.7055155609155883;0.010345349012445021;0.64367550172064  -0.7042728209937853  -0.299468933437406  -5.839365352384101  0.7031044574804307  0.3896884704513926  0.594799981395766  3.019033861619925  -0.30220187020571426  -0.5934161184250973  0.746010281455597  1.7826501558975834  0.0  0.0  0.0  1.0
38591597442138;5.646923884727078;2.297256021024951;0.6739993373809741  0.7379413836849114  -0.03416734486621478  1.6918209690024906  -0.3307923705794616  0.26012790121767415  -0.9071438047931031  10.154632048712603  -0.6605310747999884  0.6227166203445084  0.41943141271283546  0.20330005202722146  0.0  0.0  0.0  1.0
38591597442169;1.4800799852740398;0.7498607744198011;0.15262372681883216  0.9660092826141824  0.2086433893397157  3.027256393215065  -0.9781207450517718  0.17784912516444137  -0.10793283456674058  2.7633794289251306  -0.14137116435574493  -0.18760531597339297  0.9720177155315767  -0.39962595868835343  0.0  0.0  0.0  1.0
38591597442200;3.2131369785042154;0.13162657731236238;-0.09341865592594079  -0.9274813743943918  -0.3620100204089375  -5.120525754738755  -0.9656461173641858  -0.004151891257623032  0.25982751551453775  -0.310450975400001  -0.24248820743381155  0.373846307926765  -0.895230924010706  -3.2303794501220238  0.0  0.0  0.0  1.0
38591597442231;3.3002375565089763;0.011234676113483392;-0.3719399934885812  -0.4431058582414529  0.8156701782190028  8.223012172230186  -0.7126309384249571  -0.4267734225750601  -0.5567958255798389  -0.15638135815683873  0.5948258458097457  -0.7883664402900943  -0.15703683956653497  -7.522420192206824  0.0  0.0  0.0  1.0
38591597442262;3.603766945068243;0.01923941065039451;0.5147687114109616  -0.24861028330361404  0.8204913776439067  0.043481059053567  0.7172921696629186  0.649080703162129  -0.25334992426053754  4.971568912610197  -0.46957972389420927  0.7189486545075762  0.5124526466798517  5.97230096610295  0.0  0.0  0.0  1.0
38591597442293;2.0154890518338;0.01720771964836172;0.7341032706992321  -0.14834182939298826  0.6626364686621407  -1.1947990949664036  0.09649024738045871  -0.9431552584232139  -0.31803740451257967  -4.369978383629193  0.672147320242481  0.29741025564190293  -0.6780598201706616  0.460675793597076  0.0  0.0  0.0  1.0
38591597442324;5.849680243723311;0.016467408463960956;0.02238563744979076  0.8540974166185537  0.5196311058447902  -2.9620619402353805  -0.9560981734859781  -0.13361798853096565  0.26081126470633165  0.5840000644150158  0.2921902905517974  -0.5026567775992401  0.8136098561600668  -4.637902095467894  0.0  0.0  0.0  1.0
38591597442355;5.300655887315837;0.0963677857885535;0.07693849955517962  -0.9201579255894654  -0.3839138695867733  -3.2813950615082184  -0.4833533119372179  -0.37120406018758023  0.792828557469759  2.670475638680448  -0.8720378679423969  0.12456700074717927  -0.473321264258571  0.04982556523278867  0.0  0.0  0.0  1.0
38591597442386;1.9258199135952243;0.010927354667566055;0.6839292126750613  0.1435108160133517  -0.7152939799389145  -2.812923522262346  -0.690819303380653  -0.18781170420620313  -0.698208746607941  2.417469766853063  -0.23454108835413015  0.9716642472841861  -0.029309869042977173  -2.1086905654738946  0.0  0.0  0.0  1.0
38591597442417;4.983836368994222;0.12673184550160288;-0.947635366399981  0.22524219569668202  0.2263916200430398  7.201223126087551  -0.2300310194398779  -0.9731685454955966  0.005358372274882395  -5.033608346855403  0.22152413512623137  -0.04699931207713026  0.9740216230766399  -8.012555030186292  0.0  0.0  0.0  1.0
38591597442448;3.9670676070792013;0.044053231429306575;0.3731585452918354  -0.8566511000051357  0.3562324984271837  -4.403729048569608  0.6252712235262468  -0.05145193386516133  -0.7787095707203847  0.5133857142925086  0.685411261291841  0.5133240607662252  0.5164395526417408  6.914251035498462  0.0  0.0  0.0  1.0
38591597442479;2.535069451706357;0.04755850321524966;-0.5432995426469164  -0.8251813032740878  -0.15460085280013453  4.726009852804873  0.4379803499731423  -0.1214831122345012  -0.890738495002446  0.7541857526314402  0.7162393594302496  -0.5516499525683809  0.4274149153156074  -1.4466607043199329  0.0  0.0  0.0  1.0
38591597442510;2.7117678210954486;0.04925495582227229;0.0755981116506861  -0.43808843376361595  0.895747425180443  -0.659995675697609  0.9007542172041595  0.41531595751272926  0.1271003368375045  -4.8733821493658676  -0.4276993870743475  0.7972397253259694  0.4260071063473007  1.7156795382660577  0.0  0.0  0.0  1.0
38591597442541;1.1504027505085501;0.020731085298335214;0.6454259553658054  -0.694250442979811  0.31849907152529044  -1.171928327564176  0.5955108158854789  0.7184912677274962  0.3593566005554174  -0.5792289657584714  -0.4783222807935543  -0.042268435287695194  0.877166560622771  -1.0035997011569529  0.0  0.0  0.0  1.0
38591597442572;2.4453153833729853;0.5430712833398252;-0.7572123354290973  0.31539677263778115  0.571974085849774  8.067788246739756  -0.1247970205654078  -0.9294186830222201  0.3472846315448469  -5.181429100993481  0.641135853569281  0.1915875451560326  0.7431278690838308  0.2771174260011245  0.0  0.0  0.0  1.0
38591597442603;2.022769694472952;0.041233557172389364;-0.5628642186306726  -0.7708148065313362  0.2983762815931282  6.987332741139484  0.7831320176783522  -0.612796486729133  -0.10575778335169884  -2.0489542251690893  0.26436360239699414  0.17414074734102467  0.948570970377649  0.07473238054436969  0.0  0.0  0.0  1.0
38591597442634;2.3143065310168365;0.024723996567366804;0.9493824314923655  -0.21346782654186625  0.23044410559859538  1.973941504007385  -0.18446354888241956  0.21493186397078748  0.9590503078482101  -0.3494251981438733  -0.25425616591805217  -0.953014050726187  0.16467550276564313  4.406478504650889  0.0  0.0  0.0  1.0
38591597442665;1.7442633128967042;1.489990032320939;-0.6486350279565325  -0.493485870151128  -0.5794344626176574  7.425462445897877  0.40100656793721545  -0.8686571576866347  0.29090973663834696  -1.4871791409685593  -0.646889737883547  -0.043662780041609776  0.7613325348755269  4.292604014473538  0.0  0.0  0.0  1.0
38591597442696;4.239524031860057;0.011830538399744567;-0.09687437516230722  -0.9909744678472012  -0.09265505659093498  -5.253756220170161  0.9927730342506386  -0.10283417379433428  0.061861419033327536  0.7965048129340945  -0.07083119299922062  -0.08599265535493952  0.9937747256412359  -4.256129278809637  0.0  0.0  0.0  1.0
38591597442727;3.3606588330920775;0.013550439855409326;0.463149843890531  0.8238726672733747  -0.32668953185560273  0.3172506988018232  -0.8598924103269291  0.32844222764949077  -0.3907822229308609  -6.670452625190988  -0.2146561547366437  0.4619085745215129  0.8605598201270974  2.3234240428549184  0.0  0.0  0.0  1.0
38591597442758;5.505400493338908;0.044086941774002346;-0.48566423350747884  0.8457478117786006  -0.2209997537629887  9.104882365922737  0.07616228300984335  -0.21091646748040038  -0.9745324778540312  7.596651648137334  -0.870821198029953  -0.4901274146763246  0.03802050031733656  0.6781305041500538  0.0  0.0  0.0  1.0
38591597442789;2.5679788633882894;0.018473850214028923;0.9980000202764442  -0.05084758846654646  -0.037556387943376804  4.673028330039307  0.03862839129435762  0.020266388850610686  0.9990481073847074  -1.5546447334257878  -0.050038054660694886  -0.9985007742761611  0.02219001702750001  2.5915829890431197  0.0  0.0  0.0  1.0
38591597442820;4.890369584704633;0.02715280595622085;0.6282654189774343  -0.07695321793993251  0.774183935228443  -7.3061542301409625  0.6944880222648135  0.503994320616141  -0.513494023059063  4.733201417405957  -0.35066928900007327  0.8602720075856025  0.37008529113816435  -0.32494823377750925  0.0  0.0  0.0  1.0
38591597442851;3.7198562228278598;0.062185415315465675;-0.4629645873576669  -0.1444456235762248  0.8745280170940335  -3.793988142187085  0.14126128493947276  0.9619985351121917  0.23367513307848536  4.099638164117379  -0.8750480216708084  0.23172026297170095  -0.4249666804566345  -2.425210121410273  0.0  0.0  0.0  1.0
38591597442882;2.8047071756103454;0.1234368007785313;-0.6652162008308098  -0.46401177965575463  0.5849619427731385  0.6645996973985311  0.6973550068229613  -0.6660606080755908  0.2646870998536258  -8.060540608569335  0.266802175049554  0.5840002865672883  0.7666552449948763  -1.3889314386145384  0.0  0.0  0.0  1.0
38591597442913;2.6498156260201227;0.024983093417330113;-0.6628947601520552  0.005048206479083564  -0.7486955673531767  0.9556217861565722  0.6244329723243096  0.5554660924226591  -0.5491273834393355  -3.4077639628412912  0.41310289279691403  -0.8315238636263226  -0.3713678286857587  -1.6962674844051948  0.0  0.0  0.0  1.0
38591597442944;3.9890625842330967;0.04113098112531117;0.48895098061074616  -0.8708303935986066  -0.05080712690839984  -3.3907761922921433  0.8675534980069168  0.4915335318371529  -0.07580049588002352  1.6619098653885223  0.09098278219395464  -0.007015173881745309  0.9958277565320507  -1.4977263953673776  0.0  0.0  0.0  1.0
38591597442975;4.829702581700206;0.07096578878701505;-0.1452093287641652  0.9822104790890465  0.11906647558203157  3.829671908483237  -0.23888856819966187  -0.15158718204689015  0.959142105332989  -7.342744529199529  0.960128378303327  0.11083276143248033  0.2566507279745667  -5.130567118009323  0.0  0.0  0.0  1.0
38591597443006;1.5836086183196916;0.004748228048353476;0.6038762875616628  -0.40958925529617196  0.6837909558239796  -0.46944230680942245  -0.38944734755355787  0.5968876267425285  0.7014669803527251  2.480125356881623  -0.6954596989073074  -0.6898998499692545  0.200932835067238  4.009614798192285  0.0  0.0  0.0  1.0
38591597443037;3.2675087807083063;1.1440439724126652;0.9352205463750143  -0.13899619665285143  -0.3256418077490387  2.3999931734551403  0.3242225918785187  0.7057702011288269  0.6298953358409244  -5.869671148671716  0.14227522817973468  -0.6946714910766218  0.7051165002549488  -4.097058114870911  0.0  0.0  0.0  1.0
38591597443068;3.1958174120499194;0.01310611344008158;0.4284422934500211  0.343934017803477  0.8355516696056825  -5.41155375847669  -0.3715193373062368  0.9099945494035091  -0.18407417543870314  1.4712069555904246  -0.8236568358186679  -0.2315584406871436  0.5176582901448772  -2.4929108915111913  0.0  0.0  0.0  1.0
38591597443099;4.778408638902547;0.013901261360964059;0.4003271776928504  -0.6987945590935191  -0.5928105219897607  -1.344286306287562  0.104039478961055  -0.60806806258501  0.7870381300049102  -1.1063646057277658  -0.9104471086328902  -0.37674845115197003  -0.17072394951090653  5.955638980598411  0.0  0.0  0.0  1.0
