# registration_from_features.py RANSAC RANSAC_config.json euclidean True --use_random_keypoints=True --n_keypoints=5000 --use_status_txt --input_txt=/benchmark/point_clouds_registration_benchmark//planetary/box_met_global.txt --input_pcd_dir=/benchmark/point_clouds_registration_benchmark//planetary/box_met/ --input_features_dir=/benchmark/experiments/OverlapPredator/KITTI/features/planetary/box_met/ --output_dir=/benchmark/experiments/OverlapPredator/KITTI/results/RANSAC/
id;initial_error;final_error;transformation;status_code
7680147070030;7.545142590457825;7.307808472602754;0.2009638730607377  0.14873490924891297  0.9682414205636657  -61.05356699090284  0.9787726477616667  0.010094216184589916  -0.20470029504921308  64.74149655908472  -0.04021971802541438  0.9888255829873819  -0.14354908816018186  -3.415725796962305  0.0  0.0  0.0  1.0;ok
7680147070061;10.640926713711309;12.298638010401431;-0.9984829917986201  0.04675621877000876  0.029078705184522574  -204.47189021175132  -0.03644485702848818  -0.9570865006065719  0.2875016569566865  51.41905913170443  0.04127332655663192  0.2860057453321494  0.9573386162439876  10.24258154616868  0.0  0.0  0.0  1.0;ok
7680147070092;9.025949366333345;7.220190635748078;0.34662854131787235  -0.7348648421335294  -0.5829428086355535  -55.781714816836384  0.2850008222458326  -0.5095810093293551  0.8118508029497016  42.94240776562309  -0.8936571969514059  -0.44754983937762627  0.03280176230048654  -71.67244921984741  0.0  0.0  0.0  1.0;ok
7680147070123;4.786994884202932;8.216094689707486;-0.410396924445707  -0.28509291084083854  0.8661965115340762  7.782211083993527  -0.8030270207578223  -0.33711949434575045  -0.4914245114612021  25.404911603948612  0.43211337440343184  -0.8972583121489394  -0.09058450718150632  27.59163831489832  0.0  0.0  0.0  1.0;ok
7680147070154;3.7582018651582403;6.810913162887794;0.6434009041528077  0.75534392326455  -0.12446217948705235  -11.111382508849637  -0.6429627837533884  0.44495563209189565  -0.6233885980492389  -21.877011324159557  -0.4154926416237034  0.48111333701844056  0.7719428875891909  -23.48520950052377  0.0  0.0  0.0  1.0;ok
7680147070185;16.676848449888578;22.802722975156215;0.031084082288309146  0.9994992726991216  -0.0059147022089861495  -94.9619624296615  -0.9890263044880453  0.031612400990324044  0.144317792161424  -40.58668289354658  0.14443250624085507  0.0013638099406880484  0.9895137144898151  14.063436326131402  0.0  0.0  0.0  1.0;ok
7680147070216;7.156480767462807;9.051716897383367;0.9849471807173089  -0.03504941648569096  -0.16926485045938267  -10.069603304030416  0.051269009545136746  0.9943989446380499  0.09242417196271235  13.802445764034417  0.16507737536466127  -0.09971096883866352  0.9812273858978713  10.639612469361065  0.0  0.0  0.0  1.0;ok
7680147070247;4.543534224825502;0.43354268727954404;-0.6807979079694796  0.2677651113864765  0.6817741954845216  -149.74937646029485  -0.44688442142035545  0.585641055971394  -0.6762535526357721  -48.803040470599804  -0.5803520676246213  -0.7650662707797915  -0.2790431488478595  -50.37911384588085  0.0  0.0  0.0  1.0;ok
7680147070278;7.860980928997323;13.105469313770193;0.3698587007912368  0.3763632969085681  -0.8494440594819244  -62.11704389240691  0.4622674676649191  -0.867622256985298  -0.1831404038501584  67.12365692891504  -0.8059238982606738  -0.3249342824693161  -0.4948781489300871  -53.834026047650745  0.0  0.0  0.0  1.0;ok
7680147070309;12.21597775439826;12.21597775439826;1.0  0.0  0.0  0.0  0.0  1.0  0.0  0.0  0.0  0.0  1.0  0.0  0.0  0.0  0.0  1.0;ok
7680147070340;9.621421568796105;0.4390090719971386;-0.9468954149864434  0.24522193668139003  -0.20797902501906068  -3.6916979169433652  -0.08572924408373706  -0.8159422529707672  -0.5717418443019721  57.82851836146864  -0.3099025165862352  -0.5235498463252732  0.7936346694961735  18.472954133838876  0.0  0.0  0.0  1.0;ok
7680147070371;4.530868269138677;0.2083508046884287;-0.6142131022468432  -0.6228919545292324  0.48450787198048884  -81.37278274119763  0.2928344358888017  -0.7500383509507469  -0.5930349612466125  -0.24018928566629594  0.7327961914379714  -0.2223692539130283  0.6430875964658058  26.816781927856976  0.0  0.0  0.0  1.0;ok
7680147070402;11.153679177023038;13.06107980897654;-0.332354218560675  0.9371507260926598  -0.10625059994618602  -51.247545988295954  -0.8202615344387836  -0.34281251755356473  -0.4578761764153252  -16.254136604909455  -0.465523026847282  -0.06502379866316554  0.8826438789695185  3.9587877848222863  0.0  0.0  0.0  1.0;ok
7680147070433;6.5184452824883925;10.316460487797878;-0.8573364982451939  0.1478857048758301  0.4930557241023052  -29.893557566472513  -0.508831560214287  -0.09856338496987893  -0.8552050645740905  1.9624114138946673  -0.0778753626416213  -0.9840808287110666  0.15975090127062713  -10.514048642403914  0.0  0.0  0.0  1.0;ok
7680147070464;13.779157588035384;15.51660388697344;0.7235063312405899  0.012589818080059748  0.6902029304019891  -15.771327145949755  0.43514704932855536  -0.7844934015290045  -0.4418338470716163  46.95952615070401  0.5358970368600985  0.6200093543150489  -0.5730643650118221  -5.486382195301001  0.0  0.0  0.0  1.0;ok
7680147070495;6.966857986828599;9.58654423433568;0.5766579775232731  0.7995025043566513  -0.16811104213052647  -44.24202766993496  0.7526081106091925  -0.5999124595028325  -0.27145178720819896  67.1448398146982  -0.31787829243915217  0.03001310481616002  -0.9476563748190923  -36.846077229847396  0.0  0.0  0.0  1.0;ok
7680147070526;7.628096793483198;10.109250133457994;0.3133326531871796  0.1749364094672306  -0.9333916118593509  -21.244354040726748  0.10107470930004253  0.9711599580621741  0.21594499067259734  12.560401808326493  0.94424919993961  -0.16200490270170753  0.2866144795958773  29.380267347301768  0.0  0.0  0.0  1.0;ok
7680147070557;12.205672054688245;9.894548172727829;-0.21426604341606767  0.9615011021699359  0.17206304996954758  -180.83003333792303  -0.6852475614436381  -0.27349842725367685  0.6750069553903231  -7.774520931731367  0.6960789051353099  0.026725284203623398  0.7174677114754805  75.6320949610701  0.0  0.0  0.0  1.0;ok
7680147070588;13.972588475444184;10.22571040674145;-0.6813592917129686  0.6256731208063429  -0.3798455758553121  -203.8578542247191  0.019537303011343474  0.5343121707960253  0.8450614166617019  11.95529310558385  0.7316883280382739  0.5683692901975712  -0.3762825275944449  70.75280923792864  0.0  0.0  0.0  1.0;ok
7680147070619;9.983295395716265;8.72738146857307;-0.5875584611486849  -0.2661040870131613  -0.7641751563663152  -4.249250627367733  0.48809842579173457  0.6366766153030707  -0.5969948192956589  -31.30462434227247  0.6453952133942588  -0.7237620481906453  -0.2441997463689547  -16.163856111387634  0.0  0.0  0.0  1.0;ok
7680147070650;4.983189947689928;18.55854168358458;0.09856858449740463  -0.9951220962565112  -0.004030842619849364  5.855794029563358  0.9847322545616515  0.09695383109781162  0.1445764208347418  -22.864864545842366  -0.14348038533578494  -0.018219993894209027  0.9894854273037024  7.839096964302361  0.0  0.0  0.0  1.0;ok
7680147070681;5.274194441851744;5.274194441851744;1.0  0.0  0.0  0.0  0.0  1.0  0.0  0.0  0.0  0.0  1.0  0.0  0.0  0.0  0.0  1.0;ok
7680147070712;11.641878817863354;15.650315186322796;0.013538162061379214  0.9987814872424482  -0.04745796992880633  -52.85873689703174  0.7054089780800546  -0.04317831537961381  -0.7074841388504998  53.02972499332179  -0.7086712155944067  -0.02389924314161989  -0.7051339832721187  -34.74668570132613  0.0  0.0  0.0  1.0;ok
7680147070743;6.384964124188179;7.270079698165641;0.8427409410472921  0.162827176148719  -0.5131033199952609  -18.131011566212138  0.11749031718081815  -0.9858135281387882  -0.1198653957875486  -3.408671793907722  -0.5253415380982889  0.04073080463223078  -0.8499160369722035  -45.80779645472833  0.0  0.0  0.0  1.0;ok
7680147070774;9.308681426379255;11.476806999958253;-0.5063814864560223  0.7870775320377341  0.35225949062584366  -129.43849510982565  0.6699957131080339  0.6162875236653904  -0.41387852395508207  80.13441085610663  -0.5428476163634193  0.026431926448336057  -0.8394151646669146  -53.13491013661663  0.0  0.0  0.0  1.0;ok
7680147070805;5.341016645242467;5.341016645242467;1.0  0.0  0.0  0.0  0.0  1.0  0.0  0.0  0.0  0.0  1.0  0.0  0.0  0.0  0.0  1.0;ok
7680147070836;8.834749328032757;9.389038732872695;0.9697937103992513  -0.24245308121501866  -0.026770556202600018  0.11772250678818352  -0.23603270703270635  -0.9604351257989098  0.14782736668981433  57.88090925997132  -0.06155258305599884  -0.13704332359139487  -0.988650801333898  -9.211843434322533  0.0  0.0  0.0  1.0;ok
7680147070867;6.947504153427572;8.740148571151794;-0.9001746519037939  0.10577250516313787  0.4224899681902485  -124.78566453685882  -0.3834472385167785  -0.6524767735272414  -0.6536377247997069  -26.635719720166936  0.20652799167120156  -0.7503907229963565  0.6279012275010024  19.944923306525347  0.0  0.0  0.0  1.0;ok
7680147070898;5.179162056037483;9.263365674384834;-0.27815667434670016  0.39667701470240135  -0.8748006690230486  -122.87446564367147  -0.9566061550156164  -0.03210526035830302  0.28960993844059113  -54.53831809792989  0.0867959025681574  0.9173966417336152  0.3883939662678379  -1.4035746114869943  0.0  0.0  0.0  1.0;ok
7680147070929;8.17206455727507;10.637646761423646;0.6870553421704333  0.543368250819906  -0.48239599997925386  -28.78634770397902  -0.4268352480729632  0.8390980927764247  0.33723294871862497  -31.62243218746137  0.5880192410096464  -0.02579408265246899  0.8084355493807514  57.40309620225196  0.0  0.0  0.0  1.0;ok
7680147070960;5.592350273903463;12.503718313863377;-0.5057254631269161  0.11567620806327225  0.8549039541569393  -105.69806191080083  0.740606978846442  0.5664285248337219  0.3614692644453204  41.41648218085995  -0.4424285917851756  0.8159520458598023  -0.37212793502798214  -39.177804665404715  0.0  0.0  0.0  1.0;ok
7680147070991;17.11154694703765;14.167867882118463;-0.15864381310496228  -0.92971762063935  0.332351149292768  -92.13362558330374  0.923735615575196  -0.02090307102022021  0.3824598987342822  90.03706847918507  -0.348632547363885  0.3676794901740233  0.8621294215046483  -51.91990109646528  0.0  0.0  0.0  1.0;ok
7680147071022;5.46570017122073;4.149969035163107;0.44519482209960637  -0.848193585080572  0.2870003703897731  -30.561333502634316  0.677561349274393  0.10955354347234847  -0.7272610529116191  35.77161473239301  0.5854162522045013  0.5182332132745056  0.6234758602496306  22.969136984256018  0.0  0.0  0.0  1.0;ok
7680147071053;12.38045077372445;9.934469498330696;-0.6335769482508307  -0.6693153392349512  0.3880685858324095  -118.42927378466439  0.6350243086577076  -0.7364076700817697  -0.23334067553373522  56.62297627242458  0.44195517652694666  0.09859371232254892  0.8916024348505862  38.30793592603392  0.0  0.0  0.0  1.0;ok
7680147071084;11.24151187209145;5.484745126696586;-0.6113065597998676  0.6364650990887861  -0.4703365471527301  -156.18864329830544  -0.7913878497007485  -0.4939512721980771  0.3601630353602745  -22.57980169832375  -0.0030921338386468156  0.5923886548000413  0.8056463990936231  -7.333854195407493  0.0  0.0  0.0  1.0;ok
7680147071115;12.186276135943615;10.871793905321564;-0.8916398454787059  0.43288928461604365  0.1326094009462382  -180.50438639505438  0.22464720717851475  0.677318995442085  -0.7005516474323783  1.5087940292055357  -0.39308016772867554  -0.5948494310982698  -0.7011719732422714  -36.23103345994305  0.0  0.0  0.0  1.0;ok
7680147071146;10.370233813456165;11.040861487378;-0.7803421936294557  0.6252961146055988  0.008416050184691222  -81.95936951987558  0.6202491111615547  0.7756194425919124  -0.1170705786127008  20.39715904224475  -0.07973143009422684  -0.08613506447755884  -0.9930879365507247  -5.3202837504554985  0.0  0.0  0.0  1.0;ok
7680147071177;13.127472395246876;17.23592706470389;-0.8883193033434695  0.4364037642899069  -0.14297052081101477  -3.895000614400775  0.35048337766443055  0.8454429382871438  0.4029734979888044  -25.76857589477735  0.296732568634293  0.30786034595900846  -0.9039755472896901  13.48840804402612  0.0  0.0  0.0  1.0;ok
7680147071208;5.015205060735113;9.675963313394774;-0.016608130724675832  -0.9570983045743519  -0.2892870639602384  -38.06138016287241  0.9230206742141398  0.09655420848331411  -0.3724380751177802  44.668301994203574  0.38439173373930435  -0.2732034410564106  0.8818179374609184  17.37348716391069  0.0  0.0  0.0  1.0;ok
7680147071239;9.39637988401389;11.95094400518824;-0.4453437431968999  0.35569896593387906  0.8216734120250837  -148.95924003845084  -0.5966086464877467  0.5663988417614146  -0.5685512070054788  -35.35646220401975  -0.667627945289464  -0.7434181849301891  -0.04002910170951396  -58.27420487068064  0.0  0.0  0.0  1.0;ok
7680147071270;4.313719660974628;8.466306169510226;-0.5818658924734498  -0.40870391372971865  -0.7031309935410943  -49.43407389108941  0.14847917882059866  0.79664256082895  -0.5859305110101823  25.21684237648418  0.7996161683162966  -0.4453332922406575  -0.40285511314771794  31.107672544406597  0.0  0.0  0.0  1.0;ok
7680147071301;6.640988931646057;8.256999697005915;-0.5272254002092372  -0.8480205579591824  -0.05380065662060947  -140.94844268886607  -0.7789592653861528  0.5076442413043938  -0.36813012256477073  -56.53126676323234  0.3394935054508062  -0.15217903123980395  -0.9282164091458626  35.13105197114878  0.0  0.0  0.0  1.0;ok
7680147071332;4.276455914839723;8.063943888735544;0.48376859300579317  -0.0769022984137312  -0.8718107506333475  -6.4702824031781265  0.8423920570640683  0.31108275762733484  0.4400035682836454  16.591178861025842  0.23736800672492298  -0.9472663587427024  0.2152739533194358  22.86937522147455  0.0  0.0  0.0  1.0;ok
7680147071363;8.047719219794603;1.2733193762257669;0.08367812972712972  -0.9587102677380717  0.27179513082276485  -69.44715563586924  0.9281164229710696  -0.02431141660289973  -0.3714954379721862  78.32668306901746  0.362764215457859  0.28334356805185196  0.8877604104863485  21.33454875022922  0.0  0.0  0.0  1.0;ok
7680147071394;5.638151908042061;5.403840049210151;-0.9254887110461494  0.21888550241823862  0.3091274535806422  -203.04498683243958  -0.3078216205406277  -0.9102024060714625  -0.2770874048192429  -31.255551229933104  0.220718136214219  -0.3515973788480745  0.9097597416534131  14.303863575862493  0.0  0.0  0.0  1.0;ok
7680147071425;4.625670294189547;4.625670294189547;1.0  0.0  0.0  0.0  0.0  1.0  0.0  0.0  0.0  0.0  1.0  0.0  0.0  0.0  0.0  1.0;ok
7680147071456;10.740948031687811;14.368996231304164;0.8457987505924619  -0.34842253091074027  0.4040126402106562  -2.9228625869485967  -0.4972464920049249  -0.7892421298411126  0.36033704593430427  29.48934925234201  0.19331425111725936  -0.5056664913138099  -0.84079188856539  4.041393340583632  0.0  0.0  0.0  1.0;ok
7680147071487;5.184678901374177;3.634426722401521;0.04297074753153457  0.9947030811810191  0.09337716608233732  -35.69040740677957  -0.3224464377983826  -0.07465403263063242  0.943639269087038  47.285158037630985  0.9456118704879476  -0.0706580193677385  0.31753052560551287  8.186746727089627  0.0  0.0  0.0  1.0;ok
7680147071518;11.14494275938262;8.471379738089205;0.910191289911547  0.3097703717205298  -0.2749438716779838  -31.718039437932035  -0.29901638461187086  0.9507761233365951  0.0813262874271433  -40.43495832746571  0.28660254273610447  0.008190244023312115  0.9580145627285837  16.65366758788921  0.0  0.0  0.0  1.0;ok
7680147071549;4.676713782906976;10.237987373325344;0.5590412238026977  0.15288385413048178  0.8149229639882484  -21.819676817810524  -0.6360450968043531  0.7095854130318809  0.3032081404638029  -51.33630634556434  -0.5319018188729228  -0.6878336054298202  0.4939285234941302  -42.3376824544969  0.0  0.0  0.0  1.0;ok
7680147071580;8.191691125457401;7.784877361979822;-0.5174571578761225  -0.628150312985956  -0.5810897297822535  -15.08226597623349  0.41775175762254757  -0.7780920152322524  0.46910157198104296  57.743714053497435  -0.7468075781391341  -1.1289760415922334e-05  0.6650401800692224  -26.987677323038657  0.0  0.0  0.0  1.0;ok
7680147071611;7.069420706677954;3.628469529751318;0.09222053877165062  0.9768967854293135  -0.19279015235882757  -133.56584706627342  -0.824457930229699  0.18348188555053832  0.5353536391546985  -25.730251199765362  0.5583587498284829  0.10957676894621723  0.8223311001034075  45.57124486773827  0.0  0.0  0.0  1.0;ok
7680147071642;6.993248935970075;0.18137108705385716;0.49946497485473657  0.32780653496308854  0.8019212021943611  -62.79419045038815  0.20737155647867853  0.853501834327602  -0.4780498471530225  26.963848149711826  -0.8411490809939501  0.405064802759893  0.3583165208417296  -102.51055248038004  0.0  0.0  0.0  1.0;ok
7680147071673;7.0415274715101805;12.775954774158993;0.04360427647295556  -0.9915156775110873  -0.12245541361246752  -0.5048835437281625  -0.06543579894451308  -0.12514325636498594  0.989978445019315  -12.526707330461957  -0.9969036178536839  -0.03515432599407625  -0.07033740167321301  -16.87339403612085  0.0  0.0  0.0  1.0;ok
7680147071704;12.282270297937805;12.27425883528907;-0.7545999653297364  0.15235839340905072  0.638252154153964  -88.82002003548862  0.23442236843064002  0.9710765747988224  0.04534797742301222  18.077461897650746  -0.6128825707292804  0.18384016382390878  -0.7684905651089462  -62.955814233425244  0.0  0.0  0.0  1.0;ok
7680147071735;4.789280693794925;6.326733318022832;-0.17756940459117723  -0.4067213166930416  -0.8961288284061703  -99.30161678529294  -0.07585633112218679  -0.9022338161085945  0.4245232126737074  51.946748664004396  -0.9811803726032319  0.14335937924531952  0.12935673465490946  -97.74873978407246  0.0  0.0  0.0  1.0;ok
7680147071766;3.53254216882476;2.509119610556004;-0.06114412991033691  0.9583834952385629  -0.27885923228723203  -27.005944344595513  0.18431981923375704  -0.2637354228993323  -0.9468209075351823  13.257771935556573  -0.980962588285172  -0.10929182385900099  -0.16052319963927356  -6.204432739201318  0.0  0.0  0.0  1.0;ok
7680147071797;10.169462079789488;9.675408657070882;-0.18538307207016852  -0.9823528124608081  0.02482072602015259  -39.9024981096363  -0.8812080299948845  0.15501185631516717  -0.44659123622644137  -40.14634538748052  0.4348626501119196  -0.10466267841053342  -0.8943937607595277  25.8342215949681  0.0  0.0  0.0  1.0;ok
7680147071828;7.018945707073733;25.63071430285342;0.3273158980723364  0.594378654771875  0.7345599482824232  -61.33145493611868  0.44392950753402666  -0.7829775818727767  0.4357438451949224  32.11644609982731  0.8341408125788453  0.18346694807576697  -0.5201432338828096  38.239022300235916  0.0  0.0  0.0  1.0;ok
7680147071859;4.7455868592045904;3.012127413559488;-0.4961100557528551  -0.8089223369647965  -0.31546705904152833  -62.35140111688755  -0.48087364203425664  -0.0465338325415381  0.8755541918269286  -6.580449774262874  -0.7229352342897724  0.586071032545039  -0.36590352804254733  -62.91350248934709  0.0  0.0  0.0  1.0;ok
7680147071890;12.81657994950246;4.211771981148262;-0.34590450324262445  -0.9093200119808686  0.23127297820451254  -8.162906693587104  -0.3238974999930583  0.34706072494757667  0.8801359342153394  9.65563091061286  -0.8805909857219297  0.22953424365434982  -0.4145763462322781  -46.31826973149985  0.0  0.0  0.0  1.0;ok
7680147071921;5.809282512621437;10.546011165918115;0.38903576447010435  -0.5707063719746734  -0.7231496463047382  -40.30230486672825  0.665939208704506  -0.3681776618435916  0.6488221479183669  79.54036710911473  -0.6365344800348048  -0.7339887235556777  0.23682147161929623  -37.53647002754937  0.0  0.0  0.0  1.0;ok
7680147071952;7.620338600713327;10.921843889375094;-0.07411667324768109  -0.8995126639833592  -0.4305620583380023  -60.481016401343126  -0.48507652307236804  -0.34471363974056685  0.8036624125469809  -18.417772274599297  -0.8713251319173104  0.2684203306576678  -0.41078344730394045  -27.114957817580674  0.0  0.0  0.0  1.0;ok
7680147071983;7.6997636782443;0.0928660185533847;-0.8714114482143752  -0.35517619852579474  -0.33836659989084444  -134.48922783410467  -0.23238500033168813  -0.3085750108896146  0.9223766444762771  31.42078788408112  -0.4320177074400615  0.8824008899900541  0.18635817610986088  -56.87575013881463  0.0  0.0  0.0  1.0;ok
7680147072014;9.99620546943226;5.347568916468863;0.5615476094402317  -0.47931629256124364  -0.674477704610987  17.74208415821836  -0.6284612462780013  -0.7772946090733772  0.02914708616942442  21.878820635843326  -0.5382385570159975  0.40751562226595767  -0.7377196441403244  -11.85265559284225  0.0  0.0  0.0  1.0;ok
7680147072045;5.258513746846423;0.20665460205451774;-0.28281998998888425  -0.8984150685427817  -0.3359512135384494  -62.33856464220605  0.9560664300071628  -0.2358804184704415  -0.17406151095394026  57.675376551757196  0.07713517145924245  -0.37041975216972267  0.9256561848367217  3.484064197177939  0.0  0.0  0.0  1.0;ok
7680147072076;3.639515980188402;9.894856816924216;-0.9108415614595992  0.4123818314476725  -0.017574840246865994  -127.74414174711465  -0.41261426872023665  -0.9108190520053946  0.012574567684773462  24.38565219221308  -0.01082197608128714  0.01870506872101406  0.9997664753520383  4.709467280876305  0.0  0.0  0.0  1.0;ok
7680147072107;12.029334697397971;4.825046477540779;-0.32281494936175975  0.7288252961276422  0.6038246402665433  -161.6461031800091  0.8932963453617652  0.4454352620217231  -0.06007550841194616  122.73601408474799  -0.3127493370606555  0.5200010721836008  -0.7948501349915134  -69.57543102054464  0.0  0.0  0.0  1.0;ok
7680147072138;7.590759405643051;3.2190621264819086;0.522717204837378  0.32683671964495253  -0.7873655329379905  -27.03553488209525  -0.8525056380328102  0.20140619623445688  -0.4823584572085779  4.479364176698592  0.0009278411881047943  0.9233706205040828  0.38390863014607496  -16.799179724775797  0.0  0.0  0.0  1.0;ok
7680147072169;13.198998208144786;13.10033836910358;0.904632922057064  0.23405658790343173  -0.356169608458529  12.206417069620327  -0.1848346110317135  -0.5375606934173776  -0.8227178541015039  8.939373971101373  -0.384025315435394  0.8100901274251104  -0.4430333424846429  6.515355214830972  0.0  0.0  0.0  1.0;ok
7680147072200;7.797457719238535;6.9382562782058965;-0.44073640060279345  -0.3992995846558808  -0.8039348648226016  -72.53241253668303  -0.18385134918110704  0.9167814594029547  -0.35455667685050724  -19.226171382174602  0.8786069124403589  -0.008461524013414212  -0.47747072792307366  30.352799131509272  0.0  0.0  0.0  1.0;ok
7680147072231;7.013635858444267;0.5057875994153065;-0.7635903491221262  -0.6350744309687694  -0.11666295837687035  20.591284252638157  0.545837167634803  -0.731393057258177  0.4088104477908469  41.96011481080245  -0.3449515403009025  0.24848473378505787  0.9051319085745475  -8.244652886858354  0.0  0.0  0.0  1.0;ok
7680147072262;9.795586259580043;5.913244291114162;0.4567719108095596  -0.4676684094524329  0.7567335596467327  -22.138198379576426  0.876271382454327  0.38315292722246963  -0.29213404226901585  6.3525712712794515  -0.1533228156112646  0.7965425871609654  0.5848179383807833  -20.892537605318108  0.0  0.0  0.0  1.0;ok
7680147072293;5.948491848371334;10.00333397004925;0.07651859522651404  0.6593718228546518  0.7479128985449415  -119.72527641559442  -0.8853933994271583  0.3898735964455563  -0.25313456311896304  -73.77273291979645  -0.45850128989500316  -0.6428276425449845  0.6136360396396848  -33.505223899890765  0.0  0.0  0.0  1.0;ok
7680147072324;9.966999431357419;0.5426592069348459;0.4176744033327011  0.7974562441111012  0.43544417728210266  -43.259991166055045  -0.5201409758937487  0.6028068671587543  -0.6050431770564361  -38.70390431862156  -0.744984199830419  0.026218688648805236  0.6665666676098994  -55.63880418829902  0.0  0.0  0.0  1.0;ok
7680147072355;6.355915528172526;5.377332604585984;-0.8880496646595565  -0.2996020057296366  -0.3487211368139722  -149.65170693970092  0.38728500360515333  -0.07875996445604071  -0.9185897854763247  50.665546703376165  0.24774607783092495  -0.950807817680136  0.18597412389289886  29.271478834586993  0.0  0.0  0.0  1.0;ok
7680147072386;11.538831244630613;5.3096051366280355;0.28177764570145364  0.9008215461641635  -0.33033604155367624  -118.86199890478227  -0.882976884333993  0.3781742343215317  0.27809363571854295  -45.963694190403274  0.3754373184897587  0.21331851879696087  0.9019656475850346  30.595293301376742  0.0  0.0  0.0  1.0;ok
7680147072417;7.834517591994063;0.5615690500568212;0.4420144352266553  -0.8221098128993443  -0.3588296177656833  -37.68298955951216  -0.12102928826777876  -0.4510308212318621  0.8842641628384066  -5.161626703014505  -0.8888054626478489  -0.3474286312806097  -0.29886149924978045  -64.22241432978359  0.0  0.0  0.0  1.0;ok
7680147072448;5.93768874259482;9.026418355066921;-0.6790808258158888  0.09343076827072677  0.7280933481014321  -57.85841833241161  0.43372662230262027  -0.7491453757330172  0.5006619848997899  5.580703758158595  0.592224998725292  0.6557834227534113  0.46820684886773023  11.322703697421376  0.0  0.0  0.0  1.0;ok
7680147072479;5.153023825453306;4.542841617688042;-0.15330335479648968  0.8317152854614778  -0.533617620902717  -67.80932993961524  0.9807105658703184  0.19432056372054884  0.02112592023201415  53.972837318605166  0.12126362768144017  -0.5200857645091457  -0.8454619625722237  10.389287892471694  0.0  0.0  0.0  1.0;ok
7680147072510;6.21722142776577;12.543417822795485;-0.5479951201174766  0.2883337321407034  -0.7852165352546048  -26.249473073470494  0.7779649234434427  0.5206065683587571  -0.3517660854507691  15.39607484202684  0.3073628575789067  -0.8036370199857226  -0.509603388812709  -10.812645186740417  0.0  0.0  0.0  1.0;ok
7680147072541;5.285545613066368;0.25042047817377633;0.6538373026010634  -0.29458770253528416  -0.696932469642753  -39.48173467281894  -0.08894708668329657  0.884782213084108  -0.45743726474844726  -9.28527419096935  0.7513888457369582  0.3610796600820515  0.5523008976790739  61.02819983058957  0.0  0.0  0.0  1.0;ok
7680147072572;4.133908943366591;0.4750481141549138;0.25600993862954924  0.7304980530765337  -0.6331125537961545  -86.45330226943857  0.6769681405785649  -0.6030058703081487  -0.42201665490299384  108.76324145925378  -0.6900529312773731  -0.32055657039796615  -0.6488994045383298  -54.70232838470903  0.0  0.0  0.0  1.0;ok
7680147072603;10.39505673399153;0.7206019778836936;0.6826776407913872  -0.7283609609434982  -0.05866471969565527  28.999432433466936  0.7261762267199902  0.6851818404156466  -0.056514894597315346  -3.3310539246021875  0.08135924354505791  -0.004019469876907877  0.9966767366361496  8.229893436113173  0.0  0.0  0.0  1.0;ok
7680147072634;11.94624995620377;6.862096560677487;0.8025360111218646  0.2285241385907008  0.5511013236547205  -27.366296960276735  0.12457677585732152  0.8391793313720056  -0.5293946323065885  17.070959342688084  -0.5834522926251993  0.4935126825922628  0.6450028328240014  -52.67931165222311  0.0  0.0  0.0  1.0;ok
7680147072665;11.239001758552085;7.63570562280544;0.5745608456363291  0.7065780401980746  -0.4130705844907318  -57.719885532737514  0.5580104687694328  -0.707385936350689  -0.4338541849480963  57.52687437820472  -0.5987521619212615  0.018777916900101676  -0.8007142052140129  -22.625347307322258  0.0  0.0  0.0  1.0;ok
7680147072696;15.19552852059494;8.909486287234687;0.4553213648909196  -0.4945684312745203  -0.7403273069801836  14.920944359651571  0.4467107662669458  0.8461865514157126  -0.29054743417277284  11.663426623826076  0.7701505995421081  -0.19841972429636057  0.6062158584490245  -2.2379230784089845  0.0  0.0  0.0  1.0;ok
7680147072727;7.340738161603139;5.693647911465254;0.17588824221332994  -0.9393334179325432  0.2944759008921973  -78.87439339557886  0.975871562330616  0.12706423648230616  -0.17756512507125807  99.79653685943515  0.12937550032949788  0.3186022751995577  0.9390178753102395  19.654400904209606  0.0  0.0  0.0  1.0;ok
7680147072758;6.227684121791451;3.616101102775843;-0.11487944152340385  0.9932871449425746  -0.013541108045474037  -1.1932169762825975  -0.9932241717692589  -0.1146098105768193  0.019244114238274546  -0.8613856190218669  0.01756298746059276  0.015660108919609728  0.9997231128968082  -3.8569380931326487  0.0  0.0  0.0  1.0;ok
7680147072789;6.637018428023015;3.185594204912471;0.2052431074615857  0.9393912796317414  0.27462572820358816  -12.343751779930631  0.05090628314882034  0.26997302949895724  -0.9615212497283288  -4.7449439425991  -0.9773862169968859  0.21132578426447235  0.007589185036718182  -8.803389022004556  0.0  0.0  0.0  1.0;ok
7680147072820;9.269843228857026;0.6480774779884422;-0.23279247750584542  0.7109598521021667  0.6635840196354608  -132.39706205318856  -0.8794647884604432  0.13737462669946593  -0.45570812785972004  -75.84217965659231  -0.41514979016605436  -0.6896842035584457  0.5932843762370907  -46.65424048107109  0.0  0.0  0.0  1.0;ok
7680147072851;4.2982496682405245;8.501530775374434;0.8725457005710339  0.22125465592637755  0.435557548029999  -7.45250259054545  -0.44396176160336903  -0.012934823721319572  0.8959523673551696  -18.942153177443146  0.20386749286984965  -0.9751302823552347  0.08694238198234022  -1.5552026447712053  0.0  0.0  0.0  1.0;ok
7680147072882;5.601886242782262;0.18058566267506754;0.07154605930040994  -0.706765004229251  0.7038212771687198  -59.352074537398735  0.7079998037405363  0.53301947969256  0.46327800743358627  86.54519985696206  -0.7025791338361422  0.46515961031144826  0.5385249275873472  -95.09086549355439  0.0  0.0  0.0  1.0;ok
7680147072913;9.333520172556803;8.710530143821542;0.6180158657263484  -0.6759122752948417  0.4014959349934477  19.663738822089346  -0.7406854288285103  -0.6717893047107525  0.009177450483076499  41.981176880373  0.26351752357601976  -0.3030539987889848  -0.9158148222137313  -12.379610924173367  0.0  0.0  0.0  1.0;ok
7680147072944;12.394403615909951;0.28859580337853785;-0.9491275454089446  -0.03406170338339164  -0.3130442507196274  -31.762527158763394  -0.3147500117516067  0.07278116077299418  0.9463801206380542  -14.998556021073608  -0.009451595016424993  0.9967661225177935  -0.07979952601668833  1.8972112187080612  0.0  0.0  0.0  1.0;ok
7680147072975;12.294303809821267;0.26079578194764813;0.6899813410000543  0.4006012930702703  0.6028634613759529  2.3762639785868203  -0.6508246893062276  -0.021158637933510943  0.7589331563650726  -38.15529558056864  0.3167853734963465  -0.9160081419022578  0.24612214672303287  12.152103075286007  0.0  0.0  0.0  1.0;ok
7680147073006;9.313901487860747;0.2970725354211845;-0.4136346625931348  0.8648714847947733  -0.28443572330202954  -24.43387089230642  -0.6778387365684898  -0.5011125002903576  -0.5379785397764305  41.525874268915565  -0.6078165949599419  -0.0297250204647789  0.7935208945262069  12.605423424240083  0.0  0.0  0.0  1.0;ok
7680147073037;7.4401367907240505;0.14083546393853072;0.7669850285354565  0.521888491628779  0.3733180524805933  -0.050052025550526125  -0.4733464305286305  0.0673824139179398  0.878295375713886  39.380810912415875  0.4332171773005649  -0.8503481713980625  0.2987153573080925  7.010162489982848  0.0  0.0  0.0  1.0;ok
7680147073068;14.611710614672843;1.188856319998715;-0.5935159386313994  0.8018507478214131  0.06909564970914914  -151.95470034287047  -0.3780662245236602  -0.20198535572340376  -0.9034754263109296  -31.840918147694133  -0.7104961368402463  -0.5623497970938824  0.42303421285228826  -88.85524778938172  0.0  0.0  0.0  1.0;ok
7680147073099;5.832775091072886;5.991857209350338;-0.6248094667940026  0.7742899212774911  -0.10044027087125838  -100.21508255862108  -0.32652251365012813  -0.3759773583206909  -0.8671932161345568  -13.964626250608646  -0.7092222347643906  -0.5090345212638253  0.4877373041684545  -35.474857773865956  0.0  0.0  0.0  1.0;ok
