# registration_from_features.py RANSAC RANSAC_config.json euclidean True --use_random_keypoints=True --n_keypoints=5000 --use_status_txt --input_txt=/benchmark/point_clouds_registration_benchmark//tum/pioneer_slam3_global.txt --input_pcd_dir=/benchmark/point_clouds_registration_benchmark//tum/pioneer_slam3/ --input_features_dir=/benchmark/experiments/OverlapPredator/KITTI/features/tum/pioneer_slam3/ --output_dir=/benchmark/experiments/OverlapPredator/KITTI/results/RANSAC/
id;initial_error;final_error;transformation;status_code
39885980090030;15.205318337116758;0.04506476209781482;0.5899427785271686  -0.6427166506851928  0.4887564066031786  14.013796353286697  -0.8036577644577647  -0.5259436882037367  0.2784195296048702  11.429573991577158  0.0781134795690922  -0.5570444719864454  -0.8268009074371835  0.27751366054108306  0.0  0.0  0.0  1.0;ok
39885980090061;13.318166755923231;0.48191913287346444;0.6924449591102975  -0.5775871038609541  -0.4323344955659388  2.064450857593402  0.7160783972773199  0.4770791752634803  0.5095362494294812  9.775986033540555  -0.0880437820375957  -0.6624112000739676  0.7439487176284961  -0.18324493167988543  0.0  0.0  0.0  1.0;ok
39885980090092;16.131758473986306;0.19323488535651087;-0.47891319609809724  -0.8597863840572723  0.1772273240581881  7.7541566399510025  0.10548648538869257  0.1440596401146017  0.983930597903324  12.353763902790407  -0.8715014354569053  0.489912434910334  0.021703781163229185  7.853252165773456  0.0  0.0  0.0  1.0;ok
39885980090123;12.985542941208589;0.25967615045881076;0.5057450187262589  -0.7297290929118065  0.4601276203312402  7.234837944126369  -0.3887968243557213  -0.6689320143026324  -0.6335353104696927  -4.113920939735372  0.7701032433411014  0.14151116987409962  -0.6220253880641697  -9.177735343063262  0.0  0.0  0.0  1.0;ok
39885980090154;12.128119033469892;0.46822429834314194;-0.8632719231322783  -0.47538119549404645  -0.16962990804144523  10.95637630462986  -0.5047158545150177  0.8162498812107298  0.28106589552033134  0.0005165830670983418  0.0048469508635567565  0.32825120014117426  -0.9445780310134286  10.376723641082025  0.0  0.0  0.0  1.0;ok
39885980090185;6.628057703543316;6.628057703543316;1.0  0.0  0.0  0.0  0.0  1.0  0.0  0.0  0.0  0.0  1.0  0.0  0.0  0.0  0.0  1.0;runtime_error
39885980090216;5.823010286342225;0.1945518667430629;-0.2174985394490437  -0.5045752518850602  0.8355227109556397  7.712369719690328  -0.950217385185153  0.3051351516938362  -0.06308296198396839  3.416661689196483  -0.22311724771837774  -0.8076486577627106  -0.5458226263033333  -0.7677911921673719  0.0  0.0  0.0  1.0;ok
39885980090247;5.3740242030998315;0.37115196337665396;0.7098703425813698  -0.5487083241376719  -0.4415917478230736  -3.861469302876719  0.6553686844167407  0.2848970327100866  0.6995180971489291  -1.5235431273408229  -0.2580232241665076  -0.7859725540850745  0.5618462067289453  2.1454207181042664  0.0  0.0  0.0  1.0;ok
39885980090278;4.39500473301532;0.5782164157252063;-0.22971859893151042  -0.08292962868988846  0.9697175062822678  2.4332677403728873  -0.9487300473006698  0.241354280375945  -0.20410636612579663  4.436999489325087  -0.21711900574065807  -0.9668871640628836  -0.13412139768366982  4.775200512066574  0.0  0.0  0.0  1.0;ok
39885980090309;6.062761454151005;0.1357238094532387;0.7732047743125952  -0.15077395547506717  -0.6159720702520631  5.619541396180824  0.28111214224683756  -0.7891864081821741  0.5460410026929423  -0.31768217793752385  -0.5684455474903498  -0.5953587384853961  -0.5678183090104392  5.796609721215728  0.0  0.0  0.0  1.0;ok
39885980090340;10.653667033347874;0.36925126373152495;0.08015836693999967  0.9180429600812394  0.38829339378205807  6.40740584269774  -0.9115174777664377  -0.09012904279750772  0.4012638077010141  5.7570925309185075  0.40337392570148134  -0.3861008664710315  0.8295876065699725  6.017245619295933  0.0  0.0  0.0  1.0;ok
39885980090371;7.825764243118106;0.2788984954559115;0.11430071041685899  -0.6767976031246852  0.7272416049724347  7.022378403768018  -0.9893796998162537  -0.011382868815490693  0.14490769437483425  6.658966633932  -0.08979508444064438  -0.7360811332334303  -0.6709108794080529  -2.9855176231838274  0.0  0.0  0.0  1.0;ok
39885980090402;6.3535513934385985;0.8605127610330312;-0.4876307543958533  0.8461528952518421  -0.21503842731999487  -0.9988049807603776  -0.7633631569758335  -0.29370525900706956  0.5753380844368637  2.985891163897938  0.4236660689024087  0.44470495689672235  0.7891416624233343  2.446074564422058  0.0  0.0  0.0  1.0;ok
39885980090433;6.8874917645610045;0.34973581857182007;0.11260678724379436  -0.9810825434530472  -0.15746985234746078  7.608474615136665  0.7970763476073551  0.18381381543383804  -0.5752232413077335  -5.090238458746347  0.5932866150112871  -0.060741453615757834  0.8026963736439169  2.12092795852129  0.0  0.0  0.0  1.0;ok
39885980090464;6.2677651862134764;0.1685638659606425;0.7085507911338679  0.6834355024333769  0.17570341600893075  -2.964953359901168  0.6935028476743638  -0.7204319933230877  0.0056163390274252545  -5.3008122842436025  0.1304207677140342  0.11787135788714868  -0.9844271259665298  -2.424592291506868  0.0  0.0  0.0  1.0;ok
39885980090495;9.69087354585672;0.18617799262388343;0.4784820242357756  -0.8775282372618469  -0.031609259582436655  3.853438719419537  -0.5815407556534994  -0.2897091506383241  -0.760183502550784  10.677397087442667  0.6579249972429921  0.3821162137943589  -0.6489390550415902  0.005505643552754513  0.0  0.0  0.0  1.0;ok
39885980090526;2.92110847772627;0.32897895353544154;0.2811505766484117  -0.12262943403825206  -0.9517963937511655  0.08241451812256484  0.40990566257748706  0.912120959460521  0.0035641408123737207  -0.8062893157405986  0.8677163713087225  -0.39114879166408906  0.3067098331363798  -1.3713381834290426  0.0  0.0  0.0  1.0;ok
39885980090557;4.738076726601074;0.2021355994552342;-0.38141374397084354  0.06985511496055953  0.9217612591251556  2.6166434542058603  0.7333148236400392  0.629975933832047  0.2556945291206268  -4.682867678809059  -0.5628258392610654  0.7734666028383438  -0.2915072708420666  5.308909212840356  0.0  0.0  0.0  1.0;ok
39885980090588;14.769319861057435;0.2724386438984321;-0.07722112943998174  -0.7926643227285274  -0.6047480207833165  -5.709462860639661  0.3657491029197354  -0.5867932457659134  0.7224273530514425  6.724127157833102  -0.9275044425130384  -0.1653993899530149  0.3352291021402354  -2.55011388638579  0.0  0.0  0.0  1.0;ok
39885980090619;2.836952107880147;0.20823993109606626;-0.11779476643876313  0.9861840193162622  -0.11647091072392521  2.304787278827762  -0.9803350547419669  -0.13418533463433355  -0.14469787978107246  4.328351476977142  -0.15832742479969547  0.09713586368739047  0.9825970947148185  -1.7096614580532936  0.0  0.0  0.0  1.0;ok
39885980090650;12.55893498698289;0.5832348666510137;0.09359100999669985  -0.9020718462408827  0.4213159231115805  -3.970675861661915  0.9380356029266327  -0.061924857698641506  -0.3409611702834682  -8.907020114891461  0.33366140095891644  0.42712023625504875  0.8403798981957891  -1.3564646727277059  0.0  0.0  0.0  1.0;ok
39885980090681;13.661467239296929;0.304157187157342;0.7034409931566078  -0.40209459672219466  -0.5860808002602201  5.479658027819356  0.25320506570598655  0.9122620699342736  -0.3219706670801872  5.078847288296761  0.6641219495301087  0.07808873827927615  0.7435349252767346  -11.70758779036959  0.0  0.0  0.0  1.0;ok
39885980090712;11.512393687205597;0.4639121069196766;0.8668116164504506  -0.4591363532649402  -0.19450303518744783  8.076140776022998  0.07702971783001178  -0.2620893536233682  0.9619644449189972  0.7516216276601457  -0.4926500219807019  -0.8488244693856661  -0.1918149525312265  8.906875802829845  0.0  0.0  0.0  1.0;ok
39885980090743;17.098275178250592;0.12317431461771973;-0.05560775265939717  -0.9077397741539356  -0.4158320337144943  6.122421124715024  -0.08395183845109074  0.41925245535527755  -0.9039797937450004  -12.859247462027582  0.994917014963989  -0.015358421062476955  -0.09952010971464198  -6.668009257947922  0.0  0.0  0.0  1.0;ok
39885980090774;10.611953381784044;0.19970877680884527;-0.6788095702342144  0.7323547759096513  -0.053610162849656286  4.996922432088415  -0.2609459463541096  -0.3088199412610753  -0.9146242162554329  -6.342506197509043  -0.6863853002795152  -0.6068663164831538  0.4007349416738815  3.8719263859996698  0.0  0.0  0.0  1.0;ok
39885980090805;5.343071835957388;0.008236927542190704;0.15196421329278736  -0.37658772949389113  -0.9138318006465638  -0.5197527996920215  0.6382685685104679  0.7433299427144373  -0.2001844916964099  -6.271585397708646  0.754665563233081  -0.552849236463964  0.3533236609842453  -0.553493660874838  0.0  0.0  0.0  1.0;ok
39885980090836;5.261479947974986;0.5148592338551106;0.6400059050524622  0.1730035873083105  0.7486402342089523  -2.7698086619761035  -0.1879915850801926  0.9799674815162522  -0.06574875747670245  2.8515931875991676  -0.7450178557840175  -0.09865847124879551  0.6597081935324395  3.798505114496926  0.0  0.0  0.0  1.0;ok
39885980090867;12.813048896623984;0.13992135158382374;0.7306013966956395  -0.4356877559815321  0.5257354643108603  -5.388675572137272  0.6144927246591654  0.7552389720847719  -0.22806311930097697  1.7458110518935182  -0.29769160298425384  0.4896838514103904  0.819505604117843  -7.635799252738739  0.0  0.0  0.0  1.0;ok
39885980090898;9.513150698671726;0.1572717404747993;-0.5965941536577408  0.7823181253868813  0.17903565709813368  10.46158138920719  0.6797564675749133  0.6111720633265428  -0.40546251836544944  -1.9601105067835536  -0.42662226923999175  -0.12019592214519056  -0.8964074852923679  -3.2444909765912433  0.0  0.0  0.0  1.0;ok
39885980090929;3.2910700942172166;0.3320590694216678;-0.42726031229495826  -0.23142365067524925  -0.8740089927716733  4.999969899097805  0.48215466755394853  -0.8760781706934702  -0.00373033380864371  -0.4204881280823245  -0.7648369120888168  -0.4230013389370334  0.485895426160734  1.4786914174019226  0.0  0.0  0.0  1.0;ok
39885980090960;13.148595121958836;0.30328246362421596;0.6979895807270884  -0.7159800565893466  -0.013531583896188117  0.6642039499891776  0.6927374156263426  0.6703017906508545  0.26610220300026677  1.1915045724152793  -0.18145362544672353  -0.19511039956028703  0.9638498398587125  12.132184539201806  0.0  0.0  0.0  1.0;ok
39885980090991;4.974292677219224;4.885086791990292;0.762452226793997  0.03706419121562139  -0.645982079926686  -0.3967100970171229  -0.050267909709190164  0.9987337118391978  -0.002027335533990454  -3.8306757422731637  0.6450889389148942  0.03401791535985926  0.7633498819835018  1.2187934259858844  0.0  0.0  0.0  1.0;ok
39885980091022;13.287028172970416;0.17486789706457556;-0.5918903997894445  -0.5991794529791606  0.5391194095603362  15.839887378691621  0.532661839000086  -0.7927704959779645  -0.2962875393598238  -1.352974101732922  0.6049273674666555  0.1117985860127322  0.7883932751206187  -0.7241534306367194  0.0  0.0  0.0  1.0;ok
39885980091053;15.533441302838277;0.03224482676751254;-0.5154238799971801  0.8433293277690804  0.15209822107179344  -9.981915596746417  -0.854717065782665  -0.518689947045152  -0.02048112043248493  1.8730460044278539  0.06161948870710526  -0.14055740378524728  0.9881531535407995  -0.057948415397652386  0.0  0.0  0.0  1.0;ok
39885980091084;7.763469718260981;0.4453395965993729;-0.585164890189274  -0.023286743010194517  -0.8105799028410164  -0.9073004660753021  -0.8073717960846255  0.1100625657809781  0.5796869970085519  5.571584497152674  0.0757154817514888  0.993651829975513  -0.08320580874827771  2.1545492966746167  0.0  0.0  0.0  1.0;ok
39885980091115;3.6651649034345075;0.3338863416677617;0.4595923725671034  -0.8852927200921947  0.07093413021883653  2.625080332943698  0.887792459321165  0.46015175353272153  -0.009214819218970154  -1.8059752708702026  -0.024482652033996133  0.06720984654441213  0.9974384373367909  -3.0826525967914993  0.0  0.0  0.0  1.0;ok
39885980091146;8.080612412768405;0.18034958834825468;-0.517129884505607  -0.805790514004082  0.28857985046128326  3.664307268230807  0.7498835835904046  -0.2640035252629289  0.6066108717376902  5.647383557519739  -0.4126151882963498  0.5300979024574471  0.7407731907928253  -1.9049598154645953  0.0  0.0  0.0  1.0;ok
39885980091177;3.8726541071914253;0.12015613162922137;-0.4759983090123394  -0.8793293576829144  -0.014334941030484096  6.47486969110906  0.8792839099543882  -0.47616037022147656  0.011450219468181484  1.643554288806773  -0.016894244958462756  -0.007154197893575095  0.9998316868052255  -1.709436100687909  0.0  0.0  0.0  1.0;ok
39885980091208;5.2059592602279805;0.032218026788463805;0.21309456180284597  0.9639987166821037  0.15905087854302696  1.860500109726554  -0.9648383660062819  0.1819898965047393  0.18964863577817204  1.3576633439603976  0.15387538858563618  -0.19387148270297505  0.9688840038839367  -3.892169576503562  0.0  0.0  0.0  1.0;ok
39885980091239;9.534104921615693;0.12493558046796217;-0.4716188116254876  -0.08382446745167464  0.8778092931710196  11.833877253241056  0.40350239577741287  0.8646229765979523  0.29935417976167433  1.1100697234046204  -0.7840672886448267  0.49537921534450735  -0.3739490872857015  -0.6962986046444584  0.0  0.0  0.0  1.0;ok
39885980091270;6.793393155968177;0.18498426480176788;-0.2895230543674949  -0.9371589168407891  0.1947037893198691  4.738398066047084  0.6617656834270859  -0.34295127701983735  -0.6666712846888978  5.37842937592214  0.6915508522357552  -0.06416842039712492  0.7194719123049483  -3.8137305996424304  0.0  0.0  0.0  1.0;ok
39885980091301;9.237550092631151;0.19763659215603036;0.0736097407570854  -0.03147853582013202  0.9967902025242296  -2.722063340115839  0.7123230864103511  0.701190455909741  -0.03045923682433605  3.0485845215869123  -0.6979809643768987  0.7122787700919562  0.07403733547193364  -2.1771233619774017  0.0  0.0  0.0  1.0;ok
39885980091332;14.314334062580222;0.18724332020691745;0.465030427520431  0.24387034531089558  0.8510428638782592  8.830706665218509  0.836007152989297  0.19531164142487203  -0.5127820227685955  7.4756536212038265  -0.29127090762878366  0.9499371649755929  -0.11305149697035317  -3.897276493959115  0.0  0.0  0.0  1.0;ok
39885980091363;4.939595963032118;0.06735034389993225;0.4316347765671986  0.8955215750848439  0.10831679562904811  3.225804443955384  -0.9017883598868807  0.43127145915925097  0.027976463092763443  0.3574776436085091  -0.021660416208259425  -0.10975443987470712  0.9937226923530904  -0.6573294201267732  0.0  0.0  0.0  1.0;ok
39885980091394;15.273466798993145;0.1288860882577155;0.07932921220953006  -0.9085579754192855  -0.4101576299329612  0.819654531174173  -0.9296405088528368  0.08109205738430914  -0.3594337248075346  -4.550955666596961  0.35982690337168216  0.40981274203127044  -0.8381993295623407  8.22856318640172  0.0  0.0  0.0  1.0;ok
39885980091425;8.06198539416402;0.11339259294307459;0.4433640386142355  0.8782294030401017  -0.17928035279835908  -0.23948592989439366  0.22822395459800066  -0.30402833827252207  -0.9249219405306046  -4.743837607901578  -0.866799951437081  0.36916105585919806  -0.33522821931573327  -1.0786106952633372  0.0  0.0  0.0  1.0;ok
39885980091456;10.977064992754894;0.09259733194743969;-0.7216403235020187  0.6918536776763747  0.023952707186806754  -3.7828334601103304  -0.6881889228937322  -0.7207090943437419  0.08351291957888143  -0.9978431203547187  0.07504165444782451  0.04378230254222437  0.9962187812332359  -3.5239328682553244  0.0  0.0  0.0  1.0;ok
39885980091487;2.767744523025431;0.35959178046445744;0.889921500070511  -0.38502503390263926  0.2445310756949382  0.18787185168428255  -0.4084628051239567  -0.4341643746456253  0.8029068642245144  1.2735411009055908  -0.20297256105819034  -0.8144059301459228  -0.5436406169526284  2.8085793463411246  0.0  0.0  0.0  1.0;ok
39885980091518;6.6339837111177165;0.36524201077577545;-0.8673978900308672  -0.49740937722885087  0.014311247842432153  10.35091092317115  0.49434267703732887  -0.8646299694828312  -0.08966790692151957  3.4935885151660973  0.05697559152451097  -0.07070309269703766  0.9958688943096412  -2.1826768054951557  0.0  0.0  0.0  1.0;ok
39885980091549;8.72791924372333;0.3386851967758669;0.4779885592620237  0.425608194112009  0.768364888786135  -5.34013814500168  0.36135895336071217  -0.8925932197451154  0.2696239063790513  5.587193153297406  0.8005914339041269  0.1487783894581561  -0.5804466786790767  -0.2250345026298488  0.0  0.0  0.0  1.0;ok
39885980091580;11.404884011730314;0.38109968065032906;0.03332250157751449  -0.9647796462440963  0.26094030942292673  12.575717936229488  0.9471418131007999  0.1138367569674783  0.29993929158957555  -4.861847388413558  -0.3190799222212918  0.23715275026076232  0.9175764689000094  1.7426900260167493  0.0  0.0  0.0  1.0;ok
39885980091611;5.185738995238877;0.2450562788605863;0.9685983638829235  0.00011230890347397292  0.24863064346543312  -1.104575423489801  0.18435868897113689  0.6706326067721605  -0.7185149828186057  3.673988789672515  -0.16682051218051297  0.7417896562508053  0.6495529405638495  -2.979154406829964  0.0  0.0  0.0  1.0;ok
39885980091642;11.452810801369598;0.30231913266775023;-0.9864536689488019  -0.07422816059454618  0.14628512977127267  6.636928891414508  0.07569921647274039  -0.9971205107854412  0.004507282595418716  1.4348986581731777  0.1455293360215081  0.015519895158538355  0.9892321998456213  8.821773098097331  0.0  0.0  0.0  1.0;ok
39885980091673;6.84357315400721;0.10506304252175391;-0.7040942742634031  0.497283623976938  -0.506912468059187  4.66566007641968  -0.7010409620216457  -0.600480770140489  0.38466142808871806  2.271985217642839  -0.1131053602498946  0.6262043133162289  0.7714112622115993  5.329453326390241  0.0  0.0  0.0  1.0;ok
39885980091704;11.97004270038415;0.42605326165268564;0.10830401870765545  -0.06440490099532832  -0.9920293585673535  3.584908651201386  0.9928033531449587  0.05830689593498643  0.10460309684973076  0.06193871748124158  0.05110520047802625  -0.9962190093620023  0.07025627281525898  -10.217729880032703  0.0  0.0  0.0  1.0;ok
39885980091735;9.206758517908435;0.3111376471989377;-0.6754431107072022  0.20399621289161685  -0.7086340023764437  7.497741370939896  0.7297291042865496  0.3232639359556332  -0.6024913792475564  -5.140379067038575  0.10616985709385426  -0.9240595071943964  -0.36720837219257435  6.82529077612391  0.0  0.0  0.0  1.0;ok
39885980091766;2.598811728309922;0.26377231189919176;0.8251930280463939  0.11432916585265086  -0.5531593877889636  -1.0513041477140597  0.22072066572428453  -0.9667064569892119  0.12946433384370554  3.3944861935570247  -0.5199412026237703  -0.22892677399291422  -0.8229542380736277  0.892869012696631  0.0  0.0  0.0  1.0;ok
39885980091797;12.542227557622743;0.1777377204700016;0.7352180127969585  0.3668338930251794  -0.5699889197053594  -2.2920836429583424  0.6484610175322227  -0.6254970953092113  0.4338798134285732  10.95762507877317  -0.1973645925690956  -0.6886118490759009  -0.697754210959923  2.8727572860899997  0.0  0.0  0.0  1.0;ok
39885980091828;9.47715700246654;0.04273622730385014;0.5166764816510647  -0.8529976439931384  0.0737592885732547  -2.3469103147916366  0.8559919512439196  0.5128332092492953  -0.06542078336963154  0.4561929730867623  0.017977561411514093  0.0969387375264613  0.9951279759169026  6.095473667868341  0.0  0.0  0.0  1.0;ok
39885980091859;14.228056617716064;0.13107199687476406;0.24226354649641116  -0.15725895565195047  -0.9573807993198106  12.256426456557422  -0.9175772739563975  -0.3577345032832328  -0.17343001896858687  2.6625517280364317  -0.31521472103587905  0.9204866354423386  -0.23096327330187488  6.378563965135504  0.0  0.0  0.0  1.0;ok
39885980091890;12.934736653014653;0.3090457807626421;0.520872016866009  -0.08266725047058182  -0.8496225442780869  6.785578135206611  -0.8118821359191738  -0.35544170160703953  -0.46315072507123606  11.94393136982551  -0.26370388586681015  0.9310356182543856  -0.2522556998769662  -5.958447553731466  0.0  0.0  0.0  1.0;ok
39885980091921;11.389616762246979;0.11191946883387291;0.593396535368891  0.04402917802108101  0.803705159430363  4.666225780690026  0.582722383991224  0.6653105540817963  -0.46668671485586377  0.490082296172492  -0.5552613573874752  0.7452672662274663  0.36913619015487675  9.252716621368366  0.0  0.0  0.0  1.0;ok
39885980091952;7.751231368250753;0.17962205407382578;0.5726645710398129  -0.5507012577723606  0.6072754019089922  -1.673008370561604  0.3783322831237011  0.8347022096822292  0.40017109428094927  -4.211783007390307  -0.7272688448037598  0.0005880812401598454  0.6863524470257681  -2.9174516457130655  0.0  0.0  0.0  1.0;ok
39885980091983;14.851121124669065;0.3077053148877571;-0.8116485738847856  0.2797103503542997  0.5128242510017139  5.2098453965280545  -0.47916636011688923  0.18332015759387188  -0.8583666577588448  2.518384971925542  -0.33410506108576915  -0.9424202033723778  -0.014763754009110813  15.049979883655325  0.0  0.0  0.0  1.0;ok
39885980092014;8.09691717384987;0.08916768116203;0.09801582085829462  -0.26503881635847054  -0.9592430998890613  6.725413022179919  -0.9675233046635662  -0.25105512875923897  -0.02949537686779255  4.68595590937512  -0.23300548018097322  0.9309810675556096  -0.28103860599328945  4.960451003084227  0.0  0.0  0.0  1.0;ok
39885980092045;7.770476372289854;0.19594426759731162;-0.8113674701404149  -0.48617253395110444  -0.32452903665081245  1.4312882199757055  0.5391198479100993  -0.8369636050653078  -0.0940303854372352  4.677285967831651  -0.22590400170721572  -0.25125324083013484  0.9411903054032271  -3.1750380144721997  0.0  0.0  0.0  1.0;ok
39885980092076;16.718631862778135;0.24378971349870698;-0.5710174861228605  -0.4836370391841297  -0.6633507706117011  0.9304305007704912  0.490478702573318  0.4469782566649379  -0.7480916256654446  -14.227161823758111  0.658308189880639  -0.7525328247976838  -0.018018732976958662  1.8271708748358293  0.0  0.0  0.0  1.0;ok
39885980092107;10.262899426928634;0.10581954314379895;0.6602298278112659  -0.6517889767627646  -0.3731858842974294  -3.8598622051661415  0.1840163300379744  0.6221122371073402  -0.760995633838102  -6.459258882985952  0.7281720708374232  0.4337597194436669  0.5306768706477513  -4.121758476725535  0.0  0.0  0.0  1.0;ok
39885980092138;15.257229419744425;0.42623921192987724;-0.08988902045213377  0.9957317173458572  0.020935880053750786  4.396260085767827  -0.9959459498366644  -0.08979665560915623  -0.005312781320032994  9.374410141139109  -0.003410132856618182  -0.021328565654533477  0.9997667044270979  -11.198904351317687  0.0  0.0  0.0  1.0;ok
39885980092169;15.992191385092843;5.75613488426642;-0.3964871167906396  0.25463877413304453  0.8820187418230223  11.63120964856229  -0.1681815951401332  0.9243560411689435  -0.3424629326081875  -10.917390159798508  -0.902503693773697  -0.2841214597007764  -0.3236697064328608  10.600668162704622  0.0  0.0  0.0  1.0;ok
39885980092200;6.917432320039796;0.1537012773817071;0.41466869675911233  0.8923158470543783  -0.17838806300794152  -0.769444437512254  -0.9067707700586745  0.3887617128582029  -0.1631903832422545  -3.4840140816009786  -0.07626691612551639  0.22942702480567234  0.9703332405898087  -2.7165314653501658  0.0  0.0  0.0  1.0;ok
39885980092231;11.63978213050849;0.21910438371824054;-0.8845540100916646  -0.1379732166437068  0.44556435530655264  0.8404617972483504  0.013993578340027735  -0.962669130476833  -0.27031893199001245  3.1497413167199317  0.46622782306078303  -0.23287665558395487  0.8534635787706677  -9.831928515883263  0.0  0.0  0.0  1.0;ok
39885980092262;5.191873642222159;0.14437059262988503;-0.4538468523526151  -0.6350643618865927  0.6250730284304379  7.805464510160515  -0.31335297537273576  0.7704183158108654  0.5552166527475597  1.7931705533081357  -0.8341660191081137  0.05611483693931054  -0.5486512349759154  4.5847155893374705  0.0  0.0  0.0  1.0;ok
39885980092293;17.8683780302977;0.23404669298128322;-0.32902496713240076  -0.8249348613890255  -0.4595922600181511  9.602790816167392  0.8069463392423006  0.007177572889963605  -0.5905811443238429  11.051030405648927  0.49048973137770474  -0.5651822333659106  0.6633165658270181  -8.162989389149613  0.0  0.0  0.0  1.0;ok
39885980092324;2.5378082800465176;0.42992709849473837;0.9222037536210949  0.16542716078956757  -0.34953410603296786  0.15771499076335083  0.12750949167719056  0.7232467823095241  0.6787160093965252  -1.7110688259164641  0.3650774799126728  -0.6704833676923111  0.6458873642583436  -1.565591829925625  0.0  0.0  0.0  1.0;ok
39885980092355;4.721106299632293;0.1387107169589395;0.5369530175849401  0.8344313533768987  -0.12411999600396084  -0.6856109788656664  -0.8435516396785221  0.5328335671021762  -0.06714924396332647  -0.30209448438074094  0.010103865700944294  0.14075761532068837  0.989992528066313  1.9565749013643456  0.0  0.0  0.0  1.0;ok
39885980092386;4.150156398285817;4.150156398285817;1.0  0.0  0.0  0.0  0.0  1.0  0.0  0.0  0.0  0.0  1.0  0.0  0.0  0.0  0.0  1.0;runtime_error
39885980092417;6.211588953303198;6.211588953303198;1.0  0.0  0.0  0.0  0.0  1.0  0.0  0.0  0.0  0.0  1.0  0.0  0.0  0.0  0.0  1.0;runtime_error
39885980092448;6.198581447326856;0.43580063141865105;0.5028083430441017  0.5457431557199166  -0.6703343778668314  2.6680654885958557  -0.7084783291288846  0.7044746269874166  0.04211836993146887  1.4894965598108172  0.4952193729247566  0.4537399121917826  0.7408629190101255  -7.764931685007118  0.0  0.0  0.0  1.0;ok
39885980092479;13.852347125351322;0.23190812044136108;-0.9782746641700399  -0.18974125737570716  -0.08352805931230886  4.776725216890069  0.1627603392065857  -0.952491132109047  0.25742904893384283  -2.9882390079257344  -0.1284046472069924  0.2382412611264289  0.9626802938008738  -13.481544079138342  0.0  0.0  0.0  1.0;ok
39885980092510;11.087356919905194;0.45241593024897636;0.551766416732151  -0.7749559354819576  -0.30821602720794083  0.9037278196883376  0.7760358622953862  0.6124396035138224  -0.15061896454061788  -9.866368682673128  0.3054867620667352  -0.1560802040910888  0.9393172031283499  -4.024759093873817  0.0  0.0  0.0  1.0;ok
39885980092541;8.13198811043238;8.13198811043238;1.0  0.0  0.0  0.0  0.0  1.0  0.0  0.0  0.0  0.0  1.0  0.0  0.0  0.0  0.0  1.0;runtime_error
39885980092572;12.857597382515118;12.857597382515118;1.0  0.0  0.0  0.0  0.0  1.0  0.0  0.0  0.0  0.0  1.0  0.0  0.0  0.0  0.0  1.0;runtime_error
39885980092603;4.595426400726901;0.17081144394868653;0.6600719639749185  -0.18879662951154044  -0.7270906649513362  3.5806543872336  -0.6049901810787794  0.4401517137011146  -0.663515900129181  5.396933553308567  0.4452997677661189  0.8778509563764538  0.1763116990343708  -2.8313825681504725  0.0  0.0  0.0  1.0;ok
39885980092634;14.955394496186754;0.2746200542200243;-0.2669789992444568  0.963676938302414  0.0069980387619693815  10.155671127622549  -0.32777190170605  -0.09763050177949466  0.9396988164163469  11.80569068780221  0.906249300366311  0.24858608912481361  0.34193151635846936  -3.320372297361434  0.0  0.0  0.0  1.0;ok
39885980092665;13.790322686089336;0.2286689668872628;-0.4445313554143424  0.6259837375982317  0.6407310155720842  -6.307579407087356  0.7739782118483632  0.6285054018847991  -0.07706287942736322  -7.17596991045288  -0.45094301373621176  0.4616549794642905  -0.7638881320575214  6.117450667360785  0.0  0.0  0.0  1.0;ok
39885980092696;10.060575966549875;0.380223933261569;-0.42426925620704203  0.862639598641985  -0.27540610213340977  3.0704243205170716  0.849703202551977  0.27410920345141965  -0.45040938284647375  -3.5323808718971073  -0.31304962196181746  -0.42510830083406137  -0.8492837374820857  -6.370106031173361  0.0  0.0  0.0  1.0;ok
39885980092727;5.0885328238275855;0.42464299614389983;0.20865403279063993  0.9006670143007794  0.38113307905601945  2.543944753710829  -0.939679588005794  0.07662335661939793  0.3333633649722744  2.710515476492457  0.271045690770881  -0.4277005851888631  0.862326181293158  -3.933942926562482  0.0  0.0  0.0  1.0;ok
39885980092758;7.042514947121556;7.042514947121556;1.0  0.0  0.0  0.0  0.0  1.0  0.0  0.0  0.0  0.0  1.0  0.0  0.0  0.0  0.0  1.0;runtime_error
39885980092789;9.837958892178126;0.32990480153737783;-0.3723688501224818  0.5057476716086102  -0.7781778280836132  1.1045437848137087  -0.15107875523271352  -0.8603250441817354  -0.4868429192984407  10.608263650193171  -0.9157055472016066  -0.06371900043286381  0.3967659761219984  4.85157369791751  0.0  0.0  0.0  1.0;ok
39885980092820;8.268718839568454;0.06823063652408463;-0.35101828245559236  -0.5745643662278151  -0.73936591376879  5.40715802243045  0.9292825757382978  -0.3107158069675126  -0.1997237635578791  0.9220249821805557  -0.11497851891167499  -0.7571865532098137  0.6429995830691652  7.837862349634699  0.0  0.0  0.0  1.0;ok
39885980092851;6.8936455006206945;0.4096775234963342;-0.7168479079584014  0.2949792962882029  -0.6317565129201131  8.203149348774167  -0.6970647202313487  -0.2835050143778204  0.6585785318634554  -0.41012352378012684  0.015160892600901534  0.9124758197256235  0.40884963709363303  0.9151739447401139  0.0  0.0  0.0  1.0;ok
39885980092882;8.701798953500287;0.19919043790837743;0.03475128224602053  -0.5946757662063727  -0.8032142189161758  -0.18964141721501004  0.783745067540045  -0.4824668896250801  0.3911129881788046  2.56802031208656  -0.6201096818216194  -0.643106860095868  0.4493078554941201  7.9100558582755545  0.0  0.0  0.0  1.0;ok
39885980092913;12.068994851548805;0.024422023018051103;-0.19128649373372208  -0.9001243934808751  0.39138926093563664  9.812405470571404  0.9136518216779326  -0.30900333459565377  -0.2641160501623482  -1.3853540889410496  0.35867788621498925  0.3070716780646683  0.8815084562673778  7.1317168523239225  0.0  0.0  0.0  1.0;ok
39885980092944;3.372320270673433;0.5269254330094868;-0.8639434290971577  -0.5008452687180428  -0.05249541049078094  5.844471230713669  0.5016018520169059  -0.8650973952873603  -0.0014417767626987432  -1.7440330440769056  -0.044691535809970206  -0.02757740868492184  0.9986201245504577  -0.9980038313374457  0.0  0.0  0.0  1.0;ok
39885980092975;6.497637263498034;0.3400600808374131;-0.9112090097776454  0.4107240311727566  0.03168455013475846  6.760552430294596  -0.4108640390717817  -0.9116938311453245  0.0022582402841598015  7.4207171821100815  0.029814122453340895  -0.010960313351370002  0.999495367489803  -2.4062799109835806  0.0  0.0  0.0  1.0;ok
39885980093006;15.880192191604793;0.0458570677088332;0.5933968959709515  -0.4782070994156523  -0.6474550902730687  11.357194941203934  0.6101551022452132  0.7918664341992114  -0.025657388658210156  -9.16552729256725  0.5249674990474864  -0.379823012016246  0.7616715857157421  3.236960304634632  0.0  0.0  0.0  1.0;ok
39885980093037;17.265572118183027;0.5066315570106154;-0.897363229381502  -0.06152781640516107  0.43698233644212053  -4.4036955789567696  0.3688499959015806  0.4390343056026625  0.819267086503169  -10.58416519920214  -0.24225795152565377  0.8963610914761979  -0.37127870745599384  5.019759621949747  0.0  0.0  0.0  1.0;ok
39885980093068;7.330304072587055;0.21610290240382501;-0.11071663498660764  0.11643436452623963  0.9870080371985902  -1.8002002311710648  -0.9228792241280276  0.35651157656426613  -0.14557964640880008  7.162881322203499  -0.3688302650408345  -0.9270073001508843  0.0679830939048503  1.1591821721388664  0.0  0.0  0.0  1.0;ok
39885980093099;11.7148593534829;11.7148593534829;1.0  0.0  0.0  0.0  0.0  1.0  0.0  0.0  0.0  0.0  1.0  0.0  0.0  0.0  0.0  1.0;runtime_error
