# registration_from_features.py RANSAC RANSAC_config.json euclidean True --use_random_keypoints=True --n_keypoints=5000 --use_status_txt --input_txt=/benchmark/point_clouds_registration_benchmark//planetary/planetary_map_global.txt --input_pcd_dir=/benchmark/point_clouds_registration_benchmark//planetary/p2at_met/ --input_features_dir=/benchmark/experiments/OverlapPredator/KITTI/features/planetary/planetary_map/ --output_dir=/benchmark/experiments/OverlapPredator/KITTI/results/RANSAC/
id;initial_error;final_error;transformation;status_code
25528382210030;15.68352554730247;15.68352554730247;1.0  0.0  0.0  0.0  0.0  1.0  0.0  0.0  0.0  0.0  1.0  0.0  0.0  0.0  0.0  1.0;OOM
25528382210061;9.69492001529867;9.69492001529867;1.0  0.0  0.0  0.0  0.0  1.0  0.0  0.0  0.0  0.0  1.0  0.0  0.0  0.0  0.0  1.0;OOM
25528382210092;12.399805196643467;12.399805196643467;1.0  0.0  0.0  0.0  0.0  1.0  0.0  0.0  0.0  0.0  1.0  0.0  0.0  0.0  0.0  1.0;OOM
25528382210123;6.953048360472165;6.953048360472165;1.0  0.0  0.0  0.0  0.0  1.0  0.0  0.0  0.0  0.0  1.0  0.0  0.0  0.0  0.0  1.0;OOM
25528382210154;10.183163362652827;10.183163362652827;1.0  0.0  0.0  0.0  0.0  1.0  0.0  0.0  0.0  0.0  1.0  0.0  0.0  0.0  0.0  1.0;OOM
25528382210185;7.249832115496995;7.249832115496995;1.0  0.0  0.0  0.0  0.0  1.0  0.0  0.0  0.0  0.0  1.0  0.0  0.0  0.0  0.0  1.0;ok
25528382210216;9.44876669411099;9.44876669411099;1.0  0.0  0.0  0.0  0.0  1.0  0.0  0.0  0.0  0.0  1.0  0.0  0.0  0.0  0.0  1.0;ok
25528382210247;9.372654644542793;9.372654644542793;1.0  0.0  0.0  0.0  0.0  1.0  0.0  0.0  0.0  0.0  1.0  0.0  0.0  0.0  0.0  1.0;ok
25528382210278;17.91949501280619;17.91949501280619;1.0  0.0  0.0  0.0  0.0  1.0  0.0  0.0  0.0  0.0  1.0  0.0  0.0  0.0  0.0  1.0;ok
25528382210309;18.24432988985297;18.24432988985297;1.0  0.0  0.0  0.0  0.0  1.0  0.0  0.0  0.0  0.0  1.0  0.0  0.0  0.0  0.0  1.0;ok
25528382210340;8.030201251544835;15.42508707325015;1.0  0.0  0.0  8.819464445114136  0.0  1.0  0.0  10.897605895996094  0.0  0.0  1.0  9.172722220420837  0.0  0.0  0.0  1.0;ok
25528382210371;14.777020775968214;60.266944973330766;-0.9693774281972223  0.08647417990450874  -0.22984694453392504  -27.161771875171027  -0.006496857957227986  0.9265935751646409  0.3760081612150085  48.844916790583525  0.24548969945482868  0.3659871072503113  -0.8976570864133622  19.635986748125923  0.0  0.0  0.0  1.0;ok
25528382210402;6.835161195311714;6.835161195311714;1.0  0.0  0.0  0.0  0.0  1.0  0.0  0.0  0.0  0.0  1.0  0.0  0.0  0.0  0.0  1.0;ok
25528382210433;17.43037504034782;17.43037504034782;1.0  0.0  0.0  0.0  0.0  1.0  0.0  0.0  0.0  0.0  1.0  0.0  0.0  0.0  0.0  1.0;ok
25528382210464;9.567579415172693;9.567579415172693;1.0  0.0  0.0  0.0  0.0  1.0  0.0  0.0  0.0  0.0  1.0  0.0  0.0  0.0  0.0  1.0;ok
25528382210495;9.764115752844592;9.764115752844592;1.0  0.0  0.0  0.0  0.0  1.0  0.0  0.0  0.0  0.0  1.0  0.0  0.0  0.0  0.0  1.0;ok
25528382210526;4.636809244254414;4.636809244254414;1.0  0.0  0.0  0.0  0.0  1.0  0.0  0.0  0.0  0.0  1.0  0.0  0.0  0.0  0.0  1.0;ok
25528382210557;6.910630085924689;115.45767172113898;-0.2586656512382019  0.03279335644116259  -0.9654101080073896  -59.2865332052698  0.13128143664490535  -0.988957107748475  -0.06876789531620485  -126.94565241373853  -0.9570043183089438  -0.14452831835697  0.2515040753764037  -20.41662312167857  0.0  0.0  0.0  1.0;ok
25528382210588;6.684883465469594;6.684883465469594;1.0  0.0  0.0  0.0  0.0  1.0  0.0  0.0  0.0  0.0  1.0  0.0  0.0  0.0  0.0  1.0;ok
25528382210619;3.049989283761186;3.049989283761186;1.0  0.0  0.0  0.0  0.0  1.0  0.0  0.0  0.0  0.0  1.0  0.0  0.0  0.0  0.0  1.0;ok
25528382210650;9.772391206839696;9.772391206839696;1.0  0.0  0.0  0.0  0.0  1.0  0.0  0.0  0.0  0.0  1.0  0.0  0.0  0.0  0.0  1.0;ok
25528382210681;21.01102329498223;21.01102329498223;1.0  0.0  0.0  0.0  0.0  1.0  0.0  0.0  0.0  0.0  1.0  0.0  0.0  0.0  0.0  1.0;ok
25528382210712;9.118066203784212;9.118066203784212;1.0  0.0  0.0  0.0  0.0  1.0  0.0  0.0  0.0  0.0  1.0  0.0  0.0  0.0  0.0  1.0;ok
25528382210743;20.133321694964977;129.74477527040472;1.0  0.0  0.0  -52.04618453979492  0.0  1.0  0.0  -120.96404981613159  0.0  0.0  1.0  15.634836077690125  0.0  0.0  0.0  1.0;ok
25528382210774;20.739163425973896;20.739163425973896;1.0  0.0  0.0  0.0  0.0  1.0  0.0  0.0  0.0  0.0  1.0  0.0  0.0  0.0  0.0  1.0;ok
25528382210805;7.82502822045599;7.82502822045599;1.0  0.0  0.0  0.0  0.0  1.0  0.0  0.0  0.0  0.0  1.0  0.0  0.0  0.0  0.0  1.0;ok
25528382210836;18.891614251061302;64.7944845936095;0.9544669769016769  -0.2969546008756847  0.028473760252842466  -72.37838738245952  -0.2969714226797517  -0.936770991425775  0.18511640590378425  -211.3817577219363  -0.028297775809024435  -0.18514338940921754  -0.9823040065286964  -26.383985838488535  0.0  0.0  0.0  1.0;ok
25528382210867;11.403645583012077;27.55052686090136;-0.06879273583913463  0.6607878473287371  0.7474135269838381  13.309964200508809  0.9104676299408662  0.34784300266153173  -0.22372737948063462  -16.74526519472503  -0.40781889893141193  0.6651050039821255  -0.6255550170467081  30.40448851633237  0.0  0.0  0.0  1.0;ok
25528382210898;8.96032490981666;9.114730479106639;0.889994186664876  0.44915851397887907  0.0785301026550376  29.313369186328927  0.29283190319304697  -0.695042128839714  0.6566322529470331  -145.4866923130669  0.34951369669165155  -0.5614027684810999  -0.7501113966383214  -50.52123635105817  0.0  0.0  0.0  1.0;ok
25528382210929;20.960366111775045;20.960366111775045;1.0  0.0  0.0  0.0  0.0  1.0  0.0  0.0  0.0  0.0  1.0  0.0  0.0  0.0  0.0  1.0;ok
25528382210960;12.492535867253501;12.492535867253501;1.0  0.0  0.0  0.0  0.0  1.0  0.0  0.0  0.0  0.0  1.0  0.0  0.0  0.0  0.0  1.0;ok
25528382210991;21.1693371802301;21.1693371802301;1.0  0.0  0.0  0.0  0.0  1.0  0.0  0.0  0.0  0.0  1.0  0.0  0.0  0.0  0.0  1.0;ok
25528382211022;20.78353157411214;120.39872781575748;-0.05802570724111443  0.810831985951829  0.5823954909308463  -8.846879732511713  -0.795503938477723  -0.39002078148844405  0.46374268066846547  -87.62845340475995  0.6031637432452315  -0.43638890976347716  0.6676512699529931  6.534175946257399  0.0  0.0  0.0  1.0;ok
25528382211053;13.71025251495528;13.71025251495528;1.0  0.0  0.0  0.0  0.0  1.0  0.0  0.0  0.0  0.0  1.0  0.0  0.0  0.0  0.0  1.0;OOM
25528382211084;8.456027515763575;8.456027515763575;1.0  0.0  0.0  0.0  0.0  1.0  0.0  0.0  0.0  0.0  1.0  0.0  0.0  0.0  0.0  1.0;OOM
25528382211115;8.586187095117397;8.586187095117397;1.0  0.0  0.0  0.0  0.0  1.0  0.0  0.0  0.0  0.0  1.0  0.0  0.0  0.0  0.0  1.0;OOM
25528382211146;12.191515179028451;12.191515179028451;1.0  0.0  0.0  0.0  0.0  1.0  0.0  0.0  0.0  0.0  1.0  0.0  0.0  0.0  0.0  1.0;OOM
25528382211177;18.082566294173972;18.082566294173972;1.0  0.0  0.0  0.0  0.0  1.0  0.0  0.0  0.0  0.0  1.0  0.0  0.0  0.0  0.0  1.0;OOM
25528382211208;15.216852824135152;15.216852824135152;1.0  0.0  0.0  0.0  0.0  1.0  0.0  0.0  0.0  0.0  1.0  0.0  0.0  0.0  0.0  1.0;OOM
25528382211239;11.671911448093457;11.671911448093457;1.0  0.0  0.0  0.0  0.0  1.0  0.0  0.0  0.0  0.0  1.0  0.0  0.0  0.0  0.0  1.0;OOM
25528382211270;18.47182312890617;18.47182312890617;1.0  0.0  0.0  0.0  0.0  1.0  0.0  0.0  0.0  0.0  1.0  0.0  0.0  0.0  0.0  1.0;OOM
25528382211301;9.301264032389943;9.301264032389943;1.0  0.0  0.0  0.0  0.0  1.0  0.0  0.0  0.0  0.0  1.0  0.0  0.0  0.0  0.0  1.0;OOM
25528382211332;18.114374794286245;18.114374794286245;1.0  0.0  0.0  0.0  0.0  1.0  0.0  0.0  0.0  0.0  1.0  0.0  0.0  0.0  0.0  1.0;OOM
25528382211363;14.154563488028366;14.154563488028366;1.0  0.0  0.0  0.0  0.0  1.0  0.0  0.0  0.0  0.0  1.0  0.0  0.0  0.0  0.0  1.0;OOM
25528382211394;15.624372568766395;15.624372568766395;1.0  0.0  0.0  0.0  0.0  1.0  0.0  0.0  0.0  0.0  1.0  0.0  0.0  0.0  0.0  1.0;OOM
25528382211425;8.428891655480172;8.428891655480172;1.0  0.0  0.0  0.0  0.0  1.0  0.0  0.0  0.0  0.0  1.0  0.0  0.0  0.0  0.0  1.0;OOM
25528382211456;7.093295846333115;7.093295846333115;1.0  0.0  0.0  0.0  0.0  1.0  0.0  0.0  0.0  0.0  1.0  0.0  0.0  0.0  0.0  1.0;OOM
25528382211487;10.502851529767968;10.502851529767968;1.0  0.0  0.0  0.0  0.0  1.0  0.0  0.0  0.0  0.0  1.0  0.0  0.0  0.0  0.0  1.0;OOM
25528382211518;5.900675805227108;5.900675805227108;1.0  0.0  0.0  0.0  0.0  1.0  0.0  0.0  0.0  0.0  1.0  0.0  0.0  0.0  0.0  1.0;OOM
25528382211549;9.273591908204198;9.273591908204198;1.0  0.0  0.0  0.0  0.0  1.0  0.0  0.0  0.0  0.0  1.0  0.0  0.0  0.0  0.0  1.0;OOM
25528382211580;4.1649986009526225;4.1649986009526225;1.0  0.0  0.0  0.0  0.0  1.0  0.0  0.0  0.0  0.0  1.0  0.0  0.0  0.0  0.0  1.0;OOM
25528382211611;11.572839540920446;11.572839540920446;1.0  0.0  0.0  0.0  0.0  1.0  0.0  0.0  0.0  0.0  1.0  0.0  0.0  0.0  0.0  1.0;OOM
25528382211642;5.721567671630902;5.721567671630902;1.0  0.0  0.0  0.0  0.0  1.0  0.0  0.0  0.0  0.0  1.0  0.0  0.0  0.0  0.0  1.0;OOM
25528382211673;14.291403412950823;14.291403412950823;1.0  0.0  0.0  0.0  0.0  1.0  0.0  0.0  0.0  0.0  1.0  0.0  0.0  0.0  0.0  1.0;OOM
25528382211704;21.733237809362492;21.733237809362492;1.0  0.0  0.0  0.0  0.0  1.0  0.0  0.0  0.0  0.0  1.0  0.0  0.0  0.0  0.0  1.0;OOM
25528382211735;15.219181685883058;15.219181685883058;1.0  0.0  0.0  0.0  0.0  1.0  0.0  0.0  0.0  0.0  1.0  0.0  0.0  0.0  0.0  1.0;OOM
25528382211766;8.120431084538632;8.120431084538632;1.0  0.0  0.0  0.0  0.0  1.0  0.0  0.0  0.0  0.0  1.0  0.0  0.0  0.0  0.0  1.0;OOM
25528382211797;10.704272183444337;10.704272183444337;1.0  0.0  0.0  0.0  0.0  1.0  0.0  0.0  0.0  0.0  1.0  0.0  0.0  0.0  0.0  1.0;OOM
25528382211828;14.19066382726708;14.19066382726708;1.0  0.0  0.0  0.0  0.0  1.0  0.0  0.0  0.0  0.0  1.0  0.0  0.0  0.0  0.0  1.0;OOM
25528382211859;15.636494638360508;15.636494638360508;1.0  0.0  0.0  0.0  0.0  1.0  0.0  0.0  0.0  0.0  1.0  0.0  0.0  0.0  0.0  1.0;OOM
25528382211890;12.685237989055715;12.685237989055715;1.0  0.0  0.0  0.0  0.0  1.0  0.0  0.0  0.0  0.0  1.0  0.0  0.0  0.0  0.0  1.0;OOM
25528382211921;17.657765441938807;17.657765441938807;1.0  0.0  0.0  0.0  0.0  1.0  0.0  0.0  0.0  0.0  1.0  0.0  0.0  0.0  0.0  1.0;OOM
25528382211952;5.3309939643482265;5.3309939643482265;1.0  0.0  0.0  0.0  0.0  1.0  0.0  0.0  0.0  0.0  1.0  0.0  0.0  0.0  0.0  1.0;OOM
25528382211983;5.937684259325109;5.937684259325109;1.0  0.0  0.0  0.0  0.0  1.0  0.0  0.0  0.0  0.0  1.0  0.0  0.0  0.0  0.0  1.0;OOM
25528382212014;5.706073983285026;5.706073983285026;1.0  0.0  0.0  0.0  0.0  1.0  0.0  0.0  0.0  0.0  1.0  0.0  0.0  0.0  0.0  1.0;OOM
25528382212045;13.032546619590443;13.032546619590443;1.0  0.0  0.0  0.0  0.0  1.0  0.0  0.0  0.0  0.0  1.0  0.0  0.0  0.0  0.0  1.0;OOM
25528382212076;6.239869464035145;6.239869464035145;1.0  0.0  0.0  0.0  0.0  1.0  0.0  0.0  0.0  0.0  1.0  0.0  0.0  0.0  0.0  1.0;OOM
25528382212107;9.253104799223134;9.253104799223134;1.0  0.0  0.0  0.0  0.0  1.0  0.0  0.0  0.0  0.0  1.0  0.0  0.0  0.0  0.0  1.0;OOM
25528382212138;13.001580823569379;13.001580823569379;1.0  0.0  0.0  0.0  0.0  1.0  0.0  0.0  0.0  0.0  1.0  0.0  0.0  0.0  0.0  1.0;OOM
25528382212169;16.977214326511405;16.977214326511405;1.0  0.0  0.0  0.0  0.0  1.0  0.0  0.0  0.0  0.0  1.0  0.0  0.0  0.0  0.0  1.0;OOM
25528382212200;12.284350613247135;12.284350613247135;1.0  0.0  0.0  0.0  0.0  1.0  0.0  0.0  0.0  0.0  1.0  0.0  0.0  0.0  0.0  1.0;OOM
25528382212231;9.397507346139728;9.397507346139728;1.0  0.0  0.0  0.0  0.0  1.0  0.0  0.0  0.0  0.0  1.0  0.0  0.0  0.0  0.0  1.0;OOM
25528382212262;16.50683939241395;16.50683939241395;1.0  0.0  0.0  0.0  0.0  1.0  0.0  0.0  0.0  0.0  1.0  0.0  0.0  0.0  0.0  1.0;OOM
25528382212293;13.349272129827112;13.349272129827112;1.0  0.0  0.0  0.0  0.0  1.0  0.0  0.0  0.0  0.0  1.0  0.0  0.0  0.0  0.0  1.0;OOM
25528382212324;12.545895056876596;12.545895056876596;1.0  0.0  0.0  0.0  0.0  1.0  0.0  0.0  0.0  0.0  1.0  0.0  0.0  0.0  0.0  1.0;OOM
25528382212355;12.823790872082448;12.823790872082448;1.0  0.0  0.0  0.0  0.0  1.0  0.0  0.0  0.0  0.0  1.0  0.0  0.0  0.0  0.0  1.0;OOM
25528382212386;16.10443523480564;16.10443523480564;1.0  0.0  0.0  0.0  0.0  1.0  0.0  0.0  0.0  0.0  1.0  0.0  0.0  0.0  0.0  1.0;OOM
25528382212417;9.85347366199146;9.85347366199146;1.0  0.0  0.0  0.0  0.0  1.0  0.0  0.0  0.0  0.0  1.0  0.0  0.0  0.0  0.0  1.0;OOM
25528382212448;10.900268063129158;10.900268063129158;1.0  0.0  0.0  0.0  0.0  1.0  0.0  0.0  0.0  0.0  1.0  0.0  0.0  0.0  0.0  1.0;OOM
25528382212479;11.263809279749742;11.263809279749742;1.0  0.0  0.0  0.0  0.0  1.0  0.0  0.0  0.0  0.0  1.0  0.0  0.0  0.0  0.0  1.0;OOM
25528382212510;10.577824112529035;10.577824112529035;1.0  0.0  0.0  0.0  0.0  1.0  0.0  0.0  0.0  0.0  1.0  0.0  0.0  0.0  0.0  1.0;OOM
25528382212541;12.478502357853323;12.478502357853323;1.0  0.0  0.0  0.0  0.0  1.0  0.0  0.0  0.0  0.0  1.0  0.0  0.0  0.0  0.0  1.0;OOM
25528382212572;13.173545118769491;13.173545118769491;1.0  0.0  0.0  0.0  0.0  1.0  0.0  0.0  0.0  0.0  1.0  0.0  0.0  0.0  0.0  1.0;OOM
25528382212603;6.049856536478573;6.049856536478573;1.0  0.0  0.0  0.0  0.0  1.0  0.0  0.0  0.0  0.0  1.0  0.0  0.0  0.0  0.0  1.0;OOM
25528382212634;5.229852137693143;5.229852137693143;1.0  0.0  0.0  0.0  0.0  1.0  0.0  0.0  0.0  0.0  1.0  0.0  0.0  0.0  0.0  1.0;OOM
25528382212665;14.028455060354018;14.028455060354018;1.0  0.0  0.0  0.0  0.0  1.0  0.0  0.0  0.0  0.0  1.0  0.0  0.0  0.0  0.0  1.0;OOM
25528382212696;4.140656479186752;4.140656479186752;1.0  0.0  0.0  0.0  0.0  1.0  0.0  0.0  0.0  0.0  1.0  0.0  0.0  0.0  0.0  1.0;OOM
25528382212727;6.813729499329136;6.813729499329136;1.0  0.0  0.0  0.0  0.0  1.0  0.0  0.0  0.0  0.0  1.0  0.0  0.0  0.0  0.0  1.0;OOM
25528382212758;8.119754643553645;8.119754643553645;1.0  0.0  0.0  0.0  0.0  1.0  0.0  0.0  0.0  0.0  1.0  0.0  0.0  0.0  0.0  1.0;OOM
25528382212789;14.49002926410721;14.49002926410721;1.0  0.0  0.0  0.0  0.0  1.0  0.0  0.0  0.0  0.0  1.0  0.0  0.0  0.0  0.0  1.0;OOM
25528382212820;6.569850235229012;6.569850235229012;1.0  0.0  0.0  0.0  0.0  1.0  0.0  0.0  0.0  0.0  1.0  0.0  0.0  0.0  0.0  1.0;OOM
25528382212851;11.42180692618534;11.42180692618534;1.0  0.0  0.0  0.0  0.0  1.0  0.0  0.0  0.0  0.0  1.0  0.0  0.0  0.0  0.0  1.0;OOM
25528382212882;29.019631275634673;29.019631275634673;1.0  0.0  0.0  0.0  0.0  1.0  0.0  0.0  0.0  0.0  1.0  0.0  0.0  0.0  0.0  1.0;OOM
25528382212913;4.0002261526930925;4.0002261526930925;1.0  0.0  0.0  0.0  0.0  1.0  0.0  0.0  0.0  0.0  1.0  0.0  0.0  0.0  0.0  1.0;OOM
25528382212944;10.141100187890478;10.141100187890478;1.0  0.0  0.0  0.0  0.0  1.0  0.0  0.0  0.0  0.0  1.0  0.0  0.0  0.0  0.0  1.0;OOM
25528382212975;20.06496568117509;20.06496568117509;1.0  0.0  0.0  0.0  0.0  1.0  0.0  0.0  0.0  0.0  1.0  0.0  0.0  0.0  0.0  1.0;OOM
25528382213006;18.174538516386875;18.174538516386875;1.0  0.0  0.0  0.0  0.0  1.0  0.0  0.0  0.0  0.0  1.0  0.0  0.0  0.0  0.0  1.0;OOM
25528382213037;5.701290570066685;5.701290570066685;1.0  0.0  0.0  0.0  0.0  1.0  0.0  0.0  0.0  0.0  1.0  0.0  0.0  0.0  0.0  1.0;OOM
25528382213068;4.547084010574512;4.547084010574512;1.0  0.0  0.0  0.0  0.0  1.0  0.0  0.0  0.0  0.0  1.0  0.0  0.0  0.0  0.0  1.0;OOM
25528382213099;3.400518071392226;3.400518071392226;1.0  0.0  0.0  0.0  0.0  1.0  0.0  0.0  0.0  0.0  1.0  0.0  0.0  0.0  0.0  1.0;OOM
25528382213130;4.188278011672704;4.188278011672704;1.0  0.0  0.0  0.0  0.0  1.0  0.0  0.0  0.0  0.0  1.0  0.0  0.0  0.0  0.0  1.0;OOM
25528382213161;10.413100597097436;10.413100597097436;1.0  0.0  0.0  0.0  0.0  1.0  0.0  0.0  0.0  0.0  1.0  0.0  0.0  0.0  0.0  1.0;OOM
