# registration_from_features.py TEASER TEASER_config.json euclidean False --input_txt=/neural_comparison/point_clouds_registration_benchmark//eth/wood_summer_global.txt --input_pcd_dir=/neural_comparison/point_clouds_registration_benchmark//eth/wood_summer/ --input_features_dir=/neural_comparison/experiments/3DFeatNet/feature_extraction_voxelgrid_0.1_npz//eth/wood_summer/ --output_dir=/root/neural_registration_comparison/results/3DFeatNet/TEASER/
id;initial_error;final_error;transformation
2318808360030;4.969564550018172;3.0725251643725766;-0.5088649039834104  -0.5558882979581246  0.6573010799376304  16.79078020480054  0.6815833887462799  0.20623240693235495  0.7020771172143603  -12.096803198453355  -0.5258332375184107  0.8052679023307139  0.2739397959347991  -3.5909176550345925  0.0  0.0  0.0  1.0
2318808360061;1.6724101210514537;0.11429725505195991;0.18156562423992034  -0.9569899729964294  0.22628326424784884  0.6068213925629846  0.9488225777553693  0.23094873934086013  0.21540286845472373  -5.094268065653559  -0.25839821987781475  0.17559291381249195  0.9499460450903597  -1.345898876225044  0.0  0.0  0.0  1.0
2318808360092;1.584883217651029;2.56143702003728;-0.9203614389535927  -0.3882707475810747  -0.04669741170670019  16.738813828467208  0.386146138449122  -0.9211606911511249  0.04851948926784738  0.8816302522894096  -0.0618545184129916  0.026623441753738517  0.9977300290665215  0.9049451784045331  0.0  0.0  0.0  1.0
2318808360123;2.8011658140671436;1.9672094096674666;0.8720602405788236  0.04156486192851616  -0.48763028931196106  -0.9695222650039315  -0.07346598501889934  0.9962145685203468  -0.04646808058250211  3.3876995801302  0.4838529589108724  0.07634720506136704  0.8718127198157357  6.086219959355109  0.0  0.0  0.0  1.0
2318808360154;5.158117208596515;0.016332425256479214;0.6450538061987923  -0.7640980411871235  -0.007731142376852462  -7.090805761316508  0.763778317500196  0.644407866466377  0.03716427522260546  -5.729088072453753  -0.023415140935316145  -0.029877836103907762  0.9992792633116764  3.179790154811498  0.0  0.0  0.0  1.0
2318808360185;2.9373278081057164;1.9101741725396226;-0.8047835445699045  0.16910626120220285  -0.5689696993792488  13.050241832881623  -0.41637824868253615  -0.843987570114931  0.33810373484414225  13.62306574081001  -0.42302789555012105  0.5090069291411531  0.7496394771306596  1.951600232628933  0.0  0.0  0.0  1.0
2318808360216;2.8192109211834575;1.9574273315807522;-0.7220939435756107  0.24381924944786518  0.6474044410182113  2.9632109565653217  -0.10644191589836355  -0.9638469088643836  0.24427291051702496  -2.803138240491317  0.6835572069631833  0.10747702020084327  0.7219406034691771  -2.988143799695171  0.0  0.0  0.0  1.0
2318808360247;5.338906233558544;0.3699438497387782;-0.28361222488051707  0.9563239495087437  0.0707715302527891  -3.1455186126413963  -0.895628433209439  -0.2905369249526582  0.3368055891250321  4.158913004196273  0.34265699398250926  0.03213718772780377  0.9389107442349455  -3.6991640868061295  0.0  0.0  0.0  1.0
2318808360278;3.9358878406157967;3.4001435498245502;-0.9383764801512755  0.3099653601636577  -0.15287595297337156  10.627768544049598  -0.20456302451256103  -0.14158923077075983  0.9685589598635787  2.456930978787334  0.278574138249005  0.9401457148912388  0.19627145556719516  11.770533955390443  0.0  0.0  0.0  1.0
2318808360309;2.1234453820707166;2.657755002896518;0.4228947406540685  -0.6055957892444995  0.6741022017294267  2.630614081533874  0.8822222027329466  0.4450667712092615  -0.1536214638987376  -3.744356754652037  -0.20698797871411845  0.6596736384112186  0.722486447937364  7.421504576654307  0.0  0.0  0.0  1.0
2318808360340;2.3866042493559383;1.2740502534481708;0.6936697601048677  -0.585300946256974  -0.4198155145141099  6.682226478548036  -0.6383895785757856  -0.7695027830339244  0.018005912053458223  23.25011047417946  -0.33358808414253505  0.25551569269564733  -0.9074308353281676  0.6891239768598397  0.0  0.0  0.0  1.0
2318808360371;4.044074629937958;3.8846446365556657;0.9780281877369925  0.0005803895923503222  0.2084718857299811  8.55611817950927  -0.13495236758049972  -0.7604372253297853  0.6352346690925758  4.331706466717274  0.15889846593441648  -0.6494111867535528  -0.7436507164274306  1.776712913649127  0.0  0.0  0.0  1.0
2318808360402;4.2662430875772905;0.11636814561272428;0.7203606008460667  -0.6891955879211322  -0.07803874895677898  3.10112282825198  0.6605865272853068  0.7160158175005493  -0.22571395406168032  4.188442577208184  0.2114380399025517  0.11104409340016498  0.9710629045551594  -3.865913669712337  0.0  0.0  0.0  1.0
2318808360433;3.0557917853126377;3.2026114932139804;0.30362960814322304  -0.850312234609967  0.4298583077380263  4.080256861183747  0.10842831309525425  -0.41738957426637113  -0.9022356921631155  10.211827764084916  0.9466004236097258  0.3205542808423306  -0.0345339116745497  -7.218255918965162  0.0  0.0  0.0  1.0
2318808360464;1.0653308809730693;1.2340638095407102;-0.35024777796577466  -0.6595870778969327  -0.6650348717935195  9.359416245515469  0.641034378327849  -0.6864801685613131  0.3432490407471799  2.3167153932220557  -0.6829358826653241  -0.3060880017959161  0.6632561460889128  6.559740266935745  0.0  0.0  0.0  1.0
2318808360495;1.7172042102086578;0.03405396678491897;0.11050938128543733  0.9923408877008549  -0.05520180472583511  -5.203836644036026  -0.9938156169438273  0.10972462899922074  -0.01705946392896191  23.938316520850776  -0.010871806035336912  0.05674564642386967  0.9983294723914887  0.7235507841827219  0.0  0.0  0.0  1.0
2318808360526;3.6807220373796983;3.350084458001116;-0.5408544397208019  -0.7859149018713141  -0.29969024350302  6.594827934008003  -0.1513488054643446  -0.25955178925191913  0.9537957893493987  2.3059966808082977  -0.827387463114358  0.5612224476201297  0.021432455959527447  4.620644627031051  0.0  0.0  0.0  1.0
2318808360557;2.560279020018075;3.7939223103852773;0.5710091081271899  -0.8209259633960834  0.005400097962367817  -0.7728370109525456  0.8182792631313256  0.5686139833655748  -0.08424479479699905  1.5725891962075473  0.06608816811688556  0.05252333332287583  0.9964304559233469  -3.8572347717315743  0.0  0.0  0.0  1.0
2318808360588;3.9226564362176193;0.2142483304025099;-0.37313985275870676  0.8435564851664215  -0.38623711191039567  -4.129371409173486  -0.9173594918391694  -0.3976643410023278  0.017737943166151043  25.484864898572337  -0.13862976958716966  0.36093701421280855  0.9222289622189007  1.2844291854229732  0.0  0.0  0.0  1.0
2318808360619;3.5577362196516864;3.100554204438345;-0.4416423294365531  -0.1850469523291926  -0.8779007223391111  12.416630686007332  -0.4661848099552457  0.8833666440740962  0.0483228217746092  -2.072588943840385  0.7665662240255869  0.4306053849767173  -0.4763981807398158  -3.9311128108264852  0.0  0.0  0.0  1.0
2318808360650;2.026557361496415;0.09370849720068715;-0.3535595243717464  0.9345757602823542  0.03954505049541841  -1.7474806964308356  -0.875619126414987  -0.3455357610976895  0.3374850859799531  23.70572353216655  0.3290696099342512  0.0846946639127954  0.9404998701341849  -3.13919749998851  0.0  0.0  0.0  1.0
2318808360681;3.2402694513344694;0.1210693135476581;0.12337674719154113  0.9923569265052629  -0.002430775485968442  6.456053302018658  -0.9615614335064533  0.11894180453953518  -0.24749233670134915  8.670769893315473  -0.24531161375982483  0.032872139417866264  0.968886801749638  1.8241556706153301  0.0  0.0  0.0  1.0
2318808360712;4.183482302346372;5.527741118748412;-0.32615377502812665  0.6405492587239285  0.6952124583054663  1.5432569449058333  -0.7417837865250265  0.2824607955784959  -0.6082538228484543  -1.2273558620416927  -0.5859867994106169  -0.7140816102585124  0.3830233998166601  21.540185357833682  0.0  0.0  0.0  1.0
2318808360743;4.6928323050556155;2.332657036942713;-0.37986434993415163  -0.8732781454111564  0.3051038452664218  0.8089180472469981  0.7662087738926833  -0.48183229266379846  -0.4251608596240009  -2.036058325335029  0.518292572259121  0.07226978963301128  0.8521442876927736  7.333146582227369  0.0  0.0  0.0  1.0
2318808360774;2.6368253275423768;2.1296318055421213;-0.6514394175291351  -0.6423744353965524  0.40371000735461243  6.989567636634794  -0.677821051808703  0.731819606429855  0.07070138166821932  0.6660115142143842  -0.34085965882492497  -0.22758547491835251  -0.912151053604579  11.886594144380934  0.0  0.0  0.0  1.0
2318808360805;3.822501238380734;4.2911382426962295;0.20272384756515044  -0.9777169436710255  0.054521735913028835  2.425325950478815  -0.49007972461194343  -0.1495033848320627  -0.8587610851965972  11.584440347364904  0.8477764476279478  0.14737135400865592  -0.5094671518998963  9.957745838753306  0.0  0.0  0.0  1.0
2318808360836;3.8885550361159975;0.3493184608550695;-0.4216633224629684  0.8637453081937326  -0.27594217702773366  2.9476157755705965  -0.8845838245123442  -0.3249634616705759  0.33452982825181854  15.243550452346184  0.19927744453551605  0.3851529451430829  0.9010803010536876  2.3658494274065753  0.0  0.0  0.0  1.0
2318808360867;3.4260014484993295;2.0797754701425504;0.8851944216753416  -0.0219165781808347  -0.4647047443653886  -0.9694657512387014  0.23847330330735425  0.8790493564466608  0.41279863437321473  1.7834830207826804  0.3994512729289224  -0.47622672387378234  0.7833561054998603  -2.371510074357333  0.0  0.0  0.0  1.0
2318808360898;3.99662055613861;1.9901276486798232;0.06280207599305598  0.9581992955507227  -0.2791236451056411  -10.235368402084667  0.6540208957864113  -0.2507675764647537  -0.713703222963672  10.418664328400263  -0.7538650854932213  -0.13773065236210646  -0.6424310860117264  11.354076403107518  0.0  0.0  0.0  1.0
2318808360929;3.423510523147215;1.1679437827920773;-0.12850722438471024  0.9881326109772725  -0.08414176373345252  0.9222376544738337  -0.7025417192178867  -0.030824835086182084  0.7109746565808697  7.522797943041784  0.6999435877549802  0.1504784790764051  0.6981655973302738  3.01799292217868  0.0  0.0  0.0  1.0
2318808360960;3.2303591939848126;0.13030595432542694;0.4976206523806597  -0.8641643411796551  -0.07479089354847264  5.4990867354081505  0.77067045230118  0.4800521122317845  -0.4190668484761077  2.850457274511495  0.39804615344723693  0.15089718677077713  0.9048697689449703  -6.7013389299152575  0.0  0.0  0.0  1.0
2318808360991;1.4400202981915988;1.9609000409094506;0.8892439731260356  -0.1818161838670542  -0.4197475807471004  2.3473893488825617  0.32894739695584346  0.8918119678941613  0.3105881903046514  1.4319185757607416  0.3178659564895189  -0.414263550417805  0.8528463780190652  1.3567008247942565  0.0  0.0  0.0  1.0
2318808361022;4.853359975936401;2.7733001360005303;0.36376336623315264  0.885372139646946  0.2894691481379588  -0.452803273522656  -0.43320156092432527  -0.1143112097196553  0.8940186546963984  23.362006052405842  0.824628777693002  -0.4506097221203945  0.3419623624481606  2.4706665884695016  0.0  0.0  0.0  1.0
2318808361053;1.3356595994763014;5.267191678658225;-0.17722675509370617  -0.8636760969960364  -0.4718625613000563  6.731655376241171  0.10753343403478204  -0.493575248188851  0.8630295678248817  9.338688104393482  -0.978277689535872  0.10221092824648453  0.18034879623482208  14.804120533198477  0.0  0.0  0.0  1.0
2318808361084;4.199949712177371;0.159320173378916;0.3240987036164064  0.9066053224566792  0.27023474907455014  -3.0680515325835946  -0.9179147572759264  0.3704809990719643  -0.1420434007679205  0.7229991571423363  -0.22889414297714483  -0.20201638205813788  0.9522588160216209  3.920957993270704  0.0  0.0  0.0  1.0
2318808361115;2.9319105454862306;2.7312617336197977;-0.15304258795074932  0.5708610133612998  0.806657095485713  9.813591445688303  0.9882115757965878  0.09169506213205475  0.12259648054582478  -2.397042994358594  -0.003980921370906992  0.8159103621138217  -0.5781647111856014  -8.575611304125413  0.0  0.0  0.0  1.0
2318808361146;2.1018359827685917;2.2243368803281585;0.5141018441320053  0.8205154434993212  0.24990738452311403  -5.141687076646768  0.8534609806725213  -0.46031950711179814  -0.24435692304874299  6.2965231665008226  -0.08546138502019039  0.33891054623818306  -0.9369290225619907  3.7482666310785193  0.0  0.0  0.0  1.0
2318808361177;2.9797821204083887;2.2944670208736486;-0.3359675016472702  -0.5633177780927793  -0.7548502624504453  22.84933058920018  -0.2857881440207458  0.8246204634384756  -0.488186673328648  9.156892960664555  0.89746920536254  0.0517123985435679  -0.4380352192036643  -13.292529439586401  0.0  0.0  0.0  1.0
2318808361208;2.047594508282059;0.7577423649063385;-0.22164210789146155  0.9638240330798821  -0.1480473210397961  1.3690301714197968  -0.9019732929550852  -0.14494218900313932  0.4067381720993705  23.26591508665674  0.37056572265279597  0.22368503549546792  0.9014688292393711  -6.516410852308733  0.0  0.0  0.0  1.0
2318808361239;2.8811770696532393;3.4081568763251986;0.2050081403495464  -0.9197672557058881  0.3346637980446644  17.243094515344737  0.46546667749030834  0.39240425580361493  0.793321922156034  2.065111648279476  -0.8609950258489033  -0.006862605807598745  0.5085670753253454  7.128999238503804  0.0  0.0  0.0  1.0
2318808361270;2.4139519301703216;3.826030906610284;-0.12284586745142939  -0.9923712254477584  0.01040402582756346  4.547532907030297  0.9837343709752066  -0.12037892731915018  0.13332517098997404  -9.909134782180974  -0.13105563784942958  0.02661324408646143  0.9910177369891388  4.734081170782798  0.0  0.0  0.0  1.0
2318808361301;3.633939948710988;3.530353988210887;-0.9754732194971887  0.09448180523344324  -0.19880942262282353  22.223728466740837  -0.039246731356478826  -0.9633761644050454  -0.26526601729972077  38.964390004786885  -0.21659107119552073  -0.25095727591774075  0.9434557507071137  6.6238592597808985  0.0  0.0  0.0  1.0
2318808361332;6.355512347551134;2.599632910104678;-0.6272644894046697  0.7605955418020378  -0.1674326196497061  0.032800651540890284  -0.7454924818447648  -0.6485985197609366  -0.15349566663868783  5.694341366482227  -0.22534466899581296  0.028537378204484026  0.9738610774645325  9.265442738019894  0.0  0.0  0.0  1.0
2318808361363;3.0049062450558113;5.137487584369899;0.9749296697782337  0.02646445917976493  0.22093386201854046  0.018495270701245656  -0.18568082145598014  0.6438997543477593  0.7422369829739883  -9.640919933910597  -0.12261635914321284  -0.7646520376950672  0.6326709173964336  5.418652147162361  0.0  0.0  0.0  1.0
2318808361394;4.888364505047668;2.5792593712479452;0.35521465984949335  0.8915428542060949  -0.28102292529624434  -4.865087741833464  0.3394740662131892  -0.403135450212474  -0.8498465550619528  6.69025518646719  -0.8709649268464786  0.20647795983115402  -0.44585529974115207  -3.1640979709312793  0.0  0.0  0.0  1.0
2318808361425;1.9513800093892786;2.6130174681564537;-0.30483756083676933  -0.9505233313371748  0.05982857249482537  2.047003283016466  0.5113416661981731  -0.21633939735671592  -0.8317012477813225  1.6723584905031683  0.8034947180366309  -0.22294093777279386  0.551990558209307  -1.9515560437951531  0.0  0.0  0.0  1.0
2318808361456;2.9799420916800283;4.467317600971157;0.41334624085025995  -0.024452900298631397  -0.9102455387651978  1.537386412226319  0.845175354896083  -0.36169757692484167  0.39351427207025086  -6.151031019622784  -0.33885617103904087  -0.9319747413496162  -0.12883934505839678  9.758814212337944  0.0  0.0  0.0  1.0
2318808361487;3.3327799764990607;1.8471396507579185;-0.3051357336164632  0.10472075927400887  -0.9465335422727597  7.293658382904958  -0.2308731777113254  -0.9724187113399039  -0.03315758811367542  17.24461221596272  -0.9238992152198299  0.20841164174084986  0.3208969113330101  4.652959191621761  0.0  0.0  0.0  1.0
2318808361518;4.4213036334582645;4.120658948867158;0.320820939691608  -0.6420726713700957  0.6962877345861135  3.9593826035035833  -0.9469333548107359  -0.23279008264735113  0.22164385614747667  8.161184863987625  0.019777416471258996  -0.7304460706313018  -0.6826839617985861  16.22109567327299  0.0  0.0  0.0  1.0
2318808361549;2.6879622013693756;2.7523318329699875;-0.572100206768495  -0.4007284754386258  0.7156242326724834  -1.179024531974459  -0.2114874975976498  -0.7709368883588096  -0.6007739612595742  5.284424783381108  0.7924483527494578  -0.49504848564587195  0.3563040907488986  -2.128468612100856  0.0  0.0  0.0  1.0
2318808361580;1.329810775815828;3.4751684009293644;-0.07679803295316917  0.3222001499522979  -0.9435513369739033  5.059320904096637  -0.9851416718652042  0.12128345048622789  0.12159856492897109  15.539905209678185  0.1536162377131873  0.938870272193593  0.30809846397211105  -5.135697793763968  0.0  0.0  0.0  1.0
2318808361611;3.0580385862811856;0.37838126343878653;-0.8434974221177376  0.5307031446870774  -0.08286296579279522  10.33879075692841  -0.2023571434694304  -0.4568738134865793  -0.8662089268976179  26.759651381983655  -0.4975577206391468  -0.7138770837962773  0.49276345629815077  11.972856853521218  0.0  0.0  0.0  1.0
2318808361642;5.3800009482235644;0.15438581580033886;0.06760990689089605  0.9927075978262396  0.09980243337845013  3.5357638126063162  -0.9228857494032849  0.02421759168222502  0.38431159467475023  7.173128018086926  0.37909206538589113  -0.11808951465379405  0.9177930444769619  5.745926724856955  0.0  0.0  0.0  1.0
2318808361673;3.504208192072817;5.308197398476671;-0.5185944656550523  0.7333388696566915  0.4396292556718646  9.98798558083492  -0.5494720377574421  0.10810143846900797  -0.8284893232405689  -8.683385395710658  -0.6550879787590634  -0.6712139608586654  0.3468883953576239  16.484522479340814  0.0  0.0  0.0  1.0
2318808361704;2.519718137010217;2.938954612243192;0.43162780980565707  0.06544300450859686  0.8996747450958369  2.672261006794761  0.8685988634775447  -0.29924817756269256  -0.3949513167352719  1.497828321519117  0.24337922706732662  0.9519284329119992  -0.1860075548084426  -3.627340051146191  0.0  0.0  0.0  1.0
2318808361735;5.251465982301738;7.15301628108345;-0.09622367187148914  -0.7049475874214454  -0.7027018599379486  10.362166031177958  0.899367595046855  0.24090721043426275  -0.36483098133302344  2.689476434547069  0.4264726649519326  -0.667092658443687  0.6108260399650063  2.782765049724406  0.0  0.0  0.0  1.0
2318808361766;5.291135375928377;0.07677293822194066;-0.9041882415662961  -0.2294630818899957  -0.36026423339376085  22.999225203355145  0.24163661621769006  -0.9702980185396712  0.011554259857419813  10.14054110207178  -0.35221494788852126  -0.07660580439844814  0.9327787418334277  5.507947151123326  0.0  0.0  0.0  1.0
2318808361797;3.384830345230238;0.038864546285566286;-0.6207086872285743  0.782868961584052  -0.04285924156221185  6.806098814110112  -0.7772810960942178  -0.6072737473726156  0.16447703002726985  17.129806993923072  0.1027366694688451  0.13540599964672442  0.9854493350782271  -6.949522442923244  0.0  0.0  0.0  1.0
2318808361828;1.4149627962549474;1.4466250061578876;0.5879087354680383  -0.8030048486105004  -0.09770635531223115  5.055266382086496  0.8052760176215135  0.5695071188389695  0.16490050647397064  -6.087607763000752  -0.07677144133080019  -0.17562703294129722  0.9814587566964939  -0.7129952896419932  0.0  0.0  0.0  1.0
2318808361859;2.242344127922003;4.367238945312424;0.9702723701420812  -0.2420144394615925  -0.0007340510602999972  -7.293905350467771  -0.07835299031165102  -0.3112563409201258  -0.947090438736574  0.24315360038486666  0.22898108360318817  0.9189931998274552  -0.32096598265673604  -0.9626176888398357  0.0  0.0  0.0  1.0
2318808361890;3.1043376176245805;3.3987754130679044;0.5174443134761765  0.18798677885293433  0.8348127654915607  -2.4153837517256687  -0.608573422852934  -0.6049876401721646  0.5134475087445454  -7.232034927650237  0.6015727482592886  -0.7737253558048965  -0.19864365667282963  7.690959079631539  0.0  0.0  0.0  1.0
2318808361921;2.582712583147148;2.007442998433231;-0.32704588967647796  0.9230876144373507  -0.20236166168047318  -2.920678042805138  0.2942468590134887  0.3029623903873961  0.906439504860336  0.7213942950680922  0.8980310529187827  0.23690303097072563  -0.37069823564520316  -9.479464383075664  0.0  0.0  0.0  1.0
2318808361952;1.429597864979908;0.08425643347983633;0.7529943411713544  0.6193745145889124  -0.2222042592788589  -2.7540921694369676  -0.5027185648668359  0.7593669960254597  0.41308087571987406  3.4405629768708414  0.4245863477576088  -0.19934135553120663  0.8831701179686929  -2.9630871759077597  0.0  0.0  0.0  1.0
2318808361983;3.430782124719056;1.9787503739245975;-0.622964662637738  -0.6472365650703562  -0.4393174910478487  11.088858444720392  0.3879876079341732  0.23200556461522787  -0.8919860055388135  -0.07867689085878515  0.6792500608716707  -0.7261255034933679  0.10658849835857485  -0.7573062292196997  0.0  0.0  0.0  1.0
2318808362014;3.6985124006147214;2.921073432436141;-0.47281736904868776  0.8811360740743895  -0.0065539675501606835  1.3677205530641023  0.843764909415506  0.4505951396917868  -0.29159011938881196  2.9804748898029088  -0.2539773871133402  -0.14339888092628433  -0.9565209081793088  16.326110712611907  0.0  0.0  0.0  1.0
2318808362045;2.2111434334810025;0.096510397668371;0.12287688686618908  0.9923337614398253  -0.0132278713616793  -3.8901013469163437  -0.9922851155067549  0.12262772548023976  -0.0182398050233204  17.70008146049491  -0.01647787054869243  0.015367070320343984  0.9997461342420636  3.3448032749140992  0.0  0.0  0.0  1.0
2318808362076;1.35138127439203;7.606827562415531;0.38261199986977357  -0.1539062358274474  -0.9109999605538297  -2.250296792033208  0.6643962941135008  0.7310160647185101  0.1555412404853124  6.3464460539840974  0.6420168392837521  -0.6647769428138206  0.3819502511835955  6.351348871494325  0.0  0.0  0.0  1.0
2318808362107;2.3703459450599085;2.9546057408413597;-0.3564644906567252  -0.7449819877961941  -0.5638571669847551  8.88714603063006  -0.2635019267019838  -0.498841983827956  0.8256654345404878  7.6355719957569494  -0.8963815044528666  0.44289785846154317  -0.018484735459148277  10.843241122466726  0.0  0.0  0.0  1.0
2318808362138;3.4849647346435484;0.12627194617654688;0.660458130569513  0.5297073328636426  -0.5321702728216888  0.6286513768200771  -0.7507252079069955  0.47941581322913607  -0.45450207946591914  4.479897830000941  0.014377759826310052  0.6996932324500023  0.7142987193646956  -7.580144434524583  0.0  0.0  0.0  1.0
2318808362169;3.48714335094723;3.4176164885787723;-0.24193451169814467  -0.8134931846910788  -0.5288634327598633  -0.6180567879602588  0.24823494731426726  -0.5788094638931601  0.7767618782095294  -1.2577516696631368  -0.9380016540397267  0.05664311934276922  0.34197142285556215  2.003011204226438  0.0  0.0  0.0  1.0
2318808362200;1.6972551672156184;2.749808640237478;0.8969633345142661  -0.3907454843729814  0.20682055743850397  -3.0047498205502476  0.4263924272693364  0.6409788994533111  -0.6382284453257986  -3.1232071295548054  0.11681726971819137  0.660654233996685  0.7415454865332544  -1.2259801796947207  0.0  0.0  0.0  1.0
2318808362231;2.3843011935207;3.060761863488433;0.24673621496695608  -0.8607482385228803  0.44523444397703543  7.587891349781447  0.8140762344450381  0.4333504831511298  0.3866358018400129  2.4572876025919617  -0.5257386467966456  0.2670577252813368  0.807637942788717  9.516010787893228  0.0  0.0  0.0  1.0
2318808362262;5.232306399155367;1.1122107724724257;0.9358441116567902  0.0433398032024124  -0.34973913154762865  -2.795063894331155  0.0663570058413181  0.9529873614636905  0.29565492836455287  -11.593667556033123  0.34611059858532006  -0.2998945653873204  0.8889717111348714  -0.08204326479327016  0.0  0.0  0.0  1.0
2318808362293;3.4552109610591604;2.1285468420278533;0.3087869261222266  0.951069032971244  0.010877903250568532  -5.09466375198818  -0.9030136673770979  0.28955467274189656  0.31737108882741183  8.543601703887331  0.29869206682828126  -0.10782293826674955  0.9482390327324506  6.93884144903921  0.0  0.0  0.0  1.0
2318808362324;3.901348001708932;3.70984639119077;-0.1742197913471066  0.9816791491521708  -0.07715900739926787  -2.954316848800731  -0.9817381433120216  -0.17924036120671363  -0.06374253588265749  17.057608369525653  -0.07640472674668516  0.06464472936254383  0.9949790835471909  -6.105656412973121  0.0  0.0  0.0  1.0
2318808362355;2.04977221751585;2.0359587544798514;0.4857990274885461  0.644811342346871  0.5900996845211918  -0.31136339474867986  0.8740374541067092  -0.35249181036188143  -0.3343771111282381  -6.339169610989504  -0.007604847785818061  0.6782093013286021  -0.7348294427154675  -0.5458991303600569  0.0  0.0  0.0  1.0
2318808362386;3.0729207631497046;2.143855231240387;-0.4027777399885444  -0.8970598944590028  -0.18180659482792175  14.285172644204492  0.43880549923267465  -0.014932671358343197  -0.898457984086773  4.040021850176435  0.8032557662493843  -0.44165660991239286  0.3996493624513977  -3.687722968288023  0.0  0.0  0.0  1.0
2318808362417;1.4050409535936035;2.9971789754497813;-0.9735724226417926  -0.04668582844877883  0.22355574538231487  8.526904887548183  0.19095723884586208  -0.7033372258898571  0.6847277412299901  10.57215855459638  0.1252679959277535  0.7093216337456595  0.6936647238375563  -3.6884165747102617  0.0  0.0  0.0  1.0
2318808362448;2.5537408364538483;0.1872530804104086;-0.044459641332162264  0.9681810990472971  -0.24626956722295854  2.58486600435319  -0.9507506742709321  0.03468708093892551  0.30800967807733726  20.988647533340657  0.3067515210491774  0.2478349569037915  0.9189566575581858  -5.070147481193814  0.0  0.0  0.0  1.0
2318808362479;3.2775968567417544;0.0313659802399007;0.27607099488765424  0.9611367800766072  0.000946449001811081  2.4143758190497393  -0.9562544215866354  0.27476748284076324  -0.10040075482465544  12.379113054406895  -0.09675891161929495  0.026812690229125913  0.9949466280484233  5.9443545917874046  0.0  0.0  0.0  1.0
2318808362510;1.7896114733317854;0.03685439097221097;-0.9388670043053945  0.34143593865162464  0.04416161255772705  11.070130068300442  -0.3436700496354429  -0.9370936881413108  -0.06120716158496268  25.14438681482748  0.020485243718024793  -0.07264240801900548  0.997147649722454  1.8772065443725312  0.0  0.0  0.0  1.0
2318808362541;4.507281674743628;4.109148602896657;0.5199638058097591  -0.8152252797310428  0.2550399653687132  8.660160723286257  -0.8239736074662686  -0.39998325158929043  0.40134884159180295  14.731207255651523  -0.22517800702300955  -0.4188330714443425  -0.8797009283942148  10.103087871195118  0.0  0.0  0.0  1.0
2318808362572;1.6524012560965744;1.210462758485396;-0.022285182651158003  0.913594900821953  0.40601444287898225  3.3916512651080177  -0.9663717198324159  -0.1237499029692071  0.22541441973230303  8.036080682734843  0.2561817123495421  -0.387337473925823  0.8856300647281685  0.1120209690086418  0.0  0.0  0.0  1.0
2318808362603;2.7922284303351215;3.04758962507126;-0.8656414040501846  0.49996466721587024  -0.026463014373817886  10.399964750327772  0.47676267731429867  0.8392995029536063  0.2612923532404496  3.123179687612952  0.15284733924451227  0.21356890194397188  -0.964896893459773  -1.955384951101229  0.0  0.0  0.0  1.0
2318808362634;4.154034979657225;1.8058536096532147;-0.9053807980768507  0.15571688517203275  -0.39501628086199825  11.7215865779881  -0.10246454603300142  0.8227022335082315  0.5591619191136132  1.2347323527570142  0.41205172888846875  0.5467296284754359  -0.7289033448044648  -2.8509844376991857  0.0  0.0  0.0  1.0
2318808362665;2.2058351322628655;3.8343805186298985;0.7853450883246048  -0.15489723462087107  -0.599366281126346  0.7174051151214221  0.6134118490642428  0.06424471121219108  0.7871458063845918  9.079868556073752  -0.08342059501110198  -0.9858394716119196  0.14547006750505317  12.73919159822736  0.0  0.0  0.0  1.0
2318808362696;1.9478287065829136;5.363039647540429;0.43967184211856836  -0.8633934093668418  0.24746816342707026  -0.7729135162698594  -0.37762618649053215  -0.4276943802799934  -0.8212648661385255  5.552690949074907  0.8149154155645132  0.2676365777296046  -0.5140851366617233  8.287072788845958  0.0  0.0  0.0  1.0
2318808362727;4.3430344902627;0.14923554426087013;-0.1087204089577562  0.9924076399202987  -0.05750607710391427  1.6239052069771847  -0.9745818842716091  -0.09501107640978691  0.20288678175044736  -5.212546840650516  0.19588267796223913  0.07810231486503287  0.9775121507618536  -3.9568093405054015  0.0  0.0  0.0  1.0
2318808362758;1.6605101549061114;0.11859426528319447;0.010642868962150664  -0.9605112460618461  0.2780375433803398  2.9572146331452  0.9953608268961425  -0.01641317488264133  -0.09480206733452855  -4.37580327116615  0.09562193064816848  0.27775664506720943  0.9558805848536343  2.6204479590070706  0.0  0.0  0.0  1.0
2318808362789;3.2529369529640206;2.6118831646368847;0.27568772556337284  -0.650221441804192  -0.7079607013046509  0.3795213545240885  0.9413309667837413  0.33176799299173776  0.06185474759645665  0.9719880049582056  0.1946594178242645  -0.6834779260841661  0.7035379418396752  6.59077826525874  0.0  0.0  0.0  1.0
2318808362820;2.400344764826293;1.9840674656097015;0.04099501479705191  0.6941622946189371  -0.718650205239768  5.204126394489079  -0.9543179656229032  -0.18585207492149952  -0.23395774562244215  20.809235365445716  -0.2959672773317205  0.6954119031025747  0.6548325402514014  -5.117029534582371  0.0  0.0  0.0  1.0
2318808362851;2.213741788563696;2.8091643901994052;-0.7467809204751255  -0.39744333740522286  0.5332513950910243  7.368628752761143  -0.206438198657319  -0.6236695897303504  -0.7539360138504452  6.904448819620522  0.6322195243342672  -0.673108487836675  0.3836970636488874  -0.4835061288891679  0.0  0.0  0.0  1.0
2318808362882;2.8118491113323465;1.5879341342728102;-0.042292039025336035  0.7060599538196892  -0.7068880569419865  4.708462256186701  0.5853785846699296  0.5908730248727377  0.5551585188822833  -5.835917006446531  0.809656282656356  -0.39031834454695974  -0.4383016014860218  2.2614518160308816  0.0  0.0  0.0  1.0
2318808362913;3.693761787700806;0.12604464635261192;0.03719097202252365  -0.9161258790917621  0.39916187851342655  8.813296053692385  0.9920790280357948  -0.014110614070846642  -0.12482024155599519  -6.171554377283529  0.11998347274342905  0.4006423145760956  0.9083444842346633  6.621005856438407  0.0  0.0  0.0  1.0
2318808362944;2.216755272952035;4.104781722029634;-0.8176696540448524  0.4433414295232151  0.3672393139663618  16.240585424741777  0.30837270090167324  0.8759777848139036  -0.37090321898189804  -10.562206313335361  -0.486130244063028  -0.1900297276239663  -0.8529748463034434  6.496417776686923  0.0  0.0  0.0  1.0
2318808362975;4.0877051608656085;2.089691771282915;-0.29231261883570975  0.7636091406545531  -0.5757207770944381  2.9287094590437053  0.8559944311714831  -0.05951024749911432  -0.513548502330601  9.00969219175736  -0.4264116164843755  -0.6429304867179724  -0.6362495756979119  16.754478253017673  0.0  0.0  0.0  1.0
2318808363006;1.8159881834797982;3.9932443647397293;-0.4083685913906536  -0.8410176466576642  -0.3548582978824325  15.947995280322246  0.01839480048991493  0.38108974135579876  -0.9243550402027924  8.932453086154352  0.9126317575454788  -0.3840051133042037  -0.14015472905213106  -2.279242551611752  0.0  0.0  0.0  1.0
2318808363037;2.514235334584633;1.1963346374784825;-0.6973772648247157  -0.7163611027758919  -0.02217478151654642  9.416589749911932  -0.6287366447941397  0.5966373675439816  0.49871242529457394  5.381291343427664  -0.34402787968216536  0.3617328048157868  -0.8664838116903845  4.890346535844375  0.0  0.0  0.0  1.0
2318808363068;1.8909816795339536;4.428811375596078;0.24367025088355074  -0.8771811929569299  0.41373658716265904  3.0286135936801193  0.9584992250082789  0.15270635472650662  -0.24074884191761114  -5.734136758680524  0.14800015031369426  0.4552295288629675  0.8779874894087752  8.836286492277607  0.0  0.0  0.0  1.0
2318808363099;3.0749693121327226;2.09934839679891;-0.8563057616372678  0.030115027286399476  -0.5155904651158302  19.45561385658382  -0.05506767434015028  0.9872839611224521  0.14912387921834366  -3.6751032708561677  0.5135250664082388  0.15608800479825286  -0.8437585797658682  0.03684012479318444  0.0  0.0  0.0  1.0
