timestamp, memory.used [MiB]
2023/10/20 12:32:24.017, 16 MiB
2023/10/20 12:32:24.018, 16 MiB
2023/10/20 12:32:24.019, 16 MiB
2023/10/20 12:32:24.020, 16 MiB
2023/10/20 12:32:24.021, 16 MiB
2023/10/20 12:32:24.022, 16 MiB
2023/10/20 12:32:24.023, 16 MiB
2023/10/20 12:32:24.024, 16 MiB
2023/10/20 12:32:24.026, 16 MiB
2023/10/20 12:32:24.027, 16 MiB
2023/10/20 12:32:24.028, 16 MiB
2023/10/20 12:32:24.029, 16 MiB
2023/10/20 12:32:24.030, 16 MiB
2023/10/20 12:32:24.031, 16 MiB
2023/10/20 12:32:24.032, 16 MiB
2023/10/20 12:32:24.033, 16 MiB
2023/10/20 12:32:24.034, 16 MiB
2023/10/20 12:32:24.035, 16 MiB
2023/10/20 12:32:24.036, 16 MiB
2023/10/20 12:32:24.037, 16 MiB
2023/10/20 12:32:24.039, 16 MiB
2023/10/20 12:32:24.040, 16 MiB
2023/10/20 12:32:24.041, 16 MiB
2023/10/20 12:32:24.042, 16 MiB
2023/10/20 12:32:24.043, 16 MiB
2023/10/20 12:32:24.044, 16 MiB
2023/10/20 12:32:24.045, 16 MiB
2023/10/20 12:32:24.046, 16 MiB
2023/10/20 12:32:24.047, 16 MiB
2023/10/20 12:32:24.048, 16 MiB
2023/10/20 12:32:24.049, 16 MiB
2023/10/20 12:32:24.051, 16 MiB
2023/10/20 12:32:24.052, 16 MiB
2023/10/20 12:32:24.053, 16 MiB
2023/10/20 12:32:24.054, 16 MiB
2023/10/20 12:32:24.055, 16 MiB
2023/10/20 12:32:24.056, 16 MiB
2023/10/20 12:32:24.057, 16 MiB
2023/10/20 12:32:24.058, 16 MiB
2023/10/20 12:32:24.059, 16 MiB
2023/10/20 12:32:24.060, 16 MiB
2023/10/20 12:32:24.061, 16 MiB
2023/10/20 12:32:24.062, 16 MiB
2023/10/20 12:32:24.064, 16 MiB
2023/10/20 12:32:24.065, 16 MiB
2023/10/20 12:32:24.066, 16 MiB
2023/10/20 12:32:24.067, 16 MiB
2023/10/20 12:32:24.068, 16 MiB
2023/10/20 12:32:24.069, 16 MiB
2023/10/20 12:32:24.070, 16 MiB
2023/10/20 12:32:24.071, 16 MiB
2023/10/20 12:32:24.072, 16 MiB
2023/10/20 12:32:24.073, 16 MiB
2023/10/20 12:32:24.074, 16 MiB
2023/10/20 12:32:24.076, 16 MiB
2023/10/20 12:32:24.077, 16 MiB
2023/10/20 12:32:24.078, 16 MiB
2023/10/20 12:32:24.079, 16 MiB
2023/10/20 12:32:24.080, 16 MiB
2023/10/20 12:32:24.081, 16 MiB
2023/10/20 12:32:24.082, 16 MiB
2023/10/20 12:32:24.083, 16 MiB
2023/10/20 12:32:24.084, 16 MiB
2023/10/20 12:32:24.085, 16 MiB
2023/10/20 12:32:24.086, 16 MiB
2023/10/20 12:32:24.087, 16 MiB
2023/10/20 12:32:24.089, 16 MiB
2023/10/20 12:32:24.090, 16 MiB
2023/10/20 12:32:24.091, 16 MiB
2023/10/20 12:32:24.092, 16 MiB
2023/10/20 12:32:24.093, 16 MiB
2023/10/20 12:32:24.094, 16 MiB
2023/10/20 12:32:24.095, 16 MiB
2023/10/20 12:32:24.096, 16 MiB
2023/10/20 12:32:24.097, 16 MiB
2023/10/20 12:32:24.098, 16 MiB
2023/10/20 12:32:24.099, 16 MiB
2023/10/20 12:32:24.100, 16 MiB
2023/10/20 12:32:24.102, 16 MiB
2023/10/20 12:32:24.103, 16 MiB
2023/10/20 12:32:24.104, 16 MiB
2023/10/20 12:32:24.105, 16 MiB
2023/10/20 12:32:24.106, 16 MiB
2023/10/20 12:32:24.107, 16 MiB
2023/10/20 12:32:24.108, 16 MiB
2023/10/20 12:32:24.109, 16 MiB
2023/10/20 12:32:24.110, 16 MiB
2023/10/20 12:32:24.111, 16 MiB
2023/10/20 12:32:24.112, 16 MiB
2023/10/20 12:32:24.113, 16 MiB
2023/10/20 12:32:24.114, 16 MiB
2023/10/20 12:32:24.116, 16 MiB
2023/10/20 12:32:24.117, 16 MiB
2023/10/20 12:32:24.118, 16 MiB
2023/10/20 12:32:24.119, 16 MiB
2023/10/20 12:32:24.120, 16 MiB
2023/10/20 12:32:24.121, 16 MiB
2023/10/20 12:32:24.122, 16 MiB
2023/10/20 12:32:24.123, 16 MiB
2023/10/20 12:32:24.124, 16 MiB
2023/10/20 12:32:24.125, 16 MiB
2023/10/20 12:32:24.126, 16 MiB
2023/10/20 12:32:24.127, 16 MiB
2023/10/20 12:32:24.128, 16 MiB
2023/10/20 12:32:24.129, 16 MiB
2023/10/20 12:32:24.130, 16 MiB
2023/10/20 12:32:24.132, 16 MiB
2023/10/20 12:32:24.133, 16 MiB
2023/10/20 12:32:24.134, 16 MiB
2023/10/20 12:32:24.135, 16 MiB
2023/10/20 12:32:24.136, 16 MiB
2023/10/20 12:32:24.137, 16 MiB
2023/10/20 12:32:24.138, 16 MiB
2023/10/20 12:32:24.139, 16 MiB
2023/10/20 12:32:24.140, 16 MiB
2023/10/20 12:32:24.141, 16 MiB
2023/10/20 12:32:24.142, 16 MiB
2023/10/20 12:32:24.143, 16 MiB
2023/10/20 12:32:24.144, 16 MiB
2023/10/20 12:32:24.145, 16 MiB
2023/10/20 12:32:24.147, 16 MiB
2023/10/20 12:32:24.148, 16 MiB
2023/10/20 12:32:24.149, 16 MiB
2023/10/20 12:32:24.150, 16 MiB
2023/10/20 12:32:24.151, 16 MiB
2023/10/20 12:32:24.152, 16 MiB
2023/10/20 12:32:24.153, 16 MiB
2023/10/20 12:32:24.154, 16 MiB
2023/10/20 12:32:24.155, 16 MiB
2023/10/20 12:32:24.156, 16 MiB
2023/10/20 12:32:24.157, 16 MiB
2023/10/20 12:32:24.158, 16 MiB
2023/10/20 12:32:24.159, 16 MiB
2023/10/20 12:32:24.160, 16 MiB
2023/10/20 12:32:24.162, 16 MiB
2023/10/20 12:32:24.163, 16 MiB
2023/10/20 12:32:24.164, 16 MiB
2023/10/20 12:32:24.165, 16 MiB
2023/10/20 12:32:24.166, 16 MiB
2023/10/20 12:32:24.167, 16 MiB
2023/10/20 12:32:24.168, 16 MiB
2023/10/20 12:32:24.169, 16 MiB
2023/10/20 12:32:24.170, 16 MiB
2023/10/20 12:32:24.171, 16 MiB
2023/10/20 12:32:24.172, 16 MiB
2023/10/20 12:32:24.173, 16 MiB
2023/10/20 12:32:24.174, 16 MiB
2023/10/20 12:32:24.175, 16 MiB
2023/10/20 12:32:24.177, 16 MiB
2023/10/20 12:32:24.178, 16 MiB
2023/10/20 12:32:24.179, 16 MiB
2023/10/20 12:32:24.180, 16 MiB
2023/10/20 12:32:24.181, 16 MiB
2023/10/20 12:32:24.182, 16 MiB
2023/10/20 12:32:24.183, 16 MiB
2023/10/20 12:32:24.184, 16 MiB
2023/10/20 12:32:24.185, 16 MiB
2023/10/20 12:32:24.186, 16 MiB
2023/10/20 12:32:24.187, 16 MiB
2023/10/20 12:32:24.188, 16 MiB
2023/10/20 12:32:24.189, 16 MiB
2023/10/20 12:32:24.190, 16 MiB
2023/10/20 12:32:24.192, 16 MiB
2023/10/20 12:32:24.193, 16 MiB
2023/10/20 12:32:24.194, 16 MiB
2023/10/20 12:32:24.195, 16 MiB
2023/10/20 12:32:24.196, 16 MiB
2023/10/20 12:32:24.197, 16 MiB
2023/10/20 12:32:24.198, 16 MiB
2023/10/20 12:32:24.199, 16 MiB
2023/10/20 12:32:24.200, 16 MiB
2023/10/20 12:32:24.201, 16 MiB
2023/10/20 12:32:24.202, 16 MiB
2023/10/20 12:32:24.203, 16 MiB
2023/10/20 12:32:24.204, 16 MiB
2023/10/20 12:32:24.205, 16 MiB
2023/10/20 12:32:24.207, 16 MiB
2023/10/20 12:32:24.208, 16 MiB
2023/10/20 12:32:24.209, 16 MiB
2023/10/20 12:32:24.210, 16 MiB
2023/10/20 12:32:24.211, 16 MiB
2023/10/20 12:32:24.212, 16 MiB
2023/10/20 12:32:24.213, 16 MiB
2023/10/20 12:32:24.214, 16 MiB
2023/10/20 12:32:24.215, 16 MiB
2023/10/20 12:32:24.216, 16 MiB
2023/10/20 12:32:24.217, 16 MiB
2023/10/20 12:32:24.218, 16 MiB
2023/10/20 12:32:24.219, 16 MiB
2023/10/20 12:32:24.220, 16 MiB
2023/10/20 12:32:24.221, 16 MiB
2023/10/20 12:32:24.223, 16 MiB
2023/10/20 12:32:24.224, 16 MiB
2023/10/20 12:32:24.225, 16 MiB
2023/10/20 12:32:24.226, 16 MiB
2023/10/20 12:32:24.227, 16 MiB
2023/10/20 12:32:24.228, 16 MiB
2023/10/20 12:32:24.229, 16 MiB
2023/10/20 12:32:24.230, 16 MiB
2023/10/20 12:32:24.231, 16 MiB
2023/10/20 12:32:24.232, 16 MiB
2023/10/20 12:32:24.233, 16 MiB
2023/10/20 12:32:24.234, 16 MiB
2023/10/20 12:32:24.235, 16 MiB
2023/10/20 12:32:24.236, 16 MiB
2023/10/20 12:32:24.238, 16 MiB
2023/10/20 12:32:24.239, 16 MiB
2023/10/20 12:32:24.240, 16 MiB
2023/10/20 12:32:24.241, 16 MiB
2023/10/20 12:32:24.242, 16 MiB
2023/10/20 12:32:24.243, 16 MiB
2023/10/20 12:32:24.244, 16 MiB
2023/10/20 12:32:24.245, 16 MiB
2023/10/20 12:32:24.246, 16 MiB
2023/10/20 12:32:24.247, 16 MiB
2023/10/20 12:32:24.248, 16 MiB
2023/10/20 12:32:24.249, 16 MiB
2023/10/20 12:32:24.250, 16 MiB
2023/10/20 12:32:24.251, 16 MiB
2023/10/20 12:32:24.252, 16 MiB
2023/10/20 12:32:24.254, 16 MiB
2023/10/20 12:32:24.255, 16 MiB
2023/10/20 12:32:24.256, 16 MiB
2023/10/20 12:32:24.257, 16 MiB
2023/10/20 12:32:24.258, 16 MiB
2023/10/20 12:32:24.259, 16 MiB
2023/10/20 12:32:24.260, 16 MiB
2023/10/20 12:32:24.261, 16 MiB
2023/10/20 12:32:24.262, 16 MiB
2023/10/20 12:32:24.263, 16 MiB
2023/10/20 12:32:24.264, 16 MiB
2023/10/20 12:32:24.265, 16 MiB
2023/10/20 12:32:24.266, 16 MiB
2023/10/20 12:32:24.267, 16 MiB
2023/10/20 12:32:24.269, 16 MiB
2023/10/20 12:32:24.270, 16 MiB
2023/10/20 12:32:24.271, 16 MiB
2023/10/20 12:32:24.272, 16 MiB
2023/10/20 12:32:24.273, 16 MiB
2023/10/20 12:32:24.274, 16 MiB
2023/10/20 12:32:24.275, 16 MiB
2023/10/20 12:32:24.276, 16 MiB
2023/10/20 12:32:24.277, 16 MiB
2023/10/20 12:32:24.278, 16 MiB
2023/10/20 12:32:24.279, 16 MiB
2023/10/20 12:32:24.280, 16 MiB
2023/10/20 12:32:24.281, 16 MiB
2023/10/20 12:32:24.282, 16 MiB
2023/10/20 12:32:24.284, 16 MiB
2023/10/20 12:32:24.285, 16 MiB
2023/10/20 12:32:24.286, 16 MiB
2023/10/20 12:32:24.287, 16 MiB
2023/10/20 12:32:24.288, 16 MiB
2023/10/20 12:32:24.289, 16 MiB
2023/10/20 12:32:24.290, 16 MiB
2023/10/20 12:32:24.291, 16 MiB
2023/10/20 12:32:24.292, 16 MiB
2023/10/20 12:32:24.293, 16 MiB
2023/10/20 12:32:24.294, 16 MiB
2023/10/20 12:32:24.295, 16 MiB
2023/10/20 12:32:24.296, 16 MiB
2023/10/20 12:32:24.297, 16 MiB
2023/10/20 12:32:24.299, 16 MiB
2023/10/20 12:32:24.300, 16 MiB
2023/10/20 12:32:24.301, 16 MiB
2023/10/20 12:32:24.302, 16 MiB
2023/10/20 12:32:24.303, 16 MiB
2023/10/20 12:32:24.304, 16 MiB
2023/10/20 12:32:24.305, 16 MiB
2023/10/20 12:32:24.306, 16 MiB
2023/10/20 12:32:24.307, 16 MiB
2023/10/20 12:32:24.308, 16 MiB
2023/10/20 12:32:24.309, 16 MiB
2023/10/20 12:32:24.310, 16 MiB
2023/10/20 12:32:24.311, 16 MiB
2023/10/20 12:32:24.313, 16 MiB
2023/10/20 12:32:24.314, 16 MiB
2023/10/20 12:32:24.315, 16 MiB
2023/10/20 12:32:24.316, 16 MiB
2023/10/20 12:32:24.317, 16 MiB
2023/10/20 12:32:24.318, 16 MiB
2023/10/20 12:32:24.319, 16 MiB
2023/10/20 12:32:24.320, 16 MiB
2023/10/20 12:32:24.321, 16 MiB
2023/10/20 12:32:24.322, 16 MiB
2023/10/20 12:32:24.323, 16 MiB
2023/10/20 12:32:24.324, 16 MiB
2023/10/20 12:32:24.325, 16 MiB
2023/10/20 12:32:24.326, 16 MiB
2023/10/20 12:32:24.328, 16 MiB
2023/10/20 12:32:24.329, 16 MiB
2023/10/20 12:32:24.330, 16 MiB
2023/10/20 12:32:24.331, 16 MiB
2023/10/20 12:32:24.332, 16 MiB
2023/10/20 12:32:24.333, 16 MiB
2023/10/20 12:32:24.334, 16 MiB
2023/10/20 12:32:24.335, 16 MiB
2023/10/20 12:32:24.336, 16 MiB
2023/10/20 12:32:24.337, 16 MiB
2023/10/20 12:32:24.338, 16 MiB
2023/10/20 12:32:24.339, 16 MiB
2023/10/20 12:32:24.340, 16 MiB
2023/10/20 12:32:24.341, 16 MiB
2023/10/20 12:32:24.343, 16 MiB
2023/10/20 12:32:24.344, 16 MiB
2023/10/20 12:32:24.345, 16 MiB
2023/10/20 12:32:24.346, 16 MiB
2023/10/20 12:32:24.347, 16 MiB
2023/10/20 12:32:24.348, 16 MiB
2023/10/20 12:32:24.349, 16 MiB
2023/10/20 12:32:24.350, 16 MiB
2023/10/20 12:32:24.351, 16 MiB
2023/10/20 12:32:24.352, 16 MiB
2023/10/20 12:32:24.353, 16 MiB
2023/10/20 12:32:24.354, 16 MiB
2023/10/20 12:32:24.355, 16 MiB
2023/10/20 12:32:24.356, 16 MiB
2023/10/20 12:32:24.358, 16 MiB
2023/10/20 12:32:24.359, 16 MiB
2023/10/20 12:32:24.360, 16 MiB
2023/10/20 12:32:24.361, 16 MiB
2023/10/20 12:32:24.362, 16 MiB
2023/10/20 12:32:24.363, 16 MiB
2023/10/20 12:32:24.364, 16 MiB
2023/10/20 12:32:24.365, 16 MiB
2023/10/20 12:32:24.366, 16 MiB
2023/10/20 12:32:24.367, 16 MiB
2023/10/20 12:32:24.368, 16 MiB
2023/10/20 12:32:24.369, 16 MiB
2023/10/20 12:32:24.370, 16 MiB
2023/10/20 12:32:24.371, 16 MiB
2023/10/20 12:32:24.373, 16 MiB
2023/10/20 12:32:24.374, 16 MiB
2023/10/20 12:32:24.375, 16 MiB
2023/10/20 12:32:24.376, 16 MiB
2023/10/20 12:32:24.377, 16 MiB
2023/10/20 12:32:24.378, 16 MiB
2023/10/20 12:32:24.379, 16 MiB
2023/10/20 12:32:24.380, 16 MiB
2023/10/20 12:32:24.381, 16 MiB
2023/10/20 12:32:24.382, 16 MiB
2023/10/20 12:32:24.383, 16 MiB
2023/10/20 12:32:24.384, 16 MiB
2023/10/20 12:32:24.385, 16 MiB
2023/10/20 12:32:24.387, 16 MiB
2023/10/20 12:32:24.388, 16 MiB
2023/10/20 12:32:24.389, 16 MiB
2023/10/20 12:32:24.390, 16 MiB
2023/10/20 12:32:24.391, 16 MiB
2023/10/20 12:32:24.392, 16 MiB
2023/10/20 12:32:24.393, 16 MiB
2023/10/20 12:32:24.394, 16 MiB
2023/10/20 12:32:24.395, 16 MiB
2023/10/20 12:32:24.396, 16 MiB
2023/10/20 12:32:24.397, 16 MiB
2023/10/20 12:32:24.398, 16 MiB
2023/10/20 12:32:24.399, 16 MiB
2023/10/20 12:32:24.400, 16 MiB
2023/10/20 12:32:24.402, 16 MiB
2023/10/20 12:32:24.403, 16 MiB
2023/10/20 12:32:24.404, 16 MiB
2023/10/20 12:32:24.405, 16 MiB
2023/10/20 12:32:24.406, 16 MiB
2023/10/20 12:32:24.407, 16 MiB
2023/10/20 12:32:24.408, 16 MiB
2023/10/20 12:32:24.409, 16 MiB
2023/10/20 12:32:24.410, 16 MiB
2023/10/20 12:32:24.411, 16 MiB
2023/10/20 12:32:24.412, 16 MiB
2023/10/20 12:32:24.413, 16 MiB
2023/10/20 12:32:24.414, 16 MiB
2023/10/20 12:32:24.415, 16 MiB
2023/10/20 12:32:24.417, 16 MiB
2023/10/20 12:32:24.418, 16 MiB
2023/10/20 12:32:24.419, 16 MiB
2023/10/20 12:32:24.420, 16 MiB
2023/10/20 12:32:24.421, 16 MiB
2023/10/20 12:32:24.422, 16 MiB
2023/10/20 12:32:24.423, 16 MiB
2023/10/20 12:32:24.424, 16 MiB
2023/10/20 12:32:24.425, 16 MiB
2023/10/20 12:32:24.426, 16 MiB
2023/10/20 12:32:24.427, 16 MiB
2023/10/20 12:32:24.428, 16 MiB
2023/10/20 12:32:24.429, 16 MiB
2023/10/20 12:32:24.430, 16 MiB
2023/10/20 12:32:24.432, 16 MiB
2023/10/20 12:32:24.433, 16 MiB
2023/10/20 12:32:24.434, 16 MiB
2023/10/20 12:32:24.435, 16 MiB
2023/10/20 12:32:24.436, 16 MiB
2023/10/20 12:32:24.437, 16 MiB
2023/10/20 12:32:24.438, 16 MiB
2023/10/20 12:32:24.439, 16 MiB
2023/10/20 12:32:24.440, 16 MiB
2023/10/20 12:32:24.441, 16 MiB
2023/10/20 12:32:24.442, 16 MiB
2023/10/20 12:32:24.443, 16 MiB
2023/10/20 12:32:24.444, 16 MiB
2023/10/20 12:32:24.445, 16 MiB
2023/10/20 12:32:24.447, 16 MiB
2023/10/20 12:32:24.448, 16 MiB
2023/10/20 12:32:24.449, 16 MiB
2023/10/20 12:32:24.450, 16 MiB
2023/10/20 12:32:24.451, 16 MiB
2023/10/20 12:32:24.452, 16 MiB
2023/10/20 12:32:24.453, 16 MiB
2023/10/20 12:32:24.454, 16 MiB
2023/10/20 12:32:24.455, 16 MiB
2023/10/20 12:32:24.456, 16 MiB
2023/10/20 12:32:24.457, 16 MiB
2023/10/20 12:32:24.458, 16 MiB
2023/10/20 12:32:24.459, 16 MiB
2023/10/20 12:32:24.460, 16 MiB
2023/10/20 12:32:24.462, 16 MiB
2023/10/20 12:32:24.463, 16 MiB
2023/10/20 12:32:24.464, 16 MiB
2023/10/20 12:32:24.465, 16 MiB
2023/10/20 12:32:24.466, 16 MiB
2023/10/20 12:32:24.467, 16 MiB
2023/10/20 12:32:24.468, 16 MiB
2023/10/20 12:32:24.469, 16 MiB
2023/10/20 12:32:24.470, 16 MiB
2023/10/20 12:32:24.471, 16 MiB
2023/10/20 12:32:24.472, 16 MiB
2023/10/20 12:32:24.473, 16 MiB
2023/10/20 12:32:24.474, 16 MiB
2023/10/20 12:32:24.475, 16 MiB
2023/10/20 12:32:24.477, 16 MiB
2023/10/20 12:32:24.478, 16 MiB
2023/10/20 12:32:24.479, 16 MiB
2023/10/20 12:32:24.480, 16 MiB
2023/10/20 12:32:24.481, 16 MiB
2023/10/20 12:32:24.482, 16 MiB
2023/10/20 12:32:24.483, 16 MiB
2023/10/20 12:32:24.484, 16 MiB
2023/10/20 12:32:24.485, 16 MiB
2023/10/20 12:32:24.486, 16 MiB
2023/10/20 12:32:24.487, 16 MiB
2023/10/20 12:32:24.488, 16 MiB
2023/10/20 12:32:24.489, 16 MiB
2023/10/20 12:32:24.490, 16 MiB
2023/10/20 12:32:24.491, 16 MiB
2023/10/20 12:32:24.493, 16 MiB
2023/10/20 12:32:24.494, 16 MiB
2023/10/20 12:32:24.495, 16 MiB
2023/10/20 12:32:24.496, 16 MiB
2023/10/20 12:32:24.497, 16 MiB
2023/10/20 12:32:24.498, 16 MiB
2023/10/20 12:32:24.499, 16 MiB
2023/10/20 12:32:24.500, 16 MiB
2023/10/20 12:32:24.501, 16 MiB
2023/10/20 12:32:24.502, 16 MiB
2023/10/20 12:32:24.503, 16 MiB
2023/10/20 12:32:24.504, 16 MiB
2023/10/20 12:32:24.505, 16 MiB
2023/10/20 12:32:24.506, 16 MiB
2023/10/20 12:32:24.508, 16 MiB
2023/10/20 12:32:24.509, 16 MiB
2023/10/20 12:32:24.510, 16 MiB
2023/10/20 12:32:24.511, 16 MiB
2023/10/20 12:32:24.512, 16 MiB
2023/10/20 12:32:24.513, 16 MiB
2023/10/20 12:32:24.514, 16 MiB
2023/10/20 12:32:24.515, 16 MiB
2023/10/20 12:32:24.516, 16 MiB
2023/10/20 12:32:24.517, 16 MiB
2023/10/20 12:32:24.518, 16 MiB
2023/10/20 12:32:24.519, 16 MiB
2023/10/20 12:32:24.520, 16 MiB
2023/10/20 12:32:24.521, 16 MiB
2023/10/20 12:32:24.523, 16 MiB
2023/10/20 12:32:24.524, 16 MiB
2023/10/20 12:32:24.525, 16 MiB
2023/10/20 12:32:24.526, 16 MiB
2023/10/20 12:32:24.527, 16 MiB
2023/10/20 12:32:24.528, 16 MiB
2023/10/20 12:32:24.529, 16 MiB
2023/10/20 12:32:24.530, 16 MiB
2023/10/20 12:32:24.531, 16 MiB
2023/10/20 12:32:24.532, 16 MiB
2023/10/20 12:32:24.533, 16 MiB
2023/10/20 12:32:24.534, 16 MiB
2023/10/20 12:32:24.535, 16 MiB
2023/10/20 12:32:24.536, 16 MiB
2023/10/20 12:32:24.538, 16 MiB
2023/10/20 12:32:24.539, 16 MiB
2023/10/20 12:32:24.540, 16 MiB
2023/10/20 12:32:24.541, 16 MiB
2023/10/20 12:32:24.542, 16 MiB
2023/10/20 12:32:24.543, 16 MiB
2023/10/20 12:32:24.544, 16 MiB
2023/10/20 12:32:24.545, 16 MiB
2023/10/20 12:32:24.546, 16 MiB
2023/10/20 12:32:24.547, 16 MiB
2023/10/20 12:32:24.548, 16 MiB
2023/10/20 12:32:24.549, 16 MiB
2023/10/20 12:32:24.550, 16 MiB
2023/10/20 12:32:24.551, 16 MiB
2023/10/20 12:32:24.553, 16 MiB
2023/10/20 12:32:24.554, 16 MiB
2023/10/20 12:32:24.555, 16 MiB
2023/10/20 12:32:24.556, 16 MiB
2023/10/20 12:32:24.557, 16 MiB
2023/10/20 12:32:24.558, 16 MiB
2023/10/20 12:32:24.559, 16 MiB
2023/10/20 12:32:24.560, 16 MiB
2023/10/20 12:32:24.561, 16 MiB
2023/10/20 12:32:24.562, 16 MiB
2023/10/20 12:32:24.563, 16 MiB
2023/10/20 12:32:24.564, 16 MiB
2023/10/20 12:32:24.565, 16 MiB
2023/10/20 12:32:24.566, 16 MiB
2023/10/20 12:32:24.567, 16 MiB
2023/10/20 12:32:24.569, 16 MiB
2023/10/20 12:32:24.570, 16 MiB
2023/10/20 12:32:24.571, 16 MiB
2023/10/20 12:32:24.572, 16 MiB
2023/10/20 12:32:24.573, 16 MiB
2023/10/20 12:32:24.574, 16 MiB
2023/10/20 12:32:24.575, 16 MiB
2023/10/20 12:32:24.576, 16 MiB
2023/10/20 12:32:24.577, 16 MiB
2023/10/20 12:32:24.578, 16 MiB
2023/10/20 12:32:24.579, 16 MiB
2023/10/20 12:32:24.580, 16 MiB
2023/10/20 12:32:24.581, 16 MiB
2023/10/20 12:32:24.582, 16 MiB
2023/10/20 12:32:24.584, 16 MiB
2023/10/20 12:32:24.585, 16 MiB
2023/10/20 12:32:24.586, 16 MiB
2023/10/20 12:32:24.587, 16 MiB
2023/10/20 12:32:24.588, 16 MiB
2023/10/20 12:32:24.589, 16 MiB
2023/10/20 12:32:24.590, 16 MiB
2023/10/20 12:32:24.591, 16 MiB
2023/10/20 12:32:24.592, 16 MiB
2023/10/20 12:32:24.593, 16 MiB
2023/10/20 12:32:24.594, 16 MiB
2023/10/20 12:32:24.595, 16 MiB
2023/10/20 12:32:24.597, 16 MiB
2023/10/20 12:32:24.598, 16 MiB
2023/10/20 12:32:24.599, 16 MiB
2023/10/20 12:32:24.600, 16 MiB
2023/10/20 12:32:24.601, 16 MiB
2023/10/20 12:32:24.602, 16 MiB
2023/10/20 12:32:24.603, 16 MiB
2023/10/20 12:32:24.604, 16 MiB
2023/10/20 12:32:24.605, 16 MiB
2023/10/20 12:32:24.606, 16 MiB
2023/10/20 12:32:24.607, 16 MiB
2023/10/20 12:32:24.609, 16 MiB
2023/10/20 12:32:24.610, 16 MiB
2023/10/20 12:32:24.611, 16 MiB
2023/10/20 12:32:24.612, 16 MiB
2023/10/20 12:32:24.613, 16 MiB
2023/10/20 12:32:24.614, 16 MiB
2023/10/20 12:32:24.615, 16 MiB
2023/10/20 12:32:24.616, 16 MiB
2023/10/20 12:32:24.617, 16 MiB
2023/10/20 12:32:24.618, 16 MiB
2023/10/20 12:32:24.619, 16 MiB
2023/10/20 12:32:24.621, 16 MiB
2023/10/20 12:32:24.622, 16 MiB
2023/10/20 12:32:24.623, 16 MiB
2023/10/20 12:32:24.624, 16 MiB
2023/10/20 12:32:24.625, 16 MiB
2023/10/20 12:32:24.626, 16 MiB
2023/10/20 12:32:24.627, 16 MiB
2023/10/20 12:32:24.628, 16 MiB
2023/10/20 12:32:24.629, 16 MiB
2023/10/20 12:32:24.630, 16 MiB
2023/10/20 12:32:24.631, 16 MiB
2023/10/20 12:32:24.633, 16 MiB
2023/10/20 12:32:24.634, 16 MiB
2023/10/20 12:32:24.635, 16 MiB
2023/10/20 12:32:24.636, 16 MiB
2023/10/20 12:32:24.637, 16 MiB
2023/10/20 12:32:24.638, 16 MiB
2023/10/20 12:32:24.641, 16 MiB
2023/10/20 12:32:24.642, 16 MiB
2023/10/20 12:32:24.643, 18 MiB
2023/10/20 12:32:24.644, 18 MiB
2023/10/20 12:32:24.645, 18 MiB
2023/10/20 12:32:24.646, 18 MiB
2023/10/20 12:32:24.648, 18 MiB
2023/10/20 12:32:24.649, 18 MiB
2023/10/20 12:32:24.650, 18 MiB
2023/10/20 12:32:24.651, 18 MiB
2023/10/20 12:32:24.652, 18 MiB
2023/10/20 12:32:24.653, 18 MiB
2023/10/20 12:32:24.654, 18 MiB
2023/10/20 12:32:24.655, 18 MiB
2023/10/20 12:32:24.656, 18 MiB
2023/10/20 12:32:24.657, 18 MiB
2023/10/20 12:32:24.658, 18 MiB
2023/10/20 12:32:24.660, 18 MiB
2023/10/20 12:32:24.661, 18 MiB
2023/10/20 12:32:24.662, 18 MiB
2023/10/20 12:32:24.663, 18 MiB
2023/10/20 12:32:24.664, 18 MiB
2023/10/20 12:32:24.665, 18 MiB
2023/10/20 12:32:24.666, 18 MiB
2023/10/20 12:32:24.667, 18 MiB
2023/10/20 12:32:24.668, 18 MiB
2023/10/20 12:32:24.669, 18 MiB
2023/10/20 12:32:24.670, 18 MiB
2023/10/20 12:32:24.671, 18 MiB
2023/10/20 12:32:24.673, 18 MiB
2023/10/20 12:32:24.674, 18 MiB
2023/10/20 12:32:24.675, 18 MiB
2023/10/20 12:32:24.676, 18 MiB
2023/10/20 12:32:24.677, 18 MiB
2023/10/20 12:32:24.678, 18 MiB
2023/10/20 12:32:24.679, 18 MiB
2023/10/20 12:32:24.680, 18 MiB
2023/10/20 12:32:24.681, 18 MiB
2023/10/20 12:32:24.682, 18 MiB
2023/10/20 12:32:24.683, 18 MiB
2023/10/20 12:32:24.684, 18 MiB
2023/10/20 12:32:24.686, 18 MiB
2023/10/20 12:32:24.687, 18 MiB
2023/10/20 12:32:24.688, 18 MiB
2023/10/20 12:32:24.689, 18 MiB
2023/10/20 12:32:24.690, 18 MiB
2023/10/20 12:32:24.691, 18 MiB
2023/10/20 12:32:24.692, 18 MiB
2023/10/20 12:32:24.693, 18 MiB
2023/10/20 12:32:24.694, 18 MiB
2023/10/20 12:32:24.695, 18 MiB
2023/10/20 12:32:24.696, 18 MiB
2023/10/20 12:32:24.698, 18 MiB
2023/10/20 12:32:24.699, 18 MiB
2023/10/20 12:32:24.700, 18 MiB
2023/10/20 12:32:24.701, 18 MiB
2023/10/20 12:32:24.702, 18 MiB
2023/10/20 12:32:24.703, 18 MiB
2023/10/20 12:32:24.704, 18 MiB
2023/10/20 12:32:24.705, 18 MiB
2023/10/20 12:32:24.706, 18 MiB
2023/10/20 12:32:24.707, 18 MiB
2023/10/20 12:32:24.708, 18 MiB
2023/10/20 12:32:24.710, 18 MiB
2023/10/20 12:32:24.711, 18 MiB
2023/10/20 12:32:24.712, 18 MiB
2023/10/20 12:32:24.713, 18 MiB
2023/10/20 12:32:24.714, 18 MiB
2023/10/20 12:32:24.715, 18 MiB
2023/10/20 12:32:24.716, 18 MiB
2023/10/20 12:32:24.717, 18 MiB
2023/10/20 12:32:24.718, 18 MiB
2023/10/20 12:32:24.719, 18 MiB
2023/10/20 12:32:24.720, 18 MiB
2023/10/20 12:32:24.721, 18 MiB
2023/10/20 12:32:24.723, 18 MiB
2023/10/20 12:32:24.724, 18 MiB
2023/10/20 12:32:24.725, 18 MiB
2023/10/20 12:32:24.726, 18 MiB
2023/10/20 12:32:24.727, 18 MiB
2023/10/20 12:32:24.728, 18 MiB
2023/10/20 12:32:24.729, 18 MiB
2023/10/20 12:32:24.730, 18 MiB
2023/10/20 12:32:24.731, 18 MiB
2023/10/20 12:32:24.732, 18 MiB
2023/10/20 12:32:24.733, 18 MiB
2023/10/20 12:32:24.735, 18 MiB
2023/10/20 12:32:24.736, 18 MiB
2023/10/20 12:32:24.737, 18 MiB
2023/10/20 12:32:24.738, 18 MiB
2023/10/20 12:32:24.739, 18 MiB
2023/10/20 12:32:24.740, 18 MiB
2023/10/20 12:32:24.741, 18 MiB
2023/10/20 12:32:24.742, 18 MiB
2023/10/20 12:32:24.743, 18 MiB
2023/10/20 12:32:24.744, 18 MiB
2023/10/20 12:32:24.745, 18 MiB
2023/10/20 12:32:24.746, 18 MiB
2023/10/20 12:32:24.748, 18 MiB
2023/10/20 12:32:24.749, 18 MiB
2023/10/20 12:32:24.750, 18 MiB
2023/10/20 12:32:24.751, 18 MiB
2023/10/20 12:32:24.752, 18 MiB
2023/10/20 12:32:24.753, 18 MiB
2023/10/20 12:32:24.754, 18 MiB
2023/10/20 12:32:24.755, 18 MiB
2023/10/20 12:32:24.756, 18 MiB
2023/10/20 12:32:24.757, 18 MiB
2023/10/20 12:32:24.758, 18 MiB
2023/10/20 12:32:24.760, 18 MiB
2023/10/20 12:32:24.761, 18 MiB
2023/10/20 12:32:24.762, 18 MiB
2023/10/20 12:32:24.763, 18 MiB
2023/10/20 12:32:24.764, 18 MiB
2023/10/20 12:32:24.765, 18 MiB
2023/10/20 12:32:24.766, 18 MiB
2023/10/20 12:32:24.767, 18 MiB
2023/10/20 12:32:24.768, 18 MiB
2023/10/20 12:32:24.769, 18 MiB
2023/10/20 12:32:24.770, 18 MiB
2023/10/20 12:32:24.771, 18 MiB
2023/10/20 12:32:24.773, 18 MiB
2023/10/20 12:32:24.774, 18 MiB
2023/10/20 12:32:24.775, 18 MiB
2023/10/20 12:32:24.776, 18 MiB
2023/10/20 12:32:24.777, 18 MiB
2023/10/20 12:32:24.778, 18 MiB
2023/10/20 12:32:24.779, 18 MiB
2023/10/20 12:32:24.780, 18 MiB
2023/10/20 12:32:24.781, 18 MiB
2023/10/20 12:32:24.782, 18 MiB
2023/10/20 12:32:24.783, 18 MiB
2023/10/20 12:32:24.785, 18 MiB
2023/10/20 12:32:24.786, 18 MiB
2023/10/20 12:32:24.787, 18 MiB
2023/10/20 12:32:24.788, 18 MiB
2023/10/20 12:32:24.789, 18 MiB
2023/10/20 12:32:24.790, 18 MiB
2023/10/20 12:32:24.791, 18 MiB
2023/10/20 12:32:24.792, 18 MiB
2023/10/20 12:32:24.793, 18 MiB
2023/10/20 12:32:24.794, 18 MiB
2023/10/20 12:32:24.795, 18 MiB
2023/10/20 12:32:24.796, 18 MiB
2023/10/20 12:32:24.798, 18 MiB
2023/10/20 12:32:24.799, 18 MiB
2023/10/20 12:32:24.800, 18 MiB
2023/10/20 12:32:24.801, 18 MiB
2023/10/20 12:32:24.802, 18 MiB
2023/10/20 12:32:24.803, 18 MiB
2023/10/20 12:32:24.804, 18 MiB
2023/10/20 12:32:24.805, 18 MiB
2023/10/20 12:32:24.806, 18 MiB
2023/10/20 12:32:24.807, 18 MiB
2023/10/20 12:32:24.808, 18 MiB
2023/10/20 12:32:24.810, 18 MiB
2023/10/20 12:32:24.811, 18 MiB
2023/10/20 12:32:24.812, 18 MiB
2023/10/20 12:32:24.813, 18 MiB
2023/10/20 12:32:24.814, 18 MiB
2023/10/20 12:32:24.815, 18 MiB
2023/10/20 12:32:24.816, 18 MiB
2023/10/20 12:32:24.817, 18 MiB
2023/10/20 12:32:24.818, 18 MiB
2023/10/20 12:32:24.819, 18 MiB
2023/10/20 12:32:24.820, 18 MiB
2023/10/20 12:32:24.821, 18 MiB
2023/10/20 12:32:24.823, 18 MiB
2023/10/20 12:32:24.824, 18 MiB
2023/10/20 12:32:24.825, 18 MiB
2023/10/20 12:32:24.826, 18 MiB
2023/10/20 12:32:24.827, 18 MiB
2023/10/20 12:32:24.828, 18 MiB
2023/10/20 12:32:24.829, 18 MiB
2023/10/20 12:32:24.830, 18 MiB
2023/10/20 12:32:24.831, 18 MiB
2023/10/20 12:32:24.832, 18 MiB
2023/10/20 12:32:24.833, 18 MiB
2023/10/20 12:32:24.835, 18 MiB
2023/10/20 12:32:24.836, 18 MiB
2023/10/20 12:32:24.837, 18 MiB
2023/10/20 12:32:24.838, 18 MiB
2023/10/20 12:32:24.839, 18 MiB
2023/10/20 12:32:24.840, 18 MiB
2023/10/20 12:32:24.841, 18 MiB
2023/10/20 12:32:24.842, 18 MiB
2023/10/20 12:32:24.843, 18 MiB
2023/10/20 12:32:24.844, 18 MiB
2023/10/20 12:32:24.845, 18 MiB
2023/10/20 12:32:24.846, 18 MiB
2023/10/20 12:32:24.848, 18 MiB
2023/10/20 12:32:24.849, 18 MiB
2023/10/20 12:32:24.850, 18 MiB
2023/10/20 12:32:24.851, 18 MiB
2023/10/20 12:32:24.852, 18 MiB
2023/10/20 12:32:24.853, 18 MiB
2023/10/20 12:32:24.854, 18 MiB
2023/10/20 12:32:24.855, 18 MiB
2023/10/20 12:32:24.856, 18 MiB
2023/10/20 12:32:24.857, 18 MiB
2023/10/20 12:32:24.858, 18 MiB
2023/10/20 12:32:24.860, 18 MiB
2023/10/20 12:32:24.861, 18 MiB
2023/10/20 12:32:24.862, 18 MiB
2023/10/20 12:32:24.863, 18 MiB
2023/10/20 12:32:24.864, 18 MiB
2023/10/20 12:32:24.865, 18 MiB
2023/10/20 12:32:24.866, 18 MiB
2023/10/20 12:32:24.867, 18 MiB
2023/10/20 12:32:24.868, 18 MiB
2023/10/20 12:32:24.869, 18 MiB
2023/10/20 12:32:24.870, 18 MiB
2023/10/20 12:32:24.871, 18 MiB
2023/10/20 12:32:24.873, 18 MiB
2023/10/20 12:32:24.874, 18 MiB
2023/10/20 12:32:24.875, 18 MiB
2023/10/20 12:32:24.876, 18 MiB
2023/10/20 12:32:24.877, 18 MiB
2023/10/20 12:32:24.878, 18 MiB
2023/10/20 12:32:24.879, 18 MiB
2023/10/20 12:32:24.880, 18 MiB
2023/10/20 12:32:24.881, 18 MiB
2023/10/20 12:32:24.882, 18 MiB
2023/10/20 12:32:24.883, 18 MiB
2023/10/20 12:32:24.885, 18 MiB
2023/10/20 12:32:24.886, 18 MiB
2023/10/20 12:32:24.887, 18 MiB
2023/10/20 12:32:24.888, 18 MiB
2023/10/20 12:32:24.889, 18 MiB
2023/10/20 12:32:24.890, 18 MiB
2023/10/20 12:32:24.891, 18 MiB
2023/10/20 12:32:24.892, 18 MiB
2023/10/20 12:32:24.893, 18 MiB
2023/10/20 12:32:24.895, 18 MiB
2023/10/20 12:32:24.896, 18 MiB
2023/10/20 12:32:24.897, 18 MiB
2023/10/20 12:32:24.898, 18 MiB
2023/10/20 12:32:24.899, 18 MiB
2023/10/20 12:32:24.900, 18 MiB
2023/10/20 12:32:24.901, 18 MiB
2023/10/20 12:32:24.902, 18 MiB
2023/10/20 12:32:24.903, 18 MiB
2023/10/20 12:32:24.904, 18 MiB
2023/10/20 12:32:24.905, 18 MiB
2023/10/20 12:32:24.907, 18 MiB
2023/10/20 12:32:24.908, 18 MiB
2023/10/20 12:32:24.909, 18 MiB
2023/10/20 12:32:24.910, 18 MiB
2023/10/20 12:32:24.911, 18 MiB
2023/10/20 12:32:24.912, 18 MiB
2023/10/20 12:32:24.913, 18 MiB
2023/10/20 12:32:24.914, 18 MiB
2023/10/20 12:32:24.915, 18 MiB
2023/10/20 12:32:24.916, 18 MiB
2023/10/20 12:32:24.917, 18 MiB
2023/10/20 12:32:24.918, 18 MiB
2023/10/20 12:32:24.920, 18 MiB
2023/10/20 12:32:24.921, 18 MiB
2023/10/20 12:32:24.922, 18 MiB
2023/10/20 12:32:24.923, 18 MiB
2023/10/20 12:32:24.924, 18 MiB
2023/10/20 12:32:24.925, 18 MiB
2023/10/20 12:32:24.926, 18 MiB
2023/10/20 12:32:24.927, 18 MiB
2023/10/20 12:32:24.928, 18 MiB
2023/10/20 12:32:24.929, 18 MiB
2023/10/20 12:32:24.930, 18 MiB
2023/10/20 12:32:24.932, 18 MiB
2023/10/20 12:32:24.933, 18 MiB
2023/10/20 12:32:24.934, 18 MiB
2023/10/20 12:32:24.935, 18 MiB
2023/10/20 12:32:24.936, 18 MiB
2023/10/20 12:32:24.937, 18 MiB
2023/10/20 12:32:24.938, 18 MiB
2023/10/20 12:32:24.939, 18 MiB
2023/10/20 12:32:24.940, 18 MiB
2023/10/20 12:32:24.941, 18 MiB
2023/10/20 12:32:24.942, 18 MiB
2023/10/20 12:32:24.944, 18 MiB
2023/10/20 12:32:24.945, 18 MiB
2023/10/20 12:32:24.946, 18 MiB
2023/10/20 12:32:24.947, 18 MiB
2023/10/20 12:32:24.948, 18 MiB
2023/10/20 12:32:24.949, 18 MiB
2023/10/20 12:32:24.950, 18 MiB
2023/10/20 12:32:24.951, 18 MiB
2023/10/20 12:32:24.952, 18 MiB
2023/10/20 12:32:24.953, 18 MiB
2023/10/20 12:32:24.954, 18 MiB
2023/10/20 12:32:24.956, 18 MiB
2023/10/20 12:32:24.957, 18 MiB
2023/10/20 12:32:24.958, 18 MiB
2023/10/20 12:32:24.959, 18 MiB
2023/10/20 12:32:24.960, 18 MiB
2023/10/20 12:32:24.961, 18 MiB
2023/10/20 12:32:24.962, 18 MiB
2023/10/20 12:32:24.963, 18 MiB
2023/10/20 12:32:24.964, 18 MiB
2023/10/20 12:32:24.965, 18 MiB
2023/10/20 12:32:24.967, 18 MiB
2023/10/20 12:32:24.968, 18 MiB
2023/10/20 12:32:24.969, 18 MiB
2023/10/20 12:32:24.970, 18 MiB
2023/10/20 12:32:24.971, 18 MiB
2023/10/20 12:32:24.972, 18 MiB
2023/10/20 12:32:24.973, 18 MiB
2023/10/20 12:32:24.974, 18 MiB
2023/10/20 12:32:24.975, 18 MiB
2023/10/20 12:32:24.976, 18 MiB
2023/10/20 12:32:24.978, 18 MiB
2023/10/20 12:32:24.979, 18 MiB
2023/10/20 12:32:24.980, 18 MiB
2023/10/20 12:32:24.981, 18 MiB
2023/10/20 12:32:24.982, 18 MiB
2023/10/20 12:32:24.983, 18 MiB
2023/10/20 12:32:24.984, 18 MiB
2023/10/20 12:32:24.985, 18 MiB
2023/10/20 12:32:24.986, 18 MiB
2023/10/20 12:32:24.988, 18 MiB
2023/10/20 12:32:24.989, 18 MiB
2023/10/20 12:32:24.990, 18 MiB
2023/10/20 12:32:24.991, 18 MiB
2023/10/20 12:32:24.992, 18 MiB
2023/10/20 12:32:24.993, 18 MiB
2023/10/20 12:32:24.994, 18 MiB
2023/10/20 12:32:24.995, 18 MiB
2023/10/20 12:32:24.996, 18 MiB
2023/10/20 12:32:24.998, 18 MiB
2023/10/20 12:32:24.999, 18 MiB
2023/10/20 12:32:25.000, 18 MiB
2023/10/20 12:32:25.001, 18 MiB
2023/10/20 12:32:25.002, 18 MiB
2023/10/20 12:32:25.003, 18 MiB
2023/10/20 12:32:25.004, 18 MiB
2023/10/20 12:32:25.005, 18 MiB
2023/10/20 12:32:25.006, 18 MiB
2023/10/20 12:32:25.008, 18 MiB
2023/10/20 12:32:25.009, 18 MiB
2023/10/20 12:32:25.010, 18 MiB
2023/10/20 12:32:25.011, 18 MiB
2023/10/20 12:32:25.012, 18 MiB
2023/10/20 12:32:25.013, 18 MiB
2023/10/20 12:32:25.014, 18 MiB
2023/10/20 12:32:25.015, 18 MiB
2023/10/20 12:32:25.016, 18 MiB
2023/10/20 12:32:25.017, 18 MiB
2023/10/20 12:32:25.018, 18 MiB
2023/10/20 12:32:25.020, 18 MiB
2023/10/20 12:32:25.021, 18 MiB
2023/10/20 12:32:25.022, 18 MiB
2023/10/20 12:32:25.023, 18 MiB
2023/10/20 12:32:25.024, 18 MiB
2023/10/20 12:32:25.025, 18 MiB
2023/10/20 12:32:25.026, 18 MiB
2023/10/20 12:32:25.027, 18 MiB
2023/10/20 12:32:25.028, 18 MiB
2023/10/20 12:32:25.029, 18 MiB
2023/10/20 12:32:25.030, 18 MiB
2023/10/20 12:32:25.032, 18 MiB
2023/10/20 12:32:25.033, 18 MiB
2023/10/20 12:32:25.034, 18 MiB
2023/10/20 12:32:25.035, 18 MiB
2023/10/20 12:32:25.036, 18 MiB
2023/10/20 12:32:25.037, 18 MiB
2023/10/20 12:32:25.038, 18 MiB
2023/10/20 12:32:25.039, 18 MiB
2023/10/20 12:32:25.040, 18 MiB
2023/10/20 12:32:25.041, 18 MiB
2023/10/20 12:32:25.042, 18 MiB
2023/10/20 12:32:25.044, 18 MiB
2023/10/20 12:32:25.045, 18 MiB
2023/10/20 12:32:25.046, 18 MiB
2023/10/20 12:32:25.047, 18 MiB
2023/10/20 12:32:25.048, 18 MiB
2023/10/20 12:32:25.049, 18 MiB
2023/10/20 12:32:25.050, 18 MiB
2023/10/20 12:32:25.051, 18 MiB
2023/10/20 12:32:25.052, 18 MiB
2023/10/20 12:32:25.053, 18 MiB
2023/10/20 12:32:25.054, 18 MiB
2023/10/20 12:32:25.056, 18 MiB
2023/10/20 12:32:25.057, 18 MiB
2023/10/20 12:32:25.058, 18 MiB
2023/10/20 12:32:25.059, 18 MiB
2023/10/20 12:32:25.060, 18 MiB
2023/10/20 12:32:25.061, 18 MiB
2023/10/20 12:32:25.062, 18 MiB
2023/10/20 12:32:25.063, 18 MiB
2023/10/20 12:32:25.064, 18 MiB
2023/10/20 12:32:25.065, 18 MiB
2023/10/20 12:32:25.066, 18 MiB
2023/10/20 12:32:25.068, 18 MiB
2023/10/20 12:32:25.069, 18 MiB
2023/10/20 12:32:25.070, 18 MiB
2023/10/20 12:32:25.071, 18 MiB
2023/10/20 12:32:25.072, 18 MiB
2023/10/20 12:32:25.073, 18 MiB
2023/10/20 12:32:25.074, 18 MiB
2023/10/20 12:32:25.075, 18 MiB
2023/10/20 12:32:25.076, 18 MiB
2023/10/20 12:32:25.077, 18 MiB
2023/10/20 12:32:25.078, 18 MiB
2023/10/20 12:32:25.079, 18 MiB
2023/10/20 12:32:25.081, 18 MiB
2023/10/20 12:32:25.082, 18 MiB
2023/10/20 12:32:25.083, 18 MiB
2023/10/20 12:32:25.084, 18 MiB
2023/10/20 12:32:25.085, 18 MiB
2023/10/20 12:32:25.086, 18 MiB
2023/10/20 12:32:25.087, 18 MiB
2023/10/20 12:32:25.088, 18 MiB
2023/10/20 12:32:25.089, 18 MiB
2023/10/20 12:32:25.090, 18 MiB
2023/10/20 12:32:25.091, 18 MiB
2023/10/20 12:32:25.093, 18 MiB
2023/10/20 12:32:25.094, 18 MiB
2023/10/20 12:32:25.095, 18 MiB
2023/10/20 12:32:25.096, 18 MiB
2023/10/20 12:32:25.097, 18 MiB
2023/10/20 12:32:25.098, 18 MiB
2023/10/20 12:32:25.099, 18 MiB
2023/10/20 12:32:25.100, 18 MiB
2023/10/20 12:32:25.101, 18 MiB
2023/10/20 12:32:25.102, 18 MiB
2023/10/20 12:32:25.103, 18 MiB
2023/10/20 12:32:25.105, 18 MiB
2023/10/20 12:32:25.106, 18 MiB
2023/10/20 12:32:25.107, 18 MiB
2023/10/20 12:32:25.108, 18 MiB
2023/10/20 12:32:25.109, 18 MiB
2023/10/20 12:32:25.110, 18 MiB
2023/10/20 12:32:25.111, 18 MiB
2023/10/20 12:32:25.112, 18 MiB
2023/10/20 12:32:25.113, 18 MiB
2023/10/20 12:32:25.114, 18 MiB
2023/10/20 12:32:25.115, 18 MiB
2023/10/20 12:32:25.116, 18 MiB
2023/10/20 12:32:25.118, 18 MiB
2023/10/20 12:32:25.119, 18 MiB
2023/10/20 12:32:25.120, 18 MiB
2023/10/20 12:32:25.121, 18 MiB
2023/10/20 12:32:25.122, 18 MiB
2023/10/20 12:32:25.123, 18 MiB
2023/10/20 12:32:25.124, 18 MiB
2023/10/20 12:32:25.125, 18 MiB
2023/10/20 12:32:25.126, 18 MiB
2023/10/20 12:32:25.127, 18 MiB
2023/10/20 12:32:25.129, 18 MiB
2023/10/20 12:32:25.130, 18 MiB
2023/10/20 12:32:25.131, 18 MiB
2023/10/20 12:32:25.132, 18 MiB
2023/10/20 12:32:25.133, 18 MiB
2023/10/20 12:32:25.134, 18 MiB
2023/10/20 12:32:25.135, 18 MiB
2023/10/20 12:32:25.136, 18 MiB
2023/10/20 12:32:25.137, 18 MiB
2023/10/20 12:32:25.138, 18 MiB
2023/10/20 12:32:25.140, 18 MiB
2023/10/20 12:32:25.141, 18 MiB
2023/10/20 12:32:25.142, 18 MiB
2023/10/20 12:32:25.143, 18 MiB
2023/10/20 12:32:25.144, 18 MiB
2023/10/20 12:32:25.145, 18 MiB
2023/10/20 12:32:25.146, 18 MiB
2023/10/20 12:32:25.147, 18 MiB
2023/10/20 12:32:25.148, 18 MiB
2023/10/20 12:32:25.149, 18 MiB
2023/10/20 12:32:25.151, 18 MiB
2023/10/20 12:32:25.152, 18 MiB
2023/10/20 12:32:25.153, 18 MiB
2023/10/20 12:32:25.154, 18 MiB
2023/10/20 12:32:25.155, 18 MiB
2023/10/20 12:32:25.156, 18 MiB
2023/10/20 12:32:25.157, 18 MiB
2023/10/20 12:32:25.158, 18 MiB
2023/10/20 12:32:25.159, 18 MiB
2023/10/20 12:32:25.160, 18 MiB
2023/10/20 12:32:25.161, 18 MiB
2023/10/20 12:32:25.162, 18 MiB
2023/10/20 12:32:25.164, 18 MiB
2023/10/20 12:32:25.165, 18 MiB
2023/10/20 12:32:25.166, 18 MiB
2023/10/20 12:32:25.167, 18 MiB
2023/10/20 12:32:25.168, 18 MiB
2023/10/20 12:32:25.169, 18 MiB
2023/10/20 12:32:25.170, 18 MiB
2023/10/20 12:32:25.171, 18 MiB
2023/10/20 12:32:25.172, 18 MiB
2023/10/20 12:32:25.173, 18 MiB
2023/10/20 12:32:25.175, 18 MiB
2023/10/20 12:32:25.176, 18 MiB
2023/10/20 12:32:25.177, 18 MiB
2023/10/20 12:32:25.178, 18 MiB
2023/10/20 12:32:25.179, 18 MiB
2023/10/20 12:32:25.180, 18 MiB
2023/10/20 12:32:25.181, 18 MiB
2023/10/20 12:32:25.182, 18 MiB
2023/10/20 12:32:25.183, 18 MiB
2023/10/20 12:32:25.184, 18 MiB
2023/10/20 12:32:25.185, 18 MiB
2023/10/20 12:32:25.187, 18 MiB
2023/10/20 12:32:25.188, 18 MiB
2023/10/20 12:32:25.189, 18 MiB
2023/10/20 12:32:25.190, 18 MiB
2023/10/20 12:32:25.191, 18 MiB
2023/10/20 12:32:25.192, 18 MiB
2023/10/20 12:32:25.193, 18 MiB
2023/10/20 12:32:25.194, 18 MiB
2023/10/20 12:32:25.195, 18 MiB
2023/10/20 12:32:25.196, 18 MiB
2023/10/20 12:32:25.197, 18 MiB
2023/10/20 12:32:25.199, 18 MiB
2023/10/20 12:32:25.200, 18 MiB
2023/10/20 12:32:25.201, 18 MiB
2023/10/20 12:32:25.202, 18 MiB
2023/10/20 12:32:25.203, 18 MiB
2023/10/20 12:32:25.204, 18 MiB
2023/10/20 12:32:25.205, 18 MiB
2023/10/20 12:32:25.206, 18 MiB
2023/10/20 12:32:25.207, 18 MiB
2023/10/20 12:32:25.208, 18 MiB
2023/10/20 12:32:25.209, 18 MiB
2023/10/20 12:32:25.211, 18 MiB
2023/10/20 12:32:25.212, 18 MiB
2023/10/20 12:32:25.213, 18 MiB
2023/10/20 12:32:25.214, 18 MiB
2023/10/20 12:32:25.215, 18 MiB
2023/10/20 12:32:25.216, 18 MiB
2023/10/20 12:32:25.217, 18 MiB
2023/10/20 12:32:25.218, 18 MiB
2023/10/20 12:32:25.219, 18 MiB
2023/10/20 12:32:25.220, 18 MiB
2023/10/20 12:32:25.221, 18 MiB
2023/10/20 12:32:25.223, 18 MiB
2023/10/20 12:32:25.224, 18 MiB
2023/10/20 12:32:25.225, 18 MiB
2023/10/20 12:32:25.226, 18 MiB
2023/10/20 12:32:25.227, 18 MiB
2023/10/20 12:32:25.228, 18 MiB
2023/10/20 12:32:25.229, 18 MiB
2023/10/20 12:32:25.230, 18 MiB
2023/10/20 12:32:25.231, 18 MiB
2023/10/20 12:32:25.232, 18 MiB
2023/10/20 12:32:25.233, 18 MiB
2023/10/20 12:32:25.235, 18 MiB
2023/10/20 12:32:25.236, 18 MiB
2023/10/20 12:32:25.237, 18 MiB
2023/10/20 12:32:25.238, 18 MiB
2023/10/20 12:32:25.239, 18 MiB
2023/10/20 12:32:25.240, 18 MiB
2023/10/20 12:32:25.241, 18 MiB
2023/10/20 12:32:25.242, 18 MiB
2023/10/20 12:32:25.243, 18 MiB
2023/10/20 12:32:25.244, 18 MiB
2023/10/20 12:32:25.246, 18 MiB
2023/10/20 12:32:25.247, 18 MiB
2023/10/20 12:32:25.248, 18 MiB
2023/10/20 12:32:25.249, 18 MiB
2023/10/20 12:32:25.250, 18 MiB
2023/10/20 12:32:25.251, 18 MiB
2023/10/20 12:32:25.252, 18 MiB
2023/10/20 12:32:25.253, 18 MiB
2023/10/20 12:32:25.254, 18 MiB
2023/10/20 12:32:25.255, 18 MiB
2023/10/20 12:32:25.257, 18 MiB
2023/10/20 12:32:25.258, 18 MiB
2023/10/20 12:32:25.259, 18 MiB
2023/10/20 12:32:25.260, 18 MiB
2023/10/20 12:32:25.261, 18 MiB
2023/10/20 12:32:25.262, 18 MiB
2023/10/20 12:32:25.263, 18 MiB
2023/10/20 12:32:25.264, 18 MiB
2023/10/20 12:32:25.265, 18 MiB
2023/10/20 12:32:25.266, 18 MiB
2023/10/20 12:32:25.268, 18 MiB
2023/10/20 12:32:25.269, 18 MiB
2023/10/20 12:32:25.270, 18 MiB
2023/10/20 12:32:25.271, 18 MiB
2023/10/20 12:32:25.272, 18 MiB
2023/10/20 12:32:25.273, 18 MiB
2023/10/20 12:32:25.274, 18 MiB
2023/10/20 12:32:25.275, 18 MiB
2023/10/20 12:32:25.276, 18 MiB
2023/10/20 12:32:25.277, 18 MiB
2023/10/20 12:32:25.278, 18 MiB
2023/10/20 12:32:25.280, 18 MiB
2023/10/20 12:32:25.281, 18 MiB
2023/10/20 12:32:25.282, 18 MiB
2023/10/20 12:32:25.283, 18 MiB
2023/10/20 12:32:25.284, 18 MiB
2023/10/20 12:32:25.285, 18 MiB
2023/10/20 12:32:25.286, 18 MiB
2023/10/20 12:32:25.287, 18 MiB
2023/10/20 12:32:25.288, 18 MiB
2023/10/20 12:32:25.289, 18 MiB
2023/10/20 12:32:25.291, 18 MiB
2023/10/20 12:32:25.292, 18 MiB
2023/10/20 12:32:25.293, 18 MiB
2023/10/20 12:32:25.294, 18 MiB
2023/10/20 12:32:25.295, 18 MiB
2023/10/20 12:32:25.296, 18 MiB
2023/10/20 12:32:25.297, 18 MiB
2023/10/20 12:32:25.298, 18 MiB
2023/10/20 12:32:25.299, 18 MiB
2023/10/20 12:32:25.300, 18 MiB
2023/10/20 12:32:25.302, 18 MiB
2023/10/20 12:32:25.303, 18 MiB
2023/10/20 12:32:25.304, 18 MiB
2023/10/20 12:32:25.305, 18 MiB
2023/10/20 12:32:25.306, 18 MiB
2023/10/20 12:32:25.307, 18 MiB
2023/10/20 12:32:25.308, 18 MiB
2023/10/20 12:32:25.309, 18 MiB
2023/10/20 12:32:25.310, 18 MiB
2023/10/20 12:32:25.311, 18 MiB
2023/10/20 12:32:25.313, 18 MiB
2023/10/20 12:32:25.314, 18 MiB
2023/10/20 12:32:25.315, 18 MiB
2023/10/20 12:32:25.316, 18 MiB
2023/10/20 12:32:25.317, 18 MiB
2023/10/20 12:32:25.318, 18 MiB
2023/10/20 12:32:25.319, 18 MiB
2023/10/20 12:32:25.320, 18 MiB
2023/10/20 12:32:25.321, 18 MiB
2023/10/20 12:32:25.322, 18 MiB
2023/10/20 12:32:25.323, 18 MiB
2023/10/20 12:32:25.325, 18 MiB
2023/10/20 12:32:25.326, 18 MiB
2023/10/20 12:32:25.327, 18 MiB
2023/10/20 12:32:25.328, 18 MiB
2023/10/20 12:32:25.329, 18 MiB
2023/10/20 12:32:25.330, 18 MiB
2023/10/20 12:32:25.331, 18 MiB
2023/10/20 12:32:25.332, 18 MiB
2023/10/20 12:32:25.333, 18 MiB
2023/10/20 12:32:25.334, 18 MiB
2023/10/20 12:32:25.336, 18 MiB
2023/10/20 12:32:25.337, 18 MiB
2023/10/20 12:32:25.338, 18 MiB
2023/10/20 12:32:25.339, 18 MiB
2023/10/20 12:32:25.340, 18 MiB
2023/10/20 12:32:25.341, 18 MiB
2023/10/20 12:32:25.342, 18 MiB
2023/10/20 12:32:25.343, 18 MiB
2023/10/20 12:32:25.344, 18 MiB
2023/10/20 12:32:25.346, 18 MiB
2023/10/20 12:32:25.347, 18 MiB
2023/10/20 12:32:25.348, 18 MiB
2023/10/20 12:32:25.349, 18 MiB
2023/10/20 12:32:25.350, 18 MiB
2023/10/20 12:32:25.351, 18 MiB
2023/10/20 12:32:25.352, 18 MiB
2023/10/20 12:32:25.353, 18 MiB
2023/10/20 12:32:25.354, 18 MiB
2023/10/20 12:32:25.356, 18 MiB
2023/10/20 12:32:25.357, 18 MiB
2023/10/20 12:32:25.358, 18 MiB
2023/10/20 12:32:25.359, 18 MiB
2023/10/20 12:32:25.360, 18 MiB
2023/10/20 12:32:25.361, 18 MiB
2023/10/20 12:32:25.362, 18 MiB
2023/10/20 12:32:25.363, 18 MiB
2023/10/20 12:32:25.364, 18 MiB
2023/10/20 12:32:25.366, 18 MiB
2023/10/20 12:32:25.367, 18 MiB
2023/10/20 12:32:25.368, 18 MiB
2023/10/20 12:32:25.369, 18 MiB
2023/10/20 12:32:25.370, 18 MiB
2023/10/20 12:32:25.371, 18 MiB
2023/10/20 12:32:25.372, 18 MiB
