# fmr_benchmark.py --model_path=/home/docker/fmr_benchmark/result/fmr_model_modelnet40.pth --n_iter=10 --input_txt=/benchmark/point_clouds_registration_benchmark/dataset_voxelgrid_0.05/eth/wood_autumn_global.txt --input_pcd_dir=/benchmark/point_clouds_registration_benchmark/dataset_voxelgrid_0.05/eth/wood_autumn/ --output_dir=/benchmark/neural_registration_comparison/results/FMR/modelnet40_0.05
id;initial_error;final_error;transformation;status_code
26875431820030;1.8744830846714566;1.8806238657249916;-0.12746619  0.32515743  -0.9370298  3.0985653  0.9907831  0.08540705  -0.10514137  3.2619028  0.04584147  -0.94179523  -0.33304697  0.99673057  0.0  0.0  0.0  1.0;ok
26875431820061;1.599907902894952;0.7476584535202881;0.8626555  0.01739046  -0.50549275  -0.7539587  -0.48041236  0.340777  -0.80813044  -1.9009755  0.15820663  0.9399833  0.30232772  2.275383  0.0  0.0  0.0  1.0;ok
26875431820092;2.154904003946637;2.2482219100812935;0.716852  -0.570363  -0.40101045  1.8258121  0.02474264  0.5956  -0.80290014  -3.1954541  0.6967862  0.56563854  0.44106925  3.8693879  0.0  0.0  0.0  1.0;ok
26875431820123;2.338569771912986;2.638465989034784;0.92753536  -0.37271264  -0.027628891  8.218426  0.36680698  0.8936812  0.25843063  -6.028986  -0.07162891  -0.24983802  0.9656346  8.782118  0.0  0.0  0.0  1.0;ok
26875431820154;2.8476451913849505;2.04390675091384;0.6649699  0.012276542  -0.74676937  4.6139135  0.3427921  0.8833145  0.31976476  -6.1974607  0.6635576  -0.46862057  0.5831692  -7.7529354  0.0  0.0  0.0  1.0;ok
26875431820185;1.8356211949235728;2.0754895325764418;0.8831805  0.3693878  -0.28904134  3.9682984  -0.19056243  0.8456881  0.49849552  0.4794755  0.42857695  -0.38518113  0.8172867  -1.2195323  0.0  0.0  0.0  1.0;ok
26875431820216;1.7167252953831484;1.4231498434447192;0.46518502  -0.8208016  0.33149335  -0.6946392  0.7961889  0.55162746  0.24857666  -3.824727  -0.386893  0.14829719  0.91012186  3.2219079  0.0  0.0  0.0  1.0;ok
26875431820247;2.718074362383547;2.865690382564159;0.619682  -0.38896546  -0.6816889  19.879696  -0.25601274  0.72087306  -0.6440492  7.8281918  0.741924  0.5736268  0.34713212  0.08784342  0.0  0.0  0.0  1.0;ok
26875431820278;1.2394716268791603;0.20081953855642384;0.62637293  0.7718312  0.109241046  -4.7931666  -0.7757981  0.6309121  -0.00932785  9.079113  -0.076121055  -0.07890631  0.9939715  4.3276434  0.0  0.0  0.0  1.0;ok
26875431820309;2.4088825007381454;2.272292633829172;0.6379735  0.5314621  -0.55725956  4.195926  -0.7678676  0.4935994  -0.40833715  13.419244  0.05804719  0.68840986  0.7229954  -8.499775  0.0  0.0  0.0  1.0;ok
26875431820340;1.748312964723608;0.4233670921034049;0.84434485  0.51491374  -0.14814098  0.60983133  -0.1618883  0.5087314  0.8455677  -6.1179023  0.5107583  -0.68996835  0.5129031  -5.019329  0.0  0.0  0.0  1.0;ok
26875431820371;1.7961681252151493;0.2684478547157511;0.31596762  0.3740296  -0.8719326  6.3065424  -0.4209604  0.878869  0.22445922  1.0190783  0.85026884  0.2961273  0.43514574  -9.810121  0.0  0.0  0.0  1.0;ok
26875431820402;2.7804540320236106;2.192691945204936;0.15447465  -0.9004589  0.4065848  -5.5394087  0.9494427  0.2491328  0.1910277  -8.136597  -0.27330616  0.35652  0.8934188  -7.3044586  0.0  0.0  0.0  1.0;ok
26875431820433;1.639049781818583;2.474626546772495;0.25702512  0.62435645  -0.73764294  3.7966828  -0.59737647  0.70263785  0.38657692  10.17103  0.7596576  0.34129047  0.55357134  -0.36484718  0.0  0.0  0.0  1.0;ok
26875431820464;2.794157441878528;2.35141088842452;0.87260693  0.4487971  0.19271317  -7.49067  -0.27019715  0.7722533  -0.5749943  13.922008  -0.40687916  0.44967368  0.7951371  -2.3941908  0.0  0.0  0.0  1.0;ok
26875431820495;1.7085547990402787;3.2278454324562507;0.84185046  -0.31405833  0.4389252  -0.5734153  0.52327895  0.6741081  -0.52130365  12.126322  -0.13216338  0.66853994  0.7318382  0.35682887  0.0  0.0  0.0  1.0;ok
26875431820526;2.5904000128886695;2.320367483156926;0.9859698  0.12697196  -0.10835891  6.7825003  -0.06944238  0.902316  0.4254451  4.079272  0.15179361  -0.41195133  0.89847356  12.149642  0.0  0.0  0.0  1.0;ok
26875431820557;1.8707898686280746;1.6135848273887718;0.4312194  -0.21973446  0.8750809  2.5168421  -0.77107483  0.4138742  0.48389214  6.9695387  -0.46850124  -0.88341653  0.009038832  9.878208  0.0  0.0  0.0  1.0;ok
26875431820588;1.2282587291113212;1.8166244738242148;0.42755473  0.115220815  0.8966164  0.6972158  0.5720787  0.7334826  -0.3670548  3.8956432  -0.69994485  0.66987115  0.24768859  1.5389721  0.0  0.0  0.0  1.0;ok
26875431820619;2.4024791888783845;2.2500286864506656;0.9565468  -0.20227344  -0.21000877  9.46838  0.17596628  0.97476393  -0.13737014  -0.99973583  0.23249537  0.094446555  0.9680011  4.5676584  0.0  0.0  0.0  1.0;ok
26875431820650;2.534730367836185;2.58190921684728;0.84315383  -0.29624516  0.44869882  0.12430096  0.40007108  0.90320396  -0.1554529  -8.897589  -0.35921443  0.3105821  0.88005906  16.614536  0.0  0.0  0.0  1.0;ok
26875431820681;1.4030023169276915;2.494866842162593;0.40540427  -0.200912  0.8917857  -2.8645968  0.91407084  0.07731906  -0.3981159  -5.0063844  0.011034249  0.97655326  0.21499328  3.6605363  0.0  0.0  0.0  1.0;ok
26875431820712;1.4725362271094606;1.577991870415126;0.86165935  -0.39722085  -0.31584588  -0.14083529  0.10883107  0.75252676  -0.6495069  5.797192  0.49568015  0.5252799  0.6916517  0.5959139  0.0  0.0  0.0  1.0;ok
26875431820743;0.9884609274744499;2.6338083886639105;0.9251061  -0.25046325  -0.28538975  12.660711  0.25993654  0.9656136  -0.0048419572  0.3286717  0.2767888  -0.06970387  0.9583995  -1.8226416  0.0  0.0  0.0  1.0;ok
26875431820774;1.7191701306559661;2.366497637799206;0.12194308  -0.80514205  -0.58041036  6.251653  0.16243082  0.5930791  -0.7885894  3.39304  0.9791557  0.0018864826  0.2031018  4.086138  0.0  0.0  0.0  1.0;ok
26875431820805;2.3938289585381862;1.3953760967134525;0.71504545  0.5220333  -0.4649641  -0.31808138  0.18258774  0.502563  0.8450399  1.1893637  0.67481273  -0.68913853  0.26403862  -13.251337  0.0  0.0  0.0  1.0;ok
26875431820836;1.8145498633310746;2.820493762139911;0.9774471  0.21117264  -0.0018344345  2.4005442  -0.02816148  0.12173107  -0.9921635  17.968615  -0.20929444  0.96983886  0.124932855  -11.60629  0.0  0.0  0.0  1.0;ok
26875431820867;2.33633025594533;1.8576096580307049;0.2343853  0.39960277  -0.88621736  10.0248  -0.5173372  0.8230804  0.23430926  7.0754156  0.82305884  0.40355468  0.39964718  -8.945942  0.0  0.0  0.0  1.0;ok
26875431820898;2.1045880699217507;2.56326000231786;-0.58759886  0.71091413  0.38643074  10.995724  -0.6877609  -0.6904044  0.22433643  5.1812725  0.42627734  -0.13395214  0.8946198  -5.282299  0.0  0.0  0.0  1.0;ok
26875431820929;2.7027219501666133;1.4018932069876298;-0.12467059  -0.43578762  -0.8913732  -1.6729721  0.65350586  0.63992625  -0.40425795  1.9811031  0.74658376  -0.63291675  0.20500986  6.610351  0.0  0.0  0.0  1.0;ok
26875431820960;1.7074063566658249;3.3707640717048135;0.9113395  -0.0378308  -0.4099137  10.215338  -0.3940929  0.20757547  -0.89532304  24.175823  0.1189588  0.9774874  0.17426291  -1.5928612  0.0  0.0  0.0  1.0;ok
26875431820991;1.6126689892549546;1.3654901145392593;0.7249112  0.57846516  0.37400812  -1.3980231  -0.5894482  0.8018711  -0.09774328  4.079528  -0.35644743  -0.14960316  0.92226046  1.3571609  0.0  0.0  0.0  1.0;ok
26875431821022;1.7204710619339538;2.6979582838228446;0.9394397  0.0897742  0.33074754  1.5004139  -0.32135728  0.5661124  0.75910884  11.949623  -0.11909199  -0.81942505  0.56067795  5.0864735  0.0  0.0  0.0  1.0;ok
26875431821053;1.5883619561339617;3.131748888314246;0.11150366  0.5230042  -0.84500515  7.457488  -0.57398415  0.72802585  0.37486094  11.313448  0.8112395  0.44322106  0.38137364  -4.4383802  0.0  0.0  0.0  1.0;ok
26875431821084;1.586685013089696;1.5338614325672297;0.6657781  0.59641224  0.44836575  7.901772  -0.494556  0.8026783  -0.33334965  2.4382374  -0.5587071  0.00019489974  0.8293651  3.489053  0.0  0.0  0.0  1.0;ok
26875431821115;1.4564956693064393;2.9195657371338335;-0.5181009  -0.83316934  -0.19339201  18.473354  0.39393133  -0.031743888  -0.9185916  -2.7713518  0.75920314  -0.5521064  0.344658  7.7906427  0.0  0.0  0.0  1.0;ok
26875431821146;1.6893204643446182;3.601753557387656;0.8485448  -0.46167052  -0.25851902  -8.564367  0.39180374  0.21986249  0.89339244  -1.2193398  -0.35561433  -0.8593724  0.36744732  2.3950312  0.0  0.0  0.0  1.0;ok
26875431821177;3.017900697736109;1.9330449242816328;0.33989817  0.047662627  0.9392536  6.2888756  0.46527627  0.8594068  -0.21198548  -1.1541114  -0.8173047  0.5090659  0.26993465  -6.01534  0.0  0.0  0.0  1.0;ok
26875431821208;1.528622215699001;3.632353515371174;-0.0781162  0.0055607036  0.99692905  7.3394957  -0.54470795  0.837288  -0.047351833  14.0891  -0.83497983  -0.54673404  -0.06237677  -1.3820469  0.0  0.0  0.0  1.0;ok
26875431821239;1.6363800378127276;2.9937492713320797;0.7978207  -0.1067505  -0.5933688  -2.1617541  -0.27700347  0.80926174  -0.5180391  3.30979  0.53549176  0.5776674  0.6160756  5.906559  0.0  0.0  0.0  1.0;ok
26875431821270;2.048966332855313;2.1312974541508165;0.14467773  0.42213675  0.8949127  9.097627  -0.09475434  0.9061826  -0.41213423  -1.0802248  -0.9849315  -0.02517019  0.1711038  10.029411  0.0  0.0  0.0  1.0;ok
26875431821301;1.9506938907423843;0.5052841065448304;0.12807956  0.3257234  0.9367496  4.969988  -0.35475433  0.89708215  -0.2634257  0.011069417  -0.9261452  -0.2985766  0.23044963  0.02831614  0.0  0.0  0.0  1.0;ok
26875431821332;1.6688199951101117;1.6109113532692922;0.22586821  -0.5669519  -0.7921801  3.336686  0.87811065  0.47058734  -0.08642367  -4.479255  0.42178804  -0.6761014  0.60413724  4.8489213  0.0  0.0  0.0  1.0;ok
26875431821363;2.7154679763677008;2.5123902987230884;0.8838588  -0.10554583  0.45569068  10.418771  -0.23992646  0.7339918  0.63536716  2.4584002  -0.40153357  -0.67090696  0.6234217  11.183702  0.0  0.0  0.0  1.0;ok
26875431821394;2.54297444624538;2.7387226322562594;0.9057426  -0.33587676  0.25848958  2.9597945  0.3853278  0.39859736  -0.8322516  8.469532  0.17650065  0.85340905  0.4904492  -2.4348707  0.0  0.0  0.0  1.0;ok
26875431821425;1.7935796593134734;3.196817603757385;0.9864403  -0.13586704  -0.092065886  1.6122322  0.15304935  0.5589717  0.8149396  15.00307  -0.059261233  -0.8179798  0.57218623  12.361168  0.0  0.0  0.0  1.0;ok
26875431821456;1.6064055386088447;2.0374608671311223;0.96593744  -0.21650882  0.1417343  -1.4413602  0.20526665  0.30753922  -0.9291314  15.126631  0.15757632  0.9265762  0.34150586  -10.227918  0.0  0.0  0.0  1.0;ok
26875431821487;1.7136916289797495;2.4800935170592955;0.42009354  0.22502728  0.8791382  7.4238014  0.8425489  0.26314417  -0.46996456  -0.43889713  -0.33709487  0.938146  -0.07905133  5.462366  0.0  0.0  0.0  1.0;ok
26875431821518;1.4709581478385163;2.595351182723842;0.06213585  0.83489615  -0.54688925  1.340847  -0.7074171  0.42337584  0.5659628  16.351786  0.7040598  0.35171232  0.61692667  -5.4610963  0.0  0.0  0.0  1.0;ok
26875431821549;1.2041527897459727;2.720066925485632;-0.0070167277  -0.7748666  -0.63208586  9.525325  0.2469135  0.6111864  -0.75198716  -4.802122  0.9690122  -0.16134697  0.18703647  5.36665  0.0  0.0  0.0  1.0;ok
26875431821580;2.6601438220591618;2.203023683261024;0.993177  0.06784248  0.09485035  -0.69201565  0.06713448  0.33242795  -0.9407362  11.861507  -0.09535279  0.9406855  0.32560527  -0.9240805  0.0  0.0  0.0  1.0;ok
26875431821611;1.9347568408110014;2.1657215515661083;0.8969593  0.43107367  -0.09818145  -0.5569978  0.16088903  -0.1114147  0.9806637  -0.579729  0.41179943  -0.89541185  -0.16928932  5.731868  0.0  0.0  0.0  1.0;ok
26875431821642;0.9704765400077284;0.12819922243240084;0.6367335  0.42739502  -0.64179766  0.98115015  -0.6821877  0.70021975  -0.21050449  2.4800816  0.3594306  0.57186157  0.7374171  0.77134657  0.0  0.0  0.0  1.0;ok
26875431821673;2.793176705245383;3.045644014428954;-0.074735045  -0.0054527298  -0.9971886  8.137739  -0.82699364  0.55911505  0.05892234  15.818456  0.5572219  0.82907206  -0.046294898  -1.9320288  0.0  0.0  0.0  1.0;ok
26875431821704;3.2600829156403237;3.5513284910397243;-0.53918564  0.4557184  0.70823693  -11.496531  0.7230383  -0.18073195  0.66674685  -16.61662  0.4318499  0.8715829  -0.23205377  0.68807125  0.0  0.0  0.0  1.0;ok
26875431821735;1.4600440968709076;2.5639195517495152;0.22192495  0.90946084  0.3516109  6.334703  -0.9493349  0.11924051  0.29076645  6.222567  0.22251448  -0.39832482  0.8898453  -1.166314  0.0  0.0  0.0  1.0;ok
26875431821766;1.8842939230778835;3.697737904041951;0.9180229  -0.04603435  -0.39384604  12.34078  -0.3490612  0.37739876  -0.85774475  9.610992  0.18812278  0.92490596  0.33039194  4.034566  0.0  0.0  0.0  1.0;ok
26875431821797;2.8743650617150354;1.8233520903522982;0.86155695  -0.075994305  -0.50194067  -7.4923306  -0.2942601  0.7309349  -0.6157475  1.9604177  0.41367927  0.6782026  0.6073799  -0.31855202  0.0  0.0  0.0  1.0;ok
26875431821828;2.026017475456399;0.41448008754005566;0.45247734  0.8747778  0.17328577  -3.0531511  -0.8626232  0.38006508  0.33381343  14.402874  0.22615272  -0.30052337  0.9265748  3.9851563  0.0  0.0  0.0  1.0;ok
26875431821859;1.73480611092648;2.6774816476649264;0.56660753  -0.735699  -0.3710838  1.4886646  0.8077754  0.40704554  0.42639545  -8.9791355  -0.16265057  -0.5413511  0.82491434  10.376563  0.0  0.0  0.0  1.0;ok
26875431821890;3.256886368143047;4.374960685297248;-0.37804762  0.6909722  0.61614734  18.583014  -0.91497177  -0.17743437  -0.3624142  16.55135  -0.14109242  -0.7007671  0.69929844  -0.8425336  0.0  0.0  0.0  1.0;ok
26875431821921;1.0092037186731901;0.2044467488318019;0.637238  0.5733462  0.5149776  -0.12070745  -0.6643374  0.7473657  -0.010016381  -1.2868  -0.39061943  -0.33573613  0.8571451  0.9101603  0.0  0.0  0.0  1.0;ok
26875431821952;1.639074164897932;2.2881057098507576;0.6900357  0.01938098  0.72351575  5.3844843  -0.35434315  0.8806941  0.31435496  -0.68411493  -0.63110363  -0.47328913  0.6145779  8.048364  0.0  0.0  0.0  1.0;ok
26875431821983;3.4098380446864027;2.173357244147467;0.5172771  0.40116987  -0.7559676  0.51947165  -0.37932745  0.89929414  0.21767113  1.666687  0.7671601  0.17416298  0.61735916  4.771222  0.0  0.0  0.0  1.0;ok
26875431822014;2.3272615318287526;0.48035791775557;0.49739575  0.17282437  -0.8501351  -1.9548149  0.27591142  0.89755714  0.34389472  -2.9103546  0.8224782  -0.4056136  0.39875695  3.8719757  0.0  0.0  0.0  1.0;ok
26875431822045;2.3491794773519286;0.5491173259689441;0.9004726  0.27737078  -0.3349841  -4.88727  -0.4133885  0.7851737  -0.46109915  10.904583  0.1351252  0.55368584  0.82168955  -4.918335  0.0  0.0  0.0  1.0;ok
26875431822076;0.7218819536972331;2.0036585138434666;0.860337  0.50409454  0.07555636  2.706005  -0.029279038  0.19685717  -0.979995  6.909116  -0.5088839  0.8409138  0.18412308  5.7926807  0.0  0.0  0.0  1.0;ok
26875431822107;1.7914064329187231;1.694862309041146;0.17169811  0.4202903  0.89099705  5.856604  -0.023795433  0.90593356  -0.42275062  0.37833667  -0.9848622  0.0513839  0.16554803  2.5626893  0.0  0.0  0.0  1.0;ok
26875431822138;2.1543144598038158;1.5478569943340905;0.97077876  0.16584983  0.17344256  -0.10771942  -0.21490377  0.92245525  0.32076883  1.1990712  -0.10679351  -0.348669  0.9311419  4.8033667  0.0  0.0  0.0  1.0;ok
26875431822169;1.4533500535638595;0.5658482164042855;0.66430795  -0.6025661  0.44227698  7.434873  0.6654816  0.7462183  0.017096164  0.20079899  -0.34033674  0.28296998  0.89671576  1.5610485  0.0  0.0  0.0  1.0;ok
26875431822200;2.3814275784691232;2.34400593699019;0.9838107  -0.16670309  -0.06577769  0.19547415  0.17897269  0.9328534  0.31265485  -11.091892  0.009240355  -0.31936556  0.94758666  9.145117  0.0  0.0  0.0  1.0;ok
26875431822231;2.1080999473814694;1.7235524223863352;0.8859573  0.45339125  0.09754896  1.1505418  -0.022076428  0.25133246  -0.96764886  -2.0828216  -0.4632408  0.8551423  0.23267902  9.93502  0.0  0.0  0.0  1.0;ok
26875431822262;0.9930300465839287;0.33911317126202134;0.6458233  -0.08204326  0.75906616  0.17563176  0.29606667  0.9433254  -0.14993854  -2.103952  -0.7037451  0.32156795  0.63351166  0.31065273  0.0  0.0  0.0  1.0;ok
26875431822293;1.8789194645101797;3.0171348405341676;0.3964277  0.85346675  -0.33828944  1.6803741  -0.40185404  0.49261907  0.77190655  10.696981  0.8254445  -0.17006212  0.5382569  7.131183  0.0  0.0  0.0  1.0;ok
26875431822324;2.3241703465658543;2.066002154838868;0.9676863  -0.1642884  0.19129126  -2.5501285  0.17661285  0.98305255  -0.049148936  -2.9977574  -0.17997478  0.08134525  0.98030204  10.001574  0.0  0.0  0.0  1.0;ok
26875431822355;2.3871726324200186;0.6385555581158026;0.28143618  -0.9042425  0.32115287  3.3534718  0.94421595  0.32060996  0.07526883  3.3719256  -0.1710261  0.28205425  0.9440315  1.9094412  0.0  0.0  0.0  1.0;ok
26875431822386;1.690080974217169;3.017444774764145;0.26368243  0.672376  -0.69165176  12.687048  0.060601  0.70406413  0.70754576  -1.6259303  0.96270406  -0.22848217  0.14490272  -4.258428  0.0  0.0  0.0  1.0;ok
26875431822417;1.701761318847337;1.2085847885659693;0.7262074  -0.68746376  -0.0040778746  12.976402  0.6860526  0.72507274  -0.060012925  0.11279583  0.04421343  0.040784188  0.9981893  -2.658153  0.0  0.0  0.0  1.0;ok
26875431822448;1.9277665534559603;2.4596021961755143;0.33558008  0.4866143  0.8065931  4.5189137  0.051753733  0.8454285  -0.53157544  4.4609566  -0.9405889  0.22013041  0.25852495  4.774845  0.0  0.0  0.0  1.0;ok
26875431822479;1.4056321603691502;1.0885525426197775;0.7544715  -0.33323362  -0.56544507  10.028994  0.57206446  0.75620055  0.3176522  -6.084991  0.32173753  -0.56313056  0.7611629  1.2657114  0.0  0.0  0.0  1.0;ok
26875431822510;2.549271730184878;2.2775996562809033;0.8870609  -0.11772534  -0.4463892  9.906033  -0.13309976  0.86066043  -0.4914751  10.288391  0.44204867  0.49538273  0.7477893  -1.6763753  0.0  0.0  0.0  1.0;ok
26875431822541;1.8267262437764729;1.8495442134790063;0.87114835  -0.23259982  -0.43243283  7.2072573  0.25429755  0.96709377  -0.007897152  0.76625746  0.42004  -0.103086926  0.90163165  -5.9883795  0.0  0.0  0.0  1.0;ok
26875431822572;2.8424838225032243;1.0927938454793718;0.44031188  -0.74486643  0.5012976  -5.5746994  0.77265275  0.5987387  0.21099663  -0.44323552  -0.4573105  0.2944246  0.83915496  -7.053105  0.0  0.0  0.0  1.0;ok
26875431822603;2.889737681040083;1.9345258689894138;0.030698348  -0.97052675  0.23903044  -1.8152151  0.974784  0.08195237  0.20755768  -7.317404  -0.2210294  0.22663136  0.94856954  11.682274  0.0  0.0  0.0  1.0;ok
26875431822634;1.9744651826648263;1.8949740942295334;0.9440361  0.3278082  0.036574803  4.403961  -0.32847923  0.9444075  0.013991987  4.120612  -0.029954817  -0.02522304  0.999233  3.334122  0.0  0.0  0.0  1.0;ok
26875431822665;1.5956286750416782;3.106802828693371;0.61652595  -0.055300646  -0.78538996  5.774029  0.060286064  0.9979175  -0.02294087  3.2515473  0.785023  -0.03320442  0.61857605  9.687235  0.0  0.0  0.0  1.0;ok
26875431822696;1.7397832560468987;2.1072363383085424;0.9112054  0.27960566  0.3025309  8.761642  -0.29675022  0.95488876  0.011265844  7.8333254  -0.2857333  -0.10004155  0.9530731  0.8192009  0.0  0.0  0.0  1.0;ok
26875431822727;1.8952154364560572;2.1656093016429723;-0.59252393  -0.5151083  0.6193377  -4.646512  0.1290875  0.69818413  0.7041845  -1.461694  -0.79514295  0.49719477  -0.34719673  7.2025  0.0  0.0  0.0  1.0;ok
26875431822758;2.6869453720631737;1.1636671164448285;0.58198845  -0.59610367  -0.55312735  13.132038  0.11391133  0.7332425  -0.67035806  4.548236  0.8051792  0.32713327  0.49464148  5.5270314  0.0  0.0  0.0  1.0;ok
26875431822789;2.213496507213862;2.4195712218861103;0.5170423  -0.49357346  -0.6993229  11.387533  0.27142888  0.86938184  -0.41291875  -5.047488  0.81178427  0.023680085  0.58347714  0.7999096  0.0  0.0  0.0  1.0;ok
26875431822820;2.060629803131635;2.3692384002388596;0.32504869  -0.76947147  0.54977924  12.391354  0.9456911  0.26237047  -0.19191182  0.8830033  0.0034248587  0.582302  0.8129654  3.2852793  0.0  0.0  0.0  1.0;ok
26875431822851;2.807389674606407;0.318502854232783;0.91362745  0.15219869  0.37698844  5.2550154  0.18325417  0.67356694  -0.71604854  7.316618  -0.36290857  0.72328645  0.5874982  4.3359346  0.0  0.0  0.0  1.0;ok
26875431822882;3.25643848978907;2.6892218322550696;-0.06556309  0.36539918  0.92853904  12.405987  0.22015932  0.9129066  -0.34370226  10.68349  -0.9732582  0.18189245  -0.14029892  6.1093416  0.0  0.0  0.0  1.0;ok
26875431822913;2.441078707178576;2.394379294999288;0.99474096  -0.09745954  -0.03149679  9.420475  0.10100221  0.882374  0.45958096  -2.6584704  -0.016998582  -0.46034536  0.8875773  0.45352173  0.0  0.0  0.0  1.0;ok
26875431822944;1.6262461176844754;1.2233622155662638;0.7114858  0.6721046  -0.20509322  -1.3692122  0.3842911  -0.12780182  0.9143234  8.826475  0.58830947  -0.72934365  -0.34921312  6.7155995  0.0  0.0  0.0  1.0;ok
26875431822975;2.2917882490242705;1.79720615900741;0.81149703  -0.120265774  0.5718468  8.145678  -0.1431486  0.9078628  0.39407322  1.9866781  -0.56655204  -0.4016484  0.71951205  4.484073  0.0  0.0  0.0  1.0;ok
26875431823006;2.609737464295864;2.377795975292949;0.050993405  0.6307269  0.77432764  6.7939644  -0.1464013  0.77168137  -0.61893  11.960903  -0.9879101  -0.08180118  0.13168985  3.8912592  0.0  0.0  0.0  1.0;ok
26875431823037;2.411617151489761;2.309395662364646;0.96636003  0.1284902  -0.22279753  2.8367245  0.14031646  0.46259794  0.87539387  -5.71784  0.21554524  -0.87720776  0.42900696  2.4538448  0.0  0.0  0.0  1.0;ok
26875431823068;2.1295425986746768;2.003802113600031;0.85238063  -0.33672446  0.40007973  6.2060337  0.5094458  0.36215574  -0.780582  5.8838615  0.11794991  0.86917204  0.48023748  -2.2460036  0.0  0.0  0.0  1.0;ok
26875431823099;1.9020823252108583;2.415443455410676;0.37234318  0.89570886  0.24303535  1.4019136  -0.40966043  -0.0763572  0.90903676  18.157074  0.8327898  -0.43803555  0.33850548  0.689188  0.0  0.0  0.0  1.0;ok
