# registration_from_features.py FastGlobal FastGlobal_config.json euclidean False --input_txt=/neural_comparison/point_clouds_registration_benchmark//eth/apartment_global.txt --input_pcd_dir=/neural_comparison/point_clouds_registration_benchmark//eth/apartment/ --input_features_dir=/neural_comparison/experiments/3DFeatNet/feature_extraction_voxelgrid_0.1_npz//eth/apartment/ --output_dir=/root/neural_registration_comparison/results/3DFeatNet/FastGlobal/
id;initial_error;final_error;transformation
13001298760030;4.310263072930483;2.3932576842149587;1.0  0.0  0.0  -5.938170318374668  0.0  1.0  0.0  -2.209528578302387  0.0  0.0  1.0  -0.22767273622413786  0.0  0.0  0.0  1.0
13001298760061;11.165739862422033;1.489002149810037;1.0  -0.0  0.0  -4.581653446695124  -0.0  1.0  -0.0  -0.4324171171505946  0.0  -0.0  1.0  -7.0921978801690155  -0.0  0.0  -0.0  1.0
13001298760092;4.041875262067823;0.3843707070590184;0.3453666942933827  -0.9374782088023238  0.043086592968634714  -0.5476148403702876  0.937865377486095  0.343136225820024  -0.05163394467650828  -6.206675152476614  0.03362112707403012  0.05824206856537116  0.9977361781871488  2.4945074178779825  -0.0  0.0  -0.0  1.0
13001298760123;2.6347404064812237;3.2293138469230454;1.0  0.0  0.0  -2.5027821395563468  0.0  1.0  0.0  -1.8887764554780724  0.0  0.0  1.0  -0.7431997660293219  0.0  0.0  0.0  1.0
13001298760154;4.655949543134552;1.3096168854757289;1.0  -0.0  0.0  5.492915484383273  -0.0  1.0  -0.0  2.1821540612867647  -0.0  0.0  1.0  -1.9604917832904412  -0.0  0.0  -0.0  1.0
13001298760185;11.526736439495075;3.17573693972703;1.0  0.0  0.0  7.926746776995722  0.0  1.0  0.0  3.5837988450267373  0.0  0.0  1.0  3.4759380910481283  0.0  0.0  0.0  1.0
13001298760216;5.6572197072150425;4.371841203617955;0.4391369761599292  0.42614485621244336  0.7909230542175316  4.001369657063299  0.3757242873884557  0.712557022890117  -0.5925316438777004  -7.155403882898777  -0.8160820890299889  0.5573715552965083  0.15279716394881104  -0.06954129248684773  0.0  0.0  0.0  1.0
13001298760247;2.8755933061249292;2.2013464166654684;1.0  -0.0  0.0  2.0580368177362014  -0.0  1.0  -0.0  -0.9415274708518666  0.0  -0.0  1.0  2.8559985092505276  -0.0  0.0  -0.0  1.0
13001298760278;3.489631205271557;3.16633363720906;1.0  -0.0  0.0  0.40678838288965724  -0.0  1.0  -0.0  -3.248000670225805  0.0  -0.0  1.0  2.5734085320450584  -0.0  0.0  -0.0  1.0
13001298760309;15.033436311598187;4.321692368028707;1.0  0.0  0.0  1.258634244658713  0.0  1.0  0.0  8.329598952935637  0.0  0.0  1.0  1.2720617200510205  0.0  0.0  0.0  1.0
13001298760340;6.506989460822594;0.9494716743858792;1.0  -0.0  -0.0  -2.7877766553196843  -0.0  1.0  0.0  3.6849135066420544  -0.0  -0.0  1.0  5.249926771743748  -0.0  0.0  -0.0  1.0
13001298760371;4.91629017563752;0.7004864170163836;0.48155621313497865  0.7496713089204752  0.4539785701688572  7.55100567719542  0.7100844848403423  -0.030125885037182186  -0.7034717161618882  -4.2234523460437625  -0.5136960560293654  0.6611243148093923  -0.5468372723102262  0.18035351981567127  -0.0  -0.0  0.0  1.0
13001298760402;8.540013131131722;3.5618235937099367;1.0  -0.0  0.0  -3.226207282103387  -0.0  1.0  -0.0  -4.199200814610072  0.0  -0.0  1.0  -2.8355905361595366  -0.0  0.0  -0.0  1.0
13001298760433;5.8803617295845045;2.560587614715249;1.0  -0.0  0.0  2.490232289591174  -0.0  1.0  -0.0  1.4664468534278958  -0.0  0.0  1.0  -0.9904627706343583  -0.0  0.0  -0.0  1.0
13001298760464;2.166048600398045;4.271886486997663;0.4320995769967616  -0.6463484596141907  -0.6289066896715145  2.2054463941963336  0.8444908392731669  0.045313520499137845  0.5336496109280664  -0.1508779205652051  -0.3164256278225938  -0.7616957093317104  0.5654153061624176  2.8833087677471605  0.0  0.0  0.0  1.0
13001298760495;4.352922081343947;2.2940041442945502;-0.8587987391395663  0.4242123939471581  0.287243051219543  5.616579691182761  -0.5098733531747589  -0.7623809831956647  -0.39850269783771614  -1.9929006538989185  0.049938856360739234  -0.4886911921482036  0.8710264228725481  -3.736055237105039  0.0  0.0  0.0  1.0
13001298760526;3.427592892868579;1.978775701128235;1.0  -0.0  0.0  0.28454528785714217  -0.0  1.0  -0.0  4.087461655948977  -0.0  0.0  1.0  -3.4511161056515305  -0.0  0.0  -0.0  1.0
13001298760557;8.921254112295115;2.832215830399866;1.0  -0.0  -0.0  -1.7439483066666668  -0.0  1.0  0.0  10.092546943397437  -0.0  -0.0  1.0  2.7093321050143593  -0.0  0.0  -0.0  1.0
13001298760588;5.635777697146662;1.9038758609128972;1.0  0.0  0.0  6.055137776048387  0.0  1.0  0.0  2.6106336567741923  0.0  0.0  1.0  6.091295038838709  0.0  0.0  0.0  1.0
13001298760619;9.801579940171315;2.326922322799489;1.0  -0.0  0.0  0.4203020160769597  -0.0  1.0  -0.0  -4.012029711920091  0.0  0.0  1.0  -7.340247590018434  -0.0  0.0  -0.0  1.0
13001298760650;5.928008986154682;1.9769066062641896;0.9438965942867491  0.3018669061704593  -0.13392382257443827  5.319888681281619  -0.30777739331572385  0.9511199478007779  -0.025375599682024727  -5.992880236264068  0.11971756536804802  0.0651706671326855  0.9906666889967737  -1.1464687094698547  0.0  0.0  0.0  1.0
13001298760681;3.926177848256171;1.7295902123891982;1.0  0.0  0.0  -1.9250016095738636  0.0  1.0  0.0  3.4120263623437497  0.0  0.0  1.0  1.6521399563795458  0.0  0.0  0.0  1.0
13001298760712;3.640287511906044;1.7862914571341622;1.0  0.0  0.0  -1.8475720992708318  0.0  1.0  0.0  -2.591147886622916  0.0  0.0  1.0  -0.5436509943083331  0.0  0.0  0.0  1.0
13001298760743;2.23776059014918;1.8965345666572628;-0.8874842730292458  0.17172519653854962  -0.42764719337269774  8.396215237338515  0.09444405948392326  -0.8405050557806528  -0.5335087354817732  -3.497540946159103  -0.45105652057579876  -0.5138693492328185  0.7297165937301232  1.6183269779185823  0.0  0.0  -0.0  1.0
13001298760774;5.456665076952151;2.027311559816832;1.0  -0.0  0.0  6.036623902083333  -0.0  1.0  -0.0  -0.7640209770952402  0.0  -0.0  1.0  4.304973735833332  -0.0  0.0  -0.0  1.0
13001298760805;8.825594568085958;2.1934647907208875;1.0  -0.0  0.0  0.9904583189626099  -0.0  1.0  -0.0  5.74560369501466  -0.0  0.0  1.0  -5.907057230850441  -0.0  0.0  -0.0  1.0
13001298760836;4.000188739564292;2.5568826557870548;1.0  0.0  0.0  0.8450325769385643  0.0  1.0  0.0  2.0734289988691086  0.0  0.0  1.0  -2.3787141546903543  0.0  0.0  0.0  1.0
13001298760867;4.334456072611078;2.418561808915766;1.0  -0.0  0.0  2.24879528538659  -0.0  1.0  -0.0  0.535771250927273  -0.0  0.0  1.0  -4.588910463415908  -0.0  0.0  -0.0  1.0
13001298760898;8.680467736983655;2.278941896699514;-0.5554865571036955  -0.8021354474086106  0.21911962232458893  6.065882869333479  0.829658120673362  -0.5169991227596985  0.21066397382192897  -6.385937594169307  -0.0556963883732799  0.29881537958460097  0.9526842505499307  9.516190717798823  -0.0  -0.0  -0.0  1.0
13001298760929;4.363996845460841;4.103028470151607;1.0  -0.0  -0.0  -0.19214564046808436  -0.0  1.0  0.0  0.025937310272339698  -0.0  -0.0  1.0  0.4808590496523828  -0.0  0.0  -0.0  1.0
13001298760960;8.141769742702108;1.8294410382674415;0.3512931527344733  0.8040041731987183  0.4797607844758915  1.3519827768756203  -0.926720569523867  0.3715748141936112  0.055867195010538453  -11.43920676957631  -0.1333495664156306  -0.46422995049439714  0.8756188932410798  -1.7455571041668927  0.0  0.0  0.0  1.0
13001298760991;5.538685950931398;1.6382555852241907;-0.8575789138941864  -0.4898820817384355  -0.15676081281903123  1.3977986765699215  0.429728948997581  -0.8498806879073312  0.3050177809826753  -0.5757590067829919  -0.28265073295058246  0.1942121579968091  0.9393562693934193  2.6289259199960284  0.0  0.0  -0.0  1.0
13001298761022;8.071467038641245;2.2631833079711874;-0.06706815746280675  0.9949449216708923  0.07474265914352185  -1.9636169788715079  -0.9799909925259749  -0.07975963422873608  0.1823624284649971  -6.016967255306235  0.18740201925939085  -0.061016420650500135  0.9803863930045659  -5.868838877782104  0.0  0.0  -0.0  1.0
13001298761053;9.81526024076362;1.5108308814668985;1.0  -0.0  0.0  -4.526269025992292  -0.0  1.0  -0.0  -0.9519011874695613  0.0  -0.0  1.0  -5.125729665243505  -0.0  0.0  -0.0  1.0
13001298761084;5.591627609591558;1.8290295183068632;0.9386848292529172  -0.3036018141571547  -0.16339133933873484  -5.162190255772523  0.31356385061723613  0.9487879692674486  0.03845908162501088  0.29875620071227843  0.14334749009491562  -0.08733457398895864  0.9858114268305357  6.096247715798849  0.0  0.0  0.0  1.0
13001298761115;4.7915878266942675;2.38667485705326;-0.5925173248925905  -0.6727150196886802  -0.44314526059452297  3.1436821175559078  0.7223949631382031  -0.6871535755724423  0.07723652510672337  -7.353021748760702  -0.3564670208233634  -0.2743619249518143  0.8931163402390822  5.318933416220807  0.0  0.0  0.0  1.0
13001298761146;10.139080917100562;3.722587953252089;1.0  0.0  0.0  -0.6415833773571289  0.0  1.0  0.0  -3.614923623560321  0.0  0.0  1.0  8.692605582072781  0.0  0.0  0.0  1.0
13001298761177;7.93887486463345;0.06898530998906181;-0.313031538885423  0.9493521453788788  -0.027235266246958826  0.709668406309151  -0.9496680785763  -0.31323775206854887  -0.003556854262196169  -2.4329771580384145  -0.011907820800801706  0.024751055402976514  0.9996227233612766  5.47008288413462  -0.0  -0.0  -0.0  1.0
13001298761208;3.7143332170860712;2.321207997613811;1.0  -0.0  0.0  0.43030272858823704  -0.0  1.0  -0.0  3.357795740385912  -0.0  -0.0  1.0  1.6151696957404065  -0.0  0.0  -0.0  1.0
13001298761239;9.442007376163867;4.275414532989196;1.0  0.0  0.0  4.172874074192308  0.0  1.0  0.0  1.2041728677923078  0.0  0.0  1.0  -3.621521725588461  0.0  0.0  0.0  1.0
13001298761270;3.3218855709366024;1.8592121968652766;1.0  0.0  0.0  0.3925642751428571  0.0  1.0  0.0  -0.9844504221224475  0.0  0.0  1.0  2.2632747628428573  0.0  0.0  0.0  1.0
13001298761301;1.702374455622597;0.9917458534720622;1.0  -0.0  0.0  0.32349863396029477  -0.0  1.0  -0.0  -1.21876356773608  0.0  -0.0  1.0  1.7407074995784448  -0.0  0.0  -0.0  1.0
13001298761332;2.6966908062382884;1.3633589539417308;0.803125679881075  -0.37754296476409976  -0.4609234774587795  2.3802114971648325  0.46098776612273584  0.8838591049070763  0.07926766148961621  -5.131096678213648  0.37746446428866703  -0.2761419787536762  0.8838926324895311  -3.0586797957491694  0.0  0.0  0.0  1.0
13001298761363;3.780503688669632;3.560689382767935;1.0  -0.0  -0.0  -3.3910477805541563  -0.0  1.0  0.0  0.42113100092838085  -0.0  -0.0  1.0  -1.9738740219549071  -0.0  0.0  -0.0  1.0
13001298761394;9.713878523349894;2.481823930045868;1.0  0.0  0.0  0.46563708016827565  0.0  1.0  0.0  -1.9712590418331533  0.0  0.0  1.0  7.76314054844719  0.0  0.0  0.0  1.0
13001298761425;4.539890497597582;0.1461581749793467;0.152181363463275  0.9845339186995286  0.08679743973532413  6.881933687920529  -0.9574961318181685  0.1686332443657701  -0.2340170644374436  0.3650583222158826  -0.24503467135836676  -0.04749517685853019  0.9683502558514004  -4.225962318425628  0.0  -0.0  -0.0  1.0
13001298761456;2.8219341713243176;1.8890926808130724;-0.600098731555446  -0.7859448592999159  0.1489032925276593  3.5143279670405985  0.797499022086197  -0.6023105291048381  0.03489034681695784  -11.426010428263947  0.062264132187807686  0.13968788304460947  0.9882360412236612  -2.524464140561917  -0.0  0.0  -0.0  1.0
13001298761487;4.817878682726937;2.430925028656328;-0.8555307197491898  -0.50035730383552  0.13307800743879963  1.5358996666085243  -0.03979583776366223  0.31981916898324986  0.9466424829087016  -1.0329872821905697  -0.5162203781933843  0.8045857739540969  -0.29352726191712986  3.605798501819096  0.0  0.0  0.0  1.0
13001298761518;2.4163432216525833;0.15696197482093063;-0.9486987170269326  -0.3068176357073452  0.07637854888912149  2.697204782919645  0.31009972794854884  -0.9500464927999077  0.035352796845955214  -9.923678561281603  0.06171631095333821  0.057224120242692834  0.9964519541978736  -1.3919723495939422  -0.0  0.0  -0.0  1.0
13001298761549;2.2392274259590965;1.678377238501045;1.0  0.0  0.0  -0.6221171029396552  0.0  1.0  0.0  1.1218984241379317  0.0  0.0  1.0  -0.13895133837931006  0.0  0.0  0.0  1.0
13001298761580;8.570690654168628;3.322193264187467;0.9449864087333019  -0.30777106451378  -0.11080459899026018  3.0875621995263254  0.3270838822739695  0.884802287285854  0.331875046320613  -9.679576254398766  -0.004101373663281129  -0.3498598065822586  0.9367930905340294  6.82718255201309  -0.0  0.0  -0.0  1.0
13001298761611;10.391644677470136;0.9940846509151533;1.0  -0.0  0.0  4.067483001861441  -0.0  1.0  -0.0  -5.588839268128527  0.0  -0.0  1.0  5.99463933274671  -0.0  0.0  -0.0  1.0
13001298761642;10.080782196489423;2.771953941374804;1.0  0.0  0.0  1.6776457378291108  0.0  1.0  0.0  4.041475933544459  0.0  0.0  1.0  -7.542602013498015  0.0  0.0  0.0  1.0
13001298761673;5.377260718947195;2.7760000919546055;1.0  -0.0  0.0  -4.974135590126441  -0.0  1.0  -0.0  -3.7278756603188214  0.0  -0.0  1.0  -3.08974139900128  -0.0  0.0  -0.0  1.0
13001298761704;4.0697080635330884;2.723938912585302;1.0  -0.0  0.0  0.2696697135851427  -0.0  1.0  -0.0  1.8681372436906374  -0.0  -0.0  1.0  2.842018087540028  -0.0  0.0  -0.0  1.0
13001298761735;7.748271368017596;0.4869013127549888;0.36483677749720583  -0.9198518333382301  0.1441066635855321  -1.724338764809297  0.9274636108473088  0.37265593746076664  0.03063988951203221  -7.3432922634925974  -0.08188636235373355  0.12247512800375568  0.9890876941307764  9.997875729558153  0.0  0.0  0.0  1.0
13001298761766;4.3143958585213165;0.9368803804580489;0.15327588741476686  0.8643088662898619  -0.4790372490631077  3.484526012791855  -0.9711825388637597  0.2212894029564169  0.08851822606297097  1.1333648799704832  0.18251295445353555  0.4516649021032361  0.8733200087394739  2.853750703126899  0.0  0.0  0.0  1.0
13001298761797;8.231005951784896;1.9040447242926892;1.0  0.0  0.0  3.1359320008699436  0.0  1.0  0.0  0.060749138912164824  0.0  0.0  1.0  -7.150437860601933  0.0  0.0  0.0  1.0
13001298761828;4.4334073516756565;1.2761724020255008;1.0  0.0  0.0  -4.22135139787879  0.0  1.0  0.0  0.013709318939392645  0.0  0.0  1.0  2.6151548047424242  0.0  0.0  0.0  1.0
13001298761859;2.6655230457662435;1.199997167193318;1.0  0.0  0.0  1.1564102227887685  0.0  1.0  0.0  -2.2122409607589177  0.0  0.0  1.0  1.8404297250798383  0.0  0.0  0.0  1.0
13001298761890;6.637126318209209;0.3562619306536294;0.6755213058748404  0.7362997419043739  0.03916191237291137  6.840108460555702  -0.7373093267426195  0.6740512124621096  0.04505462991418389  -6.84867586228034  0.006776577860114659  -0.05930980568096184  0.9982166222532023  2.3094006016117907  0.0  0.0  0.0  1.0
13001298761921;6.263021266226115;0.3984719388562682;-0.6671070744217378  0.7408588908145708  0.07807851918084834  4.551595170583545  -0.7338201679645242  -0.6715694680438166  0.10248126989778218  -2.914321222143664  0.12835930953767058  0.01107038808482257  0.9916659387932322  5.92430151877565  -0.0  0.0  -0.0  1.0
13001298761952;8.524152599894595;3.211984011418279;1.0  0.0  0.0  4.156935348225808  0.0  1.0  0.0  4.084457706466745  0.0  0.0  1.0  8.371079809018317  0.0  0.0  0.0  1.0
13001298761983;3.259695949088397;1.8768641889641042;0.6808804785473254  -0.5969146554627123  -0.424375621386287  -2.000142415343464  -0.5103404244283922  -0.8022842700907357  0.30966530506213097  -10.0499862397954  -0.5253136445281177  0.005730973635132669  -0.8508893763667402  -2.652523790347716  0.0  0.0  0.0  1.0
13001298762014;4.304140440760447;2.109779191358017;1.0  -0.0  0.0  2.077393906241667  -0.0  1.0  -0.0  0.04122021023809186  -0.0  -0.0  1.0  2.448868721333334  -0.0  0.0  -0.0  1.0
13001298762045;5.169410619190491;2.146768807361912;-0.9217700420769256  -0.08951890024363453  -0.37726165459621536  7.772860946226332  -0.12548018988430862  -0.8517524403666259  0.508696866784234  -4.915706327048668  -0.36687151903098464  0.5162403963549059  0.7738870341950611  -0.5675398691910175  0.0  0.0  0.0  1.0
13001298762076;7.251100765186261;1.2834222544241767;1.0  -0.0  0.0  7.496739158622967  -0.0  1.0  -0.0  2.3390643822154473  -0.0  -0.0  1.0  3.104934262151931  -0.0  0.0  -0.0  1.0
13001298762107;3.6083033742486865;2.3601778152536506;0.2459110636155977  -0.13286681594283836  -0.9601427800138155  10.248088758735806  0.965030225489  0.12635135110996948  0.22967803544382254  -6.5583203535052546  0.09079874825180068  -0.9830471734835009  0.15929168849004322  0.6013192836770422  -0.0  -0.0  -0.0  1.0
13001298762138;7.232928857269941;3.1643453025508674;1.0  0.0  0.0  2.5588966232701895  0.0  1.0  0.0  3.9801584555666327  0.0  0.0  1.0  4.891911808935859  0.0  0.0  0.0  1.0
13001298762169;6.764347421644368;1.8380392161653214;1.0  0.0  0.0  -0.4454053558402298  0.0  1.0  0.0  -0.5107689136206908  0.0  0.0  1.0  -7.07973603950632  0.0  0.0  0.0  1.0
13001298762200;2.173201777732865;1.1419299048117333;1.0  0.0  0.0  2.2810336553496504  0.0  1.0  0.0  0.4065996637062934  0.0  0.0  1.0  -0.1535543726503502  0.0  0.0  0.0  1.0
13001298762231;5.881331751981235;1.6513856707651482;0.11456050240570273  0.9868031820411017  0.11443500863857088  5.513496136089931  -0.9929334313627861  0.1101514799454527  0.04415713246974458  -0.5988726754965735  0.030969213271844893  -0.11868500907605518  0.9924488785070693  3.0813859149790406  0.0  0.0  0.0  1.0
13001298762262;12.753530724937347;0.12117356297191763;0.605309123936935  -0.7957650872045484  -0.01894176509827243  -7.8704056168449155  0.7890278006504778  0.6029850352077091  -0.11766128129605527  0.8136271613653615  0.10505234066583254  0.05627586784668443  0.9928731200001002  -4.493965988033302  0.0  0.0  0.0  1.0
13001298762293;4.0873319758586355;2.467471179829459;-0.023411385851217017  0.43042460534223914  0.9023228724400727  10.005440475284912  -0.5624700179853797  0.7404953150067013  -0.3678235546028189  -2.039799473924573  -0.8264861679907611  -0.51614082145196  0.22476491396755827  1.0702238478266237  0.0  0.0  0.0  1.0
13001298762324;5.257805486369847;2.2144713801255294;1.0  0.0  0.0  2.028599269610169  0.0  1.0  0.0  -0.014862783118644085  0.0  0.0  1.0  2.735609234423728  0.0  0.0  0.0  1.0
13001298762355;3.940223826782666;2.5129130451231823;0.2149602310072826  -0.3928325547387476  -0.8941334816584852  2.677925092491385  0.3241940360434007  0.8923234497840234  -0.31409725875822514  -1.9128805017541328  0.921243901515331  -0.22235432287897916  0.3191680263087825  -2.3053606469841603  -0.0  0.0  -0.0  1.0
13001298762386;9.483249247669189;2.5585770946761985;0.270118116435034  0.9609559120055308  0.059999486291217353  8.611778983332673  -0.3900577899973516  0.16619007161433963  -0.9056686924914671  -9.21722634434434  -0.8802790032915546  0.22123425430624535  0.4197192884364347  0.07180564661903878  -0.0  -0.0  -0.0  1.0
13001298762417;6.696026314562576;1.5741079367487074;1.0  -0.0  0.0  0.09663652893191443  -0.0  1.0  -0.0  -3.302375863789198  0.0  0.0  1.0  -3.43944293797054  -0.0  0.0  -0.0  1.0
13001298762448;6.742317045442832;1.5306080919951806;1.0  0.0  0.0  2.216840977787184  0.0  1.0  0.0  -9.03461254331603  0.0  0.0  1.0  -0.9352076104301101  0.0  0.0  0.0  1.0
13001298762479;4.7976364578938275;0.9358307225257089;1.0  -0.0  -0.0  -2.3453874174294267  -0.0  1.0  0.0  2.3700419391291634  -0.0  -0.0  1.0  -4.85760959923261  -0.0  0.0  -0.0  1.0
13001298762510;3.641411788076855;0.6355433849456755;0.09854562160955006  -0.9762732270098702  0.19281946656217433  -0.3507689971528984  0.9424055409134545  0.1537899747081101  0.29701925886194114  -1.864069067185283  -0.31962565121905573  0.15244418618961184  0.9352006272344883  -1.5851975703337318  -0.0  -0.0  -0.0  1.0
13001298762541;3.070002262790549;1.6635178911201867;0.8565045740082299  -0.48997620709412754  -0.16224435640302942  -0.092937254626781  0.4974500102700967  0.8674694678138954  0.006341111334624365  -2.1372358646428835  0.13763503182424316  -0.08613964762135416  0.9867302362461626  -2.718620119381449  -0.0  -0.0  -0.0  1.0
13001298762572;5.3165421424298245;1.6238584841417807;1.0  -0.0  0.0  2.90987377131074  -0.0  1.0  -0.0  0.3412474812706874  -0.0  0.0  1.0  -3.0619602722778616  -0.0  0.0  -0.0  1.0
13001298762603;8.701034267553123;2.1971389248527986;1.0  0.0  0.0  -0.8231015130630621  0.0  1.0  0.0  -2.562295887589527  0.0  0.0  1.0  5.511210883896396  0.0  0.0  0.0  1.0
13001298762634;3.6983118308243395;2.5239497906101205;1.0  0.0  0.0  2.5209611678846158  0.0  1.0  0.0  -0.8708423959230769  0.0  0.0  1.0  1.8445060870942303  0.0  0.0  0.0  1.0
13001298762665;3.264462073407414;2.41216199824182;1.0  -0.0  0.0  -0.6856959163124998  -0.0  1.0  -0.0  -0.5906190592281244  0.0  -0.0  1.0  -1.4579927390500005  -0.0  0.0  -0.0  1.0
13001298762696;11.28400940315467;0.19502218730314894;0.37112396497288436  0.928257766793183  -0.02458700898726662  1.7560837168081684  -0.9141581439023625  0.3605816288274844  -0.18519119009581966  -3.40925132575447  -0.16303953679949254  0.09120530324631813  0.982394880941444  6.210117008931781  0.0  0.0  0.0  1.0
13001298762727;5.9914853246080435;1.1436908533329058;1.0  -0.0  0.0  -6.784821821378876  -0.0  1.0  -0.0  -5.698726748975015  0.0  -0.0  1.0  0.9087871495901327  -0.0  0.0  -0.0  1.0
13001298762758;2.650189718750765;5.102432686039506;1.0  0.0  0.0  2.4319155990228056  0.0  1.0  0.0  1.8643119248813793  0.0  0.0  1.0  3.5759235304964125  0.0  0.0  0.0  1.0
13001298762789;12.47752396560415;1.5121821987476918;1.0  0.0  0.0  -0.2295341917619682  0.0  1.0  0.0  8.282346953554951  0.0  0.0  1.0  0.5749392485650128  0.0  0.0  0.0  1.0
13001298762820;2.5113803815995865;0.30086075950527075;0.02358645931120846  -0.9805560672614411  -0.19481652366761865  1.8096305964418367  0.9997209841992124  0.022885194107489005  0.005849926702144206  -8.02626013401261  -0.0012777671613424925  -0.1949001458373945  0.9808222573247629  -2.6727848585294667  0.0  0.0  0.0  1.0
13001298762851;8.315224491879562;2.1599957366204268;1.0  0.0  0.0  3.8351837570150997  0.0  1.0  0.0  -4.417692305430198  0.0  0.0  1.0  4.930073259851852  0.0  0.0  0.0  1.0
13001298762882;7.127338882949794;0.6746076175437413;-0.7721726701915054  0.628508833787141  0.09341313216486567  5.268449306187572  -0.6352876886193066  -0.7607158301658566  -0.13312016535374993  -3.6133839464225894  -0.012606351496847674  -0.16213596635724692  0.9866878981295659  -5.607985965520339  0.0  0.0  0.0  1.0
13001298762913;2.3308338239256097;1.8953288993466162;1.0  0.0  0.0  0.42536070167346907  0.0  1.0  0.0  -0.2919742670204064  0.0  0.0  1.0  -1.7859781826673462  0.0  0.0  0.0  1.0
13001298762944;13.120560348922597;2.3880139136384075;1.0  -0.0  0.0  -6.31290189290339  -0.0  1.0  -0.0  -6.056743889491197  0.0  -0.0  1.0  -3.1753542481205974  -0.0  0.0  -0.0  1.0
13001298762975;11.342250680316473;1.8880563242536677;1.0  -0.0  0.0  -3.9595846225518327  -0.0  1.0  -0.0  -5.299197291961723  0.0  -0.0  1.0  -6.896868062393939  -0.0  0.0  -0.0  1.0
13001298763006;4.458598501776789;1.2347295565720109;1.0  0.0  0.0  1.6378312357817209  0.0  1.0  0.0  4.153749523440863  0.0  0.0  1.0  1.2036358692764877  0.0  0.0  0.0  1.0
13001298763037;6.669679305647058;0.38591413697750737;0.7816048230919569  -0.6028655857770167  -0.16014676395458452  -5.671154429273077  0.5445546413286166  0.7846861100875189  -0.2961890464604995  -7.419370835932474  0.3042271242457714  0.1442941236553061  0.9416077010898405  -5.236742026712921  0.0  0.0  0.0  1.0
13001298763068;2.7376255445017748;2.314776470655103;0.9889517068302472  -0.14792858874980563  -0.00957361937990319  -4.043018236964786  0.09858785668190936  0.7045729933942189  -0.7027498356416587  -0.08510413001049802  0.11070210509474333  0.6940418068171406  0.7113726269105332  1.2715131942781563  0.0  0.0  0.0  1.0
13001298763099;6.456555758447102;1.8486966721022946;0.541798045345938  -0.7418442023767109  0.3951228384431614  -6.060690446089408  0.8395560606996411  0.5000318308902675  -0.21240006835928749  -10.560968720520737  -0.040006237036538175  0.44680571560420673  0.8937360647873568  -1.0383748951817926  -0.0  -0.0  -0.0  1.0
