# registration_from_features.py FastGlobal FastGlobal_config.json euclidean False --input_txt=/neural_comparison/point_clouds_registration_benchmark//eth/gazebo_summer_global.txt --input_pcd_dir=/neural_comparison/point_clouds_registration_benchmark//eth/gazebo_summer/ --input_features_dir=/neural_comparison/experiments/3DFeatNet/feature_extraction_voxelgrid_0.1_npz//eth/gazebo_summer/ --output_dir=/root/neural_registration_comparison/results/3DFeatNet/FastGlobal/
id;initial_error;final_error;transformation
36535719080030;2.8719654907800902;1.488830718994599;1.0  -0.0  -0.0  -7.561338660852322  -0.0  1.0  0.0  5.0014864807952275  -0.0  -0.0  1.0  3.571816135352104  -0.0  0.0  -0.0  1.0
36535719080061;2.8185456084080336;3.4057837534668005;0.3883653039306901  0.15125797425715962  -0.9090068294168322  -4.837587865514555  -0.9205447488385012  0.018647987243477566  -0.3901917707456516  7.094670849155858  -0.04206846905560152  0.9883184091148902  0.1464819651558864  0.4833860751622796  0.0  0.0  0.0  1.0
36535719080092;1.9001870719663094;1.5054028973679254;0.7970850039850764  -0.0832267555332988  0.5981043417209997  0.32435208528698134  -0.042379727286330965  0.9803049176021721  0.19288915791234  -0.7414125483686956  -0.6023781662189018  -0.17909655409414252  0.7778592219510908  -1.9248028111815731  0.0  -0.0  -0.0  1.0
36535719080123;2.152334886682317;0.07761225590651687;-0.15282042198576998  0.9704904698390753  -0.18653194518801203  3.389986247554198  -0.9878059768935764  -0.15568819077793208  -0.0007343470706347797  -0.5442402297110992  -0.02975349790221531  0.18414514710908492  0.9824486216381793  -2.6411650477624384  -0.0  -0.0  -0.0  1.0
36535719080154;3.7084111945439853;0.5186153526759028;-0.6383172674529701  -0.7671777965553769  -0.063160862437196  2.3386850261816217  0.7539106777431873  -0.6396268615586184  0.1499872259810103  10.773214556372173  -0.15546625375360396  0.04812178763417908  0.9866684030102061  -3.733394490130363  0.0  0.0  0.0  1.0
36535719080185;2.3222284832250804;2.2326989739715595;1.0  -0.0  0.0  -1.802861602168782  -0.0  1.0  -0.0  -0.9626151400612377  0.0  -0.0  1.0  -4.7363991017136335  -0.0  0.0  -0.0  1.0
36535719080216;4.7404660091141455;2.581833058645784;0.8384571408461231  0.22135519200842954  -0.49798745158392843  2.3361706342764585  -0.06459968512519929  0.947720206406995  0.31249526564351016  -2.004000997130941  0.5411252199314585  -0.22984405439078548  0.8089222502906789  -10.013432980840143  -0.0  -0.0  -0.0  1.0
36535719080247;2.9917173628249674;0.5058206234553451;-0.4715669366247673  0.8675169948735008  -0.1582368095228824  6.773773114929267  -0.6492938118495644  -0.46299957110155526  -0.6033646849573113  3.0232089096507355  -0.5966926932485378  -0.18178465492286153  0.7816087058486376  -1.5911625300058905  0.0  0.0  0.0  1.0
36535719080278;1.8936058971638152;3.1641307164590193;1.0  -0.0  -0.0  -2.22612966419229  -0.0  1.0  0.0  5.689857307588139  -0.0  -0.0  1.0  -6.711116074571587  -0.0  0.0  -0.0  1.0
36535719080309;2.0474131250721026;1.8592701549955484;1.0  -0.0  0.0  2.5002201462604052  -0.0  1.0  -0.0  0.5096189652409495  -0.0  0.0  1.0  -1.5612793023869211  -0.0  0.0  -0.0  1.0
36535719080340;2.643359974182583;3.080865544072244;0.29331479539144667  -0.45835059936679273  -0.8389762564367216  5.536927012385275  0.32931896552472495  -0.7754240102225981  0.5387639773741673  1.0218526687037537  -0.89750512519439  -0.43431823865733293  -0.07649978966894606  4.637100816222871  -0.0  0.0  -0.0  1.0
36535719080371;4.184735305781556;0.02067691313992684;-0.9759572048787757  0.15603318673845173  -0.15218797219705305  2.952225161197408  -0.1456856800026199  -0.9863305061570917  -0.07699230653818681  4.593640829637219  -0.16212099459163704  -0.0529695880684315  0.9853481647887095  -4.5334319777154635  0.0  -0.0  -0.0  1.0
36535719080402;2.5739270336253104;2.2933423458704922;-0.5228204236180412  -0.3125504334080442  -0.7930769390319542  7.86238786789328  0.17934914034880692  0.8692021110441311  -0.46078365423761297  1.1639249651390988  0.8333622804663013  -0.3831447725506228  -0.39838096435841014  -0.42749969764608514  0.0  0.0  0.0  1.0
36535719080433;2.734748311517099;1.7731271647910387;1.0  0.0  0.0  -0.10469181604326971  0.0  1.0  0.0  2.724206686830132  0.0  0.0  1.0  -4.6526942069221136  0.0  0.0  0.0  1.0
36535719080464;3.7323423107611307;0.11255742036247432;0.3233066313970644  0.9012942541453691  0.2883426599364492  -0.7614990222422602  -0.9448830717245779  0.29083823016758137  0.15036324232110027  1.6420772080287844  0.051660457440945044  -0.3210635315907631  0.9456476118615538  9.197753047693412  0.0  0.0  0.0  1.0
36535719080495;4.095283908390811;5.09495416330556;-0.19585933260445237  0.14474467925619003  -0.9698907668695277  10.735172880590067  -0.969326382165637  0.1211750608321481  0.2138292998398522  11.431998990116199  0.14847722609684944  0.9820211721034058  0.11657156973824019  -0.4256137108918626  0.0  0.0  0.0  1.0
36535719080526;2.3278553928468253;3.0648721663505274;-0.9424693828083981  0.21918172164595043  0.25241005400949323  -0.6171505715804643  0.11769845319535241  0.9242755311967755  -0.36312782397709403  2.051837620541235  -0.3128874183858786  -0.3125285832163762  -0.8968987390383514  6.890895210140209  0.0  -0.0  0.0  1.0
36535719080557;2.2194490343578286;2.784195409802006;-0.7487615914082704  -0.44214939808616693  0.4938218190843702  9.544220342004381  -0.565000713748477  0.03617554583475613  -0.824296987345744  4.293107784722922  0.34659814294867175  -0.896211604285282  -0.2769015847714382  5.266220676345416  0.0  0.0  0.0  1.0
36535719080588;3.796227498088121;3.821832556604969;1.0  -0.0  0.0  5.602000659013064  -0.0  1.0  -0.0  -0.8602051453041004  0.0  -0.0  1.0  2.3971503037548807  -0.0  0.0  -0.0  1.0
36535719080619;2.4973131938563013;3.0521557350638027;-0.4655651841827104  0.16344279296927253  0.8697904993176935  12.518059078726584  0.8169096488798617  0.4574322746561377  0.3513037712150177  4.60073103329413  -0.3404521770291693  0.8740950563464563  -0.3464825358178731  -0.8815106465591735  -0.0  -0.0  -0.0  1.0
36535719080650;2.045757500568744;3.765180240154619;-0.49485088020420787  -0.08309987464027793  -0.8649953856500571  -11.252623661644266  -0.6422088791956427  -0.6356018006496146  0.4284601574163502  5.973120868699773  -0.5853976100424372  0.76753160315764  0.26116063315681015  -0.4662648394005089  0.0  0.0  -0.0  1.0
36535719080681;3.422151150058385;3.9895435162395954;-0.12228704644236052  -0.719085070375431  -0.6840778755635688  -3.3034494744543235  -0.29517790552389217  -0.6317116970328189  0.7168056472450836  2.1858790570882483  -0.9475842349696051  0.28958071999889395  -0.13500786733368472  18.09825037153212  0.0  0.0  0.0  1.0
36535719080712;2.329822326641319;5.101755934389439;-0.36990994767158114  0.24795918580333914  -0.895367451267553  -6.687750119135728  -0.0689671263007298  -0.9683965772401376  -0.2396906437043502  3.878797258626551  -0.926504272037333  -0.02691303337291195  0.3753205596969627  5.2567249750697895  0.0  0.0  0.0  1.0
36535719080743;1.5817497009913515;4.588668619264272;0.2301463870354091  0.7857791038164572  0.5740939300671553  -7.629405912032821  0.47524610621545277  -0.6055517567588555  0.6383166991496599  2.9941209437107523  0.84921951170566  0.12592962277267916  -0.5128040084152344  1.2503556536511737  -0.0  0.0  0.0  1.0
36535719080774;4.455523395855616;2.3042817599616234;0.39226812036490194  -0.8218235742599025  -0.41319696820773766  8.165291094258457  0.7803543187136034  0.5351396604003752  -0.3235315767148557  -2.69010747080127  0.48700396200689766  -0.19552891514364587  0.851231804112331  -8.229542525280745  0.0  0.0  0.0  1.0
36535719080805;2.6623006804379994;0.7613416672821219;0.20537052337081904  -0.5242374739427994  0.8264369419650058  9.967407182723019  -0.2779477910101467  0.7784236622718779  0.56285133693349  4.563894956776229  -0.9383858340805115  -0.34529939607434973  0.014154627077865042  0.8627838731775243  0.0  -0.0  -0.0  1.0
36535719080836;2.3641851278479833;3.1025083097165314;1.0  -0.0  0.0  4.89408071161623  -0.0  1.0  -0.0  3.212743707303721  -0.0  0.0  1.0  -0.08397529512093937  -0.0  0.0  -0.0  1.0
36535719080867;2.3245937370798613;2.42884509125153;0.4618177918528836  0.6732569792071974  -0.577450748615781  3.1343986205400065  0.24740159722688257  0.5274200527945587  0.8127856652277846  -3.3961677625607414  0.8517727260353646  -0.5182211186925763  0.07700711216050761  -0.7224157538595932  -0.0  -0.0  -0.0  1.0
36535719080898;1.1108467191895781;2.8824004423982;1.0  -0.0  0.0  1.107112448596582  -0.0  1.0  -0.0  0.3388965859394917  -0.0  -0.0  1.0  7.463067697911381  -0.0  0.0  -0.0  1.0
36535719080929;3.0133446968971027;5.661326544544778;0.8460828976116639  -0.1243301500623516  0.5183490562878682  -6.804112191623676  0.3380490842851333  0.8770121081319745  -0.341427267223772  -5.170724679812365  -0.4121486952339325  0.46410319539449774  0.7840546390664257  4.084009640653446  -0.0  -0.0  -0.0  1.0
36535719080960;4.172447019856412;6.714040219955681;0.6254683543494712  -0.7019617228543408  -0.3406450900199981  2.030690975454733  0.039770035373413566  0.4646991897564564  -0.8845750433547671  17.60075268394469  0.7792353187540736  0.5397262293858429  0.31857168003320224  -0.5074229522700644  -0.0  0.0  -0.0  1.0
36535719080991;2.0023267432930947;3.2546213575778764;-0.5339546329959148  -0.8122297826511667  -0.23489408267693235  -0.5559072276947008  -0.36114954694073953  0.4702880244363166  -0.8052329966017826  -3.009493438201808  0.7645020959073285  -0.3451259976388705  -0.544448887506511  4.78230536643368  0.0  0.0  0.0  1.0
36535719081022;5.2049478600741095;2.884287832570019;-0.21274079283374775  -0.95242368387446  0.21824408688317762  -7.43181320717648  0.22921246705361908  -0.26576899489499134  -0.936391203664206  1.3307586182313096  0.9498436713542189  -0.1491843414957134  0.2748472889457497  1.2690995401410563  -0.0  0.0  -0.0  1.0
36535719081053;2.759339837400279;1.4578791874886883;0.9310143831450486  -0.16505502693334814  0.3255288872912455  -0.14888232249896952  0.3339654352206479  0.7450557678925253  -0.5773724887868851  5.904458642306987  -0.1472389434046846  0.6462574880139589  0.7487803100582706  -0.6169072022608502  0.0  0.0  0.0  1.0
36535719081084;2.627616704218367;4.554057041045963;0.40978247130936835  0.2734086042492547  -0.8702448283845543  3.560241697001148  0.7151206800869476  0.49597185323330284  0.492558964706061  9.145975726622975  0.5662867993513261  -0.8241721033393438  0.007720424705480419  -1.978478295927056  0.0  0.0  0.0  1.0
36535719081115;3.3642234081663633;5.270963636258176;-0.4914388820762052  -0.8095173067972126  0.32120017929552425  8.389412134684234  -0.44953358637410296  -0.08009986857206162  -0.8896648614935704  2.3543855343306404  0.7459271947752845  -0.581606173497606  -0.3245410282909513  6.023292055320759  0.0  0.0  0.0  1.0
36535719081146;2.4293434851076756;0.5836798047570493;-0.22451730875381265  -0.8673994016143143  0.4440836139164275  3.724738154164105  0.9255866828952799  -0.047297834468938524  0.3755691777841491  -3.0624503652273827  -0.30476428681336404  0.49535966018003297  0.8134725173903931  -1.4878062584735854  -0.0  -0.0  -0.0  1.0
36535719081177;3.5423989428844522;0.37418549648666066;-0.25909884716127163  -0.8143071322489119  0.5193954964843774  6.7523525719355595  0.8968998162435844  -0.40238923132452487  -0.18344924675856308  -3.4157542425385405  0.35838318462495705  0.41831423700683523  0.8346105032261841  6.598497231865562  -0.0  0.0  -0.0  1.0
36535719081208;2.4968567701157345;1.7453076088805397;-0.7799001997020392  -0.521173416676275  -0.3466034452435473  8.872126686695685  -0.3565201669396964  -0.08524320698451854  0.9303907599650187  2.5109220611473893  -0.5144405204394495  0.8491830576577544  -0.11932763936748861  6.761117904498856  0.0  0.0  0.0  1.0
36535719081239;2.6254413723760552;1.9663617024405968;1.0  -0.0  -0.0  -5.868926179838717  -0.0  1.0  0.0  0.550037446818548  -0.0  -0.0  1.0  -0.22350029046908704  -0.0  0.0  -0.0  1.0
36535719081270;4.852975213123584;2.9803384478863397;1.0  -0.0  0.0  0.42438830934956595  -0.0  1.0  -0.0  -0.8672078366542921  0.0  0.0  1.0  -9.215170258395094  -0.0  0.0  -0.0  1.0
36535719081301;1.4134837583742463;0.4901556636153909;0.9252123997363961  0.2615868012142901  -0.27487153509320245  0.793188442669744  -0.37921670234492605  0.6120582951257855  -0.693959174613577  3.1665632551812886  -0.013293157512720944  0.7462955103698474  0.6654820081453373  -1.2987191232373376  -0.0  -0.0  -0.0  1.0
36535719081332;2.6207414559357245;2.697945837776022;1.0  -0.0  0.0  1.4635330069851862  -0.0  1.0  -0.0  0.7997509844393105  -0.0  0.0  1.0  -0.2826368023786223  -0.0  0.0  -0.0  1.0
36535719081363;4.7790429741920475;2.1685990327158966;-0.7956960772173584  0.02386573135793499  0.6052257261284079  3.6203900421671125  0.5902886557600294  -0.19338751638759274  0.7836839741799344  -7.400313026207432  0.13574629122714738  0.980832144340809  0.13979001769041027  -1.301656417768584  -0.0  0.0  -0.0  1.0
36535719081394;1.4663573651430153;2.257174215754372;-0.26921231328863354  0.40453084572853676  -0.87400201671846  8.29501216875872  0.016271733419700094  0.9092873754275683  0.415850573619375  -0.40994875278066817  0.962943384143274  0.09773056708215434  -0.2513737758647462  -5.2556210866458555  0.0  -0.0  0.0  1.0
36535719081425;2.332117443040167;2.5072080713081446;0.5525128915144224  -0.44436091583608933  0.7051757803467751  6.0922174234850255  -0.06769123454432924  0.8193208055957492  0.5693253149859028  9.191590609371412  -0.8307511068161373  -0.3622937951376547  0.42260596840143977  5.234837838012284  0.0  -0.0  -0.0  1.0
36535719081456;3.9542146055036578;2.7034545286664904;-0.6784761302217921  0.5690789950102498  0.46456349206258724  -2.568140541433646  0.17588927482279515  0.7398303728752703  -0.649395089582257  9.312015709421223  -0.7132552865009638  -0.3588873316367704  -0.6020521401581975  5.583438378587351  0.0  -0.0  0.0  1.0
36535719081487;3.3533169379046845;1.2962304744491455;-0.3383534502239157  -0.5997937111924136  0.7250961637849188  11.018994111564218  0.45487941642469615  0.5702886362636774  0.6839996987292066  2.288869412296432  -0.8237728201602058  0.5612649778514155  0.07987468561910116  3.844358600911103  -0.0  -0.0  -0.0  1.0
36535719081518;3.0920879439740774;0.0645061720587005;-0.32896117663117397  -0.8989333347397171  0.289315405678936  0.09980844034718064  0.8915827479697376  -0.39661774938446237  -0.21857393347774648  -7.66208922682491  0.3112310199709593  0.18604628608746163  0.931945294339157  4.067481501240995  -0.0  0.0  -0.0  1.0
36535719081549;1.5294161413651834;3.8557202315381973;-0.5374678906916435  0.7433553117258621  -0.3981848151354083  0.9320974393588163  -0.4912918135173602  -0.6597935693161233  -0.5685989798266555  2.803994909788125  -0.6853908523217229  -0.10997875439390364  0.7198222371778096  -3.1612332178752522  0.0  -0.0  -0.0  1.0
36535719081580;3.0692450464075005;0.1627482864577878;-0.0053909081684129926  -0.9880058711769439  0.1543221845005049  -3.09823318225594  0.7332398149516888  -0.1088397583610023  -0.6712028611154249  0.728070356960835  0.67994875680358  0.10953677701944112  0.7250319872953597  2.6270394911231087  -0.0  0.0  -0.0  1.0
36535719081611;4.067373545893354;0.20701085357254354;-0.2678259923116093  -0.8268463375665706  0.494564830831156  2.7620739748953778  0.9080110935790104  -0.3882574011035092  -0.1573913734160699  3.145602415232771  0.3221569365693513  0.40691685212227047  0.8547710709184961  5.640890513682982  -0.0  0.0  -0.0  1.0
36535719081642;1.8617882493278746;1.9312339777859813;1.0  -0.0  0.0  3.8705454553906655  -0.0  1.0  -0.0  0.9499590193591336  -0.0  0.0  1.0  -0.17000458893688708  -0.0  0.0  -0.0  1.0
36535719081673;1.5998785025075408;4.1691733937514055;0.44920750564568257  0.6435019545927647  0.6197724189626995  -9.358428229737367  -0.7493685691582553  0.6491022553155371  -0.1308167026873541  4.886649817175681  -0.4864764788037469  -0.40567412609085035  0.7738017439830016  0.9831025138521552  0.0  -0.0  -0.0  1.0
36535719081704;1.9756325052656099;3.9280233874579875;1.0  0.0  0.0  -4.421693472615914  0.0  1.0  0.0  -3.5091442256601564  0.0  0.0  1.0  2.179113775189823  0.0  0.0  0.0  1.0
36535719081735;3.6039393451346733;2.2994089480064903;0.7760212343562256  0.5662119299250253  -0.27784005153832314  -9.58162491393777  -0.06522504289504381  -0.36611340888617766  -0.9282815659125643  9.986385764488125  -0.6273250653429839  0.7384883358891468  -0.24718058206117094  9.24045053899866  -0.0  -0.0  0.0  1.0
36535719081766;4.290345428514503;2.4897008714248714;1.0  -0.0  0.0  8.8812240403677  -0.0  1.0  -0.0  -0.7332668925809394  0.0  -0.0  1.0  3.2050519783088514  -0.0  0.0  -0.0  1.0
36535719081797;3.80649089162507;1.1078720412818726;0.23662128567183113  0.9482057463031375  0.21193449423046123  10.403969406502322  0.10472441858215585  0.19196799731531397  -0.9757976655840992  -8.774954303421469  -0.9659415941554844  0.2530892148718699  -0.0538765811452591  2.3804755387773118  -0.0  -0.0  0.0  1.0
36535719081828;1.9802991795936433;0.03846265773117682;0.1564864269502767  -0.9854233165077088  0.06672994427754637  -2.1769895593235646  0.9786349792346233  0.163821716301944  0.12424179122313135  -1.9226353854622156  -0.13336257195623688  0.045862103645974095  0.9900056019287886  1.88724868073695  -0.0  -0.0  -0.0  1.0
36535719081859;4.6068693402346454;2.3574738345021844;1.0  0.0  0.0  7.074375677741571  0.0  1.0  0.0  4.1488276970430675  0.0  0.0  1.0  -3.275902401899773  0.0  0.0  0.0  1.0
36535719081890;4.508629332811153;2.4089165430777193;1.0  -0.0  0.0  -12.246410008641499  -0.0  1.0  -0.0  -3.986363041640112  0.0  -0.0  1.0  1.2911720918173775  -0.0  0.0  -0.0  1.0
36535719081921;2.2999981710951882;0.9208644462380818;-0.5118795580068887  -0.6391374745854678  0.5740057549146882  6.36667461751094  -0.0025628038480710546  -0.6670419276325219  -0.7450157708510091  -4.849871557289502  0.8590534035385157  -0.38282940764888657  0.3398071431092848  -2.424487921614079  -0.0  0.0  -0.0  1.0
36535719081952;1.2152378562390587;2.544059336416026;-0.09115102877485433  0.3065806469882886  -0.947470208948824  -1.993894010673386  -0.654719521271444  0.6984465950469589  0.2889891041776544  -2.1878352844232407  0.7503558078800867  0.6466688957724444  0.13706020874443745  0.9519600229686551  -0.0  -0.0  -0.0  1.0
36535719081983;1.4321260052918148;1.7025025219943477;1.0  -0.0  -0.0  -0.13281933372701982  -0.0  1.0  0.0  3.7023864719764523  -0.0  -0.0  1.0  -0.2224817268876249  -0.0  0.0  -0.0  1.0
36535719082014;2.1446172376713286;2.471265744230063;1.0  -0.0  0.0  2.965596459322106  -0.0  1.0  -0.0  -1.818782115618236  0.0  0.0  1.0  -1.5740437997403163  -0.0  0.0  -0.0  1.0
36535719082045;1.9741406690068724;0.059923248827361865;0.5252382537593823  -0.850069862486173  -0.03880728901294866  0.5825926585423167  0.8404923806955821  0.5253699039987304  -0.1325104598325677  -5.470895757737629  0.13303133007103407  0.036982331796475844  0.9904216134325959  2.327475492610256  -0.0  0.0  -0.0  1.0
36535719082076;2.7263856166451443;0.29924034896887824;-0.8859871581072231  0.3704778307991129  -0.27887798865358626  7.474289233958265  -0.3454277885666494  -0.9285248474859803  -0.13609280101126695  -4.373257092178299  -0.3093645075877977  -0.024244267106300767  0.9506344286619539  1.949448242246561  0.0  -0.0  -0.0  1.0
36535719082107;1.536577084651521;1.7269753571156379;0.6639900548786919  -0.7457909984589691  0.053972156152646104  3.4581367896798616  0.7416591936251923  0.6660588540351648  0.07941815581209588  -4.001521171899985  -0.09517797819571178  -0.01270391982565365  0.9953792055732543  0.3814609917851182  0.0  0.0  0.0  1.0
36535719082138;2.448192473659257;0.341373803656991;-0.7835717847933102  0.21588270623521558  -0.5825889762297138  4.327770619629293  -0.19157260603957074  -0.9759543841666847  -0.10398546360446106  7.527257223399436  -0.5910289288106234  0.030128013117144414  0.8060875313107003  2.9625899531341857  -0.0  -0.0  -0.0  1.0
36535719082169;2.751939271344588;2.874890212624304;0.8785278330526675  0.32852124152875817  -0.34678904310284586  -7.117342139045744  0.4776154141551766  -0.6170196577431415  0.625436054381193  6.456359494785442  -0.008506627602232092  -0.7150947740145618  -0.6989757516995103  -3.9507058908011587  -0.0  0.0  0.0  1.0
36535719082200;3.495996902324403;4.959498832542633;-0.7162291378876858  0.6863314636321569  -0.126352459687988  -3.476970413117026  0.44394482247144706  0.5877935314941339  0.6763222301051856  13.30861142032705  0.5384503845680289  0.42830816751749956  -0.7256881540967474  5.485443754163371  0.0  -0.0  0.0  1.0
36535719082231;4.028218031238248;5.981199984887708;-0.9993781634197718  -0.019413572060405653  -0.029434668328023647  11.195150264567365  0.027210911103890387  -0.9555212611030843  -0.2936642400716661  -18.965294889546247  -0.0224243795147478  -0.2942825730481313  0.9554553440132877  8.819916570130761  0.0  0.0  -0.0  1.0
36535719082262;2.352339194995012;3.471027877161249;-0.2479932455938105  -0.5969192695221539  -0.7630116223315255  3.787690354799775  0.939783338199343  0.042964591559593784  -0.339059465455566  -2.5361322953149243  0.23517361115300522  -0.8011500668072472  0.5503198552405671  4.823744572354942  -0.0  0.0  -0.0  1.0
36535719082293;4.915635355433878;2.44996698431031;1.0  0.0  0.0  6.845040975397298  0.0  1.0  0.0  1.285765676970911  0.0  0.0  1.0  9.586262839778113  0.0  0.0  0.0  1.0
36535719082324;2.6136203318699214;0.18506184682486884;0.20427662422443493  0.9768918267869331  -0.06287622406249878  7.4700538935178376  -0.9788060079876558  0.20478300881875072  0.0016486438094254511  5.42214417923415  0.014486529009391064  0.061206846480013934  0.9980199709531027  -3.8630098452888557  0.0  0.0  0.0  1.0
36535719082355;2.6932219088290648;2.3115365072061;1.0  -0.0  -0.0  -0.07703326195413474  -0.0  1.0  0.0  0.023640749415293705  -0.0  -0.0  1.0  6.284381452357021  -0.0  0.0  -0.0  1.0
36535719082386;4.785475193293865;1.891770892643416;1.0  0.0  0.0  3.681190573688661  0.0  1.0  0.0  3.0498118834665964  0.0  0.0  1.0  -8.77336813043874  0.0  0.0  0.0  1.0
36535719082417;2.477038884971137;0.5872573300299191;-0.9399081616051703  -0.08174077169985224  0.3314982563904401  0.09209081474503283  0.0885364968724281  0.8793557629375903  0.4678618716138409  -1.5659987505642068  -0.32974829259534943  0.46909688597384697  -0.8192766169616291  -2.551321494048975  -0.0  -0.0  -0.0  1.0
36535719082448;2.815184467780424;1.9422672754846497;1.0  -0.0  -0.0  -5.863693449075891  -0.0  1.0  0.0  7.042128343002185  -0.0  -0.0  1.0  -1.5918836300103716  -0.0  0.0  -0.0  1.0
36535719082479;3.430440585461284;0.36511167188120913;0.5896390722652252  0.7550073961402253  0.2868616325543745  2.4995535526647203  0.7239483644840994  -0.6515293671828782  0.22673387320617905  -3.3322172797609784  0.35808452915338373  0.07398185907258527  -0.9307535412283775  8.820749023672777  -0.0  0.0  0.0  1.0
36535719082510;3.752685809770862;0.13651213109784494;-0.44125946231084906  -0.8931952047514494  -0.08655872648184222  1.3268373737354129  0.8973731700023241  -0.43883459511202993  -0.046320534246073096  -5.155521096461926  0.0033883153810456  -0.0981148528097485  0.9951693298012153  3.122517521452719  0.0  0.0  0.0  1.0
36535719082541;1.6713742885955687;0.6558655598078844;-0.006075504826612346  -0.5071385983018408  0.8618431007750451  0.3055748993956332  0.7689172354381142  0.5486441895454338  0.32826184414921095  1.6388958115507408  -0.6393194610578593  0.6646803708478825  0.3866143185685353  1.1960477797356537  -0.0  -0.0  -0.0  1.0
36535719082572;5.705872389959219;3.587815931326883;1.0  -0.0  0.0  -4.546652304957093  -0.0  1.0  -0.0  -1.4677249380098432  0.0  -0.0  1.0  -9.4383566711666  -0.0  0.0  -0.0  1.0
36535719082603;3.111669804062568;1.3107118546102223;1.0  -0.0  -0.0  -0.09796087142514343  -0.0  1.0  0.0  3.8194130532474118  -0.0  -0.0  1.0  2.111170239397364  -0.0  0.0  -0.0  1.0
36535719082634;4.355140868473985;2.25211592944929;-0.8224016628742505  -0.1308946069822206  -0.5536443865556995  9.330203206867004  -0.45004749756223883  0.7449955092254058  0.4923808903399334  -5.794279411096718  0.34801257856524903  0.6541011336918388  -0.6715943359375639  -1.8727255356781218  0.0  -0.0  0.0  1.0
36535719082665;2.7201030154491477;1.440607278167102;-0.9005306261539019  -0.16283363361446487  -0.40314984698344225  0.9053764519320626  0.10822551528590967  -0.9819873572186653  0.1548808190312841  1.240079915990353  -0.4211078593424283  0.09584382101425246  0.9019324435751398  -0.33602350152618765  0.0  0.0  -0.0  1.0
36535719082696;3.2991237738734345;1.7976327042698002;1.0  -0.0  0.0  6.2100069083107545  -0.0  1.0  -0.0  -0.7244054672466103  0.0  -0.0  1.0  2.8055284766313626  -0.0  0.0  -0.0  1.0
36535719082727;1.2878238866021425;1.7095219616249167;-0.1954582581227306  0.8086335880582741  0.5548943949938837  4.526202931972556  -0.9739918879638432  -0.2261819239681423  -0.013473657658558402  3.047301277631303  0.1146118297221454  -0.5430961770571316  0.831811679981515  3.6888054907611334  0.0  0.0  -0.0  1.0
36535719082758;3.2221881761895412;0.16560058473392433;-0.6638634954640846  0.6880058388052281  0.2931436937068962  11.666775388603474  -0.6718036800185794  -0.7208525411196124  0.17044479890830283  0.11903876679776365  0.3285803933647006  -0.08378293221959351  0.9407525420454541  3.225500873707397  0.0  0.0  -0.0  1.0
36535719082789;4.375691271181936;2.9960075513543494;1.0  -0.0  -0.0  -10.247058129131275  -0.0  1.0  0.0  2.9576123693444325  -0.0  -0.0  1.0  -3.7641056743478005  -0.0  0.0  -0.0  1.0
36535719082820;2.9711958970592893;2.7674786229529627;-0.9918294655710831  -0.08331109336965252  -0.09661041841608779  9.312234887113606  -0.012864431730794983  0.818765056605732  -0.5739845716373012  5.895880076584744  0.12692051694356604  -0.5680519728008749  -0.813147058394613  7.22024578295207  0.0  0.0  0.0  1.0
36535719082851;3.748982682712409;2.454762395112934;0.30826517596145386  -0.23400920376374565  0.9220695601977708  -1.1968600973617403  0.8051628075671287  0.5803938111931269  -0.12188468828911773  4.282498120398129  -0.5066413273708266  0.7799889207434768  0.3673307078333537  0.9644638846034234  -0.0  -0.0  -0.0  1.0
36535719082882;4.963661102647681;3.8554894348813455;-0.30602611137842867  0.8037448891196848  0.510237368651672  -2.54666569998532  -0.8451545978727611  0.017356105963963704  -0.534240087676225  12.98654153250337  -0.4382484738697105  -0.5947208746964845  0.6739772669394096  2.4764885845202835  0.0  0.0  0.0  1.0
36535719082913;2.817358654932551;1.8738305601802834;1.0  -0.0  -0.0  -1.0320513078850917  -0.0  1.0  0.0  0.785707790182208  -0.0  -0.0  1.0  -2.357711314535184  -0.0  0.0  -0.0  1.0
36535719082944;2.334751411184137;2.2244697539692644;1.0  -0.0  0.0  3.8366751640153414  -0.0  1.0  -0.0  3.8399526135834594  -0.0  -0.0  1.0  3.457295230286758  -0.0  0.0  -0.0  1.0
36535719082975;3.599500676289258;1.3382264073126013;0.8342735102421908  -0.441395662343415  -0.3303900412733314  -6.562696144788732  0.5497506738000242  0.6203363632029045  0.5594255921430594  2.51923088145452  -0.041975073133887326  -0.6483461002833376  0.760187758045862  5.648383010014376  -0.0  0.0  -0.0  1.0
36535719083006;4.488115034885534;3.4183094213881744;-0.7704584008401467  0.5354438295972295  0.34596785677443687  7.94652992317552  -0.0053957449697218385  -0.5481608259240368  0.8363555433298087  2.0544119028281704  0.6374674411380291  0.6425104001247994  0.4252242316947638  -0.30179571061995536  0.0  0.0  0.0  1.0
36535719083037;2.300426924388642;2.042719432992307;0.6376315238143496  0.7676887462129532  0.06387510294453642  -1.2774148762542896  -0.6110698477278481  0.5545453731488499  -0.5648655329519301  -0.5992536554970651  -0.4690625555680785  0.3211439210964257  0.8227070565558304  3.9290472769347913  0.0  0.0  0.0  1.0
36535719083068;5.209340635066207;0.060739333531147265;0.5069914978929215  0.8619510474281381  0.00011358620453637255  -3.6855961316162964  -0.8617453920342274  0.5068734030392585  -0.021776882218898914  0.9450962905232352  -0.018828180264330762  0.0109428117472394  0.9997628491292307  7.584606490401977  -0.0  -0.0  -0.0  1.0
36535719083099;3.2857786138404523;2.9866423982634407;1.0  -0.0  0.0  -0.7626685205163044  -0.0  1.0  -0.0  -8.326353271681523  0.0  -0.0  1.0  6.296526370974458  -0.0  0.0  -0.0  1.0
