# registration_from_features.py FastGlobal FastGlobal_config.json euclidean False --input_txt=/neural_comparison/point_clouds_registration_benchmark//eth/hauptgebaude_global.txt --input_pcd_dir=/neural_comparison/point_clouds_registration_benchmark//eth/hauptgebaude/ --input_features_dir=/neural_comparison/experiments/3DFeatNet/feature_extraction_voxelgrid_0.1_npz//eth/hauptgebaude/ --output_dir=/root/neural_registration_comparison/results/3DFeatNet/FastGlobal/
id;initial_error;final_error;transformation
3394309160030;3.936759879304484;1.5375957773694344;-0.5246737970139547  -0.8242652770893273  -0.21284773832910403  14.218955516172919  0.8499660870684544  -0.493203068688167  -0.1852252247133673  -1.6462091248820918  0.047697563465046874  -0.2780961812420846  0.9593682590215635  2.624076254388112  -0.0  0.0  -0.0  1.0
3394309160061;3.7772892530728184;6.332435360057756;0.3335599112934257  0.560428001176232  -0.7580621617489796  11.003329099315772  0.11415813166005528  -0.822209238301753  -0.5576198431074126  17.970658444097165  -0.9357914866859011  0.09946066533491674  -0.3382334541368261  24.73128424593266  -0.0  -0.0  0.0  1.0
3394309160092;3.061336083217481;1.5118210609041873;0.04963286195202434  -0.9986827634897162  -0.013012183636689014  -0.12826406761500533  0.9951632693921741  0.05055537436003127  -0.08422720092698743  -11.826423163018827  0.08477408959776138  -0.008768810173604218  0.9963616119165816  5.048811415045801  -0.0  0.0  -0.0  1.0
3394309160123;1.9832381539954238;1.8776187476694275;-0.4407006721967195  -0.24474105711013877  -0.8636461847828493  32.95178441584263  -0.39507006218070184  -0.8110412662803115  0.4314298440754513  5.8164081889997865  -0.806041291432329  0.5313321742140623  0.2607365665783382  17.566048406657977  0.0  0.0  0.0  1.0
3394309160154;1.9207102010338835;1.9494496834437889;0.15259953041138308  0.9207473056302864  0.35907907554296886  11.631652860437317  -0.899657510878539  0.2798074312327626  -0.33514797410510405  9.457666935852787  -0.4090595878818376  -0.27190476384478934  0.8710557117432004  4.01071897565928  0.0  -0.0  -0.0  1.0
3394309160185;2.640555800877831;1.5970985557546165;0.20250204337850342  -0.7813330033596686  -0.5903487615710649  16.243519335113323  -0.6708756776314649  -0.5498405241380803  0.49759544127542094  14.124704744913915  -0.713385413076306  0.2952865318237844  -0.6355211377550147  15.125659075970333  0.0  0.0  0.0  1.0
3394309160216;2.7201455624554285;1.2766740464875563;0.21527769288944243  0.9062906513858232  0.36372073099407054  10.58198360733824  -0.9595194181795061  0.26556482046302377  -0.09379665382571942  7.937016448517406  -0.18159846111864192  -0.32880477694690474  0.9267736603811287  -3.4722572629553774  0.0  -0.0  -0.0  1.0
3394309160247;2.5310221937667676;5.06081699299528;-0.997473787146978  0.05737633058047287  -0.041880790868657876  34.85643770107699  0.05627942588054293  0.2785715072244013  -0.9587651128327944  12.05103607167215  -0.04334362902688724  -0.9587000949472396  -0.2810968832465672  13.253771819433636  0.0  -0.0  0.0  1.0
3394309160278;1.96744994252244;6.006373655650794;-0.5490067670731725  -0.4626775597723767  0.6960754595522971  24.10464286269399  0.6751007718360712  0.24553184896946945  0.6956673479530102  -0.9471371788440046  -0.49277836557036825  0.8518471616579549  0.17755533109733437  14.836362520377055  -0.0  -0.0  -0.0  1.0
3394309160309;1.4697744642858348;1.8167956900692395;0.0785729482459922  0.077844421314177  -0.9938644464282816  20.77456969064273  0.8356204767511337  0.53853671215483  0.10824337622077666  -13.638681704327876  0.543658634290066  -0.8389984837481688  -0.02273397523826057  -6.4501679834818635  -0.0  0.0  0.0  1.0
3394309160340;3.1108095863624285;2.1692233975413933;-0.9894243566980238  0.10836438709344325  -0.09641888810064429  17.746396713883566  -0.11032914793699536  -0.9937778100907823  0.01526903031192353  4.543068621228115  -0.09416433235678401  0.025745364262954512  0.9952237209445779  -1.402139752257445  0.0  0.0  -0.0  1.0
3394309160371;4.078910422747308;0.2818495006384641;-0.6131395247398124  0.6256918807585742  -0.48225469780462865  28.24767443243837  -0.7897024383727695  -0.5014881486229209  0.3533832135499061  13.482188214351257  -0.02073600805219978  0.5975109263800539  0.8015926090143963  -4.930796035905342  0.0  0.0  0.0  1.0
3394309160402;3.021814741136945;4.390264399587205;0.07960460519231073  -0.5680535569203835  -0.8191326286397564  19.50854855399045  -0.7520813527453389  0.5051054899706717  -0.4233699125519288  25.02092731856727  0.6542451724582448  0.6497565701642326  -0.3870137644108991  -2.3422397001524717  0.0  0.0  0.0  1.0
3394309160433;1.3594709122664788;0.45693644412454165;0.16974642091542239  -0.9564366302479281  -0.23751868327858472  13.539012090011166  0.980672555802268  0.1877340034947203  -0.0551115435103489  -13.998655004186004  0.09730103227948356  -0.22357306691959303  0.9698183298254961  -3.455900456498744  -0.0  0.0  -0.0  1.0
3394309160464;1.5447184908495197;1.8373315197789875;0.508105642642746  -0.8558143492667658  -0.0970075023062749  -0.2107314726474904  0.8609147815465771  0.5013046444408785  0.086714430036832  -5.124923924636112  -0.025581142062265194  -0.1275752838566497  0.991498942066851  -2.47085319108107  -0.0  0.0  -0.0  1.0
3394309160495;2.78060091011266;4.2083377544897225;0.23969326917668182  -0.8871398225813623  -0.39437301112234263  -8.928073686738163  -0.007082888195601091  -0.40780182101904533  0.9130429932201211  1.5560390419139478  -0.9708228311109101  -0.216056959998651  -0.10403086383346812  12.524970996191007  -0.0  0.0  -0.0  1.0
3394309160526;1.34399863829473;0.9339922480846917;-0.3326976173350315  0.6599862626221955  -0.6735951518305183  22.363221166304406  0.1091202899711235  0.7364298283965032  0.6676555026093285  -1.37556268492833  0.936699021957539  0.14862449662785684  -0.3170263415962534  -9.626034262207307  0.0  -0.0  0.0  1.0
3394309160557;2.19301441794297;1.9568732325615033;0.9371226237930322  0.3484855669068582  -0.018947232855193664  -6.491824294084488  -0.30577626756081816  0.7936782663679671  -0.5259046336473124  8.823577388878961  -0.16823216747054712  0.49863074429154997  0.850332475373849  5.699616876429727  -0.0  -0.0  -0.0  1.0
3394309160588;3.3552539819811384;0.11156900701912816;-0.38556583097122116  -0.8691973275379926  -0.30957227877877685  18.20499331389327  0.6933839622866603  -0.4943072357366067  0.5242890782212495  -15.19827105727443  -0.6087344830310865  -0.012504499160228461  0.7932754670791402  1.1435157801899203  -0.0  0.0  -0.0  1.0
3394309160619;3.0056203551742433;1.7070964462229365;-0.4118704733846094  0.8435747841734993  0.34459294342829005  0.924486266095394  -0.8129255900082458  -0.5110081534588755  0.27932535188968743  3.5829398468281  0.4117216271507784  -0.16508255693799312  0.8962326992088214  -9.06751017287982  0.0  0.0  -0.0  1.0
3394309160650;2.0651927868102353;2.5230092615114446;0.7279689466113571  0.013270270294030462  -0.6854816647408407  1.768470788251868  0.4257421887620625  -0.7924383163157719  0.4367895414758829  -10.833434452654144  -0.5374056209955744  -0.6098076867020845  -0.5825202003033143  12.784515704628054  -0.0  0.0  0.0  1.0
3394309160681;2.0883872688177947;1.282334229392852;0.7016162336920128  -0.5173792606224752  0.4899524071760187  0.8716233760073656  0.4214919215394964  0.8557467591317464  0.300070065672098  1.18184815559073  -0.574525213282043  -0.004023047757050173  0.818476996860612  -0.24373540699048496  0.0  -0.0  -0.0  1.0
3394309160712;2.2055221376060135;0.2378957407650134;0.6450869997267592  0.763041557480914  0.040377522715331536  4.390706942792044  -0.6907830217256775  0.6049555885287623  -0.39603983739437265  8.372436542204861  -0.326621462367477  0.2275880433259158  0.9173451383508899  10.065679741176199  -0.0  -0.0  -0.0  1.0
3394309160743;2.1472367397073575;0.6619544700868063;-0.599802112185502  -0.7998559435281026  0.02163089967105579  11.800805271389411  -0.7884898441484733  0.5862487086288668  -0.18600058415419954  10.799535951336201  0.13609258573679797  -0.1286192879538481  -0.9823115019553197  1.461935418178203  0.0  0.0  0.0  1.0
3394309160774;3.3639630831655443;3.064056501885117;0.9742760250617407  0.19509014047087067  0.11280985808408668  1.765868445733381  -0.20985547190468268  0.9678554701068589  0.13862348248364545  9.932417941412506  -0.08213956355836523  -0.1587313014981182  0.983899113742439  8.949936903225517  0.0  -0.0  -0.0  1.0
3394309160805;1.324119052607352;2.5364338952647825;0.8776657552944738  0.47653530487469753  -0.05115589107189719  -2.4071839331881275  0.42018374091253596  -0.713720693380061  0.560400210308518  -8.990545976536886  0.23053946702490535  -0.5133389475279119  -0.8266405985038533  3.3174348796578723  0.0  0.0  0.0  1.0
3394309160836;1.3305106697980524;2.341857265796336;1.0  -0.0  -0.0  -1.1722457414740894  -0.0  1.0  0.0  1.5689564510036398  -0.0  -0.0  1.0  -2.6613256334077846  -0.0  0.0  -0.0  1.0
3394309160867;3.084620563102242;0.1388344813344027;-0.5971755796381596  0.8006808561022822  -0.047869549351814936  29.35380320180879  -0.7107314413287014  -0.5558639535058002  -0.431133486868892  17.631941180755966  -0.37180928631578614  -0.2234399961157803  0.9010174375366581  5.8701547520170365  0.0  -0.0  -0.0  1.0
3394309160898;2.141076967332666;2.0023973849124537;-0.2876604720141142  -0.7999359341761316  -0.5266440487220729  24.372681698114047  0.29742242957412746  0.4480845837372151  -0.8430658955284996  -2.2976281402053638  0.9103797840609399  -0.39915248593840513  0.1090226661862191  -12.321260351964755  -0.0  0.0  -0.0  1.0
3394309160929;4.439440389033587;1.8455465594586096;-0.10270988782033731  0.4236597849668713  -0.8999794806248415  22.687536004284837  -0.7017201321876728  -0.6721199041019974  -0.23631269663823956  12.290430400634996  -0.7050103084540327  0.6072620695480201  0.3663239602616861  8.305134003986433  -0.0  -0.0  -0.0  1.0
3394309160960;2.4847882689820464;1.8562699239709057;0.37535486512009886  0.8881508843348928  -0.26513530863658985  5.6326932544806265  -0.043770502773980625  -0.2687470197163894  -0.9622157671127972  6.107489572720095  -0.9258471084998788  0.3727774752432156  -0.062000690590580214  20.5766842746218  0.0  0.0  0.0  1.0
3394309160991;2.9477521292476965;1.450282695776576;-0.8788067967428631  0.41140797020711467  0.24174800112640013  21.4176390851402  -0.3701308130027115  -0.9074570549858826  0.1988086381983948  2.7737288637970203  0.30116738745172944  0.08523599830124733  0.9497541941624116  -8.512284549791275  0.0  0.0  0.0  1.0
3394309161022;4.019397668082857;1.3166827958218705;0.5651035466807448  -0.8073508667414552  0.16983097332543073  9.577518919205223  0.8138071769023377  0.5793081129524514  0.0460433392546104  -8.037639383429035  -0.135557590532914  0.11219041063874016  0.9843969988828797  -3.854464799530473  -0.0  -0.0  -0.0  1.0
3394309161053;2.8365870008578016;0.7006049275655057;-0.99237769022706  -0.10308791066163145  -0.06752334866564902  34.56866089787662  0.11824661330174363  -0.9508502266478582  -0.2861845295021771  -1.806793837589235  -0.03470242617269321  -0.29198754966459467  0.9557923479807714  -5.054999274298951  0.0  0.0  -0.0  1.0
3394309161084;1.9084522891745812;0.23131799730427924;-0.7320278513768624  0.3750218281831552  0.5687652004076352  35.7687548904482  -0.17259083497330568  -0.9097041995826011  0.3776912402280441  -2.1657024694692857  0.6590505507863488  0.17831684622588448  0.7306541410683057  -11.152608441030683  -0.0  0.0  -0.0  1.0
3394309161115;2.6459747141640655;0.5228492924370035;-0.2019601085080539  -0.7637359895594876  -0.6131227061714527  10.4106100755976  0.9751920675399258  -0.09888807983157218  -0.19804438662690546  -1.9011449961424371  0.09062309848276905  -0.6379094652995942  0.764760726046106  -0.3953663484071676  -0.0  0.0  -0.0  1.0
3394309161146;1.4245283483443059;1.474467922816775;-0.6961895823574191  0.7082458424553669  -0.11708070747005611  3.1637042147761747  -0.6952370125893486  -0.7058440897153219  -0.13575572672925762  3.3819429864089403  -0.17878915443293153  -0.013112881400940505  0.9838000257158581  2.007311582265666  0.0  -0.0  -0.0  1.0
3394309161177;1.4359728733692718;0.7388292830537214;-0.0042018762856131184  -0.9774303665952955  0.21121605690161285  4.079635475799085  0.9999381366562327  -0.0019315309701586326  0.0109540882127227  -2.8026241041851208  -0.010298888102178539  0.21124901809356697  0.9773780155386971  1.561046722828012  -0.0  -0.0  -0.0  1.0
3394309161208;3.0244753449661483;0.8716492670070565;0.9197174147946378  -0.08015849783360122  -0.3843104111893494  6.963409390660262  0.3851084457016474  -0.005874962676468089  0.9228526262967498  -7.8751567212486915  -0.07623228956765708  -0.9967648168141825  0.025466409025661416  5.212328319906086  -0.0  0.0  -0.0  1.0
3394309161239;2.9239237120023964;4.249131986511768;0.541959015278402  -0.26628288982938036  0.7971034113228843  -4.50470410088177  0.8003320928977694  -0.1258569556539364  -0.5861984030952313  10.020620507687518  0.2564156134800319  0.9556429507392594  0.1449054307678692  8.139029054666848  -0.0  0.0  -0.0  1.0
3394309161270;1.0304885640464179;3.5114277991484513;-0.4643220515800303  0.879001892412727  0.10844678672673201  -0.5619194142771643  0.7825625018227688  0.46451915694779217  -0.41450920806346636  1.4891189969663758  -0.41472998825428736  -0.10759937715133029  -0.9035604079856777  7.03272445216519  0.0  -0.0  0.0  1.0
3394309161301;2.0398930971718565;0.3208978271010194;-0.45893522922926616  0.699118659883684  0.548280543859365  -0.9805351483121485  -0.772239075539111  -0.6190416422744276  0.1429484359504442  3.938255613964617  0.4393464072719612  -0.35779958710515464  0.8239867656003946  -0.027408038292572486  0.0  0.0  -0.0  1.0
3394309161332;2.256914975873143;1.3996115223855525;0.5558500085898216  -0.4262276741775252  -0.7136951293906324  6.557332811270174  -0.24103418256153392  -0.9043022466745355  0.3523350245097383  4.554596846206613  -0.7955710469766908  -0.02382050428941316  -0.6053918506123203  9.801202185537308  -0.0  0.0  -0.0  1.0
3394309161363;3.66917130522765;0.06412702159708757;-0.12112650613677324  0.9536227812887733  -0.27555754483984674  28.845547962538742  -0.9920408388025304  -0.10667563231958317  0.06689756062211577  13.852377027433  0.034399762485674  0.2814674057085172  0.9589539904837179  -3.963256452992538  0.0  0.0  0.0  1.0
3394309161394;2.752686316258313;1.1680963262012594;0.7439296589721138  -0.08850413709036942  0.6623712555806779  3.9792619618653293  0.1702144298402631  0.9835940284398638  -0.05974809697047414  -3.054417889202667  -0.6462164578342069  0.1571935270147218  0.7467894513776172  8.395732204879932  -0.0  -0.0  -0.0  1.0
3394309161425;1.9040075588087033;0.030827256270900306;-0.11502882630195546  0.9928838906959404  -0.0308212380687009  21.67352277978749  -0.972223333924465  -0.10616000130783368  0.20859492586139491  17.25500652032993  0.20383855889501076  0.053959556325211606  0.9775163467629538  -0.15807629476723215  0.0  0.0  0.0  1.0
3394309161456;1.9884497529698029;1.5795210924336862;-0.7745310592783753  0.4893982002936287  -0.4007381186791129  4.488068797806931  -0.37840489275499084  -0.8661693037926095  -0.3264360187027616  1.5727005821800488  -0.506864257323595  -0.1011935705308582  0.8560657018775006  3.0228974623050235  0.0  -0.0  -0.0  1.0
3394309161487;2.3504147878262693;4.607706029162666;-0.14297572631882532  -0.8280543416215163  0.5421106427707896  5.714956959154506  0.02355822982241514  0.5447355045215968  0.8382769470295816  -0.973636464857099  -0.9894457799653502  0.13262442246945372  -0.05837645992525871  18.836721162765595  -0.0  -0.0  -0.0  1.0
3394309161518;2.2062122654647958;7.380801060488202;-0.6454137666216999  0.3203181069426617  0.6934243868078618  1.2076492489175688  -0.7589302658341782  -0.16622721576282964  -0.6295977798091428  19.52276284873306  -0.0864055638026494  -0.9326118287392713  0.35038443949402076  12.84342836583299  0.0  -0.0  -0.0  1.0
3394309161549;1.3852236987168691;2.045735125008132;-0.006754565912810486  0.4297675488278806  0.9029142981555922  -0.4340220054992533  -0.7288609743730903  0.6160730799631092  -0.29868987291282456  8.170509517162643  -0.6846284071488972  -0.6601165155631585  0.3090794881669046  -0.36399531360373133  0.0  -0.0  -0.0  1.0
3394309161580;2.2986137988137836;0.6187081138119424;0.29818149955584144  0.6877909741167261  -0.6618393832692303  15.8022649394629  -0.8884985770145413  -0.05337276966125579  -0.4557648802856815  16.517948239064246  -0.348795171935859  0.7239440056953652  0.5951865292931146  8.668792427093795  -0.0  -0.0  -0.0  1.0
3394309161611;3.407144086678155;0.06415753392524995;-0.9702141088625931  0.1803567569845111  -0.1617282386412348  23.87970616232619  -0.20556249441953497  -0.9661768320345154  0.15571252399137978  2.1786825283644844  -0.1281742714119518  0.1843197478562114  0.9744729789472043  7.773744615794383  0.0  0.0  -0.0  1.0
3394309161642;1.7425026346266586;0.8264854769788326;0.3676051465628225  -0.7526889919925495  -0.5461920335868732  9.596535630325583  0.6773116368089178  0.6191473227250275  -0.3973732998147405  -4.604536530989323  0.6372718437713603  -0.22386575016216637  0.7374067554888422  -8.250878713429127  -0.0  0.0  -0.0  1.0
3394309161673;2.6456540480703254;0.18574180286842928;0.5723795147327329  0.8199479289002456  -0.008190543725589562  8.99075379808865  -0.7431890621956869  0.514524168557771  -0.4277088937614348  6.337316629849898  -0.3464847889114581  0.2508989315683376  0.9038794262460281  10.106778795286138  -0.0  -0.0  -0.0  1.0
3394309161704;3.077519635932954;0.3250121911551016;-0.8466708731323537  -0.5304319378103268  0.042313023291628  24.60344341335903  0.5180298156515426  -0.8398221572210675  -0.16230789979721566  -0.587283158207979  0.12162870831068169  -0.11550196358216556  0.9858325180898322  -1.8584486373443965  -0.0  0.0  -0.0  1.0
3394309161735;3.1217165961473894;0.3139166884779383;0.6701779371082082  0.7223004796233833  0.17071481994606447  8.579133780375429  -0.7169454436824101  0.6895072679928296  -0.1028054384169263  11.15439582601016  -0.19196552658333654  -0.05349527568763322  0.9799425963201551  9.58552498837468  0.0  -0.0  -0.0  1.0
3394309161766;2.088824937831005;1.1975343994994938;-0.30861577201927914  -0.8835984027098628  -0.35215077451217003  6.156522053361294  0.9088931971443305  -0.16477005961850974  -0.38309787736043277  -3.8417024505861224  0.2804807684061435  -0.4382974905037557  0.8539472163854218  0.5113823546403723  -0.0  0.0  -0.0  1.0
3394309161797;2.586432702881334;0.824078067083607;-0.03467565462947795  0.20848171223708176  -0.9774113640830613  12.501707125769718  -0.31647337039413315  0.9253789310934051  0.20861073730708177  2.5705322013042964  0.9479674070385515  0.31655838253175494  0.033890789921218585  -19.572531374824884  -0.0  -0.0  -0.0  1.0
3394309161828;3.2220836563382176;1.111659139289708;0.20480208482138404  0.28450439647034814  0.936543300889958  7.403798933928403  -0.9227460275992359  0.3752786196287699  0.08778226585908254  16.855703510762943  -0.32649023661151655  -0.8821696016291682  0.3393831453663953  11.710205155511611  0.0  -0.0  -0.0  1.0
3394309161859;1.6225102333552934;3.159974111695401;0.26440012593539475  0.7276243779913255  -0.6329734101509177  20.02057027618513  -0.3234317163592167  0.6852205285366416  0.6525831380942169  3.902979570930643  0.9085617745966853  0.032180612559431845  0.41650919547714765  -13.061548382456985  0.0  0.0  0.0  1.0
3394309161890;1.282929335068904;1.0970483144345158;0.3306813265163775  -0.8939484356379073  0.3024996772128967  4.514667132638787  0.9264764161498235  0.24647066220528885  -0.28441811297852765  -9.102825897556983  0.17969783140469145  0.3743105757157071  0.9097253883979636  -3.3900148042801823  -0.0  0.0  -0.0  1.0
3394309161921;1.558203848860055;0.49431683000415216;-0.9992065548602399  0.027785716821750465  -0.028534446990154914  1.3848993379594001  -0.012535532969854152  0.4606278065535594  0.887504864348821  1.2375766216147883  0.03780371856701631  0.8871583724287094  -0.45991401488990064  2.3961077303623015  0.0  -0.0  0.0  1.0
3394309161952;3.0446776651304432;5.810415869275109;0.11667339771266988  0.8352752204602655  -0.5373105474036757  16.551265914793266  0.06405642044645035  -0.5462077392332709  -0.8351969112737819  -3.3239620378527075  -0.9911024635554936  0.06302707106263729  -0.11723265350360557  20.203950112114185  -0.0  -0.0  0.0  1.0
3394309161983;3.4771226457556867;1.875120463590318;-0.8004896119823187  -0.5942023089711608  0.07835813373056781  19.987729250802683  0.22905075352948603  -0.42411050986210364  -0.8761655253044831  2.8349172290201237  0.5538520862251676  -0.683413411807119  0.4755985440959433  1.76223016068217  -0.0  0.0  -0.0  1.0
3394309162014;3.770407506413389;6.0872659544960435;0.9237007479168619  0.24925598880989774  -0.29094394707611454  6.803746030717869  -0.27244837506492103  -0.10653900893573555  -0.9562537960706219  15.440021359905316  -0.2693488652701422  0.9625595522446335  -0.030500773109803578  14.95788103603537  -0.0  -0.0  0.0  1.0
3394309162045;1.518228345276698;0.5784407064794858;0.4385768897445092  0.7898015351483245  0.4287934780980043  4.016088023778516  -0.7880318272631881  0.5673495721882024  -0.23899854007525817  7.840121536875177  -0.43203721020564123  -0.23308367170442262  0.8712151576863836  1.0046843559539944  0.0  -0.0  -0.0  1.0
3394309162076;2.477253977533275;0.36993944793834244;-0.7527809547544704  -0.19856795721614887  -0.6276078397581996  10.636276474236007  0.02370772209000379  -0.9609781706809917  0.27560642116598005  4.347131673058438  -0.657844037802465  0.1925921126152946  0.7281136587691012  4.348548750717983  0.0  0.0  -0.0  1.0
3394309162107;3.7764439721661978;0.5172086429544936;-0.40971540786774163  -0.8896735860262168  -0.201529637728604  18.05518236773603  0.9088640814710716  -0.41703884168808253  -0.006684753937871006  -13.134022344339645  -0.07809843767654717  -0.1859018957695557  0.9794596056917131  -8.23850330973991  0.0  0.0  -0.0  1.0
3394309162138;3.5448738491278085;0.13228705732989465;-0.14005949301699697  0.9875481521284903  0.07163787855197934  2.015163512223729  -0.9458114582302426  -0.1548447607808806  0.28541861456305573  9.21295833026739  0.29295737556204987  -0.027780339924453393  0.9557218365285364  1.8371313416822617  0.0  0.0  0.0  1.0
3394309162169;3.3386677234651425;2.6835223210044745;0.39846326625960277  0.8051309645844734  -0.43930758621836385  12.1423868332393  0.5088184012850338  0.2044651954882513  0.8362402874459545  4.622658018242357  0.7631060607513684  -0.5567388200055996  -0.3281935805942926  -6.808356906815067  -0.0  0.0  0.0  1.0
3394309162200;3.9550078381949887;1.3961900262688616;-0.5240044504625067  0.8368881597724513  -0.1582325627933978  -0.2896713473366692  -0.8505331236808165  -0.5043814607603107  0.14897230468462502  2.5518636511566304  0.04486358676299603  0.21264418655108863  0.9760992308719354  0.8617052882286553  0.0  -0.0  -0.0  1.0
3394309162231;2.42664388566255;0.49420030503007295;0.7599701457181632  0.6280105092230177  -0.1674759025130476  -2.5164222068265616  -0.15183484998882554  0.4220819642107155  0.8937521993354168  1.7396705593034112  0.6319743317144955  -0.6537963106300538  0.4161235733055085  -6.684328410024968  -0.0  -0.0  -0.0  1.0
3394309162262;2.736577686008396;3.334420476269083;-0.8927639733073208  0.2115888231702852  -0.39774697720276553  23.204688964680635  0.43816654466878235  0.6131478996130479  -0.6573125073609419  -8.562948257016675  0.10479774376170406  -0.761104344429542  -0.640107498622641  3.6605615712866264  0.0  0.0  0.0  1.0
3394309162293;2.8148683419657083;2.84974784741903;-0.03725448099250201  -0.869560738535657  -0.49241875029623217  6.515386224067624  0.6473682315748163  -0.3963834864927033  0.6509950110281825  -5.311215338728704  -0.7612663636294947  -0.29452377430898957  0.5776930586160035  -3.2093612885888954  -0.0  0.0  -0.0  1.0
3394309162324;2.2219663596591737;0.48807496497026537;0.5337643173852573  0.7964471983916325  0.2841962590541441  9.2445015857264  -0.742333956570707  0.602270053542993  -0.2936172330218374  9.221615273655512  -0.4050135187970037  -0.05424613146980737  0.9127000639926736  10.750774275153859  0.0  -0.0  -0.0  1.0
3394309162355;3.4807471093941937;0.48578705799438454;0.7581295896701978  -0.40035927353422207  -0.5147348612262886  -5.050155383280787  0.5183073717544913  -0.10905332167273009  0.8482127335857998  -6.687597321699359  -0.3957233802183673  -0.9098460447390493  0.12483261281114055  6.887011745288791  -0.0  0.0  -0.0  1.0
3394309162386;1.7900521026949254;2.64127544827582;0.55378262859464  -0.8296787062416285  -0.07041338421088011  2.6672824297217286  -0.763606038908839  -0.472317950899049  -0.440251712774041  2.887911744371843  0.3320099661286773  0.29757183614673716  -0.8951091468214907  4.386736001120011  -0.0  0.0  0.0  1.0
3394309162417;3.2825031286422393;4.8047310910767;-0.32301682908445567  0.35097657638003427  -0.8789058942576125  4.802221711507568  -0.37099569738375887  -0.9013185660817282  -0.22357780515766038  11.324470246274291  -0.8706447729418482  0.2538509114991106  0.4213518649301433  6.472956754511506  -0.0  -0.0  -0.0  1.0
3394309162448;2.5548125902487047;0.07324189244073993;0.4772554509092792  -0.8493674206079724  -0.22539347680698268  15.097678312763602  0.8592798786647171  0.5047740870477595  -0.08271161446284168  -16.65368518824652  0.18402533711238994  -0.15420151054662498  0.9707505186430814  -1.2977896061874379  -0.0  0.0  -0.0  1.0
3394309162479;2.7901407133897638;0.3893456041551279;-0.9966962454952185  -0.07040800558349285  0.04048835592476645  19.457893977142174  0.06902582939434321  -0.9970153819030729  -0.034579808054595665  2.3239593748353102  0.042802208963542705  -0.03167082250944057  0.9985814588251767  3.3046390622053146  -0.0  0.0  -0.0  1.0
3394309162510;2.4626078118590478;0.25232961759048617;-0.9896380001215587  0.14300212263506284  -0.012923685127277  35.41390213030553  -0.0942980673869619  -0.7151735421567182  -0.6925566251838887  4.710960134333935  -0.10827974511646435  -0.6841616749868994  0.7212477377965453  -1.39681277050656  0.0  0.0  0.0  1.0
3394309162541;2.621200470666735;7.947372000129297;-0.40437888491871565  -0.5379360036344706  0.7396638246025492  5.808799152725747  -0.896591922422556  0.39282182310078445  -0.20448457140430068  18.645943740816776  -0.18055647891593513  -0.7458658534143732  -0.641157926436169  16.70316766812676  0.0  0.0  -0.0  1.0
3394309162572;1.826907686892434;0.7494719306771829;-0.5981121333277483  0.7915346443657447  -0.1254383622936914  7.575740186826717  -0.34605339981803246  -0.39626154536781805  -0.8504256770212718  -0.584485211449969  -0.7228477851114362  -0.4652415441805506  0.5109220930122201  8.123385685686372  0.0  0.0  0.0  1.0
3394309162603;1.9909019248105964;1.8991613216041925;-0.04310543166288014  -0.7821175556179296  -0.6216381994017038  5.317320716657552  0.26665656244161406  -0.6086510124419272  0.7472872424712191  -5.172853715581515  -0.9628271908644755  -0.13355176617196748  0.23479294342967338  7.007240261510242  -0.0  0.0  -0.0  1.0
3394309162634;3.01258289883689;1.0637687893998493;-0.3198978816818582  -0.46154432255695177  0.8274310748400172  15.034180236840617  0.02518960511447914  -0.8771568461599849  -0.4795428563005045  2.9907535658889324  0.9471171147696762  -0.13256208187152999  0.29222673621735734  -2.7967499414830774  -0.0  0.0  -0.0  1.0
3394309162665;3.8547413171629152;0.584026280860245;0.15117521853488916  -0.9258728997884168  0.34627362986273974  13.900605477962442  0.9318389447677274  0.2503802681936729  0.26265167487269825  -5.547003826269803  -0.3298821521620987  0.28296482950475055  0.9006157176888766  6.765199908132336  -0.0  -0.0  -0.0  1.0
3394309162696;3.0132495381752045;0.4146099436554837;0.5345082005063505  -0.5585761267268964  0.6342662644680394  -4.454962939010678  0.5695070175453434  0.7925430129701456  0.2180305702391603  5.855218491411906  -0.624469967699066  0.24467996085291166  0.741733763690818  -0.905932871069197  -0.0  -0.0  -0.0  1.0
3394309162727;3.502392525482743;0.10294248281901022;-0.7314564860282096  -0.6088368751047508  0.30706525130653123  24.397135109298418  0.662918801062819  -0.740404219539736  0.11108669985731356  -4.641368582151189  0.15971872853455893  0.28481441536628016  0.9451828799522707  -0.29088080334223904  -0.0  0.0  -0.0  1.0
3394309162758;3.457925038615682;0.5648211244104999;0.06409977974886445  -0.7434079530371925  0.6657595914421346  3.8968089393491576  -0.8833774936297354  -0.35262799572901066  -0.3087032561807325  8.600272626763067  0.4642579261408397  -0.5683292285191685  -0.679313231157921  -5.985990862209227  0.0  0.0  0.0  1.0
3394309162789;2.1605956540110696;0.5429537374252689;-0.31615864026307805  -0.8710348826444594  0.3759547145648768  8.061225711083415  0.9279547288988029  -0.3663561324911335  -0.06843394845022888  -0.32030462260962744  0.1973416714770381  0.3272329711424186  0.9241075950861751  0.6624583995487477  -0.0  0.0  -0.0  1.0
3394309162820;3.736908019221678;1.0011907872216121;0.5412985584578056  0.41819450629669835  0.7294581725601285  3.905533358909162  -0.7985977543895113  0.5271876777196725  0.29037007274264576  9.110359974139415  -0.26313019077166355  -0.7397205603224776  0.6193351236129511  8.26836330359431  0.0  -0.0  -0.0  1.0
3394309162851;3.0196041882655598;3.5833259218146476;-0.3504638353092117  0.8746719272521901  0.3348493987112626  -2.769062202931596  -0.6929203290125187  -0.48268561693025075  0.5356080776555242  5.873708044904366  0.6301083381304672  -0.04431269440690336  0.7752418121675703  3.5851232027547435  0.0  0.0  -0.0  1.0
3394309162882;1.0159530457947656;3.6884861373820677;-0.26650441265053426  0.18003084740585448  0.9468707895062164  8.541486834790256  0.39000243074285956  0.9185258289659455  -0.0648722246966034  -2.9293988019529347  -0.8814042784400674  0.3519931753667329  -0.31500365464989344  2.977683505292245  -0.0  -0.0  -0.0  1.0
3394309162913;3.707565587024253;2.1111319246342206;0.8596965987263472  0.47707061214126845  -0.1825524285500033  -6.062585421001131  0.4051671595532176  -0.41923675127780585  0.812453148924669  -1.9752190525970759  0.3110648340104172  -0.7724274577001923  -0.5537097539622059  1.145880219427948  0.0  0.0  0.0  1.0
3394309162944;2.7894836947736765;5.134741064559096;0.461541542951315  0.20409979493460595  0.8633207270984351  -6.04180068952017  0.8443911474414819  0.19731081095735525  -0.4980683025467575  -10.999895022872215  -0.27199815119330645  0.9588595922172343  -0.08127292390717017  13.31904697917448  -0.0  -0.0  0.0  1.0
3394309162975;2.6130962231388835;2.26586688817852;0.6260435151688327  0.1861884845556886  -0.7572340228317179  6.503922502205641  0.28303373693120115  0.8505975783142979  0.44314293802859256  -9.413759756802989  0.7266095381109522  -0.49174953785917197  0.47981347536462604  -10.06305859076493  -0.0  -0.0  -0.0  1.0
3394309163006;2.118558382630927;1.1094344672644774;0.2313809954237877  -0.8720418783290886  0.4312838942007585  2.113130081141949  0.7280252473452534  0.4492664766218749  0.5178212743907374  3.225803458603837  -0.6453232323297976  0.19417156183138823  0.7388202287372622  4.018665188441162  -0.0  -0.0  -0.0  1.0
3394309163037;1.6957835337450329;0.47033622919487084;0.37514987393741656  -0.8729548180103475  0.3117891239239486  5.566876036567883  0.9269591675743193  0.3521849469794383  -0.1292766984843606  -16.382424152116325  0.0030452807204721425  0.33751392391072266  0.9413156098948539  -2.7689547418145155  -0.0  0.0  -0.0  1.0
3394309163068;2.3800172959411823;0.6659443098779676;0.790580794405823  -0.4723814960809688  -0.38966361092224633  1.3817220493421551  0.031189591052324918  0.6665699852861992  -0.7447896777785966  -5.765357419193277  0.611562929653724  0.5766629664508226  0.5417108141780916  -1.4416530914489256  -0.0  0.0  -0.0  1.0
3394309163099;2.23708937419933;7.6986663487280484;0.3152831749403553  0.7260346353091608  -0.6111221055820387  1.7634911162867433  -0.946381404565673  0.28832792413593183  -0.14570259179496683  16.27092558974487  0.07041843999859021  0.6242921723800161  0.7780106212727471  8.665403385088108  -0.0  0.0  -0.0  1.0
