# registration_from_features.py FastGlobal FastGlobal_config.json euclidean --input_txt=/neural_comparison/point_clouds_registration_benchmark//planetary/p2at_met_global.txt --input_pcd_dir=/neural_comparison/point_clouds_registration_benchmark//planetary/p2at_met/ --input_features_dir=/neural_comparison/experiments/3DFeatNet/test//planetary/p2at_met/ --output_dir=/root/neural_registration_comparison/results/3DFeatNet/FastGlobal/
id;initial_error;final_error;transformation
27844314100030;8.255147930606862;3.6977177772603294;1.0  -0.0  0.0  1.4987064100724297  -0.0  1.0  -0.0  -4.598279172963295  0.0  -0.0  1.0  14.24071729992678  -0.0  0.0  -0.0  1.0
27844314100061;18.254613203222405;0.1976253566673552;-0.8946301607631549  -0.44440028518367614  -0.04631697293175246  -86.75656967798312  0.4467680197709322  -0.8883552179150447  -0.10594028182459067  -125.91660036252622  0.005933966873334828  -0.1154703136385304  0.9932932068152718  -2.755782347065887  -0.0  0.0  -0.0  1.0
27844314100092;11.393043179182689;17.73512619967951;1.0  -0.0  0.0  -4.372330794081478  -0.0  1.0  -0.0  -11.23914801805509  0.0  -0.0  1.0  -0.19876467597452496  -0.0  0.0  -0.0  1.0
27844314100123;5.730994932441914;13.26537913367652;1.0  -0.0  0.0  1.3075873686643718  -0.0  1.0  -0.0  18.212233803741825  -0.0  -0.0  1.0  3.39908889082354  -0.0  0.0  -0.0  1.0
27844314100154;17.463252642790277;15.36188696283181;1.0  0.0  0.0  5.946535160020812  0.0  1.0  0.0  -14.345548085650208  0.0  0.0  1.0  12.937813119260564  0.0  0.0  0.0  1.0
27844314100185;21.245539471637414;5.822129497854206;1.0  -0.0  -0.0  -17.32074785103216  -0.0  1.0  0.0  11.545445560789272  -0.0  -0.0  1.0  -3.4524330612702148  -0.0  0.0  -0.0  1.0
27844314100216;3.735345026853811;1.6433426690687019;1.0  -0.0  -0.0  -3.7078913951560444  -0.0  1.0  0.0  4.394407309449576  -0.0  -0.0  1.0  -13.768447543968039  -0.0  0.0  -0.0  1.0
27844314100247;13.271216615726097;6.956489337216597;1.0  -0.0  -0.0  -2.8161645156272375  -0.0  1.0  0.0  13.964671533990355  -0.0  -0.0  1.0  11.284796721813622  -0.0  0.0  -0.0  1.0
27844314100278;11.802091711636171;6.692267504881023;1.0  0.0  0.0  2.016650129349294  0.0  1.0  0.0  3.3113349141768254  0.0  0.0  1.0  -10.127151618078193  0.0  0.0  0.0  1.0
27844314100309;7.478645140598016;6.669144311920695;1.0  -0.0  0.0  -3.628451391399004  -0.0  1.0  -0.0  -3.216701188407889  0.0  -0.0  1.0  4.441998343990965  -0.0  0.0  -0.0  1.0
27844314100340;12.12926847078954;10.650532670557105;1.0  -0.0  0.0  10.021089710951433  -0.0  1.0  -0.0  -4.052591604338488  0.0  -0.0  1.0  15.6644341611956  -0.0  0.0  -0.0  1.0
27844314100371;7.953713343024883;5.695530179980644;1.0  -0.0  0.0  1.412329608601624  -0.0  1.0  -0.0  4.711185248895063  -0.0  -0.0  1.0  11.93607796755628  -0.0  0.0  -0.0  1.0
27844314100402;10.041005189608843;7.046243672425816;1.0  -0.0  0.0  11.831332470272791  -0.0  1.0  -0.0  -4.174260212534849  0.0  -0.0  1.0  8.977809238998997  -0.0  0.0  -0.0  1.0
27844314100433;14.948099495912265;5.064050185626728;1.0  -0.0  -0.0  -14.218143755119632  -0.0  1.0  0.0  12.561337220095709  -0.0  -0.0  1.0  -1.5692837892473688  -0.0  0.0  -0.0  1.0
27844314100464;4.885279212879443;3.6696469232867392;1.0  -0.0  0.0  -9.544598587498973  -0.0  1.0  -0.0  -15.855693427323232  0.0  -0.0  1.0  7.525786175726987  -0.0  0.0  -0.0  1.0
27844314100495;16.561379565347497;12.51629250517704;1.0  0.0  0.0  14.299947338083086  0.0  1.0  0.0  4.207263391492167  0.0  0.0  1.0  -8.979989109826697  0.0  0.0  0.0  1.0
27844314100526;4.988304065514908;8.174945989315034;1.0  0.0  0.0  10.442103948646784  0.0  1.0  0.0  5.310313671800245  0.0  0.0  1.0  5.760146925015557  0.0  0.0  0.0  1.0
27844314100557;9.320673558395054;5.928033477171844;1.0  0.0  0.0  12.29011582206178  0.0  1.0  0.0  -5.632440888132547  0.0  0.0  1.0  1.7799466949907734  0.0  0.0  0.0  1.0
27844314100588;15.87658357879776;13.109482095121896;1.0  0.0  0.0  14.112174347100096  0.0  1.0  0.0  4.265694836411052  0.0  0.0  1.0  12.90372919028196  0.0  0.0  0.0  1.0
27844314100619;9.309459031404598;4.776687398558228;1.0  -0.0  0.0  10.505355837712631  -0.0  1.0  -0.0  -6.416670338275566  0.0  -0.0  1.0  10.103887023468031  -0.0  0.0  -0.0  1.0
27844314100650;9.597631194952498;12.885059350555924;1.0  -0.0  -0.0  -7.830049753168344  -0.0  1.0  0.0  9.883029872029894  -0.0  -0.0  1.0  -4.922716339672711  -0.0  0.0  -0.0  1.0
27844314100681;7.297471099283818;5.403519012765861;1.0  0.0  0.0  0.6321978830002273  0.0  1.0  0.0  -7.199043008275302  0.0  0.0  1.0  9.99094810238341  0.0  0.0  0.0  1.0
27844314100712;8.650942439496344;4.160990267157972;1.0  -0.0  0.0  -3.403333807046187  -0.0  1.0  -0.0  -9.631498490354605  0.0  -0.0  1.0  5.102246760486998  -0.0  0.0  -0.0  1.0
27844314100743;12.733448854215453;4.5081911104569325;1.0  -0.0  0.0  -16.860072908160458  -0.0  1.0  -0.0  -11.824593017985674  0.0  -0.0  1.0  8.936206875696213  -0.0  0.0  -0.0  1.0
27844314100774;4.598125415447288;2.738673946487265;0.9900960038341788  -0.09605763354072296  0.10238571301771647  -10.16348144784012  0.09984638701658931  0.9944708406126519  -0.03253376970011887  -1.9129492726410007  -0.09869448916390193  0.04243439889668559  0.9942126128746075  0.47415023116088745  0.0  0.0  0.0  1.0
27844314100805;11.913189531673748;5.115007687406168;1.0  -0.0  -0.0  -1.1357516546996482  -0.0  1.0  0.0  0.13569315788814595  -0.0  -0.0  1.0  14.224901903101795  -0.0  0.0  -0.0  1.0
27844314100836;8.640990827250187;15.636933257370064;1.0  -0.0  0.0  23.90220255440616  -0.0  1.0  -0.0  -5.375980501464028  0.0  -0.0  1.0  0.26333008188048534  -0.0  0.0  -0.0  1.0
27844314100867;6.409696051288649;15.367922006567452;-0.7262866043532078  0.2465633282107864  -0.6416496657200931  12.0129885063609  -0.04895245750590663  0.9125327139288346  0.4060636685469503  8.763645161999793  0.6856467204335055  0.32632893097501287  -0.6506904053138374  32.55729001887574  0.0  -0.0  0.0  1.0
27844314100898;22.51393172662874;14.623909003905586;1.0  0.0  0.0  12.635358971078265  0.0  1.0  0.0  -6.178626277493141  0.0  0.0  1.0  -9.827720814655976  0.0  0.0  0.0  1.0
27844314100929;11.35647365629622;9.31881917812165;1.0  -0.0  -0.0  -6.6586253005385405  -0.0  1.0  0.0  8.963794005286072  -0.0  -0.0  1.0  18.38310560214653  -0.0  0.0  -0.0  1.0
27844314100960;8.931838196630506;12.192535958464157;1.0  -0.0  0.0  1.7432896459996479  -0.0  1.0  -0.0  -13.224919289137347  0.0  0.0  1.0  -5.58226673683697  -0.0  0.0  -0.0  1.0
27844314100991;2.7303992422678602;2.811911018758546;1.0  -0.0  0.0  0.2198716851639544  -0.0  1.0  -0.0  5.379372225448224  -0.0  -0.0  1.0  8.41608893103887  -0.0  0.0  -0.0  1.0
27844314101022;3.041428379569016;1.2964187205699444;1.0  -0.0  0.0  0.09660585638437702  -0.0  1.0  -0.0  -5.318649432663919  0.0  -0.0  1.0  4.403189388428705  -0.0  0.0  -0.0  1.0
27844314101053;13.922293305846535;7.349321280839231;1.0  -0.0  0.0  -25.97421899019615  -0.0  1.0  -0.0  -9.880291432499554  0.0  -0.0  1.0  -1.9827549669241453  -0.0  0.0  -0.0  1.0
27844314101084;10.548695524568679;10.514688339023326;1.0  0.0  0.0  14.497744517937761  0.0  1.0  0.0  -13.470190364315442  0.0  0.0  1.0  9.673481387844305  0.0  0.0  0.0  1.0
27844314101115;4.295014706995369;8.7586736093539;1.0  -0.0  -0.0  -3.1005716267310066  -0.0  1.0  0.0  6.33267080585253  -0.0  -0.0  1.0  1.0318273216434175  -0.0  0.0  -0.0  1.0
27844314101146;10.908481463882481;9.41811144057565;1.0  0.0  0.0  23.874651674312418  0.0  1.0  0.0  -5.265702987129828  0.0  0.0  1.0  10.46038208353979  0.0  0.0  0.0  1.0
27844314101177;7.524206569447689;10.341346819430658;1.0  -0.0  0.0  -7.643578687035792  -0.0  1.0  -0.0  -17.10704483623484  0.0  -0.0  1.0  4.682974740542992  -0.0  0.0  -0.0  1.0
27844314101208;16.92222694472815;11.870622474887053;1.0  -0.0  0.0  8.024421791181972  -0.0  1.0  -0.0  -26.193846323833526  0.0  0.0  1.0  -12.809553736017746  -0.0  0.0  -0.0  1.0
27844314101239;4.364181244222641;6.5288156579021;1.0  0.0  0.0  6.282841167214795  0.0  1.0  0.0  -6.62216079721648  0.0  0.0  1.0  -3.681436896284227  0.0  0.0  0.0  1.0
27844314101270;10.750785704410854;9.119688426281744;1.0  -0.0  -0.0  -8.73862082150621  -0.0  1.0  0.0  0.6809936173218674  -0.0  -0.0  1.0  -8.999947758851016  -0.0  0.0  -0.0  1.0
27844314101301;12.136609704346055;15.881530822103743;1.0  0.0  0.0  -9.931207837528813  0.0  1.0  0.0  25.30642368189427  0.0  0.0  1.0  -8.686439950648374  0.0  0.0  0.0  1.0
27844314101332;6.935112362192998;9.812799912999418;1.0  -0.0  -0.0  -8.994444115554801  -0.0  1.0  0.0  1.8301493550817582  -0.0  -0.0  1.0  -4.0846756804186155  -0.0  0.0  -0.0  1.0
27844314101363;7.8460839984677655;7.1205303317275765;1.0  -0.0  0.0  6.338327634184495  -0.0  1.0  -0.0  -3.11891159450019  0.0  -0.0  1.0  6.212029122815235  -0.0  0.0  -0.0  1.0
27844314101394;13.188484809554595;5.148583098122489;1.0  -0.0  0.0  9.028585460696313  -0.0  1.0  -0.0  -6.390770522672092  0.0  0.0  1.0  -17.810669124506806  -0.0  0.0  -0.0  1.0
27844314101425;12.438217758874531;1.4309905485145997;0.6104157239400743  0.7902504659478671  0.05382234699355424  60.50973928869072  -0.7904540543048978  0.6121070575191693  -0.02252416853458431  -33.042814496505  -0.05074477312654361  -0.028794985751073383  0.9982964573692183  8.720276899532404  0.0  0.0  0.0  1.0
27844314101456;13.306910826894018;4.448901511146217;1.0  -0.0  0.0  2.1966946066197135  -0.0  1.0  -0.0  14.412190156780625  -0.0  -0.0  1.0  15.202257663910178  -0.0  0.0  -0.0  1.0
27844314101487;11.823132391507976;5.808159795939002;1.0  -0.0  0.0  9.867930465429023  -0.0  1.0  -0.0  1.9175529541076237  -0.0  -0.0  1.0  14.953232585399705  -0.0  0.0  -0.0  1.0
27844314101518;11.362927964176022;4.012602172221689;1.0  -0.0  0.0  -13.538353731343703  -0.0  1.0  -0.0  -2.566612069317641  0.0  -0.0  1.0  -6.172638887722571  -0.0  0.0  -0.0  1.0
27844314101549;8.602285781784683;0.10061729925468393;-0.5803604350265016  0.7923047698687782  0.18824164549597577  -38.27952305919897  -0.8006213498640173  -0.5973971283499826  0.04606652994435578  -11.041308182997257  0.14895374986138737  -0.12397508895894406  0.981041771648818  5.755733305730673  0.0  0.0  -0.0  1.0
27844314101580;8.529179145836824;7.123367059663668;1.0  -0.0  0.0  9.387197985961492  -0.0  1.0  -0.0  13.85236563585859  -0.0  0.0  1.0  -1.5499290990401962  -0.0  0.0  -0.0  1.0
27844314101611;6.938820905749202;7.7667237451478;1.0  -0.0  -0.0  -3.950208564082976  -0.0  1.0  0.0  0.711541090263248  -0.0  -0.0  1.0  -1.6115661983416294  -0.0  0.0  -0.0  1.0
27844314101642;12.547466022442515;7.844474986216436;1.0  -0.0  0.0  -9.193549644118274  -0.0  1.0  -0.0  -2.0057520079596216  0.0  -0.0  1.0  0.5231186295055488  -0.0  0.0  -0.0  1.0
27844314101673;7.73561147720838;0.08624419467401176;0.014742664915547658  0.9998596552819626  -0.007957610861555348  -24.563218160097197  -0.998487943720961  0.01430000138023198  -0.05307858517718953  -20.517490480824254  -0.05295734203181542  0.008728098301544595  0.9985586313406751  -11.701856356836256  0.0  0.0  0.0  1.0
27844314101704;7.852470163017852;7.458016740211668;1.0  0.0  0.0  -9.923331477254886  0.0  1.0  0.0  -7.554339829814452  0.0  0.0  1.0  1.815414917743663  0.0  0.0  0.0  1.0
27844314101735;7.401041146075741;6.004149274297854;1.0  -0.0  -0.0  -6.168145084816329  -0.0  1.0  0.0  1.0733938040440876  -0.0  -0.0  1.0  0.07537269629584253  -0.0  0.0  -0.0  1.0
27844314101766;17.078221026612844;3.6014018544462845;1.0  -0.0  0.0  10.068998975728332  -0.0  1.0  -0.0  -7.995290848562817  0.0  0.0  1.0  -11.714119259244434  -0.0  0.0  -0.0  1.0
27844314101797;5.658008139654423;4.131536817527412;1.0  -0.0  0.0  3.401396312639417  -0.0  1.0  -0.0  -11.060515347936658  0.0  0.0  1.0  -7.2403379606966825  -0.0  0.0  -0.0  1.0
27844314101828;12.532088953947076;2.6452294857010954;1.0  -0.0  0.0  9.448585243790724  -0.0  1.0  -0.0  10.814715616454603  -0.0  0.0  1.0  -6.7965686987834015  -0.0  0.0  -0.0  1.0
27844314101859;13.452993466710405;3.4717607289718293;1.0  -0.0  -0.0  -1.4180565445842426  -0.0  1.0  0.0  3.1660333083106735  -0.0  -0.0  1.0  15.963636155274964  -0.0  0.0  -0.0  1.0
27844314101890;10.240194569123585;9.03119948355301;1.0  -0.0  0.0  15.431086363215524  -0.0  1.0  -0.0  3.4089724438203177  -0.0  0.0  1.0  -0.7966055118813979  -0.0  0.0  -0.0  1.0
27844314101921;5.39778345406533;8.774522255750181;1.0  -0.0  -0.0  -9.145399579617116  -0.0  1.0  0.0  0.7548406221198221  -0.0  -0.0  1.0  -3.0161848204582453  -0.0  0.0  -0.0  1.0
27844314101952;13.302221500961894;0.25069203462596373;-0.07498381698552664  -0.9956354570552477  0.055564951585236666  5.298983232700479  0.9951626052604217  -0.07826231103857187  -0.05938349738934305  26.271494533824445  0.0634729570885845  0.05084336068053031  0.9966875821405322  7.981702176404108  -0.0  0.0  -0.0  1.0
27844314101983;10.786030610610256;8.52741012621179;1.0  0.0  0.0  1.0502139208406405  0.0  1.0  0.0  5.089728960761632  0.0  0.0  1.0  8.835892835024854  0.0  0.0  0.0  1.0
27844314102014;18.074211930870813;10.259725073248395;1.0  -0.0  -0.0  -5.381975384629776  -0.0  1.0  0.0  1.3977344723679508  -0.0  -0.0  1.0  -12.033130345479798  -0.0  0.0  -0.0  1.0
27844314102045;5.527523174873733;4.571609400224576;1.0  -0.0  0.0  1.6880994005855356  -0.0  1.0  -0.0  -7.4037852042267644  0.0  0.0  1.0  -1.9444635318189687  -0.0  0.0  -0.0  1.0
27844314102076;12.49337546729974;2.899660704034978;1.0  -0.0  0.0  6.177205560092904  -0.0  1.0  -0.0  -3.86904570819037  0.0  -0.0  1.0  12.483595741437217  -0.0  0.0  -0.0  1.0
27844314102107;8.34390181428472;7.786450589467456;1.0  0.0  0.0  -2.316102211748632  0.0  1.0  0.0  -8.257664182833064  0.0  0.0  1.0  -6.010428061612021  0.0  0.0  0.0  1.0
27844314102138;13.875093444885819;17.003461579733163;1.0  -0.0  0.0  27.419557380715943  -0.0  1.0  -0.0  20.275294220991455  -0.0  -0.0  1.0  13.721615762818399  -0.0  0.0  -0.0  1.0
27844314102169;7.7056993337980995;15.423727201818034;1.0  -0.0  -0.0  -12.043710893234529  -0.0  1.0  0.0  25.489906478561913  -0.0  -0.0  1.0  -5.678481356541011  -0.0  0.0  -0.0  1.0
27844314102200;9.927306225231835;4.68270124607023;1.0  -0.0  0.0  -0.3784473020833339  -0.0  1.0  -0.0  -1.6023650082236836  0.0  -0.0  1.0  6.005200471463817  -0.0  0.0  -0.0  1.0
27844314102231;10.287771982386351;3.917058259114799;1.0  -0.0  0.0  0.5635719745200163  -0.0  1.0  -0.0  3.103548075765346  -0.0  -0.0  1.0  11.696706646549995  -0.0  0.0  -0.0  1.0
27844314102262;8.065900080817094;10.196354636978036;1.0  -0.0  -0.0  -2.0164641925503055  -0.0  1.0  0.0  16.6294981091825  -0.0  -0.0  1.0  1.6719918605275224  -0.0  0.0  -0.0  1.0
27844314102293;15.344796486985695;11.080838907375483;1.0  -0.0  0.0  7.885737261063056  -0.0  1.0  -0.0  -1.0608832420544019  0.0  -0.0  1.0  9.571034221359772  -0.0  0.0  -0.0  1.0
27844314102324;11.120662662609497;8.543163287905442;1.0  -0.0  -0.0  -12.39944588026605  -0.0  1.0  0.0  2.6681673626154367  -0.0  -0.0  1.0  6.344855877069568  -0.0  0.0  -0.0  1.0
27844314102355;17.81708979026515;1.097641066157111;0.6658983445955641  -0.7341085440290122  -0.13290613322375813  4.980311565628854  0.7435953508660905  0.6675145169726456  0.03860471216200595  -9.045087578992682  0.06037672428364961  -0.12453519668904349  0.9903765122166401  -9.1889873020522  -0.0  -0.0  -0.0  1.0
27844314102386;12.639375851730701;10.315904173295722;1.0  -0.0  -0.0  -15.89738828972631  -0.0  1.0  0.0  9.907185523873608  -0.0  -0.0  1.0  11.423149882357805  -0.0  0.0  -0.0  1.0
27844314102417;4.852743056092726;6.01639957135297;1.0  -0.0  -0.0  -3.188924290501612  -0.0  1.0  0.0  6.616001646000067  -0.0  -0.0  1.0  -4.87729810087097  -0.0  0.0  -0.0  1.0
27844314102448;8.862723016525484;11.856006509807036;1.0  -0.0  0.0  18.378670451441224  -0.0  1.0  -0.0  18.260783418726742  -0.0  -0.0  1.0  0.7141492046121978  -0.0  0.0  -0.0  1.0
27844314102479;8.845892927971892;4.091602375689684;1.0  0.0  0.0  -7.948221111024887  0.0  1.0  0.0  3.4894198345888725  0.0  0.0  1.0  12.763423308635813  0.0  0.0  0.0  1.0
27844314102510;12.811880985162878;16.0977142664033;1.0  -0.0  0.0  17.731400422745843  -0.0  1.0  -0.0  7.084262182352144  -0.0  0.0  1.0  -12.419663478667069  -0.0  0.0  -0.0  1.0
27844314102541;16.755247254223338;120.41489189915228;-0.862053858673104  -0.3292213164195543  -0.3853264454482542  126.55974918480501  -0.06706183082330401  0.8276986834052734  -0.5571513262443184  -44.637949843337054  0.5023602846498081  -0.45445375375735547  -0.7355990280733182  5.325961445498684  0.0  0.0  0.0  1.0
27844314102572;6.047632241354357;1.5901180864326838;0.7406463595093488  0.6593619349349122  -0.12916969034736914  -11.107776297795152  -0.5875655448441028  0.5423582331655795  -0.6005116796778986  -6.477227197367963  -0.3258982980280875  0.5206624488825751  0.7891140054934996  -5.008472418863671  -0.0  -0.0  -0.0  1.0
27844314102603;5.000465750138839;4.974886062993489;1.0  -0.0  0.0  3.060252447769144  -0.0  1.0  -0.0  -4.930050922871985  0.0  -0.0  1.0  3.722543473545433  -0.0  0.0  -0.0  1.0
27844314102634;4.837279486815611;4.8719530418905626;1.0  0.0  0.0  -2.0041047309264064  0.0  1.0  0.0  1.1106647961546656  0.0  0.0  1.0  -12.885162205894927  0.0  0.0  0.0  1.0
27844314102665;12.464679441521291;5.973289473174356;1.0  -0.0  0.0  -14.139364043136709  -0.0  1.0  -0.0  -4.196787713117558  0.0  -0.0  1.0  -4.852753789966107  -0.0  0.0  -0.0  1.0
27844314102696;10.865536856965761;6.774310608590041;1.0  -0.0  0.0  -2.310699198280094  -0.0  1.0  -0.0  -4.138614273809253  0.0  -0.0  1.0  9.318718341420814  -0.0  0.0  -0.0  1.0
27844314102727;12.326628554608499;0.30422766408728874;-0.7893257037856115  -0.6095093351247797  0.07391416467159229  -40.27996409762591  0.6112647997072497  -0.7914248420855143  0.0014366519325827597  -107.25125714237177  0.057621853338863695  0.046315113361290405  0.9972635721273118  7.538868520892675  -0.0  0.0  -0.0  1.0
27844314102758;6.140194318079895;9.043018697879162;1.0  -0.0  0.0  -7.848057372159598  -0.0  1.0  -0.0  -10.160198684940106  0.0  -0.0  1.0  4.382678074998067  -0.0  0.0  -0.0  1.0
27844314102789;11.79753658561828;5.648760878916633;1.0  -0.0  0.0  8.945552220252601  -0.0  1.0  -0.0  1.319319548393528  -0.0  -0.0  1.0  16.389346597882007  -0.0  0.0  -0.0  1.0
27844314102820;13.718009914125455;3.4787624785651503;1.0  0.0  0.0  -6.66351540748941  0.0  1.0  0.0  -2.2740783351429505  0.0  0.0  1.0  -12.455409886382286  0.0  0.0  0.0  1.0
27844314102851;14.126286162245718;3.053043557564705;1.0  0.0  0.0  -1.6038422859543005  0.0  1.0  0.0  -1.9986979691263442  0.0  0.0  1.0  -15.313160340567876  0.0  0.0  0.0  1.0
27844314102882;16.65338049572903;12.4034958536441;1.0  0.0  0.0  -11.713132296119213  0.0  1.0  0.0  9.142050033333291  0.0  0.0  1.0  -16.960654992169097  0.0  0.0  0.0  1.0
27844314102913;3.6628597101339557;5.839387708333047;1.0  -0.0  0.0  10.000267035755716  -0.0  1.0  -0.0  0.2932026258499505  -0.0  0.0  1.0  -0.061490513437607586  -0.0  0.0  -0.0  1.0
27844314102944;9.703443455187617;0.26310577825442893;0.6006420906989214  -0.7992227781706811  0.02172624528000867  -18.57107561985637  0.7992321716228218  0.5994790128423595  -0.04304473260016684  17.096202553146767  0.021377902701088945  0.04321879237889161  0.9988368842115374  3.745618910125307  -0.0  0.0  -0.0  1.0
27844314102975;6.1736923351409825;13.190673732197592;1.0  0.0  0.0  10.682547257471693  0.0  1.0  0.0  -2.189501951230298  0.0  0.0  1.0  -6.236073395182617  0.0  0.0  0.0  1.0
27844314103006;8.779326562990162;16.420524782149975;1.0  -0.0  0.0  -10.187806979094633  -0.0  1.0  -0.0  -19.524358672271404  0.0  -0.0  1.0  -4.189529130911574  -0.0  0.0  -0.0  1.0
27844314103037;4.983612374719573;6.796359141174011;-0.804652214143833  -0.583180377784115  0.11151439925409849  -2.1627255291960545  0.5566799607490296  -0.6756735843542683  0.4832935223094902  17.982760140972907  -0.20649996506993515  0.4509610342074264  0.8683270755036278  -2.167993065830878  -0.0  -0.0  -0.0  1.0
27844314103068;8.080951485631328;5.0721356402675895;1.0  -0.0  -0.0  -4.624535140803916  -0.0  1.0  0.0  1.4808160376089958  -0.0  -0.0  1.0  -6.065794763291994  -0.0  0.0  -0.0  1.0
27844314103099;5.35424278701302;2.5864764564198697;0.3374346018314711  0.9262138584832194  0.16812429283260072  40.594625569946345  0.866706107099781  -0.3753825247363074  0.32849426789297165  -68.76199575315862  0.3673668648677772  0.034869018859461684  -0.9294222603967477  -5.791402527496815  0.0  0.0  0.0  1.0
