# registration_from_features.py FastGlobal FastGlobal_config.json euclidean False --input_txt=/neural_comparison/point_clouds_registration_benchmark//tum/pioneer_slam3_global.txt --input_pcd_dir=/neural_comparison/point_clouds_registration_benchmark//tum/pioneer_slam3/ --input_features_dir=/neural_comparison/experiments/3DFeatNet/feature_extraction_voxelgrid_0.1_npz//tum/pioneer_slam3/ --output_dir=/root/neural_registration_comparison/results/3DFeatNet/FastGlobal/
id;initial_error;final_error;transformation
39885980090030;15.205318337116758;7.658724836872887;1.0  0.0  0.0  3.852836398225806  0.0  1.0  0.0  -4.694140329973118  0.0  0.0  1.0  7.054673521710753  0.0  0.0  0.0  1.0
39885980090061;13.318166755923231;2.819841300592506;1.0  0.0  0.0  9.774528854875  0.0  1.0  0.0  7.409218569999999  0.0  0.0  1.0  5.93188182046875  0.0  0.0  0.0  1.0
39885980090092;16.131758473986306;8.075643101075858;1.0  0.0  0.0  0.6922349083333348  0.0  1.0  0.0  5.034294633630952  0.0  0.0  1.0  12.694324966359167  0.0  0.0  0.0  1.0
39885980090123;12.985542941208589;4.487884901426381;1.0  0.0  0.0  0.7269425670270264  0.0  1.0  0.0  2.146921650860946  0.0  0.0  1.0  8.43258439771622  0.0  0.0  0.0  1.0
39885980090154;12.128119033469892;9.512188427763501;1.0  0.0  0.0  6.366110578364104  0.0  1.0  0.0  2.5711588222487185  0.0  0.0  1.0  -9.518645705641022  0.0  0.0  0.0  1.0
39885980090185;6.628057703543316;3.8158104981480876;1.0  0.0  0.0  -3.75007441934066  0.0  1.0  0.0  -0.4287406478131859  0.0  0.0  1.0  4.437547778676923  0.0  0.0  0.0  1.0
39885980090216;5.823010286342225;6.3850298768773985;1.0  0.0  0.0  3.874361910765552  0.0  1.0  0.0  1.9891639184065908  0.0  0.0  1.0  2.3203413877942585  0.0  0.0  0.0  1.0
39885980090247;5.3740242030998315;3.3451195422240816;1.0  0.0  0.0  -1.8670233566666665  0.0  1.0  0.0  1.9924358083333336  0.0  0.0  1.0  5.0747658459  0.0  0.0  0.0  1.0
39885980090278;4.39500473301532;6.356324106272896;1.0  0.0  0.0  2.318908788  0.0  1.0  0.0  -2.1249263400004312  0.0  0.0  1.0  -4.6171501378300634  0.0  0.0  0.0  1.0
39885980090309;6.062761454151005;4.896345254820818;1.0  0.0  0.0  2.246052545000003  0.0  1.0  0.0  1.4392381868181812  0.0  0.0  1.0  -1.8539870383636359  0.0  0.0  0.0  1.0
39885980090340;10.653667033347874;4.58588876986651;1.0  0.0  0.0  -0.7533348203947385  0.0  1.0  0.0  -3.3296638089578945  0.0  0.0  1.0  9.091973740815789  0.0  0.0  0.0  1.0
39885980090371;7.825764243118106;5.960520381763578;1.0  0.0  0.0  1.320016175000001  0.0  1.0  0.0  2.8135136043269235  0.0  0.0  1.0  3.4465124612309617  0.0  0.0  0.0  1.0
39885980090402;6.3535513934385985;7.95554493898523;1.0  0.0  0.0  10.272852525446428  0.0  1.0  0.0  -3.9698666760178574  0.0  0.0  1.0  4.290136434127232  0.0  0.0  0.0  1.0
39885980090433;6.8874917645610045;6.400982466291441;1.0  0.0  0.0  0.7495467046283295  0.0  1.0  0.0  0.8898456850070113  0.0  0.0  1.0  6.952000573349523  0.0  0.0  0.0  1.0
39885980090464;6.2677651862134764;3.8452446188030973;1.0  0.0  0.0  -5.631548830769229  0.0  1.0  0.0  -2.716654748384614  0.0  0.0  1.0  1.324430949025641  0.0  0.0  0.0  1.0
39885980090495;9.69087354585672;3.3502933408005697;1.0  0.0  0.0  -0.8293794730769228  0.0  1.0  0.0  -0.5358708004778844  0.0  0.0  1.0  -7.500097408440144  0.0  0.0  0.0  1.0
39885980090526;2.92110847772627;2.5092026331466863;1.0  0.0  0.0  1.7719985630769233  0.0  1.0  0.0  0.4484508793076927  0.0  0.0  1.0  3.7141896406538466  0.0  0.0  0.0  1.0
39885980090557;4.738076726601074;4.991268077983433;1.0  0.0  0.0  1.1884254404761911  0.0  1.0  0.0  0.8747664769523806  0.0  0.0  1.0  -7.405146534535713  0.0  0.0  0.0  1.0
39885980090588;14.769319861057435;6.854873880860295;1.0  0.0  0.0  11.913983581428571  0.0  1.0  0.0  7.801318272571429  0.0  0.0  1.0  11.067163874522858  0.0  0.0  0.0  1.0
39885980090619;2.836952107880147;1.135832570425181;-0.2858192449776028  0.9542754092386895  -0.08755456882861683  3.079328366554635  0.8056098127569488  0.28875516291116277  0.5173135272558248  -3.146284592619031  0.5189414117124849  0.07732334197692428  -0.8513054164019941  0.4707519791390983  0.0  0.0  0.0  1.0
39885980090650;12.55893498698289;6.510840906339055;1.0  0.0  0.0  -4.18604667894737  0.0  1.0  0.0  11.122984290526315  0.0  0.0  1.0  -1.9792414493026316  0.0  0.0  0.0  1.0
39885980090681;13.661467239296929;3.6951595988702928;1.0  0.0  0.0  -0.3002334384191183  0.0  1.0  0.0  4.171117554654412  0.0  0.0  1.0  -9.48753321125092  0.0  0.0  0.0  1.0
39885980090712;11.512393687205597;2.8555866522925806;1.0  0.0  0.0  3.173519676697062  0.0  1.0  0.0  -6.51394910032315  0.0  0.0  1.0  -2.0898394065276147  0.0  0.0  0.0  1.0
39885980090743;17.098275178250592;0.7854098230073554;-0.18336328015647085  -0.8914992442908534  -0.4142547584749001  6.859537893411034  -0.04217507900101432  0.4281456465539617  -0.9027250788851213  -13.194144831427923  0.9821400970337779  -0.14805540437865997  -0.11610524119415867  -6.194371670448233  0.0  0.0  0.0  1.0
39885980090774;10.611953381784044;7.806835793514183;1.0  0.0  0.0  6.133936833253967  0.0  1.0  0.0  0.10653255646825399  0.0  0.0  1.0  8.406921773285713  0.0  0.0  0.0  1.0
39885980090805;5.343071835957388;2.2222197912099624;1.0  0.0  0.0  -0.16377172571428522  0.0  1.0  0.0  -3.910636009857143  0.0  0.0  1.0  4.625158062742858  0.0  0.0  0.0  1.0
39885980090836;5.261479947974986;1.7477444190110525;1.0  0.0  0.0  -4.7186229740000005  0.0  1.0  0.0  2.0357277258666664  0.0  0.0  1.0  -2.406324952066666  0.0  0.0  0.0  1.0
39885980090867;12.813048896623984;3.600665787861778;1.0  0.0  0.0  0.8287614392857146  0.0  1.0  0.0  3.2404132319642853  0.0  0.0  1.0  -12.844148593164645  0.0  0.0  0.0  1.0
39885980090898;9.513150698671726;8.197478919849129;1.0  0.0  0.0  4.017251104444445  0.0  1.0  0.0  2.283040326729629  0.0  0.0  1.0  5.0231358024200015  0.0  0.0  0.0  1.0
39885980090929;3.2910700942172166;8.768102900959054;1.0  0.0  0.0  5.400782273954249  0.0  1.0  0.0  3.6583918871143792  0.0  0.0  1.0  2.2302145623186274  0.0  0.0  0.0  1.0
39885980090960;13.148595121958836;3.9242837146136362;1.0  0.0  0.0  0.13208902453113325  0.0  1.0  0.0  3.345932452410353  0.0  0.0  1.0  11.733859819276143  0.0  0.0  0.0  1.0
39885980090991;4.974292677219224;4.6489118400833505;1.0  0.0  0.0  1.34211161  0.0  1.0  0.0  -3.784769625  0.0  0.0  1.0  4.0815531459  0.0  0.0  0.0  1.0
39885980091022;13.287028172970416;5.076933733109087;1.0  0.0  0.0  -3.2408090931250007  0.0  1.0  0.0  -9.74305079984375  0.0  0.0  1.0  5.71483001159375  0.0  0.0  0.0  1.0
39885980091053;15.533441302838277;0.19504227894496762;-0.36948932601866336  0.9187411408257538  0.13925643293028417  -10.029827057517252  -0.9292348387940136  -0.36539764819333853  -0.05483769749214598  -0.15935045449333055  0.0005023243343272657  -0.14966387289178998  0.9887368066484084  -0.31457307417509145  0.0  0.0  0.0  1.0
39885980091084;7.763469718260981;9.472157129666133;1.0  0.0  0.0  8.69779942459079  0.0  1.0  0.0  3.2776564098951413  0.0  0.0  1.0  10.034192901324806  0.0  0.0  0.0  1.0
39885980091115;3.6651649034345075;4.755745088905542;1.0  -0.0  0.0  1.5596296018749989  -0.0  1.0  -0.0  3.347307522375001  -0.0  0.0  1.0  -3.5157714395312505  -0.0  0.0  -0.0  1.0
39885980091146;8.080612412768405;7.479269711544687;1.0  0.0  0.0  12.516355650476191  0.0  1.0  0.0  0.6031522663095237  0.0  0.0  1.0  1.2106699059514285  0.0  0.0  0.0  1.0
39885980091177;3.8726541071914253;8.648954372325434;1.0  -0.0  0.0  7.110436176192412  -0.0  1.0  -0.0  1.55158488249458  -0.0  0.0  1.0  -1.7541449061605687  -0.0  0.0  -0.0  1.0
39885980091208;5.2059592602279805;0.3528289139071408;0.17044991652968544  0.9683160985101978  0.18251235388601073  1.523452156166266  -0.9685372692248526  0.13055361156104062  0.21187570089756477  1.1517699042713585  0.18133500510791778  -0.21288421236521546  0.9601030819907593  -3.860933881167169  0.0  0.0  0.0  1.0
39885980091239;9.534104921615693;7.286328603128833;1.0  0.0  0.0  4.714916144190477  0.0  1.0  0.0  0.370032576933333  0.0  0.0  1.0  4.9189362813485715  0.0  0.0  0.0  1.0
39885980091270;6.793393155968177;8.299442827870944;1.0  0.0  0.0  7.501115166304333  0.0  1.0  0.0  2.5693724739999997  0.0  0.0  1.0  -5.76785422759  0.0  0.0  0.0  1.0
39885980091301;9.237550092631151;6.47637030198021;1.0  0.0  0.0  8.435670279310344  0.0  1.0  0.0  0.6306870967581896  0.0  0.0  1.0  -10.764885673692133  0.0  0.0  0.0  1.0
39885980091332;14.314334062580222;4.44377286745172;1.0  0.0  0.0  13.360268479464285  0.0  1.0  0.0  -1.1538320909196422  0.0  0.0  1.0  -0.46623994914910705  0.0  0.0  0.0  1.0
39885980091363;4.939595963032118;1.4174782542781008;0.12368425191933227  0.977769574255611  0.1693188279169108  2.391806422025109  0.6059093778693562  0.06071422998060949  -0.7932134694316735  3.6435302681979556  -0.7858600585582177  0.20069988026369784  -0.5849303603207927  -0.5813208721147299  -0.0  -0.0  0.0  1.0
39885980091394;15.273466798993145;6.764709391172636;1.0  0.0  0.0  14.471944757083332  0.0  1.0  0.0  9.716686694249999  0.0  0.0  1.0  -2.1614830600899997  0.0  0.0  0.0  1.0
39885980091425;8.06198539416402;4.859808516844786;1.0  0.0  0.0  3.517061800833333  0.0  1.0  0.0  -2.544210843250001  0.0  0.0  1.0  7.35558718366  0.0  0.0  0.0  1.0
39885980091456;10.977064992754894;8.185290948795465;1.0  0.0  0.0  17.094063560458842  0.0  1.0  0.0  -5.722030077946018  0.0  0.0  1.0  -3.838370997746289  0.0  0.0  0.0  1.0
39885980091487;2.767744523025431;2.4131556429912724;1.0  0.0  0.0  0.13383107240802694  0.0  1.0  0.0  2.014438587792642  0.0  0.0  1.0  -3.0226859208795984  0.0  0.0  0.0  1.0
39885980091518;6.6339837111177165;8.575525876130909;1.0  0.0  0.0  3.8888964171473708  0.0  1.0  0.0  -2.119680618216786  0.0  0.0  1.0  -2.153461198699248  0.0  0.0  0.0  1.0
39885980091549;8.72791924372333;4.191289124014423;1.0  0.0  0.0  2.3452813751012167  0.0  1.0  0.0  -6.9703594248101926  0.0  0.0  1.0  -6.624728738919029  0.0  0.0  0.0  1.0
39885980091580;11.404884011730314;6.458607439726709;1.0  0.0  0.0  -0.1963826178733008  0.0  1.0  0.0  -4.720449219547512  0.0  0.0  1.0  1.3200849225475115  0.0  0.0  0.0  1.0
39885980091611;5.185738995238877;1.5257379669645224;1.0  0.0  0.0  -0.5960697833333333  0.0  1.0  0.0  1.2980011574747472  0.0  0.0  1.0  -5.587014799041415  0.0  0.0  0.0  1.0
39885980091642;11.452810801369598;10.06902428193861;1.0  0.0  0.0  8.08675096997899  0.0  1.0  0.0  0.8017557759789918  0.0  0.0  1.0  8.729691548840334  0.0  0.0  0.0  1.0
39885980091673;6.84357315400721;7.251246899825896;1.0  0.0  0.0  5.713848008785714  0.0  1.0  0.0  2.5357681360660713  0.0  0.0  1.0  5.625388017933482  0.0  0.0  0.0  1.0
39885980091704;11.97004270038415;5.96635068434967;1.0  0.0  0.0  4.449883851235118  0.0  1.0  0.0  12.642773074166668  0.0  0.0  1.0  3.5864789305595233  0.0  0.0  0.0  1.0
39885980091735;9.206758517908435;8.199845895575065;1.0  0.0  0.0  1.537124815886287  0.0  1.0  0.0  -6.436894399598661  0.0  0.0  1.0  1.002843385381271  0.0  0.0  0.0  1.0
39885980091766;2.598811728309922;3.2542200383902404;1.0  0.0  0.0  0.9279829872807035  0.0  1.0  0.0  -1.959946765835833  0.0  0.0  1.0  3.7757505674912277  0.0  0.0  0.0  1.0
39885980091797;12.542227557622743;3.5560870271678984;1.0  0.0  0.0  6.04172939750505  0.0  1.0  0.0  -9.408823552217171  0.0  0.0  1.0  7.492452615901516  0.0  0.0  0.0  1.0
39885980091828;9.47715700246654;0.11109419858473178;0.5245788756221331  -0.8494722225030272  0.0566916788143208  -2.520858646496035  0.8477971048728952  0.5151356912705709  -0.12599717674744595  0.15500034087170209  0.07782719460545533  0.11415849847890357  0.9904093926275572  5.9174077281422495  -0.0  0.0  -0.0  1.0
39885980091859;14.228056617716064;5.639784501495097;1.0  0.0  0.0  4.903440662598685  0.0  1.0  0.0  6.115648842447369  0.0  0.0  1.0  -7.485242892565788  0.0  0.0  0.0  1.0
39885980091890;12.934736653014653;4.172838907830143;1.0  0.0  0.0  -0.5678275607142842  0.0  1.0  0.0  -8.828349863035715  0.0  0.0  1.0  -3.9293883788789272  0.0  0.0  0.0  1.0
39885980091921;11.389616762246979;4.125943707366298;1.0  0.0  0.0  -0.4559866727124193  0.0  1.0  0.0  7.290929646846404  0.0  0.0  1.0  2.2564316040000003  0.0  0.0  0.0  1.0
39885980091952;7.751231368250753;4.398547836086675;1.0  0.0  0.0  2.172246530650156  0.0  1.0  0.0  1.7554254306238395  0.0  0.0  1.0  -9.057746960580493  0.0  0.0  0.0  1.0
39885980091983;14.851121124669065;9.435414826457347;1.0  0.0  0.0  2.750988386715065  0.0  1.0  0.0  -12.119750204966422  0.0  0.0  1.0  -1.4696863498502721  0.0  0.0  0.0  1.0
39885980092014;8.09691717384987;7.54527666199359;1.0  0.0  0.0  2.714673928473685  0.0  1.0  0.0  5.604617967447369  0.0  0.0  1.0  -0.8061635530657891  0.0  0.0  0.0  1.0
39885980092045;7.770476372289854;9.253231399426445;1.0  0.0  0.0  13.269234722342196  0.0  1.0  0.0  2.830936167773256  0.0  0.0  1.0  -1.5446878652169436  0.0  0.0  0.0  1.0
39885980092076;16.718631862778135;8.333439751751136;1.0  0.0  0.0  3.154155121052632  0.0  1.0  0.0  -3.9656246533867288  0.0  0.0  1.0  15.940156168088675  0.0  0.0  0.0  1.0
39885980092107;10.262899426928634;3.8164231399694164;1.0  0.0  0.0  -5.183788106250001  0.0  1.0  0.0  1.5168076984375003  0.0  0.0  1.0  7.44912094249375  0.0  0.0  0.0  1.0
39885980092138;15.257229419744425;5.752454689585132;1.0  0.0  0.0  -1.6743868612500004  0.0  1.0  0.0  -0.6181943300225001  0.0  0.0  1.0  -11.164662182506248  0.0  0.0  0.0  1.0
39885980092169;15.992191385092843;6.252044334581687;1.0  0.0  0.0  -3.1280470018181834  0.0  1.0  0.0  -11.92180922151515  0.0  0.0  1.0  4.975386350484848  0.0  0.0  0.0  1.0
39885980092200;6.917432320039796;1.5701998452535717;0.5470168497135826  0.8291216322507109  -0.11545512142535946  0.7076365835478852  -0.8343447213385394  0.5512164667240751  0.0054122811033099835  -5.196751536070525  0.0681282034398615  0.09336876215385209  0.9932979523536294  -0.6536407878932459  0.0  0.0  0.0  1.0
39885980092231;11.63978213050849;10.13133791314144;1.0  0.0  0.0  7.722304603529411  0.0  1.0  0.0  3.887293150481283  0.0  0.0  1.0  -11.289671316361677  0.0  0.0  0.0  1.0
39885980092262;5.191873642222159;8.506371895289135;1.0  0.0  0.0  2.263627669473684  0.0  1.0  0.0  1.6502373264473689  0.0  0.0  1.0  -0.7019179028157894  0.0  0.0  0.0  1.0
39885980092293;17.8683780302977;7.541831359569077;1.0  0.0  0.0  8.891772192967034  0.0  1.0  0.0  3.2598949757802194  0.0  0.0  1.0  -12.514178491065934  0.0  0.0  0.0  1.0
39885980092324;2.5378082800465176;2.0812067900056634;1.0  0.0  0.0  -0.27386400000000144  0.0  1.0  0.0  -0.21578279496969732  0.0  0.0  1.0  -0.32055137659696986  0.0  0.0  0.0  1.0
39885980092355;4.721106299632293;0.42859296819770304;0.5626525902528257  0.8132098721327434  -0.14870025738926887  -0.48650450859633404  -0.8266884991936836  0.5528496656410046  -0.10461057547649957  -0.7157851154955281  -0.0028614651285881073  0.1817882038705398  0.9833335451162234  1.7218441055179152  0.0  0.0  0.0  1.0
39885980092386;4.150156398285817;4.2423829410678024;1.0  -0.0  0.0  -4.581537154083334  -0.0  1.0  -0.0  -2.9828619803055556  0.0  -0.0  1.0  4.6712590772222224  -0.0  0.0  -0.0  1.0
39885980092417;6.211588953303198;8.040055501188705;1.0  0.0  0.0  -2.5130812890833334  0.0  1.0  0.0  3.5991824084642854  0.0  0.0  1.0  0.6086571569642856  0.0  0.0  0.0  1.0
39885980092448;6.198581447326856;4.177038446396013;1.0  0.0  0.0  1.9680440153153151  0.0  1.0  0.0  -2.8616262828828836  0.0  0.0  1.0  -3.1074837526297303  0.0  0.0  0.0  1.0
39885980092479;13.852347125351322;4.441230335001469;1.0  -0.0  0.0  3.3933352848846146  -0.0  1.0  -0.0  -5.8598499292615385  0.0  0.0  1.0  -13.139832235399997  -0.0  0.0  -0.0  1.0
39885980092510;11.087356919905194;2.988174491756575;0.7552252598150491  -0.5430707735479894  -0.367027167734595  -2.1557054386331167  0.6516256058580919  0.682579494202973  0.3308614572350283  -7.809142452959632  0.07084403099318787  -0.489039230544546  0.8693800976908977  -0.8868244362684632  0.0  0.0  0.0  1.0
39885980092541;8.13198811043238;4.846790513963456;1.0  0.0  0.0  -4.039867909  0.0  1.0  0.0  10.437114317263159  0.0  0.0  1.0  5.001030856435087  0.0  0.0  0.0  1.0
39885980092572;12.857597382515118;8.21768503891849;1.0  0.0  0.0  -6.671035736333334  0.0  1.0  0.0  -1.5737176282023815  0.0  0.0  1.0  5.842911810297617  0.0  0.0  0.0  1.0
39885980092603;4.595426400726901;4.322649387953368;1.0  0.0  0.0  1.9505970021381573  0.0  1.0  0.0  0.846094026335526  0.0  0.0  1.0  -1.06376014985773  0.0  0.0  0.0  1.0
39885980092634;14.955394496186754;7.555057849405416;1.0  0.0  0.0  -1.3652481964935053  0.0  1.0  0.0  2.5008461583246753  0.0  0.0  1.0  9.7297690186787  0.0  0.0  0.0  1.0
39885980092665;13.790322686089336;8.53064638001601;1.0  0.0  0.0  2.8711328997737566  0.0  1.0  0.0  -10.066783666606337  0.0  0.0  1.0  -12.320758575099548  0.0  0.0  0.0  1.0
39885980092696;10.060575966549875;8.05814115089148;1.0  0.0  0.0  6.223701765446428  0.0  1.0  0.0  -0.3475228707142852  0.0  0.0  1.0  8.77569140546875  0.0  0.0  0.0  1.0
39885980092727;5.0885328238275855;5.336383385888906;1.0  0.0  0.0  2.493305024147726  0.0  1.0  0.0  -0.7300163815454543  0.0  0.0  1.0  -4.163570439985796  0.0  0.0  0.0  1.0
39885980092758;7.042514947121556;2.9766434832728597;1.0  -0.0  -0.0  -2.061782067354497  -0.0  1.0  0.0  5.145896258783068  -0.0  -0.0  1.0  -7.436439904021165  -0.0  0.0  -0.0  1.0
39885980092789;9.837958892178126;8.586485852683545;1.0  0.0  0.0  3.106020750226243  0.0  1.0  0.0  -10.320114017696833  0.0  0.0  1.0  2.272935076873303  0.0  0.0  0.0  1.0
39885980092820;8.268718839568454;7.833459140228355;1.0  0.0  0.0  5.7903806330202015  0.0  1.0  0.0  -3.8651579959343434  0.0  0.0  1.0  6.228573749909091  0.0  0.0  0.0  1.0
39885980092851;6.8936455006206945;9.882239140030585;1.0  0.0  0.0  7.350223911627907  0.0  1.0  0.0  3.099733723023256  0.0  0.0  1.0  -0.699616943788372  0.0  0.0  0.0  1.0
39885980092882;8.701798953500287;7.384974978171792;1.0  0.0  0.0  2.8003661285405403  0.0  1.0  0.0  -0.4091360543405407  0.0  0.0  1.0  10.160089150081083  0.0  0.0  0.0  1.0
39885980092913;12.068994851548805;7.426832015170795;1.0  0.0  0.0  6.41067447004054  0.0  1.0  0.0  1.0174674142094597  0.0  0.0  1.0  8.283522884414415  0.0  0.0  0.0  1.0
39885980092944;3.372320270673433;8.873892963416392;1.0  0.0  0.0  5.848133509942857  0.0  1.0  0.0  3.269197064982857  0.0  0.0  1.0  -0.9584637476485715  0.0  0.0  0.0  1.0
39885980092975;6.497637263498034;9.881287803350958;1.0  0.0  0.0  4.447834125219298  0.0  1.0  0.0  -3.4060175100292414  0.0  0.0  1.0  -2.7346041576359643  0.0  0.0  0.0  1.0
39885980093006;15.880192191604793;4.9653896061103255;1.0  0.0  0.0  4.83582344631016  0.0  1.0  0.0  -9.989207047417112  0.0  0.0  1.0  -0.03943526940641717  0.0  0.0  0.0  1.0
39885980093037;17.265572118183027;8.673963308336878;1.0  0.0  0.0  10.322393351880342  0.0  1.0  0.0  0.926587017380342  0.0  0.0  1.0  -15.064637502538458  0.0  0.0  0.0  1.0
39885980093068;7.330304072587055;5.469051630453737;1.0  0.0  0.0  0.8951476960960951  0.0  1.0  0.0  1.630747947515015  0.0  0.0  1.0  -7.768400685030032  0.0  0.0  0.0  1.0
39885980093099;11.7148593534829;1.9617771917491342;1.0  0.0  0.0  1.8928806586666669  0.0  1.0  0.0  13.548231085964284  0.0  0.0  1.0  -3.2307692888690474  0.0  0.0  0.0  1.0
