# registration_from_features.py FastGlobal FastGlobal_config.json euclidean --input_txt=/neural_comparison/point_clouds_registration_benchmark//eth/stairs_global.txt --input_pcd_dir=/neural_comparison/point_clouds_registration_benchmark//eth/stairs/ --input_features_dir=/neural_comparison/experiments/3DFeatNet/test//eth/stairs/ --output_dir=/root/neural_registration_comparison/results/3DFeatNet/FastGlobal/
id;initial_error;final_error;transformation
5494384560030;1.9653997219596564;0.20040109934018915;-0.2329974328604623  -0.9624217938035458  0.13948651222393843  9.188835940397537  0.9562845820638955  -0.200682748694317  0.21271161812034461  -9.317671939641896  -0.17672576039535345  0.18295006200725497  0.9671076881217655  2.4669330144307002  -0.0  -0.0  -0.0  1.0
5494384560061;3.2470421696666185;3.1367520276770007;1.0  0.0  0.0  -3.8550960338008387  0.0  1.0  0.0  0.9146236442385356  0.0  0.0  1.0  3.8498222056342697  0.0  0.0  0.0  1.0
5494384560092;2.297685819693392;3.9076586894828487;1.0  0.0  0.0  3.5336112538765274  0.0  1.0  0.0  0.5569158063437638  0.0  0.0  1.0  2.455685012809125  0.0  0.0  0.0  1.0
5494384560123;8.759025089926762;3.7323950180995955;1.0  -0.0  0.0  0.3806559233788631  -0.0  1.0  -0.0  5.29318608237125  -0.0  -0.0  1.0  3.76934552190506  -0.0  0.0  -0.0  1.0
5494384560154;2.6625673868786452;4.586273021399721;1.0  0.0  0.0  -1.4846501872392848  0.0  1.0  0.0  -1.0220961593995104  0.0  0.0  1.0  2.4962441384936964  0.0  0.0  0.0  1.0
5494384560185;6.621620892396294;0.08671035165411348;0.7068989538310909  0.707258384503512  0.008913283457507037  -3.252110029337165  -0.7068694163402304  0.7068449916005837  -0.02656663493923266  5.261622301888997  -0.025089785079471485  0.012479398970073028  0.9996073065389292  7.967837173877614  -0.0  -0.0  -0.0  1.0
5494384560216;5.2200031515621825;1.4987732928325181;1.0  -0.0  0.0  -1.6681347030172433  -0.0  1.0  -0.0  -0.8886065378211208  0.0  -0.0  1.0  6.254417582181034  -0.0  0.0  -0.0  1.0
5494384560247;8.503686109037535;3.5330657220900523;1.0  0.0  0.0  -2.018076151475994  0.0  1.0  0.0  1.9837626167682383  0.0  0.0  1.0  11.04766515338951  0.0  0.0  0.0  1.0
5494384560278;5.489767218869771;4.009060788026087;1.0  0.0  0.0  2.1559397229665778  0.0  1.0  0.0  -3.901847639197661  0.0  0.0  1.0  -1.9303695172449875  0.0  0.0  0.0  1.0
5494384560309;6.344090179496548;3.647928885256627;1.0  0.0  0.0  -0.2760850821652102  0.0  1.0  0.0  3.984757264103583  0.0  0.0  1.0  -2.934681186430508  0.0  0.0  0.0  1.0
5494384560340;11.288142510784303;1.796156624609569;-0.813323410868705  -0.14756417090109966  0.5627875663153623  4.932624268452962  -0.5015061937016118  0.6681870445377348  -0.5495612897492436  10.091734994738431  -0.29495180455765996  -0.7292125129056674  -0.6174565118370545  0.8804227944002244  0.0  0.0  -0.0  1.0
5494384560371;4.893298023722126;4.632666528663148;1.0  0.0  0.0  -4.335683683898498  0.0  1.0  0.0  0.33160462172587657  0.0  0.0  1.0  1.8526896675695483  0.0  0.0  0.0  1.0
5494384560402;1.640061358821845;0.2350924701092808;0.6401394847494986  -0.7674270349860799  0.03573773967558646  0.6350367564432756  0.7649668352798019  0.6324049124380297  -0.12202363560495856  -1.945930349009104  0.07104351474026269  0.10545033284310545  0.9918835850625962  1.1840427470419477  -0.0  0.0  -0.0  1.0
5494384560433;4.064579359510598;0.2763430443514602;0.11899204130492214  0.9559713858390094  -0.2682528724228893  9.74030353550959  -0.9841100590328246  0.14941374556205178  0.09593187347033885  9.310023630071795  0.13178879245405561  0.25257522066537347  0.9585601035351617  5.7406505874416665  -0.0  -0.0  -0.0  1.0
5494384560464;8.086453804333049;2.1913740040224883;1.0  0.0  0.0  5.454074834148487  0.0  1.0  0.0  -6.111322561863636  0.0  0.0  1.0  -4.438518868409091  0.0  0.0  0.0  1.0
5494384560495;3.79668680245774;0.23373889059626216;0.6253782630341829  0.7771661740518501  0.07010539233152702  4.33192937029774  -0.7791899223919293  0.6267829858442328  0.0024806247289082877  -0.5092181849288557  -0.04201300949951203  -0.056176743994262916  0.9975365058317399  -0.7515186906327128  0.0  0.0  0.0  1.0
5494384560526;3.919459476654856;2.4306698390923436;1.0  -0.0  0.0  -4.906075792959776  -0.0  1.0  -0.0  -1.9970911159583329  0.0  -0.0  1.0  3.8149799021330453  -0.0  0.0  -0.0  1.0
5494384560557;4.769841275602151;1.5713923025965404;1.0  -0.0  0.0  -0.06915160750277449  -0.0  1.0  -0.0  -0.8361847108089203  0.0  -0.0  1.0  5.445218782825009  -0.0  0.0  -0.0  1.0
5494384560588;4.0033637514024445;3.6024011528798985;1.0  0.0  0.0  2.0345637110294135  0.0  1.0  0.0  -3.2138531143348934  0.0  0.0  1.0  -2.851329613168449  0.0  0.0  0.0  1.0
5494384560619;2.5680413302481218;3.9145476214216433;1.0  0.0  0.0  -0.6088074431837777  0.0  1.0  0.0  -3.046884331254507  0.0  0.0  1.0  0.1432331036079546  0.0  0.0  0.0  1.0
5494384560650;2.1252762310053015;0.0898494127930094;-0.09107154210863651  0.9828159372323266  0.16055780186617943  11.073581639822855  -0.995717161478128  -0.09244534998521756  0.001091606179253559  10.123962160899742  0.015915670136527914  -0.1597707444692402  0.987025835860364  -2.266374600475236  0.0  0.0  -0.0  1.0
5494384560681;5.499161925361485;1.57955039851954;1.0  -0.0  -0.0  -3.6295438927712773  -0.0  1.0  0.0  9.410467627331068  -0.0  -0.0  1.0  3.9185283190848668  -0.0  0.0  -0.0  1.0
5494384560712;3.9543429907625507;0.8624349201184922;0.36869410336452046  0.9280506256325542  0.05278915046917246  3.7539196750534267  -0.9166634199550744  0.3535720306647696  0.1863196008149914  -0.5289730295113044  0.1542492549755074  -0.11708482136731291  0.9810699832045042  -1.8210991179609386  -0.0  0.0  -0.0  1.0
5494384560743;2.252255054334342;0.09048882507858702;0.5101972134448877  0.8598275088609891  -0.019886135848317672  3.38022947387829  -0.8576806845680249  0.5069334924493573  -0.08603648965423621  11.417274171478953  -0.06389559227363613  0.06095153188396901  0.9960935016598595  -2.143353798649883  -0.0  -0.0  -0.0  1.0
5494384560774;4.093777341873709;2.6922826665507813;1.0  -0.0  0.0  1.3868720594957047  -0.0  1.0  -0.0  0.5927627504800995  -0.0  0.0  1.0  -2.5363341198473544  -0.0  0.0  -0.0  1.0
5494384560805;2.4081201720064747;2.0698153800081394;-0.16351286496674353  -0.9706470285584723  -0.17637428650735185  13.722098629152928  0.952503052971585  -0.10877115405853878  -0.28444115406281295  -12.517881981269026  0.25690752630115576  -0.2145068343791946  0.9423297410855922  0.20691000085986158  -0.0  0.0  -0.0  1.0
5494384560836;2.3977526989083033;0.09487943432442811;-0.9403846977560697  0.3393799938309711  -0.0223123287335891  16.025385177010772  -0.3261071247808749  -0.918350093850482  -0.22424818459010912  2.786976855720633  -0.09659587668931273  -0.2036033519176403  0.974276609436214  3.3654181213075884  0.0  -0.0  -0.0  1.0
5494384560867;5.82100797182095;2.807432041748007;1.0  0.0  0.0  2.982049406528759  0.0  1.0  0.0  -5.294240954488559  0.0  0.0  1.0  1.4747733217699452  0.0  0.0  0.0  1.0
5494384560898;7.426959109966299;2.571727203403519;1.0  0.0  0.0  -0.3718287636085087  0.0  1.0  0.0  -0.7793800122229633  0.0  0.0  1.0  -5.4236095295602045  0.0  0.0  0.0  1.0
5494384560929;3.2277640385532322;0.19691075492985166;0.04010920597327362  -0.9873413772469626  0.1534544113809233  9.402138561031926  0.9988202802219982  0.0354111688254743  -0.033227954190127744  -9.287469781339476  0.027373333984756103  0.15460612503547821  0.9875969049607607  -5.814470645703148  -0.0  0.0  -0.0  1.0
5494384560960;7.03502339552627;2.228108805095882;1.0  -0.0  0.0  -5.810463637885661  -0.0  1.0  -0.0  -5.085943789074411  0.0  -0.0  1.0  2.5860732783112974  -0.0  0.0  -0.0  1.0
5494384560991;7.791752238870199;4.90291413817215;1.0  -0.0  -0.0  -3.3692378391666686  -0.0  1.0  0.0  6.231336873936366  -0.0  -0.0  1.0  1.3644309648674255  -0.0  0.0  -0.0  1.0
5494384561022;4.731288337239354;1.8362196521128356;1.0  -0.0  -0.0  -0.1779957033040951  -0.0  1.0  0.0  2.88422195964766  -0.0  -0.0  1.0  0.8511559254571353  -0.0  0.0  -0.0  1.0
5494384561053;4.703195918816284;3.362279564862562;1.0  0.0  0.0  -1.9692392743164482  0.0  1.0  0.0  -0.0981092938494803  0.0  0.0  1.0  -5.893004810315776  0.0  0.0  0.0  1.0
5494384561084;7.769594886748286;6.993116585502433;1.0  0.0  0.0  3.9693309150732166  0.0  1.0  0.0  0.1502224668209877  0.0  0.0  1.0  -3.513014425997703  0.0  0.0  0.0  1.0
5494384561115;2.7618695788486547;2.217363518444543;1.0  -0.0  0.0  1.3940561350545249  -0.0  1.0  -0.0  1.465690497033061  -0.0  0.0  1.0  -3.0844558553415995  -0.0  0.0  -0.0  1.0
5494384561146;4.978157980828911;5.08025595123503;1.0  -0.0  0.0  2.0084224950314518  -0.0  1.0  -0.0  1.9492712686396232  -0.0  -0.0  1.0  6.258201416003145  -0.0  0.0  -0.0  1.0
5494384561177;7.540163639644457;3.434784946318709;1.0  -0.0  -0.0  -4.2668651921212115  -0.0  1.0  0.0  0.7469399628555553  -0.0  -0.0  1.0  7.322495542601011  -0.0  0.0  -0.0  1.0
5494384561208;2.258030642572619;2.12437212580449;1.0  -0.0  0.0  3.0306899545593255  -0.0  1.0  -0.0  -2.9579616186088167  0.0  0.0  1.0  -0.20806113033391993  -0.0  0.0  -0.0  1.0
5494384561239;3.8492329696698255;2.573209072180044;1.0  -0.0  0.0  -5.234888436004084  -0.0  1.0  -0.0  -4.057447263505915  0.0  -0.0  1.0  5.772941930494649  -0.0  0.0  -0.0  1.0
5494384561270;9.123550834747231;5.210246978366852;1.0  -0.0  0.0  -9.123173083787878  -0.0  1.0  -0.0  -0.951753969569444  0.0  -0.0  1.0  -6.864220757550507  -0.0  0.0  -0.0  1.0
5494384561301;4.160514649695006;1.863319307140968;-0.29837811025422845  0.15015185260967  0.9425629551807129  6.889371296538767  0.8729339344269826  -0.35640263563138225  0.3331118542484363  -4.217627097828527  0.38594928351655633  0.9221884744849547  -0.02472990255074129  -3.422788661719458  -0.0  0.0  -0.0  1.0
5494384561332;6.482396831003189;3.8912284379120687;1.0  0.0  0.0  0.6325231803469396  0.0  1.0  0.0  -5.640427597034014  0.0  0.0  1.0  -6.192958511632651  0.0  0.0  0.0  1.0
5494384561363;2.945345827521586;3.363236634944324;1.0  0.0  0.0  -4.213446127224492  0.0  1.0  0.0  0.6213875241405886  0.0  0.0  1.0  -1.854746081315192  0.0  0.0  0.0  1.0
5494384561394;1.7737978589250467;1.90986680167515;1.0  0.0  0.0  0.6238130502189395  0.0  1.0  0.0  -2.0707053400955306  0.0  0.0  1.0  -3.1143583393162872  0.0  0.0  0.0  1.0
5494384561425;2.0770362960670123;3.4348190214902834;1.0  0.0  0.0  1.2450671958748707  0.0  1.0  0.0  0.6734243559985794  0.0  0.0  1.0  5.357020206530408  0.0  0.0  0.0  1.0
5494384561456;3.2026873730298178;0.3470617658957411;0.07143504949836502  -0.9889512919802382  -0.12989370960051835  0.9705158750594416  0.9592854890014317  0.032440893878074306  0.28056895586589015  -3.0803888886675628  -0.2732551633445391  -0.14464760798232765  0.9510040405858118  4.328653787008573  0.0  0.0  0.0  1.0
5494384561487;2.7650958552301788;2.397257645307702;1.0  -0.0  -0.0  -1.872694447461189  -0.0  1.0  0.0  1.857456762374428  -0.0  -0.0  1.0  -3.6892180206118734  -0.0  0.0  -0.0  1.0
5494384561518;5.145762913418466;3.5676834491192944;1.0  -0.0  0.0  -7.010028877296702  -0.0  1.0  -0.0  -4.382486145826374  0.0  -0.0  1.0  2.3204256161351653  -0.0  0.0  -0.0  1.0
5494384561549;4.6377896203071325;0.21117416026888236;-0.9486500064305255  -0.3163268289780665  0.0007089203367799109  5.405663761987138  0.309797980224873  -0.9286126144119825  0.2042151409752252  0.8614227525907892  -0.06394041560665477  0.19394831688783312  0.9789257753417389  -4.700689678698305  -0.0  -0.0  -0.0  1.0
5494384561580;4.567914726536869;2.455773243466628;1.0  -0.0  0.0  -1.2213636828645829  -0.0  1.0  -0.0  -1.12431231632581  0.0  -0.0  1.0  -4.03264699148148  -0.0  0.0  -0.0  1.0
5494384561611;3.9710273671971175;3.2491530452053694;1.0  -0.0  0.0  3.610265317189854  -0.0  1.0  -0.0  3.958043999684087  -0.0  0.0  1.0  -0.6068882333051442  -0.0  0.0  -0.0  1.0
5494384561642;3.9300328799679396;4.1394789520709745;1.0  -0.0  0.0  1.1839453053610987  -0.0  1.0  -0.0  -2.718901313900089  0.0  0.0  1.0  -4.390772658307489  -0.0  0.0  -0.0  1.0
5494384561673;1.856504570527757;1.6184829357160098;1.0  -0.0  0.0  0.4210468566187544  -0.0  1.0  -0.0  -1.4445111515680207  0.0  0.0  1.0  -1.527407268720044  -0.0  0.0  -0.0  1.0
5494384561704;3.161923902897827;3.186619098647044;1.0  0.0  0.0  -0.6829427723650046  0.0  1.0  0.0  1.2176926374062682  0.0  0.0  1.0  3.539013627156107  0.0  0.0  0.0  1.0
5494384561735;3.569181629467939;3.9834143449504533;1.0  -0.0  -0.0  -0.8513650991860384  -0.0  1.0  0.0  3.7366676219999992  -0.0  -0.0  1.0  6.124956933527791  -0.0  0.0  -0.0  1.0
5494384561766;3.9022771741523186;1.459322216609562;1.0  -0.0  0.0  1.3092909477312045  -0.0  1.0  -0.0  -2.9117097714496385  0.0  -0.0  1.0  5.229484542528012  -0.0  0.0  -0.0  1.0
5494384561797;1.7821658772718727;2.121128079311925;1.0  -0.0  0.0  0.840994696253972  -0.0  1.0  -0.0  1.0045909725300302  -0.0  -0.0  1.0  0.36128559444994757  -0.0  0.0  -0.0  1.0
5494384561828;3.031970333042847;2.661371125589239;1.0  -0.0  0.0  1.004575487275022  -0.0  1.0  -0.0  -0.11545477524852787  0.0  0.0  1.0  -0.8965159186564347  -0.0  0.0  -0.0  1.0
5494384561859;3.9115043062921147;2.2632515851175254;1.0  0.0  0.0  3.6565206859462593  0.0  1.0  0.0  1.8019973953292698  0.0  0.0  1.0  0.061643578814716715  0.0  0.0  0.0  1.0
5494384561890;2.700280821168816;1.9096176151893836;1.0  -0.0  0.0  -1.690991742439559  -0.0  1.0  -0.0  -0.06290292037065948  0.0  -0.0  1.0  -2.7367976168791186  -0.0  0.0  -0.0  1.0
5494384561921;4.363288827751439;2.6211701912873426;1.0  -0.0  0.0  -2.9061311501538443  -0.0  1.0  -0.0  -4.4832418458835175  0.0  -0.0  1.0  -1.3705148485934053  -0.0  0.0  -0.0  1.0
5494384561952;5.900960080460973;2.6701984573356845;1.0  -0.0  0.0  -4.098692788098223  -0.0  1.0  -0.0  -2.7445124238453498  0.0  -0.0  1.0  7.2707200588140015  -0.0  0.0  -0.0  1.0
5494384561983;1.9280359265963185;1.7443860975701075;1.0  -0.0  0.0  0.0768105181154013  -0.0  1.0  -0.0  -0.32710904256392725  0.0  0.0  1.0  -1.9239859589369042  -0.0  0.0  -0.0  1.0
5494384562014;2.290467177188447;1.5326160242637346;1.0  -0.0  -0.0  -0.5165175165174816  -0.0  1.0  0.0  0.29405806608834517  -0.0  -0.0  1.0  1.9834312928135207  -0.0  0.0  -0.0  1.0
5494384562045;2.843775395138052;2.4353987746961505;1.0  -0.0  0.0  -1.8583758027865631  -0.0  1.0  -0.0  -3.7405365875731236  0.0  -0.0  1.0  -0.6678741712384704  -0.0  0.0  -0.0  1.0
5494384562076;7.910208896373804;2.312007071733726;1.0  -0.0  -0.0  -8.419785737515467  -0.0  1.0  0.0  2.853044402763041  -0.0  -0.0  1.0  3.574816426850133  -0.0  0.0  -0.0  1.0
5494384562107;6.000656068192277;0.09466375888329671;-0.1003064319485973  0.9930723887899071  0.06120335230074684  11.427953235063171  -0.9939744452207143  -0.09728511851409866  -0.050501563974517466  2.8305382622560677  -0.04419753339176214  -0.06590019983889071  0.9968468998313023  2.3871102821488863  0.0  -0.0  -0.0  1.0
5494384562138;3.161989247048879;2.314242448801422;1.0  -0.0  -0.0  -4.0682709868544595  -0.0  1.0  0.0  0.058331228751434594  -0.0  -0.0  1.0  0.2836841189720396  -0.0  0.0  -0.0  1.0
5494384562169;5.267286062056453;1.8698365012036071;1.0  -0.0  0.0  -1.3326663050586491  -0.0  1.0  -0.0  -0.6705076803323551  0.0  -0.0  1.0  6.985074189945259  -0.0  0.0  -0.0  1.0
5494384562200;6.316421781002835;0.07186629093531544;0.05498484411833547  -0.9983582102637995  -0.016048392945903087  2.836452366654725  0.9980960000904522  0.055406068673365165  -0.027102438222478552  -0.0560551995007789  0.02794712007923676  -0.014527613466295866  0.9995038303709756  -6.121317084361886  -0.0  0.0  -0.0  1.0
5494384562231;6.809241551181215;0.11986543638521562;-0.23535777521612727  -0.9098364967763356  0.341766392114672  0.3910313161731048  0.9516137771947357  -0.28721167942186887  -0.10927337396107194  -6.1689954769335  0.19758020320487918  0.29951126913262255  0.9334104472117752  5.854238621116781  -0.0  0.0  -0.0  1.0
5494384562262;9.226605709293516;2.049100850619122;1.0  0.0  0.0  4.684148713900001  0.0  1.0  0.0  -0.45807912575925924  0.0  0.0  1.0  7.9173290622222225  0.0  0.0  0.0  1.0
5494384562293;3.35198828640729;2.3969437373512146;-0.6967143892622442  0.5420759302077154  -0.4698326783913365  3.1365941488570956  -0.6250679597540734  -0.7801083402856441  0.026851873410580557  3.7006664690540823  -0.3519646366949642  0.31238544029166443  0.8823470015872235  0.5288887601470212  0.0  0.0  0.0  1.0
5494384562324;6.007210908334361;0.6826987149395143;0.9929240705522657  -0.11288049775002366  0.03687524027890603  2.504510909242529  0.10425538712617931  0.9773018923297193  0.18442295275783732  5.618295662506424  -0.05685599680852177  -0.1792735465049316  0.9821549730823814  -0.5535562111298932  0.0  -0.0  -0.0  1.0
5494384562355;2.8594967283924566;1.5483678114095691;1.0  0.0  0.0  -2.9285348029467095  0.0  1.0  0.0  -0.3449826389059555  0.0  0.0  1.0  2.093063242983699  0.0  0.0  0.0  1.0
5494384562386;7.555953592991905;2.232014115608538;-0.7443441628407628  0.6239236046910898  0.2380569317498678  4.628934441742153  -0.5783244811644127  -0.7805111532847226  0.23736708719632266  2.9672046359951927  0.3339050190260664  0.039008654263263574  0.9417992159487989  8.16129592890393  -0.0  0.0  -0.0  1.0
5494384562417;3.909277903469262;0.30041231667477003;0.1847274607963849  -0.9716141194450052  0.14778960762796198  6.512805833609086  0.9815471321722505  0.1899556625321982  0.02195617444786303  -4.196161853657814  -0.049406401934884145  0.14100655717753194  0.9887750797227796  -0.3861151779971289  0.0  0.0  0.0  1.0
5494384562448;8.322743061723811;4.770625964905456;1.0  -0.0  0.0  0.7995742283513811  -0.0  1.0  -0.0  -2.6083251571686743  0.0  -0.0  1.0  7.941020054963367  -0.0  0.0  -0.0  1.0
5494384562479;5.142564597723577;1.96721665680328;1.0  -0.0  0.0  2.9065744203610984  -0.0  1.0  -0.0  -1.920114808494684  0.0  -0.0  1.0  2.977463848107378  -0.0  0.0  -0.0  1.0
5494384562510;7.409784479444804;0.40635010197083343;0.1529740458028035  0.9212838063871834  -0.3575403325493015  0.14939859398736932  -0.98662831561965  0.16297159577416503  -0.002196767705972616  6.01334624334031  0.05624507203527834  0.35309546451287843  0.9338951144599594  6.888173573760016  -0.0  0.0  -0.0  1.0
5494384562541;3.4584512201369555;3.969496012357943;1.0  -0.0  0.0  -5.670093954166664  -0.0  1.0  -0.0  -1.5433409462129628  0.0  -0.0  1.0  -4.54143449564815  -0.0  0.0  -0.0  1.0
5494384562572;8.23556210803444;1.7713929627599916;1.0  -0.0  0.0  0.2976707341666658  -0.0  1.0  -0.0  -0.05775727197465885  0.0  -0.0  1.0  8.95476462957115  -0.0  0.0  -0.0  1.0
5494384562603;7.97771549928889;2.415590650819843;1.0  -0.0  -0.0  -4.1513934914744475  -0.0  1.0  0.0  7.684990762281776  -0.0  -0.0  1.0  -0.3334283797376756  -0.0  0.0  -0.0  1.0
5494384562634;7.765621830691003;4.497502144261316;1.0  0.0  0.0  -2.8196511021497694  0.0  1.0  0.0  1.478888458202957  0.0  0.0  1.0  7.615708869770736  0.0  0.0  0.0  1.0
5494384562665;9.270386005314265;3.0865598559397616;1.0  -0.0  0.0  5.565226084600768  -0.0  1.0  -0.0  5.626637810498085  -0.0  -0.0  1.0  0.30151158807662837  -0.0  0.0  -0.0  1.0
5494384562696;6.577937540194185;0.1507502817131751;0.3545940163921657  0.9334629587790716  -0.05394430578192389  2.510822574816977  -0.9223178921485436  0.33971668562896645  -0.1841800188075204  7.327753233804891  -0.15359944453526217  0.11506293101034372  0.9814110925324655  7.3451867432976465  0.0  0.0  0.0  1.0
5494384562727;4.59848726203546;3.929740161946606;1.0  0.0  0.0  -4.769858398566918  0.0  1.0  0.0  -0.2936856692468437  0.0  0.0  1.0  4.593141953996844  0.0  0.0  0.0  1.0
5494384562758;5.063388290222;2.2926826453499394;0.43044484502596975  -0.9005472439816016  -0.06108925230931903  6.518665061436756  0.8038485602739753  0.4132480129677499  -0.4278476036203353  -3.946416049840434  0.41054199241493705  0.1350582879180286  0.9017840824324994  -0.13014373059872705  0.0  0.0  0.0  1.0
5494384562789;4.438629717023098;3.3629674684145336;1.0  0.0  0.0  1.0700858907619644  0.0  1.0  0.0  -2.371892024177061  0.0  0.0  1.0  0.48729562462559384  0.0  0.0  0.0  1.0
5494384562820;8.161517273743991;2.663861167234983;1.0  -0.0  -0.0  -0.07969797842046633  -0.0  1.0  0.0  5.28685527675751  -0.0  -0.0  1.0  7.922542756640711  -0.0  0.0  -0.0  1.0
5494384562851;6.219799808788275;2.4634670078143945;1.0  0.0  0.0  -8.138162281863918  0.0  1.0  0.0  0.396387635342767  0.0  0.0  1.0  4.963611800515151  0.0  0.0  0.0  1.0
5494384562882;6.86050681050468;1.6548247050333131;1.0  0.0  0.0  -5.899909108738098  0.0  1.0  0.0  -2.0899959963452384  0.0  0.0  1.0  3.6834887542869055  0.0  0.0  0.0  1.0
5494384562913;3.2808971466396697;6.186149204548292;1.0  -0.0  0.0  -5.83760428891547  -0.0  1.0  -0.0  -0.9381842632388351  0.0  -0.0  1.0  2.9099117876423457  -0.0  0.0  -0.0  1.0
5494384562944;2.926015559566035;1.9626344543875298;1.0  -0.0  0.0  -1.769404538954288  -0.0  1.0  -0.0  -2.2685123809218832  0.0  -0.0  1.0  4.004255183513418  -0.0  0.0  -0.0  1.0
5494384562975;7.45090069206603;6.661715721472682;1.0  0.0  0.0  -8.89071295197363  0.0  1.0  0.0  -11.410724881150406  0.0  0.0  1.0  -0.9280757433826121  0.0  0.0  0.0  1.0
5494384563006;1.7422069969351626;4.207986160505274;-0.4880919528695539  -0.2643343303243699  0.8318014230307323  4.305852094195847  0.15825558090091296  0.9104337747904658  0.382185181338181  -1.004873412877263  -0.8583247734148772  0.31817872891309174  -0.40254301609834203  10.577418406437982  0.0  0.0  0.0  1.0
5494384563037;5.728273913522797;0.32911515532226887;-0.6851186567670048  -0.7260691915322713  -0.05861702190873605  1.7394996102001155  0.7212927203319929  -0.664966015236169  -0.19379631105107145  -4.523873763177484  0.10173120340312437  -0.17505349950402319  0.9792890454638743  3.943974104016246  -0.0  0.0  -0.0  1.0
5494384563068;4.596809114569144;1.4227904089753265;1.0  -0.0  0.0  -0.009032513771913275  -0.0  1.0  -0.0  -4.0431120433142675  0.0  -0.0  1.0  -4.2843963229848665  -0.0  0.0  -0.0  1.0
5494384563099;7.571012982470478;2.4907753795241234;1.0  -0.0  0.0  2.60335473219763  -0.0  1.0  -0.0  -7.876141711007249  0.0  0.0  1.0  -1.6046350905698277  -0.0  0.0  -0.0  1.0
