# registration_from_features.py FastGlobal FastGlobal_config.json euclidean --input_txt=/neural_comparison/point_clouds_registration_benchmark//kaist/urban05_global.txt --input_pcd_dir=/neural_comparison/point_clouds_registration_benchmark//kaist/urban05/ --input_features_dir=/neural_comparison/experiments/3DFeatNet/test//kaist/urban05/ --output_dir=/root/neural_registration_comparison/results/3DFeatNet/FastGlobal/
id;initial_error;final_error;transformation
34562489690030;3.026378295279987;0.6969988527775824;0.7379376768731056  0.6747978822110199  -0.009787911659189295  -5245000.608863933  0.27565479307999147  -0.2881455722985911  0.91705319595798  10169993.53219197  0.616005211100645  -0.6794261897573868  -0.39864474481498857  5033851.149925319  -0.0  0.0  -0.0  1.0
34562489690061;2.3389289960652655;3.582547846136132;-0.7728793394442759  0.6276827200223093  0.09312319606616065  -3804771.1656046887  -0.3995810624190947  -0.36741289324117565  -0.8398468553469601  11282536.86367108  -0.49294269567182947  -0.6863105484148874  0.5347759623601714  5868146.3490028  0.0  -0.0  -0.0  1.0
34562489690092;2.8315574878443655;1.635253070714687;-0.8394642656943444  -0.5373626083551908  -0.08087752323087798  5615778.726878275  -0.40054486515842336  0.5112879124976188  0.7603607574888699  4213290.619999942  -0.3672377399144554  0.6706907615850487  -0.6444457655280162  -5137861.403451889  0.0  0.0  0.0  1.0
34562489690123;1.8101091339027975;0.09917823598603366;-0.09692233606485523  -0.995116514579482  0.01868644382737781  8776907.346508782  0.9950368585198411  -0.09645537181413996  0.024454272329407615  8122641.6871189205  -0.02253244235976385  0.020963865563833773  0.999526290490613  -152849.53072722847  -0.0  -0.0  -0.0  1.0
34562489690154;2.62470578061902;1.1181685568814244;-0.30986921311032994  0.7347455872092351  -0.6034318460629513  -4991199.099497831  0.1634631018941839  -0.5840510698975764  -0.7950875184975723  12630011.568033941  -0.9366220609645695  -0.345011985049871  0.06087565265712298  3433978.1968619158  0.0  0.0  -0.0  1.0
34562489690185;5.512606798611554;1.778595518839996;1.0  -0.0  0.0  -6.340840740944259  -0.0  1.0  -0.0  -1.7623148150742054  0.0  -0.0  1.0  -13.45925048333325  -0.0  0.0  -0.0  1.0
34562489690216;1.5460191220852306;0.5672911145940877;0.8712806747758314  -0.15739329780564135  0.464862706148855  1356670.8053196736  -0.4847336359978424  -0.12768965765630652  0.8652910801920514  9413372.781707322  -0.07683285686790052  -0.9792459860185693  -0.1875473566117017  7932838.193162673  0.0  0.0  -0.0  1.0
34562489690247;5.3501947700473025;2.5735001999653595;0.9784705482508295  -0.12317012907150666  -0.16560345863003811  1006135.4208134041  -0.14082887623651083  -0.9850251577133329  -0.0994618836026335  16069825.44397181  -0.15087283991389494  0.12064227275847651  -0.9811640169716709  -864385.864084706  -0.0  -0.0  0.0  1.0
34562489690278;1.7336325432466153;1.8779546027573517;1.0  -0.0  0.0  1.104260929278098  -0.0  1.0  -0.0  8.19103224761784  -0.0  -0.0  1.0  2.8000248042928035  -0.0  0.0  -0.0  1.0
34562489690309;1.8806280573322476;9.405460525694803;0.6719191109056175  -0.3132712607451155  0.6711079090511214  2750846.0714659854  -0.5080429242075579  0.4643783869096682  0.7254275297600781  4666279.607607883  -0.5389036050746341  -0.8283802453960016  0.15286946547699254  7043695.402602887  0.0  -0.0  -0.0  1.0
34562489690340;1.342499596526476;1.719354334450539;0.5484426105288233  0.833313028475143  0.0692827505943178  -6387471.880133772  -0.5611901623153631  0.30538604092867294  0.7692886114628026  5982819.09256981  0.619900237680857  -0.4607914523724342  0.635133791215456  3272028.2809881875  -0.0  0.0  -0.0  1.0
34562489690371;2.166541248145545;0.3745606931114922;0.6433856027765957  -0.7343340043908532  -0.21635280477750257  6158384.052435391  0.7138772335639764  0.6775693754347364  -0.17685880490387157  2093058.611075702  0.2764674692234868  -0.040660932948944635  0.9601627086035369  133100.94342287976  -0.0  0.0  -0.0  1.0
34562489690402;1.8237522520831808;0.3675676142665506;-0.6847123033532231  0.48556434760277734  -0.5435037497329839  -2723012.6003224133  -0.5359444331460893  -0.8408253924574924  -0.07600147352795518  15187212.538889285  -0.4938953595818064  0.23924866506585252  0.8359590002193675  -1577897.9324828293  -0.0  -0.0  -0.0  1.0
34562489690433;1.485279001754726;0.9973693057790044;0.06111249518009912  0.928386948814253  -0.36655550221517963  -6809856.571711231  -0.9917850683872804  0.09782617504799888  0.0824161246329759  7955268.952760626  0.11237277720561312  0.3585076188128201  0.9267387151707104  -2963339.4538653456  -0.0  -0.0  -0.0  1.0
34562489690464;3.2048953782106575;3.087719249474248;1.0  -0.0  0.0  12.433010437525809  -0.0  1.0  -0.0  4.507257170975208  -0.0  -0.0  1.0  3.018609404792244  -0.0  0.0  -0.0  1.0
34562489690495;1.6045786219463427;0.6718155588124852;0.3583268486863284  -0.37166891176801464  0.8564251803489333  3440828.593617278  0.9164760074556335  -0.03483625160437705  -0.3985701485715386  7682097.965678029  0.17797077644575954  0.9277115152887434  0.32814287609509  -7588788.33403798  -0.0  0.0  -0.0  1.0
34562489690526;5.298220209160753;3.742429549291133;1.0  -0.0  -0.0  -2.2108284023124725  -0.0  1.0  0.0  0.17928994074463844  -0.0  -0.0  1.0  10.851587769230832  -0.0  0.0  -0.0  1.0
34562489690557;4.725165945981713;2.014870133622933;1.0  -0.0  0.0  -4.591123667894863  -0.0  1.0  -0.0  -1.9217577585950494  0.0  -0.0  1.0  11.773229319638574  -0.0  0.0  -0.0  1.0
34562489690588;1.3460500527468555;0.06830946771281478;-0.8445604656542031  -0.5190920874110958  0.13138121875347036  5472110.685876658  0.5235488048387595  -0.851995376330106  -0.0007264048650118684  14532944.461090147  0.11231326193225574  0.06817098722559098  0.9913316537339187  -627377.1678625891  -0.0  0.0  -0.0  1.0
34562489690619;1.8205673160604245;3.1698971670570897;1.0  0.0  0.0  -16.698232422582805  0.0  1.0  0.0  15.09619140625  0.0  0.0  1.0  16.00941383984369  0.0  0.0  0.0  1.0
34562489690650;2.1392684506950816;0.7746554608799562;0.33752306357542344  0.9379093176329479  -0.08002682957582248  -7080606.580489667  0.1151702427699563  0.04323059968148702  0.9924046203194994  7616632.433744037  0.9342451480928186  -0.3441761571469984  -0.0934279193632929  2113033.971985326  -0.0  0.0  0.0  1.0
34562489690681;1.8732202401465774;2.9392338873241526;1.0  -0.0  0.0  8.119538615457714  -0.0  1.0  -0.0  0.8969676541164517  -0.0  -0.0  1.0  10.989692427212049  -0.0  0.0  -0.0  1.0
34562489690712;2.5869430889270166;3.1839832895312856;0.3970082674713808  0.6902271667099485  -0.6049552825580837  -5129623.089852918  0.7675707956622395  -0.6110670138944545  -0.19347397286599388  12422831.13070947  -0.5032092101758565  -0.38753524080485036  -0.7723968720343942  3471710.38368212  0.0  0.0  0.0  1.0
34562489690743;3.8819775247609996;2.0874075051210443;0.8426528511207262  -0.5302646683790323  -0.09357111716222348  4376845.622375348  -0.5257588007612704  -0.8477792009178085  0.0696283700314291  15235842.150770035  -0.11624911148126486  -0.009476706180769167  -0.9931748769072749  158198.36005761483  -0.0  0.0  -0.0  1.0
34562489690774;1.586561897713293;0.15017514130871054;0.6214664254414533  -0.7834328719060862  -0.003523814127345026  6569134.76834156  0.7834223196864015  0.621476373238366  -0.00407265560364852  2495149.629275591  0.0053806194996792915  -0.00022961591773479865  0.9999854980000109  -1933.2182812287288  -0.0  0.0  -0.0  1.0
34562489690805;1.205521164189387;2.656859037652266;0.0679217379888429  0.4821184563328346  0.8734691932585947  -3224293.5569525184  -0.9726271008830398  0.2270023436930786  -0.049663453219666  6902529.347425246  -0.22222322141582732  -0.8461865810925469  0.4843398701763872  6964311.042089481  0.0  0.0  0.0  1.0
34562489690836;2.065099418152508;1.4339136642920098;1.0  -0.0  0.0  4.555678400094621  -0.0  1.0  -0.0  -4.079169865697622  0.0  0.0  1.0  -10.261342230818684  -0.0  0.0  -0.0  1.0
34562489690867;2.727894652051314;0.9136885538112198;0.41849931181459143  -0.18036977757398762  -0.890126434473566  1859855.3234930881  -0.7045147333340503  -0.6829884729560183  -0.19283603481833628  14035678.059530085  -0.5731643015104531  0.7078089354812613  -0.41290337165845203  -5291881.061636954  -0.0  -0.0  0.0  1.0
34562489690898;2.29580039724926;3.281069274016584;1.0  -0.0  0.0  4.311082956031896  -0.0  1.0  -0.0  1.5098323747515678  -0.0  0.0  1.0  -4.217886749083618  -0.0  0.0  -0.0  1.0
34562489690929;2.300657442855721;4.839969347141697;1.0  -0.0  -0.0  -7.718810788472183  -0.0  1.0  0.0  15.021846471354365  -0.0  -0.0  1.0  10.800217579693793  -0.0  0.0  -0.0  1.0
34562489690960;1.3464116655749152;0.2156355234035981;0.2492938455234671  -0.8908862264569001  -0.37970292347242585  7695160.841409385  0.9579662398174282  0.2843309653684809  -0.03816523945537453  5085097.848165229  0.14196218494437196  -0.35422822253740943  0.9243208882221623  2750282.4254419613  -0.0  0.0  -0.0  1.0
34562489690991;1.2386766652537227;0.7728718682974842;0.38399560437130525  -0.8852233210316651  -0.2625396117259023  7554875.784256105  0.888457406814782  0.43165077459303636  -0.15595206016331883  3948682.6023929985  0.25137782738234343  -0.17337035702479156  0.9522352163229579  1218308.6413125962  -0.0  0.0  -0.0  1.0
34562489691022;4.77837015482652;1.0359418305804406;1.0  -0.0  0.0  11.73535832297057  -0.0  1.0  -0.0  -9.442812005989254  0.0  0.0  1.0  -4.162516914261033  -0.0  0.0  -0.0  1.0
34562489691053;2.167491542430286;0.1450516795148748;-0.9439948954262399  -0.28333577224961276  -0.1690990170666836  3645012.9416053253  0.31577157155970126  -0.9244154659497773  -0.21387931388419054  15261084.562934859  -0.09571808608575368  -0.2552976429122898  0.9621128631920001  2121231.572339589  0.0  0.0  -0.0  1.0
34562489691084;2.4865787628779126;3.577361077693181;0.9272340827968565  -0.2973479529797645  -0.22764259390240787  2443408.5005048234  0.0335184669686693  0.6713448864574733  -0.7403867609563745  2620756.195430441  0.3729791791399927  0.6788816084459386  0.6324605075749087  -5723644.851193877  -0.0  0.0  -0.0  1.0
34562489691115;1.9042244213164048;0.1311869316696131;0.23048868071003267  -0.9326278178735081  -0.2776334298910104  8044238.217891026  0.8837660010020132  0.32003580697283185  -0.3413718467128735  4849909.012490281  0.4072255192610808  -0.16668063949885345  0.897989387954444  1054963.7266945282  -0.0  0.0  -0.0  1.0
34562489691146;2.204368269441607;2.5391080996693756;0.8909268652242949  -0.3910223121494606  0.2309780773642842  3222634.5058716103  0.44623201053275324  0.8482619692774123  -0.2851817389902494  907401.2873211001  -0.08441749580216609  0.3571458845890505  0.9302260496909317  -2814167.0062683956  0.0  0.0  0.0  1.0
34562489691177;3.9205161639220982;0.4097729699579989;0.2804502494332676  0.9573959977197908  0.06885173304242906  -7197330.065473563  0.9292032403661612  -0.2528050475269426  -0.2695754922798561  9426812.548342662  -0.24068443174797266  0.1395797674988326  -0.9605147020317423  -953634.3896387503  -0.0  -0.0  0.0  1.0
34562489691208;2.3565380774100433;0.9285861167620778;-0.2866759022070763  -0.10415115113760016  -0.9523494446947898  1741929.0864864665  -0.06733472898379742  -0.9894242049959748  0.12847481014098455  16053465.724900799  -0.955658391563868  0.10095682386444331  0.2766310870975394  -140849.8917208724  0.0  0.0  -0.0  1.0
34562489691239;2.888227844794611;0.135456978891519;-0.9912631530250007  -0.0254779119151167  -0.12941498158783077  1603618.3031653527  0.0018938083530547051  -0.9838148927422786  0.17917776175748565  15959386.453323327  -0.1318854614612803  0.17736722589854614  0.9752677028550678  -1334359.810722345  0.0  0.0  -0.0  1.0
34562489691270;2.5432202258587244;0.2231806643931754;-0.8127798163306634  -0.5589738890539767  0.16412544446661384  5770657.3325318  0.529054036727229  -0.8261690358735517  -0.19376932261425814  14321079.85100077  0.24390735205834796  -0.07066056552022092  0.9672209096645139  397195.69884730474  -0.0  0.0  -0.0  1.0
34562489691301;2.1034157138496146;1.5985409301705913;1.0  -0.0  0.0  4.261711928294972  -0.0  1.0  -0.0  -1.6050173342227936  0.0  -0.0  1.0  3.0151969065227604  -0.0  0.0  -0.0  1.0
34562489691332;1.5400005703685937;0.16918598084923886;0.88308354169635  0.46921343381698216  -0.001487249376244782  -3692983.9660890587  -0.3539544313519771  0.6640727698789801  -0.6585769634838115  2951517.1788174096  -0.30802551665621614  0.5821048959001609  0.7525119077182336  -4466951.79566757  -0.0  -0.0  -0.0  1.0
34562489691363;3.2280224062918226;0.47980083423611897;0.1542364694436611  -0.9536571104139738  0.2583587181622138  8267007.302851092  -0.9863280088790632  -0.16397252562598094  -0.01643379872393398  10057932.804875225  0.058035940538740824  -0.25229174896675644  -0.9659092623062878  1989414.8797123688  0.0  0.0  0.0  1.0
34562489691394;2.3976719802288198;0.12270701957517909;0.62004001004822  -0.6712500193300204  -0.4061696658895772  5667521.996540917  0.6297760765902787  0.7345648302720311  -0.2525798952450067  1693263.9432704125  0.4679022112514097  -0.09918629782822988  0.8781967883277471  469367.83372686966  -0.0  0.0  -0.0  1.0
34562489691425;1.0094624480211292;0.5025919410503691;0.35304129281244384  0.8808148578843028  0.31547905112633834  -6632254.602937295  -0.924454418154979  0.27649395653607894  0.26255498615102585  6470497.014876547  0.14403428176326172  -0.38433875439419585  0.9118869708180181  2991076.507158927  0.0  0.0  0.0  1.0
34562489691456;2.09075176249572;0.3434196355638185;-0.23914696623844983  -0.9202598999208293  0.3097264036801716  8274282.192741736  0.9224706091987678  -0.11576411791456542  0.3683023814312335  8328892.979740116  -0.3030787087596244  0.3737919014654671  0.8765973480997007  -2794452.147343513  -0.0  -0.0  -0.0  1.0
34562489691487;4.819526363868169;1.420668537780227;1.0  -0.0  0.0  4.9029978609178215  -0.0  1.0  -0.0  7.254831810481846  -0.0  -0.0  1.0  7.249589709041402  -0.0  0.0  -0.0  1.0
34562489691518;0.9081270063423241;1.5112997482039912;1.0  -0.0  0.0  9.540022492990829  -0.0  1.0  -0.0  -5.078341733664274  0.0  -0.0  1.0  2.604721975535483  -0.0  0.0  -0.0  1.0
34562489691549;2.7018815013951687;2.7119452463578084;1.0  0.0  0.0  1.2996289051370695  0.0  1.0  0.0  1.92041015625  0.0  0.0  1.0  -1.650948557617312  0.0  0.0  0.0  1.0
34562489691580;4.668438872941319;0.18626149335406192;-0.8747211946037502  0.39767324963893624  -0.2769816207487359  -1882428.5250528725  -0.45815430281007546  -0.8648785206267944  0.2051335647206948  15326010.459949786  -0.15797932310148102  0.3063349981311532  0.9387232831843387  -2353675.7727253884  0.0  0.0  -0.0  1.0
34562489691611;3.9959073484826004;0.4065100539368019;-0.6883411084133678  -0.6735998530617873  -0.2691649242070653  6605337.648039521  0.7105786274649969  -0.7007440866144944  -0.06352746858469946  13184225.434985587  -0.14582363545809848  -0.23499141054506417  0.960996620343602  1993042.1993860072  0.0  0.0  -0.0  1.0
34562489691642;3.292173022565408;0.7435446531040554;-0.9448426237425922  -0.2295550779975551  0.23361695684335865  3212945.9876239127  0.3271121373797718  -0.6971751031073052  0.6379220369184286  13424949.923207749  0.01643368303371366  0.6791548731864154  0.7338110058380776  -5475711.367433274  -0.0  0.0  -0.0  1.0
34562489691673;1.953679954832125;0.40343326682904795;-0.3486281951763318  0.3034343109930556  -0.8867840776876079  -1493900.5766753973  0.35285966144487774  -0.8340394003455437  -0.4241088751679838  14507950.723829955  -0.8683020447131868  -0.46076664113563603  0.1836999226006472  4317084.332464415  0.0  0.0  -0.0  1.0
34562489691704;2.008186623570813;0.2944927258230272;0.6188878387515737  0.011259599581783105  0.7853986659414852  177021.46733074033  -0.7540623198022346  0.28847868803765464  0.5900593736248456  6254242.588439634  -0.2199269444608301  -0.9574201104872053  0.18702639154619707  7857663.195465352  0.0  -0.0  -0.0  1.0
34562489691735;2.8076941945791956;1.3261628536795795;1.0  -0.0  0.0  7.99651247181464  -0.0  1.0  -0.0  -0.06180768646299839  0.0  0.0  1.0  -1.9144150623303062  -0.0  0.0  -0.0  1.0
34562489691766;1.8275291698076832;0.14278950117256184;-0.9736354383787644  -0.03758697821873229  0.22499167140446852  1688892.873319514  0.17793085088004262  -0.7423376542659487  0.6459685900754242  13893372.387269832  0.14273978225461822  0.6689708709109182  0.7294541304527593  -5482622.752365395  -0.0  0.0  -0.0  1.0
34562489691797;3.7232768051076097;0.20686856185255845;-0.8309966861754519  0.5519660077623681  -0.06912332341757374  -3154613.4556053225  -0.5448879441998685  -0.8326899543688981  -0.09861322507029517  15128161.145634202  -0.11198944517702862  -0.044282797653224994  0.9927222159299882  434961.4266534481  0.0  -0.0  -0.0  1.0
34562489691828;2.886530052875628;0.34536500444810436;0.5843299295948388  -0.8109621209211303  -0.0299828586161233  6816364.896988096  0.7413039286083412  0.5484423486032095  -0.38688431822501507  3112657.029725074  0.3301923966561487  0.2038416755467298  0.9216406851375268  -1871770.6490549627  -0.0  0.0  -0.0  1.0
34562489691859;3.863192297346279;1.4235734685738566;1.0  -0.0  -0.0  -2.2558070309460163  -0.0  1.0  0.0  6.822722513228655  -0.0  -0.0  1.0  -6.399961705509867  -0.0  0.0  -0.0  1.0
34562489691890;3.6706534983214847;0.012367562483147194;0.7060772394148797  -0.7080058259645403  0.0135160046068593  5902829.171327466  0.7080004352297823  0.7061864760394794  0.006003729955762304  1866542.719159215  -0.013795495449648839  0.005330240070867055  0.999890630442192  -33201.637703280954  -0.0  -0.0  -0.0  1.0
34562489691921;3.2786406111649433;0.2224051741783438;-0.9317407664939749  -0.34814130806327953  -0.10323165053997706  4158184.9348394964  0.3131822665782199  -0.9143198809680528  0.25678010664281636  15181900.222923322  -0.1837825126451059  0.20692217108506153  0.9609407906626175  -1535699.494870023  0.0  0.0  -0.0  1.0
34562489691952;2.441651137137093;1.2941786971450964;0.25128791448398385  0.46367353068248923  0.8496241763148723  -3204807.3162084515  -0.9679096732945841  0.11830024129214618  0.22171133767354118  7773813.603602927  0.002290933665738142  -0.8780728385815474  0.4785215165154898  7063240.457211659  -0.0  0.0  -0.0  1.0
34562489691983;3.0513635683647133;0.049760657706108824;-0.0642886994947215  0.9796040388615803  -0.19037565538523415  -7133898.597728704  -0.9909707158860255  -0.08516050269247058  -0.10356026765851932  9427123.323714228  -0.11766054297688693  0.1819989445772851  0.9762337736419177  -1381658.7028885796  -0.0  -0.0  -0.0  1.0
34562489692014;1.9745718167701451;0.041878739604942414;-0.9847280153681868  -0.17400061762063307  0.005875441827689412  2794295.745959201  0.1740904325430085  -0.9844640543525114  0.022870220479973807  15844156.761485957  0.001804728794164038  0.02354380503344141  0.9997211772281933  -190693.09195553153  -0.0  0.0  -0.0  1.0
34562489692045;1.2175878921579373;1.3179235935655005;1.0  -0.0  0.0  0.11876942764502019  -0.0  1.0  -0.0  2.2242312720045447  -0.0  0.0  1.0  -0.6847573157639033  -0.0  0.0  -0.0  1.0
34562489692076;4.820847866328376;1.090202151490032;1.0  -0.0  0.0  -0.932144794263877  -0.0  1.0  -0.0  -12.322904710657895  0.0  -0.0  1.0  0.06985104568329348  -0.0  0.0  -0.0  1.0
34562489692107;1.0951736045872003;0.14652633581352031;0.5363368415746143  0.780891753201291  -0.32023563535618926  -5956936.778308968  -0.8328575306974315  0.5511383205992548  -0.05094001499421306  4196294.737854365  0.1367154926493141  0.2940316672558387  0.9459673634541557  -2461642.683912686  -0.0  0.0  -0.0  1.0
34562489692138;2.6395870453587285;1.7695166508556264;1.0  -0.0  0.0  3.621506696450524  -0.0  1.0  -0.0  -1.6339285718277097  0.0  -0.0  1.0  1.4891049676338355  -0.0  0.0  -0.0  1.0
34562489692169;2.994782826868506;3.1254923137038353;1.0  -0.0  0.0  2.046710198163055  -0.0  1.0  -0.0  -0.3413143726065755  0.0  -0.0  1.0  2.937534044095372  -0.0  0.0  -0.0  1.0
34562489692200;5.292190560418294;1.8559952247631162;1.0  -0.0  0.0  9.44789927243255  -0.0  1.0  -0.0  4.465546115301549  -0.0  0.0  1.0  -2.5893314029412124  -0.0  0.0  -0.0  1.0
34562489692231;1.8630711678931846;0.38528304833903604;0.5220693731908203  -0.8528337117468189  -0.010873347427811726  7197387.446589657  0.8526769467426477  0.5221820872704983  -0.01636741358494516  3245322.69578465  0.019636549334816147  -0.0007265273345712649  0.9998069204042617  -7946.177730440268  -0.0  0.0  -0.0  1.0
34562489692262;5.46562893652775;1.511315508226781;1.0  -0.0  0.0  8.58594984584488  -0.0  1.0  -0.0  -10.683968554250896  0.0  -0.0  1.0  5.289773144491932  -0.0  0.0  -0.0  1.0
34562489692293;5.069828729190322;0.016160074903892038;0.7103464747969475  0.7001277065330008  -0.07231237991098939  -5429492.367676972  -0.7038410020689515  0.7071553287283348  -0.06737347295259921  2850611.8970842008  0.003966049687617547  0.0987549269452478  0.9951038814384727  -797341.4706873454  -0.0  0.0  -0.0  1.0
34562489692324;3.2273635158321206;0.9684753467806848;1.0  -0.0  0.0  7.599212014931254  -0.0  1.0  -0.0  5.737124525941908  -0.0  0.0  1.0  -0.8917353561389234  -0.0  0.0  -0.0  1.0
34562489692355;1.3752959580528585;0.0511655078005342;-0.18963087881676305  0.9817900277253637  -0.011334516231874751  -7063612.888780583  -0.981100256974987  -0.1899250794243549  -0.03702364068087803  10263026.922302471  -0.03850215010614864  0.004099471268468539  0.9992501082174188  -5939.300345744583  0.0  0.0  0.0  1.0
34562489692386;5.158940174423677;1.6034236427685131;1.0  -0.0  0.0  8.055155875277705  -0.0  1.0  -0.0  -4.5886810552328825  0.0  -0.0  1.0  14.391464656354799  -0.0  0.0  -0.0  1.0
34562489692417;4.03283871174125;1.8176906995537814;1.0  -0.0  0.0  7.265660164062865  -0.0  1.0  -0.0  -3.993501564487815  0.0  -0.0  1.0  8.264732214594886  -0.0  0.0  -0.0  1.0
34562489692448;4.000054921873328;1.907912636155787;1.0  -0.0  -0.0  -6.481021928251721  -0.0  1.0  0.0  4.684537650085986  -0.0  -0.0  1.0  6.873704823262244  -0.0  0.0  -0.0  1.0
34562489692479;2.0170795377863655;0.9765526259375406;1.0  -0.0  -0.0  -1.3233351812232286  -0.0  1.0  0.0  0.6491915723308921  -0.0  -0.0  1.0  7.603900601279065  -0.0  0.0  -0.0  1.0
34562489692510;1.1740247611060295;1.7609974798902437;1.0  -0.0  -0.0  -2.332084301393479  -0.0  1.0  0.0  6.875013395212591  -0.0  -0.0  1.0  2.735736599482152  -0.0  0.0  -0.0  1.0
34562489692541;3.354655951863199;2.077520290597417;1.0  -0.0  -0.0  -9.178872756310739  -0.0  1.0  0.0  4.044698205776513  -0.0  -0.0  1.0  5.234922554486104  -0.0  0.0  -0.0  1.0
34562489692572;1.8393631220032445;1.5628146541086572;1.0  -0.0  0.0  0.7188729020999745  -0.0  1.0  -0.0  -2.3416362795978785  0.0  -0.0  1.0  4.093978218718121  -0.0  0.0  -0.0  1.0
34562489692603;2.6663199487245373;0.05942122781411848;-0.9673367227016092  0.23615122498602265  0.09215347986110957  -518198.2123060816  -0.2225621521235986  -0.9652150587936039  0.1372077939483509  15967921.240208298  0.12134971510070884  0.1122162609235479  0.9862462965351585  -988100.4894891639  -0.0  0.0  -0.0  1.0
34562489692634;2.141177615887272;1.577481767674242;1.0  -0.0  -0.0  -0.4636955636087805  -0.0  1.0  0.0  2.8972323974594474  -0.0  -0.0  1.0  -2.5841521652422443  -0.0  0.0  -0.0  1.0
34562489692665;3.9424089616480122;1.6037258802128898;1.0  -0.0  -0.0  -1.7908196722855791  -0.0  1.0  0.0  4.150865527801216  -0.0  -0.0  1.0  -9.830043018457019  -0.0  0.0  -0.0  1.0
34562489692696;1.8711162461125304;0.09438136541843326;-0.7242172409893609  -0.47455436673436097  -0.5003074463438529  5029496.942524098  0.4878843790783495  -0.8653558587081994  0.11457779213586003  14665394.024025688  -0.48731737143784515  -0.16111297530846042  0.8582332950207455  1638640.868345778  -0.0  0.0  -0.0  1.0
34562489692727;3.310271605615024;2.0798801088342778;-0.538931982880014  -0.7536133841635493  0.37632324541353895  7144178.895733082  -0.650320579143058  0.08829241448158666  -0.7545114935427081  7792124.209300953  0.5353834720759066  -0.6513611262230612  -0.5376738984490237  4864734.369350977  0.0  0.0  0.0  1.0
34562489692758;4.511424934062755;0.14708576577103646;-0.6671133277512027  0.7448795777349941  -0.0106874978387209  -4822080.178571014  -0.7401842796249459  -0.6611505445677293  0.12250383509872392  13885117.24775809  0.08418455994311803  0.0896346589837411  0.9924104935842086  -780322.8629132058  0.0  -0.0  -0.0  1.0
34562489692789;1.931706743686756;0.07048480576840432;-0.9983946109189513  -0.02099243330540609  0.05260721083572851  1572784.728722596  0.014266866035575922  -0.9920410026778897  -0.1251043785779285  16017497.468345368  0.05481475550907496  -0.12415299734506914  0.9907478871179666  960401.5123262107  0.0  0.0  0.0  1.0
34562489692820;4.539455050249923;2.364519427730173;1.0  -0.0  0.0  8.332204300560988  -0.0  1.0  -0.0  3.7216520039364696  -0.0  -0.0  1.0  7.780017477517077  -0.0  0.0  -0.0  1.0
34562489692851;3.0455147307974437;1.476901954986808;1.0  -0.0  0.0  -4.806180855724961  -0.0  1.0  -0.0  -1.1048901714384556  0.0  -0.0  1.0  -4.597926334455536  -0.0  0.0  -0.0  1.0
34562489692882;3.605304913385411;1.4770205707258048;1.0  -0.0  0.0  3.076280774665065  -0.0  1.0  -0.0  -1.733386855572462  0.0  -0.0  1.0  7.521258698886783  -0.0  0.0  -0.0  1.0
34562489692913;4.484860766274024;1.3298461027448472;1.0  -0.0  0.0  -1.587552935583517  -0.0  1.0  -0.0  -0.7910112692043185  0.0  -0.0  1.0  -13.97857028311654  -0.0  0.0  -0.0  1.0
34562489692944;1.7079159739228686;1.1029563620055414;1.0  -0.0  -0.0  -2.39815932570491  -0.0  1.0  0.0  0.7314327983185649  -0.0  -0.0  1.0  0.35567364891312536  -0.0  0.0  -0.0  1.0
34562489692975;1.881460468963167;3.453583641717011;0.4300171847175704  0.015035694641155352  0.9026954905915016  279341.30940884125  0.9024436687798886  -0.03605197868508706  -0.4292967266495097  7701848.805804321  0.02608918409357947  0.9992368001227472  -0.029071837812277315  -8057775.85219984  -0.0  0.0  0.0  1.0
34562489693006;1.115739312366094;1.4809998248505485;1.0  -0.0  -0.0  -2.422292401199229  -0.0  1.0  0.0  2.8316917400807142  -0.0  -0.0  1.0  0.6609678258967904  -0.0  0.0  -0.0  1.0
34562489693037;3.6096861314976527;2.1118791494539977;1.0  -0.0  0.0  5.682983913575299  -0.0  1.0  -0.0  -2.528895938768983  0.0  0.0  1.0  -8.666186595575795  -0.0  0.0  -0.0  1.0
34562489693068;5.981505073479419;0.10444289045381695;-0.5654712464341501  -0.7462471969444415  -0.3512227078489831  7103918.310366566  0.6132234076180664  -0.6651793966406729  0.4260204486101992  12966805.151584653  -0.5515426745098658  0.025524328342046626  0.8337560715564182  182119.49745502675  0.0  0.0  -0.0  1.0
34562489693099;4.279282882274275;0.05592743841105712;-0.5396369518113269  -0.7410833186526085  0.3994840110124772  7043993.449208971  0.8045213502294676  -0.5937423610154878  -0.01467670810195805  12257723.86357387  0.24806724343357978  0.3134733219120766  0.9166226700145882  -2696365.0119183767  -0.0  0.0  -0.0  1.0
