# registration_from_features.py FastGlobal FastGlobal_config.json euclidean --input_txt=/neural_comparison/point_clouds_registration_benchmark//eth/wood_autumn_global.txt --input_pcd_dir=/neural_comparison/point_clouds_registration_benchmark//eth/wood_autumn/ --input_features_dir=/neural_comparison/experiments/3DFeatNet/test//eth/wood_autumn/ --output_dir=/root/neural_registration_comparison/results/3DFeatNet/FastGlobal/
id;initial_error;final_error;transformation
26875431820030;2.0535532931381004;1.6892581079745221;-0.821299384740237  -0.40836413876507227  -0.3983792800786307  12.031688252452511  0.5676897697457325  -0.5158017952008315  -0.6416204745748347  -3.101557345672617  0.05653004467841694  -0.7531183427843593  0.6554518409543106  4.319699709398463  -0.0  0.0  -0.0  1.0
26875431820061;1.6463845109934325;4.83314093287679;0.877718963825884  -0.3320644675713308  -0.3454599975640947  -4.099247242376566  0.4783427473175631  0.5647015350971338  0.6725328187885155  2.806977488671026  -0.028242461456158253  -0.7555430931690854  0.6544898759609578  7.768976984601254  -0.0  0.0  -0.0  1.0
26875431820092;3.1454983955145077;1.0638153358039566;-0.30553737444854645  -0.3076789505704554  -0.9010996483136315  -1.5690619235872794  -0.8961994847560151  0.41262883092320307  0.1629844514486049  4.508193266572566  0.32167280944795523  0.8573628819040472  -0.40181524659356244  -0.021364575015720273  0.0  -0.0  0.0  1.0
26875431820123;5.022952331012622;3.4905261486516883;0.9586581390161331  0.2694294919939048  -0.09155501811496415  1.1902218796191297  0.22100718249255316  -0.9076344486557328  -0.35686906968818083  9.804340401433917  -0.17924954054286493  0.3218811216230474  -0.9296570043612109  2.343199316497534  -0.0  -0.0  0.0  1.0
26875431820154;4.9039779898946945;2.2864162431780186;1.0  0.0  0.0  -11.268824984664416  0.0  1.0  0.0  0.544011869498767  0.0  0.0  1.0  -0.880364797199463  0.0  0.0  0.0  1.0
26875431820185;2.518490360471434;3.0431978037357017;0.9068935658317973  -0.41111629509730674  0.09234420479028403  -3.1874270813299157  0.2739390228669004  0.7417869024387896  0.6121352817155642  2.37019287275644  -0.3201585107468066  -0.5298448671788085  0.7853425652036549  2.6730832137646185  0.0  -0.0  -0.0  1.0
26875431820216;3.040176925026691;1.7927684741140937;1.0  -0.0  0.0  -2.0429763372939505  -0.0  1.0  -0.0  -0.39900824665792656  0.0  -0.0  1.0  6.4073249830002466  -0.0  0.0  -0.0  1.0
26875431820247;4.293952946805166;0.12051619261031161;-0.8740882179492899  0.47924748009648643  -0.07931985919933064  7.107807669582697  -0.4814655891543899  -0.8330377768349845  0.2724682528773635  0.2453802580921595  0.06450328443149447  0.27635107234638034  0.958889676193542  -8.095722112316873  0.0  0.0  0.0  1.0
26875431820278;1.9928622542605958;0.20444158618268515;0.633582957893599  0.7557288548846768  0.16566995310403748  -5.02449186972028  -0.7650522832259125  0.6438695836796419  -0.01126779228695375  8.947235411829777  -0.11518523949542002  -0.11960709471807468  0.9861168812546938  5.297757348091908  0.0  0.0  0.0  1.0
26875431820309;3.3178555720271428;2.3426156201717867;-0.17713316249731753  0.8113909632380916  -0.5570175468683755  -4.343578687423809  -0.9774498646297344  -0.21114234203218984  0.00326703787488542  13.112378316662626  -0.11495914439057504  0.5450354265336564  0.8304942979601144  -6.666913974263971  0.0  0.0  0.0  1.0
26875431820340;3.1987335091215683;2.8879485821304565;-0.9327147377328778  -0.04289545229952889  -0.3580547418871956  12.836344272018026  -0.3341566104216181  -0.27049902145621235  0.902867453784201  -4.596030029960465  -0.1355823651048404  0.9617641392582954  0.237964624911619  3.693939388555945  0.0  0.0  0.0  1.0
26875431820371;3.5265759616751016;2.243606201817433;0.5103498690385274  -0.7585687312462303  0.4051129362879487  7.167560052454642  0.6504345126288139  0.032323221993243514  -0.7588742676499773  10.519370225684499  0.562563735014685  0.6507908183859542  0.5098954351147557  -12.811840499194393  0.0  0.0  0.0  1.0
26875431820402;5.0883567835047625;1.43619355269595;1.0  -0.0  0.0  2.0777575029341495  -0.0  1.0  -0.0  5.024698514331311  -0.0  0.0  1.0  -8.068642263879367  -0.0  0.0  -0.0  1.0
26875431820433;1.6687229373662258;0.387835614494222;-0.6450131148233595  -0.6508267890242807  -0.4004779299714442  15.160004913623562  0.73253284162147  -0.6758343491331544  -0.0815080884191341  13.365449330664529  -0.21760909367911185  -0.34593702204318977  0.9126740158063252  6.34834150648231  0.0  0.0  -0.0  1.0
26875431820464;4.58945846466715;3.1086851336523975;-0.9383577151219996  -0.18588376037716745  -0.2914309971486613  17.704930053002332  0.3137186283418613  -0.8119745168324166  -0.4922174379743803  10.035883472734936  -0.1451393148058806  -0.5533033631226236  0.8202377506887095  -1.2128366372012334  0.0  0.0  -0.0  1.0
26875431820495;2.035425071867048;0.48691309091036555;-0.13464515787082623  0.8044068280926155  0.5786193363342756  2.5492580187039975  -0.8941458442430056  -0.35029597258985656  0.27891923707462457  12.998901202142122  0.4270525619697232  -0.4798149502728153  0.7664226789505857  -0.5653973648682123  0.0  0.0  -0.0  1.0
26875431820526;3.855140063669406;1.6954763965021504;-0.16437318368830903  0.9708171233567666  0.17462980696736746  7.657808735036188  -0.48033085970446643  0.0758518194820001  -0.8738013313659111  -1.4478352046475733  -0.8615472834962331  -0.22750959205835844  0.4538454184209657  6.199907361414926  0.0  -0.0  -0.0  1.0
26875431820557;2.7573624115491;1.3334740291477942;-0.8012247638061051  0.5764928942259434  0.16029604103297973  9.44992795579687  -0.5176656666988124  -0.5334751030087211  -0.6688995230908062  12.926890428828383  -0.3001018750110136  -0.6189186193489656  0.7258640418412001  8.117770278403148  0.0  -0.0  -0.0  1.0
26875431820588;1.5947841889661274;4.002490900843369;0.23131494969255903  0.880363632271365  0.41406915970970365  -7.619850520508058  -0.14468423257990137  0.4520085933447135  -0.880201513510002  6.7231305854989865  -0.9620602199922281  0.14369449020927744  0.23193108155657335  8.860552574124636  0.0  0.0  0.0  1.0
26875431820619;3.5884439472599823;0.7584735584563438;-0.9448821081333832  -0.0024752657579305065  -0.3274013970477858  4.425158021584949  -0.19368244082153618  -0.8020136769114631  0.5650320116279862  6.545891121281242  -0.26397900266276175  0.597300540018494  0.7573289582782317  -0.9254560514073624  0.0  0.0  -0.0  1.0
26875431820650;3.205971749881819;2.4316028016318727;0.23107495904181888  -0.9703800513620015  0.07047637350559385  -0.5180721163503422  -0.3021991122848088  -0.14043857815515937  -0.9428428831465143  0.05665638195749674  0.9248135270626702  0.19656948309550742  -0.3256998287955797  -9.39310709510956  -0.0  0.0  0.0  1.0
26875431820681;1.5831696178308692;3.47251999836568;0.07060578494461843  0.5993594571491486  -0.7973600593572724  1.8190741818279803  -0.8983915849784463  0.3855824647048753  0.21028248370235283  0.3999053763415087  0.43348285222401906  0.7014944077025783  0.5656838452614142  4.92566164155039  0.0  0.0  0.0  1.0
26875431820712;2.1253878571825364;2.2815092876819865;0.4029454372074315  0.4173268938799757  -0.8145386659196747  1.1267957808951798  -0.006336080873185766  0.8912389893086786  0.4534897110356685  -0.8283700624197391  0.915202069880133  -0.1775706270207349  0.36176490115347343  0.5178058074761246  -0.0  -0.0  -0.0  1.0
26875431820743;1.5610088030304428;0.4403023090595659;0.4852967111743942  0.601744421011111  0.6343427731954712  -1.5830218885462655  -0.6026070455611229  0.7558623808173189  -0.2560015818413446  4.998646947682928  -0.6335233624448354  -0.25802269870532485  0.7294329552394865  2.172902253134463  0.0  -0.0  -0.0  1.0
26875431820774;3.330059369423353;2.2916657563930753;-0.5727873320312491  0.33937492490544324  0.7461496717213975  0.9854731562326914  -0.5329847628195491  -0.845771116298276  -0.024463471498534388  -0.39687902100822203  0.6227695519746564  -0.4116987723821808  0.6653286450712089  -3.274015844966777  0.0  0.0  0.0  1.0
26875431820805;4.120916915159846;0.6213455247833124;0.9422832454098212  0.09994723145455686  0.31955099177518526  -5.737564731087172  -0.3043436249658989  0.653505671990139  0.6930406154182692  7.607698350223419  -0.1395608948185394  -0.7502938674954543  0.6462057482227805  0.18895386476501147  0.0  -0.0  -0.0  1.0
26875431820836;1.4675689642071519;3.7281079494838965;-0.4362977956773257  -0.8733883636399299  0.2164185753244662  21.392543487428842  -0.7090275606764269  0.48178901082948533  0.5149361778368088  10.938066288508564  -0.5540073570705919  0.07121878475733281  -0.8294599044012595  9.546975023573133  -0.0  -0.0  0.0  1.0
26875431820867;3.4095493357026116;0.32699414804253824;-0.7391147814229356  -0.5981613102422249  0.3096972502484164  13.196703657754263  0.5484710647024247  -0.8013482711614073  -0.23878952969260148  3.791310758571954  0.3910100140230613  -0.006632890465670757  0.9203625229754613  -7.301781172705825  -0.0  0.0  -0.0  1.0
26875431820898;2.851643886467438;0.09930828772552594;-0.7782403354522088  0.6053260164322178  0.16709995244025344  5.125522940098117  -0.6126667994568686  -0.7902848948553125  0.009443400171766298  5.111629310576515  0.137772904152124  -0.09502735813348051  0.9858947347905143  -1.9712598882431083  0.0  0.0  0.0  1.0
26875431820929;4.31324373702403;2.9083529144306244;-0.1738134347334687  0.02432792590161753  -0.9844780555845211  0.6300319480912792  -0.22601288548869453  0.972024662219882  0.06392363905001167  -1.767058304859524  0.9584920789966019  0.23361551330690208  -0.1634525204550978  5.219138447486867  0.0  -0.0  0.0  1.0
26875431820960;2.9706078354575314;1.2323221377344293;0.8409808788304033  -0.5013688008391768  -0.20342194322817816  8.865324860540337  0.1114359262049427  -0.20740748320753977  0.971886912279593  8.85486524113824  -0.5294650090350536  -0.8400068222666995  -0.11855523081210363  13.703339685924929  0.0  0.0  0.0  1.0
26875431820991;2.9933660743599426;5.015582334142855;-0.8429704795019952  -0.48695140387686486  -0.22864623537361536  8.187586785383726  -0.48805595195626794  0.5134821886510132  0.7057885162697304  4.937241823684197  -0.2262789394712556  0.7065510400533825  -0.6705098577584431  5.625424808853276  0.0  0.0  0.0  1.0
26875431821022;1.656409031130035;3.5964202414551742;0.9883449706632296  0.13552690520359448  -0.06933020215344701  -1.5346490018276728  0.15056933493042557  -0.9373960486446549  0.3140342710023838  7.294001869833221  -0.022429764673556084  -0.3208131947899357  -0.9468768661792104  10.093142606653535  -0.0  0.0  0.0  1.0
26875431821053;1.9984878364331908;0.030101705177025605;-0.7136391014602731  -0.7002479748458498  -0.019287472391713308  17.567041429659913  0.7003098882245556  -0.7124972746975208  -0.04374578840889042  12.547547635222795  0.016890628226461073  -0.04472591276756662  0.9988564959018007  0.825349300267737  -0.0  0.0  -0.0  1.0
26875431821084;2.6465098846802793;0.9462507224922572;1.0  0.0  0.0  0.7042753769188472  0.0  1.0  0.0  3.3577202876852628  0.0  0.0  1.0  3.880476493087736  0.0  0.0  0.0  1.0
26875431821115;1.5027097041887814;3.779874567708669;-0.38215807571715416  0.5117377207566461  -0.7694671600003171  0.6614236764880717  0.8096284987602624  0.5868233408289867  -0.011834722367308006  -2.5681687662440145  0.4454850156395443  -0.6275052763229172  -0.6385767213323194  7.8012971740346435  0.0  0.0  0.0  1.0
26875431821146;3.393986024931288;3.6214051016653985;1.0  -0.0  -0.0  -1.8712546287695804  -0.0  1.0  0.0  2.8676370402505245  -0.0  -0.0  1.0  -1.0405991515031126  -0.0  0.0  -0.0  1.0
26875431821177;4.551379335696718;1.7582033777177566;-0.4351585606342545  0.8549437510561935  -0.2823264239080204  -6.040918265073909  -0.6191005654835751  -0.5118080391604826  -0.5956232205586154  6.447484090234355  -0.6537212838241067  -0.08440209464621477  0.7520138093776545  -0.4612139066392735  0.0  -0.0  -0.0  1.0
26875431821208;2.543233512385254;1.7556801997771299;0.19902024852448932  -0.6831443963455239  0.7026412131514626  1.8694014472599638  0.40122005298698377  0.710940341533305  0.5775693030811351  0.6324668863956986  -0.8940992169543442  0.16696575853214485  0.41558275435755676  4.404936134285722  -0.0  -0.0  -0.0  1.0
26875431821239;2.014421766667579;1.1488218658333496;-0.8066513912510569  0.5794061543787797  -0.1166277894017033  9.931532802865565  0.49441911992303944  0.5534108432929603  -0.6702881263906612  -1.9404534050079156  -0.3238259823535794  -0.598351858686651  -0.7328791076016362  8.54568760874832  0.0  -0.0  0.0  1.0
26875431821270;2.8934216940175648;3.6019975127803883;-0.38303828563937103  0.9141983631534971  -0.1323745615362515  10.654935448665062  -0.0865374165300951  -0.1781873269917082  -0.9801839378605656  0.909914548404817  -0.9196700208633242  -0.3639926225997089  0.14736493279691143  6.754428427200764  0.0  -0.0  -0.0  1.0
26875431821301;2.825654895817324;1.5181709743925107;0.13451778045488394  0.8455019928889687  -0.5167507588405388  -2.9163718959996405  0.9564931623872917  -0.2470403681002331  -0.15521561401888773  0.04413030082107307  -0.25889340866049576  -0.4733893075996557  -0.8419481969827273  -3.68911689472741  0.0  0.0  0.0  1.0
26875431821332;1.854867411473609;3.9519477961366043;-0.8013052590117796  0.16560009085187674  -0.5748795454614068  2.5711622002354773  -0.5895767121343826  -0.05550196224440275  0.8058032220684104  7.805089523495743  0.10153414395598508  0.9846299518584987  0.14210797132551747  2.380374142227799  0.0  -0.0  -0.0  1.0
26875431821363;4.467403769838114;3.573559672664914;-0.4368058933766073  -0.8934495483884187  0.10463515659659145  6.392429620256129  -0.40746115725585347  0.09280994275729648  -0.9084942046337483  -3.345298110797672  0.8019825539493883  -0.43947038467900973  -0.4045859168963973  -1.8047768167479723  0.0  0.0  0.0  1.0
26875431821394;5.784727726475907;1.7014615777449498;0.2759473766182358  0.678853359675641  -0.6804492349871578  4.857497535646788  0.9492400554233335  -0.08127014368389651  0.3038724747743811  -1.2334360347882967  0.15098464331653622  -0.7297624817724573  -0.6668210837097791  13.36685128016501  0.0  0.0  0.0  1.0
26875431821425;1.4999174095934682;2.663194872053152;0.46643383979490266  -0.35079125100980685  -0.8120252282467336  4.114826848794763  0.8845509536575449  0.18810193563962035  0.42683401011652927  2.9918570715687896  0.0030138808391049826  -0.9173675163333419  0.39802984372868877  12.264933294680993  -0.0  -0.0  -0.0  1.0
26875431821456;2.5138223759986826;1.5796664820762827;-0.44839824224228564  0.8767524897844087  0.17390827470500378  -1.0275552172507927  -0.2761986345814675  -0.32095174103314983  0.9059273117547156  13.686140062582066  0.8500901896912828  0.3581829861741525  0.38607203706822185  -7.960978575698685  -0.0  0.0  -0.0  1.0
26875431821487;2.043897772459037;3.1524485088682628;-0.42587853980812057  -0.13371086059916917  -0.8948457269768517  3.10838069311337  -0.6034687666994929  0.7788740968507031  0.17082326795022307  4.608071184901963  0.6741312312518201  0.612761411164925  -0.4123960912012551  -3.062086170479083  0.0  -0.0  0.0  1.0
26875431821518;1.5491762003112224;1.549364152429612;0.28505275297394467  -0.9017021941653023  0.32508165291116414  9.831020241638987  0.8434501493133555  0.07485295989303462  -0.5319669914745946  3.342725149494267  0.4553424795088358  0.42582882409805334  0.7818778925906615  -4.437019239794111  -0.0  0.0  -0.0  1.0
26875431821549;1.5883996969544905;4.280772370390878;0.4459483728273636  0.41173862050899035  -0.7947335132948533  -2.2631514854318833  0.05817950032519829  0.8727000518544135  0.4847780577080746  -0.5846888889696692  0.8931658269966091  -0.2624231847125091  0.3652244208850322  1.4656343393881852  -0.0  -0.0  -0.0  1.0
26875431821580;4.425160905918537;0.6065048591056638;-0.4090006142000928  -0.5692838255653686  0.7131861072213944  2.764430331264927  0.8879129043802687  -0.42859272351554045  0.1670896513388177  -9.626828344398334  0.2105449401409181  0.7015869178506615  0.6807691421340031  -6.3667985465902825  -0.0  0.0  -0.0  1.0
26875431821611;3.353273937562721;3.8044768739325026;-0.6966001145150128  0.15254748511991822  -0.7010545950503847  1.1198350552720653  -0.5538624987601733  0.506776413594231  0.6606163781588437  -0.16730069737405967  0.4560533005305503  0.8484732944578501  -0.26853017645515026  -3.955793831968197  0.0  0.0  0.0  1.0
26875431821642;1.3671223414634766;0.449501070339863;0.560840113864728  0.47818995158299654  -0.6758644367661686  1.9110943241419158  -0.6804382192093577  0.7312814246971818  -0.047236720166183715  2.2261243892536244  0.47165898329131556  0.4863762412967057  0.7355106765932712  0.35280962165277063  -0.0  0.0  -0.0  1.0
26875431821673;4.231146946497155;1.9594980456587539;-0.10827198083269199  -0.7865191241717536  -0.6080006952945541  9.361748215003432  0.5158713836212184  0.47835388268693235  -0.7106717093560607  2.3516625079239866  0.8497963836868786  -0.39059599361800107  0.3539503864135082  5.657796782461872  -0.0  0.0  -0.0  1.0
26875431821704;5.916097515817769;4.352755837073801;0.9968538502730075  -0.05161115273802911  -0.0601555492779461  1.6963603162994356  0.014258569380315472  -0.6297997739322646  0.7766266399976857  -2.466389343554241  -0.07796854747336426  -0.775040988379273  -0.6270824283433344  16.31852154634514  -0.0  0.0  -0.0  1.0
26875431821735;2.456523073906335;1.6835943017083974;-0.8011729947251052  -0.48215274148007503  0.3544722364395484  5.101738457080164  -0.19584529592656522  0.7709645318399946  0.6060184078954801  -4.476316599868015  -0.5654789585710897  0.4161038626689076  -0.7121033091380572  4.884268719103834  -0.0  -0.0  0.0  1.0
26875431821766;3.6833967010897686;4.0445859667092465;0.9466052197362376  -0.2470316535030297  -0.20715675257077742  -0.506073415041935  0.2740842337958084  0.2783046708400776  0.920556539802504  -2.1701836420283818  -0.1697539123339303  -0.9281820254433705  0.33115213556788214  1.7423621047683284  -0.0  0.0  -0.0  1.0
26875431821797;3.7834060321852396;4.3829387917744915;-0.2691700705652689  0.752565105810258  -0.6009935395898053  -4.989773556071694  -0.9545926329344521  -0.12575023642508618  0.27007366251877774  25.962335749557976  0.12767293471664065  0.646399752131626  0.7522413058221478  2.6589332836593984  0.0  -0.0  -0.0  1.0
26875431821828;3.309200691813214;0.18350744699770713;0.3429453343677935  0.9388806097135428  0.029861318445223946  -2.1573528264367305  -0.8836778443466834  0.311673530732037  0.3492464425757609  16.570615057990892  0.3185937303936801  -0.14616022353893202  0.9365549765010532  2.036467496296336  -0.0  0.0  -0.0  1.0
26875431821859;1.3587079118313974;2.466156743890423;-0.16621060019523998  -0.9288011978310018  -0.33121348295387343  3.432709685493335  -0.4771802333503017  0.3696975398553968  -0.7972595273338656  0.06230629971487156  0.8629444137848579  0.025535542535160455  -0.5046532223071061  -5.938804335684489  -0.0  0.0  0.0  1.0
26875431821890;5.99180136419761;0.07753292933346141;-0.35545420118298093  -0.9346927700696358  -0.0013177408394038261  6.088071919338044  0.9346681942560251  -0.35543373404678685  -0.007888431259701194  -10.125393533327077  0.006904890118578847  -0.0040356264828669865  0.999968017594234  6.054863643334172  -0.0  0.0  -0.0  1.0
26875431821921;1.334025833505696;2.643309639229317;0.8761016489096211  -0.4772993792566159  -0.06805294511695659  1.8135722439232076  0.38743713414144004  0.7809961330075068  -0.4898341630752059  1.946361721031542  0.28694662895059564  0.4027782799364532  0.869155503546587  3.77302965872013  0.0  0.0  0.0  1.0
26875431821952;1.5331962113685564;2.7971162395097187;-0.7620000918291455  -0.22869582616714004  -0.6058498816919111  4.504692317715247  0.63884035491434  -0.4186338780313426  -0.6454677971032778  -3.427225225046314  -0.10601349435469719  -0.8788878741103257  0.46509917625871944  3.990361718195067  0.0  0.0  -0.0  1.0
26875431821983;5.104278779962253;0.23633227866318862;-0.9119714766499545  -0.3956943110398361  0.1083237646484452  13.501492107245847  0.4009206421773319  -0.9155962570818759  0.030759270046214024  26.090300419559888  0.08700956529610943  0.07148081021064139  0.9936396878741369  5.481804431922444  0.0  0.0  0.0  1.0
26875431822014;4.051816939242429;2.0914746180438017;1.0  -0.0  0.0  0.1956630084706914  -0.0  1.0  -0.0  -2.997930226437327  0.0  -0.0  1.0  8.60313339605221  -0.0  0.0  -0.0  1.0
26875431822045;4.351333545702148;1.3244174404193847;0.9264453187935211  -0.27977100501981245  -0.25184768419775977  -1.9140129929583667  -0.06343747320580054  0.5434363676621481  -0.8370499395468801  12.111808450770413  0.37104549354335775  0.7914575788078451  0.48571611324804687  -5.201784403850923  -0.0  0.0  -0.0  1.0
26875431822076;1.1412009696094776;1.9451955654006838;-0.3369813335004552  -0.8651370798366386  -0.3714584956142313  11.489276523852132  0.9001497885897192  -0.41169723205150066  0.14225240673892933  -5.6666391123447415  -0.2759962662322453  -0.28643188058047186  0.9174872417712374  1.1549637573175666  0.0  0.0  0.0  1.0
26875431822107;1.4325003679545003;2.615298383148035;1.0  -0.0  0.0  0.9213724806197054  -0.0  1.0  -0.0  0.7865931153232322  -0.0  -0.0  1.0  4.73252166361272  -0.0  0.0  -0.0  1.0
26875431822138;4.104686773760169;3.0975017307546886;0.9469589857669752  -0.26061795314435887  -0.18800787689356738  -7.326949917434767  0.3202829952780221  0.8131568123115512  0.48599876700158  -5.7387431651224885  0.026219881977601927  -0.5204366254311497  0.8534976489123549  5.264540298804287  -0.0  -0.0  -0.0  1.0
26875431822169;2.4370489578780687;2.8911724265661225;-0.8823241031556245  0.4231463560790361  0.2060372255871624  2.582675588819009  -0.33406595598247496  -0.8714476588126504  0.3591363459794417  16.947679170526698  0.33151789400292736  0.24804463164314722  0.9102580659729862  1.4442777041887196  0.0  0.0  0.0  1.0
26875431822200;3.7431807365241796;4.5416135932606965;0.46012159499141275  0.6382223381413954  0.6172198675673769  -7.857896256487519  -0.8876147673413911  0.346863172580425  0.3030279926094799  4.869582547286004  -0.02069160747857428  -0.6872831924358205  0.7260948083929393  11.253289513824349  0.0  -0.0  -0.0  1.0
26875431822231;2.9987588218906187;5.608515167394195;-0.0020077083648647764  -0.9660494150189294  -0.25834956328336717  2.7238647601531922  0.9944349068190197  -0.029141780740036177  0.1012421489062058  0.4445997953763717  -0.10533368505358755  -0.2567085591811935  0.9607317682038761  12.02660708560867  -0.0  0.0  -0.0  1.0
26875431822262;1.4232017099761387;3.701232958720081;-0.7096066077618457  0.2985837473243626  -0.6382054591230538  6.973872686884858  -0.06340930455062387  -0.929158658095625  -0.36420248239453723  16.857379701842028  -0.7017390699662756  -0.21797232374702638  0.6782701112117423  5.479945126972532  0.0  -0.0  -0.0  1.0
26875431822293;1.6014741833671042;2.1492237803314636;-0.38963883241181474  0.1958148096505913  -0.8999100736175036  5.1196014754539325  0.7998884118211661  0.5562563574522368  -0.22529401551790385  1.3706322351562878  0.4564647948209918  -0.8076109367235392  -0.37336907474181413  11.202820347710686  0.0  0.0  0.0  1.0
26875431822324;2.782792515369427;3.684648792052895;-0.9668836809420661  0.22126700771498536  -0.12718828100409932  7.8548200518612346  0.036605942767613864  0.6134323041062376  0.7888984809422608  5.7038221173402945  0.25257860654064807  0.7581172202079107  -0.6012173716237877  2.2671236194597286  0.0  -0.0  0.0  1.0
26875431822355;3.517315059062168;0.9292820010297308;-0.08520006586257364  -0.6286348257526009  0.7730195370286648  2.17784368856036  0.9463691591475064  0.19161600869320847  0.2601321199447033  2.932254206493061  -0.31165102822139745  0.7537251230146714  0.5785949148973435  0.5012131266624922  0.0  0.0  0.0  1.0
26875431822386;2.6396216123483303;1.7516903004581978;-0.43358891926589094  -0.8764821564410247  0.2092359398629391  12.307663843825964  0.8704421118496872  -0.34732210604389013  0.3488522388804368  2.5653824425814156  -0.2330904953199363  0.3333862386088055  0.9135219958478173  -3.918565743077774  -0.0  -0.0  -0.0  1.0
26875431822417;3.186775984733459;0.05924458874561729;0.6717330970671683  -0.7312069305992474  -0.1187900288247212  14.84925835919461  0.7397605147067479  0.67058045813822  0.0554637723558682  -4.173082979109804  0.039102777207743945  -0.12513302444504107  0.9913691033151473  -0.3621348327698994  -0.0  -0.0  -0.0  1.0
26875431822448;3.9599817839126596;4.207595928227134;0.07292810087393312  -0.932778440293523  0.35299557139786614  -0.00509003561775945  0.4410982982656707  -0.28727310672458084  -0.850239056630508  5.21269068986073  0.8944907955759248  0.21771206552782366  0.3904967005668007  0.30070968899073314  -0.0  0.0  -0.0  1.0
26875431822479;2.9073535472467738;1.6783802820212723;0.9121798678537251  -0.18086064196522414  -0.3677190733022778  6.196212322795187  0.296176511825856  0.9111280444784362  0.28657487748853694  -1.5141063224466427  0.2832090438616434  -0.37031758634019624  0.8846793332740086  1.8230362749964821  -0.0  -0.0  -0.0  1.0
26875431822510;3.7711636163769215;0.03671823607282958;-0.9948745190777263  0.10109578388459767  0.0020817710300090283  7.244078448737461  -0.10109083400990687  -0.9948744013828374  0.0023598204003900387  -3.2529779048432643  0.002309668600500343  0.002137277216306551  0.9999950487262704  -6.582520594400842  -0.0  0.0  -0.0  1.0
26875431822541;2.7225886157360173;2.3776583987739657;1.0  -0.0  0.0  2.140315189749977  -0.0  1.0  -0.0  3.5960763354152467  -0.0  0.0  1.0  -3.615966183816501  -0.0  0.0  -0.0  1.0
26875431822572;6.3174187801669905;0.08811850070485153;0.5622971722446127  -0.8129239271280239  0.15158027176537156  1.2336181544888793  0.7889829093812805  0.5822948050757457  0.19605797276838502  -3.0422963656631694  -0.24764462196858017  0.0093514001385736  0.9688058074379438  -8.892101911179418  -0.0  -0.0  -0.0  1.0
26875431822603;4.291318477345014;2.2976652197329845;0.3673281713173617  -0.3871624716796187  0.8456803385911082  -3.13294143637513  -0.06486401647818124  -0.9176940552837206  -0.3919569877719212  -6.835026563584547  0.9278268555732592  0.08912262013567311  -0.3622077920989434  -5.811449459576  -0.0  0.0  0.0  1.0
26875431822634;2.1517287473981175;0.38367418761482464;-0.8264259454058042  -0.3870018759862077  -0.408961739950425  7.715582899946267  0.4163869638318677  -0.908994063157597  0.018753386230801767  7.227805223986175  -0.37900138932595134  -0.1547880522760047  0.9123588141524145  3.434986291932798  0.0  0.0  0.0  1.0
26875431822665;1.5906219386342715;2.140182384911218;0.09515253271673907  0.48430020008620217  -0.8697122005089118  3.266698284738928  0.9731335641052881  -0.229263406771403  -0.021198035930463047  -0.47793027948663724  -0.20965939504188458  -0.8443290866196868  -0.4931037736203578  6.455319002996718  0.0  0.0  0.0  1.0
26875431822696;2.534146944068928;0.7534729243758649;-0.30281541122667127  -0.8177940895059408  -0.48940336522419836  2.5545271917876824  0.9450497547372171  -0.32405299522018155  -0.04325063421449263  0.042593285124593455  -0.12322251334374325  -0.47560748885817383  0.8709843447199684  -1.3544336914708943  0.0  0.0  0.0  1.0
26875431822727;3.2280913866871095;4.131458740091009;-0.4812559379444273  -0.8240074824970276  0.2990056704849251  -1.0082049371709572  -0.0051415677920323135  -0.33844540758713815  -0.9409719817103042  -2.859216661253552  0.8765650497674821  -0.454385711562419  0.15864217173893183  -0.1771389446744285  -0.0  0.0  -0.0  1.0
26875431822758;5.123607463454776;2.052220487891859;-0.6216765896285461  0.7714989619329751  -0.13530546790193693  -4.304138742790285  0.11168677412043877  0.25829039069927817  0.9595895677626887  5.162168950815144  0.7752704575787667  0.5814425386990131  -0.24673931951931383  0.8229738987265189  0.0  -0.0  0.0  1.0
26875431822789;3.4449919855173357;2.406917972043441;-0.534913189057253  0.0457010369038888  0.8436701342340558  6.15218267445093  0.22100832005865712  -0.9562012895458517  0.19192294374488542  2.7585556310443597  0.8154895478407144  0.28912023294256295  0.5013843717805615  -3.4491466903418475  -0.0  0.0  -0.0  1.0
26875431822820;3.2885712155089486;4.57630169570354;0.6702679795677154  0.6605128158715389  -0.3383247783353515  0.7052621856174294  0.7165090353965343  -0.4572445055609767  0.5268228016415257  6.237163408102625  0.1932760661886019  -0.5955252154222769  -0.779739751477959  4.241733304091096  -0.0  0.0  -0.0  1.0
26875431822851;5.9287144767363475;2.569674266804122;-0.11546352364935634  0.5759939778786222  -0.8092583716922768  8.480896219975357  0.3741287339744521  0.779927590367222  0.5017376248585029  5.721194840603032  0.9201607822120806  -0.24483441594583735  -0.3055490854957888  4.309084574214921  0.0  0.0  0.0  1.0
26875431822882;5.41078833518639;4.487634345924281;0.3979601060824539  0.9052973717083626  -0.14854098001821986  10.927936987091563  -0.6530338344239299  0.39326283574279197  0.6472180105042801  11.682917924201805  0.644340410857818  -0.16056466236837202  0.7476927337711047  4.175935174125463  -0.0  -0.0  -0.0  1.0
26875431822913;4.777035883166865;4.050488702104799;-0.1812864317456536  0.7809086368354429  0.5977599272122055  -2.0241999637890333  0.8174449694080629  -0.21826523241225548  0.5330516019199983  -2.030156614231934  0.5467348092579993  0.5852708682617276  -0.5987813115902856  7.384941162310415  -0.0  0.0  -0.0  1.0
26875431822944;2.976285503595206;2.393115554666339;-0.9266932238545458  0.3463234544258217  -0.14594428312419327  4.4181356245930585  0.31525877886381665  0.9277460513966979  0.19974775710162526  -1.4423649143452117  0.20457656564563817  0.13909467650633087  -0.9689174886213144  2.1764443952074783  0.0  -0.0  0.0  1.0
26875431822975;3.393796302193077;2.8858853703792966;-0.41320946089625565  0.8506876472216952  0.32494379250917044  3.2507531776281064  0.8324831166956855  0.497508057807286  -0.24383927664234314  -0.37322833219905666  -0.36909321565488595  0.16975352509223543  -0.9137581402517277  1.3579706890551295  -0.0  -0.0  -0.0  1.0
26875431823006;5.039958847236191;3.5706002033072384;1.0  -0.0  -0.0  -3.644504089095702  -0.0  1.0  0.0  10.18784194439577  -0.0  -0.0  1.0  -2.7324450269743012  -0.0  0.0  -0.0  1.0
26875431823037;5.369728603719778;3.921529070951764;0.6114487312977013  -0.7898531921293798  0.047564523307408  4.12459100880094  0.02484558295908861  -0.040916711626687925  -0.9988536027452073  3.6638001857436495  0.7908938904820637  0.6119295364604386  -0.005394108402460436  1.6771781347527153  -0.0  0.0  0.0  1.0
26875431823068;4.204830814786546;2.1681624265679735;-0.9618153772778313  0.2242065911353733  -0.15697956721611225  6.212537541882792  -0.2735487070544375  -0.7684504248186655  0.5784937765135064  -1.5656724213532458  0.009071102510050014  0.5993457675561494  0.8004388583844383  -6.924575162231979  0.0  -0.0  -0.0  1.0
26875431823099;2.356510122240444;2.7471900316096374;0.8553587757572556  -0.43722879380605306  0.27783510685647983  2.195802922336688  0.1953783206476453  0.7689956597623205  0.6086649218474978  2.9727234550071806  -0.4797798209136709  -0.4663439258032834  0.7431922135695642  11.907928448123384  0.0  -0.0  -0.0  1.0
