# registration_from_features.py FastGlobal FastGlobal_config.json euclidean --input_txt=/neural_comparison/point_clouds_registration_benchmark//eth/wood_summer_global.txt --input_pcd_dir=/neural_comparison/point_clouds_registration_benchmark//eth/wood_summer/ --input_features_dir=/neural_comparison/experiments/3DFeatNet/test//eth/wood_summer/ --output_dir=/root/neural_registration_comparison/results/3DFeatNet/FastGlobal/
id;initial_error;final_error;transformation
2318808360030;4.969564550018172;3.2096853592176826;0.8514446848286843  0.16815772771702744  -0.4967543933233291  -4.336682410656328  -0.33599217723929253  0.9021875669553482  -0.27049371686822504  -2.630198242084669  0.40268002869646063  0.3972160276728946  0.8246624896579109  -9.605238181396963  -0.0  0.0  -0.0  1.0
2318808360061;1.6724101210514537;0.37048125585092284;0.22267742095226184  -0.9639837008159243  0.14543105156493297  1.0306355872918225  0.9555136539766743  0.24540472527844062  0.16361594627406373  -4.448745888158278  -0.19341257265801884  0.10252777853950731  0.9757456796550831  -2.041212048216055  0.0  0.0  0.0  1.0
2318808360092;1.584883217651029;3.0008299626072072;-0.026745870714060867  0.8244993868140605  0.5652304127902055  -1.6862974037607612  -0.793197823564358  0.32661493558335397  -0.5139648787092834  4.279841981620283  -0.6083764222029908  -0.46208597143510155  0.6452555183106679  10.074152438206626  0.0  -0.0  -0.0  1.0
2318808360123;2.8011658140671436;3.8005484413930892;0.11387034596283586  -0.826878139491068  -0.5507323185923394  -0.3494960975327194  0.8386494070997893  0.3771951691249828  -0.3929261716403566  -5.880594976438683  0.5326356318173573  -0.4171286933556166  0.7364122058317335  10.25402016549144  -0.0  0.0  -0.0  1.0
2318808360154;5.158117208596515;0.05784727309603497;0.66445865618695  -0.7470527545982003  -0.02017116916480174  -7.19747292964976  0.7472736047743634  0.6638542481787062  0.029659682780045823  -5.58944361816273  -0.008766631380556979  -0.03478101525725537  0.9993565065340355  2.9504644301848506  -0.0  0.0  -0.0  1.0
2318808360185;2.9373278081057164;0.6170355581299506;0.5618071111016424  0.19447799758326148  -0.8040839995744443  1.1454252738895865  -0.4231482689025885  0.9027564158151683  -0.07730715509765902  -0.8921170683017122  0.7108574487478986  0.38367846194509714  0.5894680020145913  -8.932026991916882  -0.0  0.0  -0.0  1.0
2318808360216;2.8192109211834575;2.6599980789323583;0.008021465357315757  0.9905119119844433  -0.13719259568374875  2.07948019014365  -0.8829923583539309  -0.05737506882060156  -0.4658675740662753  5.390006574258257  -0.4693188161389723  0.12487695421795965  0.874154217013885  5.39035224630592  -0.0  -0.0  -0.0  1.0
2318808360247;5.338906233558544;0.41932284964653554;-0.3559059146649161  0.9195943785609327  0.16636453596141912  -3.183660517143778  -0.8384743125574063  -0.392836386432967  0.3776776412175784  4.411065601532912  0.4126642789095199  -0.005074683578152845  0.9108690578226194  -3.12258981640858  0.0  0.0  -0.0  1.0
2318808360278;3.9358878406157967;2.4226520375770875;0.41812185625218096  0.8573463487068986  0.30021883965397445  5.0785860536297776  -0.43739709906551816  -0.09964415193697826  0.8937308435506899  -0.26776881729035923  0.7961519271177444  -0.505003248844707  0.3333374080462485  -1.8277472688705014  0.0  0.0  -0.0  1.0
2318808360309;2.1234453820707166;2.9985085179727125;0.11048044393861232  0.49897034668748685  0.859547942021675  3.837449135882856  -0.9131829673739918  -0.29039550700034245  0.2859498515684992  1.1506097286004722  0.3922893569868547  -0.816516406841029  0.4235681972885324  1.1255489531893794  0.0  0.0  -0.0  1.0
2318808360340;2.3866042493559383;0.6168776066257747;0.24608574067783923  -0.9615747552983998  0.12172016352217403  15.661237036206996  -0.9275642714160109  -0.27007053587737906  -0.2582371546532154  20.872522614550313  0.281187358584137  -0.049354793320709016  -0.9583828951670345  -3.645195766222563  0.0  0.0  0.0  1.0
2318808360371;4.044074629937958;2.350964067581068;-0.19053315172783952  0.7622102798683538  0.6186538671629409  7.174460984369433  -0.9567241810031343  -0.2853713874280051  0.056938675092577246  -1.585136654287286  0.219945355887636  -0.5810324091652892  0.7835977156188242  10.364719135008459  0.0  0.0  -0.0  1.0
2318808360402;4.2662430875772905;0.13200974671656895;0.7278638623201372  -0.678554761715082  -0.09888191585016883  3.003382762149178  0.6383747652805185  0.7231785238351955  -0.26361047345769417  4.229823703670915  0.25038341994120666  0.12874881753761774  0.9595477502455061  -4.375137140062188  -0.0  0.0  -0.0  1.0
2318808360433;3.0557917853126377;0.9273746959961562;-0.5776274717886998  -0.719596949319549  -0.3853916635904231  17.216577067703508  0.8111068175057232  -0.5591313237735709  -0.1716912734268959  3.935981437599992  -0.09193603445182871  -0.4117674019458255  0.9066396043986047  0.7843208539435584  0.0  0.0  -0.0  1.0
2318808360464;1.0653308809730693;2.2465086017999076;0.6211122888902633  -0.6686711225100888  0.40877677834069215  0.3208428472620919  0.6160934307529398  0.7389694007108306  0.2726776657450111  -4.644359355488566  -0.48440521175207235  0.08248123867991401  0.8709468618080313  5.592077487497777  0.0  0.0  0.0  1.0
2318808360495;1.7172042102086578;0.03696153479794693;0.11815026437843498  0.9925966836447252  -0.02814851052539544  -5.306199425344119  -0.9918181191602113  0.11658259161298334  -0.05201266997858505  23.77467552021608  -0.04834597742115521  0.03406351347545716  0.9982496398781723  1.4344381372941768  0.0  0.0  0.0  1.0
2318808360526;3.6807220373796983;3.6018906962555044;-0.39441339801892045  -0.07951883121802504  0.9154861151021843  1.6359787835115331  0.43330940310348665  0.8624457445215848  0.26159185564292486  -3.7456914816631537  -0.8103585827553548  0.4998640747626565  -0.30570389941314774  2.0170004813227522  -0.0  -0.0  -0.0  1.0
2318808360557;2.560279020018075;0.9143630905270724;0.9128254014630957  0.40820696876112966  -0.010810046188054033  -1.8819886932198147  -0.2864955215517503  0.6590711078415977  0.695374424996519  -4.1618308521178475  0.2909812752988221  -0.6316584088439721  0.7185663170245128  -0.5724292525381792  -0.0  -0.0  -0.0  1.0
2318808360588;3.9226564362176193;2.2840285643693026;-0.13272588529954518  -0.8317081831107858  0.5391153285875012  26.029609924814444  0.9911510470609052  -0.11239239472417552  0.07062259920334653  9.475732794596258  0.001855069142483539  0.5437181694175052  0.8392658166300796  -3.3705323270792693  0.0  0.0  0.0  1.0
2318808360619;3.5577362196516864;2.32159524997386;0.6534438614675826  -0.6725532162330039  0.3473950075130326  14.14339482213867  0.18050266983072363  0.5841253132463394  0.7913383629073242  3.540573249611221  -0.7351393786856459  -0.45438946924362916  0.5030907514019461  10.848517516853452  0.0  0.0  0.0  1.0
2318808360650;2.026557361496415;0.11067473573424239;-0.34220135281420055  0.9395537967249024  0.011700307344386053  -1.9809754660848053  -0.8855214995314362  -0.3266362939729716  0.3303943179402416  23.7449340450868  0.31424498086640357  0.10270050885669656  0.9437704686420567  -3.037182403262038  -0.0  0.0  -0.0  1.0
2318808360681;3.2402694513344694;0.04166713614417934;0.1628899198629951  0.985376065669779  0.05000883134181971  6.104894235681069  -0.9531668970088933  0.1702519542622937  -0.249974275709142  8.680285628439055  -0.25483276958324474  -0.006948472855051  0.9669601740875968  1.915948494485662  0.0  -0.0  -0.0  1.0
2318808360712;4.183482302346372;5.744724835836859;0.361161697087882  0.5839478822274353  -0.7270262026905859  -11.60585844398616  -0.7496207472529549  0.6455387298291527  0.1461112027822848  -5.600704048941453  0.5546448988718117  0.49222415537299474  0.6708833110331632  -4.458569178978128  -0.0  -0.0  -0.0  1.0
2318808360743;4.6928323050556155;1.5045790126871792;1.0  -0.0  0.0  0.8958468923728136  -0.0  1.0  -0.0  2.7027707699208987  -0.0  -0.0  1.0  7.072117915615735  -0.0  0.0  -0.0  1.0
2318808360774;2.6368253275423768;0.6624707202053949;-0.998501804610383  0.04366621852310969  -0.032975863138082075  10.467246597904692  -0.025543669529417383  0.16098185544717217  0.9866267598052253  -4.321971452126831  0.048390775327343  0.9859909246928587  -0.15962527771797586  0.9913145275169049  0.0  -0.0  0.0  1.0
2318808360805;3.822501238380734;1.8397806855502374;0.7769367284479144  -0.19844466508433115  -0.5974855938750487  7.085361451121054  0.4454114902721608  0.8439668321824002  0.29887888936747814  -2.8477141441074543  0.44494710283603794  -0.49833693529134665  0.7440983635261149  -6.628153495834568  -0.0  -0.0  -0.0  1.0
2318808360836;3.8885550361159975;0.1404654973163108;-0.37175422834192057  0.9120693863842457  -0.17299776914911658  2.451455618556866  -0.9046584082514678  -0.3141126266234404  0.2879694813268309  15.112703541998485  0.20830736446372727  0.26355775878617366  0.9418839364241142  3.485289316454169  0.0  -0.0  -0.0  1.0
2318808360867;3.4260014484993295;1.9710612756636419;1.0  -0.0  -0.0  -1.06277761847906  -0.0  1.0  0.0  4.831617315712454  -0.0  -0.0  1.0  -0.5230223907676281  -0.0  0.0  -0.0  1.0
2318808360898;3.99662055613861;1.67657874032546;-0.191896702488529  0.9764974077013548  -0.09812475898856209  -5.023503832187794  -0.7926567500648515  -0.09525823253239978  0.6021803265728879  22.788628254220203  0.5786803367582629  0.19333567153357328  0.7923070023431622  -5.398390694924689  0.0  -0.0  -0.0  1.0
2318808360929;3.423510523147215;1.5733263049973332;0.8825975249170331  0.40381494896927367  -0.24073864666744013  -1.7453030401460763  -0.4604024689561325  0.6387923976875247  -0.6164201807498846  -2.6704740589578426  -0.09513766651240192  0.6548875931376049  0.7497139886416744  3.1545871492510345  -0.0  -0.0  -0.0  1.0
2318808360960;3.2303591939848126;0.23523999414762206;0.5995690780602889  -0.78958955370092  -0.1306340588067149  5.724783153859148  0.6940640257775889  0.5942626250775888  -0.40635829086816827  3.2289211478163784  0.3984872002402843  0.1529714650589282  0.9043271985970479  -7.051231419085043  0.0  0.0  0.0  1.0
2318808360991;1.4400202981915988;0.307454546952815;-0.2593935052842408  -0.21696544114740668  -0.9410850156941537  5.974518517646463  0.9270648925656156  -0.3290438645159373  -0.1796686399924109  -3.0090426156768175  -0.2706763646657375  -0.9190517572868951  0.2864928847968336  2.601667845651837  0.0  0.0  -0.0  1.0
2318808361022;4.853359975936401;0.21563759233687352;0.06013861466129131  0.7247141444061381  -0.6864202473152294  -5.370280219146125  0.998167524898599  -0.039043106160799805  0.04623016438563338  3.1865608580575935  0.006703675441638315  -0.6879426173446422  -0.7257341220974647  1.0509933863010146  -0.0  0.0  -0.0  1.0
2318808361053;1.3356595994763014;4.375935462167948;0.05930714553443155  -0.5809668973096214  0.811763590412252  7.443925224996424  -0.9072044703789741  0.30791510818637824  0.28665019636305306  14.950745308203109  -0.41648854895778775  -0.7534359630260589  -0.5087942002480319  13.99738363336704  0.0  0.0  -0.0  1.0
2318808361084;4.199949712177371;1.4470808392661356;0.20981552951378044  0.9058676365801204  -0.3679419364133418  -1.353665842623214  -0.9328937751069353  0.07281086679148385  -0.3527148735789333  3.6030087565131446  -0.292722817596412  0.4172558000481489  0.8603551298066389  -1.6113378350726424  0.0  0.0  0.0  1.0
2318808361115;2.9319105454862306;2.1505685971534527;1.0  0.0  0.0  -4.991085071123207  0.0  1.0  0.0  2.333327657779165  0.0  0.0  1.0  5.878195184475248  0.0  0.0  0.0  1.0
2318808361146;2.1018359827685917;3.7368165969745792;0.5708084967391475  -0.8210355725057439  0.008845831253192481  8.409566538676154  0.47575453666307826  0.33950098445564436  0.811416479003321  -3.749830259039436  -0.6692049617978749  -0.45895497625999426  0.5844014449599623  11.330422987475025  0.0  -0.0  -0.0  1.0
2318808361177;2.9797821204083887;4.11190732371674;-0.44537523086316266  0.7897755250625469  0.4217766277850893  3.720853964326989  -0.7224170511108847  -0.0386984807349804  -0.6903738348554781  20.63193839705512  -0.528918243207623  -0.6121740337526427  0.5877826506466313  18.929727932405374  0.0  0.0  0.0  1.0
2318808361208;2.047594508282059;2.453496539035841;1.0  0.0  0.0  -6.915614893006863  0.0  1.0  0.0  -0.7905702077232846  0.0  0.0  1.0  0.5581202554310094  0.0  0.0  0.0  1.0
2318808361239;2.8811770696532393;2.879960552776754;1.0  -0.0  0.0  1.8552083031858073  -0.0  1.0  -0.0  -6.988573010698299  0.0  -0.0  1.0  5.3242537266389585  -0.0  0.0  -0.0  1.0
2318808361270;2.4139519301703216;3.657037816861487;-0.30489330142101695  -0.25458434446271927  0.9177292009645769  4.047237522782743  0.9019155840981894  -0.3867098410888088  0.19236366072076183  -2.6681947418726337  0.3059221370045259  0.8863646599225148  0.3475188278799111  4.7009053923417845  -0.0  0.0  -0.0  1.0
2318808361301;3.633939948710988;1.1763780858103696;1.0  0.0  0.0  1.2957361124130333  0.0  1.0  0.0  -8.111215214559497  0.0  0.0  1.0  -2.4281962646754764  0.0  0.0  0.0  1.0
2318808361332;6.355512347551134;4.530385618566997;-0.9482741944597126  -0.08882639121628809  -0.30477192184529645  3.1126883866346953  -0.3078215778338692  0.022601858225778385  0.9511756053561335  5.719445914163719  -0.07760108466800779  0.9957906548206978  -0.048775438799828916  4.052191889661298  0.0  0.0  0.0  1.0
2318808361363;3.0049062450558113;1.4834368408631018;0.03572993001475031  0.09151020335151672  0.9951629287627766  -1.5732248798830601  0.9894618587658885  -0.14305518590146185  -0.022370602009174855  -6.348339622204253  0.14031607943744626  0.9854750613126975  -0.09565720768474362  3.103732274104146  -0.0  0.0  0.0  1.0
2318808361394;4.888364505047668;3.749161221555117;-0.3691788916061656  -0.08350110338708104  -0.9255995417704047  -0.6846770412189492  -0.8379326934907758  0.4606762877518136  0.29265365038301266  0.7683823612395423  0.4019648581303309  0.8836316674024014  -0.24004026577204615  -3.9803962402456254  0.0  -0.0  0.0  1.0
2318808361425;1.9513800093892786;3.8879138633314283;0.7816774798155688  -0.4636298050565955  -0.4171662994686449  1.2228668582126792  -0.617409662867407  -0.6698641525260117  -0.4124164465180351  7.704146382699225  -0.08823619295468528  0.5799391528632906  -0.8098672442006  14.11757589681525  -0.0  -0.0  0.0  1.0
2318808361456;2.9799420916800283;3.4019034800917205;0.5649421138245613  -0.5134555755034506  -0.6459131365840601  2.1945269087678563  0.43098967749840783  0.8511525311712903  -0.29964523451996516  -6.237804223520616  0.7036251174576249  -0.10909968224118415  0.7021459630430245  1.541119021366338  -0.0  0.0  -0.0  1.0
2318808361487;3.3327799764990607;1.5726659326457044;-0.43021519164176963  -0.5881977732530654  -0.6847906748932626  16.3063452740896  0.7402506551879132  -0.6640322306800944  0.10530984812391656  8.67916709439529  -0.5166660975664078  -0.4616108492639151  0.7210905404090041  4.605332031057653  0.0  0.0  0.0  1.0
2318808361518;4.4213036334582645;3.8763989891120567;0.08354887941433645  0.8440320909889194  0.5297446688070403  -7.13366009654483  0.04043304645728781  -0.5340368461030094  0.8444938222145467  4.573757148900609  0.9956830587605623  -0.049137321713978846  -0.07874496880426952  2.263255406167305  -0.0  0.0  -0.0  1.0
2318808361549;2.6879622013693756;4.1866602101304276;0.27652612983139296  -0.6385794599460058  0.7181570669815478  -2.097352244680289  -0.06958544479253669  -0.7586402932828376  -0.6477829661860176  5.742071316533104  0.9584837846273129  0.1291556376733047  -0.2542196999913769  4.621272549274765  -0.0  0.0  0.0  1.0
2318808361580;1.329810775815828;1.1435110632581036;0.9560156286851779  -0.2772654151702096  -0.09569747781513231  1.3890049891708434  0.2897393546254235  0.8418901601588651  0.4552714186163274  -0.8575860885279948  -0.045664253973205005  -0.46297391695231804  0.8851948531995077  2.1611610004169717  -0.0  0.0  -0.0  1.0
2318808361611;3.0580385862811856;2.9463133546909814;-0.5022512525780493  0.8643372418801271  -0.02578394040552998  1.0995293114864286  -0.8623096530640393  -0.5028531344089855  -0.059672334022018235  21.999003651670915  -0.0645425558554762  -0.007736763801097266  0.9978849637956915  -3.959279709210521  0.0  -0.0  -0.0  1.0
2318808361642;5.3800009482235644;0.22353641887481807;0.042050282356049774  0.9963076047709654  0.07485272492913447  3.354896483603409  -0.9222139335145223  0.009881238247139447  0.38655377628781973  6.792530357516956  0.38438682936001806  -0.08528492132987876  0.9192242640445845  5.64710202677893  -0.0  0.0  -0.0  1.0
2318808361673;3.504208192072817;4.238531396177687;-0.32091329885748066  -0.9439218420295833  0.07762867225379536  11.021374230173956  0.2699550329592892  -0.16972624123363153  -0.9477960135053595  -5.224679640288247  0.907820981689869  -0.28320409456111495  0.3092838599530538  7.435894447475955  -0.0  0.0  -0.0  1.0
2318808361704;2.519718137010217;2.892407559908558;-0.2888754898002583  0.9326621928933054  -0.21608374612661518  3.5899659476277095  -0.10999832923235225  0.19187722382247605  0.9752350991141929  1.9134157029444152  0.9510264554462995  0.3054903679752115  0.04716265594321375  -2.771446255905784  -0.0  -0.0  -0.0  1.0
2318808361735;5.251465982301738;1.91823483959213;0.16845044367003237  -0.2947425391032598  -0.9406121855846503  17.145360701224067  -0.017514383386536967  -0.9549926056167657  0.29611208957401763  17.232557543423876  -0.9855545111265835  -0.0334059704284258  -0.16603116194792017  11.367112913534342  -0.0  0.0  -0.0  1.0
2318808361766;5.291135375928377;0.16830852266456345;-0.9231305998272977  -0.1895713738243782  -0.334503497573391  23.16313925053784  0.19111289625887953  -0.9811505214846085  0.02862717369958033  10.621211852730529  -0.33362517372949624  -0.03750131220132229  0.9419596037183023  4.983800445757318  0.0  0.0  0.0  1.0
2318808361797;3.384830345230238;0.0844305238726027;-0.6246884511670278  0.7796937769624996  -0.04291798159853289  6.997032696672152  -0.7738712420596499  -0.6108063152144247  0.16744833832329334  17.212708458317156  0.10434385315674252  0.13781603484402064  0.9849462426184874  -7.015801071894875  0.0  -0.0  -0.0  1.0
2318808361828;1.4149627962549474;3.0449605012528944;-0.7812544096008026  0.5007458289384675  0.3726864127923511  11.365920735275083  -0.13568493597178458  -0.719005528919114  0.6816308733721481  0.9309844998981343  0.6092874080675192  0.4819591934847522  0.6296699057330685  -2.4433098214527247  -0.0  0.0  -0.0  1.0
2318808361859;2.242344127922003;4.26592993469904;-0.7420640133313149  0.02413326370638089  0.6698944586287481  1.555097257737172  -0.5912356073191407  -0.49449242495403023  -0.6371167069705906  1.2415811054344903  0.31588202980953384  -0.8688468376221214  0.3812134782473559  3.2831003421948477  0.0  0.0  -0.0  1.0
2318808361890;3.1043376176245805;4.018407413288126;-0.5250443077864001  -0.8482479313414327  -0.06931032993774025  0.6214887420801295  -0.7847434154144836  0.45099481490182847  0.42518401768560987  -2.0347385248065812  -0.32940286402020186  0.2776312732864285  -0.9024492391645342  10.527668763664993  0.0  0.0  0.0  1.0
2318808361921;2.582712583147148;1.4352139661508305;1.0  -0.0  0.0  -1.9892850015445163  -0.0  1.0  -0.0  -3.371677511437859  0.0  -0.0  1.0  1.1519123977770107  -0.0  0.0  -0.0  1.0
2318808361952;1.429597864979908;0.22072562329834697;0.7340891799710202  0.6527734899952867  -0.1870824593831492  -3.2184297307054472  -0.5194178736466901  0.7172462893287931  0.4645027803796527  3.5248939060473736  0.4373993008520091  -0.2438124918937692  0.8655849585169121  -2.315978841678907  -0.0  -0.0  -0.0  1.0
2318808361983;3.430782124719056;4.540335663549373;0.40714993117594556  -0.64255794078881  -0.6491134155697798  -0.7422137390729231  0.5816781870047488  0.7303443848533261  -0.358116693657369  3.995543679372718  0.7041870634329294  -0.2317679275535341  0.6711216040713107  5.076361155215686  0.0  0.0  0.0  1.0
2318808362014;3.6985124006147214;3.2370981786246973;-0.6641242046432695  -0.6834732984701022  0.30299057920229205  12.900566638458717  0.2129517112485044  0.21554721953657077  0.9529905376373824  -2.9694087105171705  -0.7166523630626477  0.697426445174293  0.002396682764075145  4.954946860425747  -0.0  -0.0  -0.0  1.0
2318808362045;2.2111434334810025;0.10682633248959408;0.10927985097784207  0.9931011848850944  -0.04252000411667502  -3.5726730272103637  -0.9939225039440741  0.10974096350525513  0.00865893079310291  17.70929446143425  0.013265380650479835  0.041315342292660304  0.9990580924888388  2.796475721245752  0.0  0.0  0.0  1.0
2318808362076;1.35138127439203;3.1215461420788633;1.0  -0.0  0.0  -1.2942065996104577  -0.0  1.0  -0.0  -3.248058785131936  0.0  -0.0  1.0  3.655121751953898  -0.0  0.0  -0.0  1.0
2318808362107;2.3703459450599085;2.1657299171146214;1.0  -0.0  -0.0  -0.9306111075392902  -0.0  1.0  0.0  0.9750548108938268  -0.0  -0.0  1.0  4.457536554460744  -0.0  0.0  -0.0  1.0
2318808362138;3.4849647346435484;4.7003721337495845;0.8123498151452133  -0.1833534898671094  0.5535966723049277  5.288846969323625  -0.3433258635276405  -0.9177078580811874  0.19984903965003248  18.88152777261472  0.47139699751540337  -0.35241138598176963  -0.8084498041089941  12.897855972883164  0.0  0.0  0.0  1.0
2318808362169;3.48714335094723;3.5203992477355346;1.0  0.0  0.0  1.632257546217673  0.0  1.0  0.0  2.8728270055196194  0.0  0.0  1.0  -2.259602660335728  0.0  0.0  0.0  1.0
2318808362200;1.6972551672156184;4.3538023365164635;0.0062543491310902855  0.1840808851507763  -0.98289119989908  6.894042292160479  0.2235673895660434  0.9577730715780033  0.18079924137745407  -5.421071169927225  0.9746684079416821  -0.22087320136708377  -0.03516423578415991  0.2778870455520542  -0.0  0.0  0.0  1.0
2318808362231;2.3843011935207;0.9208837083973406;-0.4522689891122695  -0.8687209886608607  -0.20193218006910438  10.882777248950529  -0.889783523870135  0.455008838990193  0.0353869621476949  12.496726699369441  0.061139530065351784  0.1956803523629586  -0.9787600101978514  -1.1205550006255802  0.0  -0.0  0.0  1.0
2318808362262;5.232306399155367;1.2524374706837216;0.8611434171324064  -0.40533177441879464  0.3068194383933855  5.505006130204361  0.2776773423478439  0.8805970250995807  0.3839845998635969  -10.624446361143193  -0.42582544390414157  -0.2454690042190253  0.8708717812006321  8.096319289064569  0.0  -0.0  -0.0  1.0
2318808362293;3.4552109610591604;0.6653951553751333;0.5149300152652925  0.7914110311809648  0.3294171505917195  -1.9112982479556622  0.8569455470726988  -0.4851703198553789  -0.17393702907575748  11.166395489754516  0.02216774077703355  0.3718579573661301  -0.9280249192841385  -5.8664162740110894  0.0  0.0  0.0  1.0
2318808362324;3.901348001708932;0.25788890989488494;0.5766532914606866  0.803903043500371  -0.14563954853814742  -4.321834037408032  -0.7390125148282988  0.4372569936729034  -0.5125103163949846  18.743647293673074  -0.3483266920215975  0.40317020988036073  0.8462400944710172  -5.708869814350092  0.0  0.0  0.0  1.0
2318808362355;2.04977221751585;3.584857824525704;1.0  -0.0  0.0  -2.3013200119383805  -0.0  1.0  -0.0  -1.191320334884764  0.0  -0.0  1.0  5.862332264381285  -0.0  0.0  -0.0  1.0
2318808362386;3.0729207631497046;1.474426201418057;-0.8212226786005263  0.5657391614168454  0.07438086710667767  5.739989371537742  -0.49765439503881803  -0.6463418221516256  -0.5784309397294246  6.948260945610495  -0.2791655696011352  -0.5120365711324539  0.8123331426035706  -0.764787762071611  0.0  -0.0  -0.0  1.0
2318808362417;1.4050409535936035;1.7888367650039196;-0.1869631384366895  0.762659185779553  -0.619189592299463  5.931220862550337  -0.7164376238649497  -0.5371083378554593  -0.4452322590703511  15.42096816488877  -0.6721323649227509  0.3603686997398832  0.6468171954046513  1.9893276298776492  0.0  0.0  0.0  1.0
2318808362448;2.5537408364538483;0.08039994602861669;-0.020732171656164023  0.9823605837508197  -0.1858436454419923  2.026304553738864  -0.960646316192288  0.031927383935860025  0.2759335016651652  21.091351147925952  0.2769996971922659  0.18425071410380392  0.943039151948439  -4.192073488232525  -0.0  -0.0  -0.0  1.0
2318808362479;3.2775968567417544;0.04116963046022411;0.29120541656150967  0.9565561459456584  -0.014133117802719617  2.241860607011233  -0.9531838145424069  0.28885707568822366  -0.08945504747768084  12.334112067125576  -0.08148632437178538  0.03952125350284121  0.9958905810689952  5.780065812597432  0.0  0.0  0.0  1.0
2318808362510;1.7896114733317854;0.058978849914017785;-0.934286009286192  0.3547958808146612  0.03506473740143035  10.882497323425541  -0.3562284374887486  -0.9329911837935323  -0.0512713495811172  25.129703996522533  0.0145242272223808  -0.060393161206324056  0.9980689920557096  1.7742171946068928  0.0  0.0  -0.0  1.0
2318808362541;4.507281674743628;1.026470994983152;-0.3275079916626715  0.862428543085643  -0.38594756569805955  4.155683798382361  -0.7602398617062751  0.002019983751007757  0.6496393402022917  14.583838978118862  0.5610471175132314  0.5061747995868822  0.65499099550549  -12.824480213243383  -0.0  -0.0  -0.0  1.0
2318808362572;1.6524012560965744;1.9037521545535308;0.48049694806395365  0.7376383840131685  -0.4743546113738836  0.5348951060688458  -0.007964960091124115  0.5445336385391006  0.838701183920779  -2.807104101203558  0.8769602284664754  -0.3992151436629247  0.2675220117265436  1.574013377035619  0.0  0.0  0.0  1.0
2318808362603;2.7922284303351215;1.8503660836235911;-0.9248568008898556  -0.36276827240294895  -0.1141887839744495  6.6970410695976135  0.10887051369540042  0.03514485770161436  -0.993434472033677  -5.826873298439535  0.36439965572909605  -0.93121641926832  0.006990807507257891  -0.7844329715140703  -0.0  0.0  -0.0  1.0
2318808362634;4.154034979657225;1.5218004028067338;-0.8757449452554172  0.20486171839084355  -0.4371526817915409  11.502300219325175  0.09086421456948701  0.9592616113701694  0.2675086082020078  -0.21024516846181943  0.4741460591107497  0.19454777636728846  -0.858683106471932  1.1605279253736738  0.0  0.0  0.0  1.0
2318808362665;2.2058351322628655;2.3491185564566015;0.764549681172821  -0.3593800372391484  -0.5350792220340143  -0.1229720244526255  -0.6427912681618687  -0.48664475648447547  -0.5916048229697106  13.717114479264946  -0.0477825343969314  0.7962555304801054  -0.6030704433036419  -5.215459804202395  -0.0  -0.0  0.0  1.0
2318808362696;1.9478287065829136;2.206833927452071;1.0  -0.0  0.0  2.3966429654231316  -0.0  1.0  -0.0  -3.501481091518473  0.0  0.0  1.0  -0.5809341761990092  -0.0  0.0  -0.0  1.0
2318808362727;4.3430344902627;0.15251751181431014;-0.08929872671471575  0.9960039971960186  0.0013322825100434688  1.2292373245528305  -0.975734274890867  -0.08774973990263829  0.20060560298808738  -5.164108816689986  0.19992088987978535  0.016613871209786916  0.9796711780353138  -3.986577160149117  -0.0  0.0  -0.0  1.0
2318808362758;1.6605101549061114;0.1124513151588299;-0.007312644454510778  -0.9570066398023065  0.28997382055175286  3.0395238956199924  0.9926453527392713  -0.041988769530942376  -0.11354359038891072  -4.137446981472086  0.12083761383033548  0.28701086148014593  0.9502752424830482  2.442414711148156  -0.0  0.0  -0.0  1.0
2318808362789;3.2529369529640206;0.8607066631592019;0.6251056033833035  -0.48182662950116784  -0.6140733536983515  -1.9743933831206304  0.6387243531535791  0.7679601977918147  0.04762704374722622  -1.1583038621603536  0.4486359162030383  -0.42199553754880154  0.7878106250753154  4.535416075181282  0.0  0.0  0.0  1.0
2318808362820;2.400344764826293;3.6451569128177237;-0.20079733153077453  -0.9796302408735497  -0.00224116401673259  15.724210239538534  -0.20603600643371672  0.03999492122379179  0.9777267360204217  0.8120962228053782  -0.9577210427378976  0.1967866800429655  -0.2098699760678073  12.541119163982113  0.0  0.0  0.0  1.0
2318808362851;2.213741788563696;1.3890242414426353;1.0  -0.0  0.0  -2.4740728416933306  -0.0  1.0  -0.0  -3.4582908476277914  0.0  -0.0  1.0  -0.07977909069572586  -0.0  0.0  -0.0  1.0
2318808362882;2.8118491113323465;1.0934089401036056;0.47737500573907443  -0.3791116504116415  -0.7927089380206209  10.07016760632357  -0.3741491776630578  0.7285730226467804  -0.573754079310457  9.85691992273736  0.7950632029906023  0.5704872541902181  0.2059582386233411  -10.829568079812544  -0.0  0.0  -0.0  1.0
2318808362913;3.693761787700806;0.08777236436030851;-0.014855143980883442  -0.9320656627293511  0.36198470279585393  9.182217456763148  0.9897717268555263  -0.0650787827757069  -0.1269514897504638  -6.204950860768422  0.14188464827012454  0.35639634172270585  0.923498995230603  6.7553066258586005  -0.0  0.0  -0.0  1.0
2318808362944;2.216755272952035;3.0977419810633973;-0.5434504339536473  0.3459107810030694  -0.7648577367206529  5.441993514379389  -0.814452368753944  -0.43793655022012873  0.38062963233618957  9.218439248819292  -0.2032952652342955  0.8297935343006361  0.5197246632267688  3.8180749407917722  0.0  0.0  -0.0  1.0
2318808362975;4.0877051608656085;2.217989434399488;-0.13412497221298933  0.47231201549541785  -0.871166948321343  8.746570011235137  0.7209318867869265  -0.556652484910659  -0.41278956582819437  13.249337129955105  -0.6799027183669039  -0.6834174208062331  -0.2658437934123144  20.708006408074652  0.0  0.0  0.0  1.0
2318808363006;1.8159881834797982;4.437994882922728;0.3394744124345037  -0.4937289899217636  -0.8006177663611289  5.382864102079982  0.7332063125428382  -0.3942760986013726  0.5540350722824462  2.595032796849671  -0.5892076260110547  -0.7750987308611172  0.2281585651863669  16.67208804466166  -0.0  0.0  -0.0  1.0
2318808363037;2.514235334584633;3.736701817552161;0.8898250941491475  0.2802894180796572  -0.3600682489959795  2.319716335744539  -0.2181084155892214  0.9543823017131532  0.2039194478853467  -1.0167211163814074  0.4007992276335157  -0.10291872662092254  0.9103668023599636  1.3485723023737202  -0.0  -0.0  -0.0  1.0
2318808363068;1.8909816795339536;1.7301506144726397;-0.8625659283649665  0.08007279894434811  -0.4995681796242651  5.99610657610552  0.4664501150353583  -0.2565968052591605  -0.8465118839770018  -0.7826110119320591  -0.19597017479041307  -0.9631959439283431  0.18398169526505767  5.428795293207309  0.0  0.0  0.0  1.0
2318808363099;3.0749693121327226;2.3612141828309614;0.7821727367058057  0.5250929975606978  -0.335385082952228  -7.270941666218799  -0.5866932155055844  0.8019232272739273  -0.11273956021861428  5.589440693361522  0.20975433448171804  0.2849499631010531  0.9353109844831509  -2.565783125332909  -0.0  0.0  -0.0  1.0
