# registration_from_features.py FastGlobal FastGlobal_config.json euclidean True --use_random_keypoints=True --n_keypoints=5000 --input_txt=/benchmark/point_clouds_registration_benchmark//tum/pioneer_slam3_global.txt --input_pcd_dir=/benchmark/point_clouds_registration_benchmark//tum/pioneer_slam3/ --input_features_dir=/benchmark/experiments/3DSmoothNet/features//tum/pioneer_slam3/ --output_dir=/benchmark/experiments/3DSmoothNet/results/FastGlobal/
id;initial_error;final_error;transformation;status_code
39885980090030;15.205318337116758;0.07073129946606506;0.5830733265585287  -0.6501587406491902  0.48715409042050506  14.129869697641382  -0.8100717649270529  -0.5108241048249256  0.28782367796583885  11.370060153507241  0.06171897215556761  -0.5624520831922244  -0.8245231486069926  0.36772550640185037  0.0  0.0  0.0  1.0;ok
39885980090061;13.318166755923231;0.02740936516840803;0.763828767881386  -0.5151612816717313  -0.3888116089099496  3.167246474766481  0.6431069020916157  0.556544941889753  0.5259954753978939  10.125887252621768  -0.05458136897266282  -0.6518179051876917  0.7564088131677208  0.11426287934829521  -0.0  0.0  -0.0  1.0;ok
39885980090092;16.131758473986306;0.046976287419449196;-0.504299957102927  -0.8404496493602617  0.19830769061284678  8.305068082711731  0.07424898420759353  0.1865951595101176  0.9796271406976913  12.756227585354884  -0.8603305420651572  0.5087500696192665  -0.031697398193938534  7.13005469950134  0.0  0.0  0.0  1.0;ok
39885980090123;12.985542941208589;0.06534581690261244;0.5055786397607642  -0.6546136734723964  0.5620241787686986  8.424398627248529  -0.3056106318366876  -0.7450509281776444  -0.5928754136663202  -3.9200089133636737  0.8068409885014743  0.1279845808080219  -0.5767387331793822  -8.91915282298991  -0.0  0.0  0.0  1.0;ok
39885980090154;12.128119033469892;0.031202651100079925;-0.6839588750178791  -0.6810408459849061  -0.2615026259608887  11.0919368516022  -0.729381467658347  0.6313855283592901  0.26335335428852497  1.387818439065423  -0.014245417537961704  0.37085803305123  -0.9285803074589423  10.322167278953927  0.0  0.0  0.0  1.0;ok
39885980090185;6.628057703543316;0.04196337221005636;-0.7348634865255598  -0.6712034935662545  -0.09727037779279274  7.369004994882975  -0.16710021188785626  0.040185711322177034  0.9851206158600898  2.858758323377806  -0.6573075196272531  0.7401830711587406  -0.14168925792551526  5.822507043802247  0.0  0.0  0.0  1.0;ok
39885980090216;5.823010286342225;0.03380692248648707;-0.21930576861195156  -0.5120873808318837  0.8304646255237267  7.7142280520736906  -0.9526830711974872  0.296019384172759  -0.06904701331486873  3.2426542522158766  -0.21047552282211895  -0.8063119982901907  -0.5527757372624393  -0.8260981050507675  0.0  0.0  -0.0  1.0;ok
39885980090247;5.3740242030998315;0.029772998167447436;0.8016370016021467  -0.5004221221619322  -0.3270410024955089  -4.003448466245992  0.5340470326458779  0.3536244828889248  0.7679475841642281  -0.781076122155198  -0.26864825438564244  -0.7902704756932842  0.5507274195671196  2.1613849723787837  -0.0  0.0  -0.0  1.0;ok
39885980090278;4.39500473301532;0.07550742053524248;-0.293335609296307  -0.1007034773213869  0.9506908172345746  2.944826980541894  -0.9203973746430254  0.29863992497651903  -0.25235464719367706  4.633857599018608  -0.2585012438441841  -0.949037936473248  -0.1802889404972187  5.111649198465953  0.0  0.0  0.0  1.0;ok
39885980090309;6.062761454151005;0.06892944995012057;0.7875654078666704  -0.14311406313033864  -0.5993822597192301  5.5437124429756395  0.2517904245610284  -0.8130250647275914  0.5249684049769778  -0.09207187605161195  -0.5624431619561054  -0.5643656696318624  -0.6042756659917704  5.846501042293257  0.0  0.0  0.0  1.0;ok
39885980090340;10.653667033347874;0.027843018702318943;-0.14196115754463817  0.8340787203044802  0.5330663355379204  8.331311669602572  -0.8739195670187532  -0.3585139732272694  0.3282260217937509  4.6023085590019175  0.46487807017576277  -0.4192617551554597  0.7798127727433181  5.370644829205292  0.0  0.0  -0.0  1.0;ok
39885980090371;7.825764243118106;0.057501813993097325;-0.018569230955108703  -0.677041258534723  0.7357107569578245  7.537970514509155  -0.9987015388570707  0.04747326255072384  0.018480411989696223  5.933387288083656  -0.04743859131819461  -0.7344122980890971  -0.6770436887448533  -3.203278226007957  0.0  0.0  0.0  1.0;ok
39885980090402;6.3535513934385985;0.0170093278465303;-0.4083579864568177  0.8408108611783073  -0.3553601702801355  -1.1674044012617155  -0.7481392303535165  -0.08523409058644024  0.6580447111009625  2.1456911116384156  0.5230023392901615  0.534576697515423  0.6638496121641734  1.6395047192539705  0.0  -0.0  -0.0  1.0;ok
39885980090433;6.8874917645610045;0.03025458205423224;0.0611893301243299  -0.9822403961783872  -0.17736874018344392  7.930390355843886  0.8479216317630602  0.14490340028217838  -0.5099332416845681  -5.0515783572082205  0.5265783628931274  -0.11919231813329713  0.8417294215071766  3.0194081729224056  -0.0  0.0  -0.0  1.0;ok
39885980090464;6.2677651862134764;0.033985321426662114;0.68105848639253  0.712726650953324  0.16786917267197837  -2.659942812887046  0.7296107457710863  -0.6799187869864258  -0.07333895798459206  -5.590056823768134  0.06186677434678177  0.17242727198376867  -0.983077483267804  -1.8692166710193634  0.0  0.0  0.0  1.0;ok
39885980090495;9.69087354585672;0.052003849574659214;0.5190221342684475  -0.8546069138478091  0.01621872198879526  3.114246728576022  -0.5476149970915618  -0.3470283238818749  -0.7613732050605312  10.749472634902109  0.656303160970473  0.3862879304706022  -0.6481109439539696  -0.013302313013406125  0.0  0.0  0.0  1.0;ok
39885980090526;2.92110847772627;0.1044642099302119;0.2526109311332765  -0.28513576950119013  -0.9246000813448714  -0.07803155481586989  0.4840314039478691  0.8646661300680469  -0.13441013170665772  -1.1073610698436382  0.8377955105300069  -0.4135820069395069  0.3564387830633129  -1.1879482811980457  0.0  0.0  0.0  1.0;ok
39885980090557;4.738076726601074;0.03611849381296629;-0.3807529778461076  0.0670252668728414  0.9222444271785786  2.8741658624997735  0.7577949165471103  0.5941552922274599  0.2696782400815079  -4.939346962781749  -0.5298811511241727  0.8015529317011615  -0.2770178033350832  5.085624693547882  -0.0  -0.0  -0.0  1.0;ok
39885980090588;14.769319861057435;0.019669527083444403;-0.08264190330096066  -0.7614793510118695  -0.6428993030026848  -5.946527690264495  0.35842977216016575  -0.6246488474617371  0.693788091418364  6.5228522296776985  -0.9298916142475998  -0.173098282334827  0.32455903993684454  -2.7415071336908876  0.0  0.0  0.0  1.0;ok
39885980090619;2.836952107880147;0.07535512368878784;-0.13430341230001333  0.9826868467598644  -0.127628972610951  2.4494264954727973  -0.9775989965828619  -0.15245494047667318  -0.14511269070772212  4.218604531229185  -0.16205799987891242  0.1052808260292838  0.9811488940756325  -1.7056903414331541  -0.0  -0.0  -0.0  1.0;ok
39885980090650;12.55893498698289;0.019544349101001564;0.22776760869286575  -0.9253994735811116  0.30291538542327967  -5.453792031146525  0.9143559790424223  0.09631195689660273  -0.39329016075681317  -7.310726535134414  0.3347761341847814  0.36655125324372784  0.8680812857824699  -2.0308020563628157  0.0  0.0  0.0  1.0;ok
39885980090681;13.661467239296929;0.011448401553678876;0.7044236668741789  -0.40258117534590515  -0.5845645343370096  5.724284718764072  0.2552477929971458  0.9121703430569631  -0.32061476793408905  5.042320680462404  0.6622959019332846  0.07663982322821937  0.7453123343793033  -11.704319624294012  -0.0  0.0  -0.0  1.0;ok
39885980090712;11.512393687205597;0.028758965046433518;0.8616098944279938  -0.4862862546650204  -0.14544438231725407  8.186165808409433  0.02708037216290866  -0.24210001166025782  0.9698733101790261  0.8776161671713759  -0.50684814616145  -0.8395911283940356  -0.19542695273357516  8.847937124726098  0.0  0.0  0.0  1.0;ok
39885980090743;17.098275178250592;0.02190108706616328;-0.020678893527016306  -0.9278381167848675  -0.372409468735164  6.556030926954985  -0.045709944682773986  0.3729770058059366  -0.9267139548410487  -12.898699812473843  0.9987406992405965  -0.002140602986932691  -0.05012418078389176  -6.175255036914565  0.0  0.0  0.0  1.0;ok
39885980090774;10.611953381784044;0.03552700584114225;-0.6532537527925222  0.7569792514584567  0.015554656019383627  5.716089244056333  -0.3103428362624579  -0.248966003062443  -0.9174438692910233  -6.0867995153137855  -0.6906133928929116  -0.6041509266569958  0.39756106370774563  3.8665796568988005  0.0  -0.0  -0.0  1.0;ok
39885980090805;5.343071835957388;0.019633017981777735;0.15985004835738859  -0.38124497894789555  -0.910549410008683  -0.5526755133453674  0.6415984131497044  0.7411315319261083  -0.19767531112569756  -6.269102201049868  0.7501995989627841  -0.5526086485134662  0.363076084731836  -0.4915284919933187  -0.0  0.0  -0.0  1.0;ok
39885980090836;5.261479947974986;0.020072995035137018;0.6337271605802302  0.21469787350171854  0.7431653309033994  -2.21987138932797  -0.1872922781649973  0.9747137734802747  -0.12187970433017785  2.9207504608481707  -0.7505407973472769  -0.06195064892062099  0.6579138458914119  3.9889025721241684  0.0  -0.0  -0.0  1.0;ok
39885980090867;12.813048896623984;0.05038029971473803;0.7588705520695394  -0.3917169643113828  0.5202627269681617  -5.521272692973181  0.5714072183223151  0.7837509534592085  -0.2433685143993246  2.112363286398331  -0.31242483264111  0.4819670764922185  0.8185954196834471  -7.601745512617628  0.0  0.0  0.0  1.0;ok
39885980090898;9.513150698671726;0.01144129228101416;-0.6118901007956012  0.7704380420280714  0.17892939374038355  10.426365072357497  0.6778116739325042  0.6273643773353139  -0.38338658392214364  -1.6369932493740103  -0.4076295367477285  -0.11331002359290393  -0.9060899510116034  -3.33704877803926  0.0  -0.0  0.0  1.0;ok
39885980090929;3.2910700942172166;0.009396363789158016;-0.42498596351042867  -0.2662350083915515  -0.8651623264601053  5.244614406459021  0.4940922434628684  -0.8690578330363724  0.02472524596350715  -0.5228946789389737  -0.7584588227247037  -0.416962112361395  0.5008820331037851  1.4828770228392163  0.0  0.0  0.0  1.0;ok
39885980090960;13.148595121958836;0.01024684848060039;0.7036056324590644  -0.7100773427297181  -0.027005209012018264  0.7428683510410579  0.6969935547819289  0.6822446655393504  0.22077635954864128  0.5874407343737903  -0.13834413093561526  -0.17416194671914717  0.9749505206679288  12.071315373532094  -0.0  0.0  -0.0  1.0;ok
39885980090991;4.974292677219224;0.008854809864892262;-0.5674842506321798  0.6567652936358672  0.49660947872531114  5.800225119891795  -0.4554227639362232  -0.7528389916638596  0.47520896321432554  3.5810901320044723  0.6859677334781316  0.04350634098536818  0.7263301363160839  0.956242057058307  -0.0  0.0  -0.0  1.0;ok
39885980091022;13.287028172970416;0.023560976466816746;-0.5294389510198535  -0.6896142359976407  0.494091694579444  15.709729974749957  0.5992529761768639  -0.7162628966754575  -0.35757982799544874  -2.9411406697608458  0.6004916882740072  0.10676922944123127  0.7924708600058161  -0.6451596342342105  -0.0  0.0  -0.0  1.0;ok
39885980091053;15.533441302838277;0.06690119808710747;-0.4999649875919647  0.8521838798746946  0.15432966683006397  -10.025527579184349  -0.8632896897749166  -0.5046021396694829  -0.010372664523005016  1.639574722514454  0.06903566259907531  -0.13841717929033237  0.9879649597869421  -0.03764747465965931  0.0  0.0  -0.0  1.0;ok
39885980091084;7.763469718260981;0.05017628170550556;-0.567692548687816  -0.04351587601781646  -0.8220897388355669  -1.1723611408961963  -0.8210058655024742  0.10345675657136803  0.5614677803135859  5.096941294474355  0.06061797567440645  0.9936815727657098  -0.09445841927008095  2.0809360849727607  0.0  -0.0  0.0  1.0;ok
39885980091115;3.6651649034345075;0.04216395911271143;0.4295667359331141  -0.8990981629324928  0.08423130529196717  2.631573385501537  0.9010703833274912  0.43291302555646055  0.025660798771653  -2.2042824548853135  -0.05953640625548891  0.0648753089778326  0.9961157616538413  -2.971939343567817  -0.0  -0.0  -0.0  1.0;ok
39885980091146;8.080612412768405;0.05048832726009039;-0.5555073057512014  -0.7926632629278397  0.2511903359240391  3.4397127739817113  0.6599962840392967  -0.23657179704531747  0.7130488692208045  5.321193693460857  -0.5057830941336033  0.5618885445062383  0.654572169620203  -2.5942984245684704  -0.0  -0.0  -0.0  1.0;ok
39885980091177;3.8726541071914253;0.016232466724665693;-0.5111439967516306  -0.8594331692603031  -0.010317080980527586  6.515633893850913  0.8594131787199512  -0.5112241799289379  0.007669817367691817  1.7194233405408883  -0.011866036711493784  -0.004946254256909319  0.9999173624563116  -1.725189319656687  0.0  0.0  0.0  1.0;ok
39885980091208;5.2059592602279805;0.012531433982817614;0.19799597152430876  0.9665761052954666  0.16287488428849647  1.8338912165711796  -0.9661981096523223  0.16446564252029353  0.19852522594034097  1.3258490440396913  0.1651024171973913  -0.1966766002915271  0.9664675404447605  -3.903469287635567  0.0  0.0  0.0  1.0;ok
39885980091239;9.534104921615693;0.046488550502381674;-0.47214949329066846  -0.09854015674691678  0.8759935464908732  11.85448099819731  0.3620586724962229  0.8843688363675118  0.29462735604869683  1.1067428513346542  -0.8037340192225519  0.4562692174257054  -0.3818769796336205  -0.6705819620902211  -0.0  -0.0  -0.0  1.0;ok
39885980091270;6.793393155968177;0.014555069300917472;-0.2593719026145964  -0.9522371638097934  0.1611539636297047  4.875904594419363  0.67744050298075  -0.29831268109238035  -0.6723718533822372  5.395099556190896  0.6883317376492772  -0.06522214469760457  0.7224579508772616  -3.834970876643767  -0.0  0.0  -0.0  1.0;ok
39885980091301;9.237550092631151;0.06620813415954727;0.11042467556263942  0.023688546940004596  0.9936021556794036  -2.816950917124705  0.7193540711437715  0.687929498338998  -0.09634690261724851  3.4467648978892305  -0.6858105506302518  0.7253908312481805  0.05892393898328054  -2.01021542042625  0.0  0.0  0.0  1.0;ok
39885980091332;14.314334062580222;0.01797411795349136;0.4365583633709784  0.20116048950533433  0.8768986559647737  8.769191786560338  0.8571291794367589  0.2031963692008899  -0.47332948915279444  7.742378704288473  -0.27339781478446856  0.9582513725560486  -0.08371345092353827  -3.7983486918330454  -0.0  -0.0  0.0  1.0;ok
39885980091363;4.939595963032118;0.02797283178862396;0.4146678940147083  0.902851877764321  0.11361788807598674  3.183935971946063  -0.9098416472878238  0.41348359226941267  0.0349212798242279  0.3821908985781506  -0.015450389444485763  -0.11785502000942996  0.9929106101379873  -0.6654567020623626  0.0  -0.0  -0.0  1.0;ok
39885980091394;15.273466798993145;0.01136461594956325;0.10673757654210093  -0.9185359108389846  -0.3806558422684648  0.959579577340988  -0.8795812260585808  0.09128366997806406  -0.4669091542908737  -3.671104832608582  0.46362048759648483  0.384654484043188  -0.7981835449232628  8.774493010479564  0.0  0.0  0.0  1.0;ok
39885980091425;8.06198539416402;0.01342864217620914;0.4479229410199497  0.8668032992116772  -0.21912799771774705  -0.512419566560567  0.2140641977271775  -0.3419348160919161  -0.9150175412502252  -4.5297501687094375  -0.8680677151924604  0.3629498891306317  -0.3387120012940249  -1.0941580270680615  0.0  0.0  0.0  1.0;ok
39885980091456;10.977064992754894;0.06865063434813923;-0.7326297461481434  0.6805362163034961  0.011140617497705833  -3.7559764803379356  -0.6728546047917174  -0.7266326931086177  0.13882222486438758  -1.146429325546937  0.10256868854329458  0.09420927557856212  0.9902546523624474  -3.5456692360305904  -0.0  0.0  -0.0  1.0;ok
39885980091487;2.767744523025431;0.009976971478013349;0.9023150913907401  -0.3664836645391851  0.22697400616469685  0.2882806951100307  -0.3847759439023795  -0.4473234276013063  0.8073718004197641  0.9368892774805916  -0.19435778564944275  -0.8158378973453908  -0.5446407774051595  2.790825206467767  0.0  0.0  -0.0  1.0;ok
39885980091518;6.6339837111177165;0.02925032036884466;-0.8971261833886262  -0.4414871299715284  0.015928752244324114  10.247837628650595  0.43796183271242245  -0.8935323594012268  -0.09894117338122467  3.68290752787254  0.05791411024728069  -0.08178653172974414  0.9949657878851342  -2.123438642133922  -0.0  0.0  -0.0  1.0;ok
39885980091549;8.72791924372333;0.014634052310306614;0.48237864267669306  0.40281651586032907  0.777849406787417  -4.959353488980769  0.343757107931025  -0.9038105352787851  0.25486774426351955  5.796907152258699  0.8056934254642314  0.14444850594319902  -0.5744499397636739  -0.2316565644296794  -0.0  0.0  0.0  1.0;ok
39885980091580;11.404884011730314;0.013536060078171465;-0.011017906238977571  -0.968570805246215  0.2484938650486329  12.84093270005437  0.949741902573907  0.0676117648262851  0.3056451664142112  -4.728992381911989  -0.31284009371786875  0.23937260595518098  0.9191473392665738  1.6944753295499257  -0.0  -0.0  -0.0  1.0;ok
39885980091611;5.185738995238877;0.0123202713908153;0.968467411921863  0.004986377005623997  0.24909036129430145  -1.3170189759474493  0.17322252462446994  0.7051171268889822  -0.6876072965949033  3.5343798518233256  -0.1790665491042165  0.7090733201948753  0.6820192061663088  -3.1399203165297718  -0.0  -0.0  -0.0  1.0;ok
39885980091642;11.452810801369598;0.01298458021816888;-0.9885979671549332  -0.04150394658098314  0.1447462668096722  6.699258836790884  0.04093213087913929  -0.9991379128675643  -0.006927606537666879  1.1825433605889948  0.14490900592726075  -0.0009238446030664508  0.9894445545417507  8.847906057102085  -0.0  0.0  -0.0  1.0;ok
39885980091673;6.84357315400721;0.016133538883452463;-0.6756370165647844  0.5097081636647969  -0.5326464209406612  4.4621292958009855  -0.7232345750140979  -0.5983820693226849  0.344776229774151  2.1810401465246056  -0.14299080862633962  0.6181718911488622  0.7729276432123675  5.405665659210372  0.0  0.0  0.0  1.0;ok
39885980091704;11.97004270038415;0.043512960265795146;0.08836781050669268  -0.04298158970578867  -0.9951601444052199  4.078137247967629  0.9960594789422323  -0.0037357765134299254  0.08860901976193777  -0.8555855369073566  -0.007526252426210265  -0.9990688799678461  0.042482097455422654  -10.1957139105972  0.0  0.0  0.0  1.0;ok
39885980091735;9.206758517908435;0.006782689666322987;-0.6650362059114243  0.2003756844939792  -0.7194278489817487  7.743172637619191  0.7385942001465668  0.31898064355741274  -0.5939107311251013  -5.197300654110137  0.11047828898381178  -0.9263373759593577  -0.3601299953682578  6.819613121783966  0.0  0.0  0.0  1.0;ok
39885980091766;2.598811728309922;0.02399584834858756;0.8174174277037801  0.14852419706866762  -0.5565692335830659  -0.9313634112026271  0.251906238714006  -0.961072974376343  0.11349883180178835  3.332883525359857  -0.5180463259044467  -0.23297918535464934  -0.8230119703919179  0.8985279825573356  -0.0  0.0  0.0  1.0;ok
39885980091797;12.542227557622743;0.012440445923806415;0.7578389926764808  0.35150467145866215  -0.5496585550337905  -2.1191907947945037  0.6266304818662024  -0.6267532648906157  0.4631571916154217  11.130993777616002  -0.18169837746999126  -0.6954313847474043  -0.6952416045757621  2.9473983221527633  0.0  0.0  0.0  1.0;ok
39885980091828;9.47715700246654;0.013057358844350206;0.5253352444598435  -0.8478284369341953  0.07217909984223216  -2.366446646409438  0.8505633740467228  0.5208682664766761  -0.07237538053673774  0.43957537750003367  0.02376610314230952  0.09941423692460571  0.9947622740324078  6.089870669115953  0.0  0.0  0.0  1.0;ok
39885980091859;14.228056617716064;0.011816834820857899;0.24647715306943277  -0.16712502463473275  -0.9546298964287818  12.148088954798542  -0.9069155666239764  -0.3870615324391054  -0.16639568840869298  2.547748142559326  -0.34169162709949225  0.9067814489978998  -0.2469701109919372  6.58980214109192  0.0  0.0  0.0  1.0;ok
39885980091890;12.934736653014653;0.018471129129379375;0.5167704845067678  -0.07051917742365475  -0.8532146927697212  6.533653781728476  -0.8016822888372899  -0.38957745020999796  -0.45335959022886335  12.163846819090034  -0.30042265911087046  0.9182899628675932  -0.2578561032618502  -5.3964475561916325  -0.0  -0.0  0.0  1.0;ok
39885980091921;11.389616762246979;0.011205630352577127;0.599148556249621  0.052895242691255166  0.7988886661135137  4.583248929994085  0.5770777179353737  0.6631265871602535  -0.47670162246807746  0.44313283685059485  -0.5549795626926246  0.7466359371888205  0.3667866713658968  9.256234727492679  -0.0  -0.0  -0.0  1.0;ok
39885980091952;7.751231368250753;0.012897736630714278;0.5940793532906052  -0.5204866973917044  0.6133215468513179  -1.8415955229481447  0.3558910970679056  0.8538377257051879  0.3798719062926265  -3.9184422354752266  -0.7213953486276576  -0.007398378259293931  0.692483945646044  -3.031499220374844  0.0  -0.0  -0.0  1.0;ok
39885980091983;14.851121124669065;0.010141988463173258;-0.7945529362231235  0.29617263046052683  0.5300635853417068  4.838545230068275  -0.4641633631013356  0.26653477804252257  -0.8446961491851855  1.2858863087633576  -0.39145626051152965  -0.9171919019812135  -0.07430350628613816  14.89785614716383  0.0  0.0  -0.0  1.0;ok
39885980092014;8.09691717384987;0.006727903367201977;0.07570184691999758  -0.26319323063280053  -0.9617684511991281  6.779697709122541  -0.9624408578845581  -0.2714874976086754  -0.0014607246882911004  4.506217881188376  -0.2607236572452459  0.9257558328151377  -0.27386002366430623  5.029111550127837  0.0  0.0  0.0  1.0;ok
39885980092045;7.770476372289854;0.006742624337965712;-0.8253678864956623  -0.4663372465222637  -0.3182725631400174  1.2154041546218557  0.5196048190747058  -0.8479184234025141  -0.1050960477322322  4.54126731389943  -0.22085896843013927  -0.25211886038261105  0.9421557176514658  -3.154459058262426  0.0  0.0  -0.0  1.0;ok
39885980092076;16.718631862778135;0.011632786702851063;-0.5346615706706834  -0.4497800184089124  -0.7154264042429764  -0.3020304579074347  0.5317761862034949  0.4788875685921332  -0.6984846343583946  -13.896322788755363  0.6567732429345927  -0.7538996164530076  -0.016860476778105208  1.8588497417275411  0.0  0.0  0.0  1.0;ok
39885980092107;10.262899426928634;0.007920282158304752;0.6569385154826481  -0.6523661389131241  -0.3779552985143036  -3.838652145286627  0.17097653033636936  0.6171499256210758  -0.7680449175536773  -6.458905986002222  0.7343015817425365  0.439936802399482  0.5169688549080378  -4.275071946508941  -0.0  0.0  -0.0  1.0;ok
39885980092138;15.257229419744425;0.011250035449309812;-0.11163190214354562  0.9937250060417144  0.006995054768168299  4.479501235314841  -0.9925893247934633  -0.11115874350229445  -0.04909344201671662  9.567072166871602  -0.04800781946591099  -0.012423611004329366  0.998769694754372  -10.815664947580832  0.0  0.0  0.0  1.0;ok
39885980092169;15.992191385092843;0.011737816992040694;0.1368550277385093  0.5928009923878128  -0.7936357381108268  -7.483848075138468  0.40066306915901045  -0.7658404113705963  -0.5029488734690614  1.391766393358757  -0.9059469114659944  -0.24914944859610047  -0.34232257575200226  10.134262449785222  0.0  0.0  0.0  1.0;ok
39885980092200;6.917432320039796;0.07414238144269492;0.41098201250781535  0.8940730447481413  -0.17812123974926303  -0.7448651470201408  -0.909535631253954  0.38885029351516914  -0.14676642910637613  -3.4751436432463048  -0.06195741178016276  0.22232597663780676  0.9730017673352647  -2.5937935738541467  0.0  0.0  0.0  1.0;ok
39885980092231;11.63978213050849;0.009708139751942062;-0.887791696693005  -0.18062077561481263  0.42332261775064656  1.0504947286796686  0.08457121033164904  -0.9681352640632277  -0.23571555073915873  2.772109374666238  0.4524086799189384  -0.17346540258370977  0.8747777663158083  -9.976154662255498  -0.0  0.0  -0.0  1.0;ok
39885980092262;5.191873642222159;0.013026879601344453;-0.4504233316151454  -0.6500752095639075  0.6119812450125874  7.783250313096039  -0.29330240824210035  0.7551480815875043  0.5862807110882076  1.754909920061717  -0.8432630192627308  0.08457893818885606  -0.5308049392750116  4.689501483945043  0.0  0.0  0.0  1.0;ok
39885980092293;17.8683780302977;0.010236569455498694;-0.2935852394387914  -0.8294860814379703  -0.4751426605603286  9.998788141510547  0.8209829467652086  0.03583037616566902  -0.5698273293415648  10.590421095182345  0.48968837877203214  -0.5573769145241909  0.6704746578738909  -8.239475778504703  -0.0  0.0  -0.0  1.0;ok
39885980092324;2.5378082800465176;0.006566519495662179;0.9279322042140301  0.20858429185675267  -0.3089246147090075  -0.2534141994487226  0.07319957693245623  0.7106659627758114  0.699711162758491  -1.2911697168813092  0.3654909661255681  -0.6718976726723701  0.6441815513797743  -1.5722737088460323  0.0  0.0  0.0  1.0;ok
39885980092355;4.721106299632293;0.00723781105723643;0.5354045991745794  0.8356120253740891  -0.12285950607470267  -0.7832695840496521  -0.8444405882401785  0.5324002315144436  -0.058907439393905206  -0.35197814992790083  0.016186664736379253  0.13528686755771432  0.990674242801908  1.971977564462386  0.0  0.0  0.0  1.0;ok
39885980092386;4.150156398285817;0.007577475809912007;-0.08195127494850603  -0.9964721768219277  0.018088376214654395  -0.7835022127120027  0.953346728032714  -0.07308780386381152  0.29289620870827576  2.007134197287299  -0.2905408829814339  0.041247712010892536  0.9559731280586479  4.772259338020961  -0.0  -0.0  -0.0  1.0;ok
39885980092417;6.211588953303198;0.004219025287873642;-0.9449926338803576  -0.10106820533715737  0.3110854220014015  0.14884127326557695  -0.17534239259591233  -0.646339309903573  -0.7426308247252568  4.174692467056141  0.27612310166048243  -0.7563271212532973  0.5930643459069977  0.38225072682177863  0.0  0.0  0.0  1.0;ok
39885980092448;6.198581447326856;0.033018693501648405;0.5429238001688601  0.5137679626703988  -0.6642862543690887  2.8777490862637203  -0.6747035769622717  0.7378386084690964  0.01921642752185729  1.1043436146164733  0.5000088303665424  0.43776325609385697  0.7472312233636825  -7.586961715836771  0.0  0.0  0.0  1.0;ok
39885980092479;13.852347125351322;0.03174553658420036;-0.9667630185882792  -0.23349936600052543  -0.1041504295115123  5.346171715447966  0.19822200548736016  -0.9418041735448492  0.2715012619382697  -3.1825373135116606  -0.16148468172135938  0.24183247253182685  0.9567861583439088  -13.436000429269178  0.0  0.0  -0.0  1.0;ok
39885980092510;11.087356919905194;0.007811480949685858;0.5247480414241317  -0.7901693618699888  -0.3166573425384462  1.2806719753551974  0.8020298023541881  0.5835883616738933  -0.12717240366716048  -10.4309184470467  0.28528527679717214  -0.18723515610257177  0.9399762269132164  -3.7068526296128295  -0.0  0.0  -0.0  1.0;ok
39885980092541;8.13198811043238;0.004226248500404625;-0.6855248847688459  0.7111281665753101  0.15605243691111687  6.380144748931125  0.42852948663962875  0.567402095057218  -0.7031481647597869  3.3337795131585395  -0.5885729448785737  -0.41515249394399517  -0.6937076439891988  -1.9572172179235159  0.0  -0.0  0.0  1.0;ok
39885980092572;12.857597382515118;0.004183675716653145;0.41253717019480435  -0.06950482194469929  -0.9082852871945569  -7.046150936664518  -0.6500267112757295  -0.7209951831765234  -0.24006503382273545  10.312591802100222  -0.6381836395863834  0.6894454478511602  -0.34261730341824553  -0.494038589634945  0.0  0.0  0.0  1.0;ok
39885980092603;4.595426400726901;0.004331341311235198;0.6634461458116087  -0.18453234698864207  -0.7251117324403076  3.6351903107454917  -0.5953607550617894  0.4567880771713148  -0.6609767196251235  5.223302574652972  0.4531939793730472  0.8702255256363118  0.19319097181552264  -2.887738021559297  -0.0  0.0  -0.0  1.0;ok
39885980092634;14.955394496186754;0.004333655945880518;-0.33348925440832355  0.9427427948850639  0.004576012071695507  10.713709921312912  -0.2184406419658388  -0.08199194902998597  0.9723996124185865  11.243179472378532  0.9170979245051937  0.3232852347178321  0.2332767752728574  -4.170579715289276  -0.0  0.0  -0.0  1.0;ok
39885980092665;13.790322686089336;0.0034648008481765334;-0.4085625248857205  0.64962557611672  0.6411421637312779  -6.508856251415927  0.7920579777236976  0.6014111472885403  -0.10463647471761277  -6.743233691005772  -0.45356457443593673  0.46507122333262324  -0.7602551769272248  6.050658386167051  -0.0  -0.0  -0.0  1.0;ok
39885980092696;10.060575966549875;0.005650366727975366;-0.41985818050783796  0.8858490214990494  -0.19746042481931647  3.7660118759193195  0.839099989837718  0.2959630391462807  -0.4564176667413726  -3.6659272845021666  -0.34587615603708394  -0.35731973156890545  -0.8675784080511314  -6.584250486455321  0.0  -0.0  0.0  1.0;ok
39885980092727;5.0885328238275855;0.004552624775538224;0.2697435462219401  0.8919665995244972  0.36281400828016314  2.5570609600473824  -0.9279244805852602  0.14010938122382896  0.34543526111798345  2.425365210677272  0.2572830690157937  -0.4298429325064936  0.8654712449134484  -3.8772357709758922  -0.0  0.0  -0.0  1.0;ok
39885980092758;7.042514947121556;0.006440841959406521;0.7408584161757084  0.6609589381703525  -0.11942398935866849  0.0547255515313906  -0.5150477167810434  0.6731818610139434  0.530614767454168  0.15539172802410503  0.431108636680193  -0.3316013631674713  0.8391578393396687  -7.325140832822437  0.0  0.0  0.0  1.0;ok
39885980092789;9.837958892178126;0.0073523205141257176;-0.35250596900308856  0.5257029103906813  -0.774193768913159  0.9576545108544519  -0.19413538387528187  -0.8503813178584404  -0.4890430113649913  10.513580436577252  -0.9154512518669641  -0.022092176083596364  0.4018220267868605  4.383011975186302  0.0  -0.0  -0.0  1.0;ok
39885980092820;8.268718839568454;0.011454360489407577;-0.35001347041953346  -0.5736851598832704  -0.7405240764854172  5.391784032562443  0.927496778179266  -0.32304801676228867  -0.18812151746420094  1.000120139132143  -0.1313023114494079  -0.7526787602926365  0.6451622949401059  7.821781366692958  0.0  0.0  -0.0  1.0;ok
39885980092851;6.8936455006206945;0.003792866962687871;-0.7583833641211303  0.2717111587193634  -0.5924759229299519  8.070345129657053  -0.6514003872499287  -0.2837679769650203  0.7036712803147659  -0.3831010194149765  0.023069644881546843  0.9195916384333654  0.39219766701049885  0.9487845735996802  0.0  0.0  0.0  1.0;ok
39885980092882;8.701798953500287;0.0032360275447368375;0.030041105287571285  -0.574427817123004  -0.8180037988349449  -0.41037648116863606  0.8221306116953261  -0.4512600590767475  0.3470815702331676  1.8953617236861169  -0.568505751339924  -0.6829326775000236  0.45869834171934587  7.8493857894367105  0.0  0.0  0.0  1.0;ok
39885980092913;12.068994851548805;0.008148032247033294;-0.19661870171631282  -0.8971719119980909  0.39550429385416425  9.86067161194441  0.9153623134929068  -0.31251601893592906  -0.25386132621049373  -1.27086362891172  0.35135867880600913  0.3121158410432377  0.8826838508761613  7.126785614106577  0.0  0.0  0.0  1.0;ok
39885980092944;3.372320270673433;0.005987701268168951;-0.8604770634716747  -0.5094848494961187  0.002100326898281077  5.672081557059745  0.5069995059952603  -0.8558579332853095  0.10226778062108537  -1.4758281807644567  -0.05030630337964939  0.08906394425645411  0.9947546881888815  -0.7589710973352743  0.0  0.0  0.0  1.0;ok
39885980092975;6.497637263498034;0.011268539973106208;-0.9409033457882388  0.338625064447862  -0.005827487638612885  7.238805469348753  -0.3376068324045789  -0.9364306996090465  0.09549435346374001  6.976182177116617  0.026879743269676543  0.09181835632046659  0.9954129137420125  -2.994586278788494  0.0  0.0  0.0  1.0;ok
39885980093006;15.880192191604793;0.0052857839089908544;0.60515257437621  -0.4677851656079598  -0.6441796337691683  11.224352558153816  0.6073367247245899  0.7944192011213923  -0.006343160920043242  -9.226557951341311  0.5147159066190329  -0.3873953687472053  0.7648479350475903  3.3172370431785376  0.0  0.0  0.0  1.0;ok
39885980093037;17.265572118183027;0.008511017966444058;-0.9398166919802907  -0.11718025162152283  0.32095696612652025  -2.3143132585604707  0.24257168224789272  0.4327263896545516  0.8682780952367534  -11.40388189613655  -0.24063159486370664  0.8938773183868425  -0.3782588732956505  5.132353634019806  0.0  0.0  0.0  1.0;ok
39885980093068;7.330304072587055;0.005905479141705568;-0.0432397300747201  0.12549212565169002  0.991151881470487  -2.1639497673480035  -0.9262937245936145  0.3666603246608305  -0.08683399160527558  6.74147773608254  -0.37431305283352895  -0.9218524462835872  0.1003882750096302  0.9240017075883743  0.0  0.0  0.0  1.0;ok
39885980093099;11.7148593534829;0.0030162330025605044;0.31423687561704283  0.18713715241459036  0.9307173965219498  -1.8848794923065348  -0.24414245058098272  0.9633350088301141  -0.11126600822621784  12.192000548919125  -0.9174146553368061  -0.19226374319783426  0.3484035063325367  -4.92788985044126  0.0  -0.0  -0.0  1.0;ok
