# registration_from_features.py FastGlobal FastGlobal_config.json euclidean True --use_random_keypoints=True --n_keypoints=5000 --input_txt=/benchmark/point_clouds_registration_benchmark//eth/gazebo_summer_global.txt --input_pcd_dir=/benchmark/point_clouds_registration_benchmark//eth/gazebo_summer/ --input_features_dir=/benchmark/experiments/FCGF/KITTI_voxelgrid_0.1/features//eth/gazebo_summer/ --output_dir=/benchmark/experiments/FCGF/KITTI_voxelgrid_0.1/results/FastGlobal
id;initial_error;final_error;transformation;status_code
36535719080030;2.8719654907800902;1.8714408741995125;0.8909801066555348  -0.4276742667883128  0.15247678863083966  -6.418000344888978  0.181784137560609  0.6437346574008748  0.7433439434019238  -1.0144385182744533  -0.41606366925680927  -0.6345868044547218  0.6512991714538753  6.572547001978045  0.0  0.0  0.0  1.0;ok
36535719080061;2.8185456084080336;3.5090117534534757;0.8343909237882359  -0.1636125305839302  0.5263294843876181  -3.2351970955244624  -0.5117070028009456  0.12489375300606145  0.850033819176939  6.990241145952938  -0.20481144886037705  -0.9785869865760443  0.02048853630032647  4.446636473072145  0.0  0.0  0.0  1.0;ok
36535719080092;1.9001870719663094;1.2747857101967053;0.8616468307298347  0.13244908827382604  0.489920379356343  -1.5511158021249452  -0.38830083314247416  0.7936345710682391  0.46836591526945076  -3.4946644833744176  -0.3267831116720862  -0.5938024979913453  0.7352628042442692  0.7837724895190392  0.0  0.0  0.0  1.0;ok
36535719080123;2.152334886682317;0.197266455338733;-0.1490054685055624  0.9620494666136037  -0.2286005121252333  3.3567476334664046  -0.9885045424111221  -0.15090898122089944  0.009233039556447442  -0.8970428909253854  -0.02561522961089245  0.22734841801814068  0.9734765312202606  -2.4780780667909315  0.0  0.0  0.0  1.0;ok
36535719080154;3.7084111945439853;1.8671693944102599;0.8920179131454063  -0.42449792960881283  -0.1552596225215811  6.469739686279882  0.09029572261757944  -0.16921560829616258  0.9814340326205976  -0.8850307750253648  -0.44288906636389364  -0.8894760174770259  -0.11261300648027964  5.469667763579274  0.0  0.0  0.0  1.0;ok
36535719080185;2.3222284832250804;4.647642854479606;0.3513109692690672  -0.682818069684262  0.6405779317022154  -5.899400589551412  -0.6907672403215813  0.2728118532356266  0.6696374484992971  -9.772236581792539  -0.6319978026621101  -0.677741231183999  -0.37582655704920753  2.994081296802506  0.0  0.0  0.0  1.0;ok
36535719080216;4.7404660091141455;2.7790298003893956;0.5190432480305784  0.4719756781472499  -0.7126240705388153  6.765864111750784  -0.8304967473528019  0.4756631914719083  -0.28986148573961  8.979260574463215  0.20216146841147364  0.7422826197050564  0.6388640334010952  -9.035468672071275  0.0  0.0  0.0  1.0;ok
36535719080247;2.9917173628249674;4.297687153021312;0.021406500708148642  -0.965404569944623  -0.25987646691740274  -4.82501559121602  -0.841629948263079  -0.1577025332193548  0.5165161577365105  -2.407002199451994  -0.5396302362860335  0.2076630139101281  -0.8158892576444684  6.362141627838914  0.0  0.0  0.0  1.0;ok
36535719080278;1.8936058971638152;2.816322721667402;-0.27805576635695234  0.464212707666769  -0.8409468192676229  9.642196370096014  0.43344148870111276  0.8419098232196578  0.32142856973020906  2.5466017692370873  0.8572126146226559  -0.27512617397647343  -0.43530692818384664  0.9468500277790278  0.0  0.0  0.0  1.0;ok
36535719080309;2.0474131250721026;2.577701369115872;0.5531857989718973  0.7660495061782582  0.3273432844887306  -2.7551192784055734  -0.2315758541326779  -0.23604746446943323  0.9437447845155346  1.3371091332531033  0.8002237784510929  -0.5978710133478626  0.046820463473332026  3.3700918881420896  0.0  0.0  0.0  1.0;ok
36535719080340;2.643359974182583;2.261739904097798;0.2746435003703777  -0.20811234193482306  0.9387546009680645  2.6569033194253726  -0.5793027902101424  0.7434107825814957  0.33428832704165945  5.411098622520774  -0.7674498191797625  -0.6356332759350871  0.08361287918125355  6.532204452190642  0.0  0.0  0.0  1.0;ok
36535719080371;4.184735305781556;0.1953531312434519;-0.9850916646593901  0.09200622540753418  -0.1453590957073193  3.1984657994286207  -0.08977957110715175  -0.9957226344166233  -0.021818889115514675  3.7926759324564614  -0.14674481534421424  -0.008443328530694141  0.9891383469327812  -4.838768120038583  0.0  0.0  0.0  1.0;ok
36535719080402;2.5739270336253104;2.223563494039024;-0.2115984815579959  -0.5184088271812705  -0.8285399027825334  9.54402115761277  0.48619616921129133  0.6795663372307416  -0.5493658874985433  2.9158650015971537  0.8478439524149576  -0.5190779143860149  0.10825318078489775  -2.64972071594317  0.0  0.0  0.0  1.0;ok
36535719080433;2.734748311517099;0.3640873046498667;0.268410297875154  -0.306395458569776  -0.9132785637265268  8.479444516007788  0.6495050017747438  0.7577163565402317  -0.06331805193614332  -3.5721488177102376  0.7114064693718783  -0.5761837779729785  0.40238425582597503  -6.732601410152857  0.0  0.0  0.0  1.0;ok
36535719080464;3.7323423107611307;0.1840780811168364;0.3024059053809615  0.8921391281383166  0.3356165139490646  -0.9141481451125909  -0.9529469095800874  0.27519765502414945  0.12711584555423958  1.4712234274208429  0.02104414199916205  -0.3582653021349004  0.9333826211011799  9.381255819132573  0.0  0.0  0.0  1.0;ok
36535719080495;4.095283908390811;4.058910298432916;0.26261209905405714  0.757141154246903  0.5981405837895377  -11.258031797264541  -0.08603769582230225  -0.5990543655137708  0.7960724728669383  -1.6216062816327492  0.9610579588807379  -0.2605209007057988  -0.09217624405142563  -3.618673775413137  0.0  0.0  0.0  1.0;ok
36535719080526;2.3278553928468253;1.2664250877674739;0.7587726547915276  -0.48487449192550347  0.4349261838756119  -1.8336657431278478  0.6426131833361095  0.4482230803555101  -0.6214051551437686  1.4517920627121617  0.10635955501623034  0.7509945388061118  0.6516861573949111  -2.7441792028036547  0.0  0.0  0.0  1.0;ok
36535719080557;2.2194490343578286;0.9690698145797527;-0.18270293073379879  0.09956510054925329  0.9781137100837999  1.9593010923842358  0.6160882381372395  0.7869000950117266  0.034978897916997244  -3.9961431048150575  -0.7661950939090076  0.6089950995066811  -0.20510984093069368  0.1310891226239165  0.0  0.0  0.0  1.0;ok
36535719080588;3.796227498088121;5.205575650353527;0.9949868401932364  0.024022117012647164  0.09707793640425139  10.056649782916534  -0.004665950612936035  0.9808156647642208  -0.1948816580851031  -2.698725465910104  -0.09989703072241488  0.1934517243328474  0.9760107651073792  0.06350002863756433  0.0  0.0  0.0  1.0;ok
36535719080619;2.4973131938563013;0.3308928806055145;0.15017323842135263  0.5505291462217862  0.8211976970391196  6.249833611046791  0.7424758868477412  0.4856652664679537  -0.4613662388995015  -3.4094291302800808  -0.6528227599522743  0.679004350580261  -0.33582069022228833  1.2253316688929512  0.0  0.0  0.0  1.0;ok
36535719080650;2.045757500568744;0.5502306228410775;0.8194148654636219  0.5664088063462805  -0.08797921544669966  0.029148819653959792  -0.483215359602747  0.6000313171994913  -0.6375463391972614  -1.7131706493585737  -0.3083215764445015  0.564927855989794  0.7653720160977614  4.434667384334172  0.0  0.0  0.0  1.0;ok
36535719080681;3.422151150058385;1.786116334086867;0.8294674187845384  0.1362436206558192  -0.5416839272172539  -3.2717467035212935  0.22711399188297537  -0.9682738571148701  0.1042351779337061  -3.97998669051339  -0.510297007502389  -0.2094836830363758  -0.8340944494933541  8.960177083071871  0.0  0.0  0.0  1.0;ok
36535719080712;2.329822326641319;2.7546553561965843;0.09248625132421932  0.7142902007169644  0.6937116133349003  0.7083685435573269  -0.7374257984999584  0.5172794404860868  -0.4343099954607309  -2.264548221950394  -0.6690661290356072  -0.4713931369993814  0.5745772579620501  6.776239949025913  0.0  0.0  0.0  1.0;ok
36535719080743;1.5817497009913515;3.62785087117539;-0.16173064697911224  0.9853561201957809  -0.05400476109043351  -0.5530527251530724  0.7037362978271166  0.15352569427674417  0.6936750567213913  1.1409639547536072  0.6918080810082375  0.07418340508200358  -0.7182606779311664  2.548551320801797  0.0  0.0  0.0  1.0;ok
36535719080774;4.455523395855616;2.501075332360702;0.3047726970806773  -0.6583836906710044  -0.6882183657623476  9.790107736223895  0.6440735974233829  0.6747907399772751  -0.360314665734025  1.785421237203152  0.7016286797275824  -0.3334492061759169  0.6297053459232972  -5.176430349210187  0.0  0.0  0.0  1.0;ok
36535719080805;2.6623006804379994;0.4575390819523304;0.11597544429737949  -0.5530176758729102  0.8250582685435922  8.357792480872789  -0.4552756681677025  0.708664407161449  0.5389979814405286  3.4680444528783965  -0.882764839747527  -0.43813948486142745  -0.1695878224133014  0.872346030573034  0.0  0.0  0.0  1.0;ok
36535719080836;2.3641851278479833;1.9564864195742535;0.03869806756110185  -0.15783163889287966  -0.986707471002133  5.07891376368127  0.9109143951579268  -0.40035223057840513  0.09976500471090291  -2.3189884272787546  -0.4107766111417578  -0.9026667520382501  0.12827825421173064  0.2672714822727514  0.0  0.0  0.0  1.0;ok
36535719080867;2.3245937370798613;2.6215509740960403;0.8426064363008332  0.15829443643688162  0.5147399973749271  -4.805851955014994  0.10317366665257226  0.8906686049876802  -0.44279185922819947  0.7060397909194647  -0.5285542432086554  0.4262068834291987  0.7341512817558071  3.009112242081556  0.0  0.0  0.0  1.0;ok
36535719080898;1.1108467191895781;0.8324683670134668;0.9868735607813948  -0.04380819024373211  0.15543943353672884  0.8888154116271075  -0.11549631485987956  0.4812869313397128  0.8689208772813497  1.807531900662085  -0.1128768190747675  -0.875467721957338  0.4699096631549415  -1.234002062422143  0.0  0.0  0.0  1.0;ok
36535719080929;3.0133446968971027;1.8589806960379243;-0.3652471128675461  -0.452048164528842  -0.8137856004427858  3.765300179647913  0.5742478674566645  -0.797450018549594  0.1852372927807058  -11.165689572227272  -0.7326895203723026  -0.3996572592376575  0.5508540113997972  3.0052565240131908  0.0  0.0  0.0  1.0;ok
36535719080960;4.172447019856412;0.21311097074959467;0.19609286897073488  0.96237202338236  0.1881161219825985  -2.4842732831647556  -0.2819251610000004  -0.12840993731781514  0.9508044444538318  -8.998018346095067  0.93918357648223  -0.239480639319717  0.2461366146209644  -1.7293157001885409  0.0  0.0  0.0  1.0;ok
36535719080991;2.0023267432930947;1.384825341060516;0.6171994577842326  0.7401374205583896  -0.26694836204783823  3.6273473979252384  -0.5248994049729229  0.13458168698352665  -0.8404572470909742  -3.6591210802196232  -0.5861274980496307  0.6588507935927862  0.4715614358832123  1.4953833627564568  0.0  0.0  0.0  1.0;ok
36535719081022;5.2049478600741095;0.6951418568574715;-0.4558730342554025  0.36739993158578216  0.8106769189446162  -1.8999638467256477  0.37175400230122907  0.9061707705637975  -0.20162712205660877  5.383989541826551  -0.8086895191677633  0.2094560212707595  -0.5496812137426863  5.9721538129369875  0.0  0.0  0.0  1.0;ok
36535719081053;2.759339837400279;3.145681423614733;0.3024165603930125  0.010229842809459542  -0.9531209652064905  6.799577383399143  0.8170060437675294  -0.5178342752778756  0.25367062856146105  -1.8591430333423224  -0.4909636936142919  -0.8554197879775354  -0.1649595037852639  5.404078389759118  0.0  0.0  0.0  1.0;ok
36535719081084;2.627616704218367;1.9765720567714224;0.4017864063728838  -0.9080708093848642  0.11821627974640858  1.107298177661641  0.6531329276879199  0.3746558105349919  0.6580656520455795  -0.4043077396563746  -0.6418606253882299  -0.18719088860167557  0.7436225580230504  1.7643486125038412  0.0  0.0  0.0  1.0;ok
36535719081115;3.3642234081663633;1.0482013543364275;0.08364889916057633  -0.9680033337577811  0.23658488435030173  5.294012943645552  0.5048421441850215  0.24586030887362975  0.8274582273294733  5.931548339221821  -0.8591491553414319  0.05022205047969895  0.5092548227770838  0.6043127365619109  0.0  0.0  0.0  1.0;ok
36535719081146;2.4293434851076756;2.008048659500025;0.9543840411490481  -0.29770167466549036  -0.022908838935555356  2.0128452479370083  0.29354068809347306  0.9495441597107314  -0.11045249292276203  -0.4513850830678945  0.05463484633109473  0.09868942020604683  0.9936173468220907  -1.4183290473734196  0.0  0.0  0.0  1.0;ok
36535719081177;3.5423989428844522;0.8446385167917326;0.00590056636891921  -0.823174415441727  0.5677579282394007  5.339881153915254  0.8766316885520015  -0.26891439685164215  -0.39900116515165973  -5.295323013921875  0.48112583171452267  0.5000689241775459  0.720034030535307  6.00038588809084  0.0  0.0  0.0  1.0;ok
36535719081208;2.4968567701157345;0.36820266090684695;-0.2526286441464265  0.9672689476599733  0.023865268687074094  10.989909023712656  -0.307039178302196  -0.10353334872071376  0.9460485128629431  2.950936308053026  0.9175542006575144  0.23167138061366785  0.3231449523980015  -3.115268816590573  0.0  0.0  0.0  1.0;ok
36535719081239;2.6254413723760552;0.458280628162239;0.02122526843967078  0.9828923279962555  -0.18295398204402755  9.713181522561813  -0.5334979545159827  -0.14362878377678565  -0.8335170694101377  3.160861951741238  -0.8455349907052501  0.11529719873832045  0.5213224870041281  9.812113646820691  0.0  0.0  0.0  1.0;ok
36535719081270;4.852975213123584;1.5770224810625857;-0.5015638550364359  -0.06882064665831143  -0.8623789294240213  9.489140743619046  0.5575499038254309  -0.7879152586676063  -0.2613955812614515  -9.544913610621844  -0.6614921043105841  -0.6119258645884232  0.43356075950490064  -5.637321743784287  0.0  0.0  0.0  1.0;ok
36535719081301;1.4134837583742463;0.21250400867776778;0.9135240401778278  0.383165926569461  -0.13659319431562358  1.1669554068433359  -0.36882399437616425  0.6385425813282006  -0.6754496524561477  3.6952046572380066  -0.17158872104421735  0.6674183429805367  0.7246447862667085  -0.6075653236593003  0.0  0.0  0.0  1.0;ok
36535719081332;2.6207414559357245;3.0277431344351213;0.8331136475861936  -0.400137337689624  0.3818530623057613  2.931249298450636  0.17202173580055855  0.8435960260647537  0.5086789431654499  1.8837737403451087  -0.5256711639587905  -0.3581003431922612  0.7716436817520075  3.5024687861030026  0.0  0.0  0.0  1.0;ok
36535719081363;4.7790429741920475;0.9378564170606131;0.9715585220650734  0.22380924149686549  0.07735283849561153  8.107135833283419  0.14357394738875512  -0.8165196578115307  0.5591799084718193  -5.395026783077078  0.18830974439455211  -0.532170153078824  -0.8254298082442383  5.912556627600322  0.0  0.0  0.0  1.0;ok
36535719081394;1.4663573651430153;0.6861669858335058;0.8699432138120807  0.1994652123610835  0.45101267587514166  3.9314881398709516  -0.4867488965121286  0.4941936474923264  0.7203111484091123  -0.5354978188237215  -0.07921058317253125  -0.8461597176869016  0.5270098819543049  -1.865316374981687  0.0  0.0  0.0  1.0;ok
36535719081425;2.332117443040167;0.2833224419514365;0.5165210888467189  -0.8280918442447758  -0.21787579551635905  -2.567543458156349  -0.5387620292046631  -0.11652700062293976  -0.8343601944083233  -2.245205752576286  0.6655384591921597  0.5483478418131227  -0.5063330956149501  -1.6588679833015598  0.0  0.0  0.0  1.0;ok
36535719081456;3.9542146055036578;0.06393243332371074;0.9171434887246729  -0.29343958797795555  -0.2697054491426975  1.915586318113231  0.05167212084009546  0.7585381466803548  -0.6495766867419268  9.680295621051533  0.3951933868599304  0.5818187761133704  0.7108509680264323  -1.5455721072668476  0.0  0.0  0.0  1.0;ok
36535719081487;3.3533169379046845;1.4165169424406638;0.4230895515277028  -0.7004752896237224  0.5747430730462527  8.34123082637192  0.71292868277887  0.6488399790138033  0.2659687479847078  -1.3368017780843613  -0.5592208192291062  0.2972222236979101  0.7739063412847825  7.222884028876852  0.0  0.0  0.0  1.0;ok
36535719081518;3.0920879439740774;0.3822937890598456;-0.326831439193913  -0.8851007707055909  0.331327384999798  0.8963467758562625  0.8844139753023514  -0.4100242857548387  -0.222917036991629  -8.074513682194603  0.3331563156302579  0.2201742736733874  0.9168043185806171  4.006194393485696  0.0  0.0  0.0  1.0;ok
36535719081549;1.5294161413651834;1.7568931408951525;-0.4221447999181562  0.7833556328815141  -0.45623209042641977  1.5966902330445538  -0.7467595346161345  -0.015168455500632526  0.6649211347352532  0.7086109240050087  0.5139493801552366  0.621388662907947  0.5913815724619117  2.57201568407136  0.0  0.0  0.0  1.0;ok
36535719081580;3.0692450464075005;0.3739028989661074;-0.02490341921390564  -0.9977719745329405  0.06189431757516104  -4.133441018194698  0.6778142169873926  -0.062361604706282284  -0.7325837273023662  0.6870260488522248  0.7348113410673693  0.023709008732880375  0.6778570468348611  2.7065781702557503  0.0  0.0  0.0  1.0;ok
36535719081611;4.067373545893354;0.2942057511426894;-0.241210596456643  -0.9052932137431235  0.34965932749989587  1.8037898566316382  0.9231505107029003  -0.3251751069823236  -0.20507141289806324  2.5857041197406474  0.29935026765647704  0.27332278893221323  0.9141575741108932  6.697577357171395  0.0  0.0  0.0  1.0;ok
36535719081642;1.8617882493278746;2.1670725291458686;0.9077933033903537  -0.40571254406093143  -0.10634213610434787  5.7499999908524515  0.39597430212804713  0.7454652326572305  0.5361771525843925  1.2953448481256271  -0.13825943141006583  -0.5288467816777436  0.8373800876156876  0.9449851229426565  0.0  0.0  0.0  1.0;ok
36535719081673;1.5998785025075408;0.5723355849417837;-0.9474258827073453  -0.1690539081641704  -0.2716707067584402  3.3195727397255546  -0.3198859244102532  0.4803509039404865  0.8166614993054064  -1.2714419582502803  -0.007562548539222308  0.8606298770191384  -0.5091748448633476  1.600494508231355  0.0  0.0  0.0  1.0;ok
36535719081704;1.9756325052656099;0.30650294398106986;-0.5821476255293072  0.7988124221196102  0.151666925722093  10.458500927620006  -0.3441517862358571  -0.41107941912016827  0.8441405447000475  -3.8473303387755995  0.7366571048467917  0.43921797030999027  0.5142216296846286  -3.6244876617361417  0.0  0.0  0.0  1.0;ok
36535719081735;3.6039393451346733;4.369200607828171;0.9423766450392891  0.33440935623221857  -0.009830633186439739  -6.3985921622621085  -0.3329869729395796  0.9347175534270364  -0.12418845021946572  5.697879227463648  -0.03234091428870002  0.12030576785728057  0.9922099513123429  5.658018304848287  0.0  0.0  0.0  1.0;ok
36535719081766;4.290345428514503;1.7789599456225988;0.7121746677006703  0.4805348573170657  0.5117553063610647  6.168725196108858  0.09267215608543641  0.6582585825505138  -0.7470659341618148  -1.5268860571517655  -0.6958585446568263  0.5794669010408243  0.4242628859872456  -1.8342447761514686  0.0  0.0  0.0  1.0;ok
36535719081797;3.80649089162507;1.5256006842934913;0.2432497397359877  0.9524597880605163  -0.18343913499057685  10.75776352322611  -0.03888852091699163  -0.1793909705507681  -0.9830089331362862  -11.109421833441647  -0.969183804579536  0.24625034378162863  -0.006597054506875474  2.9833300787792036  0.0  0.0  0.0  1.0;ok
36535719081828;1.9802991795936433;0.06828172191056806;0.16342863852796852  -0.9834606899683481  0.07807785470845996  -2.377788149803245  0.9770940336707897  0.17228788350384547  0.12491651036875893  -2.075315201111826  -0.13630234581193917  0.055874470778220005  0.9890903467537311  1.9479834975607742  0.0  0.0  0.0  1.0;ok
36535719081859;4.6068693402346454;5.230434891348144;0.5977181093474595  0.42788514910561765  -0.6779729795006302  8.64631862881547  0.581177761241694  -0.8137757305038031  -0.0012125514818961687  8.972179561807861  -0.5522367894265934  -0.39329805442929094  -0.7350858240953523  4.302133943477877  0.0  0.0  0.0  1.0;ok
36535719081890;4.508629332811153;0.7870118050060579;0.399266742154828  0.07154981201751598  -0.9140386715064767  -1.4370262496143613  -0.7155312367328198  0.647645830689596  -0.2618586016345181  5.803651018850085  0.5732374009681085  0.7585746518244864  0.3097795663704864  -8.134017742204787  0.0  0.0  0.0  1.0;ok
36535719081921;2.2999981710951882;0.43588951235386814;-0.518592364715108  -0.6256964047550131  0.5827228915495278  4.373056294983475  -0.11295002978771682  -0.625424377637473  -0.7720664729333432  -5.740680108715968  0.8475283181287483  -0.4662063458742589  0.25366787939434604  -2.0489554421492424  0.0  0.0  0.0  1.0;ok
36535719081952;1.2152378562390587;0.1411775671663949;0.37046730337801625  -0.6933318640118786  0.6180978106041423  2.6737923636133942  -0.06457539668351031  0.644612054255242  0.7617777350723794  2.15312970646718  -0.9265980764446842  -0.3221276545946486  0.19403550931301886  3.1580543435773922  0.0  0.0  0.0  1.0;ok
36535719081983;1.4321260052918148;2.8885339089618;-0.8190789061158714  0.18398085455576027  0.5433790488351191  5.97832632450097  -0.3800363183247561  0.5355228502781019  -0.754180133379409  4.19468069285692  -0.42974660244170665  -0.8242368118368355  -0.368716063798228  3.2052109052380597  0.0  0.0  0.0  1.0;ok
36535719082014;2.1446172376713286;1.9164946794070326;0.001382746060769888  -0.5259525418442896  0.850512793402229  3.982395308494459  0.9942906895336979  -0.09002368259260139  -0.05728665882270014  -4.079313501354397  0.10669635757575502  0.8457361647109577  0.5228252355998788  1.3820459546242705  0.0  0.0  0.0  1.0;ok
36535719082045;1.9741406690068724;0.16424600472079515;0.5430251150912166  -0.8388701230967555  -0.03769139100387391  0.42057405581859203  0.832523052410085  0.5436933347917949  -0.1063152148507934  -5.8562610460180755  0.10967721543678084  0.026352879892172464  0.9936178511557757  2.5902784739776457  0.0  0.0  0.0  1.0;ok
36535719082076;2.7263856166451443;0.2458777333255512;-0.8932913440068225  0.34686957243264605  -0.2858532393429859  7.160781728093424  -0.34313193420426996  -0.9370507027793231  -0.064780059817909  -5.320107665688203  -0.29032921046929144  0.040217908214732895  0.9560813089937014  2.265440988055048  0.0  0.0  0.0  1.0;ok
36535719082107;1.536577084651521;0.8008473399868962;-0.37620548978454593  0.6240853069714759  -0.6848262254603646  6.9081888490012275  0.7606011191566112  0.6301031702638095  0.15638392615996796  -4.9255758728486265  0.5291080863053225  -0.46204710197750987  -0.7117282547155934  0.7347331141251717  0.0  0.0  0.0  1.0;ok
36535719082138;2.448192473659257;2.609194503612903;0.46063577720129273  -0.7149206734218678  0.5260257707338921  -2.8314822778964834  -0.8848800512459154  -0.4161620822538743  0.20927593316276025  8.23493880772601  0.06929628900010572  -0.5618696930856326  -0.8243181863350276  3.295985840128023  0.0  0.0  0.0  1.0;ok
36535719082169;2.751939271344588;4.5662728708673574;0.9911523261093396  -0.12366075549960626  -0.04821912480863486  -8.325989095748383  -0.020038993739360196  -0.4985416233469455  0.8666341145607575  13.492749226967858  -0.13120787010678178  -0.858000155792444  -0.4966087267479133  -3.1176014719041283  0.0  0.0  0.0  1.0;ok
36535719082200;3.495996902324403;2.243261455491814;0.3810442887253148  -0.7578071405509884  -0.5296542152761121  -0.44021358678157735  -0.7593167325876921  0.07034032368598075  -0.6469082921682985  -4.517057855939411  0.5274877720309472  0.6486760182045327  -0.5486128632871634  7.677390272935999  0.0  0.0  0.0  1.0;ok
36535719082231;4.028218031238248;0.23785947689016404;0.787490598063096  0.066009137432768  -0.6127816509472238  -3.8934367107680616  0.38534159593539474  0.7232252657019759  0.5731117425880136  1.368478266569309  0.48100978410442785  -0.6874503682635491  0.5440970306573305  0.47710736413767607  0.0  0.0  0.0  1.0;ok
36535719082262;2.352339194995012;0.37253695467350884;0.657180777427875  -0.4838522834165684  0.5779276716094035  -4.464065094601578  0.7519924827042417  0.47297470599505137  -0.45913204358354626  -2.2164514822012196  -0.051193082888248205  0.7363300179413216  0.6746831648580911  4.141939084127562  0.0  0.0  0.0  1.0;ok
36535719082293;4.915635355433878;1.0100631671321931;-0.9211509380064407  -0.31538210257457555  0.22806814504768655  3.953685917428876  -0.3404307323912  0.36886218108651214  -0.8648974550822147  -6.2266398617964  0.1886474644765843  -0.874342507682053  -0.4471435042654812  0.23664300508020053  0.0  0.0  0.0  1.0;ok
36535719082324;2.6136203318699214;0.271219245288324;0.23230318510521686  0.9726155947193529  -0.007357655787837681  7.131488740497039  -0.9726306884059104  0.23225478606192285  -0.006874468879508783  5.807489284963523  -0.004977364866701626  0.008753242830594928  0.999949302004323  -3.7791235070377516  0.0  0.0  0.0  1.0;ok
36535719082355;2.6932219088290648;0.5326672874127518;0.9598430926560948  -0.2473383924637377  0.1323818608943006  -3.3302910887425594  0.0901608467405037  0.7188267382659969  0.6893178817272215  1.8053743993154363  -0.26565439803515345  -0.6497013467488894  0.7122611184370932  2.0297511505855215  0.0  0.0  0.0  1.0;ok
36535719082386;4.785475193293865;2.372337964346055;0.20955697970740442  0.7608291068394193  -0.6141864069171862  9.441915696375961  -0.7743529041285148  0.5126713513825257  0.3708714943741964  -1.348849966788164  0.5970456030519317  0.3978783176519518  0.6965840884048443  -4.302056225416063  0.0  0.0  0.0  1.0;ok
36535719082417;2.477038884971137;0.2829781016972717;-0.9555043513696435  0.04031783631364585  0.29220866959873765  -0.42158648234784674  0.12098111935551638  0.9570282183859159  0.2635537098440539  -2.7375710324692464  -0.2690260271296522  0.287178448509048  -0.9193223240184977  -0.41998489567356057  0.0  0.0  0.0  1.0;ok
36535719082448;2.815184467780424;0.24744888638498916;0.7070767225463825  0.6232977660888337  -0.33397964492126725  2.000484277326414  -0.5918726871679418  0.7800990824923935  0.20281061037116913  7.419282826117968  0.3869486149576783  0.054270768220068155  0.9205028262309345  -4.922536918974599  0.0  0.0  0.0  1.0;ok
36535719082479;3.430440585461284;0.28922114865877646;0.6334708174538501  0.7616440097948258  0.1364299299201284  3.7938975874184844  0.7311715590890557  -0.6469144096925601  0.2165407530036921  -3.3954499200560377  0.2531854549804004  -0.037418563251209666  -0.9666938380431429  8.3983741799617  0.0  0.0  0.0  1.0;ok
36535719082510;3.752685809770862;0.16945958919976012;-0.4615705360762318  -0.8825885254787816  -0.08938755461186731  1.1775983110698292  0.8867356903814507  -0.46193230285853387  -0.01784272903859788  -5.027817702819613  -0.025543211036059447  -0.08749881295767234  0.9958370861245145  3.3985786201463704  0.0  0.0  0.0  1.0;ok
36535719082541;1.6713742885955687;0.4269474563069993;0.05130661762440485  -0.5543806000085235  0.8306803123477361  0.7504291627514874  0.8030595783088083  0.5173668265829143  0.2956803687058099  0.5355850621953014  -0.5936858973181203  0.6519154217271701  0.47174499280847043  1.4775682512218946  0.0  0.0  0.0  1.0;ok
36535719082572;5.705872389959219;2.0247601557142034;-0.5008746175787376  -0.6381811052061862  -0.5846789669751821  8.73429960961867  0.13564279188940334  -0.7250545305428112  0.6752014223532056  -17.42133971989181  -0.854824923872603  0.2588837667702547  0.4497260775505934  2.442516500675669  0.0  0.0  0.0  1.0;ok
36535719082603;3.111669804062568;0.5601263240054724;0.5064267538723759  0.02851333023613573  -0.86181142540647  -0.6699766020221861  0.8268437382064179  0.2675288807171931  0.49472995722013974  -3.4449175459518933  0.24466584467620864  -0.9631278668905028  0.11190771406755792  -7.219326316407236  0.0  0.0  0.0  1.0;ok
36535719082634;4.355140868473985;0.6840058374268211;0.9513915207975051  -0.2406663128708017  0.19218194505151298  4.766006334814269  0.1413314421701185  0.8955777949720125  0.4218599727482841  -7.921560785027263  -0.27364136677177253  -0.3741926495833956  0.8860588374306946  1.0240365203543351  0.0  0.0  0.0  1.0;ok
36535719082665;2.7201030154491477;0.2252951547444361;0.626688793430776  0.1779688563861612  -0.758675320769616  6.3101410369602355  0.5069269577486478  -0.8325247975593089  0.2234446709065435  3.125378940676212  -0.5918498252901493  -0.5246232434856792  -0.6119511718254869  1.4845367327144194  0.0  0.0  0.0  1.0;ok
36535719082696;3.2991237738734345;2.52271242353962;0.9028849617773288  -0.1296911767988785  -0.4098523447009626  3.4185266884375216  0.41592992146260194  0.022621823201734594  0.9091152586702865  2.1796777136987155  -0.10863262046212473  -0.9912963491184418  0.07436734495718159  -1.487854344147712  0.0  0.0  0.0  1.0;ok
36535719082727;1.2878238866021425;0.11108560288547291;0.8907225917136106  0.38020144435425635  -0.24911869926187277  0.9214331127085021  0.23708527190942996  -0.8562031515872539  -0.4590280351521938  -0.9388616250217307  -0.3878193373912937  0.34980426658774283  -0.8527796530302473  1.1139705425765223  0.0  0.0  0.0  1.0;ok
36535719082758;3.2221881761895412;0.2884522873869985;-0.6577287458718196  0.7183974553342646  0.22649060250512854  12.16096486060872  -0.7280629601609329  -0.6834244994841248  0.053434815865434075  -0.4610786812660591  0.19317666239890788  -0.12975380408345333  0.9725465168465162  4.099086864446416  0.0  0.0  0.0  1.0;ok
36535719082789;4.375691271181936;0.44709848677696057;0.12377467454574863  0.8201746681242432  -0.5585636433821873  11.226182543054062  -0.7426661888563655  0.4498894708161604  0.49603064016078596  5.271070587236494  0.6581236676116858  0.35343030121375446  0.6648009178041939  -9.127691376860005  0.0  0.0  0.0  1.0;ok
36535719082820;2.9711958970592893;2.0227878861994024;-0.682680441624142  0.4388793110705034  0.5842365659030145  0.13518858817119142  0.7043635712793315  0.6080282089722915  0.3662972243255093  -6.047001512133747  -0.194472039323115  0.6615789048996561  -0.7242195651273727  5.96266673254159  0.0  0.0  0.0  1.0;ok
36535719082851;3.748982682712409;0.2767213177767221;-0.5993490158478417  -0.7182959994945819  0.3533151770194748  -3.0182440595159874  -0.46724076180334106  -0.044467672331360626  -0.8830111531724075  2.803673811129929  0.6499744823542374  -0.6943151181038119  -0.3089655143552954  4.324643718278558  0.0  0.0  0.0  1.0;ok
36535719082882;4.963661102647681;1.548507564262977;0.3403070763975528  -0.9376768710888279  0.07037882621084612  2.7420159823233887  0.8793568413063664  0.3438631996703407  0.3293776640274263  -7.4133533473053  -0.33305050578168854  -0.05020144756420885  0.9415716516872306  -5.509801539278411  0.0  0.0  0.0  1.0;ok
36535719082913;2.817358654932551;1.8347444441242107;-0.9818194885457081  -0.1869089609430955  0.03309882522108464  12.133960432503736  -0.02720109125828203  0.31111347743184087  0.9499834234314971  -5.701827688678798  -0.18785790520018636  0.9318119147550332  -0.3105414029954108  6.217964837117512  0.0  0.0  0.0  1.0;ok
36535719082944;2.334751411184137;0.4456392045951573;-0.5481437936298595  -0.25151604779017434  -0.7976703950937866  2.7713263985037044  0.40192656509114  0.7571609755473357  -0.5149391161897152  -0.05475498212759381  0.7334803458710425  -0.6028656026115744  -0.31394210837139724  -0.47718499256907054  0.0  0.0  0.0  1.0;ok
36535719082975;3.599500676289258;0.19755755477869943;0.5608342187350472  -0.6134193045505262  -0.5560411278858767  -5.868327781667577  0.8159604787194745  0.5232996628002272  0.24569485155585677  0.5518887371540446  0.14026216975269928  -0.5915016650170294  0.7940102669476937  4.43247655966433  0.0  0.0  0.0  1.0;ok
36535719083006;4.488115034885534;0.5073454936964746;-0.7647428837611484  -0.0035424723741726456  -0.6443258279986612  9.32119417681911  -0.3747056567322566  -0.8110618494938293  0.44919299539117663  4.308848971278687  -0.5241793515100821  0.5849496791905494  0.618926393253141  7.17571514975901  0.0  0.0  0.0  1.0;ok
36535719083037;2.300426924388642;1.1565743994245279;0.2926872812564745  0.9002902748723254  0.3221980390396672  2.4797033551250847  0.5252520998478101  -0.43293882451310267  0.7325805115034648  2.3347516623721094  0.7990271503498237  -0.04518180164099386  -0.5995950448463653  -2.5588223252865325  0.0  0.0  0.0  1.0;ok
36535719083068;5.209340635066207;0.11988519910418671;0.5247974075561351  0.8511840900194776  -0.008563055533744214  -3.6257606783162926  -0.8511870116786108  0.5246483965623168  -0.01499103512859633  1.0553074408492689  -0.008267537238931283  0.015156018022676047  0.9998509603664426  7.48658856310444  0.0  0.0  0.0  1.0;ok
36535719083099;3.2857786138404523;1.4603583997431013;-0.7931785936846921  0.5969880758640044  -0.12030359843565898  8.820512649854102  -0.4895080321294313  -0.5074771430542065  0.7091183510235171  6.79659736237157  0.3622838735041174  0.6213470741491686  0.6947504648757838  -0.34765537909146077  0.0  0.0  0.0  1.0;ok
