# registration_from_features.py FastGlobal FastGlobal_config.json euclidean True --use_random_keypoints=True --n_keypoints=5000 --input_txt=/benchmark/point_clouds_registration_benchmark//eth/stairs_global.txt --input_pcd_dir=/benchmark/point_clouds_registration_benchmark//eth/stairs/ --input_features_dir=/benchmark/experiments/FCGF/KITTI_voxelgrid_0.1/features//eth/stairs/ --output_dir=/benchmark/experiments/FCGF/KITTI_voxelgrid_0.1/results/FastGlobal
id;initial_error;final_error;transformation;status_code
5494384560030;1.9653997219596564;0.9957231247963597;0.28271810151493443  -0.8397591934531603  -0.4635460841024199  7.541478051996864  0.9406484961747106  0.14813255648173995  0.30534759267831013  -8.7658859813363  -0.18775218166521127  -0.5223612186227855  0.8317979776116756  1.2749525838370594  0.0  0.0  0.0  1.0;ok
5494384560061;3.2470421696666185;2.168201492204595;0.6928509262512764  -0.4205879827866656  0.5857160939637843  0.14129981579040007  0.34676435775523445  0.9065255139187871  0.24076123609269234  1.121661488091015  -0.632227865712473  0.03629381971803169  0.773931963719633  7.003179035022535  0.0  0.0  0.0  1.0;ok
5494384560092;2.297685819693392;5.426282617269087;0.9024359947900769  -0.05338381894594608  -0.427503734699466  5.433171269210032  0.39236609954827756  -0.30797035463190675  0.866719738204437  -2.6397509047528427  -0.17792728636304267  -0.9498970620770664  -0.25697753252928435  9.019039086923716  0.0  0.0  0.0  1.0;ok
5494384560123;8.759025089926762;3.6825831328449237;0.7580868090271958  -0.6473960996087821  -0.07863002092265875  -5.87862458432103  0.6232947119499278  0.7547244299582367  -0.20468203848767463  2.8392039175330575  0.19185435109535295  0.1061570771806978  0.9756652002250727  2.0805405643286616  0.0  0.0  0.0  1.0;ok
5494384560154;2.6625673868786452;12.190677885505151;-0.6849683294306207  0.6518745728577667  0.32538888877546024  1.8227546554154979  -0.5188429583298092  -0.1229002529140582  -0.8459890734668113  -2.452459004927341  -0.5114883891825865  -0.7483014560290289  0.42240331276664694  2.6346938678050114  0.0  0.0  0.0  1.0;ok
5494384560185;6.621620892396294;0.5634332261492667;0.5852455662872887  0.7942672350011263  -0.16317838871841678  -3.239858379575583  -0.803933562702641  0.5946182518510872  0.010952685779895655  6.614498707393999  0.10572820768985583  0.12477457260685132  0.9865357835017778  5.315067354313227  0.0  0.0  0.0  1.0;ok
5494384560216;5.2200031515621825;1.997876456839135;0.8269722952688427  -0.48032771677443015  -0.29223638951377456  -1.0957707800941296  0.2636790189137944  0.7903922364213057  -0.5529498056691808  -4.77142506864477  0.49657849111942315  0.3802175654848013  0.7802848230321846  2.0952039820793087  0.0  0.0  0.0  1.0;ok
5494384560247;8.503686109037535;0.5566265105873945;0.8235346998571547  0.5572192097746236  0.10628899467645962  1.614120732589323  -0.45861035577272435  0.5437232437733794  0.702880911505334  6.099068081347317  0.3338669491117736  -0.6275920541551646  0.7033214584044036  5.915258296820863  0.0  0.0  0.0  1.0;ok
5494384560278;5.489767218869771;3.8487874816100387;1.0  0.0  0.0  2.244174147835105  0.0  1.0  0.0  -3.684178087965155  0.0  0.0  1.0  -2.028853144045642  0.0  0.0  0.0  1.0;ok
5494384560309;6.344090179496548;5.647392207694978;0.7914382494823065  0.23075683589844312  -0.5660183565420139  2.8702042095870106  -0.12929695608873906  0.968249781910445  0.21395012731139326  -0.34282698713654264  0.5974176046975594  -0.09614386364461258  0.7961460689351645  -4.140064823433511  0.0  0.0  0.0  1.0;ok
5494384560340;11.288142510784303;3.5367272319212555;1.0  0.0  0.0  5.1955153681898185  0.0  1.0  0.0  8.76777707990419  0.0  0.0  1.0  -1.519592987168875  0.0  0.0  0.0  1.0;ok
5494384560371;4.893298023722126;5.186021499785625;1.0  0.0  0.0  -5.384513559323767  0.0  1.0  0.0  -0.7068698666224722  0.0  0.0  1.0  2.7789330722690155  0.0  0.0  0.0  1.0;ok
5494384560402;1.640061358821845;0.47479782607172993;0.7203498518814376  -0.6933835086848588  0.017759526408791672  0.3213417052392257  0.6928098882422636  0.7205122404876378  0.029606925899605695  -1.6117182190875101  -0.033324910324439114  -0.009023369179935167  0.99940383687502  0.950180919304781  0.0  0.0  0.0  1.0;ok
5494384560433;4.064579359510598;1.315079714203337;0.34662768200585786  0.8048797194559848  -0.48168235101122386  9.344762165050449  -0.899648976709761  0.4306130211816245  0.07213975806662679  9.848109924309236  0.26548252065310063  0.40833939706730227  0.8733716093567437  4.950561507958993  0.0  0.0  0.0  1.0;ok
5494384560464;8.086453804333049;2.072137074935369;0.9227491111805731  0.29716329594864543  -0.24541404474153997  5.236344864539903  -0.28546282952692065  0.954805519873103  0.0828093725271367  -6.492047686927822  0.25893059064921015  -0.006355687279269705  0.9658750201062555  -3.574838019879882  0.0  0.0  0.0  1.0;ok
5494384560495;3.79668680245774;0.5162296865143233;0.6519370081309855  0.7556015552134833  0.06359581108992432  4.820977856682809  -0.7577771948018655  0.6522480116132289  0.018607911887264676  -0.6809561449039179  -0.027420074169041086  -0.06032264173222041  0.9978022441481136  -0.5371732443803463  0.0  0.0  0.0  1.0;ok
5494384560526;3.919459476654856;1.3710111641811145;0.9104105087193025  0.21289714133086185  -0.3547217399971576  -4.385493833851986  -0.17190842416618357  0.974574317589713  0.1437094053819917  1.7155425005307203  0.3762980192801488  -0.06985489752116944  0.9238615123372896  -3.5066444049851517  0.0  0.0  0.0  1.0;ok
5494384560557;4.769841275602151;1.6501720949386491;-0.16342713131427333  -0.6876741422587428  0.7073866317786118  8.117921444635147  -0.1838887219337113  0.7256941996689291  0.6629878328540114  2.609254117373284  -0.9692659648909445  -0.021730224011164374  -0.24505364039012142  1.6443632845781897  0.0  0.0  0.0  1.0;ok
5494384560588;4.0033637514024445;1.2509676664115614;0.6046964523791188  0.559348129767493  -0.5669848941600789  7.344747140495839  -0.5960018459100969  0.7900147570367633  0.14373059290180168  5.000131130526367  0.5283218717333854  0.25101066389648025  0.8110916387550674  -6.78088670520428  0.0  0.0  0.0  1.0;ok
5494384560619;2.5680413302481218;4.057935865897605;1.0  0.0  0.0  -0.5974272052974532  0.0  1.0  0.0  -3.3025861717974547  0.0  0.0  1.0  0.11803253107236533  0.0  0.0  0.0  1.0;ok
5494384560650;2.1252762310053015;1.123944568451231;-0.1314735376817058  0.9752359844613832  -0.17784679783761378  14.884478212418735  -0.991081516830575  -0.13324171679108401  0.0020178957785702265  10.235597674068  -0.02172868809352583  0.1765259740610446  0.9840561186210541  -1.68168149214439  0.0  0.0  0.0  1.0;ok
5494384560681;5.499161925361485;1.8356047876169452;1.0  0.0  0.0  -4.029108518974493  0.0  1.0  0.0  7.573324601908545  0.0  0.0  1.0  4.364990255429641  0.0  0.0  0.0  1.0;ok
5494384560712;3.9543429907625507;1.8328003459743842;0.8637476950267026  0.1441972145889063  0.48285306527023286  1.4868495472129393  -0.10586030244656479  0.988725672125378  -0.10590156583422644  0.3089650339812009  -0.4926799323110094  0.040357261862274195  0.8692742810603563  -0.7001170416756698  0.0  0.0  0.0  1.0;ok
5494384560743;2.252255054334342;0.6027919982259031;0.43421747378940745  0.8947899271103171  -0.10395273828936649  5.669234836980654  -0.9004619666452932  0.42795217608337  -0.07762204333048829  11.410842116652393  -0.024968621933082264  0.12731033472354286  0.9915486103017543  -2.582950440293004  0.0  0.0  0.0  1.0;ok
5494384560774;4.093777341873709;2.496790745948465;0.9437564763431662  0.330215081432306  0.01678431872273914  1.0536113906327307  -0.31863312165199725  0.9218648960263852  -0.22054035290750676  1.646823020927096  -0.08829862482867348  0.20278834648203817  0.9752334281516634  -2.128060797674992  0.0  0.0  0.0  1.0;ok
5494384560805;2.4081201720064747;0.3952277736495715;0.5888747920429519  -0.714122786020369  -0.3784905887639401  4.719277174683693  0.7003930895285658  0.6845904002010661  -0.2019542128631492  -8.432818890087947  0.4033311287726263  -0.14616644771987633  0.903304693956559  -1.8462703845607493  0.0  0.0  0.0  1.0;ok
5494384560836;2.3977526989083033;3.042520218658153;0.5740253211085438  -0.6069212448554783  0.5496740245539256  6.839439198818537  -0.7286089190453393  -0.6849142321010092  0.004640878480009532  4.455449560137523  0.3736629146889125  -0.4031613786172501  -0.8353663441733961  1.4469830639761083  0.0  0.0  0.0  1.0;ok
5494384560867;5.82100797182095;1.4375485259049692;0.5453873785345498  0.40807221724388476  0.7321404734399473  2.506916543070609  -0.6680420513642035  0.7391785398750059  0.0856440529013003  -5.366880737624019  -0.5062335675795502  -0.5358098092624954  0.6757480472437718  2.16693595061458  0.0  0.0  0.0  1.0;ok
5494384560898;7.426959109966299;0.15468965135365567;0.7183388057384985  0.4703298678709246  -0.5126199133458486  6.018618026704923  -0.6642957270793395  0.6825868515166227  -0.30460856376792544  7.8066733759174065  0.20664110712614567  0.5593433699661989  0.8027667452756975  -5.788698256047517  0.0  0.0  0.0  1.0;ok
5494384560929;3.2277640385532322;2.3320653811869576;-0.1586151611904494  -0.9651393160717063  0.2082002190516783  14.266064085715966  0.9691352061719374  -0.19249692393278284  -0.15401911061454157  -5.101338271181285  0.18872780081007054  0.17734439615915593  0.965883420684059  -7.006788239670609  0.0  0.0  0.0  1.0;ok
5494384560960;7.03502339552627;2.411619296866764;1.0  0.0  0.0  -6.614612385875767  0.0  1.0  0.0  -5.1516556094415895  0.0  0.0  1.0  2.4878076292602973  0.0  0.0  0.0  1.0;ok
5494384560991;7.791752238870199;3.0064670177078727;0.01220600248456528  -0.8079151104907648  0.5891724601031876  2.116725788814054  -0.2667088572515796  0.5652394974724642  0.7806219930034213  3.4327339244116595  -0.9636998490022212  -0.16666578754432887  -0.208578801164752  18.175455146884794  0.0  0.0  0.0  1.0;ok
5494384561022;4.731288337239354;1.830429439979142;0.5254841915388617  0.06171229308973564  0.8485622884175062  2.322028158173288  0.2931858464729324  0.9231427375389543  -0.24869568865791686  0.10908289379223639  -0.7986916951306686  0.3794721057083011  0.46700374422332813  8.87340737017272  0.0  0.0  0.0  1.0;ok
5494384561053;4.703195918816284;3.011251392876719;0.9901645690222557  0.041724424578203495  -0.13354099987115506  -1.2388384260320067  -0.10440194447376484  0.855761016995459  -0.5067280491358198  6.0100734768852035  0.09313624559250293  0.5156861004375779  0.8517003496373702  -3.138619031199941  0.0  0.0  0.0  1.0;ok
5494384561084;7.769594886748286;0.8589455923451215;-0.7490693837762292  -0.5018511737968517  -0.43248174256010397  16.71317844404174  0.6366023474551894  -0.36454923737675804  -0.6795890704996426  0.8134868629897155  0.18339168330009978  -0.7843782588055002  0.5925523079101193  -2.5206079019038135  0.0  0.0  0.0  1.0;ok
5494384561115;2.7618695788486547;2.3331859755082753;-0.40132865626535497  0.8816142509061362  0.24837798263827499  7.485825188081279  -0.8059716558184429  -0.4687431739719532  0.3615100646897363  8.388711409951178  0.4351379088030854  -0.055101265447481576  0.8986761657396757  -6.37285104147838  0.0  0.0  0.0  1.0;ok
5494384561146;4.978157980828911;4.027593396981866;1.0  0.0  0.0  0.7467684508520573  0.0  1.0  0.0  2.199258074969862  0.0  0.0  1.0  5.991712481657814  0.0  0.0  0.0  1.0;ok
5494384561177;7.540163639644457;3.4868537099695556;0.7672910267530967  -0.39312233757139564  -0.5066747556042035  -5.1725423683362735  0.49044944005228036  0.8687607102127046  0.06865985102752478  -3.3830001411117334  0.41318739939231136  -0.30118043776633163  0.8593989276757904  2.3632698424447587  0.0  0.0  0.0  1.0;ok
5494384561208;2.258030642572619;1.1315334625507656;-0.5462853016783255  -0.7398857660926985  0.3926084847575776  1.9718068037454828  0.7824641159046257  -0.2835415655112559  0.5543952452438777  -2.367106454559952  -0.29886832634425003  0.6100600247195734  0.7338286514898013  -2.9424879967912134  0.0  0.0  0.0  1.0;ok
5494384561239;3.8492329696698255;0.7204833966004266;-0.13530284009301585  0.9842895775708221  -0.1134335441931458  7.015367990601221  0.918742658585791  0.16750030809520533  0.35756897807657106  -12.130974880174298  0.3709515719841013  -0.055836137701902544  -0.926972090717439  -2.1960366260812862  0.0  0.0  0.0  1.0;ok
5494384561270;9.123550834747231;2.546351846950548;0.6299318667363684  0.751570883350769  -0.19577295668549413  0.6218083386995513  -0.7494009555753066  0.6543879981045119  0.10086900276886403  9.315387846864372  0.2039216787221284  0.08317184160588613  0.9754477913814943  -7.779413339695707  0.0  0.0  0.0  1.0;ok
5494384561301;4.160514649695006;1.104759217604712;-0.05400703946726439  0.6694858355051116  0.7408589310698795  4.034135022073977  -0.5181755240192086  -0.6530133864229735  0.5523292889751713  5.368690959315305  0.8535674349431335  -0.35406529512283713  0.3821784933694955  -1.6940081127152913  0.0  0.0  0.0  1.0;ok
5494384561332;6.482396831003189;2.2939389797760237;0.7265908007826756  -0.5740855395383622  -0.3774805975291176  7.293376443856075  0.5772224656026677  0.808040529756284  -0.11783347349018598  -3.898205166175836  0.3726661152044396  -0.13227356336068677  0.9184898861796449  -5.368546045768354  0.0  0.0  0.0  1.0;ok
5494384561363;2.945345827521586;1.6147520988459423;0.5320463362851277  -0.8353403089796292  0.13832304305281132  -1.3847194943592416  0.7819348972272605  0.5474092323858368  0.2981961582531542  -4.647026475857015  -0.3248145817905409  -0.050494559039229  0.9444288151913147  0.06222639920490981  0.0  0.0  0.0  1.0;ok
5494384561394;1.7737978589250467;2.691579400663214;0.5383628064295781  -0.5478899266534701  0.640298459255467  0.921633152153842  0.2135898413080682  0.8237095567455405  0.5252446532960239  -4.378077697099323  -0.8151962146276588  -0.14601093930840275  0.5604783111405961  -0.23230730094944846  0.0  0.0  0.0  1.0;ok
5494384561425;2.0770362960670123;1.863410837017814;0.638897114467514  -0.7468845177515833  -0.1843203577146826  2.436231593731334  0.7682781941419781  0.631767726567485  0.10304443737383275  -6.9941892206957945  0.03948535843857243  -0.2074441052687101  0.9774496660484573  2.6342170457870435  0.0  0.0  0.0  1.0;ok
5494384561456;3.2026873730298178;1.4068546880817336;0.7164147821595346  0.6375313210716117  0.28337902984517555  2.049135869276514  -0.2589727785433007  0.6201618373116579  -0.7404946964805301  -1.2109952580065326  -0.6478294218981324  0.4571138919294795  0.6093963652075858  5.475461918275418  0.0  0.0  0.0  1.0;ok
5494384561487;2.7650958552301788;0.31084214834681406;0.6361869122495059  -0.7651752271581329  -0.09885891171735772  1.5512394018119897  0.7329682283510365  0.5593994901838935  0.38707852770457796  -5.596514204985728  -0.2408812755495612  -0.3187147347166435  0.9167317650022365  -1.2111769965398718  0.0  0.0  0.0  1.0;ok
5494384561518;5.145762913418466;4.712535057308345;0.29212582859647557  0.49885501927139503  -0.8159694663494209  -2.176900909574148  0.6602252323757003  -0.722459021083738  -0.2053183026161508  -4.31423559137424  -0.6919285677013725  -0.478744851254258  -0.5404056111813286  8.96624013762644  0.0  0.0  0.0  1.0;ok
5494384561549;4.6377896203071325;0.5561215393162341;-0.9395565760213604  -0.3423353777973541  -0.006318984361350981  5.5891947641948905  0.3212746338082067  -0.8878352773807842  0.32944063184371963  0.5354389063762416  -0.11838940039724373  0.30749798267066625  0.9441551464283044  -4.855493052473451  0.0  0.0  0.0  1.0;ok
5494384561580;4.567914726536869;2.043588574324527;0.7789084246966174  -0.4610866575978208  0.4250891202111665  -3.5268950202448313  0.30515210789076674  0.870822321717988  0.38542272253658877  -4.338998123252385  -0.5478903694959927  -0.17049216457938657  0.8189924082862906  -0.6855560179165502  0.0  0.0  0.0  1.0;ok
5494384561611;3.9710273671971175;2.3599570675133514;1.0  0.0  0.0  1.9855253030571207  0.0  1.0  0.0  3.3043457546280055  0.0  0.0  1.0  -0.23979573418864053  0.0  0.0  0.0  1.0;ok
5494384561642;3.9300328799679396;2.027193742328533;0.15038361957113958  0.16042951934112937  0.9755240316305168  1.1396759830723182  0.18595800873068816  0.9645423751268171  -0.18729021750651256  -1.7729281120052123  -0.9709811460340515  0.2095718872098386  0.1152182196430165  7.0845284476818495  0.0  0.0  0.0  1.0;ok
5494384561673;1.856504570527757;3.9780721149075364;-0.12206772910559754  -0.9916411646715071  -0.04180035932786304  0.9831929389504979  -0.9652530529068171  0.12841292454505002  -0.22758880610403096  -6.0366289773783235  0.23105413513952408  0.012566675722847353  -0.9728597356742679  2.1263076816355406  0.0  0.0  0.0  1.0;ok
5494384561704;3.161923902897827;2.234596224708455;0.9295049800079715  -0.3682497881962305  -0.020312204060869362  0.25943166893270925  0.3687990171897343  0.9284841089413803  0.04364108572454764  0.9179354354795842  0.0027887381133738123  -0.0480557274085278  0.9988407630863754  2.931154454936941  0.0  0.0  0.0  1.0;ok
5494384561735;3.569181629467939;4.455159243230429;0.8333710572533225  0.2246418520024894  -0.505003682423574  2.5154781584323946  0.5515571763661093  -0.3970830419166907  0.7335596356270084  -2.3534794432967154  -0.03574020329436013  -0.8898657742328783  -0.4548203400436242  -0.48038408584891135  0.0  0.0  0.0  1.0;ok
5494384561766;3.9022771741523186;2.185870759894964;0.4139527234522737  0.5797570342781257  -0.7018011997364196  2.867244939031123  -0.752282378625712  0.6519750549663051  0.09486701487304393  5.419153039744618  0.512556694967186  0.48868221668760947  0.7060278503979844  -0.15573555125522687  0.0  0.0  0.0  1.0;ok
5494384561797;1.7821658772718727;2.5439799891258765;-0.895402675075459  0.31753514307137676  0.31213055342653084  17.220187617910508  -0.03528148086678338  0.6482092929868362  -0.7606444173155765  2.6799054630588506  -0.44385725923494757  -0.6920954741942378  -0.5692052248743801  13.566024137744714  0.0  0.0  0.0  1.0;ok
5494384561828;3.031970333042847;3.747440052501042;0.8867761641241905  0.030891449228351863  -0.46116564605980576  -0.02927792006344007  0.03908536311685578  0.989178088093741  0.14141797772996895  -0.2225891617076056  0.46054355834297517  -0.143430918562849  0.8759721470851723  -0.4710358951306434  0.0  0.0  0.0  1.0;ok
5494384561859;3.9115043062921147;2.5587568233118816;0.40962999128218214  -0.33307332769097037  0.8492734710462964  -0.3290129337576613  -0.15963976922145917  0.8904260807162914  0.42621184739885454  -0.32127050409271735  -0.8981750465945261  -0.3101669762580939  0.3115734785148318  -2.8444290801977927  0.0  0.0  0.0  1.0;ok
5494384561890;2.700280821168816;2.3678335348765285;0.5681278496526466  -0.36404898156923293  0.7380373198338039  -2.733706117152915  0.695302403200625  0.6920812058047958  -0.1938509032096941  -3.940834669747538  -0.44021053434975427  0.6232912189259395  0.6463147390067172  2.1561651951663454  0.0  0.0  0.0  1.0;ok
5494384561921;4.363288827751439;1.535584004760543;-0.0022603133012911226  0.45987239593158435  0.8879821340792419  -0.43287549336835346  -0.8626299306583427  -0.4500674109766992  0.23088726320244238  5.9247671751672515  0.505830498997602  -0.7654780891945077  0.3977169863696562  0.8255445452272003  0.0  0.0  0.0  1.0;ok
5494384561952;5.900960080460973;2.3902766877608843;-0.3753199423767707  -0.66096901837502  -0.6498114323422286  2.1836772617318556  0.8802622935726935  -0.03460648164961887  -0.4732237165886519  -8.596171970082253  0.2902985280163159  -0.7496147998647016  0.5948146067938842  4.439923530751812  0.0  0.0  0.0  1.0;ok
5494384561983;1.9280359265963185;0.16117577022445934;0.620635434140998  0.7419280786468896  0.25368165878507876  2.200497915904832  -0.7339341816671011  0.6635488982282708  -0.145063698562695  1.8863235850248234  -0.27595701634359154  -0.09615396910882276  0.9563483357832343  -0.45985797440256115  0.0  0.0  0.0  1.0;ok
5494384562014;2.290467177188447;2.274563517331865;0.9602809933281637  0.2789015373530068  0.008622430910413365  0.25890496023864445  -0.27901918042127505  0.9600955663435154  0.019099749856069603  -0.048945028631029446  -0.0029514080902756376  -0.02074695036996841  0.9997804025087862  2.21515985697144  0.0  0.0  0.0  1.0;ok
5494384562045;2.843775395138052;2.355339974478563;0.9046260044555043  -0.3885810138682743  0.17509022737998495  -0.13083577010809197  0.37313954468931976  0.9205932729240663  0.11521677844829532  -5.491867558978522  -0.20595793806483423  -0.0388950062097993  0.9777875568036353  0.6667463132345913  0.0  0.0  0.0  1.0;ok
5494384562076;7.910208896373804;2.9439526200639947;0.5607635905209982  0.5209282308641889  -0.6435666040393212  -3.680808480327056  -0.3857925781928445  0.8521348729068655  0.3535961608775135  8.402541937344731  0.7326037688664423  0.04999936664302785  0.6788164561779406  -7.004522390241179  0.0  0.0  0.0  1.0;ok
5494384562107;6.000656068192277;0.4465117247907648;-0.06301802337246351  0.9970466647568388  0.04389392927831813  10.858185015127138  -0.978362284495809  -0.07040206477939674  0.19455279373718007  3.060860984057622  0.1970684373672558  -0.030683832421324945  0.9799094516441653  1.4525123631704968  0.0  0.0  0.0  1.0;ok
5494384562138;3.161989247048879;2.23570301575286;0.9332247301981088  0.21609488321110185  0.2870446034968186  -2.934528430288372  -0.2869830259387294  0.9290054249032492  0.23364430941793707  2.2779818295372607  -0.21617665408113812  -0.30041957650977785  0.9289864004817127  2.6300194339876657  0.0  0.0  0.0  1.0;ok
5494384562169;5.267286062056453;2.1693679124938123;0.31324988687954897  0.9331133046341882  -0.17656179961876378  0.7307680709992281  -0.9373347121578537  0.27392100846181394  -0.21533907798450447  1.2697610641474713  -0.15257177246759526  0.23295244544311922  0.9604452157245448  6.866038039528059  0.0  0.0  0.0  1.0;ok
5494384562200;6.316421781002835;0.6167483301313355;0.5072957139857571  -0.8547782451070645  0.10956829040999326  1.9637977738423  0.7920394902481299  0.5125653436919871  0.33158741582484236  -2.009049088559255  -0.33959461783008676  -0.0814304619758654  0.9370403275223718  -6.194889220057392  0.0  0.0  0.0  1.0;ok
5494384562231;6.809241551181215;1.024951452005298;0.5504911691793533  -0.6850427787933029  0.47715392053162287  -0.759660501061509  0.7791346335951009  0.6268556869444962  0.0010818863027957524  0.6081751007134973  -0.29984778703231596  0.371171576186128  0.8788190744648924  7.3510620121253  0.0  0.0  0.0  1.0;ok
5494384562262;9.226605709293516;1.8457035632664818;0.4344387125337767  -0.27663911621063597  0.8571661475082841  10.458997168330429  -0.6243618774499624  0.5934178885817984  0.5079640297287576  2.203378227434114  -0.6491804456691166  -0.7558611042336545  0.08508078553661759  0.7172751298185182  0.0  0.0  0.0  1.0;ok
5494384562293;3.35198828640729;5.3466394508750845;-0.2451952845101733  0.9246168839680102  -0.2914839452444349  -3.291261936241923  -0.9665791866742534  -0.20993596400826228  0.1471447141560321  3.4775984660850345  0.07485952405749298  0.317821504774625  0.9451907441150059  -0.8085112325392572  0.0  0.0  0.0  1.0;ok
5494384562324;6.007210908334361;0.6150389613829599;0.9991470947922476  -0.03891160258377565  0.013819195076915062  3.334885863324932  0.028648260662295616  0.8942420269008365  0.4466659540252748  5.338791028794037  -0.029738193106453082  -0.4458890944042545  0.8945940729527091  -2.8331120355349633  0.0  0.0  0.0  1.0;ok
5494384562355;2.8594967283924566;1.2647602791978072;1.0  0.0  0.0  -2.555085085203478  0.0  1.0  0.0  -0.3332431477118586  0.0  0.0  1.0  2.3112811963087903  0.0  0.0  0.0  1.0;ok
5494384562386;7.555953592991905;2.077164449795017;0.658869090401913  -0.4086335405682561  -0.6315933432483332  0.0980151406464309  0.5306219603097205  0.8475929252772266  0.005154440518900161  -2.791128544713694  0.5332277721105911  -0.33853339944921934  0.7752827100531321  8.232480419567937  0.0  0.0  0.0  1.0;ok
5494384562417;3.909277903469262;0.44886175699333947;0.5265779644532909  -0.8164217942437274  0.23700443294605186  5.437572259059371  0.8399709104335593  0.5426234063843473  0.002951011566227127  -5.052272612698933  -0.1310134228911103  0.19752289165486278  0.9715040866072854  -0.18256933968284547  0.0  0.0  0.0  1.0;ok
5494384562448;8.322743061723811;8.083578494811274;0.3483448404907236  0.2682733914689202  0.8981565896508558  11.016651218402023  -0.33386619535006556  0.9308419781211509  -0.14854822573823295  -0.20582012724114485  -0.8758933928886349  -0.24811811541535633  0.4138214169140689  11.180904213958216  0.0  0.0  0.0  1.0;ok
5494384562479;5.142564597723577;1.1974644805296255;1.0  0.0  0.0  3.1029833755100173  0.0  1.0  0.0  -2.82097406495064  0.0  0.0  1.0  2.6081860790680493  0.0  0.0  0.0  1.0;ok
5494384562510;7.409784479444804;0.8481202884863465;0.34095720182632594  0.8328427984729951  -0.43602873707409645  -2.136979649676611  -0.933829335078442  0.24666288440785378  -0.2590756538205635  3.629032289110546  -0.10821718657272865  0.4955101356049818  0.8618345235850181  7.304987286351378  0.0  0.0  0.0  1.0;ok
5494384562541;3.4584512201369555;3.393455554533393;0.9813616921243742  0.18106546368700258  0.06437800160456358  -5.250753908324901  -0.18165575785442953  0.9833563470991323  0.003388252969342942  0.6950839013297337  -0.06269302089642277  -0.015019736337970394  0.9979198327777725  -4.142722307954525  0.0  0.0  0.0  1.0;ok
5494384562572;8.23556210803444;1.8108688909739656;0.7016803880811096  -0.3147609984037301  0.639194920870176  5.673419775908453  0.43960556701371534  0.8972667105686145  -0.040735679151431003  -1.7569074601019405  -0.5607063210209903  0.3095770727771439  0.7679651408611211  10.124280889750791  0.0  0.0  0.0  1.0;ok
5494384562603;7.97771549928889;2.1410457785560966;0.8404955308099015  -0.2940595914630342  0.4550782563001412  -7.933408150185894  0.41076903125951325  0.8935357988213586  -0.18128038830165297  4.639176170190089  -0.3533214763451335  0.3392974106787002  0.8718034190458455  3.8935106412451765  0.0  0.0  0.0  1.0;ok
5494384562634;7.765621830691003;4.522943564248643;1.0  0.0  0.0  -2.767945335586993  0.0  1.0  0.0  1.3360090304510224  0.0  0.0  1.0  7.5841509507730365  0.0  0.0  0.0  1.0;ok
5494384562665;9.270386005314265;4.801918354910234;0.34750165970512603  0.19854610996511132  0.9164180480107886  3.7146786980074826  -0.3877605692189815  0.9202726938845747  -0.05234414818675714  4.310975026580414  -0.8537472327692519  -0.3371611055684629  0.3967846411224839  -3.0631434159923767  0.0  0.0  0.0  1.0;ok
5494384562696;6.577937540194185;0.24763867315900262;0.38737685903677394  0.9195694313900984  -0.06581208046928011  2.034054346479552  -0.9073183486680864  0.3676128396371996  -0.20404463801847744  6.843351754037427  -0.16343984597710548  0.13875467915269168  0.9767469251347617  7.316109633284061  0.0  0.0  0.0  1.0;ok
5494384562727;4.59848726203546;5.052098285569906;0.8284243643654648  0.21772288856161617  -0.516052144964113  -5.2691194444363685  -0.31430291925897613  0.9433225858363761  -0.10656535082407767  -1.5000720678271349  0.4636019278119556  0.2504780286718966  0.8499023530274985  1.7745128429663228  0.0  0.0  0.0  1.0;ok
5494384562758;5.063388290222;2.665317318832115;0.9880137591288137  0.1337948575381065  0.0769918688467054  2.0526974847681947  -0.0885053323232564  0.8996283876357003  -0.427592762228664  -4.194226929553849  -0.12647378353833058  0.41565334144734917  0.9006867834164956  0.17186605178924275  0.0  0.0  0.0  1.0;ok
5494384562789;4.438629717023098;3.9082784697410973;0.8869165231962525  0.1034039482091753  0.45020740151204575  1.5701045974563663  -0.19974243661503077  0.9646455764892523  0.17193565882273612  0.31671088949492004  -0.41651175241109906  -0.24241810009665585  0.8762142573874069  1.4670180603569531  0.0  0.0  0.0  1.0;ok
5494384562820;8.161517273743991;2.411821079120454;0.7681700093368576  -0.18087976898851618  0.6141639405940982  3.631958908716438  0.3814361604644093  0.8997332810505992  -0.21210016138629098  1.9163603027117773  -0.5142191091797155  0.397193318348361  0.7601422074939899  10.31830047695799  0.0  0.0  0.0  1.0;ok
5494384562851;6.219799808788275;3.3043300752096494;0.2327564601075261  -0.9700551168384641  0.06940821690352554  -2.607463817994795  0.8521504532814117  0.16903102957902386  -0.4952455108446089  -11.052146655192688  0.4686832995216449  0.17441783548412793  0.8659759716149954  -0.39280029779744313  0.0  0.0  0.0  1.0;ok
5494384562882;6.86050681050468;3.974065024048474;-0.7759909558499768  0.2495455488355838  0.5792797730763499  9.562906484997429  0.5533327206007984  -0.17150199137453603  0.8151134689520774  -5.5941701994956565  0.30275557261850644  0.9530551327236599  -0.004997723234112468  -1.753410752485771  0.0  0.0  0.0  1.0;ok
5494384562913;3.2808971466396697;5.883082275307153;-0.8215368197853482  -0.5531920295363025  0.13804286361301818  8.497267329271304  0.2798380277681929  -0.6021680595987887  -0.7477194033953095  -3.424921218062921  0.49675741761123493  -0.5756493780562398  0.6495073991816256  -2.5099214672274033  0.0  0.0  0.0  1.0;ok
5494384562944;2.926015559566035;1.3181984040240566;0.777624532545399  -0.5764109826988258  0.25109851733477534  -0.425225356520286  0.2977199033949801  0.6893461795773349  0.6604276673676063  0.2853624136339015  -0.5537715643711163  -0.43880772979325045  0.7076615227406804  4.698145498961971  0.0  0.0  0.0  1.0;ok
5494384562975;7.45090069206603;5.507262764091658;0.8263014778860831  0.5440423127541528  -0.1457526314561283  -10.691461676230334  -0.5574658215785511  0.753066461994094  -0.3494606724532062  1.4997624778755254  -0.08035997396106813  0.370011980553076  0.9255449253451542  -2.5857211018486814  0.0  0.0  0.0  1.0;ok
5494384563006;1.7422069969351626;5.659120297866167;-0.8838999094351702  0.25937672341149776  -0.3891589205617867  7.20591632575523  -0.2178852728649044  -0.9646756431639355  -0.14807738299563036  1.7749287212220655  -0.41381995839867997  -0.04609358782481786  0.9091910817822346  2.9500109048437166  0.0  0.0  0.0  1.0;ok
5494384563037;5.728273913522797;2.30866971188618;0.9989717778753351  0.0009495454958861493  0.045326431272967  3.8655123273496264  0.0023269165908372017  0.9973890218681318  -0.07217842140218599  1.318511374981089  -0.04527662164706053  0.07220967677730897  0.9963612748957802  4.913997689276505  0.0  0.0  0.0  1.0;ok
5494384563068;4.596809114569144;1.5166059083384005;0.6087808488009736  -0.663917871826986  -0.4342797918414954  6.178415497358028  0.7842214440789975  0.5863637964212245  0.20291432894977832  -8.581094817091605  0.11992749801366091  -0.4641018829041911  0.8776256818854882  -2.5772390061479853  0.0  0.0  0.0  1.0;ok
5494384563099;7.571012982470478;2.263747624781667;0.7472078361785497  -0.05956602776054498  0.661915657686235  -0.25807371122635203  0.0961707133525682  0.9951833824332109  -0.01900603120198991  -8.019991931149917  -0.6575953493194929  0.07785835642770006  0.749337329170081  -1.9863764467854184  0.0  0.0  0.0  1.0;ok
