# registration_from_features.py FastGlobal FastGlobal_config.json euclidean True --use_random_keypoints=True --n_keypoints=5000 --input_txt=/benchmark/point_clouds_registration_benchmark//eth/wood_summer_global.txt --input_pcd_dir=/benchmark/point_clouds_registration_benchmark//eth/wood_summer/ --input_features_dir=/benchmark/experiments/FCGF/KITTI_voxelgrid_0.1/features//eth/wood_summer/ --output_dir=/benchmark/experiments/FCGF/KITTI_voxelgrid_0.1/results/FastGlobal
id;initial_error;final_error;transformation;status_code
2318808360030;4.969564550018172;3.0651017094635318;0.262726741005494  -0.9270664787592026  0.26743672807160745  14.28135241493699  0.8646760255846495  0.34921169397416424  0.3610907968514674  -13.660328554245828  -0.4281472063902376  0.13637791886045744  0.8933594085851037  0.20046684338310347  0.0  0.0  0.0  1.0;ok
2318808360061;1.6724101210514537;0.3891013818914549;0.26647699067164965  -0.960094497918143  0.08490328915825979  1.0265201900426553  0.9637721604940904  0.2664769994137442  -0.011542592429844982  -3.747063942880181  -0.011542794251644771  0.08490326172036501  0.9963223374240422  -2.456660072723277  0.0  0.0  0.0  1.0;ok
2318808360092;1.584883217651029;0.6144363786476464;0.37381046610983065  0.17014865131645343  -0.9117648665538408  2.936083216988346  -0.794640533512724  0.5657301516329952  -0.22021766058134515  3.0839575855226915  0.4783431382651614  0.8068449863440319  0.34668286673289367  -5.431059127416072  0.0  0.0  0.0  1.0;ok
2318808360123;2.8011658140671436;0.3616490536374656;0.6828773483957863  -0.07407246383823969  -0.7267680490699044  -3.277891619421741  -0.6245786891652841  -0.5752138500754425  -0.5282333648322125  -2.7512030811880495  -0.3789195008026316  0.8146424349260959  -0.4390645910673796  1.3344677861693148  0.0  0.0  0.0  1.0;ok
2318808360154;5.158117208596515;0.1423091664666983;0.727514942324734  -0.6858176071543566  -0.019396350463702507  -7.933657816853509  0.6858153295305711  0.7277336197877393  -0.007817442772961732  -4.9524892227154345  0.019476716230240557  -0.007615008056856379  0.9997813106760797  2.7815846491491674  0.0  0.0  0.0  1.0;ok
2318808360185;2.9373278081057164;0.8208297908283504;0.8337815208198934  0.022894638038697956  -0.5516196253654717  -2.894364094221759  -0.24542220067009582  0.9103637443432968  -0.3331753238214057  -3.224535903051645  0.49454657915864086  0.4131751305854801  0.7646633197088508  -7.250231025762872  0.0  0.0  0.0  1.0;ok
2318808360216;2.8192109211834575;0.6007694740797931;0.8555874904434255  0.2865816844315168  0.4310927792774024  -3.9465469988208017  -0.13450843132758236  -0.6810936500932065  0.7197353136428042  -0.3325454278963232  0.4998775130954723  -0.67378214428041  -0.5441875540201  -1.9096792260202529  0.0  0.0  0.0  1.0;ok
2318808360247;5.338906233558544;1.7183497483460213;0.9629679303733983  0.15629686257283373  -0.21969081870269705  9.457614049297538  -0.11906531481796485  0.9775920567228586  0.17360075299280361  -5.758390660626986  0.24190125233175525  -0.1410144013292909  0.9599993347591808  -1.8694824823122365  0.0  0.0  0.0  1.0;ok
2318808360278;3.9358878406157967;1.9351484188516073;0.9416909849502891  -0.3364329929032068  -0.00556148806930576  0.16858689045425035  0.2294549780036522  0.654168510483275  -0.7207038039038202  8.556370646518  0.2461066881104562  0.6774041638329986  0.6932208139467666  5.603509062628777  0.0  0.0  0.0  1.0;ok
2318808360309;2.1234453820707166;2.639913748643928;0.9019417254629307  -0.41855062785146807  0.10637901952025632  2.0557361898721163  0.4142269526468075  0.7687965202765644  -0.48720420986644153  0.40487038409450093  0.12213580789387239  0.48349486278117304  0.866784611131465  5.045322561945875  0.0  0.0  0.0  1.0;ok
2318808360340;2.3866042493559383;2.263145617686958;0.9973346262121721  0.0353688424306832  0.06381761781310534  -0.6254567582159468  -0.030921414630635264  0.9971109708877108  -0.06937995281496391  1.8393661472471468  -0.06608713547632662  0.06722169828619169  0.9955469520841552  6.706056696738259  0.0  0.0  0.0  1.0;ok
2318808360371;4.044074629937958;1.5507733952773362;0.8647154709136108  0.06716509672499292  -0.4977509459002319  -0.07234815188494136  -0.38863017877306893  0.7172626067695199  -0.5783605597523112  -5.708027209282423  0.31817249804070885  0.6935583628737502  0.6463304563289735  5.6987245259127  0.0  0.0  0.0  1.0;ok
2318808360402;4.2662430875772905;0.3169299122832896;0.7808553791283486  -0.6234939134690396  -0.03898995708362666  2.292843491434564  0.6025964794338192  0.7682034771738228  -0.2161964399152229  3.961443579083983  0.16474938500731626  0.14532294218433145  0.9755710546211379  -3.597030481703001  0.0  0.0  0.0  1.0;ok
2318808360433;3.0557917853126377;1.82584731681483;0.7947605797061025  0.3012250532055037  0.5268957090986441  -7.052012067294103  -0.534066589319934  0.7595137055714842  0.37136479265170674  6.633779568584428  -0.28832013304206483  -0.5765434921759275  0.7645057897179017  3.6026809132454702  0.0  0.0  0.0  1.0;ok
2318808360464;1.0653308809730693;0.5235281896289398;0.8881836890762455  -0.3810918280945685  -0.25670752427314897  0.8492363127705126  0.45893089045675217  0.7632668364428191  0.4547594684788221  -3.764807981987088  0.022631222757125802  -0.5217209550574977  0.8528159665545726  3.5627244601371175  0.0  0.0  0.0  1.0;ok
2318808360495;1.7172042102086578;0.5091708475604275;0.33642951159903506  0.9399113490348048  0.05815358699862552  -7.175377290433354  -0.939423338879495  0.33067296034250543  0.09021742440807362  19.380335775424264  0.06556656231446734  -0.08498264089739913  0.9942228003080421  1.6765952211253827  0.0  0.0  0.0  1.0;ok
2318808360526;3.6807220373796983;0.5879632573088779;0.7346297685766126  -0.4903389839225819  -0.4689208717543309  1.158616289162422  0.5468817355970454  0.8370061018542714  -0.018470320221379795  -5.354198712081634  0.4015463489952764  -0.2428754131329195  0.8830470334608891  4.945745579675861  0.0  0.0  0.0  1.0;ok
2318808360557;2.560279020018075;0.7662863172727226;0.9073947180488411  0.3709848646937915  -0.19749697674950598  0.667546259066557  -0.24745520014365047  0.8514280713458726  0.4624242243288203  -2.6529461912071524  0.3397068583042314  -0.3707296447444885  0.8643834686808246  -2.0296173928544565  0.0  0.0  0.0  1.0;ok
2318808360588;3.9226564362176193;2.1204155006497505;0.20529670887889118  -0.5696058240163716  -0.7958658596586029  13.380621619241731  -0.23390926746658675  0.7610639143148616  -0.6050356790479271  -4.332861926280669  0.950336632944738  0.3103722338972536  0.023007835814956985  -10.048769879129914  0.0  0.0  0.0  1.0;ok
2318808360619;3.5577362196516864;2.14701707247207;0.9674034528072905  -0.18413396172022553  -0.17385408720461212  9.791402892885833  0.23362288878451154  0.38398437880645464  0.893295215854535  5.341294884261391  -0.09772873340279303  -0.9047931702736466  0.4144857219418422  14.172996891838123  0.0  0.0  0.0  1.0;ok
2318808360650;2.026557361496415;0.4279962008841895;-0.2532318082993769  0.9661478699780479  -0.04931475035228659  -2.419092660625546  -0.9153423064445125  -0.2227943626053776  0.3354267938374992  22.84850011532987  0.31308483402788473  0.1300806108847298  0.9407746389936266  -3.4485389148567207  0.0  0.0  0.0  1.0;ok
2318808360681;3.2402694513344694;0.40315802404450807;0.4551854716200597  0.889438910974355  0.041286923726246934  5.3499040189911655  -0.8672891068125075  0.45339086679767343  -0.20553911333080901  9.05947141410776  -0.20153359925924227  0.05775071903628021  0.9777776141947649  1.8699195670178679  0.0  0.0  0.0  1.0;ok
2318808360712;4.183482302346372;1.3061045397591287;0.5998352896600023  0.4943924155016772  0.6291055275332724  -3.432642031684395  0.787094444888007  -0.5059136540386017  -0.3528933400954916  4.200316275541615  0.14380528538597467  0.7068433448450419  -0.6925983870493275  -8.031272744755135  0.0  0.0  0.0  1.0;ok
2318808360743;4.6928323050556155;0.6931793692715734;0.4138385659753072  -0.8155128391862837  0.40456946305155944  0.34502569388733445  0.8626840233464055  0.2093959343749315  -0.46035814159207383  -3.4661870167411086  0.2907127743570276  0.5395295652599361  0.7901860104026542  7.626018428365668  0.0  0.0  0.0  1.0;ok
2318808360774;2.6368253275423768;0.4057843672214389;-0.9932563093043291  -0.060882793953009315  -0.09866706354005289  10.100547548171084  -0.10849960680376924  0.18817532242596816  0.9761239077869716  -4.708130828548701  -0.04086244425592784  0.9802465676707863  -0.19351208545998652  1.4690963794704126  0.0  0.0  0.0  1.0;ok
2318808360805;3.822501238380734;0.4565472104338525;0.6032178567424151  -0.562101856271161  -0.565835418194729  6.900723952911065  0.7089939738649462  0.052960677647548686  0.703223088106685  -10.138290873966332  -0.3653159760129291  -0.8253706257189112  0.4304736552567341  0.05122872635859163  0.0  0.0  0.0  1.0;ok
2318808360836;3.8885550361159975;0.8212061228679569;-0.08481497347074021  0.974786112024121  -0.2063939342133258  -0.0727539978126737  -0.991734191948176  -0.06257171173572257  0.1120181833961001  14.834734655192362  0.09627934771309131  0.21418874082303868  0.9720357352014303  4.410581826496702  0.0  0.0  0.0  1.0;ok
2318808360867;3.4260014484993295;0.511615318107925;0.6632887008397319  0.4689291434358849  0.583226849326081  -1.0344752776039292  -0.5819310927645677  0.8131989190460899  0.00798256450670086  6.484075391359236  -0.47053618629407756  -0.34469258259898106  0.8122701034071553  0.39849555388580515  0.0  0.0  0.0  1.0;ok
2318808360898;3.99662055613861;1.6411102184283615;0.740118329690504  0.666855876535548  -0.08676461252228937  -10.32171677442157  -0.6468824886148123  0.7412556189435042  0.1791177079693304  4.374252246906633  0.18376045270852975  -0.07644179036813366  0.9799942595268964  4.519601859697045  0.0  0.0  0.0  1.0;ok
2318808360929;3.423510523147215;0.25947647850448635;0.28705575600324174  -0.008590780337089756  -0.9578753527670534  -0.22192484400472617  -0.26101428905967183  0.9614207148401034  -0.08684324949597275  -4.112927939879113  0.9216672576651956  0.2749480088481188  0.27373903371344993  -1.2034972613630934  0.0  0.0  0.0  1.0;ok
2318808360960;3.2303591939848126;0.2699166241787025;0.6456546015232975  -0.7554689355380447  -0.11134102105156947  5.10711534327795  0.6770440440186141  0.633764869862921  -0.3741035313740786  2.4203346075592282  0.3531876243453508  0.16615889131987321  0.9206789477579247  -6.9061078161691825  0.0  0.0  0.0  1.0;ok
2318808360991;1.4400202981915988;2.3435521377575346;0.9877427753890115  0.15595892490471042  0.006404951942178469  2.7826402833556116  -0.11370125999211624  0.7470104777456633  -0.655017075818944  2.548151942793352  -0.10694032514921414  0.6462601332905831  0.7555869288018537  3.219017621571211  0.0  0.0  0.0  1.0;ok
2318808361022;4.853359975936401;0.30900694301175474;-0.09402409037564158  0.47728265233140876  -0.873705179229544  -4.155266323115913  0.9939344348235264  0.09528427550225188  -0.05491125671525173  1.3090060225688367  0.05704217475754582  -0.8735686444839387  -0.48334668062729375  4.575493059824468  0.0  0.0  0.0  1.0;ok
2318808361053;1.3356595994763014;1.9876741597542733;-0.4059094064987755  -0.9108987888343153  0.07416839094918593  13.104749819441388  -0.1515319298390094  -0.012951375465168172  -0.9883675106522002  4.870950003694825  0.9012633510551051  -0.4124265490650916  -0.13277316623167087  -3.528799811275062  0.0  0.0  0.0  1.0;ok
2318808361084;4.199949712177371;0.44839319178649933;0.6063137736133302  0.7833993467639524  0.1366348104129318  -2.1716202589431157  -0.7927430091884928  0.608998215221757  0.02607096544986158  -2.3398914515762095  -0.06278637837571163  -0.12412347621029492  0.9902783615448407  2.9952525725106875  0.0  0.0  0.0  1.0;ok
2318808361115;2.9319105454862306;2.8211008153645425;0.9590325624519926  -0.1382989301189487  -0.24724471700062534  -5.319981180555736  -0.2446157223064198  0.035965776383772415  -0.9689528426758551  12.2932311709855  0.14289748968149785  0.9897372726421205  0.0006622580006524575  -8.599135571709748  0.0  0.0  0.0  1.0;ok
2318808361146;2.1018359827685917;1.33602622708713;0.3382809034165945  -0.07235207655989288  -0.9382596694951382  6.932716419071001  -0.6465072350006197  0.7066290802099523  -0.28758257612986954  5.237650188017093  0.6838087638188822  0.7038753582979805  0.19226298267056988  -8.066475834223915  0.0  0.0  0.0  1.0;ok
2318808361177;2.9797821204083887;0.7833371988529305;0.7126944445684408  0.25529304256140817  -0.6533697965937965  -3.109399771082586  -0.5759333016724976  0.744688944222998  -0.33725244013446626  13.412033395193657  0.4004590624594423  0.6166553646663387  0.6777674383756784  -10.22437689682597  0.0  0.0  0.0  1.0;ok
2318808361208;2.047594508282059;0.2743901699172983;0.030984442739132433  0.9406298356712383  -0.33801697672342806  -1.355237535458779  -0.8648391549545944  0.1947702350903707  0.46272863708686257  18.439951442991376  0.5010920078843489  0.277992927550222  0.8195283594034377  -9.171546166444218  0.0  0.0  0.0  1.0;ok
2318808361239;2.8811770696532393;0.9792490814240851;0.9639397424741718  -0.21042467690454508  -0.1629160158745694  3.638354018216179  -0.1564573369298533  0.0471006746248708  -0.9865610108709435  2.6995552477037688  0.21527023621402858  0.9764747727409548  0.012479727595447972  -7.174360242209052  0.0  0.0  0.0  1.0;ok
2318808361270;2.4139519301703216;3.5008883014259085;-0.19339914282267565  -0.9638546240379429  0.18325128997125728  7.3033291720626545  0.9805495279152532  -0.18351590483921765  0.06960270092615742  -3.3861119364740806  -0.033457358841177336  0.19314806856843966  0.980599015269571  5.16683559147791  0.0  0.0  0.0  1.0;ok
2318808361301;3.633939948710988;0.2709702053990777;0.833969138627763  0.5033033796609304  0.22623258792303344  -9.309348684658495  -0.3422267633613344  0.7933627073863693  -0.5034445917554311  3.023280987159413  -0.43286986295616886  0.3424344062013245  0.8338839003085832  -5.0387116894066635  0.0  0.0  0.0  1.0;ok
2318808361332;6.355512347551134;1.550338455821315;0.8850897312537944  0.4546006827973791  -0.09977167348121661  -4.81965196456745  -0.38177057026240147  0.8317489513662643  0.4030445553318396  4.085004072560612  0.26620931484567917  -0.3186407084810046  0.9097256177486255  8.199026312457889  0.0  0.0  0.0  1.0;ok
2318808361363;3.0049062450558113;0.20962519295622084;-0.993038662350974  0.11686294899581523  -0.014739953466319768  9.936667973344841  0.018312869095549838  0.27679321120554856  0.9607549932506256  -4.811438890577471  0.11635658082668565  0.9537969225063166  -0.2770064560904695  3.3467106911927296  0.0  0.0  0.0  1.0;ok
2318808361394;4.888364505047668;0.9864767668112087;-0.011768904725726  -0.8044004778676931  0.5939708444762126  15.815492313553149  -0.4777466744697784  0.5263508524523463  0.7033582978509283  3.8809961867883747  -0.8784188112253899  -0.2754898388850595  -0.3904942262780064  2.012070100737604  0.0  0.0  0.0  1.0;ok
2318808361425;1.9513800093892786;0.37112206943971054;0.607639844927294  -0.0268255660847517  -0.7937595403275278  5.463093994829192  0.5038868066659814  0.785545659525068  0.3591881162695724  -4.504546474231038  0.6138989370610561  -0.6182219713060655  0.4908458915685734  -4.295065168335456  0.0  0.0  0.0  1.0;ok
2318808361456;2.9799420916800283;2.4806650740250964;-0.3149203985656669  -0.4660587937520056  -0.8268097382915063  10.15737838148121  -0.15235314058261215  0.8846611660764274  -0.440639469170556  1.4748270622965893  0.9368103666814619  -0.012799296961956336  -0.3496033679406162  -4.764645068936603  0.0  0.0  0.0  1.0;ok
2318808361487;3.3327799764990607;2.0157235938251916;0.9270802187810941  0.24399547996933127  0.2845847390485526  3.841928333064066  -0.14265666605225763  0.9316873705258194  -0.3340774150306154  4.699735682858013  -0.34665738644323046  0.2691186529343876  0.8985565130069051  -0.0010579943478025784  0.0  0.0  0.0  1.0;ok
2318808361518;4.4213036334582645;0.7208216204397577;-0.8112584309250424  -0.5399483774097824  0.2243111856006805  11.261700057551934  0.23248446268363504  0.054120144976252775  0.9710931904397487  -1.5229241909388904  -0.5364799463761354  0.8399564034164468  0.08162418450414326  -2.0825397286135043  0.0  0.0  0.0  1.0;ok
2318808361549;2.6879622013693756;0.7958570805082428;-0.9211789958823011  0.1498706930260901  0.3591211953048084  5.677609368966179  0.3888182116018364  0.39195633430249716  0.8337809246600085  -5.8373717596319175  -0.015800502271274434  0.9076943358708521  -0.4193343972964151  2.854220730260765  0.0  0.0  0.0  1.0;ok
2318808361580;1.329810775815828;0.29937674804201186;0.5405941355807337  -0.7909355224550593  -0.2866687633741444  5.393229942830176  0.5561172642244318  0.5916499332549738  -0.5836813727633575  0.3238824602510095  0.6312618862304707  0.15611327873735273  0.7596953831600015  -4.530791001250998  0.0  0.0  0.0  1.0;ok
2318808361611;3.0580385862811856;1.0654085980602115;-0.6220846599856525  0.7737853647970744  -0.1194440665600133  7.110056570646564  -0.5110844569862387  -0.5168939213318012  -0.6867411098203718  27.254907909536886  -0.593130132127527  -0.3661651039027232  0.7170214522915549  7.084445282534685  0.0  0.0  0.0  1.0;ok
2318808361642;5.3800009482235644;1.4145517980788878;0.6379558368625644  0.6584000536267136  -0.3994017020461046  -3.9198730966379065  -0.7018101404340026  0.7105802528609346  0.05038085973952844  5.878849797545619  0.31697772318727424  0.24816340106557094  0.9153906539694288  6.83827139102654  0.0  0.0  0.0  1.0;ok
2318808361673;3.504208192072817;3.0944222163826813;0.7819608544621285  -0.5343333456832872  -0.32097522923079286  2.704197178499625  0.30489392051099845  0.7770110179125768  -0.5507209595411222  -4.457824801196244  0.5436698624388604  0.3327788360658877  0.7705071881185447  6.926919155438566  0.0  0.0  0.0  1.0;ok
2318808361704;2.519718137010217;0.39998053943093825;0.7878484511429796  0.5236391412361597  -0.3241864707187275  -1.768146787748223  -0.0229535692929927  0.5509887761380411  0.834196920532925  -0.026839818448629725  0.6154412658315329  -0.6497795151706158  0.4461150411904092  3.6171091800755755  0.0  0.0  0.0  1.0;ok
2318808361735;5.251465982301738;0.6965443074652684;-0.3793511544552084  0.3814781355830368  0.8429514420686345  -0.9902712850321733  0.43499103117949744  0.8776200627530433  -0.2014096031641543  -0.03175051289350053  -0.8166244573896241  0.29027135154099304  -0.49886575154811663  10.022525637677202  0.0  0.0  0.0  1.0;ok
2318808361766;5.291135375928377;3.2314140832497524;0.7599883580598422  0.3339193694566372  -0.5575980185717908  -0.08887620580659578  0.062433641704298395  0.8164510335269588  0.5740293984076945  3.286733134136408  0.6469310133213931  -0.4710685348804803  0.599645478135633  -5.129225856195138  0.0  0.0  0.0  1.0;ok
2318808361797;3.384830345230238;1.24842710066986;-0.003953768370158667  0.9960240689260759  -0.08899675182623175  0.5265925942369823  -0.9998040311801414  -0.0056636888056146905  -0.01896897111209416  18.083486228001224  -0.019397601697463292  0.08890431231980762  0.9958512721783963  -5.680807005450958  0.0  0.0  0.0  1.0;ok
2318808361828;1.4149627962549474;0.2019082676425004;0.5626950264219727  0.34121811626816867  -0.7529571729988215  3.219291280377211  0.12193486532981807  0.8666156303315856  0.4838483624876585  -2.5737540303860937  0.8176222818985389  -0.36407079860295294  0.4460339199518728  -3.358582639235542  0.0  0.0  0.0  1.0;ok
2318808361859;2.242344127922003;3.007371338761777;0.9446215512695982  -0.3265641482833939  0.03234164394335906  -1.4869340588191362  0.12362894040523686  0.4454291989598155  0.8867404997000516  3.437430291822991  -0.3039835685876736  -0.8336358232285596  0.46113480052880973  6.495917150629637  0.0  0.0  0.0  1.0;ok
2318808361890;3.1043376176245805;0.37715202660709457;0.7888995748678549  0.3984731781463408  0.46782110584204395  2.1660515045569375  -0.5958356410852634  0.6822946718781878  0.4236199588536246  -3.782313368980824  -0.15039065657756284  -0.6129380939577742  0.7756864981354128  -3.134261486393146  0.0  0.0  0.0  1.0;ok
2318808361921;2.582712583147148;0.18584927187928388;0.7822601104933303  0.6111252403816816  0.12081001655240825  -9.186727960279011  -0.527179140651245  0.5461062919047849  0.6510376883132192  7.351348851616046  0.33189045360355884  -0.5729693347033826  0.7493696473012412  6.923152673345786  0.0  0.0  0.0  1.0;ok
2318808361952;1.429597864979908;0.16961435052258683;0.7776982777398168  0.5942010072654683  -0.2052085567543996  -2.7831321403485707  -0.4938534823846471  0.7794651246095691  0.38541258081949903  3.6857768769074166  0.38896545699724816  -0.19839173995429468  0.8996369216416299  -2.7970137296797257  0.0  0.0  0.0  1.0;ok
2318808361983;3.430782124719056;0.6012515278631376;-0.7236781362548624  0.3187845404141805  -0.6120999688773128  5.110993865903592  0.6814420469323753  0.4704150786166518  -0.5606660240131404  -1.2677708088442574  0.10920939418979748  -0.8228523990382525  -0.5576622971097194  1.230308067207985  0.0  0.0  0.0  1.0;ok
2318808362014;3.6985124006147214;0.3896714881891707;0.5579173122886644  0.3704592356527942  -0.7426225335714925  6.023049710621055  0.32093572830487255  0.7289054423571735  0.6047289594516806  -5.506554614660515  0.7653290344329124  -0.5757228593877786  0.2877753607109981  -2.066089857717921  0.0  0.0  0.0  1.0;ok
2318808362045;2.2111434334810025;0.6519747987506398;0.17768543080587254  0.9821737952835246  0.061339412596525617  -4.600210070256052  -0.9787963352436833  0.1699315600065411  0.11437219516683209  16.12801120931541  0.1019098709295032  -0.08036106502591157  0.9915424738431697  3.190033871806719  0.0  0.0  0.0  1.0;ok
2318808362076;1.35138127439203;3.0658670500081087;0.2782940705117614  0.1267757251799024  0.9520926035964695  -0.1917953164321586  0.01760824418016526  0.9904110953270202  -0.13702485902207553  -3.1611604683751326  -0.960334504250933  0.05489788482480966  0.2733932372734839  7.936979170580857  0.0  0.0  0.0  1.0;ok
2318808362107;2.3703459450599085;1.548708951697224;0.956735367888159  -0.2867948382409671  -0.04905259004625479  0.5234730103016311  0.134096052486304  0.2850074650423084  0.9490990430812521  2.5810132206083374  -0.25821635219230116  -0.9146143808340728  0.3111347775996865  7.756140226040703  0.0  0.0  0.0  1.0;ok
2318808362138;3.4849647346435484;0.21040306975629133;0.7266152944014378  0.5235370639126183  -0.44490353634430346  0.16934048717886485  -0.6863120794769173  0.5232062774254462  -0.5052038408669095  3.952031243284948  -0.03171661246071961  0.672431508759339  0.7394794943212797  -7.032547297804849  0.0  0.0  0.0  1.0;ok
2318808362169;3.48714335094723;2.1116910184162223;0.679769660753353  -0.07118529586399631  0.7299629182171022  -3.2101790671146113  0.0740828209687989  0.9968526362489785  0.028223345669251138  0.4629742140726473  -0.7296745466004553  0.03489233807322831  0.682903785893156  -1.6211993113113554  0.0  0.0  0.0  1.0;ok
2318808362200;1.6972551672156184;0.6896895693623959;0.8027320699166646  -0.3882265673530549  0.4526603100875664  1.2784728646450974  0.5963352011643485  0.5255862137469554  -0.6067482672174787  -0.15697347103583315  -0.0023562214631911533  0.7569935695370223  0.6534180774205838  -2.759648869412396  0.0  0.0  0.0  1.0;ok
2318808362231;2.3843011935207;1.0608313716727085;-0.17168453007370194  -0.8570700508549667  0.48575235466319133  11.316995385895412  -0.9768163312322774  0.212106120560288  0.028997390551180773  11.163735336472591  -0.12788384249499607  -0.4695124295993951  -0.873615362319361  2.227894616070486  0.0  0.0  0.0  1.0;ok
2318808362262;5.232306399155367;0.4048587150715746;0.7395827666939511  -0.4659893581927877  0.4856657793795987  5.73718867855731  -0.0484050977294647  0.6828795707474671  0.7289255369168772  -6.013211713618336  -0.6713227820677037  -0.5626094648215827  0.4824897018279776  16.65338014146128  0.0  0.0  0.0  1.0;ok
2318808362293;3.4552109610591604;0.7500384179441119;0.8078884949246102  0.4655544651607303  0.3613519333521775  -0.3732311189510593  0.45612704198327697  -0.8822120405535341  0.11683337311724679  17.815859316186934  0.37318132501511403  0.07043405051020839  -0.9250809387230338  -4.7891214452400055  0.0  0.0  0.0  1.0;ok
2318808362324;3.901348001708932;0.18386461685931818;0.5893147816620316  0.8074765440060896  -0.026262501682340688  -5.491168880007698  -0.725347588822524  0.5145005913082095  -0.45734015451614557  16.669652801848407  -0.3557793747591116  0.2885667555756951  0.8889039678573465  -4.836943525803232  0.0  0.0  0.0  1.0;ok
2318808362355;2.04977221751585;1.195955662227331;0.9491301362816276  -0.30979925569275824  -0.05635960942227439  -3.3275217995514406  -0.17400569089848295  -0.36684757315169725  -0.9138626141864299  -0.45968558124353276  0.26243857174005464  0.8771814403217414  -0.4020929206267087  0.5990013045115186  0.0  0.0  0.0  1.0;ok
2318808362386;3.0729207631497046;0.12391523477754007;0.8869606384671821  0.3266945611593455  0.326452890198249  -4.206762113418225  -0.45945729809571495  0.6959471628786168  0.5518664129187334  -4.443947394805275  -0.046902207159927926  -0.639474948837018  0.7673799402990815  -0.9224954152875532  0.0  0.0  0.0  1.0;ok
2318808362417;1.4050409535936035;0.9237214112795189;0.5554863560185915  0.7892946999334671  0.26162718691704007  -2.6382609186260635  -0.6369199339042055  0.6061473877771887  -0.47635946730001444  4.522361993487133  -0.5345726387242892  0.09797561404669751  0.8394241317591027  2.263114102938179  0.0  0.0  0.0  1.0;ok
2318808362448;2.5537408364538483;0.48637650847416153;0.01079171468561399  0.9652254290817137  -0.26119611396068915  2.7649853882746687  -0.950028756587741  0.09139342581664557  0.2984838410598626  20.531202578360553  0.3119758012258257  0.24492266692063955  0.917978205992924  -4.683211931304703  0.0  0.0  0.0  1.0;ok
2318808362479;3.2775968567417544;0.2894585853607711;0.44546212947557995  0.8952667223620374  -0.007809419582556279  0.4273285505036751  -0.8947082156153523  0.4448330535662128  -0.040258705460461536  11.329001363892576  -0.03256839132463779  0.024920880524047968  0.9991587709670724  5.286260231259116  0.0  0.0  0.0  1.0;ok
2318808362510;1.7896114733317854;0.26884390538403735;-0.9431952682456448  0.33125102108361665  -0.02560169896880067  11.464262675312783  -0.3307353643402554  -0.9434577997348661  -0.02239417098634266  24.739811238067638  -0.03157221458412606  -0.012654688874426502  0.9994213596455425  1.5700033210337896  0.0  0.0  0.0  1.0;ok
2318808362541;4.507281674743628;0.8598096668395366;0.49494686276833477  0.8287002027871002  -0.2613112644652043  -8.173839247882674  -0.8654508405980746  0.49700758484633983  -0.06307379101731081  13.297210200076464  0.07760441703839785  0.25737022847608065  0.9631916319976526  -3.7264352262106564  0.0  0.0  0.0  1.0;ok
2318808362572;1.6524012560965744;0.4503401530588353;0.32504862760529923  0.8792479748957923  0.34823323841006193  0.19911790410009783  -0.9233843858519243  0.21556207181643655  0.31763858260461436  5.716202973007568  0.20421720215685787  -0.4248011203326253  0.8819520069183879  1.463874847712227  0.0  0.0  0.0  1.0;ok
2318808362603;2.7922284303351215;2.82919304480209;0.9168067239819897  -0.3972273416082539  -0.04093739049146068  -0.8655169686511208  0.19697667020028442  0.5390228132845604  -0.8189350390327709  -5.168982228593303  0.3473695758960742  0.7427414394240012  0.5724242586614786  7.622225004193678  0.0  0.0  0.0  1.0;ok
2318808362634;4.154034979657225;0.5399533392979278;-0.7447320033765482  -0.0515497789802019  -0.6653697193544683  15.341438475844416  -0.1311587127314227  0.9888735231836233  0.07018936686596104  1.993790834494709  0.6543482522490525  0.13954130368281914  -0.7432069626591974  2.1627817754154375  0.0  0.0  0.0  1.0;ok
2318808362665;2.2058351322628655;4.314710237216665;0.9841011135117312  0.16033085254976082  0.07641345500393044  -4.326163217561785  -0.1527158200983339  0.5441938578564814  0.8249429818860059  8.316498303160694  0.09068007871999342  -0.8234968505051765  0.5600268391170106  12.750697083446818  0.0  0.0  0.0  1.0;ok
2318808362696;1.9478287065829136;0.5325805019796828;0.6640821541435628  0.7268570111317179  0.17513931002693406  -0.6536066473809342  -0.5714987295446439  0.6445253331749375  -0.5079136708384515  2.004342457960872  -0.4820623348457146  0.23720451147564559  0.8434156300773048  0.37439698977183733  0.0  0.0  0.0  1.0;ok
2318808362727;4.3430344902627;0.9987318779585229;0.9915374576480604  -0.12144648467545086  0.04587179352059542  6.010305462376968  0.12392413098599847  0.9907271280626778  -0.055700695507745646  -1.7509628936731518  -0.03868177659035005  0.06091394816178801  0.9973932078569412  -4.945453748211992  0.0  0.0  0.0  1.0;ok
2318808362758;1.6605101549061114;2.6094235980069054;0.7452232777764156  0.36148927988052515  0.560328266993228  -0.9551506916824942  -0.03370384648690345  0.859651097218443  -0.5097686159260048  -3.2285764932239847  -0.6659626994000211  0.36100622097491136  0.6528155876089731  5.580437791264777  0.0  0.0  0.0  1.0;ok
2318808362789;3.2529369529640206;0.1643378029807724;0.708556031183875  -0.18210136624406767  -0.6817532127427055  -2.5606943665863517  0.29862127267321903  0.9527344208908307  0.05587896524489071  0.954507747663496  0.6393541164174865  -0.24317938987886398  0.7294450617820084  3.5958375678783376  0.0  0.0  0.0  1.0;ok
2318808362820;2.400344764826293;1.3666353404756106;-0.1775913894204778  0.8856903786083595  -0.42896835739280686  2.627065523885999  -0.8505281216244828  -0.3574084998816998  -0.3858251916843199  20.555953803268167  -0.49503859721200877  0.29633041938500315  0.8167772461433256  -0.13941197720502882  0.0  0.0  0.0  1.0;ok
2318808362851;2.213741788563696;0.22516233659248275;0.7516221269817074  0.3859440833303923  0.5348937677462299  -4.295628062826582  -0.23391875540137944  0.9142029198738467  -0.33093056245321834  0.8888180593996524  -0.6167221368679444  0.12361304881118818  0.777414702755639  4.632262134830029  0.0  0.0  0.0  1.0;ok
2318808362882;2.8118491113323465;0.6862691614330085;0.16295023369699171  -0.176324705749067  -0.9707506474273397  11.987540901250513  0.2621337671434105  0.9562768277398771  -0.12969393528982096  -0.793971233969881  0.9511745946256656  -0.23333286710247506  0.20204619191768716  -6.434128698538117  0.0  0.0  0.0  1.0;ok
2318808362913;3.693761787700806;0.34184211276588566;0.10147322579114162  -0.9396417999148047  0.3267666939888573  8.082409665733353  0.9896546621658086  0.06185700707355694  -0.12945022336551057  -6.872036768063597  0.10142403118107014  0.33652191389086294  0.9361977180970973  6.49913379644972  0.0  0.0  0.0  1.0;ok
2318808362944;2.216755272952035;1.3178659273551612;-0.3500340782881618  -0.8386880856879609  -0.4172270832077179  11.186805941876898  0.27327855471315027  0.33460094509835114  -0.9018653109379371  -4.9036195256870965  0.8959882675408473  -0.42970280714041553  0.11207373450009607  -3.2746047942543197  0.0  0.0  0.0  1.0;ok
2318808362975;4.0877051608656085;0.5433729964113487;-0.6281631905313937  0.758822315345543  -0.17204563288572355  3.233761569771379  -0.6839677393870195  -0.6439298028093398  -0.34284477614765535  25.309247317407554  -0.3709435772987996  -0.09768880584567555  0.9235029830342811  0.018312463862755896  0.0  0.0  0.0  1.0;ok
2318808363006;1.8159881834797982;3.1441204389366373;-0.4606534100714059  -0.767821493713962  -0.44525115337351556  16.252139730557264  0.006704840376045172  0.4986215644627771  -0.8667938512519702  2.751296381171081  0.8875547762843249  -0.4022768813187667  -0.22454360345226915  0.9326406688545846  0.0  0.0  0.0  1.0;ok
2318808363037;2.514235334584633;0.5788116046247205;-0.3806417154246924  -0.7609969446542227  0.5253527716739353  8.886765278594368  -0.6789080878313986  0.6157090897546434  0.39998265596225974  5.188530235567178  -0.6278500559493969  -0.20441616134847698  -0.7510115446675176  6.759277811839277  0.0  0.0  0.0  1.0;ok
2318808363068;1.8909816795339536;0.4712688216359144;-0.23941363085575698  0.913200500065639  -0.32976652352888824  5.267920612531934  0.44127196487316905  -0.20019611737481716  -0.8747574335808878  -1.2556935498674913  -0.8648469034328771  -0.3549455750786509  -0.3550400996431955  4.6723541898990515  0.0  0.0  0.0  1.0;ok
2318808363099;3.0749693121327226;0.3096546307751863;-0.4713948164196244  0.834806017641513  0.2844043599564272  8.408662155054678  0.20878794715439108  -0.20767821377248372  0.9556554570802833  -5.958321650535211  0.8568515158274287  0.5098712312278336  -0.07639900123986809  -9.382386996179816  0.0  0.0  0.0  1.0;ok
