# teaser_benchmark.py --distance_metric=euclidean --noise_bound=0.1 --cbar2=1 --estimate_scaling=False --rotation_estimation_algorithm=GNC_TLS --rotation_gnc_factor=1.4 --rotation_max_iterations=100 --rotation_cost_threshold=1e-12 --rotation_tim_graph=CHAIN --inlier_selection_mode=PMC_EXACT --kcore_heuristic_threshold=0.5 --input_txt=/neural_comparison/point_clouds_registration_benchmark//eth/apartment_global.txt --input_pcd_dir=/neural_comparison/point_clouds_registration_benchmark//eth/apartment/ --input_features_dir=/neural_comparison/experiments/3DFeatNet/feature_extraction_voxelgrid_0.1//eth/apartment/ --output_dir=/root/neural_registration_comparison/results/3DFeatNet/results_teaser_voxelgrid_0.1/
id;initial_error;final_error;transformation
13001298760030;4.310263072930483;5.6920503129074955;0.5415166101595676  0.7696496955312289  0.33822937053126856  -0.6860185028655208  -0.83705871048547  0.5309696684537837  0.1319239416576129  3.717310294123809  -0.07805431520225814  -0.3545568464305348  0.9317708766255471  0.9310868479553935  0.0  0.0  0.0  1.0
13001298760061;11.165739862422033;10.715653168331263;-0.5109666896320013  -0.856235874299524  0.07598137698833649  4.46470024168258  0.7600850165670613  -0.4087605551014589  0.5051589613016843  -13.036839411327835  -0.40147703505526144  0.31587170838122963  0.859675086394598  -1.882558826355844  0.0  0.0  0.0  1.0
13001298760092;4.041875262067823;5.503179145359216;0.033683397275374505  -0.9978597717393108  0.05604734331223563  0.9067381350782524  0.8147158739656031  -0.005066838029391507  -0.5798382290439698  -8.82732102267191  0.5788812256900826  0.06519358171441597  0.8128015277094366  0.006508388397843018  0.0  0.0  0.0  1.0
13001298760123;2.6347404064812237;3.7550394875060342;-0.8331633816279608  0.0954132908354226  0.5447339565753313  5.1077243201172715  -0.08265685128361352  -0.9954247264620321  0.04793181494443355  -3.4623768691624504  0.5468149819181423  -0.005090960611112139  0.8372379934462584  -1.6604501209876485  0.0  0.0  0.0  1.0
13001298760154;4.655949543134552;5.6336565649993675;0.4955488080694645  0.36323446690882466  -0.7889816860171062  8.910548336264865  -0.47404781762190584  -0.6480395837911396  -0.5960900640404228  -8.706244598963105  -0.727811820066727  0.6694067671373432  -0.14894473700634636  4.237223863489914  0.0  0.0  0.0  1.0
13001298760185;11.526736439495075;15.35357986718363;-0.9173825154066162  -0.15820161452536172  0.36521441590906395  -3.043248210931371  -0.08316871078447234  0.9735486646999394  0.2128049882108361  5.752336633266539  -0.3892200996514423  0.16484916324487114  -0.9062739472172788  -2.2682412980090616  0.0  0.0  0.0  1.0
13001298760216;5.6572197072150425;5.792713495242078;0.9292999368637102  0.20298054303792923  0.30854582559667243  4.480056440115415  0.09777258163355723  0.6704134181455771  -0.7355177571283198  -5.271702800099101  -0.3561490553487603  0.7136839271823293  0.6031692154410688  -1.2893163296210353  0.0  0.0  0.0  1.0
13001298760247;2.8755933061249292;4.952770693711069;0.9203063281144516  -0.3813041380016864  0.08742663653192978  4.417390952833769  0.39119671567461  0.8963514403384616  -0.20861261958127764  -3.973264534963892  0.0011798635063703378  0.22618852699895117  0.9740828292173879  3.8716793184294147  0.0  0.0  0.0  1.0
13001298760278;3.489631205271557;5.626606151133233;0.6314216221310305  -0.6387898532063783  -0.4396069364170595  0.6617895506349687  0.7674978618866618  0.5957525724223653  0.23669791813942534  -5.064150558974011  0.11069673484263948  -0.48685356719727235  0.8664409021984534  1.563793943013995  0.0  0.0  0.0  1.0
13001298760309;15.033436311598187;20.10551693066496;0.7007250416417116  0.6351224092826191  -0.324967600297727  11.448063165636167  -0.6729628626251831  0.7396557614584138  -0.005508181977153859  8.50709423211983  0.23686578803943145  0.22255084760210603  0.9457091089167132  3.6200896828488762  0.0  0.0  0.0  1.0
13001298760340;6.506989460822594;9.573684503833352;-0.4315326154640985  -0.3880508361988655  0.8143685592629885  9.133077476181763  0.8136895069440823  0.22231652573496757  0.5371077626270446  -2.65683697799455  -0.38947270517946514  0.8944226690499822  0.21981606176459179  10.58122916919231  0.0  0.0  0.0  1.0
13001298760371;4.91629017563752;5.162228525825994;0.9803096831454717  -0.08976094744603032  -0.17588603538887296  2.197391678673937  0.05887869255013481  0.9830668032790912  -0.17353086138844315  0.8207671548387828  0.18848401708052487  0.15975804394214188  0.9689949136610415  5.774895724765279  0.0  0.0  0.0  1.0
13001298760402;8.540013131131722;5.753161742298879;-0.9005588896804965  0.43040875821562663  -0.06117178327230778  5.852156013197776  -0.40240126034670026  -0.8785379151061179  -0.25737979212126044  -1.0801502445776947  -0.1645202476560842  -0.20717005713248773  0.9643721561404099  -0.42432921893120523  0.0  0.0  0.0  1.0
13001298760433;5.8803617295845045;7.642447459411311;0.43394488509481133  0.5161033228063061  0.7384640796195452  2.806252310716564  -0.08408709636947054  -0.792881105149716  0.6035469437589073  -10.468925293204698  0.8970067987056751  -0.3240014093871443  -0.30066907022662237  -1.4449721982699824  0.0  0.0  0.0  1.0
13001298760464;2.166048600398045;5.104634124251318;-0.7605547178840665  -0.4254800464762466  -0.49043169876636145  8.527680322325345  0.6474263458432089  -0.5539282688430573  -0.5234525763473161  -4.192829084280515  -0.04894535537104368  -0.7156327291475042  0.6967597499572558  3.031718997578187  0.0  0.0  0.0  1.0
13001298760495;4.352922081343947;3.729706731382426;0.8661360537032926  0.41285004076326526  0.2817147144134615  0.6687425641987979  -0.3191891367052458  0.8906347032153432  -0.3238643549973938  -1.5717560766914385  -0.38461231322547074  0.1905903178818072  0.9031880752340925  -0.8283905853555525  0.0  0.0  0.0  1.0
13001298760526;3.427592892868579;4.303616056570531;0.6767778049370115  0.7361667510124325  0.0055061282621997444  7.552805904702831  -0.606438857888101  0.5532439752792996  0.5710980786699722  2.690809776826275  0.41737718479573893  -0.38984563422072227  0.8208633668833241  -4.495411114669389  0.0  0.0  0.0  1.0
13001298760557;8.921254112295115;21.447930952733238;0.4691951838555712  0.8131046284476048  -0.34455296057909535  11.594161611408923  -0.8783387271416533  0.47012004533291696  -0.0866500050741847  17.25708624890785  0.09152573326620705  0.3432899738897992  0.9347593454878239  12.116449616539319  0.0  0.0  0.0  1.0
13001298760588;5.635777697146662;6.083157997705286;-0.4314023306973905  -0.9015226218550569  -0.03389677495637361  -7.778121600313808  0.8957544057409157  -0.43250630692783365  0.10277324098901047  -3.8534930928897775  -0.10731297062609935  0.013973430188403746  0.9941270892517575  5.237874480251466  0.0  0.0  0.0  1.0
13001298760619;9.801579940171315;6.408044232685933;0.4178542660188639  -0.7294781075563878  -0.5415343968445474  4.312426100068191  0.813298758751649  0.03469785912843498  0.5808108018838238  -9.844458293193956  -0.40489868039160576  -0.6831235240919863  0.6077822878706501  -1.5636066974466118  0.0  0.0  0.0  1.0
13001298760650;5.928008986154682;4.800442115090181;0.3109820863423889  -0.22042980763209802  0.9245003201088742  0.9770096037626018  -0.5660193136239032  0.7384597767612696  0.36646868175932934  -5.664645825281657  -0.7634869210267191  -0.6372502318657651  0.10488023363898574  -2.228582140724512  0.0  0.0  0.0  1.0
13001298760681;3.926177848256171;2.036493205921365;-0.723268104932249  -0.6605587018074522  0.20135900738275128  0.45562469553140544  -0.6624925602894005  0.7460074213703434  0.0676500910684235  -0.04766575792708316  -0.19490217020061196  -0.08446969117277849  -0.9771785995017838  0.08390041608589038  0.0  0.0  0.0  1.0
13001298760712;3.640287511906044;4.522133914877654;-0.4166955029431104  -0.2329779473257812  0.8786843198139218  1.8296760171192037  -0.8204208326070039  -0.3199074698834993  -0.47388697823127524  0.717975438609235  0.39150289303071484  -0.9183574939927286  -0.05783595746572556  -2.602497438473477  0.0  0.0  0.0  1.0
13001298760743;2.23776059014918;4.101813397235682;0.12911622593110286  -0.9063255835066623  -0.402371640256389  -0.5183356523405058  -0.9492295240729153  -0.23034711590686907  0.21425106025804036  5.099350316670242  -0.28686636406106497  0.35427975227875486  -0.8900525525471452  4.616336652094861  0.0  0.0  0.0  1.0
13001298760774;5.456665076952151;4.664308719107446;0.7690854982323653  -0.5954378959837076  0.23229551961923534  2.4547406255328297  0.5454443335715543  0.8009023955716161  0.24707454693337227  -0.5908734468274657  -0.333163586520734  -0.06331717613841709  0.9407406442917718  2.2198862119266987  0.0  0.0  0.0  1.0
13001298760805;8.825594568085958;3.665094513070253;-0.1184528945662724  0.007264862234770408  -0.9929330962081897  2.708134146831393  -0.06280790440839916  -0.9980256163110245  0.00019060646711051288  -7.58139791193766  -0.9909712805690677  0.06238662487833209  0.11867531387611052  0.1738009704250759  0.0  0.0  0.0  1.0
13001298760836;4.000188739564292;3.7140825580689834;-0.9617541178042035  -0.17120305891022097  -0.2138189175597932  9.530119885505554  0.22382527715626108  -0.941172350739025  -0.2531735600537719  -2.965456873112797  -0.15789636535582785  -0.29134879238493716  0.9434959559972995  -2.2632263186551143  0.0  0.0  0.0  1.0
13001298760867;4.334456072611078;10.02303654106291;0.3767170456480341  -0.18713315436215766  -0.9072295465077658  12.79922982361393  -0.08822077375932369  -0.9821783719948858  0.16596005743184536  -0.9707349918014471  -0.922117868060002  0.017516510038932658  -0.38651236627116187  7.555865019261499  0.0  0.0  0.0  1.0
13001298760898;8.680467736983655;10.832813204943978;0.9282582442166092  0.37192301810299294  0.00314652968504945  -1.2842396456733134  -0.23828057783611642  0.6011620573519304  -0.7627755548170649  -6.541402622232039  -0.2855853607417309  0.7073029403343065  0.6466556675112809  9.659687277913328  0.0  0.0  0.0  1.0
13001298760929;4.363996845460841;3.3600493589671374;0.5913292357333967  0.6268833225069458  0.5072938349020323  1.4472523379894746  -0.34461378275841237  -0.3722973690440558  0.8617633142202163  -2.684689769057241  0.7290892096992626  -0.6844062893965304  -0.0041176855850950655  -1.1252250524897576  0.0  0.0  0.0  1.0
13001298760960;8.141769742702108;10.308297971648745;0.13189445813868095  0.45496703707895836  0.8806865770998774  -0.8998464834328758  0.9625302933718282  -0.2711435189822192  -0.004077555086243851  4.015885032476955  0.23693730447915165  0.8482253163432067  -0.4736818831880961  3.6017609400670603  0.0  0.0  0.0  1.0
13001298760991;5.538685950931398;5.290950163590415;-0.9677681995897321  -0.23576536183702432  -0.08854042026501571  0.9921881502979799  -0.2485612600097918  0.8376146947584042  0.48643491152170554  0.40173168326056946  -0.04052174583101384  0.4927639569638204  -0.869219000501119  2.3810873716146226  0.0  0.0  0.0  1.0
13001298761022;8.071467038641245;9.884988784522454;0.28361381027076904  0.958937768555167  -0.001250064851932839  -2.078424713018125  -0.9572210493780606  0.28302760871053434  -0.06019331636619581  -6.284145972968369  -0.0573678416123595  0.01826824419680828  0.9981859556228517  -6.4420100473305295  0.0  0.0  0.0  1.0
13001298761053;9.81526024076362;8.621014879234663;0.579819914745691  0.5103812984238221  -0.6350746386713249  3.661667334168563  0.0658804320241762  0.747554638725426  0.6609249812167843  -5.64704553955239  0.8120767421497852  -0.42505645782567747  0.3998229264563005  -8.191813480874954  0.0  0.0  0.0  1.0
13001298761084;5.591627609591558;6.110814900860838;-0.30321074716768875  0.03237847568795388  -0.9523732866445473  -3.050268552480041  -0.9488242559109984  0.0823438900424328  0.30488032925661135  -0.1266358392811764  0.08829368152337948  0.9960778674806525  0.005753930677694974  7.457066303183138  0.0  0.0  0.0  1.0
13001298761115;4.7915878266942675;4.405669110443839;-0.3551363035847298  -0.06652385969845337  -0.9324445195114802  3.0503558336030108  0.9252491954698023  0.11731276800779727  -0.36076535413594313  -7.85320937875363  0.13338715140019464  -0.9908644158274985  0.019889124871957767  -2.0824916326440697  0.0  0.0  0.0  1.0
13001298761146;10.139080917100562;7.017316474849203;0.29765558076296356  0.8637810205847012  0.40655073941430075  3.0443992997529956  0.9119584914853457  -0.38322391936382044  0.14653032940386795  -3.234773425920736  0.28237008525769286  0.32714182873042075  -0.901801174786593  -4.733961986107851  0.0  0.0  0.0  1.0
13001298761177;7.93887486463345;10.061642015134124;0.825287636459068  -0.5573220252366945  0.09106304021871323  12.030680999510068  -0.505295509355093  -0.8007900247708872  -0.32157702724700155  0.07869696194764726  0.2521443343273502  0.21937979946547315  -0.9424944234599513  -0.7953012373055804  0.0  0.0  0.0  1.0
13001298761208;3.7143332170860712;2.3363718651287737;0.36440837722917474  0.8254270715747238  -0.4311341834241115  4.4347547674239145  -0.6971290541074266  -0.06515540867102732  -0.713978889491977  1.5998905878174832  -0.6174282278325833  0.5607360539794881  0.5516860169000378  4.133665869322572  0.0  0.0  0.0  1.0
13001298761239;9.442007376163867;7.297874319069753;0.2461864143570803  -0.9672643067934078  -0.0615793000079814  0.13616399450177344  0.9007161339427032  0.2517853918844657  -0.35399796961126423  3.884507866950301  0.3579143688667936  0.03168402179419677  0.9332167097312554  -2.20496576449308  0.0  0.0  0.0  1.0
13001298761270;3.3218855709366024;12.98910408517277;0.14965946214170173  -0.6457184536377198  -0.7487654666336905  -3.2102096109955998  -0.7207993543240496  -0.5896229630059683  0.3644078104296004  -5.051088961802078  -0.6767941608772121  0.48517258798058066  -0.5536760999670619  14.480699105213878  0.0  0.0  0.0  1.0
13001298761301;1.702374455622597;1.7555379629936934;-0.127500270389466  0.9860806128226532  -0.10671788072255362  4.802024938447276  0.9906221805476741  0.1319317006054743  0.035520723279775616  -4.85715899867114  0.0491057680683637  -0.10118819788220189  -0.9936546543703038  2.1054176720516082  0.0  0.0  0.0  1.0
13001298761332;2.6966908062382884;2.3429959273842265;-0.04303393946034437  -0.9990521405490319  -0.0065498487708740005  4.355545362957228  0.9770124751773603  -0.04071267435976512  -0.2092584562073485  -8.088674486538205  0.20879344674182268  -0.015404499695661128  0.9778384314327173  -1.393014972521769  0.0  0.0  0.0  1.0
13001298761363;3.780503688669632;2.915442018263244;-0.5966268001792003  0.802189077415424  -0.02300316028983662  10.378228162883524  -0.8023287098888022  -0.5968642515149025  -0.004659029054030928  -4.432083717005374  -0.017467186267375673  0.015676394322261145  0.999724536092295  0.20953351516114713  0.0  0.0  0.0  1.0
13001298761394;9.713878523349894;6.841986644106794;0.7061241248618335  -0.7007856493571509  0.10143073470692619  1.4910222829287314  0.6451962763676715  0.5777531100467206  -0.4999231028794664  -6.776618050245325  0.2917370138487782  0.4184504958611214  0.8601097007150772  4.002878141328864  0.0  0.0  0.0  1.0
13001298761425;4.539890497597582;5.885129325717783;0.21779163884640973  0.9750574593372712  0.04277561267054389  7.919057317879333  -0.9757040303773349  0.21858807874852304  -0.014862601873627479  0.3916551909730753  -0.023842129812985745  -0.038499387264930365  0.9989741488277882  -6.434828282574226  0.0  0.0  0.0  1.0
13001298761456;2.8219341713243176;4.446807753797361;0.9680041770363934  -0.06792969829167433  0.241564627646717  -1.8637323180367658  -0.11859346301413032  0.724522541151867  0.6789717798945379  -3.7709566679403324  -0.2211413660318004  -0.6858955047620908  0.6932848280301147  -4.771596099379616  0.0  0.0  0.0  1.0
13001298761487;4.817878682726937;7.606832423075117;-0.38637167099955055  0.8406350921986983  0.3795386325699939  10.88534704522845  -0.8806182609314441  -0.4585800042306839  0.1192302739821744  0.6019230549644388  0.2742779800915371  -0.28816145037785956  0.9174609354915526  0.7237008508568828  0.0  0.0  0.0  1.0
13001298761518;2.4163432216525833;2.271216731000856;-0.7510751289935813  -0.6589053759739261  0.041591539042630216  1.5078113978352865  0.6595094857308129  -0.745865131240645  0.0934475480173472  -9.713158164427552  -0.030551413033680003  0.0976161437060212  0.9947550953122141  -1.204947298990719  0.0  0.0  0.0  1.0
13001298761549;2.2392274259590965;1.553667879713068;0.4059012602146397  0.9130310706420819  0.04022972779353963  6.068474708416566  -0.8043016040501735  0.33596815576547595  0.4901268489216478  -0.9687849465493904  0.4339851341676194  -0.23129994023717268  0.8707222524822682  -1.412602490711839  0.0  0.0  0.0  1.0
13001298761580;8.570690654168628;11.104210889159436;-0.5023643418494002  -0.849813032262543  0.15952391116995812  14.754545230174305  0.863416574787641  -0.48315779863313296  0.1451563295277295  -4.807998683758042  -0.0462805187978363  0.21065695292756562  0.9764639070457629  5.0460901399781  0.0  0.0  0.0  1.0
13001298761611;10.391644677470136;11.316282425089552;-0.59798735199405  -0.8005233711828106  0.03966685071002826  6.757581259723953  -0.16920744746540128  0.17446262091241166  0.9700163058560486  2.7469876067095975  -0.7834411060043934  0.5733455555722741  -0.2397809569755963  -2.828635770822457  0.0  0.0  0.0  1.0
13001298761642;10.080782196489423;7.81798736022914;0.4849973973641515  0.4543992303139602  0.7471939935786954  1.9597480500423168  -0.30066141309235916  -0.7156854194681317  0.6303943964202326  -13.451220006743897  0.8212065752460248  -0.530392043540252  -0.2104852510792397  -4.782667887972852  0.0  0.0  0.0  1.0
13001298761673;5.377260718947195;7.637974029026989;0.9953760610139739  -0.0397667720159568  0.08743626823999867  -5.715246807383558  0.0523480487367656  0.9877991414709453  -0.14667153064830854  -4.396965801548059  -0.08053681738037172  0.1505704484707919  0.9853133314299289  -2.281983649631888  0.0  0.0  0.0  1.0
13001298761704;4.0697080635330884;10.122849442023243;-0.4871115749230447  -0.7579033052318788  -0.4339411175431351  -9.263042196251071  -0.4615922745874525  -0.19837642194234778  0.8646267213419518  -2.6206110000131226  -0.741387136128739  0.6214735514371834  -0.2532108592593956  8.859387063587713  0.0  0.0  0.0  1.0
13001298761735;7.748271368017596;8.220440079640296;0.08768124816203854  -0.9728292306689412  0.21427852593487573  -0.38172304123371925  0.99586514602387  0.09073533885772556  0.004439506417417305  -9.044754410872358  -0.023761516273240885  0.21300325405601206  0.9767625116198653  10.42390713176773  0.0  0.0  0.0  1.0
13001298761766;4.3143958585213165;5.143075419516031;0.9610334613192819  0.14539701874008498  0.23510506835492867  -0.7764592378321784  0.11620445039425319  0.5592105085906371  -0.8208411129995687  -2.6553607921950735  -0.25082107553642663  0.8161760312722349  0.5205242300253214  5.274046083851962  0.0  0.0  0.0  1.0
13001298761797;8.231005951784896;9.51851912307255;0.8993528478007858  -0.3498420217516633  0.26224990937906006  -1.4758115840401702  0.4122990805346247  0.47896755912453215  -0.7749835775657385  6.542308982784226  0.1455126226240168  0.8051090839898635  0.575000382203424  -2.3105927253570475  0.0  0.0  0.0  1.0
13001298761828;4.4334073516756565;3.8234261219768864;0.4688265524023988  -0.7557485210671668  0.4572153066852332  -3.2468160019999335  -0.25558728454570345  -0.6115543428715398  -0.7487832968846952  -5.746686887655613  0.8455038756511026  0.2341910728865436  -0.4798726264741664  -4.521411718345656  0.0  0.0  0.0  1.0
13001298761859;2.6655230457662435;2.9957627498634585;-0.6721246668284601  -0.6958200417241196  -0.2531460088087054  -1.1907569920834775  0.7071919942717949  -0.5019670411157835  -0.49790418041160134  -7.467079463061456  0.21938075457663753  -0.5136765121830184  0.8294627932299767  0.6226498737150372  0.0  0.0  0.0  1.0
13001298761890;6.637126318209209;6.465057164575907;-0.4979606013033154  -0.8671022578058656  0.012996694103150522  -3.1608152221409345  0.852965112324297  -0.48702760133190415  0.18776217057355288  -1.060256401914297  -0.15647925328055573  0.10458389000636054  0.9821285319365776  1.7722320284913569  0.0  0.0  0.0  1.0
13001298761921;6.263021266226115;6.279823816649722;0.15492006730434651  -0.972668169500152  -0.1729635938214791  0.2987670686210101  0.9879228101383247  0.15303700164638157  0.02425277995368413  -7.159224228818305  0.0028799227095813174  -0.17463192196248167  0.9846295739398025  6.120808486426367  0.0  0.0  0.0  1.0
13001298761952;8.524152599894595;5.122817785975143;-0.31978803006547907  -0.547325644498267  -0.7734146718943193  -0.7058077570593855  0.45496852349696487  -0.8047167163304559  0.3813589504460607  -2.5994327587773896  -0.831107248466667  -0.22992530381166373  0.5063547138254778  3.4029018768266974  0.0  0.0  0.0  1.0
13001298761983;3.259695949088397;4.04603310734099;0.569830864603848  0.08383587901041287  -0.8174743611486432  1.2176162520245835  -0.3163648293884297  -0.8957273720545011  -0.3123872111312611  -11.398354507014345  -0.7584234176704072  0.4366280114043174  -0.48389037930739065  1.2535659578482772  0.0  0.0  0.0  1.0
13001298762014;4.304140440760447;4.768013391298499;-0.9380720427639462  -0.04359754430840468  -0.34368604381754286  0.9801071891426861  0.1678955381823432  -0.9249760615916017  -0.3409257598670882  -6.826862689455541  -0.3030378373126672  -0.3775162772818769  0.8750140167700713  1.2590046189662638  0.0  0.0  0.0  1.0
13001298762045;5.169410619190491;6.470826104719469;-0.24097445367230108  0.6235874512464262  0.7436867642531511  0.02964455909134534  0.052707247354652875  0.7735452520581537  -0.6315454766638602  3.747997615934274  -0.9690991996455425  -0.1129886439704145  -0.219272222545619  6.279235233601351  0.0  0.0  0.0  1.0
13001298762076;7.251100765186261;6.898034245256265;0.9996573217816708  -0.0057305306704635295  0.025542122592541974  6.409719401109736  0.015957818728676493  0.906880032038522  -0.42108663658590784  2.070404991681299  -0.020750591069178412  0.42134993592979736  0.9066607107745628  5.475190537089563  0.0  0.0  0.0  1.0
13001298762107;3.6083033742486865;16.62462840042792;0.26795760998435614  -0.6104283764040456  0.7453696509331411  -13.803961830679253  -0.9198020286004224  0.06809136682363362  0.38642954590279  6.43782910680658  -0.286640798620885  -0.7891392545329436  -0.5432276590170747  20.29907065955023  0.0  0.0  0.0  1.0
13001298762138;7.232928857269941;13.145652141378992;-0.8530384270516224  -0.5034111064001315  -0.1374870900349882  2.6477675773960576  0.2153208098061133  -0.5795278644202504  0.7859926228820109  -5.013221012582249  -0.475355015580706  0.6408780791332299  0.6027544249931046  13.852454545024532  0.0  0.0  0.0  1.0
13001298762169;6.764347421644368;7.627024476994993;-0.12294717139696049  0.5859031434357065  -0.8010003118336747  12.155320585940043  0.32048243461938763  0.787320038219062  0.5267050090127908  -6.116004354256729  0.9392417165702959  -0.1919496390486116  -0.2845704375426081  1.5121495106847682  0.0  0.0  0.0  1.0
13001298762200;2.173201777732865;2.850664838882385;0.5877603556007319  -0.02514619528577336  -0.8086441944679693  4.789843188473093  0.7299788263301528  -0.4144519359980163  0.5434707957720908  -9.46104201762312  -0.3488103746934057  -0.9097237281780367  -0.22524222716022788  -2.6513306450347347  0.0  0.0  0.0  1.0
13001298762231;5.881331751981235;3.5492446465136718;-0.253915847640652  0.3683126382793013  -0.8943559374212651  2.5985414922669463  -0.055068495791961804  0.9176556442669825  0.39354234755126394  0.28831815160541535  0.9656573942595481  0.14917747493737024  -0.21272488778506962  -1.4697562745719535  0.0  0.0  0.0  1.0
13001298762262;12.753530724937347;12.633775020716879;0.5382617585946897  -0.8424918960188338  -0.021947309109397378  -7.887187829015317  0.8396344454321002  0.5383194094327315  -0.07229254091485071  -0.6673740159987787  0.0727205423417798  0.02048459349331038  0.997141967901728  -4.631412577793759  0.0  0.0  0.0  1.0
13001298762293;4.0873319758586355;4.251207984612734;-0.16691810156549858  -0.7705417781995055  -0.6151452799289887  2.7602325683796947  -0.8369482874451328  -0.21907524914092472  0.5015212850483027  -2.5854342611498375  -0.5212062082443274  0.5985577693614759  -0.6083359969824118  1.6241197676674077  0.0  0.0  0.0  1.0
13001298762324;5.257805486369847;7.880431545564992;0.5926276340130402  0.0929700585445571  -0.8000931543378735  0.9523102975509491  -0.10949975450256098  0.9933939742195258  0.034325147460942465  -1.2540617961545752  0.7979989293025307  0.06726797305224973  0.5988929191712461  3.3391905950599283  0.0  0.0  0.0  1.0
13001298762355;3.940223826782666;4.723952282756207;-0.264971552729444  0.8605811799274774  0.4349598935520118  0.634597670113956  -0.9155863436219832  -0.08304648887282634  -0.3934525740909858  -2.0382573169240152  -0.30247598849673074  -0.502497078041779  0.8099413330250526  -1.7059858162739734  0.0  0.0  0.0  1.0
13001298762386;9.483249247669189;8.999251625694642;0.17559995316435095  0.12561031269585438  0.9764152322619347  8.357533337885256  -0.9746022867116889  -0.11783737196291981  0.19043302367294612  -6.2752530432254945  0.13897855656548608  -0.985056548180521  0.10172786099025083  -2.0811978319044964  0.0  0.0  0.0  1.0
13001298762417;6.696026314562576;4.992492993475867;0.9496983846870051  -0.21357181084894297  -0.22904161135827722  0.6956207425819747  0.11899779935979038  0.9226207475420332  -0.3668930088629466  -1.6689733633758672  0.28967654698028256  0.32118225015664026  0.9016260091156962  -3.4394895688581126  0.0  0.0  0.0  1.0
13001298762448;6.742317045442832;7.309594591270972;0.6818660020199783  0.32144880446841423  0.6570612006465752  -1.320796744975944  -0.6815177472581881  0.6054558888525898  0.41104346099390116  -9.06189982524352  -0.26569214414697306  -0.72807543067978  0.6319128514115189  2.858815436500258  0.0  0.0  0.0  1.0
13001298762479;4.7976364578938275;4.081765526186555;0.5715066479320562  -0.8203763080279407  -0.019049005116040567  -4.451633548758418  0.5977576532800506  0.43210107075023074  -0.6752588041644714  -2.6113736655453352  0.562197420231179  0.3745282070591616  0.7373348512056498  -3.692205166418001  0.0  0.0  0.0  1.0
13001298762510;3.641411788076855;3.486911547162238;0.8473760121709346  -0.4192858900117136  0.32581165791660827  -0.7245941365305455  0.4169664132526071  0.9053389658169786  0.0806248546832764  -0.5891326482152314  -0.32877485338227996  0.0675329505539975  0.9419906562025614  -1.7624371591459518  0.0  0.0  0.0  1.0
13001298762541;3.070002262790549;2.59808824116818;0.8733737767603638  -0.3748248774483398  -0.3110057191004277  0.9154013311856868  0.4118988762689151  0.9091890478615283  0.060947444384909163  -2.430493627240381  0.25991837525604483  -0.18133280589701212  0.9484518183385878  -2.7131290979175393  0.0  0.0  0.0  1.0
13001298762572;5.3165421424298245;5.894093928919062;0.3008878918022492  -0.8572577140629823  0.41782255593290873  3.7896890952171973  0.8681469487452451  0.42755029976168746  0.2520349510643566  -1.0164451172514168  -0.39469906504971525  0.2868971119638568  0.8728703770868153  -0.516558312337946  0.0  0.0  0.0  1.0
13001298762603;8.701034267553123;25.18458523234435;0.06482907353958367  0.9845058095069643  0.1629279051330258  6.3851740744980345  -0.9368489547990528  0.11627664258992325  -0.32983901873480304  5.1549755360283225  -0.343673139939568  -0.1312556796296917  0.9298713456435931  16.84065925524157  0.0  0.0  0.0  1.0
13001298762634;3.6983118308243395;2.0073160606342695;0.956946551852827  0.1764864372764527  0.23044703155920554  1.6998508950947018  0.08793183958510137  0.5803538749713166  -0.8096032184922174  -1.2242815834427254  -0.27662481538026334  0.795010639717005  0.5398488624166893  2.4486522299587907  0.0  0.0  0.0  1.0
13001298762665;3.264462073407414;2.456930293765118;0.6634802983480642  0.0907593900981917  0.7426685847758537  -0.1220756753298552  -0.07126002289945209  0.9957684160680567  -0.058028188819602755  -1.0847478580256857  -0.7447925233515258  -0.01442202032720323  0.6671402419951509  2.262854088862581  0.0  0.0  0.0  1.0
13001298762696;11.28400940315467;11.525605025488836;0.4283980226812038  0.9035865084720625  -0.002560443340860464  2.017058146956849  -0.8811285017015482  0.4171192553815006  -0.22276465222105424  -3.837909435641549  -0.2002191240916295  0.09768801613938985  0.9748688905954129  5.983149533173177  0.0  0.0  0.0  1.0
13001298762727;5.9914853246080435;7.51639673416194;-0.7978539336153535  -2.463035222799448e-05  0.6028508107383221  12.690732508655241  0.03869984248346503  -0.9979394831712114  0.05117724220519601  5.36105483753144  0.6016073659840458  0.06416219542160381  0.7962108953489759  -7.632648939692764  0.0  0.0  0.0  1.0
13001298762758;2.650189718750765;6.801675791099775;0.8386264884763037  -0.3550968623076419  -0.4130518505044758  -4.462094329676789  -0.2962890446872365  0.3389321499277201  -0.8929377356477318  -1.547043619815968  0.457075939887705  0.8712239758665055  0.17902616862104181  -0.9506957788617757  0.0  0.0  0.0  1.0
13001298762789;12.47752396560415;10.71254918633182;0.9145109208553142  -0.379229456329355  0.1409070441408348  -1.597483141757124  0.3938813405656883  0.7551178943243079  -0.5240748565094492  3.7394491494144444  0.09234319244287367  0.5347728350649137  0.8399349675338521  6.471654241437521  0.0  0.0  0.0  1.0
13001298762820;2.5113803815995865;3.736997314169801;-0.13655481792950014  -0.6089147539173404  -0.7813933735078806  5.388073803566253  -0.6930199472561664  0.6223527534980989  -0.3638686616327306  1.4252881463669447  0.7078673141241241  0.4918331756552409  -0.5069753375851527  1.5430149917730651  0.0  0.0  0.0  1.0
13001298762851;8.315224491879562;9.30937132692779;0.33091425447385286  -0.7504115797597004  -0.5721697450482379  5.052848029775656  0.9385897390270461  0.1989589176296059  0.28189475143889764  -3.2484154372273037  -0.09769881257802628  -0.6303156431964919  0.7701669507078559  4.9598561497470275  0.0  0.0  0.0  1.0
13001298762882;7.127338882949794;11.198677173247145;-0.35685685892519514  -0.7915509056491082  -0.49608501892732093  9.764083419006253  0.9324142020997381  -0.33425736420112584  -0.13738911965663494  -1.4914532209190356  -0.057069588755768806  -0.5115849667879159  0.8573353391735667  -9.248764784852806  0.0  0.0  0.0  1.0
13001298762913;2.3308338239256097;3.3563172777629444;0.1531372053716501  0.5150180800251472  0.8433892183198526  2.5276869535642685  0.9049202106990777  0.2698471688367051  -0.3290925671283862  -5.358373796006494  -0.39707481486402263  0.8135962651819548  -0.4247266281770855  6.933798591917176  0.0  0.0  0.0  1.0
13001298762944;13.120560348922597;5.17663514380904;-0.9694849979377369  -0.22072902320322008  -0.10666553843401884  5.564216981322989  0.24203525941424844  -0.9309581860661851  -0.27337847207971044  -3.4264354482653263  -0.03895859306936367  -0.29085314870585754  0.9559742014897389  -0.4404550676048163  0.0  0.0  0.0  1.0
13001298762975;11.342250680316473;38.013594773928894;-0.9014943017139337  -0.4327693519222859  0.004325738557903665  30.604079381952474  -0.43185773715970055  0.9001614861926113  0.05664091834364518  11.234013596512447  -0.028406316773025686  0.049193361465479604  -0.9983852434582137  18.218319708197658  0.0  0.0  0.0  1.0
13001298763006;4.458598501776789;4.224375239504044;-0.38686482889714546  0.06126068015608904  0.9200993061779774  2.144250264215328  -0.03525353933099118  -0.9980439775803462  0.05162757771036619  -12.982835267252229  0.9214623118321337  -0.012463863061468183  0.38826776841577365  1.0050104180091162  0.0  0.0  0.0  1.0
13001298763037;6.669679305647058;6.23550352106289;0.7735669460382664  -0.5056253565879104  -0.38201724931261816  -4.36727829933494  0.4463120793468469  0.8626456931891817  -0.2380082684514348  -6.753240077313221  0.4498885504501354  0.0136164164707549  0.8929808986626597  -6.007024401114712  0.0  0.0  0.0  1.0
13001298763068;2.7376255445017748;4.602052587640684;0.7921740096679109  -0.5908525522153094  0.1528188468328465  -4.107368486957908  0.6007360977924167  0.7107789261217702  -0.3659364138621952  -4.522467455652194  0.10759404823597762  0.381689113968212  0.9180070484818492  0.7898883164997094  0.0  0.0  0.0  1.0
13001298763099;6.456555758447102;6.856872149846714;-0.15639918920198365  -0.9131418460882083  -0.3764455638463313  2.154025396098271  0.136458936018873  -0.397457758751785  0.9074173729814776  -10.174155889616186  -0.9782219852352328  0.09054998029060182  0.18676843596232293  9.322269190509882  0.0  0.0  0.0  1.0
