# teaser_benchmark.py --gpu 0 --input_txt=/neural_comparison/point_clouds_registration_benchmark/planetary/box_met_global.txt --input_pcd_dir=/neural_comparison/point_clouds_registration_benchmark/planetary/box_met/ --input_features_dir=/neural_comparison/experiments/3DFeatNet/feature_extraction_voxelgrid_0.1/planetary/box_met/ --output_dir=/neural_comparison/experiments/3DFeatNet/results_teaser_voxelgrid_0.1/ --cbar2=1 --noise_bound=0.1 --estimate_scaling=False --rotation_estimation_algorithm=GNC_TLS --rotation_gnc_factor=1.4 --rotation_max_iterations=100 --rotation_cost_threshold=1e-12 --rotation_tim_graph=CHAIN --inlier_selection_mode=PMC_EXACT --kcore_heuristic_threshold=0.5 --distance_metric=euclidean
id;initial_error;final_error;flops;transformation
7680147070030;7.545142564026325;40.391802305757345;0.22295906326260984  -0.9473445870931991  0.22984231423799148  -78.11086124190155  0.40896503843471255  0.304925289648878  0.860097764832953  9.226133809924018  -0.8848936961280454  -0.09776912108515624  0.45541667241668093  -21.394022983032503  0.0  0.0  0.0  1.0
7680147070061;10.640927348979892;17.389571174766008;-0.8174902515356491  -0.5374131497360831  0.20711541501038194  -197.8202541338329  -0.5755034276717781  0.7762587260871011  -0.25732896244236625  -71.71496754494375  -0.02248317998449007  -0.3295595494965553  -0.9438670509946898  -26.342259746601137  0.0  0.0  0.0  1.0
7680147070092;9.025949398967478;1424.7364682605198;0.6286707905264153  0.5168562971724395  0.5810616191180478  1638.8569144796443  -0.5218306648251321  -0.27362251581787606  0.8079749229311866  -961.6831217472702  0.576598468942689  -0.8111660045334068  0.09769298184749936  2091.3012489670455  0.0  0.0  0.0  1.0
7680147070123;4.786994751420969;16.749532578956966;0.28668969352864243  -0.9580234961874484  1.9422441466025037e-05  18.421855277392915  -0.9580088060252839  -0.28668518509056606  0.005543665538054299  21.228769692160785  -0.005305393714234052  -0.001607918644089032  -0.9999846335795218  -5.097385884578691  0.0  0.0  0.0  1.0
7680147070154;3.758201806177061;20.587911364462357;0.9323614056656876  0.20116738850523957  0.300389565443083  -39.57759720441986  -0.04494685573249502  0.8889430913663938  -0.45580693333002353  4.053899972031399  -0.3587227193597647  0.4114752266102303  0.8378580718124011  -4.879242149894145  0.0  0.0  0.0  1.0
7680147070185;16.67684111957192;35.48900592572096;0.37868294841972905  -0.918226319293746  0.11601573657224452  -74.15221134166174  0.9233506873513525  0.3834029944253799  0.02063133620095586  85.76295104214748  -0.06342501670418013  0.09931047488513878  0.9930330794259385  -1.1180126986303702  0.0  0.0  0.0  1.0
7680147070216;7.156480741338333;131.65416810410872;-0.7699889396992516  0.5502298802665166  0.3230543477539299  -297.6081332900871  0.5587403372891674  0.8259429021639014  -0.075017050402287  127.47820570490518  -0.3081010682013447  0.1227411961281405  -0.9434025283759969  -112.82339909948217  0.0  0.0  0.0  1.0
7680147070247;4.543534343953617;316.5876372560265;-0.9656317308889998  0.11531277385810937  -0.2329341634141773  -757.1712658672482  0.13771036920550844  0.9870519330070567  -0.08224558201092053  46.56782872115073  0.2204341500620915  -0.11149639335952098  -0.969008431209049  123.77429164664363  0.0  0.0  0.0  1.0
7680147070278;7.860981056932645;24.484202509062115;0.36027050868802823  0.26811748896760196  -0.8934865262998529  -61.413330684914406  0.4938804141585078  -0.86737761571184  -0.061140888713403146  56.75301856527906  -0.7913831544077058  -0.41924823657560195  -0.4449085513315719  -44.530651136038145  0.0  0.0  0.0  1.0
7680147070309;12.215977712507863;6.653900097002098;0.9559746320503921  -0.29038070383439296  0.04232670217202743  -0.2835773400883331  0.2642264092933472  0.9145216500101149  0.3063242665782798  11.620185115237154  -0.12765934164040435  -0.2816543954981336  0.9509857485727738  -9.559175919627489  0.0  0.0  0.0  1.0
7680147070340;9.621420397831704;21.884703334006332;0.6137343797395206  0.7874635337565759  -0.056844473164522846  -9.775980671882905  -0.7572307270974338  0.6074899474776567  0.23991162884088274  6.421476760041084  0.2234541050534486  -0.10419763297311503  0.9691290503424  25.122707868116994  0.0  0.0  0.0  1.0
7680147070371;4.530868242072095;15.465810107043476;0.9690334044337409  0.24113754965935494  -0.05316900634614495  -15.459264576473068  -0.24403248351400103  0.9680873915246749  -0.057052163507966464  2.442873417481126  0.03771482575252244  0.06826041689905658  0.9969544159103885  -1.3753018822570497  0.0  0.0  0.0  1.0
7680147070402;11.153677535127484;39.354282682251416;0.9200940341977899  0.1998635902462273  0.33687017310460177  -36.208168431717574  0.30514038969471047  -0.9049679938332054  -0.2965169012290252  6.124286278410034  0.24559379228839745  0.3756161277573043  -0.8936421060793928  -6.11797787973739  0.0  0.0  0.0  1.0
7680147070433;6.5184452478862145;421.7380683793236;-0.40929384370824035  0.8504830969195  0.3303892421928272  -45.179507961548744  -0.06761067935408863  0.3328423624876049  -0.9405555580458544  622.6927011531378  -0.909894139743637  -0.40730144068967633  -0.07872858992958667  -47.572578755328  0.0  0.0  0.0  1.0
7680147070464;13.779157687380561;22.513672633796794;0.5619034096726555  -0.7223777337094286  -0.40303221712299053  -36.99887873083722  0.723490675376883  0.6653829321473309  -0.18392062486225458  43.10276159734775  0.40103092254955264  -0.18824442474572878  0.8965144927502311  41.7041070012148  0.0  0.0  0.0  1.0
7680147070495;6.966857954116943;17.32166752098449;-0.5595434385739021  -0.82147182252757  0.10997811210475758  -129.44541935629377  0.8286946177018057  -0.5566503883425243  0.058357311025919845  86.41359817369391  0.013280472166020435  0.12379172004358835  0.9922193502989638  8.457541610092107  0.0  0.0  0.0  1.0
7680147070526;7.628096648499513;45.416558386727615;-0.6801715692910497  0.7329184603507359  -0.014041609781574637  -77.9084205677544  0.5616491618783186  0.508727458141756  -0.6524925994170435  83.09371575151859  -0.47108051890259006  -0.4516933736615304  -0.757664992526863  -19.1050317147959  0.0  0.0  0.0  1.0
7680147070557;12.205670442716103;79.0737249223241;-0.760738554699605  -0.18913949715470985  0.6208889610949929  -90.82908114166369  0.004180571321562132  0.9551517769744525  0.2960871590697088  35.351575711059425  -0.6490449708741156  0.22784058804043053  -0.7258300711767249  -12.439320567211134  0.0  0.0  0.0  1.0
7680147070588;13.972589640073979;173.4917212931484;0.9970048905405181  0.07015005900721227  0.03256098062979293  208.6816807270353  -0.06876795695441817  0.9967571992175306  -0.0417858098442422  -55.59306776820671  -0.03538666888256642  0.039421504655562364  0.9985958785395055  -16.274809031072934  0.0  0.0  0.0  1.0
7680147070619;9.983295415447671;163.51236284689531;0.3599526458157546  0.5078704557510925  0.782624873707331  182.43988458793933  -0.2936943685135876  -0.7345232405922039  0.611734604982694  24.34915550322443  0.8855380910348482  -0.4500480076670769  -0.11523489107580073  -259.18846613355885  0.0  0.0  0.0  1.0
7680147070650;4.983189947689928;38.57821965119854;-0.09861730508780381  0.9832439168217632  -0.1533167543689084  7.0939520153752  0.9946507801006856  0.10215136192502725  0.015327260093020122  37.97610911659264  0.030731950512715885  -0.1509850962507865  -0.9880582209201159  -30.573607369336745  0.0  0.0  0.0  1.0
7680147070681;5.27419459849476;7.327302403220053;-0.9824465314941009  0.186516188028988  -0.003244126746343487  -166.22326542671078  0.186224895308549  0.9795981294053672  -0.07554993866858001  8.63472951414157  -0.010913346074015437  -0.07482791236324401  -0.9971367420814596  -6.7084663616373215  0.0  0.0  0.0  1.0
7680147070712;11.641877588335147;18.98894772622927;0.5131421058786909  -0.8029722204357745  -0.303184419756069  5.634185157259261  0.8131325660162949  0.5678807470882249  -0.12777670824635987  30.988169239646492  0.2747737419371401  -0.18096151606062966  0.9443263844915593  0.9772183125549598  0.0  0.0  0.0  1.0
7680147070743;6.384964019908019;23.785849461397298;-0.5896537237072486  -0.8076553123707314  -0.0011758050483213905  -169.40828979981498  -0.8076369459384737  0.5896491091235111  -0.006040833139918017  -107.06888638594259  0.005572223375845592  -0.0026123761570014947  -0.9999810627294218  6.945092116799891  0.0  0.0  0.0  1.0
7680147070774;9.308681266179983;53.266455612128404;-0.6089189974280053  0.6650983404728403  0.43227520409057246  -166.1185021367309  0.7194023151928451  0.6926224842086075  -0.05229152191198008  128.5172512734258  -0.33418253016345234  0.27913848152659  -0.9002242746474806  -45.37578160187421  0.0  0.0  0.0  1.0
7680147070805;5.341016807889507;27.315937247438974;-0.4554818831668475  0.8694325186097556  0.1913722803612869  -172.74213925868696  0.8277892946015063  0.33452846052423313  0.4503949298587036  125.02015875418486  0.32756852389984364  0.3635626557873939  -0.8720785844560649  25.8612718363529  0.0  0.0  0.0  1.0
7680147070836;8.83474922596794;13.03780223944669;-0.547105634817811  -0.723629738005508  0.42075578026294597  -61.91303056826615  0.7839050759240362  -0.619202501877654  -0.045619004910074444  85.24765832134744  0.2935443003894497  0.3048741772314186  0.9060262025826484  -5.395096746704429  0.0  0.0  0.0  1.0
7680147070867;6.947504424693243;18.6883702915667;0.6255197345543723  0.7733764597505408  -0.10302384766037476  -56.999120260667624  0.7330717021441878  -0.6277840176991042  -0.2617118771416267  49.15139356212831  -0.2670785300215103  0.08818207655352239  -0.9596316898561955  -17.308850545965555  0.0  0.0  0.0  1.0
7680147070898;5.179162324391041;569.9018873692107;0.5945805871134462  0.5196370709217993  -0.6135562239531456  427.57434238089763  -0.6063709493620439  0.7909185213496197  0.0822323802154895  -626.9307883856632  0.5280039746039827  0.32314889309719785  0.7853576228015187  515.0959531683278  0.0  0.0  0.0  1.0
7680147070929;8.172064813793584;125.61029532029521;0.39302113494823676  0.783605656679117  -0.48114089652043696  -76.47841172235856  0.691940399887865  -0.5966391192028797  -0.40649753312884146  272.4719539507003  -0.6056012470983042  -0.17315870251680124  -0.7767001952205732  -171.14005953387658  0.0  0.0  0.0  1.0
7680147070960;5.592350345683874;7.264617033836616;0.7171973304164398  -0.6498264117236293  0.25170145782240555  -5.1576736254543505  0.38686007089446744  0.6716880445850779  0.6318025453486253  31.787676369698126  -0.5796268409856978  -0.35575385505692925  0.733124764157557  -41.18446620773361  0.0  0.0  0.0  1.0
7680147070991;17.111542984644494;38.688347555307914;-0.20293940400920726  0.8076977129817031  -0.5535702328923706  -96.56285778401205  0.955258719214353  0.03908001678147538  -0.2931783273936075  74.88964618160676  -0.2151659305404587  -0.5883002266976319  -0.7794911581295672  -7.314851402208574  0.0  0.0  0.0  1.0
7680147071022;5.465700088476111;51.511329038209865;-0.8710141384892434  -0.06785513156957149  0.486549125650758  -201.74122928852924  -0.0825272587779875  0.9965503214982279  -0.00875832634521147  -27.540019327294367  -0.484276390205461  -0.04778219167696568  -0.8736093177434144  -42.331828957035135  0.0  0.0  0.0  1.0
7680147071053;12.380450498325937;90.5192899639197;-0.6317163966734833  0.7113757183012489  0.30802431979513034  -240.07968520595392  -0.7457365593645887  -0.6661785108230411  0.009120073720108953  -145.1269165959028  0.211686981652003  -0.22394369633677458  0.9513347689799251  56.791112786139976  0.0  0.0  0.0  1.0
7680147071084;11.24151184560079;46.53334773354924;0.8735014509772208  0.4286242369632899  0.23081698080584961  29.051349905722805  0.3597246564997395  -0.8877545650749927  0.28721073046572465  122.18710425224509  0.32801430860076025  -0.16784843066334673  -0.9296416071137398  9.042441056548782  0.0  0.0  0.0  1.0
7680147071115;12.186275917515337;40.40479879663055;-0.3548296554082517  -0.7754458816319231  0.5222830653036252  -84.55170929660005  -0.9300253308153876  0.2356051979546572  -0.28203381843047814  -17.495384635172048  0.09564935799361408  -0.5858104431954387  -0.8047840237968029  -3.977697373054013  0.0  0.0  0.0  1.0
7680147071146;10.370232338681536;46.04578839889441;0.47113173128752955  0.8818995408517784  -0.016973261897404626  -35.131784844996986  0.8681107903959653  -0.4670027222487427  -0.16820259513561897  146.65179376218217  -0.15626435093170873  0.06451090805194591  -0.9856063085077154  -24.698823555263484  0.0  0.0  0.0  1.0
7680147071177;13.127472395246876;37.66245789894671;-0.5249612724123117  -0.540268714338169  0.657666616740297  0.32158542414802405  -0.12213245692547639  0.8125218343929852  0.5699929224122041  -45.24598832253466  -0.8423178292263516  0.21890177007516454  -0.49252684152781606  -6.563548657304969  0.0  0.0  0.0  1.0
7680147071208;5.015205061296216;103.4444399884326;-0.6638039106648848  -0.7096730006323108  0.23606905845438098  -105.651601816702  -0.7320101579518137  0.6812131999281458  -0.010474010646195431  -179.73537704562364  -0.1533802361497931  -0.1797576379940175  -0.9716798313958389  -19.48007598756419  0.0  0.0  0.0  1.0
7680147071239;9.396380850619304;35.69740337984293;-0.12487731587645792  0.11444553164004254  -0.9855495300932976  -97.87194036852966  0.5712541840149317  -0.8038669302001322  -0.16573055172794984  148.09002005327184  -0.8112177964177847  -0.5836952790782568  0.035007255774052864  -82.10478775678138  0.0  0.0  0.0  1.0
7680147071270;4.313719515461572;17.358705664758126;0.35487526658211743  -0.5118932678539408  0.782322713139587  -15.737951475246103  0.21585871799131442  0.8590390447330513  0.4641733873147756  30.01710725506886  -0.9096529882517932  0.00414752335014265  0.4153483345514255  -17.020885300884743  0.0  0.0  0.0  1.0
7680147071301;6.640988953970737;11.770663427203981;-0.5473878465986354  -0.01749400122593773  -0.8366961845958281  -131.73786457952988  -0.03968630264794479  0.9991993150498177  0.005072098787605228  4.719820189291751  0.8359375232505385  0.03598178323933346  -0.5476438336151271  50.33351598062745  0.0  0.0  0.0  1.0
7680147071332;4.27645581861147;105.84624505652769;-0.8171677469450674  0.5763947561674894  -0.002440986551095427  -85.31523702942756  -0.5757979759654713  -0.8161135471301686  0.04914640439218346  221.00442420846503  0.0263356075834299  0.041566371663091434  0.9987886025180589  -29.688013672612556  0.0  0.0  0.0  1.0
7680147071363;8.04771944655425;562.1778440343961;-0.6270181187060145  0.5526335137213649  0.5490395963191984  -948.0787615650422  -0.4944780515186984  -0.8269525408911171  0.2676582740734841  -411.3233354355972  0.6019466217038202  -0.10366144232887516  0.7917793695175794  620.7506296061791  0.0  0.0  0.0  1.0
7680147071394;5.63815225752638;53.036477919412185;-0.9386248817281909  -0.2648396219470567  0.22100521724085861  -135.6270081233467  -0.2375121218756191  0.9608470735738359  0.14269160159846878  3.38282112888439  -0.2501426060527874  0.08144246958151043  -0.9647775913575026  -13.440871299481339  0.0  0.0  0.0  1.0
7680147071425;4.625670255377578;19.37249365418311;0.6200240181973172  -0.7579562596078528  -0.20266357684528907  -19.06904649472573  0.751750772792684  0.6478585870459688  -0.12308544510381163  16.214699219675886  0.22459072212372383  -0.07603656825550495  0.9714820882671336  2.475397782072868  0.0  0.0  0.0  1.0
7680147071456;10.74094788718979;1534.6859274041428;-0.7957609778874661  -0.02575055075361632  -0.6050631167138425  -2059.1487718843723  0.197738630335769  0.9332908253665329  -0.2997793678017052  -1339.2756036717278  0.5724193394221737  -0.35819707483805807  -0.7375845412106607  672.1177830543413  0.0  0.0  0.0  1.0
7680147071487;5.184679137576186;20.58627069733852;-0.8091726954719825  -0.16446880515169834  0.5640829380814311  18.89046305939138  -0.09140948069905022  0.9835733421862105  0.15565277825653528  -21.17129603030154  -0.580416967137365  0.0743874496983253  -0.8109147005613121  -29.26130337882157  0.0  0.0  0.0  1.0
7680147071518;11.144942838730964;13.493207824654363;0.8630622780943684  -0.5019973481187899  -0.05587635110009459  29.50603027072894  0.5009918222547731  0.864868964409668  -0.03176268935072024  51.19774494854641  0.06427050773411229  -0.0005804159291473154  0.9979323448776225  -5.321673712281189  0.0  0.0  0.0  1.0
7680147071549;4.676713798522656;112.6028585496728;0.4861509946014244  0.6431293952735032  0.5916432974209909  57.15512761659468  -0.8510968097788756  0.5020291081666821  0.1536261531692633  -264.30016664075833  -0.19822066197111232  -0.5782312301220881  0.7914273268463948  -27.242808076450505  0.0  0.0  0.0  1.0
7680147071580;8.191691152633943;8.198260783002496;0.44968402106820327  -0.6095065567655975  0.6529058419524804  10.534416337696268  0.6641183993341491  0.716968215883376  0.21190405630581075  20.044743221471553  -0.5972696483681214  0.3383169145531363  0.7271936691593696  -11.729710235957524  0.0  0.0  0.0  1.0
7680147071611;7.069420748707525;307.43442726028024;-0.39488975767823226  0.9111496596186655  0.1177640737135807  -622.415270414189  0.5930370126866894  0.3506978929658815  -0.7247883066474919  276.70916859057974  -0.7016902314158826  -0.21637302430312733  -0.6788324782223103  -342.4308919839691  0.0  0.0  0.0  1.0
7680147071642;6.993248842026112;43.91406939822335;-0.09947509258773504  0.9639302608390691  0.2468666810109979  -101.99802727612646  -0.5733083210460451  0.1472557119348739  -0.8059983401483641  46.38901001551738  -0.8132787191203433  -0.2217074819244441  0.5379809638683286  -27.794700329068053  0.0  0.0  0.0  1.0
7680147071673;7.041527509178438;54.98478622387803;-0.2589448212865864  -0.9186491606809446  0.29838113061829685  49.575708942320766  0.6503145370595605  0.06259553111121119  0.7570817672972412  97.34976776587362  -0.7141698554390732  0.39008398975746317  0.5812021150314512  -73.7674586661452  0.0  0.0  0.0  1.0
7680147071704;12.282268918916616;232.4658852103646;-0.578891655607882  0.6970142953924504  0.423149528046684  -345.0855055013478  -0.8107647695785043  -0.547306521570527  -0.20764407012165195  -62.66237109833681  0.0868616110711769  -0.46327814913390486  0.8819458129937369  213.42420758323487  0.0  0.0  0.0  1.0
7680147071735;4.789281163838539;852.9971855112298;0.21038506936105383  -0.7341692309299843  0.6455491173765323  406.9039509752539  0.9774535548382858  0.14583465260447045  -0.15269840285259023  1208.0816544995375  0.01796303771479397  0.6631197436778736  0.74829775812884  -300.83276918633504  0.0  0.0  0.0  1.0
7680147071766;3.5325422548569234;44.64189069600203;0.03594874654652595  -0.9204729140636467  -0.38914945984404475  69.2596840435119  0.7074017849751028  0.2984929520584445  -0.6406907773532198  -11.529441387107624  0.7058968779048195  -0.2522529921460067  0.6618746299093315  49.42257311012655  0.0  0.0  0.0  1.0
7680147071797;10.169462042227867;8.919267032651787;0.021892417597538016  -0.9973579906217622  -0.06926586890132891  -4.855410462852184  0.9876752174903489  0.010835932690581807  0.15614175392289442  86.06046634623365  -0.15497866565152615  -0.07183050261307006  0.9853029950666073  -9.593203838149494  0.0  0.0  0.0  1.0
7680147071828;7.018945504589687;29.998559628982612;0.707317985364537  0.5503708060916526  -0.44361384489426814  -42.02901583413418  0.4732453578923416  0.09749333992238385  0.8755192059024904  12.131616278941227  0.5251096064758302  -0.8292086736598949  -0.19150163632198042  4.1992998698694635  0.0  0.0  0.0  1.0
7680147071859;4.745586814975582;505.3071660064477;-0.576375362368478  -0.8050069736845487  0.14055324248785836  -479.2197238028708  -0.7750133287650606  0.5930239852009819  0.2183503909152599  -955.9754322850993  -0.25912503138660115  0.016921149357843876  -0.9656955487177639  -263.39004805612444  0.0  0.0  0.0  1.0
7680147071890;12.81657864345006;107.68061305407439;0.690885335713125  -0.6709523883377213  -0.2692588818970874  116.9232270254614  0.6775967947265785  0.4710903351106621  0.5647446147964502  27.70730338794878  -0.25207149119412364  -0.5726227281109537  0.7801045920759213  76.04982107026109  0.0  0.0  0.0  1.0
7680147071921;5.809282261310979;495.95630268253984;-0.022167253176615952  -0.9935523983882417  -0.11118563101218124  144.79111733020991  0.9895104563474344  -0.005924423037354892  -0.14433973115801169  779.6055470754116  0.14275037536096513  -0.11321895984616526  0.9832618153196312  193.08120947484525  0.0  0.0  0.0  1.0
7680147071952;7.620338870136215;29.921363713270715;0.2816287592795947  0.1211139610983508  0.9518490691142707  -13.851462779158176  -0.4322854353089732  -0.8696102674568192  0.23855247882470498  -56.98965349380237  0.8566297592112758  -0.4786537278249768  -0.19255145928526576  50.166421184166836  0.0  0.0  0.0  1.0
7680147071983;7.6997638172701715;75.10687349553668;0.6554310897155501  -0.09507617671213636  0.7492466931899592  98.87359935463685  -0.7042873263656185  -0.4351975014510734  0.5608765431460935  -23.510810559506208  0.272744291516899  -0.8953008742051721  -0.3522029189152173  88.16621116420042  0.0  0.0  0.0  1.0
7680147072014;9.996205289495665;19.857828875664126;0.9889508553784789  0.14818360559894383  0.004221928217360782  18.723682433459032  -0.1470309327052517  0.9768267134091257  0.1555360948402338  -21.263985827146254  0.018923807069391466  -0.15443830807809072  0.9878211875253421  -11.411896334867118  0.0  0.0  0.0  1.0
7680147072045;5.258513707654928;3.5369396236479047;0.8493120634385396  0.527873159338131  0.004352763277616495  -12.65278330007722  0.5278577251109994  -0.8493222139533733  0.004242514110950585  30.959422191922418  0.005936407871044214  -0.0013055786920691953  -0.9999815270923095  -6.100661682132187  0.0  0.0  0.0  1.0
7680147072076;3.639515910577449;16.361826752985937;0.8046896190439075  0.49140165499358496  -0.3331651699570902  -48.250295208964076  -0.45810917181645483  0.15698236314327946  -0.8749242963591727  -1.447711249232926  -0.37763819152809897  0.8566685188166524  0.35143768319272445  -41.58482220646149  0.0  0.0  0.0  1.0
7680147072107;12.029329944120931;96.88960534436166;-0.049349147703065366  0.9982684451248539  -0.032012077236378875  -192.67073449986896  0.9949722378594168  0.04633904901424141  -0.088785913440592  280.6320647335637  -0.0871487665432254  -0.03623263728273973  -0.9955361814045394  -51.72231301323146  0.0  0.0  0.0  1.0
7680147072138;7.590759272086863;17.893718223181327;0.7984422086208848  -0.5400737471620836  0.2661022117888336  20.970282894945246  0.5774442817855492  0.5618113269593852  -0.5923901875734487  -20.891257111469972  0.17043515167293016  0.6266485302994338  0.7604363737669212  -6.173624385020351  0.0  0.0  0.0  1.0
7680147072169;13.199001909138557;17.884814560238613;0.34819281607084185  -0.8807878662632557  -0.3208963968013329  -9.818919070397722  0.934113493977655  0.3547404289652475  0.03988995395347331  -25.194797780474385  0.07870033802668781  -0.3136430498209291  0.9462739001438806  -11.309757656424456  0.0  0.0  0.0  1.0
7680147072200;7.797457500134239;500.01212628185226;0.30324052252277045  -0.652287074650062  0.6946702510865005  552.2160997863764  0.10221854810567103  0.7470557033039205  0.6568554974910794  61.10321522758494  -0.947415723916004  -0.12817701980288523  0.2932133995423214  -481.9149937683524  0.0  0.0  0.0  1.0
7680147072231;7.013635733914746;13.487606089394392;0.9701793792063795  0.24023789784838684  0.032213733098051214  -27.5940651991231  -0.2380871617800336  0.9694360637516457  -0.05923024306250263  1.7900887660658338  -0.04545850369570552  0.04979428416096718  0.9977244377615716  -8.191471556233498  0.0  0.0  0.0  1.0
7680147072262;9.795586278474453;158.89727906464702;0.9828993203510337  -0.08211722553585792  -0.1648201666173442  48.34964330167675  0.08666338804590651  0.9960252411956472  0.020571243850522475  -121.01392484730617  0.16247579273812052  -0.03450333565680378  0.9861090896055431  -274.9106108773822  0.0  0.0  0.0  1.0
7680147072293;5.948491684290215;43.51322706575832;0.6093105932231919  0.7928712634447836  0.009785733977267983  -44.822472057953824  -0.7921006242415296  0.6080607870981637  0.05327926679056395  -133.92284490170053  0.03629327847109534  -0.04021490764671076  0.998531701620327  6.274468693173913  0.0  0.0  0.0  1.0
7680147072324;9.966999865530171;15.017946670619981;-0.23421323127779187  -0.9707787117961696  -0.0522767158282292  -65.63712370226733  0.7453392002707547  -0.21382750203102974  0.6314643900608508  52.473535051979226  -0.6241903866883629  0.10893342966481798  0.7736406588767766  -38.5800671027076  0.0  0.0  0.0  1.0
7680147072355;6.355915505450699;630.1328672441831;-0.8450540028088097  0.5101659758792386  -0.1600450230153759  -1114.9687705359108  -0.4748510920170815  -0.8536692023240442  -0.2139283370982336  -164.3300850259208  -0.2457644659974123  -0.1047834436283445  0.9636494472547535  -115.64131362768798  0.0  0.0  0.0  1.0
7680147072386;11.538831497596764;11.689983127599405;0.6913279958445971  0.664795079521384  -0.28304258408523836  -67.59301624198949  0.6295714467053491  -0.74645461824561  -0.21551170825069854  146.23511768673887  -0.35454956727491  -0.029206251795762986  -0.9345809751975567  -67.65616167227547  0.0  0.0  0.0  1.0
7680147072417;7.834517558781045;126.85557005624922;0.9564885528865702  0.1630123476892601  -0.24198475716001258  184.6728878815962  0.05366923016458476  -0.9135149319411011  -0.40324940527443576  54.71292415681754  -0.28679132122589657  0.37271630447497334  -0.8825153225004221  -21.384947271188807  0.0  0.0  0.0  1.0
7680147072448;5.937688742105761;20.915549650505376;0.9013350299001159  0.42468669319078206  -0.08506689427524267  -29.690019742848694  0.40980066139982557  -0.8997710261670461  -0.14991837241167646  4.503342824710591  -0.1402090645829378  0.10026621114303165  -0.9850320325308203  -3.3671069100348134  0.0  0.0  0.0  1.0
7680147072479;5.153023637941118;11.324278669166123;0.13675790363063273  0.9906034746014448  -0.0014254480344609403  -43.441109509824116  -0.9902927410245376  0.1366786234912694  -0.025283214879431748  0.9223514511137261  -0.024850812233451536  0.004869290305188262  0.9996793121512827  -2.940251399020671  0.0  0.0  0.0  1.0
