# teaser_benchmark.py --gpu 0 --input_txt=/neural_comparison/point_clouds_registration_benchmark/eth/gazebo_winter_global.txt --input_pcd_dir=/neural_comparison/point_clouds_registration_benchmark/eth/gazebo_winter/ --input_features_dir=/neural_comparison/experiments/3DFeatNet/feature_extraction_voxelgrid_0.1/eth/gazebo_winter/ --output_dir=/neural_comparison/experiments/3DFeatNet/results_teaser_voxelgrid_0.1/ --cbar2=1 --noise_bound=0.1 --estimate_scaling=False --rotation_estimation_algorithm=GNC_TLS --rotation_gnc_factor=1.4 --rotation_max_iterations=100 --rotation_cost_threshold=1e-12 --rotation_tim_graph=CHAIN --inlier_selection_mode=PMC_EXACT --kcore_heuristic_threshold=0.5 --distance_metric=euclidean
id;initial_error;final_error;flops;transformation
38591597440030;3.9584549028563556;5.622746095542862;-0.4406796072762851  0.8974601656520973  0.01915032110769138  8.916961631733361  0.8849997840308093  0.4379343306003661  -0.15807879157885374  -2.277376286427606  -0.15025600153152058  -0.05271406974725129  -0.9872407816001326  -10.850367979839135  0.0  0.0  0.0  1.0
38591597440061;2.893302858668122;11.452409664754962;-0.7439409243911175  -0.36748399607155624  0.5581284920583877  -0.4754862351903693  -0.3174618529904819  -0.5405913262212758  -0.779088563585791  3.679587520399188  0.5880220003638801  -0.7567803714722008  0.285505860609653  7.315084579450005  0.0  0.0  0.0  1.0
38591597440092;2.596560926939177;2.7712727430740434;0.12159097014703213  -0.9592557057817467  -0.2550375009755746  0.0852462905327123  0.9415079690220549  0.19282105096026939  -0.2763743594737811  -1.0389187373850688  0.31429028022939176  -0.20651521307579235  0.9265921899744199  -5.358565561453069  0.0  0.0  0.0  1.0
38591597440123;2.5491129024057546;10.764782327416704;-0.052380926627444396  0.5383924505121698  0.8410646870230319  3.3429763359061675  -0.25885260260602594  -0.8207550921586593  0.5092704672565617  9.047988455535798  0.964495499548721  -0.19103572421704412  0.18235619929997557  10.516544903211958  0.0  0.0  0.0  1.0
38591597440154;2.8903184466470044;7.633889700215767;0.8592560380680961  -0.3096080533145052  0.40721237010474276  -11.24653753934586  0.38203414943441166  0.9177767213986797  -0.10833188969373958  -1.568745062801589  -0.34018960846775587  0.24865386178680915  0.9068860387662067  3.9651716174441307  0.0  0.0  0.0  1.0
38591597440185;5.076548343189817;4.005900457606525;-0.09189258078625859  0.48132593851650296  0.8717115890635214  0.7236810754689129  -0.7621987684900854  0.529339613149286  -0.3726293215289973  -2.3485989069026636  -0.640787633236346  -0.6986593696946841  0.31822365441492534  -0.2847687635204042  0.0  0.0  0.0  1.0
38591597440216;1.6762692747156474;8.015479560888307;0.3070793995072884  0.5169595443812033  -0.7990338364996957  1.2125436519394022  0.4499139918013021  0.6609911180190691  0.6005565267993678  10.861901528593448  0.838617697392358  -0.5439150405836195  -0.02961057661138214  -2.9348737791873467  0.0  0.0  0.0  1.0
38591597440247;4.93981129019194;6.674457604308399;-0.9353847035625498  -0.3535839830499893  -0.005815777824672727  5.689838738309172  -0.35297666670849936  0.9345261344884327  -0.04547940981878512  3.809219956314299  0.021515787240023787  -0.0404879104006739  -0.9989483470184177  11.26782978084078  0.0  0.0  0.0  1.0
38591597440278;3.836455877765292;4.803022154246366;0.4401289435342419  0.8965354676035092  -0.0501065703514917  4.142316318569863  0.6305782420961663  -0.26887382379489644  0.72806452150398  9.135283578318882  0.6392633210644424  -0.35203838172402163  -0.6836749111491451  -1.7187475322965515  0.0  0.0  0.0  1.0
38591597440309;3.8455601514228666;3.600915675531;0.021136724220806702  -0.1743062247701268  -0.9844646153598408  6.792465004394129  -0.1260184845510301  -0.97729555882093  0.17033124276052966  -0.9068516192194229  -0.99180269229352  0.12046049441734338  -0.04262263300235978  0.51496946172036  0.0  0.0  0.0  1.0
38591597440340;3.1249643016133017;7.274887533428435;-0.42636794003660755  -0.7714825385560221  -0.47225530427100115  -6.509515145697493  0.37881408466737665  -0.6263907527934133  0.6812741842111141  -3.495157347414725  -0.821407492640868  0.11157650970548025  0.559321386606471  1.3649509616000408  0.0  0.0  0.0  1.0
38591597440371;1.9082676334258446;8.29783075164871;-0.7935014811266202  0.6085527055532105  0.004359359325514539  -4.788584927320154  -0.5001595474715653  -0.6562132980389365  0.5649995880971079  8.04326064080147  0.3466926975332772  0.44614763480346986  0.8250796697509704  0.13688547357474906  0.0  0.0  0.0  1.0
38591597440402;1.653095540299216;6.784526155699956;-0.7977990008302415  0.17749676378877943  0.5762045236882286  5.113686940313095  0.13601431169116146  0.984032607992666  -0.11480389114629969  10.050250204286275  -0.5873813593309266  -0.013218367965153438  -0.8092023315950655  1.1132119922736958  0.0  0.0  0.0  1.0
38591597440433;5.513897604577699;6.05879704073229;0.9089155332302556  -0.035987141860171656  0.415424456518265  -4.93553546200673  0.3308599632011062  -0.5441007623368849  -0.7710292116223505  -9.003990922489596  0.25377990110196397  0.8382477474143051  -0.482634930098849  6.783877907115103  0.0  0.0  0.0  1.0
38591597440464;2.6229936829188185;2.6208516512204914;-0.49719205331326466  0.8409620360815944  -0.21350155969369208  5.4432161175847735  -0.8015779871075849  -0.5393911688280328  -0.2579339015617805  -0.4795203786467806  -0.3320734748616529  0.04289546432699643  0.9422776588848315  -0.03745247180176736  0.0  0.0  0.0  1.0
38591597440495;7.040304842930483;11.717489031758022;-0.2904011921846817  -0.81299260322121  -0.5046881955081928  4.728472277669301  -0.8637304131783932  -0.004307630043336619  0.5039357277213954  10.909806189242564  -0.41187002916988064  0.5822580797472973  -0.7009554961911574  10.999285799121605  0.0  0.0  0.0  1.0
38591597440526;4.4907205692444;7.3245036019813545;0.22121303225935857  -0.9726181398535357  -0.07126533790327833  -9.66526870070587  0.004226605884780316  0.07403123526852105  -0.9972469664066731  12.641173703658856  0.9752163504378477  0.22030281485370382  0.020487547589204347  -2.0791032234982625  0.0  0.0  0.0  1.0
38591597440557;2.48450718425269;3.6242361052101493;-0.2935967174611892  -0.9290380347733419  -0.225142837861882  -1.7170638995720684  0.4702610632729067  -0.3454218342557426  0.8121196271417368  7.773347327034892  -0.8322592744244128  0.13255974639341053  0.5383051307303923  -3.3174135385306953  0.0  0.0  0.0  1.0
38591597440588;2.328820346378117;6.304906421637042;-0.7451766046166529  -0.5534658744909186  0.37200450764204307  6.475006054274669  -0.18190341684826744  -0.3679859427729159  -0.9118648435269632  5.484599722876109  0.6415785025006071  -0.7471692389917634  0.17353718170336713  -11.437713400977712  0.0  0.0  0.0  1.0
38591597440619;6.320591373756098;4.193990087254442;0.5327706331884057  -0.6930791908020778  -0.4855890110877328  -2.804312196032127  -0.7990499277721195  -0.6009665649983441  -0.0189314733040458  2.7579275506138208  -0.2787017497960784  0.3980959972559737  -0.873982214709988  -2.0500370036770827  0.0  0.0  0.0  1.0
38591597440650;2.279414240855783;1.498896661320416;-0.3751044877307724  -0.82965736554153  -0.41347947843505134  1.4005142572441431  0.7292140288597291  0.011291541536708201  -0.6841925176468144  -2.0018706044784116  0.5723141824194091  -0.5581587201615791  0.6007622821958706  -1.8626050993019396  0.0  0.0  0.0  1.0
38591597440681;2.179632741963947;3.939083292538679;-0.2480129750648155  0.3291703542924801  -0.911118237142942  3.569296475686179  0.49695860606238507  0.8505546921917004  0.17201412573161978  3.301504458549053  0.8315778424537481  -0.41012631401270183  -0.37453264009205445  7.02909416358055  0.0  0.0  0.0  1.0
38591597440712;3.8212360075464504;4.869226390990986;-0.1163581861351302  0.3213654114324907  0.9397792532580024  2.9677879357686265  -0.9098045778170604  -0.4140271745219768  0.028933180614480712  8.279438838799868  0.39839227239300706  -0.8516488543362079  0.34055517351137304  4.568222499832181  0.0  0.0  0.0  1.0
38591597440743;5.199898909440479;5.559872374202541;-0.6320288288566602  -0.76866744162763  0.0984374099400859  2.0308837996131417  0.7662516639319501  -0.6009034433754058  0.2275377754595894  2.8379907244879337  -0.11574950114621066  0.2192382629041165  0.9687810057299789  -6.87004501703193  0.0  0.0  0.0  1.0
38591597440774;4.068195372446665;4.132700402028341;-0.7894101174344195  -0.5590678816748318  -0.2535246934162292  1.0838873168331438  0.610204001786973  -0.6696076454353247  -0.42341076672390393  9.370343326892199  0.06695328741249557  -0.48894652555691304  0.8697405086866326  4.1619132667628405  0.0  0.0  0.0  1.0
38591597440805;6.856595695350732;11.652274248812887;0.259920188747998  -0.8732019142921402  0.4122619462886992  -1.9451672876554575  0.8672064100232539  0.39887018806647906  0.29808659058466747  9.736336344083258  -0.42472878157217514  0.28003747954220826  0.8609207118869092  -9.143900938436424  0.0  0.0  0.0  1.0
38591597440836;1.767433218515084;6.692348606304255;0.3255860291750938  0.8940084520715248  -0.30780289997118576  -8.920269026106542  0.9116358148736348  -0.3831805371582027  -0.14863652640867123  0.0218418060142754  -0.25082639144571584  -0.23221017111192155  -0.93976835325866  12.013138290101326  0.0  0.0  0.0  1.0
38591597440867;2.621604289268463;2.349640706200471;0.15551178916761857  0.5367823189997208  -0.8292652322623729  0.3916855624776388  -0.806839068709138  0.5533620755750424  0.20688434092470925  -2.0615032592197404  0.5699357864132207  0.6369106337034752  0.5191512727914482  -1.9342798052701191  0.0  0.0  0.0  1.0
38591597440898;2.670728938211616;2.6087374916927213;-0.20968275404288736  -0.9777652813404787  -0.0028630861261635665  4.246735438018796  0.9725591247015657  -0.20886639019610176  0.10248697481228916  -5.158876776589053  -0.10080620822506456  0.018705230595358002  0.9947302261073899  -2.0143806589553614  0.0  0.0  0.0  1.0
38591597440929;1.8420211736250836;3.9378767139749855;0.9373100555437048  -0.055359001998445  0.3440715633039048  -4.2848279681783055  -0.25105090925485746  -0.7920297634244495  0.5564730854337162  -5.144690021636589  0.24170912423606614  -0.6079672974326388  -0.7562753893347888  6.051633730797811  0.0  0.0  0.0  1.0
38591597440960;4.0321706019458725;2.7523923701590154;0.5043236692746792  0.5600137429611397  0.6572992045514569  -1.3466179256585233  -0.6456123147500975  -0.26096113875401356  0.7176935440027516  -0.08582588813606067  0.573447796797882  -0.78631030246008  0.22994288985048483  0.3315758435002841  0.0  0.0  0.0  1.0
38591597440991;5.87031157311765;16.326298111638238;0.3934962244300944  -0.5973791280870215  0.6987838712257535  -8.45081498537874  0.07306795021361578  -0.7373771883323126  -0.6715176518742555  22.87296437012655  0.9164179155881014  0.31529836576348325  -0.24650587119992795  2.0529636529351545  0.0  0.0  0.0  1.0
38591597441022;4.407785844403787;4.362866435572044;-0.048007762968746245  0.9447373548655597  0.32429397930945797  4.800010223476911  -0.9189487634672552  -0.16901113851128435  0.35632626226693204  7.93941319964191  0.3914440251386392  -0.2809031245478518  0.8762790707317591  6.102796817649675  0.0  0.0  0.0  1.0
38591597441053;5.317946691794153;7.517387692564109;0.21798611503943868  -0.6864094724591348  -0.6937752444188143  11.111543265445492  0.3817117226788493  0.7142070186656648  -0.5866894368047275  4.727054266535271  0.8982083357548841  -0.13693199263530653  0.4176977555282846  -3.324483615375883  0.0  0.0  0.0  1.0
38591597441084;5.062681624331849;8.693068349190844;-0.9012141150968727  0.24697245813301572  0.35611476194324876  19.187842474819725  -0.3471124580517321  -0.9033480885718735  -0.25194279576687056  9.434005769336004  0.259472657934213  -0.35066627410870077  0.8998372652803821  -1.2837239791492605  0.0  0.0  0.0  1.0
38591597441115;4.0304954775959185;5.264865039713583;0.6426301887454575  -0.710266197414663  0.28731232017282743  5.87709107868812  -0.4841329432028906  -0.6670797377236192  -0.5662330940737174  -1.5452947103294286  0.5938364537637323  0.2247811209347951  -0.7725488423734852  -6.654703265175983  0.0  0.0  0.0  1.0
38591597441146;3.50878041807317;5.419033071218661;-0.5178399657923938  -0.8464954995054008  -0.12364117091500937  8.183983423457112  0.7049109738565721  -0.3403293592282412  -0.6223153912477777  -1.4405791424381937  0.48470845749245184  -0.4094157991142953  0.7729401106624569  4.168745303492824  0.0  0.0  0.0  1.0
38591597441177;1.8734213949510077;9.075258019513983;-0.03036222849239162  0.938796767984134  0.3431308256387341  0.2790600011694117  -0.16375759957819552  -0.3433226430308062  0.9248313421174313  12.357987822543143  0.9860332568739066  -0.028110339821589114  0.16415914575116278  3.218105052178235  0.0  0.0  0.0  1.0
38591597441208;4.856694250338816;5.032645961522871;0.499535922245887  -0.8506838852199682  0.16370946769509745  5.0623250959231365  0.8662287889802782  0.4928025405717442  -0.0824217274011879  -6.924765605629569  -0.01056160630360826  0.1829824675565817  0.9830594432887527  7.490363471692177  0.0  0.0  0.0  1.0
38591597441239;3.562972413096303;3.2482086715079106;-0.1440924775372532  0.7104540775642593  -0.6888340595451821  -0.7427609336317167  0.4298208612872815  0.6719395157319301  0.6031179937625795  2.398693087700688  0.8913424623114484  -0.209170482789177  -0.4021894131007266  3.9941354114016927  0.0  0.0  0.0  1.0
38591597441270;3.8856885051039876;6.693790192807319;0.474606936916341  -0.09555337861698597  -0.8749958898564991  8.628479703178158  -0.8276925246429906  0.2897532898699817  -0.4805914227903305  10.870435858978375  0.2994550718905933  0.9523195802063513  0.05843010418096399  5.82910467539181  0.0  0.0  0.0  1.0
38591597441301;5.885271651627378;10.102917466585485;0.08147983914149534  0.6955450412991722  0.7138474146045563  -4.656016488628359  -0.2539467069107577  0.707078103829199  -0.659963351357093  -2.0656214306297884  -0.963780112817575  -0.1275054924677272  0.23424398290650852  -6.745201777067838  0.0  0.0  0.0  1.0
38591597441332;4.848688954378692;5.69386705186362;0.051264558619590464  0.4986476962791521  -0.8652874782550789  15.015915855676452  0.46998759471676244  0.7524398600112991  0.46146063524262737  -0.17476261789751052  0.8811830716950315  -0.43033095642966607  -0.19578473407402736  -3.4282413308571456  0.0  0.0  0.0  1.0
38591597441363;1.9312590227021411;1.5554026065569506;0.6495354288727155  0.37102433369021176  -0.6636600563909745  1.9939123066845195  -0.5380473264316863  0.8410246456457164  -0.05641471382725283  1.9812156396816996  0.5372232321473553  0.393723874341182  0.745903954685131  0.9271010486855689  0.0  0.0  0.0  1.0
38591597441394;1.946076302141685;2.986081828093946;-0.5975926176788585  0.7883007547206013  0.14650932872230582  10.01747776654703  -0.617836630895991  -0.33626669039380636  -0.7107760621002145  5.29333685014228  -0.5110390991096678  -0.5152733575865603  0.6879915741799838  0.7589385344288156  0.0  0.0  0.0  1.0
38591597441425;2.927510512380139;4.071115601478436;0.6809216721095317  0.6850274400130613  -0.2590040209740212  3.3926360136583793  0.6126959909743415  -0.33911631448364343  0.7138653569791719  -10.159815098561253  0.40118486897629785  -0.6447771178323425  -0.6506252141012432  1.9122588210890186  0.0  0.0  0.0  1.0
38591597441456;2.426629832247053;4.560773281768326;0.19721376951319858  -0.9575052839043302  0.21045275101476213  8.262706423944548  -0.12566812933863752  0.18820714262802868  0.9740562574781394  -1.540281445042995  -0.972272724282092  -0.21854450978937798  -0.08321085781313634  4.525668790293702  0.0  0.0  0.0  1.0
38591597441487;5.191066102703561;6.620651328921316;-0.49741557352204224  -0.8601495963186367  -0.11278483572992376  1.3793985362539922  0.6837195474431426  -0.3086842420409323  -0.6612424813635015  6.280313504829063  0.5339525518825466  -0.40602550494827694  0.7416454420203866  2.183261159543982  0.0  0.0  0.0  1.0
38591597441518;4.920812353335283;6.487312625253115;0.9456885323499383  0.16310877166242124  -0.281191622187783  4.061916620843762  0.24366723693750186  0.2168874238529691  0.9452968438631681  6.670066128151815  0.21517313360423074  -0.9624735705364583  0.16536368583742136  7.00987621566766  0.0  0.0  0.0  1.0
38591597441549;4.927630398119143;8.141374827632319;-0.3853091006401448  0.8965604324898959  0.21844058198378283  2.2359570189484668  0.8949357535595419  0.4207782393492803  -0.14844416556717374  0.5450699246143479  -0.2250042087710753  0.13829339891567716  -0.9644936712346287  11.97753004934713  0.0  0.0  0.0  1.0
38591597441580;4.789769207117012;5.533257196989609;-0.0846366738043271  -0.8152904088368527  -0.572833468563053  5.763602953212876  0.31918273574825307  0.52241865345583  -0.790696611679637  7.971249695367725  0.9439062531033477  -0.2497604848250323  0.21601084596002154  -6.75711153319054  0.0  0.0  0.0  1.0
38591597441611;3.8037185845764383;2.664087961320699;-0.5579870241979676  0.7827150213860924  -0.2756948968030908  9.165865174617236  -0.8030664032857884  -0.42558507707707766  0.417087154061266  4.605291945343518  0.20912874680522758  0.4541305291057497  0.866043087723589  -1.9963113955246428  0.0  0.0  0.0  1.0
38591597441642;2.439160696844833;2.4488565254643815;0.1243589398636406  -0.9872101835436227  -0.09975423591887833  2.452827694783335  0.992216290491083  0.12307207823144617  0.018976207310971688  -4.0008449146012985  -0.0064565439754996345  -0.1013376389480272  0.9948311394263516  -2.372067900980817  0.0  0.0  0.0  1.0
38591597441673;5.598187939653337;7.237217416023847;-0.25659554551633085  0.12782034119365865  -0.9580295853460445  -1.1181524551542954  0.3257991937388003  -0.9217660971635736  -0.21024306761218634  4.895043605899828  -0.9099525324874508  -0.3660727011086341  0.194877310435834  11.068397354263002  0.0  0.0  0.0  1.0
38591597441704;4.778579004204095;4.837273510341848;0.7054895113707477  -0.6934360286263603  0.14639338628765008  -5.16053231488162  0.7087145443261833  0.691106028412676  -0.14176089782513246  1.360512082612331  -0.0028712377807734845  0.20376194859335012  0.9790162533375262  4.335880298902851  0.0  0.0  0.0  1.0
38591597441735;4.169490407709132;5.491563065037304;0.9971042819350322  -0.025888749786193876  0.07150401094576114  -0.6882539820587279  -0.014538155503123679  0.8580322871189812  0.5133899456513903  6.732658739063162  -0.07464377389568895  -0.5129428495416208  0.8551712928546722  5.217452518904006  0.0  0.0  0.0  1.0
38591597441766;1.9262032552907409;6.762917377161779;0.4990000360855226  -0.8344255326443356  -0.23395083769429997  -0.4258239715840731  0.8617289263475704  0.506359656787774  0.031986801553638394  5.9817083545376954  0.09177266195611458  -0.2175636193139498  0.9717221053719546  0.8506421992875802  0.0  0.0  0.0  1.0
38591597441797;2.2135128812075298;4.060408990699857;0.20737335723818706  0.8120135175819228  0.5455550732712463  1.991038471511338  0.6536126478314472  0.29992632659588564  -0.6948630837866281  3.784158711911277  -0.7278645459853965  0.500677786484411  -0.46854557603134284  8.124661157199258  0.0  0.0  0.0  1.0
38591597441828;5.443305572519713;2.6119731897384835;0.5376956036515503  0.66338692942694  0.520385645151066  0.4630565624131658  0.7401460387571629  -0.07577932902501151  -0.6681626557991694  -5.715998315382413  -0.4038158975645648  0.7444294964320096  -0.5317494200430403  6.793005459808955  0.0  0.0  0.0  1.0
38591597441859;1.9328163177142916;1.8729308097750228;0.5462796616862904  -0.834387961867159  -0.0733161668329784  -2.2396456469396133  0.825163689423226  0.5210721673821836  0.21814830285171294  -1.9006187049286225  -0.14381730384540697  -0.17966781979754148  0.9731577763363132  -3.235025945999218  0.0  0.0  0.0  1.0
38591597441890;4.287804159875307;10.633961670100135;-0.6918752165482456  -0.5258047009949885  0.4948111772564257  13.5858307858836  -0.7025598894313569  0.3322502924637539  -0.6293006792622662  12.90421260979392  0.16648809713765725  -0.7830320297212127  -0.5992850356401043  6.111666046275471  0.0  0.0  0.0  1.0
38591597441921;4.652169079942416;4.673284601389425;-0.32411622751592706  -0.9350372860716165  -0.1437148034012828  7.005972238163556  0.9435551116437665  -0.33047383827351257  0.022153859882470373  -4.400722038030613  -0.06820866771726106  -0.1284224118781366  0.9893711446043082  -4.164855998260882  0.0  0.0  0.0  1.0
38591597441952;1.783388299920841;1.7966044078868106;0.5424191648869616  -0.8400066869686903  0.013046662838286312  -0.16810866960465004  0.8400288957959872  0.5420895784517322  -0.022143693499463265  -6.080851488244031  0.011528390655525762  0.022970737513359887  0.999669666153268  0.10882426408904067  0.0  0.0  0.0  1.0
38591597441983;5.49349230429743;11.845805034887219;-0.7326755776825905  0.5386048112599627  -0.41604249200664817  3.411200873223984  -0.3284604439109639  0.2555618803140726  0.9092864576777488  17.704969959451486  0.5960706624665355  0.8028654822683283  -0.010333572893733933  0.04719642314893954  0.0  0.0  0.0  1.0
38591597442014;1.4576110063785062;6.137196064895409;-0.08917935256372986  0.811290508662118  -0.5778016559608288  -0.6007023203985  0.6483248670161321  -0.3931089298343986  -0.6520277878227039  3.083368951806654  -0.7561229462758213  -0.43275059773409486  -0.4909226112901651  9.854854987616175  0.0  0.0  0.0  1.0
38591597442045;3.4058146160113;3.4075675587065395;0.604618528250348  -0.7886701077232415  0.11151635073025848  2.8414565816127006  0.7943586610336583  0.6073380886043558  -0.011608779919584644  -1.2784420996376318  -0.058572629590933706  0.09560286247920942  0.9936947920506499  7.4329182744093965  0.0  0.0  0.0  1.0
38591597442076;1.5195309119701852;4.358690444589754;-0.9862887773189875  -0.15464228015589587  0.05762128879851494  13.611789609505774  -0.16234458706045227  0.9718998673386863  -0.17045492928987013  0.8429699676509061  -0.02964258400996326  -0.17747228813318644  -0.983679268947955  3.1319188488723526  0.0  0.0  0.0  1.0
38591597442107;3.7055155609155883;9.644259683389192;0.28230009477742596  -0.892530544909949  0.3517042548667917  -14.85199837685978  -0.37248997891841834  0.23587106138461808  0.8975611722922562  3.918729035266913  -0.8840576180849367  -0.38438791448749093  -0.2658722608734218  14.759998950895612  0.0  0.0  0.0  1.0
38591597442138;5.646923884727078;8.49477681627762;0.3494993888976328  -0.8577415277107696  -0.3770008604772368  -4.430980028057973  -0.9167670948412894  -0.396110452640033  0.05132838518374189  1.2142105643637815  -0.19336046901174989  0.32768274435756267  -0.9247895696177876  15.658903517273586  0.0  0.0  0.0  1.0
38591597442169;1.4800799852740398;3.4302126565499877;0.05264782819239878  -0.9962361181478263  -0.06886075140726729  -1.03590044543858  -0.945287109876302  -0.027485531745363615  -0.32507972167820853  0.6581790267053299  0.3219634856444603  0.08220792201743335  -0.943176214431452  0.9805509115839744  0.0  0.0  0.0  1.0
38591597442200;3.2131369785042154;7.013043147340094;-0.4026348464094923  -0.7887003037449116  -0.4645826205633279  -7.450272928746178  0.9138842196622242  -0.3175463654103115  -0.2529425604105968  2.9534000372730382  0.05196935163317061  -0.5264182146234925  0.8486359937001506  10.62500578571318  0.0  0.0  0.0  1.0
38591597442231;3.3002375565089763;6.638743401106129;0.5007277151979475  -0.8468594937336684  -0.17916683037269618  -8.606475142076976  0.7769458026513385  0.3484566649607276  0.5243407025846032  -5.738217836972468  -0.38161102575149897  -0.40175483882288554  0.8324458387830926  7.711757909122939  0.0  0.0  0.0  1.0
38591597442262;3.603766945068243;4.2408206466853136;0.7254429518224385  0.580864676560036  -0.36922723514923966  -1.2508231681617432  -0.675568246649961  0.4982839406334638  -0.5434341345785008  7.561343268005536  -0.13168169109426225  0.6436686585748845  0.7538903038234169  4.1352589352057985  0.0  0.0  0.0  1.0
38591597442293;2.0154890518338;4.387140149992755;0.7247874698346617  -0.38643357282934426  -0.5703965439595665  0.8090856256571943  -0.08043780387438487  0.7747712026362747  -0.6271039333901574  5.685636463472198  0.6842608298584215  0.5003985185388629  0.5304605917177789  -6.313550187137185  0.0  0.0  0.0  1.0
38591597442324;5.849680243723311;7.958205475666246;0.5187243924750069  0.77166081753091  -0.3680551417097207  -0.1566977982633023  0.5246053584957747  -0.6272192104027954  -0.5756607333657676  4.399154299642926  -0.6750660874973317  0.10552556462403376  -0.7301713036827889  9.482233351765043  0.0  0.0  0.0  1.0
38591597442355;5.300655887315837;4.658858681871113;-0.3430981161477654  0.22709919015361132  -0.9114327405395474  4.948216665610682  -0.60792027552887  0.6860116851398445  0.3997760703850292  0.9657814337992077  0.7160423320563941  0.6912408593848939  -0.09731111457626787  7.5200411396058655  0.0  0.0  0.0  1.0
38591597442386;1.9258199135952243;2.8998498067281036;-0.25612218654058827  -0.4907655290948808  0.8327968665970652  4.048871581193863  -0.48384380449726105  0.8109283960898003  0.32907492955988055  -3.190462048606252  -0.8368372592154849  -0.3186602138131554  -0.4451506146477502  5.081997528559082  0.0  0.0  0.0  1.0
38591597442417;4.983836368994222;4.989353815304258;-0.8287486133369497  0.27263864538976074  0.48871658958144704  4.023008284919847  -0.23274992341981818  -0.962108331708726  0.14203883695919772  -6.565793030721748  0.5089235787818766  0.00396574037085172  0.8608025696192821  -7.961371565015937  0.0  0.0  0.0  1.0
38591597442448;3.9670676070792013;6.750729889977147;-0.49850948728825173  0.5711664230595412  0.6521174804074599  10.56633766903361  0.5473624835623154  0.7907233728915735  -0.2741365702555351  8.692596025250898  -0.6722221378920055  0.2202849625651802  -0.7068181750602902  5.889346314970044  0.0  0.0  0.0  1.0
38591597442479;2.535069451706357;4.576709427951207;0.7303248383628411  0.08375990290258947  -0.6779453585179538  -3.08550684635642  -0.1749219504303932  0.9822949192721031  -0.0670746064456564  4.285713754054743  0.6603241186931732  0.167573775507868  0.7320458237256204  2.335282952590678  0.0  0.0  0.0  1.0
38591597442510;2.7117678210954486;7.4672814217364705;0.8454704087523672  -0.14251096731249374  -0.5146556247820118  -0.35464501446874463  -0.18208485354692147  -0.9829133488192594  -0.026952825857504914  8.368065431614975  -0.502020810358397  0.11649881076030782  -0.8569732394063034  12.616329623349856  0.0  0.0  0.0  1.0
38591597442541;1.1504027505085501;2.7103127822783444;0.9149318147301861  0.21732909394990269  -0.34009974906994944  -1.2016656712798883  0.23119751520365095  0.4084908549200774  0.8829965630795638  -2.3693030859844493  0.33082848027064726  -0.8865118647652603  0.32349533269003333  5.626809215797268  0.0  0.0  0.0  1.0
38591597442572;2.4453153833729853;3.8476754115471987;-0.9336821376295199  -0.2587526597643188  0.24755752248005153  9.547886720673006  -0.11698470602668126  -0.43298193956744424  -0.8937791777414962  -4.366857331970611  0.33845567572050184  -0.863466097234457  0.3739973990541561  -1.595293717161951  0.0  0.0  0.0  1.0
38591597442603;2.022769694472952;2.437880612575298;-0.5484476133852251  -0.8247634530646  -0.1377332997535783  7.6567484651697075  0.8331155571847817  -0.5530708910997021  -0.005572952078860854  -2.5619946062521026  -0.07157991162848909  -0.11780422703426244  0.9904536740020292  2.0014837106203935  0.0  0.0  0.0  1.0
38591597442634;2.3143065310168365;5.547572517509514;0.642383242482736  -0.6613991933389294  0.38716259740318365  -1.1889788358396243  -0.33348985569542633  -0.6960839123752955  -0.6358079136661836  10.023479455392557  0.6900204967431111  0.2793175504384123  -0.6677225622153821  -4.660795273260189  0.0  0.0  0.0  1.0
38591597442665;1.7442633128967042;6.456872880098743;0.9108060577773034  -0.2896502776425442  0.29416839017434293  -4.15811275543401  -0.41139983841904887  -0.6961663432264398  0.5883048491279902  9.808836974200112  0.03438746959210348  -0.6568524485912524  -0.7532346000514901  5.242799579396677  0.0  0.0  0.0  1.0
38591597442696;4.239524031860057;4.212096606424767;-0.09791686109322689  -0.9901597933056001  -0.09997935804285295  -5.1868430658325  0.9916532970861515  -0.10554237936073119  0.07405771085471338  0.8555707362234691  -0.08388102700739015  -0.09189336145710866  0.9922296021729546  -4.175165190884786  0.0  0.0  0.0  1.0
38591597442727;3.3606588330920775;8.371345985263943;-0.04781731689490604  0.2217574416078258  0.973928714689388  1.6284453950316846  0.45780470866645967  0.8714678327923653  -0.17595074632122282  11.313163056859063  -0.8877659336377969  0.4374556588955378  -0.14319285447423935  -12.118936354188357  0.0  0.0  0.0  1.0
38591597442758;5.505400493338908;5.17320962709768;0.5385850377106661  -0.8044347540127641  -0.2506209961089126  -4.124754151961861  0.23437511603253566  -0.14267308584943272  0.961619829017131  -2.972324727836916  -0.809317281502709  -0.5766533769177318  0.11169789948983214  -2.0793160610357706  0.0  0.0  0.0  1.0
38591597442789;2.5679788633882894;3.1131827723304566;0.6560281321952943  0.24739066488042522  0.7130392336319049  6.216462310261239  -0.7491708503689164  0.32797189498893237  0.5754802108282121  0.2924129429695003  -0.09148839667339342  -0.9117194168314012  0.4004966644639401  1.7625476353643856  0.0  0.0  0.0  1.0
38591597442820;4.890369584704633;5.3353489558369205;0.46732752004514677  0.2602903939452234  0.8448987512289834  -8.7245053759975  0.7822198758744924  0.32361776839759737  -0.5323566527848173  2.631387415554705  -0.41199157126736075  0.9096815106383123  -0.052368830495361174  5.574893191247163  0.0  0.0  0.0  1.0
38591597442851;3.7198562228278598;3.894450617413786;0.7667683418157684  0.63734057749369  0.07657217686017781  -0.2122745571898308  -0.623429739854265  0.7109335827268314  0.3254363231362405  0.377265571948415  0.15297604209267585  -0.2972716421578112  0.9424584347940543  8.632808298596375  0.0  0.0  0.0  1.0
38591597442882;2.8047071756103454;2.2190566619680836;-0.6069879502672277  -0.6220862709519491  0.49454453765408024  0.4072935052981139  0.7907586788462306  -0.5347628529990563  0.2978748107539042  -8.400000967729415  0.07916021765858153  0.5718718060417112  0.8165147257672937  0.6062052528798811  0.0  0.0  0.0  1.0
38591597442913;2.6498156260201227;6.844464608247279;0.9962221771849465  0.05442216047869786  0.0676727576925576  -5.793689791157785  -0.05734129905513745  0.9974721394811348  0.04196792086340684  8.029057501686436  -0.06521770547599826  -0.04568981733120345  0.9968245038544583  11.725852305356321  0.0  0.0  0.0  1.0
38591597442944;3.9890625842330967;3.9568995954734163;0.4942076093368992  -0.8671921656746285  -0.06112762604628935  -3.347976749710492  0.864133185645483  0.4977165962887466  -0.07451192686365286  1.6154764510865751  0.09504039320045095  -0.015998048983953912  0.9953448578703825  -1.4641025261336726  0.0  0.0  0.0  1.0
38591597442975;4.829702581700206;5.577066463634706;0.010423410358668755  0.7352574249206262  0.6777078069607763  -1.9634352391945773  0.08274541298075092  -0.6760544160226101  0.7321909745462404  -6.769703878525568  0.9965162061638237  0.04844528537863905  -0.06788597187521456  0.1611228130383468  0.0  0.0  0.0  1.0
38591597443006;1.5836086183196916;2.1373466559825536;0.5647787357690808  -0.49354968569404584  0.6613876982333348  3.105408891369093  0.5665189805846641  0.8146433805799977  0.12414671608426298  2.7876163784251484  -0.600067683066163  0.3045732592144329  0.7396985233938929  -1.710320432837725  0.0  0.0  0.0  1.0
38591597443037;3.2675087807083063;2.9863637853785874;-0.09665358135717292  -0.7853618190658755  -0.6114449266813581  4.683410928516702  0.9654808702563377  0.07531062484715562  -0.2493491506987645  2.5821277466878985  0.2418776020633091  -0.6144388683495455  0.7509727709320981  -4.105639420978483  0.0  0.0  0.0  1.0
38591597443068;3.1958174120499194;4.456851725974759;0.6004968062964224  -0.3642391808459081  -0.7118520947250895  9.043490170691001  0.751883766908118  0.5602054662994239  0.34762139834639477  3.866056023044076  0.27216610128349045  -0.7439755739706418  0.6102671207325512  -2.1405239590869245  0.0  0.0  0.0  1.0
38591597443099;4.778408638902547;7.5419503912880295;0.2040848120447667  0.7900280659832373  0.578104700250256  -4.291197794402182  -0.304676540482013  0.6124638576721209  -0.7294245874148308  6.926784186989163  -0.9303341309296167  -0.027270460285251985  0.36569758930469565  3.4763981665547172  0.0  0.0  0.0  1.0
