# teaser_benchmark.py --gpu 0 --input_txt=/neural_comparison/point_clouds_registration_benchmark/eth/gazebo_summer_global.txt --input_pcd_dir=/neural_comparison/point_clouds_registration_benchmark/eth/gazebo_summer/ --input_features_dir=/neural_comparison/experiments/3DFeatNet/feature_extraction_voxelgrid_0.1/eth/gazebo_summer/ --output_dir=/neural_comparison/experiments/3DFeatNet/results_teaser_voxelgrid_0.1/ --cbar2=1 --noise_bound=0.1 --estimate_scaling=False --rotation_estimation_algorithm=GNC_TLS --rotation_gnc_factor=1.4 --rotation_max_iterations=100 --rotation_cost_threshold=1e-12 --rotation_tim_graph=CHAIN --inlier_selection_mode=PMC_EXACT --kcore_heuristic_threshold=0.5 --distance_metric=euclidean
id;initial_error;final_error;transformation
36535719080030;2.8719654907800902;4.774237731541718;0.33435671626239183  -0.26620381733295895  -0.904069197532794  -2.5694952881485085  -0.8753270175233017  -0.44325173511132526  -0.19321105484562828  13.630802106415809  -0.34929672011628043  0.855957608154843  -0.3812195881088072  -0.8465397180819524  0.0  0.0  0.0  1.0
36535719080061;2.8185456084080336;4.469969168470026;0.3368283086960138  -0.14135610748770863  0.9308948068052086  8.677736315041521  0.481473635669348  0.8754883776042749  -0.04127031421220209  -4.879196136330211  -0.809153773158305  0.4621023171936682  0.36294850850763927  4.785843907504991  0.0  0.0  0.0  1.0
36535719080092;1.9001870719663094;4.1765826667651105;0.4243605623833721  0.9051990958510471  0.02308051048213572  -0.3235415441951513  0.0737036554139257  -0.009125232767257824  -0.9972384375391714  12.565248512515426  -0.902488716977832  0.4248897821757915  -0.07058887115059534  -5.458765323956502  0.0  0.0  0.0  1.0
36535719080123;2.152334886682317;2.0435989521699427;-0.066116846781828  0.9833140030417562  -0.16947605728723492  4.080053534661754  -0.9978115146608815  -0.06530296863261115  0.010378029578264631  -0.0033127580415549312  -0.0008624278447178502  0.1697913240120532  0.9854796611338297  -2.33351150744008  0.0  0.0  0.0  1.0
36535719080154;3.7084111945439853;2.7845391142926808;0.8651027261271491  0.37947696329016395  -0.3280160172605145  6.882320022231848  -0.41730989627644366  0.9073365372417388  -0.050920120344661264  4.305215761547094  0.27829790462221987  0.18093546506488653  0.9432988040725139  -5.242163179090686  0.0  0.0  0.0  1.0
36535719080185;2.3222284832250804;9.507756801147261;0.6368141550557183  -0.7674834524435948  0.07373521645680581  -20.44542902485448  0.7380824353503345  0.6344702657331169  0.22952516316924312  -4.653050156125072  -0.22293956703104864  -0.09174220471412432  0.9705057018514633  -3.0857638089714077  0.0  0.0  0.0  1.0
36535719080216;4.7404660091141455;6.952958672549272;0.5544906973664574  0.04245117267551507  -0.831106469997998  4.647360768014916  -0.8013610463345158  -0.2420752683178225  -0.5470100893827314  16.589500657474673  -0.2244115414850794  0.9693283563413003  -0.10020976819134397  0.6427858115449345  0.0  0.0  0.0  1.0
36535719080247;2.9917173628249674;2.9532200676969107;-0.6461098161802783  0.7255934682657486  0.23676195692206992  5.538421775838936  -0.7631506802348147  -0.6092989861578657  -0.21530393569123585  1.3449734032252973  -0.011964309116100382  -0.31979503479115845  0.9474112048262336  -3.416790310407627  0.0  0.0  0.0  1.0
36535719080278;1.8936058971638152;10.839007261293546;-0.9384536985529192  0.33684805468644324  0.07640709212047203  12.663111663522232  -0.2042130321857108  -0.3626873011919811  -0.9092606661676262  21.269451921452163  -0.2785708045683634  -0.8689023590761142  0.40915400185516787  -9.030297402280704  0.0  0.0  0.0  1.0
36535719080309;2.0474131250721026;2.195565955907897;-0.11444653600421464  -0.9623634372871903  0.2464926063179586  3.453579782542892  0.9464272703493911  -0.030204407980500263  0.3215013463075206  4.200426977106313  -0.30195597747956043  0.2700820399643998  0.9142637909011991  -0.47225897536052547  0.0  0.0  0.0  1.0
36535719080340;2.643359974182583;5.672979552969589;-0.675150093579346  0.6825948792114669  -0.2797080299420891  17.58332831261809  -0.32562673844238266  0.06446169220041634  0.9432984243864906  -2.127109005769651  0.6619211269865746  0.7279484330039753  0.1787498266737081  -1.8216650189813897  0.0  0.0  0.0  1.0
36535719080371;4.184735305781556;4.193652255053468;-0.9772341381599006  0.14737393784966138  -0.15262490510254145  3.0119925364112987  -0.138524366051542  -0.9880808456225173  -0.06713600020785945  4.483300510392498  -0.16069984201888354  -0.04446532307962431  0.9860012149173703  -4.647086044620564  0.0  0.0  0.0  1.0
36535719080402;2.5739270336253104;3.745662503839618;0.05509520342897557  0.9701782587819819  0.23604801364528136  4.139628843610192  0.6136373847246891  -0.2193925990901759  0.7584959113487046  1.5482690150425584  0.7876634297892497  0.10305839922694505  -0.6074251293134126  1.8265057517525247  0.0  0.0  0.0  1.0
36535719080433;2.734748311517099;5.431647682252922;-0.6888634147297092  -0.6405822975010396  -0.3392956173828575  7.436189448163373  -0.6816604121994824  0.731664101866881  0.0025931601111220393  -5.789584374051767  0.24658929069802657  0.2330707235317645  -0.940676224609416  5.96343759011886  0.0  0.0  0.0  1.0
36535719080464;3.7323423107611307;3.684003341569336;0.3103600565182958  0.9016434942774553  0.3011903792372887  -0.7644926660551367  -0.9491286547590438  0.27617388290349454  0.15127056262635913  1.6268835742418901  0.053211202140608926  -0.33281675983812503  0.9414890187026098  9.188094567922045  0.0  0.0  0.0  1.0
36535719080495;4.095283908390811;16.39615877310301;-0.07936300649158445  -0.06703856043078324  0.9945890330261973  -25.917755528337253  0.32461304344956904  -0.9450912893330055  -0.037799826048379614  7.005451632914728  0.9425114775020128  0.319856665152139  0.09676687726038963  -13.519942404546601  0.0  0.0  0.0  1.0
36535719080526;2.3278553928468253;11.218139023457715;-0.8364148797251922  0.08071872610738245  0.542120499732203  -10.04421671444323  0.3017459250047701  -0.7578955839543402  0.5783975108569579  15.571202862262805  0.4575582429782115  0.6473629361325149  0.6095585970229456  -0.34652343552644277  0.0  0.0  0.0  1.0
36535719080557;2.2194490343578286;4.880261609559772;0.6577127070796849  0.20897239167854703  -0.7237019652191505  0.1611639719445752  0.5426553931069175  0.5348884027960918  0.6476260656321846  3.7314822730014363  0.5224357561249895  -0.8186726672305566  0.23840290403373177  5.460195486554858  0.0  0.0  0.0  1.0
36535719080588;3.796227498088121;9.574868138227773;0.9271911961037137  0.15620992604656772  0.3404628391943695  15.208775503486915  -0.2281762565624474  -0.4852880249509972  0.8440563540311208  -7.834100297231593  0.29707251944418156  -0.8602871566190481  -0.414311388145921  8.602108634518034  0.0  0.0  0.0  1.0
36535719080619;2.4973131938563013;10.964204455802713;0.4137523075131849  0.8881017525387518  0.2002106519771417  -4.859654133750535  -0.7175495039736293  0.1827794906698215  0.6720969923587511  22.908684636019064  0.5602961157947761  -0.42174273547753965  0.7128824080430158  8.849924545117975  0.0  0.0  0.0  1.0
36535719080650;2.045757500568744;4.6205801009354825;-0.1078295990480983  -0.9523437972468448  -0.285331507924706  -5.976548244753698  -0.02742223456073864  -0.2840465802403311  0.958418260106447  9.320554128093095  -0.9937911242413181  0.11117028424553474  0.004513233867731024  -1.9002128381825647  0.0  0.0  0.0  1.0
36535719080681;3.422151150058385;6.1536884799473714;0.5218203794669554  -0.8324480938712071  0.18636969330649955  -13.570747117156818  0.5887370694651262  0.19333364612104859  -0.7848635322877208  6.98254555720584  0.6173266190685284  0.5192805333225357  0.5909784878501796  1.2650415885090702  0.0  0.0  0.0  1.0
36535719080712;2.329822326641319;4.656263231672133;0.5704788602397449  0.5306750097759783  0.6268475923371064  -1.9015439799615892  0.20787704397333923  -0.8316705148370754  0.5148895894651014  7.131670463862926  0.7945696977663245  -0.1634264016305187  -0.5847655997420097  1.259248732795559  0.0  0.0  0.0  1.0
36535719080743;1.5817497009913515;7.104005369630368;-0.29370901285853457  0.9191996069398292  -0.2623110717589504  -2.668584734088563  -0.9553488758211656  -0.2729990109600306  0.11304895170713014  12.948978132278151  0.0323038888200944  0.2838020835309518  0.9583385811656492  -5.17793332482424  0.0  0.0  0.0  1.0
36535719080774;4.455523395855616;4.547028330592369;0.44989808862979463  -0.8882152927574467  0.09308761227499851  1.4423825471876661  0.8017463971008084  0.44760655748403744  0.3960442960492699  4.55760297565219  -0.3934392260351406  -0.1035469140491023  0.9135007454883538  -1.9873892246611604  0.0  0.0  0.0  1.0
36535719080805;2.6623006804379994;6.638601270373161;-0.891520968220014  0.41173329080278326  0.18885460139683963  -3.226036059263062  0.3113876879783305  0.25425790232484957  0.9156367330338364  17.79709674436833  0.32898035047637525  0.8751163444651675  -0.3548849287450278  -5.549921498186974  0.0  0.0  0.0  1.0
36535719080836;2.3641851278479833;4.187560874330193;0.9632026409012128  -0.06317606589718938  0.2612459707989448  7.928273247086317  0.1447563858376169  -0.6970362701780652  -0.702272046158383  3.288653484278871  0.22646470215060027  0.7142473120383478  -0.6622420372687275  5.1109298156741865  0.0  0.0  0.0  1.0
36535719080867;2.3245937370798613;3.6030486711225214;-0.8464689298576944  -0.31889473030759846  -0.42637600984062685  5.127146660936138  0.43034882926673695  -0.8813008867570776  -0.19521432362902602  -9.267306925253447  -0.3135127364786303  -0.3487332762774917  0.8832297923431071  4.796493107277459  0.0  0.0  0.0  1.0
36535719080898;1.1108467191895781;6.079957430141977;-0.5950539896136919  0.8008933022812346  0.06693779056622297  16.420511641995787  0.8036177799565196  0.5940193453532862  0.03659892189406969  -15.823385985136461  -0.010450511115868694  0.07557073313864865  -0.9970856789214779  -1.3584027726774728  0.0  0.0  0.0  1.0
36535719080929;3.0133446968971027;7.513932540145411;-0.9992073328135315  0.03589828059179905  0.017205217296541862  10.146148625673346  -0.02908278815624285  -0.9534123062781008  0.30026515893545064  -17.84269337340417  0.027182668830117787  0.2995267729069052  0.9537005897173634  7.492148928026886  0.0  0.0  0.0  1.0
36535719080960;4.172447019856412;16.478248118158245;-0.6867449851689392  0.6735088317334526  0.27343587716748774  -15.848579634235943  -0.6114299485852952  -0.3317941712189999  -0.7183773701322171  25.215165866137298  -0.39310907305517295  -0.6605289407150429  0.6396614535514604  -23.72788290395569  0.0  0.0  0.0  1.0
36535719080991;2.0023267432930947;6.26358052434073;-0.7451985246522032  0.36843550818131743  -0.5558187071045324  -5.205241934208044  0.34960513161947826  0.925632030908005  0.14485025130267834  9.246569529416384  0.5678515746227237  -0.08637487868759146  -0.8185865681344868  1.5831655180015527  0.0  0.0  0.0  1.0
36535719081022;5.2049478600741095;5.741340560629267;-0.9150197851411317  -0.3870303198561158  -0.11378191557690492  -6.658060883564036  0.32757994706050864  -0.5482461690563776  -0.7694917260106442  -7.748837767939728  0.23543612952159992  -0.7413728276832641  0.6284394635036931  -6.3952390181909555  0.0  0.0  0.0  1.0
36535719081053;2.759339837400279;10.523667311285163;0.039553043364396745  -0.9533554420705395  0.2992473188436291  -14.726090179522485  0.9046870517135769  0.16131814767552058  0.394357444068621  -7.568324946406641  -0.42423683859656836  0.2551271375315156  0.8688689478123633  -0.41830244214613066  0.0  0.0  0.0  1.0
36535719081084;2.627616704218367;4.894090291449759;0.23173378135695855  0.18770531873687946  -0.9544978616507696  4.732545756774048  0.654111449211988  -0.7563311414613987  0.010070574238385338  5.776419711300777  -0.7200261568775116  -0.6266816718028249  -0.2980476734326535  1.1659001665638338  0.0  0.0  0.0  1.0
36535719081115;3.3642234081663633;4.52859086253463;-0.01158880424951457  0.7724732706014801  -0.6349415294515862  -4.735762755903298  0.8502340108209616  0.34181256757961864  0.40033273097253774  -8.066097622867208  0.5262773284679555  -0.5352095055685032  -0.6607442460511862  4.43403303247773  0.0  0.0  0.0  1.0
36535719081146;2.4293434851076756;1.8837099653396263;0.8475516819806194  -0.49355912751063585  0.19507827665520147  2.645329373733343  0.5304838834297205  0.7986734994249863  -0.2840906382434479  -0.23030679554278488  -0.015588322332629535  0.3442673800510105  0.9387422304550208  -2.3859364912789247  0.0  0.0  0.0  1.0
36535719081177;3.5423989428844522;5.947923000491738;-0.568211558950807  -0.7646853837370204  -0.30396033980383047  1.9961655709356778  0.7363779140051684  -0.6373794042871412  0.22692523604915643  3.0428343224986714  -0.3672644715189456  -0.09488813882427596  0.9252637726996421  15.491668788774701  0.0  0.0  0.0  1.0
36535719081208;2.4968567701157345;3.438171355236205;0.5771131525730593  0.5153675900405712  0.6335113702712508  8.128706043348428  -0.7293384197039401  0.6742668223193578  0.11588667681452741  0.11652175677604648  -0.36743146118826453  -0.5289239070557592  0.7650056351909622  5.002932879540106  0.0  0.0  0.0  1.0
36535719081239;2.6254413723760552;2.250208825596678;-0.44020243069569276  0.502632724985292  -0.7440310234012185  10.65770588078509  -0.4760792726643944  -0.8332255252681114  -0.28121833187226963  0.16915013495538808  -0.7612951767540277  0.2304247552142359  0.6060809236690379  7.0572138589137055  0.0  0.0  0.0  1.0
36535719081270;4.852975213123584;12.141138913181736;0.2627921750137858  -0.6802980684271464  -0.6842037787427204  16.362060652051984  -0.14335354583830517  -0.7287868011414969  0.6695666952421762  -20.16513552467627  -0.954143612695232  -0.07787385040074804  -0.289042608929295  -1.0283440279165232  0.0  0.0  0.0  1.0
36535719081301;1.4134837583742463;3.274648321573538;0.17309988575650354  0.8034910190772658  -0.5695951297309889  10.70047630202201  -0.9285737721175733  0.3259191828999596  0.17755966871213633  2.0282355544414545  0.32830957842625647  0.4981755398250694  0.8025172597730056  -3.571454201368186  0.0  0.0  0.0  1.0
36535719081332;2.6207414559357245;1.0887671435150685;0.722481992718901  0.6913803735010888  -0.0035985183646221053  1.7017342099766999  -0.32899311832893147  0.33920575610164805  -0.8813075417354118  0.8069644346292102  -0.6080980992316382  0.6379127167293376  0.47252943563958505  2.4051527938471273  0.0  0.0  0.0  1.0
36535719081363;4.7790429741920475;11.778091972866322;-0.07815530445827953  -0.474246812117914  -0.876916021966203  6.994901686350225  0.38957624839558774  0.7951386739582469  -0.4647416872435044  -17.19132424797421  0.9176721065124798  -0.37794768205654666  0.12261098872870446  12.756441936617598  0.0  0.0  0.0  1.0
36535719081394;1.4663573651430153;5.116905740846952;0.3319162120237501  0.5604107667169758  0.7587960205111098  3.5756900603103925  -0.4042509468674914  0.8112941828123261  -0.4223540231744185  -7.825193992794004  -0.852298539334981  -0.16655786226585675  0.4958282750760453  7.123299734626647  0.0  0.0  0.0  1.0
36535719081425;2.332117443040167;3.610861391196778;0.9685955699810449  0.2465140318836197  0.03245695453329428  3.526151935621473  -0.24352387998312963  0.966890414686951  -0.0762826708005023  4.1680972856886145  -0.05018706697005507  0.06598301350330504  0.9965578258375004  8.53553283676037  0.0  0.0  0.0  1.0
36535719081456;3.9542146055036578;5.53942965587208;-0.42898234390084256  0.4904989711686492  0.7585413027013336  -6.663981888300467  0.21600223204070482  0.8710720766047371  -0.44110823287821865  8.254599247170152  -0.8771072821353005  -0.025381029175504943  -0.4796234137145718  6.729598363366525  0.0  0.0  0.0  1.0
36535719081487;3.3533169379046845;3.5689980521861995;-0.9215140143774825  0.3822490961013486  0.06853867401401625  9.523942553629826  -0.384830138489882  -0.9225306960841483  -0.02903238351143246  -2.705330341063758  0.052131428291921356  -0.05312949568929351  0.997225937725271  6.032348864334229  0.0  0.0  0.0  1.0
36535719081518;3.0920879439740774;2.9307024705901856;-0.27996353921037687  -0.7929367725678911  0.541176211064767  1.6865368298168912  0.8864727569309923  -0.42990614032863017  -0.17130896569329748  -9.125285971070369  0.3684921545053128  0.4317777034740876  0.8232748914248973  4.157935156550472  0.0  0.0  0.0  1.0
36535719081549;1.5294161413651834;5.055285355244899;-0.9799389035713176  -0.18306762713715174  -0.07877810077564057  -4.6705786512880865  -0.17769180845927135  0.9815494519647159  -0.07061369947991333  8.03710638861533  0.0902516840503148  -0.05519888805165049  -0.9943881114956794  -0.3177248049941911  0.0  0.0  0.0  1.0
36535719081580;3.0692450464075005;2.350522817716509;0.8316614736358497  -0.540952145500659  -0.12533941737569904  -5.542774680872982  -0.07302699321201722  0.11720954002271472  -0.9904185892793389  -1.049409187008356  0.5504600362717152  0.8328461442582881  0.0579745501219684  2.2101396729710006  0.0  0.0  0.0  1.0
36535719081611;4.067373545893354;5.712165352497187;0.6045547210498746  0.7913628029525379  -0.09087630802036048  -1.0358305870304143  0.6519988208905251  -0.4260654712145212  0.6271887688695597  8.877662108477354  0.457614605114035  -0.43842117688571003  -0.7735475065207535  -5.22290566815459  0.0  0.0  0.0  1.0
36535719081642;1.8617882493278746;4.79626587794581;-0.4303238129560452  0.7499752028764051  -0.5023530741156722  7.63624570444676  -0.6353166119780622  0.1437049996561692  0.7587632539985952  0.27420520561237827  0.6412442736958258  0.645667149655545  0.41463202156610734  5.313091948394154  0.0  0.0  0.0  1.0
36535719081673;1.5998785025075408;2.3655134100271393;-0.11939769856713185  -0.8927672129636639  -0.43440867053267285  6.441572776013725  -0.8633501850625639  -0.12270113767993683  0.48945979279659435  2.147174231198965  -0.4902760931651761  0.4334871788982239  -0.7561205050794158  2.6188407866332923  0.0  0.0  0.0  1.0
36535719081704;1.9756325052656099;1.772548205858569;-0.9782875345084855  0.1892527162582957  0.08448022972368473  9.943324866823321  -0.1974610692515876  -0.9749293351070889  -0.10257639922355402  -4.063208035174512  0.06294939201715313  -0.11703076918702729  0.9911312592730408  -0.09468952693990781  0.0  0.0  0.0  1.0
36535719081735;3.6039393451346733;4.115595199789229;-0.21158771460258  0.42248138288912596  0.8813286107584106  3.0116309241682546  0.6327917033753259  0.7464441096989207  -0.2059025284816577  3.3312493480498233  -0.7448525351830466  0.514130987402897  -0.4252811171725248  13.125106667787355  0.0  0.0  0.0  1.0
36535719081766;4.290345428514503;4.4985235761751525;-0.8473337608948169  -0.44909829250509264  0.2834364502262482  3.162292876795859  -0.1586552317670507  0.7234162128770601  0.6719356370810796  -4.849996086401728  -0.506807670700424  0.5243850747452905  -0.6842267740329862  -1.9345101343778959  0.0  0.0  0.0  1.0
36535719081797;3.80649089162507;18.304620525481674;-0.2266485072436092  -0.622254847833054  0.7492858990482247  -3.4617383472559307  0.2518012182045455  0.7057167746788868  0.6622386129240246  31.70973809753924  -0.9408648153028956  0.3387664952221397  -0.003265124799697171  8.325540036637662  0.0  0.0  0.0  1.0
36535719081828;1.9802991795936433;2.004569889907197;0.17512484010879267  -0.9818638620094582  0.07262676405252222  -2.404061302666447  0.9749614420955105  0.18321556114886858  0.12602477764291983  -1.8408768760591798  -0.13704552821566968  0.048738225580914805  0.9893650026978476  1.9137779573626188  0.0  0.0  0.0  1.0
36535719081859;4.6068693402346454;3.9714032271953386;-0.2629854866949393  0.3973445002238561  0.8791791523516013  -2.3723951182092335  -0.8706636721512798  -0.490343946072145  -0.038827626072763945  1.857139088626701  0.4156722311916865  -0.7756804514052495  0.47490676297971757  0.2522252613928124  0.0  0.0  0.0  1.0
36535719081890;4.508629332811153;6.335573236482417;-0.5646461783388572  -0.8104281160670299  0.15614404239473292  15.297010350105872  0.6617326407710102  -0.3314802273118917  0.6724810562681169  -13.316874812073825  -0.49323889285573275  0.4830394679415974  0.7234557809466658  10.300230248135078  0.0  0.0  0.0  1.0
36535719081921;2.2999981710951882;5.091345777430198;-0.3252785836311  0.6253479655622052  0.7093192264405047  -0.23084455602233067  -0.8988839425454824  0.02841970762703692  -0.4372641970848778  -3.8451795522357926  -0.29360092108989466  -0.7798283414865121  0.5528709225032193  1.8568192150768263  0.0  0.0  0.0  1.0
36535719081952;1.2152378562390587;4.337589366151516;0.9186551858142966  -0.25917820154225074  -0.29815987225283136  8.791064044811696  0.39098961559853657  0.7045353060198738  0.5922475184123537  0.07582582603544785  0.05656651015052016  -0.6606486679142002  0.7485609978569441  11.30805871486183  0.0  0.0  0.0  1.0
36535719081983;1.4321260052918148;4.543754212961047;-0.08015501413071147  -0.7784630112310632  0.6225516154141528  -0.7103305953087423  0.48266270707700676  -0.5767690403784571  -0.6590706982244086  -1.099634868771702  0.8721306581624114  0.24765462686164325  0.4219659949417952  -11.264303079302191  0.0  0.0  0.0  1.0
36535719082014;2.1446172376713286;4.892887815664714;0.8486280451736189  0.42880516491252063  0.3097685773107865  6.329816127234502  -0.25662010381420036  0.8457784765188787  -0.467765850587442  2.567526310761124  -0.4625760080929309  0.31746637491512525  0.8277913611140539  -5.809020634867395  0.0  0.0  0.0  1.0
36535719082045;1.9741406690068724;1.9845727008236778;0.5211189617482711  -0.8519770023597079  -0.05069728944008048  0.7181841159244888  0.842620705759442  0.5230247538753499  -0.1282008309610004  -5.570629120999295  0.13574009699372228  0.024089298117570865  0.990451579727317  2.4432001407878152  0.0  0.0  0.0  1.0
36535719082076;2.7263856166451443;2.3416785888628517;-0.9187149867293564  0.21679169573990262  -0.3300971581475619  7.756493424357106  -0.2074180872219202  -0.9761683433924114  -0.0638208621981542  -4.654984677504934  -0.33606622896696836  0.009834938572925972  0.9417870055013433  1.9376948295336123  0.0  0.0  0.0  1.0
36535719082107;1.536577084651521;1.9424162047988554;0.2714850024455444  0.7519437239877624  -0.6007299970890077  4.8865921435061415  -0.7630997179577733  -0.2121827453230516  -0.6104566348561871  1.7995269805959189  -0.5864935753270536  0.6241467123542265  0.5162036105622481  1.36655452361708  0.0  0.0  0.0  1.0
36535719082138;2.448192473659257;2.5996826396974013;-0.9826529336397266  0.10608479605423943  0.1521158376217602  2.438691069653055  -0.14592740205934607  -0.9484873932623146  -0.2812060777271174  8.199591226294753  0.11444826489488291  -0.2985258462320976  0.947514598195701  -0.6052792215958188  0.0  0.0  0.0  1.0
36535719082169;2.751939271344588;5.117435072885809;-0.45017485453907324  -0.718915778675373  -0.529625059369651  -5.512512748877413  -0.29332044756478887  0.6792685578894389  -0.6727238224585139  11.996351785039217  0.8433894209563672  -0.14749348946439694  -0.5166623222032932  -4.923514098432799  0.0  0.0  0.0  1.0
36535719082200;3.495996902324403;9.356533878201283;0.040630218635718696  -0.6901019261406249  0.7225707694548773  4.560160358735586  0.061732874739126864  -0.7200525584812447  -0.6911681164529053  3.7206079681885  0.9972653796808837  0.07268868248643176  0.013346082883367916  19.339925445562777  0.0  0.0  0.0  1.0
36535719082231;4.028218031238248;15.714337234527113;0.5455846179334942  0.5480493641401224  0.6340183902222171  30.077259283578357  -0.0529308964744834  0.777558782815193  -0.6265785341562249  -5.614001697977802  -0.8363825350118043  0.3082924483871826  0.45323285559926735  22.290596372212637  0.0  0.0  0.0  1.0
36535719082262;2.352339194995012;4.542706587673912;0.8857216433988129  0.26578758647494266  -0.38059706947207605  -11.10917208091636  0.2367198932616802  -0.9638606953838804  -0.12221396003845815  7.70093830706396  -0.3993255095145892  0.01815265187040188  -0.9166294882235604  5.770198307224688  0.0  0.0  0.0  1.0
36535719082293;4.915635355433878;7.7927904364837115;-0.2523457333909332  -0.9571449928626852  -0.14210944190053768  6.063810141397474  0.084208214485245  -0.16802732025042394  0.9821791059998518  10.503143147346359  -0.9639660821069373  0.2358819244608448  0.12300044821076575  -5.609121333485685  0.0  0.0  0.0  1.0
36535719082324;2.6136203318699214;2.728505352618995;0.168320118416572  0.9857314965296197  0.0013245700084260625  7.539597890547864  -0.9849574342217755  0.1682409110617184  -0.03941888654415046  5.656616818322872  -0.03907928488967924  0.005330346574014584  0.9992218957258254  -3.5489645009149275  0.0  0.0  0.0  1.0
36535719082355;2.6932219088290648;3.78392204979494;0.9948136118917031  -0.10038144807323972  -0.016414703095196492  -2.5267735722399856  0.07178790643916791  0.5785867003130019  0.8124554921409506  2.1662658108425115  -0.07205812989569813  -0.8094201598080148  0.58279209913339  2.8597803349104307  0.0  0.0  0.0  1.0
36535719082386;4.785475193293865;4.003154937317214;0.3207708611582277  0.7988779420958423  0.5088222560624884  0.7076705839434619  -0.565578808104753  0.5924754533468106  -0.573666670640972  3.5373825926670412  -0.759754346124203  -0.10376353316171555  0.641877295696913  -4.204379101802923  0.0  0.0  0.0  1.0
36535719082417;2.477038884971137;1.915995216781218;0.8335158768297383  0.5230753056347011  0.17788622124244874  -4.079938946509082  -0.5385218892832512  0.8411268861598933  0.049997361347980385  -0.9579183494309081  -0.12347249829638712  -0.13746921842407697  0.9827801158704434  3.815654304292638  0.0  0.0  0.0  1.0
36535719082448;2.815184467780424;2.956317715222574;-0.7320559599457521  -0.3287234251755943  0.5966866692400025  7.452365291629001  -0.5757523507947029  0.7667264347799578  -0.2839714858290999  8.380420699694488  -0.364147363113171  -0.5514267711586365  -0.7505499410347619  2.5147216075484424  0.0  0.0  0.0  1.0
36535719082479;3.430440585461284;7.429761239285665;-0.20702414618070034  0.5603978775540247  -0.8019321802565951  15.448641999995576  -0.9622645693648071  -0.26460049248291856  0.06350966794874739  13.393322892813272  -0.1766009667111566  0.7848189588757025  0.5940297133527443  8.264562583597467  0.0  0.0  0.0  1.0
36535719082510;3.752685809770862;4.077864525847461;-0.4179033465479594  -0.9071261140665491  -0.04978961862214715  0.6610522098400499  0.9084136271032498  -0.41795703696657455  -0.009828394743774676  -5.67573341000366  -0.011894327939575984  -0.04933688709925  0.9987113679808703  3.6988415802190953  0.0  0.0  0.0  1.0
36535719082541;1.6713742885955687;3.826959406271728;-0.2394995874249022  -0.5644517322281465  0.7899583467550337  2.9762716080644034  0.9147606070369099  -0.40384048064276445  -0.011220428141778043  5.454008695947313  0.3253505485422845  0.7199354889008219  0.6130578377154711  -7.315404044523167  0.0  0.0  0.0  1.0
36535719082572;5.705872389959219;12.693402343464994;0.5429655100088933  0.8325515598238798  -0.10975588902472008  -11.651834853238958  -0.8389517567491787  0.5320778210892941  -0.11425034858737088  9.050588539083634  -0.03672063164284617  0.1541138947002928  0.9873704991906822  -13.304215513839203  0.0  0.0  0.0  1.0
36535719082603;3.111669804062568;32.79964329087812;0.11461353082796794  0.9929456784163726  0.03037463193843704  55.53484680297769  -0.9909346169732991  0.11643169760685591  -0.06702420962880357  4.5671352789511435  -0.0700879692609692  -0.022417392949108994  0.9972888934798373  35.39921561221145  0.0  0.0  0.0  1.0
36535719082634;4.355140868473985;4.469659221461802;0.8200114891903301  -0.4030844065429473  -0.4063300614005519  7.7249340832828555  0.1110137646029794  0.808468467274759  -0.5779746374116044  -5.645593330758172  0.5614776056660953  0.42883761335069603  0.7077013492364894  -0.8525998828579872  0.0  0.0  0.0  1.0
36535719082665;2.7201030154491477;4.3586368971923095;0.2023956222680488  0.9670602428275027  -0.15437130183146333  9.363478195425527  0.9709183312883637  -0.17756940129606186  0.1605823828804927  6.41878797973681  0.1278812185387217  -0.1823830980814001  -0.9748757866924802  4.4949809576623005  0.0  0.0  0.0  1.0
36535719082696;3.2991237738734345;3.232420723177978;-0.8240819209931076  -0.17227271596230903  -0.5396397861789642  1.2792884698436413  0.193543962317656  -0.980933911769215  0.01758963875490646  -8.240703898973043  -0.5323811812439379  -0.08994871914661137  0.8417122464246279  0.32490967540014565  0.0  0.0  0.0  1.0
36535719082727;1.2878238866021425;7.4755704715026345;0.8560419908966643  -0.45653513675401014  -0.2424206648177359  -7.462172003537757  0.4478396671203124  0.8892404198500468  -0.09322611360815532  18.943142770382547  0.25813125028799494  -0.02876012193837579  0.9656816830668614  8.547541190281684  0.0  0.0  0.0  1.0
36535719082758;3.2221881761895412;2.9172730302940915;-0.6488902598089381  0.7530414484268152  0.10894956482856508  10.929077436049026  -0.718692772919331  -0.6536125084531071  0.23721590787120594  1.269091252965643  0.24984420921568765  0.07562582723436412  0.9653282371175648  3.4340634609875043  0.0  0.0  0.0  1.0
36535719082789;4.375691271181936;5.469865917074406;0.17273603862992237  0.5596590205920958  -0.8105208458937623  11.720505020175116  -0.8342406949064692  -0.35434989562216773  -0.422467293922892  9.887548841821758  -0.5236456090911238  0.7491448005175345  0.4056813329907239  9.698512329136411  0.0  0.0  0.0  1.0
36535719082820;2.9711958970592893;7.624517348582433;-0.7593143214960281  0.21689251486200517  -0.6135139755277479  12.237577437553593  -0.3822964201337882  -0.9116417209566137  0.15086026569032165  14.222213345959837  -0.5265844740627258  0.3490945568296636  0.7751398467812008  0.06327568786097992  0.0  0.0  0.0  1.0
36535719082851;3.748982682712409;3.798476495449376;0.9404583922456541  -0.008648378576173649  0.3397987904668315  -1.2481188603345055  0.16934593510894447  0.8786970912886499  -0.44633325668489243  8.264226563000646  -0.29472014983165906  0.47730140090813505  0.8278426215014156  -1.5364566802387025  0.0  0.0  0.0  1.0
36535719082882;4.963661102647681;11.51666792130109;0.5629876911443417  -0.45359081445029675  0.6908691863632936  -14.618523847818338  0.345088480247137  0.8885905810808898  0.30219318327031747  -14.681900820274082  -0.7509719038823521  0.06827995504277022  0.656794524428053  -5.699023117676337  0.0  0.0  0.0  1.0
36535719082913;2.817358654932551;2.677741144043356;-0.16700957112302112  -0.1166616436864663  0.9790290414720475  0.3761419378759657  0.743110341284436  0.6377126199901437  0.2027551108639061  -1.9879579100307754  -0.6479929195827934  0.7613886492440496  -0.019811637309638988  4.995821421044453  0.0  0.0  0.0  1.0
36535719082944;2.334751411184137;3.017676442053169;-0.9023874015316468  -0.2616415825228615  -0.342404234570624  3.608223965475501  -0.15528872456313553  -0.5437531132053983  0.8247532745633637  0.41723015857294427  -0.4019731204701588  0.7974184812094396  0.4500459712575069  4.203955113910447  0.0  0.0  0.0  1.0
36535719082975;3.599500676289258;3.837181888529921;0.6470061394064233  -0.5549123421440522  -0.5229295823594209  -6.624533640911121  0.6535615956388916  0.7568534183443748  0.005490341189836454  0.6570091194522379  0.392734383873302  -0.3453189767108625  0.8523582040709297  4.257990743306909  0.0  0.0  0.0  1.0
36535719083006;4.488115034885534;7.256031027483055;-0.751682631028347  -0.42740663637266013  -0.5022915382473714  14.530517761193849  0.3769107509682912  -0.903362248313073  0.2046336583440482  -1.1734671868393471  -0.5412129969012389  -0.03549951418482488  0.8401358678677042  11.508697598364645  0.0  0.0  0.0  1.0
36535719083037;2.300426924388642;5.63443512968151;-0.1219773665054717  0.6071282635108833  -0.7851858338677851  -5.341606566652529  0.18999010131636532  0.7907467735431563  0.5819134828588229  -4.162588470944605  0.9741792871243912  -0.07819726195556886  -0.21180156930595467  -5.309566951032583  0.0  0.0  0.0  1.0
36535719083068;5.209340635066207;4.982891784360712;0.5143802747599909  0.8563408867745081  -0.04575170571778375  -3.6307602082753685  -0.8572130316765241  0.5119162709728351  -0.05592450122451004  0.7074884798793473  -0.02446939438932444  0.0679854186683919  0.9973861998176549  6.945312872819386  0.0  0.0  0.0  1.0
36535719083099;3.2857786138404523;6.025269973801432;-0.3946532093064478  -0.1953779086859136  0.8978175300035313  13.301324136628287  -0.14437893483971692  -0.9518062435954736  -0.27059120057241987  5.081918935913385  0.9074158735434763  -0.23641562437832542  0.3474249343255848  1.4680114829494966  0.0  0.0  0.0  1.0
