# teaser_benchmark.py --gpu 0 --input_txt=/neural_comparison/point_clouds_registration_benchmark/planetary/p2at_met_global.txt --input_pcd_dir=/neural_comparison/point_clouds_registration_benchmark/planetary/p2at_met/ --input_features_dir=/neural_comparison/experiments/3DFeatNet/feature_extraction_voxelgrid_0.1/planetary/p2at_met/ --output_dir=/neural_comparison/experiments/3DFeatNet/results_teaser_voxelgrid_0.1/ --cbar2=1 --noise_bound=0.1 --estimate_scaling=False --rotation_estimation_algorithm=GNC_TLS --rotation_gnc_factor=1.4 --rotation_max_iterations=100 --rotation_cost_threshold=1e-12 --rotation_tim_graph=CHAIN --inlier_selection_mode=PMC_EXACT --kcore_heuristic_threshold=0.5 --distance_metric=euclidean
id;initial_error;final_error;transformation
27844314100030;8.255147930606862;516.7825677485836;-0.43153911576778303  -0.5853772948954459  0.686372649646859  -399.262692290667  -0.8893537114098092  0.1486506472032326  -0.43238057436436433  -269.68325501978546  0.15107603239414757  -0.7970171941099828  -0.584756038642691  -623.0226627803802  0.0  0.0  0.0  1.0
27844314100061;18.254613203222405;154.28178163247;0.02471494740501899  0.9648630890607527  0.26158820834072244  144.63261984757364  0.9963622088569174  -0.0024269633859617798  -0.08518484965349171  15.141428081101296  -0.08155685217400149  0.2627419441521761  -0.961413100933518  15.023370853700825  0.0  0.0  0.0  1.0
27844314100092;11.393043179182689;70.76315103837582;-0.8635019636558797  -0.02201297515607023  -0.5038648506169275  -129.8426362743263  -0.1809563654520132  -0.9190044908088064  0.35026495639107874  -216.83122807179495  -0.4707644342607433  0.39363202969019795  0.7895787944449479  -21.356718922771716  0.0  0.0  0.0  1.0
27844314100123;5.730994932441914;530.4073949306156;-0.99974340562582  -0.01797368532062111  0.013786571135802804  -334.4913114513498  0.0121310368166026  -0.9388043563203592  -0.34423715444395414  -517.3250030869168  0.019130103330653868  -0.3439815797247169  0.9387815038424261  116.464165131374  0.0  0.0  0.0  1.0
27844314100154;17.463252642790277;47.657344276112845;-0.7952922035353089  -0.5939611312354036  -0.1213280082153837  -112.95816283107605  0.5692760720122073  -0.6629048903792941  -0.48629400587048977  -175.91288825270365  0.20841080785387514  -0.4558149634366727  0.8653309507216991  -27.282763060823306  0.0  0.0  0.0  1.0
27844314100185;21.245539471637414;993.0854742627981;-0.035154030331766686  0.9985634111618312  -0.04043894212614796  -61.78013131768248  -0.9993397717380963  -0.03549531996883738  -0.007752604901562385  -781.1510047834495  -0.009176860785862984  0.04013970788581506  0.9991519349312991  527.0524887796063  0.0  0.0  0.0  1.0
27844314100216;3.735345026853811;97.99613942650986;-0.993876740983839  -0.11032030928775545  0.006201055555147937  15.266805093419778  0.09676149914165826  -0.8960766676525405  -0.43322490460796237  -483.32616157824515  0.05335012666529398  -0.4299721328730193  0.901264516630619  -223.7202295350553  0.0  0.0  0.0  1.0
27844314100247;13.271216615726097;19.665623742621037;-0.05400441778154636  -0.9765290146680589  0.2085056506944269  -107.45646991599514  0.9919015148925258  -0.07650190697073653  -0.10138462893236677  -60.262810579464166  0.11495611168610871  0.20134185292996334  0.9727520499308856  31.913439228886837  0.0  0.0  0.0  1.0
27844314100278;11.802091711636171;902.4369744535502;0.8162380077532251  -0.2928910684648203  0.4979662003716539  -183.05464589602352  0.21089815148531008  0.9535360495359688  0.215153368403606  1026.060918008825  -0.5378452234603608  -0.07059620562660966  0.8400825503199074  -278.41786381248704  0.0  0.0  0.0  1.0
27844314100309;7.478645140598016;36.801687972692704;0.8507902134201482  -0.4970745264504192  0.17050785290592935  -48.34539758350819  -0.47487412378507166  -0.8661811825051844  -0.15564294276735136  -127.2752510707951  0.22505683572790874  0.05144972524719767  -0.9729863033281242  25.39026102066065  0.0  0.0  0.0  1.0
27844314100340;12.12926847078954;24.19373050409895;0.95114793684892  0.3086047984075368  0.008982239580824192  42.24196345056897  -0.3082894332060096  0.9478083311553841  0.08134490006118131  -6.774182205077671  0.016589984977723266  -0.08014016341566703  0.9966455370923751  25.505930726998926  0.0  0.0  0.0  1.0
27844314100371;7.953713343024883;465.71126226552946;-0.8360283701672145  -0.4032392174128563  0.37209501181259846  -268.69952374609267  -0.5480960131505286  0.6451972540859612  -0.5322699161970653  279.32536468377583  -0.025442575420860595  -0.6489365430149566  -0.7604170161797743  -544.4783626597091  0.0  0.0  0.0  1.0
27844314100402;10.041005189608843;20.077444563514444;-0.9984783709033322  0.0548041863041038  0.006119150412630573  20.76185445706302  0.05440025874537653  0.9970874655688218  -0.05345276282830702  2.7834783082853085  -0.009030763348875842  -0.053038544183341224  -0.9985516301845629  -10.230421940136306  0.0  0.0  0.0  1.0
27844314100433;14.948099495912265;6181.7933032263745;-0.9476410383488137  0.31699964727541907  -0.03857053362921372  3667.8787565115604  0.30046537117640487  0.926016346394041  0.22850445714440115  5579.925204009167  0.10815277694542923  0.20495109133227857  -0.9727785087062217  1283.521951662241  0.0  0.0  0.0  1.0
27844314100464;4.885279212879443;8.40612631580118;-0.684208843374607  -0.43428378673068946  0.5858804069354391  -4.9208184850739665  -0.6830460298693309  0.10009894229753724  -0.7234834641031261  -45.72461170073398  0.2555511293806543  -0.8951970701101336  -0.36512439789543616  -87.09021876032169  0.0  0.0  0.0  1.0
27844314100495;16.561379565347497;54.55147378124854;0.9383011645150661  0.3442115358330812  0.033306805147036295  44.618032614537384  0.3414986377531512  -0.9374476712246547  0.06760579951611839  24.487258890937664  0.05449408300368898  -0.05206037182832342  -0.9971560121679471  17.183390110729245  0.0  0.0  0.0  1.0
27844314100526;4.988304065514908;6.3017955908063;-0.9389173078961806  -0.3441351978203795  0.0022922814215755594  -66.99283643450744  0.3441414503486008  -0.9389115849394476  0.0034202073702855884  -120.49953828805825  0.0009752358426988877  0.00400016094958307  0.9999915237777907  4.408174368844195  0.0  0.0  0.0  1.0
27844314100557;9.320673558395054;24.025634670376405;-0.38587693070753265  -0.8646439400375987  0.3216983856098632  -26.419856076297133  0.8950604865666276  -0.4353697631618118  -0.09653960177844285  23.901660010376144  0.22353013160387694  0.25068710832566976  0.9419077736086839  19.788677295969837  0.0  0.0  0.0  1.0
27844314100588;15.87658357879776;22.454120914143896;-0.4240914743909715  0.667683198781971  0.6118378603953558  -11.432349278350683  0.8601273351096026  0.5083972689628892  0.04139063068291459  1.6064437092976116  -0.28342086857912463  0.5438118819733079  -0.7898995178366071  -16.96944841223247  0.0  0.0  0.0  1.0
27844314100619;9.309459031404598;7.056967669966493;-0.5722704409906281  -0.7168189707864864  -0.39834294959117056  -70.39073468533587  0.8199441913048722  -0.5084841965147767  -0.26293600940175643  -95.677534281772  -0.014073575018119608  -0.47708949371718895  0.8787420266897934  -25.83503576877689  0.0  0.0  0.0  1.0
27844314100650;9.597631194952498;30.1971941656877;0.033476857902229276  0.7301658640324497  -0.6824493468285691  20.080578472061788  -0.9754324462813366  -0.12489356278278965  -0.18147490382151596  -73.22907850841501  -0.21774031029325058  0.6717584454081451  0.7080464308901158  61.82285898390884  0.0  0.0  0.0  1.0
27844314100681;7.297471099283818;129.81327759216575;-0.20117630720625534  0.965639205878221  0.16452664674675777  -28.23135402406487  -0.7349405773133525  -0.25983642409544994  0.6263763888682304  -77.93613610048227  0.6476036142866788  0.005094780090207841  0.7619603677217486  127.7686769226139  0.0  0.0  0.0  1.0
27844314100712;8.650942439496344;97.50716958031923;-0.19786849428068326  0.9460658945797833  -0.25652949554398086  120.12744379033657  0.9792814913425247  0.202289310140706  -0.00931642188601012  20.66411421553204  0.04307922567846438  -0.2530580133403236  -0.9664915013590093  -87.07486923029437  0.0  0.0  0.0  1.0
27844314100743;12.733448854215453;8.620115126126828;-0.1482601438440928  -0.9811186180568103  0.12419817651488997  3.4966181849861804  0.9559680630456406  -0.11001894623984115  0.27206781122551216  12.140036518626642  -0.2532666424622377  0.15906630306438185  0.9542294897168789  4.7602864776756215  0.0  0.0  0.0  1.0
27844314100774;4.598125415447288;6.86018535159162;-0.3893605762313645  0.8886443695364414  0.24230048734569318  66.7113955519358  0.9057907468566176  0.32166985047644037  0.27581085947329353  -64.05246965248647  0.16715700579309153  0.3268634145719672  -0.9301714055101047  27.780816581314017  0.0  0.0  0.0  1.0
27844314100805;11.913189531673748;226.33196182365248;0.6667054042147351  -0.7184646587088305  0.198273644686505  223.72584365383617  -0.7358321549683818  -0.6768139450808461  0.021769783156668002  68.77451813299709  0.11855354784001065  -0.1604101553222397  -0.9799049129196371  -154.04369099129633  0.0  0.0  0.0  1.0
27844314100836;8.640990827250187;3813.1819817310393;-0.8091594386767996  -0.3051247934185097  -0.5021552182757415  -3195.7258413102204  -0.3368672779264512  0.9411046644707645  -0.02902494743823557  960.0522720933538  0.48143684929871  0.1456738513003657  -0.8642902806260464  2429.5919206149147  0.0  0.0  0.0  1.0
27844314100867;6.409696051288649;39.2831554960288;0.7250182950609765  0.13714401569726842  0.6749370272738797  36.0283135682869  -0.026540788442975104  0.9848093993314112  -0.17159846601100368  41.23279338697918  -0.6882180311323582  0.1064986664091703  0.7176447419701258  2.259367919768089  0.0  0.0  0.0  1.0
27844314100898;22.51393172662874;1008.2669769644153;-0.9919585492406982  -0.1173514774726652  -0.04740113208850383  89.41523144587899  -0.11248747626470691  0.9891234902775767  -0.09476966109837912  -358.98926488566957  0.058006932963967875  -0.08867554181445497  -0.9943700739724758  -584.9445222729819  0.0  0.0  0.0  1.0
27844314100929;11.35647365629622;20.18345182666977;-0.19973789679137843  -0.9115498537959642  -0.35941847007341343  -32.34475258398774  0.9094801335768247  -0.3089689907531188  0.2781798867317339  44.101472928272045  -0.3646239970359025  -0.2713208926668856  0.8907492991790713  6.99780511898313  0.0  0.0  0.0  1.0
27844314100960;8.931838196630506;152.11756410101023;0.9936864688341392  0.09001071080168212  0.06697218524816408  30.233631649109753  0.08873290474316518  -0.9958163888427591  0.021821808541165444  -287.29394129784407  0.06865619616450357  -0.015741399338778394  -0.9975161828637557  50.127097961702354  0.0  0.0  0.0  1.0
27844314100991;2.7303992422678602;241.04585886411687;0.18925072812686258  -0.7836195771542709  0.591713207731595  356.42127868033674  -0.9664924507023828  -0.2550858299998372  -0.02869777114334676  -377.9651364346265  0.17342579000469946  -0.5664552741689811  -0.8056375846045108  -43.29427639992135  0.0  0.0  0.0  1.0
27844314101022;3.041428379569016;7.429395698458204;0.016690595200786605  -0.9845346801652448  -0.17439291150664016  0.8450915108747169  0.9875578250756825  0.04350961388261939  -0.15111735714858593  24.19368328377633  0.15636804713121982  -0.16970084576013378  0.973011128808229  9.66944754349888  0.0  0.0  0.0  1.0
27844314101053;13.922293305846535;545.7535528331598;0.8962425882205868  -0.41355912624980207  -0.16036855101660027  18.933596846719464  0.41868668171644624  0.9081285594354158  -0.001995517734223064  -613.5645079928594  0.1464605257840315  -0.06535570849785483  0.9870551888085125  408.65170467007715  0.0  0.0  0.0  1.0
27844314101084;10.548695524568679;417.0966400885137;-0.9912667482517465  0.10721606528749497  0.07677857223649996  -154.29941070388975  -0.10374108714839748  -0.9934496256166087  0.04791271438238534  -812.7766499946961  0.08141265655705154  0.039529188032225535  0.9958962911095895  124.40373672517957  0.0  0.0  0.0  1.0
27844314101115;4.295014706995369;63.52380610489844;0.14747957531847117  0.9355826656067863  -0.32083461577576666  173.43491949851017  -0.626370914287137  -0.16269432044987564  -0.7623582070316085  -119.97284534264794  -0.7654470932722777  0.31339373623200195  0.5620276803606443  47.011083200560535  0.0  0.0  0.0  1.0
27844314101146;10.908481463882481;277.6278975848868;0.8954417151654241  0.4429984028645793  -0.04400624729553165  265.5540322000201  -0.44516255222196227  0.8918673176144606  -0.08001868450815769  293.13060286127086  0.0037995842973059077  0.09124200146105536  0.9958215002341275  59.58046854345889  0.0  0.0  0.0  1.0
27844314101177;7.524206569447689;788.8760169059635;0.8891098746198909  -0.12261603947312338  0.4409636467072165  323.30838617046  -0.16855456144942574  -0.9834538666304531  0.06639165628452036  -1125.4670854886244  0.42552672145000847  -0.13335591128081123  -0.8950660368143076  36.32025919746345  0.0  0.0  0.0  1.0
27844314101208;16.92222694472815;3288.235851487887;0.3027969307918372  -0.9415017425816306  0.1479475833489561  -3529.9433710267203  0.9185349650472234  0.3296930383566869  0.21816511738779854  -2.655513657913339  -0.25418012646298477  0.06983530034938831  0.9646323103319582  -541.7803375532137  0.0  0.0  0.0  1.0
27844314101239;4.364181244222641;42.264582447898384;-0.9393724092427678  0.325714707404835  0.10718864741016357  11.11489528245754  -0.33870813714529346  -0.93011346750918  -0.14200611039534217  -119.42947815401335  0.053444125823168556  -0.16970228913668722  0.9840451506291598  -9.057115505315565  0.0  0.0  0.0  1.0
27844314101270;10.750785704410854;35.32346791782624;-0.001648885072531442  0.6636663539802572  -0.7480269057811816  23.767534676273428  0.9975203318090606  -0.05153939403085324  -0.04792576019713628  -58.35386258791419  -0.07035956797450181  -0.7462510713275282  -0.6619356990954313  -17.388942759755658  0.0  0.0  0.0  1.0
27844314101301;12.136609704346055;18.648275310955285;-0.3575720795911424  0.8511345383479885  0.38433345616537573  -7.895287644143897  -0.7333873615784321  -0.510710465472264  0.44868451982894453  -3.970885675035472  0.5781740099432806  -0.12142824254785584  0.8068271166351854  -0.5859395341945072  0.0  0.0  0.0  1.0
27844314101332;6.935112362192998;15.854336567442743;-0.7650560336370262  -0.2173491603891417  0.6061753936557606  -23.643614273911364  0.5533301421323915  -0.7034040049728976  0.44614858466192076  -118.10047974770796  0.3294161793284124  0.6767437833229225  0.6584093198994438  56.52382011305017  0.0  0.0  0.0  1.0
27844314101363;7.8460839984677655;66.47301077430276;-0.03983901506677662  0.9632216965919267  0.2657382473282299  27.503148265050392  0.43227119486966326  0.2563886186516501  -0.8645267435492398  -83.27900239667211  -0.9008631788259869  0.08042909573325406  -0.4265872637515892  3.115350031916982  0.0  0.0  0.0  1.0
27844314101394;13.188484809554595;119.56013281780388;0.9572797161741574  0.24579058496305592  0.15232377800278946  128.45969516721803  0.25435583709769743  -0.9663138624867769  -0.039250825471776774  -212.42467618184648  0.137545094917463  0.07631846113100721  -0.9875509300055065  69.1411939314002  0.0  0.0  0.0  1.0
27844314101425;12.438217758874531;10.053088681594964;0.6802603284831884  0.7329705883648894  4.565054417615265e-05  45.518118334261004  -0.7329697869178157  0.6802596742155325  -0.0014377419204717815  -26.99644179253571  -0.001084876765674099  0.00094457832145671  0.9999989654065641  9.331563487481407  0.0  0.0  0.0  1.0
27844314101456;13.306910826894018;38.331540613652706;-0.10540910672738775  0.988644401524551  -0.1071035366040532  58.48512300012964  -0.9233589176107598  -0.05732112226940884  0.3796348221784471  -82.34754485125718  0.3691845466533232  0.1389119731194438  0.9189157927886773  11.350621082393351  0.0  0.0  0.0  1.0
27844314101487;11.823132391507976;12.541998000626105;-0.8943210498268298  -0.37378692163161936  -0.24591298675302728  -37.230850019345105  -0.3066987865037437  0.9123134000586951  -0.2713302681797118  -9.00166215015495  0.32576941875161936  -0.16723515566561045  -0.9305410729869644  -10.239188985601787  0.0  0.0  0.0  1.0
27844314101518;11.362927964176022;18.719424196317732;0.2878105061920499  -0.6345710115531686  -0.7172759188916521  -11.497554261801152  -0.7705972118018374  -0.5981547752245512  0.21997909455059633  -9.593159752878368  -0.5686343725881416  0.48941852863623203  -0.6611538808317137  4.889447155864568  0.0  0.0  0.0  1.0
27844314101549;8.602285781784683;7.858109446383489;-0.4751379452104193  0.8664762337265012  0.153175942655359  -35.32237506523395  -0.8672951291623466  -0.4905477398222959  0.0846290368993173  -13.364139221844258  0.14846916162115736  -0.0926382822723655  0.9845684621727099  5.039418873755371  0.0  0.0  0.0  1.0
27844314101580;8.529179145836824;138.53442545319874;-0.8574720722353745  0.5067385657112268  0.08920578096346164  65.82708374588391  -0.5049358970907214  -0.8620643407789074  0.04341442371627485  -223.66406359239042  0.09890088556509877  -0.007816545167565123  0.9950665889557756  34.010175160824545  0.0  0.0  0.0  1.0
27844314101611;6.938820905749202;26.071731655053032;-0.894903013678411  -0.0889582023346596  -0.4373042811895216  -51.018969064357975  0.05211557338758316  -0.99405794236508  0.09556554939614245  30.77624032927271  -0.4432071334261012  0.06273153479940412  0.8942215561156698  8.743988799898673  0.0  0.0  0.0  1.0
27844314101642;12.547466022442515;66.34829655062539;-0.7771350709161301  0.6277993976004869  -0.04392035888568108  -17.8926405242042  -0.6213227164331828  -0.7764717266728859  -0.10511774218331488  -20.41965511159018  -0.10009577211986603  -0.05440196733660227  0.9934894374645538  -2.822727573729256  0.0  0.0  0.0  1.0
27844314101673;7.73561147720838;7.929665735827749;0.01693253005694071  0.9998555429551668  0.0014773786581288723  -24.67683560536013  -0.9981735392498988  0.016989706660784223  -0.05797357509169482  -20.51170294391886  -0.057990300630387154  -0.0004930409812483605  0.9983170247688797  -11.962700024991424  0.0  0.0  0.0  1.0
27844314101704;7.852470163017852;1826.397507496903;0.6628002783961721  0.5827483134158885  0.470212924289512  1030.7620623223918  0.695063379877811  -0.7123949056753544  -0.09685244612624405  -1284.4265895332253  0.27853669221628746  0.39102161267472213  -0.8772225541505807  544.8074410485325  0.0  0.0  0.0  1.0
27844314101735;7.401041146075741;208.12591514220625;0.1700070436422873  -0.9472989480432028  0.2715185226614395  -268.1523016592952  -0.3300881362359839  -0.31435438350293926  -0.8900691792713318  -82.24306332182337  0.9285146350102749  0.06169298670617382  -0.36613460361321754  36.871436180557325  0.0  0.0  0.0  1.0
27844314101766;17.078221026612844;44.46638713208031;-0.3530249709229788  0.8242817185865677  0.4426432178502279  67.98514657164817  0.9200042930503842  0.21976837389060377  0.32449031203772905  -39.95194428414994  0.17019245187050203  0.5217868436837536  -0.8359264435851115  62.984169138487616  0.0  0.0  0.0  1.0
27844314101797;5.658008139654423;20.051705931379292;0.8980005505698835  -0.1453266544951638  -0.4153013058845705  -25.004167199682737  0.047936414481456  -0.9059461117119822  0.4206705870875725  -159.74820766331965  -0.43737525232098845  -0.39767047434676883  -0.8065736683589214  -18.881785043516487  0.0  0.0  0.0  1.0
27844314101828;12.532088953947076;401.650405394098;0.7529345129644847  0.6297975964038883  -0.19090470594204764  411.5549601818745  -0.5125802324829865  0.37929886583458494  -0.7703206317140194  -237.65199659976565  -0.4127361438675106  0.6778549682199602  0.6084090051970754  -100.52048675999941  0.0  0.0  0.0  1.0
27844314101859;13.452993466710405;560.154829195894;-0.7404443749158542  0.6309977558436932  -0.23148209385542828  282.8228582745944  0.6506700963539264  0.7592718668789608  -0.011604218065453604  570.8453751877119  0.16843560599303972  -0.15921075430498216  -0.9727699534563123  -267.2129337652057  0.0  0.0  0.0  1.0
27844314101890;10.240194569123585;39.35271629350373;0.8895673082556208  -0.43247498034242177  -0.14708975307842165  -2.9405067397014806  0.342107537979645  0.41735174101087835  0.8418907035552147  -60.48049723676818  -0.3027085009383697  -0.7992389602947361  0.5192154156095854  -28.986050113029787  0.0  0.0  0.0  1.0
27844314101921;5.39778345406533;1861.3307167979474;-0.9779468737279688  -0.049897212014618685  -0.20280577013206602  454.38574966878315  -0.09989518710235964  0.9645154295235082  0.24439913626047627  1913.0703901206366  0.18341445897059688  0.2592686916005295  -0.9482293402949905  416.5506642284018  0.0  0.0  0.0  1.0
27844314101952;13.302221500961894;12.926618534756232;-0.06543139929614347  -0.9959367465603208  0.061876722901208034  5.671732458059349  0.9881040932967818  -0.07331576515163099  -0.13518542595404784  25.147103286819963  0.13917267259162297  0.05229527159385572  0.9888863290452702  8.309235853095304  0.0  0.0  0.0  1.0
27844314101983;10.786030610610256;23.791667624206266;0.09668648232085204  0.975285951114065  0.19866815974371133  0.10700781646664007  0.9952031156002548  -0.09173893088235584  -0.03398127808232583  35.69543707656301  -0.014915858539339518  0.20100070179005736  -0.979477531668766  -20.52280838616475  0.0  0.0  0.0  1.0
27844314102014;18.074211930870813;25.00812429141898;0.5600811383218451  0.7612588722872174  -0.3267935860143231  5.932413122852813  -0.8269343695336557  0.5374836200268174  -0.16519959650932364  -25.15547956966721  0.04988654107153247  0.36276202608164826  0.9305455633406976  5.296385731250127  0.0  0.0  0.0  1.0
27844314102045;5.527523174873733;19.460360192026435;-0.5516029092761578  0.695018914039089  0.46117560603961316  7.350752837944585  -0.7110856432656671  -0.6808378859560696  0.1755476601619134  -128.109910203964  0.43599476879835547  -0.23110275241717848  0.8697701302100876  -16.570324635112364  0.0  0.0  0.0  1.0
27844314102076;12.49337546729974;45.293401431273075;-0.5925671326179182  0.8050974475732747  -0.026120743710250305  21.434207099577755  0.80537119992455  0.591519820067156  -0.03849068458484474  -61.74997361506082  -0.015537814295098928  -0.04384520930178809  -0.9989175010721423  -9.562740871597201  0.0  0.0  0.0  1.0
27844314102107;8.34390181428472;138.0904691580648;-0.06952458648815049  -0.9381217638639825  0.33925490127392777  -27.351085560583478  -0.9970507785978046  0.07642446264269727  0.007003314021703566  -146.35752159272442  -0.03249733483169516  -0.3377674609468854  -0.9406684142429422  19.546103936680236  0.0  0.0  0.0  1.0
27844314102138;13.875093444885819;128.56405251191114;-0.5874412349955014  -0.22566517056318713  -0.7771666656655105  -140.08865475660255  0.7282891690507005  0.27130727490248957  -0.6292751773496439  47.052667691253866  0.3528564604345512  -0.9356642524857262  0.004972418921166122  -184.20345308862372  0.0  0.0  0.0  1.0
27844314102169;7.7056993337980995;694.2191416816947;0.815801941921085  -0.5644858680443465  0.12578909466248359  -377.11196926294343  -0.5782621404404833  -0.7928102379309953  0.19252226771204758  -361.306874416943  -0.008949217338813143  -0.22979911098613778  -0.9731969379827515  -824.6192820809712  0.0  0.0  0.0  1.0
27844314102200;9.927306225231835;9.213423759581444;0.9593424388244428  -0.28134882500815084  -0.022470508158563385  -10.906327960013103  0.2611027737687753  0.9148968546408712  -0.307878363803781  3.419571135436095  0.10717941313807727  0.28949366838460333  0.9511603384101986  7.718369256184036  0.0  0.0  0.0  1.0
27844314102231;10.287771982386351;339.47063920518514;0.9859936845867622  0.1633085444310359  -0.033864040970278717  283.48670876003604  -0.16675804346836998  0.9618247815045012  -0.2169904251860426  59.96716749232363  -0.0028651166855064086  0.21959829006537077  0.9755861735934679  116.17900272173972  0.0  0.0  0.0  1.0
27844314102262;8.065900080817094;27.329156166720736;0.12913261939562623  0.9885080047726259  0.0785919277563969  26.48745319034259  -0.7061334634005039  0.03602160565826698  0.7071619162481881  -20.617304185291726  0.6962042074521192  -0.1468140607239057  0.7026701453027044  10.918852503089125  0.0  0.0  0.0  1.0
27844314102293;15.344796486985695;47.91962689548733;0.34921101251037556  0.623500048739187  0.6994993623754857  16.23761456541547  0.4814686277986876  -0.7598099648251776  0.43689446986430547  -97.48944841789941  0.803890309176027  0.18421863796748422  -0.5655297200309441  5.222490670508504  0.0  0.0  0.0  1.0
27844314102324;11.120662662609497;18.810547472740232;-0.7662805930386314  0.5683486397598055  0.29965626376824117  -31.044378085703965  -0.6256016148470862  -0.7662822253283523  -0.14640413466342567  -37.57993577930187  0.14641267784273818  -0.2996520896456536  0.942747024889451  -4.491862211800302  0.0  0.0  0.0  1.0
27844314102355;17.81708979026515;16.462318625916165;0.6486812594869126  -0.7596302403309348  -0.046631765624290326  4.355327624414808  0.7606580415954604  0.6451286960493343  0.07216861707033878  -10.39990001075637  -0.024737973777816096  -0.08228525693252724  0.9963017460312494  -7.967274304433078  0.0  0.0  0.0  1.0
27844314102386;12.639375851730701;119.85063683851668;-0.997996980106679  0.0629899921360585  -0.005855645877971966  87.46212692554252  -0.04338501880877242  -0.6141258536372141  0.788014705470225  -188.66578817999613  0.04604093657726116  0.786690343645492  0.6156285693289634  206.39906289975758  0.0  0.0  0.0  1.0
27844314102417;4.852743056092726;5.4527231524873825;0.5878333646338556  0.4617348230843042  -0.6642686870345058  -14.092764431224936  0.31975320709457833  -0.8868671722131765  -0.33350338139715463  29.51468044940723  -0.7431082168674839  -0.016357628248330355  -0.6689713043338386  -15.533367046148202  0.0  0.0  0.0  1.0
27844314102448;8.862723016525484;8.634867963538712;-0.7020308015502748  0.5964585258645315  -0.3890886539057501  -28.585046548316416  0.7076315924824736  0.522832782470638  -0.47529297374853946  13.253842939069495  -0.08006424292652509  -0.6090017311120884  -0.7891176138618895  -2.377471149080629  0.0  0.0  0.0  1.0
27844314102479;8.845892927971892;256.64684204054095;0.738000979584094  -0.6747893643089843  0.003723969440619242  -380.16447404919023  -0.6739176482947951  -0.7373072226097028  -0.04704320146821449  -311.16716127606986  0.03448996157914232  0.032208280038570375  -0.9988859140298386  2.0820655068727514  0.0  0.0  0.0  1.0
27844314102510;12.811880985162878;875.6309762274911;-0.6847215228396097  -0.594433985759395  0.4216689136448234  -732.170002036368  0.6271025549096985  -0.7753459483350802  -0.0747063988297106  355.91221739962293  0.3713473061514445  0.21327657390012306  0.9036671296663894  289.2916567004583  0.0  0.0  0.0  1.0
27844314102541;16.755247254223338;2704.7209993253587;0.9949386522834128  -0.04926951533756749  -0.08757621281413845  -390.82826542673024  -0.05271756127984015  -0.9979049653006058  -0.037503852616806534  -1324.1693247150054  -0.08554494096772967  0.0419308369436869  -0.995451589977147  2439.1910294245695  0.0  0.0  0.0  1.0
27844314102572;6.047632241354357;16.35465802612746;-0.021249550499227988  -0.9980502219068369  0.0586874020152096  -15.254490229006707  -0.9887713844497492  0.012294634767344744  -0.14892948415026436  -11.644556908596684  0.14791756453142071  -0.0611931083346128  -0.9871047551275602  -8.566239934175222  0.0  0.0  0.0  1.0
27844314102603;5.000465750138839;15.987957314037926;-0.7028980587049246  0.29394087939074054  -0.6477137319000164  22.178027135311012  -0.6554491667600195  0.08601125813490582  0.7503255648501166  -47.294972008975826  0.27626202935337285  0.9519458088027116  0.13220615810357483  39.02849379460226  0.0  0.0  0.0  1.0
27844314102634;4.837279486815611;18.83692512480099;-0.6713193641357397  0.7143021132581363  -0.1977442852052774  32.39271154579201  -0.651582574368587  -0.695936422424877  -0.30184871164486926  -77.0837800827261  -0.3532286230129013  -0.07379015474589515  0.9326224064148291  -28.861067774269216  0.0  0.0  0.0  1.0
27844314102665;12.464679441521291;155.85118351361248;0.5500435233978274  0.8315149654108982  -0.0776851637432546  101.16058098486845  0.8346894931229749  -0.5443244510983506  0.0836919470832796  -211.56649603776796  0.027305172371091424  -0.11087720340174415  -0.9934589439567156  37.23839549568446  0.0  0.0  0.0  1.0
27844314102696;10.865536856965761;1821.1456604491734;0.8758754690456484  0.2934911083355789  -0.38302105954114235  957.0356451345975  0.07369681486130508  0.7030900788559771  0.7072716030589625  2093.0560400539744  0.47687623363233816  -0.6477092791849208  0.5941899927248743  -825.7570640589246  0.0  0.0  0.0  1.0
27844314102727;12.326628554608499;10.664798907498291;-0.7921773336441942  -0.6043885521428037  0.08467319587154908  -38.68203155318721  0.6061020659262324  -0.7953588422502728  -0.006678153506767696  -106.28745977831142  0.07138177456696854  0.0460303171076645  0.9963863970200715  7.285560253766847  0.0  0.0  0.0  1.0
27844314102758;6.140194318079895;158.8795943002772;0.37732022145527583  -0.864502306589523  0.33206206104030667  -190.48442048477577  0.5172115494639434  -0.10071552109066312  -0.8499109346940673  -116.53441793198053  0.7681937669507926  0.49243491520487337  0.40912857478440756  140.9567400447283  0.0  0.0  0.0  1.0
27844314102789;11.79753658561828;295.6918046041865;-0.5879291149993607  0.7980402223563038  0.1321785127680346  -100.86677149725284  -0.8012067248898572  -0.5970022428468565  0.04069528261471102  4.840584589531698  0.11138734096537516  -0.08197637182337328  0.9903901931740536  403.97998488030214  0.0  0.0  0.0  1.0
27844314102820;13.718009914125455;50.201416152879865;-0.6633601558878296  -0.712225402458095  -0.22953927697428714  -40.845788565232986  0.7363166500183519  -0.6759461873862087  -0.03057029054163572  14.263302121890323  -0.13338326164187897  -0.1892927041685774  0.9728191906322166  -45.570777277736966  0.0  0.0  0.0  1.0
27844314102851;14.126286162245718;91.58886399394584;-0.6596165067818114  0.7515875410815043  -0.004715089820831597  -66.17828458719791  -0.7382702969776093  -0.6467270315095457  0.19157535153417649  -86.94071478363831  0.1409362713482692  0.12984727492677245  0.9814665825246105  -56.60430031001359  0.0  0.0  0.0  1.0
27844314102882;16.65338049572903;283.700814755706;0.09447269475671899  -0.594667141416669  0.7984020922221657  -303.8668278319179  -0.9645607273508717  -0.25314946564184865  -0.07441741259681545  -314.94633129176435  0.2463686530339482  -0.7630768892874261  -0.5975082826519343  -225.4510537881579  0.0  0.0  0.0  1.0
27844314102913;3.6628597101339557;479.8149634680323;-0.9672064729553581  0.24686965659343865  -0.05972446171121151  -947.9817014572565  0.2519413463906691  0.9623144759497745  -0.102354322607145  111.2437277147449  0.032205537600126954  -0.11404482465657216  -0.9929534638224181  -187.43215359569504  0.0  0.0  0.0  1.0
27844314102944;9.703443455187617;10.4086703505514;0.5800019436430701  -0.8140508631158335  -0.03031398407711061  -19.660241588283824  0.8145188871435951  0.5801036562065374  0.006223386711996182  18.520169634394076  0.01251909967291432  -0.028300888964377116  0.9995210512176355  2.9051665939350464  0.0  0.0  0.0  1.0
27844314102975;6.1736923351409825;3515.512879596846;-0.7613307852644021  0.43766187807598506  0.4783591912858897  1043.1927988399348  0.282171990544287  0.8879193145189006  -0.363288120720401  2846.6852722874346  -0.5837417264175687  -0.14160286502499697  -0.7994962322961557  -1122.4299204562299  0.0  0.0  0.0  1.0
27844314103006;8.779326562990162;40.532947802963186;0.7308828920768105  -0.6447390817619363  0.22387879425754464  -64.67072441916949  -0.6685803065033373  -0.7422757525268785  0.0450231159134882  -101.42568409315665  0.13715163807020558  -0.1825875780534665  -0.9735765016244118  -6.999233193311923  0.0  0.0  0.0  1.0
27844314103037;4.983612374719573;24.731465243392893;-0.4065666425897318  0.7906283731695349  -0.45783221891060466  12.248676430721847  -0.483839996957842  -0.6114030918514479  -0.626167003776409  5.177735324474279  -0.774985433719337  -0.03306107702093748  0.6311137319921561  -12.660258150663115  0.0  0.0  0.0  1.0
27844314103068;8.080951485631328;93.33087175520637;-0.3288845757329225  -0.37118289471136656  0.8683652425786434  -90.05989728550657  -0.44956117094858666  0.8701810021586094  0.20169228308880294  15.132599237147328  -0.8304996625046343  -0.32404981431244295  -0.45305852648831146  -50.3394081073761  0.0  0.0  0.0  1.0
27844314103099;5.35424278701302;6.042615437302797;-0.7416799426544272  0.6603719299848064  -0.11755754655600248  29.145369434529865  -0.6541125360923261  -0.7508814761191273  -0.09118003590712859  -82.18867403087057  -0.1484845203749887  0.009269461111710724  0.9888712880348526  2.4574418409293144  0.0  0.0  0.0  1.0
