# teaser_benchmark.py --gpu 0 --input_txt=/neural_comparison/point_clouds_registration_benchmark/tum/pioneer_slam3_global.txt --input_pcd_dir=/neural_comparison/point_clouds_registration_benchmark/tum/pioneer_slam3/ --input_features_dir=/neural_comparison/experiments/3DFeatNet/feature_extraction_voxelgrid_0.1/tum/pioneer_slam3/ --output_dir=/neural_comparison/experiments/3DFeatNet/results_teaser_voxelgrid_0.1/ --cbar2=1 --noise_bound=0.1 --estimate_scaling=False --rotation_estimation_algorithm=GNC_TLS --rotation_gnc_factor=1.4 --rotation_max_iterations=100 --rotation_cost_threshold=1e-12 --rotation_tim_graph=CHAIN --inlier_selection_mode=PMC_EXACT --kcore_heuristic_threshold=0.5 --distance_metric=euclidean
id;initial_error;final_error;transformation
39885980090030;nan;nan;-0.5376000092963449  -0.8346043899849144  0.12009055842354366  11.524280890719295  0.7360294577571647  -0.5339751106280275  -0.4160903970815477  4.908354943749442  0.41139624125441965  -0.13530001274092376  0.9013584410399899  5.831857022034872  0.0  0.0  0.0  1.0
39885980090061;nan;nan;-0.796888649271393  0.46717723942215367  0.3830325151058449  6.240105543520098  -0.6021977023272567  -0.5636551722786576  -0.5653766656621834  -3.831254985467899  -0.048232851607448265  -0.6812035479424717  0.7305034690515857  -0.14210499652516473  0.0  0.0  0.0  1.0
39885980090092;nan;nan;0.7405713664214296  -0.3058301745727714  -0.598349359118471  -63.7199111031867  -0.4442654431685014  0.4452301766497583  -0.7774305794131848  -25.273555796772456  0.5041649206787316  0.8415687696921825  0.19385494225269356  13.385230206454532  0.0  0.0  0.0  1.0
39885980090123;nan;nan;0.6695930691194446  -0.6402275529091075  0.37650206145945353  -0.15019951168594403  0.40247464458364174  0.7388089725434239  0.5405325730764067  9.554298343030347  -0.6242269477157113  -0.21040433119435975  0.7523767242280828  23.987962986943533  0.0  0.0  0.0  1.0
39885980090154;nan;nan;-0.07069857063646791  0.9894785328147466  0.1262297318730321  6.704010481664126  -0.9974915802798919  -0.07057396433211152  -0.0054646893026424805  7.297713798091557  0.003501339841392245  -0.12629944044700703  0.9919859837528392  -22.83808514151229  0.0  0.0  0.0  1.0
39885980090185;nan;nan;-0.34394111794505033  -0.8043963500906094  -0.48440790595077515  -7.568680649929136  0.8682349204338821  -0.4688997120336118  0.16217639468790362  -37.092026665634116  -0.3575928275649271  -0.36480072918745926  0.8596788921791777  40.1697779540711  0.0  0.0  0.0  1.0
39885980090216;nan;nan;0.8179241152911376  0.2029455919551496  -0.5383430396421824  -8.197739438133949  0.2009881360270895  -0.9775559073549872  -0.0631523330663591  2.393374187933431  -0.5390769062031564  -0.05654674792896676  -0.8403562069129326  -4.407100109383961  0.0  0.0  0.0  1.0
39885980090247;nan;nan;0.9190767542659378  0.2618767056590273  0.29448006859745923  -1.6271602084984018  0.3919977213378997  -0.5308376197210974  -0.7513648966745345  -14.222370018085776  -0.040443865219381814  0.8059975263746253  -0.5905355884653368  -0.9230413324623294  0.0  0.0  0.0  1.0
39885980090278;nan;nan;0.7619437458486727  0.3811312874537118  -0.5236226407308693  7.257693725642152  -0.2628730227104709  0.9209098598591864  0.2877895132648064  -3.6292551363824694  0.5918948404008546  -0.08163315342439033  0.8018706417925753  -7.58884775927893  0.0  0.0  0.0  1.0
39885980090309;nan;nan;-0.9997371853058832  -0.022865723013518646  0.0016489474641778693  58.356633083859414  0.02291647477999725  -0.9987455983699935  0.04452038769172262  1.4551160895463444  0.0006288881683776154  0.044546475142625816  0.9990071151158227  -1.006821253614386  0.0  0.0  0.0  1.0
39885980090340;nan;nan;-0.22412900924834264  -0.9199931644917803  -0.3215256824917038  3.178921995210256  -0.7628121602512082  -0.039722029013328164  0.6453989220505011  29.73567720566544  -0.6065342491452902  0.38991632140686794  -0.6928791142142293  -8.78413480664393  0.0  0.0  0.0  1.0
39885980090371;nan;nan;0.85068372810992  0.4891561974259559  -0.1925185945533212  -10.174230749346192  -0.48230245012187  0.8719398339964687  0.08429277843712958  14.786659607195931  0.2090969663468313  0.021145694833444844  0.977666261182497  7.522384273615895  0.0  0.0  0.0  1.0
39885980090402;nan;nan;0.579353795330241  -0.7586327394584998  0.29803614958279423  14.912599210678579  -0.8008425366076105  -0.5978535847452825  0.03496173289617643  1.6898165269570582  0.15165886520851207  -0.25893523867737206  -0.9539141107954944  -0.8673445025630552  0.0  0.0  0.0  1.0
39885980090433;nan;nan;0.9040513594531849  0.42741616636399116  0.0025612890422261787  -1.3674644427179534  -0.42733372314157847  0.9037214763876484  0.02594960850736794  4.413808563669871  0.008776590272169468  -0.02455430403082015  0.9996599709985171  7.428026141532021  0.0  0.0  0.0  1.0
39885980090464;nan;nan;-0.4838117040790171  0.8453615100034482  0.22647329290856247  31.91640147715279  0.870689807450661  0.438781454680155  0.2221938213144058  -51.172411569429975  0.08846182339115857  0.3046879591212247  -0.9483352536781781  -10.440154415875465  0.0  0.0  0.0  1.0
39885980090495;nan;nan;-0.027773381383600172  -0.8374118095110517  -0.5458663761196024  25.3586057709018  -0.9258280428874697  0.22745781977546836  -0.30183666978375595  23.459267335989903  0.3769231676213054  0.49699537373542685  -0.7816166094677779  8.07555268883632  0.0  0.0  0.0  1.0
39885980090526;nan;nan;0.7133139687584346  -0.57727999745714  -0.3974053176669575  0.9417413004701918  -0.6652001015977713  -0.37913521315563636  -0.6432459210750927  -4.28025296758445  0.2206626538596999  0.7231903585373038  -0.6544491565509727  -0.05288717200670378  0.0  0.0  0.0  1.0
39885980090557;nan;nan;-0.5782669741645641  -0.056984512712720495  0.8138550681180606  7.186664279445176  -0.17408613703911405  0.9832015830150351  -0.054851290299568624  5.296656647517382  -0.7970579172691016  -0.17339957458893188  -0.5784732180931277  10.277153387140292  0.0  0.0  0.0  1.0
39885980090588;nan;nan;0.5478985229641289  -0.02877293408159623  0.836049835116342  162.96719825140204  -0.333013474701891  0.909305194554428  0.24953173911009155  96.47306593418236  -0.7674042182583436  -0.4151339319071256  0.4886251982641001  -28.10828078149841  0.0  0.0  0.0  1.0
39885980090619;nan;nan;0.5898527729997951  0.8074693609796162  0.008181519640165391  -0.387271071710097  -0.7965719082140921  0.5834945241619808  -0.15813707761667978  1.6378951612971853  -0.13246471691968453  0.08676042503442476  0.9873832728070864  -2.2845377077209656  0.0  0.0  0.0  1.0
39885980090650;nan;nan;-0.9862814040185901  -0.12276806610735749  0.11034941790230833  21.810897730053068  -0.15884536789566578  0.8877278475704593  -0.4320965375306892  15.975681336994874  -0.04491259495074136  -0.4436972735911042  -0.895050606514856  -2.805271868171873  0.0  0.0  0.0  1.0
39885980090681;nan;nan;0.6366466354910794  -0.6240592505747138  0.453024406947369  -20.136000899630965  -0.6328557849301684  -0.08712329791645856  0.7693523811886075  -17.11587716316038  -0.4406524900625314  -0.7765047216419785  -0.4504062613567933  21.112544983552354  0.0  0.0  0.0  1.0
39885980090712;nan;nan;-0.12976647388270493  -0.8984560843405983  -0.4194488368888494  14.717139513945401  0.9911118820024614  -0.1300284339612194  -0.028104158324552632  -1.89675504325744  -0.02928992334554626  -0.41936770365986953  0.9073438320270105  1.2379229830277303  0.0  0.0  0.0  1.0
39885980090743;nan;nan;0.2582014476725506  -0.9455262219753083  -0.19827298347707295  11.246025096413415  -0.9660785992908877  -0.25374594206781154  -0.048011841000691086  43.73806165993473  -0.004914510347522846  0.20394401300655868  -0.9789702177016547  -97.14840508989558  0.0  0.0  0.0  1.0
39885980090774;nan;nan;-0.6277314767921225  0.5158643096398611  -0.5829555789973802  -39.56762799631653  -0.6014882487685532  -0.7968151717745359  -0.05742358943201276  -3.059806191208998  -0.4941306301351095  0.31459433572413026  0.8104722847158766  80.20485304485284  0.0  0.0  0.0  1.0
39885980090805;nan;nan;0.5778325647954778  0.790155895995688  0.20436043424579953  5.169930922096697  0.8152127954649259  -0.5467487849810136  -0.19103367303186802  -40.19760434713263  -0.03921256395775975  0.27698271813424935  -0.960074449552128  -36.72633714781699  0.0  0.0  0.0  1.0
39885980090836;nan;nan;0.8373828680796916  0.5465094733185767  -0.010831796696829848  -0.12274300733435937  -0.5466140603307894  0.8371514324985221  -0.019762290210412897  4.332949300793913  -0.001732424693177751  0.022469415629350564  0.9997460297825436  -1.6354874040134044  0.0  0.0  0.0  1.0
39885980090867;nan;nan;0.762031375422214  -0.602423817822091  0.23747363346861056  -61.38267141351062  0.5966724699781111  0.7957260938853495  0.10393241592584783  -16.09468672495343  -0.25157532955826145  0.06249421757746506  0.9658179571363499  -89.59589022924231  0.0  0.0  0.0  1.0
39885980090898;nan;nan;-0.4109976765482293  0.891589039226131  -0.19013125730342784  7.442110699659731  -0.9045033407603064  -0.4248534065517438  -0.03705792081086639  5.812913764647535  -0.1138183483688058  0.15674363806293345  0.9810590275316736  9.891910976520505  0.0  0.0  0.0  1.0
39885980090929;nan;nan;-0.9996372253622036  -0.026926740696549822  -0.0006068818793250018  11.91625040930751  0.026920987201120614  -0.9996051280276154  0.008052854711933594  -2.9864626033689756  -0.0008234793693755321  0.008033595481176325  0.9999673910810157  6.923898685432453  0.0  0.0  0.0  1.0
39885980090960;nan;nan;-0.6907991695360913  0.7229491799664978  -0.011873944332686556  8.916782695031442  -0.7004320277577456  -0.6731779223266718  -0.23712119134130166  1.141353423916826  -0.17941984800857352  -0.15548623115155352  0.9714075097830294  10.19412336884291  0.0  0.0  0.0  1.0
39885980090991;nan;nan;-0.4979405882591975  0.6819922492430466  0.5356694340136409  6.5020114721859406  0.8671702579961126  0.3975701107156602  0.29992290794884746  -4.844729287829995  -0.008421057596248522  0.6138603905106989  -0.7893696895314724  -7.526348514240247  0.0  0.0  0.0  1.0
39885980091022;nan;nan;-0.8758245559176873  0.48039565954468155  0.046382728921623394  9.93846819186315  0.23350132282404706  0.33766409098376904  0.9118443364409986  -4.957163244632042  0.42238427940798945  0.8094460895888839  -0.40790752451782264  -68.2767914349641  0.0  0.0  0.0  1.0
39885980091053;nan;nan;-0.30033759606684224  0.920995213612137  0.24812324536875643  -9.844451553831417  0.9470206953443709  0.3189610468825499  -0.03762516659167757  3.6129094369608237  -0.11379424844100869  0.2236775962744628  -0.9679975216634724  -1.137381831812894  0.0  0.0  0.0  1.0
39885980091084;nan;nan;-0.665329774363742  0.4565036324183934  0.5907120490847502  45.746024470579094  0.5206437452301488  0.8508086746895667  -0.07109634045228763  34.82069100280785  -0.5350386732730783  0.26024802143685144  -0.8037441044514029  -98.60582155262725  0.0  0.0  0.0  1.0
39885980091115;nan;nan;0.9419084350437692  -0.3305736618429397  -0.05941005040518915  2.8465152738501427  0.3274535517121866  0.9431754614624835  -0.056517434178355835  0.15046685597625145  0.07471727688073021  0.033780215967045224  0.996632442550787  -2.814948652323511  0.0  0.0  0.0  1.0
39885980091146;nan;nan;-0.08650357653434451  -0.7649865303966118  0.6382105761882366  7.225482844019338  -0.9948328689206386  0.10050371809951654  -0.014372388921277084  -3.6397799830907003  -0.0531478519029541  -0.6361561215298703  -0.7697276757907142  0.17095524360917017  0.0  0.0  0.0  1.0
39885980091177;nan;nan;0.42585083444547145  -0.9045319045807192  -0.021750871193409047  5.3535968562870275  0.9047915817879548  0.42577489309234595  0.008242204671827486  1.6486339608068385  0.001805637767286913  -0.023189954889518725  0.9997294462325673  -2.5552015648377875  0.0  0.0  0.0  1.0
39885980091208;nan;nan;0.9597672830414484  0.13003567120136994  0.24887243041053192  1.746978840189179  0.13653827904948165  -0.9905941837548757  -0.00897003150592122  0.9564644124806476  0.2453651579940431  0.042589756118350114  -0.9684947350999579  3.3548851148035608  0.0  0.0  0.0  1.0
39885980091239;nan;nan;0.6655120189612578  -0.2411672364875446  -0.7063512700229762  7.921088430865454  -0.41032664731516555  -0.908738126455192  -0.07633518212333416  14.840495453114501  -0.6234787848204669  0.3406367296280125  -0.7037334888344637  -9.016555256390536  0.0  0.0  0.0  1.0
39885980091270;nan;nan;-0.5402296500569024  0.5961672768584352  0.5939162425818938  9.666566873689515  0.8327979156057861  0.277419060555329  0.47904728013345127  0.6189385313270026  0.12082862641797956  0.7534077533738266  -0.6463568675230019  0.7086715130234627  0.0  0.0  0.0  1.0
39885980091301;nan;nan;0.840581108520627  0.5393610020691166  0.05013092304389477  10.198694826714195  -0.30574180160246545  0.3960148796697529  0.8658488123414094  -8.18731896492747  0.44715249160785553  -0.7431432732166456  0.4977878310301862  -2.9841640766559028  0.0  0.0  0.0  1.0
39885980091332;nan;nan;-0.5441784704755287  0.15884660282686258  -0.8237946036733175  2.1274148008028524  0.42009816094486807  -0.7983547963091957  -0.43144774235223643  9.171286683535628  -0.7262143811861984  -0.5808591705228272  0.36771632623243566  -3.6774534319747425  0.0  0.0  0.0  1.0
39885980091363;nan;nan;0.33139006799178283  0.9297936956440297  0.16020083138679103  2.9063857817407768  -0.8957305953790474  0.36338518669160547  -0.25615992386593966  0.3631357567741644  -0.2963904913088447  -0.0586079314916047  0.9532669023038496  -1.3185540050022586  0.0  0.0  0.0  1.0
39885980091394;nan;nan;0.3063300806898318  -0.9265626652820987  -0.21827393103596832  -0.7000011219421277  -0.9515464547158115  -0.30451859270229714  -0.04275244105758962  -12.043676620042984  -0.02685565456903525  0.22079414395301789  -0.9749506242952629  6.039844620144935  0.0  0.0  0.0  1.0
39885980091425;nan;nan;-0.1752459856692066  -0.9479979909489534  0.26568525300358137  13.098977534923147  0.9754786115556963  -0.20369204089797024  -0.08337284253395187  -0.9849396639134951  0.13315525864268288  0.2445595257428515  0.9604479764486112  4.675709906789549  0.0  0.0  0.0  1.0
39885980091456;nan;nan;-0.5628357572710891  0.8087738723848955  0.17058937154646936  -2.417996808906321  0.8157229411541561  0.5768159022708313  -0.04335317937936767  2.7832954989904435  -0.13346158103323896  0.11475294434142932  -0.9843880170710536  2.170976287834891  0.0  0.0  0.0  1.0
39885980091487;nan;nan;-0.7402012771370862  0.2511504815296831  -0.6237190913801139  28.28906973231126  0.5630685556351512  0.7385322595663241  -0.37084215406936155  -3.8677592606555113  0.36749948432558505  -0.6256944439638792  -0.6880774606199227  -2.8888309512393704  0.0  0.0  0.0  1.0
39885980091518;nan;nan;-0.7675896606287737  -0.6376308879951151  0.06506122939481249  8.71085525185449  0.6397655214704886  -0.7683700734056554  0.01753590123665323  1.3345276159917019  0.038809669328632376  0.055084307830345625  0.9977271814466384  -1.5762473450985177  0.0  0.0  0.0  1.0
39885980091549;nan;nan;0.7423377027356619  -0.6699476943971039  -0.010238255180655353  7.556850007835013  0.669936725681407  0.7424015450799075  -0.004972871025981623  -9.01321355228508  0.01093245994343145  -0.0031674334989910125  0.9999352222442284  -9.256016628740719  0.0  0.0  0.0  1.0
39885980091580;nan;nan;0.6787365034328205  0.7274301460911475  0.10080744747091563  -4.677698188721045  -0.7292824174827327  0.683791538948547  -0.024005974525504042  -0.32100299654424  -0.08639394919975998  -0.05722336778091495  0.9946162937140535  3.2590823527526305  0.0  0.0  0.0  1.0
39885980091611;nan;nan;0.9903287531674251  -0.041959492800111395  0.13224356927204778  -6.030115037086874  0.040827476643728815  0.9991027487947962  0.01126119450093701  0.13083593929417242  -0.1325974275797207  -0.005753113473550951  0.9911532797123771  -7.981449857420247  0.0  0.0  0.0  1.0
39885980091642;nan;nan;-0.6012990360049489  -0.7824536827844268  -0.1618817580723897  6.3299571106596515  0.15407101344397822  -0.31233762506630136  0.9373939037481992  9.94668409452768  -0.7840290760653366  0.5387127641564016  0.30836174474001155  0.026680083766849348  0.0  0.0  0.0  1.0
39885980091673;nan;nan;0.9135434196399083  -0.10187598817266116  0.39377620987874057  7.462683162620393  -0.1480877017949047  -0.9849861758816605  0.08872579049591725  -1.086349979839466  0.3788250955384629  -0.13936827600234508  -0.9149142203695428  -11.123226339972385  0.0  0.0  0.0  1.0
39885980091704;nan;nan;-0.37672459233696354  -0.9254140455541585  0.04107828890831079  0.5659419715443459  0.9094105532667167  -0.37791748684070603  -0.17363991115849337  -8.831386376147755  0.1762130163627913  -0.028057395301253035  0.9839521103352724  6.576426598567676  0.0  0.0  0.0  1.0
39885980091735;nan;nan;0.8041911041222222  0.1943221213756976  -0.5617077364561838  -15.089525602438888  -0.30029332589940694  0.9483957394948384  -0.10183044597914276  -17.532091665078937  0.5129333158130338  0.25056822314908017  0.821045053012902  -21.93762871523301  0.0  0.0  0.0  1.0
39885980091766;nan;nan;0.6411296766631787  -0.7012088441512867  -0.31186358329529906  2.8266056378902698  0.6956155529812595  0.7026282470374602  -0.14977499429358035  -16.444517779073337  0.32414771347696403  -0.12091196528500398  0.9382475987171902  4.346142138345226  0.0  0.0  0.0  1.0
39885980091797;nan;nan;-0.41638049755081896  -0.6544834923745647  0.6310932098101872  69.383933027817  -0.7164931902559227  0.6635128283702574  0.21537928151284985  -16.65094475363548  -0.559700624956076  -0.36249425484729314  -0.7452067670294489  -0.5390537968968011  0.0  0.0  0.0  1.0
39885980091828;nan;nan;0.4961102076278127  -0.8667220661152767  0.051648058979552436  -2.4428718167737857  0.8680640402601686  0.49638249452137967  -0.008321126121221776  0.6233652128991676  -0.018425088729266445  0.04896201835708232  0.9986306809144808  5.894588878631964  0.0  0.0  0.0  1.0
39885980091859;nan;nan;-0.47244292951635336  -0.8029425497441234  -0.36342941565097886  17.731557931176344  -0.7958783761881085  0.5658158014580424  -0.21547642362117683  52.653612105831954  0.3786492950821192  0.18744530036999868  -0.9063602874701734  87.43337755610995  0.0  0.0  0.0  1.0
39885980091890;nan;nan;0.7504242305131379  -0.2673605344897224  -0.604468211617563  10.843521273858457  0.09514928595934935  0.9487079564615024  -0.30149598128012656  -9.172441076628692  0.6540719284911951  0.16873517103440636  0.7373726021597213  -15.682830830986166  0.0  0.0  0.0  1.0
39885980091921;nan;nan;0.28934274259715753  0.12944397119889264  0.9484329368103028  9.491371217760344  -0.03471598951345955  -0.9887435938921992  0.14553661260741085  -18.593588798250785  0.9565958275982898  -0.0750357505286544  -0.2815920076354176  -19.99806531079338  0.0  0.0  0.0  1.0
39885980091952;nan;nan;-0.4307390929679126  0.8419942259741248  -0.324822347161359  24.78852273084608  0.8964200495753348  0.440802911064596  -0.04608566280668877  -13.997223113839935  0.10437877422413945  -0.31102816114174026  -0.9446515518794504  39.13364653208166  0.0  0.0  0.0  1.0
39885980091983;nan;nan;0.9079453998110071  0.4190833051110807  -0.0020819075875636237  -48.923715288654144  -0.4187919218398404  0.9074785762557349  0.03310528414856273  -99.95790154672437  0.015763158431079366  -0.029185904372435068  0.9994497014968984  -28.470636380683693  0.0  0.0  0.0  1.0
39885980092014;nan;nan;-0.1355243402516802  -0.7638713751384361  0.630978347840448  -7.338609316741559  -0.7714569284469637  0.48096476689941703  0.4165658417976276  15.005712344592537  -0.6216810763973144  -0.4303178072605226  -0.6544762975112027  16.397655882852234  0.0  0.0  0.0  1.0
39885980092045;nan;nan;-0.6968754298320392  -0.693836880937444  -0.18153517000132433  4.345931409122702  -0.6758137271212528  0.7200179106561692  -0.15763887391378348  -5.0667159859984885  0.24008423840579654  0.012829301825278737  -0.9706672794958037  4.460122812301758  0.0  0.0  0.0  1.0
39885980092076;nan;nan;0.04251338190358234  0.9941593777209908  -0.09919548401279654  -29.12842259148246  0.9956661718145187  -0.050377743654967076  -0.07817261188201761  -22.286271098047294  -0.08271327984877819  -0.09544220572496863  -0.9919925900444069  -41.306075269730286  0.0  0.0  0.0  1.0
39885980092107;nan;nan;0.38765524622922265  0.7875016236303528  -0.4791290043928871  -104.58624032266229  0.7434240143107975  -0.5744052213236994  -0.34260673761922905  -206.24128484124896  -0.5450175639527413  -0.22338270858692294  -0.8081188158231375  -1.381016865397895  0.0  0.0  0.0  1.0
39885980092138;nan;nan;-0.4063679932946065  0.9131321732610882  -0.032475963129613004  7.1269517611511  -0.9129769283670258  -0.40720862133702507  -0.025578643011497978  8.6128084930987  -0.036581174054760475  0.019255463232053318  0.9991451570420052  -10.548964354536821  0.0  0.0  0.0  1.0
39885980092169;nan;nan;0.8994523380778606  -0.38276205083295073  0.21089974862105512  -5.463689748270282  0.43671730327538255  0.7693149228673598  -0.466296629275257  -64.35491671093133  0.016232330274736903  0.5115151629186985  0.8591209167271564  -6.495212763081791  0.0  0.0  0.0  1.0
39885980092200;nan;nan;0.5327988864454554  0.8409006562473625  -0.09492856748754648  2.238458928393142  -0.8421601180506149  0.5378868242065332  0.03800131458231384  -3.946184105913612  0.08301615606288212  0.059697995508767636  0.9947584969050419  -0.08981268647237554  0.0  0.0  0.0  1.0
39885980092231;nan;nan;0.5986378879929254  -0.8002001198093741  0.036227714755873164  5.018492488937782  -0.7950619499618353  -0.5880714619071747  0.14848720959477427  -0.013081220745282562  -0.09751499772985557  -0.11769334708224422  -0.9882505255603582  9.243607258204776  0.0  0.0  0.0  1.0
39885980092262;nan;nan;-0.42390262263219347  0.8542922219156732  0.3008178287600819  8.981724561453685  0.8985666700387388  0.4383114903448545  0.021470373242316734  -4.4586901846172005  -0.11350993798359718  0.27940622220354056  -0.9534399073737713  2.3775073571670395  0.0  0.0  0.0  1.0
39885980092293;nan;nan;0.9056848680803868  0.12527332753425727  -0.40502038607792  98.5697573970432  -0.1641212139585405  0.9844579001149747  -0.06250496004310482  3.130575009469101  0.39089531445002984  0.12308223393207421  0.9121686339878731  -140.49115297389278  0.0  0.0  0.0  1.0
39885980092324;nan;nan;0.8147265996649096  0.5796706108039633  -0.01423203318624458  -7.099542059080752  -0.5797415551581959  0.8147997021137884  -0.001083816422770452  5.804672982072546  0.010967999872838946  0.00913391512124126  0.9998981320981389  -2.451465137262195  0.0  0.0  0.0  1.0
39885980092355;nan;nan;0.7888706077474662  0.60937392232909  -0.0796654694168332  0.7281874172910128  -0.6139245381788188  0.7872968284310591  -0.05709960914331946  -0.6488332906343091  0.027925358620221732  0.09395278988756128  0.9951849313661636  1.4780728949219228  0.0  0.0  0.0  1.0
39885980092386;nan;nan;-0.24367553824390958  -0.19395075487778607  -0.9502659294870452  -11.963189871118935  -0.9486548584356747  0.2514157962154112  0.19194805802549925  9.687702353025825  0.20168339452699266  0.9482474371680145  -0.24525620537788997  -54.68291494649661  0.0  0.0  0.0  1.0
39885980092417;nan;nan;0.524110647591447  -0.851268211640345  0.02550413558470266  -3.6944551873961387  0.8490385816784837  0.5246125489129237  0.06257124215224011  3.523629679701246  -0.06664469898396413  -0.011140259141240123  0.9977145777844499  2.86078739205403  0.0  0.0  0.0  1.0
39885980092448;nan;nan;0.3094782557990018  -0.7237598686867055  -0.6167615922430728  17.450056121721847  0.7725742278434695  0.5695230887843505  -0.2806644149399773  -9.00724113733333  0.5543936071598178  -0.38963457729022927  0.7354132338489632  -3.834380713120883  0.0  0.0  0.0  1.0
39885980092479;nan;nan;-0.13286880402659731  0.21299742733630567  -0.9679762274274388  18.49696613836914  0.6956524256554518  -0.6756157908287679  -0.24415365215884766  4.090376010264734  -0.7059841241814344  -0.7058154143477832  -0.05840391487596976  3.514547945673872  0.0  0.0  0.0  1.0
39885980092510;nan;nan;0.5162517672956071  -0.8555356293981079  -0.03927976062230916  -2.630194879721593  0.8316572810675544  0.5117400907745312  -0.2155649469217969  -15.85685977423488  0.2045245208073716  0.07861848589522738  0.9756991616600152  -3.6664711129678715  0.0  0.0  0.0  1.0
39885980092541;nan;nan;-0.228102963171542  0.970499462877734  0.07810141321635404  14.448593778035923  -0.9727493377893812  -0.23058518241620884  0.02427343157453678  4.922512662088539  0.04156638091874408  -0.07043625631812972  0.9966498732118539  -0.12191830409092995  0.0  0.0  0.0  1.0
39885980092572;nan;nan;-0.7314584693734622  -0.2811035324449763  0.6212481884309909  6.796223701887099  0.6818710632421527  -0.2955039977043701  0.6691257284350622  6.288260986583203  -0.004512282664958289  0.9130488439222143  0.40782526640395783  -0.32944797508573254  0.0  0.0  0.0  1.0
39885980092603;nan;nan;-0.47748613449441496  -0.8508685277192463  0.219156884223296  15.51594014779406  -0.396694881576657  -0.013793153005242337  -0.9178468934746447  15.845670044234723  0.7839898993586991  -0.5251975794565849  -0.33094915052992785  -2.605393318218192  0.0  0.0  0.0  1.0
39885980092634;nan;nan;0.6011320615737876  0.7844105431209704  -0.15277547050725063  1.659975518284393  -0.798802358548646  0.584152761711455  -0.14380661654458085  4.895695488301143  -0.023559213169546393  0.20848417404096597  0.9777419458370842  10.910813357815993  0.0  0.0  0.0  1.0
39885980092665;nan;nan;0.14296525094685852  -0.9891712794940062  0.033183080717326445  100.75641677734966  0.9452678737348  0.14640224839646693  0.29160766202099264  -62.83576631034898  -0.2933080017772991  -0.010322862425220514  0.955962266308016  -97.22728247641587  0.0  0.0  0.0  1.0
39885980092696;nan;nan;0.9481202777614689  -0.30504343076700835  -0.08953459802449715  11.347720005538795  0.18291046136312572  0.7537700257465217  -0.6311691622774487  -2.750460319967772  0.2600225029135812  0.5820474668203454  0.7704602808364459  3.271913388848374  0.0  0.0  0.0  1.0
39885980092727;nan;nan;-0.32728881543965715  0.9009259967033332  0.2849813673772576  5.2344510053435975  0.9434477279335508  0.29470775522394327  0.1518345272587386  -5.932316231487972  0.05280545374415702  0.3185587661248232  -0.9464311367341547  4.9462991247747725  0.0  0.0  0.0  1.0
39885980092758;nan;nan;0.3001257960628113  0.9110060605821904  0.2828293904815793  -4.016484733121713  -0.851092572231329  0.389634668153238  -0.3518895549256553  9.97367897020402  -0.43077365289711406  -0.1351028606493354  0.8922899063723864  -9.557692998193394  0.0  0.0  0.0  1.0
39885980092789;nan;nan;0.3665036119629931  -0.20354684624816055  0.9078787274743845  9.189724527686083  0.4294672472305287  0.9026168626250626  0.028994531572710387  -12.669600843053066  -0.8253683940970309  0.3792775773590058  0.4182290441114433  -0.776549939571379  0.0  0.0  0.0  1.0
39885980092820;nan;nan;0.949532888346709  0.05136173513973548  -0.30943378308030955  10.273170741617703  0.23209175648777283  0.548559458330654  0.8032533456179318  3.2891191884681064  0.21099931402347433  -0.8345324995705177  0.5089546115737709  2.8814135432249697  0.0  0.0  0.0  1.0
39885980092851;nan;nan;0.9001654074462055  0.2243989130572631  0.3732926024661152  10.570625648074767  0.17782064150563703  -0.9717253996414178  0.1553369471383103  -4.998984856318886  0.39759534541004105  -0.07344981627237346  -0.9146163489670541  7.9955544145044986  0.0  0.0  0.0  1.0
39885980092882;nan;nan;-0.5470687681550291  0.7936806776085665  0.26605778488919807  13.54059357551923  0.8331122527357216  0.5471765120247502  0.08075790382395792  -1.0961183169959667  -0.0814845829034563  0.2658361274906708  -0.9605682776720323  -17.95610947255487  0.0  0.0  0.0  1.0
39885980092913;nan;nan;0.9672505608421239  -0.2454483874807622  -0.06466406756221404  7.391103586021847  0.18826569265915974  0.8646263720504834  -0.4658081855467827  1.7328266666960772  0.17024212615614198  0.4383792032452188  0.8825198539658603  20.98238922101265  0.0  0.0  0.0  1.0
39885980092944;nan;nan;0.9993860495708135  0.034491723550114366  0.006151823289568018  -6.030867200978013  -0.03450049511981107  0.9994038017950069  0.0013254411244595387  10.283144079549562  -0.006102438834718531  -0.0015368683186919967  0.9999801989419788  -5.415587431005323  0.0  0.0  0.0  1.0
39885980092975;nan;nan;-0.8846495490095196  0.4583656143517359  0.08541743977204058  6.540761109156715  0.3947417636027572  0.8337838773751298  -0.385983660142602  -3.0082157572389536  -0.24814132163958402  -0.30774244005214874  -0.9185425820753829  4.4449292604163695  0.0  0.0  0.0  1.0
39885980093006;nan;nan;0.6821916242534745  -0.4067089540081892  -0.60762028811419  10.948850521664124  0.48097964024327405  0.8755231159901137  -0.04602020250295469  -10.503880002811176  0.550702436411768  -0.2608583908877132  0.7928932629513356  2.069864638558485  0.0  0.0  0.0  1.0
39885980093037;nan;nan;-0.7111679930031143  -0.6898500200700385  0.1354512293679534  0.8353020892713685  -0.6854501689171119  0.6375929306143546  -0.35161530222972576  2.806443147654882  0.1561990770120784  -0.3429026168461916  -0.9262934976024655  25.08593475455845  0.0  0.0  0.0  1.0
39885980093068;nan;nan;-0.17363710113414324  0.7660905363435455  -0.6188339415663867  40.514132025842066  -0.6007740890829807  -0.580309212706719  -0.5498288020231595  38.45933586380019  -0.7803336792656368  0.27630871823481634  0.5610105535827172  3.1889121456025133  0.0  0.0  0.0  1.0
39885980093099;nan;nan;0.47949471211333905  0.6137110021038745  0.6272508485064043  3.7540159488659692  0.7094545118292545  -0.691792761561683  0.1345253533575537  -0.24824916542933065  0.5164872860975964  0.3805017489414713  -0.7671110104489579  18.518398231178907  0.0  0.0  0.0  1.0
