# teaser_benchmark.py --distance_metric=euclidean --noise_bound=0.1 --cbar2=1 --estimate_scaling=False --rotation_estimation_algorithm=GNC_TLS --rotation_gnc_factor=1.4 --rotation_max_iterations=100 --rotation_cost_threshold=1e-12 --rotation_tim_graph=CHAIN --inlier_selection_mode=PMC_EXACT --kcore_heuristic_threshold=0.5 --input_txt=/neural_comparison/point_clouds_registration_benchmark//eth/plain_global.txt --input_pcd_dir=/neural_comparison/point_clouds_registration_benchmark//eth/plain/ --input_features_dir=/neural_comparison/experiments/3DFeatNet/feature_extraction_voxelgrid_0.1//eth/plain/ --output_dir=/root/neural_registration_comparison/results/3DFeatNet/results_teaser_voxelgrid_0.1/
id;initial_error;final_error;transformation
4215528470030;7.9427285406441825;88.9859369617912;0.30771754228496995  0.5179351509523183  0.7981560584109458  -39.0191257552573  0.937195124293425  -0.3097925230827753  -0.16029314284347781  -68.78139498292394  0.16424132601367167  0.7973529783289253  -0.5807348919939834  -31.718784798932205  0.0  0.0  0.0  1.0
4215528470061;8.5731783167614;8.301868003154876;0.6632391345589367  0.744259095742549  0.07869084313943975  -0.7905913490531724  -0.7471424953688826  0.664558759394538  0.011821460398440176  11.685320918874814  -0.04349645966595667  -0.06663372806976631  0.99682897443847  6.806247730659215  0.0  0.0  0.0  1.0
4215528470092;7.21989676751356;58.95668077028315;-0.8198977090529707  -0.4579165938766585  0.3436279088521328  47.10577772625997  0.4005964242527468  -0.8876698055185086  -0.22707888771668377  0.36657079422490074  0.4090113098260286  -0.04852534825359261  0.9112381900531079  51.276296639798865  0.0  0.0  0.0  1.0
4215528470123;3.699125908164359;376.6627108708006;-0.5726930948636361  -0.7694709413753533  -0.28273147945433613  175.89844272817865  -0.44510162850308116  0.5814955785308724  -0.6809900384388535  1.7848300321529051  0.6884091511589715  -0.26415405075064313  -0.6755112716103348  -320.97367433226214  0.0  0.0  0.0  1.0
4215528470154;6.304867582126328;18.685054437254315;-0.46468384006607166  0.8732086576321623  -0.1468862451616445  11.964938019409008  0.810563508519561  0.486253799447121  0.32641084721512975  -13.681787853436546  0.3564487725296711  0.03261721569165934  -0.9337453559737873  -14.444470166197522  0.0  0.0  0.0  1.0
4215528470185;10.45878331764484;19.085749215625942;-0.25281313279266804  0.9165930125256876  -0.3097462982452595  12.420275958070878  -0.790792136568893  -0.3802120470772034  -0.4796734264040149  20.203048468505294  -0.5574345850665909  0.12367719533708202  0.8209571454864081  20.181457217826022  0.0  0.0  0.0  1.0
4215528470216;5.914600834043442;32.67618549060077;-0.9630206631381961  -0.26942694444159737  0.0005691904191231084  33.854445152043496  0.2694274385355891  -0.9630162471604292  0.002926272235110494  -6.5769812085150425  -0.00024027696556649242  0.002971416145042316  0.9999955564666638  -18.8105727110641  0.0  0.0  0.0  1.0
4215528470247;6.661053221913973;14.645703953063716;0.7363993759280867  0.6400011822846678  0.21935005312730535  -0.1158537657068921  -0.6710567696605703  0.7321884215514531  0.11654581604979093  3.507037220464205  -0.08601610910431154  -0.23302060428257965  0.9686602226551561  -1.099651659177004  0.0  0.0  0.0  1.0
4215528470278;5.936222330533173;9.103485951478858;0.4446514716099819  -0.8953887868657847  0.023748455741281184  7.6225545695091235  -0.7613505099291055  -0.3917889320618996  -0.5165721960621641  21.155086813386777  0.47183733407369133  0.21161368828318816  -0.8559142346668954  -0.6275986632592226  0.0  0.0  0.0  1.0
4215528470309;13.3828056546087;19.537134524863166;0.7527120083302403  -0.6576094109628025  0.031216904532852474  3.8238403656514914  -0.6400273697044352  -0.7420490227880541  -0.1993193764000803  26.852842227711257  0.15423877121100105  0.13005041481075943  -0.9794372318136934  -7.2857999710192685  0.0  0.0  0.0  1.0
4215528470340;6.643852363898183;7.000182735724483;-0.9207545024329504  0.3895557282816309  -0.021388801098192467  22.482796540342555  0.37498325419672385  0.8987808005906984  0.22711369743276066  -2.6304047136531294  0.107697285580862  0.20109551723624217  -0.9736333435261979  1.7748936962394894  0.0  0.0  0.0  1.0
4215528470371;8.616592423121881;327.7230445186152;0.934654124040471  -0.33228468577725373  0.12652492249376035  -247.65926177009317  -0.3481587268281619  -0.9275167974737986  0.13600768852290052  118.53856420262395  0.07216071886791055  -0.17117090290660025  -0.9825952130204002  160.44231383965035  0.0  0.0  0.0  1.0
4215528470402;8.051064745866395;230.75174246048633;0.8870402842880889  0.16933629474966772  0.42951688363853624  -168.28652381983835  -0.06259247953388064  0.9658286110657244  -0.25150999095991133  -79.98913972545824  -0.45742946511555954  0.1962149671337731  0.8673280642967718  63.96825129981839  0.0  0.0  0.0  1.0
4215528470433;3.035557231842426;20.30231762905108;0.1420324921087053  -0.9898402971537791  -0.006554183084791013  29.823117809825526  0.9898474917138794  0.14199145328195723  0.006353766018630511  -4.446291945930016  -0.005358575662641314  -0.0073900829086156195  0.9999583353027626  1.8298671914386122  0.0  0.0  0.0  1.0
4215528470464;11.371431429449434;12.794014300360878;-0.18139696211769993  -0.4400830087239137  -0.8794441924118768  30.512412842918913  0.9583729595341283  -0.2796172017746947  -0.057753709019302005  -7.476829808680918  -0.22049129816903568  -0.8533118807940023  0.47248536646920225  8.404574995306463  0.0  0.0  0.0  1.0
4215528470495;6.926527848736154;6.960753181852597;-0.743480358946409  0.6137407608739197  -0.2656298821722095  10.639100483107228  -0.6551616344265438  -0.7481295474540274  0.10519226683446435  13.611575578906804  -0.1341647816547254  0.2522388920609487  0.958319024487882  2.1280723974714726  0.0  0.0  0.0  1.0
4215528470526;13.514784535064075;19.053321641674337;0.2514353363703973  0.9678249695253217  -0.009751922252345266  1.077369876828178  0.9626019652147192  -0.2511032568565479  -0.10170846061560185  -2.583310178685806  -0.10088472723393796  0.01618588148187044  -0.9947664495003784  17.473684796497817  0.0  0.0  0.0  1.0
4215528470557;10.446360986706342;19.17692977655235;0.8946131600858747  -0.4293324925792773  0.12385840551545305  1.4777527706814284  0.42466606897502834  0.903137695790186  0.06325371375729749  -10.93818483749597  -0.13901806955378937  -0.003989142571820861  0.9902818099304258  16.79816518635343  0.0  0.0  0.0  1.0
4215528470588;3.580277951137834;21.66654662236717;0.7861141565036045  0.6167350565669101  0.04077257590632277  4.338656420098911  -0.6167095336321899  0.7870535125659551  -0.014701002848740902  12.995860380725189  -0.04115682290694184  -0.013588169817976309  0.9990602972639864  19.06587606653936  0.0  0.0  0.0  1.0
4215528470619;3.9070449392142814;426.08801357501784;0.5262968682633129  0.8166125464545722  0.236971634229094  -234.17235156713284  0.8383515073779296  -0.5449002216185748  0.01582714621087153  -150.29320853235382  0.14205054217911783  0.19033574927744518  -0.9713876394177621  -94.79565637674926  0.0  0.0  0.0  1.0
4215528470650;5.1845358049870764;158.64865983407657;0.9273078848697169  -0.3588342376988209  0.10648040436417329  -67.83942045548534  0.3709064895428316  0.9191522401406411  -0.13261800578901067  -86.95879525093258  -0.050283821189973724  0.16247199543166407  0.9854310671107278  -24.3715130319871  0.0  0.0  0.0  1.0
4215528470681;3.380804448922173;20.189306623988728;-0.868667145351286  0.07539374705084131  -0.4896255441588819  17.854663659355833  0.44471644673625754  0.554154691894926  -0.7036617507390298  -15.150419504440574  0.21827659652268017  -0.8289923765370059  -0.5149048135859694  7.318752469182317  0.0  0.0  0.0  1.0
4215528470712;10.187008660188404;33.25978034599985;0.7169753074603118  0.6905088215145001  -0.09562413870382153  -12.678093632503021  -0.6967726915211592  0.7056718049014898  -0.12858895799186235  14.181689865437447  -0.021312551291462256  0.15882339619127098  0.9870769493710807  -14.173208634811656  0.0  0.0  0.0  1.0
4215528470743;11.416465271917176;34.33015088393372;0.6166557203639107  0.5762793171707692  0.5363188148327989  -18.162467309342944  0.27866556159079603  -0.7969513613112744  0.5359235323135122  6.54752702211452  0.736261656835226  -0.18102672815166848  -0.6520338153569564  -7.388051518832069  0.0  0.0  0.0  1.0
4215528470774;8.6384432610346;8.368210339234135;-0.22712966491436815  -0.9738090035505587  0.01039903455873789  19.16664923553088  0.9717482118709867  -0.22732674732125757  -0.06346623257981956  -3.281654202861747  0.06416796740918121  -0.004309820901593542  0.9979298058492737  -5.695192516950611  0.0  0.0  0.0  1.0
4215528470805;4.364926864890053;7.791893349863876;-0.7920992218344252  0.5595589174546949  -0.24387013073812283  35.91990046897053  -0.5906397728726605  -0.803451289247608  0.07490450258355541  11.426747058050099  -0.15402428857239103  0.20337119683791988  0.9669108929092084  3.4565835047292244  0.0  0.0  0.0  1.0
4215528470836;7.998596834151955;17.673210255163976;-0.6790886351930521  0.6973829174746623  0.22911938365438822  16.35358474040479  0.6828184635532367  0.7146967900503531  -0.15155013732266667  9.819788340463221  -0.26943936494587356  0.053530969599384574  -0.9615283999504717  -3.3044976139649678  0.0  0.0  0.0  1.0
4215528470867;4.496746515697113;7.158022045516564;0.9767567280210764  -0.15422075432943844  0.148869920399055  3.3452353408406856  -0.16785372428741765  -0.9822471001277673  0.08376014286900568  1.4839745450922728  0.1333094951922237  -0.10680165366066063  -0.985302991605599  1.2856495211119876  0.0  0.0  0.0  1.0
4215528470898;3.0735426127890535;21.227689616850824;-0.832538065509778  -0.5046622434062658  0.22846529180028907  14.223597724976342  -0.5132591031448402  0.857879630291977  0.024650212353134693  -5.180151577746818  -0.20843575153075453  -0.09673965066225665  -0.9732399382852897  19.52908991092197  0.0  0.0  0.0  1.0
4215528470929;7.751781789465057;44.78605995604207;-0.6613963194464078  -0.6578401155755549  0.3602794623098646  32.53592935284552  -0.7292280818296364  0.6763635976738525  -0.1037240975509159  25.690281308200543  -0.17544604097503655  -0.33132863758091124  -0.9270598797407653  -27.10959087493879  0.0  0.0  0.0  1.0
4215528470960;7.051327912203398;33.65611481483389;-0.9858129461528454  0.16316722219786714  0.039361056866894756  31.562461238697573  0.16717999571751133  0.9754071130129573  0.14363778373262717  -17.1955855792538  -0.014956076669365891  0.1481803680787706  -0.9888472552860225  17.180912212630425  0.0  0.0  0.0  1.0
4215528470991;7.811575106800094;21.324272414558244;0.166046876559275  -0.8324306564343331  0.5286659030174106  21.87100960041394  0.6496078217613718  -0.31100985547190263  -0.6937453046369337  7.704172899695586  0.7419151654275271  0.45861974666127375  0.48911125041343473  -2.893115569828866  0.0  0.0  0.0  1.0
4215528471022;6.397326685010671;13.084203397310542;-0.0672023268319053  0.6069372138813156  0.7919034446663081  19.60911630745926  0.7826243391226446  -0.4602314657724359  0.41914930719947413  -11.696923822887495  0.6188561958009486  0.6479307187647005  -0.44407521052163745  -15.777249388742742  0.0  0.0  0.0  1.0
4215528471053;4.989390319330123;32.50778543493965;-0.7657881777549327  -0.36192883306344437  -0.5315787680185444  46.21828605818475  0.5185051114855324  -0.8364602264537809  -0.17744503071167061  3.756715502261135  -0.3804220237764315  -0.4115116150951556  0.8282133025179088  17.44196758976203  0.0  0.0  0.0  1.0
4215528471084;7.283065117516562;148.5976925628275;0.9737945487538273  -0.19006104834616738  -0.12490386190540946  -42.19780343560627  -0.22722439405998066  -0.836377580857726  -0.49884027201365017  -115.86828670060133  -0.009656684804032197  0.5141491419229771  -0.8576464354840295  -89.25136332573118  0.0  0.0  0.0  1.0
4215528471115;13.751336068378958;36.229666100488906;-0.8591576758200414  0.5100397978978872  -0.04132181796323278  15.731026018396504  0.49309859336778283  0.8467849910548646  0.1995218187139611  -15.637487053205936  0.13675476334745446  0.15104497172860484  -0.9790217317390288  -16.576385911426748  0.0  0.0  0.0  1.0
4215528471146;11.525962444638278;36.01910760513998;-0.23007792104812572  -0.9670489925338808  -0.10899723063169463  25.858035313056902  0.9685601073641301  -0.2384380441044042  0.07098322017527187  1.6879989729194147  -0.09463333804192521  -0.08923869767579906  0.9915044055213118  7.7790323748828625  0.0  0.0  0.0  1.0
4215528471177;6.697705102568167;47.10903662340974;-0.6429686834367099  -0.7189997601725027  0.2638761394888662  50.934164395343664  0.7658722579431712  -0.6060890960523555  0.21469907349466394  -26.90086965567101  0.005563868500670283  0.34014019538761064  0.9403582779180417  1.288491117968837  0.0  0.0  0.0  1.0
4215528471208;6.121585792418238;22.275605085873416;0.765363598191249  0.5301528352133302  -0.3649061987401856  12.177282209061762  0.6319635253005258  -0.7263774420474904  0.27018126207099635  3.1533603481672365  -0.12182226911971468  -0.43739431066237255  -0.8909801073799076  4.914770292498798  0.0  0.0  0.0  1.0
4215528471239;7.5967337800512365;20.55785643021897;0.9659737796647313  -0.2577437663811751  0.021512970317449327  -5.417630817630439  0.25845179837936766  0.9650985799956359  -0.04227763953767964  5.1038935010292965  -0.009865339056711378  0.046399157126542225  0.9988742630097356  16.996803277570354  0.0  0.0  0.0  1.0
4215528471270;4.659737430181631;171.37364548122423;-0.6883277399047989  -0.7251621004152872  0.018570153441478613  130.82070027661996  0.7235154406388596  -0.6881586781282057  -0.05443382104902308  -48.89220452273107  0.052252556250465335  -0.0240325162671137  0.9983446842284299  43.739941529299216  0.0  0.0  0.0  1.0
4215528471301;12.269791784026703;16.386030416922985;0.23304656371628124  0.9710017558162308  0.053337504083245724  22.240219247897247  0.9717680899376085  -0.23045191549780047  -0.050583535092026524  -11.104950995081513  -0.03682497140589394  0.06362000349883407  -0.9972945485842002  5.0189212023746705  0.0  0.0  0.0  1.0
4215528471332;10.27674754914434;16.874466647871916;-0.9843505510807576  0.1757684191727114  -0.012627565423909276  21.40063067795167  -0.17596174041683424  -0.9842620073442644  0.01630235590699372  20.966829201757925  -0.009563393565444764  0.018269201410182442  0.9997873662851252  5.5157707448254945  0.0  0.0  0.0  1.0
4215528471363;7.251183878607266;11.16527427789514;0.4116373380098963  -0.4360373035730746  0.8002663130788712  14.263048715265349  -0.9113355275296398  -0.2014924025226128  0.3589824062373242  20.781211529582382  0.0047178616342783974  -0.8770816846898518  -0.48031808227799605  4.399861136049181  0.0  0.0  0.0  1.0
4215528471394;7.752494131188369;36.15321777852104;0.5864480956924097  -0.8057510535650317  -0.0827276902710811  23.14816710664782  -0.8037741568979817  -0.5915323753371029  0.06353387782107985  25.49263797151098  -0.10012859612361183  0.029235057839629035  -0.9945449088057454  19.875831769063236  0.0  0.0  0.0  1.0
4215528471425;6.845520635125362;12.431862395722266;0.4975949121477237  0.13389356511898892  0.8570133118128485  9.470561004101608  -0.06547656350867492  -0.979397816797755  0.19103072025956036  11.25457801470088  0.8649347507389177  -0.15117020100376605  -0.47857648008723447  2.749093677581661  0.0  0.0  0.0  1.0
4215528471456;8.696136189115853;15.531045823468324;0.76422684448237  0.6226657910304265  -0.16806142583285666  7.933527444143034  0.6188396381691701  -0.6345657010907121  0.4629944634981117  -4.347599636425634  0.18164479734682826  -0.4578358698045696  -0.8702824161828869  3.657493500323464  0.0  0.0  0.0  1.0
4215528471487;4.397592397978111;13.905256300872459;0.8798514967947145  -0.21841536566438252  0.4220853842882917  5.573513286332485  -0.03615987460315401  -0.9163277401136045  -0.3987930994475444  8.389358397719723  0.47387108696014024  0.3356161508926366  -0.8141302059272986  -1.7971381055172981  0.0  0.0  0.0  1.0
4215528471518;4.316883413942118;545.9728838767664;0.03478641119753548  0.957298667663054  -0.28700029004608635  24.620441589464374  0.5740563855140999  -0.25421245909406887  -0.7783542200642544  -121.99769576121415  -0.818076507330753  -0.13767819918886245  -0.5583865521496991  318.73427725225287  0.0  0.0  0.0  1.0
4215528471549;1.9026528424683027;15.161598994001759;-0.9129707927256069  0.18466130258291752  -0.3638468564634813  12.920629213518263  -0.00719502226362187  0.8843023633859455  0.46685925262830275  12.385011804647778  0.407961472794433  0.4288467481961497  -0.8060135875262807  3.7486717792911266  0.0  0.0  0.0  1.0
4215528471580;8.32112714146523;4.107940889827591;-0.9770788722174435  -0.03479782378057985  0.21001425886454578  32.51592393459482  0.0975364166077421  0.8037239395840612  0.5869535555517125  -4.9480080950945835  -0.18921819389691286  0.5939839563486644  -0.7819076254256497  6.466051176441227  0.0  0.0  0.0  1.0
4215528471611;14.49435390175508;206.03180162805415;-0.8135672858142367  -0.5594335281940248  0.1585635487280767  161.81336397020596  0.5615551244056733  -0.8266823281841092  -0.035386021559781725  -54.27708743023491  0.1508778105175994  0.06025326381604448  0.9867144624930403  3.858449591693277  0.0  0.0  0.0  1.0
4215528471642;10.551955767567739;17.68137399190766;0.5487115505531337  -0.3764719375074727  0.7464479315792532  16.95473411773124  0.043247921193023495  -0.8788897068916811  -0.4750605229150666  10.215032604597651  0.8348923592907399  0.29295351745494363  -0.46597530514901564  -3.690489469911628  0.0  0.0  0.0  1.0
4215528471673;5.301269378770812;15.65307399337362;-0.885810075556728  0.4540918240789477  -0.09560923253973636  23.127019984164843  -0.45910573161706225  -0.8875630778182622  0.03812755027713494  15.029056562792963  -0.06754581584780434  0.07766851484628334  0.9946884761386485  3.329538293662608  0.0  0.0  0.0  1.0
4215528471704;14.231622672185328;725.9015202673172;-0.7549270073189737  -0.5335249850476511  -0.3813611201346065  226.18164968829547  0.03563062417071731  0.5472858576385089  -0.8361869699116861  204.02897090557616  0.6548401883220235  -0.6448482614993898  -0.39415104642711707  -317.0139498236075  0.0  0.0  0.0  1.0
4215528471735;9.260585039119485;12.542390025550013;-0.8167831873701157  0.40955817577208486  -0.4063586168493988  16.948958883595637  0.1916764181611444  -0.47169290981080425  -0.8606776106970198  13.895477925692205  -0.5441740305733346  -0.780876366329817  0.30676819417454754  1.1452206873457136  0.0  0.0  0.0  1.0
4215528471766;10.023762998931376;8.390283877140964;-0.11469741091355813  -0.9889560150847512  0.0938642858461981  2.2723325994069348  0.9802005640013136  -0.0973149548502218  0.17244319033817157  0.5208749866593062  -0.16140433160616832  0.11178461338748605  0.9805370171230547  -2.5545632653552865  0.0  0.0  0.0  1.0
4215528471797;16.49642327605817;18.48509515299579;-0.31984456936147937  -0.6991554359639064  -0.6394381344681366  29.5768804154708  -0.6096109786925163  -0.36478657717674756  0.7037792322662173  0.7295412081085603  -0.7253095243463465  0.6149084724361779  -0.3095378238902047  12.45921779778049  0.0  0.0  0.0  1.0
4215528471828;6.120378490255965;32.0604731143326;0.5897214365670288  -0.7979088244447601  0.12478034751715139  13.218945881950997  0.7969046476599047  0.5999888884071751  0.0704011102608865  -27.835799159316053  -0.13104048912974647  0.05792099499407219  0.9896835598046145  15.187251524563097  0.0  0.0  0.0  1.0
4215528471859;3.3560635566366703;50.89317100029102;-0.44963395877737833  -0.8897486343909758  -0.07859179800447715  15.753773963556592  0.8911229706299538  -0.45285761510785905  0.028632702535193982  -38.804519942536075  -0.06106680219095799  -0.05716072111350459  0.9964956084358598  -34.859791450731166  0.0  0.0  0.0  1.0
4215528471890;6.397138347400414;7.495964303823504;0.27425676034078256  0.8635169264700505  -0.4232277721358769  0.0440803612451548  0.9611195674409481  -0.23142581858525074  0.15063620937302133  1.2224541970030924  0.03213108291833293  -0.4480854920568907  -0.8934131101112356  7.22143439309118  0.0  0.0  0.0  1.0
4215528471921;4.826841366204702;15.228669937856253;-0.9418349454965945  -0.30905718485849354  0.13202496706596864  17.637034487846794  0.3124025018869657  -0.6602771461342687  0.6829632252966115  -9.456157091769681  -0.12390162329925922  0.6844835620963652  0.7184223277179516  -3.0422660664820027  0.0  0.0  0.0  1.0
4215528471952;10.627445185868936;304.1407865139108;0.6934114929457968  -0.7204164964408862  -0.013437749310048638  -79.9645471003294  -0.7203346259153752  -0.6926443484188514  -0.03690302576728066  131.66597667877292  0.017277967416257572  0.035268658313905764  -0.9992284991845954  120.83299018090698  0.0  0.0  0.0  1.0
4215528471983;2.5890048286559675;76.58047651632845;0.624597170811517  -0.7720791825413684  -0.11735463391149359  -0.7341073465716742  0.779492198914536  0.6255227288218268  0.033365064943394196  -31.647614973611848  0.047647518777268486  -0.11231674680806703  0.9925294264357214  -67.51561143028036  0.0  0.0  0.0  1.0
4215528472014;9.471090222260203;8.448587164526264;0.5995378500018459  0.7980035296587612  0.06119422413367831  2.773470794479269  -0.7900871580149861  0.6023232176111855  -0.11388162391848569  3.9238200927734477  -0.1277366398296404  0.019927573326097625  0.9916079077268221  -7.054581756665866  0.0  0.0  0.0  1.0
4215528472045;3.9958979372442767;23.121714564510583;0.7948719173918537  0.4030692341991876  -0.45355686234900927  20.329972901449537  -0.1739511250971117  0.8674821978417294  0.4660639897107812  5.255812963488948  0.5813085592172602  -0.2915644506275799  0.7596515846827352  4.366613579199474  0.0  0.0  0.0  1.0
4215528472076;8.69484171943448;253.98890731493793;-0.22604046654326793  0.583554319682119  0.7799808096775468  -189.4102682716891  0.07705304999220042  0.8089069435776894  -0.5828656655857335  156.26878422111534  -0.9710656697524641  -0.07165132666001063  -0.22781034308402073  -58.84900000279338  0.0  0.0  0.0  1.0
4215528472107;10.315265354533507;10.336179342383513;0.02282058738770514  0.8766719379946193  -0.4805471193587981  8.090116438123157  -0.9587974650800569  -0.11695675456734654  -0.25889870319708225  21.870281817082176  -0.2831724593729721  0.46665558037361166  0.8378818100178749  6.556684362164148  0.0  0.0  0.0  1.0
4215528472138;6.670306263270432;11.806571151895767;0.36029286446456493  -0.8808846414252819  0.3069711718011504  6.158483352701556  0.9222245591439427  0.3858562424947875  0.02483591430899714  -11.496590633314465  -0.14032431837596374  0.2741481508762304  0.9513947009750817  6.915432960023282  0.0  0.0  0.0  1.0
4215528472169;13.267182160692693;33.23291288857291;-0.39011057812113736  -0.7517335187430217  -0.5317052319060132  34.068843359325065  0.9151126609065919  -0.3804411280706652  -0.13354162617242835  -20.792216213345007  -0.10189482168613356  -0.5386661905768311  0.8363349690423071  -7.6643650539628  0.0  0.0  0.0  1.0
4215528472200;8.200847505154186;22.724403228369503;-0.5597315341505544  0.18143998728833796  -0.8085667199992057  14.029013500367569  -0.4540672887868705  0.7490641883361213  0.482416561703771  -16.920726951156627  0.6931980286550209  0.6371674605354195  -0.33688888420907714  -11.057682610373469  0.0  0.0  0.0  1.0
4215528472231;10.278644612899345;32.61204748442239;0.40047128106743257  0.9156336633708777  0.03518163643488132  5.922773716835021  0.3293320532074255  -0.1079984763201669  -0.9380174453829226  -7.080013623533858  -0.8550807866923402  0.387235488578396  -0.34479780250903563  32.75880515166119  0.0  0.0  0.0  1.0
4215528472262;4.061839555975304;11.060026138368068;-0.2890134014317871  0.9563077281706025  -0.04412236206289851  12.606707392912954  -0.9365118320529199  -0.2919878106870851  -0.19413579483198418  13.095456740463426  -0.19853675281345767  -0.014786732274027981  0.979981892858712  -0.6455013184663424  0.0  0.0  0.0  1.0
4215528472293;4.76530520571006;5.794072411581963;-0.20407209673353197  -0.953043980115984  0.22374483524645744  20.851952179976887  0.9102630772833327  -0.26883526021467696  -0.31487891799862583  -1.4504665899525062  0.360243958269196  0.13940866124452722  0.9223825213546449  -6.7292109278756485  0.0  0.0  0.0  1.0
4215528472324;7.620481991712362;20.04489501729351;0.10406169114603778  0.9945244564058192  -0.009605729880453773  -8.16736011308969  -0.9939633018533482  0.10365574244814268  -0.03595054417270932  21.826659359016098  -0.03475800633834242  0.013288817412919651  0.9993074043191864  -10.344840592240164  0.0  0.0  0.0  1.0
4215528472355;4.274579483987271;17.27551296951718;-0.901188674375573  -0.03218989330261812  -0.4322300127783397  17.038889705091698  0.41140502049590777  -0.3773605618731194  -0.829665544333116  17.544319303056152  -0.13639971513151825  -0.9255067893386683  0.35331614822998236  2.7270832230384823  0.0  0.0  0.0  1.0
4215528472386;6.98607721477994;36.7844517299879;0.8886995445543052  0.4487691781305477  0.09391136389704555  -29.656261172389385  -0.4382855025141673  0.8916595543947395  -0.1133536825272051  -1.7748582708492708  -0.13460660383084672  0.05957737671807304  0.9891064646379166  20.36811884415721  0.0  0.0  0.0  1.0
4215528472417;3.9350110134314358;20.29579670217978;-0.13096117026954604  -0.9387763312767978  -0.31866623874534744  11.193810735519612  0.9675570255241137  -0.19108334734420696  0.16528931219732035  17.880863944482673  -0.2160615056889144  -0.28668127633699614  0.9333441335098378  9.746800741896267  0.0  0.0  0.0  1.0
4215528472448;8.44720383204338;11.189344624102619;0.8591078672589826  0.4402887901346043  0.26092039723932836  0.31304570638373264  -0.49903319049529327  0.6075115844247121  0.6179769814271923  11.988897785184252  0.1135761735480236  -0.6611168248287007  0.741636701310424  -4.809134563882514  0.0  0.0  0.0  1.0
4215528472479;4.6646235313045;10.97165398037933;-0.7983910708903813  -0.3542513660789094  -0.48690622049193155  8.118151713796966  0.4795656029446173  -0.8630894863081211  -0.1584088731629319  12.332940861985488  -0.3641270800076205  -0.3599757050907898  0.8589697092153564  2.693426510527205  0.0  0.0  0.0  1.0
4215528472510;4.403148072732226;4.443650180525278;-0.9988767593720349  0.04709199416963227  0.005250111574910787  9.299472266954972  -0.04682450508839879  -0.997982679037705  0.042872346144707904  5.357860142678723  0.007258464689461064  0.04257835630754797  0.9990667636672227  -3.6847391137533076  0.0  0.0  0.0  1.0
4215528472541;10.318454924319978;14.871799153227476;0.8032989700666961  -0.5943829031241854  0.0376792935635833  12.144726801830915  0.5822419947403684  0.7704290640163008  -0.2596792577001933  -7.100344475831997  0.1253196881999874  0.23053854730311812  0.96495956078834  2.7877139512875355  0.0  0.0  0.0  1.0
4215528472572;7.24244761931414;7.655384906388644;-0.48513520289385303  0.8531907594492559  -0.19159687602761766  -1.9093832834808748  0.4541586700306104  0.4330814173240828  0.7785758719640568  -1.0669861896897024  0.7472507861147873  0.2906991812148186  -0.5975870218569567  -5.268996973849206  0.0  0.0  0.0  1.0
4215528472603;5.1560174420135;9.57544334005473;0.37952350016232667  0.8562573822351154  -0.35040720339685383  4.40441867816488  -0.8639840443893664  0.4634759520560192  0.1967780803503275  10.43402571361397  0.33089799616366666  0.22806432696420123  0.9156927317071138  -11.189917062339651  0.0  0.0  0.0  1.0
4215528472634;2.054122432201142;25.331908359686803;0.734019808843268  0.591060911299228  -0.33445764957587343  -27.25820318446878  -0.5268035129914728  0.8063497355625984  0.2688459831538688  7.1154462993812  0.42859418909445646  -0.02114481241944215  0.9032496432228532  3.63140980489408  0.0  0.0  0.0  1.0
4215528472665;3.1616134532515607;29.94481244574583;0.4301283250981781  0.9025303654877146  0.02070177095922275  25.650070692474532  -0.9027634113342398  0.4299419924943202  0.012965579284389357  18.93816249274808  0.0028012683559305845  -0.02426566427333006  0.9997016207013831  -13.889535508615095  0.0  0.0  0.0  1.0
4215528472696;6.874583370600295;17.076376903525777;0.9495862552440693  -0.3126977975132564  0.022495139072817777  10.585578895631906  -0.3132775645096632  -0.9437107903649797  0.10614665196604287  0.7173932793466052  -0.011962918809408585  -0.10784262412916852  -0.9940959998885895  5.513757663014747  0.0  0.0  0.0  1.0
4215528472727;10.234961895922138;42.40269475266138;-0.8013761362825361  -0.4207674961201631  -0.42514821228089666  47.55440111600106  0.587730683003382  -0.4217358814187178  -0.6904429669280113  4.178853169286382  0.11121570236819986  -0.8031771663417387  0.5852670390633684  -7.5091173160558595  0.0  0.0  0.0  1.0
4215528472758;6.7270965623001775;5.810279738071271;-0.6596319421714173  -0.7493347983660968  0.058164085351745554  9.632965039401231  0.7514897926131838  -0.6563111255786349  0.06722200562241179  0.8376612726483982  -0.012198051703378648  0.08805149856388828  0.9960412346561237  -5.225788262971699  0.0  0.0  0.0  1.0
4215528472789;6.2551636084248825;117.07601621316076;0.582691697044263  -0.8126932794456181  0.00014049770158439112  43.055112658410835  -0.8126932906344427  -0.5826916960357282  5.223761449682507e-05  113.74703117295115  3.9413685789503605e-05  -0.00014461996366793572  -0.9999999887658138  31.12267361358326  0.0  0.0  0.0  1.0
4215528472820;11.132084316276776;29.965459283898035;-0.2804301312110114  0.9551967419168212  0.09464737577167381  34.833898133421215  -0.9593688202510814  -0.28211658073546253  0.004658498060498617  31.99382449063662  0.0311513761979028  -0.08949535801157943  0.9954999611528654  6.0975162409368595  0.0  0.0  0.0  1.0
4215528472851;7.769777714220737;14.412259708836658;0.3437271031047883  -0.9081842854624617  -0.23885766102478062  2.769586102132379  0.926048598786926  0.37002318927149086  -0.07427538008065444  10.463941592434509  0.1558386065003199  -0.19566334107439018  0.9682097839227022  7.648925676899559  0.0  0.0  0.0  1.0
4215528472882;7.042666088122157;18.037384180569273;0.8791934498649849  0.44101529069540507  0.18034519979016392  -6.131499395809548  -0.43089685322685634  0.8974857363582559  -0.09405984750504684  10.393426086111806  -0.20333907542255572  0.0049866227375861775  0.9790956817390082  -5.602435878233288  0.0  0.0  0.0  1.0
4215528472913;11.695730771155905;80.42146200767809;0.2914761071089005  0.4472826503672178  -0.8455648465168819  2.6564042406614536  0.254944398793982  0.8156516509651803  0.519341638809513  -59.461333228372865  0.9219788677123875  -0.36694770057632575  0.12371076159142924  3.004623511278543  0.0  0.0  0.0  1.0
4215528472944;6.966974866703557;30.456902768984463;-0.73266202049282  0.6805900458566169  -0.0018849955615651125  20.549390412878314  -0.6801581307377276  -0.7320924890592773  0.03775585589485597  33.86303710774745  0.024316268602303945  0.02894437672296396  0.9992852156103281  -8.509871486377206  0.0  0.0  0.0  1.0
4215528472975;4.140007954611918;13.042609053443776;-0.9346812436256478  -0.09439342969134373  0.342725623853132  13.29066961019958  0.32271779717376775  -0.629618162022448  0.706706582280642  5.858229891459187  0.1490778192814882  0.7711490455693896  0.6189547263861033  -4.571868631481665  0.0  0.0  0.0  1.0
4215528473006;2.4517018405060282;9.665301403609154;0.45036228064252865  -0.6427710371555514  0.6196928351759747  9.478159563925095  -0.8684872708223959  -0.15435945357003505  0.47106583352332715  14.60881583015852  -0.20713202696330402  -0.7503456222885143  -0.6277561393714408  4.286116179518443  0.0  0.0  0.0  1.0
4215528473037;9.53731782294903;9.90505554325108;-0.9099906270457188  -0.09408810775937936  0.4038124399609293  22.768427674551592  0.035256763640729244  0.9528269811773858  0.30145929170946323  -0.9894088558823276  -0.41312712245327277  0.28856224964234134  -0.8637463798910128  10.532588092471414  0.0  0.0  0.0  1.0
4215528473068;7.896574012257276;17.2386631654346;0.9788738146654911  0.13188635147292774  0.1562435446902983  12.729768651315196  -0.1591864847396432  0.9711506347742285  0.17755592824192068  10.708760858521185  -0.12831881404714324  -0.19867670943715132  0.9716284511523737  -0.6114970684282128  0.0  0.0  0.0  1.0
4215528473099;4.933808374600305;21.28139788765832;-0.9331738599818663  0.22075110818257432  0.2836467790804422  23.12842419847708  -0.34238528159165277  -0.7860704647817602  -0.5146508946336265  14.333583083221862  0.10935660014808617  -0.5773752442164045  0.8091223401748954  1.1877146656227162  0.0  0.0  0.0  1.0
