# teaser_benchmark.py --gpu 0 --input_txt=/neural_comparison/point_clouds_registration_benchmark/eth/plain_global.txt --input_pcd_dir=/neural_comparison/point_clouds_registration_benchmark/eth/plain/ --input_features_dir=/neural_comparison/experiments/3DFeatNet/feature_extraction_voxelgrid_0.1/eth/plain/ --output_dir=/neural_comparison/experiments/3DFeatNet/results_teaser_voxelgrid_0.1/ --cbar2=1 --noise_bound=0.1 --estimate_scaling=False --rotation_estimation_algorithm=GNC_TLS --rotation_gnc_factor=1.4 --rotation_max_iterations=100 --rotation_cost_threshold=1e-12 --rotation_tim_graph=CHAIN --inlier_selection_mode=PMC_EXACT --kcore_heuristic_threshold=0.5 --distance_metric=euclidean
id;initial_error;final_error;transformation
4215528470030;7.9427285406441825;66.89340249618634;0.67900469309967  -0.46184572447735966  0.5706585262051254  22.91154476973494  -0.49803866848208933  -0.8608799352473524  -0.10413079172416811  57.67405749904762  0.5393608360320673  -0.21350471627225764  -0.8145585458911424  -42.402353214167505  0.0  0.0  0.0  1.0
4215528470061;8.5731783167614;8.301868003154876;0.6632391345589367  0.744259095742549  0.07869084313943975  -0.7905913490531724  -0.7471424953688826  0.664558759394538  0.011821460398440176  11.685320918874814  -0.04349645966595667  -0.06663372806976631  0.99682897443847  6.806247730659215  0.0  0.0  0.0  1.0
4215528470092;7.21989676751356;41.54850669492464;-0.960518681016623  -0.27675129967526146  0.028505816005516497  22.83090546830704  0.27675438353443915  -0.9609327125722853  -0.0039157506231242535  45.56575014839026  0.028475860172421288  0.00412795791203954  0.9995859569596387  -9.279280772835433  0.0  0.0  0.0  1.0
4215528470123;3.699125908164359;376.6627108708006;-0.5726930948636361  -0.7694709413753533  -0.28273147945433613  175.89844272817865  -0.44510162850308116  0.5814955785308724  -0.6809900384388535  1.7848300321529051  0.6884091511589715  -0.26415405075064313  -0.6755112716103348  -320.97367433226214  0.0  0.0  0.0  1.0
4215528470154;6.304867582126328;18.685054437254315;-0.46468384006607166  0.8732086576321623  -0.1468862451616445  11.964938019409008  0.810563508519561  0.486253799447121  0.32641084721512975  -13.681787853436546  0.3564487725296711  0.03261721569165934  -0.9337453559737873  -14.444470166197522  0.0  0.0  0.0  1.0
4215528470185;10.45878331764484;17.04247355920262;-0.7270177928539979  0.6866142983994009  0.002436002298769231  30.99883473757453  0.6866100285964211  0.7270218685193591  -0.0024230818065902465  -12.9113366270328  -0.003434749557564974  -8.903997891302997e-05  -0.9999940972662584  0.687355516009383  0.0  0.0  0.0  1.0
4215528470216;5.914600834043442;42.49453356642827;-0.3983116722824491  0.9170385206221142  0.019701863332270243  26.517692124064528  -0.9157873778508416  -0.39637216876139036  -0.0649814004194447  38.93895203413885  -0.05178117701094831  -0.043925568028159855  0.9976919635743109  -17.53585612475442  0.0  0.0  0.0  1.0
4215528470247;6.661053221913973;14.645703953063716;0.7363993759280867  0.6400011822846678  0.21935005312730535  -0.1158537657068921  -0.6710567696605703  0.7321884215514531  0.11654581604979093  3.507037220464205  -0.08601610910431154  -0.23302060428257965  0.9686602226551561  -1.099651659177004  0.0  0.0  0.0  1.0
4215528470278;5.936222330533173;9.103485951478858;0.4446514716099819  -0.8953887868657847  0.023748455741281184  7.6225545695091235  -0.7613505099291055  -0.3917889320618996  -0.5165721960621641  21.155086813386777  0.47183733407369133  0.21161368828318816  -0.8559142346668954  -0.6275986632592226  0.0  0.0  0.0  1.0
4215528470309;13.3828056546087;19.537134524863166;0.7527120083302403  -0.6576094109628025  0.031216904532852474  3.8238403656514914  -0.6400273697044352  -0.7420490227880541  -0.1993193764000803  26.852842227711257  0.15423877121100105  0.13005041481075943  -0.9794372318136934  -7.2857999710192685  0.0  0.0  0.0  1.0
4215528470340;6.643852363898183;8.273727903638605;-0.8143156351007171  -0.5796704684830805  -0.029532937529513848  21.971968846693358  -0.5804165915791784  0.813027173045358  0.045862796572853796  12.1435461431727  -0.002574228063984578  0.05448819925891965  -0.9985110963286262  2.9459045813620346  0.0  0.0  0.0  1.0
4215528470371;8.616592423121881;327.7230445186152;0.934654124040471  -0.33228468577725373  0.12652492249376035  -247.65926177009317  -0.3481587268281619  -0.9275167974737986  0.13600768852290052  118.53856420262395  0.07216071886791055  -0.17117090290660025  -0.9825952130204002  160.44231383965035  0.0  0.0  0.0  1.0
4215528470402;8.051064745866395;230.75174246048633;0.8870402842880889  0.16933629474966772  0.42951688363853624  -168.28652381983835  -0.06259247953388064  0.9658286110657244  -0.25150999095991133  -79.98913972545824  -0.45742946511555954  0.1962149671337731  0.8673280642967718  63.96825129981839  0.0  0.0  0.0  1.0
4215528470433;3.035557231842426;8.056324213721796;0.4476115461587725  -0.8937389597841536  0.029573222842491285  15.185590002525228  0.8136445815564199  0.39333221054356  -0.4281031032973183  -0.20814051890463273  0.370980321107779  0.215685984507235  0.9032459008696989  -5.457780454379643  0.0  0.0  0.0  1.0
4215528470464;11.371431429449434;12.794014300360878;-0.18139696211769993  -0.4400830087239137  -0.8794441924118768  30.512412842918913  0.9583729595341283  -0.2796172017746947  -0.057753709019302005  -7.476829808680918  -0.22049129816903568  -0.8533118807940023  0.47248536646920225  8.404574995306463  0.0  0.0  0.0  1.0
4215528470495;6.926527848736154;8.572217828786776;-0.6276579850889993  -0.6406828039554365  0.44223409917126133  21.722445485477937  -0.4917816252078072  0.7666791552580661  0.4127395134957951  1.5354094424890516  -0.6034867743886232  0.041576647394631065  -0.7962883243709137  4.126929769619582  0.0  0.0  0.0  1.0
4215528470526;13.514784535064075;19.053321641674337;0.2514353363703973  0.9678249695253217  -0.009751922252345266  1.077369876828178  0.9626019652147192  -0.2511032568565479  -0.10170846061560185  -2.583310178685806  -0.10088472723393796  0.01618588148187044  -0.9947664495003784  17.473684796497817  0.0  0.0  0.0  1.0
4215528470557;10.446360986706342;18.703523052570933;-0.06827903216944195  0.529319314767824  -0.8456707614549085  -9.889044503942973  0.9973552832167804  0.05737736252364699  -0.0446125241317465  2.8957831116684196  0.02490808715216781  -0.8464803017693623  -0.5318370858739252  2.195914383886172  0.0  0.0  0.0  1.0
4215528470588;3.580277951137834;21.66654662236717;0.7861141565036045  0.6167350565669101  0.04077257590632277  4.338656420098911  -0.6167095336321899  0.7870535125659551  -0.014701002848740902  12.995860380725189  -0.04115682290694184  -0.013588169817976309  0.9990602972639864  19.06587606653936  0.0  0.0  0.0  1.0
4215528470619;3.9070449392142814;426.08801357501784;0.5262968682633129  0.8166125464545722  0.236971634229094  -234.17235156713284  0.8383515073779296  -0.5449002216185748  0.01582714621087153  -150.29320853235382  0.14205054217911783  0.19033574927744518  -0.9713876394177621  -94.79565637674926  0.0  0.0  0.0  1.0
4215528470650;5.1845358049870764;158.64865983407657;0.9273078848697169  -0.3588342376988209  0.10648040436417329  -67.83942045548534  0.3709064895428316  0.9191522401406411  -0.13261800578901067  -86.95879525093258  -0.050283821189973724  0.16247199543166407  0.9854310671107278  -24.3715130319871  0.0  0.0  0.0  1.0
4215528470681;3.380804448922173;20.189306623988728;-0.868667145351286  0.07539374705084131  -0.4896255441588819  17.854663659355833  0.44471644673625754  0.554154691894926  -0.7036617507390298  -15.150419504440574  0.21827659652268017  -0.8289923765370059  -0.5149048135859694  7.318752469182317  0.0  0.0  0.0  1.0
4215528470712;10.187008660188404;32.44835341517329;0.9511465593971722  0.031546916048533324  0.3071237773842146  -11.860186535369259  -0.16377879930034284  -0.7917077679444771  0.5885365877123632  1.435897439700611  0.2617187945995852  -0.6100849139785388  -0.7478634034963465  16.82589518666521  0.0  0.0  0.0  1.0
4215528470743;11.416465271917176;34.33015088393372;0.6166557203639107  0.5762793171707692  0.5363188148327989  -18.162467309342944  0.27866556159079603  -0.7969513613112744  0.5359235323135122  6.54752702211452  0.736261656835226  -0.18102672815166848  -0.6520338153569564  -7.388051518832069  0.0  0.0  0.0  1.0
4215528470774;8.6384432610346;8.368210339234135;-0.22712966491436815  -0.9738090035505587  0.01039903455873789  19.16664923553088  0.9717482118709867  -0.22732674732125757  -0.06346623257981956  -3.281654202861747  0.06416796740918121  -0.004309820901593542  0.9979298058492737  -5.695192516950611  0.0  0.0  0.0  1.0
4215528470805;4.364926864890053;7.791893349863876;-0.7920992218344252  0.5595589174546949  -0.24387013073812283  35.91990046897053  -0.5906397728726605  -0.803451289247608  0.07490450258355541  11.426747058050099  -0.15402428857239103  0.20337119683791988  0.9669108929092084  3.4565835047292244  0.0  0.0  0.0  1.0
4215528470836;7.998596834151955;17.673210255163976;-0.6790886351930521  0.6973829174746623  0.22911938365438822  16.35358474040479  0.6828184635532367  0.7146967900503531  -0.15155013732266667  9.819788340463221  -0.26943936494587356  0.053530969599384574  -0.9615283999504717  -3.3044976139649678  0.0  0.0  0.0  1.0
4215528470867;4.496746515697113;7.95827617732572;0.835239333882358  -0.3933631412746702  0.3842404120108645  6.395003051379377  -0.4583302778118741  -0.8840891984280882  0.09121209165275669  7.672593592813124  0.30382332296360204  -0.25229294145755354  -0.9187163110090353  -2.335560697720961  0.0  0.0  0.0  1.0
4215528470898;3.0735426127890535;21.227689616850824;-0.832538065509778  -0.5046622434062658  0.22846529180028907  14.223597724976342  -0.5132591031448402  0.857879630291977  0.024650212353134693  -5.180151577746818  -0.20843575153075453  -0.09673965066225665  -0.9732399382852897  19.52908991092197  0.0  0.0  0.0  1.0
4215528470929;7.751781789465057;53.84941387800023;0.40173371169354816  -0.9149962038867938  0.03730913777725203  46.54053008697124  -0.9153372098574015  -0.4024491392177862  -0.013873809618499655  37.04465383722898  0.02770951351778811  -0.0285768650418457  -0.9992074587616866  -6.886933301692774  0.0  0.0  0.0  1.0
4215528470960;7.051327912203398;49.495104194855564;-0.5526461954281441  0.0762774636283511  -0.8299180268082039  39.33627223302991  -0.6478984298095833  -0.6656864712869403  0.3702555152807559  38.91862573805633  -0.5242230511233493  0.7423228882959001  0.4173091446193804  -14.016617745094237  0.0  0.0  0.0  1.0
4215528470991;7.811575106800094;21.324272414558244;0.166046876559275  -0.8324306564343331  0.5286659030174106  21.87100960041394  0.6496078217613718  -0.31100985547190263  -0.6937453046369337  7.704172899695586  0.7419151654275271  0.45861974666127375  0.48911125041343473  -2.893115569828866  0.0  0.0  0.0  1.0
4215528471022;6.397326685010671;13.084203397310542;-0.0672023268319053  0.6069372138813156  0.7919034446663081  19.60911630745926  0.7826243391226446  -0.4602314657724359  0.41914930719947413  -11.696923822887495  0.6188561958009486  0.6479307187647005  -0.44407521052163745  -15.777249388742742  0.0  0.0  0.0  1.0
4215528471053;4.989390319330123;19.572079743914784;0.6800627658985205  -0.639364397908683  0.3587865676489587  -5.083474769425886  0.6967158233380372  0.41122911765488973  -0.5877734889421105  -9.85449637965274  0.22825795922345077  0.6496951434939681  0.7251169040723692  -12.102246208342715  0.0  0.0  0.0  1.0
4215528471084;7.283065117516562;148.5976925628275;0.9737945487538273  -0.19006104834616738  -0.12490386190540946  -42.19780343560627  -0.22722439405998066  -0.836377580857726  -0.49884027201365017  -115.86828670060133  -0.009656684804032197  0.5141491419229771  -0.8576464354840295  -89.25136332573118  0.0  0.0  0.0  1.0
4215528471115;13.751336068378958;36.229666100488906;-0.8591576758200414  0.5100397978978872  -0.04132181796323278  15.731026018396504  0.49309859336778283  0.8467849910548646  0.1995218187139611  -15.637487053205936  0.13675476334745446  0.15104497172860484  -0.9790217317390288  -16.576385911426748  0.0  0.0  0.0  1.0
4215528471146;11.525962444638278;13.250731666814737;0.8927128593902036  0.4397071020574386  -0.09859723667332504  5.332079866906848  -0.44012234897491975  0.8977435852179234  0.018675468745594538  7.950810668418894  0.09672677298538057  0.02672301630276784  0.9949521655775804  5.112781985127439  0.0  0.0  0.0  1.0
4215528471177;6.697705102568167;47.753412214407085;-0.11755133167751713  0.8715128418316739  0.47607462749375973  12.74118829679851  0.9596980468396412  -0.02353275918583364  0.28004618929255104  -41.27871374145522  0.2552671998377781  0.4898076926382244  -0.8336228649211813  -13.05514103736046  0.0  0.0  0.0  1.0
4215528471208;6.121585792418238;17.071762938991125;-0.41043453709484023  -0.8889531066818364  0.20323844341181213  26.91671056388153  -0.8323385855095999  0.27416288552157525  -0.48171276843609045  5.503008289998553  0.3724996239348748  -0.36687475563630134  -0.8524358884075571  1.143922450921637  0.0  0.0  0.0  1.0
4215528471239;7.5967337800512365;15.961875331181677;0.9576240642862434  -0.2136279423337727  0.1931819188074673  -2.6856796034773347  -0.25697288971046245  -0.9366346571548188  0.23807656955343118  17.015199678073678  0.13008107261915935  -0.2776303680628501  -0.9518404768003595  -11.007479906578473  0.0  0.0  0.0  1.0
4215528471270;4.659737430181631;171.37364548122423;-0.6883277399047989  -0.7251621004152872  0.018570153441478613  130.82070027661996  0.7235154406388596  -0.6881586781282057  -0.05443382104902308  -48.89220452273107  0.052252556250465335  -0.0240325162671137  0.9983446842284299  43.739941529299216  0.0  0.0  0.0  1.0
4215528471301;12.269791784026703;16.386030416922985;0.23304656371628124  0.9710017558162308  0.053337504083245724  22.240219247897247  0.9717680899376085  -0.23045191549780047  -0.050583535092026524  -11.104950995081513  -0.03682497140589394  0.06362000349883407  -0.9972945485842002  5.0189212023746705  0.0  0.0  0.0  1.0
4215528471332;10.27674754914434;8.708773078142276;0.9819009220676573  0.12378152353983704  0.14334822521692137  3.243532537953799  -0.09397252170352834  0.9755454173613658  -0.19869651187154466  1.5187420461104186  -0.16443766115876376  0.18162949401293751  0.9695210067333457  6.134043797061719  0.0  0.0  0.0  1.0
4215528471363;7.251183878607266;6.19534265814115;-0.415344907460441  -0.6919382398314846  0.590516790705891  24.28714855242108  -0.9048133787676081  0.3811976477428127  -0.1897395661386726  18.310517134812226  -0.09381555014933782  -0.6131148551570529  -0.7844034784063133  4.714120500101243  0.0  0.0  0.0  1.0
4215528471394;7.752494131188369;16.70565775694854;0.6936587104589077  0.7176237823328269  0.06207818002175099  2.474824268289065  0.7116064270957826  -0.6960857310567287  0.09529400786615233  -1.343879533608908  0.11159698168167417  -0.021926286725009236  -0.9935116263184809  -6.938753541331779  0.0  0.0  0.0  1.0
4215528471425;6.845520635125362;12.431862395722266;0.4975949121477237  0.13389356511898892  0.8570133118128485  9.470561004101608  -0.06547656350867492  -0.979397816797755  0.19103072025956036  11.25457801470088  0.8649347507389177  -0.15117020100376605  -0.47857648008723447  2.749093677581661  0.0  0.0  0.0  1.0
4215528471456;8.696136189115853;12.218116522209035;0.9728028733695262  -0.07076059343770352  0.22056180081858573  5.91521133177599  -0.16827053421761604  -0.8702526960705788  0.462974375420505  -0.6504659367328629  0.15918416026135118  -0.4874968547572719  -0.8584912461543541  3.9738257866213336  0.0  0.0  0.0  1.0
4215528471487;4.397592397978111;13.905256300872459;0.8798514967947145  -0.21841536566438252  0.4220853842882917  5.573513286332485  -0.03615987460315401  -0.9163277401136045  -0.3987930994475444  8.389358397719723  0.47387108696014024  0.3356161508926366  -0.8141302059272986  -1.7971381055172981  0.0  0.0  0.0  1.0
4215528471518;4.316883413942118;380.2174213545952;-0.5782506910123666  -0.764806628214227  -0.28407210314162373  177.4385094889496  -0.5074497903624903  0.609797611330449  -0.6088034029773016  179.42061605817113  0.6388433678177966  -0.20788865927525632  -0.7407168532846755  -3.148404146609949  0.0  0.0  0.0  1.0
4215528471549;1.9026528424683027;15.161598994001759;-0.9129707927256069  0.18466130258291752  -0.3638468564634813  12.920629213518263  -0.00719502226362187  0.8843023633859455  0.46685925262830275  12.385011804647778  0.407961472794433  0.4288467481961497  -0.8060135875262807  3.7486717792911266  0.0  0.0  0.0  1.0
4215528471580;8.32112714146523;4.107940889827591;-0.9770788722174435  -0.03479782378057985  0.21001425886454578  32.51592393459482  0.0975364166077421  0.8037239395840612  0.5869535555517125  -4.9480080950945835  -0.18921819389691286  0.5939839563486644  -0.7819076254256497  6.466051176441227  0.0  0.0  0.0  1.0
4215528471611;14.49435390175508;171.04032287278358;0.31885550008778674  -0.2509922235009207  0.9139661228983442  -11.407301008082337  -0.6447229145026601  -0.76426834065429  0.015042173670534191  114.88631834867758  0.6947399035458979  -0.5940511823198422  -0.405511601813603  -53.75597514699736  0.0  0.0  0.0  1.0
4215528471642;10.551955767567739;17.746894356555774;0.5118068006157717  -0.37547727431239597  0.7727034459081835  17.15395983376058  0.07640932307936406  -0.8759733044457325  -0.4762692360891863  10.090222088744039  0.8556958654744108  0.3027995811974605  -0.41963913001130104  -3.664248922472372  0.0  0.0  0.0  1.0
4215528471673;5.301269378770812;21.461504921352724;-0.8384664411986953  0.5221042229291711  0.15614482823046524  22.32905770281649  0.544932821851496  0.8008008638931485  0.24852805889265883  0.920656445777507  0.004716635724843082  0.2934708789428919  -0.9559563779587045  3.2908757485324207  0.0  0.0  0.0  1.0
4215528471704;14.231622672185328;725.9015202673172;-0.7549270073189737  -0.5335249850476511  -0.3813611201346065  226.18164968829547  0.03563062417071731  0.5472858576385089  -0.8361869699116861  204.02897090557616  0.6548401883220235  -0.6448482614993898  -0.39415104642711707  -317.0139498236075  0.0  0.0  0.0  1.0
4215528471735;9.260585039119485;15.495453219579783;0.8355894773161878  0.5265323460285427  0.15669688568742862  0.9674411359365749  0.4327954841756718  -0.45527315362481985  -0.7780838158358373  17.479275024888615  -0.33834641164878054  0.7179763534923629  -0.6083022781070312  7.711882915032499  0.0  0.0  0.0  1.0
4215528471766;10.023762998931376;8.390283877140964;-0.11469741091355813  -0.9889560150847512  0.0938642858461981  2.2723325994069348  0.9802005640013136  -0.0973149548502218  0.17244319033817157  0.5208749866593062  -0.16140433160616832  0.11178461338748605  0.9805370171230547  -2.5545632653552865  0.0  0.0  0.0  1.0
4215528471797;16.49642327605817;18.48509515299579;-0.31984456936147937  -0.6991554359639064  -0.6394381344681366  29.5768804154708  -0.6096109786925163  -0.36478657717674756  0.7037792322662173  0.7295412081085603  -0.7253095243463465  0.6149084724361779  -0.3095378238902047  12.45921779778049  0.0  0.0  0.0  1.0
4215528471828;6.120378490255965;27.469912075202654;0.8733043574416693  -0.47261840160321417  0.11820044728940521  -2.406770840925571  0.47207166378743814  0.8808899193877245  0.034369960285810325  -21.48373315824299  -0.12036545817780286  0.025783645729633653  0.9923947602091295  15.327226665673217  0.0  0.0  0.0  1.0
4215528471859;3.3560635566366703;60.85992531902377;-0.8866136958364078  -0.13950210370622895  -0.4409708804636001  61.48834102922966  0.23134144469986373  -0.9593504247622685  -0.1616412647582141  -15.418577152241859  -0.40049630500103983  -0.24532819970397168  0.8828458439107718  -20.812421712220434  0.0  0.0  0.0  1.0
4215528471890;6.397138347400414;7.495964303823504;0.27425676034078256  0.8635169264700505  -0.4232277721358769  0.0440803612451548  0.9611195674409481  -0.23142581858525074  0.15063620937302133  1.2224541970030924  0.03213108291833293  -0.4480854920568907  -0.8934131101112356  7.22143439309118  0.0  0.0  0.0  1.0
4215528471921;4.826841366204702;15.228669937856253;-0.9418349454965945  -0.30905718485849354  0.13202496706596864  17.637034487846794  0.3124025018869657  -0.6602771461342687  0.6829632252966115  -9.456157091769681  -0.12390162329925922  0.6844835620963652  0.7184223277179516  -3.0422660664820027  0.0  0.0  0.0  1.0
4215528471952;10.627445185868936;304.1407865139108;0.6934114929457968  -0.7204164964408862  -0.013437749310048638  -79.9645471003294  -0.7203346259153752  -0.6926443484188514  -0.03690302576728066  131.66597667877292  0.017277967416257572  0.035268658313905764  -0.9992284991845954  120.83299018090698  0.0  0.0  0.0  1.0
4215528471983;2.5890048286559675;97.61552477617235;0.3947038098713325  0.9120032774392155  0.11161955210976482  32.89835024563117  0.9188006627373917  -0.3912781206683927  -0.052026670463721336  -81.48677898450597  -0.0037742053978074017  0.1230912434998539  -0.992388180676934  34.330152886653764  0.0  0.0  0.0  1.0
4215528472014;9.471090222260203;8.448587164526264;0.5995378500018459  0.7980035296587612  0.06119422413367831  2.773470794479269  -0.7900871580149861  0.6023232176111855  -0.11388162391848569  3.9238200927734477  -0.1277366398296404  0.019927573326097625  0.9916079077268221  -7.054581756665866  0.0  0.0  0.0  1.0
4215528472045;3.9958979372442767;2.6254347760240266;-0.5262239241407367  -0.4856342912077277  0.6980313151034794  10.06693576492365  -0.4805357532848209  0.8470701815817592  0.22706276068531295  4.858666466359046  -0.7015509756795402  -0.21594314686559024  -0.6791132349210048  4.26586738308134  0.0  0.0  0.0  1.0
4215528472076;8.69484171943448;253.98890731493793;-0.22604046654326793  0.583554319682119  0.7799808096775468  -189.4102682716891  0.07705304999220042  0.8089069435776894  -0.5828656655857335  156.26878422111534  -0.9710656697524641  -0.07165132666001063  -0.22781034308402073  -58.84900000279338  0.0  0.0  0.0  1.0
4215528472107;10.315265354533507;10.336179342383513;0.02282058738770514  0.8766719379946193  -0.4805471193587981  8.090116438123157  -0.9587974650800569  -0.11695675456734654  -0.25889870319708225  21.870281817082176  -0.2831724593729721  0.46665558037361166  0.8378818100178749  6.556684362164148  0.0  0.0  0.0  1.0
4215528472138;6.670306263270432;13.138974388182248;0.8903362898154191  0.2740453988558449  -0.3635937436255677  -8.692531486559085  -0.017786531746401286  0.8188995023787529  0.5736612626735966  5.596343897648961  0.45495596526053855  -0.5042843685558495  0.7339702618662964  -8.304523505299445  0.0  0.0  0.0  1.0
4215528472169;13.267182160692693;33.23291288857291;-0.39011057812113736  -0.7517335187430217  -0.5317052319060132  34.068843359325065  0.9151126609065919  -0.3804411280706652  -0.13354162617242835  -20.792216213345007  -0.10189482168613356  -0.5386661905768311  0.8363349690423071  -7.6643650539628  0.0  0.0  0.0  1.0
4215528472200;8.200847505154186;22.724403228369503;-0.5597315341505544  0.18143998728833796  -0.8085667199992057  14.029013500367569  -0.4540672887868705  0.7490641883361213  0.482416561703771  -16.920726951156627  0.6931980286550209  0.6371674605354195  -0.33688888420907714  -11.057682610373469  0.0  0.0  0.0  1.0
4215528472231;10.278644612899345;27.864117889163268;-0.33427075177887877  0.21021944933476214  0.9187332842705612  0.980837123427376  0.8096092852685757  0.5630880807162933  0.16572452613342076  -19.530470372557595  -0.4824892431050551  0.7992118595695574  -0.3584194941842317  20.12906408075005  0.0  0.0  0.0  1.0
4215528472262;4.061839555975304;4.8263339901495685;0.659940168404885  0.7203998091770534  0.2133145308304085  1.8477110845727438  0.7397162034978184  -0.5733077738337419  -0.35233242079685684  -4.744771656575304  -0.13152532991217436  0.3903105320119665  -0.9112402406566719  7.16964958562062  0.0  0.0  0.0  1.0
4215528472293;4.76530520571006;5.794072411581963;-0.20407209673353197  -0.953043980115984  0.22374483524645744  20.851952179976887  0.9102630772833327  -0.26883526021467696  -0.31487891799862583  -1.4504665899525062  0.360243958269196  0.13940866124452722  0.9223825213546449  -6.7292109278756485  0.0  0.0  0.0  1.0
4215528472324;7.620481991712362;20.04489501729351;0.10406169114603778  0.9945244564058192  -0.009605729880453773  -8.16736011308969  -0.9939633018533482  0.10365574244814268  -0.03595054417270932  21.826659359016098  -0.03475800633834242  0.013288817412919651  0.9993074043191864  -10.344840592240164  0.0  0.0  0.0  1.0
4215528472355;4.274579483987271;12.673728049120967;0.6698700171753367  0.3408984172063724  0.659592623697161  -11.110501791933505  0.6105379189607617  -0.7584388532769791  -0.22806568209830155  0.4972117125859095  0.422513443100426  0.5554806702182276  -0.7161868578892886  -6.041798639677776  0.0  0.0  0.0  1.0
4215528472386;6.98607721477994;36.14886502987927;-0.8596153988089101  0.4809783909700663  0.17239824114660962  14.901838702438793  0.48559109671908407  0.8740172370920201  -0.017180106320646673  -31.00787197817897  -0.15894229430128287  0.06894676704442113  -0.9848775001980534  -16.730151266444768  0.0  0.0  0.0  1.0
4215528472417;3.9350110134314358;20.645330512263822;0.7039416920904437  -0.7095371929942955  -0.0319854012733663  18.090555169266253  0.7099581368771735  0.7016229200131814  0.06070191095895341  10.446979657163716  -0.02062857287199287  -0.06543890180887703  0.997643329106807  10.43726832081059  0.0  0.0  0.0  1.0
4215528472448;8.44720383204338;22.575324079036236;-0.6960489343178503  -0.2495336621529683  -0.6732375750710238  29.35412259610662  0.6073115389185543  -0.7047932749234039  -0.3666594255151775  -4.649579656818398  -0.3829994461240921  -0.664077850161614  0.642115280298925  4.063189884198939  0.0  0.0  0.0  1.0
4215528472479;4.6646235313045;3.965718903928054;-0.6748659966043675  0.3929899629098397  -0.6245916871679584  7.951884928398872  0.21334949554312566  0.9141605263640213  0.3446629147287973  1.4724900969729553  0.70642613157972  0.09934496006330217  -0.7007800650213539  -1.0280599590257762  0.0  0.0  0.0  1.0
4215528472510;4.403148072732226;4.443650180525278;-0.9988767593720349  0.04709199416963227  0.005250111574910787  9.299472266954972  -0.04682450508839879  -0.997982679037705  0.042872346144707904  5.357860142678723  0.007258464689461064  0.04257835630754797  0.9990667636672227  -3.6847391137533076  0.0  0.0  0.0  1.0
4215528472541;10.318454924319978;16.82688877422345;-0.0005540127208219121  0.9999857060889008  -0.005317958987052063  6.456093079004806  -0.9999259073955999  -0.0006186318972834608  -0.012157179510962124  23.46757758738365  -0.012160295596376797  0.005310829733522246  0.9999119572735141  7.435310077580796  0.0  0.0  0.0  1.0
4215528472572;7.24244761931414;10.792583820549615;0.3788201364330236  -0.22960110534372513  -0.8965370246999309  8.202830252850791  0.05271300794549295  0.9725170198001636  -0.2267862098813463  2.7755392862235  0.9239678798671539  0.03865201966194388  0.3805119950144134  4.247677821263058  0.0  0.0  0.0  1.0
4215528472603;5.1560174420135;9.57544334005473;0.37952350016232667  0.8562573822351154  -0.35040720339685383  4.40441867816488  -0.8639840443893664  0.4634759520560192  0.1967780803503275  10.43402571361397  0.33089799616366666  0.22806432696420123  0.9156927317071138  -11.189917062339651  0.0  0.0  0.0  1.0
4215528472634;2.054122432201142;25.331908359686803;0.734019808843268  0.591060911299228  -0.33445764957587343  -27.25820318446878  -0.5268035129914728  0.8063497355625984  0.2688459831538688  7.1154462993812  0.42859418909445646  -0.02114481241944215  0.9032496432228532  3.63140980489408  0.0  0.0  0.0  1.0
4215528472665;3.1616134532515607;17.33935202796968;-0.8564648449617456  0.5157655870009473  0.02130325351259885  21.683402530615435  0.3634655452179948  0.6318367223159727  -0.684598534743097  3.6808825517174357  -0.3665525430058284  -0.5785915792669106  -0.728608960703465  -0.6498078174535877  0.0  0.0  0.0  1.0
4215528472696;6.874583370600295;17.076376903525777;0.9495862552440693  -0.3126977975132564  0.022495139072817777  10.585578895631906  -0.3132775645096632  -0.9437107903649797  0.10614665196604287  0.7173932793466052  -0.011962918809408585  -0.10784262412916852  -0.9940959998885895  5.513757663014747  0.0  0.0  0.0  1.0
4215528472727;10.234961895922138;42.40269475266138;-0.8013761362825361  -0.4207674961201631  -0.42514821228089666  47.55440111600106  0.587730683003382  -0.4217358814187178  -0.6904429669280113  4.178853169286382  0.11121570236819986  -0.8031771663417387  0.5852670390633684  -7.5091173160558595  0.0  0.0  0.0  1.0
4215528472758;6.7270965623001775;5.810279738071271;-0.6596319421714173  -0.7493347983660968  0.058164085351745554  9.632965039401231  0.7514897926131838  -0.6563111255786349  0.06722200562241179  0.8376612726483982  -0.012198051703378648  0.08805149856388828  0.9960412346561237  -5.225788262971699  0.0  0.0  0.0  1.0
4215528472789;6.2551636084248825;117.07601621316076;0.582691697044263  -0.8126932794456181  0.00014049770158439112  43.055112658410835  -0.8126932906344427  -0.5826916960357282  5.223761449682507e-05  113.74703117295115  3.9413685789503605e-05  -0.00014461996366793572  -0.9999999887658138  31.12267361358326  0.0  0.0  0.0  1.0
4215528472820;11.132084316276776;29.965459283898035;-0.2804301312110114  0.9551967419168212  0.09464737577167381  34.833898133421215  -0.9593688202510814  -0.28211658073546253  0.004658498060498617  31.99382449063662  0.0311513761979028  -0.08949535801157943  0.9954999611528654  6.0975162409368595  0.0  0.0  0.0  1.0
4215528472851;7.769777714220737;14.412259708836658;0.3437271031047883  -0.9081842854624617  -0.23885766102478062  2.769586102132379  0.926048598786926  0.37002318927149086  -0.07427538008065444  10.463941592434509  0.1558386065003199  -0.19566334107439018  0.9682097839227022  7.648925676899559  0.0  0.0  0.0  1.0
4215528472882;7.042666088122157;27.976597819006592;-0.5057350793161183  0.8487068409460548  -0.15468913239296134  29.35250091290834  -0.6583118476051026  -0.4955544027095376  -0.5666139296363525  10.896927942301737  -0.5575459988663495  -0.1847228520962175  0.8093330136980473  21.247805401886566  0.0  0.0  0.0  1.0
4215528472913;11.695730771155905;80.42146200767809;0.2914761071089005  0.4472826503672178  -0.8455648465168819  2.6564042406614536  0.254944398793982  0.8156516509651803  0.519341638809513  -59.461333228372865  0.9219788677123875  -0.36694770057632575  0.12371076159142924  3.004623511278543  0.0  0.0  0.0  1.0
4215528472944;6.966974866703557;30.456902768984463;-0.73266202049282  0.6805900458566169  -0.0018849955615651125  20.549390412878314  -0.6801581307377276  -0.7320924890592773  0.03775585589485597  33.86303710774745  0.024316268602303945  0.02894437672296396  0.9992852156103281  -8.509871486377206  0.0  0.0  0.0  1.0
4215528472975;4.140007954611918;13.042609053443776;-0.9346812436256478  -0.09439342969134373  0.342725623853132  13.29066961019958  0.32271779717376775  -0.629618162022448  0.706706582280642  5.858229891459187  0.1490778192814882  0.7711490455693896  0.6189547263861033  -4.571868631481665  0.0  0.0  0.0  1.0
4215528473006;2.4517018405060282;7.928832894719506;0.6578529537495685  -0.4873628105195538  0.5742011687252557  8.820456416239955  -0.7388150311547581  -0.565620263858807  0.3663687580185943  11.951377611730324  0.1462253089679141  -0.6652452239849415  -0.732165931317801  2.4911180492064138  0.0  0.0  0.0  1.0
4215528473037;9.53731782294903;9.90505554325108;-0.9099906270457188  -0.09408810775937936  0.4038124399609293  22.768427674551592  0.035256763640729244  0.9528269811773858  0.30145929170946323  -0.9894088558823276  -0.41312712245327277  0.28856224964234134  -0.8637463798910128  10.532588092471414  0.0  0.0  0.0  1.0
4215528473068;7.896574012257276;17.2386631654346;0.9788738146654911  0.13188635147292774  0.1562435446902983  12.729768651315196  -0.1591864847396432  0.9711506347742285  0.17755592824192068  10.708760858521185  -0.12831881404714324  -0.19867670943715132  0.9716284511523737  -0.6114970684282128  0.0  0.0  0.0  1.0
4215528473099;4.933808374600305;9.899620880651433;0.3363572936975011  0.8520570040497022  0.4010768415482736  4.951008632442332  -0.9397261866822506  0.27587946005021885  0.20200301380433702  11.268198697121267  0.061469220266149184  -0.4448475979166862  0.8934943478207494  4.174564785691855  0.0  0.0  0.0  1.0
