# teaser_benchmark.py --distance_metric=euclidean --noise_bound=0.1 --cbar2=1 --estimate_scaling=False --rotation_estimation_algorithm=GNC_TLS --rotation_gnc_factor=1.4 --rotation_max_iterations=100 --rotation_cost_threshold=1e-12 --rotation_tim_graph=CHAIN --inlier_selection_mode=PMC_EXACT --kcore_heuristic_threshold=0.5 --input_txt=/neural_comparison/point_clouds_registration_benchmark//planetary/planetary_map_global.txt --input_pcd_dir=/neural_comparison/point_clouds_registration_benchmark//planetary/p2at_met/ --input_features_dir=/neural_comparison/experiments/3DFeatNet/feature_extraction_voxelgrid_0.1//planetary/planetary_map/ --output_dir=/root/neural_registration_comparison/results/3DFeatNet/results_teaser_voxelgrid_0.1/
id;initial_error;final_error;transformation
25528382210030;15.683526663035371;69.51320917945745;-0.527408641523722  -0.7461431040687929  0.4063380281202943  -62.604978776028545  -0.8378551184960248  0.5360573362637547  -0.10315683519680242  38.68413820723707  -0.14085071975717658  -0.39485820301520225  -0.9078810903722422  -37.49625851523615  0.0  0.0  0.0  1.0
25528382210061;9.694920160715437;1301.7024585941208;-0.5964855056748378  0.611960392773857  -0.5193356517666569  1309.568876883501  0.7836290775614215  0.5839625527843215  -0.21192735959722897  611.3419226350651  0.1735814227389197  -0.5333781159943515  -0.8278751566862288  -254.09722522035122  0.0  0.0  0.0  1.0
25528382210092;12.399804628975684;2026.0297086099195;-0.04570758892490109  0.9442379869122287  -0.32607581999684365  2316.7382554639385  -0.8111143693845552  0.15545245528571414  0.5638510565065376  -113.63175720492586  0.5830988733418783  0.29025705541396357  0.7587796423796884  1224.8961651212755  0.0  0.0  0.0  1.0
25528382210123;6.953048353590656;1023.5772636328975;0.6419835114530158  -0.7286627905582769  0.23855336652053408  -69.62524682717238  0.7253229020537173  0.6780295257103695  0.11909093173430538  1018.0192002551754  -0.2485233566062339  0.09657380556235709  0.9637995856506554  -303.65349781720164  0.0  0.0  0.0  1.0
25528382210154;10.183163861597526;50.516623878949005;0.9271454537184775  0.23322188996864535  -0.29327266781718986  0.8994456984983747  -0.30975768866419595  0.9174508380982271  -0.24966804758774352  55.489636103598166  0.2108352009569886  0.32232205899118016  0.9228526471355611  31.65311734473896  0.0  0.0  0.0  1.0
25528382210185;7.249832144325139;279.24103859413657;0.3923262552234821  0.5927155238489594  -0.7033977660262882  659.8902973912957  -0.8705008687941634  0.48630283744955377  -0.07574818622989907  64.8691049686052  0.2971672035923981  0.6420263686773047  0.7067487495794441  369.22591393153624  0.0  0.0  0.0  1.0
25528382210216;9.448765572705636;14.787413720024661;-0.35736433726877886  0.8244472814677768  0.43883642798751143  16.536455962016262  0.9293971296990371  0.26750244265458434  0.25429002827681224  -27.372148258906876  0.09225890610471003  0.49872750400817345  -0.8618347701213611  6.539829000627693  0.0  0.0  0.0  1.0
25528382210247;9.372654796950922;3560.09897629205;0.9107216506279638  0.04631209574186775  -0.4104159656561539  134.78069558628192  0.36281818053664944  -0.5645269078242048  0.7413989062674139  -2270.1912045090503  -0.19735511888358107  -0.8241144096121837  -0.5309297476314635  -5087.31347504787  0.0  0.0  0.0  1.0
25528382210278;17.919495398511156;59.612087880731515;0.8135119384970715  -0.5732837336626965  -0.09769384136421158  -49.591471970631524  0.5613868792881842  0.8179982922066406  -0.12539364302106182  49.27526562182841  0.15179953124371318  0.04716518488014411  0.9872853425678975  23.871369484555757  0.0  0.0  0.0  1.0
25528382210309;18.244330532647695;54.80866102509347;-0.6646917714221614  0.6332050995826273  0.39653013866063724  -14.169384329981344  0.6271286654462987  0.7613420687588741  -0.16452322423749782  59.17511020997513  -0.4060720206800925  0.13931818330897328  -0.903158877396593  -36.42416349964581  0.0  0.0  0.0  1.0
25528382210340;8.030201317376237;239.04430536142993;-0.562947680853994  0.8228418115358779  0.0775967899430394  341.4644151770346  -0.5958905244475515  -0.46914399820713326  0.6517809385214076  -89.78928874734245  0.5727166764594261  0.3206793759108618  0.754427164390764  95.6501619714325  0.0  0.0  0.0  1.0
25528382210371;14.777020539726172;9485.923472368078;0.6517290130436707  0.6885317335216998  -0.31807757778681234  7339.989270903092  0.7020978008236431  -0.38905253132303325  0.596403224295228  -806.9986174323533  0.28689365910686615  -0.6120148526014242  -0.7369734381641785  -4762.905749627576  0.0  0.0  0.0  1.0
25528382210402;6.835161306041792;90.09953716990279;0.7594998064926628  -0.6489292883950435  0.045286008884764  12.647909363658512  0.6381798170448196  0.7298100062623577  -0.24516091832912187  -81.03300056129228  0.12604191784580562  0.21510028689530028  0.9684241330756429  -17.68604346627465  0.0  0.0  0.0  1.0
25528382210433;17.430375538815767;105.04212253395302;-0.4598067481318424  -0.8054836422748741  0.3738634194462247  -33.39292292780308  -0.8776592212533624  0.476326095804259  -0.05317651553847251  -97.02936135729874  -0.13524808952943504  -0.35257559825302015  -0.9259580993733806  8.689391177800593  0.0  0.0  0.0  1.0
25528382210464;9.567579060620492;261.0947309906376;0.48348783097310405  -0.8244096143054058  0.2942589083472839  -349.9498312311722  -0.8739414810857807  -0.4736874903869296  0.10884139418679227  -198.6576416047101  0.049656872017026364  -0.3097885557791711  -0.9495078966336933  -94.73976045008385  0.0  0.0  0.0  1.0
25528382210495;9.764115823017264;56.52869970110316;-0.860635899810987  -0.5092207568460304  -0.0002622092459910984  -41.62713948177623  0.5092197725009049  -0.8606329613713923  -0.002475700958116514  -87.97899784923383  0.0010350123957402584  -0.0022641992543427497  0.9999969010707368  6.334130892816366  0.0  0.0  0.0  1.0
25528382210526;4.636809275772577;60.481318229816345;0.7875343123257157  0.3111848202430043  0.5319339381539692  116.19123554762645  -0.5296014944871718  0.7831211807530483  0.3259501085947128  -57.10298135378068  -0.31513800777852186  -0.5384099032394185  0.7815387464144719  -99.72647781623938  0.0  0.0  0.0  1.0
25528382210557;6.91062999272005;2660.321118377341;0.02902160973090457  -0.926756230736457  -0.3745405651725624  -1442.8803992526603  -0.9432317274436379  0.09863632388624874  -0.31715104280752127  -2218.7078887985704  0.3308650095013346  0.3624827780755417  -0.8712832955395848  768.2953634500789  0.0  0.0  0.0  1.0
25528382210588;6.684883534881991;243.9467689656468;0.4167599231602993  -0.8630030115588291  0.28554678861407884  306.5297238779653  0.8714410866191631  0.46869096240344665  0.14463476177372867  5.5060706425342625  -0.2586534341535678  0.188559231547338  0.9473878916256234  133.19878361358076  0.0  0.0  0.0  1.0
25528382210619;3.0499892934791095;26.001608792587582;-0.9547750262140796  0.09018488807768746  0.28332196399206055  -9.800289202601324  -0.10893000501938924  -0.9927358366409722  -0.051086325520873645  -64.26267349440528  0.27665665241302134  -0.07963821074813149  0.9576632247635161  -6.799618762201265  0.0  0.0  0.0  1.0
25528382210650;9.772391176497468;1019.5186315139135;-0.5710117213011067  -0.8207152049818139  -0.01929161601335218  -783.7213807158568  -0.8155014277097454  0.5697718470565206  -0.10157491671258417  657.2355540113641  0.09435589827941201  -0.04226812763135235  -0.9946408245424202  -357.3339338953518  0.0  0.0  0.0  1.0
25528382210681;21.011024087836613;2017.0930879540845;0.6513708717247508  -0.7587553862518223  -0.002500260463600732  -1309.584632423853  -0.7052781899559568  -0.604240360395029  -0.37077791417792666  -237.73483778551218  0.2798189812021103  0.24327731234854777  -0.928718195716806  -844.6819353153587  0.0  0.0  0.0  1.0
25528382210712;9.118066866210063;92.48807516809077;-0.20162126129379204  0.8015217026576729  0.5629492225441347  39.032162278780376  0.8881244684247727  0.3919662899603222  -0.2399944918533667  115.55832858870706  -0.41301791193544574  0.4515809868711101  -0.7908797738702129  65.26981754188759  0.0  0.0  0.0  1.0
25528382210743;20.13332180163335;72.73904861625654;0.4408567228906685  0.8913541079062739  0.10551400002232311  1.760293917552345  0.8975523184768724  -0.43690738074561  -0.059260241703874415  -4.399463672234645  -0.006722014496521721  0.12082961130708389  -0.9926505022174155  -71.41941739616941  0.0  0.0  0.0  1.0
25528382210774;20.739154808696746;9676.16368925682;0.5050120855073187  -0.8556267214098423  -0.11342710038166631  -4550.311073056312  -0.8362675437863908  -0.4525409776399946  -0.309617923845043  2982.1159739895156  0.21358695817166728  0.2512161960664198  -0.9440715196069058  4425.8833376443035  0.0  0.0  0.0  1.0
25528382210805;7.825028269463657;33.71565888127283;0.3688187522468216  -0.929325875722851  0.018059476821144626  21.34191527595038  0.8383263970570212  0.3241865212669849  -0.4383057738910182  10.792364885662888  0.4014742581891038  0.17679512476526785  0.898644481355526  50.65702950527878  0.0  0.0  0.0  1.0
25528382210836;18.891614934549192;16466.387995864818;0.7909588976125755  -0.6114363600511399  0.0230130374986074  -8316.210030688919  -0.6100427171541258  -0.7851357517123805  0.10681635937555002  -11549.844113840834  -0.04724304747484643  -0.098526285784294  -0.9940124071030708  -1589.1861131371045  0.0  0.0  0.0  1.0
25528382210867;11.40364716584565;153.26750388159294;-0.8932962081458741  -0.44902366055642673  0.01999091725533984  25.323094598762566  0.20291044864740626  -0.4425619544850179  -0.8734794023170261  -142.97656472068317  0.40106013806150237  -0.7762194719941697  0.48645050822789876  -45.75620794731253  0.0  0.0  0.0  1.0
25528382210898;8.960325021546454;13.525881081668013;-0.6661871884024743  -0.6774099642197309  0.311946101729496  -121.96239637622713  0.5548757670552604  -0.7296897965352253  -0.3995818864353311  -153.4718540519279  0.4983046388939629  -0.09310500098385757  0.8619883674670751  12.1122309691416  0.0  0.0  0.0  1.0
25528382210929;20.960366730846324;293.7312754008247;-0.583744083219153  0.8118833367222118  0.009396428014876577  -290.1038954389262  0.7987963981644465  0.5721839409029756  0.1858220978577298  34.23125650079687  0.1454893796334918  0.1159783830097151  -0.9825384751185644  96.62167987041308  0.0  0.0  0.0  1.0
25528382210960;12.492536214211547;3717.1912934359552;0.9284193643239994  -0.3659102642142022  0.06439846652610422  -379.78102924430357  -0.37021274010440364  -0.9257195578253159  0.07736812860662431  -4159.889593559746  0.031305127576965325  -0.09567120153105033  -0.9949206049655398  -768.2701163135208  0.0  0.0  0.0  1.0
25528382210991;21.169336560628633;990.235612797703;-0.7523687962453348  0.5604095491467228  -0.34624028024121223  -911.448266124919  -0.6449202211198759  -0.7337362114667888  0.21379682030622948  -200.68590555199614  -0.13423525180456927  0.3841514144286484  0.9134596805362748  -100.00907885567611  0.0  0.0  0.0  1.0
25528382211022;20.78353201086023;215.09092696832997;0.14274141635576099  0.4058191570221643  -0.9027378910019073  -132.93191159676516  0.8236082005835058  0.45712002160597726  0.3357243181221028  -131.51126781886325  0.5489029240114787  -0.7914240946804507  -0.26898602634872665  -35.071578272364334  0.0  0.0  0.0  1.0
25528382211053;13.710252605486271;3449.6452430452996;-0.9730139570213187  -0.2305900437539217  -0.008489473675048516  -4153.42289124996  0.23044178054429754  -0.9729615485062554  0.015569550664135373  -2498.3886471716933  -0.011850114821750173  0.013193060671192141  0.9998427466001029  -313.14092629681477  0.0  0.0  0.0  1.0
25528382211084;8.456027515763575;2703.5143376529472;-0.03831604997435441  -0.8889364744834655  0.456425048225084  -445.02898405266757  -0.9398763916622792  0.18717925188190856  0.285650653877815  2811.538930769828  -0.3393585842589767  -0.41803812266088436  -0.8426623756237764  602.4998837112784  0.0  0.0  0.0  1.0
25528382211115;8.58618635194452;41.72535576444323;0.31140054298290293  -0.9279703508545231  -0.20469667746420983  -89.045511533474  0.9296831452305294  0.342103267166795  -0.13658185848814242  -34.191840919316526  0.19677131728029812  -0.14777138602834425  0.9692495376150758  -20.923621747867553  0.0  0.0  0.0  1.0
25528382211146;12.191514888658181;118.83597455312157;-0.9977265823831859  0.06588793136780607  -0.014157941447803201  -115.26847100002799  -0.0617952398793539  -0.9782743660066558  -0.19789040689868886  -306.1749518831301  -0.026888940741897058  -0.196565625973482  0.9801219003529263  0.2185162648521795  0.0  0.0  0.0  1.0
25528382211177;18.082566832098863;59.86348177982792;-0.10464868585569614  0.9867493850128806  0.12399315999431969  38.98654530774569  -0.6419696839967463  0.02819731475724399  -0.7662113522192152  -52.80324154893908  -0.7595548547523037  -0.15978286083676824  0.630512378946698  -89.17379586727876  0.0  0.0  0.0  1.0
25528382211208;15.216848440223977;40.68640233500408;-0.1610440072238218  0.9779697916675589  -0.13281533918567123  -1.551852072167342  -0.9761141302837639  -0.17771151851175626  -0.1249792816774696  -22.249505070450926  -0.14582877767321573  0.10951576495627013  0.983229507708337  -11.302841388192979  0.0  0.0  0.0  1.0
25528382211239;11.671911420801475;2310.7648558881797;-0.6500133578005945  0.7596656414855809  0.019767342438910634  -934.7123959050539  0.673046868533345  0.5875852218022605  -0.449167585514634  2712.7883177457884  -0.35283218027591245  -0.27866058254781784  -0.8932288241519394  194.15780432202823  0.0  0.0  0.0  1.0
25528382211270;18.471821681962687;293.29150412079684;0.7708824489266357  -0.4613253974621305  -0.43922559988379584  -232.40284804309604  -0.44438068774860673  -0.8835204978623423  0.14804504116367392  3.590894213187057  -0.4563617581403466  0.08105805026945798  -0.886094542469124  -47.04010877886706  0.0  0.0  0.0  1.0
25528382211301;9.301264776858527;9172.512234986303;0.5706718449932349  0.799889845691441  0.1857683506191  10844.17820228255  0.46154271739345737  -0.49953951963139137  0.7331020313349992  -7429.642181777557  0.6791995033516154  -0.3326206594397923  -0.6542564723109409  -2741.574137963338  0.0  0.0  0.0  1.0
25528382211332;18.114374089714;199.8952441950736;-0.8359232524040066  0.5482442204790146  -0.025701961047078392  7.702038971419023  -0.5441007828730631  -0.8216415361044359  0.16988091189084092  -270.0896116131774  0.07201842935824036  0.1559918615162385  0.9851293747389078  129.29496715975063  0.0  0.0  0.0  1.0
25528382211363;14.154563908634087;461.70250628664905;-0.2874853809549103  -0.7873880967126737  0.5453183848839163  -599.5580298133943  0.5284358655460049  -0.6052499925298203  -0.5953385444831344  -418.4701056464972  0.7988164318176327  0.11701466445640607  0.5900846350823752  260.4051194424216  0.0  0.0  0.0  1.0
25528382211394;15.624373069503454;130.22653992984877;-0.01769640134017647  -0.7371761180592187  0.675468880365889  -192.3478317189028  0.8238057627156884  0.3720875690291768  0.4276621403519139  102.27779055321281  -0.5665958901157241  0.5640232370541997  0.6007053232383344  54.2226639019525  0.0  0.0  0.0  1.0
25528382211425;8.428891844194663;384.7097983304426;-0.2590494891142773  -0.9647917382998745  0.04550015272434144  -493.073819984672  0.9632929348192804  -0.2546380808334703  0.08500687923165406  6.469413363816075  -0.07042786321399895  0.06585096428871538  0.9953409298252317  -2.156771523272592  0.0  0.0  0.0  1.0
25528382211456;7.093295871774291;68.89728795755519;0.7855967609070341  0.4396002385027729  0.4354186026810081  8.724007574181758  -0.2517223199150818  0.869922662117702  -0.4241113481040326  79.06076429836244  -0.5652199597580977  0.22357592053339695  0.7940656174704321  26.96085737691214  0.0  0.0  0.0  1.0
25528382211487;10.502857338251829;31.723880424754906;-0.547472165020102  -0.8271363426005377  0.12696337770242866  -125.46666276015067  -0.8367979551394102  0.5423121053665476  -0.07527790278298951  -107.52445877789862  -0.006588687479691602  -0.14745525125376083  -0.9890467825512531  -14.514644433515434  0.0  0.0  0.0  1.0
25528382211518;5.90067579224309;7.481073725232903;-0.47600824035915407  0.6518025639237927  0.5903978089157783  -11.182078595557106  0.8772054226101342  0.3997350357343219  0.26593711239662776  17.70527099034039  -0.06266419754180227  0.6444884163961759  -0.7620419145149374  -17.651805780482043  0.0  0.0  0.0  1.0
25528382211549;9.273592136553932;62.63641722937797;-0.23683881439035298  -0.9290088536076369  -0.2843412138906288  22.699762501511245  -0.9404502614260787  0.14576382137123362  0.30709316853827134  -72.52200126453161  -0.24384561054444284  0.34014035088163136  -0.9082091498770138  1.7781489582192427  0.0  0.0  0.0  1.0
25528382211580;4.164998600241185;31.421830406200808;-0.06840722631012508  -0.9830700798280372  -0.16998137996690066  3.5415904120464945  0.5109116727238157  -0.1808629508443232  0.8403914895371304  -84.41994210457757  -0.8569070626754736  -0.029356620356922103  0.514634311699202  -69.83001271978128  0.0  0.0  0.0  1.0
25528382211611;11.572839674945431;1894.4825126663663;-0.8342848773513587  0.18911064010564954  -0.5178860002178665  -207.68852792094575  0.5234394124379582  0.5666853346743914  -0.6363009610016145  1749.3075194566786  0.17314711932178825  -0.801938212871668  -0.5717649672783055  -1873.1746280341458  0.0  0.0  0.0  1.0
25528382211642;5.72156680482253;78.33298192160105;0.8226715462393029  -0.5655068039946738  0.05842586451191599  -85.38092339108339  -0.5662656510909212  -0.8242119653068348  -0.004224765037290477  -120.0225041444029  0.05054442998798371  -0.029608966222664547  -0.9982828104882983  -19.550134822686104  0.0  0.0  0.0  1.0
25528382211673;14.291403794964067;3779.6761504911724;-0.4269003451628833  0.9025115138866673  -0.05682484141471108  695.8966374620466  0.6387254217711861  0.25645001221625907  -0.7254400228947262  3248.012313029303  -0.6401452420217084  -0.34598606696842066  -0.6859356460927598  -1152.317631224261  0.0  0.0  0.0  1.0
25528382211704;21.73324130112813;131.28859722552014;0.9029197465362174  -0.2520130267231844  0.34817433230609074  -63.68102291804753  0.36353464306776884  0.8799467966065316  -0.30583688206541304  79.18809332601376  -0.22930001004047587  0.40271959165618354  0.8861368042755673  25.607952728429346  0.0  0.0  0.0  1.0
25528382211735;15.219178573330824;13138.640489999592;-0.7484768815412359  0.6625804019866551  0.027741101303099543  9717.756799030036  0.6590870669852097  0.7385982336167672  0.14169293359594534  9091.76370039427  0.07339343247961679  0.12433768616712207  -0.9895218763966093  4202.137082206288  0.0  0.0  0.0  1.0
25528382211766;8.120431397107039;51.78363013783287;0.5007776069545573  0.8071024767403748  -0.31274171517790705  85.60456540651806  -0.8640241501110272  0.4444849371356294  -0.23642209855352403  -1.039512856368848  -0.051807879688165304  0.3886112874056644  0.9199441346642354  25.355137813469327  0.0  0.0  0.0  1.0
25528382211797;10.704272615652533;3775.356118708513;0.4893531825947011  -0.8715163815079278  0.03150649850054715  -1948.3349504706882  -0.8550544882555274  -0.4865883144179591  -0.17920277449293906  -1710.492058674854  0.17150884758086063  0.060753675075811364  -0.9833075338703897  2969.9553922398673  0.0  0.0  0.0  1.0
25528382211828;14.19066388465987;1943.0656404481956;0.4540224957076039  -0.7021580361527469  0.5484867050873313  -1125.5849746721194  -0.8909711536357074  -0.3537642179926572  0.28464237466881237  -1271.3647477545865  -0.005828960498718614  -0.6179198737167805  -0.7862194686506705  -2298.750471467768  0.0  0.0  0.0  1.0
25528382211859;15.636492466966827;4639.075156552673;0.37883362406758264  -0.892775902870747  0.24379555477724354  -3939.215232491892  0.8704277956947195  0.25422950675291567  -0.4215718329990765  350.4861363238848  0.31438915019105423  0.37191201264478124  0.8734076465732683  331.268107004906  0.0  0.0  0.0  1.0
25528382211890;12.685237572837845;3088.3130514279783;-0.16242276624410093  -0.9864341687016702  -0.02380075258176854  -4043.1830758239284  -0.8384446889491965  0.15069214870481223  -0.5237388470331485  -342.8188909101322  0.5202204807372534  -0.0651114977294423  -0.8515463253898345  832.4689191159083  0.0  0.0  0.0  1.0
25528382211921;17.65776473630698;159.8975620940522;-0.0747516590366061  0.8014933795500715  0.5933131989166259  43.69327020268742  0.6638551575704902  -0.40397762662207076  0.6293634935042373  -71.53237258938206  0.7441159313160379  0.4409199924319645  -0.5018775159692472  217.90395308914475  0.0  0.0  0.0  1.0
25528382211952;5.3309939895303184;292.14387690894677;0.8530725802617264  0.4823578044961869  -0.19899276682135628  328.6676129819351  -0.49256649834643684  0.8702723432593154  -0.002072019466582442  -233.88596442548234  0.17217844671250224  0.09978475334217451  0.9799987681054051  127.88967753584889  0.0  0.0  0.0  1.0
25528382211983;5.937684277188093;48.23086924755593;0.8030503618448473  -0.5665084678437512  -0.18487366551833212  7.243868880458886  0.5336318430497425  0.8217221003679164  -0.20002461311117087  49.2531042271541  0.2652304138370881  0.061975363074892174  0.9621911878351108  2.9035198536617393  0.0  0.0  0.0  1.0
25528382212014;5.706074287891998;106.50511065346642;0.9068226922103602  -0.29571271247922  -0.30037742353668473  101.33964259153184  -0.403072953766418  -0.8168197954039973  -0.41271977875816335  -79.04270680659722  -0.12330774036681458  0.49533767625161973  -0.8599045224042468  64.09049945717543  0.0  0.0  0.0  1.0
25528382212045;13.03254592804802;650.3623381994875;0.4841601324858553  -0.8584498563412323  -0.1692714100461056  -459.1751936648938  -0.7734421459025974  -0.32943510815613986  -0.5415346308923723  -594.6461402247471  0.409116380817078  0.39311112126454806  -0.8234606446487078  -167.2507931610022  0.0  0.0  0.0  1.0
25528382212076;6.239869401775077;832.6503976746625;-0.5369156769078552  0.8418374311950709  0.05505720052331222  312.2456709444196  0.8396889225258031  0.539569958762886  -0.061536761273840154  872.8315330921166  -0.08151116045079743  0.013190869550646139  -0.996585135190397  -354.58416877357337  0.0  0.0  0.0  1.0
25528382212107;9.253104797075562;32.302973629123336;-0.8215140236641003  0.5700916945112697  -0.010496131310592793  -19.213028226243324  -0.570120531607803  -0.821561009556708  -0.0002949837267968731  -273.13397786526394  -0.008791380008633276  0.005741726694304172  0.9999448705864298  -8.196543701183712  0.0  0.0  0.0  1.0
25528382212138;13.001581628756192;3872.596042004849;0.4490247367403179  0.8890195531194011  -0.08956014720102057  2653.4135067948155  -0.7994329353521332  0.35494927649881863  -0.48468339458582355  -2860.1435122586963  -0.39910370540695334  0.28923216502378407  0.8700925163717329  272.04584160148244  0.0  0.0  0.0  1.0
25528382212169;16.977214459145614;3812.7795372511464;-0.6624436963136746  0.4572344820742384  0.5933843422408271  2079.9898806153265  -0.34550147769510925  -0.8893218789761898  0.2995585493434544  -3413.35792333981  0.6646781763566275  -0.00657449439590604  0.7471008619314172  -1092.8893453569806  0.0  0.0  0.0  1.0
25528382212200;12.284350643893093;4744.289612188558;0.5360508992514634  0.7964558458027035  -0.2798348068028659  4838.135333961775  0.29852135417760345  -0.48890837211275245  -0.8196667644707986  -2205.8422238377066  -0.7896419660274313  0.35584644070828964  -0.49983885015430174  -311.54718399932506  0.0  0.0  0.0  1.0
25528382212231;9.397506716358016;172.58802266359683;0.0961694788863615  -0.19798700247209033  -0.97547556513879  -111.0585565099061  -0.9938545156788708  0.034869434680558226  -0.10505867022657112  -219.84041919318685  0.05481453270295033  0.9795842329157685  -0.19341690109031942  214.7647117793831  0.0  0.0  0.0  1.0
25528382212262;16.50683836669155;46.99787063717845;0.5508940222735302  0.8221287968186143  -0.1435967188513334  50.10422649509718  -0.8182491425533172  0.4981960486092007  -0.2868257970632005  -6.063623117173589  -0.16426842951112847  0.2755085091095311  0.9471594081643231  27.523636327256394  0.0  0.0  0.0  1.0
25528382212293;13.349273618262057;46.45125057902144;-0.3098200965763189  0.24306524214363695  -0.9192011726597695  -0.7837993647503794  0.27524684506839  0.9483032403499206  0.1579877799759784  43.735458269244376  0.9100827885623032  -0.20405943350773012  -0.3607063425546688  -1.1874260263629255  0.0  0.0  0.0  1.0
25528382212324;12.545894920084725;1045.1862098476531;0.545578884433007  -0.8374018630709971  0.033193381660490504  -1083.934398620394  0.8351861264686598  0.5400046956232416  -0.10420682731532534  910.1192117488483  0.06933840937829183  0.08457569645041911  0.9940015777426184  -67.42724707803244  0.0  0.0  0.0  1.0
25528382212355;12.823791017106068;52.959877730499755;-0.9146276241081828  -0.08270056927205666  -0.3957485629289111  -14.709039483459016  -0.05294084423757556  -0.9459283269508658  0.32002635404501967  -19.128608368901986  -0.40081613768613816  0.3136562068794645  0.8607939402995082  0.2540564624803622  0.0  0.0  0.0  1.0
25528382212386;16.104432155396697;136.37962533519007;0.08331017852621078  0.8782141421636032  0.4709557671987652  143.27479589585053  0.9954518318529822  -0.09525387148505085  0.001533110449809574  5.538200679958708  0.04620675940241628  0.46868605747446346  -0.8821554936146865  49.06751490957143  0.0  0.0  0.0  1.0
25528382212417;9.853473476029952;297.7342146589679;-0.8176725424283372  -0.57562655687118  0.008104343490312822  -259.95052226078315  -0.5725083836108757  0.8145585699512872  0.09342637108534457  112.39455097530669  -0.0603801627526893  0.07175237378334066  -0.9955932064866728  26.247307516453706  0.0  0.0  0.0  1.0
25528382212448;10.900268136326943;143.61274805771467;0.21105145731925662  -0.8774320845574628  -0.43077861988794586  -236.61079979036342  -0.966089030096476  -0.12017422307311477  -0.22853914771002393  -101.32468831907262  0.14875909481664967  0.4644040192525455  -0.8730404564574381  111.19137050279046  0.0  0.0  0.0  1.0
25528382212479;11.26380918649009;9357.570621415725;-0.4980239174430364  0.8462372958761234  -0.18935315345395792  9289.50637517174  0.34734314861824456  0.3947471644149912  0.850604146059898  5343.697026725456  0.7945595728217336  0.3578506884925477  -0.49052825604928596  3221.1856566775737  0.0  0.0  0.0  1.0
25528382212510;10.577823908438841;187.41302370804243;0.7906143908059069  0.5686622708216166  0.2270508903189052  133.21930703086872  0.4522359908640216  -0.2923040490682246  -0.8426392771913485  -98.47360451913971  -0.41280927026635644  0.768883323165696  -0.48826933319617255  321.3850945625296  0.0  0.0  0.0  1.0
25528382212541;12.4785018390389;210.73311361546445;-0.966356748848807  0.25599960618460244  0.02487640624550539  -9.614236812330779  0.2537589280575058  0.964718190063883  -0.07017991301626234  280.6778818996003  -0.041964751702690664  -0.06150622239410487  -0.9972241193539885  -103.27349396154831  0.0  0.0  0.0  1.0
25528382212572;13.17354424027735;11.213208841146864;-0.8862010003047536  -0.4180113519217688  -0.19978562691892923  -58.360358939308725  0.4632309912012422  -0.7919558143234954  -0.3977725945184311  -50.33855882627837  0.00805207113536829  -0.4450533651414679  0.8954678477347395  -24.069607844708916  0.0  0.0  0.0  1.0
25528382212603;6.049856593200579;97.66844554104824;0.426436250822366  -0.7779357156241649  0.46148471950963066  -220.60371572513418  -0.67900887848984  -0.6123889988477832  -0.4048785707124799  -288.11313494059004  0.5975776660121547  -0.14069732210148467  -0.7893701265166657  -32.69134573659517  0.0  0.0  0.0  1.0
25528382212634;5.22985118888438;586.2184862375209;0.7078715441013038  0.4330043939051745  -0.5580547212509256  335.2983643032079  -0.6784380583132834  0.6366694145946903  -0.3665703991755964  433.7839205314464  0.19656977917202292  0.6380903160042993  0.7444468218333633  458.1901668607146  0.0  0.0  0.0  1.0
25528382212665;14.028454806891109;64.40662563954332;0.9922376320630011  -0.06800671383985601  0.10411324791164525  -24.255126317739144  0.0176785928874081  0.9058544201963707  0.42322008076675355  -84.52254142384166  -0.12309325274574989  -0.41809431505749994  0.9000251078970354  -5.990368320641157  0.0  0.0  0.0  1.0
25528382212696;4.140656319801549;45.64037502624883;-0.5317655180647852  -0.02122687723841976  -0.8466255686429485  -98.49287186542344  -0.7488965206524536  -0.4550081101901575  0.4817900175551903  -247.91665145814997  -0.39544839758423556  0.8902342609357868  0.22606088893077864  173.5054411090779  0.0  0.0  0.0  1.0
25528382212727;6.813729438443701;117.90149994232101;-0.299147956846554  -0.9429995521276644  -0.1458161328576378  57.78052365007732  -0.8983225051620658  0.2267917417556825  0.3762740790843476  -192.03014463631882  -0.3217563933069275  0.24355153573411914  -0.9149620062099137  156.54495093791118  0.0  0.0  0.0  1.0
25528382212758;8.119755599812619;7628.305630473428;-0.49182550181441864  -0.8698726536132325  0.03780532053650723  -8610.16051130138  -0.8617912667177374  0.4801445028801668  -0.163637003648302  5399.0012503483495  0.12419133775764006  -0.11306114650856067  -0.9857959671129404  -2239.930005351074  0.0  0.0  0.0  1.0
25528382212789;14.49002705766472;760.5319387506544;0.2875363393334114  -0.9375496354529512  -0.19576397683123298  -653.1421852067066  0.9395728404276068  0.315771881363636  -0.13225353103364945  410.54013073455997  0.1858110090751893  -0.1459068195873925  0.971692064856121  139.48956531376058  0.0  0.0  0.0  1.0
25528382212820;6.569850259432595;98.12467038215631;0.9569139236884742  0.016719520721112994  -0.2898899796094804  48.53587295309145  -0.19539755393956462  -0.7014088915665689  -0.6854526699530696  -223.97033967900907  -0.2147918493927635  0.7125629968348154  -0.6679209810870019  112.8915344524125  0.0  0.0  0.0  1.0
25528382212851;11.42180800956712;5141.881958834084;0.9456168925011035  -0.06130354083346912  0.31945354669785053  -195.11108276630296  0.17569033981814156  -0.7302535873284717  -0.6601989114566036  -3976.16668852005  0.27375462938760065  0.6804201452596607  -0.679769688066245  5329.221947716534  0.0  0.0  0.0  1.0
25528382212882;29.01962600839923;44.87213062645099;-0.7660670138078272  -0.3456607286960126  0.5419040422370918  -10.678737761409133  -0.5258959984295023  0.8218084592917823  -0.21923561542847944  10.333866138622081  -0.3695601834497263  -0.45293434057687504  -0.8113419463671255  -6.901133827972652  0.0  0.0  0.0  1.0
25528382212913;4.000226151736474;37.8399188794951;-0.6931795965246768  -0.7199827052385659  -0.03357009263083363  23.890425417595928  0.6539267741030286  -0.647804557989944  0.3908056150551835  19.943617078536988  -0.30312014296825124  0.24894609618310937  0.9198608699809431  29.683649511072787  0.0  0.0  0.0  1.0
25528382212944;10.14110014173418;57.14875573623781;-0.9965186168561537  -0.06972717122037408  -0.04570303986282982  -42.17165396635598  -0.06997099991684594  0.9975419577443405  0.0037552243908877125  -111.22565565771271  0.04532885868556061  0.006940038414433518  -0.9989480118790325  -17.631171096765573  0.0  0.0  0.0  1.0
25528382212975;20.06496742865844;2102.8387365588897;0.04733647188445609  0.9978391342947481  0.045566659954837836  1597.7096395570993  -0.9567486876898234  0.058401500527229  -0.2849933566593598  -1023.4994897728978  -0.2870386856041065  -0.030105262099436973  0.9574458032497668  756.1512151544578  0.0  0.0  0.0  1.0
25528382213006;18.17453748105815;77.24648832487014;0.7676736098983993  -0.590283670234242  -0.2494843027534061  -20.009872503116732  0.4585379867458065  0.2339900466605048  0.8573164951025479  30.948839105909542  -0.4476830836391555  -0.7725372785300443  0.45029546955829924  -90.9675577006337  0.0  0.0  0.0  1.0
25528382213037;5.701290745392533;170.3463860585614;-0.9843572047229417  0.17534326782231185  0.017193950663815398  30.866126280019103  0.17588008604271965  0.9836992676765768  0.03744257077408158  199.07364505590655  -0.010348373961266753  0.03988093782698199  -0.9991508504497196  20.204651893503318  0.0  0.0  0.0  1.0
25528382213068;4.547083976710081;206.5141809385863;-0.9173976793205321  -0.046837107072123296  0.3952060011923111  -124.01863587193888  -0.3325191946107187  0.6358304119886938  -0.6965275819418258  159.01448459985613  -0.21866065762441486  -0.7704063684779626  -0.5988835815213637  -304.93173002863546  0.0  0.0  0.0  1.0
25528382213099;3.400518070650358;452.4361821368436;0.941249713705215  -0.3358349677870053  0.035550680181276426  -767.6866785731688  -0.32381232561904616  -0.927386202422928  -0.18735103237709813  -1670.2058365561525  0.09588823821009095  0.16483235716048206  -0.9816494994680558  -100.25533988362814  0.0  0.0  0.0  1.0
25528382213130;4.188278019443553;101.507704044178;-0.9242202064926213  -0.21009983384681657  -0.318865284608213  -68.3776935613394  -0.38084578167106514  0.446339045973795  0.8097764794204372  -123.39399285409324  -0.027811876853101453  0.8698502835872057  -0.49253120068597217  -8.626811630294174  0.0  0.0  0.0  1.0
25528382213161;10.413101164301901;75.21363573704977;0.8622277038350638  -0.4455505174663464  0.24093178106008514  -9.89399885764851  0.492484803344246  0.8486239960517468  -0.19312180560502318  60.9253107922815  -0.11841497039772077  0.28517021182205565  0.9511339785093743  17.71787595821607  0.0  0.0  0.0  1.0
