# teaser_benchmark.py --gpu 0 --input_txt=/neural_comparison/point_clouds_registration_benchmark/planetary/planetary_map_global.txt --input_pcd_dir=/neural_comparison/point_clouds_registration_benchmark/planetary/p2at_met/ --input_features_dir=/neural_comparison/experiments/3DFeatNet/feature_extraction_voxelgrid_0.1/planetary/planetary_map/ --output_dir=/neural_comparison/experiments/3DFeatNet/results_teaser_voxelgrid_0.1/ --cbar2=1 --noise_bound=0.1 --estimate_scaling=False --rotation_estimation_algorithm=GNC_TLS --rotation_gnc_factor=1.4 --rotation_max_iterations=100 --rotation_cost_threshold=1e-12 --rotation_tim_graph=CHAIN --inlier_selection_mode=PMC_EXACT --kcore_heuristic_threshold=0.5 --distance_metric=euclidean
id;initial_error;final_error;transformation
25528382210030;15.683526663035371;69.51320917945745;-0.527408641523722  -0.7461431040687929  0.4063380281202943  -62.604978776028545  -0.8378551184960248  0.5360573362637547  -0.10315683519680242  38.68413820723707  -0.14085071975717658  -0.39485820301520225  -0.9078810903722422  -37.49625851523615  0.0  0.0  0.0  1.0
25528382210061;9.694920160715437;1301.7024585941208;-0.5964855056748378  0.611960392773857  -0.5193356517666569  1309.568876883501  0.7836290775614215  0.5839625527843215  -0.21192735959722897  611.3419226350651  0.1735814227389197  -0.5333781159943515  -0.8278751566862288  -254.09722522035122  0.0  0.0  0.0  1.0
25528382210092;12.399804628975684;2026.0297086099195;-0.04570758892490109  0.9442379869122287  -0.32607581999684365  2316.7382554639385  -0.8111143693845552  0.15545245528571414  0.5638510565065376  -113.63175720492586  0.5830988733418783  0.29025705541396357  0.7587796423796884  1224.8961651212755  0.0  0.0  0.0  1.0
25528382210123;6.953048353590656;1023.5772636328975;0.6419835114530158  -0.7286627905582769  0.23855336652053408  -69.62524682717238  0.7253229020537173  0.6780295257103695  0.11909093173430538  1018.0192002551754  -0.2485233566062339  0.09657380556235709  0.9637995856506554  -303.65349781720164  0.0  0.0  0.0  1.0
25528382210154;10.183163861597526;74.33325580170597;-0.21773822660886666  0.9750346462347854  -0.0435603410803032  46.7961216541605  -0.9750324528766304  -0.21929820093812877  -0.0349287117237554  -8.279188058213318  -0.0436094085101704  0.03486743046320786  0.998440024128784  15.729259718940376  0.0  0.0  0.0  1.0
25528382210185;7.249832144325139;258.3979773342544;0.7832818004902662  -0.3140168435371865  -0.5365286972713282  89.49180849135382  -0.613873145921915  -0.25446049463368214  -0.7472681027494167  -225.7314611054776  0.09812941320856648  0.9146820642418454  -0.39208078200495694  701.7276413407914  0.0  0.0  0.0  1.0
25528382210216;9.448765572705636;14.787413720024661;-0.35736433726877886  0.8244472814677768  0.43883642798751143  16.536455962016262  0.9293971296990371  0.26750244265458434  0.25429002827681224  -27.372148258906876  0.09225890610471003  0.49872750400817345  -0.8618347701213611  6.539829000627693  0.0  0.0  0.0  1.0
25528382210247;9.372654796950922;3560.09897629205;0.9107216506279638  0.04631209574186775  -0.4104159656561539  134.78069558628192  0.36281818053664944  -0.5645269078242048  0.7413989062674139  -2270.1912045090503  -0.19735511888358107  -0.8241144096121837  -0.5309297476314635  -5087.31347504787  0.0  0.0  0.0  1.0
25528382210278;17.919495398511156;59.612087880731515;0.8135119384970715  -0.5732837336626965  -0.09769384136421158  -49.591471970631524  0.5613868792881842  0.8179982922066406  -0.12539364302106182  49.27526562182841  0.15179953124371318  0.04716518488014411  0.9872853425678975  23.871369484555757  0.0  0.0  0.0  1.0
25528382210309;18.244330532647695;54.80866102509347;-0.6646917714221614  0.6332050995826273  0.39653013866063724  -14.169384329981344  0.6271286654462987  0.7613420687588741  -0.16452322423749782  59.17511020997513  -0.4060720206800925  0.13931818330897328  -0.903158877396593  -36.42416349964581  0.0  0.0  0.0  1.0
25528382210340;8.030201317376237;254.39248033776892;-0.6570816259820966  -0.06381200604156928  -0.7511136829280071  -5.694680241856275  -0.6147314421296451  -0.5313352163702085  0.5829134943557494  -118.43585123769223  -0.43629003066071836  0.8447549441878244  0.30990336141496644  356.85360370272105  0.0  0.0  0.0  1.0
25528382210371;14.777020539726172;9485.923472368078;0.6517290130436707  0.6885317335216998  -0.31807757778681234  7339.989270903092  0.7020978008236431  -0.38905253132303325  0.596403224295228  -806.9986174323533  0.28689365910686615  -0.6120148526014242  -0.7369734381641785  -4762.905749627576  0.0  0.0  0.0  1.0
25528382210402;6.835161306041792;90.09953716990279;0.7594998064926628  -0.6489292883950435  0.045286008884764  12.647909363658512  0.6381798170448196  0.7298100062623577  -0.24516091832912187  -81.03300056129228  0.12604191784580562  0.21510028689530028  0.9684241330756429  -17.68604346627465  0.0  0.0  0.0  1.0
25528382210433;17.430375538815767;105.04212253395302;-0.4598067481318424  -0.8054836422748741  0.3738634194462247  -33.39292292780308  -0.8776592212533624  0.476326095804259  -0.05317651553847251  -97.02936135729874  -0.13524808952943504  -0.35257559825302015  -0.9259580993733806  8.689391177800593  0.0  0.0  0.0  1.0
25528382210464;9.567579060620492;261.21552422146846;-0.8711502494092698  -0.4907725287911729  -0.01547798236475998  -164.0720962437618  0.471195016902053  -0.8444338776686333  0.2547678988652007  -422.6290594954102  -0.13810321864764935  0.2146479704759225  0.9668783531394873  54.503576814453645  0.0  0.0  0.0  1.0
25528382210495;9.764115823017264;56.52869970110316;-0.860635899810987  -0.5092207568460304  -0.0002622092459910984  -41.62713948177623  0.5092197725009049  -0.8606329613713923  -0.002475700958116514  -87.97899784923383  0.0010350123957402584  -0.0022641992543427497  0.9999969010707368  6.334130892816366  0.0  0.0  0.0  1.0
25528382210526;4.636809275772577;71.63960872822777;-0.25913148634376704  0.7936244603956664  -0.5504644299561575  9.234526391286686  -0.509890410326362  0.3716301983369107  0.7758239266362457  -96.80982217560876  0.8202820504207589  0.48171694131072007  0.30836041609091136  188.19213002816733  0.0  0.0  0.0  1.0
25528382210557;6.91062999272005;2660.321118377341;0.02902160973090457  -0.926756230736457  -0.3745405651725624  -1442.8803992526603  -0.9432317274436379  0.09863632388624874  -0.31715104280752127  -2218.7078887985704  0.3308650095013346  0.3624827780755417  -0.8712832955395848  768.2953634500789  0.0  0.0  0.0  1.0
25528382210588;6.684883534881991;145.77787812476612;-0.07783847187405686  -0.9943140476562538  0.07266874795776071  122.66387654879172  -0.9600039433606122  0.05508994425576735  -0.27451325427740475  -64.26236725173155  0.26894906772172733  -0.09112997682065632  -0.9588335237653515  -141.51452559910294  0.0  0.0  0.0  1.0
25528382210619;3.0499892934791095;26.001608792587582;-0.9547750262140796  0.09018488807768746  0.28332196399206055  -9.800289202601324  -0.10893000501938924  -0.9927358366409722  -0.051086325520873645  -64.26267349440528  0.27665665241302134  -0.07963821074813149  0.9576632247635161  -6.799618762201265  0.0  0.0  0.0  1.0
25528382210650;9.772391176497468;1024.3748698243658;0.7466820321211401  0.6643760721524958  -0.0327166266394676  565.238871508948  -0.6159556915260529  0.6720197563912665  -0.41108154069051217  661.7502429018823  -0.25112651987415985  0.3270991925563937  0.9110113002838378  667.4537106502225  0.0  0.0  0.0  1.0
25528382210681;21.011024087836613;2017.0930879540845;0.6513708717247508  -0.7587553862518223  -0.002500260463600732  -1309.584632423853  -0.7052781899559568  -0.604240360395029  -0.37077791417792666  -237.73483778551218  0.2798189812021103  0.24327731234854777  -0.928718195716806  -844.6819353153587  0.0  0.0  0.0  1.0
25528382210712;9.118066866210063;92.48807516809077;-0.20162126129379204  0.8015217026576729  0.5629492225441347  39.032162278780376  0.8881244684247727  0.3919662899603222  -0.2399944918533667  115.55832858870706  -0.41301791193544574  0.4515809868711101  -0.7908797738702129  65.26981754188759  0.0  0.0  0.0  1.0
25528382210743;20.13332180163335;72.73904861625654;0.4408567228906685  0.8913541079062739  0.10551400002232311  1.760293917552345  0.8975523184768724  -0.43690738074561  -0.059260241703874415  -4.399463672234645  -0.006722014496521721  0.12082961130708389  -0.9926505022174155  -71.41941739616941  0.0  0.0  0.0  1.0
25528382210774;20.739154808696746;9676.16368925682;0.5050120855073187  -0.8556267214098423  -0.11342710038166631  -4550.311073056312  -0.8362675437863908  -0.4525409776399946  -0.309617923845043  2982.1159739895156  0.21358695817166728  0.2512161960664198  -0.9440715196069058  4425.8833376443035  0.0  0.0  0.0  1.0
25528382210805;7.825028269463657;50.51450180829467;0.7742838104725261  0.5680019193433441  0.27903118188192205  40.420180168992836  0.5716298432882888  -0.4385607450901055  -0.6934722742317947  -36.74093334854036  -0.27152145974554476  0.6964469057209516  -0.6642573329737202  -50.4864786291436  0.0  0.0  0.0  1.0
25528382210836;18.891614934549192;16466.387995864818;0.7909588976125755  -0.6114363600511399  0.0230130374986074  -8316.210030688919  -0.6100427171541258  -0.7851357517123805  0.10681635937555002  -11549.844113840834  -0.04724304747484643  -0.098526285784294  -0.9940124071030708  -1589.1861131371045  0.0  0.0  0.0  1.0
25528382210867;11.40364716584565;153.26750388159294;-0.8932962081458741  -0.44902366055642673  0.01999091725533984  25.323094598762566  0.20291044864740626  -0.4425619544850179  -0.8734794023170261  -142.97656472068317  0.40106013806150237  -0.7762194719941697  0.48645050822789876  -45.75620794731253  0.0  0.0  0.0  1.0
25528382210898;8.960325021546454;13.525881081668013;-0.6661871884024743  -0.6774099642197309  0.311946101729496  -121.96239637622713  0.5548757670552604  -0.7296897965352253  -0.3995818864353311  -153.4718540519279  0.4983046388939629  -0.09310500098385757  0.8619883674670751  12.1122309691416  0.0  0.0  0.0  1.0
25528382210929;20.960366730846324;293.7312754008247;-0.583744083219153  0.8118833367222118  0.009396428014876577  -290.1038954389262  0.7987963981644465  0.5721839409029756  0.1858220978577298  34.23125650079687  0.1454893796334918  0.1159783830097151  -0.9825384751185644  96.62167987041308  0.0  0.0  0.0  1.0
25528382210960;12.492536214211547;3549.2567508050115;0.5180968539307587  -0.8553219452255723  -0.00014128904169469295  -2584.8754897166828  -0.8552279761821645  -0.5180423683356062  0.014738160149614607  -3101.796510283164  -0.012679065517993766  -0.007514960065057739  -0.9998913774369753  -445.32214980629107  0.0  0.0  0.0  1.0
25528382210991;21.169336560628633;990.235612797703;-0.7523687962453348  0.5604095491467228  -0.34624028024121223  -911.448266124919  -0.6449202211198759  -0.7337362114667888  0.21379682030622948  -200.68590555199614  -0.13423525180456927  0.3841514144286484  0.9134596805362748  -100.00907885567611  0.0  0.0  0.0  1.0
25528382211022;20.78353201086023;89.73066185557018;0.23392015438062255  0.9391603976961193  0.2515136353635983  -23.234794433529707  0.6036675825953295  0.06249071196305748  -0.7947832161299467  -75.17908505914066  -0.7621461874850893  0.3377464408659513  -0.552322849956731  -17.20241100819553  0.0  0.0  0.0  1.0
25528382211053;13.710252605486271;3449.6452430452996;-0.9730139570213187  -0.2305900437539217  -0.008489473675048516  -4153.42289124996  0.23044178054429754  -0.9729615485062554  0.015569550664135373  -2498.3886471716933  -0.011850114821750173  0.013193060671192141  0.9998427466001029  -313.14092629681477  0.0  0.0  0.0  1.0
25528382211084;8.456027515763575;2703.5143376529472;-0.03831604997435441  -0.8889364744834655  0.456425048225084  -445.02898405266757  -0.9398763916622792  0.18717925188190856  0.285650653877815  2811.538930769828  -0.3393585842589767  -0.41803812266088436  -0.8426623756237764  602.4998837112784  0.0  0.0  0.0  1.0
25528382211115;8.58618635194452;29.917171913250257;0.937659115574854  -0.19266986315286427  -0.2892640779841821  -41.98526983133847  -0.19197562546846167  0.4066799486990779  -0.893172311792136  -17.090885034045915  0.2897252874800115  0.8930228122275332  0.3443392435315104  47.259164387453296  0.0  0.0  0.0  1.0
25528382211146;12.191514888658181;118.83597455312157;-0.9977265823831859  0.06588793136780607  -0.014157941447803201  -115.26847100002799  -0.0617952398793539  -0.9782743660066558  -0.19789040689868886  -306.1749518831301  -0.026888940741897058  -0.196565625973482  0.9801219003529263  0.2185162648521795  0.0  0.0  0.0  1.0
25528382211177;18.082566832098863;59.86348177982792;-0.10464868585569614  0.9867493850128806  0.12399315999431969  38.98654530774569  -0.6419696839967463  0.02819731475724399  -0.7662113522192152  -52.80324154893908  -0.7595548547523037  -0.15978286083676824  0.630512378946698  -89.17379586727876  0.0  0.0  0.0  1.0
25528382211208;15.216848440223977;33.492299533655974;0.2263408782559741  -0.9726386864825102  -0.05238122171056937  -5.031349036984287  0.9243133781861748  0.23143738104895606  -0.303449365725589  27.986843659621712  0.30726956526212656  0.02026633195173272  0.9514066901450956  5.886612641982088  0.0  0.0  0.0  1.0
25528382211239;11.671911420801475;2310.7648558881797;-0.6500133578005945  0.7596656414855809  0.019767342438910634  -934.7123959050539  0.673046868533345  0.5875852218022605  -0.449167585514634  2712.7883177457884  -0.35283218027591245  -0.27866058254781784  -0.8932288241519394  194.15780432202823  0.0  0.0  0.0  1.0
25528382211270;18.471821681962687;293.29150412079684;0.7708824489266357  -0.4613253974621305  -0.43922559988379584  -232.40284804309604  -0.44438068774860673  -0.8835204978623423  0.14804504116367392  3.590894213187057  -0.4563617581403466  0.08105805026945798  -0.886094542469124  -47.04010877886706  0.0  0.0  0.0  1.0
25528382211301;9.301264776858527;9172.512234986303;0.5706718449932349  0.799889845691441  0.1857683506191  10844.17820228255  0.46154271739345737  -0.49953951963139137  0.7331020313349992  -7429.642181777557  0.6791995033516154  -0.3326206594397923  -0.6542564723109409  -2741.574137963338  0.0  0.0  0.0  1.0
25528382211332;18.114374089714;273.0189212784425;-0.7110058047430812  0.7026240765544376  -0.028109654349835807  86.2724454947355  0.6955229789934765  0.6968098201751562  -0.1752251699942273  219.55651104061656  -0.10353034006359339  -0.14413702353486355  -0.9841270177842018  -136.88063401986017  0.0  0.0  0.0  1.0
25528382211363;14.154563908634087;399.156199937667;0.9576463457420539  0.2876205679934308  -0.013707127854774404  326.11832138326844  -0.2877516014786045  0.9576649805085438  -0.008763615353775178  430.80218943542974  0.010606240304141812  0.012336692210915046  0.9998676480874378  45.00077232165462  0.0  0.0  0.0  1.0
25528382211394;15.624373069503454;130.22653992984877;-0.01769640134017647  -0.7371761180592187  0.675468880365889  -192.3478317189028  0.8238057627156884  0.3720875690291768  0.4276621403519139  102.27779055321281  -0.5665958901157241  0.5640232370541997  0.6007053232383344  54.2226639019525  0.0  0.0  0.0  1.0
25528382211425;8.428891844194663;384.7097983304426;-0.2590494891142773  -0.9647917382998745  0.04550015272434144  -493.073819984672  0.9632929348192804  -0.2546380808334703  0.08500687923165406  6.469413363816075  -0.07042786321399895  0.06585096428871538  0.9953409298252317  -2.156771523272592  0.0  0.0  0.0  1.0
25528382211456;7.093295871774291;25.247592834614814;-0.844535051660714  0.10704132789384546  -0.5246929584425141  -8.402468559313606  -0.4408240815886218  -0.6952607054048474  0.5677029862626253  -78.81227064636333  -0.3040307149088456  0.7107423623526857  0.6343584308175779  64.31290689305007  0.0  0.0  0.0  1.0
25528382211487;10.502857338251829;31.723880424754906;-0.547472165020102  -0.8271363426005377  0.12696337770242866  -125.46666276015067  -0.8367979551394102  0.5423121053665476  -0.07527790278298951  -107.52445877789862  -0.006588687479691602  -0.14745525125376083  -0.9890467825512531  -14.514644433515434  0.0  0.0  0.0  1.0
25528382211518;5.90067579224309;7.481073725232903;-0.47600824035915407  0.6518025639237927  0.5903978089157783  -11.182078595557106  0.8772054226101342  0.3997350357343219  0.26593711239662776  17.70527099034039  -0.06266419754180227  0.6444884163961759  -0.7620419145149374  -17.651805780482043  0.0  0.0  0.0  1.0
25528382211549;9.273592136553932;62.63641722937797;-0.23683881439035298  -0.9290088536076369  -0.2843412138906288  22.699762501511245  -0.9404502614260787  0.14576382137123362  0.30709316853827134  -72.52200126453161  -0.24384561054444284  0.34014035088163136  -0.9082091498770138  1.7781489582192427  0.0  0.0  0.0  1.0
25528382211580;4.164998600241185;13.774007088598443;0.9932477319577168  0.022820212994673295  -0.11374612450422043  30.192716863321234  0.04701660853242674  -0.9755160463425039  0.21484385457908445  34.7360551290739  -0.10605838714104796  -0.21874112829362477  -0.9700020295390477  24.09028111049021  0.0  0.0  0.0  1.0
25528382211611;11.572839674945431;1894.4825126663663;-0.8342848773513587  0.18911064010564954  -0.5178860002178665  -207.68852792094575  0.5234394124379582  0.5666853346743914  -0.6363009610016145  1749.3075194566786  0.17314711932178825  -0.801938212871668  -0.5717649672783055  -1873.1746280341458  0.0  0.0  0.0  1.0
25528382211642;5.72156680482253;78.33298192160105;0.8226715462393029  -0.5655068039946738  0.05842586451191599  -85.38092339108339  -0.5662656510909212  -0.8242119653068348  -0.004224765037290477  -120.0225041444029  0.05054442998798371  -0.029608966222664547  -0.9982828104882983  -19.550134822686104  0.0  0.0  0.0  1.0
25528382211673;14.291403794964067;3779.6761504911724;-0.4269003451628833  0.9025115138866673  -0.05682484141471108  695.8966374620466  0.6387254217711861  0.25645001221625907  -0.7254400228947262  3248.012313029303  -0.6401452420217084  -0.34598606696842066  -0.6859356460927598  -1152.317631224261  0.0  0.0  0.0  1.0
25528382211704;21.73324130112813;131.28859722552014;0.9029197465362174  -0.2520130267231844  0.34817433230609074  -63.68102291804753  0.36353464306776884  0.8799467966065316  -0.30583688206541304  79.18809332601376  -0.22930001004047587  0.40271959165618354  0.8861368042755673  25.607952728429346  0.0  0.0  0.0  1.0
25528382211735;15.219178573330824;13138.640489999592;-0.7484768815412359  0.6625804019866551  0.027741101303099543  9717.756799030036  0.6590870669852097  0.7385982336167672  0.14169293359594534  9091.76370039427  0.07339343247961679  0.12433768616712207  -0.9895218763966093  4202.137082206288  0.0  0.0  0.0  1.0
25528382211766;8.120431397107039;40.72340302212006;-0.8681552360962718  0.4064434795635259  0.28479849711492594  17.177021203420967  -0.46263694560145  -0.45504545862023554  -0.7608552340318497  -62.918226944199844  -0.17964838603001052  -0.7922987621531373  0.5830858675078817  -50.97630342493567  0.0  0.0  0.0  1.0
25528382211797;10.704272615652533;3775.356118708513;0.4893531825947011  -0.8715163815079278  0.03150649850054715  -1948.3349504706882  -0.8550544882555274  -0.4865883144179591  -0.17920277449293906  -1710.492058674854  0.17150884758086063  0.060753675075811364  -0.9833075338703897  2969.9553922398673  0.0  0.0  0.0  1.0
25528382211828;14.19066388465987;1943.0656404481956;0.4540224957076039  -0.7021580361527469  0.5484867050873313  -1125.5849746721194  -0.8909711536357074  -0.3537642179926572  0.28464237466881237  -1271.3647477545865  -0.005828960498718614  -0.6179198737167805  -0.7862194686506705  -2298.750471467768  0.0  0.0  0.0  1.0
25528382211859;15.636492466966827;4639.075156552673;0.37883362406758264  -0.892775902870747  0.24379555477724354  -3939.215232491892  0.8704277956947195  0.25422950675291567  -0.4215718329990765  350.4861363238848  0.31438915019105423  0.37191201264478124  0.8734076465732683  331.268107004906  0.0  0.0  0.0  1.0
25528382211890;12.685237572837845;3088.3130514279783;-0.16242276624410093  -0.9864341687016702  -0.02380075258176854  -4043.1830758239284  -0.8384446889491965  0.15069214870481223  -0.5237388470331485  -342.8188909101322  0.5202204807372534  -0.0651114977294423  -0.8515463253898345  832.4689191159083  0.0  0.0  0.0  1.0
25528382211921;17.65776473630698;159.8975620940522;-0.0747516590366061  0.8014933795500715  0.5933131989166259  43.69327020268742  0.6638551575704902  -0.40397762662207076  0.6293634935042373  -71.53237258938206  0.7441159313160379  0.4409199924319645  -0.5018775159692472  217.90395308914475  0.0  0.0  0.0  1.0
25528382211952;5.3309939895303184;292.14387690894677;0.8530725802617264  0.4823578044961869  -0.19899276682135628  328.6676129819351  -0.49256649834643684  0.8702723432593154  -0.002072019466582442  -233.88596442548234  0.17217844671250224  0.09978475334217451  0.9799987681054051  127.88967753584889  0.0  0.0  0.0  1.0
25528382211983;5.937684277188093;48.23086924755593;0.8030503618448473  -0.5665084678437512  -0.18487366551833212  7.243868880458886  0.5336318430497425  0.8217221003679164  -0.20002461311117087  49.2531042271541  0.2652304138370881  0.061975363074892174  0.9621911878351108  2.9035198536617393  0.0  0.0  0.0  1.0
25528382212014;5.706074287891998;106.50511065346642;0.9068226922103602  -0.29571271247922  -0.30037742353668473  101.33964259153184  -0.403072953766418  -0.8168197954039973  -0.41271977875816335  -79.04270680659722  -0.12330774036681458  0.49533767625161973  -0.8599045224042468  64.09049945717543  0.0  0.0  0.0  1.0
25528382212045;13.03254592804802;650.3623381994875;0.4841601324858553  -0.8584498563412323  -0.1692714100461056  -459.1751936648938  -0.7734421459025974  -0.32943510815613986  -0.5415346308923723  -594.6461402247471  0.409116380817078  0.39311112126454806  -0.8234606446487078  -167.2507931610022  0.0  0.0  0.0  1.0
25528382212076;6.239869401775077;832.6503976746625;-0.5369156769078552  0.8418374311950709  0.05505720052331222  312.2456709444196  0.8396889225258031  0.539569958762886  -0.061536761273840154  872.8315330921166  -0.08151116045079743  0.013190869550646139  -0.996585135190397  -354.58416877357337  0.0  0.0  0.0  1.0
25528382212107;9.253104797075562;35.520841301051476;0.22087351400988028  -0.8138851051169557  -0.5374066676900181  -155.47457050811872  -0.9471766279134722  -0.31037603643459744  0.08076602962640367  -223.25880771387574  -0.23253241998351737  0.4911799585446375  -0.8394467952054481  58.68826738146053  0.0  0.0  0.0  1.0
25528382212138;13.001581628756192;3872.596042004849;0.4490247367403179  0.8890195531194011  -0.08956014720102057  2653.4135067948155  -0.7994329353521332  0.35494927649881863  -0.48468339458582355  -2860.1435122586963  -0.39910370540695334  0.28923216502378407  0.8700925163717329  272.04584160148244  0.0  0.0  0.0  1.0
25528382212169;16.977214459145614;3812.7795372511464;-0.6624436963136746  0.4572344820742384  0.5933843422408271  2079.9898806153265  -0.34550147769510925  -0.8893218789761898  0.2995585493434544  -3413.35792333981  0.6646781763566275  -0.00657449439590604  0.7471008619314172  -1092.8893453569806  0.0  0.0  0.0  1.0
25528382212200;12.284350643893093;4744.289612188558;0.5360508992514634  0.7964558458027035  -0.2798348068028659  4838.135333961775  0.29852135417760345  -0.48890837211275245  -0.8196667644707986  -2205.8422238377066  -0.7896419660274313  0.35584644070828964  -0.49983885015430174  -311.54718399932506  0.0  0.0  0.0  1.0
25528382212231;9.397506716358016;172.58802266359683;0.0961694788863615  -0.19798700247209033  -0.97547556513879  -111.0585565099061  -0.9938545156788708  0.034869434680558226  -0.10505867022657112  -219.84041919318685  0.05481453270295033  0.9795842329157685  -0.19341690109031942  214.7647117793831  0.0  0.0  0.0  1.0
25528382212262;16.50683836669155;46.99787063717845;0.5508940222735302  0.8221287968186143  -0.1435967188513334  50.10422649509718  -0.8182491425533172  0.4981960486092007  -0.2868257970632005  -6.063623117173589  -0.16426842951112847  0.2755085091095311  0.9471594081643231  27.523636327256394  0.0  0.0  0.0  1.0
25528382212293;13.349273618262057;46.45125057902144;-0.3098200965763189  0.24306524214363695  -0.9192011726597695  -0.7837993647503794  0.27524684506839  0.9483032403499206  0.1579877799759784  43.735458269244376  0.9100827885623032  -0.20405943350773012  -0.3607063425546688  -1.1874260263629255  0.0  0.0  0.0  1.0
25528382212324;12.545894920084725;1045.1862098476531;0.545578884433007  -0.8374018630709971  0.033193381660490504  -1083.934398620394  0.8351861264686598  0.5400046956232416  -0.10420682731532534  910.1192117488483  0.06933840937829183  0.08457569645041911  0.9940015777426184  -67.42724707803244  0.0  0.0  0.0  1.0
25528382212355;12.823791017106068;52.959877730499755;-0.9146276241081828  -0.08270056927205666  -0.3957485629289111  -14.709039483459016  -0.05294084423757556  -0.9459283269508658  0.32002635404501967  -19.128608368901986  -0.40081613768613816  0.3136562068794645  0.8607939402995082  0.2540564624803622  0.0  0.0  0.0  1.0
25528382212386;16.104432155396697;163.32453823711793;-0.24091982819841123  -0.8340137826505317  -0.49636543667926775  -152.49539386587878  0.9008242320575048  -0.3824966582712753  0.20545561406132057  -94.4036206869078  -0.3612109346612519  -0.3976396820744369  0.8434508544787218  -114.72423203658616  0.0  0.0  0.0  1.0
25528382212417;9.853473476029952;326.65552002595246;0.9911553567060404  0.13269151793993184  -0.0020049787326558433  75.6406017402381  0.13268481985515304  -0.9911532140157621  -0.003169373160505279  -387.0714170716782  -0.0024077900504906116  0.0028753109434793006  -0.9999929675422978  9.275401630520893  0.0  0.0  0.0  1.0
25528382212448;10.900268136326943;143.61274805771467;0.21105145731925662  -0.8774320845574628  -0.43077861988794586  -236.61079979036342  -0.966089030096476  -0.12017422307311477  -0.22853914771002393  -101.32468831907262  0.14875909481664967  0.4644040192525455  -0.8730404564574381  111.19137050279046  0.0  0.0  0.0  1.0
25528382212479;11.26380918649009;9357.570621415725;-0.4980239174430364  0.8462372958761234  -0.18935315345395792  9289.50637517174  0.34734314861824456  0.3947471644149912  0.850604146059898  5343.697026725456  0.7945595728217336  0.3578506884925477  -0.49052825604928596  3221.1856566775737  0.0  0.0  0.0  1.0
25528382212510;10.577823908438841;193.29780230165974;0.2946016562517577  -0.9539944695391689  -0.05571728836188068  -342.70099601592943  -0.9132744559638311  -0.29823214594152797  0.27746595324666373  -116.20371417524775  -0.2813176713569375  -0.03085675316346344  -0.9591184643027783  69.42919077650532  0.0  0.0  0.0  1.0
25528382212541;12.4785018390389;220.21788026186098;0.6896981416423024  -0.5809857011396081  0.43217136472292234  -83.49154583895569  -0.6882035367318828  -0.7115352709003078  0.14175136787542442  -383.84123602099356  0.2251496512208783  -0.39518751667549423  -0.890580968367825  -179.8401844797609  0.0  0.0  0.0  1.0
25528382212572;13.17354424027735;11.213208841146864;-0.8862010003047536  -0.4180113519217688  -0.19978562691892923  -58.360358939308725  0.4632309912012422  -0.7919558143234954  -0.3977725945184311  -50.33855882627837  0.00805207113536829  -0.4450533651414679  0.8954678477347395  -24.069607844708916  0.0  0.0  0.0  1.0
25528382212603;6.049856593200579;97.66844554104824;0.426436250822366  -0.7779357156241649  0.46148471950963066  -220.60371572513418  -0.67900887848984  -0.6123889988477832  -0.4048785707124799  -288.11313494059004  0.5975776660121547  -0.14069732210148467  -0.7893701265166657  -32.69134573659517  0.0  0.0  0.0  1.0
25528382212634;5.22985118888438;586.2184862375209;0.7078715441013038  0.4330043939051745  -0.5580547212509256  335.2983643032079  -0.6784380583132834  0.6366694145946903  -0.3665703991755964  433.7839205314464  0.19656977917202292  0.6380903160042993  0.7444468218333633  458.1901668607146  0.0  0.0  0.0  1.0
25528382212665;14.028454806891109;64.40662563954332;0.9922376320630011  -0.06800671383985601  0.10411324791164525  -24.255126317739144  0.0176785928874081  0.9058544201963707  0.42322008076675355  -84.52254142384166  -0.12309325274574989  -0.41809431505749994  0.9000251078970354  -5.990368320641157  0.0  0.0  0.0  1.0
25528382212696;4.140656319801549;45.64037502624883;-0.5317655180647852  -0.02122687723841976  -0.8466255686429485  -98.49287186542344  -0.7488965206524536  -0.4550081101901575  0.4817900175551903  -247.91665145814997  -0.39544839758423556  0.8902342609357868  0.22606088893077864  173.5054411090779  0.0  0.0  0.0  1.0
25528382212727;6.813729438443701;117.90149994232101;-0.299147956846554  -0.9429995521276644  -0.1458161328576378  57.78052365007732  -0.8983225051620658  0.2267917417556825  0.3762740790843476  -192.03014463631882  -0.3217563933069275  0.24355153573411914  -0.9149620062099137  156.54495093791118  0.0  0.0  0.0  1.0
25528382212758;8.119755599812619;7628.305630473428;-0.49182550181441864  -0.8698726536132325  0.03780532053650723  -8610.16051130138  -0.8617912667177374  0.4801445028801668  -0.163637003648302  5399.0012503483495  0.12419133775764006  -0.11306114650856067  -0.9857959671129404  -2239.930005351074  0.0  0.0  0.0  1.0
25528382212789;14.49002705766472;760.5319387506544;0.2875363393334114  -0.9375496354529512  -0.19576397683123298  -653.1421852067066  0.9395728404276068  0.315771881363636  -0.13225353103364945  410.54013073455997  0.1858110090751893  -0.1459068195873925  0.971692064856121  139.48956531376058  0.0  0.0  0.0  1.0
25528382212820;6.569850259432595;98.12467038215631;0.9569139236884742  0.016719520721112994  -0.2898899796094804  48.53587295309145  -0.19539755393956462  -0.7014088915665689  -0.6854526699530696  -223.97033967900907  -0.2147918493927635  0.7125629968348154  -0.6679209810870019  112.8915344524125  0.0  0.0  0.0  1.0
25528382212851;11.42180800956712;5141.881958834084;0.9456168925011035  -0.06130354083346912  0.31945354669785053  -195.11108276630296  0.17569033981814156  -0.7302535873284717  -0.6601989114566036  -3976.16668852005  0.27375462938760065  0.6804201452596607  -0.679769688066245  5329.221947716534  0.0  0.0  0.0  1.0
25528382212882;29.01962600839923;44.87213062645099;-0.7660670138078272  -0.3456607286960126  0.5419040422370918  -10.678737761409133  -0.5258959984295023  0.8218084592917823  -0.21923561542847944  10.333866138622081  -0.3695601834497263  -0.45293434057687504  -0.8113419463671255  -6.901133827972652  0.0  0.0  0.0  1.0
25528382212913;4.000226151736474;30.646612773729633;-0.7471058809091369  -0.6602933492065398  -0.07645584153348552  -103.56239144527538  0.5985294667146026  -0.7182933426833149  0.35470713459298076  2.878611665725651  -0.28912848387060736  0.21924271219459143  0.9318462067123754  -6.186354096953861  0.0  0.0  0.0  1.0
25528382212944;10.14110014173418;57.14875573623781;-0.9965186168561537  -0.06972717122037408  -0.04570303986282982  -42.17165396635598  -0.06997099991684594  0.9975419577443405  0.0037552243908877125  -111.22565565771271  0.04532885868556061  0.006940038414433518  -0.9989480118790325  -17.631171096765573  0.0  0.0  0.0  1.0
25528382212975;20.06496742865844;2102.8387365588897;0.04733647188445609  0.9978391342947481  0.045566659954837836  1597.7096395570993  -0.9567486876898234  0.058401500527229  -0.2849933566593598  -1023.4994897728978  -0.2870386856041065  -0.030105262099436973  0.9574458032497668  756.1512151544578  0.0  0.0  0.0  1.0
25528382213006;18.17453748105815;110.02972894935375;0.9884471719280655  0.1498904060707345  -0.022473417082384962  114.08920940628376  -0.1493380094483724  0.9884819374580313  0.024527907640359066  5.369171147323776  0.025891064895177198  -0.0208884055678393  0.999446510460378  46.80755372279462  0.0  0.0  0.0  1.0
25528382213037;5.701290745392533;141.64023415845284;0.9246345517842096  0.3624349817667966  0.11701209184744747  79.51827982393665  0.37699359143620564  -0.9146329648305938  -0.1460218191272435  -247.39733817191438  0.05409970113452364  0.1791296280264661  -0.9823369069215793  55.14796086693027  0.0  0.0  0.0  1.0
25528382213068;4.547083976710081;126.75523868585755;0.32388184969995104  -0.7788368937878289  0.5371346575206858  -270.7918780447611  -0.6221643504539034  -0.6030430942468328  -0.4992499849829523  -264.0479555051297  0.71274965342623  -0.1724880267036859  -0.6798792629464865  4.5103851981643315  0.0  0.0  0.0  1.0
25528382213099;3.400518070650358;452.4361821368436;0.941249713705215  -0.3358349677870053  0.035550680181276426  -767.6866785731688  -0.32381232561904616  -0.927386202422928  -0.18735103237709813  -1670.2058365561525  0.09588823821009095  0.16483235716048206  -0.9816494994680558  -100.25533988362814  0.0  0.0  0.0  1.0
25528382213130;4.188278019443553;103.42330281947125;0.16401623470089705  -0.6435049110617643  -0.747663095380487  -52.473891456176815  0.8351324806568916  -0.3128134738034203  0.4524394659608112  -102.95288109098465  -0.5250261084045319  -0.6986051531776931  0.48610536455295883  -9.373761808007593  0.0  0.0  0.0  1.0
25528382213161;10.413101164301901;75.21363573704977;0.8622277038350638  -0.4455505174663464  0.24093178106008514  -9.89399885764851  0.492484803344246  0.8486239960517468  -0.19312180560502318  60.9253107922815  -0.11841497039772077  0.28517021182205565  0.9511339785093743  17.71787595821607  0.0  0.0  0.0  1.0
