# registration_from_features.py RANSAC RANSAC_config.json euclidean True --use_random_keypoints=True --n_keypoints=5000 --input_txt=/benchmark/point_clouds_registration_benchmark//eth/apartment_global.txt --input_pcd_dir=/benchmark/point_clouds_registration_benchmark//eth/apartment/ --input_features_dir=/benchmark/experiments/FCGF/KITTI_voxelgrid_0.1/features//eth/apartment/ --output_dir=/benchmark/experiments/FCGF/KITTI_voxelgrid_0.1/results/RANSAC
id;initial_error;final_error;transformation;status_code
13001298760030;3.158640681794765;1.643928277409071;0.8262206131921774  -0.2884720355877995  -0.4838836461590473  -4.183383460401728  0.2375280333574146  0.9572475308121645  -0.16509875264027096  -4.379874969506767  0.5108227987332807  0.02147206179773492  0.8594178371761048  -3.1603041522337136  0.0  0.0  0.0  1.0;ok
13001298760061;3.5200790883435156;1.8802104041042316;-0.9591303746118205  -0.2800076600513435  -0.040799936391610656  9.675174403290944  0.26915388061218726  -0.947280497320519  0.17382706333476958  -7.398598362184193  -0.08732189329365603  0.15574135516541784  0.9839306465614586  -5.988944432327772  0.0  0.0  0.0  1.0;ok
13001298760092;1.6175967395589375;1.5563021891101398;0.8620549425291096  0.15095407242755732  -0.48381209583749607  -2.6737393463861467  -0.11889351084104854  0.9882078320985621  0.09648633923489403  0.37437893735259964  0.4926719082117675  -0.025654406962495047  0.8698369055532075  -0.38422833605865225  0.0  0.0  0.0  1.0;ok
13001298760123;1.5813946200439712;2.3844511311528054;0.45111201751051055  0.010770347870680805  -0.8924023460661346  -0.21545269762678698  -0.3123679629120348  0.9385850872090854  -0.14657520190979778  -1.8070605052479618  0.8360168678942923  0.3448797379891384  0.42677132392038797  -3.688225937617129  0.0  0.0  0.0  1.0;ok
13001298760154;2.720488568710186;0.18267098107626134;0.43385415976708525  -0.8895798503677176  -0.1428924696145548  -1.7707376716591385  0.8759013097521785  0.4535990115375982  -0.16445313103292453  1.4963542546673159  0.21111007467009993  -0.053811026303756074  0.9759799740880555  -1.1980813652542543  0.0  0.0  0.0  1.0;ok
13001298760185;4.15078401345108;1.784770237010285;0.9931154365099457  0.0024128297900444934  -0.11711493507689354  6.380664134682844  -0.018457406622070092  0.9905219410260231  -0.13610881120202536  1.9590020600436135  0.11567650542114542  0.1373333994279806  0.9837471644152812  3.7815131134710853  0.0  0.0  0.0  1.0;ok
13001298760216;3.5264316801449036;2.5504258008666447;-0.6549541308340946  0.7545577175598261  0.040960192556448866  -1.2265314787359358  -0.72414939850142  -0.642204459601923  0.2513584705503947  -3.4749660619108385  0.21596929215373956  0.13496696980486633  0.9670269809619094  1.7700212063463745  0.0  0.0  0.0  1.0;ok
13001298760247;2.1396886625938274;1.9616587698328747;0.5192603179174462  -0.8320872791108531  -0.19493455870668686  4.077220254434555  0.8544579135059523  0.5098671255521504  0.09968544692302192  -1.6634875623579624  0.01644373082142866  -0.21832607316371028  0.9757373260737682  2.7708944163007265  0.0  0.0  0.0  1.0;ok
13001298760278;1.8462388197302708;1.1748952974556235;0.9820981370321726  0.09756356275422795  0.16113534826548545  2.188176534270568  -0.14064213744559464  0.9488438157804577  0.28269277038848467  -2.7696633833427353  -0.1253117648613727  -0.30029446294909246  0.9455792918150466  1.9147848112561516  0.0  0.0  0.0  1.0;ok
13001298760309;5.839225912121269;1.1182462952996952;0.9953757029405224  -0.09279181952290363  -0.024837234654665856  -1.1770257511087499  0.0938921949267795  0.9944449703007012  0.04757580031349479  8.631468183303605  0.020284618002163135  -0.049687818157641006  0.9985587889549821  0.44249299544293397  0.0  0.0  0.0  1.0;ok
13001298760340;3.5420357880378917;1.5143327539356828;0.589015976902491  -0.5943557414779466  -0.5475412601127012  -5.219288771133585  0.5093624891880667  0.7990665183582027  -0.3194410021381695  -1.1632667021527119  0.6273834820600094  -0.09074112524705155  0.7734054658632548  -0.05393493951093298  0.0  0.0  0.0  1.0;ok
13001298760371;3.4377711718010175;1.5621841476719927;-0.44704444473566357  -0.07151740583328337  0.8916482070266614  10.193446508280388  -0.5537264391862402  0.8049810984752148  -0.21305506716284403  0.3616309441896104  -0.702522807442655  -0.5889742708816017  -0.39946340666245855  -0.8268811831992613  0.0  0.0  0.0  1.0;ok
13001298760402;3.09328347206315;1.7352356790321144;0.7627249399375551  0.5356542469821962  0.3623881809430183  -3.7427963562862594  -0.128470656845833  0.674671099587762  -0.7268522530133898  -1.737734205736035  -0.6338343287696346  0.5078320933841982  0.5834043268627428  1.893125323658707  0.0  0.0  0.0  1.0;ok
13001298760433;2.5088199944579497;1.8939309766987358;0.874401585134579  0.19690124493225641  -0.4434543580327777  4.030270258314174  -0.2296489689781287  0.9730518906317303  -0.02076942910377946  2.1995717113439333  0.42741457504560854  0.11999965784177052  0.8960562834757866  -0.7340738830156077  0.0  0.0  0.0  1.0;ok
13001298760464;2.146708238562611;1.7978120112643756;0.9427340781917684  -0.3335428140054135  0.0012841500167734285  2.9288908460443888  0.28850882847246445  0.81736874279392  0.4986692232301207  0.9449808117665904  -0.1673771600588372  -0.46974198186753097  0.8667914147947027  2.9306848820215636  0.0  0.0  0.0  1.0;ok
13001298760495;1.8443578143993575;1.4463557066632808;0.9281864286707062  -0.3670794136811525  -0.06101358605278848  -0.31289741247076597  0.36100047171972777  0.8484998109266215  0.38694538409912804  -3.4228630808479887  -0.09026966849198977  -0.381183387503953  0.9200818507292476  -2.7197920730166256  0.0  0.0  0.0  1.0;ok
13001298760526;2.4176724283025384;1.351597265069189;0.4634341362249932  -0.34609095908212056  0.81575109526314  -1.826988878350587  0.02046011846400539  0.924509555453058  0.3806093343947675  1.3291662930478143  -0.8858951320183633  -0.15969699407818264  0.43553034928528167  2.1187057126141804  0.0  0.0  0.0  1.0;ok
13001298760557;4.419555501183563;1.4148483919008417;0.29507441938766843  -0.5853097593581593  0.7552109457781475  -2.2027007449050533  -0.5214927120898115  0.5636378256322842  0.6405917207970486  9.961378831232278  -0.8006100413186457  -0.5828592343924942  -0.1389196696769473  -0.9999361208778641  0.0  0.0  0.0  1.0;ok
13001298760588;4.418903225087259;1.5726530977383724;0.9386050737124256  -0.25471591555263445  -0.23268072108680438  2.6073815581744917  0.21815577179211454  0.9606974797338861  -0.17166365854992927  1.7980827471341518  0.2672612482854164  0.11036373859716397  0.9572832759260856  7.135729331033755  0.0  0.0  0.0  1.0;ok
13001298760619;4.150737561700012;0.8110266990170921;0.49376473553051886  0.05400715483477812  0.8679168238795297  -6.175581844101739  -0.13776731876542408  0.9903229303472402  0.01675289553009289  -3.754616592318315  -0.85861315609922  -0.1278425627680722  0.49642696070844955  -1.3225198968513145  0.0  0.0  0.0  1.0;ok
13001298760650;3.978386875086808;1.5895534657343398;0.03091362209979765  0.19538802875090577  -0.9802386781746097  4.003079562990671  0.3428845961673522  -0.9232688465576647  -0.17321890972763643  -3.408595884385802  -0.938868735063546  -0.3307539193976611  -0.09553712955318905  -2.6501644426345043  0.0  0.0  0.0  1.0;ok
13001298760681;2.902172993907997;1.8546731517389274;0.9734146773214741  0.18957278358789437  0.12855359076225273  -0.12705994096399276  -0.13950669507229818  0.9358272831512116  -0.3236744941138056  2.1459280004972685  -0.18166383240792933  0.29713541665806276  0.9373946853712707  4.6734104274311505  0.0  0.0  0.0  1.0;ok
13001298760712;2.3818679744492437;1.1643782324751504;0.9296214351478554  0.16245521511640038  0.33077528685669183  -3.0259769751109946  -0.1864058805447655  0.981583585248291  0.04179130136095904  -2.568638134320654  -0.31789437713173435  -0.10050854815684032  0.9427837486589551  1.27181526138937  0.0  0.0  0.0  1.0;ok
13001298760743;1.8173061227010634;0.6131649568853338;0.6207133560168355  0.05374491056179038  0.7821933355961446  0.9478199705203831  0.010928714699102941  -0.9981439279150726  0.05991045285503968  -3.1774051123506855  0.7839614103113388  -0.02863885044787014  -0.6201486300780497  -2.626709109435615  0.0  0.0  0.0  1.0;ok
13001298760774;3.812759207121691;1.4982434696802602;0.9239232192025646  0.10658558703656767  -0.3674308066213827  4.108390200548281  -0.2949562335629911  0.8101063563752625  -0.5066838379529491  -4.966428412692135  0.2436528376619163  0.5765129694954545  0.7799141559830989  7.078667286954229  0.0  0.0  0.0  1.0;ok
13001298760805;4.686337709458454;1.3308783043548005;0.9423332958403537  0.3076816037718924  0.13168139675372625  2.353277204806315  -0.3301682641957926  0.7902991828119125  0.5161551307163004  1.6142871496020526  0.054743738167881084  -0.5298671836858552  0.8463119346814312  -9.765854676635435  0.0  0.0  0.0  1.0;ok
13001298760836;2.031197055141024;1.1582851594242827;-0.540659881161204  -0.536250856149464  0.6481681203065451  3.0589176562129543  0.5987208260424447  -0.7865353773064795  -0.15131250017234893  -5.056757705264367  0.5909486148268779  0.3062631540429265  0.746312679183379  -3.4488692244046435  0.0  0.0  0.0  1.0;ok
13001298760867;2.5861526471175624;2.0714376023564562;0.835603403770432  -0.5443111693183602  0.0741100705879305  0.30929614291912166  0.510421997376032  0.7194459743154883  -0.4710274669654621  3.005621017407997  0.203067319384313  0.4314195649208751  0.8789998992045169  -5.808938917606394  0.0  0.0  0.0  1.0;ok
13001298760898;4.371387982692534;1.4920849919124306;0.807656610971804  -0.10076488145149234  -0.580979549915148  -0.3840032955427013  0.1400417974439423  0.9898784977439529  0.02299684049701036  -2.3337618122250827  0.5727818901835242  -0.09993497070716509  0.8135932078794337  5.316148174682961  0.0  0.0  0.0  1.0;ok
13001298760929;2.0892484085558998;1.4199625094819075;-0.7642616352689144  -0.6427028349021856  -0.053265550450345894  4.743950609626237  0.6439048034220565  -0.7650687881733811  -0.007506896357161655  -6.326985353649123  -0.035927106564369544  -0.04003517667761624  0.9985521657090851  0.2136561929676251  0.0  0.0  0.0  1.0;ok
13001298760960;5.072348156100089;0.9551258125736346;0.5891184186487282  0.020912854382855173  0.80777604651932  2.32850871438176  0.32445459217492456  0.9094172653433882  -0.2601719721875456  -3.1728901603149997  -0.7400464218043521  0.41535874857394656  0.528969189610945  -5.692843108096056  0.0  0.0  0.0  1.0;ok
13001298760991;3.3167286806491645;2.0115826649213657;0.6322378689526726  -0.7746217035646255  -0.015378342850276068  5.102060185752206  0.7256761726013036  0.5851022225207233  0.36200757135733197  2.4223514321838526  -0.271421019047727  -0.24003459244023112  0.9320482953426534  1.3128073279405357  0.0  0.0  0.0  1.0;ok
13001298761022;4.9391341241623605;0.13890830700481682;0.4639985560488928  -0.875827988153138  0.1327805526128369  3.394646626928784  0.8843479926890041  0.4666700888854466  -0.01215137714746689  -6.189401314344811  -0.05132219608973493  0.12306243662172892  0.9910709706581312  -6.37866657154308  0.0  0.0  0.0  1.0;ok
13001298761053;3.1813229950232658;1.9882513548713787;0.006806838542887855  0.9270237472892019  0.3749408472158454  0.28696688682230986  -0.9985271029200247  0.026483785971672807  -0.04735223135976513  2.5510705294826073  -0.05382649610733685  -0.37406627894330646  0.9258386075738657  -5.0413590381644235  0.0  0.0  0.0  1.0;ok
13001298761084;4.030828619377981;1.4089488576308178;0.987588126574869  0.025352062365918582  -0.15500633916758372  -2.7874845959320824  -0.013668380715666388  0.9970155130683216  0.07598185355546305  1.225838856288508  0.15647002146402705  -0.07292009074944084  0.9849872043575694  5.636252188929298  0.0  0.0  0.0  1.0;ok
13001298761115;2.8543458512353004;1.812062071618358;-0.011209033280046632  0.17803996823474774  -0.9839594134332459  -1.820310864143929  0.4859461764794908  0.8609766735509444  0.1502513932252031  -0.8765207478813483  0.8739168559639361  -0.47646714190185346  -0.09616855801138197  -4.356380555240891  0.0  0.0  0.0  1.0;ok
13001298761146;3.444998065101071;2.007949730489696;0.9234623124384579  0.3262655730916491  -0.20191120157384487  -2.1926707808571217  -0.3831009123236272  0.7549233510724359  -0.5322822794179501  -6.714831028614956  -0.02123790202963778  0.5688949901526132  0.8221359022063432  7.144551960430342  0.0  0.0  0.0  1.0;ok
13001298761177;4.648625533401141;4.648625533401141;1.0  0.0  0.0  0.0  0.0  1.0  0.0  0.0  0.0  0.0  1.0  0.0  0.0  0.0  0.0  1.0;ok
13001298761208;2.255055749241905;2.255055749241905;1.0  0.0  0.0  0.0  0.0  1.0  0.0  0.0  0.0  0.0  1.0  0.0  0.0  0.0  0.0  1.0;ok
13001298761239;3.8677542928387707;0.844685019064549;0.09799335276889888  -0.2719166009916855  -0.9573184762231631  6.328707763041214  0.3374477086529613  0.9140390190252943  -0.2250815754879638  2.8187528085220355  0.93622985785435  -0.3009884280240791  0.18132738198522974  1.6023699150148194  0.0  0.0  0.0  1.0;ok
13001298761270;1.7222998338257807;1.3564482703300231;0.9605312429190616  -0.2572406387579417  0.10586304901980537  0.27873069855215427  0.2740122580520772  0.8094023183275232  -0.5194084804113557  -2.7722003363191696  0.04792717197545826  0.5279158463784146  0.847943303133528  3.272384976641069  0.0  0.0  0.0  1.0;ok
13001298761301;1.1966912521478843;0.43255793872606496;0.6849777335525407  0.725602463335619  -0.06562445991021232  1.8698899823619222  -0.7223703653183142  0.6881139216838541  0.06841261648813118  2.229004685633699  0.09479746751422402  0.0005440460907178979  0.9954964310165765  1.950726533075985  0.0  0.0  0.0  1.0;ok
13001298761332;1.7687395447088585;1.2398396980255377;0.9502776846370176  -0.15652729277556604  -0.26920536528320194  1.9199253664982678  0.28334229390313304  0.793253197117833  0.5389494500860424  -5.402763226784021  0.12918771832732562  -0.5884289012945311  0.7981616136815215  -2.105783905223639  0.0  0.0  0.0  1.0;ok
13001298761363;1.9892532279591162;1.4895759741472896;0.8584644171570728  -0.4389270562483227  -0.26529584197334916  -2.67069672880131  0.4581549864747546  0.888790711396201  0.012044903658877198  -1.9997431149494647  0.23050564601216156  -0.13188673409033963  0.9640918195522142  -2.208309731649825  0.0  0.0  0.0  1.0;ok
13001298761394;4.037940342738192;0.6369738653499385;0.8792749019488302  -0.3101514005604458  0.3614993160896286  1.7420567847753161  0.3090100177260868  0.948996694639097  0.06259458849606236  -2.1452705851534257  -0.3624754553729104  0.05666905941042186  0.9302688654135104  9.033579778503176  0.0  0.0  0.0  1.0;ok
13001298761425;2.8898812647107643;1.1931799721054284;0.9667533041097105  0.0007418524188168019  0.25570979380529274  -2.266039435308432  0.012674836390135003  0.998627574645452  -0.05081649023914789  2.5729221903213313  -0.2553965495370676  0.052368089641791876  0.9654171045055235  -3.6760477194194348  0.0  0.0  0.0  1.0;ok
13001298761456;1.8259885367581417;1.2470548486533746;0.8536855813526731  0.5112462971796357  -0.09923785472620977  4.6305514575116575  -0.502079253372664  0.858553293548494  0.10393587191043165  2.14066226341179  0.13833781667821943  -0.03890328722801337  0.9896207267026884  -3.858025315438698  0.0  0.0  0.0  1.0;ok
13001298761487;2.4136454488721144;1.027308052439296;-0.4076770077841846  -0.908973623037785  0.0869851133568065  -1.0069734007704478  0.5519598165737929  -0.3211961304067687  -0.7695280415290549  -2.548465802520189  0.7274199737510365  -0.2657066021635153  0.6326611915984423  -0.5362326271077531  0.0  0.0  0.0  1.0;ok
13001298761518;2.0254900959323856;1.820645671650786;0.9751594220372014  0.2171700553652357  -0.043603539589486706  -0.4216590457893954  -0.2143514858401934  0.9748263441035354  0.06137621167714036  0.11932551108978284  0.05583495437602608  -0.05050510760701499  0.9971618183501766  -1.900702311275003  0.0  0.0  0.0  1.0;ok
13001298761549;1.604773681910573;1.4346590952388754;0.6583185888081471  -0.06956489305727952  -0.7495180860283351  1.1788357032984287  -0.09850125784582972  0.9791973606276643  -0.17739794571134782  1.5907993364968611  0.746266800703635  0.19061283953014865  0.6377715951450132  -0.023610569683279348  0.0  0.0  0.0  1.0;ok
13001298761580;5.386100800425574;1.7828361321409534;0.9136844788356258  -0.4048809737972059  -0.03538460388216236  4.0463160099343725  0.40624523733385715  0.9123978982895028  0.04994879718727972  -11.487166868625794  0.012061520568706352  -0.06001226752859917  0.9981247654815735  5.1797641926005005  0.0  0.0  0.0  1.0;ok
13001298761611;4.567244059517282;1.421472235638812;0.9552672356747479  -0.2943686733923036  0.02848846383326982  3.0068243630699256  0.288699976570239  0.9490768700428325  0.1261166851691043  -5.9707695688677935  -0.0641625433930721  -0.11225051837276578  0.9916062672000299  6.0716632158755885  0.0  0.0  0.0  1.0;ok
13001298761642;4.536947629641878;1.9674614997923756;0.2647130570244389  -0.796328105626485  -0.5438644552001077  -0.6291920872632923  -0.010328275875538168  0.5616097135588697  -0.8273378127184587  6.41440120130812  0.9642719140150331  0.22462430372882192  0.14044072776843283  1.407696571599738  0.0  0.0  0.0  1.0;ok
13001298761673;3.578891147382072;1.9417754528316251;0.97133428295416  0.23084676443406937  0.05674048033149924  -5.524828580593642  -0.21284403509356173  0.9508568161944873  -0.22487492483950702  -2.500761231402762  -0.1058637212789096  0.2063518510864498  0.9727341805807881  -2.1749008321278778  0.0  0.0  0.0  1.0;ok
13001298761704;2.381161962390647;1.3657919222697026;0.523593239037336  -0.3405750871713354  -0.7809345235246222  -2.030971207076314  0.5953433666059504  0.8019501050611932  0.04941968060028742  -0.5056499966743466  0.6094394111580612  -0.4907999989716575  0.6226547720340196  -1.6148525437118102  0.0  0.0  0.0  1.0;ok
13001298761735;5.144139133087955;1.3065525998477863;0.9688959218933049  0.17554466407944186  0.17442695735395447  -1.4724900694439973  -0.20372109315966158  0.9659532611938836  0.15947417781801598  0.01909895751294144  -0.1404934473217698  -0.19004833096382506  0.971670326374902  9.361135756118536  0.0  0.0  0.0  1.0;ok
13001298761766;1.8126326626247737;1.6351882387652585;-0.9992949426201783  0.017050398829529915  -0.033449985851847774  3.856201026556642  -0.01744770979067816  -0.9997802288506594  0.011622023162237649  -1.5706990132687324  -0.03324447437988936  0.012197454614683967  0.9993728168327012  3.051034480431798  0.0  0.0  0.0  1.0;ok
13001298761797;4.109088527687872;1.711910758741608;0.6457209614713781  -0.2601616173263792  -0.7178860444294776  7.459905296196757  -0.1166867011727827  0.8955028601936186  -0.4294867182515223  3.327241967211405  0.7546049653201952  0.3610963309910133  0.5478875669870013  -0.8014493175175805  0.0  0.0  0.0  1.0;ok
13001298761828;2.541531548997489;0.25246464496817933;0.7843222010528165  -0.6164290590174211  -0.0696699370931465  -5.689746289656175  0.6186466485521293  0.7688899418008955  0.16150721851556357  -3.5285284870811457  -0.04598922885724849  -0.16977477019955772  0.9844092229519209  2.3429401556771436  0.0  0.0  0.0  1.0;ok
13001298761859;1.7509676693230227;1.0593583453642013;0.8173157360213905  -0.572329252588145  -0.06658989625842215  -0.6604702250853324  0.481873229339311  0.7423106424380538  -0.4655889828693407  -2.997220176007798  0.315900583250357  0.3484453138658903  0.8824923142707729  2.5576517844117728  0.0  0.0  0.0  1.0;ok
13001298761890;3.9897649167509326;0.2155470016803443;0.57083144425869  0.7804684548497482  0.25499108460882686  6.67024094865289  -0.8189934902503732  0.5632940660453383  0.10931357685861315  -7.83682292285957  -0.05831916642967552  -0.27123566532179677  0.9607445491307205  1.402994252112058  0.0  0.0  0.0  1.0;ok
13001298761921;3.858913545867364;0.23545850803093507;-0.6749930751811165  0.7376985062893936  -0.013611108549144935  4.015127215468083  -0.7377739340801902  -0.6750473967753353  0.0007964287045612722  -3.4280350650533777  -0.008600619127605957  0.010579504961949482  0.9999070473925974  6.286104787637407  0.0  0.0  0.0  1.0;ok
13001298761952;4.927050491580033;4.927050491580033;1.0  0.0  0.0  0.0  0.0  1.0  0.0  0.0  0.0  0.0  1.0  0.0  0.0  0.0  0.0  1.0;ok
13001298761983;2.2725990152882374;0.967577005135956;0.9838132405232182  -0.17540027408325634  0.036691301731116066  2.0959510694807975  0.17685253196043385  0.9833832187569763  -0.04099545104463137  1.991643494887363  -0.028890997047333195  0.04682081715100195  0.9984854136996311  2.4810485894585743  0.0  0.0  0.0  1.0;ok
13001298762014;2.333287767693884;2.111967063286033;0.9445825743956215  0.07099671911287696  0.3205046427485059  1.9332989745444715  -0.07631223786460381  0.9970757941956502  0.004037695036751249  -1.6771599067687317  -0.31928075811147183  -0.0282723629065728  0.9472383390654345  2.325892818944336  0.0  0.0  0.0  1.0;ok
13001298762045;2.3032685617972275;1.6907925031429811;0.07427314715406239  -0.626862298893027  0.775581818919436  -1.6146413548544079  0.8827710711277256  0.4031134106209231  0.24127746301213857  -3.869393402801009  -0.4638951773750603  0.666740756519441  0.5833164047102097  0.596537576242782  0.0  0.0  0.0  1.0;ok
13001298762076;4.150942034844206;1.3679826625216962;0.9006040649289765  0.3861575129914063  -0.19948607318230477  9.917406165952649  -0.37988148555969625  0.9223501480262085  0.07042912298893014  1.714686669451436  0.2111927441044369  0.012352311375750904  0.9773663822954595  2.966433723953716  0.0  0.0  0.0  1.0;ok
13001298762107;2.309556078880536;0.5795487610231583;0.21377655779681246  -0.059406059305370476  0.9750746143010561  -1.5893754775206475  -0.34971668033452447  0.9273423925121511  0.13317030654631745  0.6272295362468636  -0.9121391488322089  -0.36946854692605025  0.17746877471827815  4.065145287462478  0.0  0.0  0.0  1.0;ok
13001298762138;3.5137901738213975;2.1811344326283932;0.7935654218660586  0.5800031962416249  0.18398427532820089  8.552197989593168  -0.5764183683230973  0.6196969091026279  0.5326514859721958  1.869347768625194  0.1949250776023519  -0.5287457169548978  0.8260945351008979  -0.3972713295765864  0.0  0.0  0.0  1.0;ok
13001298762169;3.9638355673491077;0.47444676162577465;-0.4766546038732074  0.030676950451993007  -0.8785552420408413  9.743028404266656  -0.07935025010806702  0.9938098976402597  0.07775233218395115  -1.2383243971724518  0.8755020996058562  0.10677458528705341  -0.4712698393940725  3.6139088794786627  0.0  0.0  0.0  1.0;ok
13001298762200;1.5744379783880302;0.9673210543347024;0.989071532260305  0.13185176169382642  0.06597436631363844  3.717233555055245  -0.09089903623941759  0.8976471568469315  -0.43123885146791413  0.7267407169509799  -0.1160813046230823  0.4205290652771281  0.8998224469161391  2.0067611166472608  0.0  0.0  0.0  1.0;ok
13001298762231;2.0267329355413626;1.0687091727594327;0.9286770541741377  0.02503774608488213  -0.370043295198594  0.5246328777549945  -0.01900659054563461  0.9996205764982955  0.019936212204073683  -2.250137681185687  0.3704020498948078  -0.011481041425072391  0.9288005744623113  0.57468941536529  0.0  0.0  0.0  1.0;ok
13001298762262;4.133889830896982;0.5232587702971216;0.44260396276009967  -0.8914444296268653  -0.0971007777326712  -7.0194487202318765  0.7990792443792668  0.44122931853856734  -0.40839815090699516  0.2520642690844763  0.4069079666845039  0.10316742387607074  0.9076245861034495  -6.524552954394373  0.0  0.0  0.0  1.0;ok
13001298762293;3.268470740445539;1.6242248883318562;0.9578425916588622  0.1794638380769571  -0.22434415621299914  4.701995455920292  -0.1628838829757842  0.9824857602239219  0.09050177691047737  0.21648116648641924  0.23665673510586152  -0.0501444092587646  0.9702984736405205  3.5202340235195226  0.0  0.0  0.0  1.0;ok
13001298762324;1.5596291394592545;0.5013609095564567;0.7402096669688795  -0.5330185732239586  -0.4098546687840896  -0.24594195749688552  0.38198031819796296  0.8350024019805781  -0.3960581083579126  -0.6102110530155778  0.5533359607283836  0.13660962369086788  0.8216794540937704  2.4648924986239606  0.0  0.0  0.0  1.0;ok
13001298762355;2.2890525042957126;0.6825144173105764;0.5799837920274948  -0.7407583619893026  0.3389629037643114  -2.7984661282411576  0.4646778749373591  0.6425951804623896  0.6092174542724543  -6.4180251075889405  -0.6690988518366391  -0.19582768749447788  0.7169088109944368  -1.3679608953119362  0.0  0.0  0.0  1.0;ok
13001298762386;4.679056551809071;1.4999664420350154;0.7568139637809721  0.4328923452338404  -0.48973139746608  6.21172715670727  -0.27022400836203125  0.8894392859291396  0.3686146252532843  1.4370160434763628  0.5951567940726974  -0.14663551440155237  0.7901179762448777  7.38916485878976  0.0  0.0  0.0  1.0;ok
13001298762417;2.783219455661756;1.0538701452284136;-0.9330258722294502  -0.35747725454263674  0.040899073768641825  4.810969055588092  0.35838847480840424  -0.9132266407721908  0.1938422134325874  -5.621939170445123  -0.03194405852391835  0.19551755693184708  0.9801798110838756  -3.1525509437135177  0.0  0.0  0.0  1.0;ok
13001298762448;4.817512365003251;1.3545146564958441;0.8709099620473759  -0.005382316121155617  0.4914131344193085  1.2645638299214204  -0.15642899598511661  0.9448951720541842  0.2875814372378396  -9.906542191527551  -0.46588175240260893  -0.32732880182144836  0.8220766681255516  -0.2812393175983452  0.0  0.0  0.0  1.0;ok
13001298762479;3.1160972657538197;0.627482736317035;0.9102081197172095  0.23641886667745995  0.3400401421594334  -1.732555704343445  -0.28091589045510895  0.9557397669068336  0.08745147478850976  2.25490541272352  -0.30431470764765123  -0.1751217217589454  0.9363359126283187  -4.887569676485129  0.0  0.0  0.0  1.0;ok
13001298762510;1.668148835819545;0.10333993653987875;0.7173541257327477  -0.6724384294570378  0.18228992534849206  -0.5863768656759625  0.6871319718523164  0.726080295807364  -0.025633128927993187  -0.37737130030288013  -0.1151204219613258  0.14364526664545618  0.982910639792755  -2.011018520832221  0.0  0.0  0.0  1.0;ok
13001298762541;2.158344185773176;1.760581325685708;0.9009630775032045  -0.4289003663858328  -0.06565065643277362  -0.07296701008682449  0.4297623712816683  0.9029413637392607  -0.0010944766067877004  -1.8979090416831497  0.05974811466743862  -0.02722809877283995  0.9978420683810157  -2.426160713931859  0.0  0.0  0.0  1.0;ok
13001298762572;1.789686049669093;0.4603017909850163;0.656631503880297  0.7201536697645159  -0.22408426994458885  4.680055388876444  -0.7478586706690112  0.6601806672497329  -0.06977746982283603  0.6877764102896015  0.09768560189238973  0.2134014491853269  0.972068590516391  -2.531446028160854  0.0  0.0  0.0  1.0;ok
13001298762603;3.072740707444121;0.21077575729056042;0.5404492400345724  0.6311774524802475  0.5563538823685853  3.6335068037978573  -0.5920014297326969  0.7551343338249561  -0.2816140001370373  0.34079192449114215  -0.5978703255225967  -0.17716422144238136  0.7817697311230583  7.036538487529108  0.0  0.0  0.0  1.0;ok
13001298762634;2.6336779525513534;1.6162109327647871;0.7914299164761404  -0.46369835689695504  0.3982744294046932  0.8890736814604905  0.5740982947377946  0.7875934079175336  -0.2238476530678903  -0.301612356651086  -0.20988052621843295  0.40580840012980257  0.8895334210125915  2.985894288368423  0.0  0.0  0.0  1.0;ok
13001298762665;1.5469211220564745;1.934722558019169;0.0021374130012812714  -0.5141631349220895  -0.8576897470255489  3.8160919779716673  0.7988068593953949  0.5168524650747495  -0.307849201280464  -2.2265910438488747  0.6015837704331183  -0.6844704522718589  0.4118217662026  -0.07705736397709739  0.0  0.0  0.0  1.0;ok
13001298762696;4.982572383971648;0.11168705542164062;0.3551132404831236  0.9347994012369137  -0.006683253749678597  1.6789622784840605  -0.9310952322701799  0.3530501686993386  -0.09174555479753993  -2.9538868762756163  -0.08340416582710486  0.03880280696645401  0.9957600550806447  6.328215254335063  0.0  0.0  0.0  1.0;ok
13001298762727;3.487753793276454;0.6457113672311705;0.9511306870157427  0.3087868174543817  0.00105715815088403  -6.822525482057301  -0.3087807387410129  0.9510763443776147  0.0104039678905537  -1.1751049215563547  0.0022071700242498743  -0.01022196320222818  0.9999453184393517  1.75126066053678  0.0  0.0  0.0  1.0;ok
13001298762758;2.2371719601815334;1.8728596886140643;0.9544541923627441  0.2146250121252432  -0.20725177647350032  -1.0078482476911255  -0.17275621974462585  0.9639023147674267  0.2026021128358345  1.2854415330846574  0.24325394800645916  -0.15757040253879162  0.957078411115325  1.9725268547202437  0.0  0.0  0.0  1.0;ok
13001298762789;3.511545044059237;1.5407763423708487;0.8314257863253859  -0.34021108762116387  0.43930351431878983  -2.962073677567542  0.2965897844382349  0.9403110622371098  0.16688201221641635  8.460632678517547  -0.4698570650741518  -0.008457073615827692  0.8827019974520058  1.3464751824350996  0.0  0.0  0.0  1.0;ok
13001298762820;1.6054751776443217;1.4812996509583332;0.9989575320455968  -0.009658298379093329  0.04461576449855787  1.8738722547730524  0.008163856963255826  0.9994034473054559  0.033557427694236946  -0.17621598635889857  -0.04491325649353295  -0.033158208431561  0.9984404502045953  -1.8037926605380257  0.0  0.0  0.0  1.0;ok
13001298762851;4.138762391354075;1.576087420904574;0.9969872213914949  -0.034965530120602176  -0.06923793819468708  6.041833290785528  -0.034422846664347265  -0.9993666893296957  0.009015979465702272  -2.5418708127767493  -0.0695093375712133  -0.006605449385802018  -0.99755943182791  -2.8434280655205426  0.0  0.0  0.0  1.0;ok
13001298762882;4.108806711779712;1.3029027237690305;0.747013646804832  0.5319249265008343  -0.3987812483736266  8.5085768917168  -0.34965049341960563  0.8245338889342151  0.4448464886345014  -6.775719631015806  0.5654335893266087  -0.19287233748285804  0.8019258803001228  -4.716409248332123  0.0  0.0  0.0  1.0;ok
13001298762913;1.9217734807464786;1.9123190301177846;0.9363112526373756  0.3507237488960921  0.017722588549673055  2.9244105237444784  -0.35105055271979463  0.9334737885687077  0.07341795073625768  0.09599185365316165  0.009205847041781318  -0.0749635779259229  0.9971437781808541  -1.9347898722638268  0.0  0.0  0.0  1.0;ok
13001298762944;4.400696660660883;0.8768395030491092;-0.045286351381752354  0.9063978659313501  0.41999054157638316  -3.083898993260049  -0.8125724114508222  0.21113476472482262  -0.5432754248754402  5.650198592157264  -0.5810982899024266  -0.36587568894323796  0.7269523765094841  4.128702726471924  0.0  0.0  0.0  1.0;ok
13001298762975;5.065929067357689;1.7730392308703413;0.8243819252611982  0.4096465729896635  -0.39062018194207954  -0.555461063143416  -0.4020596182366908  0.9095366719187093  0.10531431915178646  -4.038295577106456  0.39842503019514885  0.07023338004725714  0.9145079374402015  -10.042991123260604  0.0  0.0  0.0  1.0;ok
13001298763006;2.461872411913216;1.21138350246366;0.9560422534284014  -0.29318627624681903  -0.005001707715253378  -1.0824282619470815  0.2652106224429458  0.8572893166743236  0.4412690259461882  2.8461420127846786  -0.12508611195080913  -0.42319833995018874  0.8973609249685626  -2.8701663539216082  0.0  0.0  0.0  1.0;ok
13001298763037;4.79395374515572;0.22533863236556095;0.6231224901447331  -0.7821242585730082  -8.017137474644609e-05  -5.456046911071053  0.7633001346169115  0.6081475593661132  -0.21801250085911525  -10.33438016972119  0.17056162161996566  0.1357872975968762  0.9759459734235832  -4.218477680735969  0.0  0.0  0.0  1.0;ok
13001298763068;2.0163281354479747;1.2795897788220247;-0.23716591256728672  0.6100526254714138  0.7560344728063403  8.27254591402109  -0.9304139973000343  -0.3664900005066388  0.0038565731959714356  4.483171183041437  0.27943178692535686  -0.7025104082389659  0.6545204372451812  -1.9957349210663775  0.0  0.0  0.0  1.0;ok
13001298763099;4.57877492579961;1.7518667855211065;0.868064459841984  -0.4795408084814562  0.1284706447411052  -7.773931402204042  0.49595028278144176  0.8260235217825919  -0.26780302177326504  -7.02928457551283  0.022302703160200638  0.29618533802812563  0.9548700618245988  -2.1362861296286253  0.0  0.0  0.0  1.0;ok
