# registration_from_features.py RANSAC RANSAC_config.json euclidean True --input_txt=/neural_comparison/point_clouds_registration_benchmark//eth/gazebo_summer_global.txt --input_pcd_dir=/neural_comparison/point_clouds_registration_benchmark//eth/gazebo_summer/ --input_features_dir=/neural_comparison/experiments/3DFeatNet/feature_extraction_voxelgrid_0.1_npz//eth/gazebo_summer/ --output_dir=/root/neural_registration_comparison/results/3DFeatNet/RANSAC_mutual_on/
id;initial_error;final_error;transformation
36535719080030;2.8719654907800902;3.693012780835115;-0.9852331880447907  -0.16953283717497442  -0.02396210121214705  8.043085849347076  0.1682584206395476  -0.984583248182999  0.047800954815773844  4.860309014234174  -0.031696514934336395  0.043063261799568986  0.9985694199324346  5.572594437689789  0.0  0.0  0.0  1.0
36535719080061;2.8185456084080336;5.219901980399264;0.8274176554508574  0.556510078320161  -0.07534292386345887  -3.5153991353206395  -0.5575706681464385  0.830090039241464  0.008091772045683579  7.41120862688078  0.06704456332127756  0.035313729344172734  0.9971248502814809  9.899145041364573  0.0  0.0  0.0  1.0
36535719080092;1.9001870719663094;1.4990603494752661;-0.4767908516139618  -0.8176717786683341  -0.3226195068290142  4.215683795134966  -0.8245298774039937  0.5432340260672148  -0.15826330652099957  0.9510578845653033  0.30466533292350206  0.19055092571847512  -0.9332038253363751  6.46467998975332  0.0  0.0  0.0  1.0
36535719080123;2.152334886682317;0.06482482684754248;-0.15940704369872039  0.9651396669954863  -0.20759291320051515  3.5825687265571986  -0.9851350595958348  -0.16915100898900953  -0.02994746254879854  -0.17398552279883717  -0.06401803475854226  0.19973322044628045  0.9777567856454957  -2.672125644810115  0.0  0.0  0.0  1.0
36535719080154;3.7084111945439853;0.11882005931151024;-0.7282646199424093  -0.6723104290162092  -0.13277548861208605  3.1696225149480894  0.6644305910007959  -0.7401571057143116  0.10343813901528998  11.311318732320053  -0.16781726097893296  -0.012889759371427223  0.9857338489779451  -3.3924226502886405  0.0  0.0  0.0  1.0
36535719080185;2.3222284832250804;4.328000677717163;0.26921242791412514  -0.7748706528799605  -0.5719266910732236  -5.308888941290794  0.6106236769533157  0.5965615974998318  -0.5208195325949884  -5.488278512628932  0.7447572717339492  -0.20902088817587802  0.6337561632880362  -8.052753583181808  0.0  0.0  0.0  1.0
36535719080216;4.7404660091141455;1.2519240983591498;0.4007108302427273  0.7776863587889891  -0.48439112076885626  3.7249158516653127  -0.8945633895821493  0.44632536468742556  -0.023452310247240312  3.068019403857984  0.19795750186714448  0.4427161575887655  0.8745371525923635  -10.501448844336968  0.0  0.0  0.0  1.0
36535719080247;2.9917173628249674;1.7896317928812537;0.27728663287194083  0.9270344592803378  0.2524266914122869  1.502655948735941  -0.9480767226877735  0.30660017593890243  -0.08453910344831583  3.0209604675534933  -0.15576473005193614  -0.21587830697188268  0.9639159223971774  -2.7807127108984417  0.0  0.0  0.0  1.0
36535719080278;1.8936058971638152;3.470150243163199;0.34520760375735254  0.7738172065468255  -0.5310731034049592  11.041730706905938  0.21089606802607921  0.48742916091517596  0.8473108411797096  0.18073357200133255  0.9145242253758213  -0.4044993744637875  0.00506924640933501  -2.520322542581711  0.0  0.0  0.0  1.0
36535719080309;2.0474131250721026;0.9938149092990397;-0.3534461614671988  -0.9037651933423567  -0.24142138730227514  3.8726561265663078  0.42087190859830653  -0.3841160631405448  0.8217795851627296  2.344187721703806  -0.8354296185178748  0.18884735989751433  0.5161337299216332  -1.2417719275105337  0.0  0.0  0.0  1.0
36535719080340;2.643359974182583;3.941863778029359;0.03230175921632451  -0.9620167840188271  0.27107250620010137  8.850377839495827  -0.11174259165090936  0.2660376835415589  0.9574641215977651  -5.817921008264404  -0.9932120566941731  -0.06121811988222718  -0.09890476346170869  2.636238927140714  0.0  0.0  0.0  1.0
36535719080371;4.184735305781556;0.004520268601141857;-0.9768363572849581  0.15461707872113883  -0.14793339735838912  2.9456551747892155  -0.14565880573229179  -0.9868800652760749  -0.06965090863249816  4.513995861613484  -0.15676174086458872  -0.046489737883013665  0.9865416670737598  -4.593244541617736  0.0  0.0  0.0  1.0
36535719080402;2.5739270336253104;4.903930255690904;-0.9048924835818917  -0.16856883801457972  -0.3908377412781556  6.885742299107434  -0.2514745181132299  -0.5291083770119952  0.8104350017832712  6.2941193440537395  -0.3434096094996688  0.8316422741937466  0.43639542604974474  1.929286951851877  0.0  0.0  0.0  1.0
36535719080433;2.734748311517099;1.9268532407735381;0.10038560252566897  -0.9947402707806364  -0.02035987457780755  0.9235119301212507  0.702461403532431  0.08535193080848691  -0.706585468612616  -4.717830481442469  0.7046067749836112  0.056628981930888694  0.7073347517637358  -5.065931335594382  0.0  0.0  0.0  1.0
36535719080464;3.7323423107611307;0.08594017735357835;0.3146234686441586  0.9009519446635041  0.29882715135236226  -0.7177816219715243  -0.9481742170191428  0.28354861146716304  0.14340794648546998  1.576200912414313  0.044471644431633844  -0.3284597058119815  0.9434704523722264  9.221745388362615  0.0  0.0  0.0  1.0
36535719080495;4.095283908390811;5.861098856226838;-0.9204907579321858  0.2771427187783225  -0.2754789973656605  7.527436772293293  0.21312823992932078  0.9469554793584846  0.24052374821953154  4.104308359145055  0.32752575151590735  0.1626875334532496  -0.9307307067851787  10.668523729782898  0.0  0.0  0.0  1.0
36535719080526;2.3278553928468253;5.942742764199001;-0.8340718128259714  0.519230705037299  -0.18634292579989983  5.8574136985468765  -0.5101305763974306  -0.8545267465937371  -0.0977283703964609  13.32625666912298  -0.20997858479764736  0.013546745084782402  0.9776121314836398  0.23311977624399383  0.0  0.0  0.0  1.0
36535719080557;2.2194490343578286;4.746207176460193;-0.8933258291250853  -0.43632608442946896  0.10764994688538998  3.9694503830242347  -0.4438407368391069  0.8941636619519908  -0.0589639378495418  3.976105276694877  -0.0705291665915445  -0.10045344041422415  -0.9924387855020824  6.489226317751596  0.0  0.0  0.0  1.0
36535719080588;3.796227498088121;2.5909387291614516;-0.7007071693061501  -0.038614700301876886  0.7124032339929112  3.4674427266067758  0.3131904922655288  -0.9138277686771452  0.25851600482180026  0.7075584381060374  0.6410313396686922  0.40426193750481354  0.6524194260193489  2.212437037843503  0.0  0.0  0.0  1.0
36535719080619;2.4973131938563013;9.023159042208679;0.8602996067770505  0.348979175391166  0.37161555635166094  -3.715571978701292  -0.410518946009122  0.04204034883277019  0.9108824315122005  21.97170537569906  0.3022561522067204  -0.9361870241641467  0.17942985883031637  7.13523263348  0.0  0.0  0.0  1.0
36535719080650;2.045757500568744;1.268766205192051;0.708130801698545  0.4805515449676339  -0.5173209645036594  -2.110048186359324  -0.7058840735978752  0.4644969945325399  -0.5347618317635501  -2.8473963502038235  -0.01668659122307136  0.7438499544259299  0.6681383112603977  5.837050146675137  0.0  0.0  0.0  1.0
36535719080681;3.422151150058385;1.8795482691343979;-0.5431636666267746  0.4505617663943752  0.7084965249880463  9.445593122648662  -0.4407554843420179  -0.8712164446615921  0.2161400230721914  5.540678854060686  0.7146382541391064  -0.19487432158905585  0.6718006880810814  -9.595173076522737  0.0  0.0  0.0  1.0
36535719080712;2.329822326641319;3.441367097917265;0.3235261712109096  -0.7689032713504242  -0.551469469552237  -3.3850753077624587  -0.8101360967936999  0.07603494622787316  -0.5812901096905001  2.315711445975073  0.4888868184083904  0.6348278871148784  -0.5983170000324083  -4.132331971769823  0.0  0.0  0.0  1.0
36535719080743;1.5817497009913515;6.164725739897588;-0.6488143031366994  0.3804105930500643  0.6590354927775418  -1.1982998474761395  -0.7588477704342607  -0.38774244228065785  -0.5232646173411517  10.919241007111385  0.056480628114338516  -0.839609182387573  0.540246572870463  9.552519415656995  0.0  0.0  0.0  1.0
36535719080774;4.455523395855616;5.844658385332844;-0.46984385921101707  -0.6096922021481889  0.6383746287262597  2.8114723577925416  0.8778076174605448  -0.3991063709180881  0.26489222604832136  5.014319591552595  0.09327665672578253  0.6848280976509985  0.722710136899833  -3.6959981137700146  0.0  0.0  0.0  1.0
36535719080805;2.6623006804379994;2.5961153771978456;0.519889974452952  0.681837123931031  -0.5145994081737444  -5.220675975964149  -0.7589005495881794  0.6452075422066349  0.08818834001404278  0.5474456918034196  0.39215350348819733  0.3446815398438575  0.8528835007155426  10.804750120154917  0.0  0.0  0.0  1.0
36535719080836;2.3641851278479833;1.8772748741812404;0.2897697694951533  0.5364172920107518  -0.7926474433937057  10.484968854290754  -0.7637435236897043  0.6287267893389868  0.14628210550003629  2.0467538451822986  0.5768269330646412  0.5629912194691328  0.5918712495905666  -1.0810785544636392  0.0  0.0  0.0  1.0
36535719080867;2.3245937370798613;0.8813155980997316;0.6565639952155969  0.31672897385261867  -0.684548374703206  3.347352088910326  0.7196559942948264  -0.5348274905918171  0.44278076424206203  -9.770742270631475  -0.225873792331156  -0.7833532488153266  -0.579084378573982  -0.8971857894540518  0.0  0.0  0.0  1.0
36535719080898;1.1108467191895781;1.9006762770581744;-0.8817604998139268  0.46125002807734167  -0.09872604806506441  12.92272326269035  0.3005446394613947  0.7106897833106265  0.6360762152359697  -1.1530638490042469  0.3635537658433954  0.5311952969450565  -0.7652844019346922  0.3393571031756304  0.0  0.0  0.0  1.0
36535719080929;3.0133446968971027;5.924992598990325;-0.06106129507084803  0.521679425577036  -0.8509536386748013  7.056421519293983  0.5871482004001665  0.7082107539415127  0.39203892506795734  -9.72650772723998  0.8071731592484455  -0.4756974930890508  -0.34954740173211996  -2.386891929025671  0.0  0.0  0.0  1.0
36535719080960;4.172447019856412;3.704070554349686;0.6207184645560563  0.5683055115448203  0.5401272380716898  -9.950477756478636  -0.755231268297623  0.24838762220311317  0.6065717768919415  -3.9043086742578774  0.21055716360346366  -0.784431281046379  0.5833808757331702  -8.399156915583713  0.0  0.0  0.0  1.0
36535719080991;2.0023267432930947;4.008006354141218;0.4878913505072686  0.8429405317715132  0.22674498891254938  5.481752223920514  -0.6395371243244141  0.521977858308137  -0.5643858450093421  -11.385524556128635  -0.5940995680111645  0.13034713396469091  0.7937602458904947  4.341267247302722  0.0  0.0  0.0  1.0
36535719081022;5.2049478600741095;4.157113027073985;-0.44634937665417945  -0.5858951831044481  0.6763867742463852  -11.918937368359837  0.4687351548101472  -0.7969456127102058  -0.38100530839748364  -9.721487978759244  0.7622726471581757  0.14698477743276525  0.6303458468154668  0.15301611503751733  0.0  0.0  0.0  1.0
36535719081053;2.759339837400279;7.407929803494288;0.7749656736283878  0.2614499282310337  -0.5753886857817819  -3.1317262284074623  -0.40411589663050235  0.904975845308098  -0.1330753977992111  14.869859063958849  0.48592030909216377  0.33565257996458253  0.8069812877476746  -4.648424739007913  0.0  0.0  0.0  1.0
36535719081084;2.627616704218367;2.333292905486926;0.11001054808978279  0.957821133669828  -0.2654738314870811  7.309735095350486  0.24933833646968365  -0.2851488696270013  -0.925483936174461  -1.8878801474209834  -0.9621476359039284  0.035620191547620084  -0.2701909115395897  2.6918090447495255  0.0  0.0  0.0  1.0
36535719081115;3.3642234081663633;0.9776993221992565;0.28935408227966397  -0.6556863697396037  0.6973876967697328  4.608549796851614  0.2182562165738792  0.7545552412276125  0.6188785113920147  3.3102949400190687  -0.9320077462097343  -0.02686582352430726  0.36144126567315377  0.6372592232674337  0.0  0.0  0.0  1.0
36535719081146;2.4293434851076756;2.0744949186986847;0.7702432110758115  -0.26914520669514175  -0.578174933307085  4.758058830199338  0.29351575542288205  0.9544676552949073  -0.053291615798132394  -0.6107071216211568  0.5661924558930096  -0.12865594704043176  0.8141705903439227  -0.9941633121359368  0.0  0.0  0.0  1.0
36535719081177;3.5423989428844522;6.4840277915139115;0.38917321201080746  0.5916062239115566  -0.7060781025370353  -8.27586840543771  -0.8071312876158009  0.5884059841645066  0.048140236300394185  18.489542646776826  0.44394064423619795  0.5511628376700551  0.7064957400909379  5.0734867216755175  0.0  0.0  0.0  1.0
36535719081208;2.4968567701157345;0.4500266169301023;-0.47292452988542516  0.8681842054591677  -0.15032822231332302  10.53795623413758  -0.1554805319212653  0.08570707700994026  0.984113865944329  1.9533430748403529  0.8672763073128024  0.4887846993735039  0.09445276296765254  -2.5266738803883246  0.0  0.0  0.0  1.0
36535719081239;2.6254413723760552;0.7382114614126027;0.2264806563743418  0.9629181674048943  -0.14661212490734615  7.263042609156668  -0.4558917568280387  -0.028220137523697106  -0.8895877302966742  0.8361339194771684  -0.8607376013306796  0.2683136722564536  0.43259513975051156  10.350150205081317  0.0  0.0  0.0  1.0
36535719081270;4.852975213123584;3.985994931192347;0.8702907883445624  0.49236338594444434  -0.01312402011282926  5.661062729324646  -0.4918476346861411  0.8701724690323056  0.029762029364090614  -1.8019112728038476  0.026073894535491915  -0.01944660174793994  0.9994708508526945  -11.870742062063552  0.0  0.0  0.0  1.0
36535719081301;1.4134837583742463;1.4952276480192601;0.6505927544117398  0.7486840714081496  -0.12728404898753876  5.443276332801428  -0.5820417244769782  0.3839162009520234  -0.7168233963916291  5.086812233600254  -0.48780785036201574  0.5404447352563275  0.6855384666515125  1.4274416005099138  0.0  0.0  0.0  1.0
36535719081332;2.6207414559357245;2.355122439043215;-0.9035102756608709  -0.3876282508062285  -0.18279365676117176  11.356220361015886  0.16674932404619577  -0.7108768136097573  0.6832633597685267  0.6642312674110653  -0.39479595325351813  0.5868547478285766  0.7069212546286209  -1.988109541035628  0.0  0.0  0.0  1.0
36535719081363;4.7790429741920475;1.7397377621798147;-0.5147218581490864  0.8565225894662762  0.037821455254068714  4.7318875298934815  -0.8314482377631339  -0.5094441441299846  0.2217216541798431  -6.069755396160586  0.20917752428052522  0.08267839951070546  0.9743762341058086  -2.2754806794766513  0.0  0.0  0.0  1.0
36535719081394;1.4663573651430153;4.418841405093678;-0.46186132521242923  -0.8799352333051661  0.11134676223941639  5.069974558544344  -0.49989443474294004  0.15454981097757392  -0.8521853730496859  -7.650457970766974  0.7326593139966588  -0.449253092493506  -0.511255306572916  -0.005614185584629006  0.0  0.0  0.0  1.0
36535719081425;2.332117443040167;4.518388211141256;0.6298709540152659  0.7107038803733846  0.31330907377558104  -0.4659791889177196  0.5016383311586018  -0.6802084421809372  0.5344861643655479  7.901201864590467  0.5929768680145218  -0.17948946935125815  -0.784959848904192  -7.960517016020332  0.0  0.0  0.0  1.0
36535719081456;3.9542146055036578;5.477357481517136;0.9702029528781184  0.116619977969314  -0.21238175760883155  -2.5224268741192493  0.1949653133509761  -0.896189434401464  0.3985386107482434  1.367534955473038  -0.14385672322326634  -0.42807041290612563  -0.8922224861422421  7.9096615888636155  0.0  0.0  0.0  1.0
36535719081487;3.3533169379046845;1.9660380871862515;-0.19290072038988254  0.6195031726702844  -0.7609238668385401  4.551969977785221  0.47209652729893065  -0.6212332540029885  -0.625455124715713  -7.825788806243565  -0.8601826439689155  -0.4798802592025538  -0.1726289542409841  0.9122659547492004  0.0  0.0  0.0  1.0
36535719081518;3.0920879439740774;0.20946990079970212;-0.28229178482020845  -0.8875720293607479  0.3640429108216028  0.3332897532491006  0.9107563304987158  -0.36717116261522426  -0.18896625042662646  -7.476166471915325  0.30138721718005035  0.2782107655002391  0.9120112473430557  4.035235346878238  0.0  0.0  0.0  1.0
36535719081549;1.5294161413651834;2.4052068861720373;0.3988549702259266  0.3776325267391838  -0.8356484832001161  2.5771026216142454  -0.7929412559848483  0.5997503570169678  -0.10744149019438792  3.9232795434725816  0.46060707472122736  0.7054737302030454  0.5386538208442918  2.909285796081467  0.0  0.0  0.0  1.0
36535719081580;3.0692450464075005;6.6152095699767655;0.5117581968685131  -0.8067625685928598  0.29536029837359623  -6.443304764930035  -0.45861578584829926  0.034177117917180186  0.8879771875344671  9.297351587702313  -0.7264813204127378  -0.5898864997000072  -0.352503629148748  -0.38378303590382945  0.0  0.0  0.0  1.0
36535719081611;4.067373545893354;0.3107404693766856;-0.25953818626785025  -0.8669525442680737  0.42547998290860656  2.3553637991129275  0.9296382602442886  -0.34360861924389685  -0.13306322508970939  2.945265738621166  0.26155809098318183  0.36100748298119256  0.8951318127922928  6.586678506328112  0.0  0.0  0.0  1.0
36535719081642;1.8617882493278746;1.431431129634336;-0.9563063416969524  0.13506019642588787  -0.2593008371980158  4.8403519404997235  -0.0663819038537847  0.7634359649698828  0.6424632053520656  0.23584606685994114  0.2847307915750212  0.6316045208292165  -0.721113101806615  1.0298200306605445  0.0  0.0  0.0  1.0
36535719081673;1.5998785025075408;1.8901114134506092;0.5971807590176459  0.23367110965506296  -0.7673154198709167  4.708564484957358  -0.025251252311907557  0.9616278118299737  0.273192836238028  -2.218587750411606  0.8017091213874203  -0.14376983003283095  0.5801661147090048  0.4086748387020993  0.0  0.0  0.0  1.0
36535719081704;1.9756325052656099;5.349956547991898;0.6711948742357065  0.33337549332736277  -0.6620862642046363  -5.364957195819923  -0.17685057273761406  0.9393893026606384  0.2937202971691558  -0.21720587275740333  0.7198759030014075  -0.0800532228926287  0.689470931789304  -1.5336360273050618  0.0  0.0  0.0  1.0
36535719081735;3.6039393451346733;4.849877328331114;-0.9334057747325474  -0.03802918064351568  -0.3568016831736023  7.354883717075253  -0.007789560106886917  -0.9919860452919115  0.12610713183422606  14.744458670660713  -0.3587380415418388  0.1204884532463445  0.9256292725411341  6.032191405220823  0.0  0.0  0.0  1.0
36535719081766;4.290345428514503;1.728153165088246;0.6101746599317143  0.6298394226034747  0.48061334366800396  4.247633043150588  -0.18376086915107445  0.7025981087318518  -0.6874502458907605  -2.079492358599447  -0.7706612922328843  0.3311467942483316  0.5444474017873484  -2.040339654189473  0.0  0.0  0.0  1.0
36535719081797;3.80649089162507;6.3598451541394425;0.2955365717290915  0.953577032131391  0.05787035996175775  18.297442962849914  0.9532312423711582  -0.29835981775974857  0.048286827540308636  -13.65330417079038  0.06331139974880895  0.040893311651875805  -0.9971556567176408  -2.7735717263519373  0.0  0.0  0.0  1.0
36535719081828;1.9802991795936433;0.027291824854230217;0.16882986979931744  -0.9824367887030502  0.07946339576423853  -2.3285304587840985  0.9744755897928541  0.17847611962047677  0.13617488616880324  -1.91357316089241  -0.1479655363975495  0.05444475115248312  0.9874927691434146  1.976165851485211  0.0  0.0  0.0  1.0
36535719081859;4.6068693402346454;4.281029504653016;-0.3018482819384918  0.7793432088691516  -0.5491008809684375  13.776543237930511  -0.7267114846168357  -0.5608932691361945  -0.3965969727112233  -2.8867280883097313  -0.6170721455525077  0.27932580157809606  0.7356623299829741  -1.8567345485725593  0.0  0.0  0.0  1.0
36535719081890;4.508629332811153;2.9773345992562215;-0.5300874688834001  -0.8187238634673583  0.22067739059965588  15.800941687425773  0.6686034854785121  -0.24350857494206146  0.7026186399005308  -13.854827172062823  -0.5215138104966881  0.5199950089364025  0.6764824729011502  10.604361962992337  0.0  0.0  0.0  1.0
36535719081921;2.2999981710951882;9.684096412503417;-0.7935897345880819  -0.5833382210871116  0.17300824539698015  17.23547813840961  0.3014093352403716  -0.6238956426922508  -0.7210455184380389  -17.147009054558886  0.5285525005014874  -0.5200680213669624  0.6709407629329713  6.291819213820153  0.0  0.0  0.0  1.0
36535719081952;1.2152378562390587;3.128797912889598;0.49065635662532464  -0.8468745180646952  0.20508508077345022  5.802049977262296  0.8660618299321325  0.49987549796916836  -0.007835385420102188  6.865260844784496  -0.09588141862617539  0.1814608420094161  0.978712785437825  -1.3607201054444706  0.0  0.0  0.0  1.0
36535719081983;1.4321260052918148;3.067367726238664;-0.7432518325999689  -0.1350934940567481  0.6552300826429803  9.9269179438017  -0.046351244039626316  0.98744485522454  0.15101066209564745  2.483232294846635  -0.6674041320764853  0.08186822188203535  -0.7401819497482407  11.164271608804327  0.0  0.0  0.0  1.0
36535719082014;2.1446172376713286;1.8183222237848076;-0.7069483319724617  -0.6916212838153376  0.14793260524637114  8.067209147138108  -0.6987592606839513  0.6506561151168155  -0.2972912973322819  2.4249929109248036  0.10935973449936673  -0.3135388646319909  -0.9432570322216052  3.5119837178797755  0.0  0.0  0.0  1.0
36535719082045;1.9741406690068724;0.02205073009346497;0.5182062403861466  -0.8542566454440689  -0.0413264581049614  0.7880048184220811  0.8449692360507188  0.5188472977834093  -0.12970918128921474  -5.553864173947776  0.1322470512061397  0.03229652144581781  0.9906904926109773  2.4301086004275616  0.0  0.0  0.0  1.0
36535719082076;2.7263856166451443;0.5456041460040554;-0.9436136188224837  0.3308783228480932  -0.010624210180978602  7.870981068943619  -0.3290262045992444  -0.9409074093195182  -0.08021847527003301  -4.035935547444629  -0.03653895263623036  -0.07219960219326571  0.9967206842357498  2.2540133001463967  0.0  0.0  0.0  1.0
36535719082107;1.536577084651521;2.07406477065436;-0.6105317392596779  -0.7789908612419164  -0.1429133774638694  7.953535930209426  0.7777416063793969  -0.6237811691543629  0.07755673223396992  -1.8189714078411066  -0.14956265932026014  -0.06379883313975213  0.986691805898406  0.8196192927981444  0.0  0.0  0.0  1.0
36535719082138;2.448192473659257;1.6706610521499838;-0.6114000023804658  0.4010650688467386  -0.6821560288087524  4.726262064323388  -0.637629026023733  -0.7602106293996556  0.12453523244369952  8.02844970305674  -0.468635532435594  0.5111033256580719  0.7205235098454921  4.824175945732449  0.0  0.0  0.0  1.0
36535719082169;2.751939271344588;1.9655321398776908;0.5159291946621419  0.6383118142957741  0.5712924766052063  1.2850983850630442  0.8262997055266241  -0.5467221983215926  -0.13536482005683306  1.033551743794649  0.2259333148118875  0.5418974677859656  -0.8095068076707388  -3.0369561052354888  0.0  0.0  0.0  1.0
36535719082200;3.495996902324403;3.89429218675032;-0.6976600445706668  0.6274339955137389  -0.3458280547950393  -8.607170590866092  -0.32799365404357594  -0.7088771521221509  -0.6244304173455452  -2.7769203168118457  -0.6369384782824775  -0.3222107454335661  0.7003496344043789  -2.309626324194439  0.0  0.0  0.0  1.0
36535719082231;4.028218031238248;1.5000991811954854;0.9943466094342451  -0.004045780394921967  0.10610585265487027  2.8823564665789227  -0.05208257020593586  0.8522259987252735  0.5205749254213594  2.6991749846599635  -0.09253229807675123  -0.5231581775693717  0.8471973176627325  6.123223241633181  0.0  0.0  0.0  1.0
36535719082262;2.352339194995012;5.552497917537646;-0.6015362230357888  0.7832839824310036  0.15690881187130568  6.968256713204661  -0.7376050664742622  -0.6200244763983085  0.2674105730492021  19.267489747248256  0.30674572252492294  0.04512041150112111  0.9507214156516265  1.44544340564663  0.0  0.0  0.0  1.0
36535719082293;4.915635355433878;1.9855373102343516;0.7008268859211085  -0.49346422129764866  0.515106530990655  9.48373732485008  0.3256505718872699  -0.42114637125763504  -0.8465148781953097  -2.083087583270034  0.6346600515233453  0.76100512237148  -0.13445379401397783  1.5137238478570612  0.0  0.0  0.0  1.0
36535719082324;2.6136203318699214;0.07612950924962006;0.22021805771629263  0.9754215200533161  -0.007540906612723053  7.123673390354686  -0.975450141031658  0.22020331701505924  -0.002742542047811908  5.177059816137033  -0.0010146018836644025  0.007959735701861675  0.9999678060770626  -3.7289411256154503  0.0  0.0  0.0  1.0
36535719082355;2.6932219088290648;3.09096930347069;-0.6314583789203674  -0.7747536714707057  -0.03189144452551296  5.872095498473449  -0.5785849267704  0.4433928385926799  0.684574519828789  0.0560102868099559  -0.5162361845176614  0.45073222563667203  -0.7282449193556103  1.6018003165818675  0.0  0.0  0.0  1.0
36535719082386;4.785475193293865;2.1229719124876825;0.8268978180024931  0.4834830611091321  -0.28720050174618267  8.1387716593152  -0.4842600283490077  0.3525661809851205  -0.8007429755976543  6.511117533984839  -0.2858884809259269  0.8012123424199796  0.5256677266370415  -2.661157960212066  0.0  0.0  0.0  1.0
36535719082417;2.477038884971137;2.267687713571284;0.7342526278943048  0.16235222047853018  0.6591773926159772  0.32379616150463586  -0.12200322326373131  0.9867312962885542  -0.10712871901581551  -3.120507159809174  -0.6678235485093106  -0.0017622231414182196  0.7443175415278294  2.172268143881661  0.0  0.0  0.0  1.0
36535719082448;2.815184467780424;2.557041248241743;-0.8835972495929594  0.38957776630680296  0.2597788761834959  17.208812324421388  -0.24677678769231823  -0.8589261481787345  0.4487171592786535  -3.843231804274202  0.39794109811380196  0.33237785120889995  0.8550835318597454  -4.26114661423493  0.0  0.0  0.0  1.0
36535719082479;3.430440585461284;4.55967666613453;0.5379963383668713  -0.7906839301583165  0.29219661615637865  -1.2129587889267062  0.1622721128591778  0.43729948655657624  0.8845546452569074  2.649838840969715  -0.8271805735702804  -0.42847179795962503  0.36357147448773974  1.9211778638676416  0.0  0.0  0.0  1.0
36535719082510;3.752685809770862;0.054486465091140066;-0.44329038870594534  -0.8956470543179279  -0.036193720070622465  1.3273195040286714  0.8963114917042079  -0.44338807605698094  -0.005720476332128299  -5.287422313470377  -0.010924336131292074  -0.03497667940367652  0.9993284198790622  3.5724976332835032  0.0  0.0  0.0  1.0
36535719082541;1.6713742885955687;2.6721847866596966;-0.9169346498370115  0.3941525550535514  -0.062246375581508535  5.924734932482769  -0.37863427457605103  -0.9086419314301257  -0.17608499812078887  4.914896300353467  -0.12596401884881567  -0.1378898248301435  0.9824049379781068  -2.7121398435814834  0.0  0.0  0.0  1.0
36535719082572;5.705872389959219;11.09074365045167;0.4687480085905488  0.8807748438063419  -0.06716382181136962  -11.239247011389466  -0.8744568004607461  0.451943797086298  -0.1762728237794316  9.658404384008538  -0.1249023961753738  0.14135939584312723  0.9820473067202601  -11.401030579155044  0.0  0.0  0.0  1.0
36535719082603;3.111669804062568;3.9273803988574345;0.5289666560172099  0.30193022651744933  -0.7931156379350319  0.6968584251371324  0.1901921946153861  -0.9529742973603504  -0.23593837686550684  -6.454827727848978  -0.8270557453578048  -0.02604086952597027  -0.561516399747129  7.2452429725425125  0.0  0.0  0.0  1.0
36535719082634;4.355140868473985;1.9878236029120728;-0.8998810513874397  -0.42447306085171366  -0.10018340164425216  9.374901674138695  -0.4325108135150778  0.8389862089676778  0.3302068099760665  -5.363185783406886  -0.05611140299762377  0.3404772558824185  -0.9385769806896058  1.469274632932853  0.0  0.0  0.0  1.0
36535719082665;2.7201030154491477;1.3978546506530416;0.45772089657104936  0.6584228431587965  -0.5974704515278406  8.4187076425351  0.8457334950448029  -0.5297372487122984  0.06413503477839978  4.618447265688871  -0.2742743812343708  -0.5346567187770218  -0.7993220607896994  1.540258057985808  0.0  0.0  0.0  1.0
36535719082696;3.2991237738734345;2.8186648746723098;0.21684621741065366  0.975127848156877  -0.045862814388463555  8.259804684241086  0.3207355750689333  -0.026794287032696082  0.9467897111120347  -4.6585594298813024  0.9220121522408975  -0.22001760368513376  -0.31856843093558274  -0.5060203534920453  0.0  0.0  0.0  1.0
36535719082727;1.2878238866021425;3.2452759919201957;0.5879257932707913  0.3666602520974795  0.7210433559354965  7.963760557301297  0.8084471875692536  -0.29664386127207576  -0.5083459102628421  3.2612133928945584  0.027502845639584897  0.8817951457687925  -0.4708300270589365  7.22978894373678  0.0  0.0  0.0  1.0
36535719082758;3.2221881761895412;0.10001125948790235;-0.6768287005300819  0.6623380641706493  0.3212649979214031  12.173861380542018  -0.6526388141006656  -0.7417817836842969  0.15434495043058805  -0.21597706941426242  0.34053705887618035  -0.10520491502216245  0.9343267294619912  2.86335163300072  0.0  0.0  0.0  1.0
36535719082789;4.375691271181936;1.5418100754130293;0.5036990997004497  0.8584155865080851  0.09700462772948862  5.037244388093154  -0.7399077417383173  0.370728064281136  0.5613352261083081  5.854492455299078  0.4458965694829463  -0.3545185230623952  0.821883730298269  -9.827629940387206  0.0  0.0  0.0  1.0
36535719082820;2.9711958970592893;3.760483691568731;-0.36311739714356495  0.8714157453386949  -0.32981866937377835  4.313750905718614  -0.9185349549838905  -0.27540047429734527  0.28363376955070047  9.933073043904002  0.15633071471858942  0.40594233276735814  0.9004285258158867  -6.91364695724082  0.0  0.0  0.0  1.0
36535719082851;3.748982682712409;5.065162716594351;-0.973397303913414  0.20953384461477464  0.09269982036147262  0.45266798790840546  0.2289647337735146  0.8744845494162856  0.42761188421303264  7.129941526085975  0.00853460146235168  0.4374612449042176  -0.8991967636645111  0.6914247613309779  0.0  0.0  0.0  1.0
36535719082882;4.963661102647681;3.1582150582991426;-0.8922373039848277  0.08908284343803036  -0.44269271552949857  12.586986563687498  -0.014064580405032834  0.9743903361538109  0.22442294978030614  1.4456629443381281  0.4513477383968115  0.20646481495658975  -0.8681344937445031  6.005010862541825  0.0  0.0  0.0  1.0
36535719082913;2.817358654932551;3.407049733936911;-0.8528105218361226  0.43564444881995024  0.28797244322671145  13.360453293533649  0.11643572685296621  0.6961789921593051  -0.7083625712784908  1.7484157573385417  -0.5090745872245257  -0.5705687733204607  -0.6444333476425339  10.159435422690088  0.0  0.0  0.0  1.0
36535719082944;2.334751411184137;1.742798623447336;-0.9536174698595531  0.29616455584347395  0.0538542202682565  7.0086862819431355  0.2823576956672394  0.9420763626139733  -0.18101452621685252  -0.6503772301053079  -0.10434487469996183  -0.1574124609618398  -0.9820048188567033  -0.9075085074150544  0.0  0.0  0.0  1.0
36535719082975;3.599500676289258;4.233057639002191;0.5431867619717144  0.34738350964201675  -0.7643774191114483  -7.6813683045309205  0.8289631907841124  -0.07735467937110485  0.5539280475877861  1.191180930175129  0.1332972990863164  -0.9345271268444745  -0.32998618038958016  4.0486592028534405  0.0  0.0  0.0  1.0
36535719083006;4.488115034885534;1.317064603921864;-0.8524702968719426  0.3256388709425717  -0.4089666473959821  10.129803174824854  -0.5117368645486605  -0.6797080543486741  0.525473445870908  7.643795079812777  -0.10686334457131814  0.657233814243293  0.7460723416681818  3.686443800652466  0.0  0.0  0.0  1.0
36535719083037;2.300426924388642;6.1375162219659884;-0.6475291553319212  -0.759877784516219  -0.057373736098074474  7.4233882864033305  -0.6018043889407465  0.5561070870661308  -0.5732158277354856  11.42427412251465  0.4674799144848726  -0.33664619456269773  -0.8173933381424582  -1.515083485585217  0.0  0.0  0.0  1.0
36535719083068;5.209340635066207;0.0300494484389622;0.5105313712760867  0.8596474208703642  -0.01907958945809035  -3.8317724285405808  -0.8596700307993623  0.5098280967629346  -0.03229163818246761  0.9754810400362679  -0.018032112698800798  0.032888045579122116  0.9992963621316768  7.395881995428541  0.0  0.0  0.0  1.0
36535719083099;3.2857786138404523;0.9196778788858635;-0.9891886512463456  0.1407163757727058  0.04128818032840349  10.524507995200963  -0.11989751950980777  -0.9381456173843487  0.32481900405908304  3.618864553328656  0.08444167845816036  0.3163569221179363  0.9448745423426509  2.2996770655013026  0.0  0.0  0.0  1.0
