# registration_from_features.py RANSAC RANSAC_config.json euclidean True --input_txt=/neural_comparison/point_clouds_registration_benchmark//planetary/p2at_met_global.txt --input_pcd_dir=/neural_comparison/point_clouds_registration_benchmark//planetary/p2at_met/ --input_features_dir=/neural_comparison/experiments/3DFeatNet/feature_extraction_voxelgrid_0.1_npz//planetary/p2at_met/ --output_dir=/root/neural_registration_comparison/results/3DFeatNet/RANSAC_mutual_on/
id;initial_error;final_error;transformation
27844314100030;8.255147930606862;21.90908760924288;-0.686211458308879  -0.7189041344966736  -0.11086333879687282  -57.75725975511032  -0.7095408143244001  0.6279744802003857  0.3196871674386106  -54.579422234184754  -0.16020507886290208  0.29803506105933875  -0.9410151088510149  0.34311881539523054  0.0  0.0  0.0  1.0
27844314100061;18.254613203222405;0.9729727577284466;-0.890062595347895  -0.4527884216774916  -0.05264239315776119  -87.45598117492716  0.455724318940161  -0.8813036389055777  -0.12497696259036836  -124.64505673793559  0.010194188986706876  -0.13522773845108083  0.9907620992268078  -4.046355856142336  0.0  0.0  0.0  1.0
27844314100092;11.393043179182689;27.64631136828474;0.9734256052039947  -0.22798908479390953  -0.021530637428390818  -22.67548582604978  0.22892261161065808  0.9712698346847195  0.06503342313667751  -3.4461129788976876  0.00608514803378362  -0.06823404902505717  0.9976507833541018  -27.34539323833203  0.0  0.0  0.0  1.0
27844314100123;5.730994932441914;18.666035978076536;-0.01829474897186  -0.9983279300459381  -0.05483289387082432  -67.85753078553331  0.9810784929494382  -0.007352316810679904  -0.19347075776347938  35.689372992636876  0.1927441123150488  -0.05733487182952321  0.979572569869214  15.412720142499365  0.0  0.0  0.0  1.0
27844314100154;17.463252642790277;10.639403129351473;1.0  0.0  0.0  -3.2604060000000032  0.0  1.0  0.0  -6.977429999999984  0.0  0.0  1.0  9.7920105  0.0  0.0  0.0  1.0
27844314100185;21.245539471637414;22.33397109762247;-0.22792383807403496  -0.9604306760755977  0.16007385948546293  -52.574150818439875  0.9683864824188911  -0.20648267749137486  0.13997329946943504  5.0727405800354095  -0.10138217153902508  0.18691661335730317  0.9771304083616825  9.276979817548156  0.0  0.0  0.0  1.0
27844314100216;3.735345026853811;5.82524162817129;-0.2398718650354381  -0.9685272342651259  -0.0664566388795499  -90.43251997975386  -0.937003842793689  0.21307082359562293  0.27681152924353175  -66.71467748613463  -0.2539395340514752  0.1286694237922484  -0.9586234361972849  21.17897991805556  0.0  0.0  0.0  1.0
27844314100247;13.271216615726097;21.242283250149484;-0.7439101212711424  -0.568630512676886  0.3510798648786001  -60.44166732018651  -0.5327104002829718  0.8217793018185121  0.20223354947445  11.579331003054094  -0.4035063331605964  -0.036580311036139  -0.9142453280951394  -22.838605949296632  0.0  0.0  0.0  1.0
27844314100278;11.802091711636171;7.698590970544355;0.7273664475554817  0.6861779710776218  0.009891560964613032  78.73150695705127  -0.6511370667860767  0.6946303195394206  -0.30579280474495396  -27.39694112609895  -0.21669926448362073  0.21598266408293046  0.9520466992684221  9.975826721181038  0.0  0.0  0.0  1.0
27844314100309;7.478645140598016;16.68109652117364;-0.05078099708002462  0.9868649355863705  -0.15335869471819252  57.31539720697519  -0.2901235024462265  0.13235791785595014  0.9477920314653275  -56.87151668108604  0.9556409595993116  0.092622786024535  0.27959144451352624  7.36215347990688  0.0  0.0  0.0  1.0
27844314100340;12.12926847078954;27.43461636584935;0.1577408341304959  0.896498155933849  0.41401556209280754  73.11423173767537  0.9704848124241072  -0.06329058163909695  -0.23270911269206873  -79.62266777223856  -0.1824200046649504  0.43850354466411423  -0.880021353840375  4.412121026275411  0.0  0.0  0.0  1.0
27844314100371;7.953713343024883;20.804269523036854;-0.6478008143615802  0.6558550326554262  -0.38756713102767637  28.223625080885473  -0.7388007702594065  -0.6649484069056449  0.10962225147182815  -132.9334283736394  -0.18581584102702758  0.3573482787060758  0.9153003228062491  30.993389305978187  0.0  0.0  0.0  1.0
27844314100402;10.041005189608843;28.976655917256682;0.012672636390542311  -0.9878033693824232  0.15518990857541443  38.06441337290666  0.8966446601941708  -0.05746728517460349  -0.43900554037499484  5.455488078737172  0.4425694946922952  0.14471356042677264  0.8849803544691899  6.7526613854660695  0.0  0.0  0.0  1.0
27844314100433;14.948099495912265;11.471939038035083;0.8751838688942892  0.4836638852372594  0.011065339778890374  40.04865354045351  -0.47913271762272025  0.8696973869554289  -0.11856767698814559  19.5066254471637  -0.06697040040711784  0.09846675195261514  0.992884315632598  11.798247187354882  0.0  0.0  0.0  1.0
27844314100464;4.885279212879443;4.525954601391554;1.0  0.0  0.0  -13.333092999999998  0.0  1.0  0.0  -16.19825  0.0  0.0  1.0  15.806220000000001  0.0  0.0  0.0  1.0
27844314100495;16.561379565347497;3.6775741211756086;-0.5346000602067542  0.8349192482533726  -0.13081523047015062  -32.80039777613756  -0.8092219759655049  -0.5503575720118506  -0.2055877830604359  -26.28024813328174  -0.24364434990661926  -0.0040486819144439235  0.9698561949760061  -15.320226026096243  0.0  0.0  0.0  1.0
27844314100526;4.988304065514908;18.16076707501927;0.8842839533703913  -0.28203377545135433  -0.37215432190999376  -7.240527692663802  0.37302143769373886  0.906081331382795  0.1996788119467804  19.998196084120664  0.2808859142650769  -0.31539430943540614  0.9064378261873428  -7.912249572366509  0.0  0.0  0.0  1.0
27844314100557;9.320673558395054;4.7404802512451925;-0.2826499416821719  0.9009131816313819  -0.329339414024324  -19.278646915234162  -0.9280749295431929  -0.1700633559065048  0.33129349545563763  -22.463624134182975  0.242458111063462  0.39929174063663986  0.8841833351963266  13.060169847112755  0.0  0.0  0.0  1.0
27844314100588;15.87658357879776;1.2484082107779062;0.17734128491763484  -0.9765242722486392  -0.12227188709195409  -22.91530817328308  0.981975383184593  0.183832123960595  -0.04393286946703748  -0.9486734208509802  0.06537901408887722  -0.11227687165842179  0.9915238215027234  12.54312945470727  0.0  0.0  0.0  1.0
27844314100619;9.309459031404598;4.896180195547818;0.9570910703026365  0.19785020109953555  0.2117356395882078  21.61715953766315  0.2598573861806225  -0.9093493225772051  -0.32489682727868124  -132.00567340065197  0.12826075781129984  0.3659769220227578  -0.9217429525374302  14.250463181649797  0.0  0.0  0.0  1.0
27844314100650;9.597631194952498;24.047738853407544;-0.2945878547080352  0.4313841294728298  -0.8527166755127321  13.359111500697416  0.9554888040958934  0.11793143113719405  -0.2704317340796612  -45.752020707428855  -0.016097860290015628  -0.8944271409057877  -0.4469238732772966  -79.94885160091751  0.0  0.0  0.0  1.0
27844314100681;7.297471099283818;4.924281844742074;0.8122366057260663  0.35613302446623246  0.4619967155761309  -1.4273389076390757  0.3537954565751906  0.32893927169824877  -0.8755728013371462  -4.165936540411874  -0.4637892530291651  0.8746246191476427  0.14117827154165566  -7.364928056492134  0.0  0.0  0.0  1.0
27844314100712;8.650942439496344;13.839878156761708;-0.3154368187135869  -0.8499042745918924  -0.4220928066554567  -20.815508997483573  0.9412152214045442  -0.2235493986045394  -0.2532579186914863  -27.024743519467492  0.12088639458701067  -0.4771670466555479  0.870458551103828  -7.261507542987433  0.0  0.0  0.0  1.0
27844314100743;12.733448854215453;15.096812582953103;0.675131393683229  -0.7375399520832681  0.01524533844658954  -2.746184311965804  0.7376483889880054  0.6751807322535963  -0.0024151639483988817  12.634047427232534  -0.00851207887304688  0.012876252347159702  0.9998808662229469  11.590534185394223  0.0  0.0  0.0  1.0
27844314100774;4.598125415447288;1.5187369144648337;0.7061065940282226  0.7056111416300435  0.05938345457624866  53.28905525105845  -0.6938715147696215  0.7062056742901107  -0.14076884098322714  -29.709598908905747  -0.1412649951728088  0.05819331927289233  0.9882599550375546  1.5316851986220907  0.0  0.0  0.0  1.0
27844314100805;11.913189531673748;8.442633307597527;0.6684231821375222  0.6589597994147807  -0.34493830221705013  -15.523248999779685  -0.733576260255287  0.5075111272535994  -0.4519937235224052  -21.278276215242695  -0.12278566679794606  0.5551616327422251  0.8226294679623207  6.567513120409476  0.0  0.0  0.0  1.0
27844314100836;8.640990827250187;6.883986532413382;0.3572000841886057  -0.4293953054560583  -0.8294743947271376  -31.853494746131496  0.4573407958870429  0.8547272381065925  -0.24552137352190495  7.252569224347901  0.8144000836646931  -0.2916522245603057  0.5016886321574028  16.817237378338334  0.0  0.0  0.0  1.0
27844314100867;6.409696051288649;10.089632133396409;0.3592783411218776  0.9157422804451018  -0.17981976922995996  54.951371218580256  0.8924296715553128  -0.28078112273128164  0.35317310549564374  -92.92734312469914  0.2729255483247912  -0.2873639450643821  -0.9181141585601688  -7.072146674129396  0.0  0.0  0.0  1.0
27844314100898;22.51393172662874;35.26695447021111;0.3201019016710059  0.28955473936727044  0.9020492367141375  17.331723465538886  -0.04940715692115717  0.9559548296985967  -0.28932558894936217  10.125835589020053  -0.946093919963327  0.04804598303582916  0.3203090353432869  7.2064412263034345  0.0  0.0  0.0  1.0
27844314100929;11.35647365629622;1.4883955050700517;-0.4955707935440111  0.7822054759234186  0.3775767233577526  -19.680667406773807  0.71510247150406  0.1207035262102738  0.688519508807986  32.24818509527456  0.49298888814550745  0.6112162074060402  -0.6191742113244322  -3.5876408106451456  0.0  0.0  0.0  1.0
27844314100960;8.931838196630506;33.845188749056064;0.39040687758662496  0.47487917343826624  -0.7887155637919484  33.585845496460784  -0.8423295122481648  -0.16151536041821615  -0.5141923581158537  -115.59133731711044  -0.3715689205636427  0.8651026291623223  0.3369480349959124  47.80811657423544  0.0  0.0  0.0  1.0
27844314100991;2.7303992422678602;7.560598461614727;1.0  0.0  0.0  -6.8115207  0.0  1.0  0.0  -3.350785  0.0  0.0  1.0  18.792372  0.0  0.0  0.0  1.0
27844314101022;3.041428379569016;0.6169582467792661;0.4811138087514258  0.748309148584983  -0.45668689621305514  -14.032361434465354  -0.7442884586515208  0.6239219102957442  0.23823547210911364  -10.34341461998483  0.46321074398899603  0.22528841070265224  0.8571353094209999  8.579620392232124  0.0  0.0  0.0  1.0
27844314101053;13.922293305846535;16.59345632155202;0.809061188290324  0.4746453009400077  0.3466003922355221  -12.69680219248663  -0.27875596181378753  0.829084122184418  -0.4846799274727221  -22.40083185806568  -0.517411931980234  0.2955187923588998  0.8030899924710921  -10.035264380356168  0.0  0.0  0.0  1.0
27844314101084;10.548695524568679;1.9112502074849638;-0.367983196222048  -0.9280975182354035  0.05677467695628491  -119.79242775904679  -0.8125133273474453  0.35064302143565707  0.46569471158824327  -86.0042672887168  -0.4521177503493857  0.1252376467511192  -0.8831223424052032  -13.682109388041678  0.0  0.0  0.0  1.0
27844314101115;4.295014706995369;7.628205029865712;0.43555768893027613  -0.656646218500957  0.6157152290971133  -58.91096782869364  0.6682304689302346  0.6941604330771984  0.2675992031814662  -16.151418816627064  -0.6031231549252575  0.29488478576974797  0.7411379244881036  19.281951403911215  0.0  0.0  0.0  1.0
27844314101146;10.908481463882481;7.259909065261026;0.7083848813387055  -0.3543248179150744  0.6104463803645633  -14.688330291383918  -0.6774998783382908  -0.09878263173163293  0.7288593187438667  -121.04040944853995  -0.19795144541616477  -0.9298902704500256  -0.31003114388723796  -104.51801698587845  0.0  0.0  0.0  1.0
27844314101177;7.524206569447689;12.98551537337364;0.927890385277522  0.21527940182172384  0.304424394654588  3.5556782287229467  -0.22555833756232382  0.9742286009220442  -0.0014385762394221483  -15.625646593932629  -0.2968886479231773  -0.06733061931065717  0.9525354158442568  3.324792525034864  0.0  0.0  0.0  1.0
27844314101208;16.92222694472815;12.334205078906825;-0.7486750236070404  0.6621444517992807  0.03241039923277722  48.49488085845641  -0.3924526872161198  -0.40327680358028384  -0.8266490839473033  -129.8871658420504  -0.5342907423153093  -0.6316110707116361  0.5617836398745126  -60.363632785935046  0.0  0.0  0.0  1.0
27844314101239;4.364181244222641;16.60894498767549;-0.508981827093868  0.8514611510565488  0.12629888332699224  79.71927095083484  -0.8599218333352727  -0.5095125950939294  -0.03051812566252006  -149.1178673869345  0.0383658733967035  -0.12414033865793458  0.9915226856085549  -34.685918838198575  0.0  0.0  0.0  1.0
27844314101270;10.750785704410854;9.963518747346937;-0.9359096981284845  0.2686230562216839  -0.22784795503837685  33.59545563889565  0.29215387488135686  0.9533381889971327  -0.07610788915398267  -6.224151508362169  0.19677182303586238  -0.1377967745115551  -0.9707177234363008  -6.441392995038122  0.0  0.0  0.0  1.0
27844314101301;12.136609704346055;1.6332964697739507;-0.6293973267031033  0.6622494133199023  -0.40655223489292547  -10.47216363684948  0.7758122806836905  0.5654249580678278  -0.2800177171794065  11.91648150179493  0.044433211445473735  -0.49165061919155595  -0.8696581847882541  -7.596838644635151  0.0  0.0  0.0  1.0
27844314101332;6.935112362192998;7.285199897741929;-0.22320016629805464  -0.9266187418615962  0.30258782691204306  -75.79254225983154  -0.2678189137332904  -0.24017776284229986  -0.9330528772169282  -96.85787452051746  0.9372591505081405  -0.2892963004721971  -0.19455830828278503  -29.181590828293956  0.0  0.0  0.0  1.0
27844314101363;7.8460839984677655;6.908038611976413;1.0  0.0  0.0  13.530104999999999  0.0  1.0  0.0  0.5143860000000018  0.0  0.0  1.0  0.550493116  0.0  0.0  0.0  1.0
27844314101394;13.188484809554595;4.572727641103208;-0.30551997489506444  0.9439723126509315  -0.12479510362418494  26.61279063548009  -0.946788582829507  -0.31510240764109587  -0.0655885060241345  -106.33354483293886  -0.10123697132872257  0.09811598059050522  0.9900122877969502  -13.674639674950829  0.0  0.0  0.0  1.0
27844314101425;12.438217758874531;17.461319916853114;-0.8041763996954783  -0.4084626242454359  -0.43180852558437444  -50.86531603901225  0.4154888260265185  -0.9057995317334715  0.0830436256345463  -150.6502628726741  -0.4250521775263891  -0.11262989348284494  0.8981342624987194  -1.424258567729742  0.0  0.0  0.0  1.0
27844314101456;13.306910826894018;7.681307128680358;1.0  0.0  0.0  -5.268132  0.0  1.0  0.0  9.235240000000005  0.0  0.0  1.0  16.575536  0.0  0.0  0.0  1.0
27844314101487;11.823132391507976;12.174711927534142;0.264421216117116  -0.8121362281327271  -0.5201116874494291  -2.7588286700579676  -0.5558463433901859  -0.5690584184609676  0.6059763682838316  2.785317888920602  -0.7881092963586366  0.12886917138342033  -0.6018940717934059  -39.215062492284375  0.0  0.0  0.0  1.0
27844314101518;11.362927964176022;1.917404180783007;1.0  0.0  0.0  -11.37945998  0.0  1.0  0.0  -1.9020393000000002  0.0  0.0  1.0  -4.681708199999999  0.0  0.0  0.0  1.0
27844314101549;8.602285781784683;0.16074548197624638;-0.5841137146338844  0.7879415479327077  0.1948314282091434  -38.200915269701966  -0.7981560085300097  -0.6012165421557178  0.038544201713938915  -11.236447630183363  0.1475064555334726  -0.13299167823488442  0.9800791085908427  5.7100685801052125  0.0  0.0  0.0  1.0
27844314101580;8.529179145836824;11.641210039465452;1.0  0.0  0.0  15.324787999999998  0.0  1.0  0.0  13.462285000000001  0.0  0.0  1.0  5.256103599999999  0.0  0.0  0.0  1.0
27844314101611;6.938820905749202;2.3007590818331116;0.15962486237007756  -0.933936776571484  -0.31981557291758006  -7.913544608870529  -0.8353134411054061  -0.30043523198329436  0.46042385525924845  3.412493460680558  -0.5260906370788013  0.19365115220522264  -0.8280868751692726  -19.04839913571017  0.0  0.0  0.0  1.0
27844314101642;12.547466022442515;16.145794825767297;0.622124813061735  0.7829147690278204  -0.002276271296726841  5.236644237676584  0.7828150824768914  -0.6220874997379614  -0.014411430063337116  -43.708238820243764  -0.012698961359104269  0.007183808731218856  -0.9998935589714106  -7.215271452180039  0.0  0.0  0.0  1.0
27844314101673;7.73561147720838;0.12868919369515316;0.015248698428496184  0.9998837278235669  -8.960962089644975e-05  -24.668237274868858  -0.9983928202240114  0.015221069003830884  -0.054590251726156835  -20.51562445596228  -0.05458254044455352  0.000921895887833965  0.9985088364088671  -11.780987284631376  0.0  0.0  0.0  1.0
27844314101704;7.852470163017852;16.739667672184712;0.7219434704486445  -0.6439295837105606  0.25328307621890433  -51.89120649945784  -0.5495900422753057  -0.7560140486173584  -0.355518696730591  -102.25051255494053  0.4204145702855634  0.11746254516029492  -0.899696693100553  -4.3105565656154115  0.0  0.0  0.0  1.0
27844314101735;7.401041146075741;39.294591657221574;-0.33769045098462885  0.013293809287188343  0.9411633407376394  -42.40616102476553  0.05077194350294097  -0.9981872904638398  0.03231629479677568  -140.57412773421157  0.9398868916346967  0.05869759612704601  0.33640336374979074  6.544031517843273  0.0  0.0  0.0  1.0
27844314101766;17.078221026612844;2.4665110810241666;-0.7804222882412115  -0.5637067512578315  -0.2705101672815515  -11.881256776845735  0.6249383408831366  -0.7169678946055806  -0.3088836483193531  -73.76550874603845  -0.019827307194488226  -0.4101118587546355  0.9118196867792628  -28.19221694457052  0.0  0.0  0.0  1.0
27844314101797;5.658008139654423;9.882105612410122;0.7310302668609863  -0.6171418871202186  0.2910852797632525  -48.439801889735115  -0.622515278747272  -0.42851750697535157  0.654864469903381  -100.8814301866658  -0.2794091563627823  -0.6599307822622956  -0.6974395213660558  -30.971742684252163  0.0  0.0  0.0  1.0
27844314101828;12.532088953947076;5.961746710665936;1.0  0.0  0.0  7.747712999999999  0.0  1.0  0.0  8.215536499999999  0.0  0.0  1.0  1.5143215999999997  0.0  0.0  0.0  1.0
27844314101859;13.452993466710405;8.232534439074959;-0.5540065346000221  -0.8301389358052031  -0.06281804582028097  -92.75037525715378  0.8255450221333483  -0.5575455778218006  0.08728313171629082  -76.78221041909497  -0.10748104973121198  -0.0035036996958979954  0.9942009595836838  14.030322827194393  0.0  0.0  0.0  1.0
27844314101890;10.240194569123585;18.535801880180657;-0.9068320177253824  0.42050857660150065  0.028778961633309126  1.0420024254911628  -0.4128911044666889  -0.8725305618199489  -0.2611730356343112  -151.76966940323632  -0.08471497789877126  -0.2487226481339071  0.9648629005329549  -18.04691475431084  0.0  0.0  0.0  1.0
27844314101921;5.39778345406533;26.924586586788422;-0.17217519861728756  -0.9641682544146607  -0.20182982475363687  -23.927641748840834  0.9666841068751926  -0.20477496537860096  0.15358727508848014  -65.31609838620918  -0.18941367029865924  -0.16866176428929897  0.9673032982321581  1.506568948253325  0.0  0.0  0.0  1.0
27844314101952;13.302221500961894;0.6151821084305913;-0.04459279543542051  -0.9971253188247564  0.06125831497750031  5.522113980721102  0.9970822302375782  -0.04822606803443573  -0.05917155149558524  25.164799786595097  0.061955699816170745  0.058440952426922974  0.9963664719066587  7.668929616348741  0.0  0.0  0.0  1.0
27844314101983;10.786030610610256;1.7935929543128417;-0.1974926077882809  0.9752504079632407  0.09941484615748797  -22.061041644349665  -0.9799431888413287  -0.19915469339906355  0.0069824594959729674  4.76005188809501  0.02660857967784403  -0.09604191722710312  0.9950215744509614  8.441183517381837  0.0  0.0  0.0  1.0
27844314102014;18.074211930870813;14.153767538517183;-0.8445379203815415  0.3073912018887859  0.43848186968104985  16.479884461665083  -0.19358671559517135  -0.9387110443911284  0.28521177865437397  -74.86450269873534  0.4992793652682793  0.15598789741350114  0.8522839264457707  -2.6422836792838584  0.0  0.0  0.0  1.0
27844314102045;5.527523174873733;14.67149740653229;0.06601843050933597  -0.9915496425637373  0.11167306373879585  -59.766437605657124  0.9616068911877403  0.03334613720956972  -0.27239717684559417  -51.865577137284134  0.266371458030573  0.125368821741794  0.955682428886155  4.916683186746242  0.0  0.0  0.0  1.0
27844314102076;12.49337546729974;18.22886968838439;-0.5049712830910106  -0.8561198103641728  -0.10983111378581131  -89.2638356945452  0.859004576985802  -0.5109043006411983  0.03298381881728555  -102.88510446037883  -0.08435128908832454  -0.0776895481280542  0.9934028357825424  2.5964842271480353  0.0  0.0  0.0  1.0
27844314102107;8.34390181428472;3.6161528403391023;-0.9905139908409094  -0.1374107403449738  -0.0005677906844760716  -27.35690544463454  0.1374111167493693  -0.990513862656983  -0.0006876612791039127  -8.115718260846084  -0.0004679124985928207  -0.0007591588699457363  0.9999996023677731  -4.414090397620313  0.0  0.0  0.0  1.0
27844314102138;13.875093444885819;21.61210198421346;0.475116818927448  0.8531970287959237  0.21521811825696827  80.02733953745656  0.8589366246018658  -0.5027980520851207  0.09706695491753102  -57.91406103100855  0.19102848816293416  0.1387405812054141  -0.9717299871039111  6.584110867220515  0.0  0.0  0.0  1.0
27844314102169;7.7056993337980995;8.862076229126322;1.0  0.0  0.0  -14.5445143  0.0  1.0  0.0  13.1684323  0.0  0.0  1.0  6.536549699999999  0.0  0.0  0.0  1.0
27844314102200;9.927306225231835;4.456523746102996;0.9294399815324659  -0.225717217479067  -0.2918784994864076  -11.953134085613819  0.3665566780900855  0.6552451653433582  0.6605225015408  11.671971266393111  0.042160674526040325  -0.7209060348115157  0.6917492078028329  1.5144461929840136  0.0  0.0  0.0  1.0
27844314102231;10.287771982386351;8.69797628598755;0.8738044144950775  -0.47125764198041975  0.11992531043932769  3.9032091140716325  0.4827606307094993  0.8110834239386466  -0.3302814751828024  9.430927665928511  0.05837823777642697  0.3464966295464015  0.9362329128305108  12.45471810933498  0.0  0.0  0.0  1.0
27844314102262;8.065900080817094;17.366491379183326;-0.7170550784425784  0.6930119722490409  0.07460844991824145  -17.634913012009235  -0.6936320831084144  -0.7200091432772653  0.021479452502805266  -33.60929773198382  0.06860428384867645  -0.036348864034976974  0.9969815506422259  -2.6486521778297254  0.0  0.0  0.0  1.0
27844314102293;15.344796486985695;24.952461343760884;0.1495615101946676  -0.9886337996354249  0.015315511310856733  -60.41461834883616  -0.9887517288870126  -0.14952510327995447  0.0035017298672427397  -63.80587200899413  -0.001171875093407878  -0.015666962294636773  -0.9998765788842259  -4.804941855956947  0.0  0.0  0.0  1.0
27844314102324;11.120662662609497;3.6298678448308705;0.5391157623812763  0.8120107981604356  -0.2235903808818882  -4.432657636183768  -0.7946522830842812  0.40244363097108204  -0.4544962847810211  -11.012458344132437  -0.27907336623367524  0.42270271771265416  0.862229939573743  2.0171802045018348  0.0  0.0  0.0  1.0
27844314102355;17.81708979026515;5.3466848952866215;0.9895683210734443  -0.13096692722289863  0.06001834637572586  3.8094207039107015  -0.12517769169355136  -0.9878810051451874  -0.09176963100943858  -16.802143049400723  0.07130977093048949  0.08329936162496224  -0.9939698853198295  7.356427670423574  0.0  0.0  0.0  1.0
27844314102386;12.639375851730701;3.307999029507386;1.0  0.0  0.0  -9.015894999999999  0.0  1.0  0.0  -1.650669999999991  0.0  0.0  1.0  7.8975841544  0.0  0.0  0.0  1.0
27844314102417;4.852743056092726;16.20731174195661;-0.3909201648207235  0.8436690109052526  0.36797285874734303  -47.200745877954766  -0.91040942058376  -0.41323751155541694  -0.019734385114045502  10.184936431579747  0.13541089929869482  -0.3427205262041365  0.9296270915100737  -8.606683538384427  0.0  0.0  0.0  1.0
27844314102448;8.862723016525484;20.082585361865053;-0.07547852901200507  0.9949464104966007  -0.06621655305219193  -3.2516550684419734  -0.9887965225413469  -0.06610493956644505  0.13383412858854954  -46.97119758751795  0.12878054460330438  0.07557630055014922  0.988789054412937  17.219655636280027  0.0  0.0  0.0  1.0
27844314102479;8.845892927971892;20.52034704152126;0.6615340649825605  -0.7233520178591605  -0.19782451599013287  -79.21080762445763  -0.6964024349998077  -0.49470525212221383  -0.5198945682049733  -111.12817331477365  0.2782019579262307  0.4816934417051758  -0.8310084830037744  47.63201453789802  0.0  0.0  0.0  1.0
27844314102510;12.811880985162878;7.851827105103295;1.0  0.0  0.0  7.560354  0.0  1.0  0.0  3.455953000000001  0.0  0.0  1.0  -16.772026  0.0  0.0  0.0  1.0
27844314102541;16.755247254223338;13.487155757645633;0.9880436803047731  0.02921402077624038  0.15138106486573788  17.48829615627063  0.1340915419657648  0.3217345086394256  -0.9372867033751152  7.237233895912436  -0.07608642574758567  0.9463791243157431  0.31397039490423995  1.9298870931321108  0.0  0.0  0.0  1.0
27844314102572;6.047632241354357;3.254696478362085;0.8698930831313515  0.46932917084972736  0.15171075541878917  -4.070271581760831  0.48143000413709425  -0.8748084393613581  -0.054178829248174055  26.316563917216335  0.10729014417358917  0.12016789842405051  -0.9869389551292206  -15.295111440579205  0.0  0.0  0.0  1.0
27844314102603;5.000465750138839;11.509011203820819;-0.9699523056463848  -0.2395739420123118  0.042389280247994  -6.973713641087115  0.06207746679042128  -0.07523788623330419  0.995231454784277  -60.617731629054916  -0.23524224299250696  0.9679584633566805  0.08784930465307339  49.97054169076817  0.0  0.0  0.0  1.0
27844314102634;4.837279486815611;11.411152674372234;0.5980486829195825  -0.8013967954143505  -0.010047345806856817  -40.61981166894326  -0.8012171656161128  -0.5981291015913732  0.017106471044010585  -78.80164243131603  -0.019718680996351573  -0.002180396547937731  -0.9998031903783157  20.37430546394323  0.0  0.0  0.0  1.0
27844314102665;12.464679441521291;4.269969459313006;1.0  0.0  0.0  -12.335475999999998  0.0  1.0  0.0  -1.7143699999999953  0.0  0.0  1.0  -5.1208007  0.0  0.0  0.0  1.0
27844314102696;10.865536856965761;4.377022528972718;-0.23060298645281735  -0.9664189675710839  0.11338713224119361  -90.08806782750608  0.7449510570267232  -0.25030985191288324  -0.6183792531045313  -73.5652479902846  0.625995355632779  -0.058132238510061565  0.7776570308124269  16.11777186212079  0.0  0.0  0.0  1.0
27844314102727;12.326628554608499;0.17280010777227003;-0.7839212623610032  -0.6177692440461388  0.06187580729973492  -41.036951533430404  0.6190293039430061  -0.7853663870548336  0.0015358855017797539  -106.94661472354247  0.04764635639971809  0.03950695122506366  0.9980826746952038  7.1106296140471885  0.0  0.0  0.0  1.0
27844314102758;6.140194318079895;23.49099169013431;0.7906635034041188  0.05113033487050975  0.6101122136466001  13.006547371230024  0.09730101282374634  -0.9943357788543853  -0.04276531063276138  -115.23098266019659  0.6044697984913706  0.0931775066530166  -0.7911600438379891  6.196891800798531  0.0  0.0  0.0  1.0
27844314102789;11.79753658561828;18.479796196690835;0.8153588007951715  -0.5705921172286328  0.09805438145440541  2.035914928225605  -0.573147538751518  -0.819448233912369  -0.002547697190838909  21.149092665869297  0.08180418564436048  -0.054122340068083315  -0.9951777969371193  -9.778063478260588  0.0  0.0  0.0  1.0
27844314102820;13.718009914125455;5.684944534676337;-0.1812558882580757  0.8924336319203309  -0.41316887054721757  -7.490243539222368  -0.8393280192673076  0.07856906340274078  0.5379176315653117  -14.240228621221725  0.5125180767978768  0.44428494785835765  0.734803447230552  -1.6376413026352108  0.0  0.0  0.0  1.0
27844314102851;14.126286162245718;2.6585832324965155;0.029598217476441552  -0.9498416875514367  0.3113273423772095  -19.332973978546242  0.9842694163304497  -0.026577999744587764  -0.17466346500081922  13.321696452338964  0.17417709837614412  0.3115997087916092  0.9341134619960529  -11.254259559028359  0.0  0.0  0.0  1.0
27844314102882;16.65338049572903;26.815383084782116;-0.542070719896998  -0.7893784024346955  0.2881684791922918  -161.64059942473284  -0.14225827170348604  -0.251770566506065  -0.9572743420635241  -107.64111186017874  0.8282040320852634  -0.559904741550617  0.024181844984399015  -30.208718531179684  0.0  0.0  0.0  1.0
27844314102913;3.6628597101339557;12.220707116103588;0.7200398953762405  0.6045700605227313  0.34064290831619254  14.251126148538043  0.6152868546093272  -0.7832104897695158  0.08946180894636718  27.764584457621055  0.32088103030801557  0.14517703204893206  -0.9359268100412176  0.4568303192427776  0.0  0.0  0.0  1.0
27844314102944;9.703443455187617;0.2169313625820155;0.6003830222935054  -0.798633414580419  0.04153186315754516  -18.587853677331886  0.7992764588005918  0.5975309261431601  -0.06413996187778134  17.0734002517962  0.026407744108531354  0.07170398467392607  0.9970763108373298  4.3204165382661905  0.0  0.0  0.0  1.0
27844314102975;6.1736923351409825;21.973384583510217;0.2870788596160861  0.5442635346132818  -0.7882657757709538  50.75876271356996  -0.3757800450717623  0.8209284774858469  0.42996022208878015  -25.229864914175863  0.8811214933750006  0.17278205851021067  0.4401945867109027  28.928398476911774  0.0  0.0  0.0  1.0
27844314103006;8.779326562990162;7.178776783569019;1.0  0.0  0.0  -3.9900345  0.0  1.0  0.0  -2.940013999999998  0.0  0.0  1.0  -12.55691572  0.0  0.0  0.0  1.0
27844314103037;4.983612374719573;3.4991057346258185;-0.5033380225067166  -0.8542763511602108  0.12985665538363647  1.0333206145383889  0.8595333249617257  -0.5104103069585507  -0.02614922237311629  25.092497640749755  0.08861883760955534  0.09845422489093328  0.9911879071204697  0.30068579398314355  0.0  0.0  0.0  1.0
27844314103068;8.080951485631328;21.721712831193845;-0.9342214930548859  0.21454777183934154  0.2849551815866377  -19.919842015694158  0.26063799711458707  0.9559914542366329  0.1347151583401964  -9.133307374044634  -0.2435118813824004  0.20012394415786838  -0.9490270652622625  9.74728839940574  0.0  0.0  0.0  1.0
27844314103099;5.35424278701302;13.41980569782689;1.0  0.0  0.0  -18.3147387  0.0  1.0  0.0  15.65786  0.0  0.0  1.0  1.6088612999999996  0.0  0.0  0.0  1.0
