# registration_from_features.py RANSAC RANSAC_config.json euclidean True --input_txt=/neural_comparison/point_clouds_registration_benchmark//eth/plain_global.txt --input_pcd_dir=/neural_comparison/point_clouds_registration_benchmark//eth/plain/ --input_features_dir=/neural_comparison/experiments/3DFeatNet/feature_extraction_voxelgrid_0.1_npz//eth/plain/ --output_dir=/root/neural_registration_comparison/results/3DFeatNet/RANSAC_mutual_on/
id;initial_error;final_error;transformation
4215528470030;7.9427285406441825;9.225317308209993;0.611675754992862  0.79033168860192  0.03505128735937514  0.916448468298074  0.791071916213872  -0.6106202611814776  -0.0367167538376774  6.218682699157315  -0.0076153878183839365  0.050186837181692374  -0.9987108126189856  -6.308624892938788  0.0  0.0  0.0  1.0
4215528470061;8.5731783167614;0.08666233104288416;0.606782017036554  0.7858624375888756  0.11931392621116368  -0.5593585096924043  -0.7879154930257943  0.614470044544912  -0.0401962710570703  12.48221534504732  -0.10490357310869453  -0.06961891656615488  0.9920425630007934  7.383442683671666  0.0  0.0  0.0  1.0
4215528470092;7.21989676751356;6.912748771738702;0.26007204246064375  -0.2833942749800292  -0.9230656626908469  11.39208138326886  0.36611655402237614  0.9135203627241588  -0.17731107060502874  -8.194992096298062  0.8934882212996035  -0.29183596727762073  0.3413364419484183  1.1148038161276468  0.0  0.0  0.0  1.0
4215528470123;3.699125908164359;19.360314071967878;0.5510780437553942  0.8343803317221995  -0.011065790793244448  3.9081380821071328  -0.8340744714005386  0.551178918622615  0.02283803458961893  25.736010762179134  0.025154837479893874  -0.0033558458183609204  0.9996779343619642  -0.9314809889671465  0.0  0.0  0.0  1.0
4215528470154;6.304867582126328;3.57356714656901;-0.5128894311260678  0.8251387456524973  -0.23683429198957273  6.514722233660052  0.8534767688772699  0.46045875374817924  -0.2440392203796127  5.465230451048118  -0.09231379325969591  -0.32729770319954493  -0.9404011787818586  -0.7179972928814162  0.0  0.0  0.0  1.0
4215528470185;10.45878331764484;7.748177755011143;-0.9597646155349026  -0.26021927104937403  -0.10553584102887908  24.566654691055227  0.2673668426330949  -0.9617126033576764  -0.06019833887583595  0.17290865409058442  -0.08583038056277197  -0.08599302016752611  0.9925917319094076  4.431149008917959  0.0  0.0  0.0  1.0
4215528470216;5.914600834043442;18.596668093452443;-0.18713040816288118  -0.9820275610209279  -0.02457803360892083  4.371327956514424  -0.9817912399632633  0.18780069148641426  -0.02858078740382211  26.123260309805417  0.03268289265336477  0.018782163680267416  -0.9992892768639603  11.021836940233959  0.0  0.0  0.0  1.0
4215528470247;6.661053221913973;8.950093355120861;1.0  0.0  0.0  1.1330790000000022  0.0  1.0  0.0  3.531259399999999  0.0  0.0  1.0  -2.6425066999999993  0.0  0.0  0.0  1.0
4215528470278;5.936222330533173;14.681126392463325;0.8817278198268268  -0.451412900054613  0.1370490620460957  -1.8511779419234315  -0.10485582565744603  -0.47076620302283423  -0.8760048161495226  15.741926624514717  0.45995794108714544  0.758027424144897  -0.46242093018712566  -4.981185658013347  0.0  0.0  0.0  1.0
4215528470309;13.3828056546087;14.386895486078055;-0.5393487690931614  0.7602573047963395  0.362093545622534  11.37271480631051  -0.8300358825729364  -0.40750103466494  -0.38076677952307036  23.518780499155554  -0.1419272310695122  -0.5059167295620989  0.8508260244198762  12.087725106750433  0.0  0.0  0.0  1.0
4215528470340;6.643852363898183;5.187348695934402;1.0  0.0  0.0  -1.1904900000000005  0.0  1.0  0.0  -0.06310410000000011  0.0  0.0  1.0  -0.4771886999999999  0.0  0.0  0.0  1.0
4215528470371;8.616592423121881;3.1765430741938268;1.0  0.0  0.0  -3.209203999999999  0.0  1.0  0.0  -2.1070192  0.0  0.0  1.0  -5.558652133  0.0  0.0  0.0  1.0
4215528470402;8.051064745866395;6.181631320702985;-0.4114765294477897  -0.6637016464344223  -0.6246496539932119  19.612917262879307  -0.3294085396875199  0.7473262341556125  -0.5770559017319953  -0.46207755738778733  0.8498100256495791  -0.03168002940382769  -0.5261361953358035  -8.605415887920024  0.0  0.0  0.0  1.0
4215528470433;3.035557231842426;16.38630512012489;0.8523133391160161  -0.4985443197817999  -0.15816299560330124  17.616886021045005  -0.3783172962796615  -0.7964393798913829  0.47176300988300957  17.388836022904886  -0.36116200700039625  -0.342254109356677  -0.8674238464141468  13.51580629052311  0.0  0.0  0.0  1.0
4215528470464;11.371431429449434;12.651520956761305;-0.20553877624815045  -0.9785558624831124  -0.013499461409437495  32.10981842243179  -0.9762128543863241  0.20598030836633313  -0.06767994899685217  24.499162405340805  0.06900923408732312  -0.000732506138165234  -0.997615752203943  14.46250914648087  0.0  0.0  0.0  1.0
4215528470495;6.926527848736154;0.9957132654184193;-0.7176834462487641  0.6240740877104164  -0.3089692606537256  10.158846453583617  -0.6916224218687992  -0.6905088753536808  0.21179215902892132  13.610561666888781  -0.08117201826266923  0.3656897949166845  0.9271904212970267  1.2980430869741015  0.0  0.0  0.0  1.0
4215528470526;13.514784535064075;6.1885673731787545;0.9998407453054656  -0.015458867520405723  0.00891669456681346  1.529007055308245  -0.015399861331354523  -0.9998593101131817  -0.006648627750726166  13.994885813472692  0.009018220333655028  0.00651025306568169  -0.999938142240326  13.706350824384344  0.0  0.0  0.0  1.0
4215528470557;10.446360986706342;24.862083348263425;-0.14658520438692973  -0.8631527489210247  0.4831977958196005  35.76610502672469  0.7822291850371162  -0.4001461851111068  -0.4774940131741934  2.130410466080942  0.6055000247159456  0.30797786052102255  0.7338387816802013  14.01560046187091  0.0  0.0  0.0  1.0
4215528470588;3.580277951137834;8.00481672099478;1.0  0.0  0.0  6.512425  0.0  1.0  0.0  4.585126699999999  0.0  0.0  1.0  2.6030326000000006  0.0  0.0  0.0  1.0
4215528470619;3.9070449392142814;3.395297652578383;0.8945870917217151  -0.03109976823352424  -0.44581020596292387  4.241597926415752  -0.1276638028987987  0.938220492800697  -0.3216275179741841  1.2773150311834418  0.4282708124006354  0.34463765218652254  0.8353496273663267  -3.7236282405107937  0.0  0.0  0.0  1.0
4215528470650;5.1845358049870764;11.79037015539187;0.238097133294858  -0.9428019763318567  0.23331135536342015  20.617793278166452  -0.8899422391130942  -0.3079883770180325  -0.336371774476056  20.67627518811552  0.3889891594365363  -0.1275444747785795  -0.9123704515131523  0.5323026633663748  0.0  0.0  0.0  1.0
4215528470681;3.380804448922173;6.600574158262449;1.0  0.0  0.0  1.2164070000000002  0.0  1.0  0.0  -8.484199400000001  0.0  0.0  1.0  1.7372796000000001  0.0  0.0  0.0  1.0
4215528470712;10.187008660188404;5.925932158438903;0.9182781338115297  -0.07514714478361653  0.3887392128335971  -4.145450419766512  0.253473819636611  0.8658297682736176  -0.4313813105943283  -0.594111510706357  -0.3041649087624036  0.49466323797319295  0.8141203776318553  -4.8571263128022855  0.0  0.0  0.0  1.0
4215528470743;11.416465271917176;12.522602698345205;0.9083035730479952  0.34228786698940966  -0.24046545552341886  -2.189076104185407  0.3960909784049104  -0.5188853581612846  0.7575420264989103  -0.2481359419779965  0.13452344039046127  -0.7833243269538328  -0.6068825609521487  9.233823112604796  0.0  0.0  0.0  1.0
4215528470774;8.6384432610346;2.8730134118584085;-0.26639284010784864  -0.9638378969636894  -0.0071668065333623104  17.772225199137345  0.962792208580967  -0.2657384734575032  -0.04913478218390144  -2.7464013226596373  0.045453468900159555  -0.01998929966477843  0.9987664442019736  -6.152113462145027  0.0  0.0  0.0  1.0
4215528470805;4.364926864890053;5.658078787754692;0.28161556899697776  0.9464948970198355  0.15760736408530868  13.826379142814423  0.958236876661949  -0.2859328950475204  0.0049464871268497775  -14.885746913520011  0.04974695471745854  0.14963218051326485  -0.9874894688305211  7.117615869216252  0.0  0.0  0.0  1.0
4215528470836;7.998596834151955;12.36622651730771;-0.8395439221551445  -0.49202964017310513  -0.23037542395724556  11.804164036634898  -0.45145030988267937  0.3958890524856758  0.7996652273475607  15.409162592550949  -0.3022558857643449  0.775357137913309  -0.55449318138972  -3.7248620845980938  0.0  0.0  0.0  1.0
4215528470867;4.496746515697113;7.408697819340438;-0.08598062504837566  -0.9788080156295902  -0.18585532183812828  23.79697141286725  0.9901067079754796  -0.06318398526610716  -0.12528563695751502  -21.10495089806072  0.11088750578062667  -0.19478873824006357  0.9745569806412531  1.6402844128997511  0.0  0.0  0.0  1.0
4215528470898;3.0735426127890535;3.599738354907326;-0.6730237310652439  0.5874186188096542  0.44942009712381104  8.399216670443579  0.7215708778047228  0.38805960547298674  0.5733630707538384  -3.1860006651923545  0.16240235751718435  0.710175407118486  -0.6850374919644566  1.0369336126345043  0.0  0.0  0.0  1.0
4215528470929;7.751781789465057;8.65955865295509;-0.20185049105472344  0.4315734049186627  0.8792046265960378  15.94425529618177  0.8570963504175223  0.5122469586721605  -0.05467082798060681  2.8964437298780856  -0.47396437140562614  0.742527743251411  -0.473297290442314  -1.9672105479174755  0.0  0.0  0.0  1.0
4215528470960;7.051327912203398;9.509804238212006;0.2627295830805031  0.8698367167051818  0.4175610763060829  0.6129144713640233  0.9645547542639683  -0.22572228268629194  -0.13668788214639155  6.192980237869606  -0.024643299314848103  0.4386724716350902  -0.8983090617534922  5.578377880566392  0.0  0.0  0.0  1.0
4215528470991;7.811575106800094;17.984137143774184;0.10979025244606844  -0.9566959285641453  0.269590431463388  24.11737453386283  0.9796880838446937  0.05836828158605589  -0.19184473429678212  0.17035349212224382  0.16780154600164038  0.28517721503212345  0.943671869447204  -0.00475455645382139  0.0  0.0  0.0  1.0
4215528471022;6.397326685010671;15.248392623289382;0.5595534796395543  0.8265436410576752  -0.061036979368153776  4.747293916800714  -0.8287870992383187  0.558335043537132  -0.03706647129850085  21.94099612504452  0.0034420283846704827  0.07132733406983705  0.9974470230819723  4.753925186861835  0.0  0.0  0.0  1.0
4215528471053;4.989390319330123;4.631065807930438;0.012474817428346094  0.9940558596757401  -0.10815418056854881  9.656729818606408  0.9989497790768272  -0.017158572053441283  -0.04248437698077866  -11.216825031092334  -0.0440876151825825  -0.10751060993879485  -0.993225931466804  7.12733952579807  0.0  0.0  0.0  1.0
4215528471084;7.283065117516562;13.413991490091194;1.0  0.0  0.0  4.184737599999999  0.0  1.0  0.0  -9.146302  0.0  0.0  1.0  7.631403000000001  0.0  0.0  0.0  1.0
4215528471115;13.751336068378958;13.182520084577062;1.0  0.0  0.0  6.267864000000003  0.0  1.0  0.0  8.7935571  0.0  0.0  1.0  9.874182  0.0  0.0  0.0  1.0
4215528471146;11.525962444638278;26.01655876905462;0.518049921157252  -0.1166317677018664  0.8473613809654669  16.144798410022872  0.0027372453377478706  -0.9904288369165464  -0.13799719740668023  14.546996378070933  0.8553460040690704  0.07380887322588778  -0.5127723311141105  -5.523411734270175  0.0  0.0  0.0  1.0
4215528471177;6.697705102568167;12.165156059013084;0.9015571828369895  -0.3968637810383996  -0.17231884799677724  -2.7733546062424015  -0.16165807812339675  0.060446445129930415  -0.9849938543202208  2.8480420108730025  0.4013244471153994  0.9158850182042829  -0.009660309335601525  -13.372974967374907  0.0  0.0  0.0  1.0
4215528471208;6.121585792418238;8.982315123884982;0.4852796300598078  0.789034405999467  -0.3767338407922552  4.092693481103904  0.83455913955359  -0.2894738625026933  0.46873865374571283  -6.565612169415898  0.2607963251976295  -0.5418759904967555  -0.7989716438563838  -0.5439645623752778  0.0  0.0  0.0  1.0
4215528471239;7.5967337800512365;12.200316557337429;-0.7792681359907845  0.5327736913897554  0.32998994832022066  17.583642975859096  0.5805498876172692  0.4154044806728548  0.7002863310278817  -0.8002509411581453  0.2360148305022894  0.7372864512520556  -0.6330131819979155  -5.3611837340670085  0.0  0.0  0.0  1.0
4215528471270;4.659737430181631;18.282870810734977;-0.5249415611285212  0.8257895027137089  -0.20617481564875215  22.541497838077472  -0.7582482829564723  -0.34368389423938417  0.554022492534386  20.085369758647715  0.3866469950659297  0.4471611320858483  0.8065674324929004  1.140904230909452  0.0  0.0  0.0  1.0
4215528471301;12.269791784026703;5.512118462691916;0.8575307519943853  0.2788450898122188  -0.4323036262530757  10.304494909693803  -0.4547432882314087  0.8037862172082397  -0.3835834444218806  14.039684908152747  0.24051933642106488  0.5255217720643774  0.8160743323336952  2.858775003984758  0.0  0.0  0.0  1.0
4215528471332;10.27674754914434;13.220179287552005;0.908410109327253  0.33305299960827883  0.2527187621130963  1.1800441514236901  -0.2783192627833541  0.9328136543637324  -0.22890407203959812  4.5143874627461225  -0.3119766998283341  0.13760227354410587  0.9400724190612737  9.140258738649749  0.0  0.0  0.0  1.0
4215528471363;7.251183878607266;8.884543133284721;0.6263423412728474  -0.5704110423150313  0.5313440639867241  9.47042155810746  -0.7617948090305394  -0.3032329077076439  0.5724670057018936  22.561301882474048  -0.16542049589749128  -0.7633354744070577  -0.6244637804138691  7.02092797006414  0.0  0.0  0.0  1.0
4215528471394;7.752494131188369;3.83498347979469;0.8138153801498254  -0.021912111621429697  0.5807102430609309  5.086259538125159  -0.2637750952769535  0.8764876321053365  0.40273084048532304  -1.8052256118969716  -0.5178100290098961  -0.4809254517393216  0.7075192461877627  6.843507293208145  0.0  0.0  0.0  1.0
4215528471425;6.845520635125362;18.35507657253369;0.7441890138715683  -0.6669889568545473  -0.03617240753592868  17.074704617518048  0.6677708147862688  0.74419581981349  0.015959971547901408  -1.9855450694228605  0.01627422970666509  -0.0360321135406991  0.9992181124465493  -1.3369957803916015  0.0  0.0  0.0  1.0
4215528471456;8.696136189115853;16.109376696868623;0.6859641531129266  -0.7011177110290155  0.194646181379186  7.814521225099034  0.7262513194901347  0.6432167028298528  -0.24255163190449014  0.4437596795217509  0.044857569962087  0.30774377082587184  0.9504112635774947  0.8584494493505845  0.0  0.0  0.0  1.0
4215528471487;4.397592397978111;1.5060843241509818;-0.4056401271526987  0.9062263904434134  -0.1192049349122955  24.502383295868974  -0.9048209797067841  -0.41659145450525903  -0.08803723482508853  17.90114509041449  -0.12944142275947706  0.07214769086460579  0.9889588610133931  0.6313534388667885  0.0  0.0  0.0  1.0
4215528471518;4.316883413942118;18.697685463904854;-0.488099865382045  -0.8558265428051668  -0.17122923244640595  23.243183852302778  -0.5418465470773411  0.45093537416628765  -0.7092669509753524  11.924055428743921  0.6842228005806239  -0.25341313493121453  -0.6838281525426851  -15.725383281638832  0.0  0.0  0.0  1.0
4215528471549;1.9026528424683027;7.962331124901674;-0.8688718074322208  -0.3713712829179301  -0.32733034151046375  10.156255655356276  0.4640697501588035  -0.8412382552685138  -0.2774120849212105  -3.5551086680510444  -0.17233992351458155  -0.3929396494331896  0.9032703818161594  -1.4744220041341518  0.0  0.0  0.0  1.0
4215528471580;8.32112714146523;0.6765894870961029;-0.5798783873976817  0.8147012602144206  0.0017065855088849585  21.913723564347276  -0.8146734653783841  -0.5798739102747111  0.007307050779246732  17.370476989915122  0.006942667890558335  0.0028468908920147307  0.9999718468911061  -3.2981688472811506  0.0  0.0  0.0  1.0
4215528471611;14.49435390175508;10.4652907419053;-0.03808142238162671  0.976427763357532  -0.21245853292819147  18.50737001894042  -0.32845109538087003  0.18856878851313766  0.9255061803909225  14.246422785599329  0.9437529778562286  0.10502682963554988  0.313527800751714  -13.50892822805603  0.0  0.0  0.0  1.0
4215528471642;10.551955767567739;5.100654425130122;1.0  0.0  0.0  -2.357633  0.0  1.0  0.0  -3.2287170000000014  0.0  0.0  1.0  3.8198417  0.0  0.0  0.0  1.0
4215528471673;5.301269378770812;8.674698909990582;-0.9627834464747201  0.26072925700511373  -0.07119192184385216  29.650806352389225  0.26690962096221993  0.9586531855804902  -0.0987082773336802  -6.386308278026885  0.04251222685374102  -0.11403650432181767  -0.9925665651481497  7.149731344640654  0.0  0.0  0.0  1.0
4215528471704;14.231622672185328;9.836552062101104;-0.5589838756659973  0.7673347992671259  0.3142201975989142  36.33395141166915  0.8269447054088594  0.5436965136249511  0.14337557416913213  -9.496285012462987  -0.06082335852019295  0.3399873628618467  -0.9384610339020854  14.168957413007025  0.0  0.0  0.0  1.0
4215528471735;9.260585039119485;8.225492545580439;-0.42939188903746034  -0.13342763921193856  -0.8932075182862994  24.730355458813456  0.8992961896296641  0.027724720418774357  -0.4364604256920297  5.628550327731483  0.08299981292996018  -0.9906706844214324  0.10808619746092496  2.8074117051148533  0.0  0.0  0.0  1.0
4215528471766;10.023762998931376;1.9359529151686492;-0.1143635183747324  -0.9889821275008848  0.09399647412948686  2.2776725960837236  0.9802522780420218  -0.09697407956299765  0.17234122921209422  0.5358826311822398  -0.1613271739614206  0.11184980722706886  0.9805422803555637  -2.545835279866877  0.0  0.0  0.0  1.0
4215528471797;16.49642327605817;6.678021163623903;-0.6681138761273933  0.743213468892858  -0.0354624897923943  24.487473789528643  -0.7341743706945347  -0.6662319103786962  -0.13085501522080745  11.091351292953238  -0.1208794521054559  -0.061390400303290224  0.9907670648589842  -4.711785396735192  0.0  0.0  0.0  1.0
4215528471828;6.120378490255965;9.504862252317814;-0.5273883309548284  0.8494848923063754  0.015393703774811834  18.683848166189083  0.8491459976068989  0.5263969744300727  0.04309640424734351  -1.736952123923956  0.02850654522851287  0.03580004265488873  -0.9989523180938334  -3.2249859849290736  0.0  0.0  0.0  1.0
4215528471859;3.3560635566366703;8.967372023222287;0.6483410953758998  0.7116497858524984  0.27057052009203086  6.05990363411439  0.49260506936505305  -0.6630739453086898  0.5636250426379406  -3.5054483575631514  0.5805119031360426  -0.23213686770709724  -0.7804603801401502  2.4887523934631712  0.0  0.0  0.0  1.0
4215528471890;6.397138347400414;10.990758789292558;-0.8661591348463962  -0.4990316904359779  -0.027124252298495202  15.33140232262615  0.49661012268124877  -0.8655089372676762  0.06536562980873108  8.85442983152195  -0.05609580352091437  0.043146859102227486  0.9974926613148366  -2.39454320064748  0.0  0.0  0.0  1.0
4215528471921;4.826841366204702;22.267595737694563;0.7940921426633782  -0.13990987130208898  -0.5914751870302912  17.162074732518736  -0.34870695629549825  0.6921818831841791  -0.6318921579057087  22.881918839572524  0.4978163593047285  0.7080321097971733  0.5008686493530505  -5.378729709452079  0.0  0.0  0.0  1.0
4215528471952;10.627445185868936;5.5396373891665895;-0.632485258995375  -0.7612974101094252  -0.1427888318960377  24.186820332905036  -0.7174045633557317  0.6452712470005738  -0.26259419313971233  10.008790419941715  0.2920498067623488  -0.06364959666020062  -0.954282787864828  9.174273622740316  0.0  0.0  0.0  1.0
4215528471983;2.5890048286559675;9.105911672443392;0.5793429983099093  -0.7998926586360768  0.15663149418106395  -1.9018817015215692  -0.8143492836167406  -0.5761896678087569  0.06957521816951515  14.24096984626943  0.03459674236377796  -0.16786066058056215  -0.9852034632740951  3.2463859430490154  0.0  0.0  0.0  1.0
4215528472014;9.471090222260203;3.8391123729990055;0.6135280250267189  0.7835981392860084  0.09776153954556477  0.4558384465502634  -0.7795644719936147  0.6207601723459297  -0.08328290601539157  2.20462588461272  -0.12594680032510086  -0.02511502611101213  0.9917190322623202  -7.965514309933457  0.0  0.0  0.0  1.0
4215528472045;3.9958979372442767;2.836122998954723;-0.5509467024248339  0.2893536778220208  0.7827721125704923  8.11894431241101  0.31380484343717274  0.9409610322829135  -0.12696005655498496  2.629875290842352  -0.7732944143872841  0.1756894557335289  -0.6092199634134483  2.3938912658067286  0.0  0.0  0.0  1.0
4215528472076;8.69484171943448;8.870643895927799;-0.5543032142792432  -0.6147855470626513  -0.5610585332766764  10.777567752601454  -0.7542381717743292  0.08597614639711924  0.6509476803009732  -3.918163619381457  -0.35195557514864917  0.783994153915434  -0.5113515813490811  7.33026476138215  0.0  0.0  0.0  1.0
4215528472107;10.315265354533507;18.501505981521415;-0.9685871569773874  0.24829386823905517  0.013750430296910532  26.3735959898197  0.1565901737363286  0.5660307720768836  0.8093754892207168  5.727895863829714  0.19317980439913982  0.786103886300618  -0.5871305162528826  -5.074857016478245  0.0  0.0  0.0  1.0
4215528472138;6.670306263270432;7.166830923266071;0.5772613317113118  -0.7573526817609197  0.30526426312365024  5.0970592450566485  -0.7921513049172384  -0.6101222228386282  -0.015722064634359278  13.726491259104233  0.19815565858384795  -0.2327397444099173  -0.9521378820019756  -5.725954000898797  0.0  0.0  0.0  1.0
4215528472169;13.267182160692693;9.520334530871487;-0.742509397119335  -0.5659952304963414  -0.35823064392214554  25.496743071993336  0.6610153540553334  -0.7056445376486765  -0.2551950003226705  -5.164438691647362  -0.10834434407288625  -0.42628064176312164  0.8980792379102397  -5.269279458422551  0.0  0.0  0.0  1.0
4215528472200;8.200847505154186;4.503820203620679;0.018737775537930768  -0.6774309959450273  0.7353476330966316  7.379785645991688  -0.9761598661402144  0.14667396196987292  0.15999582687426064  2.846851517230994  -0.21624248311793004  -0.7208148129811073  -0.6585326065442798  10.003186201801968  0.0  0.0  0.0  1.0
4215528472231;10.278644612899345;7.989008797774576;-0.8370667146506898  0.5351636172680972  -0.11366273785382125  21.596369464233867  0.5339170134294189  0.8444051666710705  0.04373256532392744  -4.488424468333628  0.11938148095291248  -0.024079394754176586  -0.992556418927288  8.462661003630526  0.0  0.0  0.0  1.0
4215528472262;4.061839555975304;1.9227244736880071;0.3118624007422135  -0.9501147030522922  -0.00488815375750324  12.118257782632325  -0.949529139919325  -0.3114794244155412  -0.03708073097755163  17.64279062730641  0.03370838838285667  0.016205530217090897  -0.9993003178939819  4.890581299528876  0.0  0.0  0.0  1.0
4215528472293;4.76530520571006;18.62596369155396;-0.8605569946978123  -0.4691981569855685  -0.19822903005870318  38.7809152293722  0.4600471326463951  -0.8830212454433163  0.09289841677641264  1.4053885459040156  -0.21862821094382673  -0.011250314532487996  0.9757433759972041  1.1560123424384372  0.0  0.0  0.0  1.0
4215528472324;7.620481991712362;1.5645324582758704;-0.43602753614577067  0.8912324699037566  -0.12483858502842285  7.131245045243558  -0.8956796912500025  -0.4162994152485299  0.1563735512995509  11.409689085048718  0.08739495640453404  0.1799985595858524  0.9797768318051148  -7.883360836315997  0.0  0.0  0.0  1.0
4215528472355;4.274579483987271;5.0211402216154655;-0.4824970418715968  -0.8506713490412355  0.20869801270142216  12.269464397966122  -0.5420685922145473  0.4771612629678354  0.6917215989525549  6.378739781771826  -0.6880103530614184  0.22062498735026514  -0.6913511184897281  6.67252606043431  0.0  0.0  0.0  1.0
4215528472386;6.98607721477994;6.053727933574757;0.37649908647142644  -0.926227987855918  0.018712359513406607  9.732997433350018  0.926241444286837  0.37674414257042305  0.011859086149907189  -7.783940330731541  -0.018033989342786327  0.012867227799886277  0.9997545747217816  7.736571449292426  0.0  0.0  0.0  1.0
4215528472417;3.9350110134314358;5.841608796525544;-0.98873891970643  -0.03947995745329469  -0.1443491656271298  1.586266721110979  -0.068921645787053  0.9763193957301608  0.20506156212976287  5.845680747708575  0.132835068411043  0.21270112947650427  -0.9680460082659571  -6.790218420358607  0.0  0.0  0.0  1.0
4215528472448;8.44720383204338;4.619788046690235;0.9678370732072804  -0.10880047389548073  0.22683442553035132  -2.6336127096471422  -0.11489459029606439  -0.9932818669452262  0.013797315626791148  8.242698871120972  0.22380936719955494  -0.03941560196070346  -0.97383560084637  5.072258271087389  0.0  0.0  0.0  1.0
4215528472479;4.6646235313045;11.673765267060226;0.7758499292093077  -0.6308433679775501  0.009671216296464523  8.74479133318169  -0.6302619723238841  -0.7756513419055214  -0.03368741667998759  11.413679848629032  0.028752975295077726  0.02004097998863219  -0.9993856240374762  1.2251500216735742  0.0  0.0  0.0  1.0
4215528472510;4.403148072732226;0.20899345592990726;-0.9972429029773227  0.07386900541380131  0.007068415702178477  9.405888776414958  -0.07358539447769027  -0.9966981939823026  0.0343205453333697  5.282563853966668  0.009580301713712824  0.033705788102237275  0.9993858802622151  -3.661269158771047  0.0  0.0  0.0  1.0
4215528472541;10.318454924319978;4.50021010303599;-0.5505149369994822  0.8340708666243741  -0.035483708781954476  16.41824541824033  -0.831023644954806  -0.5515644809428355  -0.07194668087055844  19.980043611284415  -0.0795801838806994  -0.010119921478282664  0.9967770972101977  6.797536861379156  0.0  0.0  0.0  1.0
4215528472572;7.24244761931414;5.666764453431072;0.26756287939850587  -0.9056677354934592  -0.3289012898334845  7.926872168373504  -0.6632869219921984  -0.42071782564086774  0.6189078851510419  8.593693766625625  -0.6988995383330104  0.052559148339463305  -0.7132860374658504  1.9614806944248948  0.0  0.0  0.0  1.0
4215528472603;5.1560174420135;8.193914728069164;0.5324587025395063  0.7175975168987437  -0.44893377443750315  9.252592889091783  -0.7549741320846175  0.6424404989279288  0.1314696361153887  7.228154521634514  0.38275552245921207  0.2689312348500844  0.8838405970247035  -7.64369079801101  0.0  0.0  0.0  1.0
4215528472634;2.054122432201142;10.285764260243752;0.7222196174215202  0.6346735602668621  -0.2749332575548077  7.923288417883929  -0.5713898588374872  0.7714649506281345  0.2799204515036471  0.20485319759874532  0.3897594815128792  -0.04506996616945114  0.9198131575055314  9.327481743019556  0.0  0.0  0.0  1.0
4215528472665;3.1616134532515607;2.188178467038856;-0.06369572013179822  -0.8081609208753426  0.5855072853575866  -1.5526815635997764  -0.07804833956680027  0.5889356876073263  0.8044023946715672  2.7133605220692214  -0.9949127157332734  0.005539118377924064  -0.10058830071056113  3.8294462364633697  0.0  0.0  0.0  1.0
4215528472696;6.874583370600295;0.35536349046586996;-0.21352371373356083  -0.9754447322208974  0.05399257408135599  24.365047734727348  0.9754445053704861  -0.20981677510115987  0.0669696784274611  -12.915456258870856  -0.05399667226743379  0.06696637416384141  0.996293061360658  1.4182301654545726  0.0  0.0  0.0  1.0
4215528472727;10.234961895922138;8.777061869480654;-0.5490023432563133  0.835304337607961  -0.029378404864849196  8.17408181673901  0.8334880955568852  0.5445075987170466  -0.09385664336823597  -8.39189891310233  -0.062402096631714726  -0.07601406786063597  -0.9951521691797917  16.27615309460643  0.0  0.0  0.0  1.0
4215528472758;6.7270965623001775;0.23164925543471615;-0.5454888996894818  -0.8372538420713862  -0.0380508114533874  10.110096434017425  0.8227215770742297  -0.5435781720683984  0.16628883747044443  -1.4413215437872038  -0.15990955860126566  0.059403491374510675  0.985342660337239  -5.297141961396192  0.0  0.0  0.0  1.0
4215528472789;6.2551636084248825;8.16739817903506;0.4110899741461932  -0.7917981510430419  0.451730806079575  7.00853191042803  0.2508162057156416  0.5746566867338603  0.7790127876629954  10.787343844132295  -0.8764110132277501  -0.2069429399541874  0.43483141042963586  6.075942756678747  0.0  0.0  0.0  1.0
4215528472820;11.132084316276776;4.427506872674467;0.48006615468436914  0.8594245934978073  -0.17585748553215572  13.384570683855712  -0.8502930897388832  0.5051764308008361  0.1476429317835163  22.144253369100007  0.21572702350161704  0.07865203019920831  0.9732808995745654  1.712564943456894  0.0  0.0  0.0  1.0
4215528472851;7.769777714220737;8.154566682140846;0.7469468192903386  -0.6648756832727193  -0.0032825210861089638  2.110683158275843  0.6648630800450398  0.7469534175497883  -0.004204379111624024  5.499677860786446  0.0052472797780268865  0.0009580205248951174  0.9999857740246131  7.762109940631886  0.0  0.0  0.0  1.0
4215528472882;7.042666088122157;3.3021734893396206;-0.3309226000083448  0.36752657768148805  -0.8691458148673616  18.876905267571058  0.7622840978758033  -0.43880381399609675  -0.4757879432563959  -5.932885384543379  -0.556249212969681  -0.819985016643726  -0.13494956669214808  8.784324373833458  0.0  0.0  0.0  1.0
4215528472913;11.695730771155905;13.963867389971234;0.015120551996039221  -0.933640837045939  -0.35789126324554643  32.08402241532929  -0.7374399463650162  -0.2521319318627668  0.6265874355908445  13.164257013285667  -0.6752434334464104  0.2544489660723875  -0.6923164227809394  1.9521973140346045  0.0  0.0  0.0  1.0
4215528472944;6.966974866703557;8.566353330849132;0.5083146372347785  -0.8603583546348696  0.037412981475083915  6.952442307944161  -0.7097246334849874  -0.3939198685129739  0.5840531498205632  12.442379648018974  -0.48775729025558956  -0.323435679541854  -0.810852752971724  10.616845935133252  0.0  0.0  0.0  1.0
4215528472975;4.140007954611918;24.241694508632126;-0.30480327309251803  0.2673444439725  -0.91412357643216  30.814995071044976  -0.9479380862601599  0.0077989001477350856  0.31835917102215244  11.89751984148688  0.09224071405574824  0.963569470994967  0.25104885030002666  -0.9158533642202205  0.0  0.0  0.0  1.0
4215528473006;2.4517018405060282;0.9402311915174629;-0.38845901231830404  -0.8880192890982479  0.24601084922850433  10.88545997733932  0.8885652373509432  -0.4316962113778243  -0.1552101802508287  -0.5454432276022825  0.24403158549693824  0.1583038953136502  0.9567593542831839  -1.4273005560790253  0.0  0.0  0.0  1.0
4215528473037;9.53731782294903;10.701298792259884;-0.7006505223091705  -0.5898111996209671  -0.4015116366801371  27.990943958817805  0.7131934017848742  -0.5623138751600425  -0.4185191482513256  -3.5868188127025658  0.021071716551000753  -0.5795911098387998  0.8146349662010725  -9.324450538181965  0.0  0.0  0.0  1.0
4215528473068;7.896574012257276;1.7917582049536398;-0.2982298163669035  -0.954335192033247  0.017416023559619243  6.839107224100982  -0.8743780990497007  0.26583489882925593  -0.40594919197686796  9.048283490396482  0.3827818132200065  -0.13629434255061879  -0.913729684128025  4.460054862080367  0.0  0.0  0.0  1.0
4215528473099;4.933808374600305;5.804643134683393;0.6780849842764866  0.5535594894438945  0.48350040925046955  0.3619421396921165  0.7349822971205725  -0.5095118825655548  -0.447435653970345  -0.7369793248216201  -0.0013330484323962695  0.6587636398368679  -0.7523487820225123  0.5612869902413959  0.0  0.0  0.0  1.0
