# registration_from_features.py RANSAC RANSAC_config.json euclidean True --input_txt=/neural_comparison/point_clouds_registration_benchmark//planetary/planetary_map_global.txt --input_pcd_dir=/neural_comparison/point_clouds_registration_benchmark//planetary/p2at_met/ --input_features_dir=/neural_comparison/experiments/3DFeatNet/feature_extraction_voxelgrid_0.1_npz//planetary/planetary_map/ --output_dir=/root/neural_registration_comparison/results/3DFeatNet/RANSAC_mutual_on/
id;initial_error;final_error;transformation
25528382210030;15.683526663035371;44.76169524626803;1.0  0.0  0.0  -20.69831  0.0  1.0  0.0  43.327369  0.0  0.0  1.0  8.364839  0.0  0.0  0.0  1.0
25528382210061;9.694920160715437;41.310132206932586;1.0  0.0  0.0  -31.721598  0.0  1.0  0.0  32.5363858  0.0  0.0  1.0  -12.1493689  0.0  0.0  0.0  1.0
25528382210092;12.399804628975684;51.37205868132185;1.0  0.0  0.0  34.162318000000006  0.0  1.0  0.0  71.45428999999999  0.0  0.0  1.0  5.884623899999999  0.0  0.0  0.0  1.0
25528382210123;6.953048353590656;40.6886061375805;0.8307747908933486  -0.5554139652596443  0.036449609197785  8.754137729118398  0.5563648909723191  0.8266904109697519  -0.08391109881310078  -26.696390400210365  0.016472853713674414  0.08999050841739423  0.9958063835331177  -1.8616986966423412  0.0  0.0  0.0  1.0
25528382210154;10.183163861597526;59.64109498655378;0.5666455928963254  -0.7277560958089158  0.38637266604165527  -66.26098642448389  -0.7973480669967147  -0.36610262262940674  0.47979675880571904  -29.12490750106552  -0.20772296962005615  -0.5799482172718828  -0.7877253538990545  -59.637717070828316  0.0  0.0  0.0  1.0
25528382210185;7.249832144325139;10.632999011755077;0.9856555638505471  0.12744224289911804  -0.11064169275323943  44.00237005913161  0.13069400193582015  -0.1615899192048026  0.9781655155797435  -71.15767508129917  0.10678102503937616  -0.9785944884047874  -0.17592793966653666  -63.79438601114369  0.0  0.0  0.0  1.0
25528382210216;9.448765572705636;35.67415729042422;0.48250299582970246  -0.7217854239449216  -0.49620223779827033  -44.37589793145432  -0.6843946336129987  -0.6642212492978756  0.30068940364252666  -39.29735465915755  -0.5466212989786357  0.1945146106641315  -0.8144748134479605  -5.565543838977132  0.0  0.0  0.0  1.0
25528382210247;9.372654796950922;58.45508869202106;-0.0638359379077672  -0.9677313157955424  0.24376438103230674  -104.53467052257164  -0.9772065338559178  0.01105908408872966  -0.21200256330625167  -6.912737547893251  0.20246570875271333  -0.25174152833361907  -0.9463793318175936  -37.99051960119844  0.0  0.0  0.0  1.0
25528382210278;17.919495398511156;12.16005844578152;-0.8435982156181161  0.45936851559060515  -0.2780694472429769  8.457513046007204  -0.17818693415166034  -0.7279795754871833  -0.6620386349535297  -92.97685607530684  -0.5065485831621314  -0.5089462688315779  0.6959757383263103  -26.397837276765017  0.0  0.0  0.0  1.0
25528382210309;18.244330532647695;27.820258122163967;1.0  0.0  0.0  18.69209  0.0  1.0  0.0  29.584797000000002  0.0  0.0  1.0  15.450957  0.0  0.0  0.0  1.0
25528382210340;8.030201317376237;82.84283777840406;-0.5637263620057109  0.7281215639651004  -0.3899379141207265  60.01363805420562  -0.8179788180963321  -0.5576248226808289  0.14129830245230035  -32.920874465486186  -0.11455671925091972  0.3986145321224387  0.909935828976569  44.20181953871011  0.0  0.0  0.0  1.0
25528382210371;14.777020539726172;41.03500609523736;1.0  0.0  0.0  -22.235699999999994  0.0  1.0  0.0  -24.88566999999999  0.0  0.0  1.0  1.5923553000000001  0.0  0.0  0.0  1.0
25528382210402;6.835161306041792;104.82306919964616;1.0  0.0  0.0  -25.857468899999997  0.0  1.0  0.0  -93.03231821  0.0  0.0  1.0  -7.2236045  0.0  0.0  0.0  1.0
25528382210433;17.430375538815767;24.303875451214424;-0.6003430104488086  0.7577164199687775  -0.2558399826355541  0.32157082005516635  0.797720387451758  0.5446216772930887  -0.25890039023971956  5.087147086735629  -0.056837076359349537  -0.35951780975656983  -0.9314056534178647  11.745324858651992  0.0  0.0  0.0  1.0
25528382210464;9.567579060620492;5.567893244402885;0.676479618239663  -0.7196292849724066  0.15655356372954982  -63.112559834861166  -0.7359896736531643  -0.6682019847275202  0.10874423148889831  -124.40259796547952  0.026353868449021767  -0.18878506248192675  -0.9816647461335598  -9.886716544861626  0.0  0.0  0.0  1.0
25528382210495;9.764115823017264;6.935525429171963;1.0  0.0  0.0  -13.5683273  0.0  1.0  0.0  -3.4545249  0.0  0.0  1.0  5.193793299999999  0.0  0.0  0.0  1.0
25528382210526;4.636809275772577;32.011541375231694;-0.08479647427588702  0.9197154030390136  -0.3833185820739241  1.6774282764422281  0.17295491408180907  -0.3652780636315278  -0.9146904033193721  -155.99253052180558  -0.9812727223587401  -0.14385935368402825  -0.12809500658605227  -79.18074992429956  0.0  0.0  0.0  1.0
25528382210557;6.91062999272005;40.38428743418821;0.7547374047086353  0.3347405779756016  0.5641987197701126  16.760386305639937  -0.516451768571506  0.8335019870163494  0.1963466535980719  -42.415909041499056  -0.4045355616914754  -0.43957159041088834  0.8019524900083574  -5.663720265035559  0.0  0.0  0.0  1.0
25528382210588;6.684883534881991;9.957370345751956;-0.21319948073196793  -0.9757296429628965  0.049976447043757644  -16.45551825081349  0.974544176018886  -0.20875229317627186  0.08176875369796494  -6.039903841240664  -0.06935149892604944  0.06613731123311656  0.9953975214252666  4.601163976036831  0.0  0.0  0.0  1.0
25528382210619;3.0499892934791095;22.765728214242817;-0.7832953431694407  -0.2152713841153282  -0.5831866224032732  -34.590020047442486  -0.4339181106884893  0.8611149743787546  0.2649454172413787  78.05819496771139  0.4451555667242625  0.46058574889128634  -0.7679175016449704  42.80064671264166  0.0  0.0  0.0  1.0
25528382210650;9.772391176497468;41.33632950112196;0.8737810714188681  -0.4403956415117608  0.20629667512478134  -32.24813986733429  -0.4496609614521578  -0.893196598001014  -0.00220387507263039  -32.182126079339994  0.18523406537679799  -0.09083785695875635  -0.9784870079705326  -15.140402271512599  0.0  0.0  0.0  1.0
25528382210681;21.011024087836613;50.390677480743896;0.3343877759453807  -0.7295783369762597  -0.5965737720628159  -46.780594824127974  -0.8741940266153276  -0.4766122433146244  0.0928739648808055  12.762913765837178  -0.3520931966516558  0.49046530941296584  -0.7971663321629069  2.3314779438190607  0.0  0.0  0.0  1.0
25528382210712;9.118066866210063;46.74551015613645;1.0  0.0  0.0  11.947766000000001  0.0  1.0  0.0  60.899337800000005  0.0  0.0  1.0  -24.0961599  0.0  0.0  0.0  1.0
25528382210743;20.13332180163335;96.34704297801824;-0.562619905965427  -0.5895128470237417  -0.5795976575223678  -42.91842645901458  0.7798544997823088  -0.6111372246800869  -0.13541880142581914  -97.24517611004791  -0.27438258068022203  -0.5281911546062494  0.8035722143124278  6.7826981920829335  0.0  0.0  0.0  1.0
25528382210774;20.739154808696746;201.61155574543002;1.0  0.0  0.0  -78.388636  0.0  1.0  0.0  -113.30746750000002  0.0  0.0  1.0  -8.446349  0.0  0.0  0.0  1.0
25528382210805;7.825028269463657;41.31041241211483;1.0  0.0  0.0  -17.448123999999996  0.0  1.0  0.0  -62.301255000000005  0.0  0.0  1.0  9.684973  0.0  0.0  0.0  1.0
25528382210836;18.891614934549192;139.64679821868833;-0.8539329469604433  -0.49584120025717393  -0.15792411539400253  -49.9121173494098  0.5111378077921377  -0.8561556976565581  -0.07573349863607512  -72.42315649979923  -0.09765584232856045  -0.14539231581393136  0.9845427420693128  -13.789732328449052  0.0  0.0  0.0  1.0
25528382210867;11.40364716584565;43.16865738994406;1.0  0.0  0.0  -30.724798  0.0  1.0  0.0  8.9550458  0.0  0.0  1.0  12.2426131  0.0  0.0  0.0  1.0
25528382210898;8.960325021546454;19.01788005813043;-0.4569802254172655  0.8817637060314066  0.11688387529228991  1.3424375087452276  -0.23607347291428996  0.0064606398267730986  -0.971713731259991  -135.9728166893602  -0.8575770454972375  -0.47164714232017474  0.20520863572823078  -79.55324315218641  0.0  0.0  0.0  1.0
25528382210929;20.960366730846324;18.86130142652402;-0.6565009238945801  -0.7539892371408105  -0.022511490430040762  -40.75596525983534  0.7479092845531229  -0.6545111717914172  0.11066538790182681  18.84327204177341  -0.09817453338212749  0.055815376698945124  0.9936027398911277  -10.350046725571964  0.0  0.0  0.0  1.0
25528382210960;12.492536214211547;2.382053012456404;-0.38441888372616473  0.9230742906935018  -0.012489022996911223  25.335592637327135  -0.9231365104928613  -0.38446838895571983  -0.00174381445586793  -90.19451266707273  -0.006411304843204763  0.010858717902283432  0.9999204885468274  2.7742081001680834  0.0  0.0  0.0  1.0
25528382210991;21.169336560628633;1.5932911709165938;0.495858603892979  0.863736123523412  0.08991192282481018  -45.313789142238384  -0.8527710115084867  0.5038724006479643  -0.1374561959172786  -33.0121543452984  -0.16403001821647653  -0.008515443970004791  0.9864185928589828  -1.019378320182207  0.0  0.0  0.0  1.0
25528382211022;20.78353201086023;33.12204034739963;-0.9997464334750118  -0.022419096159937604  0.0021101851495129685  -0.7385393760364725  -0.016729264865406584  0.6767380445211796  -0.7360337973182433  -24.298588807439653  0.015073169907382679  -0.7358824656322647  -0.6769415014046057  -16.08417396765408  0.0  0.0  0.0  1.0
25528382211053;13.710252605486271;17.468136922977912;1.0  0.0  0.0  6.099588000000001  0.0  1.0  0.0  -18.23120500000001  0.0  0.0  1.0  -12.717118  0.0  0.0  0.0  1.0
25528382211084;8.456027515763575;45.74310111076647;1.0  0.0  0.0  2.6811150999999995  0.0  1.0  0.0  -46.086705  0.0  0.0  1.0  -0.99921636  0.0  0.0  0.0  1.0
25528382211115;8.58618635194452;44.3788762298914;0.2951275083213061  -0.633394364586978  0.7153400119813765  -50.611237352850885  -0.19526815725548907  -0.7728704959026433  -0.6037727580184847  -43.31046069628598  0.9352914522190946  0.03850682371555542  -0.3517770940997099  -3.3667782086851576  0.0  0.0  0.0  1.0
25528382211146;12.191514888658181;34.94331064648671;1.0  0.0  0.0  5.749579999999998  0.0  1.0  0.0  39.90925  0.0  0.0  1.0  15.823213  0.0  0.0  0.0  1.0
25528382211177;18.082566832098863;27.740354534074346;1.0  0.0  0.0  20.475072  0.0  1.0  0.0  29.020444  0.0  0.0  1.0  -5.454546499999999  0.0  0.0  0.0  1.0
25528382211208;15.216848440223977;27.888556490832034;1.0  0.0  0.0  27.587636000000003  0.0  1.0  0.0  9.5494108  0.0  0.0  1.0  -11.3107719  0.0  0.0  0.0  1.0
25528382211239;11.671911420801475;20.20459287483936;0.7304618671330267  0.6152033764894267  0.29656410136855865  5.8752476540934495  0.20195939046801856  -0.6093968542934386  0.7667123832174931  9.166625123557328  0.6524092774220172  -0.500160253851973  -0.5693872629418498  15.046408142683436  0.0  0.0  0.0  1.0
25528382211270;18.471821681962687;45.29983205338846;0.9926676030622108  -0.1208198577837501  -0.003686705282497347  -34.33320494580667  -0.12084527577825668  -0.9912641544448636  -0.05283744349215827  -11.823503219505788  0.0027293136138373504  0.052895539299872285  -0.9985963212276384  -17.720336491163604  0.0  0.0  0.0  1.0
25528382211301;9.301264776858527;39.35153193353484;1.0  0.0  0.0  -25.392856199999997  0.0  1.0  0.0  56.011039999999994  0.0  0.0  1.0  -17.532528  0.0  0.0  0.0  1.0
25528382211332;18.114374089714;61.85773685725662;0.24188293564695262  -0.9223607403442032  0.3012363027832242  -52.677447407284326  0.9637388809655694  0.19231772156823795  -0.18498990049739122  33.52407064222369  0.11269434217406465  0.3350590375478564  0.9354332828157544  35.93534084645471  0.0  0.0  0.0  1.0
25528382211363;14.154563908634087;45.21814336584782;-0.23263836953694297  -0.9725632255372187  -0.00040168623796063845  -129.92216157920825  -0.9725075906455835  0.23262944287212062  -0.010607942577581027  -26.816401703158537  0.01041033889531199  -0.002077171549915379  -0.9999436535137554  -5.215422625434803  0.0  0.0  0.0  1.0
25528382211394;15.624373069503454;8.333017590980813;-0.11071296472722131  0.8270400900515239  0.5511327688396658  44.29163929483404  0.9792571240099962  -0.0039104604767334905  0.20258379346465732  -66.25559062289469  0.1697001016999697  0.5621293425417564  -0.8094519613519957  39.71814428980387  0.0  0.0  0.0  1.0
25528382211425;8.428891844194663;43.54667376972842;1.0  0.0  0.0  -9.104237999999999  0.0  1.0  0.0  47.96881580000001  0.0  0.0  1.0  -5.7424219  0.0  0.0  0.0  1.0
25528382211456;7.093295871774291;40.422044202088;-0.6621245065047138  -0.5150205821418553  0.544375732243966  -57.39814065068431  -0.7135970285124156  0.6551389676447257  -0.24813749005673086  29.695740160934285  -0.22884584065291705  -0.5527628180726956  -0.8013007226829338  -34.17561518287996  0.0  0.0  0.0  1.0
25528382211487;10.502857338251829;67.7581068377624;0.3444823323251351  0.938567470342072  -0.0205676039323819  62.59620213214057  -0.9311029946508986  0.34437702024742806  0.12021514579133044  -15.031653437849458  0.11991303543803533  -0.02226143618876926  0.9925347814514357  -6.6287315955698585  0.0  0.0  0.0  1.0
25528382211518;5.90067579224309;11.554660900994675;0.5974999333496561  -0.8017563584077428  -0.013437685809372704  -7.463693825385343  0.7780673141967267  0.575630433849655  0.25151711314491126  18.439624956852217  -0.1939203037999077  -0.1607368824471005  0.9677595622856632  7.932313343190943  0.0  0.0  0.0  1.0
25528382211549;9.273592136553932;12.547666706081607;-0.1715640137482742  -0.9542736423241744  0.24480115349388137  -3.8955041916698914  -0.909449520862771  0.05787411849097661  -0.41176711307651565  -19.112795445442497  0.3787708518208043  -0.2932787104006107  -0.8777928228441473  6.199567022547672  0.0  0.0  0.0  1.0
25528382211580;4.164998600241185;19.21377085198969;1.0  0.0  0.0  -5.506240000000002  0.0  1.0  0.0  -63.446110000000004  0.0  0.0  1.0  -18.587729  0.0  0.0  0.0  1.0
25528382211611;11.572839674945431;4.971544836185786;1.0  0.0  0.0  15.402441  0.0  1.0  0.0  9.51136000000001  0.0  0.0  1.0  0.19045099999999993  0.0  0.0  0.0  1.0
25528382211642;5.72156680482253;98.07698903653893;0.9527371280447894  0.295040177033698  0.0724103499569696  28.357213844398927  0.2890004674006283  -0.9536926744307812  0.0833607376363853  -93.12527656429329  0.09365198709682987  -0.05849424478517763  -0.9938851687392393  -17.509585759225  0.0  0.0  0.0  1.0
25528382211673;14.291403794964067;33.6192217815052;1.0  0.0  0.0  28.81566  0.0  1.0  0.0  -0.6428120000000002  0.0  0.0  1.0  -21.869623  0.0  0.0  0.0  1.0
25528382211704;21.73324130112813;90.79131662842123;-0.8730186998292756  -0.3343481960235147  -0.3550346934656141  -21.775955149821364  0.011359515692975438  -0.7417411367838763  0.6705900740435873  -47.87676099826771  -0.4875544186566483  0.581404652387977  0.6513519164245958  24.429337777861125  0.0  0.0  0.0  1.0
25528382211735;15.219178573330824;97.24819404150159;1.0  0.0  0.0  -10.458714  0.0  1.0  0.0  102.68538039999999  0.0  0.0  1.0  -9.974222500000002  0.0  0.0  0.0  1.0
25528382211766;8.120431397107039;60.92710886096613;0.007880538337325604  0.7435403402081028  -0.668644643737414  40.84574414307258  -0.9779612515598494  -0.13378242302776985  -0.1602936484590453  -11.131292135573268  -0.2086376944921677  0.6551717528801421  0.7260993641816216  36.042610523551545  0.0  0.0  0.0  1.0
25528382211797;10.704272615652533;19.508114681005907;1.0  0.0  0.0  7.2022236  0.0  1.0  0.0  -21.398793  0.0  0.0  1.0  -12.659861099999999  0.0  0.0  0.0  1.0
25528382211828;14.19066388465987;5.540259936104071;0.5296556144776412  0.07076846174287862  -0.8452554376487967  -11.546750665869354  -0.20600097205222812  -0.9559456826239199  -0.20912066226517323  -82.3133779802746  -0.8228174339219178  0.28488537466011526  -0.4917436260277467  -2.910782201639403  0.0  0.0  0.0  1.0
25528382211859;15.636492466966827;25.362869691614872;1.0  0.0  0.0  -12.105173999999998  0.0  1.0  0.0  -19.200515000000003  0.0  0.0  1.0  -6.176085400000001  0.0  0.0  0.0  1.0
25528382211890;12.685237572837845;68.78681585327111;1.0  0.0  0.0  18.408573  0.0  1.0  0.0  77.641172  0.0  0.0  1.0  0.5022168999999996  0.0  0.0  0.0  1.0
25528382211921;17.65776473630698;21.60592368554985;-0.3431432478297983  -0.6220333347657215  -0.7037948862481547  -55.10495155518446  -0.6293256301137287  0.7084940196899578  -0.31935164841522823  -33.45237123565965  0.6972818388218467  0.3333327984219388  -0.6345764593375832  61.059656810610726  0.0  0.0  0.0  1.0
25528382211952;5.3309939895303184;1.1048506968305307;0.25356585584767793  -0.9672910015622798  -0.007243966101265368  -13.16493516959752  0.9664412943317329  0.25301012133154754  0.04446462767414913  27.835893924408303  -0.04117743749481881  -0.018275579346146067  0.9989846954988467  2.61573714106523  0.0  0.0  0.0  1.0
25528382211983;5.937684277188093;18.07929887098461;0.9220657870294859  0.3615800694433826  -0.1380381750495601  2.137595318535219  0.3092399227642795  -0.9027491702246921  -0.2990227513540936  -12.254213763538463  -0.2327345151850857  0.23303173397618657  -0.9442091168812209  -0.07568922204533157  0.0  0.0  0.0  1.0
25528382212014;5.706074287891998;3.5431522705787786;-0.4152380928260197  0.9026106511702313  0.11345192224136294  -21.107213326643787  -0.3728370106257337  -0.05509594600775583  -0.9262596829405759  -26.78126790169792  -0.8298011145894395  -0.42691737974409155  0.3594045924839621  -34.48279392927041  0.0  0.0  0.0  1.0
25528382212045;13.03254592804802;38.181738693989146;1.0  0.0  0.0  -16.4288575  0.0  1.0  0.0  31.744105  0.0  0.0  1.0  34.717414  0.0  0.0  0.0  1.0
25528382212076;6.239869401775077;39.53025215104088;1.0  0.0  0.0  33.64368  0.0  1.0  0.0  33.32339  0.0  0.0  1.0  8.2831057  0.0  0.0  0.0  1.0
25528382212107;9.253104797075562;9.202454852735167;-0.09827567275311117  -0.6764628364472137  -0.729890350018901  -117.66323068921193  -0.7590412699423249  0.5252786881877756  -0.38462793744094104  -97.29325481239408  0.643582351116985  0.5162173288853444  -0.5650853269102055  71.52262511262099  0.0  0.0  0.0  1.0
25528382212138;13.001581628756192;72.49924211899278;1.0  0.0  0.0  37.645230999999995  0.0  1.0  0.0  -64.07298  0.0  0.0  1.0  -0.4390518  0.0  0.0  0.0  1.0
25528382212169;16.977214459145614;64.8811873620528;1.0  0.0  0.0  -32.255247000000004  0.0  1.0  0.0  68.83149599999999  0.0  0.0  1.0  -13.926086  0.0  0.0  0.0  1.0
25528382212200;12.284350643893093;5.614848080526861;1.0  0.0  0.0  -6.145677999999999  0.0  1.0  0.0  15.710498  0.0  0.0  1.0  0.2551433999999997  0.0  0.0  0.0  1.0
25528382212231;9.397506716358016;79.62784604132847;0.5036246645123054  -0.8497398807591154  -0.15589846805646315  -67.9031692466843  0.3634007014953212  0.044654065484668486  0.9305621658913497  54.63865885964467  -0.7837742834819068  -0.5253076712586399  0.3312849575052399  -63.38944603649019  0.0  0.0  0.0  1.0
25528382212262;16.50683836669155;72.70365243163548;-0.39613566163445135  0.8275799688692884  -0.39772846605158063  12.57500089590416  -0.8630490690149458  -0.4834519063177188  -0.1463576398764319  -54.59417231027423  -0.3134052361621787  0.28528170183885193  0.9057546624456632  21.48600943850418  0.0  0.0  0.0  1.0
25528382212293;13.349273618262057;71.93574290195087;-0.8011470736658388  0.5873644405333204  -0.11474484891986536  15.498472983868222  0.5782120252854439  0.8091313591152696  0.1047725990494763  58.624672997166165  0.15438335458192443  0.017591409643824565  -0.9878544033078834  10.713819037557398  0.0  0.0  0.0  1.0
25528382212324;12.545894920084725;16.1965095081867;-0.8996083866687234  -0.32869462760864604  0.28751450818438656  -75.008036337645  -0.23224149660961974  0.9176609459388936  0.3224318153518018  -26.579796202296933  -0.3698224410278802  0.22328956554158147  -0.9018720153283565  20.047389782962707  0.0  0.0  0.0  1.0
25528382212355;12.823791017106068;39.08390892545347;0.762650579604251  0.4581870557385095  0.45653993843143226  5.508983706816277  0.307094409702374  -0.8777044509588201  0.3678694337623424  -27.79906080923007  0.5692601487534941  -0.14035497397937913  -0.8100884916602612  2.519885364243977  0.0  0.0  0.0  1.0
25528382212386;16.104432155396697;30.66520474725671;1.0  0.0  0.0  -2.1559040000000005  0.0  1.0  0.0  20.928897  0.0  0.0  1.0  -10.3358081  0.0  0.0  0.0  1.0
25528382212417;9.853473476029952;105.76083236032638;-0.6386926858752117  0.6925237116750557  0.3353842002499703  17.242996185742935  0.6890812153989228  0.3208249675216666  0.6497987525373257  40.187414269483995  0.3424014187964929  0.6461286628702718  -0.6821136411358616  60.15883613472436  0.0  0.0  0.0  1.0
25528382212448;10.900268136326943;17.790569923841367;0.9348448970197767  0.34639509695751713  -0.0779452071642325  23.458593661738576  -0.3462301687819805  0.9380122281613854  0.016053972870104495  3.552983697956506  0.07867457493551569  0.01197900761770752  0.9968283777236735  5.603206691000301  0.0  0.0  0.0  1.0
25528382212479;11.26380918649009;49.5345119042591;-0.1967730787105853  0.3970196417249258  -0.8964684933556611  23.314434242913972  -0.973264787710181  -0.18958262495703893  0.1296691224534799  -62.7588533755706  -0.11847366162238195  0.8980166103135343  0.4237099941030126  94.79732934800691  0.0  0.0  0.0  1.0
25528382212510;10.577823908438841;51.086922319944016;1.0  0.0  0.0  -32.600103  0.0  1.0  0.0  72.442848  0.0  0.0  1.0  -17.754454  0.0  0.0  0.0  1.0
25528382212541;12.4785018390389;34.046237043704224;-0.5560350399088348  0.8311517096981764  -0.003445266227580213  59.08385263955142  -0.8309255062185004  -0.5557759445801469  0.02599812573195421  -145.81250736329397  0.01969359055909841  0.01731862846313165  0.9996560546503215  18.170824395475332  0.0  0.0  0.0  1.0
25528382212572;13.17354424027735;32.074722621985046;0.6713497983865837  -0.7188973250994406  -0.18021122099126627  -34.31793864588268  -0.739789020952846  -0.6353351970632894  -0.22149806285875528  -50.50026996736852  0.04473983330236476  0.2820209625850899  -0.9583645047572744  8.25728217353107  0.0  0.0  0.0  1.0
25528382212603;6.049856593200579;36.0089144285047;1.0  0.0  0.0  -1.264698000000001  0.0  1.0  0.0  76.672273  0.0  0.0  1.0  2.8463846999999998  0.0  0.0  0.0  1.0
25528382212634;5.22985118888438;92.3722330187841;-0.15094158605609795  0.4959732847697142  -0.8551182014163942  62.31293000527475  -0.9740858320241672  0.0727747238205627  0.2141509547553457  3.753036158093274  0.16844414340859376  0.8652828094718976  0.4721358175183963  90.14975413702884  0.0  0.0  0.0  1.0
25528382212665;14.028454806891109;39.586850242146255;-0.279354647454264  -0.9312488784582382  -0.2339583452582469  -79.8445723365125  -0.9116044165185275  0.3337507395737712  -0.23997464786488454  -22.851571215465608  0.30155989244198006  0.14623942766652845  -0.9421654106716867  1.3622896792920962  0.0  0.0  0.0  1.0
25528382212696;4.140656319801549;35.788460336160746;-0.8491634942161101  -0.2063437298333469  -0.4861518541044025  -56.86569345785073  -0.3723859847511709  0.8866765935452553  0.2741045362993508  40.05699513505652  0.37449971755875366  0.413795702753719  -0.8297729074457476  74.34262108023779  0.0  0.0  0.0  1.0
25528382212727;6.813729438443701;31.189383292205445;-0.6469467190553657  -0.17924768777401098  -0.7411681382325934  -9.794123617387484  0.005908944343628958  0.9707712719102193  -0.2399337867215859  -59.47709229649973  0.7625123127400907  -0.15960389738814731  -0.6269781247047397  10.839080429707149  0.0  0.0  0.0  1.0
25528382212758;8.119755599812619;19.473546289645636;1.0  0.0  0.0  -9.136962  0.0  1.0  0.0  25.49947999999999  0.0  0.0  1.0  10.2338414  0.0  0.0  0.0  1.0
25528382212789;14.49002705766472;77.90680676587417;0.5403285284639325  0.8048897865579266  0.24535181438647663  56.23401600388306  -0.8367274560798743  0.5448080907816968  0.05541938704915604  20.20641796573195  -0.08906315495255526  -0.23523727534882172  0.9678487375186061  -6.3805147266951465  0.0  0.0  0.0  1.0
25528382212820;6.569850259432595;31.6892166443741;0.6204299715036593  -0.735037449817998  0.2734713839234789  -51.88944867193925  0.7179644546919446  0.3920170298502032  -0.5751953495172956  36.149443839489436  0.3155846831816583  0.5532111673425252  0.7709498764956471  69.29393868444889  0.0  0.0  0.0  1.0
25528382212851;11.42180800956712;80.29810588292419;1.0  0.0  0.0  -5.473896  0.0  1.0  0.0  109.451153  0.0  0.0  1.0  -7.0183979999999995  0.0  0.0  0.0  1.0
25528382212882;29.01962600839923;40.33718589493217;0.2924057514308119  0.9507792109062495  -0.10255617308905  -3.4354183545139065  -0.8851746362025126  0.3096826503168519  0.34722113921315256  29.265987359848996  0.3618905082396211  -0.010749334919862652  0.9321586301938362  2.142387976900551  0.0  0.0  0.0  1.0
25528382212913;4.000226151736474;3.0597698387535868;0.4493202816927562  -0.8784309923626813  0.16269688416271935  -15.331414502567599  0.8726067797967998  0.3925019241403549  -0.29068823058180093  8.91167686112374  0.19149071077261554  0.2725825218219871  0.9428839146389996  6.77797337347302  0.0  0.0  0.0  1.0
25528382212944;10.14110014173418;4.098434019141702;0.27220248260352625  -0.9573928143366094  -0.09646143022526213  -6.698745336145823  -0.9491386798620718  -0.2506577145511544  -0.1905425845465385  -10.921598863806098  0.158245299627382  0.14342143909687274  -0.9769282040934337  -17.323079523451614  0.0  0.0  0.0  1.0
25528382212975;20.06496742865844;33.38996330734325;-0.9692637383880831  -0.15325309520049168  0.1924611499950738  -22.40766529314466  -0.2458000916420251  0.6365909854797633  -0.7309816907109749  -39.42334264277815  -0.01049382650558719  -0.7558210145380799  -0.6546941832549744  -25.57407744681073  0.0  0.0  0.0  1.0
25528382213006;18.17453748105815;6.840857595716818;1.0  0.0  0.0  23.275994  0.0  1.0  0.0  -10.143668000000002  0.0  0.0  1.0  7.240321600000001  0.0  0.0  0.0  1.0
25528382213037;5.701290745392533;46.046507842327024;0.9791818800607365  0.1850948177026739  0.08332319137152505  -6.566032901979042  -0.19574700718430946  0.9696828225731496  0.14628168984857964  48.105212193417266  -0.05372108467918117  -0.15954664542441527  0.9857276058804015  -11.335774416591745  0.0  0.0  0.0  1.0
25528382213068;4.547083976710081;39.311319964944644;1.0  0.0  0.0  -3.3644280000000037  0.0  1.0  0.0  53.47318999999999  0.0  0.0  1.0  -5.1259108  0.0  0.0  0.0  1.0
25528382213099;3.400518070650358;5.14118131586152;0.838869704226239  0.5389795893630529  -0.07614868075953439  42.630683042786444  -0.21189565064219346  0.4522000230819971  0.866380616336471  -21.31169154124656  0.5013959040222647  -0.7106448771184357  0.49354433038483964  -60.33397778453787  0.0  0.0  0.0  1.0
25528382213130;4.188278019443553;101.13149185086385;-0.848774675212032  -0.19844309689769574  -0.49010395633208337  -71.25014451871252  -0.004787457497719083  0.929748489304607  -0.36816413036376594  -122.41061532841094  0.5287330431979986  -0.310142038313822  -0.7900970099305094  4.163735046194958  0.0  0.0  0.0  1.0
25528382213161;10.413101164301901;37.429628178477806;0.8056337650818818  0.5848351572551529  0.09445673823678241  11.898111310210293  0.5777543750974797  -0.8108971982450942  0.09298180431663547  -11.553427316222345  0.13097373254096442  -0.020336487321979367  -0.9911772337315314  -3.363438430629654  0.0  0.0  0.0  1.0
