# registration_from_features.py RANSAC RANSAC_config.json euclidean True --input_txt=/neural_comparison/point_clouds_registration_benchmark//eth/stairs_global.txt --input_pcd_dir=/neural_comparison/point_clouds_registration_benchmark//eth/stairs/ --input_features_dir=/neural_comparison/experiments/3DFeatNet/feature_extraction_voxelgrid_0.1_npz//eth/stairs/ --output_dir=/root/neural_registration_comparison/results/3DFeatNet/RANSAC_mutual_on/
id;initial_error;final_error;transformation
5494384560030;1.9653997219596564;0.3760789850327573;-0.26632115227425535  -0.9591835184982901  0.09507902866854337  10.390731640617023  0.9465367536754314  -0.24162228051090137  0.2137448186560028  -9.483327433761938  -0.18204729548358892  0.1469205615356547  0.9722515779391457  2.3085872998842594  0.0  0.0  0.0  1.0
5494384560061;3.2470421696666185;1.3915017465912123;0.4659390048785584  0.7387697615043262  0.48694977484297  3.4482737521114766  0.004397716817913427  -0.5522663986672999  0.8336560951554541  -0.770099670942878  0.8848059130790031  -0.3862914241733713  -0.26057135642764034  -3.8761915542642287  0.0  0.0  0.0  1.0
5494384560092;2.297685819693392;3.448657169667899;0.7997480699728029  0.3131860423713154  -0.5121694323547329  5.578635488622204  -0.6001695215325366  0.39702508331687364  -0.6943829121173963  7.600675019306367  -0.014126924583322625  0.8627198769479131  0.505484761314122  3.4603251095039953  0.0  0.0  0.0  1.0
5494384560123;8.759025089926762;2.3493364662589222;-0.5465957758318214  0.5782007245456274  0.6057367249702799  11.771947973662257  -0.4071822618803447  0.44856962691832064  -0.7956053641199037  3.430263161868935  -0.7317346947171599  -0.6815197810344684  -0.009753184398667514  -0.3466332691272338  0.0  0.0  0.0  1.0
5494384560154;2.6625673868786452;6.756549285145588;0.24320362989505093  -0.9478956458579013  0.2057810461862388  0.014578076692196684  0.6965670013987655  0.3183138468136627  0.6430168796299367  -3.1638024109954337  -0.6750158568272331  -0.013043752923140408  0.7376879106651245  2.7425664557446323  0.0  0.0  0.0  1.0
5494384560185;6.621620892396294;0.13295274506188595;0.6524919053534579  0.7573562510496387  -0.0258035354990524  -2.8692130096369652  -0.7566014197019133  0.6491748682644928  -0.0782705699406055  5.7364660687756714  -0.04252769865937975  0.07059390490555834  0.9965981614657549  7.819992928191724  0.0  0.0  0.0  1.0
5494384560216;5.2200031515621825;0.3973244510507639;-0.4307506621506887  0.8406155740547034  0.32835852922289605  7.253247646211946  -0.9023232676021066  -0.3945786526498877  -0.17355231953752626  3.5100812338677727  -0.016327516669693842  -0.3710433175920028  0.9284720074777266  5.957961402646261  0.0  0.0  0.0  1.0
5494384560247;8.503686109037535;3.863121996807408;0.8018922503011066  -0.5602513411132146  -0.20757469423769706  -4.351259651795178  0.5859587468070738  0.8053211105272503  0.09005695963911281  -2.449700377005218  0.11670975086646461  -0.19384618572466683  0.9740649312713644  8.510689136851235  0.0  0.0  0.0  1.0
5494384560278;5.489767218869771;3.957992879308965;0.7879606779406372  0.30742813211007575  0.5334846891960827  -0.13816036952049737  -0.04444460378837527  0.8925707719497608  -0.4487115936267997  2.1584040052065725  -0.6141194079439481  0.3298565758755124  0.7169741921005642  -3.9185780411577733  0.0  0.0  0.0  1.0
5494384560309;6.344090179496548;1.9370683247078324;-0.8560195990534036  0.5106163399029109  0.08063125610211347  6.47396801211513  -0.4845049562993434  -0.8468671659810214  0.21925088484347005  -7.685222933006042  0.18023704768393428  0.14861681132169574  0.9723310393249566  -1.4960486348967916  0.0  0.0  0.0  1.0
5494384560340;11.288142510784303;1.9860738983672952;-0.8100375238730316  -0.18971236585335513  0.5548409034669046  4.531119255958325  -0.5021213496015122  0.7131015374750349  -0.4892446704105179  10.125766538221221  -0.30284213741156296  -0.6749040046503382  -0.6728976328647119  1.8113614660751103  0.0  0.0  0.0  1.0
5494384560371;4.893298023722126;8.326710277256606;-0.48559456853551375  0.8046825471581871  -0.34159027109655815  3.2394817329868837  -0.6999266873948431  -0.12378009174590833  0.7034067963560325  -1.7235337867780252  0.5237370974843104  0.5806586666763756  0.6233257298815149  0.547633117218815  0.0  0.0  0.0  1.0
5494384560402;1.640061358821845;0.7141108104080465;0.30157054656277393  -0.7612239723539532  -0.5741021419220604  1.9131674245556052  0.8192157477036711  0.5149342665676272  -0.25244456783376107  -2.105506223168211  0.48779172211113275  -0.3941836691545292  0.7788956738946029  -1.241855378969548  0.0  0.0  0.0  1.0
5494384560433;4.064579359510598;0.12209577830938662;0.14462642838724313  0.9253140170760149  -0.3505383944942386  9.247492943002085  -0.9600716022359959  0.2169629278744483  0.17660579409565008  9.208035292888386  0.23946965317542382  0.31100009281477037  0.9197462842965156  4.791250651479382  0.0  0.0  0.0  1.0
5494384560464;8.086453804333049;0.30522455319317804;-0.8035879020730958  -0.46503105932054956  0.3714735488685133  2.568533149404924  0.4823465417290419  -0.874477858411002  -0.051286341563241016  4.35779512842474  0.3486951352167017  0.1379658980187326  0.9270259509097308  -4.204083286048533  0.0  0.0  0.0  1.0
5494384560495;3.79668680245774;0.1843424383978029;0.6873238993985009  0.7234408805190393  0.06495498217593154  4.401765013919847  -0.6977710748499288  0.6824724936529257  -0.2175932501479111  -0.01090968216806154  -0.20174584114279387  0.10423333344469808  0.9738757763598977  -0.5706778692206909  0.0  0.0  0.0  1.0
5494384560526;3.919459476654856;2.5976788126387516;0.44044413661757587  0.8945669961970237  -0.07588709926089235  2.6173698403333496  -0.8553032362781648  0.3924112113570365  -0.3383338812673086  15.929915088234837  -0.27288337532963836  0.21392365581285672  0.937961264100158  10.681339785458512  0.0  0.0  0.0  1.0
5494384560557;4.769841275602151;1.4230085837220818;-0.2240517345811325  -0.9447752042709544  0.2391665395199788  4.567048608962085  0.9475493371775864  -0.2685705654505099  -0.17326310913725912  -3.296651307317245  0.22792778208349712  0.18780219585609004  0.9553948196353844  4.619879534825722  0.0  0.0  0.0  1.0
5494384560588;4.0033637514024445;4.1451767364098355;0.22179736617516935  -0.973859944095007  -0.049017727864802116  9.048037901146278  0.9734813390663275  0.2240397251167884  -0.04626320416079613  -9.404060671676383  0.056035799694368615  -0.03745678652612769  0.9977259033901789  -2.295755166374707  0.0  0.0  0.0  1.0
5494384560619;2.5680413302481218;3.3345494477537763;-0.9580064266207624  -0.23637738180370896  -0.1623250440472495  4.1658230982802635  0.28551086141163873  -0.8388226141420349  -0.46353011770531927  -1.0906252933698324  -0.026593882178086392  -0.4904103948485866  0.871085765039902  0.6000736960071931  0.0  0.0  0.0  1.0
5494384560650;2.1252762310053015;0.05562960025955223;-0.09087757604004286  0.9743738953946601  0.20575902931954865  10.743719486457795  -0.9958615991605881  -0.08871531490421367  -0.01972988136714096  10.323005417166097  -0.0009703042829065436  -0.20670051977409953  0.9784037784241819  -2.191898675324426  0.0  0.0  0.0  1.0
5494384560681;5.499161925361485;1.3423240952169864;0.9745479212475253  -0.22148022366451098  0.034682268057982926  -5.6315617666198765  -0.10365773060582983  -0.30801767602815483  0.9457167578825408  0.15919708830170531  -0.19877480745249593  -0.9252413856825328  -0.32313612323986673  -1.7464655621863767  0.0  0.0  0.0  1.0
5494384560712;3.9543429907625507;0.5621264391316109;0.15732703521732994  0.9841912977971649  -0.08133691246941299  4.604455003999181  -0.8220096356717002  0.17615659605253078  0.5415431769767435  -2.7783981163414024  0.5473101157959752  -0.01833965669028159  0.8367289251244266  -1.5843314235218702  0.0  0.0  0.0  1.0
5494384560743;2.252255054334342;0.0943262393799031;0.5022931645872499  0.8646959992854852  -0.0015510088979197034  3.4387291208794544  -0.8606349837939634  0.49975888756445913  -0.09771631885359837  11.507348123707347  -0.08371977949618453  0.050417091546516135  0.9952131004971252  -1.9376018483851616  0.0  0.0  0.0  1.0
5494384560774;4.093777341873709;1.648089207461676;-0.731812609743338  0.42480231690756504  -0.5329102136107073  8.268863658433109  0.6470541542307333  0.6785771046860256  -0.3476406686345559  -0.36852319884552154  0.2139421083223108  -0.5992295925151689  -0.771461385774239  3.194278011037608  0.0  0.0  0.0  1.0
5494384560805;2.4081201720064747;0.5498154736522949;0.5673139063532939  -0.6380679563438483  -0.5205998604930189  4.620875422954388  0.7216899738553704  0.6897073088565636  -0.05888471572888049  -7.9889924468919435  0.3966339789967576  -0.34230558160366165  0.8517677943595765  -2.0089574748831787  0.0  0.0  0.0  1.0
5494384560836;2.3977526989083033;0.058223094929297906;-0.9316006477871385  0.3630700424693141  -0.017331396479099037  16.04915677941908  -0.3502778237325784  -0.9094693714899516  -0.22398863480730943  2.9822486337003946  -0.09708593741502275  -0.2025971534425008  0.974437639961246  3.3961001943519653  0.0  0.0  0.0  1.0
5494384560867;5.82100797182095;2.162297002103578;-0.3220971766629802  0.6863117234025647  0.6520963326886132  1.3242599414764475  -0.941669209564317  -0.1612983545925556  -0.29536746700381367  -2.6876270635728527  -0.0975320898179245  -0.7091960653627005  0.6982323627058635  5.292350972156138  0.0  0.0  0.0  1.0
5494384560898;7.426959109966299;0.7572338200137209;0.4303629034020694  0.43311943793764973  -0.7919566426616518  11.23006426386234  -0.8829770097717379  0.3842004708578849  -0.2697065041988036  8.385316883281101  0.1874549855029222  0.81535118241967  0.5477801363110436  -3.143036212741495  0.0  0.0  0.0  1.0
5494384560929;3.2277640385532322;0.30415330681148983;0.0488705320671545  -0.9778732492025124  0.20340988075704514  8.840477500717636  0.9907154017641341  0.021591507335653903  -0.13422667215686157  -7.63330469683231  0.12686474609916076  0.20808103062291955  0.9698492774096907  -6.624349694675459  0.0  0.0  0.0  1.0
5494384560960;7.03502339552627;3.623848928475674;0.686799950032089  0.6941176774371663  -0.21565360767942948  -7.633249228310146  -0.25514322187605865  0.5080473133850886  0.8226723914736034  -0.9038326803022678  0.6805936856646735  -0.5099888010843244  0.5260262900292617  -3.2706440162590646  0.0  0.0  0.0  1.0
5494384560991;7.791752238870199;2.7963202354396035;0.22243349678661306  0.9675146875720387  -0.12016101214478606  9.334707611609717  -0.9666712296473214  0.2348891447170039  0.10185196839653604  14.960442604819644  0.1267677927527901  0.09350090388062604  0.9875158265537275  -0.6487640244938118  0.0  0.0  0.0  1.0
5494384561022;4.731288337239354;6.079559716874568;-0.7145957490949562  0.6989783984374847  0.027966299240111958  16.126843069800596  -0.6990638774061673  -0.7150119868927809  0.008219118291678831  2.189896916645572  0.025741225325796424  -0.013676882590951511  0.9995750758203806  -2.702127250075308  0.0  0.0  0.0  1.0
5494384561053;4.703195918816284;2.183385681471634;-0.13672923460156497  -0.9112864755199162  0.38840967539411175  0.3857143884261882  -0.9879593362271296  0.15410019973292796  0.013765115470680444  2.3214924326813104  -0.07239797211883539  -0.38185087138405327  -0.9213839838288483  7.64958272700715  0.0  0.0  0.0  1.0
5494384561084;7.769594886748286;3.47892411796325;0.7362343083891711  -0.5838034852846228  -0.342246305634183  5.707808891638986  0.567392759634753  0.808151185104988  -0.15797822105424245  -2.242033999146288  0.36881499354660013  -0.0778790895101564  0.9262344994396886  -6.794001451731363  0.0  0.0  0.0  1.0
5494384561115;2.7618695788486547;3.1341792768923966;-0.38399237647308737  0.23759413159617088  -0.8922437354454286  17.341015982648077  0.4378127114686461  0.8976405474188052  0.050611039370276265  -2.0450902657217096  0.8129390410645945  -0.37120139582271106  -0.44870885800510807  2.684497235045156  0.0  0.0  0.0  1.0
5494384561146;4.978157980828911;2.7638880806652097;0.5203681933627164  -0.1138192742666567  -0.8463227021307149  -0.20755056798040794  -0.7905924952034458  0.3103910206357386  -0.5278455463833094  6.022958882962413  0.32276996431578386  0.9437704101708828  0.07153295059950748  2.4546302324166893  0.0  0.0  0.0  1.0
5494384561177;7.540163639644457;4.005232958802407;0.7805359750369665  -0.3750062532337289  -0.5001338837838253  -5.693198818196716  0.4178334093426216  0.9080675047323589  -0.028786262110053553  -3.2329043921609557  0.46495035617817704  -0.18650393262542184  0.8654694965191083  1.8576075954271634  0.0  0.0  0.0  1.0
5494384561208;2.258030642572619;2.0126182156477035;-0.7186517608185105  0.584651300166475  -0.37646049445606616  -0.8270470485866883  -0.5691641696638243  -0.8055852182104056  -0.16457400819018692  1.0549033878200822  -0.39948941743598787  0.09599642396748183  0.9116978073583986  -1.9286240371702266  0.0  0.0  0.0  1.0
5494384561239;3.8492329696698255;3.5562418181593145;-0.6443653066723436  0.7090140337816888  0.286517803037919  14.212694863738971  -0.6790721854772452  -0.7028059797198475  0.2119545276260548  11.576378978439898  0.3516451598816843  -0.057990126492744  0.9343355001075043  3.1797395585479817  0.0  0.0  0.0  1.0
5494384561270;9.123550834747231;2.0635004296381596;0.5810821498241326  0.796090654795852  0.16906568103100095  -1.2609738378001074  -0.8137522688177476  0.5652066526034137  0.1354573174354638  8.333529024765076  0.012279256888439394  -0.21628941074300395  0.9762520733144244  -6.029928510403181  0.0  0.0  0.0  1.0
5494384561301;4.160514649695006;2.5138521536993936;0.3342168310252729  -0.9423147447834196  -0.018494096982102238  1.4962675828880694  0.8988886491658791  0.3127922001550968  0.30685539904468956  -5.899285074992383  -0.28336955775129746  -0.11918037290549635  0.9515764459327172  6.20175579128238  0.0  0.0  0.0  1.0
5494384561332;6.482396831003189;1.7963618875440988;-0.9376117348590087  0.3414523186316485  0.06553280671351473  5.465933417871846  -0.1239742927506989  -0.5044277496961742  0.8545074722162571  -5.893100030242825  0.3248301238980825  0.7930718501103948  0.5152886872141007  -5.465447291124863  0.0  0.0  0.0  1.0
5494384561363;2.945345827521586;1.4105811515555318;-0.047955956238484865  -0.9902587993311378  0.13072006964695887  0.4042506721729635  0.9931080065746462  -0.06128199016482827  -0.09990497964951595  -6.078336260269328  0.10694257121738204  0.12502810895431138  0.9863727786353007  -2.3728258733562497  0.0  0.0  0.0  1.0
5494384561394;1.7737978589250467;1.381268401104503;-0.9881162561855636  0.1254034505693939  0.08888328778299676  0.3898811783241237  -0.05557332895810332  0.24767481940597197  -0.967248049334158  2.8658884365189143  -0.1433103951928815  -0.9606930615016998  -0.23776242809189052  2.2330395333498303  0.0  0.0  0.0  1.0
5494384561425;2.0770362960670123;5.69605255721114;0.6543362607820874  0.722225805223314  -0.22412930217901456  3.7586617871018433  -0.7548771537610416  0.6413872302131304  -0.1370507338512202  8.205476127946906  0.04477209572205624  0.2588673544289914  0.9648746821507912  7.01836931637603  0.0  0.0  0.0  1.0
5494384561456;3.2026873730298178;0.08253642212962961;-0.004625194700487167  -0.986378405894496  -0.16442702928355413  1.2099570626566067  0.9977463401417573  -0.015558847128851461  0.06526992423581929  -3.547488096930428  -0.06693913883305586  -0.1637545805803709  0.9842274071733806  3.6778885888678743  0.0  0.0  0.0  1.0
5494384561487;2.7650958552301788;0.9014524448670198;0.803967857607212  -0.5944282591048293  0.017050768665117372  0.8679534216326434  0.592586879687176  0.8032178868586326  0.06067797172754136  -3.6322172617071087  -0.04976418347652534  -0.038679077134212536  0.998011750950338  -2.2719721971189046  0.0  0.0  0.0  1.0
5494384561518;5.145762913418466;2.7248549695021613;0.8635190739561474  0.30284606806486103  -0.40326054601407624  -5.500509417555948  -0.3311462901719382  0.9435793067668705  -0.000475759092894334  1.2472381148161347  0.38036422468376263  0.13394906083659386  0.9150850811163487  -2.4597777571064334  0.0  0.0  0.0  1.0
5494384561549;4.6377896203071325;0.5517985122661558;-0.9060307022970796  -0.4152310005025944  0.08180209481837705  5.289761626024107  0.42317181633396056  -0.8861980432224608  0.18862301569346607  1.0461083004085778  -0.005829267164670637  0.20551458442235968  0.9786366921559946  -4.905310009975345  0.0  0.0  0.0  1.0
5494384561580;4.567914726536869;2.61973439073266;0.8748445819662227  0.25228005111995533  0.4135235582300688  -3.3693292869750415  -0.19914820603666453  0.9655105782938977  -0.1677179633639794  0.8438386451592423  -0.4415732662160636  0.06437467677197042  0.8949128178508683  -1.8882012137492954  0.0  0.0  0.0  1.0
5494384561611;3.9710273671971175;1.7338500961276313;0.0869264466138443  0.5210789072899215  0.8490704124256313  7.760584688645937  -0.7716918463740844  0.5742314820590422  -0.2734042780426703  10.002003665538462  -0.6300281637505171  -0.6314546518870682  0.4520282463423433  4.8121150360811695  0.0  0.0  0.0  1.0
5494384561642;3.9300328799679396;2.0996853497788486;-0.40993414267262607  0.26052287243758887  0.8741177447049835  2.8870805099000894  0.40296900582534567  0.9114717085216714  -0.0826759028297724  -3.436357261052564  -0.8182725579019448  0.31835068321185245  -0.4786260163041236  9.439089066116257  0.0  0.0  0.0  1.0
5494384561673;1.856504570527757;1.716176186249489;0.3876586135387487  -0.9151228442249592  0.11077445250072772  0.8007674483751923  0.8073857095649656  0.3950674819619748  0.43823509750646567  -1.200902732372724  -0.4448023328844982  -0.0804479003694042  0.8920084192353023  -1.4384540144183826  0.0  0.0  0.0  1.0
5494384561704;3.161923902897827;1.7257154603962834;0.19837329172756984  -0.2615352322964351  -0.9445884603343502  2.7809384984925147  0.9264910563232417  0.36447577301750483  0.0936575327260768  -1.4214682051832606  0.31978486468595146  -0.893731913467871  0.31461231248450156  -1.3891516133903665  0.0  0.0  0.0  1.0
5494384561735;3.569181629467939;5.2625011088979265;-0.938832841518021  -0.29345743082265296  0.18020996637857453  15.776790622074525  -0.28858740351432  0.9559700762167219  0.05327779942019674  6.6115608069541985  -0.18791010143167425  -0.001987378465105252  -0.9821842210638357  -0.8485323304415879  0.0  0.0  0.0  1.0
5494384561766;3.9022771741523186;3.8586055237070647;-0.3952467450516204  0.868759903296651  -0.2983894115917879  9.436945720150359  0.9178597822163796  0.36070497809362656  -0.16560597503766725  -11.311495995864068  -0.03624128468748544  -0.33933486293404996  -0.9399672441536091  7.185164292830013  0.0  0.0  0.0  1.0
5494384561797;1.7821658772718727;2.0332556359863516;-0.9929136230208343  -0.1089356771587168  0.04749268850688789  19.3127581943631  -0.047526266167722736  0.7302915996613917  0.6814803250924859  -2.640449390673862  -0.10892103214620777  0.6743939484499972  -0.7302937840692796  8.866738610279075  0.0  0.0  0.0  1.0
5494384561828;3.031970333042847;2.6076629513687255;0.6264119699389712  -0.38075136372387347  -0.6801738328836151  2.2949337679463784  0.7224399976764712  0.6112685611220974  0.3231581593290524  -2.70323052522084  0.2927259702766358  -0.693814921435199  0.6579759578582418  0.016710617251719517  0.0  0.0  0.0  1.0
5494384561859;3.9115043062921147;1.718803383872879;-0.16599633344405076  -0.9381222319823971  0.30392745046062697  -4.88922640814732  0.9811737274430006  -0.12627236983439655  0.14612804382463332  5.145054800373213  -0.09870832720059702  0.32246234892894177  0.9414216375591168  1.4101418326228239  0.0  0.0  0.0  1.0
5494384561890;2.700280821168816;3.013033535822034;-0.47882330566393727  0.5743309156170424  0.6639821091863467  0.776587088346112  0.7638355336368422  0.6453685238234758  -0.00739905477936148  -3.1046379648286875  -0.4327626595569216  0.5036302888274268  -0.7477118513630922  6.415999434863366  0.0  0.0  0.0  1.0
5494384561921;4.363288827751439;2.5784295668279427;-0.02542013232032786  -0.8246379047398735  -0.5650894999369993  7.588319123666788  0.9989897287693126  -0.04190972528961473  0.016220257074514213  -6.458081141854931  -0.037058584514674614  -0.564106285191346  0.8248701475513515  1.6646022954995623  0.0  0.0  0.0  1.0
5494384561952;5.900960080460973;3.011622130364785;-0.14026085850805428  -0.8158655865812598  -0.560972580616023  2.166221723335168  0.9514751267612747  -0.2678007581840266  0.15158442225597082  -7.171314766272076  -0.27390139598987  -0.5124900960491601  0.8138377766645657  8.9340238860579  0.0  0.0  0.0  1.0
5494384561983;1.9280359265963185;1.39606498816194;-0.4760695858006178  -0.5147076902030685  -0.7130454004630069  7.399700396254405  -0.8600210161472781  0.10318253267749272  0.4997171367236277  0.5948649769407832  -0.1836344228640993  0.8511341601628265  -0.4917814963408943  2.8133675806193814  0.0  0.0  0.0  1.0
5494384562014;2.290467177188447;2.6946244465626488;-0.32594671510130335  0.9447306449861473  0.03525262172842536  4.039837913199657  -0.9436613013823725  -0.3273778485218941  0.048239947870022004  2.4677569002515813  0.057114684521552106  -0.017542882352494654  0.9982134842260797  1.5997950166009207  0.0  0.0  0.0  1.0
5494384562045;2.843775395138052;2.292487543767788;0.916602554655011  -0.3946869107745686  -0.06373381569572206  0.5848374200967315  0.3242006146917581  0.8270599964420552  -0.45920118000583915  -3.829588317831321  0.2339523845430836  0.400242432468743  0.886043044675658  -2.229267048305614  0.0  0.0  0.0  1.0
5494384562076;7.910208896373804;1.3539061585637429;-0.9601105044438121  0.21860697094271087  -0.17435254948494738  15.863913883155988  -0.2623198404136062  -0.9200935306681015  0.2908886318646483  -1.2098841145105257  -0.09683037014299006  0.3250213640331347  0.9407364095962333  5.813530337960309  0.0  0.0  0.0  1.0
5494384562107;6.000656068192277;0.15144314099691383;-0.13549407320957746  0.9887054962549313  0.06405308579894614  11.6151419400999  -0.9898038371669986  -0.1379440454841911  0.03549372120447297  2.6644989827971663  0.043928579018255254  -0.05859080124682503  0.9973150946188931  2.0056226364622143  0.0  0.0  0.0  1.0
5494384562138;3.161989247048879;1.971327231174176;-0.5587355423666055  -0.5734385399851233  0.599151762541032  5.292994706552697  0.2516070119697302  0.5711855623333005  0.7813072154470705  -3.449221116695978  -0.7902585053157978  0.587294895467108  -0.17486051736833064  9.313443198630745  0.0  0.0  0.0  1.0
5494384562169;5.267286062056453;1.6544314439994017;0.7467306846564925  0.6604853270442169  -0.07843734666432753  1.1804346545555555  -0.6491687252435581  0.7494066074381958  0.1302678121932947  2.4532157839553097  0.14482144439999017  -0.04635590024223375  0.9883713268577918  5.685322805183904  0.0  0.0  0.0  1.0
5494384562200;6.316421781002835;0.26331388010389634;0.012198515899404572  -0.9947753428640654  0.101356861827574  1.7669993241691224  0.9867479455685416  0.028377875372611938  0.1597597825036055  -1.5763202701167363  -0.16180138480901352  0.09806484293067788  0.9819386938372815  -5.824669775854354  0.0  0.0  0.0  1.0
5494384562231;6.809241551181215;0.30180221173464616;-0.1859726511045017  -0.955162866151144  0.23038678817826252  -0.25035770688198955  0.9822452547257458  -0.17484464893827123  0.06799711983906179  -5.048085508217195  -0.024666426776456897  0.23894193408354475  0.9707205156616897  6.321804797759036  0.0  0.0  0.0  1.0
5494384562262;9.226605709293516;3.384103456680054;0.11866888518608404  0.9378800808766203  -0.3260347367744053  5.195086340739103  0.9377148441730947  0.002118304764839679  0.3473994585521857  2.761095603429723  0.3265096732198306  -0.3469531188500646  -0.8792126970273417  -4.118246898371797  0.0  0.0  0.0  1.0
5494384562293;3.35198828640729;1.893151931964377;-0.9239885765721388  0.08267911756415969  -0.3733755132343378  5.82944443599009  -0.050896326100260014  -0.9942503865597087  -0.09421110770692954  3.082119978010077  -0.3790180396151208  -0.06804654542798341  0.922884062762831  2.237865946251437  0.0  0.0  0.0  1.0
5494384562324;6.007210908334361;1.0939932341479897;0.9092104408606291  -0.41562396270783475  -0.024353559350886733  0.4491102476148381  0.4154050885530294  0.9095335659654232  -0.013685933891076335  4.6700269681040645  0.027838581757529235  0.002326801507958394  0.9996097235223715  0.7185478980113787  0.0  0.0  0.0  1.0
5494384562355;2.8594967283924566;1.5535805523982622;0.5694945402501478  -0.8217089170847396  -0.02168926482611694  -0.22576902258644527  0.8217955354481385  0.5685766160334295  0.037050365956107945  -5.786211572366213  -0.01811260728830036  -0.038924122127528715  0.9990779980431064  1.8849098561694826  0.0  0.0  0.0  1.0
5494384562386;7.555953592991905;2.639372966365727;-0.9106409498887517  0.2858681331629948  -0.29834957822597474  1.2676630679559688  -0.3431241267301205  -0.9254663061006745  0.16055513049437417  2.3727659476962497  -0.23021488666331927  0.24857901503199653  0.9408557696290749  8.527964860306977  0.0  0.0  0.0  1.0
5494384562417;3.909277903469262;0.059659916752686754;0.20468517227138108  -0.971745729819564  0.11753389651363796  6.83315701939725  0.9774501019285118  0.20928691030729848  0.028112051045186492  -4.322302773839381  -0.05191607161734685  0.10912939911622471  0.9926708899511233  -0.05361727289680873  0.0  0.0  0.0  1.0
5494384562448;8.322743061723811;1.6986692519416295;-0.8931055029732643  0.14496425975724528  -0.4258496494678681  10.701739127031058  0.449438272890772  0.24718533934853726  -0.8584315038907345  -7.327668653737722  -0.01917809739864854  -0.9580630310184098  -0.2859150733626781  4.256655136927368  0.0  0.0  0.0  1.0
5494384562479;5.142564597723577;1.3133308217044055;0.9605161460144561  0.27095975477918827  -0.06316284141438396  2.790262794700023  -0.26915479310600965  0.962435686629274  0.03568257908979383  -3.818203884149829  0.07045871552616806  -0.017273111834308567  0.997365133245574  2.119879957254784  0.0  0.0  0.0  1.0
5494384562510;7.409784479444804;0.3994252411537276;-0.2927054727663998  0.8875336446870032  -0.35581952695320673  3.6918945115220203  -0.9522539689315779  -0.304346012161986  0.02420503119506462  6.520993085787543  -0.08680947452125448  0.3459155018638247  0.9342411790879493  7.995676576941667  0.0  0.0  0.0  1.0
5494384562541;3.4584512201369555;1.3895190999574467;0.1814906053494425  -0.8810847174873602  -0.4367503643731867  5.901034019490838  0.9032129086274728  -0.02630071720032911  0.4283861738705492  -9.117776730733238  -0.3889313588007439  -0.4722266329687121  0.7910337573431617  0.31604036631180077  0.0  0.0  0.0  1.0
5494384562572;8.23556210803444;0.35546110297262884;-0.5114215015452386  0.8118600773838895  -0.2816580595463915  5.033122550273278  -0.7519911338805048  -0.5814425445001035  -0.31053808463755  -1.2474968718565145  -0.41588145224610173  0.05298851003255545  0.9078737993147515  10.081541144012213  0.0  0.0  0.0  1.0
5494384562603;7.97771549928889;3.4023306580761172;-0.06965512406717302  -0.9661191109181011  -0.2485196716761161  -4.81003180725679  -0.9388679105619424  0.1476880944849964  -0.3109907928933642  9.809961501226022  0.33715754508573487  0.21166504261735933  -0.9173454635662361  4.520148296160477  0.0  0.0  0.0  1.0
5494384562634;7.765621830691003;7.790439933733707;0.8365313213263795  -0.31632343659226436  -0.44738666933917565  -6.436356068036765  -0.5005856332607894  -0.10923811448796292  -0.8587671734038331  -10.55552256824234  0.22277650731806425  0.9423409774628153  -0.24972807207358588  3.28910373282176  0.0  0.0  0.0  1.0
5494384562665;9.270386005314265;3.981032893329819;-0.7067795174977282  -0.7007034154257437  0.09735213020975114  -2.479837133144031  -0.58077004454824  0.4961360903501398  -0.6454108266891048  1.37416406459113  0.40394166534428466  -0.5127023536739184  -0.7576063803427939  -1.361284700003421  0.0  0.0  0.0  1.0
5494384562696;6.577937540194185;0.1079702051353384;0.37592931141209024  0.9242158252526714  -0.06709889100242736  2.2322776713863326  -0.9118399250283096  0.35605717370742085  -0.20438013645129594  7.132551675563614  -0.16500031498636142  0.13801593170358073  0.9765892169435388  7.422019073139474  0.0  0.0  0.0  1.0
5494384562727;4.59848726203546;4.676008380732913;0.9682735692237061  0.24985442649853506  -0.004365856373380779  -5.16292014309551  -0.24878004070481788  0.9621689260973016  -0.11108307251635649  2.3177813515869623  -0.02355390603899858  0.10864494103202932  0.9938015346629591  4.657144126904603  0.0  0.0  0.0  1.0
5494384562758;5.063388290222;2.3558982263824917;0.45824013430882016  -0.8826086365695931  -0.10496653734118946  6.350015032533455  0.7339390847765312  0.4423504965990507  -0.5154216312844877  -4.051390716044281  0.5013475831656347  0.15914783319712036  0.8504837259128705  -0.33483860030504875  0.0  0.0  0.0  1.0
5494384562789;4.438629717023098;4.076239369043653;0.6021082506146852  -0.7957663121052847  0.06497407990943166  2.666573595164871  0.7946153775068959  0.6051849989803245  0.048347893839932016  -2.819041075551858  -0.07779496366279753  0.022518737254530297  0.9967150295351049  -0.41832303371107393  0.0  0.0  0.0  1.0
5494384562820;8.161517273743991;1.7170282285615353;-0.7779870463743098  -0.6245765424900254  -0.06811973462208296  1.3703954085198156  0.6221336280213025  -0.7507051691596083  -0.22224198046745106  -8.77357532851313  0.08766929085391788  -0.21528095960453408  0.9726089676087312  5.973968956252172  0.0  0.0  0.0  1.0
5494384562851;6.219799808788275;2.1942953139678383;-0.3539813836211183  0.8803311491604582  -0.3157756289955034  5.536948368863468  -0.9294396162341212  -0.36870884773078216  0.013992332886558748  8.844524123796125  -0.10411138181893506  0.29844740478494014  0.9487307135077299  5.950899841398298  0.0  0.0  0.0  1.0
5494384562882;6.86050681050468;4.527646236689223;-0.8922130625936153  0.33184356612940735  -0.30632613103657963  12.289775018709271  -0.3371775195786004  -0.9407135389887973  -0.03700483554882374  0.8201334512372194  -0.3004449554047207  0.07027008738923414  0.9512070981601035  6.729294822123297  0.0  0.0  0.0  1.0
5494384562913;3.2808971466396697;7.060181235625146;0.9434919860962964  0.3257502046968225  0.06090711216307332  -6.266851975066479  -0.1982800570412142  0.4076297320323857  0.891360208076925  1.9072323230681965  0.2655332204297608  -0.8530678787196155  0.44918515463560915  -0.10283886700656675  0.0  0.0  0.0  1.0
5494384562944;2.926015559566035;3.249810936846738;0.8346339739527943  -0.5507937807492175  0.003512920686563931  -1.4931221921946092  -0.2386917574030909  -0.3674297392844  -0.8989002345295183  -4.164669134814683  0.4963994102248624  0.7494141697201765  -0.43813927894110094  -0.45186533014345587  0.0  0.0  0.0  1.0
5494384562975;7.45090069206603;8.648600406082355;-0.9830422191354696  0.1833773917427291  0.000852991702912845  8.180359556610524  -0.18116872607079215  -0.9704609979203707  -0.15932151207318054  -0.13479620246154944  -0.028388168153260965  -0.15677430820460353  0.9872263814322781  -0.5184871329164173  0.0  0.0  0.0  1.0
5494384563006;1.7422069969351626;9.127950513574048;0.977035784001133  -0.20900032881952813  -0.04147215131410775  -7.052266676189108  0.20709741030591888  0.9772439441920937  -0.04587958352537441  -6.334243552089963  0.05011725676723627  0.036237219722392744  0.9980857300256918  -0.9660339743535342  0.0  0.0  0.0  1.0
5494384563037;5.728273913522797;0.11163484708106108;-0.5799974459019209  -0.8121788973383701  -0.06299524954691563  1.0938141679241915  0.8105141243050722  -0.5675945035993644  -0.14457985262744635  -3.9234879782342515  0.08166894788860418  -0.1349144847746928  0.9874858301508679  4.078131876387517  0.0  0.0  0.0  1.0
5494384563068;4.596809114569144;2.93193771869963;0.7478052588386124  -0.6421706460328298  0.1685353263476077  -0.8876038313849361  -0.40363105119267906  -0.6412881663398383  -0.6525576313442221  7.338274458849078  0.5271330660909156  0.41995993747769145  -0.7387586761232143  5.09216515453107  0.0  0.0  0.0  1.0
5494384563099;7.571012982470478;2.9222497887028047;-0.5794792937291787  0.5857712823538547  -0.5666354673938552  2.783600537994424  -0.8088620009682637  -0.32829025917226806  0.487819402158444  -1.2110745696374152  0.09972969231251452  0.7410111406059463  0.6640455390777996  -7.467639027526915  0.0  0.0  0.0  1.0
