# registration_from_features.py RANSAC RANSAC_config.json euclidean True --use_random_keypoints=True --n_keypoints=5000 --input_txt=/neural_comparison/point_clouds_registration_benchmark//kaist/urban05_global.txt --input_pcd_dir=/neural_comparison/point_clouds_registration_benchmark//kaist/urban05/ --input_features_dir=/neural_comparison/experiments/3DFeatNet/feature_extraction_voxelgrid_0.1_npz/kaist/urban05/ --output_dir=/root/neural_registration_comparison/results/3DFeateNet/RANSAC_mutual_on
id;initial_error;final_error;transformation
34562489690030;3.026378295279987;7.02633889902663;0.6394246673907102  -0.548358749751781  -0.5389237203008818  4665143.392449275  0.5275217622126896  0.8228335681355698  -0.21134263540825107  1054930.5625836505  0.5593361110497854  -0.1491562962799428  0.8154112546168049  807181.9469570665  0.0  0.0  0.0  1.0
34562489690061;2.3389289960652655;2.3389289960652655;1.0  0.0  0.0  0.0  0.0  1.0  0.0  0.0  0.0  0.0  1.0  0.0  0.0  0.0  0.0  1.0
34562489690092;2.8315574878443655;2.8315574878443655;1.0  0.0  0.0  0.0  0.0  1.0  0.0  0.0  0.0  0.0  1.0  0.0  0.0  0.0  0.0  1.0
34562489690123;1.8101091339027975;0.15300623044521344;-0.04962433237632356  -0.9973873340963915  0.05249696581990909  8761944.923415504  0.9885808520516987  -0.04156225689707681  0.14484639366708096  7685508.549200481  -0.14228606605336225  0.0590854007832215  0.9880605198171538  -375430.0910803712  0.0  0.0  0.0  1.0
34562489690154;2.62470578061902;2.62470578061902;1.0  0.0  0.0  0.0  0.0  1.0  0.0  0.0  0.0  0.0  1.0  0.0  0.0  0.0  0.0  1.0
34562489690185;5.512606798611554;4.473842757369787;0.5616175310797724  0.6876949360127803  -0.46006676011883174  -5224923.270013254  -0.7745321275851688  0.6325345708642267  0.0  3500662.3259945754  0.29100813068066045  0.3563364865460543  0.8878843259308958  -3071413.0114792148  0.0  0.0  0.0  1.0
34562489690216;1.5460191220852306;1.5460191220852306;1.0  0.0  0.0  0.0  0.0  1.0  0.0  0.0  0.0  0.0  1.0  0.0  0.0  0.0  0.0  1.0
34562489690247;5.3501947700473025;3.2351046055757298;0.9518122671973357  0.06596125839728467  -0.2995037902987437  -496813.05388180795  0.18784577060611518  -0.8973532298274329  0.39933838706499153  15133466.225012027  -0.242419831032987  -0.43635569585937667  -0.866502355572688  3681344.039727407  0.0  0.0  0.0  1.0
34562489690278;1.7336325432466153;7.306303864207223;-0.2527407400393559  0.7221164001604828  -0.6439487735399644  -4929795.11856677  -0.9438583563728696  -0.3303504247085285  3.574633775315996e-17  11366264.758214736  -0.21272875082946321  0.607796430981756  0.7650686093785157  -4740547.314249345  0.0  0.0  0.0  1.0
34562489690309;1.8806280573322476;1.8806280573322476;1.0  0.0  0.0  0.0  0.0  1.0  0.0  0.0  0.0  0.0  1.0  0.0  0.0  0.0  0.0  1.0
34562489690340;1.342499596526476;1.342499596526476;1.0  0.0  0.0  0.0  0.0  1.0  0.0  0.0  0.0  0.0  1.0  0.0  0.0  0.0  0.0  1.0
34562489690371;2.166541248145545;1.9320418203500762;-0.9410384990333867  0.3380683018780517  -0.012504663221422636  -1357516.7776094181  -0.3382979534535576  -0.9405024712600353  0.031774144251277156  15849660.998167802  -0.0010188356713649379  0.034130994990725416  0.999416848544599  -273874.2262957366  0.0  0.0  0.0  1.0
34562489690402;1.8237522520831808;1.8237522520831808;1.0  0.0  0.0  0.0  0.0  1.0  0.0  0.0  0.0  0.0  1.0  0.0  0.0  0.0  0.0  1.0
34562489690433;1.485279001754726;1.485279001754726;1.0  0.0  0.0  0.0  0.0  1.0  0.0  0.0  0.0  0.0  1.0  0.0  0.0  0.0  0.0  1.0
34562489690464;3.2048953782106575;3.2048953782106575;1.0  0.0  0.0  0.0  0.0  1.0  0.0  0.0  0.0  0.0  1.0  0.0  0.0  0.0  0.0  1.0
34562489690495;1.6045786219463427;8.419653967732765;0.7000880548007579  -0.7139222077610117  0.013849071843765826  5954487.96318943  -0.712781677740801  -0.6998651330241071  -0.04616357280538713  14176908.001748597  0.04264968232355576  0.02244720122402441  -0.9988378886260315  -210258.92256563375  0.0  0.0  0.0  1.0
34562489690526;5.298220209160753;5.240464582058518;0.57731622892326  0.8160681861170582  -0.02717880478315187  -6268859.865831083  0.8162723387158788  -0.5776416895880454  -0.005435760956630377  12119725.40293587  -0.02013556229996678  -0.01904715352703555  -0.999615808735227  167660.648731909  0.0  0.0  0.0  1.0
34562489690557;4.725165945981713;2.2344713702461605;0.7146654681649031  0.6800921224696737  0.1634869217012005  -5271361.259871433  -0.6908652164694802  0.7228671372318483  0.012975152515872376  2715084.262876709  -0.10935502405110678  -0.1222203209982958  0.9864601724600216  1060180.6730393725  0.0  0.0  0.0  1.0
34562489690588;1.3460500527468555;1.3460500527468555;1.0  0.0  0.0  0.0  0.0  1.0  0.0  0.0  0.0  0.0  1.0  0.0  0.0  0.0  0.0  1.0
34562489690619;1.8205673160604245;3.7155231317447504;0.8157692565413784  -0.5038843295021191  -0.2839385542051773  4183515.0676423116  -0.15427531312141116  0.28356498246208395  -0.9464618473465098  5872715.069921933  0.5574223244930339  0.8158991869118865  0.1535866822133516  -6955892.317565099  0.0  0.0  0.0  1.0
34562489690650;2.1392684506950816;2.1392684506950816;1.0  0.0  0.0  0.0  0.0  1.0  0.0  0.0  0.0  0.0  1.0  0.0  0.0  0.0  0.0  1.0
34562489690681;1.8732202401465774;1.8732202401465774;1.0  0.0  0.0  0.0  0.0  1.0  0.0  0.0  0.0  0.0  1.0  0.0  0.0  0.0  0.0  1.0
34562489690712;2.5869430889270166;4.155325500370307;0.48221396926380683  0.8509658281359097  -0.20815102015558617  -6482786.716385316  -0.8700221858544052  0.4930125719706584  0.0  4690217.3225485785  0.10262106980522186  0.18109600554358735  0.978096699109137  -1529114.2781761922  0.0  0.0  0.0  1.0
34562489690743;3.8819775247609996;3.8819775247609996;1.0  0.0  0.0  0.0  0.0  1.0  0.0  0.0  0.0  0.0  1.0  0.0  0.0  0.0  0.0  1.0
34562489690774;1.586561897713293;1.586561897713293;1.0  0.0  0.0  0.0  0.0  1.0  0.0  0.0  0.0  0.0  1.0  0.0  0.0  0.0  0.0  1.0
34562489690805;1.205521164189387;1.205521164189387;1.0  0.0  0.0  0.0  0.0  1.0  0.0  0.0  0.0  0.0  1.0  0.0  0.0  0.0  0.0  1.0
34562489690836;2.065099418152508;2.065099418152508;1.0  0.0  0.0  0.0  0.0  1.0  0.0  0.0  0.0  0.0  1.0  0.0  0.0  0.0  0.0  1.0
34562489690867;2.727894652051314;2.727894652051314;1.0  0.0  0.0  0.0  0.0  1.0  0.0  0.0  0.0  0.0  1.0  0.0  0.0  0.0  0.0  1.0
34562489690898;2.29580039724926;3.980659551637343;-0.6763184554110065  0.6621874412591418  -0.32264708197834413  -4150318.84988321  0.6444351770228275  0.7440676761329057  0.1762571869449121  1606502.2596101062  0.3567865601252754  -0.08871914096094095  -0.9299635823735929  463487.44947664783  0.0  0.0  0.0  1.0
34562489690929;2.300657442855721;2.300657442855721;1.0  0.0  0.0  0.0  0.0  1.0  0.0  0.0  0.0  0.0  1.0  0.0  0.0  0.0  0.0  1.0
34562489690960;1.3464116655749152;1.3464116655749152;1.0  0.0  0.0  0.0  0.0  1.0  0.0  0.0  0.0  0.0  1.0  0.0  0.0  0.0  0.0  1.0
34562489690991;1.2386766652537227;0.06539380558493398;0.28789132087024405  -0.9521177377971938  -0.1029096727209861  8160561.617454111  0.9424287640375053  0.3007621237097098  -0.14618539481208886  4963846.121550459  0.17013703912531064  -0.05489952926555271  0.9838899479129228  322198.58186473267  0.0  0.0  0.0  1.0
34562489691022;4.77837015482652;6.304506464573304;-0.03579160736274739  -0.6840463093599616  0.7285599546320173  6231037.67561007  -0.9120140727906911  0.3204248596213206  0.2560434345348328  6108193.161962898  -0.40859428761808114  -0.6552927254194671  -0.6353283813416493  5559465.966508015  0.0  0.0  0.0  1.0
34562489691053;2.167491542430286;0.5373968265048479;-0.9635450013049578  -0.2624173762797731  0.0521358905809442  3490412.2414934696  0.24731915255717898  -0.9479518065209744  -0.20055076487518064  15498523.26977367  0.10205031719023233  -0.1803454827270734  0.9782950677690813  1379294.5953497966  0.0  0.0  0.0  1.0
34562489691084;2.4865787628779126;2.4865787628779126;1.0  0.0  0.0  0.0  0.0  1.0  0.0  0.0  0.0  0.0  1.0  0.0  0.0  0.0  0.0  1.0
34562489691115;1.9042244213164048;1.9042244213164048;1.0  0.0  0.0  0.0  0.0  1.0  0.0  0.0  0.0  0.0  1.0  0.0  0.0  0.0  0.0  1.0
34562489691146;2.204368269441607;2.204368269441607;1.0  0.0  0.0  0.0  0.0  1.0  0.0  0.0  0.0  0.0  1.0  0.0  0.0  0.0  0.0  1.0
34562489691177;3.9205161639220982;20.025190667167593;-0.2041989077957442  -0.7313154825495132  0.6507537714361692  6729533.765619123  -0.5542550044891691  0.634318214578947  0.5389265187871981  3331391.9267047187  -0.8069102775734958  -0.2506353279901891  -0.5348623526754468  2583513.8053418696  0.0  0.0  0.0  1.0
34562489691208;2.3565380774100433;2.3565380774100433;1.0  0.0  0.0  0.0  0.0  1.0  0.0  0.0  0.0  0.0  1.0  0.0  0.0  0.0  0.0  1.0
34562489691239;2.888227844794611;0.05077548274231235;-0.9889045207874096  -0.055983622399595256  -0.1375997194373676  1847395.9747785898  0.029751568811853688  -0.9821420361861471  0.18577369272682667  15926359.654395185  -0.1455427528922556  0.17961863705959752  0.9729103002339914  -1342880.4411995544  0.0  0.0  0.0  1.0
34562489691270;2.5432202258587244;2.5432202258587244;1.0  0.0  0.0  0.0  0.0  1.0  0.0  0.0  0.0  0.0  1.0  0.0  0.0  0.0  0.0  1.0
34562489691301;2.1034157138496146;1.9917725248347502;-0.23384760048959147  -0.8107896578252278  0.5365961521562654  7390141.253349091  -0.7515654826947389  0.5008698929823205  0.42927692172501236  4543804.038941373  -0.6168181457829237  -0.302901768016511  -0.7264887431787141  2870641.1975389333  0.0  0.0  0.0  1.0
34562489691332;1.5400005703685937;1.5400005703685937;1.0  0.0  0.0  0.0  0.0  1.0  0.0  0.0  0.0  0.0  1.0  0.0  0.0  0.0  0.0  1.0
34562489691363;3.2280224062918226;3.2280224062918226;1.0  0.0  0.0  0.0  0.0  1.0  0.0  0.0  0.0  0.0  1.0  0.0  0.0  0.0  0.0  1.0
34562489691394;2.3976719802288198;2.3976719802288198;1.0  0.0  0.0  0.0  0.0  1.0  0.0  0.0  0.0  0.0  1.0  0.0  0.0  0.0  0.0  1.0
34562489691425;1.0094624480211292;0.030994486328250474;0.2121220103868861  0.9771783468326811  -0.011257494871152893  -7308508.107369444  -0.9512942285218492  0.2091127870543109  0.22651960858035855  7031482.371198522  0.22370414276549708  -0.03734060486557402  0.9739415463660168  143275.85120267965  0.0  0.0  0.0  1.0
34562489691456;2.09075176249572;1.9486349091530517;-0.6750732745138255  0.7373539869104005  -0.02419032915275673  -4755820.030155512  0.7290893488978013  0.6717986866742967  0.1308252494989811  2128409.881578142  0.11271555066166247  0.07067971823675845  -0.9911102774510062  -647525.5096064172  0.0  0.0  0.0  1.0
34562489691487;4.819526363868169;1.4994758699718675;-0.18470778085662848  0.981102975100405  0.057619336512619954  -7061313.699518249  0.9826643670566665  0.1834155178263146  0.02700906399019235  5879598.9154985845  0.01593039259218406  0.06160925311704184  -0.9979732073168194  -506607.87529616593  0.0  0.0  0.0  1.0
34562489691518;0.9081270063423241;0.9081270063423241;1.0  0.0  0.0  0.0  0.0  1.0  0.0  0.0  0.0  0.0  1.0  0.0  0.0  0.0  0.0  1.0
34562489691549;2.7018815013951687;2.7018815013951687;1.0  0.0  0.0  0.0  0.0  1.0  0.0  0.0  0.0  0.0  1.0  0.0  0.0  0.0  0.0  1.0
34562489691580;4.668438872941319;2.077610585517901;-0.08002591017375515  0.8574929257213523  -0.5082339382987893  -6140247.615434529  0.13337651696143427  0.5144957554128463  0.8470565638641854  3812373.9365467196  0.9878292152108574  0.0  -0.1555424108592306  -693825.8435901323  0.0  0.0  0.0  1.0
34562489691611;3.9959073484826004;0.018858011900456894;-0.704125303525568  -0.6988886523336459  -0.12554763468217034  6819862.095975366  0.7079445381039344  -0.7046403173257139  -0.04792237648452244  13217419.91215111  -0.05497352002404393  -0.12262412013294138  0.9909294814757448  1025176.5386264784  0.0  0.0  0.0  1.0
34562489691642;3.292173022565408;1.5868762521601352;-0.8636199441674374  -0.18187221561725755  0.4701947354264  2772223.6681548436  -0.317046886330254  0.9210756407239407  -0.22605516126218622  857726.5676332731  -0.391971764167425  -0.3442995225838281  -0.8531213130874326  3045687.3286568304  0.0  0.0  0.0  1.0
34562489691673;1.953679954832125;2.12583632105432;-0.9002118580669021  -0.1293565079416501  -0.4157950269650633  2375456.589237103  0.43338475254833075  -0.3590854691055705  -0.8265804752931528  10630220.39218522  -0.04238238849284148  -0.9242967703775524  0.3793141355331589  7466270.539863516  0.0  0.0  0.0  1.0
34562489691704;2.008186623570813;1.626769100133088;-0.4473174006449953  0.31891640840546437  0.8355833097483243  -1549317.1389373052  -0.8239532441322551  -0.5103223979334213  -0.24631707543614395  12730320.14083884  0.3478623212768768  -0.7986634927284719  0.49104829784718856  6181481.660771923  0.0  0.0  0.0  1.0
34562489691735;2.8076941945791956;2.575698017388775;0.05939535457498743  -0.9968960711431271  0.05167606016627699  8681570.784125725  -0.1401827387399736  0.04292471960628974  0.9891947574699743  7798745.521761623  -0.9883425477101915  -0.0659976650050482  -0.13719809255091564  1225468.8871071585  0.0  0.0  0.0  1.0
34562489691766;1.8275291698076832;1.8275291698076832;1.0  0.0  0.0  0.0  0.0  1.0  0.0  0.0  0.0  0.0  1.0  0.0  0.0  0.0  0.0  1.0
34562489691797;3.7232768051076097;0.09369579589293373;-0.7535599877588091  0.6566414428588273  -0.031134552658111714  -4051213.3951630513  -0.6491018027731221  -0.7507287705012491  -0.12277280960524573  14541941.443529848  -0.10399131928015126  -0.07230718264432862  0.9919463074443161  654819.272237274  0.0  0.0  0.0  1.0
34562489691828;2.886530052875628;3.8939760773787784;-0.16515267821731847  0.9824195099935252  -0.08704308853509884  -7086068.785990322  -0.9855809591764998  -0.16768728147023854  -0.022608594424495917  10086422.122370647  -0.03680714314337963  0.08205414076817306  0.9959479666109168  -634320.6481740234  0.0  0.0  0.0  1.0
34562489691859;3.863192297346279;3.4816120147384604;-0.36702793331138645  0.9300696973133188  0.01615098475896366  -6522732.509369632  -0.9251477047104015  -0.3631666082712841  -0.11050673782990494  11617618.934791882  -0.09691346984938792  -0.05550110608126112  0.9937441353716296  514624.3589026377  0.0  0.0  0.0  1.0
34562489691890;3.6706534983214847;0.05038254685749956;0.712288772206269  -0.7017869113912218  0.01182522679931686  5848430.702332072  0.7018610634068677  0.712305356845454  -0.0034822812424259303  1821626.9236153057  -0.005979352997348114  0.01078005608704044  0.9999240159774615  -82539.6233681006  0.0  0.0  0.0  1.0
34562489691921;3.2786406111649433;3.2786406111649433;1.0  0.0  0.0  0.0  0.0  1.0  0.0  0.0  0.0  0.0  1.0  0.0  0.0  0.0  0.0  1.0
34562489691952;2.441651137137093;4.353345451202445;0.7979223471806608  -0.5719483283252428  -0.19024993454838623  4743732.852465844  0.5588158063101905  0.8202421724759416  -0.12217885704916137  1053778.881039177  0.22593101267333063  -0.008825430182600132  0.9741033257794038  -87680.45700916661  0.0  0.0  0.0  1.0
34562489691983;3.0513635683647133;1.672652724738724;0.2527370216060705  -0.967073179795623  0.029890848594100267  8305787.758899554  -0.956050072311233  -0.2543637179798862  -0.14583332338369914  10763960.114228968  0.14863464314680647  0.008280331843077388  -0.9888575119607422  -170756.56292577632  0.0  0.0  0.0  1.0
34562489692014;1.9745718167701451;0.02152583046786628;-0.9883403165889718  -0.15171237096382048  0.012914143461606895  2617507.3120699693  0.15187362421733713  -0.9883198407793169  0.01258151775569041  15890788.71226256  0.010854532320737437  0.014396139013005693  0.999837451943873  -123451.211706444  0.0  0.0  0.0  1.0
34562489692045;1.2175878921579373;3.081508189591917;0.7272126822761439  -0.3658931734744168  0.5807614831766625  3135416.054388904  0.44945948129176105  0.8933007190621427  0.0  542701.7172824992  -0.518794650525309  0.2610287549828165  0.8140737679463965  -1735644.0366035071  0.0  0.0  0.0  1.0
34562489692076;4.820847866328376;4.7268283848515065;0.6147600461789071  0.5752606898309106  -0.5395787471327727  -4357637.411196012  -0.4682429445229126  0.8167128881318951  0.33723671695675606  1803569.0765734455  0.6346799433782513  0.045334281669875146  0.77144421209758  -810615.3600373373  0.0  0.0  0.0  1.0
34562489692107;1.0951736045872003;0.08527892367034054;0.4891453299230341  0.7996531581263361  -0.34826954060477877  -6074731.0551130045  -0.8561312069362597  0.516494103327744  -0.01652869436869219  4491365.650371839  0.16666194143940083  0.30624935579727675  0.9372487019726422  -2580972.4823772325  0.0  0.0  0.0  1.0
34562489692138;2.6395870453587285;2.6395870453587285;1.0  0.0  0.0  0.0  0.0  1.0  0.0  0.0  0.0  0.0  1.0  0.0  0.0  0.0  0.0  1.0
34562489692169;2.994782826868506;2.9816625163178636;-0.8287305695133871  0.5366813932467711  0.1586780554983012  -3033421.665084888  -0.11843036722872397  -0.44528658367329066  0.8875213273598774  11711075.927957205  0.546973391740482  0.7167237546944246  0.4325819785712749  -6150480.984337515  0.0  0.0  0.0  1.0
34562489692200;5.292190560418294;5.999009777036283;0.17803011255630974  -0.607424213924117  -0.7741712364599043  5464734.95149616  -0.974738865492525  -0.2166869572357758  -0.05413784870353388  10473864.529331867  -0.13486816941566807  0.7642529600221187  -0.6306567925392517  -6053951.047568621  0.0  0.0  0.0  1.0
34562489692231;1.8630711678931846;0.6201954409617163;0.555236334123807  -0.8287109464736021  -0.07036178269190632  6980009.802135254  0.8307699779772283  0.556615885231203  0.0  2983668.118487687  0.03916448595950095  -0.058454456657393544  0.9975215383822132  442795.3236468159  0.0  0.0  0.0  1.0
34562489692262;5.46562893652775;5.374996628138375;0.056892599543089006  0.8516358858862018  -0.5210369948363114  -6189320.250173209  0.8904232673865247  -0.2793280252423397  -0.35933585850972427  9667517.312713984  -0.4515635470384378  -0.44349991227173824  -0.7742081056156833  3885739.1719348887  0.0  0.0  0.0  1.0
34562489692293;5.069828729190322;0.052290923038831816;0.703023591353857  0.7076008653869903  -0.07112556012789703  -5484474.340162694  -0.71116647329939  0.6995377911544419  -0.06992228544370971  2917046.8982863836  0.00027794753668640426  0.09973912998590663  0.995013582166003  -802668.9002616493  0.0  0.0  0.0  1.0
34562489692324;3.2273635158321206;2.084269890409981;-0.744727568446669  0.4786068459500546  0.4650982001741701  -2625011.6760738073  0.38652305200701514  0.8774549619186885  -0.28402943522011  714449.9320171624  -0.5440411556699493  -0.03175337484446328  -0.8384574790192362  637951.256462146  0.0  0.0  0.0  1.0
34562489692355;1.3752959580528585;0.08120192700154166;-0.16561514954721615  0.9860993797842735  -0.013402814238965062  -7115154.472819798  -0.985724032528034  -0.16593946877946816  -0.028499550836092305  10073290.968704604  -0.03032744527856476  0.008491518725108874  0.9995039470520451  -47018.8655799335  0.0  0.0  0.0  1.0
34562489692386;5.158940174423677;3.166901522092189;-0.4614574025221238  -0.17187044814987779  -0.8703548786042937  2409599.069432244  -0.13812665683363545  0.9830098770426062  -0.12088262202915598  233743.47465715557  0.8763435926219224  0.06443702886881773  -0.47735707492511437  -1133858.7483088372  0.0  0.0  0.0  1.0
34562489692417;4.03283871174125;1.9494484740203883;1.0  0.0  0.0  2.5  0.0  1.0  0.0  1.5  0.0  0.0  1.0  9.983699999999999  0.0  0.0  0.0  1.0
34562489692448;4.000054921873328;4.000054921873328;1.0  0.0  0.0  0.0  0.0  1.0  0.0  0.0  0.0  0.0  1.0  0.0  0.0  0.0  0.0  1.0
34562489692479;2.0170795377863655;3.879087717058778;-0.09551604588795909  0.9701315197925113  -0.22298322646109892  -7035726.902556236  0.9583679923640006  0.1501772366716178  0.24285301891858835  6164108.133636802  0.26908637310373895  -0.1905036269753133  -0.9440873327818387  1343965.4546833269  0.0  0.0  0.0  1.0
34562489692510;1.1740247611060295;1.3474108436845458;0.5810550718621261  -0.811701373703947  -0.059294885027499564  6824895.733819938  0.8113270352652635  0.5834526399365564  -0.03648916001692281  2781496.942072686  0.0642140585150686  -0.02690533177993419  0.997573384674448  171369.43948537757  0.0  0.0  0.0  1.0
34562489692541;3.354655951863199;4.538184904193028;0.4951551068598501  0.8680161560774547  -0.03700503937480176  -6629225.385274314  0.6721304585756033  -0.4097063273183577  -0.6167506562706295  10870119.708494922  -0.5505107326888004  0.28051502302697234  -0.7862882773198497  -1870027.2780796068  0.0  0.0  0.0  1.0
34562489692572;1.8393631220032445;1.154628560907421;0.9362442968581197  0.289287698544716  -0.1993972017640838  -2282703.2970045973  0.216681610436312  -0.9221467364908544  -0.32045978855075286  15312829.946556553  -0.2765785535781319  0.2568229426082654  -0.9260379473059732  -1871741.289112961  0.0  0.0  0.0  1.0
34562489692603;2.6663199487245373;0.11585475140937779;-0.9678392257491115  0.238459848217653  0.08015069487768103  -536417.9140656559  -0.22263785478856082  -0.9602391761387565  0.1684431958361936  15927934.935296252  0.11713077612868836  0.1451813534734281  0.9824473298284825  -1250365.1484817048  0.0  0.0  0.0  1.0
34562489692634;2.141177615887272;2.961686244755016;-0.9448760359200422  0.04095497520607631  -0.32485684039265267  1036841.4183202316  0.024652732229275415  0.9982288311167943  0.05414280673210877  -3077.520394240506  0.32649888137275357  0.04314963189957138  -0.9442121529239457  -576258.4780596595  0.0  0.0  0.0  1.0
34562489692665;3.9424089616480122;2.419800603155768;-0.2799693365830068  -0.9286946843805112  0.2431940660802686  8371211.848456821  -0.8602416682264333  0.35514149227159597  0.3658671790610728  5792651.3691697065  -0.42614720792265465  -0.10677407770843504  -0.8983305925488897  1158731.0388692522  0.0  0.0  0.0  1.0
34562489692696;1.8711162461125304;3.8661585071246694;0.7663080235679187  0.6420481634156262  -0.02337025609724836  -5001585.258375818  0.624834384190414  -0.7363108968194247  0.2596695121849308  13530901.671359537  0.14951255916750184  -0.21358937024017638  -0.9654147168816046  1613726.3644589465  0.0  0.0  0.0  1.0
34562489692727;3.310271605615024;4.771492197452834;0.3579694487102498  -0.9337222978060764  -0.004532589747684137  7963330.84980106  -0.9286666788963218  -0.3555178356893725  -0.10576042745006715  11558261.224299353  0.097139452838465  0.042068266977442245  -0.9943813089633968  -406430.37045256  0.0  0.0  0.0  1.0
34562489692758;4.511424934062755;0.10412555928326898;-0.676342517739141  0.735984946456701  0.029781828140776512  -4744039.554682104  -0.7295731509931845  -0.6749207652736657  0.11047614200489503  13988456.981548775  0.10140915169823721  0.05299168983469371  0.9934324661295846  -497601.7703499321  0.0  0.0  0.0  1.0
34562489692789;1.931706743686756;0.02046158564029842;-0.9970219832688224  0.0012682190400626799  0.07710743478530674  1392712.809462958  -0.011757969798731407  -0.990674723303411  -0.13573998214940847  16024789.048823848  0.07621623859071042  -0.13624237310094128  0.9877393890834295  1042635.5670312109  0.0  0.0  0.0  1.0
34562489692820;4.539455050249923;1.7844004685126118;-0.44046545248343405  0.8942264955737843  0.07968161508398194  -6182910.970164246  -0.6775462704543053  -0.27287757210835806  -0.6829852721938513  10717271.325055914  -0.5890002008166254  -0.3548193980803137  0.7260729702887302  3268562.384653972  0.0  0.0  0.0  1.0
34562489692851;3.0455147307974437;3.4176631747448307;-0.48044385830529157  -0.17359529507345695  0.8596734103978585  2436596.188130486  0.24321709768680844  0.9153959263951678  0.3207736605956585  509771.22519937064  -0.842626336171337  0.36320100697477786  -0.3975750069143896  -2330018.320103833  0.0  0.0  0.0  1.0
34562489692882;3.605304913385411;2.9307261667005453;-0.9903999764963145  -0.02050453188961842  0.1367020509286035  1563294.652467405  0.03820661997353628  -0.9910175260552333  0.1281581727458766  15992213.443695731  0.13284630497795813  0.13215077458475902  0.9822871433701815  -1156561.5403674792  0.0  0.0  0.0  1.0
34562489692913;4.484860766274024;5.929254073963412;-0.9456675229709224  -0.29897821830731386  -0.12776917067831364  3772228.998874522  0.30932902588020006  -0.9483506799977066  -0.07033165358424259  15458381.659459358  -0.10014234741629773  -0.10603307373490348  0.9893070794896204  923436.2632239778  0.0  0.0  0.0  1.0
34562489692944;1.7079159739228686;6.7806904572801265;0.7864079860208535  0.5945374115241154  0.16759399100454064  -4633454.050405278  -0.5968405574602069  0.8012651651337325  -0.04189849775113515  2018289.3388883406  -0.15919745127738344  -0.06707757778436149  0.9849653649064867  651533.6906725093  0.0  0.0  0.0  1.0
34562489692975;1.881460468963167;3.2040966694300126;0.00018144176361675757  -0.7020493742282335  -0.7121282491410041  6350998.794076837  -0.48105067674943736  -0.6243789848491623  0.6154194745680689  13407185.553081065  -0.8766927702894526  0.3424581133868423  -0.337834615008187  -2139235.9401395377  0.0  0.0  0.0  1.0
34562489693006;1.115739312366094;1.7871547179578973;0.6339449376590931  -0.7347683595038617  -0.24130742609462463  6168813.72020515  0.2819639077036844  0.5101305114971983  -0.8125658225596711  3743358.3889876325  0.7201459371327985  0.44708200490694205  0.530572813211827  -4102815.330530013  0.0  0.0  0.0  1.0
34562489693037;3.6096861314976527;4.176361482989215;-0.08829869128926993  -0.954552664429387  -0.2846621716128791  8444524.069266306  -0.8343422061876316  0.22698584797926147  -0.5023450087251701  6805559.829344701  0.5441290509525822  0.1931492574355223  -0.8164661292800506  -1935992.2212577153  0.0  0.0  0.0  1.0
34562489693068;5.981505073479419;9.116791785519476;1.0  0.0  0.0  23.900000000023283  0.0  1.0  0.0  5.5  0.0  0.0  1.0  8.837209999999999  0.0  0.0  0.0  1.0
34562489693099;4.279282882274275;0.033122017377817066;-0.5484524826751577  -0.7350519301176823  0.3986207900721259  7001658.741683019  0.7918249151860491  -0.609749170108271  -0.03491780695980805  12395431.742792387  0.2687250973356654  0.29648711537357814  0.9164508783777733  -2574209.336419188  0.0  0.0  0.0  1.0
