# registration_from_features.py RANSAC RANSAC_config.json euclidean True --input_txt=/neural_comparison/point_clouds_registration_benchmark//kaist/urban05_global.txt --input_pcd_dir=/neural_comparison/point_clouds_registration_benchmark//kaist/urban05/ --input_features_dir=/neural_comparison/experiments/3DFeatNet/feature_extraction_voxelgrid_0.1_npz//kaist/urban05/ --output_dir=/root/neural_registration_comparison/results/3DFeatNet/RANSAC_mutual_on/
id;initial_error;final_error;transformation
34562489690030;3.026378295279987;1.2047137374395813;0.8317413750259963  0.3234780320484585  -0.45118538080474435  -2484278.0729612424  0.53051564383991  -0.2236455229455963  0.8176404048892874  9472067.634472948  0.16358311866140648  -0.9194262574282118  -0.3576253912134332  7282528.4548303345  0.0  0.0  0.0  1.0
34562489690061;2.3389289960652655;3.507819560680615;1.0  0.0  0.0  -27.599999999976717  0.0  1.0  0.0  10.5  0.0  0.0  1.0  -0.34493000000000507  0.0  0.0  0.0  1.0
34562489690092;2.8315574878443655;2.683556093949952;0.9120894534567519  -0.07888348164831055  -0.40233098962919167  696491.0440524841  -9.272460955650486e-05  0.9812763142154534  -0.19260526099222108  150728.675005476  0.409991244168837  0.17571053321521582  0.8950044626827924  -1701714.1399786726  0.0  0.0  0.0  1.0
34562489690123;1.8101091339027975;0.3202797902315671;-0.1035512322940424  -0.9945667010523678  -0.010687349914484721  8777144.98244427  0.9945227025247917  -0.10368813806467503  0.013166783489718139  8181196.459320476  -0.01420339583231834  -0.00926537546407229  0.99985619784264  84509.9395019494  0.0  0.0  0.0  1.0
34562489690154;2.62470578061902;0.826743367849506;-0.9587701840268242  0.28024768019918483  -0.047127189223896346  -878698.5133962437  -0.007188152157721492  -0.18969661116945433  -0.9818164422026056  9577092.831607623  -0.28409164839841206  -0.9409975735642468  0.18388991776732277  7770640.573676588  0.0  0.0  0.0  1.0
34562489690185;5.512606798611554;3.864740774304644;-0.09233970142802113  -0.3778969974250725  -0.9212313709797874  3808004.539951967  -0.037689674052074434  0.9258476436958268  -0.3760128044797592  623143.6933098435  0.9950140039265941  0.0  -0.09973530964491814  -698896.9517548071  0.0  0.0  0.0  1.0
34562489690216;1.5460191220852306;4.790757271441711;0.347457746890455  0.8604975205599951  0.3725817108177874  -6464991.855913237  -0.49714872762774387  0.5059458875975381  -0.704884317772253  4324327.80900966  -0.7950573921069619  0.05968899340113152  0.6035900656263617  78256.84987088393  0.0  0.0  0.0  1.0
34562489690247;5.3501947700473025;3.4667280080963474;0.8045700869161473  -0.5928694311643435  -0.0342463549974409  4907345.026727132  -0.5924840337224436  -0.7974530808207649  -0.11415451665813636  14877993.150560193  0.040368862056359034  0.1121357279386821  -0.9928725665944932  -930302.2037291329  0.0  0.0  0.0  1.0
34562489690278;1.7336325432466153;2.6753535957843146;-0.6954553027463507  0.7184507010354914  0.013058026787873635  -4589444.843704687  -0.718086540316568  -0.6942072014484465  -0.04927557278507823  14135063.499665845  -0.02633709357851623  -0.04364575166871166  0.9986998577466151  369638.4691649516  0.0  0.0  0.0  1.0
34562489690309;1.8806280573322476;1.9875134907783254;1.0  0.0  0.0  1.7999999999301508  0.0  1.0  0.0  -8.5  0.0  0.0  1.0  3.046130000000005  0.0  0.0  0.0  1.0
34562489690340;1.342499596526476;0.9777029087023505;-0.41014478400289495  0.9120075070352873  -0.004854200912514186  -6347239.834045639  -0.8101700298155678  -0.36189230792551313  0.4611490867962196  11526538.267375452  0.4188147310492557  0.1930706206951901  0.8873093916332193  -1847591.1374816913  0.0  0.0  0.0  1.0
34562489690371;2.166541248145545;0.10450859433418633;0.6539792692731091  -0.7353038787367163  -0.17787445369065846  6158743.827729058  0.7147650917085622  0.6775947848253425  -0.17313627942273735  2092230.704144504  0.24783457998402927  -0.013910912703267886  0.9687024865622577  -62018.55048257184  0.0  0.0  0.0  1.0
34562489690402;1.8237522520831808;2.7379123003127823;-0.545089224449481  0.7633361149164585  -0.3466925338874644  -5055993.136804201  0.8376927748589977  0.5126097668304387  -0.18841985537378086  3332895.6657346375  0.03389029858376419  -0.3931274635716645  -0.9188592085012872  3139444.1605657744  0.0  0.0  0.0  1.0
34562489690433;1.485279001754726;1.8899736086650836;0.24589488881543878  0.9492647912886181  -0.19604096427588738  -7107655.047676174  -0.8806017575150319  0.30329714006696706  0.36407607651236223  6223979.206553773  0.4050632645845335  0.0831095713319195  0.910503460090704  -953182.8921425464  0.0  0.0  0.0  1.0
34562489690464;3.2048953782106575;6.443720961886794;1.0  0.0  0.0  13.800000000046566  0.0  1.0  0.0  24.5  0.0  0.0  1.0  -4.155700000000024  0.0  0.0  0.0  1.0
34562489690495;1.6045786219463427;1.951580018863157;0.6492238724723475  -0.7557851011030845  0.08542390978297171  6327015.949780444  0.6325258454334765  0.47411759380713553  -0.6124733154196993  3786786.3187988177  0.4223972280575185  0.45166512837846196  0.785862070299994  -3930506.271491371  0.0  0.0  0.0  1.0
34562489690526;5.298220209160753;2.184585533024949;-0.9970259249559525  0.07696038413576088  0.00405021473551135  783819.5737557637  -0.07692532898340461  -0.9970031620788425  0.008196863155178827  16121277.41804498  0.004668910635533971  0.007860920968046872  0.9999582027239996  -66516.07965939876  0.0  0.0  0.0  1.0
34562489690557;4.725165945981713;2.7019776300161644;0.9998714492851699  0.01527720758970042  -0.0048674256681531785  -122822.0732181985  -0.012871379257713821  0.9457998169250067  0.3244950444931769  445075.64013724774  0.00956098846238669  -0.324390679941465  0.9458748724153406  2603241.000159664  0.0  0.0  0.0  1.0
34562489690588;1.3460500527468555;0.05203706397395975;-0.8491129300038557  -0.4973837002376018  0.17781081755118022  5300640.551384153  0.5002696388281318  -0.8652968901957602  -0.03148936779799444  14656321.543857675  0.16952144574371092  0.062215324121139615  0.9835607418342114  -619641.7523012209  0.0  0.0  0.0  1.0
34562489690619;1.8205673160604245;2.649973955946235;0.4798326593893973  -0.41684627141122804  -0.7720102363271201  3719295.215966798  0.6978172865588544  -0.35203204386706666  0.6237984247097885  10387741.307504328  -0.5318003888330061  -0.8380409453608653  0.12196606222933937  7116296.052000686  0.0  0.0  0.0  1.0
34562489690650;2.1392684506950816;3.087983531480306;-0.8675845769806696  0.29612631626838326  0.3995074549975151  -1070788.2111485752  0.3902159661264085  -0.09261231995063936  0.9160537418587382  8516380.091927439  0.30826693232539176  0.9506482856486302  -0.03520419617054757  -7864778.567550303  0.0  0.0  0.0  1.0
34562489690681;1.8732202401465774;8.469445730735302;-0.924587694602016  0.2618923976595672  0.2766766470785936  -755978.9956024098  -0.14945738021789404  -0.9173732398579468  0.36890219610479147  15530979.142238744  0.35042843276328683  0.2997310641903124  0.887333760583023  -2657448.9443703354  0.0  0.0  0.0  1.0
34562489690712;2.5869430889270166;3.0026066634470454;0.9062086775589181  0.3146642872220875  -0.2824397618323811  -2465748.2617566  -0.2610045486973485  0.9418092972230797  0.21182982137428585  651498.6378335822  0.3326596733543308  -0.11824395972388618  0.9356045680267951  717666.2435599569  0.0  0.0  0.0  1.0
34562489690743;3.8819775247609996;5.094850367691809;-0.34559804610896877  -0.9352837420049991  -0.07619916316331356  8470294.281495648  -0.8704664185699315  0.2891959974382625  0.39831380745302464  6330340.216031337  -0.3504999353319483  0.20398528625078474  -0.9140786609069732  -1394659.9337627133  0.0  0.0  0.0  1.0
34562489690774;1.586561897713293;0.022938031822525927;0.6019421162997352  -0.7961071009537307  0.06228300278280274  6684811.535597343  0.7985185010461071  0.5995238243323818  -0.054216118866575486  2661175.5229404336  0.005821693196581823  0.08236909535087883  0.9965848885164792  -666802.9578383832  0.0  0.0  0.0  1.0
34562489690805;1.205521164189387;1.3239450768627978;-0.6895336615591579  0.6770621821534228  -0.25715779411572726  -4260455.760110173  -0.6717253253486237  -0.7306090560007074  -0.1224560924374183  14395761.919900313  -0.2707922023657753  0.0883018051197215  0.9585793521407039  -520200.554800101  0.0  0.0  0.0  1.0
34562489690836;2.065099418152508;1.8248432688181482;-0.15191040740683892  -0.9082070918069197  0.3899783410820464  8116276.168192608  -0.983646153281561  0.17754322764244257  0.030309197493350166  7308193.845093995  -0.09676504149678902  -0.37899641252909033  -0.9203250762823993  3117564.299513137  0.0  0.0  0.0  1.0
34562489690867;2.727894652051314;2.501734969900957;0.6186586095953754  -0.7823930686335379  -0.07157241736669684  6562764.5554644335  -0.7852548639364931  -0.6128435911977849  -0.08830363181592105  13528025.91133682  0.025225452178231363  0.11083239094235103  -0.9935189266845428  -909127.8799363171  0.0  0.0  0.0  1.0
34562489690898;2.29580039724926;1.8138935800419762;1.0  0.0  0.0  1.4399999999441206  0.0  1.0  0.0  -3.5  0.0  0.0  1.0  -1.4518500000000074  0.0  0.0  0.0  1.0
34562489690929;2.300657442855721;4.106335962643497;0.7708809829886132  -0.32656906760293236  -0.5468959262523916  2788408.7229833156  -0.16812694313342247  0.7238148756623953  -0.6691975468891398  2340243.008879396  0.614390625790401  0.6078196030524048  0.5030700637943949  -5321690.478445011  0.0  0.0  0.0  1.0
34562489690960;1.3464116655749152;0.7873177659198878;0.28950961743959014  -0.94580849710376  -0.14707300301655904  8108760.566831787  0.9568270673717395  0.2818244402731671  0.0711122212387758  5106048.500372357  -0.025809776341121055  -0.16131110213200667  0.9865660564676744  1315985.4255384277  0.0  0.0  0.0  1.0
34562489690991;1.2386766652537227;0.06539380558493398;0.28789132087024405  -0.9521177377971938  -0.1029096727209861  8160561.617454111  0.9424287640375053  0.3007621237097098  -0.14618539481208886  4963846.121550459  0.17013703912531064  -0.05489952926555271  0.9838899479129228  322198.58186473267  0.0  0.0  0.0  1.0
34562489691022;4.77837015482652;4.190741275461583;-0.9871635247895213  0.1298685962829933  0.09296409535198717  350981.49891336256  0.03934974619458642  -0.366359516106558  0.929640953504411  10965411.060300961  0.1547894466672392  0.9213657540074157  0.35654645495755016  -7521588.585799748  0.0  0.0  0.0  1.0
34562489691053;2.167491542430286;0.05786784364479953;-0.9424338560097145  -0.2668493436266479  -0.20151886971866495  3511279.0596858207  0.3043907546276438  -0.9340872570942567  -0.1866206436366074  15346888.40943136  -0.13843661200663135  -0.23721809361883692  0.9615419286312845  2005777.381055804  0.0  0.0  0.0  1.0
34562489691084;2.4865787628779126;6.018325220078544;-0.3998753709716023  0.7220519133983789  -0.5645712727796769  -4826540.991324472  -0.8625923557452579  -0.08820366444020455  0.4981511230431655  9360465.134479199  0.30989371645803104  0.6861932292999259  0.6581069339877597  -5738199.262751212  0.0  0.0  0.0  1.0
34562489691115;1.9042244213164048;0.4364835400036716;0.1097569934905445  -0.9879771120878281  -0.1088789620198142  8574350.188398484  0.9325484599143293  0.14026255175931085  -0.33268571728491725  6262022.671532417  0.34395751524182433  -0.06502032424221066  0.9367313302885242  281484.4223696344  0.0  0.0  0.0  1.0
34562489691146;2.204368269441607;2.9131271585308776;-0.8889900463978105  0.11009932135113784  -0.44449391091851465  441208.4549960722  -0.16220539938231704  -0.9834419194066031  0.08081707471245725  16072032.854599286  -0.42823603983882613  0.14394488734190844  0.8921287819543117  -857295.4237173188  0.0  0.0  0.0  1.0
34562489691177;3.9205161639220982;4.222560341219509;0.3797351539485822  0.9230168639930184  0.06197646037117963  -6990458.359186268  -0.9238672512348899  0.3818298484407344  -0.025985937262574477  5622409.674768496  -0.04764992079044152  -0.04739024819748788  0.9977392692604844  414746.4551812423  0.0  0.0  0.0  1.0
34562489691208;2.3565380774100433;1.376117199676257;0.06730404861648669  -0.962938835537755  0.2611876031763797  8402610.167611375  0.9270663167634314  -0.03640973360497653  -0.373125147398965  7687399.665778629  0.36880646599878686  0.26725106232156876  0.8902576370497916  -2409250.7416689284  0.0  0.0  0.0  1.0
34562489691239;2.888227844794611;0.06400305161077846;-0.9917180178882405  -0.055751799061997065  -0.11570267886773916  1847504.0990736  0.03494356735377757  -0.9840121534511135  0.17463971186730165  15937760.524366178  -0.12358932031697767  0.16915028454558656  0.9778107491440949  -1274078.028464675  0.0  0.0  0.0  1.0
34562489691270;2.5432202258587244;0.019717586186887213;-0.7926767298444362  -0.5456808605118  0.2718381879615752  5649569.770561175  0.5186648853263864  -0.8379680248354722  -0.1696948027569038  14423304.819547607  0.3203909154337823  0.006479801265483864  0.9472632545829397  -277171.239873705  0.0  0.0  0.0  1.0
34562489691301;2.1034157138496146;4.222116392291273;0.9380211870851893  0.3393819674172443  0.07025761717631168  -2687055.225374033  -0.2718270254020095  0.5946725975479721  0.7566204927086255  3452015.0827043364  0.21500307169988978  -0.7288239718323956  0.6500686865570928  5712932.064897945  0.0  0.0  0.0  1.0
34562489691332;1.5400005703685937;1.419222280932115;0.8174153987039668  -0.4254504798155267  0.3883605994258094  3551210.3981128614  0.40707952614747445  0.9036392404603206  0.13312543893577503  489267.9503842555  -0.40757615896073107  0.04927486504328035  0.9118408097479425  -110091.94151852807  0.0  0.0  0.0  1.0
34562489691363;3.2280224062918226;2.172634269464412;0.3348723524112852  -0.516434497491197  -0.7881344538792521  4622485.18206848  0.9078702671155108  0.4007575809610189  0.12314600842042517  4183614.695626063  0.25225401023203387  -0.7567620306961017  0.6030581590680701  5911594.891292824  0.0  0.0  0.0  1.0
34562489691394;2.3976719802288198;5.301399914322211;-0.7431873366212512  0.45716739911874815  -0.4885392019774969  -2453669.8973354464  0.3969074397764286  0.8890476438580118  0.2281639130113224  613870.5442542024  0.5386437291345096  -0.02433631306334031  -0.8421820925017056  -182271.5842552188  0.0  0.0  0.0  1.0
34562489691425;1.0094624480211292;0.026533033488363462;0.2118412018823714  0.9773029073319619  -0.0015272542444794701  -7309314.382127638  -0.9523177043620408  0.2067759862644181  0.22435392009721977  7051002.807812626  0.21957753788501455  -0.04607297282433642  0.9745065346273896  216432.1035328347  0.0  0.0  0.0  1.0
34562489691456;2.09075176249572;0.11668191976742825;-0.21217286932058044  -0.9280568066371566  0.30609351051388684  8318066.8384492565  0.9305883828295386  -0.09626400529761747  0.35318338441490177  8166305.573816133  -0.29830845657972177  0.35978299701139765  0.8840634930787044  -2685096.497539479  0.0  0.0  0.0  1.0
34562489691487;4.819526363868169;1.9070316575817448;0.2617887805496841  0.9175556253090582  -0.2992629426474528  -6863673.825214239  -0.604127955111049  0.39760743763629885  0.6906067907207682  5270998.438000783  0.7526593175080286  0.0  0.6584101698548923  -528731.2026363394  0.0  0.0  0.0  1.0
34562489691518;0.9081270063423241;1.868516796693397;-0.042186179489789775  -0.9890941325046492  -0.1411138664516386  8690145.163321523  -0.06051359772428097  0.14350979948717724  -0.9877970651614705  6933775.688683338  0.9972755039358578  -0.03313207654261698  -0.06590777460554281  -433829.3876442523  0.0  0.0  0.0  1.0
34562489691549;2.7018815013951687;1.7609520885502787;-0.3091259800503384  -0.8386728598436846  0.44840713934942367  7667213.2666341765  0.8161886910857681  -0.4759683070023938  -0.3275518146385022  11301893.808937475  0.48813640409379266  0.2647300604217259  0.8316494730999899  -2472811.4910090044  0.0  0.0  0.0  1.0
34562489691580;4.668438872941319;0.380106493870703;-0.8808271939482968  0.37139347623590246  -0.2936159740385088  -1666698.5267729224  -0.42416049601570216  -0.8945529672608523  0.14093566753848424  15540887.706190053  -0.21031245331858833  0.24868026575146057  0.9454770210877153  -1853041.0917820265  0.0  0.0  0.0  1.0
34562489691611;3.9959073484826004;0.010521569878753412;-0.7047506256174917  -0.6992887510544867  -0.11967371616362162  6823519.365641624  0.7073268917036343  -0.7056238237060135  -0.04223372694161607  13225765.649019876  -0.05491105503110422  -0.11441268315689944  0.9919145698941064  959067.5204015636  0.0  0.0  0.0  1.0
34562489691642;3.292173022565408;2.2708508623818506;0.45892646993433517  0.8730023294180734  -0.16508612305165837  -6643759.382868278  0.6167507094548091  -0.1792772455216657  0.7664712855842379  9054686.38980407  0.6395350323325529  -0.45357094491246014  -0.6206998794511069  3200271.8933776645  0.0  0.0  0.0  1.0
34562489691673;1.953679954832125;8.339398866390935;-0.15719765230779384  -0.054636726923815174  -0.9860546263671052  1252504.9605598475  -0.450965310515787  0.8922589982581359  0.022453702117662677  1183596.896568426  0.8785893163590817  0.4482061000236849  -0.1649002882994473  -4222950.529160012  0.0  0.0  0.0  1.0
34562489691704;2.008186623570813;0.2582675814280383;0.707004642866526  0.28097306179948345  0.6489981305891406  -2054875.136439186  -0.7071830838787541  0.27303980576978204  0.652181991733086  6345520.164036503  0.006043247546720268  -0.9200561955708049  0.3917398066968252  7398286.305035111  0.0  0.0  0.0  1.0
34562489691735;2.8076941945791956;4.799960670069481;0.1610842355056934  -0.5286394181181107  0.8334220027592811  4842532.358120009  -0.9780667914771277  -0.1984916635848116  0.06313803051228951  10329868.657442292  0.1320500680847349  -0.8253129255616193  -0.5490185374099288  6547746.566818653  0.0  0.0  0.0  1.0
34562489691766;1.8275291698076832;3.3519130347073305;0.6280694108905283  0.6923123125335178  -0.35529210097906416  -5308875.1415262  -0.3855723769896556  -0.11971857448428734  -0.9148778087952498  9279992.529997824  -0.6759162353473778  0.7115975863069962  0.19174492941375357  -5250393.792608414  0.0  0.0  0.0  1.0
34562489691797;3.7232768051076097;0.053574696439238526;-0.7360618098514964  0.6764065789257975  -0.026213585486123972  -4222532.616248768  -0.6599823227497207  -0.725719211625772  -0.19430635485014686  14348375.784850726  -0.15045379934060457  -0.12572098417991587  0.9805905814359068  1117216.7225964  0.0  0.0  0.0  1.0
34562489691828;2.886530052875628;0.6833849825348162;0.5965889843301599  -0.7829778795609669  -0.17614546231487105  6582635.049205236  0.7372853810140523  0.6214068146170592  -0.2650732685323871  2528429.5642500455  0.31700449637011663  0.028270317750096488  0.948002604645914  -449964.3906527599  0.0  0.0  0.0  1.0
34562489691859;3.863192297346279;2.5777368169743258;1.0  0.0  0.0  -6.400000000023283  0.0  1.0  0.0  4.5  0.0  0.0  1.0  -9.347510000000028  0.0  0.0  0.0  1.0
34562489691890;3.6706534983214847;0.03659409190298005;0.7110535461562176  -0.7030546722759808  0.010815835130979685  5859498.560653682  0.7031101494812195  0.711077966924725  -0.0020597695737062105  1830624.3301894544  -0.0062427714329238715  0.009069329915355903  0.9999393856928146  -68590.71590507367  0.0  0.0  0.0  1.0
34562489691921;3.2786406111649433;0.0568032183431502;-0.9323412868029354  -0.3478808357197844  -0.09858320882153329  4156509.7460358273  0.3152323935841826  -0.9155885014004546  0.24965222638393755  15190667.663987894  -0.17711087758190475  0.201684457115997  0.9633042701036854  -1498246.0992652706  0.0  0.0  0.0  1.0
34562489691952;2.441651137137093;4.4920363828606185;0.6059157702988811  -0.2803160868482033  -0.7445058567648907  2532272.6919707768  0.7918964325915372  0.30185849823747585  0.5308309402160102  5060763.529166114  0.07593496791275052  -0.9112103700550859  0.40488213365393516  7278136.50384772  0.0  0.0  0.0  1.0
34562489691983;3.0513635683647133;0.04609268980273526;-0.02528269982997796  0.9836811998257653  -0.17813501115348018  -7194107.456475025  -0.9931851116974982  -0.04499620810550248  -0.10751127921550752  9105528.47592848  -0.11377222416625128  0.17420286554896158  0.9781151479467001  -1321665.57281977  0.0  0.0  0.0  1.0
34562489692014;1.9745718167701451;0.021525830371569;-0.9883403165889717  -0.1517123709638205  0.012914143461606922  2617507.3120699693  0.15187362421733713  -0.9883198407793168  0.012581517755690406  15890788.71226256  0.01085453232073745  0.014396139013005682  0.999837451943873  -123451.21170644392  0.0  0.0  0.0  1.0
34562489692045;1.2175878921579373;2.7529210895478657;1.0  0.0  0.0  -4.699999999953434  0.0  1.0  0.0  4.5  0.0  0.0  1.0  0.6682999999999879  0.0  0.0  0.0  1.0
34562489692076;4.820847866328376;1.4228599772023613;-0.5395629802452456  0.6322569114292147  0.5559882987067791  -4005389.904075867  -0.5304316615666688  -0.7680983241967818  0.358702128197922  14598168.197368413  0.6538455802072013  -0.10137140778387925  0.7498065049914029  356273.5966320612  0.0  0.0  0.0  1.0
34562489692107;1.0951736045872003;0.10127871900066593;0.49932382039096407  0.8136530353127408  -0.2977321959690225  -6194523.13794441  -0.8536888322604833  0.520710810326656  -0.008696532796992548  4455723.566701862  0.14795641271639462  0.2585130366834939  0.9546098207125118  -2183774.7894706335  0.0  0.0  0.0  1.0
34562489692138;2.6395870453587285;3.0636474816370405;-0.38827522549396287  0.6412607722842744  -0.6618360606653193  -4184080.3289680188  0.5024066732148426  -0.45476751883156696  -0.7353734007461616  11351887.616941728  -0.7725476580618226  -0.6180381264494581  -0.14559873034486637  5515477.9984001275  0.0  0.0  0.0  1.0
34562489692169;2.994782826868506;7.485167814392397;0.7221870299248281  -0.311924733364783  0.6173725411157066  2704616.4127325513  -0.2593322489754794  -0.9495433599553559  -0.17639215460448757  15867205.977387488  0.6412430728278284  -0.03271648330738683  -0.7666400415255662  -186891.04123044704  0.0  0.0  0.0  1.0
34562489692200;5.292190560418294;2.4500511219291017;0.5297380687833775  0.4447833588806088  0.7221809621864461  -3248287.40531194  -0.06106763867932884  -0.829255106794548  0.5555238170963455  14760414.369731953  0.8459600002292004  -0.3383840000916803  -0.4121261293513982  2128395.3740310273  0.0  0.0  0.0  1.0
34562489692231;1.8630711678931846;0.04261630128026276;0.6125261632495776  -0.7903868855046647  0.010013518711660868  6631408.742622201  0.7904025397387167  0.6125792715840748  0.0032343778553419605  2561765.344109199  -0.008690483838011714  0.005933569563185928  0.9999446325886749  -41630.09898450577  0.0  0.0  0.0  1.0
34562489692262;5.46562893652775;4.892063320052426;-0.617570829880507  0.7864334605464807  0.011343818298480642  -5190957.95731585  0.786331271196818  0.6176740901610263  -0.01272203921330467  2523624.375405932  -0.017011819970193257  0.0010632387481370777  -0.9998547231996588  3675.2595523183963  0.0  0.0  0.0  1.0
34562489692293;5.069828729190322;0.05367035683232779;0.7032537811174282  0.7061526921047055  -0.08235590311154772  -5472982.90667304  -0.7108299052160567  0.700440591173886  -0.06406109651348894  2909545.973147244  0.012448501699932335  0.10359224714840365  0.9945419453880119  -842220.0869921866  0.0  0.0  0.0  1.0
34562489692324;3.2273635158321206;3.151578757647201;-0.06280575033855935  -0.8389328583123936  -0.54059883182283  7496535.420261992  -0.8689280736833724  -0.22048620375735256  0.4431137965777815  10430043.187874835  -0.49093730810492986  0.49757159605072826  -0.7151245110567924  -3658152.9274096405  0.0  0.0  0.0  1.0
34562489692355;1.3752959580528585;0.04697218011238029;-0.1654069057638319  0.9862124806694477  -0.005049603692243623  -7116211.806631969  -0.9862225058151616  -0.16539182932152255  0.003272891281995656  10069230.436110167  0.002392603038169447  0.005521391626594319  0.9999818946787022  -46105.74379115676  0.0  0.0  0.0  1.0
34562489692386;5.158940174423677;3.554896845292305;0.8259751784129029  0.47774193254911934  0.29921171522854284  -3721515.0346143837  -0.5268886251563105  0.8429776206422326  0.10852238376138582  1633454.1523660412  -0.20038308642863667  -0.2472880445565326  0.9479953806283765  2130374.5400731205  0.0  0.0  0.0  1.0
34562489692417;4.03283871174125;2.864901685965988;-0.28607928201760974  0.8799707005943589  -0.3792231671400915  -6176361.688450081  -0.9554732182517608  -0.29184060655495203  0.043588869786450726  11064964.509670652  -0.07231579083375494  0.3748074525154357  0.9242779884509736  -2964746.1072419593  0.0  0.0  0.0  1.0
34562489692448;4.000054921873328;3.265625076225395;-0.8118361988499179  -0.4080561450728161  -0.41762682948444513  4555886.029503848  -0.3770720519890961  0.9125048476877965  -0.15859246689235987  968868.1624207925  0.4458011371067254  0.028724300071275157  -0.8946710349283508  -543996.255341863  0.0  0.0  0.0  1.0
34562489692479;2.0170795377863655;4.070652642310611;0.38623454048925393  0.777547173360255  -0.49622905289042984  -5824628.555629587  0.7614773931149511  0.034824905345966384  0.6472552863766374  7230444.424416955  0.5205526481614642  -0.6278595536958265  -0.5786340132803846  4686073.6483134525  0.0  0.0  0.0  1.0
34562489692510;1.1740247611060295;2.6202231938790246;0.9076702074185969  -0.11260771102709366  -0.40429481567529413  970903.3675416679  -0.32447446437271527  0.4226872398976925  -0.8461984514271522  4872865.618269351  0.26617873043261925  0.8992524676890852  0.34712228799137906  -7421886.53742571  0.0  0.0  0.0  1.0
34562489692541;3.354655951863199;1.4687938975792763;-0.4229978068631829  -0.8116704516787614  -0.40281997624315075  7530048.269242679  -0.8939779477933094  0.30125722734664806  0.3317340980825947  6249787.483270374  -0.14790633606509204  0.5004349716426753  -0.8530466311455634  -3922221.4668103964  0.0  0.0  0.0  1.0
34562489692572;1.8393631220032445;2.611713934919269;-0.3032655365147389  -0.04203843057158732  0.9519783530719094  1253703.3511935612  -0.9093481970449503  0.311360427660009  -0.2759357545126659  6179487.259098293  -0.2848084810772415  -0.9493616036276449  -0.13265245819064345  7838530.77889634  0.0  0.0  0.0  1.0
34562489692603;2.6663199487245373;0.11542008544431911;-0.9687657373474039  0.23365698508836558  0.08305034293220377  -497125.181602482  -0.2203604787538296  -0.9647570735701492  0.14382297591047744  15962689.082256567  0.11372864874394897  0.12102975797620136  0.9861123628365571  -1053658.8704821365  0.0  0.0  0.0  1.0
34562489692634;2.141177615887272;2.5756086544039087;0.5266692806759046  0.0542958021317972  0.8483345063494647  -104444.73905818805  -0.10254927073804182  0.9947279261542303  -1.1773006269164897e-17  114468.9040298257  -0.8438620241860758  -0.08699608496805432  0.5294606362486355  1292841.5801612255  0.0  0.0  0.0  1.0
34562489692665;3.9424089616480122;2.1557533345177684;0.9832590812871737  -0.11951834275660679  -0.1375388847236204  973396.6390078536  -0.13149079437738762  -0.9879611244961951  -0.0815045242806639  16086986.523542589  -0.12614178554431  0.09822516087504252  -0.9871373094513068  -701384.2490994965  0.0  0.0  0.0  1.0
34562489692696;1.8711162461125304;0.12471157543150754;-0.8113553046883575  -0.5109913336544448  -0.28388453019513876  5383844.598017211  0.4904446321440523  -0.8593159253716159  0.1450524153670272  14614995.578429865  -0.3180670249415183  -0.021540597317045634  0.9478234911163985  396765.1177500869  0.0  0.0  0.0  1.0
34562489692727;3.310271605615024;4.77146682747173;0.3579694487102498  -0.9337222978060764  -0.004532589747684137  7963330.849847684  -0.9286666788963218  -0.3555178356893725  -0.10576042745006715  11558261.225387225  0.097139452838465  0.042068266977442245  -0.9943813089633968  -406430.3703801675  0.0  0.0  0.0  1.0
34562489692758;4.511424934062755;0.04612918701435687;-0.6860261350658146  0.7273947583293183  0.01627905285004235  -4668121.191832192  -0.716595402105467  -0.6793753094695962  0.15792472436067384  14015173.979758697  0.12593320327842597  0.09667499386151501  0.9873169571489752  -866292.6609767306  0.0  0.0  0.0  1.0
34562489692789;1.931706743686756;0.015904010193118944;-0.9967509904707881  -0.0025076632221562208  0.08050574278066773  1422901.8229784048  -0.008341243784207038  -0.990927260541677  -0.13414018028726588  16024420.381488329  0.08011171354823972  -0.1343758755898245  0.9876868113991563  1024881.547587149  0.0  0.0  0.0  1.0
34562489692820;4.539455050249923;2.151803243749769;-0.38840098012397206  0.8316107196349505  -0.3969487241785489  -5715621.253043836  0.8983635735493686  0.4376227814956507  0.03780464039795704  3893710.599792528  0.20515254899305194  -0.3419209149851029  -0.9170618951507052  2607174.1932871384  0.0  0.0  0.0  1.0
34562489692851;3.0455147307974437;3.3128687176605927;-0.8240071843695222  -0.3826048433637272  0.41788239247667613  4359626.261723855  -0.2856695348743254  0.9174998960638037  0.27674330627423765  864406.7215948505  -0.48929038101325856  0.10866220390516454  -0.865325053659244  -530246.3371585569  0.0  0.0  0.0  1.0
34562489692882;3.605304913385411;2.0008770236663307;0.023360781311809076  0.6715195971130578  0.7406184608755163  -4716786.401074185  -0.9083696103709451  -0.2951307137866177  0.2962473843502066  11058325.669086518  0.4175151791863852  -0.6796758730990226  0.603093510722875  5175185.957316992  0.0  0.0  0.0  1.0
34562489692913;4.484860766274024;2.7705195675671495;-0.7327200809648724  0.6720548052316816  -0.10706830397385117  -4189917.617332813  0.6320392041525588  0.7303606516703368  0.259036219293521  1725392.236632864  0.25228501216883814  0.12212967393998606  -0.9599149000709811  -1159542.7244355122  0.0  0.0  0.0  1.0
34562489692944;1.7079159739228686;4.310315350385586;-0.2574290693540994  0.9288271081142289  -0.2664779118119182  -6589628.8462420525  0.8685471576327242  0.34327943413073  0.3574703695007477  4673523.968567606  0.4235045563150382  -0.13942536833390176  -0.8951002499415125  824503.5686279894  0.0  0.0  0.0  1.0
34562489692975;1.881460468963167;0.6369613164373409;0.20697213167505185  0.16531675529935458  0.9642784385887614  -773096.4577435988  -0.9745663154673887  0.12140147442562577  0.18836713822639806  7753609.826969669  -0.08592458010490234  -0.9787400331163421  0.18623886304748177  7935160.6733422605  0.0  0.0  0.0  1.0
34562489693006;1.115739312366094;2.5224410303572284;-0.2509618238284935  0.8929234104543092  0.3737725859975829  -6305483.377592495  -0.7289503580173625  -0.42838907544103894  0.5339608371305238  12004197.18319817  0.6369062242803363  -0.13845787484074806  0.758406143413639  666647.916256278  0.0  0.0  0.0  1.0
34562489693037;3.6096861314976527;3.709376567502039;-0.011381604122590816  -0.9205690822622005  0.3904139135206731  8116979.879223769  0.9487305761983204  0.11339861948362386  0.2950441439608874  6466734.10818465  -0.3158809156533538  0.3737556927755605  0.8720813776499647  -2785190.9235271593  0.0  0.0  0.0  1.0
34562489693068;5.981505073479419;0.5167745032300805;-0.5532586500077352  -0.7750238570694196  -0.3053569831604618  7326863.947688254  0.677683566257836  -0.6319309938713772  0.37604282071167694  12654020.552147247  -0.48440669918538437  0.0011135340021273255  0.8748422199610331  331355.11016220675  0.0  0.0  0.0  1.0
34562489693099;4.279282882274275;0.04487651306575656;-0.5391855566283907  -0.7421655015129417  0.3980820316057696  7052383.289634961  0.8032681908173781  -0.5952217098876372  -0.021710128958945946  12270507.533979114  0.25305957627465725  0.3080608453576694  0.917092888650441  -2656324.5215222705  0.0  0.0  0.0  1.0
