# registration_from_features.py RANSAC RANSAC_config.json euclidean True --input_txt=/neural_comparison/point_clouds_registration_benchmark//eth/wood_autumn_global.txt --input_pcd_dir=/neural_comparison/point_clouds_registration_benchmark//eth/wood_autumn/ --input_features_dir=/neural_comparison/experiments/3DFeatNet/feature_extraction_voxelgrid_0.1_npz//eth/wood_autumn/ --output_dir=/root/neural_registration_comparison/results/3DFeatNet/RANSAC_mutual_on/
id;initial_error;final_error;transformation
26875431820030;2.0535532931381004;1.416857894642919;0.8467138729693805  -0.4533330960657395  -0.27850443682757037  2.102459433332414  -0.09309145640709698  -0.6416117431436381  0.7613595417437069  6.855135203979032  -0.5238411954640421  -0.6187273026718901  -0.5854630021300836  4.031731574896929  0.0  0.0  0.0  1.0
26875431820061;1.6463845109934325;4.515381570071236;1.0  0.0  0.0  -8.4279485  0.0  1.0  0.0  -0.47532489999999994  0.0  0.0  1.0  3.15513084  0.0  0.0  0.0  1.0
26875431820092;3.1454983955145077;3.5331163397275307;0.28821891695772767  -0.9573700157305862  0.019300489313286612  -1.4804460630769856  0.9298952429989021  0.27502355158117675  -0.24424758570698196  1.1049188449919756  0.22852722585225624  0.0883442078219824  0.96952081359225  3.7465853596026233  0.0  0.0  0.0  1.0
26875431820123;5.022952331012622;1.8958969181996177;-0.9072436188088371  0.4203247345084579  0.015366642152390109  1.8755395524974041  0.2881491669791084  0.5945068831939666  0.75068743389259  -7.435430975516282  0.30639692181856404  0.6854842692545104  -0.6604787982249842  -2.676785257312286  0.0  0.0  0.0  1.0
26875431820154;4.9039779898946945;1.9785397166765502;0.1657584574971061  0.8175330536522211  0.5515105075646831  -3.330749066246724  -0.43086189087523963  0.5630836051588011  -0.7051913815360913  9.797570469607422  -0.8870637884389114  -0.12073342448320687  0.4455797071826371  15.600020058352253  0.0  0.0  0.0  1.0
26875431820185;2.518490360471434;3.333189630649743;0.9963533403170285  0.0044960728145022055  0.08520449852177064  -4.726610954451187  0.017506188466609396  -0.9881376784090832  -0.15256953127567513  -2.9023914022897097  0.08350781163742269  0.1535047681264473  -0.9846129856740539  8.320361390489968  0.0  0.0  0.0  1.0
26875431820216;3.040176925026691;2.1508817322102365;0.9160975625428616  -0.1431557476168067  0.3745286208386487  0.9030744646872546  -0.39523742801987843  -0.47960554206737177  0.7834321282092622  3.446562408008737  0.06747319019624215  -0.8657279918903715  -0.49594597756429676  -0.922800366598072  0.0  0.0  0.0  1.0
26875431820247;4.293952946805166;3.4051876138561905;-0.1951490031907525  -0.004234267676745729  0.9807644658789885  -5.995389540188986  0.8639731630156504  0.47253744705305956  0.17395038005508764  2.4952785685729744  -0.46418448933843925  0.8813004210312276  -0.08855691812497457  5.311664912489892  0.0  0.0  0.0  1.0
26875431820278;1.9928622542605958;0.14383440014370408;0.6306403046707223  0.7703394780440945  0.09418011834549123  -5.204185972695635  -0.7757480378946807  0.6292391133354509  0.047677247732736856  9.733740401718245  -0.022534148028529127  -0.10312723605123827  0.9944128847501226  4.843904420090701  0.0  0.0  0.0  1.0
26875431820309;3.3178555720271428;2.5085561673919976;0.21814676801608673  0.8588396757918038  -0.46347211231093965  -6.029189471646416  -0.8966078398902189  -0.011154610177789598  -0.4426849400184936  14.311305120836773  -0.3853652411045025  0.5121230183828985  0.7676090443649413  -5.9513297468798  0.0  0.0  0.0  1.0
26875431820340;3.1987335091215683;3.234539191439954;0.7281044550216683  -0.6139261289689866  0.30489114573361364  -1.4758257093488423  0.3205179274068639  -0.08825032905462848  -0.9431225464554214  3.897805868298689  0.6059143180255837  0.7844148058208142  0.13251887269625523  1.91494163413663  0.0  0.0  0.0  1.0
26875431820371;3.5265759616751016;3.339416617382132;1.0  0.0  0.0  0.5280550000000002  0.0  1.0  0.0  -4.655181000000001  0.0  0.0  1.0  -2.30371  0.0  0.0  0.0  1.0
26875431820402;5.0883567835047625;3.429288267366891;0.13622770127869815  -0.9885158502813561  0.06540968694963914  3.5728605835775316  0.9880987973027022  0.14033742651495096  0.06297756337073  1.9408630861016185  -0.07143374673972605  0.056051944316756586  0.9958691677951655  -7.472798318827597  0.0  0.0  0.0  1.0
26875431820433;1.6687229373662258;0.4093012538593836;-0.6483901140737873  -0.6702514112614395  -0.36104474192740765  15.032967361686266  0.7117111695493621  -0.702023309903404  0.02510943031904589  12.588062707938807  -0.27029145585841097  -0.24067886914790912  0.9322103897917164  5.62112754888353  0.0  0.0  0.0  1.0
26875431820464;4.58945846466715;3.268087320905529;0.3965235149830355  -0.8037260407706998  -0.4436141943767734  7.240684370844564  0.8958602300804042  0.4443157846687487  -0.0042345784299947795  1.0688237451762426  0.20050822982058358  -0.3957372043177765  0.8962078525057487  -12.444129367811282  0.0  0.0  0.0  1.0
26875431820495;2.035425071867048;0.1437961834396445;-0.263211323825889  0.8313054057975093  0.4895417462297386  4.184972045278954  -0.862778653014506  -0.4298830915059727  0.2661081049869446  12.957748212269566  0.4316628254926506  -0.3523235018120504  0.8303826558633051  -1.3713327187459416  0.0  0.0  0.0  1.0
26875431820526;3.855140063669406;2.873119135634577;0.0865593175822645  0.6483958763659193  -0.7563664932103772  -1.2437638975995466  -0.9844553847565765  -0.06079394980282321  -0.16477770204476333  4.724829577850922  -0.15282368914364575  0.7588721125321727  0.6330545291343258  12.13387538333177  0.0  0.0  0.0  1.0
26875431820557;2.7573624115491;2.385089158575618;0.011803520091148077  -0.9918240621977643  -0.12706575683079216  9.47671425594821  -0.8292781584381688  -0.08071270229863695  0.5529766682465468  12.432190938717213  -0.55871138600431  0.09884578561160721  -0.8234507257972187  4.701619242999843  0.0  0.0  0.0  1.0
26875431820588;1.5947841889661274;3.3000303004224225;-0.5324011663686843  0.2197192960619582  -0.8174793141036061  10.677660773683078  0.1526351071700373  0.9748146626186562  0.16260042313249656  0.2866113057417561  0.8326172722856859  -0.038207387789709744  -0.5525293416732101  -2.8238889609604128  0.0  0.0  0.0  1.0
26875431820619;3.5884439472599823;0.572716604443294;-0.9468796761142859  -0.17000319750376117  -0.27297947138970324  5.538883325429591  0.06624617126613482  -0.9337555801421694  0.3517271120427577  7.356354029915845  -0.31469083837042755  0.3149594091178389  0.8954162422325496  1.636039569387281  0.0  0.0  0.0  1.0
26875431820650;3.205971749881819;3.981140520798809;-0.6890070382469078  -0.4844924048887859  -0.5390142955908542  5.912204854431741  -0.36143157419397554  0.8743361505534463  -0.3238881180454847  9.239667329962499  0.6282010175269447  -0.02834440756942501  -0.7775346141090117  -6.579548590143821  0.0  0.0  0.0  1.0
26875431820681;1.5831696178308692;3.4834898074388847;-0.5897985577157205  0.051458350965551236  -0.8059092377137528  3.092961873619177  -0.5550523874592421  -0.7507023646114963  0.3582775557336851  0.21464659691974797  -0.5865615982079393  0.6586334321021173  0.4713252524797866  5.719809957152137  0.0  0.0  0.0  1.0
26875431820712;2.1253878571825364;3.2711384776858146;0.3812607625322975  0.8794053827462052  0.2851077055259833  -1.3045836401509607  -0.6611189318872958  0.04379378688905224  0.7490019106318206  2.096417118928393  0.6461903658005838  -0.47405514133581117  0.5980883999206068  2.999929134008676  0.0  0.0  0.0  1.0
26875431820743;1.5610088030304428;2.0638763569965834;0.9949901206738946  0.07632898323617887  0.06456427866459954  0.5746812291600011  -0.09122281000707264  0.9574048879747418  0.27396036103145727  2.196996839737375  -0.040903040177503326  -0.2784775876084178  0.9595713493555517  0.897717950464453  0.0  0.0  0.0  1.0
26875431820774;3.330059369423353;3.541955978540221;-0.10846458597363737  0.581815417109246  0.806055986891457  4.181297240203721  -0.6601024007991063  -0.6484294804394387  0.37921501731378593  -1.0623436588097903  0.7433036082576372  -0.4909480922776185  0.4543893887847118  -2.297044672114498  0.0  0.0  0.0  1.0
26875431820805;4.120916915159846;3.342182564182032;0.18202426953563922  0.8016114980867937  -0.5694612993303971  8.978562218823154  0.03409664927829176  -0.5839336661025298  -0.8110850091698482  -3.6972923053596767  -0.9827026934978915  0.1282204341246202  -0.1336223651372921  17.94154335653347  0.0  0.0  0.0  1.0
26875431820836;1.4675689642071519;1.988066973575122;0.27761192229754217  -0.8733877213356636  -0.40015685526848266  17.02244697013373  0.6069611630348165  0.4823210592635819  -0.6316364004380051  2.2808862039518196  0.7446675547958882  -0.06752987495141827  0.664010503548972  -1.1774783551937587  0.0  0.0  0.0  1.0
26875431820867;3.4095493357026116;2.1960458174671578;-0.6744085252572676  -0.5476052882551786  -0.49527930436803125  20.12638137087246  0.4852077648686624  -0.8343019671813501  0.2617511269669843  -0.2108712975440019  -0.5565487992723323  -0.06378617273588683  0.8283626972505659  2.5499938721144604  0.0  0.0  0.0  1.0
26875431820898;2.851643886467438;0.11263030232077698;-0.7735180564219242  0.6091265839801828  0.17502748663533418  5.040123741759091  -0.6188447034082262  -0.7855124309042327  -0.0012058020184467604  5.0752889508524435  0.13675178043752662  -0.10924754268886926  0.9845628090495855  -1.9354365769890118  0.0  0.0  0.0  1.0
26875431820929;4.31324373702403;4.725043845695069;0.5361894921808135  0.8438235970941061  -0.021507335075398204  1.4061753834393087  -0.841349919586364  0.5363247778862503  0.06697794739526622  1.1643360077143141  0.06805248920429144  -0.017817676964977748  0.9975226258590184  15.394726797673428  0.0  0.0  0.0  1.0
26875431820960;2.9706078354575314;2.3537318134234018;0.7173885383590716  -0.01687372895111644  0.696468924146885  -0.6065954424610491  -0.2457864247294748  0.9292941497487963  0.2756835444152651  -4.0425105131809635  -0.6518763060962846  -0.3689548217789612  0.6625176382831766  3.480113538723589  0.0  0.0  0.0  1.0
26875431820991;2.9933660743599426;4.423533102743429;0.1988803232605447  0.4473658959063601  0.8719577812025543  5.92918150451737  0.4038962060783811  -0.8480723094535956  0.34298864799514167  4.46197311301527  0.8929246730465409  0.2839667465002638  -0.3493542831378824  -0.13321854960671686  0.0  0.0  0.0  1.0
26875431821022;1.656409031130035;1.7127145178282683;0.9864834148994964  0.15807471052661196  -0.043160838964913344  0.6164267609422609  -0.1577341299263197  0.9874180177941358  0.011207247292980069  2.0097690105723096  0.044389372428704624  -0.004247826200181515  0.9990052750551214  -1.388894061220113  0.0  0.0  0.0  1.0
26875431821053;1.9984878364331908;0.05359368516864358;-0.7117339828278831  -0.7022882698396947  -0.01503075957921507  17.504700423954247  0.7022846259349499  -0.7109414009241096  -0.036859579860243255  12.392424344406587  0.015200061294867478  -0.0367900869479007  0.9992074097198236  0.7637310518438176  0.0  0.0  0.0  1.0
26875431821084;2.6465098846802793;3.777901149150005;0.6366087501849755  -0.7690060251704679  0.057957160381107146  -0.32803837262194635  0.7623164660878666  0.638872514632826  0.10351577453719933  5.703376423538081  -0.1166314911129499  -0.02171735016634286  0.9929377885761639  6.530319552436566  0.0  0.0  0.0  1.0
26875431821115;1.5027097041887814;3.7790239848303404;0.0016104221315279554  0.6551645187697956  -0.7554845199510719  -3.241083043511379  0.9579723378417604  0.21570513342094766  0.18910392736758375  1.5607457785561039  0.2868560727447676  -0.7240378089305796  -0.6272821093961276  9.152583628848204  0.0  0.0  0.0  1.0
26875431821146;3.393986024931288;3.885217351341957;0.7180877186830406  0.030656602685615347  -0.6952770677854712  0.25041471664617787  -0.5686348232666331  0.6018383872723956  -0.5607539508321693  3.920615942102481  0.40125361810843707  0.7980292778571088  0.4496051663824044  0.5644693488917207  0.0  0.0  0.0  1.0
26875431821177;4.551379335696718;2.4704894907555808;0.6729328391605458  -0.6006869976947474  0.43166714581931964  11.458977595330317  -0.683763535841154  -0.7277607819385736  0.053213450613155126  5.275296911338598  0.2821857916928665  -0.3309673323345171  -0.9004619946971909  8.158448790264982  0.0  0.0  0.0  1.0
26875431821208;2.543233512385254;0.373683932367502;0.11089100304573031  -0.9748764600936004  0.1931814509700222  2.7825567213393287  -0.3012401369089198  0.1522647848289682  0.9413128147518676  3.6303928972474795  -0.9470784367509417  -0.16257712894610757  -0.2767871235896526  3.909542422690737  0.0  0.0  0.0  1.0
26875431821239;2.014421766667579;1.9923341227101696;-0.8833957642868364  -0.4665351018670225  -0.04423711525408902  13.702465508852978  -0.27762891151350727  0.5970612594185859  -0.7526221096893964  2.00088725148927  0.37753690035796733  -0.6525816816517449  -0.6569650201043271  -1.5652537049601905  0.0  0.0  0.0  1.0
26875431821270;2.8934216940175648;3.2621540218816643;-0.8966300183423216  0.4426303335719627  -0.011532476291809039  13.574427463218292  -0.4318657531636798  -0.8799782771010942  -0.19781355634677106  -6.0968935300430385  -0.0977066090488029  -0.17238509109596084  0.9801718211191452  2.6422817069829634  0.0  0.0  0.0  1.0
26875431821301;2.825654895817324;1.7737517081665528;0.9410104237073129  -0.1467449404378055  0.30490212352505514  3.6655084994237646  0.10042686798485237  0.9815879321586348  0.16247946217072598  -1.6196774759243964  -0.32313128394034535  -0.12227450223345934  0.9384216107073748  3.49425516704124  0.0  0.0  0.0  1.0
26875431821332;1.854867411473609;2.807830360635294;-0.5581799577537028  0.33741055767828654  -0.7580166557070515  3.1899652730973003  -0.7792834925861104  0.10047591991924418  0.6185643278586112  6.558663210667188  0.28487255561894315  0.9359800772899012  0.20685483308717434  0.687791760800732  0.0  0.0  0.0  1.0
26875431821363;4.467403769838114;0.8021851768720243;-0.9364746918512088  -0.3443890808398542  -0.06641771240011192  7.045346616738017  -0.06810853470713643  -0.0072006930064923425  0.9976519320485847  7.096132626227757  -0.3440586854335033  0.938799398710133  -0.016712568900769442  4.897501914924578  0.0  0.0  0.0  1.0
26875431821394;5.784727726475907;4.782476976629158;0.8251387982283054  -0.2371128179808656  -0.5127606412425989  1.4613967096299794  0.004912625044742519  0.9106306704199956  -0.41319202340509814  8.386997526257126  0.5649086915365336  0.338421768861878  0.7525615433882336  -7.713555654049917  0.0  0.0  0.0  1.0
26875431821425;1.4999174095934682;3.6961566641227983;0.5072387624210024  0.20764561434975137  -0.8364162460993481  -1.4812483928737423  0.8415894429297214  0.08963430920394781  0.5326282945570695  0.7343239987547356  0.1855695218694372  -0.9740887995736556  -0.129286360836335  12.15619741020399  0.0  0.0  0.0  1.0
26875431821456;2.5138223759986826;4.454812939122745;0.9839236973679039  -0.17363122528562902  0.041789416886158184  -3.3430284350141752  -0.134261281045025  -0.5648665842838123  0.8141864960632104  9.804609303795623  -0.11776275374677175  -0.8067080881987923  -0.5790975688643729  18.484549991589965  0.0  0.0  0.0  1.0
26875431821487;2.043897772459037;3.288576800819863;0.10462037269636693  -0.937658434943429  0.3314381344931695  6.8565672237764534  0.6992633912680754  -0.16762035278038656  -0.6949346206414307  -2.6936484016691846  0.7071670858072681  0.30446687293237307  0.6381337132902778  0.7277478453172557  0.0  0.0  0.0  1.0
26875431821518;1.5491762003112224;2.6598005927541752;0.9811933964265703  0.1884634846534598  0.04172569665285386  -1.0293529959134649  0.18410745234781867  -0.8487740195687667  -0.49566834647279445  19.876557901273728  -0.0579996965413315  0.4940285200849781  -0.8675089950794515  -1.9587317718222135  0.0  0.0  0.0  1.0
26875431821549;1.5883996969544905;5.173646117550231;-0.6667550774922449  -0.7449342893360473  -0.022595822837602864  6.571306545677718  -0.7452768860657052  0.6664555557462328  0.01998387628027963  -5.1562394584206075  0.0001724369917484453  0.030164495460354324  -0.9995449331966554  3.827518302936476  0.0  0.0  0.0  1.0
26875431821580;4.425160905918537;3.0081906252134494;0.27172026945865446  0.5592397286103389  -0.7832107130965154  3.764364582044969  -0.9312568687542527  -0.05249102631454895  -0.3605625279399809  9.13991245510324  -0.24275242442319847  0.8273425035015913  0.5065329627342916  -3.531749317814539  0.0  0.0  0.0  1.0
26875431821611;3.353273937562721;3.2312686522181804;-0.5372136477602395  -0.8330733625983651  -0.13187216988125403  8.931984293478761  -0.5524316573231679  0.4656775275604852  -0.6913491913008443  -2.077979933468211  0.6373545015509933  -0.2985518595725146  -0.7103844216327369  -1.7599382076352068  0.0  0.0  0.0  1.0
26875431821642;1.3671223414634766;0.43000006518909123;0.5205282697783014  0.3163320267129265  -0.7930853480157738  1.7614032778246826  -0.6281758792949059  0.770984486767868  -0.10477588384432326  2.9172606442239406  0.5783125323159441  0.552735895377693  0.6000313699527219  0.1700981495510634  0.0  0.0  0.0  1.0
26875431821673;4.231146946497155;0.37709913702863135;0.08629275520720377  -0.9244946762369352  -0.3712992782221833  10.91583593827378  0.9490005191867382  -0.0371591095189322  0.3130770115531668  8.960256147581951  -0.3032351809768309  -0.37937948572547336  0.8741393657927916  11.372623962869898  0.0  0.0  0.0  1.0
26875431821704;5.916097515817769;2.2111337550954673;-0.5821223249802437  -0.8067223723974671  0.10164945958045248  7.319427829649286  0.10651379658484889  0.04827921780926975  0.9931384235164835  -12.29885676460372  -0.8060945415375771  0.5889551179853415  0.05782265215463072  -1.8556984475286376  0.0  0.0  0.0  1.0
26875431821735;2.456523073906335;6.311485236103905;0.5876718749594242  0.807537077394396  0.050255706292838764  -8.771738681332055  -0.3474758536227782  0.30798777905403085  -0.8856658845763944  1.5481982138371462  -0.730686183344667  0.5030182865330871  0.4615953908809327  4.1756036666165555  0.0  0.0  0.0  1.0
26875431821766;3.6833967010897686;3.5564828036381497;-0.2190193604884564  -0.9738012253414048  0.0611693816774919  -1.838800582521179  0.8979102712210737  -0.17662427858288068  0.40318855272784665  -1.6740087708656615  -0.3818215087798566  0.14323071506718132  0.9130702589036717  3.446239645427535  0.0  0.0  0.0  1.0
26875431821797;3.7834060321852396;3.4040582152032828;-0.07355991304334586  0.9948997449488803  -0.06901765494211254  -4.023574875463945  -0.8515424197796242  -0.09868091847161913  -0.5149151227585571  18.38010413579037  -0.5190996498832549  0.02089434924209842  0.8544582960337102  15.261227374348024  0.0  0.0  0.0  1.0
26875431821828;3.309200691813214;0.31142552923446687;0.34207099763813575  0.9350127909512246  -0.09348001568491995  -1.9836984988259712  -0.8432594804690206  0.3493440848172838  0.4084998886196821  15.724317120714208  0.4146093114897068  -0.06090805497450041  0.9079588799418479  0.698251451855378  0.0  0.0  0.0  1.0
26875431821859;1.3587079118313974;2.474984243424518;-0.8760387503635176  0.3744317326575316  0.3039029210794223  7.859666919289467  -0.46835004142117875  -0.8107642308231232  -0.351154667801198  1.8824931814794157  0.11491016735827558  -0.4499580420404422  0.8856260011092859  4.472901262605811  0.0  0.0  0.0  1.0
26875431821890;5.99180136419761;0.055056174703470746;-0.3476737262249995  -0.9374457594593576  0.017844555598049823  6.084684306737372  0.9375490645284094  -0.3473593978016494  0.01852566762033607  -10.082873598439965  -0.011168334465260901  0.023171034300244843  0.9996691310002165  6.251627532748372  0.0  0.0  0.0  1.0
26875431821921;1.334025833505696;2.0813218065106724;0.3439051805818013  -0.9389943316352944  0.004344182982465777  4.555811169725031  0.9388523163583249  0.3439290645170233  0.016405079977042658  2.3054596614354166  -0.01689836789771698  -0.001563245736191328  0.9998559903431904  1.034729542591943  0.0  0.0  0.0  1.0
26875431821952;1.5331962113685564;4.439074908395686;-0.7455167386059312  -0.6031051323924779  -0.2836705690413205  6.171534211181737  -0.5080703289090538  0.7897360718357566  -0.3437753303011632  8.437573180247536  0.43135754698465717  -0.11216566374465774  -0.895181283615838  -0.4205531027476219  0.0  0.0  0.0  1.0
26875431821983;5.104278779962253;0.8285586238707824;-0.9353058171425749  -0.328746252457031  0.1308775378539765  13.018156050669226  0.3360002539285023  -0.9411261799216308  0.03722019379450715  25.39872820003039  0.11093627801239286  0.07878714972364996  0.9906996150494761  5.691930945461943  0.0  0.0  0.0  1.0
26875431822014;4.051816939242429;3.267275058272477;0.4431416924193803  0.5902157598413016  -0.6747375765989635  -6.485745321374531  0.7655415931390664  -0.6407900445532168  -0.05774242786362657  4.394033022920975  -0.4664456127071913  -0.490951602132472  -0.7357954979134975  5.737035667034977  0.0  0.0  0.0  1.0
26875431822045;4.351333545702148;3.741331146614029;0.8252725377803724  0.24750496794978488  -0.5076086378557004  -1.2998265443257493  0.5419583985101241  -0.5997970167279072  0.5886634293113877  -3.961445739702456  -0.15876502344624027  -0.7609105266484871  -0.6291334022015015  12.920571198498703  0.0  0.0  0.0  1.0
26875431822076;1.1412009696094776;3.356081283241806;0.8417457962046875  0.5262002431797325  0.12073656715895159  0.8024064288535411  0.17083071931412974  -0.4717521327248888  0.8650241560835952  -5.3046985553058965  0.5121336543426478  -0.7075049323835911  -0.4869865406174345  5.174257166627212  0.0  0.0  0.0  1.0
26875431822107;1.4325003679545003;2.6652690691113308;0.8728670693685825  -0.46193738868400114  -0.15721618284295188  -0.3656135079209398  -0.48630664830709724  -0.8500092945251052  -0.20245997884335182  -3.482863465336937  -0.04011138272635141  0.2531759233354134  -0.966588345066834  1.0684653927526329  0.0  0.0  0.0  1.0
26875431822138;4.104686773760169;6.802262100411211;-0.2371650678897913  0.9679492751400294  0.08262524631565416  -7.672366929902127  0.6171658321155007  0.08443969848424962  0.7822891236551044  -1.2236132895202982  0.7502393393058063  0.23652513201725706  -0.6174113666610025  -1.8708398131039798  0.0  0.0  0.0  1.0
26875431822169;2.4370489578780687;0.8367223809059472;0.8538065852357898  -0.42059005999039134  0.30678708650345654  5.716077054245429  0.44748706976984776  0.8940744790095853  -0.019650658323182548  1.3368191159255822  -0.26602563296944864  0.15406111586321203  0.9515752913890663  3.4463628909804216  0.0  0.0  0.0  1.0
26875431822200;3.7431807365241796;2.0343082359862357;-0.8035168311020537  -0.3636090319917639  -0.47132703507196155  16.23368187215288  -0.4308169531246713  0.9016001710227282  0.038908668856211755  -4.525916307650952  0.41080099200962045  0.23431944747673  -0.8810998476325544  0.10806870665125334  0.0  0.0  0.0  1.0
26875431822231;2.9987588218906187;3.31804130496206;-0.10614251889326515  -0.981035161491746  0.16218439382337876  6.739614501749031  0.3902668775630933  -0.19111935724599968  -0.9006470760309111  -8.452759612542403  0.91456302678391  -0.03230175231686198  0.4031514192423409  -0.31570939755422955  0.0  0.0  0.0  1.0
26875431822262;1.4232017099761387;1.3585856041354232;-0.03983090795966099  0.04883543930270384  0.9980123238914538  1.2376380819530137  0.35604050011005106  0.9339397777312041  -0.03149053592387911  -3.1762827167601246  -0.9336212621039077  0.35407851027632326  -0.05458706355910653  5.923313645674887  0.0  0.0  0.0  1.0
26875431822293;1.6014741833671042;3.339421808802655;-0.046635145196704676  -0.10879240696780974  0.9929699770983171  3.219107074108643  -0.6554579828589214  0.753455396346427  0.05176676948547691  3.683602381678222  -0.7537904191079878  -0.6484359474170127  -0.10644635342934383  14.757745849562255  0.0  0.0  0.0  1.0
26875431822324;2.782792515369427;2.0127590242998417;0.15157076525490656  0.9883935398174418  0.010223187721484426  1.0286791889840567  0.9872044354231884  -0.1508539090989255  -0.05167688835791805  -1.7762463826238357  -0.04953489477959534  0.017925081777215315  -0.998611528895223  -4.690927050302797  0.0  0.0  0.0  1.0
26875431822355;3.517315059062168;1.3598418240891028;-0.1758118419421534  -0.9680663539486615  0.1787113051417069  2.5231786586351985  0.7634480142302077  -0.019473391474513047  0.6455756474592531  6.678623238965315  -0.62147994802798  0.2499366347237344  0.7424919883891776  1.1592722624964538  0.0  0.0  0.0  1.0
26875431822386;2.6396216123483303;2.268761526748959;0.5413369492022462  0.7983208138923019  0.26389048018967326  -7.74964526709128  -0.7828172000954526  0.5930725495834853  -0.188314051959115  6.665069365861774  -0.30684122712425754  -0.10463665245446407  0.9459913489562166  -0.6892829624215437  0.0  0.0  0.0  1.0
26875431822417;3.186775984733459;0.025865870116741515;0.679875392383133  -0.7210215238492982  -0.13378121309779525  14.745264800090737  0.731730716435876  0.6790434717811923  0.05890774189854307  -4.346360360221736  0.04836950957081766  -0.13794174704338674  0.989258543034376  -0.22605800678308263  0.0  0.0  0.0  1.0
26875431822448;3.9599817839126596;3.8087752560202635;0.922102737461794  0.34125010412602286  0.1824141112947251  2.4066037135194334  -0.014476050892270775  -0.44066800935810424  0.8975534243034953  -2.5851133903252075  0.38667426280531036  -0.8302771055270309  -0.40140122386662636  4.329425361534286  0.0  0.0  0.0  1.0
26875431822479;2.9073535472467738;2.6954081804726377;-0.2445114100150011  0.3786385818178867  -0.8926628673420971  9.844044815789164  0.6261101606656918  0.7646115825772212  0.1528240638771872  1.0683356914403177  0.7404054545204655  -0.5215380639490239  -0.42402571946598433  6.983318451388448  0.0  0.0  0.0  1.0
26875431822510;3.7711636163769215;0.02257218137132393;-0.9943299482446333  0.10632017977098325  -0.001993338227860658  7.359420398923469  -0.10629655862662507  -0.994288432000204  -0.009568469820810666  -3.131818243059346  -0.0029992745725071213  -0.00930233110790657  0.9999522343532201  -6.656732107566235  0.0  0.0  0.0  1.0
26875431822541;2.7225886157360173;3.1112979163924863;0.7053671217601087  0.11768454340032389  -0.6990047008314871  8.674065457195859  0.09573457873750285  0.9612703891014227  0.25844560253707516  2.5649627243281263  0.7023475734804043  -0.24921795136277047  0.6667820474073455  -4.674314264019165  0.0  0.0  0.0  1.0
26875431822572;6.3174187801669905;0.13951020871415107;0.5698173106344344  -0.8114206064075545  0.13001858328152918  1.333148632236519  0.7975887432568669  0.5841831696982993  0.1502738196466018  -2.4173876436016757  -0.19788994196591117  0.018072734669762405  0.9800576243927113  -9.298322132483902  0.0  0.0  0.0  1.0
26875431822603;4.291318477345014;3.4204785831878266;0.4160304228177789  -0.8838578566693616  0.2138082704057602  -9.09992934529828  -0.908458599519061  -0.3935585058985993  0.1407646098802132  3.2332325165426576  -0.04026984293396938  -0.25279832206465436  -0.9666805822562946  -3.666782360314382  0.0  0.0  0.0  1.0
26875431822634;2.1517287473981175;0.09805315459402465;-0.8803820527079381  -0.25053616664963263  -0.4026897943458023  8.01080603851096  0.27161301893511053  -0.9623938468563045  0.004944843584909538  7.339873789694547  -0.3887850424266759  -0.10502243919101972  0.9153231549849794  3.597961956232597  0.0  0.0  0.0  1.0
26875431822665;1.5906219386342715;3.1202566286383573;0.47655244636070515  0.8610934138845832  0.1772453058115284  6.813019823974179  -0.6713493896006162  0.48660978109825326  -0.5590178154785335  2.583651972756462  -0.5676158586143529  0.14740777965936824  0.809989619405945  2.1635774995062196  0.0  0.0  0.0  1.0
26875431822696;2.534146944068928;3.7416035940125543;-0.27441489272381003  0.8166072477890678  0.5077884101766647  4.324954933570585  -0.9265455785106425  -0.36583808896346526  0.0876115495008463  5.362702475107307  0.2573125678892489  -0.44644719231049546  0.8570152547558976  -3.3869040036132207  0.0  0.0  0.0  1.0
26875431822727;3.2280913866871095;3.7482501030099273;-0.03920765180875485  0.865098001873699  0.5000682025421909  2.6670770941943864  -0.33741764922349377  0.45959506338277345  -0.8215361877036682  3.1125482624155922  -0.940538191692467  -0.20094234214898105  0.27387969092203024  3.6721886472087166  0.0  0.0  0.0  1.0
26875431822758;5.123607463454776;1.4915140787183467;-0.6479296762173415  -0.5296751812577823  -0.5473859123474274  7.648440065402479  -0.5111711675822337  0.8351465442262062  -0.20306227394482082  0.690533351283575  0.5647044998134036  0.14823782252367587  -0.8118709108373899  5.088414981902728  0.0  0.0  0.0  1.0
26875431822789;3.4449919855173357;2.591699638750855;0.6228353174283179  0.7062254651612365  -0.33663297479860943  -0.3022435231831375  -0.5806036776934704  0.12884282018878468  -0.8039271715364624  4.102435590732625  -0.5243810988325025  0.6961645782741284  0.49028496116403736  0.2887222396046738  0.0  0.0  0.0  1.0
26875431822820;3.2885712155089486;5.427957889440935;-0.7985261692341146  -0.5635284445186401  0.21164037721260126  -0.6583091618538548  0.5369747330657028  -0.8257414567948206  -0.17265335959483846  6.505553584376777  0.27205531256953563  -0.024222690783005204  0.961976698342493  3.0757497705691934  0.0  0.0  0.0  1.0
26875431822851;5.9287144767363475;3.0585829171776666;0.6481437041615687  0.7262983684966338  0.2289113773381501  5.301452471376537  -0.5351180508837351  0.6482579068030484  -0.5416736636441938  4.163587149854788  -0.5418103084790042  0.22858776473481335  0.8088196482773082  0.7779783606101314  0.0  0.0  0.0  1.0
26875431822882;5.41078833518639;3.1058106144710544;-0.1933117963788359  -0.44259974345054276  0.875634636408532  2.3544911761731875  -0.6235021357469098  -0.6336664175283568  -0.4579431820824717  -7.254750607513015  0.757545798021367  -0.6344858851024913  -0.15346669184509998  -6.910573555869558  0.0  0.0  0.0  1.0
26875431822913;4.777035883166865;5.292207371189805;0.9565083944560577  0.286689973644906  0.053856757668632654  -0.5244373838548968  -0.2722771533538035  0.9437074837458672  -0.18783326884125928  3.8568934698951187  -0.10467494015591339  0.16500013373790506  0.9807232600330376  -2.053215660860653  0.0  0.0  0.0  1.0
26875431822944;2.976285503595206;2.9619561795942095;0.04952678548127834  -0.9867637800750593  -0.15441612562122636  15.684116065729208  -0.40134308726506973  -0.16123673446685693  0.901624335165709  9.785016478295754  -0.9145877890199681  0.017319289547881422  -0.40401635905631694  7.905291313304714  0.0  0.0  0.0  1.0
26875431822975;3.393796302193077;3.210140483576318;-0.6597024191800471  0.07330325832219296  -0.7479434139340656  -2.0318398472305113  -0.7514163040349844  -0.08141261457612226  0.6547866249537206  4.223791685996781  -0.012894035768463652  0.9939811962543509  0.10878936222982466  3.984165345755671  0.0  0.0  0.0  1.0
26875431823006;5.039958847236191;4.2055364223169445;0.07064563674944924  -0.9970553814251452  0.029828851460002553  -6.2855289835670956  -0.3481313366615167  -0.05266781059543142  -0.9359651030681378  6.551675500782677  0.9347800631392023  0.05573749275166397  -0.3508269736768079  0.44713742554042524  0.0  0.0  0.0  1.0
26875431823037;5.369728603719778;5.117806250895522;-0.23786681116207287  0.12733125437932102  0.9629154333615051  -1.676297912933582  -0.3984701337624022  0.8913122930560202  -0.21629597487376367  -3.630236446236327  -0.8857996007263493  -0.4351426753438546  -0.161275910934128  8.053887564139892  0.0  0.0  0.0  1.0
26875431823068;4.204830814786546;2.296707054323575;0.4513148729333834  0.8030778255810187  -0.3890769737843489  8.767884392687375  -0.883876677617738  0.3423006667418965  -0.31873542682212563  3.714879566508154  -0.12278804596764853  0.4877461015816694  0.8643071422586593  -9.674758250868162  0.0  0.0  0.0  1.0
26875431823099;2.356510122240444;4.594086234850498;0.4682362877856989  -0.2846877893322883  -0.836485290609323  0.07553993832079531  0.5237331678837707  -0.6730383927309944  0.5222287724441375  9.937182116050396  -0.7116588702876536  -0.6826215529231217  -0.16604056078478727  17.24887838398673  0.0  0.0  0.0  1.0
