# registration_from_features.py RANSAC RANSAC_config.json euclidean True --use_random_keypoints=True --n_keypoints=5000 --input_txt=/benchmark/point_clouds_registration_benchmark//eth/wood_autumn_global.txt --input_pcd_dir=/benchmark/point_clouds_registration_benchmark//eth/wood_autumn/ --input_features_dir=/benchmark/experiments/FPFH/features/voxelgrid_0.1//eth/wood_autumn/ --output_dir=/benchmark/experiments/FPFH/results/voxelgrid_0.1/RANSAC/
id;initial_error;final_error;transformation;status_code
26875431820030;2.0535532931381004;2.0535532931381004;1.0  0.0  0.0  0.0  0.0  1.0  0.0  0.0  0.0  0.0  1.0  0.0  0.0  0.0  0.0  1.0;ok
26875431820061;1.6463845109934325;1.6463845109934325;1.0  0.0  0.0  0.0  0.0  1.0  0.0  0.0  0.0  0.0  1.0  0.0  0.0  0.0  0.0  1.0;ok
26875431820092;3.1454983955145077;3.1454983955145077;1.0  0.0  0.0  0.0  0.0  1.0  0.0  0.0  0.0  0.0  1.0  0.0  0.0  0.0  0.0  1.0;ok
26875431820123;5.022952331012622;5.022952331012622;1.0  0.0  0.0  0.0  0.0  1.0  0.0  0.0  0.0  0.0  1.0  0.0  0.0  0.0  0.0  1.0;ok
26875431820154;4.9039779898946945;4.9039779898946945;1.0  0.0  0.0  0.0  0.0  1.0  0.0  0.0  0.0  0.0  1.0  0.0  0.0  0.0  0.0  1.0;ok
26875431820185;2.518490360471434;2.518490360471434;1.0  0.0  0.0  0.0  0.0  1.0  0.0  0.0  0.0  0.0  1.0  0.0  0.0  0.0  0.0  1.0;ok
26875431820216;3.040176925026691;3.040176925026691;1.0  0.0  0.0  0.0  0.0  1.0  0.0  0.0  0.0  0.0  1.0  0.0  0.0  0.0  0.0  1.0;ok
26875431820247;4.293952946805166;4.293952946805166;1.0  0.0  0.0  0.0  0.0  1.0  0.0  0.0  0.0  0.0  1.0  0.0  0.0  0.0  0.0  1.0;ok
26875431820278;1.9928622542605958;1.9928622542605958;1.0  0.0  0.0  0.0  0.0  1.0  0.0  0.0  0.0  0.0  1.0  0.0  0.0  0.0  0.0  1.0;ok
26875431820309;3.3178555720271428;3.3178555720271428;1.0  0.0  0.0  0.0  0.0  1.0  0.0  0.0  0.0  0.0  1.0  0.0  0.0  0.0  0.0  1.0;ok
26875431820340;3.1987335091215683;3.1987335091215683;1.0  0.0  0.0  0.0  0.0  1.0  0.0  0.0  0.0  0.0  1.0  0.0  0.0  0.0  0.0  1.0;ok
26875431820371;3.5265759616751016;3.5265759616751016;1.0  0.0  0.0  0.0  0.0  1.0  0.0  0.0  0.0  0.0  1.0  0.0  0.0  0.0  0.0  1.0;ok
26875431820402;5.0883567835047625;5.0883567835047625;1.0  0.0  0.0  0.0  0.0  1.0  0.0  0.0  0.0  0.0  1.0  0.0  0.0  0.0  0.0  1.0;ok
26875431820433;1.6687229373662258;1.6687229373662258;1.0  0.0  0.0  0.0  0.0  1.0  0.0  0.0  0.0  0.0  1.0  0.0  0.0  0.0  0.0  1.0;ok
26875431820464;4.58945846466715;4.58945846466715;1.0  0.0  0.0  0.0  0.0  1.0  0.0  0.0  0.0  0.0  1.0  0.0  0.0  0.0  0.0  1.0;ok
26875431820495;2.035425071867048;1.6461356785353904;0.7800668116305615  0.248765700159861  -0.5741179284924868  -1.7371217592290655  0.1800308415886494  0.7895280017254616  0.5867149483081904  4.254000585524161  0.5992367357475779  -0.5610357929003938  0.5710990926408591  -2.4175051110802186  0.0  0.0  0.0  1.0;ok
26875431820526;3.855140063669406;3.855140063669406;1.0  0.0  0.0  0.0  0.0  1.0  0.0  0.0  0.0  0.0  1.0  0.0  0.0  0.0  0.0  1.0;ok
26875431820557;2.7573624115491;2.7573624115491;1.0  0.0  0.0  0.0  0.0  1.0  0.0  0.0  0.0  0.0  1.0  0.0  0.0  0.0  0.0  1.0;ok
26875431820588;1.5947841889661274;1.5947841889661274;1.0  0.0  0.0  0.0  0.0  1.0  0.0  0.0  0.0  0.0  1.0  0.0  0.0  0.0  0.0  1.0;ok
26875431820619;3.5884439472599823;3.5884439472599823;1.0  0.0  0.0  0.0  0.0  1.0  0.0  0.0  0.0  0.0  1.0  0.0  0.0  0.0  0.0  1.0;ok
26875431820650;3.205971749881819;3.205971749881819;1.0  0.0  0.0  0.0  0.0  1.0  0.0  0.0  0.0  0.0  1.0  0.0  0.0  0.0  0.0  1.0;ok
26875431820681;1.5831696178308692;1.5831696178308692;1.0  0.0  0.0  0.0  0.0  1.0  0.0  0.0  0.0  0.0  1.0  0.0  0.0  0.0  0.0  1.0;ok
26875431820712;2.1253878571825364;2.1253878571825364;1.0  0.0  0.0  0.0  0.0  1.0  0.0  0.0  0.0  0.0  1.0  0.0  0.0  0.0  0.0  1.0;ok
26875431820743;1.5610088030304428;1.5610088030304428;1.0  0.0  0.0  0.0  0.0  1.0  0.0  0.0  0.0  0.0  1.0  0.0  0.0  0.0  0.0  1.0;ok
26875431820774;3.330059369423353;3.330059369423353;1.0  0.0  0.0  0.0  0.0  1.0  0.0  0.0  0.0  0.0  1.0  0.0  0.0  0.0  0.0  1.0;ok
26875431820805;4.120916915159846;4.120916915159846;1.0  0.0  0.0  0.0  0.0  1.0  0.0  0.0  0.0  0.0  1.0  0.0  0.0  0.0  0.0  1.0;ok
26875431820836;1.4675689642071519;1.4675689642071519;1.0  0.0  0.0  0.0  0.0  1.0  0.0  0.0  0.0  0.0  1.0  0.0  0.0  0.0  0.0  1.0;ok
26875431820867;3.4095493357026116;3.4095493357026116;1.0  0.0  0.0  0.0  0.0  1.0  0.0  0.0  0.0  0.0  1.0  0.0  0.0  0.0  0.0  1.0;ok
26875431820898;2.851643886467438;2.8547749959398763;-0.9688929047010524  0.24747831678891175  -0.0010109101270690786  9.27730616712455  0.24592019587081707  0.9623187492344858  -0.11604258759021768  -2.810978893096586  -0.027745206483587345  -0.11268144297576888  -0.9932437243325936  6.389093210250673  0.0  0.0  0.0  1.0;ok
26875431820929;4.31324373702403;4.31324373702403;1.0  0.0  0.0  0.0  0.0  1.0  0.0  0.0  0.0  0.0  1.0  0.0  0.0  0.0  0.0  1.0;ok
26875431820960;2.9706078354575314;2.9706078354575314;1.0  0.0  0.0  0.0  0.0  1.0  0.0  0.0  0.0  0.0  1.0  0.0  0.0  0.0  0.0  1.0;ok
26875431820991;2.9933660743599426;2.9933660743599426;1.0  0.0  0.0  0.0  0.0  1.0  0.0  0.0  0.0  0.0  1.0  0.0  0.0  0.0  0.0  1.0;ok
26875431821022;1.656409031130035;1.656409031130035;1.0  0.0  0.0  0.0  0.0  1.0  0.0  0.0  0.0  0.0  1.0  0.0  0.0  0.0  0.0  1.0;ok
26875431821053;1.9984878364331908;1.9984878364331908;1.0  0.0  0.0  0.0  0.0  1.0  0.0  0.0  0.0  0.0  1.0  0.0  0.0  0.0  0.0  1.0;ok
26875431821084;2.6465098846802793;2.6465098846802793;1.0  0.0  0.0  0.0  0.0  1.0  0.0  0.0  0.0  0.0  1.0  0.0  0.0  0.0  0.0  1.0;ok
26875431821115;1.5027097041887814;1.5027097041887814;1.0  0.0  0.0  0.0  0.0  1.0  0.0  0.0  0.0  0.0  1.0  0.0  0.0  0.0  0.0  1.0;ok
26875431821146;3.393986024931288;3.393986024931288;1.0  0.0  0.0  0.0  0.0  1.0  0.0  0.0  0.0  0.0  1.0  0.0  0.0  0.0  0.0  1.0;ok
26875431821177;4.551379335696718;4.551379335696718;1.0  0.0  0.0  0.0  0.0  1.0  0.0  0.0  0.0  0.0  1.0  0.0  0.0  0.0  0.0  1.0;ok
26875431821208;2.543233512385254;2.543233512385254;1.0  0.0  0.0  0.0  0.0  1.0  0.0  0.0  0.0  0.0  1.0  0.0  0.0  0.0  0.0  1.0;ok
26875431821239;2.014421766667579;1.1558469445411295;-0.9164563089177274  0.005097584453327857  0.4001022975160691  11.785602523640124  0.3999828058512749  -0.015884398657449783  0.9163849850923101  -0.6202279405730924  0.01102673425077641  0.9998608405733436  0.012518411230278081  -2.2568740379186574  0.0  0.0  0.0  1.0;ok
26875431821270;2.8934216940175648;2.8934216940175648;1.0  0.0  0.0  0.0  0.0  1.0  0.0  0.0  0.0  0.0  1.0  0.0  0.0  0.0  0.0  1.0;ok
26875431821301;2.825654895817324;2.825654895817324;1.0  0.0  0.0  0.0  0.0  1.0  0.0  0.0  0.0  0.0  1.0  0.0  0.0  0.0  0.0  1.0;ok
26875431821332;1.854867411473609;1.854867411473609;1.0  0.0  0.0  0.0  0.0  1.0  0.0  0.0  0.0  0.0  1.0  0.0  0.0  0.0  0.0  1.0;ok
26875431821363;4.467403769838114;4.467403769838114;1.0  0.0  0.0  0.0  0.0  1.0  0.0  0.0  0.0  0.0  1.0  0.0  0.0  0.0  0.0  1.0;ok
26875431821394;5.784727726475907;5.784727726475907;1.0  0.0  0.0  0.0  0.0  1.0  0.0  0.0  0.0  0.0  1.0  0.0  0.0  0.0  0.0  1.0;ok
26875431821425;1.4999174095934682;1.4999174095934682;1.0  0.0  0.0  0.0  0.0  1.0  0.0  0.0  0.0  0.0  1.0  0.0  0.0  0.0  0.0  1.0;ok
26875431821456;2.5138223759986826;2.5138223759986826;1.0  0.0  0.0  0.0  0.0  1.0  0.0  0.0  0.0  0.0  1.0  0.0  0.0  0.0  0.0  1.0;ok
26875431821487;2.043897772459037;2.043897772459037;1.0  0.0  0.0  0.0  0.0  1.0  0.0  0.0  0.0  0.0  1.0  0.0  0.0  0.0  0.0  1.0;ok
26875431821518;1.5491762003112224;1.5491762003112224;1.0  0.0  0.0  0.0  0.0  1.0  0.0  0.0  0.0  0.0  1.0  0.0  0.0  0.0  0.0  1.0;ok
26875431821549;1.5883996969544905;1.5883996969544905;1.0  0.0  0.0  0.0  0.0  1.0  0.0  0.0  0.0  0.0  1.0  0.0  0.0  0.0  0.0  1.0;ok
26875431821580;4.425160905918537;4.425160905918537;1.0  0.0  0.0  0.0  0.0  1.0  0.0  0.0  0.0  0.0  1.0  0.0  0.0  0.0  0.0  1.0;ok
26875431821611;3.353273937562721;3.353273937562721;1.0  0.0  0.0  0.0  0.0  1.0  0.0  0.0  0.0  0.0  1.0  0.0  0.0  0.0  0.0  1.0;ok
26875431821642;1.3671223414634766;1.3671223414634766;1.0  0.0  0.0  0.0  0.0  1.0  0.0  0.0  0.0  0.0  1.0  0.0  0.0  0.0  0.0  1.0;ok
26875431821673;4.231146946497155;4.231146946497155;1.0  0.0  0.0  0.0  0.0  1.0  0.0  0.0  0.0  0.0  1.0  0.0  0.0  0.0  0.0  1.0;ok
26875431821704;5.916097515817769;5.916097515817769;1.0  0.0  0.0  0.0  0.0  1.0  0.0  0.0  0.0  0.0  1.0  0.0  0.0  0.0  0.0  1.0;ok
26875431821735;2.456523073906335;2.456523073906335;1.0  0.0  0.0  0.0  0.0  1.0  0.0  0.0  0.0  0.0  1.0  0.0  0.0  0.0  0.0  1.0;ok
26875431821766;3.6833967010897686;3.6833967010897686;1.0  0.0  0.0  0.0  0.0  1.0  0.0  0.0  0.0  0.0  1.0  0.0  0.0  0.0  0.0  1.0;ok
26875431821797;3.7834060321852396;3.7834060321852396;1.0  0.0  0.0  0.0  0.0  1.0  0.0  0.0  0.0  0.0  1.0  0.0  0.0  0.0  0.0  1.0;ok
26875431821828;3.309200691813214;3.309200691813214;1.0  0.0  0.0  0.0  0.0  1.0  0.0  0.0  0.0  0.0  1.0  0.0  0.0  0.0  0.0  1.0;ok
26875431821859;1.3587079118313974;1.3587079118313974;1.0  0.0  0.0  0.0  0.0  1.0  0.0  0.0  0.0  0.0  1.0  0.0  0.0  0.0  0.0  1.0;ok
26875431821890;5.99180136419761;5.99180136419761;1.0  0.0  0.0  0.0  0.0  1.0  0.0  0.0  0.0  0.0  1.0  0.0  0.0  0.0  0.0  1.0;ok
26875431821921;1.334025833505696;1.334025833505696;1.0  0.0  0.0  0.0  0.0  1.0  0.0  0.0  0.0  0.0  1.0  0.0  0.0  0.0  0.0  1.0;ok
26875431821952;1.5331962113685564;1.5331962113685564;1.0  0.0  0.0  0.0  0.0  1.0  0.0  0.0  0.0  0.0  1.0  0.0  0.0  0.0  0.0  1.0;ok
26875431821983;5.104278779962253;5.104278779962253;1.0  0.0  0.0  0.0  0.0  1.0  0.0  0.0  0.0  0.0  1.0  0.0  0.0  0.0  0.0  1.0;ok
26875431822014;4.051816939242429;4.051816939242429;1.0  0.0  0.0  0.0  0.0  1.0  0.0  0.0  0.0  0.0  1.0  0.0  0.0  0.0  0.0  1.0;ok
26875431822045;4.351333545702148;4.351333545702148;1.0  0.0  0.0  0.0  0.0  1.0  0.0  0.0  0.0  0.0  1.0  0.0  0.0  0.0  0.0  1.0;ok
26875431822076;1.1412009696094776;1.1412009696094776;1.0  0.0  0.0  0.0  0.0  1.0  0.0  0.0  0.0  0.0  1.0  0.0  0.0  0.0  0.0  1.0;ok
26875431822107;1.4325003679545003;1.4325003679545003;1.0  0.0  0.0  0.0  0.0  1.0  0.0  0.0  0.0  0.0  1.0  0.0  0.0  0.0  0.0  1.0;ok
26875431822138;4.104686773760169;4.104686773760169;1.0  0.0  0.0  0.0  0.0  1.0  0.0  0.0  0.0  0.0  1.0  0.0  0.0  0.0  0.0  1.0;ok
26875431822169;2.4370489578780687;1.7771460793489766;-0.8842035886801283  0.31892879280457886  -0.3412747264087925  7.366823772412838  -0.07716928964274558  0.6208425219128875  0.7801278508814307  6.241901629031561  0.46068309552361103  0.716127773588666  -0.5243396774932488  -5.232864731661666  0.0  0.0  0.0  1.0;ok
26875431822200;3.7431807365241796;3.7431807365241796;1.0  0.0  0.0  0.0  0.0  1.0  0.0  0.0  0.0  0.0  1.0  0.0  0.0  0.0  0.0  1.0;ok
26875431822231;2.9987588218906187;2.9987588218906187;1.0  0.0  0.0  0.0  0.0  1.0  0.0  0.0  0.0  0.0  1.0  0.0  0.0  0.0  0.0  1.0;ok
26875431822262;1.4232017099761387;1.4232017099761387;1.0  0.0  0.0  0.0  0.0  1.0  0.0  0.0  0.0  0.0  1.0  0.0  0.0  0.0  0.0  1.0;ok
26875431822293;1.6014741833671042;1.6014741833671042;1.0  0.0  0.0  0.0  0.0  1.0  0.0  0.0  0.0  0.0  1.0  0.0  0.0  0.0  0.0  1.0;ok
26875431822324;2.782792515369427;1.2904267802980616;0.6975019676774147  0.19932581200471383  0.6883024231795184  0.9550730276493091  0.6172906241544859  0.32068767407639054  -0.7184091459791143  -3.017565716555241  -0.363927589524483  0.9259744253294129  0.10063832877568613  2.9852908166546  0.0  0.0  0.0  1.0;ok
26875431822355;3.517315059062168;3.517315059062168;1.0  0.0  0.0  0.0  0.0  1.0  0.0  0.0  0.0  0.0  1.0  0.0  0.0  0.0  0.0  1.0;ok
26875431822386;2.6396216123483303;2.6396216123483303;1.0  0.0  0.0  0.0  0.0  1.0  0.0  0.0  0.0  0.0  1.0  0.0  0.0  0.0  0.0  1.0;ok
26875431822417;3.186775984733459;3.186775984733459;1.0  0.0  0.0  0.0  0.0  1.0  0.0  0.0  0.0  0.0  1.0  0.0  0.0  0.0  0.0  1.0;ok
26875431822448;3.9599817839126596;3.9599817839126596;1.0  0.0  0.0  0.0  0.0  1.0  0.0  0.0  0.0  0.0  1.0  0.0  0.0  0.0  0.0  1.0;ok
26875431822479;2.9073535472467738;2.9073535472467738;1.0  0.0  0.0  0.0  0.0  1.0  0.0  0.0  0.0  0.0  1.0  0.0  0.0  0.0  0.0  1.0;ok
26875431822510;3.7711636163769215;3.7711636163769215;1.0  0.0  0.0  0.0  0.0  1.0  0.0  0.0  0.0  0.0  1.0  0.0  0.0  0.0  0.0  1.0;ok
26875431822541;2.7225886157360173;2.7225886157360173;1.0  0.0  0.0  0.0  0.0  1.0  0.0  0.0  0.0  0.0  1.0  0.0  0.0  0.0  0.0  1.0;ok
26875431822572;6.3174187801669905;6.3174187801669905;1.0  0.0  0.0  0.0  0.0  1.0  0.0  0.0  0.0  0.0  1.0  0.0  0.0  0.0  0.0  1.0;ok
26875431822603;4.291318477345014;4.291318477345014;1.0  0.0  0.0  0.0  0.0  1.0  0.0  0.0  0.0  0.0  1.0  0.0  0.0  0.0  0.0  1.0;ok
26875431822634;2.1517287473981175;2.1517287473981175;1.0  0.0  0.0  0.0  0.0  1.0  0.0  0.0  0.0  0.0  1.0  0.0  0.0  0.0  0.0  1.0;ok
26875431822665;1.5906219386342715;1.5906219386342715;1.0  0.0  0.0  0.0  0.0  1.0  0.0  0.0  0.0  0.0  1.0  0.0  0.0  0.0  0.0  1.0;ok
26875431822696;2.534146944068928;2.534146944068928;1.0  0.0  0.0  0.0  0.0  1.0  0.0  0.0  0.0  0.0  1.0  0.0  0.0  0.0  0.0  1.0;ok
26875431822727;3.2280913866871095;3.2280913866871095;1.0  0.0  0.0  0.0  0.0  1.0  0.0  0.0  0.0  0.0  1.0  0.0  0.0  0.0  0.0  1.0;ok
26875431822758;5.123607463454776;5.123607463454776;1.0  0.0  0.0  0.0  0.0  1.0  0.0  0.0  0.0  0.0  1.0  0.0  0.0  0.0  0.0  1.0;ok
26875431822789;3.4449919855173357;3.4449919855173357;1.0  0.0  0.0  0.0  0.0  1.0  0.0  0.0  0.0  0.0  1.0  0.0  0.0  0.0  0.0  1.0;ok
26875431822820;3.2885712155089486;3.2885712155089486;1.0  0.0  0.0  0.0  0.0  1.0  0.0  0.0  0.0  0.0  1.0  0.0  0.0  0.0  0.0  1.0;ok
26875431822851;5.9287144767363475;5.9287144767363475;1.0  0.0  0.0  0.0  0.0  1.0  0.0  0.0  0.0  0.0  1.0  0.0  0.0  0.0  0.0  1.0;ok
26875431822882;5.41078833518639;2.0229418181357968;0.3531070030116316  0.39226418691045145  -0.8493787447844608  -1.7405558631653832  -0.09851053446926968  -0.8872253901881655  -0.4506958859408819  -9.854241564600413  -0.930382243501413  0.24281662766981157  -0.2746433438194665  4.027442042076622  0.0  0.0  0.0  1.0;ok
26875431822913;4.777035883166865;4.777035883166865;1.0  0.0  0.0  0.0  0.0  1.0  0.0  0.0  0.0  0.0  1.0  0.0  0.0  0.0  0.0  1.0;ok
26875431822944;2.976285503595206;2.976285503595206;1.0  0.0  0.0  0.0  0.0  1.0  0.0  0.0  0.0  0.0  1.0  0.0  0.0  0.0  0.0  1.0;ok
26875431822975;3.393796302193077;3.393796302193077;1.0  0.0  0.0  0.0  0.0  1.0  0.0  0.0  0.0  0.0  1.0  0.0  0.0  0.0  0.0  1.0;ok
26875431823006;5.039958847236191;5.039958847236191;1.0  0.0  0.0  0.0  0.0  1.0  0.0  0.0  0.0  0.0  1.0  0.0  0.0  0.0  0.0  1.0;ok
26875431823037;5.369728603719778;5.369728603719778;1.0  0.0  0.0  0.0  0.0  1.0  0.0  0.0  0.0  0.0  1.0  0.0  0.0  0.0  0.0  1.0;ok
26875431823068;4.204830814786546;4.204830814786546;1.0  0.0  0.0  0.0  0.0  1.0  0.0  0.0  0.0  0.0  1.0  0.0  0.0  0.0  0.0  1.0;ok
26875431823099;2.356510122240444;2.096530227511304;0.45581988302524745  -0.13070907013525793  -0.8804222698360284  -0.25005931866588416  0.786349433405584  0.5225515362359778  0.3295367362831274  -2.114940582063551  0.41699256926420847  -0.8425289496283168  0.34097238336357777  6.467891140230905  0.0  0.0  0.0  1.0;ok
