# registration_from_features.py FastGlobal FastGlobal_config.json euclidean True --use_random_keypoints=True --n_keypoints=5000 --input_txt=/neural_comparison/point_clouds_registration_benchmark//eth/stairs_global.txt --input_pcd_dir=/neural_comparison/point_clouds_registration_benchmark//eth/stairs/ --input_features_dir=/neural_comparison/experiments/FCGF/3dmatch_normalized_5cm_32_2023/eth/stairs/ --output_dir=/root/neural_registration_comparison/results/FCGF/3dmatch_normalized_5cm_32_new/FastGlobal/
id;initial_error;final_error;transformation
5494384560030;1.9653997219596564;2.2995190176121603;-0.4141267324834692  -0.2660511875810004  0.8704687329418005  9.305551713526501  0.5753631416310614  0.664519511148337  0.47683443096698536  -5.979910168210598  -0.7053058235226755  0.6983055097089768  -0.12211924670209365  7.637147479322525  0.0  0.0  0.0  1.0
5494384560061;3.2470421696666185;7.614201262537743;0.6439370412622663  -0.5700887072982774  -0.5102391132610054  3.981356473068996  -0.22252272285773814  0.4985235507012936  -0.8378292828543006  6.557467687590374  0.732003227248608  0.6530491062754414  0.19416008881968974  2.4357237858615384  0.0  0.0  0.0  1.0
5494384560092;2.297685819693392;2.582556496659073;-0.46768207177267984  0.8717751073569182  -0.1458822879421911  14.706841746933938  0.8485605519804903  0.3966279995971889  -0.3501874063385185  -5.857746963123127  -0.24742366371262994  -0.28756632648550157  -0.9252497708763043  8.34806023565502  0.0  0.0  0.0  1.0
5494384560123;8.759025089926762;11.446199638345826;-0.21066802402543958  0.6166223904746416  0.7585484896949923  8.402321712553269  -0.9577048937213124  0.025402894484585478  -0.2866287311035926  -3.2365609083174913  -0.19601102059697362  -0.7868491091163188  0.585190703350103  -11.421001945552282  0.0  0.0  0.0  1.0
5494384560154;2.6625673868786452;9.4448863980552;0.09074040996336101  0.4152967467470486  -0.9051490430536832  3.10117736337745  0.6907367997217567  0.628490163665284  0.35760702969339303  1.0642391353385177  0.7173903062558248  -0.6576691617502711  -0.22983129067398567  2.5448286680804273  0.0  0.0  0.0  1.0
5494384560185;6.621620892396294;3.0735879423205783;-0.7573152963293871  0.6497870024401461  -0.06519504126374621  15.737337643622366  0.18309896696064132  0.11544430268278358  -0.9762926719360495  -10.79184817503794  -0.6268558927245397  -0.7512985188578074  -0.20640306518699417  10.166307948352431  0.0  0.0  0.0  1.0
5494384560216;5.2200031515621825;7.422668447878116;-0.8138749958420664  -0.33784588303497926  0.47272365125873517  9.503029018660413  0.5693993852141956  -0.30170976232285396  0.7646931145477796  -6.488886123784231  -0.11572308006949855  0.8915331618259645  0.43792326965328837  -2.9838152448507795  0.0  0.0  0.0  1.0
5494384560247;8.503686109037535;3.216375410598605;-0.6551601148102069  -0.47691203096709606  -0.5859352683366261  -4.360843535639338  0.5478218954846374  -0.8339676956385107  0.06624993176609688  -1.286658400999036  -0.5202464750380306  -0.27758385642942573  0.8076452240063522  9.866171431035994  0.0  0.0  0.0  1.0
5494384560278;5.489767218869771;7.685792832529868;0.7207445059081039  -0.25975226276323515  -0.6426944213175203  12.82902773852239  -0.6826828722539247  -0.4268704364724546  -0.5930646898922127  6.727315656370991  -0.12029735298174277  0.8662045904145242  -0.4849929426397786  4.066788236086418  0.0  0.0  0.0  1.0
5494384560309;6.344090179496548;6.8372965671262165;0.9766412945378775  0.04027844681981327  -0.21106735542276844  9.103410097916049  -0.051567809113564844  0.9975029152008934  -0.04825655633115266  12.363927073562955  0.20859660320006357  0.058013626739743356  0.9762796096641051  -1.3756359458962737  0.0  0.0  0.0  1.0
5494384560340;11.288142510784303;8.260880393475114;-0.01754719149711572  -0.08999102062278999  0.9957879856062893  4.2022319463171005  -0.9965273357458643  0.08265255873288956  -0.010090770344921826  5.335398629319222  -0.08139634624361991  -0.9925070129435736  -0.09112883229809259  -11.467255223173156  0.0  0.0  0.0  1.0
5494384560371;4.893298023722126;7.0519920597418775;-0.7146135145428686  0.5979683334324434  0.36298952745873525  9.055341127037302  0.5047028453937912  0.8000460817936453  -0.32434750632315  2.2631822881732147  -0.48435788698451027  -0.04858126407022972  -0.8735200616455459  7.469494737142521  0.0  0.0  0.0  1.0
5494384560402;1.640061358821845;5.573835304700041;0.502963517651395  -0.8617536682518592  -0.06639514414625072  -2.570102392797566  0.41642802269399865  0.30892914447358966  -0.8550733802487268  -7.174642090718529  0.757374017132158  0.402421916586662  0.5142384653288937  -0.2788997810431951  0.0  0.0  0.0  1.0
5494384560433;4.064579359510598;2.746256046111323;-0.4933867834691165  0.8525524568444451  0.17240588802734316  19.135282382224656  -0.8517261808128362  -0.5137508833716852  0.10306572055146615  8.891833049113995  0.17644261054512295  -0.0959913442103596  0.9796191438618939  1.919265018401957  0.0  0.0  0.0  1.0
5494384560464;8.086453804333049;7.897176030905815;-0.753963481083328  -0.08488120202395986  -0.6514094340241625  4.732139767029174  -0.3062141333313703  0.922706766261621  0.2341903671015112  0.47842478378289566  0.5811815325187378  0.3760417596996257  -0.7216790292236438  9.00331373649913  0.0  0.0  0.0  1.0
5494384560495;3.79668680245774;7.256274659841478;-0.25535316336972436  0.3807311688948807  0.8887286081751914  6.974049929266171  0.5841443165040388  0.7932208742784578  -0.171976923175603  6.812228926772163  -0.7704350585565948  0.4752309140206004  -0.4249534079237879  3.9259261445899716  0.0  0.0  0.0  1.0
5494384560526;3.919459476654856;2.0862654117281934;0.5343432820478091  -0.5914779875652522  0.6038468739309112  0.4533514204220985  0.609419015689111  -0.2254600699405336  -0.7601159254869769  -10.397748869161957  0.5857351963531726  0.7741586058994426  0.2399848592410392  -4.458723523575484  0.0  0.0  0.0  1.0
5494384560557;4.769841275602151;5.846853499260456;0.3227360156552062  -0.7179863551024696  0.6167147299081409  12.213082309062244  -0.9314723828710095  -0.3565430701636101  0.07236186196409256  1.5661836791826989  0.1679305336965436  -0.5978065180348711  -0.7838537509302471  -6.206109547692381  0.0  0.0  0.0  1.0
5494384560588;4.0033637514024445;4.902818298160434;-0.5045448701489749  0.7782761825490058  0.37379226541396215  10.50944146370265  -0.28502474826120777  -0.5588097694983976  0.7787763057462529  -1.1589397998651698  0.8149818199720724  0.28638754370624053  0.503772575598271  -2.048508493123796  0.0  0.0  0.0  1.0
5494384560619;2.5680413302481218;8.141236691259328;0.14122049469941725  0.9156933094902368  -0.3762479698704973  9.75485685366027  -0.280910171961937  0.4015004118212455  0.8717149158960663  4.374016284368986  0.9492872311187838  -0.017412129743052136  0.3139276518127134  0.784255971282727  0.0  0.0  0.0  1.0
5494384560650;2.1252762310053015;2.1252762310053015;1.0  1.7817286503893755e-17  6.933314198474164e-17  1.0263416486754031e-48  -1.7817286503893755e-17  1.0  -1.4748603538364636e-16  -1.1102230246251565e-16  -6.933314198474164e-17  1.4748603538364636e-16  1.0  8.881784197001252e-16  0.0  0.0  0.0  1.0
5494384560681;5.499161925361485;2.0998087235610354;0.834625736883945  0.05909727151321957  -0.5476380116743397  -0.10754478107431846  -0.5457427648627345  0.22337000023357628  -0.8076327615913249  10.470221221370412  0.07459701020087878  0.9729405714098603  0.2186822593941841  12.850231204168988  0.0  0.0  0.0  1.0
5494384560712;3.9543429907625507;5.8604456346113345;-0.08373984313530522  0.9918017009338294  0.09652473618941035  0.36431268066023054  -0.9926354445658073  -0.07451482484548706  -0.09551133477177688  -6.062556061469515  -0.08753578047469832  -0.10381197861040506  0.9907373820713933  -2.222542636242267  0.0  0.0  0.0  1.0
5494384560743;2.252255054334342;3.372225071854343;-0.8334404675167666  0.5518170485484186  0.029579250104498453  19.622361643793262  -0.5301219363435099  -0.8134931348138467  0.2391644877864357  6.452168954189927  0.15603755866085683  0.18364875317314944  0.9705284208847804  0.7454261338653827  0.0  0.0  0.0  1.0
5494384560774;4.093777341873709;7.386052456653906;0.22696196606991478  0.9407653239645699  -0.25189059367812316  2.924603037095426  -0.9679403633417303  0.2464746996454584  0.048390861209130005  9.725306504426968  0.10760910264266359  0.23283218776732623  0.9665451119155908  0.7263592702716113  0.0  0.0  0.0  1.0
5494384560805;2.4081201720064747;2.4081201720064747;1.0  7.585117924535145e-17  -1.0561782326702876e-16  -6.842277657836022e-48  -7.585117924535145e-17  1.0  1.2233140194550472e-16  -1.3684555315672042e-47  1.0561782326702876e-16  -1.2233140194550472e-16  1.0  -1.6653345369377348e-15  0.0  0.0  0.0  1.0
5494384560836;2.3977526989083033;3.2602331672578924;0.47850975959290626  0.5532081396140026  0.6819011396376709  3.2809301677103537  -0.34368474593542314  0.8326202571857094  -0.43430899453649996  -1.3508141130652123  -0.8080279731455127  -0.026537927364751177  0.5885461180107632  8.484705420968742  0.0  0.0  0.0  1.0
5494384560867;5.82100797182095;4.009600698833974;-0.9047737952017897  -0.3216587189401328  0.27914162721805114  6.062443552061499  -0.10445760863406767  -0.4678071632286342  -0.8776360669608056  -0.3857520806089931  0.41288374576217074  -0.8232205819595186  0.38965996192017105  6.167770320283397  0.0  0.0  0.0  1.0
5494384560898;7.426959109966299;4.163302814479148;-0.372969510557732  0.92666570254712  -0.046737778265286946  10.541301053225084  0.22147717451485868  0.1378315292993564  0.9653757458626739  -13.546239077193047  0.9010225332161453  0.3497043683654097  -0.2566422595421676  -3.69664838739894  0.0  0.0  0.0  1.0
5494384560929;3.2277640385532322;3.2277640385532322;1.0  1.2982000699553485e-16  -1.2805219825288732e-16  1.7763568394002505e-15  -1.2982000699553485e-16  1.0  -8.72148360730164e-17  6.661338147750939e-16  1.2805219825288732e-16  8.721483607301641e-17  1.0  -1.7763568394002505e-15  0.0  0.0  0.0  1.0
5494384560960;7.03502339552627;9.74979997782329;-0.41256201702005946  0.01649312581541334  0.9107801924247015  7.843371417155845  0.4404906804613599  0.8787788568358086  0.18361830302297252  -14.736959994043527  -0.7973459365539081  0.47694412416884346  -0.36981584590413  1.8573736310679378  0.0  0.0  0.0  1.0
5494384560991;7.791752238870199;5.8238863658301065;-0.13286300135247375  0.9312073406049509  -0.3394117141099692  16.412727647008282  -0.9853393309982525  -0.08712236822299671  0.14668365874606715  9.698451823029512  0.1070225474352423  0.3539245424644518  0.9291305573393865  -3.769107942344902  0.0  0.0  0.0  1.0
5494384561022;4.731288337239354;4.731288337239354;1.0  -2.0545042179245832e-16  1.3900050041465576e-16  -8.881784197001251e-16  2.0545042179245832e-16  1.0  -1.0862632212738577e-17  -1.3322676295501878e-15  -1.3900050041465579e-16  1.0862632212738577e-17  1.0  1.5543122344752192e-15  0.0  0.0  0.0  1.0
5494384561053;4.703195918816284;7.1728590086017165;-0.3707705441275398  0.5075709373263421  0.777753783140285  6.098025466575903  -0.22653098909406363  -0.8615751074589908  0.45428190057176493  2.0447691736271407  0.9006735893693296  -0.00775098630413226  0.4344272178672511  -3.2538510303965613  0.0  0.0  0.0  1.0
5494384561084;7.769594886748286;5.096406186971271;0.6661788052826395  -0.7238374473447893  -0.17962502390695267  7.683740776797086  0.29279929034398217  0.47535673421059776  -0.8296412181266649  0.629822151822628  0.6859113462877362  0.5000953159768783  0.528611672186427  -8.334919359587927  0.0  0.0  0.0  1.0
5494384561115;2.7618695788486547;0.3837949776771926;0.3917130224793244  -0.8260064015463192  -0.40530770116618187  11.320323955474779  -0.2751022811430999  -0.525503301893892  0.8050869608983109  1.3463620954806588  -0.8779975187493265  -0.2038619736564895  -0.4330827320119167  15.571173084834875  0.0  0.0  0.0  1.0
5494384561146;4.978157980828911;4.978157980828914;1.0  -1.3929074987333931e-16  1.0634873903612923e-18  1.7763568394002505e-15  1.3929074987333931e-16  1.0  -3.3545103559627577e-16  -2.220446049250313e-15  -1.0634873903612748e-18  3.3545103559627577e-16  1.0  8.881784197001252e-16  0.0  0.0  0.0  1.0
5494384561177;7.540163639644457;8.158994980417123;0.6728674984526014  -0.5125197636994895  -0.5334536730996959  -6.273552813066139  0.40206343467704725  0.8586752059904115  -0.3178394014483098  -11.054689276684531  0.6209624175598996  -0.0006184130853541849  0.7838400943709259  1.0026767287721432  0.0  0.0  0.0  1.0
5494384561208;2.258030642572619;1.659968887337386;-0.7798301406226587  -0.033404227237704705  -0.6250992796181226  1.857773769336117  -0.6020054016510825  -0.23375244069972756  0.7635111609202836  -1.6880423434275063  -0.17162298260828238  0.9717221588857454  0.16217767346668005  0.531624397813085  0.0  0.0  0.0  1.0
5494384561239;3.8492329696698255;1.9340781611542808;-0.22341171191671405  -0.14708956448203378  -0.9635620722085981  12.224301208789829  -0.14751632450159344  -0.972059599107532  0.18258989508854537  6.396259165754843  -0.9634968297737073  0.18293385636177648  0.19547138719675863  18.18594047681418  0.0  0.0  0.0  1.0
5494384561270;9.123550834747231;8.391231253423992;-0.6816242671629226  0.7196271830656672  0.13238230926970562  9.994236456519452  -0.03891897248676094  0.14501058227279603  -0.9886643740974376  15.821692732253672  -0.7306665942789381  -0.6790498129164579  -0.07083558133410495  11.317642814957749  0.0  0.0  0.0  1.0
5494384561301;4.160514649695006;4.723036358510465;0.03687355969547923  -0.9947873774655889  0.09507057499835764  2.8079167564256093  0.18130944867380666  -0.08689661426212396  -0.9795794313129391  -6.079052382709246  0.9827345645783416  0.05335777417503541  0.1771601634626187  -8.21002736154337  0.0  0.0  0.0  1.0
5494384561332;6.482396831003189;2.047912409191327;-0.18077194488533416  0.9762718353078922  0.11922586769210322  2.6318867049378363  -0.977034876938012  -0.19215799820497323  0.09207688620159382  -0.6907094481919858  0.11280227475143119  -0.09984291317073403  0.9885884075288782  -5.820501282667393  0.0  0.0  0.0  1.0
5494384561363;2.945345827521586;2.404927676938723;-0.8309505355633806  -0.18649361259653957  0.5241577433441432  8.030831572106859  -0.10993842741756044  -0.8685224498854108  -0.48330352390810727  -1.8343691436170786  0.5453757875299247  -0.4592264000531032  0.7011963803888195  -4.425343695051263  0.0  0.0  0.0  1.0
5494384561394;1.7737978589250467;6.127104157292191;-0.7705505608232408  0.6088808159781544  -0.18845685222025302  10.046684039048886  0.35036911884373895  0.6516303544283281  0.6727699173924723  5.108893501367448  0.5324409016742152  0.4523737758993001  -0.7154471700293176  3.8029696624646654  0.0  0.0  0.0  1.0
5494384561425;2.0770362960670123;2.0770362960670123;1.0  -4.054589818207208e-16  7.682589235493179e-17  2.57953867700418e-46  4.054589818207208e-16  1.0  1.2059326799655415e-16  -2.8848451405494302e-15  -7.682589235493182e-17  -1.2059326799655412e-16  1.0  1.0547118733938987e-15  0.0  0.0  0.0  1.0
5494384561456;3.2026873730298178;3.3491007363354806;0.8723397093969314  0.4879930027383976  0.029770130796504316  4.672893001908016  -0.4790095060521466  0.865292089765108  -0.14771422579294988  0.3968258604543214  -0.09784336728136672  0.11459680915407328  0.9885819373277805  3.7390236480754915  0.0  0.0  0.0  1.0
5494384561487;2.7650958552301788;6.742717504880169;0.01218899526482752  -0.7736346240473717  0.6335147171688428  6.032216273244793  0.9998017427678382  -0.0005467816034081139  -0.0199041751467177  -2.7042962098986916  0.015744953249439923  0.633631730191096  0.7734745806697279  -5.491592817745138  0.0  0.0  0.0  1.0
5494384561518;5.145762913418466;4.80862267053811;0.880494271295709  0.21594501216243048  -0.4220161015146294  -5.144859780264267  0.4330075468313885  -0.003997250948946687  0.9013814322316132  -1.430392694426151  0.192961920083994  -0.9763973441724524  -0.09702537652840777  1.3916017420445035  0.0  0.0  0.0  1.0
5494384561549;4.6377896203071325;4.451574124985461;-0.4946500701024347  -0.7466226878329005  0.44483240682400005  0.4879628113201621  -0.3937038919029468  -0.26380247568300585  -0.8805711211049292  1.311890659903724  0.7748022674515941  -0.6107068165958963  -0.1634583448930577  1.3012036379540504  0.0  0.0  0.0  1.0
5494384561580;4.567914726536869;9.215993858747266;0.7117006883037861  -0.6591039237942132  -0.24303116653423226  0.39955393815692336  -0.143698012987643  0.20205113592959117  -0.9687756290973487  6.535361127857257  0.6876285416788049  0.7244013777655546  0.0490880083120643  -10.441396316709461  0.0  0.0  0.0  1.0
5494384561611;3.9710273671971175;3.9710273671971175;1.0  3.249164259674869e-17  3.3408334078393944e-16  -7.663350976776343e-47  -3.249164259674869e-17  1.0  2.0988442047458874e-16  -8.881784197001252e-16  -3.3408334078393944e-16  -2.0988442047458874e-16  1.0  2.6645352591003757e-15  0.0  0.0  0.0  1.0
5494384561642;3.9300328799679396;7.235215046274642;0.27247329598611997  0.732465011627456  0.6239016827321842  -2.9296396637896343  0.9367620111015051  -0.05393605768178828  -0.34578582423056226  -1.6876256848906497  -0.21962522061804043  0.6786647982791926  -0.7008415327626788  4.395307194262434  0.0  0.0  0.0  1.0
5494384561673;1.856504570527757;1.856504570527757;1.0  -4.156185331385437e-17  -2.683108213697056e-16  1.5543122344752192e-15  4.156185331385437e-17  1.0  -1.7416489508235982e-16  8.881784197001252e-16  2.683108213697056e-16  1.7416489508235982e-16  1.0  -4.440892098500626e-16  0.0  0.0  0.0  1.0
5494384561704;3.161923902897827;2.169911479488751;0.8175701498520206  -0.07045301896156879  -0.5715027753127229  3.0498445463915123  0.10774090696687731  -0.9562431856510067  0.2720126226151392  -4.575200585088852  -0.5656597449323205  -0.28396362797938046  -0.7742052124261956  1.5394446576095169  0.0  0.0  0.0  1.0
5494384561735;3.569181629467939;3.569181629467938;1.0  6.41074393246789e-17  8.431089537234928e-17  1.0947644252537633e-47  -6.41074393246789e-17  1.0  1.2749586088511262e-16  8.881784197001252e-16  -8.431089537234928e-17  -1.2749586088511262e-16  1.0  1.5543122344752192e-15  0.0  0.0  0.0  1.0
5494384561766;3.9022771741523186;0.10272553765415622;-0.04640747585377303  -0.8531356042707806  0.5196210031459579  14.678852490455505  0.4630449221221692  0.44254673077425577  0.7679464767663792  -2.63351944885035  -0.8851190576875833  0.27624632451228914  0.3745026327166404  10.846068705362196  0.0  0.0  0.0  1.0
5494384561797;1.7821658772718727;1.7821658772718727;1.0  -9.132544861235797e-17  3.2337273935824806e-16  -1.642146637880645e-47  9.132544861235797e-17  1.0  7.501760538582813e-17  -6.106226635438361e-16  -3.2337273935824806e-16  -7.501760538582812e-17  1.0  2.6645352591003757e-15  0.0  0.0  0.0  1.0
5494384561828;3.031970333042847;7.346461865715197;0.868312682501944  0.4481519402583732  -0.2125862738958795  -1.9078786328201813  -0.4953039446405466  0.7604168128444361  -0.42004794151028263  -3.329393420503293  -0.026591123138990137  0.47002777490927766  0.882250986388817  -1.9617650145896164  0.0  0.0  0.0  1.0
5494384561859;3.9115043062921147;2.10729667369766;-0.5733798112529586  -0.1936313032301684  -0.7960794624011525  0.6953393298615467  0.7478416679725134  -0.5205477533164309  -0.4120229073259224  1.6542503474575476  -0.33461684310807094  -0.8315870098351709  0.4432771293240674  -6.905158703431654  0.0  0.0  0.0  1.0
5494384561890;2.700280821168816;3.748297867647546;-0.8318936740763078  -0.05409934501535147  -0.5522917488979282  9.35909294444479  0.49142803689105286  -0.5341315614654208  -0.6878967652227457  4.323622271264604  -0.2577816897865889  -0.8436686173583923  0.47092660202557013  0.542164408816015  0.0  0.0  0.0  1.0
5494384561921;4.363288827751439;3.9294947462826326;-0.47453618986118007  -0.7040821761035881  0.5282837247211679  6.15703070781172  0.13381884296465796  -0.6508902472636889  -0.7472846869062776  8.393227023381508  0.8700045527350042  -0.28391931126686326  0.4030904401125337  -3.3192667335808133  0.0  0.0  0.0  1.0
5494384561952;5.900960080460973;6.584707369843543;0.7321969577106598  0.15441462098688072  0.6633579274756063  -2.4183048056541705  -0.637709087246497  -0.18662271001780484  0.747327962911096  1.849850403365318  0.23919601828310613  -0.970220639303807  -0.038172973507697314  -0.9504768802031387  0.0  0.0  0.0  1.0
5494384561983;1.9280359265963185;6.458319276959417;-0.21884836273914185  -0.42427515544190764  0.8786899263114059  7.892742763157371  0.26099417309795364  0.8422552669617123  0.47168644975679697  -2.5977405423995976  -0.9402060602523865  0.3325607579826607  -0.07359284282242308  -0.10702864519589096  0.0  0.0  0.0  1.0
5494384562014;2.290467177188447;3.7297128201322773;0.8616084387306898  -0.4863549125105528  -0.14522326736758354  -0.8827537124975016  0.47818256496159295  0.8737307514120655  -0.08908427809473532  2.911755018234346  0.17021261079842467  0.007312531282720914  0.9853802281411086  1.0434270323801633  0.0  0.0  0.0  1.0
5494384562045;2.843775395138052;5.55289736077946;-0.08750501779342494  -0.27660898929388794  0.9569902501607757  -0.5763793737034486  0.9250766342763509  -0.37896018320445335  -0.02494795104983132  -6.623948658840809  0.36956202805065147  0.88310624875349  0.28904543040087877  -7.399535429064749  0.0  0.0  0.0  1.0
5494384562076;7.910208896373804;6.282541338555044;0.8999273329368954  -0.09460480721841642  -0.42565329304993427  -12.10643049715876  -0.1269724182926599  -0.9907320043208838  -0.04825039489207037  -8.606536893807222  -0.4171436208621684  0.09746807716115748  -0.9035990114583495  3.8144848543936374  0.0  0.0  0.0  1.0
5494384562107;6.000656068192277;7.871304221025955;-0.29217474758282436  -0.5575011801948314  0.7770626428778333  5.767321526049786  -0.9563272125111177  0.17753093263395217  -0.23220902344403788  -3.2907411976439738  -0.00849585108316486  -0.8109717640210968  -0.5850236050578493  -1.1240354138691744  0.0  0.0  0.0  1.0
5494384562138;3.161989247048879;8.418718549575297;-0.8461560712496863  0.5076169379697236  -0.16231126693343542  10.347706193234883  0.06931420133441367  0.40679787265197703  0.9108847524792576  -2.5815792620011937  0.5284084069927997  0.759500187684024  -0.37939955235511924  -9.451721863956537  0.0  0.0  0.0  1.0
5494384562169;5.267286062056453;6.119231456641167;0.41067330714861705  -0.1869574637961174  0.892409290363195  2.8096139332772205  -0.7528623522518594  -0.621647986313543  0.2162222460204145  0.43810830957411545  0.5143400755895015  -0.7606580623665536  -0.396047470386248  -6.425026742826496  0.0  0.0  0.0  1.0
5494384562200;6.316421781002835;7.98429283158879;0.45506262110626444  -0.8061607960283499  0.37818352928020865  3.8493865579630078  0.8904571573294602  0.4129426245097383  -0.19121830410226595  -6.233541424106863  -0.0020153988770516425  0.42377253309994933  0.9057664038577603  -1.3863923237652314  0.0  0.0  0.0  1.0
5494384562231;6.809241551181215;7.2346980787551205;-0.5088478268337703  -0.6423416791693737  -0.5731239449965589  -2.452414411960399  -0.8558530354431845  0.4491534766282428  0.25646975680467304  13.226268113626448  0.09267939819202424  0.6210139464091212  -0.7783008464058954  6.8044186168742185  0.0  0.0  0.0  1.0
5494384562262;9.226605709293516;8.89749901474741;-0.17820089354413077  0.9723666767123441  0.150822702400753  4.517516919755076  -0.6200076297691183  -0.22997816784001737  0.7501337089779583  2.0332154536947478  0.7640909504556082  0.04016327098658089  0.6438570734996278  -2.3371364095036204  0.0  0.0  0.0  1.0
5494384562293;3.35198828640729;4.184785221545592;-0.14279383112587163  -0.25007341600806443  -0.9576393937168901  5.08075916302647  -0.4869202035282434  -0.824619939905445  0.28794212978713957  8.116222092289922  -0.8616952113064159  0.5074103283501401  -0.004015158177765274  2.7314465310248175  0.0  0.0  0.0  1.0
5494384562324;6.007210908334361;6.007210908334361;1.0  -2.242146525339906e-17  1.1457451753979143e-16  -5.551115123125783e-17  2.242146525339906e-17  1.0  1.004044760181284e-16  5.473822126268817e-48  -1.1457451753979143e-16  -1.004044760181284e-16  1.0  -1.3322676295501878e-15  0.0  0.0  0.0  1.0
5494384562355;2.8594967283924566;7.040207161684613;0.5489254482622934  -0.7961350713803145  0.25465623960213785  -3.599462820700851  0.38097246387399153  -0.03288044910736475  -0.9240015464469084  -8.812937504972746  0.7440032486621407  0.6042249781205343  0.2852566244549289  -4.856282175904072  0.0  0.0  0.0  1.0
5494384562386;7.555953592991905;6.398784701119404;-0.3738926528165776  -0.8374435196437808  -0.39861339111527216  10.248350479657088  0.9250806356758964  -0.36757197904660976  -0.09548119038448727  -1.2048175110940138  -0.0665590089113577  -0.4044492448087808  0.9121352458415058  4.061595356176656  0.0  0.0  0.0  1.0
5494384562417;3.909277903469262;3.909277903469262;1.0  1.5879179447707447e-16  9.297168671068174e-17  -8.881784197001252e-16  -1.5879179447707447e-16  1.0  1.866450480968564e-16  -4.3790577010150533e-47  -9.297168671068174e-17  -1.866450480968564e-16  1.0  1.5543122344752192e-15  0.0  0.0  0.0  1.0
5494384562448;8.322743061723811;8.79063545383121;-0.8417583411664897  -0.5389721565990926  -0.03085303044375338  16.617671623393015  0.14719458408062058  -0.17415006965846186  -0.9736557439132607  -2.695928381265999  0.5194002786810691  -0.8241242428474459  0.22592605617137432  -3.6449182879165036  0.0  0.0  0.0  1.0
5494384562479;5.142564597723577;5.142564597723578;1.0  -9.364828274960887e-16  1.9547895361399475e-16  3.3306690738754696e-15  9.364828274960887e-16  1.0  -5.719686928195246e-17  -4.440892098500626e-16  -1.9547895361399477e-16  5.719686928195256e-17  1.0  -2.220446049250313e-16  0.0  0.0  0.0  1.0
5494384562510;7.409784479444804;7.347878965427711;0.3680443035911331  0.13099101652616407  -0.9205350314809099  -6.964961829526325  0.9123133326689611  0.14027317837716122  0.38471784266189435  2.284034184326201  0.1795209559593814  -0.9814095928904553  -0.06787810658834302  4.476163466954656  0.0  0.0  0.0  1.0
5494384562541;3.4584512201369555;9.696983731815207;-0.5709124265294436  -0.7898907513505009  0.22390087575801257  5.869692015083258  0.6838407082839826  -0.30658679953188367  0.6620924558144851  -9.425763132613767  -0.45433565447576674  0.5311093439996483  0.715193664533139  -7.913065449324567  0.0  0.0  0.0  1.0
5494384562572;8.23556210803444;8.23556210803444;1.0  4.2145982958648807e-16  -2.1481008446469e-16  -4.440892098500626e-16  -4.2145982958648807e-16  1.0  -1.3034862880523184e-16  1.3322676295501878e-15  2.1481008446468995e-16  1.3034862880523196e-16  1.0  -8.881784197001251e-16  0.0  0.0  0.0  1.0
5494384562603;7.97771549928889;7.977715499288892;1.0  -1.4699171522787459e-16  1.8106363869880777e-16  -1.7763568394002505e-15  1.4699171522787459e-16  1.0  -2.9232112599007815e-16  -1.313717310304516e-46  -1.8106363869880777e-16  2.9232112599007815e-16  1.0  4.440892098500626e-15  0.0  0.0  0.0  1.0
5494384562634;7.765621830691003;6.0531655503693775;-0.08980131116460324  0.9063256901602882  0.41292792091186714  8.425881225821358  0.9954908616322996  0.06896093588984914  0.06513319988898152  1.5999011144916488  0.03055599646059748  0.4169150185309649  -0.9084317246791997  2.2572091249144557  0.0  0.0  0.0  1.0
5494384562665;9.270386005314265;9.270386005314265;1.0  1.7390516697602348e-16  -4.511959122512038e-16  1.1102230246251565e-15  -1.7390516697602348e-16  1.0  -5.632146983269757e-17  -8.210733189403225e-48  4.511959122512038e-16  5.632146983269762e-17  1.0  4.996003610813204e-16  0.0  0.0  0.0  1.0
5494384562696;6.577937540194185;6.577937540194185;1.0  7.442491856113636e-17  -1.4468619803901708e-16  -2.7369110631344083e-48  -7.442491856113636e-17  1.0  7.000647201564399e-17  6.661338147750939e-16  1.4468619803901708e-16  -7.000647201564399e-17  1.0  -1.7763568394002505e-15  0.0  0.0  0.0  1.0
5494384562727;4.59848726203546;7.448738079236356;-0.9564280041590502  -0.28302948306994996  0.0716922908930461  14.631695554721462  0.28869226754945554  -0.9534238440339782  0.08740565361934075  4.524014779811292  0.04361476260957699  0.1042942248670922  0.9935896875178823  5.520320307942098  0.0  0.0  0.0  1.0
5494384562758;5.063388290222;6.396952804951751;0.9884721525475119  -0.10761515100008107  0.10649780708218992  8.583498064652316  -0.04480053354888371  0.4640077683216685  0.8846975206989561  -1.2545952043615922  -0.14462266707477414  -0.8792700212178145  0.4538375413689408  2.1123865732289637  0.0  0.0  0.0  1.0
5494384562789;4.438629717023098;4.5691789596982755;0.5434713554859345  0.09705459058638713  0.8337981123823616  2.743784460573387  0.32148726369112907  -0.9416251190992538  -0.09994035404032187  4.403669757134297  0.775425576732334  0.32237019329867306  -0.5429480945927565  -0.8284958938286073  0.0  0.0  0.0  1.0
5494384562820;8.161517273743991;8.161517273743991;1.0  -7.996136624147494e-17  -1.639890901256055e-16  -8.881784197001252e-16  7.996136624147494e-17  1.0  -5.607451449584461e-17  0.0  1.639890901256055e-16  5.607451449584461e-17  1.0  -8.881784197001252e-16  0.0  0.0  0.0  1.0
5494384562851;6.219799808788275;6.219799808788275;1.0  1.52791997921194e-16  2.0993021308131693e-16  5.06194112913958e-47  -1.52791997921194e-16  1.0  -2.752506184287211e-16  8.881784197001251e-16  -2.0993021308131695e-16  2.752506184287211e-16  1.0  3.1086244689504383e-15  0.0  0.0  0.0  1.0
5494384562882;6.86050681050468;6.86050681050468;1.0  3.3818785937528797e-17  -2.812269769754585e-17  -2.7369110631344083e-48  -3.3818785937528797e-17  1.0  -1.8328194741327994e-16  -4.440892098500626e-16  2.812269769754585e-17  1.8328194741327994e-16  1.0  2.220446049250313e-16  0.0  0.0  0.0  1.0
5494384562913;3.2808971466396697;11.02673584278178;0.0921281469165016  -0.3827755287941928  0.9192362585875617  0.07509852781041239  -0.9535520896944238  -0.29980251789740187  -0.02927221381742357  3.2193685173554183  0.2867940319900796  -0.8738428604839107  -0.39261665578038046  -4.904847488874827  0.0  0.0  0.0  1.0
5494384562944;2.926015559566035;2.9260155595660344;1.0  7.207548147706703e-16  -6.526035184767198e-16  -2.6645352591003757e-15  -7.207548147706703e-16  1.0  -1.6512976623530069e-15  -2.220446049250313e-15  6.52603518476719e-16  1.651297662353007e-15  1.0  -4.440892098500626e-15  0.0  0.0  0.0  1.0
5494384562975;7.45090069206603;7.45090069206603;1.0  7.763638626833355e-18  -2.2093619007428585e-17  0.0  -7.763638626833355e-18  1.0  -7.242703056765427e-17  0.0  2.2093619007428585e-17  7.242703056765427e-17  1.0  -8.881784197001252e-16  0.0  0.0  0.0  1.0
5494384563006;1.7422069969351626;1.7422069969351626;1.0  -3.173654950539866e-17  -7.0492493464831e-18  0.0  3.173654950539866e-17  1.0  -8.379665041028397e-17  1.1102230246251565e-16  7.0492493464831e-18  8.379665041028397e-17  1.0  -2.220446049250313e-16  0.0  0.0  0.0  1.0
5494384563037;5.728273913522797;5.728273913522797;1.0  -1.921543690172386e-16  9.672066888058866e-17  -7.771561172376096e-16  1.921543690172386e-16  1.0  2.1189462707122805e-16  8.881784197001251e-16  -9.672066888058866e-17  -2.1189462707122805e-16  1.0  -1.3322676295501878e-15  0.0  0.0  0.0  1.0
5494384563068;4.596809114569144;4.596809114569144;1.0  1.459741410456611e-17  2.4157329328937442e-17  -1.5543122344752192e-15  -1.459741410456611e-17  1.0  -2.4170227404756795e-16  8.881784197001252e-16  -2.4157329328937442e-17  2.4170227404756795e-16  1.0  0.0  0.0  0.0  0.0  1.0
5494384563099;7.571012982470478;7.571012982470478;1.0  1.5569163917681812e-16  -2.1841115373526735e-16  2.220446049250313e-16  -1.5569163917681812e-16  1.0  8.727433097306003e-17  -8.881784197001251e-16  2.1841115373526735e-16  -8.727433097306e-17  1.0  8.881784197001252e-16  0.0  0.0  0.0  1.0
