# fast_global_benchmark.py --distance_metric=euclidean --decrease_mu=True --division_factor=1.4 --iteration_number=150 --maximum_correspondence_distance=0.1 --maximum_tuple_count=1000 --tuple_scale=0.95 --tuple_test=True --use_absolute_scale=False --input_txt=/neural_comparison/point_clouds_registration_benchmark//eth/apartment_global.txt --input_pcd_dir=/neural_comparison/point_clouds_registration_benchmark//eth/apartment/ --input_features_dir=/neural_comparison/experiments/FPFH/features_voxelgrid_0.2//eth/apartment/ --output_dir=/root/neural_registration_comparison/results/FPFH/fgr/
id;initial_error;final_error;transformation
13001298760030;4.310263072930483;1.0065799595337552;0.4395412593281903  -0.29357370544112044  0.8488921962309217  -2.723666665865967  0.09848271682939345  -0.923631422598539  -0.3704134847363146  -6.974098163644148  0.892807166096963  0.24641321933323457  -0.3770621825425363  -4.2858448871325106  -0.0  0.0  0.0  1.0
13001298760061;11.165739862422033;1.6809788767301397;0.35432502535645566  -0.8485528126695466  -0.3929527968048404  1.6379024388072745  0.38291190072700193  0.5150275497942601  -0.7668931472079772  2.2622561140344057  0.8531308532035297  0.12126313150962614  0.5074081200066636  -9.104150149253352  -0.0  0.0  -0.0  1.0
13001298760092;4.041875262067823;0.41720077126876454;0.18533126022982788  -0.9768023031071541  -0.10728273219014922  -0.30573508207972255  0.8698407571794647  0.21386412592254625  -0.4445662974100043  -6.9436705423646305  0.4571973109403411  -0.010926860845856581  0.8892981629245487  0.2022827737965006  -0.0  0.0  -0.0  1.0
13001298760123;2.6347404064812237;1.9124696286314322;0.8234631238877799  0.3530057284147658  0.4441795124759139  -1.0616905147269147  0.03010813021259404  0.7545837249253313  -0.6555127020683224  -0.48372928122084863  -0.5665703699383521  0.5531639519926922  0.6107435289249866  3.503543988343373  0.0  0.0  0.0  1.0
13001298760154;4.655949543134552;0.2542668963188924;0.4743799268874484  -0.854434918826705  -0.21190718358720428  -1.3242794201168766  0.704058757556696  0.512743160029686  -0.4913203819815478  2.0216438701693624  0.5284552496418035  0.08387741848897354  0.8448074501291076  0.9434554045430957  0.0  0.0  0.0  1.0
13001298760185;11.526736439495075;1.2185453145037068;-0.06641436535752825  -0.5146367419658574  -0.8548322384496996  -2.495604258666585  0.17169672012821474  -0.8498389780163903  0.49829102715307716  -5.681524399008341  -0.9829086266644378  -0.11367820926995093  0.14480295703405702  -3.7940767476009465  0.0  0.0  0.0  1.0
13001298760216;5.6572197072150425;2.1436263877587733;0.39120690616328657  0.9043974978115814  0.17035939223387728  0.7302662232434689  -0.7888004072087189  0.23415459086410612  0.5683005764246783  -4.264978991879887  0.4740791855349784  -0.3567026682398219  0.8049920076082003  3.861758038451909  -0.0  0.0  -0.0  1.0
13001298760247;2.8755933061249292;0.21517492844261374;-0.4560806788024568  0.8729508773639625  0.17305253575887874  5.548540757153815  -0.7548259549705063  -0.27644850320447006  -0.5948226649841715  0.2094457905669987  -0.4714108527876221  -0.40191167037733067  0.7850088006440127  3.5656693875381906  0.0  -0.0  -0.0  1.0
13001298760278;3.489631205271557;2.246323228273187;0.5304082343503421  -0.5630847781678586  -0.6337212616987108  -0.7066535148306248  0.6809253608027246  0.7282744035995645  -0.07718190252499747  -4.478420148951568  0.5049829283738531  -0.39057896212846915  0.7697014462722642  0.48182765996640253  -0.0  0.0  -0.0  1.0
13001298760309;15.033436311598187;0.5580682224146186;0.9263642800416024  -0.371370501194152  -0.0627150022387632  -4.172528839861297  -0.37639498117199754  -0.9069978972687841  -0.1888958244603006  -12.533661188715035  0.013267961845539161  0.1985919565158928  -0.9799924469074522  3.595112355629836  0.0  0.0  0.0  1.0
13001298760340;6.506989460822594;3.1235706579657476;-0.14464769844068365  -0.6560365393847797  0.740738214437365  2.6000241176636316  -0.9840888036184929  0.017316677323016012  -0.17683144312936264  2.485252976795029  0.10318076336476513  -0.7545304445007737  -0.6481030306925989  -6.137303772782759  0.0  0.0  0.0  1.0
13001298760371;4.91629017563752;2.261579840483639;-0.2518004067054201  -0.950481343789723  0.18215864045020505  2.770587515517458  -0.8609409280205941  0.30596654762108816  0.40640520443994094  4.365130977263486  -0.4420150151771122  -0.054494833190993165  -0.8953507913178289  -2.9076502633390153  0.0  0.0  -0.0  1.0
13001298760402;8.540013131131722;0.1266366802869654;0.6758351027182364  -0.04670939119152676  0.7355713063383781  -4.2202273834134365  -0.09301802984524978  -0.9954156892519981  0.022254251609058306  -3.0663107996991155  0.7311597363487262  -0.08346159814841789  -0.6770816801368746  -0.22907330819335645  0.0  0.0  0.0  1.0
13001298760433;5.8803617295845045;0.06845321366154866;-0.8560634171666165  -0.05288932668961956  0.5141577043197297  3.098609143850916  0.0835495177657999  -0.9958286362112754  0.03667158822156292  -7.39881741470053  0.5100734298805589  0.07435083337736248  0.8569113429672728  -0.9116977601646035  -0.0  0.0  -0.0  1.0
13001298760464;2.166048600398045;2.6689044236751625;0.031674809977217666  -0.5302015104288127  -0.8472798031063365  3.2280693841671737  -0.4746929506347408  0.7380199347215709  -0.47957604044744867  0.7029419895871395  0.87958132599015  0.41738822970056827  -0.22830627822474514  -0.8252709566589936  0.0  0.0  0.0  1.0
13001298760495;4.352922081343947;2.8278600884247562;-0.5518082462701845  0.8140395410206883  0.18123819962428336  4.062669012569004  -0.8312509898911838  -0.5544012012308459  -0.040756593070595634  -0.5204082665676456  0.06730119726386379  -0.173144256990014  0.9825943288652879  -2.6497650047671506  0.0  0.0  -0.0  1.0
13001298760526;3.427592892868579;0.0451121550813843;0.4289147634131997  -0.08834006501515568  0.899015104789301  -0.46311145334917936  -0.026171966928575534  -0.9960043140642432  -0.08538404132216822  -3.0394548453144172  0.9029657545407176  0.013093482292125376  -0.42951298798543613  -0.44796514036483753  -0.0  0.0  0.0  1.0
13001298760557;8.921254112295115;0.15626684335848798;0.7558262731064087  -0.6519248418928455  0.0609970934148901  -8.083126851415983  -0.3631625124509521  -0.3398724002447733  0.8675250665555252  -2.923699184345443  -0.5448299133054179  -0.6778500955778088  -0.49363915311973255  -4.148803575949824  0.0  0.0  -0.0  1.0
13001298760588;5.635777697146662;1.8565070450241616;0.3910726249129368  -0.7083864813592369  -0.5875804583809653  -4.1462060210520395  0.790737641099642  0.5852946001416307  -0.17934384291975075  1.967111137686255  0.4709524232784886  -0.3944855182038097  0.7890405508816335  3.936542297758564  -0.0  0.0  -0.0  1.0
13001298760619;9.801579940171315;0.33465971329829614;-0.3756545957314368  -0.12319062732314053  0.9185356248102653  -5.057618450283575  -0.489046171649241  0.8682462810693171  -0.0835597834159599  -2.2955652570735134  -0.7872213581331946  -0.48059594749543233  -0.38640661038586793  5.056855212792753  0.0  0.0  -0.0  1.0
13001298760650;5.928008986154682;0.05259682697777486;0.22511640168366548  -0.09907949671670839  0.9692811042331134  0.4937698661114778  0.9733775217515849  -0.021150701744901985  -0.22822981392544223  -0.26262179270986424  0.04311387064208444  0.994854713586895  0.09168038510060719  1.3794993934871698  0.0  0.0  0.0  1.0
13001298760681;3.926177848256171;1.786677070638185;0.886067967851816  0.32023939501625553  0.33515710678214267  1.5962007257553024  -0.40048476589293597  0.8929445126132033  0.2055773569283515  3.8069839738903064  -0.23344273095265602  -0.3163808263368518  0.9194605288383922  -0.1731726717658501  0.0  0.0  0.0  1.0
13001298760712;3.640287511906044;0.22556787362866815;-0.2363843040397911  -0.06746468774248306  0.9693146943647526  0.5639227189239315  -0.7784898850280736  0.6101075926886786  -0.14738461335092423  -0.7231006521933727  -0.5814429978188749  -0.78944109422517  -0.19674043569120592  2.3069488745068747  0.0  0.0  0.0  1.0
13001298760743;2.23776059014918;0.18008654801334606;0.8078097349799753  0.014541653623865848  0.5892639242151742  0.31519224506185195  0.44987907133038574  -0.6611439522250505  -0.6004144365479129  -3.548820076729967  0.38085726099221534  0.7501181338603415  -0.5406205064584445  1.8160862867626264  -0.0  0.0  0.0  1.0
13001298760774;5.456665076952151;0.16613353430228248;0.5822980893213852  -0.8113244803829246  0.05178342113111447  1.1349390140195965  -0.4454375535527092  -0.26511501531796  0.8551604612807674  -4.862851184638351  -0.6800840544062486  -0.5210245830902188  -0.5157703585492506  -4.992622398593743  0.0  0.0  -0.0  1.0
13001298760805;8.825594568085958;0.3188236729699772;0.10834161819059135  0.7582408888828897  0.6429096734331565  5.254974601738299  -0.9268343622539147  -0.15682822333217467  0.34114948821865776  -7.178866436703853  0.3594998730364494  -0.6328314647617929  0.6857726871888523  -10.35883352316773  0.0  0.0  -0.0  1.0
13001298760836;4.000188739564292;1.959552684182546;0.9415869252491338  0.17656358907474992  -0.28677405951885454  0.3060829127578703  0.2763861177578016  0.08139532676039836  0.9575936062298758  -4.010956294794607  0.1924182322719216  -0.9809179883122785  0.027841050532218362  -2.413820505020723  -0.0  -0.0  -0.0  1.0
13001298760867;4.334456072611078;0.6724638223632041;-0.13208242645490748  0.8207037086196278  0.555877374318988  1.3781071708106738  -0.5041723228288998  0.42720996148622165  -0.7505344213960158  4.657598267282774  -0.8534427347602748  -0.3793903945343495  0.3573491668102419  0.6577279063524626  0.0  -0.0  -0.0  1.0
13001298760898;8.680467736983655;0.4480441184628248;-0.4686248001743894  -0.24290725091391357  -0.849344961788176  -0.42806069789035933  0.8711972117541155  0.03215832455389975  -0.4898788221527251  -9.433329421886588  0.14630862890946766  -0.9695163276682516  0.19654993129304446  -0.5940682090771171  -0.0  0.0  -0.0  1.0
13001298760929;4.363996845460841;2.278107776339434;-0.24310841649024303  -0.9266475058939548  0.286745004580934  1.7042773105434896  -0.12254855820523737  0.3225863142649023  0.9385733432879944  -1.6068177519564282  -0.9622266618180062  0.19303489236274973  -0.1919827638541476  5.576828690037078  0.0  0.0  0.0  1.0
13001298760960;8.141769742702108;0.3224958178193619;0.25503189468177273  0.9397546474842672  0.22763992450083695  0.9328276284953807  0.017742476316793362  0.2308370563716721  -0.972830641961801  -2.0413164996570194  -0.9667698470831483  0.25214173779321564  0.04219723727264478  -5.290949441301023  -0.0  -0.0  -0.0  1.0
13001298760991;5.538685950931398;0.11125047526070818;-0.3847701764698389  0.8046584355511981  0.45219101428010106  6.006180978825975  -0.8202397383346022  -0.0734240088854566  -0.5672880102522622  -3.3661265017987714  -0.42327140578611216  -0.5891805470443547  0.6882641934812258  0.2348978145205877  0.0  -0.0  -0.0  1.0
13001298761022;8.071467038641245;0.3995301042852926;0.5124473486391526  -0.841070485313058  0.17319975060016543  3.0010121101706906  0.8283926053595725  0.5373184950722193  0.15828621619997274  -7.862232331331542  -0.22619329401704297  0.062364040829499395  0.9720840087940632  -6.096952143977338  -0.0  -0.0  -0.0  1.0
13001298761053;9.81526024076362;2.1039108412576395;0.49011367736205264  0.3446929128256965  0.8006093798541098  -4.809664154391406  -0.7954023414440434  0.5525573956010399  0.24902899387808175  2.3029021167679065  -0.356544104548062  -0.7588590912773822  0.5449854870523515  -1.1348482817500842  0.0  -0.0  -0.0  1.0
13001298761084;5.591627609591558;1.9756564815663915;-0.6401076837519405  -0.35517852000986055  0.6812564657493756  5.458333125768003  -0.47475364203565146  0.8800266472217357  0.012731046836636308  2.2576913534126652  -0.604045637825163  -0.31527974737251596  -0.7319341147406052  -2.4345803839028224  0.0  0.0  -0.0  1.0
13001298761115;4.7915878266942675;2.454038402159233;0.6661504312557374  -0.03927806889910406  0.7447824086546033  2.782667288423347  0.062420182443184834  0.9980448434611516  -0.0031955069025138253  -1.915741898317371  -0.7432007291180194  0.04861814212988537  0.6672997471109088  6.713967314483007  0.0  0.0  0.0  1.0
13001298761146;10.139080917100562;2.64537089244189;-0.5766370406793988  -0.738013943175121  -0.35046418218644587  3.6040102930938107  -0.4830908765109257  0.6539401615920359  -0.5822245873276808  -5.150063000572725  0.6588724674384345  -0.16642621408928368  -0.7336139222475938  -6.969340311855073  0.0  0.0  0.0  1.0
13001298761177;7.93887486463345;0.09432603269747243;-0.35545299696985033  0.9346449009815676  0.00959562474814567  0.7832750051254689  -0.9346149753146709  -0.35553778004793024  0.009366689711318989  -2.259057673576052  0.012166135898889267  -0.005638796657541971  0.9999100905129151  5.681011141212815  0.0  0.0  0.0  1.0
13001298761208;3.7143332170860712;1.8718844929029372;0.09273263770013389  -0.12037104594643142  -0.9883883190340401  3.473295667337699  0.3491805961404415  0.9335539049077826  -0.08093218093218062  2.6589280926656436  0.932455666068999  -0.3376209678458897  0.12860214961898223  -2.8210184796127353  -0.0  0.0  -0.0  1.0
13001298761239;9.442007376163867;0.033029525971823896;0.04749871965840926  -0.3773164498981459  -0.9248654865801147  6.16722836758239  0.9608101371545333  -0.23590031350235688  0.1455847602964546  1.1731406849332333  -0.2731075831460895  -0.8955352247263916  0.3513245071189201  -2.2522398852974317  -0.0  0.0  -0.0  1.0
13001298761270;3.3218855709366024;0.20194834441455078;-0.40698786889757577  0.3617219350938348  0.8387598680445921  8.866886327383463  -0.6644678679716385  0.5128365249485044  -0.5435817795989547  0.33217433225095333  -0.6267721491925393  -0.7785601713102939  0.031634358628745404  1.311720639084478  0.0  -0.0  -0.0  1.0
13001298761301;1.702374455622597;0.021809245233226953;0.7124431095226597  0.6377396951086783  0.2927676501534487  1.9560622251083082  -0.5519671922813483  0.7669131422573997  -0.32737814661019554  1.4445341657751372  -0.43330939793492707  0.07164016691472604  0.8983933727191563  3.555251234850994  -0.0  -0.0  -0.0  1.0
13001298761332;2.6966908062382884;0.1717483510225242;-0.2640178572390667  -0.8021021595810157  -0.5356553898304057  6.659939764838201  0.8676563146732842  0.04505211792652757  -0.4951190021377773  -6.929800801550381  0.42126843065492786  -0.5954850394978923  0.6840544401345026  -3.3299747733876326  -0.0  0.0  -0.0  1.0
13001298761363;3.780503688669632;2.6271928842561647;-0.5510344281996463  0.6148817044539375  -0.5641644693407322  7.745741355165023  -0.10768541207341888  0.6180170006354401  0.7787546718653785  -3.043820506220982  0.8275052331950937  0.4898729186772807  -0.2743348548422818  1.1274648356195842  0.0  -0.0  0.0  1.0
13001298761394;9.713878523349894;0.20011592131007475;0.9400587783755803  -0.3212703791622315  0.11434525207444102  -0.10666982472447505  0.28060062638963246  0.5381965815832538  -0.7947375214760202  -8.53963196945336  0.19378540107231312  0.7791853329247519  0.5960850906424238  5.938915510269463  -0.0  0.0  -0.0  1.0
13001298761425;4.539890497597582;0.8744990918495705;0.5330164296860033  0.8127739889600891  0.235142358061435  3.653751226074945  -0.7751423733193302  0.5804856046938679  -0.24938076074162413  2.7546954822982928  -0.33918694958630535  -0.04934476277276468  0.9394239232727889  -4.026958190920297  0.0  -0.0  -0.0  1.0
13001298761456;2.8219341713243176;0.17685077156116033;0.47930011738866674  -0.8540632391707986  -0.20210735010952097  -0.0055273573832036235  0.8055564131900764  0.5195070912345057  -0.284940778628477  -3.9845034111254582  0.34835364593979834  -0.026236723388129598  0.936995929396871  -4.43375724818311  -0.0  0.0  -0.0  1.0
13001298761487;4.817878682726937;2.312683413730662;-0.4445174629603751  -0.008387389392872674  0.8957309176434862  1.5881589230926045  -0.3533459212720423  -0.917230823345825  -0.18394095961681303  -3.8904112945813596  0.8231347915400501  -0.39826783500995333  0.4047614687106499  0.38952275599088304  -0.0  0.0  -0.0  1.0
13001298761518;2.4163432216525833;2.6735657188392734;0.9878489393880692  0.14391251574179473  -0.05868271263953162  -0.7274432137992545  -0.1486733998792762  0.9850515620020329  -0.08700368018477656  0.4802230725493521  0.04528457925390126  0.09467105159564815  0.9944781037667803  -1.2538148565166711  -0.0  0.0  -0.0  1.0
13001298761549;2.2392274259590965;0.21926749831467632;0.4762904028449311  -0.01604977820950213  -0.8791415453595848  1.0825216813745162  -0.648126639499012  -0.6820750822739222  -0.33868191760520894  -7.109038169718903  -0.5942047722204303  0.7311060024103533  -0.3352681045223645  6.732341240595107  -0.0  -0.0  0.0  1.0
13001298761580;8.570690654168628;0.18256070024413867;-0.9345211056026901  0.3395673699040937  -0.1066034918731171  6.944306157238134  -0.3316387411401274  -0.9395282352365507  -0.08545431860522147  2.4185505096814035  -0.12917448880532575  -0.044505016455533626  0.9906226602254639  5.676104362191244  0.0  -0.0  -0.0  1.0
13001298761611;10.391644677470136;0.14413169161256595;0.5520626748469816  0.7920756616920208  0.2604667909656479  3.923228180265867  -0.8272292087786282  0.5594487447383788  0.052047460592576617  -4.1039797966590195  -0.10449229246351097  -0.24419919771735216  0.9640788933743548  6.425198862890538  0.0  -0.0  -0.0  1.0
13001298761642;10.080782196489423;2.959640594745222;0.8924387921569564  0.40096055698551386  0.20684205083903737  2.9790787492418955  -0.1556835034397686  0.7039804144224773  -0.6929460461437648  9.224085078129582  -0.4234567852923744  0.5862100373171932  0.6906823750020153  -0.04347484299853879  -0.0  -0.0  -0.0  1.0
13001298761673;5.377260718947195;3.520589299762793;0.9829155108129985  0.18306684595641842  0.019069045985339053  -5.3394584000084535  -0.1697731785585216  0.9417726921024274  -0.2902434568638599  -2.4658232552069435  -0.07109266098099257  0.28204738311446137  0.9567628270542949  -2.350687922443261  -0.0  -0.0  -0.0  1.0
13001298761704;4.0697080635330884;2.9698518410298043;0.7201101647065231  0.5870042650258546  0.36995586700010646  4.390669819741558  -0.06779340709014056  0.5901572402529919  -0.8044367506100675  -1.6651424918035733  -0.6905399370358353  0.5542025122808728  0.4647732465838758  5.503410922705887  -0.0  -0.0  -0.0  1.0
13001298761735;7.748271368017596;0.07119496563491298;0.18259930904060415  -0.9192860996964568  0.3486696993470622  0.4345366887791738  0.9590599807676505  0.24462342135191678  0.14270015772954356  -7.188984311505382  -0.21647504620128347  0.3083382049486562  0.926318576808861  10.639460151057326  -0.0  -0.0  -0.0  1.0
13001298761766;4.3143958585213165;0.25317891262894304;0.30232143701316094  0.9468238181482536  0.11011996235678603  4.096178072939097  -0.9319995147666156  0.3178493155984791  -0.17420883171748797  0.6959429301073341  -0.19994662587073364  -0.04996468713742756  0.9785320009290285  3.3420855628771338  0.0  0.0  0.0  1.0
13001298761797;8.231005951784896;2.5488944214545937;-0.5047360105229967  -0.1811310019227997  -0.8440575334796631  9.41380556697332  -0.7984162296760231  0.46976436917208286  0.37663372345858775  -4.425708333203332  0.32828811107204986  0.8640098365173845  -0.3817249252144113  7.650694796708266  0.0  -0.0  0.0  1.0
13001298761828;4.4334073516756565;0.023194925561677113;0.7819706301505055  -0.49469255611444435  -0.37921129796853187  -5.6579721596283985  0.6146944791902444  0.7128583170711371  0.33761474647227996  -3.506711865963378  0.10330842576990673  -0.4971039073548554  0.8615190505482045  -0.17447675530460371  -0.0  -0.0  -0.0  1.0
13001298761859;2.6655230457662435;0.08358217645114308;0.7893703076105933  -0.2266680197308456  -0.5705402056770882  0.3761896252321268  0.604208364137918  0.45146524685327555  0.6565907276146175  -3.1676051650514214  0.10875095479368445  -0.8630183889784785  0.493327974188018  -0.6834321124938038  -0.0  -0.0  -0.0  1.0
13001298761890;6.637126318209209;1.2245296903798437;0.8193942848220116  -0.5647695590107379  -0.09812416224273807  4.6556318365348615  0.5621678479332276  0.8251876047568238  -0.05507020706169595  0.1705361690962658  0.11207281896671908  -0.01003803618793254  0.9936492948109714  3.071536461912192  0.0  0.0  0.0  1.0
13001298761921;6.263021266226115;2.0127907515340095;0.7205476874640963  -0.6719609542945227  -0.17111255358312605  -1.9044744917298986  0.6691277206958605  0.7385429204316095  -0.08259811182292368  -6.171843422839627  0.18187667108924968  -0.054980274498617226  0.9817830951536863  5.602501591902341  -0.0  0.0  -0.0  1.0
13001298761952;8.524152599894595;0.2525394805102006;-0.4184561657888106  -0.07819563941249681  -0.9048645640592843  -2.2675612449578413  -0.06782456968795625  -0.9908145422200421  0.11698876301565439  -5.283327434814615  -0.9057009799376222  0.11032671889510764  0.40930886875056716  4.4611155547250565  0.0  0.0  -0.0  1.0
13001298761983;3.259695949088397;0.14448013734842496;0.9741585454115217  -0.2214335539891406  -0.04452313521582013  1.696411249839158  0.1069804313158241  0.2787452896161692  0.9543878932762501  -1.7243291130264031  -0.19892288887201504  -0.9344882260812797  0.29523116298635427  -5.163784889546237  0.0  0.0  0.0  1.0
13001298762014;4.304140440760447;2.9674409039269514;-0.10468140227244072  -0.9944387648127222  0.011547599578450586  -1.4536084729394418  -0.7696588829971519  0.07365518398404225  -0.6341924926202258  -4.96423632611533  0.629815058443233  -0.07527587203098865  -0.7730889568789098  1.4388368212217795  0.0  0.0  0.0  1.0
13001298762045;5.169410619190491;0.4201401001994502;0.35997965145743316  0.9217597916960689  -0.14413027769697395  6.2287014083096075  -0.6941091893159742  0.1613770170766154  -0.7015482105077133  4.5852228769683645  -0.6233996180971768  0.35258523050728496  0.6978943841186998  0.484131284190233  -0.0  -0.0  -0.0  1.0
13001298762076;7.251100765186261;0.24899954329802898;0.6397953804965788  -0.6428718124763408  0.4211623247853764  2.9228396897506315  0.7452814895208434  0.385165382595961  -0.5442454679896749  -0.7054638366849113  0.18766292247759242  0.6620902210221  0.7255474944854253  7.130761827094282  -0.0  0.0  -0.0  1.0
13001298762107;3.6083033742486865;0.09085421528085862;-0.11891425599626987  -0.15845180327555083  0.9801797925684751  0.4167010468059135  -0.36153673976874745  0.9263258591267189  0.10588478885340274  1.0780026260368043  -0.9247435241829147  -0.34177979570458944  -0.16743949871488104  7.367187415942737  0.0  0.0  -0.0  1.0
13001298762138;7.232928857269941;0.0796264068931414;0.8499122276099302  -0.42245791401159616  -0.31492620762346224  -2.7770836550808715  0.1129170531914228  -0.43776161037329325  0.8919722594239947  -3.649432511365316  -0.5146833438704715  -0.7936586693109022  -0.3243562426868909  -4.710984658079523  -0.0  0.0  -0.0  1.0
13001298762169;6.764347421644368;0.1137946980149509;-0.6133397052599411  0.2571969669610627  -0.7467691250565182  9.786613568755762  -0.38786314860675125  0.7255519747474044  0.5684509740452542  -5.62379087217613  0.6880236797556497  0.6382977770023722  -0.34525260892471726  5.563719817364479  0.0  -0.0  0.0  1.0
13001298762200;2.173201777732865;0.12056250682069028;0.45996804827630255  -0.35921163283083557  0.8120322637702849  1.2743320905078765  0.8457198785520864  0.4558621206816008  -0.27739432933914987  -3.7967295415848152  -0.27053147984427267  0.8143443557652249  0.5134744284252031  4.7243874342436385  -0.0  -0.0  -0.0  1.0
13001298762231;5.881331751981235;0.37521439913266375;0.88897507750438  0.19282925601058892  -0.41537957292394934  1.0929628240063523  -0.4426952918797625  0.5940411928809479  -0.6716665390713396  -3.0596655698997215  0.11723561798178854  0.7809813949045027  0.6134524192547007  3.023944672144747  -0.0  0.0  -0.0  1.0
13001298762262;12.753530724937347;0.042360898718987065;0.5681568833166971  -0.8228527545170333  -0.010540413824241583  -7.923680939932026  0.8194085365076624  0.5668679664538623  -0.08503151713825227  0.06296054681900173  0.07594344104810326  0.03967433669505281  0.9963225084126031  -4.469595681666898  0.0  0.0  0.0  1.0
13001298762293;4.0873319758586355;0.13834732325739577;-0.7213754388124789  0.2705712253264187  0.637501912392004  8.38909068787088  0.6906178598773833  0.3496618330727258  0.6330746986814465  -1.793570487287553  -0.051618290328964554  0.8969547449663121  -0.4390987788481459  3.341707705816827  -0.0  -0.0  -0.0  1.0
13001298762324;5.257805486369847;0.06666610076933845;0.5690334184038198  -0.5667294544560686  -0.595834452001216  0.5495002447912053  0.44419222183906826  0.8216153854405817  -0.35726940600196394  -0.7247596552302052  0.6920218484970936  -0.06136679769428398  0.7192634269469104  1.5309035019925195  -0.0  0.0  -0.0  1.0
13001298762355;3.940223826782666;0.09762310563470628;0.25007449173473656  -0.952874589025701  0.17173458059666583  -2.3888312849232154  -0.06837107747326006  0.15954850972780782  0.9848196123193221  -8.490153935386918  -0.9658095797561536  -0.2580199423159683  -0.02525004987136068  1.793370032080643  0.0  0.0  0.0  1.0
13001298762386;9.483249247669189;0.2501754860497328;0.606273871285514  0.6477924367497201  -0.46129919996281893  7.430041606451625  -0.3659934314038167  -0.2877016803540949  -0.8850291245437569  -9.418550536590258  -0.7060317281579738  0.7054025106357998  0.06266176523984474  1.6540453582266414  -0.0  -0.0  -0.0  1.0
13001298762417;6.696026314562576;0.458774104182203;-0.7371684611679844  -0.6715402765867754  -0.07494208951572193  7.339436753130941  0.6756913376027899  -0.7334034339547489  -0.0745695604917708  -4.558198475614685  -0.004886322520976473  -0.1056080488653179  0.994395828564804  -3.3688138541873087  0.0  0.0  -0.0  1.0
13001298762448;6.742317045442832;0.043229571315627095;0.7589414114626811  -0.03886579977606504  0.6499979873621144  0.8212957337955719  0.37430822633680405  -0.7907718292163352  -0.48432764304182335  0.43046769379731303  0.5328238786537529  0.6108758987925607  -0.5856016996310317  0.2381931939759659  -0.0  0.0  0.0  1.0
13001298762479;4.7976364578938275;0.11107526272654744;0.5036186600416774  0.7730071853421141  0.38578249917186286  3.025695795748387  -0.7985283560523441  0.5869370085390769  -0.13363163019113597  3.0317493767323027  -0.3297282363373903  -0.24075888232142822  0.9128605866972084  -5.066041086488098  0.0  -0.0  -0.0  1.0
13001298762510;3.641411788076855;0.17743434660186783;0.6828558333351422  -0.6973543982465721  0.21772632850974052  -0.7673435514482855  0.7149149407481736  0.6992061936125543  -0.002706715514896682  -0.3994758885898859  -0.15034805743741642  0.1575041017243844  0.9760061063153196  -1.8924910809029258  -0.0  -0.0  -0.0  1.0
13001298762541;3.070002262790549;0.09924914882823827;-0.8831547406233939  0.4653098316411996  0.05936720216132369  3.1879703793085765  -0.46383952676389445  -0.8851310358224798  0.037362318387265225  -7.698145331502878  0.06993280722143876  0.005459853648589036  0.9975367624665596  -2.3440851086346695  0.0  0.0  0.0  1.0
13001298762572;5.3165421424298245;0.16364010385058048;0.7472635058762451  0.6583964411150892  0.09006319510503766  3.9150117582710022  -0.5399594379271739  0.6805834558628019  -0.4952271852384681  2.7322916491242384  -0.38735133687508316  0.3214347304396801  0.8640825515471631  -1.458437470410801  -0.0  -0.0  -0.0  1.0
13001298762603;8.701034267553123;0.5888050580854038;0.6394694732605967  0.5982186218808285  0.48292160150775887  2.8984193562013627  -0.5571091057644915  0.7934289155949374  -0.24515301379369023  0.14776952019965445  -0.5298190606632655  -0.11227215297144522  0.8406466122129159  7.2820519077048305  0.0  0.0  0.0  1.0
13001298762634;3.6983118308243395;0.09297308776853476;-0.32141246519900285  0.9394487147067329  0.11887026394590378  2.9989474310295234  -0.6851170489128352  -0.31736085021956095  0.655665097467362  -2.397197677170396  0.6536885011254728  0.12929889088382152  0.7456360642515523  2.4827246602789548  0.0  0.0  0.0  1.0
13001298762665;3.264462073407414;0.3195589772277475;0.16830542786350453  0.3372601918373557  0.9262444849787294  -0.1347539943349066  0.6844135353343523  -0.7162170722218737  0.13642293835370925  -1.4802528830829609  0.7094021395533107  0.6109735415382213  -0.35136866100639574  -0.32013014633132936  -0.0  0.0  0.0  1.0
13001298762696;11.28400940315467;0.15370723014833332;0.32907776821757095  0.9425908437674365  -0.05683593678945239  1.4180797893072479  -0.9327870120083819  0.31510423038352714  -0.17497918225572315  -3.397955433966232  -0.14702453092399104  0.11059758243377946  0.9829302935948127  6.174937201993653  -0.0  -0.0  -0.0  1.0
13001298762727;5.9914853246080435;0.08797121753870873;0.6995869845962649  0.5256713406558857  -0.4839914178955539  -5.26758613917568  -0.5895757675322917  0.8073366119397137  0.024657845818581818  2.8002065416812667  0.4037059144008346  0.2680993036819527  0.8747252700379924  -4.907209770404132  -0.0  -0.0  -0.0  1.0
13001298762758;2.650189718750765;7.161363516772951;0.23863426670589025  0.252962530437721  0.937583940214575  8.216658762870761  0.7036869085456952  0.6203121004873712  -0.3464644754233066  -0.1447023200860413  -0.6692371937475856  0.7424438404239682  -0.02997869779302196  4.0156199759918  0.0  0.0  0.0  1.0
13001298762789;12.47752396560415;0.47936726673849656;0.47841632503016546  0.8103221669142526  0.3383722886880974  11.559991018699733  -0.6661868570610034  0.5859657467924579  -0.4613450065462273  6.5754155334863205  -0.5721126562346025  -0.004704188914798702  0.820161556757472  2.8670649287841488  0.0  -0.0  -0.0  1.0
13001298762820;2.5113803815995865;0.08387929338026338;0.010877841782082825  -0.9950824049903688  -0.09845140850565674  1.3834939488587945  0.9979111132490324  0.0045329350165565245  0.0644427075332334  -8.08093287015743  -0.06367953055921623  -0.09894675223937074  0.9930530990883816  -1.9987182868895117  0.0  0.0  0.0  1.0
13001298762851;8.315224491879562;0.11662324444753314;0.2782987567305746  -0.8185856801769217  -0.5024612285654525  4.355545890991871  0.8986371596883638  0.03720784800286987  0.43711192076426536  -2.237151134665783  -0.33911805795245836  -0.5731780353923919  0.7459664084355749  4.49350664606838  -0.0  0.0  -0.0  1.0
13001298762882;7.127338882949794;0.0597285447097106;-0.4065213133506913  0.7672112376507415  0.4961122238103459  2.9251601111651575  -0.6425832947592859  -0.6260987065402577  0.44168667510455756  -7.0231477653030705  0.6494822022872764  -0.1392383800934031  0.7475195933358764  -4.344588837726877  0.0  0.0  -0.0  1.0
13001298762913;2.3308338239256097;0.10077762281766521;-0.8996105582230486  -0.43252988199553294  -0.060156003146353484  8.066768292433766  0.4323609681712808  -0.9015501472259814  0.01647195309625669  -9.154780891607572  -0.06135826542208185  -0.011190764841724425  0.9980530697546346  -1.2793051291365125  -0.0  0.0  -0.0  1.0
13001298762944;13.120560348922597;2.4660597057590117;-0.40040574934870626  -0.011591274699409937  0.9162646333016158  1.6511137994599885  -0.6789250782805107  0.6753019177389529  -0.28814589703810717  1.9878827712921965  -0.6154152857788834  -0.7374503117152602  -0.27826437749155103  9.368679380035699  0.0  0.0  -0.0  1.0
13001298762975;11.342250680316473;0.3329140154015395;-0.659520844657657  0.6057748113423572  0.44504958533311917  5.393441792106961  -0.5999019714988948  -0.7809322730045216  0.1739609426616537  2.113741998244906  0.45293474149571533  -0.15225525581444824  0.8784466159210174  -9.540464288727689  0.0  0.0  -0.0  1.0
13001298763006;4.458598501776789;0.0894228145021819;0.6423513434367395  -0.45571486438526626  -0.616205090828805  -2.7493023426839938  -0.44735970102902683  0.42988456928445445  -0.7842630649127489  -1.1738159923290554  0.6222973963309155  0.7794377585602567  0.0722684651167168  7.740018257014342  0.0  0.0  0.0  1.0
13001298763037;6.669679305647058;0.03306682668529021;0.5939210059224174  -0.8038334677830687  -0.03331058084077175  -5.040542765731274  0.7163443740446662  0.5472180111344206  -0.4329008963546342  -8.793144747438438  0.36620837852056387  0.23324708864621352  0.9008258539470351  -5.6154735163039  -0.0  0.0  -0.0  1.0
13001298763068;2.7376255445017748;0.32142518041042006;0.2279754108883974  -0.6777366754116603  0.6990709626584535  1.0994557245279881  -0.948071593363765  0.009026859533672141  0.3179288751649498  4.96784059037398  -0.22178247425564893  -0.7352492873909555  -0.6404849877273733  1.2686762948751864  0.0  0.0  0.0  1.0
13001298763099;6.456555758447102;0.0646104027122767;-0.5188600638580166  0.792237645795953  -0.3211600017389177  8.98008528022033  -0.8513118556865703  -0.4446666836987211  0.27845944906910475  1.2224760203964182  0.07779690547022516  0.41788880457852406  0.9051610842867637  -2.181236994140621  0.0  -0.0  -0.0  1.0
