# fast_global_benchmark.py --distance_metric=euclidean --decrease_mu=True --division_factor=1.4 --iteration_number=150 --maximum_correspondence_distance=0.1 --maximum_tuple_count=1000 --tuple_scale=0.95 --tuple_test=True --use_absolute_scale=False --input_txt=/neural_comparison/point_clouds_registration_benchmark//kaist/urban05_global.txt --input_pcd_dir=/neural_comparison/point_clouds_registration_benchmark//kaist/urban05/ --input_features_dir=/neural_comparison/experiments/FPFH/features_voxelgrid_0.2//kaist/urban05/ --output_dir=/root/neural_registration_comparison/results/FPFH/fgr/
id;initial_error;final_error;transformation
34562489690030;3.026378295279987;0.7386942668918605;0.9031173633725746  0.3850898818620596  -0.18996002437995624  -3030150.4256924023  0.23207381159143786  -0.06553259315117589  0.9704881375927816  8409569.008398294  0.36127658926145456  -0.9205494349150126  -0.1485528994306823  7152677.823860684  -0.0  0.0  -0.0  1.0
34562489690061;2.3389289960652655;1.0246823141348773;-0.45489345421763033  -0.01707345242787758  0.8903821890245489  1159208.7771137895  0.8670983030731594  -0.23640934499989913  0.4384645417868651  9338536.974994546  0.2030085666113608  0.9715035351551284  0.12234542518414461  -7958839.852677579  -0.0  0.0  -0.0  1.0
34562489690092;2.8315574878443655;1.0637117737180262;0.535500814156492  0.8230830188353209  0.1891381033601358  -6295866.729730145  -0.586040063406187  0.2008969108880413  0.7849824681344895  6840893.948396857  0.6081084789086625  -0.5312012568702908  0.589940083888878  3846654.7484063613  -0.0  0.0  -0.0  1.0
34562489690123;1.8101091339027975;0.11824358676396934;-0.15286095758407284  -0.9871355781830949  0.04687086442137795  8751988.762554573  0.9873741005631859  -0.15056016256115023  0.049234367941515145  8563326.587913515  -0.04154411129776244  0.05380509023026359  0.9976868742655649  -403720.0330052547  -0.0  -0.0  -0.0  1.0
34562489690154;2.62470578061902;0.3939577727085606;-0.9555376277126183  -0.04631211481585772  -0.29120959813616126  1746459.0653616383  0.25215632371439234  -0.6402904206272675  -0.7255655488402135  13020175.679797456  -0.15285624107698195  -0.7667355249851427  0.6234994821886995  6276317.072490384  0.0  0.0  -0.0  1.0
34562489690185;5.512606798611554;5.073029465081352;-0.3926053538410854  0.24475560533243762  -0.8865414427953535  -990687.924527496  0.8243769020081503  0.5210165694898464  -0.22123394349076772  3274601.436122064  0.4077545334766501  -0.8177019187793209  -0.4063247622947136  6292694.534824114  0.0  0.0  0.0  1.0
34562489690216;1.5460191220852306;0.40903263917067145;0.7783069322366283  -0.20781509064493575  0.5924957445692307  1827642.92035429  -0.6257772315912111  -0.17950032323754453  0.7590668550132166  9929310.925408553  -0.051392369613091654  -0.9615573420539483  -0.26975229802116074  7772664.7289313  0.0  0.0  0.0  1.0
34562489690247;5.3501947700473025;1.7902294724421883;-0.2624865542794316  0.943383522730609  -0.2028012274689177  -6703169.578989778  0.9069946079646659  0.16948264464026633  -0.38553393403014713  6044904.056594873  -0.32933507244982646  -0.28513709370429186  -0.9001306837611631  2525754.6304015284  0.0  -0.0  0.0  1.0
34562489690278;1.7336325432466153;1.6780523175403774;-0.0290266008115234  0.033173310338734704  -0.9990280215922364  456003.9879679835  -0.640732718251809  -0.7677332189873275  -0.006876643440186229  14672278.59316244  -0.7672151199024788  0.6399103343004595  0.04353991098403944  -4609376.720650781  -0.0  -0.0  -0.0  1.0
34562489690309;1.8806280573322476;2.1884275108309597;-0.7635995074688173  0.5585828562716124  -0.32388421522640753  -3255324.395157205  -0.29705110289769737  -0.7492786364827914  -0.5918970917125304  14283089.13448067  -0.5733030912707867  -0.3557621643597534  0.7380764512903938  3265156.6192165017  0.0  0.0  0.0  1.0
34562489690340;1.342499596526476;0.5441304061797902;0.1304878571254179  0.9730774002567539  -0.189982347212507  -7218344.571519635  -0.7381607996803577  0.22327598404704133  0.6366054262752405  6767795.604393597  0.6618848487146914  0.05716824343446621  0.7474223966302773  -924875.6337262387  0.0  0.0  0.0  1.0
34562489690371;2.166541248145545;0.36169769093209136;0.643475275252736  -0.7622867527062689  -0.06970277460006682  6383192.767270929  0.7462022748838879  0.6449752462256442  -0.16489116627120864  2332601.4063751595  0.17065091589711767  0.05409101963082185  0.9838457330795172  -554952.6513004192  -0.0  0.0  -0.0  1.0
34562489690402;1.8237522520831808;0.1965039167484346;-0.8023778864591613  0.37277053528036247  -0.4660813827521119  -1732855.8691134893  -0.44978925694248384  -0.8910002147039453  0.061710953133557456  15530354.20891526  -0.392274587069386  0.25915390296948265  0.8825870511826162  -1809450.522846965  0.0  0.0  -0.0  1.0
34562489690433;1.485279001754726;0.4274678082753182;0.005929302641936122  0.6474417642165093  -0.7620918614697276  -4510645.713692546  -0.9715212441624215  0.18425903248888517  0.14898013655304135  7245614.287459459  0.2368782715051832  0.739505085103864  0.6300959558624734  -6116127.537232088  -0.0  -0.0  -0.0  1.0
34562489690464;3.2048953782106575;1.9467097278173062;0.8643674582077752  -0.4916754505012917  -0.10547107928612334  4051055.723822588  -0.16726578006418172  -0.4789169656415057  0.8617776388606595  12015957.586915726  -0.47422679807339985  -0.7272508448912829  -0.49620071805063626  6184384.909175836  -0.0  0.0  -0.0  1.0
34562489690495;1.6045786219463427;2.993135392806493;0.9836875882416003  0.07584867065535053  -0.16311256205222077  -598748.6690462559  -0.16234127359814846  0.7649066351756797  -0.6233483378904205  2005558.1430829891  0.07748573821003774  0.6396599241972524  0.7647425329808775  -5200756.66994282  -0.0  0.0  -0.0  1.0
34562489690526;5.298220209160753;5.383956158887965;-0.556551420021188  0.8055243286731051  -0.20342338309088798  -5387395.3107970925  0.8209935215505773  0.5707666326559503  0.01396741273717839  2876669.3290753667  0.12735837013868354  -0.15923569625662146  -0.9789912351973775  1191948.8909016107  -0.0  -0.0  0.0  1.0
34562489690557;4.725165945981713;3.4760931468576457;0.8407938730398552  0.5263692131429691  0.12649551183299101  -4123152.702490994  -0.5146583000249446  0.7047291535103842  0.4883478825673048  2737167.637829456  0.1679062157100614  -0.47570187265532915  0.8634322388457241  3709405.492996942  -0.0  0.0  -0.0  1.0
34562489690588;1.3460500527468555;0.31161738904490704;-0.8674712770089038  -0.47585689592235514  0.14509927004531772  5140343.924840261  0.47190637266074015  -0.8794110018317436  -0.06277471863315459  14789808.964977646  0.15747367718677963  0.014018004866229327  0.9874236864349796  -223394.9278339685  -0.0  0.0  -0.0  1.0
34562489690619;1.8205673160604245;0.2274932154545874;0.36362382196593956  0.6360580730866602  0.6805937435505619  -4670598.944199239  -0.7507079545763834  -0.2324998638486089  0.6183699380194028  10443551.431936877  0.5515571439430602  -0.7357811773697823  0.392951365939491  5532497.902913531  0.0  0.0  0.0  1.0
34562489690650;2.1392684506950816;2.9536143577819924;-0.2915317977552366  -0.7287272392523368  -0.6196497572574909  6770182.915071833  -0.002554813990444405  -0.647193484934587  0.762321497784036  13254150.637886325  -0.956557726341214  0.2238240465854615  0.18681571761239738  -1128788.3075677787  0.0  0.0  -0.0  1.0
34562489690681;1.8732202401465774;1.9501878279091398;-0.6129013832605384  -0.7844877262134156  0.09450344870861803  7443852.597005813  -0.45821247255361236  0.4503067297787624  0.766332290271173  4744098.965088205  -0.6437338148595432  0.4263834618467997  -0.6354556782891452  -2978297.276605317  -0.0  -0.0  0.0  1.0
34562489690712;2.5869430889270166;2.1269648662004594;0.7958940211202932  -0.041698922162819244  -0.6039982674109498  478958.97856839135  0.1449778572423356  -0.9554742143346314  0.2570028144807747  15631115.138582112  -0.5878215103706149  -0.29211337804365967  -0.754410794139062  2763419.569437967  -0.0  0.0  -0.0  1.0
34562489690743;3.8819775247609996;1.8330825875262957;1.0  -0.0  -0.0  -1.2942886868258938  -0.0  1.0  0.0  7.172614987008274  -0.0  -0.0  1.0  13.169800250484798  -0.0  0.0  -0.0  1.0
34562489690774;1.586561897713293;0.6132778412394025;0.5896307835661436  -0.8055694099995764  -0.05825345263681825  6769610.7041511815  0.795955571145234  0.5918043413150911  -0.1273669908707708  2725097.6412455277  0.13707759785625015  0.028732338462874103  0.9901435173208051  -327460.53582004295  -0.0  0.0  -0.0  1.0
34562489690805;1.205521164189387;1.7277649014939198;0.9153578126695594  0.0722395643323634  -0.39610796524416114  -521685.15588720597  -0.36683249142106894  0.5551955884753705  -0.7464527994289363  3836551.9657877204  0.1659939698380944  0.8285766735085879  0.534702438833817  -6782965.42851809  -0.0  0.0  -0.0  1.0
34562489690836;2.065099418152508;0.8278371417206193;-0.5000497612447068  -0.14466893595575192  0.8538273451047014  2217507.337626692  -0.5430634557112838  -0.7156106429509516  -0.4392988626962786  14184908.433771363  0.6745608344323243  -0.6833537200196956  0.2792765188575897  5024374.995394152  -0.0  0.0  -0.0  1.0
34562489690867;2.727894652051314;0.3169679461662489;0.29409507461511397  -0.21402870354163822  -0.9315040532104059  2218066.4946742076  -0.5948358129946903  -0.8038412211154335  -0.0031059321618415155  14930932.614236804  -0.7481165969727421  0.5550054101501479  -0.36371768177803787  -3939576.047487831  -0.0  -0.0  0.0  1.0
34562489690898;2.29580039724926;5.237650509876231;0.9076537858186495  0.21045707405697092  -0.36314243082907743  -1628364.7787861542  -0.4108975422248365  0.6220119697133077  -0.6665315591380211  3329907.941359454  0.08560265698365405  0.7541942253244538  0.6510478136086374  -6128133.400303174  -0.0  0.0  -0.0  1.0
34562489690929;2.300657442855721;1.6848178360241712;-0.0634849882026378  -0.9089270538819628  -0.41209375995562797  8059834.10374118  0.3592091635068598  0.3644398489080918  -0.8591579443737617  4861229.204509304  0.9310952868131231  -0.20257148676282918  0.3033584672051928  975887.4526223196  0.0  0.0  0.0  1.0
34562489690960;1.3464116655749152;1.697939909857035;0.2702582302792222  -0.2122150149443714  -0.9391087670757327  2220165.9350394243  0.12052137184860853  -0.9602763524570083  0.2516821921384097  15687009.427804  -0.955214681573767  -0.181201860763144  -0.23394614286604892  2129074.6886986564  -0.0  0.0  -0.0  1.0
34562489690991;1.2386766652537227;0.5466755767029692;0.31867264214899493  -0.9449065159497843  -0.0748292941395293  8080917.961390628  0.9340837177192286  0.3264722641140972  -0.14458032043137636  4762856.326330021  0.1610445759335069  -0.023823032549542197  0.9866595703091005  78556.18480790475  -0.0  0.0  -0.0  1.0
34562489691022;4.77837015482652;1.6044631509225586;-0.634288877230232  0.28440687202826154  -0.7188813193880556  -1140135.3219127832  0.7324658938830387  0.5185634425540224  -0.4411186578967661  3358997.817904547  0.24732839408392268  -0.8063527064440352  -0.5372373574968937  6314083.245675523  0.0  0.0  0.0  1.0
34562489691053;2.167491542430286;0.9110187012441718;-0.9112015921623138  -0.3447374209088628  -0.22553884159046184  4115989.0780571434  0.38525035190746265  -0.9069996553992703  -0.17009935761425296  15072159.574405937  -0.14592403775950774  -0.2418837235754216  0.9592697428112967  2048574.7219580186  0.0  0.0  -0.0  1.0
34562489691084;2.4865787628779126;1.3880250324835606;-0.9347180367511683  -0.32879298920337546  0.13489759828384681  4003269.3723342344  0.33109888951246114  -0.6677340241616885  0.6667119305520569  13185166.07233769  -0.12913449243194355  0.6678521117938804  0.7330060297410912  -5282490.5435613785  -0.0  -0.0  -0.0  1.0
34562489691115;1.9042244213164048;0.8755776613591408;0.38665926400279016  -0.922139562788736  -0.012379026642516075  7850090.206045153  0.8642274597511794  0.3669960061630124  -0.3441290880940201  4485812.276986741  0.32187810017589463  0.12236240517493073  0.9388407375199289  -1210615.8857754888  -0.0  0.0  -0.0  1.0
34562489691146;2.204368269441607;0.49943184936068585;-0.7699232881840103  0.18744220910564038  0.6099865150620286  -264869.83916092373  -0.19472804207283861  0.841284556067065  -0.5043027715108465  1413838.1176082306  -0.6076998600809446  -0.5070559278508028  -0.6112243173246313  4506745.385483184  0.0  0.0  -0.0  1.0
34562489691177;3.9205161639220982;0.759409363498703;0.26635422135752906  0.9633601621164634  -0.03150598057457419  -7235399.479190208  0.9219624057726615  -0.26417006832481765  -0.28319515769720754  9523338.508604044  -0.28114187007080466  0.04638289607390129  -0.9585446655450591  -175402.51531555728  -0.0  -0.0  0.0  1.0
34562489691208;2.3565380774100433;0.3705688396125292;0.2019756298543239  0.9140401813756102  -0.3517618395673294  -6793410.660111837  -0.7929137861262578  0.363431597655223  0.48908608812426513  5678509.106510422  0.574885704045486  0.1801333413241824  0.7981593867314425  -1853081.8037214614  -0.0  -0.0  -0.0  1.0
34562489691239;2.888227844794611;0.8575799470554495;-0.9907271108177775  -0.08071833119620891  -0.10929017750721082  2047677.665357925  0.06961631491615022  -0.9923611218530879  0.10184779100195573  15980590.19271477  -0.11667630688427738  0.09329498830795635  0.9887783799054592  -668642.2313731057  0.0  0.0  -0.0  1.0
34562489691270;2.5432202258587244;0.3562833520783033;-0.8232533808976225  -0.5363345055533174  0.18600851860469433  5595863.9315505875  0.5217075790729583  -0.843987773083874  -0.12452245107914604  14469595.171278214  0.22377460262162713  -0.005471474920363607  0.974625564093068  -113149.94514650539  -0.0  0.0  -0.0  1.0
34562489691301;2.1034157138496146;2.0133022641014753;0.28651894743169654  0.9482735468798629  0.13669006200348482  -7128329.256504092  -0.36891642808013275  -0.022472008640963805  0.9291908727060542  8485581.069667468  0.8841988248438409  -0.31665800023925633  0.3433950334953129  1926661.520077814  0.0  0.0  -0.0  1.0
34562489691332;1.5400005703685937;0.31557416497448626;0.8467605366531383  0.519721786934506  0.11351589207020078  -4073853.3236166555  -0.3491928019172296  0.703999247295287  -0.618424972730619  2626934.2221528734  -0.4013240344859539  0.484018929374954  0.7776018874402505  -3612245.1489302134  -0.0  -0.0  -0.0  1.0
34562489691363;3.2280224062918226;0.4881114886381913;0.1220413679259153  -0.9693254514495524  0.21334027675732462  8415694.199607112  -0.9839779952464254  -0.1463102584928736  -0.10188529398579703  9914188.766501402  0.12997387962815865  -0.19748791717942898  -0.9716508185467341  1497941.954219461  0.0  0.0  0.0  1.0
34562489691394;2.3976719802288198;0.14322411657861142;0.6491571509881583  -0.7247884629654953  -0.23081741111331294  6077791.002117327  0.6639923125435624  0.687983705350498  -0.29290378975911463  2044007.7669214807  0.37109190533342284  0.03687960309321427  0.927863509720959  -557368.8236966287  -0.0  0.0  -0.0  1.0
34562489691425;1.0094624480211292;0.05326317321476815;0.1971621480345134  0.9802726087875462  0.013881636909059714  -7322897.1477397885  -0.9579827738049873  0.18963162089565658  0.2151949196644478  7192921.324505422  0.20831728798954488  -0.0557266616382517  0.9764724505624002  302012.2721788836  -0.0  0.0  -0.0  1.0
34562489691456;2.09075176249572;0.6723518521270729;-0.17291222020390773  -0.8877013028370128  0.4267174252894148  7965788.916976203  0.9604679888072165  -0.05599946845659034  0.27270002201906635  7821383.238281932  -0.21818021583263442  0.4570015935136892  0.8622916774184792  -3523550.3274532985  -0.0  -0.0  -0.0  1.0
34562489691487;4.819526363868169;3.1895451076084553;0.5343004738850314  -0.6963014779504305  -0.47925698264112493  5929452.265233607  0.25394897865403865  0.6730039784642078  -0.6946765874937216  2452590.259854147  0.8062461905936678  0.24945920864020268  0.5364113937807461  -2573426.9308174606  -0.0  0.0  -0.0  1.0
34562489691518;0.9081270063423241;0.3023612509363325;0.49746885966237464  -0.8653639533248094  -0.06058021089657016  7315537.248232446  0.3576719117870002  0.26823320755186236  -0.894495248665454  5636506.551497716  0.790313568898351  0.4233156914791793  0.4429540474616474  -3960981.079750702  -0.0  0.0  -0.0  1.0
34562489691549;2.7018815013951687;0.10809657197134565;-0.2702849009365616  0.192157478559512  -0.9434095482659506  -653580.0839393237  0.8435736514040775  -0.42501204424473404  -0.3282502961212747  10872679.963015905  -0.46403616990759006  -0.8845565361697161  -0.047224647557514494  7442982.57804443  0.0  -0.0  0.0  1.0
34562489691580;4.668438872941319;3.0825794986865778;0.9910278622155038  0.10229789637397363  0.08601695594490015  -816750.9735326163  0.0703015968616012  -0.946325788571733  0.31547612803950276  15610023.996274775  0.11367260791974537  -0.3065985033909131  -0.9450269286783187  2387203.8703774577  -0.0  0.0  -0.0  1.0
34562489691611;3.9959073484826004;0.2311087758925722;-0.6928019662680865  -0.715298477092206  -0.09150696260199848  6943929.148249077  0.7179558038405656  -0.6960676742992575  0.005408930325843036  13141409.43850707  -0.06756403826533587  -0.06195063732677512  0.9957897465168467  545870.9206397921  -0.0  0.0  -0.0  1.0
34562489691642;3.292173022565408;1.8589535016848602;1.0  -0.0  -0.0  -5.2974712557625026  -0.0  1.0  0.0  6.379344931803644  -0.0  -0.0  1.0  5.255633021895704  -0.0  0.0  -0.0  1.0
34562489691673;1.953679954832125;1.0188329361658655;-0.5132305611109323  0.5509245788316746  -0.6580854804513615  -3369497.716894288  0.27437316368609715  -0.6212152014582524  -0.734037492588809  12850854.09157919  -0.8132120007664915  -0.5572914694451413  0.16766770676858272  5054980.898699364  0.0  0.0  -0.0  1.0
34562489691704;2.008186623570813;0.8727425785889835;0.9164913227460101  -0.35828992486804095  -0.1779662469945472  2941365.9750798536  -0.29139668465606866  -0.902670138746062  0.316661637694902  15512837.450670172  -0.27410149124498123  -0.23835886883902457  -0.9316938457149201  2110570.285644536  -0.0  0.0  -0.0  1.0
34562489691735;2.8076941945791956;1.44651393117416;0.21587597902216923  -0.8097132505621517  -0.5456757402938981  7065696.612376495  0.009928228546240335  0.5606444224664058  -0.8279971387844558  3528097.8606714974  0.9763703149723235  0.17332709950087255  0.1290686817917539  -2080324.567376473  -0.0  0.0  -0.0  1.0
34562489691766;1.8275291698076832;1.2887883809664333;-0.4612828891726804  -0.8531521721810437  0.24361746090801886  7890817.825947338  0.8741190704861562  -0.4840572113984559  -0.040055794906191454  11326321.785198594  0.15209847720776332  0.19447361568067892  0.9690438927288901  -1671529.2293160132  -0.0  0.0  -0.0  1.0
34562489691797;3.7232768051076097;1.6734307423629966;1.0  -0.0  0.0  -5.637117893784307  -0.0  1.0  -0.0  -5.168058719485998  0.0  -0.0  1.0  -4.827269995672367  -0.0  0.0  -0.0  1.0
34562489691828;2.886530052875628;1.186426100692351;0.49749899370178063  -0.8646325355958914  0.07003805861628072  7309110.597101006  0.821340218665387  0.4435316451472504  -0.35871984187617667  3900522.3076672787  0.27909675108895726  0.2359878347330552  0.930814022987188  -2094532.0400500717  -0.0  0.0  -0.0  1.0
34562489691859;3.863192297346279;1.5854978713854642;0.7610936260364534  0.5346093056142357  0.36732735095190994  -4133535.801540292  0.25163688470546214  0.27859682864224794  -0.9268563455715312  5627575.1630866425  -0.5978422623589041  0.7978575671265811  0.0775108503142687  -5999217.08864807  -0.0  -0.0  -0.0  1.0
34562489691890;3.6706534983214847;1.555728818298725;-0.9930215823649347  0.11721876428188786  -0.012957556006823365  457002.9929782826  0.11669171095790944  0.992520601228222  0.035859458045070805  -21805.199799054295  0.01706404263820231  0.03409717639039595  -0.999272836121868  -286031.90692444006  0.0  -0.0  0.0  1.0
34562489691921;3.2786406111649433;1.7274595698709394;-0.45021651639203447  0.8534428562141211  -0.2625650006091879  -5847622.212453012  -0.8772291081963524  -0.4776331109599463  -0.04832911180392548  12504840.951852482  -0.1666558732864006  0.20857109697128823  0.9637032309831378  -1560997.8441764233  0.0  0.0  0.0  1.0
34562489691952;2.441651137137093;1.802043012161355;-0.5592555344506802  0.39251371671415264  0.7301823261196643  -2062896.4282414736  0.8282747672644472  0.3012830462477513  0.4724292920180767  5039841.142008508  -0.034556578234951146  0.8690002924251043  -0.493603418409733  -6967296.478310906  -0.0  -0.0  -0.0  1.0
34562489691983;3.0513635683647133;1.553395351006001;-0.5559537154984763  0.7874918847735262  -0.2660300690510002  -5242790.572767115  0.8238285002645419  0.564598896564198  -0.05034568651203733  2924355.303992877  0.11055346387751036  -0.24715302428724636  -0.962649112714676  1911142.6293259035  0.0  0.0  0.0  1.0
34562489692014;1.9745718167701451;4.002078183786817;0.6896526186467301  -0.3116411120230205  0.6536505816495255  2725326.941775395  -0.4914841068623901  0.46147248063761986  0.7385705939961599  4678022.817572494  -0.5318107166044966  -0.8306160165270204  0.16508905110090072  7056643.78505804  0.0  -0.0  -0.0  1.0
34562489692045;1.2175878921579373;3.7635922793468035;-0.0379580251333978  -0.4123704304929054  -0.9102251459848097  4047156.521800363  -0.6260760186897388  0.7197544208629919  -0.299970652680867  2694664.150361021  0.7788375999844747  0.558483841935714  -0.2854956937453633  -5040373.024487747  -0.0  0.0  0.0  1.0
34562489692076;4.820847866328376;1.9110417934624495;-0.7673328347744333  -0.2682436995930984  0.5824479704708734  3399780.664818923  -0.5393224644136126  -0.22138734669814053  -0.8124770286603723  10205911.14707131  0.34688845477452923  -0.9375675764181305  0.025207927197099866  7299804.414552542  -0.0  0.0  -0.0  1.0
34562489692107;1.0951736045872003;0.8872094753644824;0.4987244948699843  0.8258502579485736  -0.26314488340637543  -6292236.462792769  -0.8528242537078211  0.5217676872457325  0.021196057037530122  4446609.246370902  0.15480526639742972  0.21384534596879576  0.9645234561705103  -1829214.5545548776  -0.0  -0.0  -0.0  1.0
34562489692138;2.6395870453587285;1.4598817621226543;-0.302547558719085  0.5607148717803561  0.7707553485234214  -3596447.3673406085  -0.3046717918708792  -0.8231204517120746  0.4792158399004567  14882385.127565896  0.9031279388609941  -0.08984183066729474  0.4198670879112091  88480.11815646895  0.0  0.0  -0.0  1.0
34562489692169;2.994782826868506;0.44958366766505425;-0.16777173081059282  0.9171695927239635  0.361458966583176  -6558909.765356114  -0.3329407095708864  -0.3978277889102784  0.854917267506741  11479918.70896127  0.9279025435094199  0.023086544854506525  0.3721073517083867  -837386.1837406453  -0.0  0.0  -0.0  1.0
34562489692200;5.292190560418294;1.7948717649942456;0.02916442727190734  0.1072565887666081  0.9938035320666012  -181026.23595189836  0.47076937663435414  -0.8785301014624279  0.08100033856546354  14783293.207899304  0.8817741378636629  0.46548994080492057  -0.07611494468386562  -4364516.063660922  -0.0  0.0  0.0  1.0
34562489692231;1.8630711678931846;2.2307824352777774;0.39932680317999003  -0.8652386375305484  -0.3031504649284458  7383462.455052507  0.866816880527714  0.4640117620574154  -0.18254199600249696  3703435.925859016  0.29860776931327965  -0.18988202863003015  0.9352957902765794  1317954.7455367374  -0.0  0.0  -0.0  1.0
34562489692262;5.46562893652775;1.5860347400156714;-0.9821872542293969  0.04982935059507918  0.1811773535754186  991632.5883020324  0.09581000016813651  -0.6966383240274152  0.71099612471803  13583167.80755679  0.16164356311681977  0.715689933781067  0.6794551325785625  -5871713.726460145  -0.0  0.0  -0.0  1.0
34562489692293;5.069828729190322;0.823269847240606;0.2476177688502753  0.9160781681109206  -0.31541437896860763  -6841834.754356641  -0.9358151530733264  0.3104400179235894  0.16696405166965358  6205390.329515668  0.25086936805428484  0.2538262893833936  0.9341502957179323  -2218447.009365112  -0.0  -0.0  -0.0  1.0
34562489692324;3.2273635158321206;2.9232530600549333;0.017253156493476165  -0.7498937703833497  -0.6613332455965423  6723938.740703851  0.9319803765218587  0.2516002836683588  -0.26097868693856685  5366664.238011389  0.36209792372946376  -0.6118469011102725  0.7032271775412031  4668373.172379578  -0.0  0.0  -0.0  1.0
34562489692355;1.3752959580528585;1.5815185625584378;0.36580601028461  0.9303850664472832  0.02386610507687633  -7040184.392456173  0.9260943856662113  -0.3664250912070121  0.08989906212777969  10343404.90006042  0.09238588462085351  -0.010783351325876475  -0.9956648872271251  22146.846733504073  -0.0  0.0  -0.0  1.0
34562489692386;5.158940174423677;2.034726219657269;-0.4712043833868895  -0.8800076088968357  0.059607359953751625  8113721.021011678  -0.4413972805688562  0.17675979683541151  -0.8797297397093742  6933670.671556366  0.763632679881762  -0.44084303613233944  -0.47172295652238655  3010609.5063570924  0.0  0.0  0.0  1.0
34562489692417;4.03283871174125;4.838869647816123;-0.23661961306733517  -0.79661309518597  0.5562542002448995  7278000.956940598  0.6919196819329566  -0.540081580494796  -0.479123199359039  11904937.462465864  0.6820984624419423  0.2715132832634021  0.6789861740461776  -2663657.1784288785  -0.0  0.0  -0.0  1.0
34562489692448;4.000054921873328;1.579584116992386;-0.9832114124383953  -0.032413182692949044  -0.1795681041794766  1653894.4520222626  -0.18190011016862045  0.2518275754817087  0.9505236568058941  6147270.679298888  0.014410703367345045  0.9672291650972473  -0.2534957076830701  -7792047.348730277  0.0  -0.0  0.0  1.0
34562489692479;2.0170795377863655;1.1736771367130845;1.0  -0.0  -0.0  -1.917943504289724  -0.0  1.0  0.0  1.9332090690732002  -0.0  -0.0  1.0  8.322446822947967  -0.0  0.0  -0.0  1.0
34562489692510;1.1740247611060295;0.1805207720124062;0.6665233820529326  -0.27578954507372466  -0.6925941871000277  2453223.9879390914  0.6179120296079941  -0.31536353279984775  0.7202295230311863  10148752.577154614  -0.4170507221459401  -0.9080120973907926  -0.039783490916744546  7598581.434151424  -0.0  0.0  -0.0  1.0
34562489692541;3.354655951863199;1.730188187632436;0.8699271795009594  -0.29636400272978997  -0.3942018267987632  2475878.8836520556  -0.46775034536719046  -0.74915789412328  -0.46901179524788833  14401890.897427352  -0.15632119745696238  0.5923941488221769  -0.7903371784668061  -4656199.948275501  -0.0  -0.0  0.0  1.0
34562489692572;1.8393631220032445;1.156305680026562;0.15296722919612185  0.5776921064941392  -0.8017935250963467  -4052742.2490872745  0.8989157443100334  0.25572488414349165  0.3557460727279174  5356631.373142791  0.4105502544434729  -0.7751623144375389  -0.480179002927281  5948499.315803992  -0.0  0.0  0.0  1.0
34562489692603;2.6663199487245373;1.411529382303634;-0.9746569925409261  0.17886515140254605  0.13435402675328623  -52150.16889369468  -0.16055236793206668  -0.9775207442682569  0.13666064421273383  16023374.63835481  0.15577767504519008  0.11162639535064012  0.9814646523530741  -1007534.0463125935  -0.0  0.0  -0.0  1.0
34562489692634;2.141177615887272;0.9309532215102039;-0.7810525506149717  -0.010951391463401575  -0.6243692659018885  1339421.1978872747  0.6199954018096939  0.10581706269870118  -0.7774371041934238  6758907.6101764655  0.07458293982327736  -0.9943253070634552  -0.07585887436867798  7947827.924984347  0.0  0.0  0.0  1.0
34562489692665;3.9424089616480122;1.9056305343057038;0.8554136944675812  -0.49384561925010684  -0.15615350032837358  4074948.1352036363  0.37273996840662754  0.7962887027663557  -0.47643385458938736  1377223.2344701015  0.35962804016031685  0.349343392944755  0.8652322616132024  -3063362.2526786663  -0.0  0.0  -0.0  1.0
34562489692696;1.8711162461125304;1.5241969278703678;0.4500018914067078  -0.8921960807909711  -0.038528575779748025  7564758.44850161  -0.41085857455183555  -0.16853477264024275  -0.8959861952777702  9690481.089355487  0.7929019671104489  0.4190252782736765  -0.44240737643042155  -3928190.439009488  -0.0  0.0  0.0  1.0
34562489692727;3.310271605615024;2.0590752747873275;-0.8388882646595852  -0.27022573940885697  -0.47248759685029557  3465856.955849924  0.058531740412933596  0.8182394588584041  -0.5718900447912506  1421336.2039548398  0.541147405778374  -0.5074073686181968  -0.6705946968857521  3702509.294750514  0.0  0.0  0.0  1.0
34562489692758;4.511424934062755;0.5459598119492803;-0.6800945734588599  0.7329364244886927  -0.016600265345477906  -4716867.856241684  -0.7276343159002179  -0.6720626450466008  0.13740488876815246  13964095.196273133  0.08955262964443883  0.10552724193635767  0.990375851751784  -911961.2178735066  0.0  -0.0  -0.0  1.0
34562489692789;1.931706743686756;1.5972584554331428;0.08533995216862929  -0.9804501422893364  -0.17729808529331934  8531058.063645227  -0.9929275576367084  -0.09842988567799188  0.06638089251448595  9535246.24392268  -0.08253458577746962  0.1703792126118632  -0.9819159669036369  -1312574.3763017545  0.0  0.0  0.0  1.0
34562489692820;4.539455050249923;2.211644897396536;0.3284283854577541  0.22786602485796095  0.9166307164507664  -1361741.6977092323  0.04238775600858298  -0.9730414268411509  0.22670169781343696  15844794.526815126  0.943577274930979  -0.03560135343451109  -0.3292331542652732  -376166.87500628066  -0.0  0.0  -0.0  1.0
34562489692851;3.0455147307974437;2.3033731780098865;0.10000458087320908  -0.3545003557909022  0.9296927350197469  3484294.3463507383  0.9058392066945714  -0.35413470678378295  -0.23247352766737334  10258523.760872662  0.4116484123852815  0.8654005472584871  0.28570522813800625  -7251780.5890657175  -0.0  0.0  -0.0  1.0
34562489692882;3.605304913385411;0.9996218843121307;0.043482005422904584  0.7274659168011707  0.6847646713266069  -5181040.8123487905  -0.8996314768310135  -0.2695690970928113  0.34350503313258246  10846516.621667586  0.4344795980241799  -0.6309721402607246  0.6427298321344264  4771407.830269303  0.0  0.0  -0.0  1.0
34562489692913;4.484860766274024;1.1186558137404223;0.8418441325350742  0.4635846266988894  0.2763833395932561  -3618765.2082428928  -0.4588736514050489  0.34518634010772725  0.8187071287397159  5590581.172929647  0.2841362851915737  -0.8160488248208467  0.5033198654395125  6366073.456497995  -0.0  0.0  -0.0  1.0
34562489692944;1.7079159739228686;2.898630432442203;-0.16956223775569373  -0.04206767220600809  -0.9846212258947336  1160280.3653072747  0.9803075238940778  0.09541561327856704  -0.1728959783781475  6589329.900575938  0.10122156945998963  -0.994548224923177  0.0250603706719137  7930859.608271923  -0.0  0.0  -0.0  1.0
34562489692975;1.881460468963167;0.864470968152245;-0.012379716715790995  0.024851344520392827  0.9996145023405614  511146.40237915714  -0.9835440724098842  0.1798992220092706  -0.01665315429103502  7289287.342580598  -0.1802437245548893  -0.9833710798045608  0.022215291188582877  8038704.584855819  0.0  -0.0  -0.0  1.0
34562489693006;1.115739312366094;0.9783033907853437;1.0  -0.0  -0.0  -1.9969376580556855  -0.0  1.0  0.0  0.20459532737731934  -0.0  -0.0  1.0  -0.6224832530316462  -0.0  0.0  -0.0  1.0
34562489693037;3.6096861314976527;3.0562886118224735;0.8153275586128655  0.26135398909045054  0.5166575892725229  -1973094.9836908644  0.5355696352387718  -0.6794990842728859  -0.501444074930115  13136454.631667787  0.22001394950456019  0.685547290023684  -0.693987590065259  -5669965.110766385  -0.0  0.0  0.0  1.0
34562489693068;5.981505073479419;1.69403780738937;1.0  -0.0  0.0  2.2874721388798207  -0.0  1.0  -0.0  15.19149459619075  -0.0  -0.0  1.0  1.6121917524328921  -0.0  0.0  -0.0  1.0
34562489693099;4.279282882274275;2.322130008287165;1.0  -0.0  -0.0  -9.802878784248605  -0.0  1.0  0.0  15.008584504015744  -0.0  -0.0  1.0  -1.216669035314311  -0.0  0.0  -0.0  1.0
