# fast_global_benchmark.py --distance_metric=euclidean --decrease_mu=True --division_factor=1.4 --iteration_number=150 --maximum_correspondence_distance=0.05 --maximum_tuple_count=1000 --tuple_scale=0.95 --tuple_test=True --use_absolute_scale=False --input_txt=/neural_comparison/point_clouds_registration_benchmark//eth/gazebo_summer_global.txt --input_pcd_dir=/neural_comparison/point_clouds_registration_benchmark//eth/gazebo_summer/ --input_features_dir=/neural_comparison/experiments/3DFeatNet/feature_extraction_voxelgrid_0.1//eth/gazebo_summer/ --output_dir=/neural_comparison/experiments/3DFeatNet/results_fgr_voxelgrid_0.1/
id;initial_error;final_error;flops;transformation
36535719080030;2.8719654907800902;3.799696879651625;1.0  -0.0  -0.0  -7.561338660852322  -0.0  1.0  0.0  5.0014864807952275  -0.0  -0.0  1.0  3.571816135352104  -0.0  0.0  -0.0  1.0
36535719080061;2.8185456084080336;3.5943359908231582;1.0  -0.0  -0.0  -2.6974969702944653  -0.0  1.0  0.0  3.649753843658222  -0.0  -0.0  1.0  4.7823676210145365  -0.0  0.0  -0.0  1.0
36535719080092;1.9001870719663094;1.1093056274431368;0.6040802345193234  -0.3935648375435191  0.6929601640155238  1.3964188965685984  -0.4344764987285014  0.5663022680016839  0.700379835024375  0.46583887743622693  -0.6680697885069354  -0.7241605208139222  0.171097334224723  3.937444476520786  0.0  -0.0  -0.0  1.0
36535719080123;2.152334886682317;2.1454195948898445;-0.1586388251414417  0.9664867607741424  -0.20183424983398945  3.5151904314350175  -0.9855351117537208  -0.16734897236622417  -0.026736958476083972  -0.21000628931481335  -0.05961767068852899  0.19467322028536793  0.9790546821528386  -2.697577507796891  -0.0  -0.0  -0.0  1.0
36535719080154;3.7084111945439853;2.509189010979185;0.4073318986250527  -0.5295556857994398  -0.744077616919092  7.592175458891718  -0.9079205456530014  -0.14666409277648637  -0.39264478434229505  -0.18228045985613867  0.0987978094072276  0.8355001014527378  -0.540535450575444  -0.7890589985366632  -0.0  0.0  0.0  1.0
36535719080185;2.3222284832250804;4.175947881285486;0.2657757197865845  -0.4605847968088308  -0.8468913222607078  2.131888361365394  0.5673628313506869  0.7849657678390659  -0.24885369380934963  -2.5944870243491565  0.7793989250529252  -0.414355388850432  0.46994353634979613  -11.064526180553816  -0.0  0.0  -0.0  1.0
36535719080216;4.7404660091141455;4.356340445762969;1.0  -0.0  -0.0  -2.5550773257092114  -0.0  1.0  0.0  0.915704518349008  -0.0  -0.0  1.0  -8.037832785272506  -0.0  0.0  -0.0  1.0
36535719080247;2.9917173628249674;3.6235864188040927;1.0  -0.0  -0.0  -1.7245614498891229  -0.0  1.0  0.0  6.278839595202727  -0.0  -0.0  1.0  -1.2172283348406436  -0.0  0.0  -0.0  1.0
36535719080278;1.8936058971638152;3.8087250129509402;1.0  -0.0  -0.0  -2.22612966419229  -0.0  1.0  0.0  5.689857307588139  -0.0  -0.0  1.0  -6.711116074571587  -0.0  0.0  -0.0  1.0
36535719080309;2.0474131250721026;0.9677605232381393;1.0  -0.0  0.0  2.5002201462604052  -0.0  1.0  -0.0  0.5096189652409495  -0.0  0.0  1.0  -1.5612793023869211  -0.0  0.0  -0.0  1.0
36535719080340;2.643359974182583;1.698748866065878;1.0  -0.0  0.0  0.20781298226360922  -0.0  1.0  -0.0  2.0841140660892643  -0.0  0.0  1.0  -3.5446782701191886  -0.0  0.0  -0.0  1.0
36535719080371;4.184735305781556;4.201491554007168;-0.9774109282680936  0.15054344555499138  -0.14833930127425757  2.90606305609206  -0.14137300759152166  -0.9874358610500666  -0.07059810930073764  4.535786781021491  -0.15710362830511274  -0.04803219038043923  0.9864133812254511  -4.606735874211785  0.0  -0.0  -0.0  1.0
36535719080402;2.5739270336253104;0.619254519372406;1.0  -0.0  -0.0  -0.05195955343936687  -0.0  1.0  0.0  1.2020375242405708  -0.0  -0.0  1.0  -0.8034336951001932  -0.0  0.0  -0.0  1.0
36535719080433;2.734748311517099;2.66936260494645;1.0  -0.0  -0.0  -0.10469181604326971  -0.0  1.0  0.0  2.724206686830132  -0.0  -0.0  1.0  -4.6526942069221136  -0.0  0.0  -0.0  1.0
36535719080464;3.7323423107611307;3.71763696418009;1.0  -0.0  0.0  2.733015906161846  -0.0  1.0  -0.0  2.8707276556977104  -0.0  -0.0  1.0  9.395595869656685  -0.0  0.0  -0.0  1.0
36535719080495;4.095283908390811;4.338935552888448;1.0  -0.0  -0.0  -5.879061888620015  -0.0  1.0  0.0  3.5182806853267863  -0.0  -0.0  1.0  -5.24886869938577  -0.0  0.0  -0.0  1.0
36535719080526;2.3278553928468253;2.0906712622555594;1.0  -0.0  -0.0  -2.540691279457765  -0.0  1.0  0.0  2.9989112968212  -0.0  -0.0  1.0  -1.06219355170539  -0.0  0.0  -0.0  1.0
36535719080557;2.2194490343578286;2.169324706111735;1.0  -0.0  -0.0  -2.851175935113254  -0.0  1.0  0.0  0.9366097120333938  -0.0  -0.0  1.0  2.5923235189583695  -0.0  0.0  -0.0  1.0
36535719080588;3.796227498088121;3.0230125868758986;1.0  -0.0  0.0  5.602000659013064  -0.0  1.0  -0.0  -0.8602051453041004  0.0  -0.0  1.0  2.3971503037548807  -0.0  0.0  -0.0  1.0
36535719080619;2.4973131938563013;10.509153066028912;0.7732449640030482  0.3984673502222707  0.49327071314924786  -2.0469315363026426  -0.548827059368495  0.03091109003546181  0.8353642100411947  22.689295493094335  0.3176178278196222  -0.91666148349304  0.242591508778611  7.4229997948340385  -0.0  0.0  -0.0  1.0
36535719080650;2.045757500568744;3.506761968931047;0.1681518691055058  -0.13542543867820772  0.9764143072871989  7.004554923229026  -0.6678705617317038  -0.7441838879716682  0.0118005786108619  -1.900329272082535  0.7250336969331184  -0.654102661240716  -0.21558257552341592  5.7778451474197485  0.0  0.0  0.0  1.0
36535719080681;3.422151150058385;5.723084123379661;1.0  -0.0  -0.0  -10.444054018877331  -0.0  1.0  0.0  12.79146227184727  -0.0  -0.0  1.0  -0.1117961586877998  -0.0  0.0  -0.0  1.0
36535719080712;2.329822326641319;3.732072003898122;1.0  -0.0  -0.0  -3.567388416707736  -0.0  1.0  0.0  1.0343208702207654  -0.0  -0.0  1.0  5.75042737432919  -0.0  0.0  -0.0  1.0
36535719080743;1.5817497009913515;1.6784109255684652;1.0  -0.0  0.0  1.9417347534477272  -0.0  1.0  -0.0  -3.4151512951963965  0.0  0.0  1.0  -0.5322367890369493  -0.0  0.0  -0.0  1.0
36535719080774;4.455523395855616;3.21866305616546;1.0  -0.0  -0.0  -1.7394124815517267  -0.0  1.0  0.0  0.5993893595618418  -0.0  -0.0  1.0  -6.671271522678799  -0.0  0.0  -0.0  1.0
36535719080805;2.6623006804379994;2.480508394632151;0.5199272356525572  0.8267640205029022  -0.21479507449791813  -3.997515536312035  -0.8529622239316698  0.48889679587298196  -0.18285340448203521  -0.8788238937594391  -0.04616399216088034  0.27828254955531617  0.9593892371924773  4.320161526702043  -0.0  -0.0  -0.0  1.0
36535719080836;2.3641851278479833;2.2816368768972857;1.0  -0.0  0.0  4.89408071161623  -0.0  1.0  -0.0  3.212743707303721  -0.0  0.0  1.0  -0.08397529512093937  -0.0  0.0  -0.0  1.0
36535719080867;2.3245937370798613;2.7464301174891497;1.0  -0.0  -0.0  -0.4718291538838466  -0.0  1.0  0.0  2.7119049132607618  -0.0  -0.0  1.0  -4.8661325199566665  -0.0  0.0  -0.0  1.0
36535719080898;1.1108467191895781;3.7278435249784154;1.0  -0.0  0.0  1.107112448596582  -0.0  1.0  -0.0  0.3388965859394917  -0.0  -0.0  1.0  7.463067697911381  -0.0  0.0  -0.0  1.0
36535719080929;3.0133446968971027;1.2780777753483903;1.0  -0.0  0.0  0.6650507980854354  -0.0  1.0  -0.0  -2.06770936046696  0.0  -0.0  1.0  0.9423980141436793  -0.0  0.0  -0.0  1.0
36535719080960;4.172447019856412;3.13086419009818;1.0  -0.0  -0.0  -2.4776345225724725  -0.0  1.0  0.0  2.010410419564215  -0.0  -0.0  1.0  -7.229913277732878  -0.0  0.0  -0.0  1.0
36535719080991;2.0023267432930947;4.755962192979526;1.0  -0.0  0.0  8.396244836344307  -0.0  1.0  -0.0  3.0546140578212975  -0.0  -0.0  1.0  6.309924988116265  -0.0  0.0  -0.0  1.0
36535719081022;5.2049478600741095;4.876513705369403;-0.9470751209354094  0.10088148584504816  0.3047484882962919  -2.7353571823945786  -0.18596623160454512  0.6013897754832862  -0.7770115177054758  4.2228774803872176  -0.2616587013802217  -0.7925612050547622  -0.5508007445838815  -4.097528117529052  0.0  0.0  -0.0  1.0
36535719081053;2.759339837400279;3.992205332181242;1.0  -0.0  -0.0  -3.491921114847488  -0.0  1.0  0.0  6.219588454977783  -0.0  -0.0  1.0  -1.5441541263111187  -0.0  0.0  -0.0  1.0
36535719081084;2.627616704218367;3.600853379962767;1.0  -0.0  0.0  5.86384930759675  -0.0  1.0  -0.0  3.906567005537526  -0.0  -0.0  1.0  3.5411064114108513  -0.0  0.0  -0.0  1.0
36535719081115;3.3642234081663633;2.6831392670334115;1.0  -0.0  0.0  5.704773114565526  -0.0  1.0  -0.0  0.2205664673885792  -0.0  -0.0  1.0  3.848911028974201  -0.0  0.0  -0.0  1.0
36535719081146;2.4293434851076756;2.921075095253136;-0.8396620163069809  0.13030781664443306  -0.5272452667332862  5.423408260047959  0.19402151702102982  0.9786994913969591  -0.06710407194942128  -0.43737597137769246  0.5072704892896416  -0.1586416668492091  -0.8470593085700396  5.026502272963584  0.0  0.0  0.0  1.0
36535719081177;3.5423989428844522;4.705959136988962;-0.01197279777985629  -0.9682565410125443  0.24967163014597346  2.7804316431835563  0.999367141576427  -0.0032229148327691027  0.03542497928499668  -2.878367063533464  -0.033495797507812945  0.24993775946504299  0.9676823590119383  12.113625178536823  -0.0  -0.0  -0.0  1.0
36535719081208;2.4968567701157345;3.6196494566101816;1.0  -0.0  0.0  -2.838914342766877  -0.0  1.0  -0.0  -0.4729217692285106  0.0  -0.0  1.0  7.571040393364838  -0.0  0.0  -0.0  1.0
36535719081239;2.6254413723760552;2.524897808552443;1.0  -0.0  -0.0  -5.868926179838717  -0.0  1.0  0.0  0.550037446818548  -0.0  -0.0  1.0  -0.22350029046908704  -0.0  0.0  -0.0  1.0
36535719081270;4.852975213123584;5.015831116095711;1.0  -0.0  0.0  0.42438830934956595  -0.0  1.0  -0.0  -0.8672078366542921  0.0  0.0  1.0  -9.215170258395094  -0.0  0.0  -0.0  1.0
36535719081301;1.4134837583742463;2.136169420531228;1.0  -0.0  0.0  -1.4619139252004612  -0.0  1.0  -0.0  -1.9901259917221448  0.0  -0.0  1.0  -3.9733282050679506  -0.0  0.0  -0.0  1.0
36535719081332;2.6207414559357245;0.7724163781906587;1.0  -0.0  0.0  1.4635330069851862  -0.0  1.0  -0.0  0.7997509844393105  -0.0  0.0  1.0  -0.2826368023786223  -0.0  0.0  -0.0  1.0
36535719081363;4.7790429741920475;6.755736726416535;1.0  -0.0  0.0  10.731886555095613  -0.0  1.0  -0.0  -8.455256264282443  0.0  0.0  1.0  -0.8120509810815149  -0.0  0.0  -0.0  1.0
36535719081394;1.4663573651430153;1.8617570151302616;1.0  -0.0  0.0  -0.5014494411339152  -0.0  1.0  -0.0  -1.9691782722775502  0.0  -0.0  1.0  3.1648897498005257  -0.0  0.0  -0.0  1.0
36535719081425;2.332117443040167;2.942591174225313;0.9033002560239225  -0.3759491956287166  -0.20666603439664846  1.434127510090889  0.12849440483840446  0.6967034634286737  -0.7057573747200341  2.792161040047681  0.40931385927224584  0.6109553881852683  0.6776397850296633  6.50015831741561  -0.0  0.0  -0.0  1.0
36535719081456;3.9542146055036578;2.464982028790038;1.0  -0.0  -0.0  -0.5492389173893635  -0.0  1.0  0.0  4.908498097278116  -0.0  -0.0  1.0  -3.951776310286678  -0.0  0.0  -0.0  1.0
36535719081487;3.3533169379046845;2.5297188795060577;1.0  -0.0  0.0  1.6957365548838705  -0.0  1.0  -0.0  0.7892748350152241  -0.0  -0.0  1.0  5.606364289211513  -0.0  0.0  -0.0  1.0
36535719081518;3.0920879439740774;3.194321298960837;-0.3236909210505438  -0.9120607651937482  0.25173269200413073  -0.43381048469488703  0.8945132418709522  -0.3816935359914914  -0.23271464221194604  -7.485761816260245  0.3083346359833291  0.14985060952998425  0.9394011640808843  3.912446583101294  -0.0  0.0  -0.0  1.0
36535719081549;1.5294161413651834;2.0740742233880556;0.705517300002951  0.30897178615282295  -0.6377944612162144  3.119155044380698  -0.5400859432128692  0.8171085840790914  -0.20159547556462773  4.333897460382298  0.458860014972336  0.48669291877507037  0.7433555605992266  2.287626526213339  -0.0  0.0  -0.0  1.0
36535719081580;3.0692450464075005;2.9565600876144047;1.0  -0.0  -0.0  -1.3892793728500827  -0.0  1.0  0.0  5.725105712768732  -0.0  -0.0  1.0  3.7499271240176686  -0.0  0.0  -0.0  1.0
36535719081611;4.067373545893354;5.864718718200176;0.6290175229387134  0.748608113167992  -0.20957778683606523  -3.5793251780526747  -0.753579473485338  0.5209613427715257  -0.4008955680464034  11.091013438417953  -0.19093174952742792  0.4101038554278013  0.8918295211449595  8.708071484225611  -0.0  -0.0  -0.0  1.0
36535719081642;1.8617882493278746;2.174708975889987;1.0  -0.0  0.0  3.8705454553906655  -0.0  1.0  -0.0  0.9499590193591336  -0.0  0.0  1.0  -0.17000458893688708  -0.0  0.0  -0.0  1.0
36535719081673;1.5998785025075408;1.3649619367491226;1.0  -0.0  -0.0  -2.2304190860401327  -0.0  1.0  0.0  1.2216304749741038  -0.0  -0.0  1.0  -2.408643138993349  -0.0  0.0  -0.0  1.0
36535719081704;1.9756325052656099;3.1558754899008554;1.0  -0.0  0.0  -4.421693472615914  -0.0  1.0  -0.0  -3.5091442256601564  0.0  -0.0  1.0  2.179113775189823  -0.0  0.0  -0.0  1.0
36535719081735;3.6039393451346733;3.704497932822288;1.0  -0.0  -0.0  -10.290258209861632  -0.0  1.0  0.0  4.110804544430968  -0.0  -0.0  1.0  3.3045815140456467  -0.0  0.0  -0.0  1.0
36535719081766;4.290345428514503;4.0535635592978405;1.0  -0.0  0.0  8.8812240403677  -0.0  1.0  -0.0  -0.7332668925809394  0.0  -0.0  1.0  3.2050519783088514  -0.0  0.0  -0.0  1.0
36535719081797;3.80649089162507;5.371311562520661;1.0  -0.0  0.0  2.7283815268647897  -0.0  1.0  -0.0  6.7810556324701095  -0.0  -0.0  1.0  6.924333883839223  -0.0  0.0  -0.0  1.0
36535719081828;1.9802991795936433;1.9923220649906288;0.16133282642948707  -0.9836821191302252  0.07963169984209285  -2.3024161390594067  0.9764074280340116  0.17083190040253277  0.13207950743723948  -1.9508275964726927  -0.14352788438584876  0.056444222984529654  0.9880353212792523  1.982835049651046  -0.0  -0.0  -0.0  1.0
36535719081859;4.6068693402346454;4.830920540809937;1.0  -0.0  0.0  7.074375677741571  -0.0  1.0  -0.0  4.1488276970430675  -0.0  0.0  1.0  -3.275902401899773  -0.0  0.0  -0.0  1.0
36535719081890;4.508629332811153;6.407100866453862;1.0  -0.0  0.0  -12.246410008641499  -0.0  1.0  -0.0  -3.986363041640112  0.0  -0.0  1.0  1.2911720918173775  -0.0  0.0  -0.0  1.0
36535719081921;2.2999981710951882;4.128677846121971;1.0  -0.0  0.0  -1.4175694687229092  -0.0  1.0  -0.0  -6.817972965322758  0.0  -0.0  1.0  3.163001692448246  -0.0  0.0  -0.0  1.0
36535719081952;1.2152378562390587;2.4559137829425657;0.5042426169353982  -0.7578425036064766  -0.4140218870948836  5.618510918422286  0.34773739200714887  0.6170366753679624  -0.7059351581065488  5.737155500757008  0.7904543563458978  0.21199170025809758  0.5746663636889435  0.024746087607297785  -0.0  0.0  -0.0  1.0
36535719081983;1.4321260052918148;1.694742985932443;1.0  -0.0  -0.0  -0.13281933372701982  -0.0  1.0  0.0  3.7023864719764523  -0.0  -0.0  1.0  -0.2224817268876249  -0.0  0.0  -0.0  1.0
36535719082014;2.1446172376713286;1.8170478279664803;1.0  -0.0  0.0  2.965596459322106  -0.0  1.0  -0.0  -1.818782115618236  0.0  0.0  1.0  -1.5740437997403163  -0.0  0.0  -0.0  1.0
36535719082045;1.9741406690068724;1.9729367679898588;0.5222910304788447  -0.8516689368435837  -0.04326778821557334  0.7035478389136115  0.843119365903099  0.5233274985455981  -0.12360446636414063  -5.516582474401454  0.12791330783192284  0.028077593944770957  0.991387832484224  2.476790826684123  -0.0  0.0  -0.0  1.0
36535719082076;2.7263856166451443;2.403987912612597;-0.8741850815702329  0.3040331629548217  -0.37863475670325786  8.265856885451056  -0.29636580875118956  -0.9517213026916213  -0.07996167460864663  -4.738840476755756  -0.38466576474038033  0.04231309285141851  0.9220855988518895  2.0807419557712796  -0.0  -0.0  -0.0  1.0
36535719082107;1.536577084651521;1.6185283298115138;1.0  -0.0  0.0  0.7054819747634524  -0.0  1.0  -0.0  3.402735174723917  -0.0  -0.0  1.0  0.18327867535807107  -0.0  0.0  -0.0  1.0
36535719082138;2.448192473659257;2.4848503904193255;1.0  -0.0  -0.0  -5.185442593146354  -0.0  1.0  0.0  4.918923341214827  -0.0  -0.0  1.0  0.5701397833649948  -0.0  0.0  -0.0  1.0
36535719082169;2.751939271344588;3.686441997658849;0.9013339798102629  -0.43312394083166095  -0.0008418538132646243  -6.3182423690110125  0.28992510905711927  0.6047779154740835  -0.7417459835368432  0.9201740787597313  0.32177707807985345  0.6683167847909196  0.6706803912364802  7.94369724288581  -0.0  0.0  -0.0  1.0
36535719082200;3.495996902324403;5.228457721862642;1.0  -0.0  0.0  7.797595080376901  -0.0  1.0  -0.0  7.931182836448574  -0.0  -0.0  1.0  5.61388462480761  -0.0  0.0  -0.0  1.0
36535719082231;4.028218031238248;5.61586670418789;1.0  -0.0  0.0  1.261109376003538  -0.0  1.0  -0.0  0.4438943999294418  -0.0  -0.0  1.0  11.26596435770221  -0.0  0.0  -0.0  1.0
36535719082262;2.352339194995012;4.036255550881697;0.7804440888883234  -0.48228086034519557  -0.3978846514556372  -8.319218562314793  0.6248072858550082  0.6248838773994411  0.4681196378157383  2.4097955757006293  0.0228665620890679  -0.6139424333851984  0.7890195237301083  7.50833462575885  -0.0  -0.0  -0.0  1.0
36535719082293;4.915635355433878;6.459854708311018;1.0  -0.0  0.0  6.845040975397298  -0.0  1.0  -0.0  1.285765676970911  -0.0  -0.0  1.0  9.586262839778113  -0.0  0.0  -0.0  1.0
36535719082324;2.6136203318699214;3.9144782692030224;1.0  -0.0  0.0  -6.247551582070278  -0.0  1.0  -0.0  -1.9352508580298982  0.0  -0.0  1.0  -3.6817001344506695  -0.0  0.0  -0.0  1.0
36535719082355;2.6932219088290648;3.3528725320999397;1.0  -0.0  -0.0  -0.07703326195413474  -0.0  1.0  0.0  0.023640749415293705  -0.0  -0.0  1.0  6.284381452357021  -0.0  0.0  -0.0  1.0
36535719082386;4.785475193293865;4.646956034880773;1.0  -0.0  0.0  3.681190573688661  -0.0  1.0  -0.0  3.0498118834665964  -0.0  0.0  1.0  -8.77336813043874  -0.0  0.0  -0.0  1.0
36535719082417;2.477038884971137;1.2610502910931376;1.0  -0.0  0.0  -0.3649796717986333  -0.0  1.0  -0.0  -2.954014268529031  0.0  -0.0  1.0  2.5757779952269626  -0.0  0.0  -0.0  1.0
36535719082448;2.815184467780424;4.325930497133242;1.0  -0.0  -0.0  -5.863693449075891  -0.0  1.0  0.0  7.042128343002185  -0.0  -0.0  1.0  -1.5918836300103716  -0.0  0.0  -0.0  1.0
36535719082479;3.430440585461284;6.066202423717524;0.918443865625149  -0.07648590988773829  0.3880860359304082  -4.389442187530166  0.3920182069146777  0.045166930326351815  -0.9188480145553427  8.6617590268981  0.052750271496308516  0.9960471143442661  0.07146715933578525  12.033206082906483  -0.0  0.0  -0.0  1.0
36535719082510;3.752685809770862;5.361611676799901;1.0  -0.0  -0.0  -1.0290145126647543  -0.0  1.0  0.0  8.944743548019119  -0.0  -0.0  1.0  3.8729931535656403  -0.0  0.0  -0.0  1.0
36535719082541;1.6713742885955687;2.1541822849821606;0.5691478552321464  -0.8222272349155051  -0.003618431683976391  1.2127660953370378  0.8221128516804513  0.5689817446447146  0.019754325169282907  1.953798327460223  -0.014183722589134602  -0.014217890991980548  0.9997983164565016  -3.1830075044436406  -0.0  0.0  -0.0  1.0
36535719082572;5.705872389959219;4.374086467435122;-0.048176824919236326  -0.06491710089860064  -0.9967270255950829  9.127138130763589  0.949672306015171  -0.3121998543233818  -0.02556877291321116  -11.726958333401415  -0.30951818157990263  -0.9477958751605636  0.07669077063174241  -0.44989737500461724  0.0  0.0  -0.0  1.0
36535719082603;3.111669804062568;2.36302485584586;1.0  -0.0  -0.0  -0.09796087142514343  -0.0  1.0  0.0  3.8194130532474118  -0.0  -0.0  1.0  2.111170239397364  -0.0  0.0  -0.0  1.0
36535719082634;4.355140868473985;3.939194122809294;0.7197078165343864  -0.04173536627425748  0.6930215133899231  3.160844907008532  -0.201611234781916  0.9426143447488878  0.26614114128284494  -6.679479957902289  -0.6643595177530126  -0.3312647827276202  0.6699925931645864  2.97891281609011  0.0  -0.0  -0.0  1.0
36535719082665;2.7201030154491477;2.0824290544165134;0.6088354372119809  -0.7471100267350524  -0.2667321097034317  5.066053919484991  0.29949198507882036  0.5278210790033695  -0.7948015220375881  1.5511538409516727  0.7345910163270737  0.40401920314716105  0.5451096423838871  2.4603608788004756  -0.0  0.0  -0.0  1.0
36535719082696;3.2991237738734345;3.8404316589955068;1.0  -0.0  0.0  6.2100069083107545  -0.0  1.0  -0.0  -0.7244054672466103  0.0  -0.0  1.0  2.8055284766313626  -0.0  0.0  -0.0  1.0
36535719082727;1.2878238866021425;4.272868914741165;1.0  -0.0  0.0  0.2568758240647167  -0.0  1.0  -0.0  11.21130768094142  -0.0  -0.0  1.0  7.219798564001075  -0.0  0.0  -0.0  1.0
36535719082758;3.2221881761895412;2.754462893620427;0.20251346831936876  0.977744571337951  0.05480737512805089  6.913580171996105  -0.9130376814035914  0.16828449862851658  0.37154073781821256  2.3731307602913954  0.35404870778808595  -0.1252832021482347  0.9267975139009978  2.9548859927630176  -0.0  0.0  -0.0  1.0
36535719082789;4.375691271181936;5.382060443461599;1.0  -0.0  -0.0  -10.247058129131275  -0.0  1.0  0.0  2.9576123693444325  -0.0  -0.0  1.0  -3.7641056743478005  -0.0  0.0  -0.0  1.0
36535719082820;2.9711958970592893;2.67488298152366;1.0  -0.0  -0.0  -2.174705003846389  -0.0  1.0  0.0  0.29220100510971525  -0.0  -0.0  1.0  -4.388513751089304  -0.0  0.0  -0.0  1.0
36535719082851;3.748982682712409;5.3751700750654825;0.7279504517464682  0.6648109296060153  0.16767399225431343  -1.2238241405761814  0.04424418210827596  0.1984962141211281  -0.9791024999095599  11.373946503703992  -0.6842006958135036  0.7201567057633822  0.115081392902378  0.9286730328988663  -0.0  -0.0  -0.0  1.0
36535719082882;4.963661102647681;3.9421180357210464;1.0  -0.0  0.0  -1.954511939089389  -0.0  1.0  -0.0  -1.344570841701028  0.0  -0.0  1.0  -7.301314841413031  -0.0  0.0  -0.0  1.0
36535719082913;2.817358654932551;1.2287639721591592;1.0  -0.0  -0.0  -1.0320513078850917  -0.0  1.0  0.0  0.785707790182208  -0.0  -0.0  1.0  -2.357711314535184  -0.0  0.0  -0.0  1.0
36535719082944;2.334751411184137;3.2353640880046997;1.0  -0.0  0.0  3.8366751640153414  -0.0  1.0  -0.0  3.8399526135834594  -0.0  -0.0  1.0  3.457295230286758  -0.0  0.0  -0.0  1.0
36535719082975;3.599500676289258;3.945186669875728;0.8139987657866761  -0.3911069745334744  -0.42946634765606617  -6.592110406186402  0.5766354715623707  0.6331633390927566  0.5163290801077856  1.7423555167334683  0.06998244232527831  -0.6679367638483312  0.740920331254318  4.484270142623695  -0.0  -0.0  -0.0  1.0
36535719083006;4.488115034885534;3.791883008452747;1.0  -0.0  -0.0  -4.753680433782431  -0.0  1.0  0.0  4.385610029657935  -0.0  -0.0  1.0  2.558626089554461  -0.0  0.0  -0.0  1.0
36535719083037;2.300426924388642;2.010860500566287;1.0  -0.0  -0.0  -1.961323391852503  -0.0  1.0  0.0  1.8308610811084056  -0.0  -0.0  1.0  2.5310388717235606  -0.0  0.0  -0.0  1.0
36535719083068;5.209340635066207;5.211974243729959;0.5098744732441042  0.8602234102230529  -0.006611054247975993  -3.7695712669096935  -0.8599639678191878  0.5094928406109632  -0.029648261649695758  0.9503316659444478  -0.022135843935252184  0.0208021602337993  0.9995385307945268  7.498701890551191  -0.0  -0.0  -0.0  1.0
36535719083099;3.2857786138404523;4.9808180771562025;1.0  -0.0  0.0  -0.7626685205163044  -0.0  1.0  -0.0  -8.326353271681523  0.0  -0.0  1.0  6.296526370974458  -0.0  0.0  -0.0  1.0
