# fast_global_benchmark.py --distance_metric=euclidean --decrease_mu=True --division_factor=1.4 --iteration_number=150 --maximum_correspondence_distance=0.05 --maximum_tuple_count=1000 --tuple_scale=0.95 --tuple_test=True --use_absolute_scale=False --input_txt=/neural_comparison/point_clouds_registration_benchmark//eth/hauptgebaude_global.txt --input_pcd_dir=/neural_comparison/point_clouds_registration_benchmark//eth/hauptgebaude/ --input_features_dir=/neural_comparison/experiments/3DFeatNet/feature_extraction_voxelgrid_0.1//eth/hauptgebaude/ --output_dir=/neural_comparison/experiments/3DFeatNet/results_fgr_voxelgrid_0.1/
id;initial_error;final_error;transformation
3394309160030;3.936759879304484;2.3621719303019852;-0.24194383799634853  -0.9701683621095984  0.015379480393626051  12.684698147366477  0.9676997918597866  -0.24242503913821106  -0.06918969022449774  -5.254613842180682  0.07085401957632127  -0.0018572992268698022  0.9974849664779207  0.7272754226660317  -0.0  0.0  -0.0  1.0
3394309160061;3.7772892530728184;4.3804505301633085;1.0  -0.0  -0.0  -5.956125631241296  -0.0  1.0  0.0  4.864175640148438  -0.0  -0.0  1.0  -8.740816397414541  -0.0  0.0  -0.0  1.0
3394309160092;3.061336083217481;4.227978682488075;0.14533139744752901  0.8363516924824596  -0.5285779331353834  9.80582414284573  0.09506234874565375  0.5199743079517168  0.8488756498575586  8.308393130425886  0.9848055314461368  -0.17361614427195163  -0.003936963453350109  -12.738047601400153  -0.0  0.0  0.0  1.0
3394309160123;1.9832381539954238;1.7236883584761529;1.0  -0.0  0.0  -0.8716705238532931  -0.0  1.0  -0.0  -1.0135702294993867  0.0  -0.0  1.0  4.290518112648807  -0.0  0.0  -0.0  1.0
3394309160154;1.9207102010338835;5.207881469905886;1.0  -0.0  0.0  11.264331731193083  -0.0  1.0  -0.0  4.95505985636059  -0.0  -0.0  1.0  6.212021298124788  -0.0  0.0  -0.0  1.0
3394309160185;2.640555800877831;3.714317487692345;1.0  -0.0  0.0  3.255829329881456  -0.0  1.0  -0.0  6.857524494391854  -0.0  -0.0  1.0  6.643575930288282  -0.0  0.0  -0.0  1.0
3394309160216;2.7201455624554285;2.717359808001089;0.19465264497735663  0.8434981673197404  0.5006208041337846  13.57629656867676  -0.9690288492735245  0.2444428421252865  -0.03508256275334243  7.413654851240074  -0.1519652495768328  -0.4782870881196259  0.8649555042076434  -3.114906736435339  0.0  -0.0  -0.0  1.0
3394309160247;2.5310221937667676;2.471328952708799;1.0  -0.0  0.0  5.030513452522607  -0.0  1.0  -0.0  4.289015980232783  -0.0  -0.0  1.0  0.4712048039118173  -0.0  0.0  -0.0  1.0
3394309160278;1.96744994252244;5.300625826711472;1.0  -0.0  -0.0  -3.2045607239222225  -0.0  1.0  0.0  9.422730584868379  -0.0  -0.0  1.0  10.459393772170165  -0.0  0.0  -0.0  1.0
3394309160309;1.4697744642858348;2.526282711011611;1.0  -0.0  -0.0  -4.598334230659788  -0.0  1.0  0.0  4.65686218297049  -0.0  -0.0  1.0  -1.4356354389510475  -0.0  0.0  -0.0  1.0
3394309160340;3.1108095863624285;3.1073626101268013;0.5484921462688768  0.5046867661233453  0.6666690585150326  -3.3019880846495813  -0.8343832886696502  0.2784714145315479  0.4756660581517423  8.188803933064145  0.0544140888941453  -0.8171566186409787  0.5738415874969865  1.8110711966293758  -0.0  0.0  -0.0  1.0
3394309160371;4.078910422747308;2.6514608191887588;1.0  -0.0  0.0  5.781860198567323  -0.0  1.0  -0.0  -1.5862001120462041  0.0  0.0  1.0  -3.4411106204713517  -0.0  0.0  -0.0  1.0
3394309160402;3.021814741136945;3.4934798127631344;1.0  -0.0  -0.0  -8.342563141263149  -0.0  1.0  0.0  2.9758942504084254  -0.0  -0.0  1.0  -3.39580009654399  -0.0  0.0  -0.0  1.0
3394309160433;1.3594709122664788;1.5871427663642979;0.34947342160594563  -0.8809003203301645  -0.31919109203304347  10.082325749100608  0.9207425603396722  0.3859698193058685  -0.05710022910759627  -12.16317863944544  0.17349773822784287  -0.2739378108754049  0.9459686097342843  -5.247253865896748  -0.0  0.0  -0.0  1.0
3394309160464;1.5447184908495197;3.428161401494806;0.5535849337673753  -0.6424132419720991  0.529951835212096  -5.148144938007613  0.7879587773746433  0.6100233784473729  -0.08362082818239146  -3.1938763987741137  -0.26956388160142775  0.4638714307720938  0.8438949042679557  1.5742873294506208  -0.0  -0.0  -0.0  1.0
3394309160495;2.78060091011266;7.9193003765891055;1.0  -0.0  -0.0  -0.5515563359824887  -0.0  1.0  0.0  20.414325009744182  -0.0  -0.0  1.0  5.3387738700519  -0.0  0.0  -0.0  1.0
3394309160526;1.34399863829473;1.424818163402;1.0  -0.0  -0.0  -0.4671102269822853  -0.0  1.0  0.0  1.310804332143583  -0.0  -0.0  1.0  3.658169652331733  -0.0  0.0  -0.0  1.0
3394309160557;2.19301441794297;1.7516439986924046;0.7609383435413809  0.5595335159575591  0.32847386783224014  1.3591346630614534  -0.5082684459217933  0.8287308343725018  -0.23424002868959354  6.43952457245302  -0.40328156938886367  0.011289317093131739  0.9150062989459825  6.833758649009075  -0.0  -0.0  -0.0  1.0
3394309160588;3.3552539819811384;3.054274534714233;-0.29770094159658134  -0.9371838595807787  -0.18182563821910583  15.416809971585682  0.7590763299615493  -0.34788097419020675  0.5502562612897541  -15.378019076189714  -0.5789449668704401  0.025792268953098958  0.814958578209737  1.447969049447205  0.0  0.0  -0.0  1.0
3394309160619;3.0056203551742433;3.0976845037157688;-0.29938173571941235  0.8682459355505902  0.3956255448242843  4.840727242515793  -0.7915172588227516  -0.4575412565185261  0.4051622237686586  1.286424474750805  0.5327954629155071  -0.1918462769597769  0.8242111384307558  -9.256864723562087  0.0  0.0  -0.0  1.0
3394309160650;2.0651927868102353;5.929606749855484;1.0  -0.0  -0.0  -8.656916137005187  -0.0  1.0  0.0  12.823755562561542  -0.0  -0.0  1.0  4.633757825657631  -0.0  0.0  -0.0  1.0
3394309160681;2.0883872688177947;2.0829341155908283;0.7085273192693335  -0.49909490424528247  0.49889208693404113  -2.3189903785059673  0.39672297747273194  0.8663809717737712  0.3033065955324855  1.4427107061374542  -0.5836093873424066  -0.016979054883282624  0.8118570038504876  0.48776101564857116  0.0  -0.0  -0.0  1.0
3394309160712;2.2055221376060135;2.2864177123161418;0.6589310147263118  0.7459207852975362  0.09701597751329703  4.499704245082229  -0.7110853116043344  0.6597673571127136  -0.24303233140689517  8.985882703110892  -0.2452908425773766  0.09115490414460599  0.9651544881510254  9.049033178468854  -0.0  -0.0  -0.0  1.0
3394309160743;2.1472367397073575;7.206294780257737;0.7885846782262015  0.04736523143154253  -0.6130992905870267  2.5303357217033158  0.31164390927299945  0.828719509408886  0.4648677753277128  10.334540968973  0.5301059130776803  -0.5576562647155785  0.6387544217800359  9.748935076905386  -0.0  -0.0  -0.0  1.0
3394309160774;3.3639630831655443;4.535364796550913;-0.00454127936615528  -0.6119499098133449  0.7908834836188943  11.117817800619667  -0.4560137916063595  0.7051373731583056  0.5429849968831504  12.579192440914813  -0.8899611219859609  -0.3581879295214203  -0.28225982445018166  5.4742166902756475  0.0  0.0  -0.0  1.0
3394309160805;1.324119052607352;4.999593665854459;1.0  -0.0  -0.0  -12.166811865809949  -0.0  1.0  0.0  4.19548949532307  -0.0  -0.0  1.0  4.099759890970219  -0.0  0.0  -0.0  1.0
3394309160836;1.3305106697980524;1.226520632705449;1.0  -0.0  -0.0  -1.1722457414740894  -0.0  1.0  0.0  1.5689564510036398  -0.0  -0.0  1.0  -2.6613256334077846  -0.0  0.0  -0.0  1.0
3394309160867;3.084620563102242;3.0088907888121432;-0.15338972996518757  -0.7907221775237637  0.5926466305592951  26.188906488382656  0.9877640417590055  -0.10559160449005833  0.11477199514310543  -19.84588431657772  -0.02817425330192045  0.602999876478671  0.7972436016786745  -3.9783299106113335  -0.0  -0.0  -0.0  1.0
3394309160898;2.141076967332666;4.26586479363277;1.0  -0.0  0.0  3.5173246986495474  -0.0  1.0  -0.0  8.389805803891011  -0.0  -0.0  1.0  6.937539996701402  -0.0  0.0  -0.0  1.0
3394309160929;4.439440389033587;3.535301808515292;0.731041523983594  0.67917956264763  0.06552413214623792  4.938770291838524  -0.6794936494903323  0.7158836571081896  0.160620577099302  9.570296073845485  0.06218255795682413  -0.16194354314753204  0.9848388793700062  -9.254911302380458  -0.0  0.0  -0.0  1.0
3394309160960;2.4847882689820464;4.781859796565693;1.0  -0.0  -0.0  -1.5515767728768406  -0.0  1.0  0.0  7.741505606264932  -0.0  -0.0  1.0  10.065477505289259  -0.0  0.0  -0.0  1.0
3394309160991;2.9477521292476965;6.334249000468752;0.1295406292061781  -0.6772952485218842  0.7242170749951615  -0.907954560447397  -0.6612688486827537  0.48523374797956514  0.5720766728188543  16.515275164785546  -0.7388793779411178  -0.5530093635295721  -0.38501676418302166  18.177588860989164  0.0  0.0  -0.0  1.0
3394309161022;4.019397668082857;2.8564765801153995;0.5642850821733576  -0.809554787920765  0.16187461626570807  8.84479152670065  0.812957812925018  0.5790271393402713  0.061864095496449466  -8.135061593105567  -0.14381217069767524  0.09668824779665215  0.9848702667342715  -3.6532691746872734  -0.0  -0.0  -0.0  1.0
3394309161053;2.8365870008578016;6.014224509802289;-0.512726297637029  0.7988999698869699  -0.3144369282161693  36.354293616273765  0.8585448189081869  0.47558759121373245  -0.1916174235538836  -2.9714756239151248  -0.0035408526280433935  -0.36820548773492606  -0.9297376948174936  3.4928114930257994  0.0  -0.0  0.0  1.0
3394309161084;1.9084522891745812;4.675825835804291;1.0  -0.0  -0.0  -1.8954093879384146  -0.0  1.0  0.0  12.395242127691434  -0.0  -0.0  1.0  0.04995667714453855  -0.0  0.0  -0.0  1.0
3394309161115;2.6459747141640655;3.6662316297870503;1.0  -0.0  -0.0  -2.116313570368992  -0.0  1.0  0.0  9.367067745587017  -0.0  -0.0  1.0  1.5349203333361259  -0.0  0.0  -0.0  1.0
3394309161146;1.4245283483443059;1.9239833641985011;-0.12380865260906546  0.9465608725352949  0.2978152650962453  0.5960084464054765  -0.9906525651281718  -0.10058537329921469  -0.09214161862714321  4.506027842778394  -0.057261791310612764  -0.3064393859533669  0.9501662959674072  1.348393329366643  0.0  -0.0  -0.0  1.0
3394309161177;1.4359728733692718;3.133756816865812;0.7512514758726845  -0.6385930745602528  0.16679360036523133  -5.092078009377247  0.6557498913837627  0.7508554621517292  -0.0787918454352823  4.111896490247119  -0.0749219590593936  0.1685673754929941  0.9828386133898611  2.2278093031434114  -0.0  -0.0  -0.0  1.0
3394309161208;3.0244753449661483;2.554369740273743;1.0  -0.0  0.0  0.7031958483255298  -0.0  1.0  -0.0  4.416799916123875  -0.0  0.0  1.0  -5.230081921111863  -0.0  0.0  -0.0  1.0
3394309161239;2.9239237120023964;4.157735687904316;1.0  -0.0  0.0  3.37556740281225  -0.0  1.0  -0.0  6.683045248431164  -0.0  0.0  1.0  -7.862934566627208  -0.0  0.0  -0.0  1.0
3394309161270;1.0304885640464179;5.5938059713713475;0.3212719543145508  -0.4525808959254618  0.8318382438997474  14.975009588930742  0.4149137237159146  0.8568766333982132  0.30595593965200046  -1.9060588152943065  -0.8512525672461155  0.24684604063960858  0.46307245542943504  5.69097170326151  -0.0  -0.0  -0.0  1.0
3394309161301;2.0398930971718565;3.2029219675499614;1.0  -0.0  0.0  5.845176150628131  -0.0  1.0  -0.0  4.018349132497236  -0.0  0.0  1.0  -3.1218884147808694  -0.0  0.0  -0.0  1.0
3394309161332;2.256914975873143;1.0941118306747788;0.9948335360973989  0.06133601402632828  -0.0808957899974227  -2.2953013332094625  -0.04029524071657361  0.969962044136645  0.239895657546887  1.1379492714628583  0.09318008924410033  -0.2353965299608764  0.9674223196985067  -1.8994196282578788  -0.0  -0.0  -0.0  1.0
3394309161363;3.66917130522765;4.6162834160138075;0.9612340617714579  0.10813526790485596  -0.2536451109828262  7.308679546619311  -0.24672230582027022  0.7480364847350538  -0.6160921370346756  15.006342536093038  0.12311450889750537  0.6547886539490209  0.7457175312130971  -0.8305933958553089  -0.0  0.0  -0.0  1.0
3394309161394;2.752686316258313;2.2310063804704345;1.0  -0.0  0.0  5.164076658821719  -0.0  1.0  -0.0  -0.23964120561375601  0.0  0.0  1.0  -2.2201496228088677  -0.0  0.0  -0.0  1.0
3394309161425;1.9040075588087033;3.005124186310825;1.0  -0.0  0.0  4.002245542015103  -0.0  1.0  -0.0  6.217158650905002  -0.0  -0.0  1.0  2.8538514438233253  -0.0  0.0  -0.0  1.0
3394309161456;1.9884497529698029;5.054981446036321;1.0  -0.0  0.0  8.731831683535711  -0.0  1.0  -0.0  8.533245742550646  -0.0  -0.0  1.0  5.109096433117148  -0.0  0.0  -0.0  1.0
3394309161487;2.3504147878262693;4.130712532731123;1.0  -0.0  -0.0  -9.738811844832505  -0.0  1.0  0.0  4.226180047443876  -0.0  -0.0  1.0  -1.4159764736998222  -0.0  0.0  -0.0  1.0
3394309161518;2.2062122654647958;1.550149161369153;1.0  -0.0  0.0  -2.211207886517948  -0.0  1.0  -0.0  -3.155545381653554  0.0  -0.0  1.0  -0.7881087266116884  -0.0  0.0  -0.0  1.0
3394309161549;1.3852236987168691;3.614374207447388;1.0  -0.0  0.0  5.569521779629867  -0.0  1.0  -0.0  5.559792158090483  -0.0  0.0  1.0  -5.205733460127837  -0.0  0.0  -0.0  1.0
3394309161580;2.2986137988137836;3.476420085189596;1.0  -0.0  0.0  6.151918668627095  -0.0  1.0  -0.0  6.885666761623233  -0.0  -0.0  1.0  1.9622804535721765  -0.0  0.0  -0.0  1.0
3394309161611;3.407144086678155;3.4402062759894263;-0.7589348782137045  0.5791179376863862  -0.29772514989603616  20.978502932744554  -0.6217159323438592  -0.7803833239094929  0.06686678722487638  8.14620640417952  -0.19361598616993522  0.2358480061688835  0.9523069714570005  8.873882205288231  0.0  0.0  -0.0  1.0
3394309161642;1.7425026346266586;3.206254450817687;1.0  -0.0  -0.0  -6.345735479987255  -0.0  1.0  0.0  5.315582869739366  -0.0  -0.0  1.0  2.022327850846511  -0.0  0.0  -0.0  1.0
3394309161673;2.6456540480703254;5.260999822999415;0.9332258309217398  0.35269860512482554  0.06850724372961688  14.18531429142286  -0.292572962021134  0.8566643983611361  -0.42488489085249115  3.4058000047550716  -0.20854402507530004  0.37647018809403265  0.9026514205837366  9.579780806086706  -0.0  -0.0  -0.0  1.0
3394309161704;3.077519635932954;3.014574658414319;0.6683068471518332  0.5770331380748325  -0.46946641585260074  9.896217215532904  0.4219927815133116  0.22564347308604868  0.8780701084790009  -5.91174862614061  0.6126075827155878  -0.784931704428593  -0.09270474088302723  -1.349001380802316  -0.0  0.0  0.0  1.0
3394309161735;3.1217165961473894;3.125899552341736;0.6485114262494536  0.7430457236884661  0.16527547468448828  9.56980486818034  -0.7359767780521473  0.6674952948201199  -0.11308498379971874  11.479628685738257  -0.19434791532681825  -0.0483020072179775  0.9797427233242588  9.73017340160297  0.0  -0.0  -0.0  1.0
3394309161766;2.088824937831005;5.172996675831243;1.0  -0.0  -0.0  -6.150062235092501  -0.0  1.0  0.0  10.27215102233901  -0.0  -0.0  1.0  6.393163392404635  -0.0  0.0  -0.0  1.0
3394309161797;2.586432702881334;2.554184106485523;1.0  -0.0  0.0  -5.821517815688729  -0.0  1.0  -0.0  -2.7352983663618904  0.0  -0.0  1.0  2.091737377244073  -0.0  0.0  -0.0  1.0
3394309161828;3.2220836563382176;2.4597263421472473;1.0  -0.0  0.0  3.3864783613978524  -0.0  1.0  -0.0  1.8807704434622243  -0.0  -0.0  1.0  5.399475163821504  -0.0  0.0  -0.0  1.0
3394309161859;1.6225102333552934;2.0522443715573195;1.0  -0.0  0.0  0.13732045570025164  -0.0  1.0  -0.0  -0.549753489460175  0.0  -0.0  1.0  5.474710436397456  -0.0  0.0  -0.0  1.0
3394309161890;1.282929335068904;2.1508736187822075;0.6876276104000164  0.20195725070490306  0.697410595204344  -1.269725588415257  0.6149640506858952  0.34863989601443646  -0.7072972778620349  -5.484684180516431  -0.38598897105948504  0.915239581636831  0.11553796962764318  3.8035789825651536  -0.0  -0.0  -0.0  1.0
3394309161921;1.558203848860055;4.486060446534372;1.0  -0.0  0.0  10.354411407946063  -0.0  1.0  -0.0  1.3067028091926849  -0.0  -0.0  1.0  2.983045107616108  -0.0  0.0  -0.0  1.0
3394309161952;3.0446776651304432;8.278473884938057;1.0  -0.0  -0.0  -2.5103564099196127  -0.0  1.0  0.0  17.43209280693213  -0.0  -0.0  1.0  13.292982686506196  -0.0  0.0  -0.0  1.0
3394309161983;3.4771226457556867;4.238110656976099;1.0  -0.0  -0.0  -3.4895945748309547  -0.0  1.0  0.0  7.224244250489738  -0.0  -0.0  1.0  8.123813233283755  -0.0  0.0  -0.0  1.0
3394309162014;3.770407506413389;4.779269910063064;1.0  -0.0  -0.0  -0.7171207082551367  -0.0  1.0  0.0  12.594608400238887  -0.0  -0.0  1.0  1.2572617006806937  -0.0  0.0  -0.0  1.0
3394309162045;1.518228345276698;2.782373512758721;0.3727296693299902  0.8685525877018598  -0.3266328152491085  10.650609788107436  -0.9272345827101574  0.3348877681256119  -0.16758941310884315  8.186961946537911  -0.03617488393176249  0.36533078867821717  0.9301746032956799  -2.7833501508893606  -0.0  -0.0  -0.0  1.0
3394309162076;2.477253977533275;4.229595409824992;0.7317199233304333  0.24181887362787646  0.6372672800000408  6.08379459713023  -0.5077933874457806  -0.43027646014365034  0.746329715013806  1.7464514415710382  0.4546777204434431  -0.8697044326687046  -0.19204783343937995  7.30728519001757  -0.0  0.0  -0.0  1.0
3394309162107;3.7764439721661978;3.7336684968930274;-0.39186085278048904  -0.8950291876341587  -0.21299724256686312  19.331551029285233  0.914131781505424  -0.4049338809664731  0.019789848083048033  -13.701920957120725  -0.10396229172093038  -0.18695268205716972  0.9768523617066008  -7.713972864973726  -0.0  0.0  -0.0  1.0
3394309162138;3.5448738491278085;3.0423746336523037;1.0  -0.0  0.0  7.570666670188659  -0.0  1.0  -0.0  -1.7540880420040663  0.0  -0.0  1.0  2.176349199880364  -0.0  0.0  -0.0  1.0
3394309162169;3.3386677234651425;7.260905801309254;1.0  -0.0  -0.0  -3.8796130168427423  -0.0  1.0  0.0  17.61590302783665  -0.0  -0.0  1.0  7.012495188549229  -0.0  0.0  -0.0  1.0
3394309162200;3.9550078381949887;2.6125405159930164;-0.6287855447639746  -0.33247204703338673  -0.7029161234722816  10.778911989095763  -0.1678741815766022  -0.8246185647637657  0.5402059623948379  3.4819485474273106  -0.7592410670240761  0.4576751692940928  0.46269476067464466  0.5407094708587745  0.0  0.0  -0.0  1.0
3394309162231;2.42664388566255;3.9435866257154406;1.0  -0.0  -0.0  -6.227705963658775  -0.0  1.0  0.0  7.588109782170557  -0.0  -0.0  1.0  -1.9351182020320596  -0.0  0.0  -0.0  1.0
3394309162262;2.736577686008396;2.3162498437123396;0.9276837743864472  -0.012177316357929771  -0.3731682297656571  4.9668468343277805  -0.23558257505039945  0.7563052941809264  -0.6103303632677362  0.9761794177103421  0.2896612937082522  0.6541055075140566  0.6987433863494095  0.2472431335768019  -0.0  0.0  -0.0  1.0
3394309162293;2.8148683419657083;6.742945824654565;1.0  -0.0  0.0  5.607705167535664  -0.0  1.0  -0.0  15.514477810767943  -0.0  0.0  1.0  -4.361913642195035  -0.0  0.0  -0.0  1.0
3394309162324;2.2219663596591737;2.146856063763682;0.4793907004236558  0.8401599275877963  0.25360570266259286  8.634510850113358  -0.7913665484400426  0.5387613609049973  -0.28892071923952967  9.62545398124106  -0.3793725640546638  -0.062189163617663426  0.9231516481982396  10.413136682873713  0.0  -0.0  -0.0  1.0
3394309162355;3.4807471093941937;5.9990846599450975;1.0  -0.0  -0.0  -9.84442532939881  -0.0  1.0  0.0  12.285483120825951  -0.0  -0.0  1.0  4.377869413778022  -0.0  0.0  -0.0  1.0
3394309162386;1.7900521026949254;7.388920624117597;1.0  -0.0  0.0  9.335362012564579  -0.0  1.0  -0.0  15.164800686447528  -0.0  -0.0  1.0  7.413395929945896  -0.0  0.0  -0.0  1.0
3394309162417;3.2825031286422393;3.378496268879834;1.0  -0.0  0.0  4.909077593821179  -0.0  1.0  -0.0  5.139872029410366  -0.0  -0.0  1.0  5.222252587284847  -0.0  0.0  -0.0  1.0
3394309162448;2.5548125902487047;2.5893938619671237;0.5298291072082927  -0.8120183277100728  -0.244759785540436  14.385045023572994  0.8266094108277309  0.5589908484866878  -0.06516220713852681  -16.211324613675153  0.18973138666519243  -0.16779590808797393  0.9673916136410501  -1.2059030235536086  -0.0  0.0  -0.0  1.0
3394309162479;2.7901407133897638;2.954857687872284;0.8152209802737328  -0.3929926239106483  -0.425407511538474  -1.9479428745235055  0.44338845010194  -0.04904546374724987  0.8949867176679306  0.11205631312480425  -0.372587487226466  -0.9182327265119887  0.13426549938322432  5.95718062906749  -0.0  0.0  -0.0  1.0
3394309162510;2.4626078118590478;5.450099637693361;1.0  -0.0  0.0  1.1593689722261722  -0.0  1.0  -0.0  14.369767843799556  -0.0  -0.0  1.0  0.6755263441363715  -0.0  0.0  -0.0  1.0
3394309162541;2.621200470666735;2.588367627028128;1.0  -0.0  0.0  1.6209243540431943  -0.0  1.0  -0.0  6.146625636214778  -0.0  0.0  1.0  -2.4004292566252454  -0.0  0.0  -0.0  1.0
3394309162572;1.826907686892434;7.31809219873092;0.8642666207202877  -0.4664144560581957  0.1884164628918362  11.797909925495725  0.4793637513991866  0.8771881069853616  -0.02741201940641637  5.989405575266928  -0.15249131828806733  0.11401131585669856  0.981706584323132  14.437807181288257  -0.0  -0.0  -0.0  1.0
3394309162603;1.9909019248105964;4.665372131726711;1.0  -0.0  0.0  1.1931845781453934  -0.0  1.0  -0.0  12.132145215697566  -0.0  0.0  1.0  -0.7685368887613713  -0.0  0.0  -0.0  1.0
3394309162634;3.01258289883689;4.815519804105631;1.0  -0.0  -0.0  -2.0372982060917915  -0.0  1.0  0.0  8.439909268086554  -0.0  -0.0  1.0  9.45313132485914  -0.0  0.0  -0.0  1.0
3394309162665;3.8547413171629152;3.7111058444955605;0.23400117843927382  -0.08839080523647534  0.9682099534908124  16.64408820351898  0.8704973301251988  0.46255535338180775  -0.16815749552942724  -7.868875739664621  -0.4329871207483307  0.8821732316316778  0.18518245775070588  4.476543381116515  -0.0  -0.0  -0.0  1.0
3394309162696;3.0132495381752045;4.741166592464258;1.0  -0.0  0.0  3.4663141194795575  -0.0  1.0  -0.0  9.058920447359451  -0.0  0.0  1.0  -6.656251453193163  -0.0  0.0  -0.0  1.0
3394309162727;3.502392525482743;3.2886500740134723;-0.2980763644859259  -0.9217089365939335  0.24819975249329795  19.668026751115445  0.9322247667221883  -0.33699148269150947  -0.13188527174457046  -11.238678352250805  0.2052010361684722  0.19206607403770992  0.9596890944254429  -0.2523309592620376  -0.0  0.0  -0.0  1.0
3394309162758;3.457925038615682;6.469219768963776;1.0  -0.0  -0.0  -3.260497898939139  -0.0  1.0  0.0  12.456967709468444  -0.0  -0.0  1.0  11.003603105490523  -0.0  0.0  -0.0  1.0
3394309162789;2.1605956540110696;2.0244215733694166;-0.12512105336150026  -0.9336805817462114  0.3355373202428696  6.338254439210291  0.9647747190361292  -0.1933849677164326  -0.17835917629904102  -1.2944882145777594  0.2314183733294891  0.3014014358482246  0.9249879517886508  0.419310550099407  -0.0  0.0  -0.0  1.0
3394309162820;3.736908019221678;3.5557005800097228;1.0  -0.0  0.0  3.17291901716953  -0.0  1.0  -0.0  5.59423006627836  -0.0  -0.0  1.0  7.099212506526601  -0.0  0.0  -0.0  1.0
3394309162851;3.0196041882655598;0.6804798585034364;1.0  -0.0  0.0  1.480960539294999  -0.0  1.0  -0.0  0.8546879001768244  -0.0  -0.0  1.0  0.2040693086399301  -0.0  0.0  -0.0  1.0
3394309162882;1.0159530457947656;4.015189445106322;1.0  -0.0  0.0  3.098677955515006  -0.0  1.0  -0.0  -3.15867040428948  0.0  -0.0  1.0  8.640483198709308  -0.0  0.0  -0.0  1.0
3394309162913;3.707565587024253;4.313125975386021;0.856777964441163  -0.26470260219684844  0.44256530821820333  -4.853737807957491  0.49662627633987266  0.6546945096971891  -0.5698573862126809  -0.0014065133568272883  -0.13890234446131125  0.7080308124386784  0.6923860970156595  9.657433006926329  -0.0  -0.0  -0.0  1.0
3394309162944;2.7894836947736765;4.810244221237335;1.0  -0.0  -0.0  -11.913601327449339  -0.0  1.0  0.0  2.9865507751717155  -0.0  -0.0  1.0  3.547647666894129  -0.0  0.0  -0.0  1.0
3394309162975;2.6130962231388835;2.759935760361135;1.0  -0.0  0.0  -6.613484116520869  -0.0  1.0  -0.0  -2.8505327971025167  0.0  -0.0  1.0  2.073628519686773  -0.0  0.0  -0.0  1.0
3394309163006;2.118558382630927;2.3490646475799113;1.0  -0.0  0.0  2.4224681006727717  -0.0  1.0  -0.0  5.43840343049505  -0.0  0.0  1.0  -0.27533318426070963  -0.0  0.0  -0.0  1.0
3394309163037;1.6957835337450329;2.008527882095892;0.553502796454755  -0.8016608799567929  0.2257753039277464  2.346672862223189  0.8321242100491325  0.5210199263082058  -0.19001982907027223  -13.971140431129959  0.03469803116706648  0.2930496032017298  0.9554674126815828  -3.4946263579973293  -0.0  0.0  -0.0  1.0
3394309163068;2.3800172959411823;5.233630457336498;1.0  -0.0  0.0  -0.9815810533935379  -0.0  1.0  -0.0  -5.076481448904066  0.0  -0.0  1.0  12.143500733988605  -0.0  0.0  -0.0  1.0
3394309163099;2.23708937419933;4.069326168903577;1.0  -0.0  -0.0  -2.8745125754725507  -0.0  1.0  0.0  8.530470471345444  -0.0  -0.0  1.0  5.055913792027578  -0.0  0.0  -0.0  1.0
