# fast_global_benchmark.py --distance_metric=euclidean --decrease_mu=True --division_factor=1.4 --iteration_number=150 --maximum_correspondence_distance=0.05 --maximum_tuple_count=1000 --tuple_scale=0.95 --tuple_test=True --use_absolute_scale=False --input_txt=/neural_comparison/point_clouds_registration_benchmark//eth/stairs_global.txt --input_pcd_dir=/neural_comparison/point_clouds_registration_benchmark//eth/stairs/ --input_features_dir=/neural_comparison/experiments/3DFeatNet/feature_extraction_voxelgrid_0.1//eth/stairs/ --output_dir=/neural_comparison/experiments/3DFeatNet/results_fgr_voxelgrid_0.1/
id;initial_error;final_error;transformation
5494384560030;1.9653997219596564;2.0461410093977936;-0.2247959341205957  -0.954659943452777  0.19516961948415426  8.920944769640805  0.9657872430130077  -0.19171135952689283  0.1746475189107638  -9.48361334400608  -0.12931275743786408  0.22775238087688843  0.9650943289485882  1.9224159538573393  -0.0  -0.0  -0.0  1.0
5494384560061;3.2470421696666185;6.0026406370241885;-0.4396572710112345  -0.8626799426455871  0.2499695993595222  0.7996343103253085  0.46195940896422644  0.02147895979561487  0.8866409412809216  0.8322790406873121  -0.7702564433462252  0.5052939449895523  0.3890797355819481  7.685371281783993  -0.0  -0.0  -0.0  1.0
5494384560092;2.297685819693392;2.9474284842904646;1.0  -0.0  0.0  3.5336112538765274  -0.0  1.0  -0.0  0.5569158063437638  -0.0  -0.0  1.0  2.455685012809125  -0.0  0.0  -0.0  1.0
5494384560123;8.759025089926762;6.750903139472722;1.0  -0.0  0.0  0.3806559233788631  -0.0  1.0  -0.0  5.29318608237125  -0.0  -0.0  1.0  3.76934552190506  -0.0  0.0  -0.0  1.0
5494384560154;2.6625673868786452;4.002852862326454;1.0  -0.0  0.0  -1.4846501872392848  -0.0  1.0  -0.0  -1.0220961593995104  0.0  -0.0  1.0  2.4962441384936964  -0.0  0.0  -0.0  1.0
5494384560185;6.621620892396294;6.585072871610339;0.6784034807576792  0.7338477249289218  -0.03516011820956949  -3.2654757623076796  -0.7346632076048836  0.6780070428331989  -0.02400877465184039  5.71215565333066  0.00622002311635172  0.042118481516144536  0.9990932613260917  7.388570783375568  -0.0  0.0  -0.0  1.0
5494384560216;5.2200031515621825;5.004329021211435;1.0  -0.0  0.0  -1.6681347030172433  -0.0  1.0  -0.0  -0.8886065378211208  0.0  -0.0  1.0  6.254417582181034  -0.0  0.0  -0.0  1.0
5494384560247;8.503686109037535;10.847038660533098;1.0  -0.0  -0.0  -2.018076151475994  -0.0  1.0  0.0  1.9837626167682383  -0.0  -0.0  1.0  11.04766515338951  -0.0  0.0  -0.0  1.0
5494384560278;5.489767218869771;4.171100456296756;1.0  -0.0  0.0  2.1559397229665778  -0.0  1.0  -0.0  -3.901847639197661  0.0  0.0  1.0  -1.9303695172449875  -0.0  0.0  -0.0  1.0
5494384560309;6.344090179496548;4.106204857576396;1.0  -0.0  -0.0  -0.2760850821652102  -0.0  1.0  0.0  3.984757264103583  -0.0  -0.0  1.0  -2.934681186430508  -0.0  0.0  -0.0  1.0
5494384560340;11.288142510784303;13.430159861533072;1.0  -0.0  0.0  6.597207163215883  -0.0  1.0  -0.0  8.564723153969076  -0.0  0.0  1.0  -1.5326104602740442  -0.0  0.0  -0.0  1.0
5494384560371;4.893298023722126;4.405147196351002;1.0  -0.0  -0.0  -4.335683683898498  -0.0  1.0  0.0  0.33160462172587657  -0.0  -0.0  1.0  1.8526896675695483  -0.0  0.0  -0.0  1.0
5494384560402;1.640061358821845;1.6788231118937764;0.595268553006754  -0.8008875185589206  -0.06507328497761318  0.37169572700734554  0.7530545423608792  0.5842949941126682  -0.3025032497090295  -1.6702666755334512  0.28029307167836015  0.13106693889539864  0.9509244194454667  0.5071451573067495  -0.0  0.0  -0.0  1.0
5494384560433;4.064579359510598;4.007216617243859;0.18134672570448282  0.9527868897554348  -0.24353748743556428  9.219801910322039  -0.9780623691000495  0.20055375165384934  0.05632224114828062  9.084756881204655  0.10250544974128033  0.227980997909322  0.9682547688318446  5.754644200288935  -0.0  -0.0  -0.0  1.0
5494384560464;8.086453804333049;8.762512083336887;1.0  -0.0  0.0  5.454074834148487  -0.0  1.0  -0.0  -6.111322561863636  0.0  0.0  1.0  -4.438518868409091  -0.0  0.0  -0.0  1.0
5494384560495;3.79668680245774;2.415901661287216;1.0  -0.0  0.0  1.2370538425675837  -0.0  1.0  -0.0  -2.09098294726585  0.0  0.0  1.0  -1.4066260631815184  -0.0  0.0  -0.0  1.0
5494384560526;3.919459476654856;3.5553218208803923;1.0  -0.0  0.0  -4.906075792959776  -0.0  1.0  -0.0  -1.9970911159583329  0.0  -0.0  1.0  3.8149799021330453  -0.0  0.0  -0.0  1.0
5494384560557;4.769841275602151;4.219814794324184;1.0  -0.0  0.0  -0.06915160750277449  -0.0  1.0  -0.0  -0.8361847108089203  0.0  -0.0  1.0  5.445218782825009  -0.0  0.0  -0.0  1.0
5494384560588;4.0033637514024445;3.8731271355828856;1.0  -0.0  0.0  2.0345637110294135  -0.0  1.0  -0.0  -3.2138531143348934  0.0  0.0  1.0  -2.851329613168449  -0.0  0.0  -0.0  1.0
5494384560619;2.5680413302481218;2.9254835436751536;1.0  -0.0  0.0  -0.6088074431837777  -0.0  1.0  -0.0  -3.046884331254507  0.0  -0.0  1.0  0.1432331036079546  -0.0  0.0  -0.0  1.0
5494384560650;2.1252762310053015;2.182617419220202;-0.09638550389011631  0.984742592258137  0.14488568470546861  11.193649211324756  -0.9952891884027437  -0.09688233375174826  -0.0036393482140117672  10.13285234628904  0.010453042067089822  -0.14455393595312077  0.9894417079909285  -2.248362182430441  0.0  0.0  -0.0  1.0
5494384560681;5.499161925361485;5.807905584425941;1.0  -0.0  -0.0  -3.6295438927712773  -0.0  1.0  0.0  9.410467627331068  -0.0  -0.0  1.0  3.9185283190848668  -0.0  0.0  -0.0  1.0
5494384560712;3.9543429907625507;3.267828678434557;0.33001886088756965  0.9372757805048489  0.11225712778036305  3.4392396559878504  -0.9369959787449661  0.3108214918099865  0.15946327490923154  -0.40946522514429123  0.11456913752941233  -0.15781036565460635  0.9808005919745999  -1.7570378521285674  -0.0  0.0  -0.0  1.0
5494384560743;2.252255054334342;2.324703426309252;0.5107412979773293  0.859405056086973  -0.02379655673790859  3.4363926746034688  -0.8575528530294362  0.5072795110029201  -0.08526782498523396  11.367361474408215  -0.06120809424828983  0.06395660473153265  0.996073853642242  -2.2226496390533694  -0.0  -0.0  -0.0  1.0
5494384560774;4.093777341873709;2.444664481478815;1.0  -0.0  0.0  1.3868720594957047  -0.0  1.0  -0.0  0.5927627504800995  -0.0  0.0  1.0  -2.5363341198473544  -0.0  0.0  -0.0  1.0
5494384560805;2.4081201720064747;5.148133915989177;0.8583331606259834  -0.3510254587847453  -0.37422628536056496  -3.0477701731039994  0.2884556726906813  0.9333092402685816  -0.213839161338256  -7.772420296845254  0.4243318397933089  0.07559754833485823  0.9023455548864754  -1.206265793399216  -0.0  0.0  -0.0  1.0
5494384560836;2.3977526989083033;2.418858986460101;-0.9622687344777012  0.2692711834532989  -0.03913965263441689  16.239672259514997  -0.2535693228096743  -0.9395833880671697  -0.22996881396846078  2.354825517827003  -0.09869894212465691  -0.21136718437325375  0.9724106294120791  3.4319724591270098  0.0  -0.0  -0.0  1.0
5494384560867;5.82100797182095;4.809855052677601;1.0  -0.0  0.0  2.982049406528759  -0.0  1.0  -0.0  -5.294240954488559  0.0  -0.0  1.0  1.4747733217699452  -0.0  0.0  -0.0  1.0
5494384560898;7.426959109966299;5.695786046716466;1.0  -0.0  0.0  -0.3718287636085087  -0.0  1.0  -0.0  -0.7793800122229633  0.0  -0.0  1.0  -5.4236095295602045  -0.0  0.0  -0.0  1.0
5494384560929;3.2277640385532322;3.2603208407694524;0.08918160254681606  -0.9931898000048344  0.07497108064806121  9.49508126087107  0.976552484351254  0.07238338325456534  -0.20274587822201212  -7.41093088940393  0.19593847777956708  0.09129439739096326  0.97635723274345  -7.220172877925629  -0.0  0.0  -0.0  1.0
5494384560960;7.03502339552627;7.589666811826485;1.0  -0.0  0.0  -5.810463637885661  -0.0  1.0  -0.0  -5.085943789074411  0.0  -0.0  1.0  2.5860732783112974  -0.0  0.0  -0.0  1.0
5494384560991;7.791752238870199;7.459945291526172;1.0  -0.0  -0.0  -3.3692378391666686  -0.0  1.0  0.0  6.231336873936366  -0.0  -0.0  1.0  1.3644309648674255  -0.0  0.0  -0.0  1.0
5494384561022;4.731288337239354;3.705231249311213;1.0  -0.0  -0.0  -0.1779957033040951  -0.0  1.0  0.0  2.88422195964766  -0.0  -0.0  1.0  0.8511559254571353  -0.0  0.0  -0.0  1.0
5494384561053;4.703195918816284;5.728931396301552;1.0  -0.0  0.0  -1.9692392743164482  -0.0  1.0  -0.0  -0.0981092938494803  0.0  -0.0  1.0  -5.893004810315776  -0.0  0.0  -0.0  1.0
5494384561084;7.769594886748286;6.522257889891881;1.0  -0.0  0.0  3.9693309150732166  -0.0  1.0  -0.0  0.1502224668209877  -0.0  0.0  1.0  -3.513014425997703  -0.0  0.0  -0.0  1.0
5494384561115;2.7618695788486547;2.069218496988484;1.0  -0.0  0.0  1.3940561350545249  -0.0  1.0  -0.0  1.465690497033061  -0.0  0.0  1.0  -3.0844558553415995  -0.0  0.0  -0.0  1.0
5494384561146;4.978157980828911;6.291972942320513;1.0  -0.0  0.0  2.0084224950314518  -0.0  1.0  -0.0  1.9492712686396232  -0.0  -0.0  1.0  6.258201416003145  -0.0  0.0  -0.0  1.0
5494384561177;7.540163639644457;8.823632831958186;1.0  -0.0  -0.0  -4.2668651921212115  -0.0  1.0  0.0  0.7469399628555553  -0.0  -0.0  1.0  7.322495542601011  -0.0  0.0  -0.0  1.0
5494384561208;2.258030642572619;3.9921872586548157;-0.6266076937141317  -0.2603816018957525  0.7345503519653759  -3.497032616055053  0.3707482551472044  -0.9286435749265136  -0.012916735384915353  1.670374048589396  0.6854987450634433  0.2642395355390715  0.6784312333424362  0.08979377059899148  -0.0  0.0  -0.0  1.0
5494384561239;3.8492329696698255;5.093042018601386;1.0  -0.0  0.0  -5.234888436004084  -0.0  1.0  -0.0  -4.057447263505915  0.0  -0.0  1.0  5.772941930494649  -0.0  0.0  -0.0  1.0
5494384561270;9.123550834747231;11.881961596758362;1.0  -0.0  0.0  -9.123173083787878  -0.0  1.0  -0.0  -0.951753969569444  0.0  -0.0  1.0  -6.864220757550507  -0.0  0.0  -0.0  1.0
5494384561301;4.160514649695006;5.627377373698035;-0.24253453759752497  -0.9186251285792942  0.3119372873111329  6.627287943610005  0.9296363388267339  -0.3120074478288402  -0.1960296662042752  -6.299497520887387  0.27740453421885464  0.24244427327121404  0.9296598833728457  1.6929783874275393  -0.0  0.0  -0.0  1.0
5494384561332;6.482396831003189;7.7445642499053005;1.0  -0.0  0.0  0.6325231803469396  -0.0  1.0  -0.0  -5.640427597034014  0.0  0.0  1.0  -6.192958511632651  -0.0  0.0  -0.0  1.0
5494384561363;2.945345827521586;3.988637279278363;1.0  -0.0  -0.0  -4.213446127224492  -0.0  1.0  0.0  0.6213875241405886  -0.0  -0.0  1.0  -1.854746081315192  -0.0  0.0  -0.0  1.0
5494384561394;1.7737978589250467;2.1182013079757116;1.0  -0.0  0.0  0.6238130502189395  -0.0  1.0  -0.0  -2.0707053400955306  0.0  0.0  1.0  -3.1143583393162872  -0.0  0.0  -0.0  1.0
5494384561425;2.0770362960670123;5.085382471435082;1.0  -0.0  0.0  1.2450671958748707  -0.0  1.0  -0.0  0.6734243559985794  -0.0  -0.0  1.0  5.357020206530408  -0.0  0.0  -0.0  1.0
5494384561456;3.2026873730298178;2.8269228559531134;1.0  -0.0  0.0  -1.6115626869647477  -0.0  1.0  -0.0  -0.3141426601898576  0.0  -0.0  1.0  3.305580862782933  -0.0  0.0  -0.0  1.0
5494384561487;2.7650958552301788;4.226721105008404;1.0  -0.0  -0.0  -1.872694447461189  -0.0  1.0  0.0  1.857456762374428  -0.0  -0.0  1.0  -3.6892180206118734  -0.0  0.0  -0.0  1.0
5494384561518;5.145762913418466;8.002736498375185;1.0  -0.0  0.0  -7.010028877296702  -0.0  1.0  -0.0  -4.382486145826374  0.0  -0.0  1.0  2.3204256161351653  -0.0  0.0  -0.0  1.0
5494384561549;4.6377896203071325;4.701207539184424;-0.9579936857075696  -0.2854463610736159  0.027721347266276487  5.20521073930536  0.2866844501973652  -0.9557726128727976  0.06565621446094219  1.8775598783736691  0.007753977009298278  0.0708455180808076  0.9974571611895932  -4.5868838901989974  -0.0  0.0  -0.0  1.0
5494384561580;4.567914726536869;4.0204844939724484;1.0  -0.0  0.0  -1.2213636828645829  -0.0  1.0  -0.0  -1.12431231632581  0.0  -0.0  1.0  -4.03264699148148  -0.0  0.0  -0.0  1.0
5494384561611;3.9710273671971175;4.392724369815222;1.0  -0.0  0.0  3.610265317189854  -0.0  1.0  -0.0  3.958043999684087  -0.0  0.0  1.0  -0.6068882333051442  -0.0  0.0  -0.0  1.0
5494384561642;3.9300328799679396;6.888232833637496;1.0  -0.0  0.0  1.1839453053610987  -0.0  1.0  -0.0  -2.718901313900089  0.0  0.0  1.0  -4.390772658307489  -0.0  0.0  -0.0  1.0
5494384561673;1.856504570527757;1.224418770549503;1.0  -0.0  0.0  0.4210468566187544  -0.0  1.0  -0.0  -1.4445111515680207  0.0  0.0  1.0  -1.527407268720044  -0.0  0.0  -0.0  1.0
5494384561704;3.161923902897827;3.1517884707361086;1.0  -0.0  -0.0  -0.6829427723650046  -0.0  1.0  0.0  1.2176926374062682  -0.0  -0.0  1.0  3.539013627156107  -0.0  0.0  -0.0  1.0
5494384561735;3.569181629467939;5.886662924655423;1.0  -0.0  -0.0  -0.8513650991860384  -0.0  1.0  0.0  3.7366676219999992  -0.0  -0.0  1.0  6.124956933527791  -0.0  0.0  -0.0  1.0
5494384561766;3.9022771741523186;3.5618314125008137;1.0  -0.0  0.0  1.3092909477312045  -0.0  1.0  -0.0  -2.9117097714496385  0.0  -0.0  1.0  5.229484542528012  -0.0  0.0  -0.0  1.0
5494384561797;1.7821658772718727;0.740195709285124;1.0  -0.0  0.0  0.840994696253972  -0.0  1.0  -0.0  1.0045909725300302  -0.0  -0.0  1.0  0.36128559444994757  -0.0  0.0  -0.0  1.0
5494384561828;3.031970333042847;1.245875460725337;1.0  -0.0  0.0  1.004575487275022  -0.0  1.0  -0.0  -0.11545477524852787  0.0  0.0  1.0  -0.8965159186564347  -0.0  0.0  -0.0  1.0
5494384561859;3.9115043062921147;2.2775907507750723;1.0  -0.0  0.0  3.6565206859462593  -0.0  1.0  -0.0  1.8019973953292698  -0.0  -0.0  1.0  0.061643578814716715  -0.0  0.0  -0.0  1.0
5494384561890;2.700280821168816;2.765483789007625;1.0  -0.0  0.0  -1.690991742439559  -0.0  1.0  -0.0  -0.06290292037065948  0.0  -0.0  1.0  -2.7367976168791186  -0.0  0.0  -0.0  1.0
5494384561921;4.363288827751439;4.713026222631593;1.0  -0.0  0.0  -2.9061311501538443  -0.0  1.0  -0.0  -4.4832418458835175  0.0  -0.0  1.0  -1.3705148485934053  -0.0  0.0  -0.0  1.0
5494384561952;5.900960080460973;7.507421667434343;1.0  -0.0  0.0  -4.098692788098223  -0.0  1.0  -0.0  -2.7445124238453498  0.0  -0.0  1.0  7.2707200588140015  -0.0  0.0  -0.0  1.0
5494384561983;1.9280359265963185;1.6786257990553595;1.0  -0.0  0.0  0.0768105181154013  -0.0  1.0  -0.0  -0.32710904256392725  0.0  0.0  1.0  -1.9239859589369042  -0.0  0.0  -0.0  1.0
5494384562014;2.290467177188447;1.7634054927019616;1.0  -0.0  -0.0  -0.5165175165174816  -0.0  1.0  0.0  0.29405806608834517  -0.0  -0.0  1.0  1.9834312928135207  -0.0  0.0  -0.0  1.0
5494384562045;2.843775395138052;3.6142344881812867;1.0  -0.0  0.0  -1.8583758027865631  -0.0  1.0  -0.0  -3.7405365875731236  0.0  -0.0  1.0  -0.6678741712384704  -0.0  0.0  -0.0  1.0
5494384562076;7.910208896373804;8.16040877441242;1.0  -0.0  -0.0  -8.419785737515467  -0.0  1.0  0.0  2.853044402763041  -0.0  -0.0  1.0  3.574816426850133  -0.0  0.0  -0.0  1.0
5494384562107;6.000656068192277;6.075101066802891;-0.06479875824404104  0.9937683408693163  0.0906951245430413  11.35261164097696  -0.9969169828549735  -0.06043735613337019  -0.05003853793769929  3.097757361951395  -0.044245341284305684  -0.0936579450418151  0.9946208016652265  2.1893865065547446  0.0  -0.0  -0.0  1.0
5494384562138;3.161989247048879;3.5053849821481373;1.0  -0.0  -0.0  -4.0682709868544595  -0.0  1.0  0.0  0.058331228751434594  -0.0  -0.0  1.0  0.2836841189720396  -0.0  0.0  -0.0  1.0
5494384562169;5.267286062056453;6.138820206905333;1.0  -0.0  0.0  -1.3326663050586491  -0.0  1.0  -0.0  -0.6705076803323551  0.0  -0.0  1.0  6.985074189945259  -0.0  0.0  -0.0  1.0
5494384562200;6.316421781002835;6.2563051850887845;0.08998700781120723  -0.99546148845252  -0.030963905326669424  2.8857055166988417  0.9958293598457005  0.08946372690889844  0.017892111023394986  -0.3734594458599457  -0.015040761100728389  -0.032444823554201266  0.9993603498888918  -6.106160765544869  -0.0  0.0  -0.0  1.0
5494384562231;6.809241551181215;6.798842625441209;-0.2258670157151055  -0.9039652592464196  0.3630852534701817  0.45478687887032  0.9479348885558505  -0.2898476313382009  -0.1319386132496588  -6.145251150842082  0.22450732342300317  0.3143805984522389  0.9223672267845655  5.962106423298591  -0.0  0.0  -0.0  1.0
5494384562262;9.226605709293516;8.662987089461051;1.0  -0.0  0.0  4.684148713900001  -0.0  1.0  -0.0  -0.45807912575925924  0.0  -0.0  1.0  7.9173290622222225  -0.0  0.0  -0.0  1.0
5494384562293;3.35198828640729;4.190596499822216;1.0  -0.0  0.0  0.06390480063980464  -0.0  1.0  -0.0  -4.344550430693041  0.0  -0.0  1.0  0.9860293670573881  -0.0  0.0  -0.0  1.0
5494384562324;6.007210908334361;5.848105158732122;0.997790262218329  -0.06120123466067277  0.02586506327632382  3.1088051087941633  0.04698409176220852  0.9251730320889187  0.3766262813674584  4.885034552009884  -0.04697965244187463  -0.3745787895375399  0.9260041267105846  -2.0100024069786926  0.0  -0.0  -0.0  1.0
5494384562355;2.8594967283924566;3.4011136945691725;1.0  -0.0  0.0  -2.9285348029467095  -0.0  1.0  -0.0  -0.3449826389059555  0.0  -0.0  1.0  2.093063242983699  -0.0  0.0  -0.0  1.0
5494384562386;7.555953592991905;8.232136886943625;1.0  -0.0  0.0  2.5703157046365104  -0.0  1.0  -0.0  -3.240463401588354  0.0  -0.0  1.0  8.625532087262144  -0.0  0.0  -0.0  1.0
5494384562417;3.909277903469262;3.6621921220566676;0.7694373116567038  -0.6160374598784466  0.1687129854427747  2.3155652821036097  0.5072590962152229  0.749882115466858  0.42469403364052977  -6.165408696183305  -0.388142284140001  -0.2411942390055379  0.8894778841169236  1.6894999203282601  0.0  -0.0  -0.0  1.0
5494384562448;8.322743061723811;10.916045186369299;1.0  -0.0  0.0  0.7995742283513811  -0.0  1.0  -0.0  -2.6083251571686743  0.0  -0.0  1.0  7.941020054963367  -0.0  0.0  -0.0  1.0
5494384562479;5.142564597723577;4.270965698080065;1.0  -0.0  0.0  2.9065744203610984  -0.0  1.0  -0.0  -1.920114808494684  0.0  -0.0  1.0  2.977463848107378  -0.0  0.0  -0.0  1.0
5494384562510;7.409784479444804;7.392406000552095;0.1926537554800781  0.916232822273383  -0.3512861310788892  -0.1720677416503997  -0.9810689872265749  0.18703711871374434  -0.05020715611826996  5.657460739384532  0.019702101452531467  0.3543085260224665  0.9349210103458693  7.24566257694179  -0.0  0.0  -0.0  1.0
5494384562541;3.4584512201369555;6.921681174091846;1.0  -0.0  0.0  -5.670093954166664  -0.0  1.0  -0.0  -1.5433409462129628  0.0  -0.0  1.0  -4.54143449564815  -0.0  0.0  -0.0  1.0
5494384562572;8.23556210803444;7.6307158823512635;1.0  -0.0  0.0  0.2976707341666658  -0.0  1.0  -0.0  -0.05775727197465885  0.0  -0.0  1.0  8.95476462957115  -0.0  0.0  -0.0  1.0
5494384562603;7.97771549928889;8.058503171292674;1.0  -0.0  -0.0  -4.1513934914744475  -0.0  1.0  0.0  7.684990762281776  -0.0  -0.0  1.0  -0.3334283797376756  -0.0  0.0  -0.0  1.0
5494384562634;7.765621830691003;7.610015232450621;1.0  -0.0  -0.0  -2.8196511021497694  -0.0  1.0  0.0  1.478888458202957  -0.0  -0.0  1.0  7.615708869770736  -0.0  0.0  -0.0  1.0
5494384562665;9.270386005314265;8.213685410461522;1.0  -0.0  0.0  5.565226084600768  -0.0  1.0  -0.0  5.626637810498085  -0.0  -0.0  1.0  0.30151158807662837  -0.0  0.0  -0.0  1.0
5494384562696;6.577937540194185;6.419206849565574;1.0  -0.0  0.0  -1.8646212047644157  -0.0  1.0  -0.0  -2.312738784236111  0.0  -0.0  1.0  6.213976343523207  -0.0  0.0  -0.0  1.0
5494384562727;4.59848726203546;6.177565534910777;1.0  -0.0  0.0  -4.769858398566918  -0.0  1.0  -0.0  -0.2936856692468437  0.0  -0.0  1.0  4.593141953996844  -0.0  0.0  -0.0  1.0
5494384562758;5.063388290222;4.534071587286683;1.0  -0.0  0.0  1.7685891531954019  -0.0  1.0  -0.0  -4.9451948486666675  0.0  -0.0  1.0  1.5396373385902296  -0.0  0.0  -0.0  1.0
5494384562789;4.438629717023098;2.517972966945538;1.0  -0.0  0.0  1.0700858907619644  -0.0  1.0  -0.0  -2.371892024177061  0.0  -0.0  1.0  0.48729562462559384  -0.0  0.0  -0.0  1.0
5494384562820;8.161517273743991;8.138736992068486;1.0  -0.0  -0.0  -0.07969797842046633  -0.0  1.0  0.0  5.28685527675751  -0.0  -0.0  1.0  7.922542756640711  -0.0  0.0  -0.0  1.0
5494384562851;6.219799808788275;8.152199072201403;1.0  -0.0  -0.0  -8.138162281863918  -0.0  1.0  0.0  0.396387635342767  -0.0  -0.0  1.0  4.963611800515151  -0.0  0.0  -0.0  1.0
5494384562882;6.86050681050468;6.830786664120236;1.0  -0.0  0.0  -5.899909108738098  -0.0  1.0  -0.0  -2.0899959963452384  0.0  -0.0  1.0  3.6834887542869055  -0.0  0.0  -0.0  1.0
5494384562913;3.2808971466396697;8.567123876256437;1.0  -0.0  0.0  -5.83760428891547  -0.0  1.0  -0.0  -0.9381842632388351  0.0  -0.0  1.0  2.9099117876423457  -0.0  0.0  -0.0  1.0
5494384562944;2.926015559566035;2.9086786698992833;1.0  -0.0  0.0  -1.769404538954288  -0.0  1.0  -0.0  -2.2685123809218832  0.0  -0.0  1.0  4.004255183513418  -0.0  0.0  -0.0  1.0
5494384562975;7.45090069206603;13.509441487784768;1.0  -0.0  0.0  -8.89071295197363  -0.0  1.0  -0.0  -11.410724881150406  0.0  -0.0  1.0  -0.9280757433826121  -0.0  0.0  -0.0  1.0
5494384563006;1.7422069969351626;7.597395989809862;1.0  -0.0  0.0  -6.732123260883983  -0.0  1.0  -0.0  -2.877422667544777  0.0  -0.0  1.0  -0.24798654681856203  -0.0  0.0  -0.0  1.0
5494384563037;5.728273913522797;5.528848626494987;-0.5636439890316127  -0.8035938131292109  -0.1911607625245923  0.8829371776609747  0.8130664121348122  -0.5805655996307969  0.04320409683764417  -3.521291658111645  -0.14569990764153645  -0.13107466584274735  0.9806074489251345  4.1669757350983545  -0.0  0.0  -0.0  1.0
5494384563068;4.596809114569144;3.6410442704613075;1.0  -0.0  0.0  -0.009032513771913275  -0.0  1.0  -0.0  -4.0431120433142675  0.0  -0.0  1.0  -4.2843963229848665  -0.0  0.0  -0.0  1.0
5494384563099;7.571012982470478;7.789358319923651;1.0  -0.0  0.0  2.60335473219763  -0.0  1.0  -0.0  -7.876141711007249  0.0  0.0  1.0  -1.6046350905698277  -0.0  0.0  -0.0  1.0
