# fast_global_benchmark.py --distance_metric=euclidean --decrease_mu=True --division_factor=1.4 --iteration_number=150 --maximum_correspondence_distance=0.05 --maximum_tuple_count=1000 --tuple_scale=0.95 --tuple_test=True --use_absolute_scale=False --input_txt=/neural_comparison/point_clouds_registration_benchmark//eth/stairs_global.txt --input_pcd_dir=/neural_comparison/point_clouds_registration_benchmark//eth/stairs/ --input_features_dir=/neural_comparison/experiments/3DFeatNet/feature_extraction_voxelgrid_0.1//eth/stairs/ --output_dir=/root/neural_registration_comparison/results/3DFeatNet/results_fgr_voxelgrid_0.1/
id;initial_error;final_error;transformation
5494384560030;1.9653997219596564;1.6085585357872396;1.0  -0.0  0.0  0.4516217284126789  -0.0  1.0  -0.0  2.8579504739634976  -0.0  0.0  1.0  -0.5922831268662625  -0.0  0.0  -0.0  1.0
5494384560061;3.2470421696666185;4.720461389929428;1.0  -0.0  -0.0  -3.8550960338008387  -0.0  1.0  0.0  0.9146236442385356  -0.0  -0.0  1.0  3.8498222056342697  -0.0  0.0  -0.0  1.0
5494384560092;2.297685819693392;2.9474284842904646;1.0  -0.0  0.0  3.5336112538765274  -0.0  1.0  -0.0  0.5569158063437638  -0.0  -0.0  1.0  2.455685012809125  -0.0  0.0  -0.0  1.0
5494384560123;8.759025089926762;6.750903139472722;1.0  -0.0  0.0  0.3806559233788631  -0.0  1.0  -0.0  5.29318608237125  -0.0  -0.0  1.0  3.76934552190506  -0.0  0.0  -0.0  1.0
5494384560154;2.6625673868786452;4.002852862326454;1.0  -0.0  0.0  -1.4846501872392848  -0.0  1.0  -0.0  -1.0220961593995104  0.0  -0.0  1.0  2.4962441384936964  -0.0  0.0  -0.0  1.0
5494384560185;6.621620892396294;6.611358017544008;0.6750092534349427  0.7370425167588216  -0.03362790904921835  -3.2508772880807415  -0.7375186436131314  0.6753213039972283  -0.002717846671672939  5.8806608183528  0.02070647483876386  0.026635781522321843  0.9994307264850562  7.319294236684755  -0.0  0.0  -0.0  1.0
5494384560216;5.2200031515621825;5.004329021211435;1.0  -0.0  0.0  -1.6681347030172433  -0.0  1.0  -0.0  -0.8886065378211208  0.0  -0.0  1.0  6.254417582181034  -0.0  0.0  -0.0  1.0
5494384560247;8.503686109037535;10.847038660533098;1.0  -0.0  -0.0  -2.018076151475994  -0.0  1.0  0.0  1.9837626167682383  -0.0  -0.0  1.0  11.04766515338951  -0.0  0.0  -0.0  1.0
5494384560278;5.489767218869771;4.171100456296756;1.0  -0.0  0.0  2.1559397229665778  -0.0  1.0  -0.0  -3.901847639197661  0.0  0.0  1.0  -1.9303695172449875  -0.0  0.0  -0.0  1.0
5494384560309;6.344090179496548;4.106204857576396;1.0  -0.0  -0.0  -0.2760850821652102  -0.0  1.0  0.0  3.984757264103583  -0.0  -0.0  1.0  -2.934681186430508  -0.0  0.0  -0.0  1.0
5494384560340;11.288142510784303;11.596366120051742;-0.8093767096564904  -0.18463653497840415  0.5575111584684236  4.580830949073956  -0.5002086932562014  0.7141497932847524  -0.48967472463082057  10.129916128383973  -0.3077346341518291  -0.6752032454768816  -0.6703730097795749  1.827520885047259  0.0  0.0  -0.0  1.0
5494384560371;4.893298023722126;4.405147196351002;1.0  -0.0  -0.0  -4.335683683898498  -0.0  1.0  0.0  0.33160462172587657  -0.0  -0.0  1.0  1.8526896675695483  -0.0  0.0  -0.0  1.0
5494384560402;1.640061358821845;1.412205783406418;0.6773328046004613  -0.7352257789828681  0.025755110776507474  0.8003750070473181  0.7348281406769377  0.6744557510325659  -0.07167317188719598  -1.8520513640334393  0.03532528105124041  0.06747217069379494  0.997095597573531  1.1574154438988085  -0.0  0.0  -0.0  1.0
5494384560433;4.064579359510598;3.8937121057340134;0.7165244979213453  0.571835497410412  -0.3994956918165069  2.3250498415507996  -0.6370550892005751  0.7697373287669392  -0.04080757314990632  7.7741529711520485  0.28417152778244975  0.28374038944803515  0.9158263668368942  4.132027047152373  -0.0  0.0  -0.0  1.0
5494384560464;8.086453804333049;8.762512083336887;1.0  -0.0  0.0  5.454074834148487  -0.0  1.0  -0.0  -6.111322561863636  0.0  0.0  1.0  -4.438518868409091  -0.0  0.0  -0.0  1.0
5494384560495;3.79668680245774;2.415901661287216;1.0  -0.0  0.0  1.2370538425675837  -0.0  1.0  -0.0  -2.09098294726585  0.0  0.0  1.0  -1.4066260631815184  -0.0  0.0  -0.0  1.0
5494384560526;3.919459476654856;3.5553218208803923;1.0  -0.0  0.0  -4.906075792959776  -0.0  1.0  -0.0  -1.9970911159583329  0.0  -0.0  1.0  3.8149799021330453  -0.0  0.0  -0.0  1.0
5494384560557;4.769841275602151;4.219814794324184;1.0  -0.0  0.0  -0.06915160750277449  -0.0  1.0  -0.0  -0.8361847108089203  0.0  -0.0  1.0  5.445218782825009  -0.0  0.0  -0.0  1.0
5494384560588;4.0033637514024445;3.8731271355828856;1.0  -0.0  0.0  2.0345637110294135  -0.0  1.0  -0.0  -3.2138531143348934  0.0  0.0  1.0  -2.851329613168449  -0.0  0.0  -0.0  1.0
5494384560619;2.5680413302481218;2.9254835436751536;1.0  -0.0  0.0  -0.6088074431837777  -0.0  1.0  -0.0  -3.046884331254507  0.0  -0.0  1.0  0.1432331036079546  -0.0  0.0  -0.0  1.0
5494384560650;2.1252762310053015;2.1990292076885742;-0.0943761125566003  0.9847980600238696  0.14582842779076638  11.188859051537943  -0.995484461492078  -0.09485256279583375  -0.0036984130231965872  10.183644063333311  0.010190010134030297  -0.14551897575328554  0.9893029826040068  -2.258450299303904  0.0  0.0  -0.0  1.0
5494384560681;5.499161925361485;5.807905584425941;1.0  -0.0  -0.0  -3.6295438927712773  -0.0  1.0  0.0  9.410467627331068  -0.0  -0.0  1.0  3.9185283190848668  -0.0  0.0  -0.0  1.0
5494384560712;3.9543429907625507;3.3274825117002265;0.2714830863016571  0.9534504129442176  0.13126021449253705  3.427189835370313  -0.955727163909785  0.2509860813521862  0.15359549190139982  -0.4555706131790908  0.11350119830683045  -0.1671475307145554  0.9793769350760414  -1.7692929642101693  -0.0  0.0  -0.0  1.0
5494384560743;2.252255054334342;2.315740308930132;0.5110268763098975  0.8593218111770314  -0.020434199871150447  3.4028593561847225  -0.857376679235153  0.507886837045144  -0.0834037808494347  11.343986780711166  -0.06129242687844165  0.06014138002827644  0.9963063047153953  -2.2075983683243416  -0.0  -0.0  -0.0  1.0
5494384560774;4.093777341873709;2.444664481478815;1.0  -0.0  0.0  1.3868720594957047  -0.0  1.0  -0.0  0.5927627504800995  -0.0  0.0  1.0  -2.5363341198473544  -0.0  0.0  -0.0  1.0
5494384560805;2.4081201720064747;5.2842297663550974;-0.5483007202359189  0.8326883883741546  0.07743621927512422  15.487331262620309  -0.8249143315534498  -0.5537394614944791  0.11352953087865622  19.320599983489483  0.1374142124617972  -0.0016299235125524203  0.9905123308484587  1.4162812143954375  0.0  0.0  -0.0  1.0
5494384560836;2.3977526989083033;2.438039468178006;-0.9395187271406379  0.34247797050355877  -0.003660747437317775  16.01500730628855  -0.3321527996989182  -0.9136966999978857  -0.2341641690463017  2.8604495378345085  -0.08354088223263245  -0.21878569453403085  0.9721901773125747  3.3308104503261275  0.0  -0.0  -0.0  1.0
5494384560867;5.82100797182095;4.809855052677601;1.0  -0.0  0.0  2.982049406528759  -0.0  1.0  -0.0  -5.294240954488559  0.0  -0.0  1.0  1.4747733217699452  -0.0  0.0  -0.0  1.0
5494384560898;7.426959109966299;5.695786046716466;1.0  -0.0  0.0  -0.3718287636085087  -0.0  1.0  -0.0  -0.7793800122229633  0.0  -0.0  1.0  -5.4236095295602045  -0.0  0.0  -0.0  1.0
5494384560929;3.2277640385532322;3.1486603769928303;0.07838247629105209  -0.9835242959336218  0.16289919189104224  8.894348343084266  0.9810331288307153  0.04703820471411232  -0.1880462906677302  -7.70673921725896  0.1772856100959748  0.1745490378247474  0.9685568882865649  -6.888332135997274  -0.0  0.0  -0.0  1.0
5494384560960;7.03502339552627;7.589666811826485;1.0  -0.0  0.0  -5.810463637885661  -0.0  1.0  -0.0  -5.085943789074411  0.0  -0.0  1.0  2.5860732783112974  -0.0  0.0  -0.0  1.0
5494384560991;7.791752238870199;7.459945291526172;1.0  -0.0  -0.0  -3.3692378391666686  -0.0  1.0  0.0  6.231336873936366  -0.0  -0.0  1.0  1.3644309648674255  -0.0  0.0  -0.0  1.0
5494384561022;4.731288337239354;3.705231249311213;1.0  -0.0  -0.0  -0.1779957033040951  -0.0  1.0  0.0  2.88422195964766  -0.0  -0.0  1.0  0.8511559254571353  -0.0  0.0  -0.0  1.0
5494384561053;4.703195918816284;5.728931396301552;1.0  -0.0  0.0  -1.9692392743164482  -0.0  1.0  -0.0  -0.0981092938494803  0.0  -0.0  1.0  -5.893004810315776  -0.0  0.0  -0.0  1.0
5494384561084;7.769594886748286;6.522257889891881;1.0  -0.0  0.0  3.9693309150732166  -0.0  1.0  -0.0  0.1502224668209877  -0.0  0.0  1.0  -3.513014425997703  -0.0  0.0  -0.0  1.0
5494384561115;2.7618695788486547;2.069218496988484;1.0  -0.0  0.0  1.3940561350545249  -0.0  1.0  -0.0  1.465690497033061  -0.0  0.0  1.0  -3.0844558553415995  -0.0  0.0  -0.0  1.0
5494384561146;4.978157980828911;6.291972942320513;1.0  -0.0  0.0  2.0084224950314518  -0.0  1.0  -0.0  1.9492712686396232  -0.0  -0.0  1.0  6.258201416003145  -0.0  0.0  -0.0  1.0
5494384561177;7.540163639644457;8.823632831958186;1.0  -0.0  -0.0  -4.2668651921212115  -0.0  1.0  0.0  0.7469399628555553  -0.0  -0.0  1.0  7.322495542601011  -0.0  0.0  -0.0  1.0
5494384561208;2.258030642572619;2.6206723337073643;1.0  -0.0  0.0  3.0306899545593255  -0.0  1.0  -0.0  -2.9579616186088167  0.0  0.0  1.0  -0.20806113033391993  -0.0  0.0  -0.0  1.0
5494384561239;3.8492329696698255;5.093042018601386;1.0  -0.0  0.0  -5.234888436004084  -0.0  1.0  -0.0  -4.057447263505915  0.0  -0.0  1.0  5.772941930494649  -0.0  0.0  -0.0  1.0
5494384561270;9.123550834747231;11.881961596758362;1.0  -0.0  0.0  -9.123173083787878  -0.0  1.0  -0.0  -0.951753969569444  0.0  -0.0  1.0  -6.864220757550507  -0.0  0.0  -0.0  1.0
5494384561301;4.160514649695006;5.115602937738214;1.0  -0.0  0.0  -3.3581004852813825  -0.0  1.0  -0.0  -2.607771977483604  0.0  -0.0  1.0  4.086314612705628  -0.0  0.0  -0.0  1.0
5494384561332;6.482396831003189;7.7445642499053005;1.0  -0.0  0.0  0.6325231803469396  -0.0  1.0  -0.0  -5.640427597034014  0.0  0.0  1.0  -6.192958511632651  -0.0  0.0  -0.0  1.0
5494384561363;2.945345827521586;3.988637279278363;1.0  -0.0  -0.0  -4.213446127224492  -0.0  1.0  0.0  0.6213875241405886  -0.0  -0.0  1.0  -1.854746081315192  -0.0  0.0  -0.0  1.0
5494384561394;1.7737978589250467;2.1182013079757116;1.0  -0.0  0.0  0.6238130502189395  -0.0  1.0  -0.0  -2.0707053400955306  0.0  0.0  1.0  -3.1143583393162872  -0.0  0.0  -0.0  1.0
5494384561425;2.0770362960670123;5.085382471435082;1.0  -0.0  0.0  1.2450671958748707  -0.0  1.0  -0.0  0.6734243559985794  -0.0  -0.0  1.0  5.357020206530408  -0.0  0.0  -0.0  1.0
5494384561456;3.2026873730298178;2.8269228559531134;1.0  -0.0  0.0  -1.6115626869647477  -0.0  1.0  -0.0  -0.3141426601898576  0.0  -0.0  1.0  3.305580862782933  -0.0  0.0  -0.0  1.0
5494384561487;2.7650958552301788;4.226721105008404;1.0  -0.0  -0.0  -1.872694447461189  -0.0  1.0  0.0  1.857456762374428  -0.0  -0.0  1.0  -3.6892180206118734  -0.0  0.0  -0.0  1.0
5494384561518;5.145762913418466;8.002736498375185;1.0  -0.0  0.0  -7.010028877296702  -0.0  1.0  -0.0  -4.382486145826374  0.0  -0.0  1.0  2.3204256161351653  -0.0  0.0  -0.0  1.0
5494384561549;4.6377896203071325;4.695558592821258;-0.9562538023781344  -0.29064167534911706  0.03325781092641768  5.174733952378729  0.29252605450879743  -0.951055040749778  0.09961333694820024  1.6544464555059155  0.0026782215881314183  0.10498440843619547  0.9944702615535712  -4.673000925968583  -0.0  0.0  -0.0  1.0
5494384561580;4.567914726536869;4.0204844939724484;1.0  -0.0  0.0  -1.2213636828645829  -0.0  1.0  -0.0  -1.12431231632581  0.0  -0.0  1.0  -4.03264699148148  -0.0  0.0  -0.0  1.0
5494384561611;3.9710273671971175;4.392724369815222;1.0  -0.0  0.0  3.610265317189854  -0.0  1.0  -0.0  3.958043999684087  -0.0  0.0  1.0  -0.6068882333051442  -0.0  0.0  -0.0  1.0
5494384561642;3.9300328799679396;8.859251792283564;0.2816599866055225  -0.1802809574168448  -0.9424258211330173  12.582292739478637  -0.39414124794258193  0.8737624522492156  -0.2849418426796998  0.3613149662101368  0.874825884742582  0.45170560482719707  0.17504775906036524  -1.8288269009898808  -0.0  0.0  -0.0  1.0
5494384561673;1.856504570527757;1.224418770549503;1.0  -0.0  0.0  0.4210468566187544  -0.0  1.0  -0.0  -1.4445111515680207  0.0  0.0  1.0  -1.527407268720044  -0.0  0.0  -0.0  1.0
5494384561704;3.161923902897827;3.1517884707361086;1.0  -0.0  -0.0  -0.6829427723650046  -0.0  1.0  0.0  1.2176926374062682  -0.0  -0.0  1.0  3.539013627156107  -0.0  0.0  -0.0  1.0
5494384561735;3.569181629467939;5.886662924655423;1.0  -0.0  -0.0  -0.8513650991860384  -0.0  1.0  0.0  3.7366676219999992  -0.0  -0.0  1.0  6.124956933527791  -0.0  0.0  -0.0  1.0
5494384561766;3.9022771741523186;3.5618314125008137;1.0  -0.0  0.0  1.3092909477312045  -0.0  1.0  -0.0  -2.9117097714496385  0.0  -0.0  1.0  5.229484542528012  -0.0  0.0  -0.0  1.0
5494384561797;1.7821658772718727;0.740195709285124;1.0  -0.0  0.0  0.840994696253972  -0.0  1.0  -0.0  1.0045909725300302  -0.0  -0.0  1.0  0.36128559444994757  -0.0  0.0  -0.0  1.0
5494384561828;3.031970333042847;1.245875460725337;1.0  -0.0  0.0  1.004575487275022  -0.0  1.0  -0.0  -0.11545477524852787  0.0  0.0  1.0  -0.8965159186564347  -0.0  0.0  -0.0  1.0
5494384561859;3.9115043062921147;2.2775907507750723;1.0  -0.0  0.0  3.6565206859462593  -0.0  1.0  -0.0  1.8019973953292698  -0.0  -0.0  1.0  0.061643578814716715  -0.0  0.0  -0.0  1.0
5494384561890;2.700280821168816;2.3906396978367264;0.8152907437826817  0.28902566908138455  -0.50176206085588  0.8715043717757198  -0.11641880169226143  0.9306457051943106  0.3469081060106842  -1.1773243339764814  0.5672280544144649  -0.22441642991421104  0.7923948512387875  -4.449873752964634  -0.0  -0.0  -0.0  1.0
5494384561921;4.363288827751439;4.713026222631593;1.0  -0.0  0.0  -2.9061311501538443  -0.0  1.0  -0.0  -4.4832418458835175  0.0  -0.0  1.0  -1.3705148485934053  -0.0  0.0  -0.0  1.0
5494384561952;5.900960080460973;7.507421667434343;1.0  -0.0  0.0  -4.098692788098223  -0.0  1.0  -0.0  -2.7445124238453498  0.0  -0.0  1.0  7.2707200588140015  -0.0  0.0  -0.0  1.0
5494384561983;1.9280359265963185;1.6786257990553595;1.0  -0.0  0.0  0.0768105181154013  -0.0  1.0  -0.0  -0.32710904256392725  0.0  0.0  1.0  -1.9239859589369042  -0.0  0.0  -0.0  1.0
5494384562014;2.290467177188447;1.7634054927019616;1.0  -0.0  -0.0  -0.5165175165174816  -0.0  1.0  0.0  0.29405806608834517  -0.0  -0.0  1.0  1.9834312928135207  -0.0  0.0  -0.0  1.0
5494384562045;2.843775395138052;3.4578795268724045;0.1947602002310397  -0.6493941156474493  0.735088938134994  -0.8847788657978126  0.5735403620385372  -0.532563475315698  -0.6224368223943444  -0.8547309018832763  0.7956883293844828  0.5428290958691625  0.2687315671059103  -3.8709874433107068  -0.0  0.0  -0.0  1.0
5494384562076;7.910208896373804;8.16040877441242;1.0  -0.0  -0.0  -8.419785737515467  -0.0  1.0  0.0  2.853044402763041  -0.0  -0.0  1.0  3.574816426850133  -0.0  0.0  -0.0  1.0
5494384562107;6.000656068192277;6.051116822886982;-0.06202785899659786  0.9941906571358831  0.08796295795401515  11.309252909569047  -0.9968034584187183  -0.0572615201951588  -0.0557134058321998  3.1133544511304168  -0.05035285486228321  -0.09113756398248238  0.9945644948612211  2.2407055238542726  0.0  -0.0  -0.0  1.0
5494384562138;3.161989247048879;3.5053849821481373;1.0  -0.0  -0.0  -4.0682709868544595  -0.0  1.0  0.0  0.058331228751434594  -0.0  -0.0  1.0  0.2836841189720396  -0.0  0.0  -0.0  1.0
5494384562169;5.267286062056453;6.138820206905333;1.0  -0.0  0.0  -1.3326663050586491  -0.0  1.0  -0.0  -0.6705076803323551  0.0  -0.0  1.0  6.985074189945259  -0.0  0.0  -0.0  1.0
5494384562200;6.316421781002835;6.2512149817162905;0.09028779699631154  -0.9953830570411671  -0.03256813579149697  2.8977428417527253  0.9957992283130783  0.08972880065012684  0.018238399736999047  -0.3792639164372807  -0.015231894321771465  -0.03407802942175997  0.9993030958153278  -6.102479443427097  -0.0  0.0  -0.0  1.0
5494384562231;6.809241551181215;6.8068629550730915;-0.22384460315658355  -0.904293543884628  0.36351998586907963  0.44884173567029145  0.9508188464345402  -0.28455198731400316  -0.12236702080439094  -6.1028459513055795  0.21409604130521107  0.3182504564085269  0.9235147709123039  6.036582738720133  -0.0  0.0  -0.0  1.0
5494384562262;9.226605709293516;8.662987089461051;1.0  -0.0  0.0  4.684148713900001  -0.0  1.0  -0.0  -0.45807912575925924  0.0  -0.0  1.0  7.9173290622222225  -0.0  0.0  -0.0  1.0
5494384562293;3.35198828640729;4.190596499822216;1.0  -0.0  0.0  0.06390480063980464  -0.0  1.0  -0.0  -4.344550430693041  0.0  -0.0  1.0  0.9860293670573881  -0.0  0.0  -0.0  1.0
5494384562324;6.007210908334361;6.069905763744138;0.9021618206108295  -0.42924221931561896  -0.043071644839212  0.36222234698694344  0.40755288371346504  0.815303241893728  0.411316509192637  4.224494968803271  -0.14143795957589664  -0.38862802384102413  0.9104743613504055  -2.1600682294062685  -0.0  0.0  -0.0  1.0
5494384562355;2.8594967283924566;3.4011136945691725;1.0  -0.0  0.0  -2.9285348029467095  -0.0  1.0  -0.0  -0.3449826389059555  0.0  -0.0  1.0  2.093063242983699  -0.0  0.0  -0.0  1.0
5494384562386;7.555953592991905;8.232136886943625;1.0  -0.0  0.0  2.5703157046365104  -0.0  1.0  -0.0  -3.240463401588354  0.0  -0.0  1.0  8.625532087262144  -0.0  0.0  -0.0  1.0
5494384562417;3.909277903469262;3.4003606999754092;0.9029811788096165  0.04499793256493386  -0.42731741923361594  1.7380222571355455  -0.24239900262874153  0.8744873377764192  -0.4201364297383692  -2.635653714011205  0.35477840159765517  0.4829566048141318  0.8005530610935293  -1.7385051665073228  -0.0  0.0  -0.0  1.0
5494384562448;8.322743061723811;10.916045186369299;1.0  -0.0  0.0  0.7995742283513811  -0.0  1.0  -0.0  -2.6083251571686743  0.0  -0.0  1.0  7.941020054963367  -0.0  0.0  -0.0  1.0
5494384562479;5.142564597723577;4.270965698080065;1.0  -0.0  0.0  2.9065744203610984  -0.0  1.0  -0.0  -1.920114808494684  0.0  -0.0  1.0  2.977463848107378  -0.0  0.0  -0.0  1.0
5494384562510;7.409784479444804;7.105608699170123;0.16400867943142053  0.9250634641034008  -0.3425766198271225  0.24448872183733544  -0.970022646716463  0.2143689220754796  0.11446409963559391  6.612056455942115  0.17932433724498115  0.3135339736443451  0.9324908736510163  5.900196374716656  -0.0  -0.0  -0.0  1.0
5494384562541;3.4584512201369555;6.921681174091846;1.0  -0.0  0.0  -5.670093954166664  -0.0  1.0  -0.0  -1.5433409462129628  0.0  -0.0  1.0  -4.54143449564815  -0.0  0.0  -0.0  1.0
5494384562572;8.23556210803444;7.6307158823512635;1.0  -0.0  0.0  0.2976707341666658  -0.0  1.0  -0.0  -0.05775727197465885  0.0  -0.0  1.0  8.95476462957115  -0.0  0.0  -0.0  1.0
5494384562603;7.97771549928889;8.058503171292674;1.0  -0.0  -0.0  -4.1513934914744475  -0.0  1.0  0.0  7.684990762281776  -0.0  -0.0  1.0  -0.3334283797376756  -0.0  0.0  -0.0  1.0
5494384562634;7.765621830691003;7.610015232450621;1.0  -0.0  -0.0  -2.8196511021497694  -0.0  1.0  0.0  1.478888458202957  -0.0  -0.0  1.0  7.615708869770736  -0.0  0.0  -0.0  1.0
5494384562665;9.270386005314265;8.213685410461522;1.0  -0.0  0.0  5.565226084600768  -0.0  1.0  -0.0  5.626637810498085  -0.0  -0.0  1.0  0.30151158807662837  -0.0  0.0  -0.0  1.0
5494384562696;6.577937540194185;6.419206849565574;1.0  -0.0  0.0  -1.8646212047644157  -0.0  1.0  -0.0  -2.312738784236111  0.0  -0.0  1.0  6.213976343523207  -0.0  0.0  -0.0  1.0
5494384562727;4.59848726203546;6.177565534910777;1.0  -0.0  0.0  -4.769858398566918  -0.0  1.0  -0.0  -0.2936856692468437  0.0  -0.0  1.0  4.593141953996844  -0.0  0.0  -0.0  1.0
5494384562758;5.063388290222;4.534071587286683;1.0  -0.0  0.0  1.7685891531954019  -0.0  1.0  -0.0  -4.9451948486666675  0.0  -0.0  1.0  1.5396373385902296  -0.0  0.0  -0.0  1.0
5494384562789;4.438629717023098;2.517972966945538;1.0  -0.0  0.0  1.0700858907619644  -0.0  1.0  -0.0  -2.371892024177061  0.0  -0.0  1.0  0.48729562462559384  -0.0  0.0  -0.0  1.0
5494384562820;8.161517273743991;8.138736992068486;1.0  -0.0  -0.0  -0.07969797842046633  -0.0  1.0  0.0  5.28685527675751  -0.0  -0.0  1.0  7.922542756640711  -0.0  0.0  -0.0  1.0
5494384562851;6.219799808788275;8.152199072201403;1.0  -0.0  -0.0  -8.138162281863918  -0.0  1.0  0.0  0.396387635342767  -0.0  -0.0  1.0  4.963611800515151  -0.0  0.0  -0.0  1.0
5494384562882;6.86050681050468;6.830786664120236;1.0  -0.0  0.0  -5.899909108738098  -0.0  1.0  -0.0  -2.0899959963452384  0.0  -0.0  1.0  3.6834887542869055  -0.0  0.0  -0.0  1.0
5494384562913;3.2808971466396697;8.567123876256437;1.0  -0.0  0.0  -5.83760428891547  -0.0  1.0  -0.0  -0.9381842632388351  0.0  -0.0  1.0  2.9099117876423457  -0.0  0.0  -0.0  1.0
5494384562944;2.926015559566035;2.9086786698992833;1.0  -0.0  0.0  -1.769404538954288  -0.0  1.0  -0.0  -2.2685123809218832  0.0  -0.0  1.0  4.004255183513418  -0.0  0.0  -0.0  1.0
5494384562975;7.45090069206603;13.509441487784768;1.0  -0.0  0.0  -8.89071295197363  -0.0  1.0  -0.0  -11.410724881150406  0.0  -0.0  1.0  -0.9280757433826121  -0.0  0.0  -0.0  1.0
5494384563006;1.7422069969351626;7.597395989809862;1.0  -0.0  0.0  -6.732123260883983  -0.0  1.0  -0.0  -2.877422667544777  0.0  -0.0  1.0  -0.24798654681856203  -0.0  0.0  -0.0  1.0
5494384563037;5.728273913522797;5.466236192844276;-0.5790164106151903  -0.8097611652251031  -0.09500974440331501  1.4141155633473548  0.8153148828809242  -0.5748879564224818  -0.06903245116065448  -3.6665923705407275  0.0012798402899524346  -0.11743378071774596  0.9930798906206741  4.193353128128011  -0.0  0.0  -0.0  1.0
5494384563068;4.596809114569144;4.935956408663791;0.9323587345936999  0.17027539455760654  -0.31892550859892893  0.9988812428270415  -0.3043316871104933  -0.10655965296506982  -0.9465871669214865  8.348021685583285  -0.19516509484873398  0.9796179512280361  -0.047531625098134994  0.13479153678024458  -0.0  -0.0  0.0  1.0
5494384563099;7.571012982470478;7.789358319923651;1.0  -0.0  0.0  2.60335473219763  -0.0  1.0  -0.0  -7.876141711007249  0.0  0.0  1.0  -1.6046350905698277  -0.0  0.0  -0.0  1.0
