# fast_global_benchmark.py --distance_metric=euclidean --decrease_mu=True --division_factor=1.4 --iteration_number=150 --maximum_correspondence_distance=0.05 --maximum_tuple_count=1000 --tuple_scale=0.95 --tuple_test=True --use_absolute_scale=False --input_txt=/neural_comparison/point_clouds_registration_benchmark//eth/wood_summer_global.txt --input_pcd_dir=/neural_comparison/point_clouds_registration_benchmark//eth/wood_summer/ --input_features_dir=/neural_comparison/experiments/3DFeatNet/feature_extraction_voxelgrid_0.1//eth/wood_summer/ --output_dir=/neural_comparison/experiments/3DFeatNet/results_fgr_voxelgrid_0.1/
id;initial_error;final_error;transformation
2318808360030;4.969564550018172;7.231064096535623;0.9416889909480994  0.059844825665946774  -0.3311199800195746  -4.237990312302608  0.08112102446267931  -0.9954088594006203  0.05079942929681445  18.27326599212214  -0.326559678645843  -0.0746980553145057  -0.9422202379565804  13.66602602738437  -0.0  0.0  0.0  1.0
2318808360061;1.6724101210514537;1.6952561909028012;0.9506272976538569  0.03851688710729641  0.30793536718423364  1.5174815567278674  -0.11037034338671682  0.9693546878547481  0.2194763687386975  -1.5358591540230682  -0.2900450452188821  -0.24262715952998834  0.9257461494396755  -1.5748678728012449  0.0  -0.0  -0.0  1.0
2318808360092;1.584883217651029;1.6210342779739568;0.8062824821418859  -0.24819148422523274  0.5369446397434228  -0.38167001807342704  0.5226089145493619  0.7241087590825849  -0.45005158310288995  -4.940151568041376  -0.2771073463924337  0.6434807628654915  0.7135432897851315  -0.7332294914108193  -0.0  -0.0  -0.0  1.0
2318808360123;2.8011658140671436;3.653333996614081;0.6066624107481015  0.6552153088991494  -0.4501706547182916  -0.8183901182991031  -0.590015522233907  0.750623746771004  0.2973981746859059  1.0259516771488721  0.5327686204238696  0.08518738033095509  0.8419624144366521  5.8841460547972435  -0.0  -0.0  -0.0  1.0
2318808360154;5.158117208596515;5.164129159118474;0.6426382454210142  -0.7661619121753243  0.00346552363305506  -7.027869665947352  0.7658748688277307  0.6425098184256346  0.024835831469185207  -5.8309553457639165  -0.021254901089118976  -0.013306297701043692  0.9996855363669036  3.165612214477402  0.0  -0.0  -0.0  1.0
2318808360185;2.9373278081057164;5.987925539827014;0.9744807624014158  -0.062414902652509645  0.21561916342578213  -8.55038126093363  0.06571707942940519  0.9978048288181361  -0.00817245730980449  -10.552922694422614  -0.214635759324549  0.02213376411930534  0.9764433354297039  4.549019202203777  -0.0  -0.0  -0.0  1.0
2318808360216;2.8192109211834575;4.4077713745897515;0.7232236186722811  -0.6560513166697304  -0.21574120443365477  -6.855522710779968  0.6842610616025876  0.6384345861988567  0.35240328988191116  -0.16326163082444434  -0.09345799574712893  -0.4024896881176058  0.9106413421264822  1.9714324085741488  -0.0  0.0  -0.0  1.0
2318808360247;5.338906233558544;4.984031321729684;0.9651012744827916  0.20500827814751002  -0.16294519287995413  7.216644769419761  -0.23914377100842737  0.9435101511015126  -0.22934439508361318  -1.9112579622158166  0.10672294401655695  0.26030789588368747  0.9596093020396619  -5.693836718624892  -0.0  0.0  -0.0  1.0
2318808360278;3.9358878406157967;3.722301599753091;0.9641890681582274  -0.2651216051471397  0.007069323049150695  -0.26960104806608387  0.26434033957798614  0.958500723761123  -0.10677334602417209  7.606106883946114  0.021531969625747358  0.10481840026258141  0.9942582548062793  -1.0392052255469033  -0.0  0.0  -0.0  1.0
2318808360309;2.1234453820707166;1.1813506100651923;0.9431474017151322  -0.28830380796090926  0.16539012350570828  1.5792442017416195  0.33048575032594746  0.866418317335233  -0.3742972992388256  -1.0685438923777002  -0.03538569583164485  0.40767660430937497  0.9124404850889114  3.0522917092163286  -0.0  -0.0  -0.0  1.0
2318808360340;2.3866042493559383;1.5989695670660775;0.02980529236204951  0.9910569002037315  0.13006869379594166  -4.290267582518221  0.3690202497740662  -0.13184396256381387  0.9200224045055405  11.244600142749912  0.928943324322802  0.020576445126441616  -0.369649712703879  -7.376404513116685  -0.0  0.0  0.0  1.0
2318808360371;4.044074629937958;6.319108370607586;0.8123790797152373  -0.541364747209798  -0.2167128083881894  2.4268073138241326  0.5673217373714711  0.8196956119367357  0.0790262619480084  0.9152161342127616  0.13485650576386637  -0.1871451689200965  0.9730315558105136  13.914823129451007  -0.0  -0.0  -0.0  1.0
2318808360402;4.2662430875772905;4.242293917689259;0.7324686911351287  -0.6751479323321778  -0.08754933451703137  2.9985317429409726  0.6316309174721443  0.7219091442679211  -0.2826474332373361  4.490885935747669  0.25403149529160124  0.15173152899098682  0.9552201539488008  -4.264343243791453  -0.0  0.0  -0.0  1.0
2318808360433;3.0557917853126377;5.667724221778983;0.36332750216313864  -0.9313971207466134  -0.02219300873728407  7.075647392156816  -0.2037739144840559  -0.05620066986082608  -0.9774035381985469  20.198590398130563  0.909103579328417  0.359639942403668  -0.21021368623414513  -6.670858871847155  -0.0  0.0  0.0  1.0
2318808360464;1.0653308809730693;1.990458165123267;0.6740189606192972  -0.1722430186193855  -0.7183528264457262  4.6480343628348475  0.6417668513019185  0.6181126273678075  0.453951636695462  -6.55506426945732  0.3658329527198201  -0.7669870418888108  0.527159490362213  1.504981093803024  -0.0  -0.0  -0.0  1.0
2318808360495;1.7172042102086578;3.0034256201912926;0.8390346985281185  -0.3061346346338318  -0.4497803465508902  1.390154971137042  0.5430325436404885  0.5224112019896151  0.6574208641221435  -2.717067680754209  0.03371099543426567  -0.7958442822018478  0.6045621947107302  12.078327307934106  -0.0  -0.0  -0.0  1.0
2318808360526;3.6807220373796983;4.372974040434509;0.9016456583765275  -0.30860668228592003  -0.30298023430453835  -0.5197900143139599  0.3916774039873968  0.8797423973549432  0.26952203157046695  -3.4559936743334188  0.1833682577123136  -0.36168388123422784  0.9140901772357555  7.613883798739858  -0.0  -0.0  -0.0  1.0
2318808360557;2.560279020018075;3.799510831225045;0.8985833910347213  0.30431228321920883  0.316135925890198  -2.568999480350165  -0.43304399408745575  0.7313322071978533  0.5269023646748034  -4.915437205811054  -0.07085752282802545  -0.610366477615726  0.7889435812918743  -1.9049798477893454  0.0  -0.0  -0.0  1.0
2318808360588;3.9226564362176193;4.851880663094494;1.0  -0.0  0.0  -1.8495328076134037  -0.0  1.0  -0.0  -7.1261228572686495  0.0  -0.0  1.0  6.761061760151357  -0.0  0.0  -0.0  1.0
2318808360619;3.5577362196516864;3.1978358811316316;1.0  -0.0  0.0  5.6341095040753775  -0.0  1.0  -0.0  -1.5425014430783328  0.0  -0.0  1.0  3.19769968152766  -0.0  0.0  -0.0  1.0
2318808360650;2.026557361496415;2.0669274873591967;-0.36585362921651987  0.9280070479676094  0.07038494804674451  -1.6530232531841278  -0.8635707808886128  -0.3666996772976803  0.34608792678336137  23.879529153333472  0.34698217300681217  0.06583513949418208  0.9355581788554103  -2.7850521820580862  -0.0  0.0  -0.0  1.0
2318808360681;3.2402694513344694;3.2404554087944772;0.14978024734426015  0.9881650127738055  0.033102643931235215  6.158476639423165  -0.9613168249396365  0.15337510316174743  -0.2287925694118988  8.615660770289079  -0.2311619337033404  0.0024464790759606276  0.9729122134841677  1.8394818110851778  -0.0  -0.0  -0.0  1.0
2318808360712;4.183482302346372;3.407386107235007;-0.9870827102269191  -0.05074564388408173  0.15196250457883148  14.529631326246092  0.14613463858048212  -0.673963171872343  0.7241673220787607  11.381513647017796  0.06566879455291648  0.7370200286196855  0.6726730906134152  -5.677958529139791  -0.0  0.0  -0.0  1.0
2318808360743;4.6928323050556155;4.527335239360822;1.0  -0.0  0.0  0.8958468923728136  -0.0  1.0  -0.0  2.7027707699208987  -0.0  -0.0  1.0  7.072117915615735  -0.0  0.0  -0.0  1.0
2318808360774;2.6368253275423768;3.3518226958132518;-0.9039242661633059  0.3245152376166614  -0.2785871167080933  15.311174445499752  0.047040990430094264  0.7228567294180499  0.6893948752017214  -5.619043138209899  0.425097713779412  0.6100557427724463  -0.6686732568675643  1.5140634670207536  0.0  -0.0  0.0  1.0
2318808360805;3.822501238380734;3.0119157166888613;0.7677052208522122  0.6103918893290589  0.1950652078602454  0.05145329791058806  -0.6333000575281988  0.7691555706084163  0.0856197718802284  7.751773489536397  -0.0977738769357012  -0.18926555324027047  0.9770459658304811  -5.301386053666046  0.0  -0.0  -0.0  1.0
2318808360836;3.8885550361159975;4.150749387871673;0.8362874481986965  0.5418887495369976  0.0835457186846947  -4.68458152233147  -0.4423978430501231  0.7569057581668822  -0.48101748587594634  6.396495582188332  -0.32389419946938336  0.3653084400599666  0.8727211989925769  6.971334455203458  -0.0  -0.0  -0.0  1.0
2318808360867;3.4260014484993295;5.75440117280961;0.4084062369469336  0.466520224917784  0.7845783742657616  -0.045015522016543554  0.49591858629411717  0.608209137403121  -0.619795450892789  4.592930793860525  -0.7663348493908452  0.6422153259787646  0.017040354664707734  9.384556014363428  -0.0  -0.0  -0.0  1.0
2318808360898;3.99662055613861;4.2730591185567866;0.5333698975760628  -0.8434535116829946  -0.06405252523768709  21.832631627312768  0.33379924328904953  0.2794499307617887  -0.900269849199055  1.9687461296332716  0.7772352395120516  0.45879615280302505  0.4305943248973287  -13.999156336261272  -0.0  0.0  -0.0  1.0
2318808360929;3.423510523147215;4.257275623892029;0.9401293072385256  0.31378658105740076  0.13302205538750175  -0.6839248816297602  -0.3387267101054953  0.9034244045641062  0.26284702984644825  -1.4859135295515034  -0.037697500345737864  -0.2921683192721253  0.9556236558820551  10.390733604340921  0.0  -0.0  -0.0  1.0
2318808360960;3.2303591939848126;3.226755586425976;0.8424230428923587  -0.5119650538817967  0.16797380869586473  3.222429211561225  0.4483592788570007  0.8389555621958704  0.3084274983256894  -5.856436055272714  -0.29882666190755863  -0.18451381591746321  0.9362997799149395  -4.1554763041889355  0.0  -0.0  -0.0  1.0
2318808360991;1.4400202981915988;0.8546116272831343;0.9456512916761514  -0.23322096014290947  -0.2266089545919269  0.22890227344798572  0.3234521542284068  0.602819106183523  0.7293749578543969  -3.479790279252958  -0.03350132051470832  -0.763031525541454  0.6454924883789532  1.1042539098965258  -0.0  0.0  -0.0  1.0
2318808361022;4.853359975936401;6.710785909030271;0.9362956423498108  -0.02698878585468239  0.3501743502240652  1.7398969764045324  0.18688548450437376  0.8824540284122155  -0.43168125210694047  -3.7842088946327563  -0.29736221313125977  0.46962377833446733  0.831281673697031  10.788300159883224  -0.0  -0.0  -0.0  1.0
2318808361053;1.3356595994763014;5.084119966255134;0.8843742157284576  0.41808320329404225  -0.20757813391122876  -9.390088093712121  -0.41833342934164613  0.9071842783821774  0.044875683298050945  4.945240277128069  0.20707338904343425  0.047149975393431354  0.977188564899562  4.029802481091766  -0.0  -0.0  -0.0  1.0
2318808361084;4.199949712177371;3.3158810500977878;0.8697968626904177  -0.39052625712340644  0.30156700772977607  8.70272416973959  0.46621678397230115  0.8505902543313401  -0.24318332504321027  -2.87687507344263  -0.16154048407886112  0.35211569367713474  0.9219106303052573  -1.0204901247716671  -0.0  -0.0  -0.0  1.0
2318808361115;2.9319105454862306;4.2314858225167615;0.8763252889748177  -0.05611968647417073  -0.4784397231556381  -4.116345602752052  0.18208007679298963  0.9580982338427992  0.2211212788095441  2.079414131996677  0.4459829969160956  -0.28088851008425014  0.8498239884613685  4.183751936650251  -0.0  -0.0  -0.0  1.0
2318808361146;2.1018359827685917;2.7305346555426246;0.8176554169091242  0.40970281763095207  -0.40445422537590625  -4.44304265150999  -0.4783995908815338  0.874357566430847  -0.08144125164503006  0.7205848111271905  0.32027090196199043  0.2600816165175593  0.9109248608453205  -5.340470468668907  -0.0  0.0  -0.0  1.0
2318808361177;2.9797821204083887;3.3938951338386993;1.0  -0.0  -0.0  -6.822950380313759  -0.0  1.0  0.0  1.152530249094415  -0.0  -0.0  1.0  1.4654343889169805  -0.0  0.0  -0.0  1.0
2318808361208;2.047594508282059;4.441290184708133;0.031141585345123384  -0.15040005729032063  -0.9881346185764674  11.973984155362308  0.9658927833456841  0.25878766738415815  -0.008948423916718675  -8.113563307394669  0.25706289647267155  -0.9541534289499429  0.1533293881816072  9.956068813639455  -0.0  0.0  -0.0  1.0
2318808361239;2.8811770696532393;6.362423732657326;0.07942305572302547  -0.41182581293595266  0.9077948435738427  12.33402227313203  -0.9850927140284365  -0.17182700275777069  0.00823564759866526  11.117184074705408  0.15259201482287793  -0.8949161865353212  -0.4193336333867961  15.058453886275446  0.0  0.0  0.0  1.0
2318808361270;2.4139519301703216;2.798026027646032;0.9626811520823332  -0.15853931967176363  0.21934056520271614  3.9195200808060537  0.07568142628723164  0.9358232571255634  0.3442486792102935  -0.2836223751714705  -0.25984095354767106  -0.3148017082877976  0.9128978931504456  5.786196840881271  0.0  -0.0  -0.0  1.0
2318808361301;3.633939948710988;4.120124390185864;1.0  -0.0  0.0  1.2957361124130333  -0.0  1.0  -0.0  -8.111215214559497  0.0  0.0  1.0  -2.4281962646754764  -0.0  0.0  -0.0  1.0
2318808361332;6.355512347551134;5.85109069888226;0.9913432428437011  -0.11599808987052737  -0.061506243703592055  -3.055406450446524  0.07515974803692732  0.8854772297041016  -0.4585641590340176  -4.117132282457716  0.10765494481519279  0.4499716866892173  0.8865302555665532  7.4528191998469735  -0.0  0.0  -0.0  1.0
2318808361363;3.0049062450558113;3.3855275959850286;0.9318292173729564  0.18474500232570076  0.31235171484366947  -4.447236679728947  -0.3562276592773905  0.6299177784954477  0.6901488586537777  -4.458610572517777  -0.06925434582649626  -0.7543691910802278  0.6527870702864041  5.372640545347629  0.0  -0.0  -0.0  1.0
2318808361394;4.888364505047668;5.850697785260081;0.8150391971310195  -0.1181021627115082  0.5672415590406674  11.85510042301565  0.39934560251044154  0.8238322284990526  -0.402272978264581  -1.5627495396038118  -0.41980256894830287  0.5543936673963265  0.7186191374123413  2.2112256957171383  -0.0  -0.0  -0.0  1.0
2318808361425;1.9513800093892786;3.2700172715937903;0.6288858721791302  0.24688902957768022  -0.7372573274289569  8.363042047415282  0.4226797587890093  0.6873135673563802  0.5907130281599624  -7.851368141098004  0.6525675300561311  -0.6831148272450536  0.3278867967979209  -5.171943505497643  -0.0  -0.0  -0.0  1.0
2318808361456;2.9799420916800283;3.5992779351316657;0.5324907003845673  0.7940181015961831  0.29323865424180734  -2.2657768059402468  -0.5194676742979646  0.5800824163168244  -0.6274214896220071  6.591021263625506  -0.668286607200398  0.18176810671189458  0.721355228731971  10.44279850902927  -0.0  -0.0  -0.0  1.0
2318808361487;3.3327799764990607;3.099680252597423;0.9573766243972919  0.2802127948654772  -0.07007701942381542  3.184595331097697  -0.2834639562141879  0.8648768236824348  -0.4142900739631364  6.367243236338597  -0.055481389537834644  0.4164959416977041  0.907443081390945  -4.716184080399408  -0.0  -0.0  -0.0  1.0
2318808361518;4.4213036334582645;3.752664320138377;0.7099897847294817  -0.47813458231572337  0.5170124048546167  3.7264712211865163  0.3664842058090233  0.877789033719117  0.30850565501297916  -1.739724498309224  -0.6013350417798009  -0.029558983003934967  0.7984500197579419  -2.37869589186336  0.0  -0.0  -0.0  1.0
2318808361549;2.6879622013693756;0.9816268477589999;0.9374127011885218  -0.13324088178884536  -0.32172083406358837  -0.2969436470142923  -0.09919984059788892  0.783436357903038  -0.6135037609835619  -0.8890096089078985  0.33379158059452824  0.6070208732290466  0.7211857182366089  -0.630814777587709  -0.0  0.0  -0.0  1.0
2318808361580;1.329810775815828;1.7839037095739954;0.7954342822613581  -0.24974782809885188  -0.5521868569273127  3.9377558474931043  0.008806073841729723  0.9158063816460438  -0.40152350416865534  3.8776297533307593  0.6059758705318663  0.3145229621129262  0.7306630896910413  -4.25490537636179  -0.0  0.0  -0.0  1.0
2318808361611;3.0580385862811856;5.171960933208089;-0.6258796461808476  0.7705453987489478  -0.12055893564295364  6.125893024775086  0.4731640926563487  0.4980280233623623  0.7266937658783599  -4.405350044368078  0.6199922660140463  0.39777867767466124  -0.676300017499752  -0.4522878008954316  0.0  -0.0  0.0  1.0
2318808361642;5.3800009482235644;5.954900483660182;0.8805989461087517  0.40132924794631303  -0.2519530330339408  -6.893645193271246  -0.020733739729367966  0.5638243607685078  0.8256344240890269  3.5611362796309507  0.47340850029228515  -0.7218288751129524  0.5048241940558914  4.269415360183395  -0.0  -0.0  -0.0  1.0
2318808361673;3.504208192072817;5.8675930435977826;1.0  -0.0  0.0  2.174805492631594  -0.0  1.0  -0.0  -2.1349927650350455  0.0  -0.0  1.0  12.965668514728103  -0.0  0.0  -0.0  1.0
2318808361704;2.519718137010217;2.574421063718928;0.9494909568718668  -0.30156987797076484  -0.08673252861092648  0.475267416306381  0.31171865944721394  0.8747261939335507  0.3710600530897358  -3.34672821825575  -0.03603332028802862  -0.3793543124141641  0.9245495689695593  6.577081973848394  -0.0  0.0  -0.0  1.0
2318808361735;5.251465982301738;2.9021096317813067;0.29155192242888617  0.47888518147907444  -0.8280497928794952  3.760440058129154  0.8876926371938672  0.18705208047227187  0.4207294867997648  -2.406252282770799  0.3563695531324466  -0.8577181950680239  -0.3705674560042087  10.300582451878256  -0.0  0.0  0.0  1.0
2318808361766;5.291135375928377;5.183227397440491;0.2513164048314999  -0.6042890368794198  -0.7560918096170018  8.657758342147272  -0.8721855360966776  0.19732375113161507  -0.4476111346504918  24.491140197683496  0.4196813735279684  0.7719443614320222  -0.4774614618657592  -8.466761013976548  -0.0  0.0  0.0  1.0
2318808361797;3.384830345230238;3.391324981836931;-0.6211019806486807  0.7826077453856256  -0.04192190950702259  6.860665051102713  -0.7759979766526754  -0.6065991538062602  0.1728137923676313  17.072956212030245  0.10981561758346903  0.13986630567781153  0.9840619628208389  -7.047128643044669  0.0  -0.0  -0.0  1.0
2318808361828;1.4149627962549474;1.78859519543684;0.8387274785510321  0.1357057087682038  -0.527371005394826  1.5485429736513148  0.2461729387124279  0.76935386753904  0.5894858019905208  -5.082682693727707  0.4857315111963796  -0.6242424105349151  0.6118711563069833  -0.770866963138247  -0.0  -0.0  -0.0  1.0
2318808361859;2.242344127922003;3.6968679189340423;0.8620955452385853  -0.3381871076663829  -0.3773867394173117  1.5345941056977335  0.5021893976495964  0.6698070581807358  0.5469591517651055  1.7830675643678913  0.06780176817843188  -0.6610506675130972  0.7472716609188169  4.857117327514709  -0.0  -0.0  -0.0  1.0
2318808361890;3.1043376176245805;4.034933638429249;0.965572831671474  -0.03089511502753612  0.25829169286945064  4.2661230692041  -0.15706398200151486  0.7222655035212477  0.6735454312672811  -5.155685300394409  -0.20736444318098352  -0.6909254911281204  0.6925474376630136  -3.5690179233734765  0.0  -0.0  -0.0  1.0
2318808361921;2.582712583147148;1.4570007808708225;0.7246536212223618  -0.26994402606646645  0.6340404971611375  3.821476406649529  0.4898148232388503  0.8489585813263807  -0.19837027531309356  -4.532569325758388  -0.48472525020346413  0.4543121723917675  0.7474234956380906  -0.7793965596502384  -0.0  -0.0  -0.0  1.0
2318808361952;1.429597864979908;1.4890261753702028;0.7592741676477021  0.6081450949588377  -0.23165120725002525  -2.729395042342601  -0.48416429674609  0.7657424283098934  0.4233479269376783  3.2621214344396208  0.43484212318869403  -0.20927990100239477  0.8758505871078551  -2.9773767858336666  -0.0  -0.0  -0.0  1.0
2318808361983;3.430782124719056;4.467775242384482;0.7735970801528973  -0.2711048530082944  0.5727562450591543  4.21641736535569  -0.0913930804834135  0.8466761709005995  0.5242010744636563  8.463956911131975  -0.6270525196653506  -0.45786637822016485  0.6302091059933075  10.808299162417365  0.0  -0.0  -0.0  1.0
2318808362014;3.6985124006147214;4.145507505157786;0.5975661914537577  -0.14046092232955776  -0.7894209118903422  9.06640835174763  0.2573596151810473  0.9660437057614382  0.022925684996728098  -2.999218033731837  0.7593949402684442  -0.2168646763699336  0.6134240269484477  -10.158178443445655  -0.0  -0.0  -0.0  1.0
2318808362045;2.2111434334810025;2.348791829449389;1.0  -0.0  0.0  -3.2218040754092083  -0.0  1.0  -0.0  -0.9697842172877955  0.0  -0.0  1.0  3.3131700658989516  -0.0  0.0  -0.0  1.0
2318808362076;1.35138127439203;2.679453139449474;0.7606312978809554  -0.28312030017582873  0.5841942522075013  -1.0047780791876209  0.19716574314514992  0.9581313255837905  0.20762955633789132  -5.105732582762331  -0.6185189555817625  -0.04274644503812027  0.7846062981028432  4.345389150761567  0.0  -0.0  -0.0  1.0
2318808362107;2.3703459450599085;2.831158875828492;-0.23273307830058168  0.9067304865185725  0.35167476321528873  9.073672855957982  -0.6957702829884796  0.09741877493559838  -0.7116272167365287  8.859029616302156  -0.6795138170595707  -0.4103040422757763  0.6082035558242748  8.429316539289998  0.0  -0.0  -0.0  1.0
2318808362138;3.4849647346435484;3.642577835581788;0.802286322442316  0.4823974904528353  -0.35160961025943277  0.8277767880364706  -0.5604087287113936  0.40577546277812393  -0.7220029990182023  4.786576473011882  -0.2056178825055454  0.7762982255628335  0.59588786812783  -8.08441796008139  -0.0  -0.0  -0.0  1.0
2318808362169;3.48714335094723;2.261444438494538;1.0  -0.0  0.0  1.632257546217673  -0.0  1.0  -0.0  2.8728270055196194  -0.0  0.0  1.0  -2.259602660335728  -0.0  0.0  -0.0  1.0
2318808362200;1.6972551672156184;4.018857767487475;-0.560059417151223  0.22132347249443052  -0.7983416372601647  11.333104719245986  0.7874242178009685  -0.1572899024390743  -0.5960058622289224  1.2252154173997865  -0.25748116529324366  -0.9624322350761702  -0.0861837711261207  13.924084192356462  0.0  -0.0  0.0  1.0
2318808362231;2.3843011935207;2.657325564793419;-0.6299645980350456  -0.6565391000514216  -0.41485059398079016  10.434625029281634  -0.7765443536365801  0.5248595490099446  0.3485703955418822  9.206977366079618  -0.011111798130368129  0.5417368954730224  -0.8404746659034777  -3.7183343416379153  0.0  0.0  0.0  1.0
2318808362262;5.232306399155367;4.675381780553293;0.6683393429283485  0.1651674841048442  0.7252876842250799  -6.227551899227914  0.2758870002047001  0.8504558328795884  -0.4478964606235882  -6.171701600504992  -0.6908030731056098  0.4994442696793723  0.5228255308152835  -1.9541817940197013  -0.0  -0.0  -0.0  1.0
2318808362293;3.4552109610591604;7.163461234807538;0.9838773902480996  -0.16686631467918128  -0.06434993383042036  3.8812387366461607  0.16664084964153406  0.9859775546509789  -0.008893197131638686  -2.300605141632333  0.06493156543114217  -0.0019735120630392507  0.9978877677678982  13.723718680627394  -0.0  0.0  -0.0  1.0
2318808362324;3.901348001708932;4.542494348733611;0.8700012080376649  0.3433246609942208  0.35387296472916324  -9.579720338458705  -0.4115776104006419  0.9008921030034087  0.13783065465633457  1.8034378848889787  -0.27148069660640906  -0.2655590252642533  0.9250819614881691  -0.5452560379682035  0.0  -0.0  -0.0  1.0
2318808362355;2.04977221751585;2.464971958743567;0.2525560584126758  -0.9643412985850123  0.07912835902775063  1.4478078339329499  -0.52413429729359  -0.2050918537918525  -0.82657157579291  -2.882374464080139  0.8133256886141033  0.16728177232320676  -0.5572415390912633  0.3144223551564712  -0.0  0.0  0.0  1.0
2318808362386;3.0729207631497046;2.950390509856878;0.5587695687680714  0.3373963645314395  -0.7575884517465366  6.6422010933818045  -0.2186215890159373  0.9411165017030648  0.25788433655097437  -5.27448999872821  0.7999882310602395  0.021527271614324345  0.5996293911591989  -5.030780500200501  -0.0  -0.0  -0.0  1.0
2318808362417;1.4050409535936035;1.1889622830197235;0.9305966589835268  0.21089452878805962  0.2991878273191617  -1.5500496810391953  0.04953688149470552  0.737272991166877  -0.6737763975293479  1.733348409085069  -0.36267886023378565  0.6418348963893343  0.6756567250582313  -2.5300441289442546  -0.0  -0.0  -0.0  1.0
2318808362448;2.5537408364538483;2.470690679458331;-0.027734347695486723  0.9960953044273873  -0.08381497751366361  1.4657040169011506  -0.9672497421744607  -0.005578491839169934  0.2537652787365492  21.73643636700013  0.25230684140812387  0.08810802986397102  0.9636276422208659  -3.0610080373762165  0.0  -0.0  -0.0  1.0
2318808362479;3.2775968567417544;2.726997559633272;0.8444097109572681  -0.25080483125900366  0.4733594581902903  0.9944849961061009  0.19401873856531662  0.9668236903607467  0.16615860147085593  0.07984232643759114  -0.49932851823882857  -0.04846533167502758  0.8650561499111152  9.167599406563102  0.0  -0.0  -0.0  1.0
2318808362510;1.7896114733317854;1.810202989066906;-0.9407159979907996  0.3346376672585843  0.05541698995710579  11.065669453715318  -0.33781304848098115  -0.9390284350007454  -0.06409323315325179  25.133932619669217  0.03059011932240834  -0.07901411210526822  0.9964040418866512  1.871014764169425  0.0  0.0  -0.0  1.0
2318808362541;4.507281674743628;6.385583424952877;0.8324406988888471  0.5077975396454507  0.22177497957045086  -13.432057946658443  -0.3484416687991213  0.7909061208713237  -0.5030466294616798  0.6206007371772488  -0.4308490295659601  0.3414808438233415  0.8353202661397423  2.531237505036601  -0.0  -0.0  -0.0  1.0
2318808362572;1.6524012560965744;0.5844213879691925;1.0  -0.0  0.0  0.15361748482844995  -0.0  1.0  -0.0  -0.9776308565019147  0.0  -0.0  1.0  0.8834571288957949  -0.0  0.0  -0.0  1.0
2318808362603;2.7922284303351215;3.8499183739273457;0.9020423860836305  -0.4186231254551691  0.10523408451018329  -1.0650003180980614  0.3316690108218697  0.5161687839947579  -0.7896616070759774  -2.1638010459061316  0.27625206056967594  0.7472111249596862  0.6044504394633926  8.652393910626921  -0.0  0.0  -0.0  1.0
2318808362634;4.154034979657225;2.7420366007701484;0.7510304331719364  -0.6160536338820192  0.237552538673731  5.5746381215595235  0.4412158087142506  0.7359192602775285  0.5135673787276636  -2.4886184427679643  -0.4912045384462618  -0.2808927954457595  0.8245103631104109  2.5488576099326834  0.0  -0.0  -0.0  1.0
2318808362665;2.2058351322628655;3.493438402455472;0.9250975904994215  0.12777757735860318  0.3575854286412301  -3.805670954315084  0.14441594776291072  0.7525363240853132  -0.6425209062465637  -0.5932315798664387  -0.351195788818583  0.64603558079763  0.6777164202375225  3.0079414539248135  -0.0  -0.0  -0.0  1.0
2318808362696;1.9478287065829136;2.286076603534277;1.0  -0.0  0.0  2.3966429654231316  -0.0  1.0  -0.0  -3.501481091518473  0.0  0.0  1.0  -0.5809341761990092  -0.0  0.0  -0.0  1.0
2318808362727;4.3430344902627;4.064989419266528;0.6409177930191291  0.753831238869302  0.14478551687327748  2.128146621578724  -0.6484306438459086  0.4307466532440938  0.6276902268162169  -6.803654568752772  0.41080662447564076  -0.496181200796427  0.7648804699187607  -2.4831903997551805  -0.0  0.0  -0.0  1.0
2318808362758;1.6605101549061114;1.3926339823017975;0.7487676947152966  -0.5585605028732673  -0.35687127088167425  0.6583127679030426  0.5028513699475954  0.8294596014488853  -0.24318155626215165  -2.032004443299818  0.4318419144693607  0.002633285821899329  0.9019454677047901  1.277256909689252  -0.0  0.0  -0.0  1.0
2318808362789;3.2529369529640206;3.3589915151550414;-0.14664859233394495  -0.966652627814823  0.20994496303834317  1.2005216871599855  -0.44659340129330755  0.2540776901111977  0.8579037599340835  5.523158510589056  -0.8826372552117611  0.032050343624640557  -0.46896082052320187  4.372375820173368  -0.0  -0.0  0.0  1.0
2318808362820;2.400344764826293;4.182953604100699;0.3965405634699345  0.10755081798165875  0.9116953455373256  -4.798745637966121  -0.1947197063450362  0.9803702178340038  -0.030959198067977693  2.8015204818077764  -0.8971286515789418  -0.165248472112711  0.4096988222835949  9.091570336816696  0.0  -0.0  -0.0  1.0
2318808362851;2.213741788563696;3.866819790136745;0.8366818063329542  -0.36371984057871126  0.40947702319034035  1.8727648649518496  0.14732215193059345  0.8695497457464059  0.47135912341112157  -8.092152737020566  -0.5275033066265694  -0.33405256658460103  0.7811204415813716  9.963752494515424  0.0  -0.0  -0.0  1.0
2318808362882;2.8118491113323465;3.7926786004677315;0.7944238632785973  -0.5822533270544953  -0.1728345700011395  1.3547563176243447  0.2736394565100913  0.5971672309569807  -0.7539978422462706  6.988590337151691  0.5422288938210227  0.551699520939742  0.633731382606614  -10.30140859405724  -0.0  0.0  -0.0  1.0
2318808362913;3.693761787700806;4.093846001736867;0.9937056087284354  0.02290491590822652  0.10965640888195603  0.1827068973720798  -0.03788094494267773  0.9899149283946037  0.13650446348657086  -4.95427917239776  -0.10542389288913342  -0.13979913937054042  0.9845516763681613  9.542554212163756  0.0  -0.0  -0.0  1.0
2318808362944;2.216755272952035;2.238446874606571;0.8778637456960323  -0.3446700771681863  -0.3325023035971488  -2.1633354601195474  -0.09228366475952961  0.5595333763429542  -0.8236541300672297  -1.8559960563554923  0.46993506914369  0.7537406308957563  0.45938664774434274  -0.5377837481714167  -0.0  0.0  -0.0  1.0
2318808362975;4.0877051608656085;3.6442007322585273;0.5076668934380272  -0.5345885231772463  -0.6756400196807127  12.729778815490166  -0.6358158666156591  0.29672774017428427  -0.7125242676364393  17.00001409636672  0.5813884321748776  0.7913076260837096  -0.18926101509555865  -8.76125354807458  -0.0  0.0  0.0  1.0
2318808363006;1.8159881834797982;3.241539321926887;0.20178965210823713  -0.6540906017789111  0.7290037180745631  6.449568747559621  -0.9152035639435903  -0.3910178386544814  -0.09750634030117769  13.154725458886688  0.34883143901745217  -0.647511030422247  -0.677529403520271  8.430360616588656  0.0  0.0  0.0  1.0
2318808363037;2.514235334584633;2.130376834612843;0.8688511476154795  -0.4642327399101496  0.17200478622055546  3.194061007155031  0.34620304387675677  0.8180909917517118  0.4592064694940264  -1.04899151831991  -0.3538942436628937  -0.33943348746141  0.8715180846615019  8.201582359306839  0.0  -0.0  -0.0  1.0
2318808363068;1.8909816795339536;3.061179826241415;0.7627927128442379  -0.6456616426296551  -0.035613487171358975  4.1227380012057075  0.020790884131225647  0.07953404392580947  -0.9966153094318024  -1.9061494258017424  0.6463087624106372  0.7594704596582963  0.07409186552953122  -1.093542415991391  -0.0  0.0  -0.0  1.0
2318808363099;3.0749693121327226;4.1955182812323955;0.843220951982233  0.5178844492397425  0.14413231203941057  -8.71276499899525  -0.3872790183978798  0.7711870285082261  -0.5052578836291701  2.1117104782707097  -0.3728181702210221  0.3702246133042772  0.8508468414801502  6.9081540445705105  -0.0  -0.0  -0.0  1.0
