# fast_global_benchmark.py --distance_metric=euclidean --decrease_mu=True --division_factor=1.4 --iteration_number=150 --maximum_correspondence_distance=0.05 --maximum_tuple_count=1000 --tuple_scale=0.95 --tuple_test=True --use_absolute_scale=False --input_txt=/neural_comparison/point_clouds_registration_benchmark//eth/wood_autumn_global.txt --input_pcd_dir=/neural_comparison/point_clouds_registration_benchmark//eth/wood_autumn/ --input_features_dir=/neural_comparison/experiments/3DFeatNet/feature_extraction_voxelgrid_0.1//eth/wood_autumn/ --output_dir=/neural_comparison/experiments/3DFeatNet/results_fgr_voxelgrid_0.1/
id;initial_error;final_error;transformation
26875431820030;2.0535532931381004;3.3065549236379352;0.8673085324432108  -0.300662304275243  0.39670907267052347  -1.3945763107257738  0.2788508263456818  0.9536485999053531  0.11312190126093753  3.1606698441378405  -0.412332543219106  0.012511062563194869  0.9109474996485822  6.9878601390303094  -0.0  -0.0  -0.0  1.0
26875431820061;1.6463845109934325;1.9255987391449618;0.375809024949863  -0.3025717246326558  0.8759097717339688  2.397019803097783  0.1031399437726543  0.9529795573172543  0.2849423017629779  -0.6538887115341826  -0.9209395901821166  -0.016742603985954355  0.38934554889835665  7.2373973057473515  0.0  -0.0  -0.0  1.0
26875431820092;3.1454983955145077;3.475180510036481;0.7043707182052371  0.3522677730667002  -0.6162542554771269  -5.124269102993372  0.23671761240256256  0.7018994450517625  0.6717901019027129  1.0752900938627787  0.6691985230957015  -0.6190675125498476  0.41100943005225044  2.5184239816556055  -0.0  -0.0  -0.0  1.0
26875431820123;5.022952331012622;5.150387227186285;-0.5913116548423866  0.41500960228788186  -0.6914604521275337  2.8040398848937342  -0.06924887265650342  0.8281229805058778  0.556252571044721  -6.567247261540972  0.803464448798677  0.376801485091173  -0.4609398229158798  1.5027870298197898  0.0  -0.0  0.0  1.0
26875431820154;4.9039779898946945;4.967517260294368;-0.9813410683438275  0.1833240133866913  -0.0579828741749878  17.25606584158622  0.19030712468886773  0.9691149201667111  -0.15684218119794202  -0.798333677111439  0.02743913035160037  -0.1649502277236029  -0.9859201369783863  8.694655251976133  0.0  0.0  0.0  1.0
26875431820185;2.518490360471434;5.953901651238977;0.47170984924397347  0.7592075854456445  -0.44843467788299024  13.180672558323742  0.2742900720388851  0.3569960835135096  0.8929270702229367  -5.744834847517043  0.8380064286788796  -0.5442036737819852  -0.039844534569508344  1.6599279716903557  -0.0  0.0  0.0  1.0
26875431820216;3.040176925026691;2.953377901005915;0.6044445098790983  0.10041632043241394  0.7902932348614858  1.3953348418745308  0.6693229332017995  0.47397779235437004  -0.5721467149648036  -3.8351282948333103  -0.4320343106364987  0.8747923267528647  0.21928232826005858  4.1187669863805985  -0.0  -0.0  -0.0  1.0
26875431820247;4.293952946805166;3.862208300795682;0.8584299649647922  0.4370691818931713  0.26845581664359597  0.33064072708566605  -0.4197943331576309  0.8993920547089369  -0.12192887178669655  3.5290743554291337  -0.2947383807706187  -0.008028833394135026  0.9555442557699994  -6.71938901897429  0.0  -0.0  -0.0  1.0
26875431820278;1.9928622542605958;2.5628927577574183;0.7753713290824172  0.3597225063653911  0.5190366272732254  -1.7040277526879177  -0.03816424257942295  0.8470931063573253  -0.5300724099123013  2.5671035014004606  -0.6303513247589028  0.3911943092327607  0.6705402447270411  4.6922638077585  -0.0  -0.0  -0.0  1.0
26875431820309;3.3178555720271428;2.7433608508177088;1.0  -0.0  0.0  4.247684641116657  -0.0  1.0  -0.0  -3.369586433555275  0.0  -0.0  1.0  0.1897463426998458  -0.0  0.0  -0.0  1.0
26875431820340;3.1987335091215683;2.9287918419653813;0.859784175957131  -0.3314658517313285  0.3884604998062717  -1.2627022358677127  -0.2507485245693984  0.38864789054133847  0.886610396174125  -4.289392187419918  -0.4448554239300479  -0.8596994860495084  0.2510387330397914  5.215830199304896  0.0  -0.0  -0.0  1.0
26875431820371;3.5265759616751016;5.162187663255057;0.7322520574349859  -0.19048551142081543  -0.6538518137322722  6.807913736021856  0.6562822888073202  -0.0591157342524017  0.7521960431706797  -2.7828705918898695  -0.18193537803312826  -0.979908465063217  0.08172464938678423  14.073201296694164  -0.0  0.0  -0.0  1.0
26875431820402;5.0883567835047625;5.7395114150324495;1.0  -0.0  0.0  2.0777575029341495  -0.0  1.0  -0.0  5.024698514331311  -0.0  0.0  1.0  -8.068642263879367  -0.0  0.0  -0.0  1.0
26875431820433;1.6687229373662258;1.7479652371365513;-0.7020570305629984  -0.6538071193993155  -0.2822271717248955  15.260056883434695  0.6863982078703589  -0.7268409781257673  -0.023657826390816462  13.10700449645275  -0.18966661822636335  -0.2103293682297999  0.9590558538430534  4.813476276569119  0.0  0.0  -0.0  1.0
26875431820464;4.58945846466715;4.011359949776167;1.0  -0.0  -0.0  -3.167676173707629  -0.0  1.0  0.0  2.7192957187822486  -0.0  -0.0  1.0  -7.379943943886262  -0.0  0.0  -0.0  1.0
26875431820495;2.035425071867048;3.5268951540015188;0.8423899991729673  0.34355979821502636  0.41514546166833893  -6.611728824483987  -0.530214728782475  0.6659592955841868  0.5247576183412108  9.32672250194813  -0.0961843577485146  -0.6621668080442144  0.7431579156875352  4.93882410894599  0.0  -0.0  -0.0  1.0
26875431820526;3.855140063669406;3.1187523168761753;0.9472063146311505  0.23413320108951544  0.2190475785541809  2.201384954832538  0.3132890587479612  -0.5305589566695903  -0.7876275510458559  -7.645247994271832  -0.0681921050539556  0.8146709996343626  -0.575900164232532  4.236553616412733  -0.0  -0.0  0.0  1.0
26875431820557;2.7573624115491;2.2128940285011183;0.8904976007630127  -0.4141362591463993  -0.18842818763536173  1.2990619379250499  0.3630715318195611  0.8963921909393534  -0.2542835087164377  0.9715564852834602  0.2742135770116376  0.15802594370283438  0.9485961813644999  0.951770703701143  -0.0  0.0  -0.0  1.0
26875431820588;1.5947841889661274;2.8427363580984273;1.0  -0.0  0.0  -2.3011165188587386  -0.0  1.0  -0.0  -2.8481440851653703  0.0  -0.0  1.0  3.8590294735399073  -0.0  0.0  -0.0  1.0
26875431820619;3.5884439472599823;3.851347338457433;0.9884636951106496  -0.1262358742340151  0.0836900681358054  8.367200164574607  0.14787219602302626  0.9238757564469829  -0.3529694041880178  -0.7945425429818086  -0.032761823690532585  0.36127287568525035  0.9318844199806007  0.9731384366176049  -0.0  -0.0  -0.0  1.0
26875431820650;3.205971749881819;5.732288128502773;0.9435977131753404  0.1166265457271294  0.30987352988279704  -3.6628844489192516  -0.08195965985977531  0.9890570054618351  -0.12267377104555323  -2.4534689412221358  -0.3207896037061313  0.09035756071643747  0.9428306005722547  12.554864931275066  -0.0  -0.0  -0.0  1.0
26875431820681;1.5831696178308692;3.3445030471588284;0.4252715389061431  0.08653504021003156  0.9009194220418657  -2.9370309071308482  0.7446436618655352  0.5323442763774022  -0.4026355526424681  3.341917538363223  -0.5144413815391281  0.8420933785656248  0.16195310042121427  3.425283225779356  -0.0  -0.0  -0.0  1.0
26875431820712;2.1253878571825364;1.192987408753617;0.7269906154916943  -0.47962091780357435  0.4913740125324732  3.7521507201879016  0.6607803065441434  0.6832387547458965  -0.3107317017890289  -1.5686579155861875  -0.18669234443445865  0.5505893017654216  0.8136322199317272  0.8008032408702785  -0.0  -0.0  -0.0  1.0
26875431820743;1.5610088030304428;1.784872282512505;0.7546993567358324  0.29630724966675337  0.5853468157745828  1.5110416349359954  -0.18067491203055205  0.9515687209227532  -0.24874393565308422  3.98236848760621  -0.6307023522274761  0.0819694037818854  0.7716835878378987  1.2560229502236577  -0.0  -0.0  -0.0  1.0
26875431820774;3.330059369423353;6.185311610970695;0.3990678814816922  0.7453602349466919  -0.5340252298627154  10.415709484990892  -0.7654300572598437  0.5914672347430363  0.2535415896231189  4.885323958360689  0.504838244800161  0.30757865723362093  0.806556703649195  4.032556419691126  -0.0  -0.0  -0.0  1.0
26875431820805;4.120916915159846;4.226695065796059;0.9935703181821217  0.0875243931668767  -0.07181576030543771  -6.809716402746754  -0.06659094243404265  0.9647727675153196  0.2545174914354188  5.424164575360263  0.09156237880933464  -0.24809874578804858  0.9643979174205917  -0.14629007652522924  -0.0  -0.0  -0.0  1.0
26875431820836;1.4675689642071519;3.169284738694583;0.5435567563979027  -0.595474077135991  0.5915713617419531  12.582817413695704  -0.011763611695559954  0.6993046652195724  0.7147269427145022  1.9743695009601807  -0.8392899796935906  -0.39545367448183094  0.37310684974247244  14.955116477459434  0.0  -0.0  -0.0  1.0
26875431820867;3.4095493357026116;4.144807793202605;0.9710736120069802  0.23729093974764923  0.026627992365085996  -8.771854523964967  -0.22942091882584892  0.8962752587862589  0.3795480239610389  1.4480369060893707  0.06619729653710225  -0.3746780890328435  0.9247887583280168  -2.1540849722828574  -0.0  0.0  -0.0  1.0
26875431820898;2.851643886467438;2.1641920005730966;1.0  -0.0  -0.0  -3.1373196515920436  -0.0  1.0  0.0  1.1842105746677087  -0.0  -0.0  1.0  -1.0350604376921506  -0.0  0.0  -0.0  1.0
26875431820929;4.31324373702403;4.021364158841351;0.9193183426108009  0.31328162518291414  -0.2381352730321148  4.0898199918310105  -0.3687060375451619  0.8972071366649887  -0.24305392775093682  0.694377373683179  0.1375123369631749  0.31124584694444324  0.9403278045143426  6.414958203094492  -0.0  0.0  -0.0  1.0
26875431820960;2.9706078354575314;4.201309271780788;0.7960666753370351  -0.5585948427640207  0.23291554275160775  1.6607393712317498  0.38704476659283105  0.17402761081471654  -0.9054892265108526  13.842645524418106  0.46526787668067016  0.8109785399821364  0.35473879209567855  -8.594241354408416  -0.0  0.0  -0.0  1.0
26875431820991;2.9933660743599426;2.1187284874353707;0.7852620778740569  0.5287796435997312  0.3221110950704111  -1.4542094952960598  -0.4018293158845275  0.8310264667904905  -0.3846143684126819  4.511177681507586  -0.47105909390297307  0.17258939714900157  0.8650527325215815  4.893615472867367  -0.0  -0.0  -0.0  1.0
26875431821022;1.656409031130035;1.9972625385269827;0.7001484225443356  0.7052906829733353  0.11116311852267172  -0.7009032459976691  -0.7084935135109812  0.70557349077062  -0.014247471166077504  8.298728344188593  -0.08848235825035518  -0.06878300395279022  0.993700040578486  2.1802047201629304  0.0  -0.0  -0.0  1.0
26875431821053;1.9984878364331908;2.0051639416615914;-0.7083904676598151  -0.7055211741198687  -0.020562543549589637  17.616270434970232  0.7057706208566931  -0.7076922494744029  -0.032550127026142746  12.394947920247429  0.008412851137710588  -0.03757063883382233  0.9992585606505215  0.8045380888850486  -0.0  0.0  -0.0  1.0
26875431821084;2.6465098846802793;1.5032842435936342;0.38567937499913524  0.4941928828084568  0.7791179719925242  2.04013527893776  -0.5760444596219277  0.788618819191589  -0.2150654285461669  3.0901060353816923  -0.7207108992093558  -0.3658602910925579  0.5888310854247677  1.9508970204590288  0.0  -0.0  -0.0  1.0
26875431821115;1.5027097041887814;3.653691893185467;0.9337233326448972  0.0947257469260613  0.34523581932326525  0.3338315345566317  -0.1740760406347842  0.9628092353514087  0.2066298826379048  -0.6509115211547059  -0.31282306524842923  -0.2530324271537882  0.9154869309046637  10.22064193944256  0.0  -0.0  -0.0  1.0
26875431821146;3.393986024931288;2.1111110507376956;1.0  -0.0  -0.0  -1.8712546287695804  -0.0  1.0  0.0  2.8676370402505245  -0.0  -0.0  1.0  -1.0405991515031126  -0.0  0.0  -0.0  1.0
26875431821177;4.551379335696718;6.167491378545623;0.5160214468417832  0.7127994237815138  -0.47501457646692924  3.3120902579244293  -0.3450390009336358  0.680541021037953  0.6463837919683169  -5.884165201734571  0.7840088993334395  -0.16964934465350553  0.5971173633588344  7.3252236286757775  -0.0  -0.0  -0.0  1.0
26875431821208;2.543233512385254;3.0869497509112267;0.7638109271009776  -0.21977484291598104  0.6068705678004159  1.2833442074363512  0.45898962453380987  0.8460012509267171  -0.27131238084676196  -0.7654298248311504  -0.4537856236280015  0.4857786552038729  0.7470593724309088  6.639987841429705  -0.0  -0.0  -0.0  1.0
26875431821239;2.014421766667579;3.2070096522624802;0.6304609470407977  -0.44452086286612946  -0.6363334006110098  -0.14131464580916947  0.44280596523824556  0.8792719323376523  -0.17550996026618304  -1.8743007057936907  0.6375279377453557  -0.17112004990638244  0.7511831049179636  2.7628971863568617  -0.0  0.0  -0.0  1.0
26875431821270;2.8934216940175648;2.7190432383671848;0.9647716221120557  0.18797920624924966  -0.1840639431968551  -1.5827825271868274  -0.152516573050138  0.9696887146151876  0.19089916629725392  1.7996467351727812  0.21436980223976274  -0.15610129648996096  0.964198098484869  4.103457887976119  -0.0  -0.0  -0.0  1.0
26875431821301;2.825654895817324;5.543928171087054;0.718272002615655  -0.3836073386045215  -0.5804573541848291  -3.123394289755059  0.18172262078583076  0.908750449495358  -0.3756986952821565  -0.9113416858643815  0.6716116581427296  0.16437162258352744  0.7224401361607977  9.424855568531406  -0.0  0.0  -0.0  1.0
26875431821332;1.854867411473609;2.8877870639755003;0.06258410769167201  -0.04473004635539131  0.9970368360384088  5.829629083435563  0.7800435002148941  0.6253759088829326  -0.02090718444323958  -4.52771905236537  -0.6225876381979765  0.7790405609093086  0.0740299751531405  3.808649420565106  -0.0  -0.0  -0.0  1.0
26875431821363;4.467403769838114;5.9104694123427075;0.770521753566039  -0.5813758600446756  0.2613395045507471  6.5854934227644515  0.4097024537981939  0.7658067243233615  0.49566516957807527  4.304139196334708  -0.4883033141739417  -0.2748493593560611  0.8282618565576397  11.364142975236659  0.0  -0.0  -0.0  1.0
26875431821394;5.784727726475907;4.727989962015638;0.7823453565761481  0.017128688006186322  -0.6226093085482461  5.474922095140903  -0.4683861058327549  0.6750809914119121  -0.5699825531515309  12.95036946743497  0.4105486559551321  0.7375447532736559  0.5361693184171732  -9.708967869436728  -0.0  0.0  -0.0  1.0
26875431821425;1.4999174095934682;2.0076154543415776;0.9070016395864227  0.3832314043375691  -0.17459013865907744  -7.445961922879289  -0.27246760371330797  0.8501333277468724  0.45059375270941765  3.75313787105788  0.3211065722065948  -0.36111911578242845  0.8754904645410184  3.68309176673884  -0.0  -0.0  -0.0  1.0
26875431821456;2.5138223759986826;3.778194352647431;0.88198482082113  -0.11030243273491223  0.45818789723636205  -5.3887584154166825  0.31500144564783017  0.8611202205677984  -0.39905645586689026  0.34018834169021256  -0.3505379652489815  0.49629158673306795  0.7942403892129107  0.4881717910581944  -0.0  -0.0  -0.0  1.0
26875431821487;2.043897772459037;1.3633593843294944;0.3546160599987272  0.34474138230908324  0.869137980596063  2.760490919445685  0.1015596432941089  0.9098460945774224  -0.4023253944709257  -1.0780288465970562  -0.9294800099221892  0.23094038950741136  0.28763422544824624  6.539671544445864  -0.0  -0.0  -0.0  1.0
26875431821518;1.5491762003112224;2.017920870222907;1.0  -0.0  0.0  -2.2990461288563493  -0.0  1.0  -0.0  -1.0164289133578972  0.0  -0.0  1.0  3.140259238247462  -0.0  0.0  -0.0  1.0
26875431821549;1.5883996969544905;2.607661910224746;-0.5958067990090734  -0.6858586164767891  -0.4178662662373052  6.214820800133098  -0.746388539763067  0.6649547914477011  -0.02718957596397611  0.7055145139172349  0.2965103808721015  0.29569085805159806  -0.9081015970142287  -3.6132706019155685  -0.0  0.0  0.0  1.0
26875431821580;4.425160905918537;4.97991555128271;0.9849900407190508  0.1707305412638083  -0.025410666344070763  -7.296544930623993  -0.13967820464458072  0.7018855576514578  -0.6984602086787546  6.379081400322151  -0.10141310976175301  0.6915256656408854  0.7151976194929491  -3.862255968158947  -0.0  -0.0  -0.0  1.0
26875431821611;3.353273937562721;4.285727680236092;0.9173384600806678  -0.012469764397655781  0.39791287316785373  -2.544709619998916  0.14178183939549002  0.9442075866261226  -0.2972708249648879  -5.586966671088688  -0.37200545651167705  0.3291147798770818  0.8679259196452189  4.31967619120467  -0.0  -0.0  -0.0  1.0
26875431821642;1.3671223414634766;1.3087714508920447;0.7286797426959855  0.2941553560940864  -0.6184645980698276  1.6357773727349352  -0.547712692676595  0.7924413085229939  -0.26841680056829953  2.4044691823977926  0.4111406558167971  0.5343307955073617  0.7385485509477392  0.807664977410136  -0.0  0.0  -0.0  1.0
26875431821673;4.231146946497155;3.949623527506008;0.6875082714309961  -0.6230083812746726  -0.3730856920004778  6.862121136058937  0.7136816115754784  0.6745814445060075  0.1886754674758109  3.305351777290481  0.13413028745585925  -0.39598034242838415  0.9084099484248882  10.246000533458433  -0.0  -0.0  -0.0  1.0
26875431821704;5.916097515817769;5.914319234874597;1.0  -0.0  0.0  -1.80514115139862  -0.0  1.0  -0.0  -5.5595663470912156  0.0  -0.0  1.0  -8.145841442183231  -0.0  0.0  -0.0  1.0
26875431821735;2.456523073906335;1.6516280432228763;0.8110417786600326  -0.48716203078502607  0.3238585941879278  -1.2243094358323685  0.5786261179893243  0.5866409989662644  -0.5666075837053969  -3.589316460029538  0.08604097191790176  0.6469354636231284  0.757675033941432  -0.3092251934022044  -0.0  0.0  -0.0  1.0
26875431821766;3.6833967010897686;1.486696764737297;0.9155435657278218  0.38790677334548157  -0.10634055880558425  0.05530737806757805  0.31877289979520884  -0.5385538522259308  0.7799638367313989  -1.2864995329255855  0.24528313764003135  -0.7479893605161161  -0.6167236811929238  1.3371045171129479  -0.0  0.0  -0.0  1.0
26875431821797;3.7834060321852396;7.983403515901751;0.7501904837768558  0.48414858526775517  -0.4503491816733724  -14.566836791493028  -0.6500859151428  0.4155696111081117  -0.6361526556231619  9.403463076499326  -0.12084097394342044  0.7700013283798178  0.6264945437190349  4.265765321384045  -0.0  -0.0  -0.0  1.0
26875431821828;3.309200691813214;3.470560569064099;0.345234029963717  0.9383430814093674  0.018047884257841578  -2.0950046446609147  -0.8873961604348117  0.32010888664250475  0.33175044105177726  16.741696623444295  0.30551844297941094  -0.1305471649009262  0.9431945285760333  1.8302893954603825  -0.0  0.0  -0.0  1.0
26875431821859;1.3587079118313974;3.1701998527487354;0.9655819032086054  -0.23261838780539618  0.11636268238084232  -4.5136628274608555  0.20586201765220297  0.4100506156700083  -0.8885264893500991  -2.535106803266215  0.15897300992373026  0.8818997552122714  0.4438247445471295  3.6544644577819825  -0.0  0.0  -0.0  1.0
26875431821890;5.99180136419761;6.011550827394642;-0.35338548591076707  -0.9352184519776948  0.022026017071960873  6.126214175482413  0.9354465879946815  -0.35308342526935854  0.016485624318351735  -10.073428186086435  -0.007640638502085524  0.02642994287736149  0.999621467738053  6.211925932060722  -0.0  -0.0  -0.0  1.0
26875431821921;1.334025833505696;1.1276951911207236;0.8644627282264336  0.29858719966521663  0.40441300140252184  0.871849103721836  -0.20826268575460324  0.9449232397505255  -0.25248113731851846  0.844581732985126  -0.45752687924272917  0.13403639496591033  0.8790354939335222  2.063092001016932  -0.0  -0.0  -0.0  1.0
26875431821952;1.5331962113685564;3.415935723151953;-0.5660016445663991  0.18132931223991658  0.8042150327311287  4.251971424091107  -0.5133223647775451  0.6858140926734131  -0.5159061737464782  3.0666167877247172  -0.6450909146525942  -0.7048253051736638  -0.29509151295748515  7.390028631242027  0.0  0.0  -0.0  1.0
26875431821983;5.104278779962253;5.325995805309313;0.03395092285626752  0.8168065030845736  0.5759118607529781  -9.60480233051697  0.237074048210246  0.5532150559456569  -0.7985918842188737  -2.6849639015463316  -0.9708981566067663  0.16364668769576024  -0.1748614626033781  0.3350478513904369  -0.0  -0.0  0.0  1.0
26875431822014;4.051816939242429;4.424361684250594;0.962623566566096  0.10069475678709658  0.25142878722842615  1.4262010072836757  0.06840470206294491  0.8078354040051228  -0.5854252785553072  -5.964043227204232  -0.2620623319503389  0.5807430808812675  0.7707534029644524  5.900169803462649  -0.0  -0.0  -0.0  1.0
26875431822045;4.351333545702148;4.226481625493701;0.8632963980268661  0.11676667422487329  -0.4910039439192919  -1.1591496482395491  -0.3768321037894516  0.7962987576278158  -0.47318691249231765  11.911588681772077  0.33573336847482677  0.5935266063040977  0.7314432807140184  -6.500319093270186  -0.0  0.0  -0.0  1.0
26875431822076;1.1412009696094776;4.17158734219814;0.22596751726485043  0.11425068503474023  -0.9674117334983354  12.082137296298757  0.00528344366913441  0.9929400358105542  0.11849966458825825  -3.5542479369464814  0.9741205091589829  -0.0318883404025241  0.22376855762644132  -4.924736686478143  -0.0  -0.0  -0.0  1.0
26875431822107;1.4325003679545003;2.334832069825755;0.8391909422061212  -0.15051115798160422  0.5225944449018187  3.031748818049846  0.14979210564056658  0.9877407380451072  0.04393813257150342  -0.4795312467883124  -0.5228010019184803  0.04140803942644912  0.8514484638919078  3.534914943347391  -0.0  -0.0  -0.0  1.0
26875431822138;4.104686773760169;5.413877859227328;0.8265011684868853  -0.19848067086695637  0.5267838662886489  -7.35763945080893  0.38920633081734235  0.8775635547023045  -0.2800011419797357  -6.012874026331165  -0.40671150775643955  0.4364488867558928  0.8025572370292521  1.1578554076679703  -0.0  -0.0  -0.0  1.0
26875431822169;2.4370489578780687;1.085898612148846;0.8468347048430563  -0.4568717120366781  0.27228518397821283  3.628831081743788  0.5105397706599777  0.841773004425538  -0.17540624730852972  -0.40524602170323265  -0.14906416486812463  0.28755251304949464  0.9460937728317907  -0.5105533175181944  -0.0  -0.0  -0.0  1.0
26875431822200;3.7431807365241796;5.581718519605367;0.32895251221349997  0.45549885224526204  0.8272309473851154  -3.1757208864365993  -0.6944744188313802  0.7102775480326342  -0.1149394899482478  0.13458270613222933  -0.6399183747144954  -0.5366810974535964  0.5499798844855701  12.99593492169909  0.0  -0.0  -0.0  1.0
26875431822231;2.9987588218906187;4.866567394778859;-0.4907599449843164  -0.6300232995829397  -0.601851575042897  1.626092595434802  -0.838700155690221  0.5287549067164898  0.13038518883843578  7.955516183113589  0.23608626653024384  0.5687608377920028  -0.7878923683790507  -2.7084938294332646  0.0  -0.0  0.0  1.0
26875431822262;1.4232017099761387;2.7212692827643568;0.8916367927057387  0.43298463246021407  0.13231832052560055  -2.0178995129561628  -0.43345545014414  0.731955407669943  0.5256973025640024  -2.363950034447599  0.13076774309348227  -0.5260851539779656  0.8403179208669868  3.081822255729068  -0.0  0.0  -0.0  1.0
26875431822293;1.6014741833671042;2.119813051049443;0.818735720073269  -0.3239601140487021  -0.4740481675754665  6.401682907843376  0.412454838588672  0.9062123775954942  0.09305983460930659  0.290533252167083  0.39944064239996746  -0.2717148711393447  0.8755673600590823  4.641832111948294  -0.0  -0.0  -0.0  1.0
26875431822324;2.782792515369427;6.02280454107987;0.7544032372437943  -0.06493234962497496  -0.6531918137945898  -6.250949300436952  -0.33147335916705273  0.8212144034089316  -0.4644699299160538  2.662064198062625  0.5665696495565177  0.5669133034299813  0.5980034603541272  5.158660765467381  -0.0  0.0  -0.0  1.0
26875431822355;3.517315059062168;2.529281274206132;0.8811768122656916  -0.1277551520548752  -0.45519890888347714  2.5134497241858766  -0.2709203938541785  0.6526048106242099  -0.7076080139060301  -0.7793600148526607  0.38746556714006175  0.7468504417040778  0.5404487505834901  3.603684143341858  -0.0  0.0  -0.0  1.0
26875431822386;2.6396216123483303;2.5536989499701233;0.925159610876005  -0.26065908130833587  0.2759285011289219  -0.49150357397408456  0.2708105297205233  0.9626317067102562  0.0013617006234216127  -2.629315471748994  -0.26597246360525534  0.07346455313681914  0.9611771990825408  -2.6996752536624884  -0.0  -0.0  -0.0  1.0
26875431822417;3.186775984733459;3.1737469020687783;0.6796915981142495  -0.722071979453545  -0.12896273857566812  14.731886653429102  0.7322812495985463  0.6781166544155619  0.06262566958235237  -4.333021344027789  0.042231539627267715  -0.1370031367972448  0.9896699639619396  -0.22561505210662436  -0.0  -0.0  -0.0  1.0
26875431822448;3.9599817839126596;4.948440640020172;0.2825637103311185  -0.10376962420372955  -0.9536192189215401  6.000493898851112  -0.3418880945936027  0.917951135253861  -0.20119205764965806  5.682071744995209  0.8962534688240092  0.3828806320235645  0.22390207958428648  3.1743320777585793  -0.0  0.0  -0.0  1.0
26875431822479;2.9073535472467738;1.735823920327236;0.9968135988629713  -0.07972959242594714  -0.00241686024468447  2.976228149286149  0.07750944864387828  0.9753230539467715  -0.2067298377372405  0.8692110886734767  0.018839705219880536  0.20588378404220226  0.9783950802082416  -2.9691524495693353  -0.0  0.0  -0.0  1.0
26875431822510;3.7711636163769215;3.7617650575894155;-0.9944329447087727  0.10479272123854895  -0.011027422784048259  7.404731155318546  -0.10473044269163721  -0.9944820433600677  -0.006082746747762082  -3.16394446219881  -0.011604001527578603  -0.004893976890373598  0.9999206949247245  -6.630578502596481  0.0  -0.0  -0.0  1.0
26875431822541;2.7225886157360173;3.172306707855084;0.6589013105981819  0.0863991697354186  -0.747251126704423  8.04828853549995  -0.47736490039812657  0.8157523247265368  -0.3266051079991524  4.713314312538276  0.5813534336011835  0.571911993380347  0.5787442069410561  -3.2758691474526196  -0.0  0.0  -0.0  1.0
26875431822572;6.3174187801669905;6.347219525520035;0.5698424414206116  -0.8091564399503289  0.14333683281943826  1.2646205969520958  0.7875844270250086  0.5875509254273914  0.18572743560687205  -2.7870659553392794  -0.23450023936765307  0.007054482002667708  0.9720904649363603  -9.056569659089517  -0.0  -0.0  -0.0  1.0
26875431822603;4.291318477345014;7.994512093103004;0.8664489213398265  0.25404865315677116  0.42979710159362505  -2.6269917483366774  -0.11332830561893346  0.9384646190852448  -0.32625274538420235  9.6508941768951  -0.48623344378455857  0.23397316203876528  0.8419225603290308  10.90161234593112  -0.0  -0.0  -0.0  1.0
26875431822634;2.1517287473981175;2.851255283499965;0.6790173731458238  0.39076505939838985  -0.6214805510388225  3.470348053355587  -0.19593498931829925  0.912319270168182  0.3595594933257033  3.36057723181593  0.7074919695141305  -0.12237735751833971  0.6960451820391012  1.6947932959761252  -0.0  -0.0  -0.0  1.0
26875431822665;1.5906219386342715;1.5319228521327126;0.15870059103696296  0.24378050305388457  0.956757643677497  1.2261766964881036  -0.5981363706308337  0.7947117922995968  -0.10327656708341926  2.361555022003959  -0.7855233952805571  -0.555881492326159  0.2719352164692002  3.448515171013035  0.0  -0.0  -0.0  1.0
26875431822696;2.534146944068928;3.0924052003095803;0.7753085576981021  -0.3369644088083393  -0.5341831404645181  2.589112290065361  -0.05306356292955224  0.8080414196504243  -0.5867310477710788  5.908837247831376  0.6293495838159505  0.4832432630940386  0.6086008955176755  1.8132933464924155  -0.0  0.0  -0.0  1.0
26875431822727;3.2280913866871095;1.6722996602221194;0.5433671513535677  0.38235687046373423  -0.7473656149697332  3.352712256538118  -0.5380269003791692  0.8419968758352053  0.039601963993447585  2.1103758606624483  0.6444215959279236  0.38058439890901075  0.6632317257254609  -0.9802825750703079  -0.0  -0.0  -0.0  1.0
26875431822758;5.123607463454776;3.681759381586708;0.6601657497676053  -0.7510508242867511  -0.01019029793316866  10.218443777423522  0.6675959375117223  0.5804841934258375  0.4662121463460604  6.7590726834576165  -0.34423370992920005  -0.31458029264552806  0.8846142619398761  6.483298646189737  -0.0  0.0  -0.0  1.0
26875431822789;3.4449919855173357;2.0369115516570013;0.5541243932208787  -0.46135027305858683  -0.6928939907275569  5.809264683114705  0.2099971865450618  0.8829232638211161  -0.41993772377178146  -2.8000344546790252  0.8055106073049266  0.08719194774882713  0.586131577179574  -1.8332814749854558  -0.0  0.0  -0.0  1.0
26875431822820;3.2885712155089486;3.1427824756065204;0.9496514147396189  0.2981847367548437  -0.09616679910179209  3.8328386258612723  -0.21894588309203328  0.4120465446180112  -0.8844661357821494  1.784045319366209  -0.2241091045899059  0.8609898418882778  0.45658690454842055  -1.451044501631596  -0.0  -0.0  -0.0  1.0
26875431822851;5.9287144767363475;4.9621342838088935;0.7270061292226019  -0.01576546971824879  -0.6864499530463483  7.608513908103323  0.4363353555719254  0.7825272752794569  0.4441424556621773  2.55342281521465  0.5301636969377395  -0.6224166718591905  0.5757811572472982  0.8377461521950057  -0.0  -0.0  -0.0  1.0
26875431822882;5.41078833518639;4.523082612395797;0.6475736411691095  -0.5770549749438464  0.49765041460400516  -4.897673171464117  -0.1588761657615856  0.5364818260493783  0.828821822994317  4.385760752104683  -0.7452561594618848  -0.6157879555587961  0.2557312076631222  1.182857670663989  0.0  -0.0  -0.0  1.0
26875431822913;4.777035883166865;6.209213071540416;0.17117019645342604  -0.8257312260128277  -0.5374650744313038  2.8941544682044174  0.9067915076611116  0.3453520283852587  -0.24178738206092598  5.289358290572463  0.385266045064685  -0.4459819714714259  0.8078800379033237  2.7485167047923826  -0.0  0.0  -0.0  1.0
26875431822944;2.976285503595206;3.5484155559639685;0.6475780475590447  0.7607613400169206  0.04341492664137422  -5.615825509763755  -0.08522539518963862  0.0156928198426699  0.9962381077935909  5.313667021507721  0.757218135238708  -0.6488419830290304  0.07499851148235374  8.23641405274184  -0.0  0.0  -0.0  1.0
26875431822975;3.393796302193077;3.729592537189803;0.9707539136114236  0.10538885059838356  -0.21570820424280412  -0.9802849917139129  -0.16565451100528147  0.9443752475963095  -0.2841020498183924  1.2746877022129544  0.17376830030734797  0.31152621381990064  0.9342141060331581  5.6893282909163325  -0.0  0.0  -0.0  1.0
26875431823006;5.039958847236191;7.062242161693124;1.0  -0.0  -0.0  -3.644504089095702  -0.0  1.0  0.0  10.18784194439577  -0.0  -0.0  1.0  -2.7324450269743012  -0.0  0.0  -0.0  1.0
26875431823037;5.369728603719778;1.3969452818186914;1.0  -0.0  -0.0  -0.07859158622676876  -0.0  1.0  0.0  0.4960839251890028  -0.0  -0.0  1.0  -2.258120053724383  -0.0  0.0  -0.0  1.0
26875431823068;4.204830814786546;3.2714692876843694;0.8348388195426397  0.5500001938042693  -0.02332235408172654  1.5298438822442892  -0.3257238223925189  0.4593708707622297  -0.8263669854375589  8.843162781450841  -0.4437883920413585  0.6974798849503914  0.5626488009219685  -2.262173802579237  -0.0  -0.0  -0.0  1.0
26875431823099;2.356510122240444;4.201148394802053;0.8005986034924075  0.4185828475610384  0.42875433037311644  -7.064661593128516  -0.5026387344974882  0.8586620258391517  0.10026877861312082  6.385738879553735  -0.3261842710321419  -0.29578357816061535  0.8978395715392216  10.186192314293958  0.0  -0.0  -0.0  1.0
